1   1    9.981e-01   1
1   2    9.981e-01   1
1   3    9.787e-01   1
1   4    9.913e-03   0
2   1    1.000e+00   1
2   2    1.000e+00   1
2   3    5.169e-02   1
2   4    2.426e-04   0
3   1    9.999e-01   1
3   2    9.999e-01   1
3   3    9.951e-01   1
3   4    7.564e-02   1
3   5    5.943e-04   1
4   1    9.981e-01   1
4   2    4.738e-01   1
4   3    7.944e-03   0
5   1    1.000e+00   1
5   2    9.978e-01   1
5   3    3.531e-02   1
5   4    2.307e-04   0
6   1    9.999e-01   1
6   2    9.997e-01   1
6   3    9.762e-01   1
6   4    2.274e-01   1
6   5    3.675e-04   0
7   1    9.441e-01   1
7   2    5.240e-01   1
7   3    2.848e-01   1
7   4    5.962e-02   1
7   5    1.591e-02   1
8   1    9.991e-01   1
8   2    9.905e-01   1
8   3    3.285e-01   0
8   4    4.556e-03   0
9   1    9.887e-01   1
9   2    1.439e-02   1
10   1    9.991e-01   1
10   2    1.803e-01   0
10   3    3.872e-03   1
11   1    9.991e-01   1
11   2    9.982e-01   1
11   3    9.215e-01   1
11   4    4.450e-03   0
12   1    9.994e-01   1
12   2    9.994e-01   1
12   3    1.669e-01   1
12   4    2.977e-03   0
13   1    9.972e-01   1
13   2    9.972e-01   1
13   3    9.599e-01   1
13   4    3.616e-01   1
13   5    1.713e-02   1
14   1    9.999e-01   1
14   2    9.999e-01   1
14   3    9.998e-01   1
14   4    9.846e-01   1
14   5    9.512e-02   1
14   6    1.057e-03   1
15   1    9.698e-01   1
15   2    9.537e-01   1
15   3    3.963e-02   0
15   4    3.033e-03   1
16   1    9.133e-01   1
16   2    8.042e-02   1
16   3    5.728e-03   1
17   1    9.971e-01   1
17   2    9.971e-01   1
17   3    1.219e-02   0
18   1    9.997e-01   1
18   2    9.997e-01   1
18   3    7.301e-01   1
18   4    3.173e-01   1
18   5    1.844e-03   0
19   1    9.870e-01   1
19   2    1.955e-02   0
20   1    9.454e-01   1
20   2    8.300e-01   1
20   3    4.363e-01   1
20   4    1.498e-01   0
20   5    2.668e-03   1
21   1    9.996e-01   1
21   2    9.995e-01   1
21   3    9.362e-02   1
21   4    2.320e-03   0
22   1    9.991e-01   1
22   2    9.991e-01   1
22   3    3.547e-01   1
22   4    4.463e-03   1
23   1    1.000e+00   1
23   2    1.000e+00   1
23   3    7.854e-01   1
23   4    9.295e-02   1
23   5    2.909e-04   0
24   1    9.999e-01   1
24   2    9.999e-01   1
24   3    9.999e-01   1
24   4    9.998e-01   1
24   5    9.952e-01   1
24   6    7.323e-04   0
25   1    9.993e-01   1
25   2    9.993e-01   1
25   3    9.987e-01   1
25   4    9.123e-01   1
25   5    6.961e-01   1
25   6    4.730e-03   1
26   1    9.999e-01   1
26   2    9.999e-01   1
26   3    9.946e-01   1
26   4    8.041e-01   1
26   5    8.885e-04   0
27   1    9.997e-01   1
27   2    9.997e-01   1
27   3    9.997e-01   1
27   4    1.289e-01   1
27   5    1.717e-03   1
28   1    9.972e-01   1
28   2    7.309e-03   0
29   1    9.996e-01   1
29   2    9.996e-01   1
29   3    9.889e-01   1
29   4    9.516e-01   1
29   5    1.138e-01   0
29   6    2.931e-03   1
30   1    4.450e-01   0
30   2    1.226e-02   0
31   1    9.990e-01   1
31   2    9.990e-01   1
31   3    9.990e-01   1
31   4    9.960e-01   1
31   5    6.168e-03   0
32   1    9.979e-01   1
32   2    9.979e-01   1
32   3    9.911e-01   1
32   4    1.079e-02   0
33   1    6.704e-02   0
33   2    5.678e-03   0
34   1    9.973e-01   1
34   2    9.233e-01   1
34   3    7.588e-01   1
34   4    1.413e-02   1
35   1    3.133e-02   0
35   2    3.077e-02   0
36   1    1.000e+00   1
36   2    1.000e+00   1
36   3    9.998e-01   1
36   4    7.418e-01   1
36   5    5.489e-02   1
36   6    1.350e-04   0
37   1    1.000e+00   1
37   2    1.000e+00   1
37   3    9.949e-01   1
37   4    9.620e-02   1
37   5    2.970e-02   1
37   6    2.090e-04   1
38   1    9.984e-01   1
38   2    9.976e-01   1
38   3    6.579e-03   0
39   1    9.998e-01   1
39   2    2.881e-02   0
39   3    4.990e-04   0
40   1    9.993e-01   1
40   2    1.234e-01   1
40   3    2.878e-03   1
41   1    9.998e-01   1
41   2    9.998e-01   1
41   3    9.998e-01   1
41   4    9.861e-01   1
41   5    7.499e-01   1
41   6    1.429e-03   0
42   1    9.999e-01   1
42   2    9.999e-01   1
42   3    1.206e-01   1
42   4    3.651e-04   0
43   1    9.995e-01   1
43   2    9.995e-01   1
43   3    9.995e-01   1
43   4    6.338e-01   1
43   5    8.802e-02   1
43   6    3.593e-03   1
44   1    9.977e-01   1
44   2    2.807e-01   1
44   3    5.539e-03   0
45   1    9.995e-01   1
45   2    9.995e-01   1
45   3    9.994e-01   1
45   4    6.915e-01   1
45   5    1.780e-01   1
45   6    3.942e-03   1
46   1    9.997e-01   1
46   2    2.818e-02   0
46   3    1.467e-03   0
47   1    9.998e-01   1
47   2    9.998e-01   1
47   3    8.074e-02   1
47   4    8.754e-04   0
48   1    9.997e-01   1
48   2    9.997e-01   1
48   3    9.772e-01   1
48   4    3.711e-01   1
48   5    4.551e-02   1
48   6    2.166e-03   1
49   1    9.999e-01   1
49   2    9.999e-01   1
49   3    9.999e-01   1
49   4    9.967e-01   1
49   5    2.462e-01   1
49   6    8.205e-04   1
50   1    9.991e-01   1
50   2    9.991e-01   1
50   3    9.987e-01   1
50   4    8.572e-01   1
50   5    5.579e-03   0
51   1    1.000e+00   1
51   2    1.000e+00   1
51   3    1.000e+00   1
51   4    6.476e-02   1
51   5    6.013e-05   0
52   1    9.998e-01   1
52   2    7.065e-01   1
52   3    1.280e-01   1
52   4    9.624e-04   0
53   1    9.957e-01   1
53   2    9.956e-01   1
53   3    5.255e-01   1
53   4    2.218e-02   1
54   1    9.994e-01   1
54   2    9.994e-01   1
54   3    9.994e-01   1
54   4    3.164e-03   1
55   1    9.993e-01   1
55   2    9.993e-01   1
55   3    8.252e-01   1
55   4    5.041e-01   1
55   5    4.262e-03   1
56   1    9.990e-01   1
56   2    9.990e-01   1
56   3    9.990e-01   1
56   4    5.288e-03   1
57   1    5.550e-01   1
57   2    7.071e-01   1
57   3    2.900e-01   1
57   4    1.930e-01   1
57   5    1.446e-01   1
57   6    3.092e-02   1
58   1    9.990e-01   1
58   2    3.755e-01   1
58   3    4.303e-03   0
59   1    1.000e+00   1
59   2    1.000e+00   1
59   3    1.000e+00   1
59   4    9.253e-01   1
59   5    1.759e-01   1
59   6    8.420e-05   0
60   1    9.996e-01   1
60   2    8.364e-01   1
60   3    3.572e-02   0
60   4    2.061e-03   0
61   1    9.999e-01   1
61   2    9.999e-01   1
61   3    9.999e-01   1
61   4    1.258e-01   1
61   5    8.699e-04   1
62   1    9.997e-01   1
62   2    9.997e-01   1
62   3    7.885e-01   1
62   4    1.339e-03   1
63   1    9.995e-01   1
63   2    9.995e-01   1
63   3    9.995e-01   1
63   4    9.887e-01   1
63   5    3.221e-03   0
64   1    9.996e-01   1
64   2    9.996e-01   1
64   3    9.950e-01   1
64   4    8.772e-01   1
64   5    2.269e-03   0
65   1    9.966e-01   1
65   2    9.789e-01   1
65   3    1.400e-02   0
66   1    1.000e+00   1
66   2    1.000e+00   1
66   3    9.998e-01   1
66   4    7.578e-02   0
66   5    9.480e-05   0
67   1    9.998e-01   1
67   2    9.998e-01   1
67   3    9.267e-02   1
67   4    8.205e-04   0
68   1    9.995e-01   1
68   2    9.818e-01   1
68   3    6.220e-02   1
68   4    2.700e-03   0
69   1    1.000e+00   1
69   2    3.178e-02   1
69   3    1.610e-04   0
70   1    9.999e-01   1
70   2    9.909e-01   1
70   3    8.969e-01   0
70   4    7.166e-02   1
70   5    3.881e-04   0
71   1    9.989e-01   1
71   2    9.989e-01   1
71   3    9.988e-01   1
71   4    9.907e-01   1
71   5    7.035e-03   0
72   1    9.930e-01   1
72   2    9.484e-01   1
72   3    5.532e-02   0
72   4    1.996e-03   0
73   1    9.999e-01   1
73   2    9.999e-01   1
73   3    8.776e-02   1
73   4    5.414e-04   0
74   1    1.000e+00   1
74   2    9.988e-01   1
74   3    2.983e-02   0
74   4    1.005e-04   0
75   1    9.999e-01   1
75   2    9.999e-01   1
75   3    9.969e-01   1
75   4    6.037e-02   1
75   5    5.073e-04   0
76   1    9.996e-01   1
76   2    9.996e-01   1
76   3    9.996e-01   1
76   4    9.996e-01   0
76   5    9.996e-01   0
76   6    3.168e-03   1
77   1    9.975e-01   1
77   2    7.853e-03   0
78   1    9.999e-01   1
78   2    9.999e-01   1
78   3    3.350e-02   0
78   4    6.450e-04   1
79   1    9.977e-01   1
79   2    9.977e-01   1
79   3    9.626e-03   0
80   1    9.987e-01   1
80   2    1.115e-01   1
80   3    5.668e-03   0
81   1    9.994e-01   1
81   2    9.994e-01   1
81   3    2.505e-03   0
82   1    9.999e-01   1
82   2    9.999e-01   1
82   3    5.778e-02   1
82   4    4.327e-04   0
83   1    3.688e-02   0
83   2    1.017e-02   0
84   1    9.998e-01   1
84   2    9.998e-01   1
84   3    9.998e-01   1
84   4    1.356e-01   1
84   5    1.018e-03   0
85   1    9.999e-01   1
85   2    4.448e-01   1
85   3    2.497e-02   1
85   4    3.532e-04   0
86   1    1.000e+00   1
86   2    1.000e+00   1
86   3    1.000e+00   1
86   4    9.996e-01   1
86   5    7.028e-02   1
86   6    4.838e-05   0
87   1    1.000e+00   1
87   2    4.053e-02   0
87   3    1.816e-04   0
88   1    1.000e+00   1
88   2    1.000e+00   1
88   3    9.731e-01   1
88   4    7.536e-01   1
88   5    3.153e-02   1
88   6    1.683e-04   0
89   1    3.047e-01   0
89   2    4.584e-02   0
90   1    9.959e-01   1
90   2    9.959e-01   1
90   3    1.706e-02   1
91   1    9.837e-01   1
91   2    8.331e-02   0
91   3    4.996e-03   1
92   1    9.993e-01   1
92   2    9.990e-01   1
92   3    2.926e-03   0
93   1    9.941e-01   1
93   2    1.400e-01   1
93   3    9.877e-03   0
94   1    9.981e-01   1
94   2    5.874e-03   0
95   1    9.975e-01   1
95   2    9.970e-01   1
95   3    9.790e-01   1
95   4    8.425e-01   1
95   5    1.560e-02   0
96   1    9.999e-01   1
96   2    9.999e-01   1
96   3    9.998e-01   1
96   4    9.811e-01   1
96   5    2.758e-01   1
96   6    9.595e-04   1
97   1    9.994e-01   1
97   2    9.994e-01   1
97   3    9.994e-01   1
97   4    9.994e-01   1
97   5    9.991e-01   1
97   6    6.617e-01   1
97   7    8.413e-02   1
97   8    5.707e-03   1
98   1    9.970e-01   1
98   2    8.455e-01   1
98   3    1.327e-01   1
98   4    1.507e-02   0
99   1    1.000e+00   1
99   2    3.754e-02   0
99   3    1.112e-04   0
100   1    1.000e+00   1
100   2    1.000e+00   1
100   3    1.000e+00   1
100   4    3.280e-02   0
100   5    1.554e-05   0
101   1    1.000e+00   1
101   2    1.000e+00   1
101   3    1.000e+00   1
101   4    9.993e-01   1
101   5    3.562e-02   1
101   6    1.820e-05   0
102   1    9.998e-01   1
102   2    9.949e-01   1
102   3    5.453e-02   1
102   4    8.015e-04   0
103   1    9.970e-01   1
103   2    9.965e-01   1
103   3    2.947e-01   1
103   4    1.571e-02   1
104   1    9.991e-01   1
104   2    9.798e-01   1
104   3    1.478e-01   0
104   4    4.583e-03   1
105   1    9.998e-01   1
105   2    9.998e-01   1
105   3    1.889e-01   1
105   4    8.785e-04   0
106   1    9.999e-01   1
106   2    9.999e-01   1
106   3    7.037e-01   1
106   4    4.040e-02   1
106   5    4.536e-04   0
107   1    9.965e-01   1
107   2    1.094e-02   0
108   1    9.999e-01   1
108   2    7.189e-02   0
108   3    5.134e-04   0
109   1    9.974e-01   1
109   2    9.974e-01   1
109   3    9.916e-01   1
109   4    1.354e-02   0
110   1    1.000e+00   1
110   2    9.998e-01   1
110   3    2.420e-02   0
110   4    2.149e-04   1
111   1    9.974e-01   1
111   2    3.160e-01   1
111   3    1.099e-02   0
112   1    9.998e-01   1
112   2    9.998e-01   1
112   3    9.748e-01   1
112   4    6.223e-01   1
112   5    1.968e-01   1
112   6    1.077e-03   0
113   1    9.984e-01   1
113   2    4.697e-01   1
113   3    1.352e-01   1
113   4    8.096e-03   1
114   1    9.999e-01   1
114   2    9.999e-01   1
114   3    6.573e-02   1
114   4    6.296e-04   0
115   1    9.966e-01   1
115   2    9.964e-01   1
115   3    1.414e-02   0
116   1    9.999e-01   1
116   2    9.998e-01   1
116   3    4.292e-02   0
116   4    6.481e-04   0
117   1    9.999e-01   1
117   2    9.999e-01   1
117   3    9.996e-01   1
117   4    9.222e-02   1
117   5    3.259e-04   0
118   1    9.997e-01   1
118   2    9.997e-01   1
118   3    9.979e-01   1
118   4    2.022e-01   1
118   5    1.687e-03   0
119   1    9.987e-01   1
119   2    9.987e-01   1
119   3    9.984e-01   1
119   4    1.915e-01   1
119   5    7.855e-03   1
120   1    9.986e-01   1
120   2    9.986e-01   1
120   3    5.498e-01   1
120   4    7.276e-03   1
121   1    9.831e-01   1
121   2    2.158e-02   0
122   1    9.964e-01   1
122   2    9.964e-01   1
122   3    9.685e-01   1
122   4    1.852e-02   0
123   1    9.990e-01   1
123   2    9.989e-01   1
123   3    3.102e-01   1
123   4    5.040e-03   0
124   1    9.959e-01   1
124   2    9.835e-01   1
124   3    7.812e-01   1
124   4    2.118e-02   1
125   1    9.994e-01   1
125   2    9.994e-01   1
125   3    9.993e-01   1
125   4    9.766e-01   1
125   5    3.771e-03   0
126   1    9.972e-01   1
126   2    9.972e-01   1
126   3    1.172e-02   0
127   1    1.000e+00   1
127   2    1.000e+00   1
127   3    9.996e-01   1
127   4    9.309e-01   1
127   5    5.904e-02   0
127   6    1.701e-04   0
128   1    9.970e-01   1
128   2    9.709e-03   0
129   1    1.000e+00   1
129   2    9.972e-01   1
129   3    2.675e-02   0
129   4    2.446e-04   0
130   1    9.979e-01   1
130   2    9.978e-01   1
130   3    9.554e-01   1
130   4    1.073e-02   1
131   1    9.977e-01   1
131   2    9.977e-01   1
131   3    9.484e-03   0
132   1    9.989e-01   1
132   2    9.989e-01   1
132   3    9.939e-01   1
132   4    5.953e-03   0
133   1    9.987e-01   1
133   2    2.829e-01   1
133   3    3.999e-02   1
133   4    6.826e-03   1
134   1    6.055e-01   1
134   2    3.115e-01   0
134   3    3.431e-03   1
135   1    9.981e-01   1
135   2    9.980e-01   1
135   3    7.290e-01   1
135   4    1.006e-02   0
136   1    9.270e-01   1
136   2    5.173e-02   0
136   3    8.719e-04   0
137   1    9.956e-01   1
137   2    9.947e-01   1
137   3    1.853e-02   0
138   1    9.991e-01   1
138   2    9.990e-01   1
138   3    9.654e-01   1
138   4    4.469e-03   0
139   1    9.973e-01   1
139   2    9.927e-01   1
139   3    6.547e-03   0
140   1    9.976e-01   1
140   2    9.976e-01   1
140   3    9.918e-03   0
141   1    9.997e-01   1
141   2    9.994e-01   1
141   3    1.209e-01   0
141   4    1.339e-03   1
142   1    9.990e-01   1
142   2    1.031e-01   0
142   3    3.019e-03   0
143   1    9.973e-01   1
143   2    9.973e-01   1
143   3    1.126e-02   0
144   1    9.996e-01   1
144   2    2.730e-02   0
144   3    2.993e-04   0
145   1    9.517e-01   1
145   2    4.587e-01   1
145   3    3.234e-02   0
145   4    6.715e-04   0
146   1    1.227e-02   0
146   2    4.150e-03   0
147   1    9.959e-01   1
147   2    9.952e-01   1
147   3    1.703e-02   1
148   1    9.971e-01   1
148   2    9.971e-01   1
148   3    1.213e-02   1
149   1    9.986e-01   1
149   2    5.786e-01   1
149   3    6.042e-03   0
150   1    9.997e-01   1
150   2    3.623e-02   0
150   3    1.445e-03   0
151   1    9.999e-01   1
151   2    6.609e-02   1
151   3    5.933e-04   0
152   1    9.999e-01   1
152   2    9.995e-01   1
152   3    9.123e-01   1
152   4    7.726e-02   1
152   5    6.796e-04   0
153   1    9.985e-01   1
153   2    9.855e-01   1
153   3    7.462e-01   1
153   4    7.963e-03   0
154   1    1.000e+00   1
154   2    1.000e+00   1
154   3    9.999e-01   1
154   4    2.828e-02   1
154   5    9.836e-05   0
155   1    9.998e-01   1
155   2    7.674e-01   1
155   3    4.000e-02   0
155   4    1.166e-03   0
156   1    9.987e-01   1
156   2    9.912e-01   1
156   3    5.411e-03   0
157   1    9.989e-01   1
157   2    1.432e-01   1
157   3    4.139e-03   1
158   1    1.000e+00   1
158   2    1.000e+00   1
158   3    1.000e+00   1
158   4    9.833e-01   1
158   5    8.489e-02   1
158   6    4.909e-05   0
159   1    9.974e-01   1
159   2    9.974e-01   1
159   3    9.974e-01   1
159   4    9.974e-01   1
159   5    3.855e-01   1
159   6    1.833e-02   1
160   1    9.949e-01   1
160   2    1.648e-02   0
161   1    9.998e-01   1
161   2    9.998e-01   1
161   3    9.998e-01   1
161   4    1.443e-01   1
161   5    1.519e-03   0
162   1    2.974e-02   0
162   2    3.107e-02   0
163   1    9.997e-01   1
163   2    9.997e-01   1
163   3    3.702e-02   0
163   4    1.623e-03   0
164   1    1.000e+00   1
164   2    1.000e+00   1
164   3    1.000e+00   1
164   4    9.279e-01   1
164   5    1.032e-01   1
164   6    1.624e-04   1
165   1    1.210e-01   1
165   2    5.130e-02   0
166   1    9.994e-01   1
166   2    1.036e-01   0
166   3    2.436e-03   0
167   1    9.448e-01   1
167   2    6.073e-01   0
167   3    3.213e-01   0
167   4    4.266e-02   1
167   5    9.359e-04   0
168   1    9.923e-01   1
168   2    9.792e-01   1
168   3    4.971e-01   1
168   4    1.074e-02   1
169   1    9.999e-01   1
169   2    9.999e-01   1
169   3    5.800e-01   1
169   4    4.304e-02   1
169   5    3.351e-04   1
170   1    9.968e-01   1
170   2    9.366e-01   1
170   3    1.346e-02   0
171   1    9.945e-01   1
171   2    9.943e-01   1
171   3    2.236e-02   1
172   1    9.996e-01   1
172   2    9.996e-01   1
172   3    1.591e-01   1
172   4    1.839e-03   0
173   1    9.975e-01   1
173   2    9.975e-01   1
173   3    9.975e-01   1
173   4    9.922e-01   1
173   5    7.270e-01   1
173   6    2.242e-01   1
173   7    2.080e-02   1
174   1    9.997e-01   0
174   2    9.997e-01   1
174   3    1.726e-01   1
174   4    1.461e-03   0
175   1    9.993e-01   1
175   2    4.096e-01   1
175   3    1.014e-01   1
175   4    3.446e-03   1
176   1    9.996e-01   1
176   2    9.996e-01   1
176   3    9.996e-01   1
176   4    9.995e-01   1
176   5    9.553e-01   1
176   6    3.037e-03   0
177   1    1.000e+00   1
177   2    1.000e+00   1
177   3    1.000e+00   1
177   4    3.998e-02   1
177   5    9.591e-05   0
178   1    9.999e-01   1
178   2    9.999e-01   1
178   3    9.999e-01   1
178   4    9.996e-01   1
178   5    3.981e-01   1
178   6    1.072e-03   0
179   1    9.999e-01   1
179   2    3.046e-01   1
179   3    2.491e-02   1
179   4    3.798e-04   1
180   1    9.999e-01   1
180   2    9.999e-01   1
180   3    9.999e-01   1
180   4    5.547e-01   1
180   5    3.673e-04   0
181   1    1.000e+00   1
181   2    1.000e+00   1
181   3    9.920e-01   1
181   4    6.388e-02   1
181   5    3.027e-04   0
182   1    9.997e-01   1
182   2    8.876e-01   1
182   3    6.428e-02   0
182   4    8.074e-04   0
183   1    1.000e+00   1
183   2    1.000e+00   1
183   3    9.999e-01   1
183   4    6.280e-02   1
183   5    1.817e-04   0
184   1    9.996e-01   1
184   2    8.954e-01   1
184   3    1.058e-01   1
184   4    1.903e-03   1
185   1    1.000e+00   1
185   2    9.999e-01   1
185   3    5.555e-02   1
185   4    2.440e-04   0
186   1    9.982e-01   1
186   2    9.982e-01   1
186   3    9.982e-01   1
186   4    9.733e-01   1
186   5    1.100e-02   0
187   1    9.999e-01   1
187   2    6.596e-02   1
187   3    5.732e-04   0
188   1    9.933e-01   1
188   2    1.986e-02   0
189   1    9.917e-01   1
189   2    4.447e-03   0
190   1    9.994e-01   1
190   2    9.988e-01   1
190   3    3.071e-01   1
190   4    3.206e-03   0
191   1    9.997e-01   1
191   2    2.607e-02   0
191   3    1.276e-03   0
192   1    9.990e-01   1
192   2    9.990e-01   1
192   3    9.933e-01   1
192   4    8.846e-02   1
192   5    6.271e-03   1
193   1    9.998e-01   1
193   2    9.998e-01   1
193   3    2.904e-01   1
193   4    9.566e-04   0
194   1    9.999e-01   1
194   2    9.795e-01   1
194   3    1.860e-01   1
194   4    5.013e-04   0
195   1    1.000e+00   1
195   2    1.000e+00   1
195   3    1.000e+00   1
195   4    8.446e-01   1
195   5    1.317e-01   1
195   6    1.669e-04   0
196   1    9.974e-01   1
196   2    9.974e-01   1
196   3    9.974e-01   1
196   4    1.348e-02   0
197   1    6.039e-01   0
197   2    6.580e-01   0
197   3    8.238e-02   0
197   4    1.967e-03   0
198   1    1.000e+00   1
198   2    1.000e+00   1
198   3    8.990e-01   1
198   4    3.888e-02   0
198   5    1.308e-04   0
199   1    1.008e-02   0
199   2    3.501e-03   0
200   1    3.076e-01   1
200   2    2.255e-02   1
201   1    9.981e-01   1
201   2    5.303e-01   1
201   3    6.147e-03   0
202   1    9.990e-01   1
202   2    1.448e-01   1
202   3    3.991e-03   0
203   1    9.990e-01   1
203   2    9.984e-01   1
203   3    9.013e-01   0
203   4    1.343e-01   0
203   5    6.213e-03   1
204   1    9.998e-01   1
204   2    7.201e-02   1
204   3    9.495e-04   0
205   1    9.999e-01   1
205   2    9.999e-01   1
205   3    9.999e-01   1
205   4    5.276e-01   1
205   5    8.849e-04   1
206   1    9.956e-01   1
206   2    9.956e-01   1
206   3    1.842e-02   1
207   1    9.999e-01   1
207   2    9.999e-01   1
207   3    9.999e-01   1
207   4    3.223e-02   1
207   5    4.133e-04   1
208   1    9.976e-01   1
208   2    9.976e-01   1
208   3    1.015e-02   0
209   1    9.972e-01   0
209   2    9.972e-01   1
209   3    9.972e-01   1
209   4    1.450e-02   1
210   1    9.996e-01   1
210   2    9.996e-01   1
210   3    9.980e-01   1
210   4    1.741e-01   1
210   5    2.672e-03   1
211   1    9.993e-01   1
211   2    8.610e-02   1
211   3    5.555e-04   0
212   1    9.983e-01   1
212   2    7.911e-01   1
212   3    1.568e-01   0
212   4    8.371e-03   0
213   1    1.000e+00   1
213   2    1.000e+00   1
213   3    9.950e-01   1
213   4    5.263e-01   1
213   5    2.369e-02   1
213   6    8.364e-05   1
214   1    9.977e-01   1
214   2    9.977e-01   1
214   3    9.721e-01   1
214   4    1.198e-02   0
215   1    9.991e-01   1
215   2    9.934e-01   1
215   3    3.438e-01   1
215   4    4.640e-03   0
216   1    9.988e-01   1
216   2    9.988e-01   1
216   3    9.934e-01   1
216   4    8.057e-01   1
216   5    7.458e-03   0
217   1    9.999e-01   1
217   2    9.999e-01   1
217   3    1.281e-01   1
217   4    3.540e-04   0
218   1    9.984e-01   1
218   2    9.984e-01   1
218   3    6.710e-03   0
219   1    9.996e-01   1
219   2    9.445e-01   1
219   3    4.314e-01   1
219   4    1.927e-03   0
220   1    9.978e-01   1
220   2    9.978e-01   1
220   3    1.118e-01   1
220   4    1.134e-02   1
221   1    1.000e+00   1
221   2    2.757e-02   0
221   3    9.072e-05   0
222   1    9.998e-01   1
222   2    1.174e-01   0
222   3    5.141e-04   0
223   1    9.960e-01   1
223   2    9.960e-01   1
223   3    9.840e-01   1
223   4    2.095e-02   0
224   1    1.568e-01   1
224   2    6.354e-03   0
225   1    9.999e-01   1
225   2    9.999e-01   1
225   3    9.741e-01   1
225   4    1.481e-01   1
225   5    3.896e-04   0
226   1    9.991e-01   1
226   2    9.991e-01   1
226   3    4.128e-01   1
226   4    4.496e-03   1
227   1    9.996e-01   1
227   2    9.859e-01   1
227   3    5.872e-01   1
227   4    8.286e-02   0
227   5    1.675e-03   0
228   1    9.953e-01   1
228   2    9.648e-01   1
228   3    1.943e-02   0
229   1    9.987e-01   1
229   2    9.988e-01   1
229   3    5.278e-01   1
229   4    1.246e-01   1
229   5    1.178e-03   0
230   1    9.997e-01   1
230   2    8.031e-01   1
230   3    9.665e-02   0
230   4    1.681e-03   0
231   1    9.975e-01   1
231   2    6.362e-01   0
231   3    9.381e-03   0
232   1    9.970e-01   1
232   2    9.970e-01   1
232   3    9.970e-01   1
232   4    9.930e-01   1
232   5    1.852e-02   0
233   1    9.987e-01   1
233   2    7.637e-01   1
233   3    2.232e-01   1
233   4    6.736e-03   0
234   1    9.993e-01   1
234   2    9.991e-01   1
234   3    7.481e-01   1
234   4    3.534e-03   0
235   1    9.985e-01   1
235   2    9.979e-01   1
235   3    6.785e-01   1
235   4    7.591e-03   0
236   1    9.997e-01   1
236   2    1.355e-01   0
236   3    1.362e-03   0
237   1    9.998e-01   1
237   2    9.998e-01   1
237   3    4.640e-02   1
237   4    1.222e-03   0
238   1    9.982e-01   1
238   2    9.982e-01   1
238   3    9.982e-01   1
238   4    9.938e-01   1
238   5    1.131e-02   0
239   1    9.991e-01   1
239   2    8.920e-02   1
239   3    3.769e-03   0
240   1    9.991e-01   1
240   2    9.991e-01   1
240   3    9.991e-01   1
240   4    9.991e-01   1
240   5    5.619e-03   0
241   1    9.965e-01   1
241   2    9.965e-01   1
241   3    9.965e-01   1
241   4    5.208e-01   1
241   5    2.174e-02   0
242   1    9.776e-01   0
242   2    1.405e-02   0
243   1    9.972e-01   1
243   2    9.300e-01   1
243   3    1.164e-02   0
244   1    9.988e-01   1
244   2    9.988e-01   1
244   3    9.869e-01   1
244   4    5.969e-03   0
245   1    1.000e+00   1
245   2    1.000e+00   1
245   3    9.997e-01   1
245   4    8.723e-01   1
245   5    2.258e-04   0
246   1    9.982e-01   1
246   2    9.809e-01   0
246   3    8.703e-01   1
246   4    9.421e-03   0
247   1    9.993e-01   1
247   2    9.993e-01   1
247   3    8.502e-01   1
247   4    5.825e-01   1
247   5    4.321e-03   0
248   1    9.991e-01   1
248   2    6.632e-01   1
248   3    4.479e-02   1
248   4    5.629e-04   0
249   1    9.997e-01   1
249   2    9.997e-01   1
249   3    9.676e-01   1
249   4    1.612e-03   0
250   1    9.970e-01   1
250   2    3.831e-01   1
250   3    1.244e-02   0
251   1    9.997e-01   1
251   2    9.997e-01   1
251   3    4.658e-01   1
251   4    4.669e-02   1
251   5    1.624e-03   1
252   1    7.057e-02   0
252   2    2.788e-02   0
253   1    9.996e-01   1
253   2    9.996e-01   1
253   3    8.581e-01   1
253   4    2.266e-03   0
254   1    9.991e-01   1
254   2    9.991e-01   1
254   3    9.991e-01   1
254   4    4.573e-03   0
255   1    9.999e-01   1
255   2    9.999e-01   1
255   3    1.053e-01   1
255   4    5.803e-04   0
256   1    9.937e-01   1
256   2    2.042e-02   0
257   1    9.993e-01   1
257   2    1.661e-01   1
257   3    2.923e-03   0
258   1    9.993e-01   1
258   2    9.988e-01   1
258   3    8.795e-01   1
258   4    2.528e-01   1
258   5    4.620e-03   0
259   1    9.999e-01   1
259   2    9.999e-01   1
259   3    9.779e-01   1
259   4    2.299e-01   1
259   5    9.245e-04   0
260   1    9.999e-01   1
260   2    9.999e-01   1
260   3    5.569e-01   1
260   4    5.538e-02   1
260   5    5.371e-04   0
261   1    9.976e-01   1
261   2    9.976e-01   1
261   3    9.976e-01   1
261   4    9.933e-01   1
261   5    1.492e-02   1
262   1    9.996e-01   1
262   2    9.995e-01   1
262   3    6.408e-01   1
262   4    2.210e-03   0
263   1    9.998e-01   1
263   2    9.998e-01   1
263   3    1.727e-01   1
263   4    1.017e-03   0
264   1    9.997e-01   1
264   2    9.997e-01   1
264   3    9.997e-01   1
264   4    9.915e-01   1
264   5    2.534e-01   1
264   6    1.811e-03   1
265   1    9.962e-01   1
265   2    5.684e-01   1
265   3    1.612e-02   0
266   1    9.974e-01   1
266   2    2.137e-01   1
266   3    1.085e-02   0
267   1    9.999e-01   1
267   2    9.999e-01   1
267   3    9.996e-01   1
267   4    4.015e-01   1
267   5    8.280e-04   1
268   1    1.000e+00   1
268   2    1.000e+00   1
268   3    1.000e+00   1
268   4    4.336e-02   1
268   5    1.597e-04   1
269   1    9.996e-01   1
269   2    9.996e-01   1
269   3    1.664e-03   0
270   1    9.971e-01   1
270   2    8.859e-01   1
270   3    2.532e-01   1
270   4    1.526e-02   1
271   1    9.998e-01   1
271   2    9.998e-01   1
271   3    9.998e-01   0
271   4    9.998e-01   0
271   5    1.226e-03   0
272   1    9.986e-01   1
272   2    9.986e-01   1
272   3    9.986e-01   1
272   4    9.985e-01   1
272   5    9.952e-01   1
272   6    8.901e-01   1
272   7    4.347e-01   1
272   8    1.300e-02   1
273   1    9.975e-01   1
273   2    7.994e-03   0
274   1    8.927e-01   1
274   2    1.679e-02   0
275   1    9.990e-01   1
275   2    1.816e-01   1
275   3    4.116e-03   0
276   1    7.185e-01   0
276   2    2.723e-02   0
277   1    9.881e-01   1
277   2    1.289e-01   1
277   3    3.903e-03   0
278   1    9.959e-01   1
278   2    9.958e-01   1
278   3    1.705e-02   0
279   1    9.998e-01   1
279   2    9.998e-01   1
279   3    6.773e-02   1
279   4    8.014e-04   1
280   1    9.998e-01   1
280   2    6.595e-02   0
280   3    6.661e-04   0
281   1    9.997e-01   1
281   2    9.997e-01   1
281   3    4.110e-01   1
281   4    1.373e-03   0
282   1    9.988e-01   1
282   2    9.192e-01   1
282   3    5.205e-03   0
283   1    9.997e-01   1
283   2    7.802e-01   1
283   3    1.380e-01   1
283   4    1.436e-03   0
284   1    9.997e-01   1
284   2    9.985e-01   1
284   3    9.641e-01   1
284   4    4.135e-01   0
284   5    1.745e-03   0
285   1    9.994e-01   1
285   2    9.735e-01   1
285   3    1.163e-01   1
285   4    3.206e-03   0
286   1    9.996e-01   1
286   2    9.996e-01   1
286   3    9.996e-01   1
286   4    2.075e-03   0
287   1    9.996e-01   1
287   2    2.361e-02   0
287   3    2.039e-04   0
288   1    1.000e+00   1
288   2    1.000e+00   1
288   3    1.000e+00   1
288   4    6.943e-01   1
288   5    3.899e-02   1
288   6    2.817e-04   1
289   1    9.975e-01   1
289   2    9.120e-01   1
289   3    5.765e-01   1
289   4    1.312e-02   1
290   1    9.999e-01   1
290   2    9.999e-01   1
290   3    9.832e-01   1
290   4    1.384e-01   1
290   5    4.053e-04   0
291   1    9.874e-01   1
291   2    2.687e-01   1
291   3    6.567e-03   0
292   1    9.990e-01   1
292   2    9.990e-01   1
292   3    9.990e-01   1
292   4    1.767e-01   1
292   5    6.151e-03   1
293   1    9.997e-01   1
293   2    9.997e-01   1
293   3    9.997e-01   1
293   4    1.771e-03   0
294   1    9.993e-01   1
294   2    9.993e-01   1
294   3    9.993e-01   1
294   4    9.989e-01   1
294   5    4.575e-03   0
295   1    9.998e-01   1
295   2    9.998e-01   1
295   3    9.997e-01   1
295   4    3.104e-01   1
295   5    1.288e-03   0
296   1    9.992e-01   1
296   2    9.992e-01   1
296   3    9.992e-01   1
296   4    9.926e-01   1
296   5    3.936e-01   1
296   6    5.976e-03   0
297   1    1.000e+00   1
297   2    1.000e+00   1
297   3    1.000e+00   1
297   4    3.994e-01   1
297   5    1.185e-01   1
297   6    3.064e-04   0
298   1    9.983e-01   1
298   2    9.983e-01   1
298   3    7.350e-03   0
299   1    1.000e+00   1
299   2    1.000e+00   1
299   3    9.981e-01   1
299   4    2.845e-02   0
299   5    1.198e-04   0
300   1    9.999e-01   1
300   2    1.723e-01   1
300   3    3.291e-04   0
301   1    9.952e-01   1
301   2    9.950e-01   1
301   3    2.004e-02   0
302   1    2.656e-02   0
302   2    3.773e-02   0
303   1    9.999e-01   1
303   2    9.999e-01   1
303   3    9.999e-01   1
303   4    9.976e-01   1
303   5    1.732e-01   1
303   6    8.462e-04   0
304   1    1.563e-02   0
304   2    7.473e-03   1
305   1    9.990e-01   1
305   2    9.990e-01   1
305   3    9.990e-01   1
305   4    9.990e-01   1
305   5    9.965e-01   1
305   6    7.156e-01   1
305   7    7.970e-03   1
306   1    9.985e-01   1
306   2    2.231e-01   1
306   3    6.373e-03   0
307   1    9.997e-01   1
307   2    9.997e-01   1
307   3    9.996e-01   1
307   4    8.355e-01   1
307   5    1.919e-03   1
308   1    9.962e-01   1
308   2    6.093e-01   1
308   3    1.447e-02   0
309   1    9.987e-01   1
309   2    9.987e-01   1
309   3    9.987e-01   1
309   4    9.917e-01   1
309   5    7.131e-01   1
309   6    9.137e-03   1
310   1    9.987e-01   1
310   2    8.857e-01   1
310   3    5.154e-03   0
311   1    9.970e-01   1
311   2    9.652e-03   0
312   1    9.942e-01   1
312   2    9.654e-01   1
312   3    1.337e-02   0
313   1    9.941e-01   1
313   2    9.320e-01   1
313   3    1.407e-01   1
313   4    1.933e-03   1
314   1    9.989e-01   1
314   2    9.847e-01   1
314   3    2.898e-01   0
314   4    5.076e-03   0
315   1    9.976e-01   1
315   2    9.966e-01   1
315   3    1.023e-02   0
316   1    9.997e-01   1
316   2    9.997e-01   1
316   3    9.997e-01   1
316   4    5.003e-01   1
316   5    1.551e-03   1
317   1    9.998e-01   1
317   2    9.381e-02   1
317   3    8.572e-04   0
318   1    9.886e-02   1
318   2    1.066e-02   0
319   1    9.975e-01   1
319   2    9.975e-01   1
319   3    8.540e-01   1
319   4    1.312e-02   0
320   1    1.305e-01   1
320   2    7.692e-03   0
321   1    9.999e-01   1
321   2    9.995e-01   1
321   3    3.605e-02   0
321   4    4.952e-04   1
322   1    9.999e-01   1
322   2    4.643e-02   0
322   3    2.840e-04   0
323   1    9.997e-01   1
323   2    9.997e-01   1
323   3    9.292e-02   1
323   4    1.796e-03   0
324   1    5.011e-03   0
324   2    6.742e-03   0
325   1    9.934e-01   1
325   2    1.192e-02   0
326   1    9.992e-01   1
326   2    9.992e-01   1
326   3    9.936e-01   1
326   4    4.212e-03   0
327   1    1.000e+00   1
327   2    1.000e+00   1
327   3    3.586e-02   1
327   4    1.835e-04   0
328   1    9.983e-01   1
328   2    5.440e-03   0
329   1    9.970e-01   1
329   2    3.790e-01   0
329   3    1.257e-02   0
330   1    9.982e-01   1
330   2    9.982e-01   1
330   3    9.982e-01   1
330   4    9.754e-01   1
330   5    1.091e-02   0
331   1    9.995e-01   1
331   2    1.036e-01   0
331   3    2.103e-03   0
332   1    9.945e-01   1
332   2    5.379e-01   1
332   3    2.081e-02   1
333   1    9.997e-01   1
333   2    9.997e-01   1
333   3    9.997e-01   1
333   4    9.970e-01   1
333   5    8.305e-01   1
333   6    2.144e-01   1
333   7    2.495e-03   1
334   1    9.991e-01   1
334   2    9.991e-01   1
334   3    3.807e-01   1
334   4    4.852e-03   0
335   1    9.965e-01   1
335   2    1.085e-02   0
336   1    9.997e-01   1
336   2    5.250e-01   1
336   3    2.016e-01   1
336   4    2.690e-02   1
336   5    1.713e-03   0
337   1    9.435e-01   1
337   2    5.327e-01   1
337   3    2.135e-01   1
337   4    8.794e-02   1
337   5    2.194e-03   0
338   1    9.998e-01   1
338   2    9.998e-01   1
338   3    9.991e-01   1
338   4    9.577e-01   1
338   5    6.953e-02   1
338   6    1.635e-03   1
339   1    9.992e-01   1
339   2    9.989e-01   1
339   3    8.750e-01   1
339   4    4.349e-03   0
340   1    9.998e-01   1
340   2    2.164e-01   1
340   3    9.629e-04   0
341   1    9.995e-01   1
341   2    9.956e-01   1
341   3    2.074e-01   0
341   4    2.679e-03   1
342   1    9.965e-01   1
342   2    9.965e-01   1
342   3    9.828e-01   1
342   4    7.650e-01   1
342   5    2.147e-02   1
343   1    9.983e-01   1
343   2    5.357e-03   0
344   1    1.534e-01   1
344   2    2.291e-02   0
345   1    9.933e-01   1
345   2    1.280e-01   0
345   3    8.528e-04   0
346   1    9.967e-01   1
346   2    9.964e-01   1
346   3    1.407e-02   0
347   1    9.993e-01   1
347   2    9.993e-01   1
347   3    5.772e-01   1
347   4    3.574e-03   1
348   1    9.975e-01   1
348   2    3.368e-01   1
348   3    1.067e-02   1
349   1    9.954e-01   1
349   2    1.462e-02   0
350   1    2.229e-02   0
350   2    7.497e-03   0
351   1    9.996e-01   1
351   2    9.996e-01   1
351   3    2.669e-01   1
351   4    2.102e-03   1
352   1    9.981e-01   1
352   2    9.981e-01   1
352   3    8.143e-03   0
353   1    9.969e-01   1
353   2    8.787e-03   0
354   1    9.957e-01   1
354   2    9.865e-01   1
354   3    7.367e-01   1
354   4    2.243e-02   1
355   1    9.333e-01   1
355   2    8.404e-02   0
355   3    9.096e-03   1
356   1    9.981e-01   1
356   2    1.260e-01   1
356   3    2.039e-03   0
357   1    9.978e-01   1
357   2    9.978e-01   1
357   3    9.978e-01   1
357   4    9.977e-01   1
357   5    9.972e-01   1
357   6    9.169e-01   1
357   7    1.822e-02   1
358   1    9.990e-01   1
358   2    9.990e-01   1
358   3    4.293e-03   0
359   1    9.987e-01   1
359   2    4.088e-01   1
359   3    5.338e-03   0
360   1    9.976e-01   1
360   2    6.039e-02   0
360   3    9.470e-04   0
361   1    9.999e-01   1
361   2    9.999e-01   1
361   3    8.980e-01   1
361   4    2.659e-01   1
361   5    4.184e-04   0
362   1    9.986e-01   1
362   2    9.986e-01   1
362   3    1.839e-01   1
362   4    7.345e-03   1
363   1    1.000e+00   1
363   2    9.956e-01   1
363   3    3.891e-02   0
363   4    1.539e-04   0
364   1    1.292e-01   0
364   2    4.223e-02   0
365   1    9.826e-01   1
365   2    3.246e-02   0
365   3    6.127e-04   0
366   1    9.966e-01   1
366   2    9.966e-01   1
366   3    8.716e-01   1
366   4    1.778e-02   1
367   1    1.000e+00   1
367   2    1.000e+00   1
367   3    9.288e-01   1
367   4    2.886e-02   1
367   5    5.156e-05   0
368   1    9.992e-01   1
368   2    9.992e-01   1
368   3    3.193e-03   0
369   1    9.996e-01   1
369   2    9.943e-01   1
369   3    2.658e-02   1
369   4    2.171e-03   0
370   1    9.948e-01   1
370   2    1.683e-02   1
371   1    9.997e-01   1
371   2    9.938e-01   1
371   3    3.451e-01   1
371   4    1.102e-01   1
371   5    1.585e-03   0
372   1    9.972e-01   1
372   2    9.972e-01   1
372   3    9.967e-01   1
372   4    1.439e-02   1
373   1    1.000e+00   1
373   2    9.446e-01   1
373   3    3.362e-02   0
373   4    2.520e-04   0
374   1    9.947e-01   1
374   2    1.722e-02   0
375   1    9.927e-01   1
375   2    2.222e-02   1
376   1    9.971e-01   1
376   2    6.513e-01   1
376   3    1.203e-02   0
377   1    1.000e+00   1
377   2    1.000e+00   1
377   3    1.000e+00   1
377   4    9.993e-01   1
377   5    9.036e-01   1
377   6    1.348e-01   1
377   7    2.633e-04   0
378   1    9.982e-01   1
378   2    5.914e-03   0
379   1    9.982e-01   1
379   2    9.982e-01   1
379   3    9.982e-01   1
379   4    9.073e-03   0
380   1    2.452e-01   0
380   2    9.121e-03   0
381   1    9.961e-01   1
381   2    9.960e-01   1
381   3    4.556e-01   1
381   4    2.043e-02   1
382   1    9.999e-01   1
382   2    9.945e-01   1
382   3    5.447e-01   1
382   4    2.209e-01   1
382   5    5.550e-02   1
382   6    4.084e-04   0
383   1    9.982e-01   1
383   2    2.415e-01   1
383   3    3.853e-02   1
383   4    1.078e-03   0
384   1    9.958e-01   1
384   2    9.955e-01   1
384   3    1.778e-02   1
385   1    2.021e-01   0
385   2    3.591e-02   0
386   1    9.995e-01   1
386   2    9.995e-01   1
386   3    9.989e-01   1
386   4    9.733e-01   1
386   5    4.704e-01   1
386   6    3.690e-03   1
387   1    9.997e-01   1
387   2    9.996e-01   1
387   3    9.742e-01   1
387   4    1.452e-01   1
387   5    1.755e-03   0
388   1    6.346e-02   0
388   2    2.987e-02   1
389   1    9.999e-01   1
389   2    9.999e-01   1
389   3    8.868e-02   1
389   4    6.488e-04   0
390   1    9.999e-01   1
390   2    9.945e-01   1
390   3    7.184e-02   1
390   4    5.131e-04   1
391   1    9.996e-01   1
391   2    9.996e-01   1
391   3    9.996e-01   1
391   4    9.996e-01   1
391   5    9.996e-01   1
391   6    9.542e-01   1
391   7    3.197e-03   0
392   1    6.244e-01   1
392   2    4.501e-01   1
392   3    6.979e-02   0
392   4    1.818e-03   0
393   1    9.997e-01   1
393   2    9.997e-01   1
393   3    9.981e-01   1
393   4    4.958e-02   1
393   5    1.670e-03   1
394   1    9.963e-01   1
394   2    9.963e-01   1
394   3    9.960e-01   1
394   4    1.903e-02   0
395   1    9.969e-01   1
395   2    5.298e-01   1
395   3    1.276e-02   0
396   1    9.951e-01   1
396   2    9.951e-01   1
396   3    2.057e-02   0
397   1    1.000e+00   1
397   2    1.000e+00   1
397   3    7.522e-01   1
397   4    4.066e-02   0
397   5    2.158e-04   0
398   1    9.993e-01   1
398   2    9.993e-01   1
398   3    2.874e-03   0
399   1    9.987e-01   1
399   2    9.987e-01   1
399   3    9.925e-01   1
399   4    6.923e-03   0
400   1    1.000e+00   1
400   2    1.000e+00   1
400   3    2.392e-02   1
400   4    2.204e-04   1
401   1    9.975e-01   1
401   2    9.975e-01   1
401   3    2.580e-01   1
401   4    1.306e-02   0
402   1    9.978e-01   1
402   2    5.505e-01   1
402   3    9.301e-03   0
403   1    9.987e-01   1
403   2    4.061e-03   0
404   1    9.999e-01   1
404   2    9.999e-01   1
404   3    9.861e-01   1
404   4    6.411e-01   1
404   5    5.914e-02   1
404   6    3.695e-04   0
405   1    9.958e-01   1
405   2    9.958e-01   1
405   3    6.847e-01   1
405   4    2.182e-02   1
406   1    1.000e+00   1
406   2    1.000e+00   1
406   3    1.000e+00   1
406   4    9.939e-01   1
406   5    6.112e-02   1
406   6    8.800e-05   1
407   1    9.992e-01   1
407   2    9.992e-01   1
407   3    9.992e-01   1
407   4    8.587e-01   1
407   5    3.317e-01   1
407   6    5.725e-03   1
408   1    9.970e-01   1
408   2    8.854e-03   0
409   1    9.997e-01   0
409   2    9.997e-01   1
409   3    9.997e-01   1
409   4    9.914e-02   1
409   5    2.063e-03   1
410   1    9.997e-01   1
410   2    9.997e-01   1
410   3    9.995e-01   1
410   4    2.831e-01   1
410   5    1.690e-03   0
411   1    9.997e-01   1
411   2    9.973e-01   1
411   3    7.621e-01   1
411   4    1.722e-03   0
412   1    9.974e-01   1
412   2    9.974e-01   1
412   3    9.168e-01   1
412   4    1.802e-01   1
412   5    6.338e-02   1
412   6    1.840e-02   1
413   1    9.980e-01   1
413   2    9.763e-01   0
413   3    7.242e-01   1
413   4    1.037e-02   0
414   1    9.994e-01   1
414   2    9.431e-01   1
414   3    3.096e-01   1
414   4    2.881e-03   0
415   1    1.000e+00   1
415   2    9.999e-01   1
415   3    7.465e-02   1
415   4    2.145e-04   0
416   1    9.995e-01   1
416   2    9.995e-01   1
416   3    3.320e-01   1
416   4    2.643e-03   1
417   1    1.413e-02   0
417   2    1.715e-02   0
418   1    9.983e-01   1
418   2    9.983e-01   1
418   3    7.174e-03   0
419   1    9.663e-01   1
419   2    6.144e-02   0
419   3    3.266e-03   0
420   1    9.957e-01   1
420   2    9.956e-01   1
420   3    1.800e-02   1
421   1    9.996e-01   1
421   2    9.996e-01   1
421   3    1.624e-01   1
421   4    2.182e-03   0
422   1    9.978e-01   1
422   2    2.416e-01   0
422   3    8.533e-03   0
423   1    9.996e-01   1
423   2    5.208e-02   1
423   3    6.143e-04   0
424   1    9.998e-01   1
424   2    9.889e-01   1
424   3    6.254e-02   1
424   4    1.138e-03   0
425   1    9.974e-01   1
425   2    9.957e-01   1
425   3    7.842e-01   1
425   4    1.332e-02   1
426   1    9.995e-01   1
426   2    9.995e-01   1
426   3    9.907e-01   1
426   4    2.619e-03   0
427   1    9.912e-01   1
427   2    7.476e-02   0
427   3    6.897e-03   1
428   1    9.999e-01   1
428   2    9.999e-01   1
428   3    9.999e-01   1
428   4    7.195e-01   1
428   5    1.955e-01   1
428   6    4.800e-04   0
429   1    9.994e-01   1
429   2    9.994e-01   1
429   3    4.012e-02   0
429   4    2.891e-03   1
430   1    9.995e-01   1
430   2    9.992e-01   1
430   3    2.574e-01   1
430   4    2.647e-03   1
431   1    9.998e-01   1
431   2    9.997e-01   1
431   3    7.173e-02   0
431   4    7.803e-04   0
432   1    9.989e-01   1
432   2    9.989e-01   1
432   3    9.658e-01   1
432   4    5.628e-03   1
433   1    9.998e-01   1
433   2    4.942e-02   0
433   3    4.966e-04   0
434   1    9.966e-01   0
434   2    9.966e-01   1
434   3    9.724e-01   1
434   4    1.755e-02   0
435   1    9.998e-01   1
435   2    4.573e-02   1
435   3    4.925e-04   0
436   1    9.957e-01   1
436   2    9.957e-01   1
436   3    6.753e-01   1
436   4    2.221e-02   0
437   1    9.933e-01   1
437   2    2.168e-02   0
438   1    9.993e-01   1
438   2    9.993e-01   1
438   3    9.993e-01   1
438   4    3.728e-03   0
439   1    9.972e-01   1
439   2    9.972e-01   1
439   3    9.972e-01   1
439   4    9.949e-01   1
439   5    1.703e-02   0
440   1    9.991e-01   1
440   2    9.895e-01   1
440   3    3.842e-03   0
441   1    9.959e-01   1
441   2    9.959e-01   1
441   3    9.949e-01   1
441   4    2.103e-02   1
442   1    9.982e-01   1
442   2    9.982e-01   1
442   3    7.420e-03   0
443   1    9.980e-01   1
443   2    5.882e-01   1
443   3    2.415e-01   1
443   4    7.528e-04   0
444   1    9.973e-01   1
444   2    9.973e-01   1
444   3    9.574e-01   1
444   4    1.389e-02   0
445   1    9.980e-01   1
445   2    9.979e-01   1
445   3    9.406e-01   1
445   4    1.060e-02   0
446   1    9.999e-01   1
446   2    9.999e-01   1
446   3    9.830e-01   1
446   4    3.818e-02   1
446   5    5.082e-04   0
447   1    9.999e-01   1
447   2    9.999e-01   1
447   3    9.390e-01   1
447   4    5.990e-02   1
447   5    2.552e-04   0
448   1    1.000e+00   1
448   2    1.000e+00   1
448   3    3.609e-01   0
448   4    7.965e-02   1
448   5    1.046e-04   0
449   1    8.348e-01   1
449   2    2.480e-01   1
449   3    4.830e-02   1
449   4    9.572e-03   1
450   1    9.936e-01   1
450   2    9.785e-01   1
450   3    1.677e-01   1
450   4    3.871e-03   0
451   1    9.999e-01   1
451   2    9.896e-01   1
451   3    6.924e-02   1
451   4    4.689e-04   0
452   1    9.998e-01   1
452   2    9.998e-01   1
452   3    9.998e-01   1
452   4    9.993e-01   1
452   5    9.782e-01   1
452   6    7.706e-01   1
452   7    1.753e-03   0
453   1    9.984e-01   1
453   2    9.966e-01   1
453   3    5.379e-01   1
453   4    8.348e-03   0
454   1    9.984e-01   1
454   2    9.984e-01   1
454   3    6.909e-03   0
455   1    7.152e-02   0
455   2    1.415e-02   0
456   1    9.980e-01   1
456   2    9.980e-01   1
456   3    9.971e-01   1
456   4    6.155e-01   1
456   5    1.222e-02   1
457   1    9.993e-01   1
457   2    9.993e-01   1
457   3    1.469e-01   1
457   4    3.547e-03   0
458   1    9.907e-01   1
458   2    6.439e-02   0
458   3    6.820e-03   0
459   1    9.987e-01   1
459   2    9.987e-01   1
459   3    5.373e-03   0
460   1    9.999e-01   1
460   2    9.885e-01   1
460   3    4.222e-02   0
460   4    2.928e-04   0
461   1    9.998e-01   1
461   2    9.998e-01   1
461   3    5.562e-01   1
461   4    1.056e-03   0
462   1    9.958e-01   1
462   2    9.958e-01   1
462   3    8.933e-01   1
462   4    2.170e-02   1
463   1    9.991e-01   1
463   2    9.990e-01   1
463   3    9.427e-01   1
463   4    4.842e-03   0
464   1    9.981e-01   1
464   2    1.567e-01   1
464   3    2.246e-03   0
465   1    9.999e-01   1
465   2    9.999e-01   1
465   3    4.481e-02   1
465   4    4.962e-04   0
466   1    7.378e-03   0
466   2    1.726e-02   0
467   1    9.981e-01   1
467   2    9.981e-01   1
467   3    9.975e-01   1
467   4    9.125e-01   1
467   5    1.168e-02   0
468   1    9.993e-01   1
468   2    9.993e-01   1
468   3    9.979e-01   1
468   4    9.545e-01   1
468   5    4.584e-03   0
469   1    9.973e-01   1
469   2    9.973e-01   1
469   3    9.973e-01   1
469   4    9.973e-01   1
469   5    1.675e-02   1
470   1    9.971e-01   1
470   2    9.971e-01   1
470   3    9.483e-01   1
470   4    4.141e-01   1
470   5    1.811e-02   1
471   1    9.974e-01   1
471   2    4.924e-02   0
471   3    1.336e-03   0
472   1    9.972e-01   1
472   2    9.972e-01   1
472   3    9.962e-01   1
472   4    1.448e-02   0
473   1    9.983e-01   1
473   2    9.983e-01   1
473   3    9.260e-01   1
473   4    7.091e-01   1
473   5    1.032e-02   0
474   1    9.977e-01   1
474   2    7.198e-02   1
474   3    8.681e-04   0
475   1    9.995e-01   1
475   2    9.995e-01   1
475   3    9.978e-01   1
475   4    2.413e-03   0
476   1    9.979e-01   1
476   2    9.979e-01   1
476   3    9.857e-01   1
476   4    1.104e-02   1
477   1    9.988e-01   1
477   2    8.349e-01   1
477   3    3.274e-02   0
477   4    2.292e-04   0
478   1    9.999e-01   1
478   2    2.789e-02   0
478   3    3.650e-04   0
479   1    9.999e-01   1
479   2    9.999e-01   1
479   3    9.976e-01   1
479   4    6.796e-01   1
479   5    2.827e-01   1
479   6    8.149e-04   0
480   1    1.000e+00   1
480   2    1.000e+00   1
480   3    2.875e-02   0
480   4    1.141e-04   0
481   1    9.997e-01   1
481   2    2.435e-01   0
481   3    4.782e-02   1
481   4    6.148e-04   1
482   1    9.986e-01   1
482   2    9.986e-01   1
482   3    5.679e-03   1
483   1    1.000e+00   1
483   2    1.000e+00   1
483   3    1.000e+00   1
483   4    9.892e-01   1
483   5    2.862e-02   1
483   6    2.599e-04   0
484   1    9.981e-01   1
484   2    5.994e-03   0
485   1    9.981e-01   1
485   2    9.981e-01   1
485   3    9.938e-01   1
485   4    8.093e-01   1
485   5    1.189e-02   0
486   1    9.971e-01   1
486   2    2.025e-03   0
487   1    2.500e-02   0
487   2    8.607e-03   0
488   1    3.124e-01   0
488   2    6.191e-02   0
488   3    5.637e-02   0
489   1    9.982e-01   1
489   2    3.474e-01   1
489   3    1.563e-01   1
489   4    5.703e-03   0
490   1    9.996e-01   1
490   2    9.868e-01   1
490   3    9.524e-02   0
490   4    4.795e-04   0
491   1    1.000e+00   1
491   2    1.000e+00   1
491   3    1.000e+00   1
491   4    9.999e-01   1
491   5    5.932e-01   1
491   6    3.446e-02   1
491   7    6.422e-05   1
492   1    4.121e-02   0
492   2    1.232e-02   0
493   1    9.991e-01   1
493   2    8.552e-01   1
493   3    2.428e-01   1
493   4    1.038e-01   1
493   5    3.229e-04   0
494   1    9.999e-01   1
494   2    9.999e-01   1
494   3    9.402e-01   1
494   4    6.449e-01   1
494   5    6.262e-04   0
495   1    9.969e-01   1
495   2    9.969e-01   1
495   3    1.822e-01   1
495   4    1.625e-02   1
496   1    9.995e-01   1
496   2    9.995e-01   1
496   3    9.995e-01   1
496   4    7.774e-01   1
496   5    3.108e-03   0
497   1    9.996e-01   1
497   2    9.971e-01   1
497   3    5.159e-01   1
497   4    2.551e-02   0
497   5    1.993e-04   0
498   1    9.990e-01   1
498   2    9.990e-01   1
498   3    9.986e-01   1
498   4    5.442e-03   0
499   1    1.318e-01   0
499   2    1.831e-02   0
500   1    9.981e-01   1
500   2    9.981e-01   1
500   3    7.832e-03   0
501   1    1.000e+00   1
501   2    1.000e+00   1
501   3    7.808e-02   1
501   4    2.536e-04   0
502   1    9.997e-01   1
502   2    9.428e-01   1
502   3    2.640e-01   1
502   4    1.759e-03   0
503   1    9.969e-01   1
503   2    9.970e-01   1
503   3    9.424e-01   1
503   4    5.096e-03   0
504   1    9.912e-02   0
504   2    3.373e-02   0
505   1    9.999e-01   1
505   2    9.999e-01   1
505   3    4.940e-02   1
505   4    6.349e-04   0
506   1    1.000e+00   1
506   2    9.992e-01   1
506   3    2.710e-02   0
506   4    1.900e-04   0
507   1    9.998e-01   1
507   2    9.998e-01   1
507   3    9.944e-01   1
507   4    5.296e-01   1
507   5    5.117e-02   1
507   6    1.344e-03   1
508   1    4.724e-02   0
508   2    1.796e-03   0
509   1    9.970e-01   1
509   2    9.970e-01   1
509   3    9.968e-01   1
509   4    1.545e-02   1
510   1    9.935e-01   1
510   2    2.096e-02   0
511   1    1.000e+00   1
511   2    1.000e+00   1
511   3    9.901e-01   1
511   4    3.619e-02   1
511   5    1.049e-04   0
512   1    2.781e-02   0
512   2    6.647e-02   1
513   1    1.000e+00   1
513   2    9.493e-01   1
513   3    3.256e-02   0
513   4    1.574e-04   0
514   1    9.988e-01   1
514   2    1.382e-01   0
514   3    4.430e-03   0
515   1    4.449e-02   0
515   2    2.562e-02   0
516   1    1.000e+00   1
516   2    9.996e-01   1
516   3    9.669e-01   1
516   4    4.543e-02   1
516   5    2.965e-04   0
517   1    9.999e-01   1
517   2    9.935e-01   1
517   3    3.370e-02   1
517   4    6.007e-04   0
518   1    9.983e-01   1
518   2    9.983e-01   1
518   3    7.352e-01   0
518   4    8.648e-03   0
519   1    1.000e+00   1
519   2    1.000e+00   1
519   3    1.000e+00   1
519   4    1.000e+00   1
519   5    1.000e+00   1
519   6    8.878e-01   1
519   7    2.516e-04   0
520   1    9.997e-01   1
520   2    9.997e-01   1
520   3    9.985e-01   1
520   4    9.020e-01   1
520   5    1.570e-03   0
521   1    9.974e-01   1
521   2    9.213e-01   1
521   3    9.861e-02   1
521   4    1.121e-02   0
522   1    1.000e+00   1
522   2    1.000e+00   1
522   3    9.998e-01   1
522   4    6.963e-01   1
522   5    3.560e-02   1
522   6    1.177e-04   1
523   1    9.999e-01   1
523   2    9.993e-01   1
523   3    1.461e-01   1
523   4    2.522e-04   0
524   1    9.956e-01   1
524   2    1.378e-02   0
525   1    9.993e-01   1
525   2    9.993e-01   1
525   3    9.993e-01   1
525   4    9.990e-01   1
525   5    4.161e-03   0
526   1    9.999e-01   1
526   2    9.997e-01   1
526   3    5.284e-01   1
526   4    7.707e-04   0
527   1    9.991e-01   1
527   2    8.779e-01   1
527   3    3.488e-01   1
527   4    4.520e-03   1
528   1    9.999e-01   1
528   2    9.999e-01   1
528   3    1.351e-01   1
528   4    5.161e-04   0
529   1    9.968e-01   1
529   2    1.513e-01   1
529   3    9.493e-03   1
530   1    9.989e-01   1
530   2    9.989e-01   1
530   3    9.988e-01   1
530   4    7.961e-01   1
530   5    7.006e-03   1
531   1    9.976e-01   1
531   2    9.976e-01   1
531   3    9.347e-01   1
531   4    1.252e-02   1
532   1    9.920e-01   1
532   2    8.898e-01   1
532   3    1.497e-02   1
533   1    9.996e-01   1
533   2    9.996e-01   1
533   3    9.996e-01   1
533   4    9.996e-01   1
533   5    8.626e-01   1
533   6    2.623e-03   0
534   1    9.993e-01   1
534   2    6.841e-01   1
534   3    1.498e-01   1
534   4    3.573e-03   1
535   1    9.990e-01   1
535   2    9.990e-01   1
535   3    5.753e-01   1
535   4    8.080e-02   1
535   5    6.370e-03   1
536   1    9.973e-01   1
536   2    9.417e-01   1
536   3    1.115e-02   0
537   1    9.940e-01   1
537   2    1.943e-02   1
538   1    9.960e-01   1
538   2    1.101e-01   0
538   3    9.346e-04   0
539   1    1.111e-01   0
539   2    1.992e-02   0
540   1    6.583e-03   0
540   2    4.152e-03   0
541   1    9.998e-01   1
541   2    9.998e-01   1
541   3    3.425e-02   0
541   4    1.188e-03   1
542   1    9.990e-01   1
542   2    4.653e-02   1
542   3    3.095e-03   0
543   1    9.951e-01   1
543   2    1.583e-02   0
544   1    9.977e-01   1
544   2    4.843e-02   0
544   3    2.310e-03   1
545   1    9.967e-01   1
545   2    9.967e-01   1
545   3    1.396e-02   1
546   1    1.960e-01   1
546   2    1.950e-01   1
546   3    7.348e-03   1
547   1    9.964e-01   1
547   2    9.960e-01   1
547   3    9.376e-01   1
547   4    1.871e-02   0
548   1    6.874e-01   1
548   2    5.075e-02   0
548   3    8.215e-03   0
549   1    9.973e-01   1
549   2    9.973e-01   1
549   3    9.594e-01   1
549   4    1.385e-02   0
550   1    9.998e-01   1
550   2    7.773e-02   1
550   3    7.368e-04   1
551   1    9.996e-01   1
551   2    8.769e-02   1
551   3    1.618e-03   1
552   1    9.982e-01   1
552   2    9.982e-01   1
552   3    6.105e-01   1
552   4    9.211e-03   0
553   1    1.000e+00   1
553   2    1.000e+00   1
553   3    7.150e-02   0
553   4    2.341e-04   0
554   1    1.000e+00   1
554   2    9.806e-01   1
554   3    5.182e-01   1
554   4    6.592e-02   1
554   5    2.387e-04   0
555   1    9.997e-01   1
555   2    9.997e-01   1
555   3    9.990e-01   1
555   4    9.635e-01   1
555   5    2.223e-01   1
555   6    2.202e-03   1
556   1    9.998e-01   1
556   2    7.722e-01   1
556   3    7.155e-02   1
556   4    9.995e-04   0
557   1    9.984e-01   1
557   2    2.069e-01   1
557   3    6.824e-03   0
558   1    9.980e-01   1
558   2    9.980e-01   1
558   3    8.367e-03   0
559   1    9.994e-01   1
559   2    9.994e-01   1
559   3    9.991e-01   1
559   4    6.004e-01   1
559   5    3.561e-01   1
559   6    4.028e-03   0
560   1    9.999e-01   1
560   2    9.999e-01   1
560   3    9.994e-01   1
560   4    9.605e-01   1
560   5    3.798e-01   1
560   6    4.871e-04   0
561   1    9.999e-01   1
561   2    9.999e-01   1
561   3    9.903e-01   1
561   4    4.453e-02   1
561   5    4.521e-04   0
562   1    9.990e-01   1
562   2    9.990e-01   1
562   3    9.918e-01   1
562   4    6.397e-01   1
562   5    3.819e-01   1
562   6    7.217e-03   1
563   1    9.987e-01   1
563   2    9.987e-01   1
563   3    9.772e-01   1
563   4    6.996e-03   0
564   1    9.996e-01   1
564   2    9.996e-01   1
564   3    9.996e-01   1
564   4    9.989e-01   1
564   5    2.201e-03   1
565   1    9.995e-01   1
565   2    9.995e-01   1
565   3    9.917e-01   1
565   4    5.111e-01   1
565   5    2.817e-03   0
566   1    9.987e-01   1
566   2    9.987e-01   1
566   3    9.964e-01   1
566   4    6.603e-03   0
567   1    9.989e-01   1
567   2    9.959e-01   1
567   3    8.473e-01   1
567   4    3.406e-01   1
567   5    6.346e-03   0
568   1    9.969e-01   1
568   2    9.777e-01   1
568   3    1.632e-01   1
568   4    1.572e-02   1
569   1    9.983e-01   1
569   2    9.983e-01   1
569   3    9.982e-01   1
569   4    9.015e-03   0
570   1    1.224e-01   0
570   2    1.101e-02   0
571   1    9.998e-01   1
571   2    6.730e-02   0
571   3    4.009e-04   0
572   1    9.994e-01   1
572   2    9.994e-01   1
572   3    9.994e-01   1
572   4    9.994e-01   1
572   5    9.851e-01   1
572   6    1.249e-01   1
572   7    4.917e-03   1
573   1    9.961e-01   1
573   2    9.961e-01   1
573   3    1.652e-02   1
574   1    9.998e-01   1
574   2    9.725e-01   1
574   3    6.552e-02   0
574   4    1.084e-03   0
575   1    9.999e-01   1
575   2    9.999e-01   1
575   3    9.999e-01   1
575   4    9.990e-01   1
575   5    1.133e-01   1
575   6    4.350e-04   0
576   1    9.994e-01   1
576   2    9.994e-01   1
576   3    2.699e-03   1
577   1    9.933e-01   1
577   2    1.932e-02   0
578   1    9.995e-01   1
578   2    9.995e-01   1
578   3    9.744e-01   1
578   4    2.849e-03   0
579   1    1.000e+00   1
579   2    1.000e+00   1
579   3    1.000e+00   1
579   4    2.611e-02   0
579   5    5.218e-05   0
580   1    9.973e-01   1
580   2    8.732e-03   0
581   1    1.233e-01   0
581   2    7.947e-02   0
582   1    9.997e-01   1
582   2    4.042e-02   0
582   3    1.250e-03   0
583   1    1.000e+00   1
583   2    1.000e+00   1
583   3    1.000e+00   1
583   4    2.790e-02   1
583   5    3.030e-05   0
584   1    9.995e-01   1
584   2    9.995e-01   1
584   3    7.990e-02   0
584   4    2.436e-03   1
585   1    9.981e-01   1
585   2    9.979e-01   1
585   3    8.191e-01   1
585   4    2.109e-01   1
585   5    1.145e-02   1
586   1    9.996e-01   1
586   2    3.207e-01   1
586   3    1.660e-03   0
587   1    1.000e+00   1
587   2    1.000e+00   1
587   3    9.999e-01   1
587   4    5.613e-02   1
587   5    7.684e-05   0
588   1    9.967e-01   1
588   2    9.967e-01   1
588   3    9.966e-01   1
588   4    9.348e-01   1
588   5    2.042e-02   0
589   1    9.979e-01   1
589   2    8.540e-01   1
589   3    6.277e-02   1
589   4    5.712e-03   1
590   1    9.995e-01   1
590   2    9.995e-01   1
590   3    9.995e-01   1
590   4    9.995e-01   1
590   5    9.977e-01   1
590   6    3.356e-03   0
591   1    9.983e-01   1
591   2    9.983e-01   1
591   3    7.008e-03   0
592   1    9.999e-01   1
592   2    9.999e-01   1
592   3    8.157e-01   1
592   4    1.475e-01   1
592   5    5.806e-04   1
593   1    9.966e-01   1
593   2    9.964e-01   1
593   3    4.294e-01   1
593   4    1.758e-02   1
594   1    9.901e-01   1
594   2    1.254e-02   0
595   1    1.000e+00   1
595   2    2.508e-02   1
595   3    5.321e-05   1
596   1    9.999e-01   1
596   2    9.999e-01   1
596   3    9.859e-01   1
596   4    6.592e-01   1
596   5    7.792e-02   1
596   6    5.266e-04   0
597   1    1.000e+00   1
597   2    9.854e-01   1
597   3    2.852e-02   0
597   4    8.292e-05   0
598   1    9.989e-01   1
598   2    8.222e-01   0
598   3    2.893e-01   1
598   4    1.246e-03   0
599   1    9.998e-01   1
599   2    9.998e-01   1
599   3    4.880e-02   0
599   4    1.097e-03   0
600   1    9.998e-01   1
600   2    2.650e-01   1
600   3    8.923e-04   0
601   1    9.943e-01   1
601   2    1.832e-02   0
602   1    9.991e-01   1
602   2    8.441e-01   1
602   3    3.936e-03   0
603   1    9.999e-01   1
603   2    9.999e-01   1
603   3    4.882e-02   0
603   4    2.594e-04   0
604   1    9.999e-01   1
604   2    9.999e-01   1
604   3    8.873e-02   1
604   4    2.637e-04   0
605   1    1.000e+00   1
605   2    1.000e+00   1
605   3    1.000e+00   1
605   4    9.970e-01   1
605   5    5.859e-02   1
605   6    1.665e-04   1
606   1    9.995e-01   1
606   2    9.995e-01   1
606   3    5.661e-01   1
606   4    2.771e-03   0
607   1    8.482e-01   1
607   2    4.226e-02   0
607   3    2.249e-03   0
608   1    9.992e-01   1
608   2    9.992e-01   1
608   3    9.992e-01   1
608   4    9.989e-01   1
608   5    9.036e-01   1
608   6    5.581e-03   0
609   1    9.993e-01   1
609   2    9.993e-01   1
609   3    9.991e-01   1
609   4    3.865e-03   0
610   1    9.969e-01   1
610   2    9.969e-01   1
610   3    1.313e-02   1
611   1    9.978e-01   1
611   2    9.978e-01   1
611   3    9.978e-01   1
611   4    7.398e-01   1
611   5    1.362e-02   0
612   1    9.987e-01   1
612   2    9.971e-01   1
612   3    4.614e-01   1
612   4    6.556e-03   1
613   1    9.997e-01   1
613   2    4.557e-02   0
613   3    1.456e-03   0
614   1    9.706e-01   1
614   2    1.993e-02   0
615   1    9.983e-01   1
615   2    9.036e-01   1
615   3    7.112e-03   0
616   1    1.000e+00   1
616   2    9.999e-01   1
616   3    9.877e-01   1
616   4    5.703e-01   1
616   5    2.446e-04   0
617   1    9.960e-01   1
617   2    9.960e-01   1
617   3    9.960e-01   1
617   4    2.079e-02   0
618   1    9.984e-01   1
618   2    9.352e-01   1
618   3    6.414e-03   0
619   1    9.968e-01   1
619   2    9.042e-01   1
619   3    1.322e-02   0
620   1    9.996e-01   1
620   2    9.996e-01   1
620   3    2.494e-01   1
620   4    1.912e-03   0
621   1    9.999e-01   1
621   2    9.560e-01   1
621   3    6.230e-02   0
621   4    4.288e-04   0
622   1    9.999e-01   1
622   2    7.579e-01   1
622   3    2.220e-01   1
622   4    6.926e-04   0
623   1    9.999e-01   1
623   2    9.999e-01   1
623   3    9.983e-01   1
623   4    6.194e-02   1
623   5    4.423e-04   0
624   1    9.986e-01   1
624   2    9.986e-01   1
624   3    9.986e-01   1
624   4    9.984e-01   1
624   5    7.599e-01   1
624   6    9.945e-03   1
625   1    9.985e-01   1
625   2    9.924e-01   1
625   3    3.376e-01   1
625   4    7.773e-03   0
626   1    9.998e-01   1
626   2    2.845e-01   1
626   3    2.922e-02   1
626   4    1.188e-03   1
627   1    9.989e-01   1
627   2    9.989e-01   1
627   3    4.267e-01   1
627   4    5.854e-03   0
628   1    9.978e-01   1
628   2    9.978e-01   1
628   3    3.873e-01   1
628   4    1.118e-02   0
629   1    6.135e-02   0
629   2    1.570e-02   0
630   1    9.997e-01   1
630   2    9.988e-01   1
630   3    4.404e-01   1
630   4    1.334e-03   0
631   1    9.991e-01   1
631   2    9.991e-01   1
631   3    8.831e-01   1
631   4    4.544e-03   1
632   1    9.972e-01   1
632   2    9.971e-01   1
632   3    9.881e-01   1
632   4    3.417e-01   1
632   5    1.743e-02   1
633   1    9.996e-01   1
633   2    4.423e-01   1
633   3    1.712e-03   0
634   1    9.997e-01   1
634   2    9.997e-01   1
634   3    9.997e-01   1
634   4    1.515e-03   0
635   1    1.000e+00   1
635   2    1.000e+00   1
635   3    3.859e-02   1
635   4    1.281e-04   0
636   1    9.914e-01   1
636   2    1.771e-01   0
636   3    9.739e-03   0
637   1    9.977e-01   1
637   2    9.977e-01   1
637   3    9.975e-01   1
637   4    8.719e-01   1
637   5    1.407e-02   0
638   1    9.971e-01   1
638   2    9.971e-01   1
638   3    1.205e-02   0
639   1    9.992e-01   1
639   2    9.992e-01   1
639   3    9.992e-01   1
639   4    9.992e-01   1
639   5    9.991e-01   1
639   6    6.062e-03   1
640   1    9.960e-01   1
640   2    9.960e-01   1
640   3    1.680e-02   1
641   1    9.964e-01   1
641   2    9.962e-01   1
641   3    1.522e-02   0
642   1    9.999e-01   1
642   2    9.642e-01   1
642   3    4.622e-01   1
642   4    3.934e-02   0
642   5    7.446e-04   1
643   1    9.998e-01   1
643   2    9.998e-01   1
643   3    9.948e-01   1
643   4    3.436e-01   1
643   5    1.536e-03   0
644   1    1.000e+00   1
644   2    1.000e+00   1
644   3    4.428e-02   1
644   4    1.126e-04   0
645   1    4.380e-01   1
645   2    1.080e-02   0
646   1    9.999e-01   1
646   2    9.999e-01   1
646   3    3.402e-02   0
646   4    2.989e-04   0
647   1    9.987e-01   1
647   2    3.276e-01   1
647   3    5.184e-03   0
648   1    9.990e-01   1
648   2    3.380e-03   0
649   1    1.000e+00   1
649   2    1.000e+00   1
649   3    9.994e-01   1
649   4    4.531e-02   1
649   5    6.288e-05   1
650   1    9.998e-01   1
650   2    9.998e-01   1
650   3    2.810e-01   1
650   4    9.645e-04   0
651   1    9.974e-01   1
651   2    5.712e-03   0
652   1    9.970e-01   1
652   2    9.970e-01   1
652   3    9.969e-01   1
652   4    1.563e-02   1
653   1    5.105e-02   0
653   2    1.679e-01   1
654   1    2.331e-01   0
654   2    3.505e-02   0
655   1    9.992e-01   1
655   2    9.992e-01   1
655   3    9.000e-01   1
655   4    4.165e-03   0
656   1    9.979e-01   1
656   2    9.979e-01   1
656   3    9.979e-01   1
656   4    9.978e-01   1
656   5    9.648e-01   1
656   6    1.513e-02   1
657   1    9.989e-01   1
657   2    9.989e-01   1
657   3    4.442e-03   0
658   1    9.993e-01   1
658   2    9.993e-01   1
658   3    9.992e-01   1
658   4    5.456e-01   1
658   5    4.495e-03   0
659   1    9.999e-01   1
659   2    9.999e-01   1
659   3    9.999e-01   1
659   4    9.999e-01   1
659   5    9.641e-01   1
659   6    4.911e-01   1
659   7    8.202e-02   1
659   8    5.536e-04   0
660   1    9.995e-01   1
660   2    9.995e-01   1
660   3    9.935e-01   1
660   4    2.824e-03   0
661   1    9.954e-01   1
661   2    9.954e-01   1
661   3    1.929e-02   0
662   1    9.970e-01   1
662   2    6.721e-02   1
662   3    1.598e-03   0
663   1    9.998e-01   1
663   2    9.998e-01   1
663   3    9.982e-01   1
663   4    1.927e-01   1
663   5    1.509e-03   0
664   1    9.975e-01   1
664   2    7.986e-03   0
665   1    1.000e+00   1
665   2    9.934e-01   1
665   3    3.312e-02   0
665   4    5.246e-05   0
666   1    9.983e-01   1
666   2    9.983e-01   1
666   3    9.919e-01   1
666   4    9.621e-01   1
666   5    6.386e-01   1
666   6    1.186e-02   1
667   1    9.979e-01   1
667   2    9.979e-01   1
667   3    8.225e-01   1
667   4    1.093e-02   1
668   1    5.746e-01   1
668   2    1.472e-02   0
669   1    9.985e-01   1
669   2    9.954e-01   1
669   3    8.192e-01   1
669   4    7.726e-03   0
670   1    9.975e-01   1
670   2    9.973e-01   1
670   3    1.066e-02   0
671   1    9.976e-01   1
671   2    9.976e-01   1
671   3    9.739e-01   1
671   4    5.025e-01   1
671   5    1.503e-02   1
672   1    9.990e-01   1
672   2    8.644e-01   1
672   3    3.442e-01   1
672   4    3.257e-03   0
673   1    9.993e-01   1
673   2    9.993e-01   1
673   3    9.964e-01   1
673   4    3.623e-03   0
674   1    9.992e-01   1
674   2    9.992e-01   1
674   3    9.989e-01   1
674   4    9.198e-01   1
674   5    1.774e-01   1
674   6    5.459e-03   1
675   1    9.997e-01   1
675   2    9.997e-01   1
675   3    9.991e-01   1
675   4    5.048e-01   1
675   5    2.150e-03   0
676   1    9.483e-01   1
676   2    7.416e-01   1
676   3    3.876e-02   0
676   4    1.928e-03   0
677   1    9.943e-01   1
677   2    1.837e-02   1
678   1    5.983e-02   0
678   2    2.692e-02   0
679   1    9.936e-01   1
679   2    6.650e-03   0
680   1    9.962e-01   1
680   2    1.576e-01   1
680   3    1.701e-03   0
681   1    9.986e-01   1
681   2    4.464e-03   0
682   1    9.988e-01   1
682   2    9.988e-01   1
682   3    9.988e-01   1
682   4    9.986e-01   1
682   5    7.374e-03   0
683   1    1.000e+00   1
683   2    9.973e-01   0
683   3    7.557e-01   1
683   4    5.846e-02   1
683   5    2.983e-04   1
684   1    9.981e-01   1
684   2    1.293e-01   1
684   3    7.957e-03   1
685   1    9.967e-01   1
685   2    1.054e-02   0
686   1    9.993e-01   1
686   2    9.993e-01   1
686   3    7.497e-01   1
686   4    3.834e-03   0
687   1    9.992e-01   1
687   2    3.292e-02   0
687   3    1.341e-03   0
688   1    9.952e-01   1
688   2    6.614e-02   1
688   3    5.240e-04   0
689   1    9.970e-01   1
689   2    8.463e-01   1
689   3    7.518e-03   0
690   1    9.988e-01   1
690   2    9.988e-01   1
690   3    9.981e-01   1
690   4    6.399e-03   0
691   1    9.985e-01   1
691   2    9.985e-01   1
691   3    6.405e-03   0
692   1    9.978e-01   1
692   2    6.505e-02   0
692   3    1.391e-03   0
693   1    9.998e-01   1
693   2    9.138e-01   1
693   3    1.409e-01   1
693   4    1.215e-03   0
694   1    9.994e-01   1
694   2    9.994e-01   1
694   3    9.980e-01   1
694   4    5.208e-01   1
694   5    3.825e-03   0
695   1    9.996e-01   1
695   2    9.996e-01   1
695   3    9.996e-01   1
695   4    9.996e-01   1
695   5    2.645e-03   0
696   1    9.925e-01   1
696   2    6.786e-02   1
696   3    1.124e-03   0
697   1    3.080e-03   0
697   2    2.680e-03   0
698   1    1.000e+00   1
698   2    1.000e+00   1
698   3    3.384e-02   1
698   4    2.295e-04   0
699   1    9.985e-01   1
699   2    9.985e-01   1
699   3    9.971e-01   1
699   4    1.484e-01   1
699   5    9.287e-03   1
700   1    9.999e-01   1
700   2    9.971e-01   1
700   3    5.157e-02   1
700   4    3.750e-04   0
701   1    9.996e-01   1
701   2    9.996e-01   1
701   3    9.078e-01   1
701   4    2.133e-03   0
702   1    9.999e-01   1
702   2    9.999e-01   1
702   3    2.843e-01   1
702   4    6.005e-04   0
703   1    8.446e-03   0
703   2    7.973e-03   0
704   1    9.983e-01   1
704   2    9.983e-01   1
704   3    9.971e-01   1
704   4    8.892e-03   0
705   1    9.993e-01   1
705   2    9.928e-01   1
705   3    8.204e-01   1
705   4    2.394e-01   1
705   5    4.119e-03   0
706   1    9.990e-01   1
706   2    9.971e-01   1
706   3    7.951e-01   1
706   4    5.017e-03   0
707   1    4.219e-01   1
707   2    5.222e-02   0
708   1    5.083e-02   0
708   2    2.111e-02   0
709   1    9.995e-01   1
709   2    9.995e-01   1
709   3    9.486e-01   1
709   4    3.417e-02   1
709   5    3.388e-03   1
710   1    9.994e-01   1
710   2    9.440e-01   1
710   3    2.310e-03   0
711   1    9.999e-01   1
711   2    9.999e-01   1
711   3    9.841e-01   1
711   4    8.374e-01   1
711   5    3.072e-02   1
711   6    5.989e-04   1
712   1    9.983e-01   1
712   2    9.983e-01   1
712   3    9.975e-01   1
712   4    8.758e-01   1
712   5    1.032e-02   1
713   1    9.999e-01   1
713   2    9.800e-01   1
713   3    6.791e-01   1
713   4    6.518e-02   1
713   5    3.813e-04   0
714   1    9.950e-01   1
714   2    1.604e-02   0
715   1    1.000e+00   1
715   2    1.000e+00   1
715   3    4.818e-02   0
715   4    2.295e-04   0
716   1    9.991e-01   1
716   2    8.138e-01   1
716   3    1.406e-01   0
716   4    4.791e-03   1
717   1    9.973e-01   1
717   2    9.890e-01   1
717   3    6.639e-01   1
717   4    1.766e-01   1
717   5    1.693e-02   1
718   1    9.998e-01   1
718   2    9.974e-01   1
718   3    9.646e-02   1
718   4    1.053e-03   0
719   1    9.988e-01   1
719   2    9.988e-01   1
719   3    4.990e-03   0
720   1    9.998e-01   1
720   2    9.998e-01   1
720   3    9.938e-01   1
720   4    1.765e-01   1
720   5    9.630e-04   0
721   1    1.000e+00   1
721   2    9.999e-01   1
721   3    8.812e-01   1
721   4    2.388e-02   1
721   5    5.931e-05   0
722   1    9.999e-01   1
722   2    9.998e-01   1
722   3    1.036e-01   1
722   4    5.123e-04   0
723   1    3.659e-01   1
723   2    2.536e-01   1
723   3    7.820e-02   1
724   1    9.969e-01   1
724   2    9.969e-01   1
724   3    9.923e-01   1
724   4    1.612e-02   0
725   1    1.000e+00   1
725   2    1.000e+00   1
725   3    1.000e+00   1
725   4    9.717e-01   1
725   5    4.784e-02   1
725   6    1.108e-05   0
726   1    9.999e-01   1
726   2    2.649e-01   1
726   3    3.950e-02   1
726   4    4.607e-04   0
727   1    9.969e-01   1
727   2    9.969e-01   1
727   3    9.968e-01   1
727   4    8.541e-01   1
727   5    1.916e-02   1
728   1    9.997e-01   1
728   2    9.997e-01   1
728   3    9.996e-01   1
728   4    2.118e-01   1
728   5    2.045e-03   1
729   1    9.999e-01   1
729   2    7.796e-01   1
729   3    6.597e-02   0
729   4    3.302e-04   0
730   1    9.998e-01   1
730   2    9.998e-01   1
730   3    9.998e-01   1
730   4    9.832e-01   1
730   5    4.918e-01   1
730   6    1.603e-03   0
731   1    9.957e-01   1
731   2    9.957e-01   1
731   3    9.956e-01   1
731   4    2.254e-02   0
732   1    1.000e+00   1
732   2    1.000e+00   1
732   3    1.000e+00   1
732   4    2.452e-02   1
732   5    3.234e-05   0
733   1    9.955e-01   1
733   2    9.954e-01   1
733   3    1.909e-02   0
734   1    9.964e-01   1
734   2    9.964e-01   1
734   3    9.963e-01   1
734   4    9.895e-01   1
734   5    2.251e-02   1
735   1    6.520e-01   1
735   2    1.114e-01   1
735   3    1.527e-02   0
736   1    7.529e-01   1
736   2    7.569e-02   1
736   3    7.127e-03   0
737   1    5.649e-02   0
737   2    3.546e-02   0
738   1    5.564e-02   0
738   2    3.202e-03   0
739   1    9.970e-01   1
739   2    9.970e-01   1
739   3    9.959e-01   1
739   4    1.553e-02   1
740   1    9.998e-01   1
740   2    9.998e-01   1
740   3    9.131e-01   1
740   4    2.331e-01   1
740   5    1.049e-03   0
741   1    9.946e-01   1
741   2    1.371e-01   1
741   3    6.221e-03   0
742   1    9.994e-01   1
742   2    9.994e-01   1
742   3    5.923e-02   0
742   4    3.184e-03   1
743   1    9.970e-01   1
743   2    9.970e-01   1
743   3    9.970e-01   1
743   4    1.545e-02   0
744   1    9.988e-01   1
744   2    9.988e-01   1
744   3    9.988e-01   1
744   4    6.052e-03   0
745   1    9.996e-01   1
745   2    9.924e-01   1
745   3    1.686e-01   1
745   4    2.007e-03   0
746   1    1.000e+00   1
746   2    1.000e+00   1
746   3    1.000e+00   1
746   4    3.658e-02   1
746   5    1.364e-04   1
747   1    9.997e-01   1
747   2    9.997e-01   1
747   3    4.556e-01   1
747   4    1.654e-03   0
748   1    9.997e-01   1
748   2    9.997e-01   1
748   3    9.997e-01   1
748   4    9.997e-01   1
748   5    9.996e-01   1
748   6    2.356e-03   0
749   1    9.964e-01   1
749   2    9.949e-01   1
749   3    1.526e-02   0
750   1    9.994e-01   1
750   2    9.994e-01   1
750   3    5.171e-01   1
750   4    2.876e-03   0
751   1    9.999e-01   1
751   2    9.999e-01   1
751   3    9.999e-01   1
751   4    9.999e-01   1
751   5    9.875e-01   1
751   6    7.057e-01   1
751   7    8.694e-04   0
752   1    9.978e-01   1
752   2    9.978e-01   1
752   3    9.324e-01   1
752   4    1.149e-02   0
753   1    1.000e+00   1
753   2    1.000e+00   1
753   3    9.958e-01   1
753   4    8.929e-01   1
753   5    2.819e-02   0
753   6    2.163e-04   1
754   1    9.991e-01   1
754   2    9.991e-01   1
754   3    8.248e-01   1
754   4    4.617e-03   0
755   1    9.967e-01   1
755   2    1.080e-02   0
756   1    9.991e-01   1
756   2    9.991e-01   1
756   3    3.750e-03   0
757   1    9.981e-01   1
757   2    9.972e-01   1
757   3    7.985e-03   0
758   1    9.958e-01   1
758   2    2.558e-01   1
758   3    1.749e-02   1
759   1    1.861e-01   0
759   2    4.304e-02   0
760   1    1.000e+00   1
760   2    1.000e+00   1
760   3    1.000e+00   1
760   4    9.961e-01   1
760   5    8.525e-01   1
760   6    2.458e-02   1
760   7    6.680e-05   0
761   1    9.987e-01   1
761   2    9.987e-01   1
761   3    7.287e-01   1
761   4    6.783e-03   0
762   1    9.985e-01   1
762   2    9.983e-01   1
762   3    6.469e-03   0
763   1    9.960e-01   1
763   2    7.943e-02   1
763   3    7.572e-04   0
764   1    9.985e-01   1
764   2    9.762e-01   1
764   3    6.310e-03   0
765   1    9.985e-01   1
765   2    9.985e-01   1
765   3    9.985e-01   1
765   4    9.985e-01   1
765   5    8.987e-03   0
766   1    9.970e-01   1
766   2    1.529e-01   1
766   3    7.222e-03   1
767   1    9.998e-01   1
767   2    9.998e-01   1
767   3    9.675e-01   1
767   4    6.245e-01   1
767   5    1.066e-03   0
768   1    9.997e-01   1
768   2    9.978e-01   1
768   3    1.040e-01   1
768   4    1.410e-03   0
769   1    9.994e-01   1
769   2    1.604e-01   0
769   3    4.015e-02   1
769   4    3.139e-03   0
770   1    9.966e-01   1
770   2    1.093e-02   0
771   1    9.999e-01   1
771   2    9.670e-01   1
771   3    9.340e-02   1
771   4    6.119e-04   0
772   1    9.999e-01   1
772   2    9.999e-01   1
772   3    9.999e-01   1
772   4    9.967e-01   1
772   5    4.715e-01   1
772   6    4.415e-04   1
773   1    9.995e-01   1
773   2    3.005e-02   0
773   3    1.897e-03   0
774   1    9.992e-01   1
774   2    9.991e-01   1
774   3    1.296e-01   0
774   4    3.719e-03   0
775   1    9.972e-01   1
775   2    9.968e-01   1
775   3    1.198e-02   0
776   1    9.988e-01   1
776   2    9.980e-01   1
776   3    5.390e-01   1
776   4    6.042e-03   0
777   1    5.201e-01   1
777   2    1.443e-02   0
778   1    9.988e-01   1
778   2    9.988e-01   1
778   3    9.627e-01   1
778   4    6.328e-03   0
779   1    9.981e-01   1
779   2    9.981e-01   1
779   3    7.838e-03   0
780   1    9.940e-01   1
780   2    3.324e-01   1
780   3    1.350e-02   0
781   1    1.660e-01   1
781   2    6.821e-02   1
782   1    1.000e+00   1
782   2    1.000e+00   1
782   3    9.882e-01   1
782   4    6.905e-01   1
782   5    6.318e-02   1
782   6    1.303e-04   0
783   1    9.988e-01   1
783   2    9.977e-01   1
783   3    9.390e-01   1
783   4    7.675e-01   1
783   5    6.151e-01   1
783   6    8.958e-03   1
784   1    9.861e-01   1
784   2    8.106e-01   1
784   3    1.683e-01   0
784   4    6.253e-03   1
785   1    1.000e+00   1
785   2    1.000e+00   1
785   3    9.999e-01   1
785   4    4.347e-02   1
785   5    7.442e-05   0
786   1    9.547e-01   1
786   2    2.088e-01   1
786   3    1.875e-03   0
787   1    9.988e-01   1
787   2    9.988e-01   1
787   3    9.240e-01   1
787   4    4.143e-01   1
787   5    7.383e-03   1
788   1    9.998e-01   1
788   2    9.998e-01   1
788   3    9.998e-01   1
788   4    9.998e-01   1
788   5    1.091e-03   0
789   1    9.980e-01   1
789   2    9.980e-01   1
789   3    9.816e-01   1
789   4    1.018e-02   1
790   1    9.999e-01   1
790   2    9.998e-01   1
790   3    7.861e-01   1
790   4    6.876e-02   1
790   5    9.201e-04   1
791   1    9.984e-01   1
791   2    7.049e-01   1
791   3    3.455e-02   1
791   4    8.182e-03   1
792   1    9.983e-01   1
792   2    9.983e-01   1
792   3    7.027e-03   1
793   1    9.998e-01   1
793   2    9.998e-01   1
793   3    9.980e-01   1
793   4    3.716e-01   1
793   5    1.291e-03   1
794   1    7.329e-02   0
794   2    2.752e-02   0
795   1    9.998e-01   1
795   2    9.996e-01   1
795   3    3.038e-02   1
795   4    9.213e-04   1
796   1    9.981e-01   1
796   2    9.977e-01   1
796   3    9.645e-01   1
796   4    3.536e-01   1
796   5    1.191e-02   0
797   1    9.976e-01   1
797   2    9.671e-01   1
797   3    1.003e-02   0
798   1    1.000e+00   1
798   2    1.000e+00   1
798   3    1.000e+00   1
798   4    1.000e+00   1
798   5    5.044e-02   1
798   6    1.105e-05   0
799   1    9.861e-01   1
799   2    7.977e-02   0
799   3    6.106e-04   0
800   1    1.000e+00   1
800   2    1.000e+00   1
800   3    9.992e-01   1
800   4    9.244e-01   1
800   5    3.757e-02   1
800   6    1.465e-05   0
801   1    9.999e-01   1
801   2    9.999e-01   1
801   3    9.999e-01   1
801   4    9.985e-01   1
801   5    4.730e-01   1
801   6    1.005e-03   0
802   1    1.000e+00   1
802   2    1.000e+00   1
802   3    1.000e+00   1
802   4    9.906e-01   1
802   5    2.556e-02   1
802   6    1.550e-05   0
803   1    9.753e-01   1
803   2    1.632e-02   0
804   1    9.998e-01   1
804   2    9.998e-01   1
804   3    9.998e-01   1
804   4    9.998e-01   1
804   5    8.793e-01   1
804   6    2.834e-01   1
804   7    1.802e-03   1
805   1    9.999e-01   1
805   2    9.999e-01   1
805   3    9.999e-01   1
805   4    9.807e-01   1
805   5    7.467e-01   1
805   6    5.777e-02   1
805   7    4.835e-04   1
806   1    9.969e-01   1
806   2    9.969e-01   1
806   3    9.969e-01   1
806   4    9.712e-01   1
806   5    1.911e-02   0
807   1    9.989e-01   1
807   2    9.989e-01   1
807   3    6.091e-01   1
807   4    5.469e-03   0
808   1    9.994e-01   1
808   2    4.515e-01   1
808   3    1.615e-01   1
808   4    3.060e-03   0
809   1    9.996e-01   1
809   2    9.996e-01   1
809   3    9.986e-01   1
809   4    2.214e-03   0
810   1    9.999e-01   1
810   2    9.998e-01   1
810   3    3.107e-02   0
810   4    3.769e-04   0
811   1    9.993e-01   1
811   2    9.993e-01   1
811   3    9.519e-01   1
811   4    3.579e-03   0
812   1    1.000e+00   1
812   2    9.936e-01   1
812   3    5.695e-02   0
812   4    1.260e-04   0
813   1    9.997e-01   1
813   2    7.613e-02   0
813   3    1.219e-03   0
814   1    9.994e-01   1
814   2    9.994e-01   1
814   3    2.690e-03   0
815   1    9.977e-01   1
815   2    9.975e-01   1
815   3    9.159e-01   1
815   4    1.196e-02   0
816   1    9.978e-01   1
816   2    9.978e-01   1
816   3    9.932e-01   1
816   4    1.126e-02   0
817   1    9.985e-01   1
817   2    9.985e-01   1
817   3    9.985e-01   1
817   4    8.033e-03   0
818   1    9.997e-01   1
818   2    9.997e-01   1
818   3    9.997e-01   1
818   4    1.396e-03   0
819   1    9.991e-01   1
819   2    9.991e-01   1
819   3    9.789e-01   1
819   4    8.275e-01   1
819   5    5.618e-03   0
820   1    9.980e-01   1
820   2    9.980e-01   1
820   3    9.810e-01   1
820   4    1.028e-02   0
821   1    6.778e-02   0
821   2    9.746e-03   0
822   1    9.937e-01   1
822   2    1.772e-02   0
823   1    9.153e-01   1
823   2    8.115e-01   1
823   3    2.962e-02   0
823   4    3.021e-03   0
824   1    4.406e-01   1
824   2    1.898e-01   0
824   3    1.488e-02   1
825   1    9.997e-01   1
825   2    9.997e-01   1
825   3    9.954e-01   1
825   4    1.489e-01   1
825   5    1.934e-03   0
826   1    9.997e-01   1
826   2    9.997e-01   1
826   3    3.789e-01   1
826   4    1.749e-03   0
827   1    9.995e-01   1
827   2    9.995e-01   1
827   3    9.995e-01   1
827   4    9.994e-01   1
827   5    3.164e-03   0
828   1    9.909e-01   1
828   2    3.782e-02   0
828   3    6.300e-04   0
829   1    9.993e-01   1
829   2    9.993e-01   1
829   3    2.801e-03   0
830   1    9.989e-01   1
830   2    3.274e-03   0
831   1    9.962e-01   1
831   2    9.077e-01   1
831   3    1.508e-02   0
832   1    9.987e-01   1
832   2    9.987e-01   1
832   3    9.987e-01   1
832   4    7.632e-01   1
832   5    8.260e-03   1
833   1    9.983e-01   1
833   2    9.982e-01   1
833   3    9.769e-01   1
833   4    7.818e-01   1
833   5    1.028e-02   1
834   1    9.963e-01   1
834   2    1.242e-01   0
834   3    5.371e-03   0
835   1    9.957e-01   1
835   2    9.926e-01   1
835   3    1.207e-01   1
835   4    2.246e-02   1
836   1    9.961e-01   1
836   2    9.961e-01   1
836   3    9.798e-01   1
836   4    2.036e-02   1
837   1    9.952e-01   1
837   2    3.406e-03   0
838   1    9.981e-01   1
838   2    3.439e-01   1
838   3    5.106e-03   0
839   1    9.991e-01   1
839   2    6.220e-01   1
839   3    8.258e-02   1
839   4    6.847e-04   0
840   1    9.990e-01   1
840   2    9.953e-01   1
840   3    9.313e-01   1
840   4    5.047e-03   0
841   1    9.992e-01   1
841   2    9.992e-01   1
841   3    8.097e-02   1
841   4    4.398e-03   1
842   1    9.993e-01   1
842   2    5.452e-01   1
842   3    2.748e-03   0
843   1    9.815e-01   1
843   2    2.603e-01   1
843   3    1.054e-02   0
844   1    9.992e-01   1
844   2    4.505e-01   1
844   3    5.457e-02   0
844   4    1.752e-03   0
845   1    9.972e-01   1
845   2    4.922e-01   1
845   3    2.102e-03   0
846   1    9.997e-01   1
846   2    3.705e-02   1
846   3    1.436e-03   1
847   1    9.968e-01   1
847   2    9.968e-01   1
847   3    6.813e-01   1
847   4    1.678e-02   1
848   1    9.998e-01   1
848   2    9.998e-01   1
848   3    9.813e-01   1
848   4    4.593e-01   1
848   5    1.387e-03   0
849   1    9.985e-01   1
849   2    9.231e-01   1
849   3    5.859e-03   0
850   1    9.979e-01   1
850   2    9.977e-01   1
850   3    9.446e-01   1
850   4    1.105e-02   1
851   1    9.986e-01   1
851   2    4.677e-03   0
852   1    9.998e-01   1
852   2    9.998e-01   1
852   3    2.546e-01   1
852   4    7.982e-04   0
853   1    5.069e-02   1
853   2    7.609e-03   0
854   1    3.593e-02   0
854   2    3.354e-02   0
855   1    1.000e+00   1
855   2    7.329e-01   1
855   3    3.746e-01   1
855   4    4.613e-02   1
855   5    2.899e-04   0
856   1    9.992e-01   1
856   2    9.992e-01   1
856   3    9.992e-01   1
856   4    9.992e-01   1
856   5    8.373e-01   1
856   6    5.749e-03   1
857   1    9.989e-01   1
857   2    9.989e-01   1
857   3    9.979e-01   1
857   4    4.468e-01   1
857   5    6.975e-03   0
858   1    2.403e-02   0
858   2    2.324e-02   0
859   1    3.358e-01   1
859   2    2.912e-02   0
860   1    4.140e-02   0
860   2    5.011e-03   0
861   1    9.989e-01   1
861   2    9.989e-01   1
861   3    4.510e-03   0
862   1    9.991e-01   1
862   2    9.983e-01   1
862   3    9.817e-01   1
862   4    1.677e-01   1
862   5    5.628e-03   1
863   1    7.534e-02   0
863   2    6.760e-02   0
864   1    9.978e-01   1
864   2    7.080e-03   0
865   1    9.996e-01   1
865   2    9.996e-01   1
865   3    9.996e-01   1
865   4    9.965e-01   1
865   5    2.703e-03   0
866   1    9.999e-01   1
866   2    9.999e-01   1
866   3    8.977e-02   1
866   4    6.205e-04   0
867   1    9.998e-01   1
867   2    9.998e-01   1
867   3    9.997e-01   1
867   4    6.828e-01   1
867   5    2.106e-01   1
867   6    1.637e-03   0
868   1    1.000e+00   1
868   2    1.000e+00   1
868   3    9.997e-01   1
868   4    9.039e-02   1
868   5    1.910e-04   1
869   1    1.000e+00   1
869   2    9.354e-01   1
869   3    2.960e-02   1
869   4    1.953e-04   0
870   1    9.986e-01   1
870   2    9.986e-01   1
870   3    9.986e-01   1
870   4    6.775e-01   1
870   5    8.771e-03   1
871   1    9.998e-01   1
871   2    9.997e-01   1
871   3    9.213e-02   0
871   4    8.477e-04   1
872   1    9.976e-01   1
872   2    9.976e-01   1
872   3    1.018e-02   0
873   1    1.345e-01   0
873   2    4.710e-02   0
874   1    1.000e+00   1
874   2    1.000e+00   1
874   3    3.598e-02   1
874   4    2.107e-04   1
875   1    1.000e+00   1
875   2    1.000e+00   1
875   3    9.592e-01   1
875   4    3.064e-02   0
875   5    5.474e-05   0
876   1    9.999e-01   1
876   2    5.247e-01   0
876   3    2.845e-02   1
876   4    6.512e-04   1
877   1    1.000e+00   1
877   2    1.000e+00   1
877   3    9.999e-01   1
877   4    6.927e-02   0
877   5    2.383e-04   0
878   1    9.996e-01   1
878   2    9.996e-01   1
878   3    9.961e-01   1
878   4    2.158e-03   0
879   1    9.981e-01   1
879   2    9.748e-01   1
879   3    7.904e-03   0
880   1    2.057e-01   1
880   2    1.891e-02   0
881   1    9.980e-01   1
881   2    9.980e-01   1
881   3    9.979e-01   1
881   4    1.019e-02   1
882   1    9.996e-01   1
882   2    9.996e-01   1
882   3    9.983e-01   1
882   4    1.127e-01   1
882   5    2.361e-03   1
883   1    9.992e-01   1
883   2    9.992e-01   0
883   3    9.992e-01   0
883   4    9.992e-01   0
883   5    1.425e-01   0
883   6    5.658e-03   1
884   1    9.980e-01   1
884   2    7.956e-01   1
884   3    3.924e-02   0
884   4    1.136e-04   0
885   1    1.000e+00   1
885   2    9.991e-01   1
885   3    9.371e-01   1
885   4    3.050e-02   1
885   5    1.477e-04   0
886   1    9.994e-01   1
886   2    9.994e-01   1
886   3    2.370e-03   0
887   1    9.985e-01   1
887   2    3.703e-03   0
888   1    9.961e-01   1
888   2    9.954e-01   1
888   3    2.479e-01   1
888   4    2.043e-02   1
889   1    9.968e-01   1
889   2    8.710e-01   1
889   3    1.042e-02   1
890   1    7.181e-01   0
890   2    8.718e-03   0
891   1    9.999e-01   1
891   2    7.512e-01   1
891   3    7.297e-02   0
891   4    5.375e-04   0
892   1    9.998e-01   1
892   2    9.998e-01   1
892   3    9.724e-01   1
892   4    4.449e-02   1
892   5    1.043e-03   1
893   1    9.999e-01   1
893   2    9.999e-01   1
893   3    8.987e-01   1
893   4    2.772e-01   1
893   5    3.877e-04   0
894   1    9.999e-01   1
894   2    9.999e-01   1
894   3    1.131e-01   1
894   4    3.585e-04   0
895   1    9.994e-01   1
895   2    9.994e-01   1
895   3    8.942e-01   1
895   4    3.693e-01   1
895   5    3.528e-03   0
896   1    9.999e-01   1
896   2    9.955e-01   1
896   3    2.490e-01   0
896   4    4.412e-02   1
896   5    1.042e-04   0
897   1    9.999e-01   1
897   2    9.999e-01   1
897   3    9.588e-01   1
897   4    9.313e-02   1
897   5    6.428e-04   0
898   1    9.989e-01   1
898   2    9.989e-01   1
898   3    9.964e-01   1
898   4    5.561e-03   0
899   1    9.992e-01   1
899   2    9.991e-01   1
899   3    7.717e-01   1
899   4    4.337e-03   1
900   1    9.960e-01   1
900   2    1.299e-02   0
901   1    3.436e-02   0
901   2    3.430e-02   0
902   1    9.996e-01   1
902   2    9.996e-01   1
902   3    7.198e-01   1
902   4    1.604e-01   1
902   5    2.764e-03   1
903   1    9.956e-01   1
903   2    9.956e-01   1
903   3    1.843e-02   0
904   1    9.983e-01   1
904   2    9.983e-01   1
904   3    9.983e-01   1
904   4    9.876e-01   1
904   5    1.030e-02   0
905   1    9.997e-01   1
905   2    9.997e-01   1
905   3    9.996e-01   1
905   4    9.232e-01   1
905   5    1.910e-03   0
906   1    1.000e+00   1
906   2    1.000e+00   1
906   3    1.000e+00   1
906   4    9.979e-01   1
906   5    6.636e-01   1
906   6    4.155e-02   1
906   7    1.737e-04   0
907   1    1.056e-01   1
907   2    3.217e-02   0
908   1    9.998e-01   1
908   2    9.998e-01   1
908   3    2.564e-01   1
908   4    8.801e-04   0
909   1    9.996e-01   1
909   2    9.996e-01   1
909   3    9.959e-01   1
909   4    1.981e-03   0
910   1    9.993e-01   1
910   2    9.993e-01   1
910   3    9.993e-01   1
910   4    9.951e-01   1
910   5    3.053e-01   1
910   6    5.331e-03   1
911   1    9.999e-01   1
911   2    9.992e-01   1
911   3    2.434e-02   1
911   4    3.925e-04   0
912   1    9.999e-01   1
912   2    9.999e-01   1
912   3    4.616e-01   1
912   4    6.808e-02   1
912   5    3.136e-04   1
913   1    9.967e-01   1
913   2    9.966e-01   1
913   3    3.577e-01   1
913   4    7.901e-02   1
913   5    2.049e-02   1
914   1    9.976e-01   1
914   2    3.649e-01   1
914   3    4.705e-02   0
914   4    1.944e-03   0
915   1    9.978e-01   1
915   2    9.959e-01   1
915   3    7.948e-03   0
916   1    9.995e-01   1
916   2    9.970e-01   1
916   3    9.691e-01   1
916   4    1.090e-01   0
916   5    2.778e-03   1
917   1    9.961e-01   1
917   2    9.961e-01   1
917   3    1.646e-02   0
918   1    9.973e-01   1
918   2    6.766e-01   1
918   3    1.140e-02   0
919   1    1.000e+00   1
919   2    1.000e+00   1
919   3    9.998e-01   1
919   4    9.955e-01   1
919   5    5.922e-02   1
919   6    2.133e-05   1
920   1    9.962e-01   1
920   2    9.962e-01   1
920   3    1.617e-02   0
921   1    1.000e+00   1
921   2    1.000e+00   1
921   3    1.000e+00   1
921   4    1.000e+00   1
921   5    9.986e-01   1
921   6    2.450e-02   0
921   7    3.995e-06   0
922   1    9.999e-01   1
922   2    9.999e-01   1
922   3    9.999e-01   1
922   4    1.492e-01   1
922   5    4.292e-04   0
923   1    5.690e-02   0
923   2    1.578e-02   0
924   1    9.999e-01   1
924   2    9.999e-01   1
924   3    9.794e-02   1
924   4    5.336e-04   0
925   1    9.972e-01   1
925   2    7.460e-01   1
925   3    1.095e-02   0
926   1    9.985e-01   1
926   2    3.175e-02   1
926   3    6.784e-04   0
927   1    9.953e-01   1
927   2    5.245e-01   1
927   3    3.200e-03   0
928   1    9.999e-01   1
928   2    9.999e-01   1
928   3    8.591e-01   1
928   4    5.719e-02   1
928   5    4.250e-04   0
929   1    9.998e-01   1
929   2    9.793e-01   1
929   3    2.149e-01   1
929   4    1.226e-03   0
930   1    9.958e-01   1
930   2    9.943e-01   1
930   3    1.770e-02   0
931   1    9.119e-01   1
931   2    2.793e-02   0
931   3    7.634e-04   0
932   1    9.973e-01   1
932   2    9.973e-01   1
932   3    9.968e-01   1
932   4    1.414e-02   1
933   1    9.991e-01   1
933   2    9.991e-01   1
933   3    9.991e-01   1
933   4    9.985e-01   1
933   5    5.524e-03   0
934   1    9.982e-01   1
934   2    9.982e-01   1
934   3    9.981e-01   1
934   4    9.842e-01   1
934   5    1.142e-02   1
935   1    9.686e-01   1
935   2    5.285e-01   1
935   3    1.321e-01   1
935   4    1.674e-03   0
936   1    9.997e-01   1
936   2    9.997e-01   1
936   3    9.997e-01   1
936   4    1.439e-01   0
936   5    1.745e-03   0
937   1    1.000e+00   1
937   2    1.000e+00   1
937   3    3.044e-02   1
937   4    1.003e-04   1
938   1    9.999e-01   1
938   2    9.999e-01   1
938   3    9.498e-01   1
938   4    5.012e-01   1
938   5    5.206e-02   1
938   6    6.223e-04   0
939   1    9.999e-01   1
939   2    9.998e-01   1
939   3    9.783e-01   1
939   4    1.352e-01   1
939   5    5.710e-04   0
940   1    9.984e-01   1
940   2    9.965e-01   1
940   3    7.070e-01   1
940   4    2.352e-01   1
940   5    9.963e-03   1
941   1    9.742e-01   0
941   2    1.715e-02   0
942   1    9.981e-01   1
942   2    9.903e-01   1
942   3    4.736e-01   1
942   4    9.602e-03   0
943   1    1.000e+00   1
943   2    1.000e+00   1
943   3    7.110e-01   1
943   4    1.492e-01   1
943   5    2.322e-04   0
944   1    9.957e-01   1
944   2    9.773e-02   1
944   3    8.893e-04   0
945   1    9.987e-01   1
945   2    9.987e-01   1
945   3    5.417e-03   1
946   1    9.979e-01   1
946   2    9.979e-01   1
946   3    9.979e-01   1
946   4    5.393e-01   1
946   5    2.022e-01   1
946   6    1.501e-02   1
947   1    1.000e+00   1
947   2    1.000e+00   1
947   3    9.999e-01   1
947   4    5.623e-02   1
947   5    1.450e-04   0
948   1    9.991e-01   1
948   2    9.991e-01   1
948   3    9.991e-01   1
948   4    9.975e-01   1
948   5    9.591e-01   1
948   6    6.321e-03   0
949   1    9.976e-01   1
949   2    9.976e-01   1
949   3    7.515e-01   1
949   4    3.127e-01   1
949   5    1.489e-02   1
950   1    9.996e-01   1
950   2    9.990e-01   1
950   3    7.042e-01   1
950   4    8.468e-02   0
950   5    2.268e-03   1
951   1    9.996e-01   1
951   2    9.993e-01   1
951   3    9.046e-01   1
951   4    1.275e-01   1
951   5    2.460e-03   1
952   1    9.998e-01   1
952   2    9.998e-01   1
952   3    9.997e-01   1
952   4    1.293e-03   1
953   1    1.202e-01   1
953   2    1.814e-02   1
954   1    9.994e-01   1
954   2    6.338e-01   1
954   3    1.179e-01   1
954   4    4.688e-04   0
955   1    9.999e-01   1
955   2    9.998e-01   1
955   3    9.954e-01   1
955   4    5.799e-01   1
955   5    4.721e-02   1
955   6    1.004e-03   1
956   1    1.000e+00   1
956   2    2.785e-01   1
956   3    2.514e-02   0
956   4    6.158e-05   0
957   1    9.987e-01   1
957   2    7.639e-01   0
957   3    5.430e-03   0
958   1    9.999e-01   1
958   2    9.999e-01   1
958   3    3.377e-02   1
958   4    3.931e-04   0
959   1    9.989e-01   1
959   2    9.928e-01   1
959   3    1.386e-01   1
959   4    5.628e-03   1
960   1    9.999e-01   1
960   2    9.999e-01   1
960   3    9.983e-01   1
960   4    2.385e-01   1
960   5    5.166e-04   0
961   1    9.999e-01   1
961   2    9.999e-01   1
961   3    5.383e-01   1
961   4    1.724e-01   1
961   5    8.667e-04   1
962   1    9.999e-01   1
962   2    2.418e-02   0
962   3    1.387e-04   0
963   1    9.944e-01   1
963   2    5.672e-02   1
963   3    1.081e-03   0
964   1    9.983e-01   1
964   2    9.980e-01   1
964   3    7.086e-03   0
965   1    9.995e-01   1
965   2    1.024e-01   1
965   3    2.255e-03   0
966   1    9.996e-01   1
966   2    9.996e-01   1
966   3    5.702e-01   1
966   4    2.229e-03   0
967   1    1.626e-02   1
967   2    2.106e-02   0
968   1    9.971e-01   1
968   2    9.971e-01   1
968   3    9.913e-01   1
968   4    3.608e-01   1
968   5    1.762e-02   1
969   1    9.967e-01   1
969   2    9.967e-01   1
969   3    1.384e-02   0
970   1    1.000e+00   1
970   2    1.000e+00   1
970   3    2.423e-02   1
970   4    1.092e-04   0
971   1    9.996e-01   1
971   2    9.994e-01   1
971   3    1.041e-01   0
971   4    1.991e-03   1
972   1    8.586e-01   1
972   2    1.119e-01   0
972   3    2.631e-03   0
973   1    9.990e-01   1
973   2    9.990e-01   1
973   3    9.963e-01   1
973   4    8.610e-01   1
973   5    6.360e-03   1
974   1    9.971e-01   1
974   2    9.338e-01   1
974   3    1.198e-02   0
975   1    9.998e-01   1
975   2    9.998e-01   1
975   3    9.990e-01   1
975   4    6.548e-01   1
975   5    1.279e-03   0
976   1    9.999e-01   1
976   2    9.999e-01   1
976   3    7.138e-01   1
976   4    7.502e-02   1
976   5    5.734e-04   0
977   1    9.987e-01   1
977   2    7.666e-01   1
977   3    5.263e-03   0
978   1    9.999e-01   1
978   2    9.999e-01   1
978   3    9.996e-01   1
978   4    2.660e-01   1
978   5    7.824e-04   0
979   1    1.000e+00   1
979   2    9.989e-01   1
979   3    4.047e-01   1
979   4    2.696e-02   0
979   5    9.984e-05   0
980   1    9.998e-01   1
980   2    9.998e-01   1
980   3    9.997e-01   1
980   4    5.580e-01   1
980   5    1.448e-03   0
981   1    9.991e-01   1
981   2    9.991e-01   1
981   3    7.785e-01   1
981   4    4.877e-03   0
982   1    9.985e-01   1
982   2    9.939e-01   1
982   3    9.263e-01   1
982   4    7.801e-03   0
983   1    9.999e-01   1
983   2    9.999e-01   1
983   3    9.665e-01   1
983   4    7.050e-02   1
983   5    7.096e-04   0
984   1    9.998e-01   1
984   2    9.794e-01   1
984   3    3.587e-02   0
984   4    1.877e-04   0
985   1    9.881e-01   1
985   2    9.628e-01   1
985   3    5.511e-02   0
985   4    3.581e-04   0
986   1    2.946e-02   0
986   2    3.571e-02   0
987   1    9.993e-01   1
987   2    9.993e-01   1
987   3    9.993e-01   1
987   4    9.988e-01   1
987   5    4.384e-03   0
988   1    9.970e-01   1
988   2    9.970e-01   1
988   3    9.646e-01   1
988   4    1.572e-02   0
989   1    9.618e-01   1
989   2    4.814e-02   0
989   3    1.365e-03   0
990   1    9.995e-01   1
990   2    9.995e-01   1
990   3    1.971e-03   0
991   1    9.998e-01   1
991   2    9.979e-01   1
991   3    4.441e-02   1
991   4    1.095e-03   1
992   1    9.999e-01   1
992   2    9.999e-01   1
992   3    5.479e-02   0
992   4    4.684e-04   1
993   1    9.966e-01   1
993   2    9.879e-01   1
993   3    1.424e-02   0
994   1    5.735e-01   1
994   2    1.387e-01   1
994   3    4.936e-03   0
995   1    1.000e+00   1
995   2    9.999e-01   1
995   3    9.817e-01   1
995   4    2.539e-02   0
995   5    3.927e-05   0
996   1    9.992e-01   1
996   2    4.767e-02   0
996   3    3.409e-03   0
997   1    9.980e-01   1
997   2    9.980e-01   1
997   3    9.956e-01   1
997   4    6.832e-01   1
997   5    1.249e-02   1
998   1    9.990e-01   1
998   2    1.020e-01   0
998   3    3.961e-03   0
999   1    7.599e-03   0
999   2    4.583e-03   0
1000   1    9.998e-01   1
1000   2    9.963e-01   1
1000   3    9.651e-01   1
1000   4    8.978e-02   1
1000   5    1.083e-03   0
