pheno ENSG00000198771 ceu -0.2494844 -0.5609737 -1.17949 -1.296867 -1.488312 -0.4866918 0.2002544 -0.2914416 -0.6597731 -3.87121 -0.9572207 -1.59701 -2.84883 -1.222252 -1.133984 -3.40244 -0.5962162 0.1637046 -1.817453 -1.216677 -2.403488 -0.8309779 -1.778906 -1.142265 -0.3298284 -0.06498669 -1.413459 -2.696038 0.08610234 -1.44603 -1.940567 -1.202459 0.3631281 -0.6754222 0.1922227 -1.742558 -1.459544 -1.093312 1.374993 -1.250644 -2.753808 -3.081415 -2.10251 -2.348294 -2.954652 -0.5416142 -0.2032477 -0.1364058 -2.727807 0.3020915 -1.424647 -1.6081 -1.075709 -3.082505 -1.566773 -0.008241296 -1.109832 -2.137837 -0.3452815 -0.8436709 -0.5957792 -0.5274272 -0.9267556 1.229851 -1.455523 -0.3103387 -1.736107 -0.2458121 -2.327464 -2.080764 -2.222964 -2.360195 -0.9368122 -1.669892 -0.925144 0.1708818 -2.661166 -1.629155
pheno ENSG00000198771 fin 2.224722 1.308072 1.562792 2.198129 2.48123 0.1694362 1.992122 2.042282 1.084408 4.150659 2.481648 0.844529 1.438588 1.162854 0.7082714 0.7533693 2.117616 1.742782 0.5463512 0.9765757 1.605744 0.4512383 0.07624413 2.222693 1.1282 1.539288 1.211077 3.141935 0.586612 1.318814 1.504998 2.645335 0.4679833 3.303181 3.030543 2.47026 2.911597 0.9409403 0.1117441 1.595036 2.787813 2.368864 1.395158 2.569351 1.963364 2.141028 -0.2308913 1.42367 0.8952638 1.835145 2.416303 0.2578171 4.184119 0.2453574 3.083076 0.634814 0.03082555 1.798194 1.750243 1.394233 3.544533 2.56381 1.271033 1.05257 1.471995 0.4523612 0.837767 4.181114 1.715733 1.148361 0.1205843 1.021631 2.12178 1.914164 0.7408747 -0.5523571 2.692338 2.14125 2.307364 1.92121 2.363298 1.766423 1.18189 2.226741 2.260718 0.7473858 2.618345 1.665384 1.349145
pheno ENSG00000198771 gbr 0.6282118 -0.7465027 0.1138267 2.122838 1.468276 1.269212 0.3416754 -0.4250404 0.5513386 4.091811 0.5233832 0.9549267 0.0229996 -0.3780526 2.270878 3.100891 1.805494 -0.4752842 0.4992523 1.407027 0.8286198 0.232966 1.791009 0.863034 1.023453 1.243775 0.3666913 1.171591 1.387106 0.7708327 1.182116 1.608808 1.166223 -0.1085004 -0.5675849 0.4679159 2.564461 0.2277917 1.562162 0.436805 0.6724903 2.791389 1.153495 0.4696601 0.2686858 -0.1046725 1.785666 -0.3171206 1.591882 -1.262001 1.743651 0.2036301 0.5436126 2.005864 1.10295 0.6474316 1.156568 1.006609 1.2946 2.609383 2.641471 0.7220623 0.9805427 0.1846216 0.4684691 1.190184 1.55074 1.97321 0.5779826 -1.089358 2.697463 1.980175 0.3544566 2.16059 1.865214 1.616804 0.5733559 2.157939 0.8629317 1.454821 0.7795225 -0.2094554 1.067273 0.5274036
pheno ENSG00000198771 tsi 4.704853 1.420889 4.373364 1.218021 2.314532 1.569447 2.306145 0.7387842 1.829599 -0.4115233 2.123918 2.795927 2.718967 1.817951 1.779846 1.450656 2.139764 1.516507 2.353887 0.3232056 1.947725 1.174779 1.024891 3.355097 1.177452 1.328842 1.953354 1.66549 2.541172 2.287439 1.217938 0.8190453 0.9211111 1.050712 3.297613 2.368332 4.402673 2.034129 0.5686482 2.171346 -0.07099059 2.469493 1.808105 1.301993 1.07694 1.481491 1.66061 1.364431 1.822707 1.128336 0.8098687 3.000621 0.927244 1.981584 1.751828 2.002736 1.822707 2.314272 2.6737 2.64318 3.3342 1.606119 3.78031 2.921046 1.331645 2.304352 1.621736 3.011944 1.847346 2.32166 3.253477 3.248593 1.425404 4.01322 2.56218 2.072204 2.714244 -0.0253693 1.569572 2.344079 1.84926 1.965372 0.6789745 3.566371 3.086886 1.532254 1.360446 1.826933 1.550241 2.181843 2.16972 2.533659
pheno ENSG00000198771 yri -3.194816 -1.164858 -1.56264 -3.693171 -2.075337 -1.239545 -1.552278 -3.17543 -1.317461 -1.750468 -1.334952 -2.459546 -0.06508859 -1.586234 -1.957987 -4.034952 -2.824573 -2.042313 -1.923203 -1.080101 -1.062618 -0.5289103 -3.137777 -3.046927 -3.388433 -2.043489 -2.300101 -2.975993 -0.5414193 -1.473492 -1.509723 -3.043693 -1.277218 -0.4744343 -1.333748 -1.68777 -1.427797 -1.64025 -2.844546 -2.979707 -1.228958 -1.695493 -2.236569 -2.42268 -2.794253 -1.49612 -0.7220004 -2.130515 -3.04531 -1.917547 -1.041358 -1.655473 -2.434686 -1.170012 -3.268718 -2.077045 -1.392168 -1.421797 -2.025208 -0.5911021 -1.073913 -1.680702 -1.111471 -2.567065 0.6059382 -0.7434526 -1.459816 -0.4931131 -2.851032 -1.078393 -2.771261 -1.507151 -2.184335 -1.765885 -1.59969 -1.758566 -2.439399
geno chr1.167499460 ceu  0 1 1 1 1 1 0 0 2 0 1 1 0 0 0 0 0 0 0 0 0 1 0 1 1 1 0 0 0 0 1 0 1 0 0 1 0 0 1 0 1 1 0 0 0 0 0 0 0 1 1 0 1 1 0 0 0 0 0 1 0 0 1 1 0 1 0 0 0 2 1 0 0 1 0 0 0 1
geno chr1.167499460 fin  1 0 0 1 0 0 0 0 1 0 0 1 1 1 2 1 0 2 0 0 0 0 0 1 1 0 0 0 1 0 0 0 1 1 1 1 0 1 0 0 1 1 0 1 0 0 0 1 1 1 0 0 0 0 1 0 0 1 2 0 0 0 1 0 1 0 1 0 0 0 0 1 0 0 0 0 0 0 1 0 0 0 1 0 0 1 0 0 1
geno chr1.167499460 gbr  0 0 0 0 0 0 0 0 1 1 1 0 0 0 2 0 1 1 0 0 1 1 1 0 0 1 0 0 0 0 0 0 0 0 0 1 1 0 0 0 0 1 0 0 1 0 0 0 0 0 1 1 1 0 0 0 0 1 2 1 2 0 0 1 0 0 0 1 0 0 1 0 1 0 1 2 0 1 1 0 0 0 0 1
geno chr1.167499460 tsi  0 0 0 0 0 0 0 0 0 0 1 0 0 0 0 0 0 0 0 0 0 0 0 0 0 0 0 1 0 0 1 1 0 0 0 0 1 0 0 0 0 0 1 0 0 0 1 0 0 0 0 0 1 1 0 0 1 0 0 0 0 1 0 0 0 1 1 0 0 1 1 1 0 0 0 0 0 0 0 0 0 1 0 0 0 0 0 2 0 0 0 0
geno chr1.167499460 yri  0 0 0 0 0 1 0 1 0 1 0 0 0 0 0 1 0 0 0 0 0 0 2 0 0 0 0 0 0 1 0 0 1 0 0 0 0 0 0 0 0 0 0 1 0 0 0 1 0 0 0 0 0 1 0 0 0 0 2 0 0 0 0 0 0 0 0 1 0 0 0 2 0 0 0 1 2
geno chr1.167499599 ceu  1 2 2 1 2 2 2 2 2 2 2 2 2 2 2 1 2 2 2 1 2 2 2 2 2 1 2 2 2 2 2 2 2 2 2 2 2 1 2 2 2 2 2 2 2 2 2 2 2 2 2 2 2 1 2 1 2 1 2 2 2 2 2 2 2 1 0 2 2 2 2 2 1 2 2 2 1 2
geno chr1.167499599 fin  2 2 2 2 2 2 2 2 2 2 2 2 2 2 2 2 1 2 2 2 2 2 2 2 2 2 1 1 2 1 2 2 2 2 1 2 1 1 1 2 2 2 2 2 2 0 1 1 2 2 2 2 1 2 2 2 2 2 2 2 2 1 2 2 2 2 2 2 2 2 2 2 2 2 2 2 1 2 2 2 2 2 2 1 2 2 2 2 2
geno chr1.167499599 gbr  2 2 1 2 1 2 2 2 2 1 2 2 2 2 2 2 2 2 2 2 2 2 2 2 2 2 2 2 1 2 2 2 1 2 2 2 2 2 2 1 2 2 1 1 2 2 2 1 2 1 1 2 2 2 1 2 2 2 2 2 2 2 2 1 2 1 2 2 1 2 1 2 2 1 2 2 2 2 2 0 1 2 2 2
geno chr1.167499599 tsi  2 2 1 2 2 1 2 1 1 1 2 2 2 2 1 2 2 1 0 2 1 2 2 1 1 0 1 1 1 1 2 2 2 2 1 2 1 2 2 2 2 2 2 2 2 2 1 1 2 1 2 1 2 1 2 1 1 2 1 2 1 2 2 2 2 2 2 2 1 2 2 2 2 2 1 2 2 2 2 2 2 2 1 2 1 2 2 2 1 0 2 1
geno chr1.167499599 yri  2 2 2 2 2 2 2 2 2 2 2 2 2 2 2 2 2 2 2 2 2 2 2 2 1 2 2 1 2 2 2 2 2 2 2 2 2 2 2 2 2 1 2 2 1 1 2 2 2 2 2 2 2 2 2 2 2 2 2 2 2 2 2 2 2 1 2 1 1 2 2 2 2 2 2 2 2
geno chr1.167499631 ceu  0 1 1 1 1 1 0 0 2 0 1 1 0 0 0 0 0 0 0 0 0 1 0 1 1 1 0 0 0 0 1 0 1 0 0 1 0 0 1 0 1 1 0 0 0 0 0 0 0 1 1 0 1 1 0 0 0 0 0 1 0 0 1 1 0 1 0 0 0 2 1 0 0 1 0 0 0 1
geno chr1.167499631 fin  1 0 0 1 0 0 0 0 1 0 0 1 1 1 2 1 0 2 0 0 0 0 0 1 1 0 0 0 1 0 0 0 1 1 1 1 0 1 0 0 1 1 0 1 0 0 0 1 1 1 0 0 0 0 1 0 0 1 2 1 0 0 1 0 1 0 1 0 0 0 0 1 0 0 0 0 0 0 1 0 0 0 1 0 0 1 0 0 1
geno chr1.167499631 gbr  0 0 0 0 0 0 0 0 1 1 1 0 0 0 2 0 1 1 0 0 1 1 1 0 0 1 0 0 0 0 0 0 0 0 0 1 1 0 0 0 0 1 0 0 1 0 0 0 0 0 1 1 1 0 0 0 0 1 2 1 2 0 0 1 0 0 0 1 0 0 1 0 1 0 1 2 0 1 1 0 0 0 0 1
geno chr1.167499631 tsi  0 0 0 0 0 0 0 0 0 0 1 0 0 0 0 0 0 0 0 0 0 0 0 0 0 0 0 1 0 0 1 1 0 0 0 0 1 0 0 0 0 0 1 0 0 0 1 0 0 0 0 0 1 1 0 0 1 0 0 0 0 1 0 0 0 1 1 0 0 1 1 1 0 0 0 0 0 0 0 0 0 1 0 0 0 0 0 2 0 0 0 0
geno chr1.167499631 yri  0 0 0 0 0 1 0 1 0 1 0 0 0 0 0 1 0 0 0 0 0 0 2 0 0 0 0 0 0 1 0 0 1 0 0 0 0 0 0 0 0 0 0 1 0 0 0 1 0 0 0 0 0 1 0 0 0 0 2 0 0 0 0 0 0 0 0 1 0 0 0 2 0 0 0 1 2
geno chr1.167499695 ceu  0 1 1 1 1 1 0 0 2 0 1 1 0 0 0 0 0 0 0 0 0 1 0 1 1 1 0 0 0 0 1 0 1 0 0 1 0 0 1 0 1 1 0 0 0 0 0 0 0 1 1 0 1 1 0 0 0 0 0 1 0 0 1 1 0 1 0 0 0 2 1 0 0 1 0 0 0 1
geno chr1.167499695 fin  1 0 0 1 0 0 0 0 1 0 0 1 1 1 2 1 0 2 0 0 0 0 0 1 1 0 0 0 1 0 0 0 1 1 1 1 0 1 0 0 1 1 0 1 0 0 0 1 1 1 0 0 0 0 1 0 0 1 2 1 0 0 1 0 1 0 1 0 0 0 0 1 0 0 0 0 0 0 1 0 0 0 1 0 0 1 0 0 1
geno chr1.167499695 gbr  0 0 0 0 0 0 0 0 1 1 1 0 0 0 2 0 1 1 0 0 1 1 1 0 0 1 0 0 0 0 0 0 0 0 0 1 1 0 0 0 0 1 0 0 1 0 0 0 0 0 1 1 1 0 0 0 0 1 2 1 2 0 0 1 0 0 0 1 0 0 1 0 1 0 1 2 0 1 1 0 0 0 0 1
geno chr1.167499695 tsi  0 0 0 0 0 0 0 0 0 0 1 0 0 0 0 0 0 0 0 0 0 0 0 0 0 0 0 1 0 0 1 1 0 0 0 0 1 0 0 0 0 0 1 0 0 0 1 0 0 0 0 0 1 1 0 0 1 0 0 0 0 1 0 0 0 1 1 0 0 1 1 1 0 0 0 0 0 0 0 0 0 1 0 0 0 0 0 2 0 0 0 0
geno chr1.167499695 yri  0 0 0 0 0 1 0 1 0 1 0 0 0 0 0 1 0 0 0 0 0 0 2 0 0 0 0 0 0 1 0 0 1 0 0 0 0 0 0 0 0 0 0 1 0 0 0 1 0 0 0 0 0 1 0 0 0 0 2 0 0 0 0 0 0 0 0 1 0 0 0 2 0 0 0 1 2
geno chr1.167499783 ceu  0 1 1 1 1 1 0 0 2 0 1 1 0 0 0 0 0 0 0 0 0 1 0 1 1 1 0 0 0 0 1 0 1 0 0 1 0 0 1 0 1 1 0 0 0 0 0 0 0 1 1 0 1 1 0 0 0 0 0 1 0 0 1 1 0 1 0 0 0 2 1 0 0 1 0 0 0 1
geno chr1.167499783 fin  1 0 0 1 0 0 0 0 1 0 0 1 1 1 2 1 0 2 0 0 0 0 0 1 1 0 0 0 1 0 0 0 1 1 1 1 0 1 0 0 1 1 0 1 0 0 0 1 1 1 0 0 0 0 1 0 0 1 2 1 0 0 1 0 1 0 1 0 0 0 0 1 0 0 0 0 0 0 1 0 0 0 1 0 0 1 0 0 1
geno chr1.167499783 gbr  0 0 0 0 0 0 0 0 1 1 1 0 0 0 2 0 1 1 0 0 1 1 1 0 0 1 0 0 0 0 0 0 0 0 0 1 1 0 0 0 0 1 0 0 1 0 0 0 0 0 1 1 1 0 0 0 0 1 2 1 2 0 0 1 0 0 0 1 0 0 1 0 1 0 1 2 0 1 1 0 0 0 0 1
geno chr1.167499783 tsi  0 0 0 0 0 0 0 0 0 0 1 0 0 0 0 0 0 0 0 0 0 0 0 0 0 0 0 1 0 0 1 1 0 0 0 0 1 0 0 0 0 0 1 0 0 0 1 0 0 0 0 0 1 1 0 0 1 0 0 0 0 1 0 0 0 1 1 0 0 1 1 1 0 0 0 0 0 0 0 0 0 1 0 0 0 0 0 2 0 0 0 0
geno chr1.167499783 yri  0 0 0 0 0 1 0 1 0 1 0 0 0 0 0 1 0 0 0 0 0 0 2 0 0 0 0 0 0 1 0 0 1 0 0 0 0 0 0 0 0 0 0 1 0 0 0 1 0 0 0 0 0 1 0 0 0 0 2 0 0 0 0 0 0 0 0 1 0 0 0 2 0 0 0 1 2
geno chr1.167500075 ceu  0 1 1 1 1 1 0 0 2 0 1 1 0 0 0 0 0 0 0 0 0 1 0 1 1 1 0 0 0 0 1 0 1 0 0 1 0 0 1 0 1 1 0 0 0 0 0 0 0 1 1 0 1 1 0 0 0 0 0 1 0 0 1 1 0 1 0 0 0 2 1 0 0 1 0 0 0 1
geno chr1.167500075 fin  1 0 0 1 0 0 0 0 1 0 0 1 1 1 2 1 0 2 0 0 0 0 0 1 1 0 0 0 1 0 0 0 1 1 1 1 0 1 0 0 1 1 0 1 0 0 0 1 1 1 0 0 0 0 1 0 0 1 2 1 0 0 1 0 1 0 1 0 0 0 0 1 0 0 0 0 0 0 1 0 0 0 1 0 0 1 0 0 1
geno chr1.167500075 gbr  0 0 0 0 0 0 0 0 1 1 1 0 0 0 2 0 1 1 0 0 1 1 1 0 0 1 0 0 0 0 0 0 0 0 0 1 1 0 0 0 0 1 0 0 1 0 0 0 0 0 1 1 1 0 0 0 0 1 2 1 2 0 0 1 0 0 0 1 0 0 1 0 1 0 1 2 0 1 1 0 0 0 0 1
geno chr1.167500075 tsi  0 0 0 0 0 0 0 0 0 0 1 0 0 0 0 0 0 0 0 0 0 0 0 0 0 0 0 1 0 0 1 1 0 0 0 0 1 0 0 0 0 0 1 0 0 0 1 0 0 0 0 0 1 1 0 0 1 0 0 0 0 1 0 0 0 1 1 0 0 1 1 1 0 0 0 0 0 0 0 0 0 1 0 0 0 0 0 2 0 0 0 0
geno chr1.167500075 yri  0 0 0 0 0 1 0 1 0 1 0 0 0 0 0 1 0 0 0 0 0 0 2 0 0 0 0 0 0 1 0 0 1 0 0 0 0 0 0 0 0 0 0 1 0 0 0 1 0 0 0 0 0 1 0 0 0 0 2 0 0 0 0 0 0 0 0 1 0 0 0 2 0 0 0 1 2
geno chr1.167500201 ceu  0 0 0 0 0 0 0 0 0 0 0 0 1 0 0 0 0 0 0 1 0 0 0 0 0 0 0 0 0 0 0 0 0 0 0 0 0 0 0 0 0 0 0 0 1 0 0 0 0 1 0 0 0 0 0 0 0 0 0 0 0 1 0 0 0 0 0 1 0 0 0 0 1 0 0 0 0 0
geno chr1.167500201 fin  0 0 0 0 0 0 0 0 0 0 1 0 0 0 0 0 0 0 0 0 0 0 0 0 0 0 0 0 0 0 0 0 0 0 0 0 0 0 0 0 0 0 0 0 0 0 0 0 0 0 0 0 0 0 0 0 0 0 0 0 0 0 0 0 0 0 0 0 0 0 0 0 0 0 0 0 0 0 0 0 0 0 0 0 0 0 0 0 0
geno chr1.167500201 gbr  0 0 0 0 0 0 0 0 1 0 0 0 0 0 0 2 0 0 0 0 0 0 1 0 0 0 0 0 0 0 0 0 0 0 0 0 0 0 0 1 0 0 1 0 0 0 0 0 0 0 0 0 0 0 0 0 0 0 0 0 0 0 0 0 0 0 0 0 0 0 0 0 1 0 0 0 0 0 0 0 0 0 0 0
geno chr1.167500201 tsi  0 0 0 0 0 0 1 0 0 0 0 0 0 0 0 0 0 0 0 0 0 0 0 0 1 0 0 0 0 0 0 0 0 0 0 0 0 0 0 0 0 0 0 0 0 0 0 0 0 0 0 0 0 0 0 0 0 0 0 1 0 0 0 0 0 0 0 0 0 0 0 0 0 0 0 0 0 0 0 0 0 0 0 0 0 0 0 0 0 0 0 0
geno chr1.167500201 yri  0 0 0 0 1 0 2 0 0 1 0 1 1 1 0 0 1 0 0 1 1 0 0 1 1 0 0 0 1 0 0 0 0 0 1 1 0 2 1 0 0 0 1 0 0 0 1 1 0 0 1 1 0 1 0 1 1 0 0 1 0 1 0 0 1 0 0 0 0 0 0 0 0 1 0 1 0
geno chr1.167500487 ceu  0 1 1 1 1 1 0 0 2 0 1 1 0 0 0 0 0 0 0 0 0 1 0 1 1 1 0 0 0 0 1 0 1 0 0 1 0 0 1 0 1 1 0 0 0 0 0 0 0 1 1 0 1 1 0 0 0 0 0 1 0 0 1 1 0 1 0 0 0 2 1 0 0 1 0 0 0 1
geno chr1.167500487 fin  1 0 0 1 0 0 0 0 1 0 0 1 1 1 2 1 0 2 0 0 0 0 0 1 1 0 0 0 1 0 0 0 1 1 1 1 0 1 0 0 1 1 0 1 0 0 0 1 1 1 0 0 0 0 1 0 0 1 2 1 0 0 1 0 1 0 1 0 0 0 0 1 0 0 0 0 0 0 1 0 0 0 1 0 0 1 0 0 1
geno chr1.167500487 gbr  0 0 0 0 0 0 0 0 1 1 1 0 0 0 2 0 1 1 0 0 1 1 1 0 0 1 0 0 0 0 0 0 0 0 0 1 1 0 0 0 0 1 0 0 1 0 0 0 0 0 1 1 1 0 0 0 0 1 2 1 2 0 0 1 0 0 0 1 0 0 1 0 1 0 1 2 0 1 1 0 0 0 0 1
geno chr1.167500487 tsi  0 0 0 0 0 0 0 0 0 0 1 0 0 0 0 0 0 0 0 0 0 0 0 0 0 0 0 1 0 0 1 1 0 0 0 0 1 0 0 0 0 0 1 0 0 0 1 0 0 0 0 0 1 1 0 0 1 0 0 0 0 1 0 0 0 1 1 0 0 1 1 1 0 0 0 0 0 0 0 0 0 1 0 0 0 0 0 2 0 0 0 0
geno chr1.167500487 yri  1 1 1 1 0 1 0 2 0 1 0 0 1 0 1 1 0 1 0 1 0 1 2 0 0 0 0 0 1 1 0 0 1 0 1 0 1 0 0 1 0 0 0 1 0 0 0 1 0 1 0 0 0 0 0 0 0 1 2 1 0 1 1 2 1 1 0 1 0 0 0 2 1 0 0 1 1
geno chr1.167500671 ceu  0 0 0 0 0 0 0 0 0 0 0 0 1 0 0 0 0 0 0 1 0 0 0 0 0 0 0 0 0 0 0 0 0 0 0 0 0 0 0 0 0 0 0 0 1 0 0 0 0 1 0 0 0 0 0 0 0 0 0 0 0 1 0 0 0 0 0 1 0 0 0 0 1 0 0 0 0 0
geno chr1.167500671 fin  0 0 0 0 0 0 0 0 0 0 1 0 0 0 0 0 0 0 0 0 0 0 0 0 0 0 0 0 0 0 0 0 0 0 0 0 0 0 0 0 0 0 0 0 0 0 0 0 0 0 0 0 0 0 0 0 0 0 0 0 0 0 0 0 0 0 0 0 0 0 0 0 0 0 0 0 0 0 0 0 0 0 0 0 0 0 0 0 0
geno chr1.167500671 gbr  0 0 0 0 0 0 0 0 1 0 0 0 0 0 0 2 0 0 0 0 0 0 1 0 0 0 0 0 0 0 0 0 0 0 0 0 0 0 0 1 0 0 1 0 0 0 0 0 0 0 0 0 0 0 0 0 0 0 0 0 0 0 0 0 0 0 0 0 0 0 0 0 1 0 0 0 0 0 0 0 0 0 0 0
geno chr1.167500671 tsi  0 0 0 0 0 0 1 0 0 0 0 0 0 0 0 0 0 0 0 0 0 0 0 0 1 0 0 0 0 0 0 0 0 0 0 0 0 0 0 0 0 0 0 0 0 0 0 0 0 0 0 0 0 0 0 0 0 0 0 1 0 0 0 0 0 0 0 0 0 0 0 0 0 0 0 0 0 0 0 0 0 0 0 0 0 0 0 0 0 0 0 0
geno chr1.167500671 yri  0 0 0 0 1 0 2 0 0 1 0 1 1 1 0 0 1 0 0 1 1 0 0 1 1 0 0 0 1 0 0 0 0 0 1 1 0 2 1 0 0 0 1 0 0 0 1 1 0 0 1 1 0 1 0 1 1 0 0 1 0 1 0 0 1 0 0 0 0 0 0 0 0 1 0 1 0
geno chr1.167500815 ceu  1 1 1 0 1 1 2 2 0 2 1 1 2 2 2 1 2 2 2 1 2 1 2 1 1 0 2 2 2 2 1 2 1 2 2 1 2 1 1 2 1 1 2 2 2 2 2 2 2 1 1 2 1 0 2 1 2 1 2 1 2 2 1 1 2 0 0 2 2 0 1 2 1 1 2 2 1 1
geno chr1.167500815 fin  1 2 2 1 2 2 2 2 1 2 2 1 1 1 0 1 1 0 2 2 2 2 2 1 1 2 1 1 1 1 2 2 1 1 0 1 1 0 1 2 1 1 2 1 2 0 1 0 1 1 2 2 1 2 1 2 2 1 0 1 2 1 1 2 1 2 1 2 2 2 2 1 2 2 2 2 1 2 1 2 2 2 1 1 2 1 2 2 1
geno chr1.167500815 gbr  2 2 1 2 1 2 2 2 1 0 1 2 2 2 0 2 1 1 2 2 1 1 1 2 2 1 2 2 1 2 2 2 1 2 2 1 1 2 2 1 2 1 1 1 1 2 2 1 2 1 0 1 1 2 1 2 2 1 0 1 0 2 2 0 2 1 2 1 1 2 0 2 1 1 1 0 2 1 1 0 1 2 2 1
geno chr1.167500815 tsi  2 2 1 2 2 1 2 1 1 1 1 2 2 2 2 2 2 1 0 2 1 2 2 1 1 0 1 0 1 1 1 1 2 2 1 2 0 2 2 2 2 2 1 2 2 2 0 1 2 1 2 1 1 0 2 1 0 2 1 2 1 1 2 2 2 1 1 2 1 1 1 1 2 2 1 2 2 2 2 2 2 1 1 2 1 2 2 0 1 0 2 1
geno chr1.167500815 yri  1 1 1 1 2 1 2 0 2 1 2 2 1 2 2 1 2 1 2 1 2 1 0 2 1 2 2 1 1 1 2 2 1 2 1 2 1 2 2 1 2 1 2 1 1 1 2 1 2 1 2 2 2 1 2 2 2 1 0 1 2 1 1 0 1 0 2 0 1 2 2 0 1 2 2 1 0
geno chr1.167500913 ceu  0 1 1 1 1 1 0 0 2 0 1 1 0 0 0 0 0 0 0 0 0 1 0 1 1 1 0 0 0 0 1 0 1 0 0 1 0 0 1 0 1 1 1 0 0 0 0 0 0 1 1 0 1 1 0 1 0 0 0 1 0 0 1 0 0 1 0 0 0 2 1 0 0 1 0 0 0 1
geno chr1.167500913 fin  0 0 0 1 0 0 0 0 1 0 0 1 1 1 2 1 0 2 0 0 0 0 0 1 1 0 0 0 0 0 0 0 1 1 1 1 0 1 0 0 1 1 0 1 0 0 0 1 1 1 0 0 0 0 1 0 0 1 2 1 0 0 1 0 1 0 1 0 0 0 0 1 0 0 0 0 0 0 1 0 0 0 1 0 0 1 0 0 0
geno chr1.167500913 gbr  0 1 0 0 1 0 0 0 1 1 1 0 0 0 2 0 1 1 0 0 1 1 1 1 0 1 0 0 0 0 0 0 0 0 0 1 1 0 0 0 0 1 0 0 1 0 0 0 0 0 1 1 1 0 0 0 0 1 2 1 2 0 0 0 0 0 0 1 0 0 1 0 1 0 1 2 0 1 1 0 0 0 0 1
geno chr1.167500913 tsi  0 0 0 0 0 0 0 0 0 1 1 0 0 0 0 0 0 0 0 0 0 0 0 0 0 0 0 1 0 0 1 1 0 0 0 0 1 0 0 0 0 0 1 0 0 0 1 0 0 1 0 0 1 1 0 0 1 0 0 0 0 1 0 0 1 1 1 0 0 1 1 1 0 0 1 0 0 0 0 0 0 1 0 0 0 0 0 2 0 0 0 0
geno chr1.167500913 yri  1 1 1 1 0 0 0 2 0 1 0 0 1 0 1 1 0 0 0 1 0 1 2 0 0 0 0 0 1 1 0 0 1 0 1 0 1 0 0 1 0 0 0 1 0 0 0 1 0 1 0 0 0 1 0 0 0 1 2 1 0 1 1 2 1 1 0 1 0 0 0 2 1 0 0 1 2
geno chr1.167500918 ceu  1 1 1 0 1 1 2 2 0 2 1 1 2 2 2 1 2 2 2 1 2 1 2 1 1 0 2 2 2 2 1 2 1 2 2 1 2 1 1 2 1 1 1 2 2 2 2 2 2 1 1 2 1 0 2 0 2 1 2 1 2 2 1 2 2 0 0 2 2 0 1 2 1 1 2 2 1 1
geno chr1.167500918 fin  1 2 2 1 2 2 2 2 1 2 2 1 1 1 0 1 1 0 2 2 2 2 2 1 1 2 1 1 2 1 2 2 1 1 0 1 1 0 1 2 1 1 2 1 2 0 1 0 1 1 2 2 2 2 1 2 2 1 0 1 2 1 1 2 1 2 1 2 2 2 2 1 2 2 2 2 1 2 1 2 2 2 1 1 2 1 2 2 2
geno chr1.167500918 gbr  2 1 1 2 0 2 2 2 1 0 1 2 2 2 0 2 1 1 2 2 1 1 1 1 2 1 2 2 1 2 2 2 1 2 2 1 1 2 2 1 2 1 1 1 1 2 2 1 2 1 0 1 1 2 1 2 2 1 0 1 0 2 2 1 2 1 2 1 1 2 0 2 1 1 0 0 2 1 1 0 1 2 2 1
geno chr1.167500918 tsi  2 2 1 2 2 1 2 1 1 0 1 2 2 2 2 2 2 1 0 2 1 2 2 1 1 0 1 0 1 1 1 1 2 2 1 2 0 2 2 2 2 2 1 2 2 2 0 1 2 0 2 1 1 0 2 1 0 2 1 2 1 1 2 2 1 1 1 2 1 1 1 1 2 2 0 2 2 2 2 2 2 1 1 2 1 2 2 0 1 0 2 1
geno chr1.167500918 yri  1 1 1 1 2 2 2 0 2 1 2 2 1 2 1 1 2 2 2 1 2 1 0 2 1 2 2 1 1 1 2 2 1 2 1 2 1 2 2 1 2 1 2 1 1 1 2 1 2 1 2 2 2 1 2 2 2 1 0 1 2 1 1 0 1 0 2 0 1 2 2 0 1 2 2 1 0
geno chr1.167501063 ceu  0 0 0 0 0 0 0 0 0 0 0 0 1 0 0 0 0 0 0 1 0 0 0 0 0 0 0 0 0 0 0 0 0 0 0 0 0 0 0 0 0 0 0 0 1 0 0 0 0 1 0 0 0 0 0 0 0 0 0 0 0 1 0 0 0 0 0 1 0 0 0 0 1 0 0 0 0 0
geno chr1.167501063 fin  0 0 0 0 0 0 0 0 0 0 1 0 0 0 0 0 0 0 0 0 0 0 0 0 0 0 0 0 0 0 0 0 0 0 0 0 0 0 0 0 0 0 0 0 0 0 0 0 0 0 0 0 0 0 0 0 0 0 0 0 0 0 0 0 0 0 0 0 0 0 0 0 0 0 0 0 0 0 0 0 0 0 0 0 0 0 0 0 0
geno chr1.167501063 gbr  0 0 0 0 0 0 0 0 1 0 0 0 0 0 0 2 0 0 0 0 0 0 1 0 0 0 0 0 0 0 0 0 0 0 0 0 0 0 0 1 0 0 1 0 0 0 0 0 0 0 0 0 0 0 0 0 0 0 0 0 0 0 0 0 0 0 0 0 0 0 0 0 1 0 0 0 0 0 0 0 0 0 0 0
geno chr1.167501063 tsi  0 0 0 0 0 0 1 0 0 0 0 0 0 0 0 0 0 0 0 0 0 0 0 0 1 0 0 0 0 0 0 0 0 0 0 0 0 0 0 0 0 0 0 0 0 0 0 0 0 0 0 0 0 0 0 0 0 0 0 1 0 0 0 0 0 0 0 0 0 0 0 0 0 0 0 0 0 0 0 0 0 0 0 0 0 0 0 0 0 0 0 0
geno chr1.167501063 yri  0 0 0 0 1 0 2 0 0 1 0 1 1 1 0 0 1 0 0 1 1 0 0 1 1 0 0 0 1 0 0 0 0 0 1 1 0 2 1 0 0 0 1 0 0 0 1 1 0 0 1 1 0 1 0 1 1 0 0 1 0 1 0 0 1 0 0 0 0 0 0 0 0 1 0 1 0
geno chr1.167501314 ceu  0 2 2 1 1 2 1 1 2 1 1 2 2 1 1 1 1 1 1 1 1 0 0 0 1 1 2 0 0 0 2 2 0 0 1 0 0 1 2 1 0 2 1 0 2 1 1 1 2 2 2 0 0 1 2 1 0 0 1 2 2 0 1 2 1 1 0 2 1 1 1 0 1 1 1 1 0 2
geno chr1.167501314 fin  2 0 1 2 0 1 1 2 2 1 2 1 1 2 1 1 0 2 1 2 2 0 2 1 1 1 1 0 1 0 0 1 1 1 1 1 0 1 1 2 2 1 2 1 2 0 1 1 2 2 2 1 1 2 1 0 1 2 2 1 1 0 2 2 1 0 0 2 1 0 1 1 0 1 0 1 1 1 1 2 1 1 2 2 2 2 1 1 0
geno chr1.167501314 gbr  0 1 1 2 1 2 1 0 1 1 2 0 1 2 2 2 1 1 2 1 2 2 1 1 1 1 0 1 1 1 1 1 0 1 1 1 2 0 2 1 2 0 0 1 2 2 1 0 1 1 1 2 2 1 0 1 0 2 1 0 1 2 2 1 1 1 2 2 1 1 1 0 1 1 1 2 1 1 1 0 1 1 2 2
geno chr1.167501314 tsi  1 0 0 0 1 0 1 0 0 1 1 0 0 1 2 1 0 0 0 1 0 0 2 0 0 0 0 0 0 0 0 1 2 2 1 2 0 1 2 1 2 1 1 1 2 0 1 1 0 1 2 0 2 1 1 0 1 0 0 2 0 2 2 1 1 2 2 2 0 2 2 0 1 1 1 1 1 2 0 1 2 0 2 1 1 2 2 2 0 0 0 1
geno chr1.167501314 yri  1 1 2 0 2 0 0 2 1 0 0 0 2 1 0 1 1 2 0 2 1 1 1 2 1 0 1 0 1 1 0 0 1 0 2 1 1 1 1 1 0 0 0 1 0 1 1 0 1 1 1 1 0 1 1 0 0 1 1 2 0 2 1 2 1 1 0 0 0 0 1 2 0 1 0 2 1
geno chr1.167501315 ceu  1 2 2 1 1 2 1 1 2 1 1 2 2 1 1 1 1 1 1 1 1 0 0 0 1 1 2 0 0 0 2 2 0 0 1 0 0 1 2 1 0 2 1 0 2 1 1 1 2 2 1 0 0 1 2 1 0 1 1 2 2 0 1 2 1 1 0 2 1 2 1 0 1 1 1 1 0 2
geno chr1.167501315 fin  2 0 1 2 0 1 1 2 2 1 2 1 1 2 1 1 1 2 1 2 2 1 2 1 1 1 1 0 1 0 0 1 1 1 1 1 0 1 1 2 2 1 2 1 2 0 1 1 2 2 2 1 1 2 1 0 1 2 2 1 1 0 2 2 0 0 0 2 1 0 1 1 0 1 0 1 1 1 1 2 1 1 2 2 2 2 1 1 0
geno chr1.167501315 gbr  0 1 1 2 1 2 1 0 1 1 2 0 1 2 2 2 1 1 2 1 2 2 1 1 1 1 0 1 0 1 1 1 0 1 1 1 2 0 2 1 2 0 1 1 2 2 1 0 1 1 1 2 2 1 0 1 0 2 1 0 1 2 2 1 1 1 2 2 1 1 1 0 1 1 1 2 1 1 1 0 1 1 1 2
geno chr1.167501315 tsi  1 0 0 0 1 0 1 0 1 1 1 0 0 1 2 1 0 0 0 1 0 0 2 1 0 0 0 0 0 0 0 1 1 2 1 2 0 1 2 1 2 1 1 1 2 0 1 1 0 1 2 0 2 1 1 0 1 0 0 2 0 2 2 1 1 2 2 2 0 2 2 0 1 2 1 1 1 2 0 1 2 0 2 1 1 2 2 2 0 1 0 1
geno chr1.167501315 yri  1 1 2 0 2 0 0 1 1 0 0 0 2 1 0 1 1 2 0 2 1 1 1 2 1 0 1 0 1 1 0 0 1 0 1 1 1 1 0 1 0 0 0 1 0 1 1 0 1 1 1 1 0 1 1 0 0 1 1 2 0 2 1 2 1 1 0 0 0 0 1 2 0 1 0 2 1
geno chr1.167501406 ceu  0 0 0 0 0 0 0 0 0 0 0 0 0 0 0 0 1 0 0 0 0 0 0 0 0 0 0 0 0 0 0 0 0 0 0 0 0 0 0 0 0 0 0 0 0 0 0 0 0 0 0 1 0 0 0 0 0 0 0 0 0 0 0 0 0 0 0 0 0 0 0 0 0 0 0 0 0 0
geno chr1.167501406 fin  0 1 0 0 2 0 1 0 0 0 0 1 0 0 0 0 0 0 0 0 0 0 0 1 0 0 0 1 0 0 1 0 0 0 0 1 0 0 0 0 0 0 0 0 0 0 0 0 0 0 0 0 0 0 0 0 1 0 0 0 0 0 0 0 0 0 0 0 0 0 0 0 0 0 0 0 0 0 0 0 0 0 0 0 0 0 0 0 0
geno chr1.167501406 gbr  0 0 0 0 0 0 0 0 0 0 0 0 1 0 0 0 0 1 0 0 0 0 0 0 0 1 0 0 0 0 0 0 0 0 1 0 0 0 0 0 0 1 0 0 0 0 0 0 0 0 0 0 0 0 1 0 0 0 0 0 0 0 0 0 0 0 0 0 0 0 0 0 0 0 0 0 0 0 0 0 0 0 0 0
geno chr1.167501406 tsi  0 0 0 0 0 0 0 0 0 0 0 0 0 0 0 1 0 0 0 0 1 0 0 0 0 0 0 0 0 0 0 1 0 0 0 0 0 0 0 0 0 0 0 0 0 0 0 0 1 0 0 0 0 0 0 0 0 0 0 0 0 0 0 0 0 0 0 0 0 0 0 1 1 0 0 0 0 0 0 0 0 0 0 1 0 0 0 0 0 0 0 0
geno chr1.167501406 yri  0 0 0 0 0 1 0 0 0 0 1 0 0 0 0 0 0 0 1 0 0 0 0 0 0 0 0 0 0 0 0 0 0 1 0 0 0 0 0 0 0 0 0 0 0 0 0 0 0 0 0 0 0 0 0 0 0 0 0 0 0 0 0 0 0 0 0 0 0 0 0 0 0 0 1 0 0
geno chr1.167501611 ceu  0 2 2 2 2 2 2 2 2 1 1 2 2 2 1 2 2 2 1 2 2 2 2 2 2 1 2 2 1 2 2 2 1 1 1 2 1 1 2 2 1 2 1 0 2 2 1 1 2 2 1 2 2 1 2 1 1 1 2 2 2 1 2 2 2 1 1 2 1 2 1 1 1 2 2 2 1 2
geno chr1.167501611 fin  2 1 2 2 2 2 2 2 2 1 2 2 2 2 2 2 0 2 2 2 2 2 2 2 2 1 1 1 2 0 2 2 2 2 1 2 2 1 1 2 2 2 2 1 2 1 1 1 2 2 2 2 2 2 2 2 2 2 2 1 1 1 2 2 1 2 2 2 2 2 2 2 1 2 2 2 1 1 1 2 2 2 2 2 2 2 2 1 2
geno chr1.167501611 gbr  2 1 2 2 1 2 2 2 2 2 2 1 2 2 2 2 1 2 2 1 2 2 2 2 1 2 2 2 1 1 1 2 1 2 2 1 2 1 2 1 2 2 1 1 1 2 2 0 2 1 1 2 2 2 1 2 2 2 2 2 2 2 2 1 1 1 2 2 1 2 1 2 2 1 1 2 2 2 2 0 1 2 1 2
geno chr1.167501611 tsi  2 2 1 2 2 1 2 0 1 1 2 2 1 2 2 2 2 1 0 2 1 2 2 0 1 2 1 1 1 0 2 2 2 2 1 2 1 1 2 2 2 2 2 1 2 1 1 1 2 1 2 0 2 1 1 0 2 1 1 2 0 2 2 2 2 2 2 2 2 2 2 2 2 2 1 1 1 2 1 2 2 1 2 2 1 2 2 2 1 0 2 1
geno chr1.167501611 yri  1 1 2 0 1 1 0 2 1 0 1 1 2 1 0 1 1 2 1 2 0 1 0 2 2 0 1 0 1 1 0 1 1 1 2 0 1 0 1 1 2 0 0 0 0 1 1 0 1 1 0 1 1 0 1 0 1 2 1 2 0 2 1 2 1 1 1 0 0 0 1 2 1 1 1 1 1
geno chr1.167502112 ceu  1 1 2 2 2 1 2 1 0 1 0 1 1 2 1 2 0 1 1 1 1 2 2 1 1 1 2 1 1 1 0 2 1 1 1 1 0 0 1 2 2 1 2 0 0 1 1 1 0 0 1 1 2 1 2 1 0 0 2 1 1 0 0 2 0 1 1 1 1 2 1 1 0 2 2 2 0 2
geno chr1.167502112 fin  2 1 1 1 1 1 0 1 1 2 0 1 2 2 2 1 0 2 2 2 2 0 1 1 2 0 2 2 1 0 2 1 1 2 0 1 1 1 0 1 0 1 2 1 2 1 0 1 0 1 0 1 2 0 2 2 2 2 2 1 0 1 2 2 1 2 1 2 2 1 1 1 0 2 1 2 2 0 1 2 2 2 1 1 2 0 0 1 0
geno chr1.167502112 gbr  1 2 0 1 1 2 2 1 0 2 2 0 1 2 2 0 1 1 1 1 1 1 1 1 1 1 2 2 0 0 0 1 1 0 1 1 1 1 1 0 1 1 0 2 1 1 1 0 2 0 2 1 2 0 0 1 1 2 1 2 1 2 1 1 2 0 2 2 1 1 1 1 1 2 1 2 1 1 2 0 2 1 0 2
geno chr1.167502112 tsi  0 1 1 1 0 1 1 0 1 1 1 2 0 1 0 2 1 1 0 2 1 2 0 0 0 2 0 0 1 0 2 0 2 1 0 0 2 1 2 0 1 0 2 1 2 1 1 0 0 2 1 1 1 1 0 0 2 1 0 0 1 1 1 0 1 0 1 1 1 0 1 0 0 1 1 1 1 1 1 1 2 1 2 0 0 0 1 0 0 0 1 0
geno chr1.167502112 yri  0 0 0 0 1 0 0 0 0 0 0 1 1 1 0 1 1 0 0 1 0 0 0 0 2 1 0 0 1 2 0 1 1 1 0 0 0 0 0 0 0 2 0 0 0 1 0 0 2 0 0 0 0 0 0 1 0 0 0 0 1 1 0 0 0 0 1 0 1 0 1 1 1 0 0 0 0
geno chr1.167502159 ceu  1 1 0 0 0 0 1 1 1 1 0 0 1 0 1 1 1 0 1 1 0 0 1 1 1 1 0 0 0 0 0 0 1 0 0 0 2 1 1 0 0 0 0 2 1 0 1 1 0 1 1 1 0 0 0 1 1 0 0 1 0 2 0 0 0 1 0 0 1 1 0 1 1 1 0 0 1 0
geno chr1.167502159 fin  0 0 1 1 0 1 1 0 1 0 2 1 0 0 0 0 1 0 0 0 0 2 0 1 0 1 0 0 1 1 0 0 1 0 0 1 1 0 0 0 0 1 0 0 0 0 1 0 1 0 1 0 0 0 0 0 0 0 0 1 1 0 0 0 1 0 1 0 0 1 0 0 0 0 0 0 0 2 1 0 0 1 0 1 0 1 2 1 0
geno chr1.167502159 gbr  1 1 0 0 0 0 1 1 1 0 0 0 0 0 0 2 1 1 0 0 2 0 1 1 2 1 0 0 0 2 1 1 0 1 0 1 1 0 1 1 1 1 1 0 0 0 1 1 0 1 0 0 0 0 1 1 0 0 1 0 1 0 0 1 0 0 1 0 0 1 0 0 1 0 0 0 0 0 0 0 0 0 1 0
geno chr1.167502159 tsi  1 1 0 2 2 0 1 1 0 0 1 0 2 1 1 0 1 0 0 0 0 0 1 1 0 0 1 2 0 1 0 2 0 0 0 1 0 0 0 0 1 1 0 1 0 1 0 0 2 0 0 1 1 0 1 1 0 1 0 0 0 0 0 2 1 0 0 0 0 2 1 2 2 0 0 1 1 1 0 1 1 1 0 1 1 2 0 0 1 0 1 2
geno chr1.167502159 yri  0 2 1 1 1 0 0 1 2 0 1 0 0 0 0 1 0 0 0 0 0 1 1 1 2 0 0 0 0 1 0 1 1 1 1 0 0 0 1 0 2 0 0 2 1 1 0 0 0 0 1 1 0 0 1 0 1 1 1 1 0 0 0 0 1 0 1 0 1 1 1 1 1 1 0 1 1
geno chr1.167502517 ceu  1 0 0 0 0 0 2 0 0 2 0 0 1 1 1 0 0 0 1 1 1 1 0 2 1 0 0 0 2 1 0 1 0 0 0 0 0 0 0 2 0 0 0 0 1 0 1 0 0 1 1 1 0 0 1 0 1 0 1 0 0 0 1 1 0 0 1 0 0 0 0 0 0 0 2 0 0 0
geno chr1.167502517 fin  0 0 1 1 0 1 0 0 1 1 1 1 0 0 0 0 1 0 0 0 1 0 0 0 0 0 0 0 0 0 0 1 0 0 0 1 1 0 1 0 0 0 0 0 1 1 0 0 0 0 0 0 1 0 0 0 1 0 0 0 0 0 1 0 0 0 0 0 1 0 0 0 0 0 0 0 1 0 0 0 0 0 1 1 1 1 0 0 0
geno chr1.167502517 gbr  0 1 0 0 0 0 1 1 0 1 0 0 1 0 0 0 0 0 0 0 0 1 0 1 0 1 1 1 1 0 0 1 0 1 0 0 0 0 1 1 1 1 0 1 0 0 0 0 1 1 1 0 1 1 0 0 0 1 1 1 1 1 0 1 2 0 0 1 0 0 0 1 1 1 0 0 1 0 2 0 1 1 2 0
geno chr1.167502517 tsi  0 1 0 1 0 0 0 1 1 0 0 1 0 1 0 0 0 0 0 1 1 1 0 0 0 0 1 1 0 0 0 1 1 0 0 0 1 0 0 0 0 0 1 0 0 1 1 0 0 0 0 0 0 0 0 1 0 0 0 0 0 0 0 1 0 0 0 0 0 0 1 0 0 1 0 0 1 0 1 1 0 0 0 0 0 0 0 0 0 0 0 0
geno chr1.167502517 yri  0 1 0 0 0 0 0 0 0 0 0 0 0 0 1 0 0 0 0 0 0 0 1 0 0 0 0 0 0 1 0 0 0 0 0 0 0 0 0 0 0 0 0 1 1 0 0 0 1 1 0 0 0 0 0 0 0 0 0 0 0 0 1 0 0 1 0 0 0 0 0 0 0 0 0 0 0
geno chr1.167502570 ceu  0 0 0 0 0 0 0 0 0 0 0 0 0 0 0 0 0 0 0 0 0 0 0 0 0 0 0 0 0 0 0 0 0 0 0 0 1 0 0 0 0 0 0 1 0 0 0 0 0 0 0 0 0 0 0 0 0 0 0 0 0 0 0 0 0 0 0 0 0 0 0 0 0 0 0 0 0 0
geno chr1.167502570 fin  0 0 0 0 0 0 0 0 0 0 0 0 0 0 0 0 0 0 0 0 0 0 0 0 0 0 0 0 0 0 0 0 0 0 0 0 0 0 0 0 0 0 0 0 0 0 0 0 1 0 0 0 0 0 0 0 0 0 0 0 1 0 0 0 0 0 0 0 0 1 0 0 0 0 0 0 0 1 0 0 0 0 0 0 0 0 1 0 0
geno chr1.167502570 gbr  0 0 0 0 0 0 0 0 0 0 0 0 0 0 0 0 1 0 0 0 0 0 0 0 0 0 0 0 0 0 0 0 0 0 0 0 0 0 0 0 0 0 0 0 0 0 0 0 0 0 1 0 0 0 0 0 0 0 0 0 0 0 0 0 0 0 0 0 0 0 0 0 0 0 0 0 0 0 0 0 0 1 0 0
geno chr1.167502570 tsi  0 0 0 0 1 0 0 0 0 0 0 0 0 0 0 0 0 0 0 0 0 0 0 0 0 0 0 0 0 0 0 0 0 0 0 0 0 0 0 0 0 0 0 0 0 0 0 0 0 0 0 0 0 0 1 0 0 1 0 0 0 0 0 0 0 0 0 0 0 0 0 0 0 0 0 0 0 0 0 0 0 0 0 0 0 0 0 0 0 0 0 0
geno chr1.167502570 yri  0 0 1 0 1 0 1 2 0 0 0 1 2 1 0 1 1 0 0 1 0 1 0 0 1 0 0 0 1 0 0 0 0 0 0 0 0 0 0 1 0 2 1 0 1 1 0 1 0 0 0 0 0 0 0 1 0 1 0 2 1 2 0 0 1 1 0 0 2 0 1 1 1 1 0 1 1
geno chr1.167502598 ceu  1 2 1 0 0 2 0 2 1 0 1 0 1 1 1 2 1 2 1 1 0 0 0 0 1 0 1 1 0 0 1 1 1 0 1 1 2 2 1 0 0 2 0 2 1 1 1 2 2 0 1 1 0 2 1 2 1 2 0 1 2 2 1 0 1 1 1 2 1 0 0 2 2 0 0 0 1 0
geno chr1.167502598 fin  0 0 1 0 2 1 1 0 1 0 0 1 0 2 1 2 1 0 2 1 1 2 2 0 1 2 1 1 2 1 1 1 2 1 1 0 1 1 1 2 1 2 1 2 1 1 2 1 2 1 1 2 1 2 1 1 0 2 2 1 2 1 0 0 0 2 2 2 1 1 0 0 1 2 1 1 0 2 1 2 1 0 0 0 0 1 1 2 2
geno chr1.167502598 gbr  1 0 2 1 1 2 0 1 2 1 0 1 1 2 2 2 2 1 2 1 0 1 2 0 1 1 1 1 0 2 2 1 1 1 2 1 0 1 0 0 0 0 2 0 1 2 1 1 1 1 1 1 1 0 1 1 1 1 0 1 0 1 2 1 0 2 1 0 2 1 1 0 0 1 2 0 0 2 0 1 0 1 0 1
geno chr1.167502598 tsi  2 1 2 1 2 2 2 1 1 1 2 1 2 2 2 0 2 2 2 0 1 1 2 1 2 2 1 1 2 1 0 1 1 2 2 0 1 0 1 2 1 2 0 2 0 0 0 2 2 1 2 2 2 2 1 1 2 1 2 1 1 2 2 1 1 2 1 1 2 1 0 1 2 0 1 2 0 1 0 1 2 1 2 1 2 1 1 2 2 2 1 2
geno chr1.167502598 yri  0 0 2 1 2 0 1 2 2 0 2 2 2 2 1 2 1 2 0 2 0 2 0 2 1 0 0 0 2 0 0 1 1 0 1 0 2 0 1 2 0 1 2 1 1 1 1 1 1 1 0 1 2 0 1 1 1 1 1 2 2 2 0 0 2 1 1 1 2 2 2 2 2 1 1 1 1
geno chr1.167502914 ceu  1 0 1 0 0 2 1 2 1 0 1 0 1 0 1 1 1 1 1 1 1 1 0 1 0 0 1 0 1 1 0 1 0 0 0 0 0 2 0 2 0 0 1 0 1 1 1 2 0 0 1 1 0 1 1 0 0 1 1 0 2 1 0 1 0 1 0 1 1 0 0 1 1 0 2 0 1 0
geno chr1.167502914 fin  1 0 2 0 0 2 1 0 1 1 1 1 0 0 1 1 1 0 2 1 1 1 0 0 0 1 0 0 2 0 1 2 1 0 1 0 2 0 2 1 0 2 1 2 2 1 0 0 1 1 2 1 1 1 1 0 1 1 1 0 0 0 1 0 0 2 2 0 2 0 0 0 0 0 0 1 1 0 1 0 1 0 1 1 1 1 0 1 1
geno chr1.167502914 gbr  1 0 0 1 1 1 1 2 1 1 1 0 1 2 1 0 0 0 0 1 0 1 0 1 0 0 2 2 0 1 1 1 2 0 1 0 0 1 0 0 0 0 1 1 1 1 1 0 2 1 0 0 2 0 0 1 0 0 0 1 0 2 0 1 1 1 0 1 2 0 1 0 0 2 1 0 1 1 1 1 1 0 2 0
geno chr1.167502914 tsi  0 2 2 1 0 1 0 2 1 1 1 1 1 1 1 0 1 2 2 1 2 1 2 0 1 2 0 0 1 1 0 0 0 0 1 0 0 0 1 1 0 0 1 1 0 1 1 0 2 0 0 1 0 1 0 2 2 1 2 0 2 1 1 2 0 2 1 0 2 1 0 0 1 1 0 1 0 1 1 2 0 0 2 1 1 0 1 0 2 2 1 1
geno chr1.167502914 yri  0 0 0 0 0 0 0 0 0 0 0 0 0 0 0 0 0 0 0 0 0 0 0 0 0 1 0 0 0 0 0 0 0 0 0 0 0 0 0 0 0 0 0 0 0 0 0 0 0 0 0 0 0 0 0 0 0 0 0 0 0 0 0 0 0 0 0 0 0 0 0 0 1 0 0 0 0
geno chr1.167502945 ceu  1 0 1 0 0 2 1 2 1 0 1 0 1 0 1 1 1 1 1 1 1 1 0 1 0 0 1 0 1 1 0 1 0 0 0 0 0 2 0 2 0 0 1 0 1 1 1 2 0 0 1 1 0 1 1 0 0 1 1 0 2 1 0 1 0 1 0 1 1 0 0 1 1 0 2 0 1 0
geno chr1.167502945 fin  1 0 2 0 0 2 1 0 1 1 1 1 0 0 1 1 1 0 2 1 1 1 0 0 0 1 0 0 2 0 1 2 1 0 1 0 2 0 2 1 0 2 1 2 2 1 0 0 1 1 2 1 1 1 1 0 1 1 1 0 0 0 1 0 0 2 2 0 2 0 0 0 0 0 0 1 1 1 1 0 1 0 1 1 1 1 0 1 1
geno chr1.167502945 gbr  1 0 0 1 1 1 1 2 1 1 1 0 1 2 1 0 0 0 0 1 0 1 0 1 0 0 2 2 0 1 1 1 2 0 1 0 0 1 0 0 0 0 1 1 1 1 1 0 2 1 0 0 2 0 0 1 0 0 0 1 0 2 0 1 1 1 0 1 2 0 1 0 0 2 1 0 1 1 1 1 2 0 2 0
geno chr1.167502945 tsi  0 2 2 1 0 1 0 2 1 1 1 1 1 1 1 0 1 2 2 1 2 1 2 0 1 2 0 0 1 2 0 0 0 0 1 0 0 0 1 1 0 0 1 1 0 1 1 0 2 0 0 1 0 1 0 2 2 1 2 0 2 1 1 2 0 2 1 0 2 1 0 0 1 1 0 1 0 1 1 2 0 0 2 1 1 0 1 0 2 2 1 1
geno chr1.167502945 yri  0 1 1 1 1 1 0 1 2 0 0 1 1 0 1 0 0 1 1 0 1 1 0 1 0 1 0 0 0 0 1 0 0 1 1 0 0 0 1 1 0 0 0 1 1 0 0 1 0 0 0 1 0 1 0 0 1 1 0 1 0 1 0 0 2 1 1 1 1 0 0 0 1 1 1 0 1
geno chr1.167503235 ceu  1 0 1 0 0 0 1 2 0 0 0 0 0 0 1 1 1 1 0 1 1 1 0 1 0 0 1 0 1 1 0 1 0 0 0 0 0 1 0 2 0 0 1 0 1 0 1 2 0 0 1 1 0 0 1 0 0 0 1 0 1 1 0 1 0 1 0 0 0 0 0 1 0 0 2 0 1 0
geno chr1.167503235 fin  1 0 2 0 0 2 1 0 0 1 0 0 0 0 0 0 0 0 0 1 0 1 0 0 0 0 0 0 1 0 1 1 1 0 0 0 1 0 1 1 0 1 1 0 1 1 0 0 0 1 1 1 1 1 0 0 1 0 0 0 0 0 1 0 0 2 1 0 2 0 0 0 0 0 0 1 1 1 1 0 0 0 1 1 1 0 0 1 0
geno chr1.167503235 gbr  0 0 0 1 0 0 1 2 0 1 1 0 1 0 0 0 0 0 0 1 0 1 0 1 0 0 2 2 0 1 0 0 2 0 1 0 0 1 0 0 0 0 0 1 0 0 1 0 2 1 0 0 2 0 0 1 0 0 0 1 0 2 0 0 1 1 0 1 2 0 0 0 0 2 0 0 1 0 1 0 1 0 2 0
geno chr1.167503235 tsi  0 2 2 0 0 1 0 1 1 0 0 1 1 1 1 0 1 0 2 1 1 1 2 0 1 0 0 0 0 1 0 0 0 0 1 0 0 0 0 0 0 0 1 1 0 0 1 0 0 0 0 1 0 0 0 1 1 0 1 0 2 1 1 2 0 2 1 0 0 1 0 0 1 1 0 0 0 0 1 1 0 0 2 1 0 0 0 0 2 0 1 1
geno chr1.167503235 yri  0 0 0 0 0 0 0 0 0 0 0 0 0 0 0 0 0 0 0 0 0 0 0 0 0 0 0 0 0 0 0 0 0 0 0 0 0 0 0 0 0 0 0 0 0 0 0 0 0 0 0 0 0 0 0 0 0 0 0 0 0 0 0 0 0 0 0 0 0 0 0 0 0 0 0 0 0
geno chr1.167503399 ceu  2 2 2 1 1 2 2 2 2 2 2 1 2 2 2 1 2 2 2 2 2 2 0 2 2 2 1 2 2 2 2 2 1 1 2 1 2 2 2 2 2 1 2 2 2 1 2 2 1 2 2 2 1 2 2 2 2 2 1 2 2 2 1 2 2 2 2 2 2 2 2 2 2 2 2 0 2 2
geno chr1.167503399 fin  2 2 2 2 2 2 2 2 2 2 2 2 2 2 2 2 2 2 2 2 1 2 2 2 2 2 2 2 2 2 1 2 2 2 1 2 2 2 2 2 2 2 2 2 2 2 2 2 2 2 2 2 2 2 2 2 2 2 2 2 1 2 2 2 2 2 2 2 2 2 2 2 1 2 2 2 2 2 2 2 2 2 2 2 2 2 2 2 1
geno chr1.167503399 gbr  2 2 2 2 2 2 1 2 2 2 2 1 2 2 2 2 2 2 2 2 2 2 1 2 2 2 2 2 2 2 2 2 2 2 2 1 2 2 2 2 2 2 2 2 2 2 2 2 2 2 2 2 2 2 1 1 2 1 2 2 2 2 2 2 2 1 2 2 2 2 2 2 2 2 2 2 2 2 2 2 2 2 2 2
geno chr1.167503399 tsi  2 2 2 2 2 1 2 2 2 2 2 2 2 2 2 1 2 2 2 2 2 2 2 2 2 2 2 2 2 2 1 2 1 1 1 2 1 2 2 2 2 1 2 2 2 2 2 1 2 2 1 2 2 2 2 2 2 2 2 2 2 2 2 2 2 2 2 1 2 2 1 2 2 2 2 1 2 1 2 2 2 2 2 2 2 1 2 2 2 2 2 2
geno chr1.167503399 yri  2 1 2 2 2 1 2 1 2 2 2 2 2 2 2 2 2 2 2 2 2 2 1 1 2 2 2 2 2 2 2 2 2 1 2 2 1 2 2 2 2 2 1 1 1 2 2 2 2 1 1 2 1 2 2 2 2 2 2 2 2 2 1 2 2 1 2 2 2 1 1 2 2 2 2 1 1
geno chr1.167503523 ceu  2 2 2 1 1 2 2 2 2 2 2 1 2 2 2 1 2 2 2 2 2 2 0 2 2 2 1 2 2 2 2 2 1 1 2 1 2 2 2 2 2 1 2 2 2 1 2 2 1 2 2 2 1 2 2 2 2 2 1 2 2 2 1 2 2 2 2 2 2 2 2 2 2 2 2 0 2 2
geno chr1.167503523 fin  2 2 2 2 2 2 2 2 2 2 2 2 2 2 2 2 2 2 2 2 1 2 2 2 2 2 2 2 2 2 1 2 2 2 1 2 2 2 2 2 2 2 2 2 2 2 2 2 2 2 2 2 2 2 2 2 2 2 2 2 1 2 2 2 2 2 2 2 2 2 2 2 1 2 2 2 2 2 2 2 2 2 2 2 2 2 2 2 1
geno chr1.167503523 gbr  2 2 2 2 2 2 1 2 2 2 2 1 2 2 2 2 2 2 2 2 2 2 1 2 2 2 2 2 2 2 2 2 2 2 2 1 2 2 2 2 2 2 2 2 2 2 2 2 2 2 2 2 2 2 1 1 2 1 2 2 2 2 2 2 2 1 2 2 2 2 2 2 2 2 2 2 2 2 2 2 2 2 2 2
geno chr1.167503523 tsi  2 2 2 2 2 1 2 2 2 2 2 2 2 2 2 1 2 2 2 2 2 2 2 2 2 2 2 2 2 2 1 2 1 1 1 2 1 2 2 2 2 1 2 2 2 2 2 1 2 2 1 2 2 2 2 2 2 2 2 2 2 2 2 2 2 2 2 1 2 2 1 2 2 2 2 1 2 1 2 2 2 2 2 2 2 1 2 2 2 2 2 2
geno chr1.167503523 yri  2 2 2 2 2 1 2 2 2 2 2 2 2 2 2 2 2 2 2 2 2 2 2 2 2 2 2 2 2 2 2 2 2 2 2 2 2 2 2 2 2 2 2 2 2 2 2 2 2 2 1 2 1 2 2 2 2 2 2 2 2 2 2 2 2 2 2 2 2 2 2 2 2 2 2 2 2
geno chr1.167503548 ceu  1 1 1 1 1 0 1 1 0 2 1 1 1 2 1 1 1 1 1 1 0 2 0 0 1 2 1 2 1 1 2 1 1 1 2 1 2 0 2 0 2 1 1 2 1 0 1 1 1 2 1 1 1 1 1 2 1 1 0 2 1 1 0 1 1 1 2 1 1 2 2 1 1 2 0 0 1 2
geno chr1.167503548 fin  1 2 1 1 2 0 1 2 0 1 1 0 2 2 1 1 1 2 0 2 0 1 2 2 2 1 2 2 0 2 1 0 1 2 0 2 1 2 0 1 2 0 2 0 0 1 2 2 2 2 0 1 1 1 1 2 1 1 1 2 1 2 1 2 2 1 0 2 0 2 2 1 1 2 2 2 1 2 1 2 1 2 1 1 1 1 2 1 0
geno chr1.167503548 gbr  2 2 1 2 1 1 0 0 1 1 1 1 1 0 1 2 2 2 2 2 2 1 1 1 2 1 0 0 1 1 1 1 0 2 2 1 1 2 2 1 2 1 1 1 1 1 1 2 1 1 1 2 1 2 1 0 2 1 1 0 1 0 2 1 1 0 2 1 1 1 1 2 2 0 1 2 1 2 0 1 0 2 0 2
geno chr1.167503548 tsi  2 0 0 0 2 0 2 0 2 2 1 1 1 0 1 1 1 0 0 1 0 1 0 2 1 0 1 2 1 0 1 1 1 1 0 1 1 2 1 0 2 1 1 1 2 1 1 1 0 2 1 1 2 1 2 0 0 1 0 1 0 1 1 0 2 0 1 1 0 1 0 2 1 1 2 0 2 0 0 1 2 2 0 0 1 1 1 0 0 0 1 1
geno chr1.167503548 yri  1 0 0 2 0 0 2 0 0 2 1 1 0 0 1 0 0 0 1 0 1 0 1 0 1 1 1 1 1 2 0 1 1 0 1 2 0 2 1 1 2 2 1 0 0 1 1 0 0 1 0 0 0 1 1 1 0 1 2 0 1 0 0 2 0 0 0 1 1 0 1 1 0 0 0 1 0
geno chr1.167503586 ceu  2 1 2 1 1 2 2 2 1 2 2 1 2 2 2 1 2 2 2 2 1 2 0 1 1 2 1 2 2 2 2 2 1 1 2 1 2 2 2 2 2 1 2 2 2 1 2 2 1 2 2 2 1 2 2 2 1 2 1 2 2 2 0 2 1 2 2 2 2 2 2 2 2 2 2 0 2 2
geno chr1.167503586 fin  2 2 2 1 2 2 2 2 1 2 2 2 2 2 2 2 2 2 2 2 1 2 2 2 2 2 2 2 2 2 1 2 2 2 1 2 2 2 2 2 2 2 2 2 2 2 2 2 2 2 2 2 2 2 2 2 2 2 2 2 1 2 2 2 2 2 2 2 2 2 2 1 1 2 2 2 2 2 2 2 2 2 2 2 2 2 2 2 1
geno chr1.167503586 gbr  2 2 1 2 2 2 1 2 2 2 2 1 2 2 2 2 2 2 2 2 2 2 1 2 2 1 2 2 1 2 2 2 2 2 2 1 1 2 2 1 2 2 2 2 1 2 2 2 2 2 1 2 2 2 1 1 2 1 1 1 1 2 2 2 2 1 2 2 2 1 2 2 2 2 2 2 2 2 1 2 2 2 2 2
geno chr1.167503586 tsi  2 2 2 2 2 1 2 2 2 2 2 2 2 1 2 1 2 2 2 2 2 2 2 2 2 2 1 2 2 2 1 1 1 1 1 1 1 2 2 1 2 1 2 2 2 2 2 1 2 2 1 2 2 2 2 2 2 2 2 1 2 2 2 2 2 2 2 1 2 2 0 2 2 2 2 1 2 1 1 2 2 2 2 1 2 1 2 0 2 2 2 2
geno chr1.167503586 yri  1 1 1 2 1 1 2 2 1 2 2 1 1 1 1 0 0 0 2 1 2 2 1 1 1 2 1 1 1 2 1 1 2 0 1 2 2 2 1 2 2 2 2 0 1 1 1 1 1 1 0 1 1 2 1 1 0 2 2 1 2 1 0 2 2 1 0 1 2 1 2 1 2 1 1 2 2
geno chr1.167503600 ceu  0 0 0 1 1 0 0 0 0 0 1 1 0 0 0 0 0 0 0 0 0 1 0 0 0 0 0 1 0 1 1 0 1 0 1 1 1 0 1 0 2 0 1 1 0 0 0 0 0 1 0 0 1 0 1 0 0 0 0 1 0 0 0 1 1 1 1 0 1 2 2 0 0 2 0 0 1 1
geno chr1.167503600 fin  1 2 0 1 1 0 1 1 0 1 0 0 2 0 1 1 0 2 0 2 0 0 1 2 1 0 1 1 0 0 0 0 0 2 0 1 1 2 0 0 2 0 2 0 0 1 1 2 2 2 0 1 0 0 1 2 1 1 0 1 1 2 0 2 0 0 0 0 0 2 1 1 1 1 1 1 1 1 0 0 1 2 1 1 1 0 2 0 0
geno chr1.167503600 gbr  1 1 0 1 1 0 0 0 0 0 0 0 0 0 0 2 1 1 0 1 2 0 0 1 2 0 0 0 0 0 0 0 0 0 0 1 1 0 1 1 1 1 0 1 1 0 1 1 0 0 1 1 0 1 1 0 0 0 1 0 1 0 1 0 0 0 1 1 0 0 0 1 1 0 1 2 1 1 0 1 0 0 0 1
geno chr1.167503600 tsi  0 0 0 0 2 0 0 0 0 2 0 0 0 0 0 1 0 0 0 1 0 0 0 1 1 0 1 0 0 0 1 0 0 0 0 1 0 1 1 0 1 0 1 1 2 0 1 1 0 1 0 1 0 0 1 0 0 1 0 0 0 0 0 0 1 0 1 1 0 1 0 1 0 1 1 0 1 0 0 0 1 1 0 0 0 0 0 0 0 0 1 0
geno chr1.167503600 yri  0 0 0 0 0 0 0 0 0 1 0 0 0 0 1 0 0 0 0 0 0 0 1 0 0 0 0 0 0 1 0 0 0 0 0 1 0 0 0 1 0 2 0 0 0 0 0 0 0 0 0 0 0 0 0 0 0 0 1 0 1 0 0 0 0 0 0 0 1 0 1 0 0 0 0 0 0
geno chr1.167503778 ceu  1 1 1 0 0 0 1 2 0 2 0 0 1 2 1 1 1 0 1 1 0 1 0 0 0 1 1 0 1 0 0 1 0 1 1 0 0 0 0 0 0 1 0 1 1 0 2 1 1 1 1 1 0 1 0 2 1 0 0 0 1 1 0 0 0 0 1 1 0 0 0 1 1 0 0 0 1 1
geno chr1.167503778 fin  0 0 1 0 1 0 0 0 0 0 1 0 0 2 0 0 1 0 0 0 0 2 1 0 1 1 1 1 1 1 1 0 2 0 0 1 0 0 0 0 0 1 0 0 0 0 1 0 0 0 0 1 1 0 0 0 0 0 1 1 0 0 1 0 2 0 1 2 0 0 1 0 0 1 1 1 0 1 1 2 0 0 0 0 0 1 0 1 0
geno chr1.167503778 gbr  1 1 1 1 0 1 0 1 1 1 1 1 0 0 1 0 1 1 2 1 0 1 1 0 0 1 0 0 0 0 1 1 0 1 2 0 0 2 1 0 1 0 1 0 0 1 1 1 1 1 0 1 1 1 0 1 1 1 0 1 0 0 0 1 1 0 1 0 1 0 1 1 1 0 0 0 0 1 0 0 0 2 0 1
geno chr1.167503778 tsi  2 0 0 0 0 0 2 0 2 0 1 1 2 0 0 0 1 0 0 0 0 1 0 1 0 0 0 2 1 0 0 1 1 1 0 0 1 1 0 0 0 1 0 0 0 1 0 0 1 0 1 0 2 1 1 0 0 0 0 0 0 1 1 0 1 0 0 0 0 1 0 1 1 0 1 0 1 0 0 1 1 1 0 0 0 0 1 0 1 0 0 0
geno chr1.167503778 yri  1 0 0 2 0 0 2 0 0 1 1 1 0 0 0 0 0 0 1 0 1 0 0 0 1 1 1 1 1 1 0 1 1 0 1 1 0 2 1 0 2 0 1 0 0 1 1 0 0 1 0 0 0 1 1 1 0 1 1 0 0 0 0 2 0 0 0 1 0 0 0 1 0 0 0 1 0
geno chr1.167503906 ceu  0 1 0 0 0 0 0 0 0 0 0 0 0 0 0 0 0 0 0 0 0 0 0 1 1 0 0 0 0 0 0 0 0 0 0 0 0 0 0 0 0 0 0 0 0 0 0 0 0 0 0 0 0 0 0 0 1 0 0 0 0 0 1 0 0 0 0 0 0 0 0 0 0 0 0 0 0 0
geno chr1.167503906 fin  0 0 0 1 0 0 0 0 1 0 0 0 0 0 0 0 0 0 0 0 0 0 0 0 0 0 0 0 0 0 0 0 0 0 0 0 0 0 0 0 0 0 0 0 0 0 0 0 0 0 0 0 0 0 0 0 0 0 0 0 0 0 0 0 0 1 0 0 0 0 0 0 0 0 0 0 0 0 0 0 0 0 0 0 0 0 0 0 0
geno chr1.167503906 gbr  0 0 0 0 0 0 0 0 0 0 0 0 0 0 0 0 0 0 0 0 0 0 0 0 0 1 0 0 1 0 0 0 0 0 0 0 1 0 0 1 0 0 0 0 1 0 0 0 0 0 1 0 0 0 0 0 0 0 1 1 1 0 0 0 0 0 0 0 0 0 0 0 0 0 0 0 0 0 1 0 0 0 0 0
geno chr1.167503906 tsi  0 0 0 0 0 0 0 0 0 0 0 0 0 1 0 0 0 0 0 0 0 0 0 0 0 0 1 0 0 0 0 1 0 0 0 0 0 0 0 1 0 0 0 0 0 0 0 0 0 0 0 0 0 0 0 0 0 0 0 0 0 0 0 0 0 0 0 0 0 0 1 0 0 0 0 0 0 0 1 0 0 0 0 1 0 0 0 2 0 0 0 0
geno chr1.167503906 yri  0 0 0 0 0 0 0 0 0 0 0 0 0 0 0 0 0 0 0 0 0 0 0 0 0 0 0 0 0 0 0 0 0 0 0 0 0 0 0 0 0 0 0 0 0 0 0 0 0 0 0 0 0 0 0 0 0 0 0 0 0 0 0 0 0 0 0 0 0 0 0 0 0 0 0 0 0
geno chr1.167503917 ceu  1 0 1 0 0 0 1 0 0 0 0 0 0 0 1 0 1 1 0 1 1 0 0 1 0 0 0 0 1 1 0 1 0 0 0 0 0 1 0 2 0 0 1 0 1 0 0 1 0 0 1 1 0 0 1 0 0 0 1 0 0 1 0 1 0 1 0 0 0 0 0 1 0 0 2 0 0 0
geno chr1.167503917 fin  1 0 1 0 0 2 1 0 0 1 1 0 0 0 0 0 0 0 0 0 0 0 0 0 0 0 0 0 0 0 0 1 0 0 0 0 1 0 1 1 0 0 0 0 1 1 0 0 0 0 1 0 1 1 0 0 1 0 0 0 0 0 1 0 0 1 0 0 2 0 0 0 0 0 0 0 1 0 1 0 0 0 1 1 1 0 0 1 0
geno chr1.167503917 gbr  0 0 0 0 0 0 1 1 0 1 1 0 1 0 0 0 0 0 0 0 0 1 0 1 0 0 2 2 0 1 0 0 2 0 0 0 0 0 0 0 0 0 0 1 0 0 0 0 1 1 0 0 1 0 0 0 0 0 0 0 0 2 0 0 1 1 0 1 1 0 0 0 0 2 0 0 1 0 1 0 1 0 2 0
geno chr1.167503917 tsi  0 2 2 0 0 1 0 1 0 0 0 1 0 1 1 0 1 0 2 1 1 1 2 0 1 0 0 0 0 1 0 0 0 0 1 0 0 0 0 0 0 0 1 1 0 0 1 0 0 0 0 1 0 0 0 1 1 0 1 0 2 1 1 2 0 2 1 0 0 0 0 0 1 1 0 0 0 0 1 1 0 0 2 1 0 0 0 0 1 0 1 1
geno chr1.167503917 yri  0 0 0 0 0 0 0 0 0 0 0 0 0 0 0 0 0 0 0 0 0 0 0 0 0 0 0 0 0 0 0 0 0 0 0 0 0 0 0 0 0 0 0 0 0 0 0 0 0 0 0 0 0 0 0 0 0 0 0 0 0 0 0 0 0 0 0 0 0 0 0 0 0 0 0 0 0
geno chr1.167504005 ceu  0 0 0 0 0 0 0 0 1 0 0 0 0 0 0 0 0 0 0 0 1 0 0 0 0 0 0 0 0 0 0 0 0 0 0 0 0 0 0 0 0 0 0 0 0 0 0 0 0 0 0 0 0 0 0 0 0 0 0 0 0 0 0 0 1 0 0 0 0 0 0 0 0 0 0 0 0 0
geno chr1.167504005 fin  0 0 0 0 0 0 0 0 0 0 0 0 0 0 0 0 0 0 0 0 0 0 0 0 0 0 0 0 0 0 0 0 0 0 0 0 0 0 0 0 0 0 0 0 0 0 0 0 0 0 0 0 0 0 0 0 0 0 0 0 0 0 0 0 0 0 0 0 0 0 0 1 0 0 0 0 0 0 0 0 0 0 0 0 0 0 0 0 0
geno chr1.167504005 gbr  0 0 1 0 0 0 0 0 0 0 0 0 0 0 0 0 0 0 0 0 0 0 0 0 0 0 0 0 0 0 0 0 0 0 0 0 0 0 0 0 0 0 0 0 0 0 0 0 0 0 0 0 0 0 0 0 0 0 0 0 0 0 0 0 0 0 0 0 0 1 0 0 0 0 0 0 0 0 0 0 0 0 0 0
geno chr1.167504005 tsi  0 0 0 0 0 0 0 0 0 0 0 0 0 0 0 0 0 0 0 0 0 0 0 0 0 0 0 0 0 0 0 0 0 0 0 1 0 0 0 0 0 0 0 0 0 0 0 0 0 0 0 0 0 0 0 0 0 0 0 1 0 0 0 0 0 0 0 0 0 0 0 0 0 0 0 0 0 0 0 0 0 0 0 0 0 0 0 0 0 0 0 0
geno chr1.167504005 yri  0 1 0 0 0 0 0 1 1 0 0 1 0 0 1 0 0 1 0 0 0 0 1 2 0 0 0 0 0 0 0 0 0 2 1 0 1 0 1 0 0 0 1 2 1 0 0 0 0 1 0 0 0 0 0 0 1 0 0 0 0 0 1 0 0 1 1 0 0 1 1 0 0 0 1 1 1
geno chr1.167504070 ceu  2 2 2 1 1 2 2 2 1 2 2 1 2 2 2 1 2 2 2 2 1 2 0 2 2 2 1 2 2 2 2 2 1 1 2 1 2 2 2 2 2 1 2 2 2 1 2 2 1 2 2 2 1 2 2 2 2 2 1 2 2 2 1 2 1 2 2 2 2 2 2 2 2 2 2 0 2 2
geno chr1.167504070 fin  2 2 2 2 2 2 2 2 2 2 2 2 2 2 2 2 2 2 2 2 1 2 2 2 2 2 2 2 2 2 1 2 2 2 1 2 2 2 2 2 2 2 2 2 2 2 2 2 2 2 2 2 2 2 2 2 2 2 2 2 1 2 2 2 2 2 2 2 2 2 2 1 1 2 2 2 2 2 2 2 2 2 2 2 2 2 2 2 1
geno chr1.167504070 gbr  2 2 1 2 2 2 1 2 2 2 2 1 2 2 2 2 2 2 2 2 2 2 1 2 2 2 2 2 2 2 2 2 2 2 2 1 2 2 2 2 2 2 2 2 2 2 2 2 2 2 2 2 2 2 1 1 2 1 2 2 2 2 2 2 2 1 2 2 2 1 2 2 2 2 2 2 2 2 2 2 2 2 2 2
geno chr1.167504070 tsi  2 2 2 2 2 1 2 2 2 2 2 2 2 2 2 1 2 2 2 2 2 2 2 2 2 2 2 2 2 2 1 2 1 1 1 1 1 2 2 2 2 1 2 2 2 2 2 1 2 2 1 2 2 2 2 2 2 2 2 1 2 2 2 2 2 2 2 1 2 2 1 2 2 2 2 1 2 1 2 2 2 2 2 2 2 1 2 2 2 2 2 2
geno chr1.167504070 yri  2 2 1 2 2 1 2 1 1 2 1 1 1 1 1 2 2 1 2 1 2 0 2 1 2 2 2 2 2 2 2 2 1 1 1 2 1 2 1 1 2 2 2 1 1 2 2 1 2 2 1 2 0 2 2 2 1 1 2 1 1 1 2 2 0 1 1 1 1 1 2 2 1 2 0 2 2
geno chr1.167504170 ceu  1 1 1 1 1 0 1 2 0 2 1 1 1 2 1 1 1 1 1 1 0 2 0 0 1 1 1 2 1 1 2 1 1 1 2 1 2 0 2 0 2 1 1 2 1 0 2 1 1 2 1 1 1 1 1 2 1 1 0 2 1 1 0 1 1 1 2 1 1 2 2 1 1 2 0 0 2 2
geno chr1.167504170 fin  1 2 1 1 2 0 1 2 0 1 1 1 2 2 1 1 1 2 0 2 0 2 2 2 2 1 2 2 1 2 1 0 2 2 0 2 1 2 0 1 1 1 2 0 0 1 2 2 2 2 0 2 1 1 1 2 1 1 1 2 1 2 1 2 2 0 1 2 0 2 2 1 1 2 2 2 1 2 1 2 1 2 1 1 1 1 2 1 0
geno chr1.167504170 gbr  2 2 1 2 1 1 0 1 1 1 1 1 1 0 1 2 2 2 2 2 2 1 1 1 2 1 0 0 1 1 1 1 0 2 2 1 1 2 2 1 2 2 1 1 1 1 2 2 1 1 1 2 1 2 1 1 2 1 1 1 1 0 2 1 1 0 2 1 1 1 1 2 2 0 1 2 1 2 0 1 0 2 1 2
geno chr1.167504170 tsi  2 0 0 1 2 0 2 0 2 2 1 1 2 0 1 1 1 0 0 1 0 2 0 2 1 0 1 2 1 0 1 1 1 1 0 1 1 2 0 0 2 1 1 1 2 1 1 1 1 2 1 2 2 1 2 0 0 1 0 1 0 1 1 0 2 0 1 1 0 2 0 2 1 1 2 0 2 0 0 1 2 2 0 0 1 1 1 0 1 0 1 1
geno chr1.167504170 yri  1 0 0 2 0 0 2 0 0 2 1 1 0 0 1 0 0 0 1 0 1 0 1 0 1 1 1 1 1 2 0 1 2 0 1 2 0 2 1 1 2 2 1 0 0 1 1 0 0 1 0 1 0 1 1 1 0 1 2 0 1 0 0 2 0 0 0 1 1 0 1 0 1 0 1 1 0
geno chr1.167504393 ceu  0 1 0 0 0 0 1 0 0 0 0 0 0 0 0 0 1 0 0 1 1 0 0 2 1 1 0 0 1 1 0 0 0 0 0 0 0 0 0 2 0 0 1 0 0 0 0 0 0 0 0 0 0 0 1 0 1 0 1 0 0 0 1 1 0 0 0 0 0 0 0 0 0 0 2 0 0 0
geno chr1.167504393 fin  1 0 1 1 0 1 0 0 1 1 0 0 0 0 0 0 0 0 0 0 0 0 0 0 0 0 0 0 0 0 0 1 0 0 0 0 1 0 0 1 0 0 0 0 1 0 0 0 0 0 0 0 0 0 0 0 1 0 0 0 0 0 1 0 0 1 0 0 1 0 0 0 0 0 0 0 1 0 0 0 0 0 1 1 1 0 0 0 0
geno chr1.167504393 gbr  0 0 0 0 0 0 1 1 0 1 1 0 1 0 0 0 0 0 0 0 0 0 0 1 0 1 1 1 1 0 0 0 0 0 0 0 1 0 0 1 0 0 0 1 1 0 0 0 1 0 1 0 1 0 0 0 0 0 1 1 1 1 0 0 1 0 0 1 0 0 0 0 0 1 0 0 1 0 2 0 1 0 1 0
geno chr1.167504393 tsi  0 0 0 0 0 0 0 0 0 0 0 1 0 1 0 0 0 0 0 1 1 0 0 0 0 0 1 0 0 0 0 1 0 0 0 0 0 0 1 1 0 0 1 0 0 0 1 0 0 0 0 0 0 0 0 0 0 0 0 0 0 0 1 0 0 1 0 0 0 0 1 0 0 1 0 0 0 0 2 0 0 0 0 1 0 0 0 2 0 0 0 0
geno chr1.167504393 yri  0 0 0 0 0 0 0 0 0 0 0 0 0 0 0 0 0 0 0 0 0 0 0 0 0 0 0 0 0 0 0 0 0 0 0 0 0 0 0 0 0 0 0 0 1 0 0 0 0 0 0 0 0 0 0 0 0 0 0 0 0 0 0 0 1 1 0 0 1 0 0 0 0 0 0 0 0
geno chr1.167504722 ceu  2 2 2 1 1 2 2 2 2 2 2 1 2 2 2 1 2 2 2 2 2 2 0 2 2 2 1 2 2 2 2 2 1 1 2 1 2 2 2 2 2 1 2 2 2 1 2 2 1 2 2 2 1 2 2 2 2 2 1 2 2 2 2 2 2 2 2 2 2 2 2 2 2 2 2 0 2 2
geno chr1.167504722 fin  2 2 2 2 2 2 2 2 2 2 2 2 2 2 2 2 2 2 2 2 1 2 2 2 2 2 2 2 2 2 1 2 2 2 1 2 2 2 2 2 2 2 2 2 2 2 2 2 2 2 2 2 2 2 2 2 2 2 2 2 2 2 2 2 2 2 2 2 2 2 2 2 1 2 2 2 2 2 2 2 2 2 2 2 2 2 2 2 1
geno chr1.167504722 gbr  2 2 2 2 2 2 1 2 2 2 2 1 2 2 2 2 2 2 2 2 2 2 1 2 2 2 2 2 1 2 2 2 2 2 2 1 2 2 2 2 2 2 2 2 2 2 2 2 2 2 2 2 2 2 2 1 2 1 2 2 2 2 2 2 2 2 2 2 2 2 2 2 2 2 2 2 2 2 2 2 2 2 2 2
geno chr1.167504722 tsi  2 2 2 2 2 1 2 2 2 2 2 2 2 2 2 1 2 2 2 2 2 2 2 2 2 2 2 2 2 2 1 2 1 2 2 2 1 2 2 2 2 1 2 2 2 2 2 2 2 2 2 2 2 2 2 2 2 2 2 2 2 2 2 2 2 2 2 1 2 2 1 2 2 2 2 1 2 2 2 2 2 2 2 2 2 1 2 2 2 2 2 2
geno chr1.167504722 yri  2 2 2 2 2 1 2 2 2 2 2 2 2 2 2 2 2 2 2 2 2 2 2 2 2 2 2 2 2 2 2 2 2 2 2 2 2 2 2 2 2 2 2 2 2 2 2 2 2 2 1 2 2 2 2 2 2 2 2 2 2 2 2 2 2 2 2 2 2 2 2 2 2 2 2 2 2
geno chr1.167504757 ceu  0 0 0 1 1 0 0 0 0 0 1 1 0 0 0 0 0 0 0 0 0 1 0 0 0 0 0 1 0 1 1 0 1 0 1 1 1 0 1 0 2 0 1 1 0 0 0 0 0 1 0 0 1 0 1 0 0 0 0 1 0 0 0 0 1 1 1 0 1 2 2 0 0 2 0 0 1 1
geno chr1.167504757 fin  1 2 0 1 1 0 1 1 0 1 0 1 2 0 1 1 1 2 0 1 0 0 1 2 1 0 0 1 0 0 0 0 0 2 0 1 1 2 0 0 1 0 1 0 0 1 1 2 2 1 0 1 0 0 1 2 1 1 0 1 1 2 0 2 0 0 0 0 0 2 1 1 1 1 1 1 1 1 0 0 1 2 1 1 1 0 2 0 0
geno chr1.167504757 gbr  1 1 0 1 1 0 0 0 0 0 0 0 0 0 0 2 1 2 0 1 2 0 1 1 2 0 0 0 0 0 0 0 0 0 0 1 1 0 1 0 1 2 0 1 1 0 1 1 0 0 1 1 0 1 1 0 0 0 1 0 1 0 1 0 0 0 1 1 0 0 0 1 1 0 1 2 1 1 0 1 0 0 1 1
geno chr1.167504757 tsi  0 0 0 1 2 0 0 0 0 2 0 0 0 0 0 1 0 0 0 1 0 0 0 1 1 0 1 0 0 0 1 0 0 0 0 1 0 1 0 0 1 0 1 1 2 0 1 1 0 1 0 2 0 0 1 0 0 1 0 1 0 0 0 0 1 0 1 1 0 1 0 1 0 1 1 0 1 0 0 0 1 1 0 0 0 0 0 0 0 0 1 0
geno chr1.167504757 yri  0 0 0 0 0 0 0 0 0 1 0 0 0 0 1 0 0 0 0 0 0 0 1 0 0 0 0 0 0 1 0 0 0 0 0 1 0 0 0 1 0 2 0 0 0 0 0 0 0 0 0 0 0 0 0 0 0 0 1 0 1 0 0 0 0 0 0 0 1 0 1 0 0 0 0 0 0
geno chr1.167505001 ceu  0 1 0 0 0 0 1 0 0 0 0 0 0 0 0 0 1 0 0 1 1 0 0 2 1 1 0 0 1 1 0 0 0 0 0 0 0 0 0 2 0 0 1 0 0 0 0 0 0 0 0 0 0 0 1 0 1 0 1 0 0 0 1 1 0 0 0 0 0 0 0 0 0 0 2 0 0 0
geno chr1.167505001 fin  1 0 1 1 0 1 0 0 1 1 0 0 0 0 0 0 0 0 0 0 0 0 0 0 0 0 0 0 0 0 0 1 0 0 0 0 1 0 0 1 0 0 0 0 1 0 0 0 0 0 0 0 0 0 0 0 1 0 0 0 0 0 1 0 0 1 0 0 1 0 0 0 0 0 0 0 1 0 0 0 0 0 1 1 1 0 0 0 0
geno chr1.167505001 gbr  0 0 0 0 0 0 1 1 0 1 1 0 1 0 0 0 0 0 0 0 0 0 0 1 0 1 1 1 0 0 0 0 0 0 0 0 1 0 0 1 0 0 0 1 1 0 0 0 1 0 1 0 1 0 0 0 0 0 1 1 1 1 0 0 1 0 0 1 0 0 0 0 0 1 0 0 1 0 2 0 1 0 1 0
geno chr1.167505001 tsi  0 0 0 0 0 0 0 0 0 0 0 1 0 1 0 0 0 0 0 1 1 0 0 0 0 0 1 0 0 0 0 1 0 0 0 0 0 0 1 1 0 0 1 0 0 0 1 0 0 0 0 0 0 0 0 0 0 0 0 0 0 0 1 0 0 1 0 0 0 0 1 0 0 1 0 0 0 0 2 0 0 0 0 1 0 0 0 2 0 0 0 0
geno chr1.167505001 yri  0 0 0 0 0 0 0 0 0 0 0 0 0 0 0 0 0 0 0 0 0 0 0 0 0 0 0 0 0 0 0 0 0 0 0 0 0 0 0 0 0 0 0 0 0 0 0 0 0 0 0 0 0 0 0 0 0 0 0 0 0 0 0 0 0 0 0 0 0 0 0 0 0 0 0 0 0
geno chr1.167505038 ceu  1 0 1 0 0 0 0 0 0 0 0 0 0 0 1 0 0 1 0 0 0 0 0 0 0 0 0 0 0 0 0 1 0 0 0 0 0 1 0 0 0 0 0 0 1 0 0 1 0 0 1 1 0 0 0 0 0 0 0 0 0 1 0 0 0 1 0 0 0 0 0 1 0 0 0 0 0 0
geno chr1.167505038 fin  0 0 0 0 0 1 1 0 0 0 0 0 0 0 0 0 0 0 0 0 0 0 0 0 0 0 0 0 0 0 0 0 0 0 0 0 0 0 1 0 0 0 0 0 0 1 0 0 0 0 1 0 1 1 0 0 0 0 0 0 0 0 0 0 0 1 0 0 1 0 0 0 0 0 0 0 0 0 1 0 0 0 0 0 0 0 0 1 0
geno chr1.167505038 gbr  0 0 0 0 0 0 0 0 0 0 0 0 0 0 0 0 0 0 0 0 0 1 0 0 0 0 1 1 0 1 0 0 2 0 0 0 0 0 0 0 0 0 0 0 0 0 0 0 0 1 0 0 0 0 0 0 0 0 0 0 0 1 0 0 0 1 0 0 0 0 0 0 0 1 0 0 0 0 0 0 0 0 1 0
geno chr1.167505038 tsi  0 2 2 0 0 1 0 1 0 0 0 0 0 1 1 0 1 0 2 0 0 0 2 0 1 0 0 0 0 1 0 0 0 0 1 0 0 0 0 0 0 0 0 1 0 0 0 0 0 0 0 0 0 0 0 1 1 0 1 0 2 1 0 2 0 1 1 0 0 0 0 0 1 0 0 0 0 0 0 1 0 0 2 1 0 0 0 0 1 0 1 1
geno chr1.167505038 yri  0 0 0 0 0 0 0 0 0 0 0 0 0 0 0 0 0 0 0 0 0 0 0 0 0 0 0 0 0 0 0 0 0 0 0 0 0 0 0 0 0 0 0 0 0 0 0 0 0 0 0 0 0 0 0 0 0 0 0 0 0 0 0 0 0 0 0 0 0 0 0 0 0 0 0 0 0
geno chr1.167505066 ceu  2 1 2 1 1 0 1 2 1 2 1 1 1 2 1 1 1 2 1 1 1 2 0 0 1 1 1 2 1 1 2 2 1 1 2 1 2 1 1 0 2 1 1 2 2 0 2 2 1 2 2 2 1 1 1 2 1 1 0 2 1 2 1 1 2 2 2 1 1 2 2 2 1 2 0 0 2 2
geno chr1.167505066 fin  1 1 1 1 2 1 2 2 0 1 1 1 2 2 1 1 1 2 0 2 0 2 2 2 2 1 2 2 1 2 1 0 2 2 0 2 1 2 1 1 1 1 2 0 0 2 2 2 2 2 1 1 2 2 1 2 1 1 1 2 2 2 1 2 1 1 1 2 1 2 2 2 0 2 2 2 1 2 2 2 1 2 1 1 1 1 2 2 0
geno chr1.167505066 gbr  2 1 2 2 1 1 0 1 1 1 1 1 1 0 1 2 2 2 2 2 2 2 1 1 2 1 1 1 1 2 1 1 2 2 2 1 1 2 2 1 2 2 1 1 1 1 2 2 1 2 1 2 1 2 2 1 2 1 1 1 1 0 2 1 1 2 2 1 1 2 1 2 2 1 1 2 1 2 0 1 0 2 1 2
geno chr1.167505066 tsi  2 2 2 1 2 1 2 1 2 2 1 1 2 1 2 1 2 0 2 1 0 1 2 1 2 0 1 2 1 1 1 1 1 2 2 2 1 2 0 0 2 1 1 2 2 1 1 2 0 2 2 2 2 1 2 1 1 1 2 2 2 2 1 2 2 1 2 1 0 2 0 2 2 1 2 0 2 1 0 2 2 2 2 1 1 1 1 0 2 0 2 2
geno chr1.167505066 yri  2 0 1 1 1 0 1 0 1 2 1 2 1 1 2 2 2 2 1 1 1 0 0 1 2 1 2 2 1 2 1 2 1 1 2 2 0 2 2 1 2 2 1 1 0 2 2 1 1 1 1 2 0 1 2 2 2 0 1 0 0 1 1 2 0 0 2 2 1 0 0 2 0 1 2 1 0
geno chr1.167505072 ceu  1 1 1 1 1 0 1 2 0 2 1 1 1 2 1 1 1 1 1 1 0 2 0 0 1 1 1 2 1 1 2 1 1 1 2 1 2 0 2 0 2 1 1 2 1 0 2 1 1 2 1 1 1 1 1 2 1 1 0 2 1 1 0 1 1 1 2 1 1 2 2 1 1 2 0 0 2 2
geno chr1.167505072 fin  1 1 1 1 2 0 1 2 0 1 1 1 2 2 1 1 1 2 0 2 0 2 2 2 2 1 2 2 1 2 1 0 2 2 0 2 1 2 0 1 1 1 2 0 0 1 2 2 2 2 0 1 1 1 1 2 1 1 1 2 1 2 1 2 1 0 1 2 0 1 2 1 0 2 2 2 1 2 1 2 1 2 1 1 1 1 2 1 0
geno chr1.167505072 gbr  1 1 1 2 1 1 0 1 1 1 1 1 1 0 1 2 2 2 2 2 2 1 1 1 2 1 0 0 1 1 1 1 0 2 2 1 1 2 2 1 2 2 1 1 1 1 2 2 1 1 1 2 1 2 1 1 2 1 1 1 1 0 2 1 1 0 2 1 1 1 1 2 2 0 1 2 1 2 0 1 0 2 0 2
geno chr1.167505072 tsi  2 0 0 1 2 0 2 0 2 2 1 1 2 0 1 1 1 0 0 1 0 1 0 1 1 0 1 2 1 0 1 1 1 1 0 1 1 2 0 0 2 1 1 1 2 1 1 1 0 2 1 2 2 1 2 0 0 1 1 1 0 1 1 0 2 0 1 1 0 2 0 2 1 1 2 0 2 0 0 1 2 2 0 0 1 1 1 0 1 0 1 1
geno chr1.167505072 yri  1 0 0 2 0 0 2 0 0 2 1 1 0 0 1 0 0 0 1 0 1 0 1 0 1 1 1 1 1 2 0 1 2 0 1 2 0 2 1 1 2 2 1 0 0 1 1 0 0 1 0 1 0 1 1 1 0 0 1 0 1 0 0 2 0 0 0 1 1 0 1 0 1 0 1 1 0
geno chr1.167505230 ceu  0 1 0 0 0 0 1 0 0 0 0 0 0 0 0 0 1 0 0 1 1 0 0 2 1 1 0 0 1 1 0 0 0 0 0 0 0 0 0 2 0 0 1 0 0 0 0 0 0 0 0 0 0 0 1 0 1 0 1 0 0 0 1 1 0 0 0 0 0 0 0 0 0 0 1 0 0 0
geno chr1.167505230 fin  0 0 1 1 0 1 0 0 1 1 0 0 0 0 0 0 0 0 0 0 0 0 0 0 0 0 0 0 0 0 0 1 0 0 0 0 1 0 0 1 0 0 0 0 1 0 0 0 0 0 0 0 0 0 0 0 1 0 0 0 0 0 0 0 0 1 0 0 1 0 0 0 0 0 0 0 1 0 0 0 0 0 1 0 0 0 0 0 0
geno chr1.167505230 gbr  0 0 0 0 0 0 1 1 0 1 1 0 1 0 0 0 0 0 0 0 0 0 0 0 0 1 1 1 0 0 0 0 0 0 0 0 1 0 0 1 0 0 0 1 1 0 0 0 1 0 1 0 1 0 0 0 0 0 1 1 1 1 0 0 1 0 0 1 0 0 0 0 0 1 0 0 1 0 1 0 1 0 1 0
geno chr1.167505230 tsi  0 0 0 0 0 0 0 0 0 0 0 1 0 1 0 0 0 0 0 1 1 0 0 0 0 0 1 0 0 0 0 1 0 0 0 0 0 0 1 1 0 0 1 0 0 0 1 0 0 0 0 0 0 0 0 0 0 0 0 0 0 0 0 0 0 1 0 0 0 0 1 0 0 1 0 0 0 0 2 0 0 0 0 1 0 0 0 2 0 0 0 0
geno chr1.167505230 yri  0 0 0 0 0 0 0 0 0 0 0 0 0 0 0 0 0 0 0 0 0 0 0 0 0 0 0 0 0 0 0 0 0 0 0 0 0 0 0 0 0 0 0 0 0 0 0 0 0 0 0 0 0 0 0 0 0 0 0 0 0 0 0 0 0 0 0 0 0 0 0 0 0 0 0 0 0
geno chr1.167505232 ceu  0 0 0 0 0 2 0 0 1 0 1 0 1 0 0 0 0 0 1 0 0 0 0 0 0 0 0 0 0 0 0 0 0 0 0 0 0 1 0 0 0 0 0 0 0 1 0 0 0 0 0 0 0 1 0 0 0 1 0 0 1 0 0 0 0 0 0 1 1 0 0 0 1 0 0 0 0 0
geno chr1.167505232 fin  0 0 0 0 0 0 0 0 1 0 1 1 0 0 1 1 1 0 2 0 1 0 0 0 0 1 0 0 1 0 0 1 0 0 1 0 0 0 1 0 1 1 0 2 1 0 0 0 0 0 1 0 0 0 1 0 0 1 1 0 0 0 0 0 0 0 1 0 0 0 0 0 0 0 0 0 0 0 0 0 1 0 0 0 0 1 0 0 1
geno chr1.167505232 gbr  0 0 0 0 1 1 0 0 1 0 0 0 0 2 1 0 0 0 0 0 0 0 0 0 0 0 0 0 0 0 1 1 0 0 0 0 0 0 0 0 0 0 1 0 0 1 0 0 0 0 0 0 0 0 0 0 0 0 0 0 0 0 0 1 0 0 0 0 1 0 1 0 0 0 1 0 0 0 0 1 1 0 0 0
geno chr1.167505232 tsi  0 0 0 1 0 0 0 1 0 0 1 0 0 0 0 0 0 2 0 0 1 0 0 0 0 2 0 0 1 1 0 0 0 0 0 0 0 0 1 1 0 0 0 0 0 1 0 0 1 0 0 0 0 1 0 1 1 1 0 0 0 0 0 0 0 0 0 0 2 0 0 0 0 0 0 1 0 1 0 0 0 0 0 0 1 0 1 0 0 2 0 0
geno chr1.167505232 yri  0 1 0 0 1 1 0 0 1 0 0 0 0 0 0 0 0 0 1 0 1 0 0 0 0 1 0 0 0 0 1 0 0 0 0 0 0 0 0 0 0 0 1 0 0 0 0 0 1 0 0 0 1 1 0 0 0 0 0 1 0 0 0 0 0 0 0 0 0 0 0 0 1 1 0 0 1
geno chr1.167505295 ceu  0 0 0 0 0 2 0 0 1 0 1 0 1 0 0 0 0 0 1 0 0 0 0 0 0 0 0 0 0 0 0 0 0 0 0 0 0 1 0 0 0 0 0 0 0 1 0 0 0 0 0 0 0 1 0 0 0 1 0 0 1 0 0 0 0 0 0 1 1 0 0 0 1 0 0 0 0 0
geno chr1.167505295 fin  0 0 0 0 0 0 0 0 1 0 1 1 0 0 1 1 1 0 2 0 1 0 0 0 0 1 0 0 1 0 0 1 0 0 1 0 0 0 1 0 1 1 0 2 1 0 0 0 0 0 1 0 0 0 1 0 0 1 1 0 0 0 0 0 0 0 1 0 0 0 0 0 0 0 0 0 0 0 0 0 1 0 0 0 0 1 0 0 1
geno chr1.167505295 gbr  0 0 0 0 1 1 0 0 1 0 0 0 0 2 1 0 0 1 0 0 0 0 1 0 0 0 0 0 0 0 1 1 0 0 0 0 0 0 0 0 0 0 1 0 0 1 0 0 0 0 0 0 0 0 0 0 0 0 0 0 0 0 0 1 0 0 0 0 1 0 1 0 0 0 1 0 0 0 0 1 1 0 0 0
geno chr1.167505295 tsi  0 0 0 1 0 0 0 1 0 0 1 0 0 0 0 0 0 2 0 0 1 0 0 0 0 2 0 0 1 1 0 0 0 0 0 0 0 0 1 1 0 1 0 0 0 1 0 0 1 0 0 0 0 1 0 1 1 1 0 0 0 0 0 0 0 0 0 0 2 0 0 0 0 0 0 1 0 1 0 0 0 0 0 0 1 0 1 0 0 2 0 0
geno chr1.167505295 yri  0 1 0 0 1 1 0 0 1 0 0 0 0 0 0 0 0 0 1 0 1 0 0 0 0 1 0 0 0 0 1 0 1 0 0 0 0 0 0 0 0 0 1 0 0 0 1 0 1 0 0 0 1 1 0 0 0 0 0 1 0 0 0 0 0 0 0 0 0 0 0 0 2 1 1 0 1
geno chr1.167505711 ceu  0 0 0 0 0 2 0 0 0 0 0 0 1 0 0 0 0 0 1 0 0 0 0 0 0 0 0 0 0 0 0 0 0 0 0 0 0 1 0 0 0 0 0 0 0 1 0 0 0 0 0 0 0 0 0 0 0 0 0 0 1 0 0 0 0 0 0 1 1 0 0 0 1 0 0 0 0 0
geno chr1.167505711 fin  0 0 0 0 0 0 0 0 0 0 0 1 0 0 1 1 1 0 0 0 1 0 0 0 0 0 0 0 1 0 0 1 0 0 0 0 0 0 1 0 1 1 0 1 0 0 0 0 0 0 0 0 0 0 1 0 0 1 1 0 0 0 0 0 0 0 1 0 0 0 0 0 0 0 0 0 0 0 0 0 1 0 0 0 0 1 0 0 1
geno chr1.167505711 gbr  0 0 0 0 0 1 0 0 1 0 0 0 0 2 0 0 0 0 0 0 0 0 0 0 0 0 0 0 0 0 1 1 0 0 0 0 0 0 0 0 0 0 1 0 0 0 0 0 0 0 0 0 0 0 0 0 0 0 0 0 0 0 0 1 0 0 0 0 1 0 0 0 0 0 0 0 0 0 0 0 0 0 0 0
geno chr1.167505711 tsi  0 0 0 1 0 0 0 1 0 0 1 0 0 0 0 0 0 0 0 0 1 0 0 0 0 1 0 0 0 0 0 0 0 0 0 0 0 0 1 1 0 0 0 0 0 0 0 0 1 0 0 0 0 0 0 1 1 0 0 0 0 0 0 0 0 0 0 0 1 0 0 0 0 0 0 1 0 0 0 0 0 0 0 0 0 0 0 0 0 1 0 0
geno chr1.167505711 yri  0 0 0 0 0 0 0 0 0 0 0 0 0 0 0 0 0 0 0 0 0 0 0 0 0 0 0 0 0 0 0 0 0 0 0 0 0 0 0 0 0 0 0 0 0 0 0 0 0 0 0 0 0 0 0 0 0 0 0 0 0 0 0 0 0 0 0 0 0 0 0 0 0 0 0 0 0
geno chr1.167505895 ceu  1 0 1 0 0 0 0 0 0 0 0 0 0 0 1 0 0 1 0 0 0 0 0 0 0 0 0 0 0 0 0 1 0 0 0 0 0 1 0 0 0 0 0 0 1 0 0 1 0 0 1 1 0 0 0 0 0 0 0 0 0 1 0 0 0 1 0 0 0 0 0 1 0 0 0 0 0 0
geno chr1.167505895 fin  0 0 0 0 0 1 1 0 0 0 0 0 0 0 0 0 0 0 0 0 0 0 0 0 0 0 0 0 0 0 0 0 0 0 0 0 0 0 1 0 0 0 0 0 0 1 0 0 0 0 1 0 1 1 0 0 0 0 0 0 0 0 0 0 0 1 0 0 1 0 0 0 0 0 0 0 0 0 1 0 0 0 0 0 0 0 0 1 0
geno chr1.167505895 gbr  0 0 0 0 0 0 0 0 0 0 0 0 0 0 0 0 0 0 0 0 0 1 0 0 0 0 1 1 0 1 0 0 2 0 0 0 0 0 0 0 0 0 0 0 0 0 0 0 0 1 0 0 0 0 0 0 0 0 0 0 0 1 0 0 0 1 0 0 0 0 0 0 0 1 0 0 0 0 0 0 0 0 1 0
geno chr1.167505895 tsi  0 2 2 0 0 1 0 1 0 0 0 0 0 1 1 0 1 0 2 0 0 0 2 0 1 0 0 0 0 1 0 0 0 0 1 0 0 0 0 0 0 0 0 1 0 0 0 0 0 0 0 0 0 0 0 1 1 0 1 0 2 1 0 2 0 1 1 0 0 0 0 0 1 0 0 0 0 0 0 1 0 0 2 1 0 0 0 0 1 0 1 1
geno chr1.167505895 yri  0 0 0 0 0 0 0 0 0 0 0 0 0 0 0 0 0 0 0 0 0 0 0 0 0 0 0 0 0 0 0 0 0 0 0 0 0 0 0 0 0 0 0 0 0 0 0 0 0 0 0 0 0 0 0 0 0 0 0 0 0 0 0 0 0 0 0 0 0 0 0 0 0 0 0 0 0
geno chr1.167506663 ceu  2 2 2 1 1 2 2 2 2 2 2 1 2 2 2 1 2 2 2 2 2 2 0 2 2 2 1 2 2 2 2 2 1 1 2 1 2 2 2 2 2 1 2 2 2 1 2 2 1 2 2 2 1 2 2 2 2 2 1 2 2 2 2 2 2 2 2 2 2 2 2 2 2 2 2 0 2 2
geno chr1.167506663 fin  2 2 2 2 2 2 2 2 2 2 2 2 2 2 2 2 2 2 2 2 1 2 2 2 2 2 2 2 2 2 1 2 2 2 1 2 2 2 2 2 2 2 2 2 2 2 2 2 2 2 2 2 2 2 2 2 2 2 2 2 2 2 2 2 2 2 2 2 2 2 2 2 1 2 2 2 2 2 2 2 2 2 2 2 2 2 2 2 1
geno chr1.167506663 gbr  2 2 2 2 2 2 1 2 2 2 2 1 2 2 2 2 2 2 2 2 2 2 1 2 2 2 2 2 1 2 2 2 2 2 2 1 2 2 2 2 2 2 2 2 2 2 2 2 2 2 2 2 2 2 2 1 2 1 2 2 2 2 2 2 2 2 2 2 2 2 2 2 2 2 2 2 2 2 2 2 2 2 2 2
geno chr1.167506663 tsi  2 2 2 2 2 1 2 2 2 2 2 2 2 2 2 1 2 2 2 2 2 2 2 2 2 2 2 2 2 2 1 2 1 2 2 2 1 2 2 2 2 1 2 2 2 2 2 2 2 2 2 2 2 2 2 2 2 2 2 2 2 2 2 2 2 2 2 1 2 2 1 2 2 2 2 1 2 2 2 2 2 2 2 2 2 1 2 2 2 2 2 2
geno chr1.167506663 yri  2 2 1 2 2 1 2 1 2 2 1 2 1 1 2 2 2 2 2 1 2 0 2 2 2 2 2 2 2 2 2 2 2 2 2 2 1 2 2 1 2 2 2 2 2 2 2 1 2 2 1 2 1 2 2 2 2 1 2 1 1 1 2 2 1 2 2 2 2 1 2 2 2 2 2 2 2
geno chr1.167506734 ceu  1 1 1 1 1 0 1 2 0 2 1 1 1 2 1 1 1 1 1 1 0 2 0 0 1 1 1 2 1 1 2 1 1 1 2 1 2 0 2 0 2 1 1 2 1 0 2 1 1 2 1 1 1 1 1 2 1 1 0 2 1 1 0 1 1 1 2 1 1 2 2 1 1 2 1 0 2 2
geno chr1.167506734 fin  2 2 1 1 2 0 1 2 0 1 1 1 2 2 1 1 1 2 0 2 0 2 2 2 2 1 2 2 1 2 1 0 2 2 0 2 1 2 0 1 1 1 2 0 0 1 2 2 2 2 0 2 1 1 1 2 1 1 1 2 1 2 2 2 2 0 1 2 0 2 2 1 1 2 2 2 1 2 1 2 1 2 1 2 2 1 2 1 0
geno chr1.167506734 gbr  2 2 1 2 1 1 0 1 1 1 1 1 1 0 1 2 2 2 2 2 2 1 1 2 2 1 0 0 1 1 1 1 0 2 2 1 1 2 2 1 2 2 1 1 1 1 2 2 1 1 1 2 1 2 1 1 2 1 2 1 2 0 2 1 1 1 2 1 1 1 1 2 2 0 1 2 1 2 1 1 0 2 0 2
geno chr1.167506734 tsi  2 0 0 1 2 0 2 0 2 2 1 1 2 0 1 1 1 0 0 1 0 2 0 2 1 0 1 2 1 0 1 1 1 1 0 1 1 2 0 0 2 1 1 1 2 1 1 1 1 2 1 2 2 1 2 0 0 1 1 1 0 1 2 0 2 0 1 1 0 2 0 2 1 1 2 0 2 0 0 1 2 2 0 0 1 1 1 0 1 0 1 1
geno chr1.167506734 yri  1 0 0 2 0 0 2 0 0 2 1 1 0 0 1 0 0 0 1 0 1 0 1 0 1 1 1 1 1 2 0 1 2 0 1 2 0 2 1 1 2 2 1 0 0 1 1 0 0 1 0 1 0 1 1 1 0 1 2 0 1 0 0 2 0 0 0 1 1 0 1 0 0 0 1 1 0
