pheno ENSG00000167775 ceu -0.9267202 0.8062601 -0.5998095 -0.7166116 0.9383084 -1.342492 -1.606333 -2.803811 -2.953619 -3.56714 -1.021947 -0.03037072 0.2798806 -2.369063 -1.989596 -2.711169 -0.7396768 -1.499537 -1.514531 -2.144385 -2.102719 -1.697707 -1.118891 -0.4606488 1.597196 -1.541467 -0.5307074 -1.603042 -2.286137 1.384848 -1.533018 -2.109727 -1.346593 0.2690883 -1.930747 0.2456178 -0.9852208 -0.6500329 -2.535076 -2.552411 -2.560404 -1.777172 -1.382387 -0.2925901 -0.8975817 -1.671559 -0.1600937 -0.4224707 -1.713801 -1.322842 -1.492349 -1.874982 -1.781754 -1.470945 -1.258313 -0.07093217 -2.511294 0.3540063 0.3178577 0.8759043 -0.1348094 -2.558642 -2.883047 -1.441098 -2.604151 0.6204299 -2.522077 -2.944725 -1.528262 -0.9982906 -2.272372 -1.270499 -0.6529505 -1.59436 -2.807924 -2.013017 -2.489797 -1.311677
pheno ENSG00000167775 fin 1.105627 0.1238248 0.5596452 1.410533 1.633319 2.288786 1.511197 1.144212 1.124722 0.0457192 1.187217 0.7908857 2.545155 0.6890698 1.663684 1.658114 1.010697 -1.191956 0.8321569 0.1034458 -0.3227885 1.342197 1.437307 1.852543 1.38738 0.8401534 1.377014 0.05023103 1.843451 2.044062 0.1466714 -0.06924689 2.273156 -0.2610159 1.413471 -1.164121 2.889525 -0.583257 2.842925 3.255645 1.817203 1.826116 2.440623 0.3052342 -0.3070978 -0.4287863 0.5334647 2.678404 2.314014 3.171175 -0.5889819 3.857255 -0.0325406 3.248189 1.760638 0.8545193 1.326101 -0.6459468 2.964071 2.945993 2.149851 -1.008854 1.930654 0.4674228 0.3875416 2.907789 1.219262 1.662106 3.430066 1.411032 2.060288 -0.2865002 1.506362 2.681283 -0.4385178 1.304111 1.849821 1.561918 0.5303194 1.967489 1.60738 1.300567 1.009616 -0.3965071 -0.9908978 0.4267881 0.1961306 2.018124 0.4806134
pheno ENSG00000167775 gbr 0.921763 0.9231653 1.630579 2.110083 2.809605 0.356591 0.9339295 2.432051 2.694564 0.9048325 -0.3469319 1.330579 1.00426 2.128554 1.29857 1.807371 0.8749956 0.04508617 0.3200395 0.9079974 -1.153226 -0.1419687 0.05380156 0.7989397 2.101874 0.1412058 0.7357115 3.242965 0.7632768 -0.1686678 3.024779 1.509264 0.5434185 2.812924 1.479579 0.7355746 1.665368 1.26596 0.3432412 1.524044 0.9100148 -0.979849 0.6028763 -0.03299179 1.139637 1.661053 0.09349572 0.7614253 1.022946 1.959998 -1.000951 -0.8831097 0.7290991 2.354267 0.2159965 0.4958444 1.586983 3.075348 1.208443 -0.001970088 0.6488444 0.01008474 0.9607774 3.18115 0.1814559 0.2269549 -0.2000456 0.1935728 0.1689937 0.225193 -0.2926993 -0.02568888 0.9184975 1.152785 1.445098 0.8214344 0.9496063 0.7714265 1.335217 1.76337 0.5308289 1.17382 0.6973364 0.8487311
pheno ENSG00000167775 tsi 2.928049 2.935447 2.713791 3.652618 -0.4151027 0.8642875 2.242127 0.0796583 -0.279674 -0.1696168 -1.363532 0.9879913 1.960702 0.6715007 1.366521 1.035391 3.125191 1.578505 0.5672601 1.878035 2.103702 0.4843932 2.587292 -0.2359525 2.326246 1.423934 2.896638 1.49732 1.605386 1.426518 1.682347 1.037994 0.8051639 0.5412734 1.517081 1.375816 2.099503 2.620528 -0.05320797 1.262871 1.66062 -0.1215674 -0.008010745 2.108247 2.176728 1.285545 0.9043509 1.70795 2.587415 -0.6905672 2.284373 0.6347379 2.365859 -1.199646 2.698233 1.594457 0.5610709 2.077903 -0.1538254 -0.6650865 1.373689 1.289588 2.016756 0.1210434 0.7131938 -1.273697 1.001045 0.9998209 1.791945 0.8190551 0.07722405 0.5602534 1.652369 0.6585397 0.9605237 -1.154615 -0.1924146 1.211273 0.3151919 0.7047153 1.541358 1.123356 1.533384 2.979098 1.096018 0.2973381 -0.02961003 0.5866269 0.8560093 0.9234212 1.34754 1.777456
pheno ENSG00000167775 yri -3.441761 -1.477931 -2.105422 -1.987218 -1.673659 -1.114654 -0.3700022 1.230339 -1.662463 -1.068614 -0.9817807 -1.465543 -1.045279 -2.008306 -0.5650447 -0.8739261 -1.297635 -2.059602 -2.562483 -0.9069009 -1.048597 1.00128 -1.380876 -1.065364 -0.9317383 -2.261448 -3.483464 -1.155267 -2.993146 -0.3491831 -1.927494 -0.7947032 0.3558733 -2.23423 -0.8812185 -1.817132 -0.9209377 0.822311 -1.706148 -1.043626 -1.438359 -0.5900638 -0.847562 -0.4884906 -2.970688 -0.002159145 0.6038435 -1.030501 -1.346064 -0.8790153 -2.102645 -0.5447381 -1.968627 1.424149 -1.416036 0.5678687 -0.4275015 -0.7126517 -1.379635 -2.202541 -0.709487 -0.8231893 -2.944382 -0.9238365 -2.782228 -1.65521 1.866853 -2.548383 -1.265635 0.5519889 -1.48609 -1.349705 0.1493175 -0.2883384 -1.433501 -1.281446 -0.3429374
geno chr19.8274040 ceu  1 2 1 1 1 2 1 2 2 1 1 1 1 1 1 0 1 1 1 2 0 2 1 0 1 1 2 2 2 1 1 1 1 2 1 1 1 0 1 1 1 1 1 1 2 1 0 1 1 1 1 0 1 1 2 0 2 0 1 1 1 1 2 2 1 1 1 1 1 1 0 1 0 2 2 2 1 1
geno chr19.8274040 fin  1 1 0 1 0 0 1 0 1 0 1 1 1 0 1 0 1 2 1 0 2 2 1 0 1 0 2 1 1 0 0 1 1 1 1 1 0 1 0 0 1 0 1 1 1 1 2 0 0 1 1 0 0 0 0 1 1 2 1 0 1 2 0 1 0 0 0 1 1 1 2 1 1 1 1 0 1 1 1 2 1 2 0 2 0 2 1 1 0
geno chr19.8274040 gbr  1 1 1 2 1 0 2 1 0 1 1 1 1 0 2 0 1 2 1 1 0 2 2 1 1 0 1 1 1 1 1 0 0 1 0 0 0 1 0 2 1 1 2 2 1 1 1 2 0 1 0 2 1 0 0 1 0 1 1 2 0 1 0 1 1 1 2 2 2 0 1 1 1 1 0 1 1 2 1 1 1 0 0 0
geno chr19.8274040 tsi  0 0 2 0 1 1 1 1 0 1 1 1 1 1 0 1 1 1 1 0 1 2 1 0 1 1 0 1 0 2 2 0 1 1 0 1 0 1 1 1 1 1 1 1 1 0 1 1 1 1 2 2 1 0 0 0 1 0 1 1 1 1 2 1 1 2 2 1 2 2 1 1 0 2 1 2 2 2 1 1 2 1 1 1 0 2 2 1 1 0 0 1
geno chr19.8274040 yri  1 0 1 0 0 0 0 0 2 0 1 1 1 0 0 0 0 0 0 1 0 0 1 1 0 1 1 0 0 0 1 0 0 0 0 1 0 1 2 1 0 0 1 0 0 1 0 0 2 0 0 0 0 2 2 0 0 1 1 0 0 1 0 0 0 1 1 1 0 0 2 1 0 1 1 1 1
geno chr19.8274254 ceu  1 2 1 1 0 2 1 1 1 1 1 1 1 1 0 0 1 1 1 2 0 2 1 0 1 1 2 2 2 1 1 1 1 2 1 1 1 0 1 1 1 1 1 1 2 1 0 1 1 1 1 0 1 1 2 0 2 1 1 2 1 1 2 2 2 2 1 1 1 1 0 1 0 2 2 2 1 0
geno chr19.8274254 fin  2 1 0 1 0 1 2 0 1 0 0 1 1 0 1 0 1 1 2 0 1 2 1 0 1 0 2 2 1 0 0 1 1 1 1 1 0 1 0 0 1 0 1 1 1 1 2 1 1 1 1 0 1 0 0 0 1 2 1 0 0 2 0 1 1 1 1 0 1 1 2 1 1 0 0 2 1 1 0 2 1 2 1 1 1 2 1 2 0
geno chr19.8274254 gbr  1 1 1 2 2 1 2 1 0 1 1 0 0 1 2 1 1 2 2 1 1 2 2 1 1 1 1 1 1 1 1 0 1 1 0 0 0 1 0 2 2 1 2 2 1 1 2 2 1 1 0 2 1 0 1 1 0 1 1 2 0 1 0 1 1 1 2 2 2 0 1 1 1 1 0 1 1 2 1 1 1 1 0 0
geno chr19.8274254 tsi  0 1 2 0 2 1 1 2 0 1 1 1 1 1 1 1 1 0 1 0 1 2 1 1 1 1 0 1 0 2 2 1 1 1 0 1 0 1 1 1 1 0 1 0 0 0 1 2 1 1 1 2 1 1 0 0 1 0 1 1 1 1 2 1 1 2 1 1 2 1 1 1 0 2 2 2 2 2 2 0 2 0 1 1 0 2 2 1 0 0 0 1
geno chr19.8274254 yri  1 2 2 2 0 1 0 2 2 1 1 1 1 0 1 2 1 0 2 1 0 2 1 2 1 2 1 1 0 0 0 2 1 1 1 0 2 2 2 2 1 1 0 2 1 2 2 1 2 1 0 2 0 2 1 1 2 2 1 2 1 2 1 1 1 1 1 1 2 1 2 2 2 0 1 2 1
geno chr19.8274571 ceu  0 0 1 1 0 0 0 0 0 0 0 0 0 0 0 0 0 0 0 0 0 0 0 0 0 0 0 0 0 0 0 0 1 0 0 0 1 0 0 0 0 0 0 1 1 0 0 0 0 1 0 0 1 0 1 0 0 0 0 1 1 0 0 0 1 0 0 0 0 0 0 0 0 0 0 0 0 0
geno chr19.8274571 fin  0 1 0 0 0 0 0 0 0 0 0 0 1 0 0 0 0 0 0 0 0 0 0 0 0 0 0 0 0 0 0 0 0 0 0 0 0 0 0 0 0 0 0 0 0 0 0 0 1 1 0 0 0 0 0 0 0 0 0 0 0 0 0 0 0 1 0 0 0 0 1 0 0 0 0 0 1 1 0 0 0 0 0 0 0 0 1 0 0
geno chr19.8274571 gbr  0 0 0 0 0 1 0 0 0 0 0 0 0 0 0 1 0 0 0 1 0 0 0 0 0 0 0 0 0 0 0 0 0 0 0 0 0 0 0 0 0 0 0 0 0 1 0 0 1 0 0 1 0 0 0 1 0 0 0 0 0 0 0 0 0 0 0 0 0 0 0 0 0 0 0 0 0 0 0 0 0 0 0 0
geno chr19.8274571 tsi  0 1 0 0 0 0 0 0 0 0 0 0 0 0 0 0 0 0 0 0 0 0 0 0 0 0 0 0 0 0 0 0 0 0 0 0 0 1 0 0 0 0 0 0 0 0 0 0 0 0 0 0 0 1 0 0 0 0 0 0 0 0 1 0 0 0 0 0 0 1 0 0 0 0 0 0 0 0 1 0 1 0 0 0 0 0 0 0 0 0 0 0
geno chr19.8274571 yri  0 0 0 1 0 1 0 0 0 0 0 0 0 0 0 0 0 0 0 0 0 0 0 0 0 0 0 0 0 0 0 0 0 1 0 0 0 0 0 0 0 0 0 0 0 0 0 1 0 0 0 0 0 0 0 0 0 0 0 0 0 0 0 0 0 0 0 0 0 0 0 1 0 0 0 0 0
geno chr19.8275902 ceu  0 0 0 0 0 0 0 0 0 0 0 0 0 0 0 0 0 0 0 0 0 0 0 0 0 0 0 0 0 0 0 0 0 0 0 0 0 0 0 0 0 0 0 0 0 0 0 0 0 0 0 0 0 0 0 0 0 0 0 0 0 0 0 0 0 0 0 0 0 0 0 0 0 0 0 0 0 0
geno chr19.8275902 fin  0 0 0 0 0 0 0 0 0 0 0 0 0 0 0 0 0 0 0 0 0 0 0 0 0 0 0 0 0 0 0 0 0 0 0 0 0 0 0 0 0 0 0 0 0 0 0 0 0 0 0 0 0 0 0 0 0 0 0 0 0 0 0 0 0 0 0 0 0 0 0 0 0 0 0 0 0 0 0 0 0 0 0 0 0 0 0 0 0
geno chr19.8275902 gbr  0 0 0 0 0 0 0 0 0 0 0 0 0 0 0 0 0 0 0 0 0 0 0 0 0 0 0 0 0 0 0 0 0 0 0 0 0 0 0 0 0 0 0 0 0 0 0 0 0 0 0 0 0 0 0 0 0 0 0 0 0 0 0 0 0 0 0 0 0 0 0 0 0 0 0 0 0 0 0 0 0 0 0 0
geno chr19.8275902 tsi  0 0 0 0 0 0 0 0 0 0 0 0 0 0 0 0 0 0 0 0 0 0 0 0 0 0 0 0 0 0 0 0 0 0 0 0 0 0 0 0 0 0 0 0 0 0 0 0 0 0 0 0 0 0 0 0 0 0 0 0 0 0 0 0 0 0 0 0 0 0 0 0 0 0 0 0 0 0 0 0 0 0 0 0 0 0 0 0 0 0 0 0
geno chr19.8275902 yri  1 0 0 1 0 0 1 0 0 1 0 0 1 0 1 2 0 1 0 0 0 0 0 0 0 1 0 0 0 0 1 1 2 0 1 0 0 0 0 0 1 0 0 2 0 0 0 0 1 0 0 1 0 0 0 1 0 0 0 2 0 0 0 1 0 1 0 1 1 0 0 0 0 0 0 0 0
geno chr19.8275954 ceu  0 0 1 1 0 0 0 0 0 0 0 0 0 0 0 0 0 0 0 0 0 0 0 0 0 0 0 0 0 0 0 0 1 0 0 0 1 0 0 0 0 0 0 1 1 0 0 0 0 1 0 0 1 0 1 0 0 0 0 1 1 0 0 0 1 1 0 0 0 0 0 0 0 0 0 0 0 0
geno chr19.8275954 fin  0 1 0 0 0 0 0 0 0 0 0 0 1 0 0 0 0 0 0 0 0 0 0 0 0 0 0 0 0 0 0 0 0 0 0 0 0 0 0 0 0 0 0 0 0 0 0 1 1 1 0 0 0 0 0 0 0 0 0 0 0 0 0 0 0 1 0 0 0 0 1 0 0 0 0 0 1 1 0 0 0 0 0 0 0 0 1 0 0
geno chr19.8275954 gbr  0 0 0 0 0 1 0 0 0 0 0 0 0 0 0 1 0 0 0 1 0 0 0 0 0 0 0 0 0 0 0 0 0 0 0 0 0 0 0 0 0 0 0 0 0 1 0 0 1 0 0 1 0 0 0 1 0 0 0 0 0 0 0 0 0 0 0 0 0 0 0 0 0 0 0 0 0 0 0 0 0 0 0 0
geno chr19.8275954 tsi  0 1 0 0 0 0 0 0 0 0 0 0 0 0 0 0 0 0 0 0 0 0 0 0 0 0 0 0 0 0 0 0 0 0 0 0 0 1 0 0 0 0 0 0 0 0 0 0 0 0 0 0 0 1 0 0 0 0 0 0 0 0 1 0 0 0 0 0 0 1 0 0 0 0 0 0 0 0 1 0 1 0 0 0 0 0 0 0 0 0 0 0
geno chr19.8275954 yri  0 0 0 1 1 1 1 1 0 0 0 2 0 0 0 0 1 0 0 0 1 0 1 1 1 0 0 0 0 0 0 0 0 1 0 0 1 1 0 0 0 1 0 0 0 1 0 1 0 1 0 1 1 1 0 1 0 2 1 0 1 2 0 0 1 0 1 0 0 0 0 1 0 1 0 0 0
geno chr19.8276080 ceu  0 0 1 1 0 0 0 0 0 0 0 0 0 0 0 0 0 0 0 0 0 0 0 0 0 0 0 0 0 0 0 0 1 0 0 0 1 0 0 0 0 0 0 1 1 0 0 0 0 1 0 0 1 0 1 0 0 0 0 1 1 0 0 0 1 1 0 0 0 0 0 0 0 0 0 0 0 0
geno chr19.8276080 fin  0 1 0 0 0 0 1 0 0 0 0 0 1 0 0 0 0 0 0 0 0 0 0 0 0 0 0 1 0 0 0 0 0 0 0 0 0 0 0 0 0 0 0 0 0 0 0 1 1 1 0 0 0 0 0 0 0 0 0 0 0 0 0 0 0 1 0 0 0 0 1 0 0 0 0 0 1 1 0 0 0 0 0 0 0 0 1 0 0
geno chr19.8276080 gbr  0 0 0 0 0 1 0 0 0 0 0 0 0 0 0 1 0 0 0 1 0 0 0 0 0 0 0 0 0 0 0 0 0 0 0 0 0 0 0 0 0 0 0 0 0 1 0 0 1 0 0 1 0 0 0 1 0 0 0 0 0 0 0 0 0 0 0 0 0 0 0 0 0 0 0 0 0 0 0 0 0 0 0 0
geno chr19.8276080 tsi  0 1 0 0 0 0 0 0 0 0 0 0 0 0 1 0 0 0 0 0 0 0 0 0 0 0 0 0 0 0 0 0 0 0 0 0 0 1 0 0 0 0 0 0 0 0 0 0 0 0 0 0 0 1 0 0 0 0 0 0 0 0 1 0 0 0 0 0 0 1 0 0 0 0 0 0 0 0 1 0 1 0 0 0 0 0 0 0 0 0 0 0
geno chr19.8276080 yri  1 0 1 2 1 1 2 2 0 1 1 2 1 1 1 2 1 1 0 0 2 1 1 1 1 1 0 0 0 0 1 1 2 1 1 0 2 1 0 0 1 2 0 2 0 1 2 1 1 1 0 2 1 1 0 2 0 2 1 2 1 2 0 1 1 1 1 1 2 1 0 1 1 1 1 0 0
geno chr19.8277517 ceu  1 2 1 1 0 2 1 1 2 1 1 1 1 1 1 0 1 1 1 2 0 2 1 0 1 1 1 2 1 1 1 1 1 2 1 1 2 0 1 2 1 1 1 1 2 1 0 1 1 1 1 0 1 1 2 0 2 1 1 2 1 1 2 2 2 2 1 1 1 1 0 0 0 2 1 1 1 0
geno chr19.8277517 fin  1 1 0 1 0 0 2 0 1 0 0 1 1 0 1 0 1 2 1 0 2 2 1 0 1 0 1 2 1 0 0 1 1 1 1 1 0 1 0 0 1 0 1 1 1 1 2 1 1 1 1 0 1 0 0 1 1 2 1 0 1 2 0 1 1 1 0 0 1 1 2 1 1 1 1 1 1 1 0 2 1 2 0 2 0 2 1 1 0
geno chr19.8277517 gbr  1 0 1 2 2 1 1 0 0 0 1 0 1 0 2 1 1 2 1 1 1 2 2 1 1 0 0 1 1 1 1 0 1 1 0 0 0 1 0 2 2 1 2 2 1 1 2 2 1 1 0 2 1 0 1 1 0 1 0 2 0 1 0 1 1 1 2 2 2 0 1 1 1 0 0 1 1 2 1 1 1 1 0 0
geno chr19.8277517 tsi  0 1 2 0 2 1 1 2 0 1 1 1 1 1 1 1 1 1 1 0 1 2 1 0 1 1 0 1 0 2 2 1 1 1 0 1 0 1 1 0 1 0 1 1 1 0 1 1 1 1 1 2 1 1 0 0 1 0 1 1 1 1 2 1 1 1 1 1 2 2 1 1 0 2 2 2 2 1 2 0 2 0 1 1 0 2 2 1 0 0 0 1
geno chr19.8277517 yri  2 0 1 2 1 1 2 2 2 2 1 2 2 1 1 2 1 1 1 1 2 2 2 1 1 2 0 2 0 0 1 2 2 1 1 0 2 1 1 2 2 2 0 2 1 1 2 1 2 2 0 2 1 2 1 2 1 2 2 2 0 1 2 1 1 1 1 2 2 1 2 2 1 1 2 1 0
geno chr19.8277524 ceu  0 0 1 1 0 0 0 0 0 0 0 0 0 0 0 0 0 0 0 0 0 0 0 0 0 0 0 0 0 0 0 0 1 0 0 0 1 0 0 0 0 0 0 1 1 0 0 0 0 1 0 0 1 0 1 0 1 0 0 1 1 0 0 0 1 1 0 0 0 0 0 0 0 0 0 0 0 0
geno chr19.8277524 fin  0 1 0 0 0 0 1 0 1 0 0 0 1 0 0 0 0 1 0 0 1 0 0 0 0 0 0 1 0 0 0 0 0 0 0 0 0 0 0 0 0 0 0 0 0 0 0 1 1 1 0 0 0 0 0 0 0 0 0 0 0 0 0 0 0 1 0 0 0 0 1 0 0 0 1 0 1 2 0 0 0 0 0 0 0 0 2 0 0
geno chr19.8277524 gbr  0 0 0 0 0 1 0 0 0 0 0 0 0 0 0 1 0 0 0 1 0 0 0 0 0 0 0 0 0 0 0 0 0 0 0 0 0 0 0 0 0 1 0 0 0 1 0 0 1 0 0 1 0 0 0 1 0 0 0 0 0 0 0 0 0 0 0 0 0 0 0 0 0 0 0 0 0 0 0 0 0 0 0 0
geno chr19.8277524 tsi  0 1 0 0 0 0 0 0 0 0 0 1 0 0 1 0 0 0 0 0 0 0 0 0 0 0 0 0 0 0 0 0 0 0 0 0 0 1 0 0 0 0 0 0 0 0 0 0 0 0 0 0 0 1 0 0 0 0 0 0 0 0 1 0 0 0 0 0 0 1 0 0 0 0 0 0 0 0 1 0 1 0 0 0 0 0 0 0 0 0 0 0
geno chr19.8277524 yri  1 0 0 1 1 1 1 1 0 0 0 2 0 1 0 0 0 0 0 0 2 0 1 0 1 0 0 0 0 0 0 0 0 1 0 0 1 1 0 0 0 1 0 0 0 0 0 1 0 1 0 0 0 1 0 0 0 2 1 0 0 1 0 0 1 0 1 1 0 1 0 1 1 0 0 0 0
geno chr19.8277526 ceu  0 0 1 1 0 0 0 0 0 0 0 0 0 0 0 0 0 0 0 0 0 0 0 0 0 0 0 0 0 0 0 0 1 0 0 0 1 0 0 0 0 0 0 1 1 0 0 0 0 1 0 0 1 0 1 0 0 0 0 1 1 0 0 0 1 0 0 0 0 0 0 0 0 0 0 0 0 0
geno chr19.8277526 fin  0 1 0 0 0 0 0 0 0 0 0 0 1 0 0 0 0 0 0 0 0 0 0 0 0 0 0 0 0 0 0 0 0 0 0 0 0 0 0 0 0 0 0 0 0 0 0 1 1 1 0 0 0 0 0 0 0 0 0 0 0 0 0 0 0 1 0 0 0 0 1 0 0 0 0 0 1 2 0 0 0 0 0 0 0 0 2 0 0
geno chr19.8277526 gbr  0 0 0 0 0 1 0 0 0 0 0 0 0 0 0 1 0 0 0 1 0 0 0 0 0 0 0 0 0 0 0 0 0 0 0 0 0 0 0 0 0 0 0 0 0 1 0 0 1 0 0 1 0 0 0 1 0 0 0 0 0 0 0 0 0 0 0 0 0 0 0 0 0 0 0 0 0 0 0 0 0 0 0 0
geno chr19.8277526 tsi  0 1 0 0 0 0 0 0 0 0 0 0 0 0 0 0 0 0 0 0 0 0 0 0 0 0 0 0 0 0 0 0 0 0 0 0 0 1 0 0 0 0 0 0 0 0 0 0 0 0 0 0 0 1 0 0 0 0 0 0 0 0 1 0 0 0 0 0 0 1 0 0 0 0 0 0 0 0 1 0 1 0 0 0 0 0 0 0 0 0 0 0
geno chr19.8277526 yri  0 0 0 0 1 0 0 1 0 0 0 1 0 0 0 0 0 0 0 0 1 0 0 0 1 0 0 0 0 0 0 0 0 0 0 0 1 0 0 0 0 0 1 0 0 0 0 0 0 1 0 0 0 0 0 0 0 0 0 0 0 0 0 0 0 0 0 0 0 0 0 0 0 0 0 0 0
geno chr19.8277599 ceu  0 0 1 1 0 0 0 0 0 0 0 0 0 0 0 0 0 0 0 0 0 0 0 0 0 0 0 0 0 0 0 0 1 0 0 0 1 0 0 0 0 0 0 1 1 0 0 0 0 1 0 0 1 0 1 0 0 0 0 1 1 0 0 0 1 1 0 0 0 0 0 0 0 0 0 0 0 0
geno chr19.8277599 fin  0 1 0 0 0 0 1 0 0 0 0 0 1 0 0 0 0 0 0 0 0 0 0 0 0 0 0 1 0 0 0 0 0 0 0 0 0 0 0 0 0 0 0 0 0 0 0 1 1 1 0 0 0 0 0 0 0 0 0 0 0 0 0 0 0 1 0 0 0 0 1 0 0 0 0 0 1 1 0 0 0 0 0 0 0 0 1 0 0
geno chr19.8277599 gbr  0 0 0 0 0 1 0 0 0 0 0 0 0 0 0 1 0 0 0 1 0 0 0 0 0 0 0 0 0 0 0 0 0 0 0 0 0 0 0 0 0 0 0 0 0 1 0 0 1 0 0 1 0 0 0 1 0 0 0 0 0 0 0 0 0 0 0 0 0 0 0 0 0 0 0 0 0 0 0 0 0 0 0 0
geno chr19.8277599 tsi  0 1 0 0 0 0 0 0 0 0 0 0 0 0 1 0 0 0 0 0 0 0 0 0 0 0 0 0 0 0 0 0 0 0 0 0 0 1 0 0 0 0 0 0 0 0 0 0 0 0 0 0 0 1 0 0 0 0 0 0 0 0 1 0 0 0 0 0 0 1 0 0 0 0 0 0 0 0 1 0 1 0 0 0 0 0 0 0 0 0 0 0
geno chr19.8277599 yri  1 0 1 2 1 1 2 1 0 1 1 1 2 1 1 2 0 1 0 0 1 1 1 0 0 2 0 0 0 0 1 1 2 1 1 0 1 1 0 0 1 1 0 2 0 0 2 1 1 0 0 1 0 1 0 1 0 2 1 1 0 1 0 1 1 2 1 1 2 1 0 1 1 0 1 0 0
geno chr19.8277616 ceu  1 2 0 0 0 2 1 1 2 1 1 1 1 1 1 0 1 1 1 2 0 2 1 0 1 1 2 2 2 1 1 1 0 2 1 1 1 0 1 2 1 1 1 0 1 1 0 1 1 0 1 0 0 1 1 0 2 1 1 1 0 1 2 2 1 1 1 1 1 1 0 0 0 2 2 1 1 0
geno chr19.8277616 fin  1 0 0 1 0 0 1 0 1 0 0 1 0 0 1 0 1 2 1 0 2 2 1 0 1 0 1 1 1 0 0 1 1 1 1 1 0 1 0 0 1 0 1 1 1 1 2 0 0 0 1 0 1 0 0 1 1 2 1 0 1 2 0 1 1 0 0 0 1 1 1 1 1 1 1 1 0 0 0 2 1 2 0 2 0 2 0 1 0
geno chr19.8277616 gbr  1 1 1 2 2 0 1 0 0 0 1 0 1 0 2 0 1 2 1 0 1 2 2 1 1 0 1 1 1 1 1 0 1 1 0 0 0 1 0 2 2 1 2 2 1 0 2 2 0 1 0 1 1 0 1 0 0 1 0 2 0 1 0 1 1 1 2 2 2 0 1 1 1 1 0 1 1 2 1 1 1 1 0 0
geno chr19.8277616 tsi  0 0 2 0 2 1 1 2 0 1 1 1 1 1 0 1 1 1 1 0 1 2 1 1 1 1 0 1 0 2 2 1 1 1 0 1 0 0 1 0 1 0 1 1 1 0 1 1 1 1 1 2 1 0 0 0 1 0 1 1 1 1 1 1 1 1 1 1 2 1 1 1 0 2 2 2 1 2 1 0 1 0 1 1 0 2 2 1 0 0 0 1
geno chr19.8277616 yri  1 0 2 0 1 0 0 1 2 1 0 1 0 0 0 0 1 0 1 1 1 1 1 1 1 0 0 2 0 0 0 1 0 0 0 0 1 0 1 2 1 1 0 0 1 1 0 0 1 2 0 1 1 1 1 1 1 0 1 0 0 0 2 0 0 0 0 1 0 0 2 1 0 1 1 1 0
geno chr19.8277713 ceu  1 2 1 1 0 2 1 1 2 1 1 1 1 1 1 0 1 1 1 2 0 2 1 0 1 1 2 2 2 1 1 1 1 2 1 1 2 0 1 2 1 1 1 1 2 1 0 1 1 1 1 0 1 1 2 0 2 1 1 2 1 1 2 2 2 2 1 1 1 1 0 0 0 2 2 2 1 0
geno chr19.8277713 fin  1 1 0 1 0 0 2 0 1 0 0 1 1 0 1 0 1 2 1 0 2 2 1 0 1 0 1 2 1 0 0 1 1 1 1 1 0 1 0 0 1 0 1 1 1 1 2 1 1 1 1 0 1 0 0 1 1 2 1 0 1 2 0 1 1 1 0 0 1 1 2 1 1 1 1 2 1 1 0 2 1 2 0 2 0 2 1 1 0
geno chr19.8277713 gbr  1 1 1 2 2 1 2 1 0 0 1 0 1 0 2 1 1 2 1 1 1 2 2 1 1 0 1 1 1 1 1 0 1 1 0 0 0 1 0 2 2 1 2 2 1 1 2 2 1 1 0 2 1 0 1 1 0 1 0 2 0 1 0 1 1 1 2 2 2 0 1 1 1 1 0 1 1 2 1 1 1 1 0 0
geno chr19.8277713 tsi  0 1 2 0 2 1 1 2 0 1 1 1 1 1 1 1 1 1 1 0 1 2 1 1 1 1 0 1 0 2 2 1 1 1 0 1 0 1 1 0 1 1 1 1 1 0 1 1 1 1 1 2 1 1 0 0 1 0 1 1 1 1 2 1 1 1 1 1 2 2 1 1 0 2 2 1 2 2 2 0 2 1 1 1 0 2 2 1 0 0 0 1
geno chr19.8277713 yri  2 0 2 2 1 1 2 2 2 2 1 2 2 1 1 2 1 1 1 1 2 2 2 1 1 2 0 2 0 0 1 2 2 1 1 0 2 1 1 2 2 2 0 2 1 1 2 1 2 2 0 2 1 2 1 2 1 1 1 1 0 1 2 1 1 1 1 2 2 1 2 2 1 1 2 1 0
geno chr19.8277733 ceu  0 0 1 1 0 0 0 0 0 0 0 0 0 0 0 0 0 0 0 0 0 0 0 0 0 0 0 0 0 0 0 0 1 0 0 0 1 0 0 0 0 0 0 1 1 0 0 0 0 1 0 0 1 0 1 0 0 0 0 1 1 0 0 0 1 1 0 0 0 0 0 0 0 0 0 0 0 0
geno chr19.8277733 fin  0 1 0 0 0 0 1 0 0 0 0 0 1 0 0 0 0 0 0 0 0 0 0 0 0 0 0 1 0 0 0 0 0 0 0 0 0 0 0 0 0 0 0 0 0 0 0 1 1 1 0 0 0 0 0 0 0 0 0 0 0 0 0 0 0 1 0 0 0 0 1 0 0 0 0 0 1 1 0 0 0 0 0 0 0 0 1 0 0
geno chr19.8277733 gbr  0 0 0 0 0 1 0 0 0 0 0 0 0 1 0 1 0 0 1 1 0 0 0 0 0 0 0 0 0 0 0 0 0 0 0 0 0 0 0 0 0 0 0 0 0 1 0 0 1 0 0 1 0 0 0 1 0 0 0 0 0 0 0 0 0 0 0 0 0 0 0 0 0 0 0 0 0 0 0 0 0 0 0 0
geno chr19.8277733 tsi  0 1 0 0 0 0 0 0 0 0 0 0 0 0 1 0 0 0 0 0 0 0 0 0 0 0 0 0 0 0 0 0 0 0 0 0 0 1 0 0 0 0 0 0 0 0 0 0 0 0 0 0 0 1 0 0 0 0 0 0 0 0 1 0 0 0 0 0 0 1 0 0 0 0 0 0 0 0 1 0 1 0 0 0 0 0 0 0 0 0 0 0
geno chr19.8277733 yri  1 0 1 2 0 1 2 1 0 1 1 1 2 1 1 2 0 1 0 0 1 1 1 0 0 2 0 0 0 0 1 1 2 1 1 0 1 1 0 0 1 1 0 2 0 0 2 1 1 0 0 1 0 1 0 1 0 2 1 1 0 1 0 1 1 1 1 1 2 1 0 1 1 0 1 0 0
geno chr19.8278444 ceu  1 0 0 0 0 0 0 0 0 0 0 0 0 0 0 0 0 0 1 1 0 0 0 0 1 0 0 1 1 0 0 0 0 0 1 0 0 0 0 0 1 0 0 0 0 0 0 0 0 0 0 0 0 0 0 0 0 1 0 0 0 0 1 0 1 0 0 0 0 0 0 0 0 0 1 0 0 0
geno chr19.8278444 fin  0 0 0 0 0 0 0 0 0 0 0 0 0 0 0 0 0 1 0 0 0 0 0 0 0 0 0 0 0 0 0 0 0 0 0 0 0 0 0 0 0 0 0 0 0 0 0 0 0 0 0 0 1 0 0 0 0 1 0 0 0 0 0 0 0 0 0 0 0 0 0 0 1 0 0 0 0 0 0 0 0 0 0 0 0 0 0 0 0
geno chr19.8278444 gbr  1 0 1 0 1 0 0 0 0 0 0 0 0 0 0 0 0 0 0 0 1 0 0 1 0 0 0 0 1 0 0 0 0 0 0 0 0 0 0 0 0 0 0 1 0 0 0 0 0 0 0 0 0 0 1 0 0 0 0 0 0 0 0 0 0 0 0 0 0 0 0 0 1 0 0 0 0 0 0 0 0 0 0 0
geno chr19.8278444 tsi  0 0 0 0 0 1 1 1 0 0 0 0 0 0 0 0 0 0 0 0 0 0 0 0 0 0 0 0 0 0 0 0 0 0 0 0 0 0 0 0 0 0 0 0 0 0 0 0 1 0 0 0 0 0 0 0 0 0 0 0 0 0 0 0 0 0 0 0 1 0 0 0 0 0 0 0 1 0 1 0 0 0 0 0 0 0 0 1 0 0 0 0
geno chr19.8278444 yri  0 0 0 0 1 0 0 1 0 0 0 1 1 0 0 0 0 0 0 0 1 0 0 0 1 0 0 0 0 0 0 0 0 0 0 0 1 0 0 0 0 1 0 0 0 1 0 0 1 1 0 1 1 0 1 1 0 0 0 0 0 0 0 0 0 0 0 0 0 0 1 0 0 1 0 0 0
geno chr19.8278481 ceu  2 2 2 1 1 2 2 2 2 2 2 1 2 1 1 0 2 2 1 2 1 2 2 2 1 1 2 2 2 2 2 2 1 2 1 2 2 1 2 2 2 1 1 2 2 2 1 1 1 1 2 2 2 1 2 2 2 2 2 2 2 2 2 2 2 2 2 2 1 2 1 1 1 2 2 2 2 2
geno chr19.8278481 fin  1 1 1 1 1 1 1 2 1 1 2 2 1 1 1 0 2 2 1 1 2 2 2 1 1 1 1 1 1 1 1 2 1 1 1 2 0 1 2 2 1 1 2 1 1 1 2 2 2 2 2 2 2 0 2 2 1 2 1 0 2 2 1 1 2 1 0 1 1 2 2 2 2 2 1 2 2 1 2 2 1 2 2 2 0 2 1 1 2
geno chr19.8278481 gbr  1 2 2 2 2 1 2 2 2 2 2 2 2 1 2 2 2 2 1 2 2 2 2 2 1 2 2 2 1 2 2 2 2 2 2 2 1 2 2 2 2 2 2 2 2 2 2 2 1 2 2 2 2 2 2 2 2 2 2 2 1 2 2 2 1 2 2 2 2 1 2 2 2 2 1 2 1 2 2 1 2 2 2 1
geno chr19.8278481 tsi  2 2 2 2 2 2 1 2 2 2 2 1 2 2 1 1 2 2 1 0 2 2 2 2 1 2 0 2 1 2 2 2 1 2 2 2 1 2 2 1 2 2 2 2 1 1 2 2 2 2 2 2 2 2 2 0 2 2 2 1 1 2 2 1 2 2 2 1 2 2 2 2 1 2 2 2 2 2 2 2 2 2 1 2 1 2 2 2 2 2 2 2
geno chr19.8278481 yri  2 2 2 2 2 1 2 2 2 2 2 2 2 2 1 2 2 1 2 2 2 2 2 2 1 2 1 2 0 2 2 2 2 1 1 2 2 2 2 2 2 2 2 2 1 2 2 1 2 2 0 2 2 2 2 2 2 2 2 2 1 2 2 2 2 2 1 2 2 2 2 2 2 2 2 2 1
geno chr19.8278615 ceu  0 0 1 0 0 0 0 0 0 0 0 0 0 0 0 0 0 0 0 0 0 0 0 0 0 0 0 0 0 0 0 0 0 0 0 0 0 0 0 0 0 0 0 1 0 0 0 0 0 0 1 1 0 0 0 0 0 1 1 0 1 0 0 0 0 0 0 0 0 1 0 0 0 0 0 0 0 1
geno chr19.8278615 fin  0 0 0 0 0 1 0 0 0 0 2 1 0 0 0 0 0 0 0 1 0 0 1 0 0 0 0 0 0 0 0 0 0 0 0 0 0 0 1 1 0 1 1 0 0 0 0 1 0 1 0 0 1 0 1 0 0 0 0 0 1 0 0 0 0 0 0 1 0 1 0 1 0 0 0 0 0 0 2 0 0 0 0 0 0 0 0 0 1
geno chr19.8278615 gbr  0 0 0 0 0 0 0 1 0 0 0 2 0 0 0 0 0 0 0 0 0 0 0 0 0 0 0 1 0 0 0 1 1 1 0 0 0 0 0 0 0 0 0 0 0 0 0 0 0 0 0 0 0 0 1 0 0 0 1 0 0 1 2 0 0 0 0 0 0 0 0 1 0 0 0 0 0 0 1 0 1 0 0 0
geno chr19.8278615 tsi  0 1 0 1 0 0 0 0 0 1 0 0 0 0 0 0 0 0 0 0 1 0 1 1 0 1 0 0 0 0 0 0 0 0 2 0 1 0 0 0 0 0 1 0 0 0 1 0 0 0 1 0 0 0 0 0 0 0 0 0 0 0 0 0 0 0 1 0 0 0 0 1 0 0 0 0 0 0 0 1 0 1 0 1 0 0 0 0 0 1 1 0
geno chr19.8278615 yri  0 1 0 0 0 0 0 0 0 0 0 0 0 0 0 0 0 0 0 0 0 0 0 0 0 0 0 0 0 1 0 0 0 0 0 0 0 0 0 0 0 0 0 0 0 0 0 0 0 0 0 0 0 0 1 0 0 0 0 0 0 0 0 0 0 0 0 0 0 0 0 0 0 0 0 0 0
geno chr19.8278956 ceu  1 0 1 0 1 0 1 1 0 1 1 0 1 0 0 0 1 1 0 0 1 0 1 2 0 0 0 0 0 1 1 1 0 0 0 1 0 1 1 0 1 1 0 1 0 1 1 0 0 0 1 2 1 0 0 0 0 1 1 0 1 1 0 0 0 0 0 1 0 1 1 1 1 0 0 0 1 2
geno chr19.8278956 fin  0 0 1 0 1 1 0 2 0 1 2 1 0 1 0 0 1 0 0 1 0 0 1 1 0 1 0 0 0 1 1 1 0 0 0 1 0 0 2 2 0 1 1 0 0 0 0 1 1 1 1 2 1 0 2 1 0 0 0 0 1 0 1 0 1 0 0 1 0 1 0 1 1 1 0 0 1 0 2 0 0 0 2 0 0 0 0 0 2
geno chr19.8278956 gbr  0 1 1 0 0 0 0 1 2 1 1 2 1 1 0 1 1 0 0 1 1 0 0 1 0 2 1 1 0 1 1 2 1 1 2 2 1 1 2 0 0 1 0 0 1 1 0 0 0 1 2 0 1 2 1 1 2 1 2 0 1 1 2 1 0 1 0 0 0 1 1 1 1 1 1 1 0 0 1 0 1 1 2 1
geno chr19.8278956 tsi  2 1 0 2 0 1 0 0 2 1 1 0 0 1 1 0 1 1 0 0 1 0 1 1 0 1 0 1 1 0 0 1 0 1 2 1 1 1 1 0 1 1 1 1 0 1 1 1 1 1 1 0 1 1 2 0 1 2 1 0 0 1 0 0 1 1 1 1 0 0 1 1 1 0 0 0 0 0 0 1 0 1 0 1 1 0 0 1 1 1 2 1
geno chr19.8278956 yri  0 1 0 0 1 0 1 0 0 0 0 0 0 2 0 0 1 0 0 1 1 0 0 1 0 0 0 0 0 1 2 0 0 0 0 1 0 1 0 0 0 0 2 0 0 1 0 0 0 0 0 0 0 0 0 0 1 0 0 0 1 1 0 0 1 1 0 0 0 2 0 0 1 1 0 1 0
geno chr19.8279048 ceu  0 2 0 0 0 2 1 1 2 1 1 1 1 1 1 0 1 1 0 1 0 2 1 0 0 1 2 1 1 1 1 1 0 2 0 1 1 0 1 2 0 0 1 0 1 1 0 1 1 0 1 0 0 1 1 1 2 0 1 1 0 1 1 2 0 1 2 1 1 1 0 0 0 2 1 2 1 0
geno chr19.8279048 fin  1 0 0 1 0 0 1 0 1 0 0 1 0 0 1 0 1 1 1 0 2 2 1 0 1 0 1 1 1 0 0 1 1 1 1 1 0 1 0 0 1 0 1 1 1 1 2 0 0 0 1 0 0 0 0 1 1 2 1 0 1 2 0 1 1 0 0 0 1 1 1 1 0 1 1 2 0 0 0 2 1 2 0 2 0 2 0 1 0
geno chr19.8279048 gbr  0 1 0 2 1 0 2 1 0 1 1 0 0 0 2 0 1 2 1 0 0 2 2 0 1 0 1 1 0 1 1 0 1 1 0 0 0 1 0 2 2 1 2 1 1 0 2 2 0 1 0 1 0 0 0 0 0 1 0 2 0 1 0 1 1 1 2 2 2 0 1 1 0 1 0 1 1 2 1 1 1 1 0 0
geno chr19.8279048 tsi  0 0 2 0 2 0 0 1 0 1 1 1 2 1 0 1 1 1 1 0 1 2 1 1 1 1 0 1 0 2 2 1 1 1 0 1 0 0 1 1 1 1 1 1 1 0 1 1 1 1 1 2 1 0 0 0 1 0 1 1 1 1 1 1 1 1 1 0 1 1 1 1 0 2 2 2 1 2 0 1 1 1 1 1 0 2 2 0 1 1 0 1
geno chr19.8279048 yri  1 0 1 0 0 0 0 0 2 1 0 0 0 0 0 0 1 0 1 1 0 1 1 1 0 0 0 2 0 0 0 1 0 0 0 0 0 0 1 2 1 0 0 0 1 1 0 0 0 1 0 0 0 1 2 0 1 0 1 0 0 0 2 0 0 0 0 1 0 0 1 1 0 0 1 1 0
geno chr19.8279296 ceu  1 0 0 0 0 0 0 0 0 0 0 0 0 0 0 0 0 0 1 1 0 0 0 0 1 0 0 1 1 0 0 0 0 0 1 0 0 0 0 0 1 0 0 0 0 0 0 0 0 0 0 0 0 0 0 0 0 1 0 0 0 0 1 0 1 0 0 0 0 0 0 0 0 0 1 0 0 0
geno chr19.8279296 fin  0 0 0 0 0 0 0 0 0 0 0 0 0 0 0 0 0 1 0 0 0 0 0 0 0 0 0 0 0 0 0 0 0 0 0 0 0 0 0 0 0 0 0 0 0 0 0 0 0 0 0 0 1 0 0 0 0 0 0 0 0 0 0 0 0 0 0 0 0 0 0 0 1 0 0 0 0 0 0 0 0 0 0 0 0 0 0 0 0
geno chr19.8279296 gbr  1 0 1 0 1 0 0 0 0 0 0 0 1 0 0 0 0 0 0 0 1 0 0 1 0 0 0 0 1 0 0 0 0 0 0 0 0 0 0 0 0 0 0 1 0 0 0 0 0 0 0 0 1 0 1 0 0 0 0 0 0 0 0 0 0 0 0 0 0 0 0 0 1 0 0 0 0 0 0 0 0 0 0 0
geno chr19.8279296 tsi  0 0 0 0 0 1 1 1 0 0 0 0 0 0 0 0 0 0 0 0 0 0 0 0 0 0 0 0 0 0 0 0 0 0 0 0 0 0 0 0 0 0 0 0 0 0 0 0 0 0 0 0 0 0 0 0 0 0 0 0 0 0 0 0 0 0 0 0 1 0 0 0 0 0 0 0 1 0 1 0 0 0 0 0 0 0 0 1 0 0 0 0
geno chr19.8279296 yri  0 0 0 0 0 0 0 0 0 0 0 0 1 0 0 0 0 0 0 0 0 0 0 0 0 0 0 0 0 0 0 0 0 0 0 0 0 0 0 0 0 1 0 0 0 0 0 0 1 0 0 1 1 0 0 1 0 0 0 0 0 0 0 0 0 0 0 0 0 0 1 0 0 1 0 0 0
geno chr19.8279599 ceu  1 0 0 0 0 0 0 0 0 0 0 0 0 0 0 0 0 0 1 1 0 0 0 0 1 0 0 1 1 0 0 0 0 0 1 0 0 0 0 0 1 0 0 0 0 0 0 0 0 0 0 0 0 0 0 0 0 1 0 0 0 0 1 0 1 0 0 0 0 0 0 0 0 0 1 0 0 0
geno chr19.8279599 fin  0 0 0 0 0 0 0 0 0 0 0 0 0 0 0 0 0 1 0 0 0 0 0 0 0 0 0 0 0 0 0 0 0 0 0 0 0 0 0 0 0 0 0 0 0 0 0 0 0 0 0 0 1 0 0 0 0 0 0 0 0 0 0 0 0 0 0 0 0 0 0 0 1 0 0 0 0 0 0 0 0 0 0 0 0 0 0 0 0
geno chr19.8279599 gbr  1 0 1 0 1 0 0 0 0 0 0 0 1 0 0 0 0 0 0 0 1 0 0 1 0 0 0 0 1 0 0 0 0 0 0 0 0 0 0 0 0 0 0 1 0 0 0 0 0 0 0 0 1 0 1 0 0 0 0 0 0 0 0 0 0 0 0 0 0 0 0 0 1 0 0 0 0 0 0 0 0 0 0 0
geno chr19.8279599 tsi  0 0 0 0 0 1 1 1 0 0 0 0 0 0 0 0 0 0 0 0 0 0 0 0 0 0 0 0 0 0 0 0 0 0 0 0 0 0 0 0 0 0 0 0 0 0 0 0 0 0 0 0 0 0 0 0 0 0 0 0 0 0 0 0 0 0 0 0 1 0 0 0 0 0 0 0 1 0 1 0 0 0 0 0 0 0 0 1 0 0 0 0
geno chr19.8279599 yri  0 0 0 0 0 0 0 0 0 0 0 0 1 0 0 0 0 0 0 0 0 0 0 0 0 0 0 0 0 0 0 0 0 0 0 0 0 0 0 0 0 1 0 0 0 0 0 0 1 0 0 1 1 0 0 1 0 0 0 0 0 0 0 0 0 0 0 0 0 0 1 0 0 1 0 0 0
geno chr19.8279826 ceu  1 1 0 0 0 0 0 0 0 0 0 0 0 0 0 0 0 0 1 1 0 0 0 0 1 0 0 1 1 0 0 0 0 0 1 0 0 0 0 0 1 0 0 0 0 0 0 0 0 0 0 0 0 0 0 0 0 1 0 0 0 0 1 0 1 0 0 0 0 0 0 0 0 0 1 0 0 0
geno chr19.8279826 fin  0 0 0 0 0 0 0 0 0 0 0 0 0 0 0 0 0 1 0 0 0 0 0 0 0 0 0 0 0 0 0 0 0 1 0 0 0 0 0 0 0 0 0 0 0 0 0 0 0 0 0 0 1 0 0 0 0 0 0 0 0 0 0 0 0 0 0 0 0 0 0 0 1 0 0 0 0 0 0 0 0 0 0 0 0 0 0 0 0
geno chr19.8279826 gbr  1 0 1 0 1 0 0 0 0 0 0 0 1 0 0 0 1 0 0 0 1 0 0 1 0 0 0 1 1 0 0 0 0 0 0 0 0 0 0 0 0 0 0 1 0 0 0 0 0 0 0 0 1 0 1 0 0 0 0 0 0 0 0 0 0 0 0 0 0 0 0 0 1 0 0 0 0 0 0 0 0 0 0 0
geno chr19.8279826 tsi  0 0 0 0 0 1 1 1 0 0 0 0 0 0 0 0 0 0 0 0 0 0 0 0 0 0 0 0 0 0 0 0 0 0 0 0 0 0 0 0 0 0 0 0 0 0 0 0 0 0 0 0 0 0 0 0 0 0 0 0 0 0 0 0 0 0 0 0 1 0 0 0 0 0 0 0 1 0 1 0 0 0 0 0 0 0 0 1 0 0 0 0
geno chr19.8279826 yri  0 0 0 0 0 0 0 1 0 0 0 0 1 0 0 0 0 0 0 0 0 0 0 0 1 0 0 0 0 0 0 0 0 0 0 0 1 0 0 0 0 1 0 0 0 0 0 0 2 0 0 1 1 0 0 1 0 0 0 0 0 0 0 0 0 0 0 0 0 0 1 0 0 1 0 0 0
geno chr19.8280261 ceu  0 2 0 0 0 2 1 1 2 1 1 1 1 1 1 0 1 1 0 1 0 2 1 0 0 0 2 1 1 1 1 1 0 2 0 1 1 0 1 2 0 0 1 0 1 1 0 1 1 0 1 0 0 1 1 1 2 0 1 1 0 1 1 2 0 1 2 1 1 1 0 1 0 2 1 1 1 0
geno chr19.8280261 fin  1 0 0 1 0 0 1 0 1 0 0 1 0 0 1 0 1 1 1 0 2 2 1 0 1 0 1 1 1 0 0 1 0 1 1 1 0 1 0 0 1 0 1 1 1 1 2 0 0 0 1 0 0 0 0 1 1 2 1 0 1 2 0 1 1 0 0 0 1 1 1 1 0 1 1 1 0 0 0 2 1 2 1 2 0 2 0 1 0
geno chr19.8280261 gbr  0 1 0 1 0 0 1 0 0 1 1 0 0 0 2 0 1 2 1 0 0 2 2 0 0 0 1 1 0 1 1 0 1 1 0 0 0 0 0 1 2 1 2 1 1 0 2 2 0 1 0 1 0 0 0 0 0 1 1 2 0 1 0 0 1 1 2 0 2 0 1 1 0 1 0 1 1 2 1 1 1 1 0 0
geno chr19.8280261 tsi  0 0 2 0 2 0 0 1 0 1 1 0 2 1 0 1 1 1 1 0 1 2 1 1 1 1 0 1 0 1 2 1 1 1 0 1 0 0 1 1 1 1 1 1 1 0 1 2 1 1 1 2 1 0 0 0 1 0 0 1 1 1 0 1 1 1 1 0 1 1 1 1 0 2 2 2 1 2 0 1 1 1 1 1 0 1 2 0 1 1 0 0
geno chr19.8280261 yri  1 0 1 0 0 0 0 0 1 1 0 0 0 0 0 0 1 1 1 1 0 1 1 1 0 0 0 2 0 0 0 1 1 0 0 0 0 0 1 2 1 0 0 0 1 1 0 0 0 1 0 0 0 1 2 0 1 0 0 0 0 0 2 0 0 0 0 1 0 0 1 1 0 0 1 1 0
geno chr19.8280289 ceu  1 0 0 0 0 0 0 0 0 0 0 0 0 0 0 0 0 0 1 1 0 0 0 0 1 0 0 1 1 0 0 0 0 0 1 0 0 0 0 0 1 0 0 0 0 0 0 0 0 0 0 0 0 0 0 0 0 1 0 0 0 0 1 0 1 0 0 0 0 0 0 0 0 0 1 0 0 0
geno chr19.8280289 fin  0 0 0 0 0 0 0 0 0 0 0 0 0 0 0 0 0 1 0 0 0 0 0 0 0 0 0 0 0 0 0 0 0 0 0 0 0 0 0 0 0 0 0 0 0 0 0 0 0 0 0 0 1 0 0 0 0 0 0 0 0 0 0 0 0 0 0 0 0 0 0 0 1 0 0 0 0 0 0 0 0 0 0 0 0 0 0 0 0
geno chr19.8280289 gbr  1 0 1 0 1 0 0 0 0 0 0 0 1 0 0 0 0 0 0 0 1 0 0 1 0 0 0 0 1 0 0 0 0 0 0 0 0 0 0 0 0 0 0 1 0 0 0 0 0 0 0 0 1 0 1 0 0 0 0 0 0 0 0 0 0 0 0 0 0 0 0 0 1 0 0 0 0 0 0 0 0 0 0 0
geno chr19.8280289 tsi  0 0 0 0 0 1 1 1 0 0 0 0 0 0 0 0 0 0 0 0 0 0 0 0 0 0 0 0 0 0 0 0 0 0 0 0 0 0 0 0 0 0 0 0 0 0 0 0 0 0 0 0 0 0 0 0 0 0 0 0 0 0 0 0 0 0 0 0 1 0 0 0 0 0 0 0 1 0 1 0 0 0 0 0 0 0 0 1 0 0 0 0
geno chr19.8280289 yri  0 0 0 0 0 0 0 0 0 0 0 0 0 0 0 0 0 0 0 0 0 0 0 0 0 0 0 0 0 0 0 0 0 0 0 0 0 0 0 0 0 1 0 0 0 0 0 0 1 0 0 1 1 0 0 1 0 0 0 0 0 0 0 0 0 0 0 0 0 0 1 0 0 1 0 0 0
geno chr19.8280621 ceu  0 2 0 0 0 2 1 1 2 1 1 1 1 1 1 0 1 1 0 1 0 2 1 0 0 0 2 1 1 1 1 1 0 2 0 1 1 0 1 2 0 0 1 0 1 1 0 1 1 0 1 0 0 1 1 1 2 0 1 1 0 1 1 2 0 2 2 1 1 1 0 1 0 2 1 2 1 0
geno chr19.8280621 fin  1 0 0 1 0 0 1 0 1 0 0 1 0 0 1 0 1 1 1 0 2 2 1 0 1 0 1 1 1 0 0 1 0 1 1 1 0 1 0 0 1 0 1 1 1 1 2 0 0 0 1 0 0 0 0 1 1 2 1 0 1 2 0 1 1 0 0 0 1 1 1 1 0 1 1 2 0 0 0 2 1 2 1 2 0 2 0 1 0
geno chr19.8280621 gbr  0 1 0 2 0 0 2 1 0 1 1 0 0 0 2 0 1 2 1 0 0 2 2 0 0 0 1 1 0 1 1 0 1 1 0 0 0 0 0 1 2 1 2 1 1 0 2 2 0 1 0 1 0 0 0 0 0 1 1 2 0 1 0 0 1 1 2 0 2 0 1 1 0 1 0 1 1 2 1 1 1 1 0 0
geno chr19.8280621 tsi  0 0 2 0 2 0 0 1 0 1 1 1 2 1 0 1 1 1 1 0 1 2 1 1 1 1 0 1 0 1 2 1 1 1 0 1 0 0 1 1 1 1 1 1 1 0 1 2 1 1 1 2 1 0 0 0 1 0 0 1 1 1 1 1 1 1 1 0 1 1 1 1 0 2 2 2 1 2 0 1 1 1 1 1 0 1 2 0 1 1 0 0
geno chr19.8280621 yri  1 0 1 1 0 1 1 0 1 1 0 1 0 0 0 0 1 0 1 1 0 1 2 1 0 0 0 2 0 0 0 1 0 1 0 0 0 1 1 2 1 0 0 0 1 1 0 1 0 1 0 0 0 2 2 0 1 2 2 0 0 1 2 0 1 0 1 1 0 0 1 2 0 0 1 1 0
geno chr19.8281635 ceu  2 2 2 1 0 2 2 2 2 1 2 1 2 1 1 1 2 2 1 2 1 2 2 2 1 0 2 2 2 2 1 2 1 2 1 1 2 1 2 2 2 1 1 2 1 1 0 1 1 1 2 2 2 1 2 1 2 2 2 2 2 2 2 2 2 2 2 1 1 2 1 1 0 2 2 2 1 2
geno chr19.8281635 fin  1 1 1 1 1 1 2 1 1 1 2 2 1 0 1 0 2 2 1 1 2 2 2 1 1 1 1 2 1 1 1 2 0 1 1 1 0 1 1 2 1 1 2 1 1 1 2 2 2 2 2 2 2 0 2 2 1 2 1 0 2 2 1 1 2 1 0 1 1 2 2 2 2 1 1 2 2 1 2 2 1 2 2 2 0 2 1 1 2
geno chr19.8281635 gbr  1 2 2 2 1 1 2 2 2 2 1 2 2 0 2 2 2 2 1 2 1 2 2 1 0 2 2 2 1 2 1 2 2 2 2 1 1 1 1 1 2 1 2 2 2 1 2 2 1 1 2 2 2 2 2 2 2 2 2 2 0 2 2 1 1 1 2 0 2 1 2 2 1 2 1 2 1 2 2 1 2 2 2 1
geno chr19.8281635 tsi  2 2 2 2 2 2 1 2 1 2 1 1 2 2 1 1 2 2 1 0 2 2 2 2 1 2 0 2 1 1 2 2 1 1 2 1 1 1 2 1 2 2 2 2 1 1 2 2 2 2 2 2 2 2 2 0 2 2 1 1 1 1 2 1 2 2 2 1 2 2 2 2 1 2 2 2 2 2 2 2 2 2 1 2 1 1 2 2 2 2 2 1
geno chr19.8281635 yri  2 2 2 2 2 1 2 2 2 2 2 2 1 2 1 2 2 1 2 2 2 2 2 2 1 2 1 2 0 2 2 2 2 1 1 2 2 2 2 2 2 2 2 2 1 2 2 1 2 2 0 2 2 2 2 2 2 2 2 2 1 2 2 2 2 2 1 2 2 2 2 2 2 2 2 2 1
geno chr19.8281644 ceu  0 0 1 0 0 0 0 0 0 0 0 0 0 0 0 0 0 0 0 0 0 0 0 0 0 0 0 0 0 0 0 0 0 0 0 0 0 0 0 0 0 0 0 1 0 0 0 0 0 0 1 1 0 0 0 0 0 1 1 0 1 0 0 0 0 0 0 0 0 1 0 0 0 0 0 0 0 1
geno chr19.8281644 fin  0 0 0 0 0 1 0 0 0 0 2 1 0 0 0 0 0 0 0 1 0 0 1 0 0 0 0 0 0 0 0 0 0 0 0 0 0 0 1 1 0 1 1 0 0 0 0 1 0 1 0 0 1 0 1 0 0 0 0 0 1 0 0 0 0 0 0 1 0 1 0 1 0 0 0 0 0 0 2 0 0 0 0 0 0 0 0 0 1
geno chr19.8281644 gbr  0 0 0 0 0 0 0 1 0 0 0 2 0 0 0 0 0 0 0 0 0 0 0 0 0 0 0 1 0 0 0 1 1 1 0 0 0 0 0 0 0 0 0 0 0 0 0 0 0 0 0 0 0 0 1 0 0 0 1 0 0 1 2 0 0 0 0 0 0 0 0 1 0 0 0 0 0 0 1 0 1 0 0 0
geno chr19.8281644 tsi  0 1 0 1 0 0 0 0 0 1 0 0 0 0 0 0 0 0 0 0 1 0 1 1 0 1 0 0 0 0 0 0 0 0 2 0 1 0 0 0 0 0 1 0 0 0 1 0 0 0 1 0 0 0 0 0 0 0 0 0 0 0 0 0 0 0 1 0 0 0 0 1 0 0 0 0 0 0 0 1 0 1 0 1 0 0 0 0 0 1 1 0
geno chr19.8281644 yri  0 1 0 0 0 0 0 0 1 0 0 0 0 0 0 0 0 0 0 0 0 0 0 0 0 0 0 0 0 1 0 0 0 0 0 0 0 0 0 0 0 0 0 0 0 0 0 0 0 0 0 0 0 0 0 0 0 0 0 0 0 0 0 0 0 0 0 0 0 0 0 0 0 0 0 0 0
geno chr19.8281999 ceu  1 0 0 0 0 0 0 0 0 0 0 0 0 0 0 0 0 0 1 1 0 0 0 0 1 0 0 1 1 0 0 0 0 0 1 0 0 0 0 0 1 0 0 0 0 0 0 0 0 0 0 0 0 0 0 0 0 1 0 0 0 0 1 0 1 0 0 0 0 0 0 0 0 0 1 0 0 0
geno chr19.8281999 fin  0 0 0 0 0 0 0 0 0 0 0 0 0 0 0 0 0 1 0 0 0 0 0 0 0 0 0 0 0 0 0 0 0 0 0 0 0 0 0 0 0 0 0 0 0 0 0 0 0 0 0 0 1 0 0 0 0 0 0 0 0 0 0 0 0 0 0 0 0 0 0 0 1 0 0 0 0 0 0 0 0 0 0 0 0 0 0 0 0
geno chr19.8281999 gbr  1 0 1 0 1 0 0 0 0 0 0 0 1 0 0 0 0 0 0 0 1 0 0 1 0 0 0 0 1 0 0 0 0 0 0 0 0 0 0 0 0 0 0 1 0 0 0 0 0 0 0 0 1 0 1 0 0 0 0 0 0 0 0 0 0 0 0 0 0 0 0 0 1 0 0 0 0 0 0 0 0 0 0 0
geno chr19.8281999 tsi  0 0 0 0 0 1 1 1 0 0 0 0 0 0 0 0 0 0 0 0 0 0 0 0 0 0 0 0 0 0 0 0 0 0 0 0 0 0 0 0 0 0 0 0 0 0 0 0 0 0 0 0 0 0 0 0 0 0 0 0 0 0 0 0 0 0 0 0 1 0 0 0 0 0 0 0 1 0 1 0 0 0 0 0 0 0 0 1 0 0 0 0
geno chr19.8281999 yri  0 0 0 0 0 0 0 0 0 0 0 0 0 0 0 0 0 0 0 0 0 0 0 0 0 0 0 0 0 0 0 0 0 0 0 0 0 0 0 0 0 1 0 0 0 0 0 0 1 0 0 1 1 0 0 1 0 0 0 0 0 0 0 0 0 0 0 0 0 0 1 0 0 1 0 0 0
geno chr19.8282278 ceu  1 0 0 0 0 0 0 0 0 0 0 0 0 0 0 0 0 0 1 1 0 0 0 0 1 0 0 1 1 0 0 0 0 0 1 0 0 0 0 0 1 0 0 0 0 0 0 0 0 0 0 0 0 0 0 0 0 1 0 0 0 0 1 0 1 0 0 0 0 0 0 0 0 0 1 0 0 0
geno chr19.8282278 fin  0 0 0 0 0 0 0 0 0 0 0 0 0 0 0 0 0 1 0 0 0 0 0 0 0 0 0 0 0 0 0 0 0 0 0 0 0 0 0 0 0 0 0 0 0 0 0 0 0 0 0 0 1 0 0 0 0 0 0 0 0 0 0 0 0 0 0 0 0 0 0 0 1 0 0 0 0 0 0 0 0 0 0 0 0 0 0 0 0
geno chr19.8282278 gbr  1 0 1 0 1 0 0 0 0 0 0 0 1 0 0 0 0 0 0 0 1 0 0 1 0 0 0 0 1 0 0 0 0 0 0 0 0 0 0 0 0 0 0 1 0 0 0 0 0 0 0 0 1 0 1 0 0 0 0 0 0 0 0 0 0 0 0 0 0 0 0 0 1 0 0 0 0 0 0 0 0 0 0 0
geno chr19.8282278 tsi  0 0 0 0 0 1 1 1 0 0 0 0 0 0 0 0 0 0 0 0 0 0 0 0 0 0 0 0 0 0 0 0 0 0 0 0 0 0 0 0 0 0 0 0 0 0 0 0 0 0 0 0 0 0 0 0 0 0 0 0 0 0 0 0 0 0 0 0 1 0 0 0 0 0 0 0 1 0 1 0 0 0 0 0 0 0 0 1 0 0 0 0
geno chr19.8282278 yri  0 0 0 0 0 0 0 0 0 0 0 0 0 0 0 0 0 0 0 0 0 0 0 0 0 0 0 0 0 0 0 0 0 0 0 0 0 0 0 0 0 1 0 0 0 0 0 0 1 0 0 1 1 0 0 1 0 0 0 0 0 0 0 0 0 0 0 0 0 0 1 0 0 1 0 0 0
geno chr19.8282321 ceu  0 2 0 0 0 2 1 1 2 1 1 1 1 1 1 0 1 1 0 1 0 2 1 0 0 0 2 1 1 1 1 1 0 2 0 1 1 0 1 2 0 0 1 0 1 1 0 1 1 0 1 0 0 1 1 1 2 0 1 1 0 1 1 2 0 1 2 1 1 1 0 1 0 2 1 2 1 0
geno chr19.8282321 fin  1 0 0 1 0 0 1 0 1 0 0 1 0 0 1 0 1 1 1 0 2 2 1 0 1 0 1 1 1 0 0 1 0 1 1 1 0 1 0 0 1 0 1 1 1 1 2 0 0 0 1 0 0 0 0 1 1 2 1 0 1 2 0 1 1 0 0 0 1 1 1 1 0 1 1 2 0 0 0 2 1 2 1 2 0 2 0 1 0
geno chr19.8282321 gbr  0 1 0 2 0 0 2 1 0 1 1 0 0 0 2 0 1 2 1 0 0 2 2 0 0 0 1 1 0 1 1 0 1 1 0 0 0 0 0 1 2 1 2 1 1 0 2 2 0 1 0 1 0 0 0 0 0 1 1 2 0 1 0 0 1 1 2 0 2 0 1 1 0 1 0 1 1 2 1 1 1 1 0 0
geno chr19.8282321 tsi  0 0 2 0 2 0 0 1 0 1 1 1 2 1 0 1 1 1 1 0 1 2 1 1 1 1 0 1 0 1 2 1 1 1 0 1 0 0 1 1 1 1 1 1 1 0 1 2 1 1 1 2 1 0 0 0 1 0 0 1 1 1 1 1 1 1 1 0 1 1 1 1 0 2 2 2 1 2 0 1 1 1 1 1 0 1 2 0 1 1 0 0
geno chr19.8282321 yri  1 0 1 0 0 0 0 0 1 1 0 0 0 0 0 0 1 0 1 1 0 1 1 1 0 0 0 2 0 0 0 0 0 0 0 0 0 0 1 1 1 0 0 0 1 1 0 0 0 1 0 0 0 1 2 0 1 0 1 0 0 0 2 0 0 0 0 1 0 0 1 0 0 0 1 1 0
geno chr19.8282668 ceu  1 0 0 0 0 0 0 0 0 0 0 0 0 0 0 0 0 0 1 1 0 0 0 0 1 0 0 1 1 0 0 0 0 0 1 0 0 0 0 0 1 0 0 0 0 0 0 0 0 0 0 0 0 0 0 0 0 1 0 0 0 0 1 0 1 0 0 0 0 0 0 0 0 0 1 0 0 0
geno chr19.8282668 fin  0 0 0 0 0 0 0 0 0 0 0 0 0 0 0 0 0 1 0 0 0 0 0 0 0 0 0 0 0 0 0 0 0 0 0 0 0 0 0 0 0 0 0 0 0 0 0 0 0 0 0 0 1 0 0 0 0 0 0 0 0 0 0 0 0 0 0 0 0 0 0 0 1 0 0 0 0 0 0 0 0 0 0 0 0 0 0 0 0
geno chr19.8282668 gbr  1 0 1 0 1 0 0 0 0 0 0 0 1 0 0 0 0 0 0 0 1 0 0 1 0 0 0 0 1 0 0 0 0 0 0 0 0 0 0 0 0 0 0 1 0 0 0 0 0 0 0 0 1 0 0 0 0 0 0 0 0 0 0 0 0 0 0 0 0 0 0 0 1 0 0 0 0 0 0 0 0 0 0 0
geno chr19.8282668 tsi  0 0 0 0 0 1 1 1 0 0 0 0 0 0 0 0 0 0 0 0 0 0 0 0 0 0 0 0 0 0 0 0 0 0 0 0 0 0 0 0 0 0 0 0 0 0 0 0 0 0 0 0 0 0 0 0 0 0 0 0 0 0 0 0 0 0 0 0 1 0 0 0 0 0 0 0 1 0 1 0 0 0 0 0 0 0 0 1 0 0 0 0
geno chr19.8282668 yri  0 0 0 0 0 0 0 0 0 0 0 0 0 0 0 0 0 0 0 0 0 0 0 0 0 0 0 0 0 0 0 0 0 0 0 0 0 0 0 0 0 1 0 0 0 0 0 0 0 0 0 1 1 0 0 1 0 0 0 0 0 0 0 0 0 0 0 0 0 0 0 0 0 1 0 0 0
geno chr19.8282913 ceu  1 0 0 0 0 0 0 0 0 0 0 0 0 0 0 0 0 0 1 1 0 0 0 0 1 0 0 1 1 0 0 0 0 0 1 0 0 0 0 0 1 0 0 0 0 0 0 0 0 0 0 0 0 0 0 0 0 1 0 0 0 0 1 0 1 0 0 0 0 0 0 0 0 0 1 0 0 0
geno chr19.8282913 fin  0 0 0 0 0 0 0 0 0 0 0 0 0 0 0 0 0 1 0 0 0 0 0 0 0 0 0 0 0 0 0 0 0 0 0 0 0 0 0 0 0 0 0 0 0 0 0 0 0 0 0 0 1 0 0 0 0 0 0 0 0 0 0 0 0 0 1 0 1 0 0 0 1 0 0 0 0 0 0 0 0 0 0 0 0 0 0 0 0
geno chr19.8282913 gbr  1 0 1 0 1 0 0 0 0 0 0 0 1 0 0 0 0 0 0 0 1 0 0 1 0 0 0 0 1 0 0 0 0 0 0 0 0 0 0 0 0 0 0 1 0 0 0 0 0 0 0 0 1 0 1 0 0 0 0 0 0 0 0 0 0 0 0 0 0 0 0 0 1 0 0 0 0 0 0 0 0 0 0 0
geno chr19.8282913 tsi  0 0 0 0 0 1 1 1 0 0 0 0 0 0 0 0 0 0 0 0 0 0 0 0 0 0 0 0 0 0 0 0 0 0 0 0 0 0 0 0 0 0 0 0 0 0 0 0 0 0 0 0 0 0 0 0 0 0 0 0 0 0 0 0 0 0 0 0 1 0 0 0 0 0 0 0 1 0 1 0 0 0 0 0 0 0 0 1 0 0 0 0
geno chr19.8282913 yri  0 0 0 0 0 0 0 0 0 1 0 0 0 0 0 0 1 0 1 0 0 1 1 0 0 0 0 2 0 0 0 1 1 0 0 0 0 0 0 2 1 1 0 0 1 0 0 0 1 1 0 1 1 0 1 1 1 0 1 0 0 0 2 0 0 0 0 0 0 0 1 1 0 1 1 0 0
geno chr19.8283634 ceu  0 0 1 1 0 0 0 0 0 0 0 0 0 0 0 0 0 0 0 0 0 0 0 0 0 0 0 0 0 0 0 0 1 0 0 0 1 0 0 0 0 0 0 1 0 0 0 0 0 1 0 0 1 0 1 0 0 0 0 1 1 0 0 0 1 0 0 0 0 0 0 0 0 0 0 0 0 0
geno chr19.8283634 fin  0 1 0 0 0 0 0 0 0 0 0 0 1 0 0 0 0 0 0 0 0 0 0 0 0 0 0 0 0 0 0 0 0 0 0 0 0 0 0 0 0 0 0 0 0 0 0 1 1 1 0 0 0 0 0 0 0 0 0 0 0 0 0 0 0 1 0 0 0 0 1 0 0 0 0 0 1 1 0 0 0 0 0 0 0 0 1 0 0
geno chr19.8283634 gbr  0 0 0 0 0 1 0 0 0 0 0 0 0 0 0 1 0 0 0 1 0 0 0 0 0 0 0 0 0 0 0 0 0 0 0 0 0 0 0 0 0 0 0 0 0 1 0 0 1 0 0 1 0 0 0 1 0 0 0 0 0 0 0 0 0 0 0 0 0 0 0 0 0 0 0 0 0 0 0 0 0 0 0 0
geno chr19.8283634 tsi  0 1 0 0 0 0 0 0 0 0 0 0 0 0 0 0 0 0 0 0 0 0 0 0 0 0 0 0 0 0 0 0 0 0 0 0 0 1 0 0 0 0 0 0 0 0 0 0 0 0 0 0 0 1 0 0 0 0 0 0 0 0 1 0 0 0 0 0 0 1 0 0 0 0 0 0 0 0 1 0 1 0 0 0 0 0 0 0 0 0 0 0
geno chr19.8283634 yri  0 0 0 0 0 0 0 0 0 0 0 0 0 0 0 0 0 0 0 0 0 0 0 0 0 0 0 0 0 0 0 0 0 0 0 0 0 0 0 0 0 0 0 0 0 0 0 0 0 0 0 0 0 0 0 0 0 0 0 0 0 0 0 0 0 0 0 0 0 0 0 0 0 0 0 0 0
geno chr19.8283819 ceu  1 2 1 1 0 2 2 2 2 1 1 1 1 1 1 1 1 1 1 2 1 2 1 0 1 0 2 2 2 1 1 1 1 2 1 1 2 0 2 2 1 0 1 1 1 1 0 1 1 1 1 0 2 1 2 1 2 1 1 2 1 1 2 2 2 2 2 1 1 1 1 1 0 2 2 1 1 1
geno chr19.8283819 fin  1 1 0 1 0 0 2 0 1 1 0 1 1 0 1 0 1 2 1 0 2 2 1 0 2 0 1 2 1 0 1 1 0 1 1 1 0 1 0 0 1 0 1 1 2 1 2 1 1 1 1 0 1 0 0 1 1 2 1 0 1 2 0 1 1 1 0 0 1 1 2 1 1 1 1 2 1 1 0 2 1 2 1 2 0 2 1 1 0
geno chr19.8283819 gbr  1 1 1 2 1 1 2 1 0 1 1 0 1 0 2 2 1 2 1 1 1 2 2 1 0 1 1 1 1 1 1 1 1 1 1 0 0 0 1 1 2 1 2 2 1 1 2 2 1 1 1 2 1 0 1 1 0 1 1 2 0 1 0 0 1 1 2 0 2 1 1 1 1 1 1 1 1 2 1 1 1 1 0 0
geno chr19.8283819 tsi  0 1 2 0 2 2 1 2 1 1 1 1 2 2 1 1 1 2 1 0 1 2 1 1 1 1 0 1 1 1 2 1 1 1 0 1 0 1 2 1 1 1 1 1 1 1 1 2 1 1 1 2 1 2 1 0 2 0 1 1 1 1 2 1 1 2 1 1 2 2 2 1 0 2 2 2 2 2 2 1 2 1 1 1 0 1 2 1 1 1 0 1
geno chr19.8283819 yri  2 0 2 2 1 1 1 2 1 2 1 1 1 0 1 2 1 1 1 1 0 2 2 1 1 2 0 2 0 0 0 2 2 1 1 0 2 1 1 2 2 2 0 2 1 1 2 1 2 1 0 2 1 2 2 2 1 2 2 2 0 1 2 1 1 1 1 2 2 0 2 2 0 1 2 1 0
geno chr19.8284346 ceu  2 2 2 1 0 2 2 2 2 1 2 1 2 1 1 1 2 2 1 2 1 2 2 2 1 0 2 2 2 2 1 2 1 2 1 1 2 1 2 2 2 1 1 2 1 1 0 1 1 1 2 2 2 1 2 1 2 2 2 2 2 2 2 2 2 2 2 1 1 2 1 1 0 2 2 2 1 2
geno chr19.8284346 fin  1 1 1 1 1 1 1 1 1 1 2 2 1 0 1 0 2 2 1 1 2 2 2 1 2 1 1 1 1 1 1 2 0 1 1 1 0 1 1 2 1 1 2 1 2 1 2 2 2 2 2 2 2 0 2 2 1 2 1 0 2 2 1 1 2 1 0 1 1 2 2 2 2 1 1 2 2 2 2 2 1 2 2 2 0 2 2 1 2
geno chr19.8284346 gbr  1 2 2 2 1 1 2 2 2 2 1 2 2 0 2 2 2 2 1 2 1 2 2 1 0 2 2 2 1 2 1 2 2 2 2 1 1 1 1 1 2 1 2 2 2 1 2 2 1 1 2 2 2 2 2 2 2 2 2 2 0 2 2 1 1 1 2 0 2 1 2 2 1 2 2 2 1 2 2 1 2 2 2 1
geno chr19.8284346 tsi  2 2 2 2 2 2 1 2 1 2 1 1 2 2 0 1 2 2 1 0 2 2 2 2 1 2 0 2 1 1 2 2 1 1 2 1 1 1 2 1 2 2 2 2 1 1 2 2 2 2 2 2 2 2 2 0 2 2 1 1 1 1 2 1 2 2 2 1 2 2 2 2 1 2 2 2 2 2 2 2 2 2 1 2 1 1 2 2 2 2 2 1
geno chr19.8284346 yri  2 2 2 2 2 1 2 1 2 2 2 2 1 2 1 2 2 0 2 2 2 1 2 1 1 1 1 2 0 2 2 2 1 1 1 2 1 2 2 2 2 1 2 2 1 2 1 1 2 2 0 2 2 1 2 2 2 2 2 2 1 2 2 2 2 2 1 2 2 2 2 2 2 2 1 2 1
geno chr19.8284546 ceu  0 2 1 1 0 2 2 2 2 1 1 1 1 1 1 1 1 1 0 1 0 2 1 0 0 0 2 1 1 1 1 1 1 1 0 1 2 0 2 2 0 0 1 1 1 1 0 1 1 1 1 0 2 1 2 1 2 0 1 2 1 1 1 2 1 1 2 1 1 1 1 0 0 2 1 1 1 1
geno chr19.8284546 fin  1 1 0 1 0 0 1 0 0 1 0 1 1 0 1 0 1 1 1 0 2 2 1 0 2 0 1 1 1 0 1 1 0 1 1 1 0 1 0 0 1 0 1 1 1 1 2 1 1 1 1 0 0 0 0 1 1 2 1 0 1 2 0 1 1 1 0 0 1 1 2 1 0 1 1 2 1 1 0 2 1 2 0 2 0 2 1 1 0
geno chr19.8284546 gbr  0 1 0 2 0 1 2 1 0 1 1 0 0 0 2 1 1 2 1 1 0 1 2 0 0 1 1 1 0 1 1 1 1 1 1 0 0 0 1 1 2 1 2 1 1 1 2 1 1 1 1 2 0 0 0 1 0 1 1 2 0 1 0 0 1 1 2 0 2 1 1 1 0 1 1 1 1 2 1 1 1 1 0 0
geno chr19.8284546 tsi  0 1 2 0 2 1 0 1 1 1 1 1 2 2 0 0 1 2 1 0 1 2 1 1 1 1 0 1 1 0 2 1 1 1 0 1 0 1 2 1 1 1 1 1 1 1 1 1 1 1 1 2 0 1 1 0 2 0 1 1 1 1 2 1 0 2 1 0 1 2 1 1 0 2 2 2 1 2 1 1 2 1 1 1 0 1 1 0 0 1 0 1
geno chr19.8284546 yri  1 0 1 0 0 0 0 0 1 1 0 0 0 0 0 0 1 0 1 1 0 1 1 1 0 0 0 2 0 0 1 1 0 0 0 0 0 0 1 2 1 0 0 0 0 1 0 0 0 1 0 0 0 1 2 0 1 0 1 0 0 0 2 0 0 0 0 1 0 0 0 1 0 0 1 1 0
geno chr19.8285003 ceu  0 0 0 0 0 0 0 0 0 0 0 0 0 0 0 0 0 0 0 0 0 0 0 0 0 0 0 0 0 0 0 0 0 0 0 0 0 0 0 0 0 0 0 0 0 0 0 0 0 0 0 0 0 0 0 0 0 0 0 0 0 0 0 0 0 1 0 0 0 0 0 0 0 0 0 0 0 0
geno chr19.8285003 fin  0 0 0 0 0 0 0 0 0 0 0 0 0 0 0 0 0 0 0 0 0 0 0 0 0 0 0 0 0 0 0 0 0 0 0 0 0 0 0 0 0 0 0 0 0 0 0 0 0 0 0 0 0 0 0 0 0 0 0 0 0 0 0 0 0 0 0 0 0 0 0 0 0 0 0 0 0 0 0 0 0 0 0 0 0 0 0 0 0
geno chr19.8285003 gbr  0 0 0 0 0 0 0 0 0 0 0 0 0 0 0 0 0 0 0 0 0 0 0 0 0 0 0 0 0 0 0 0 0 0 0 0 0 0 0 0 0 0 0 0 0 0 0 0 0 0 0 0 0 0 0 0 0 0 0 0 0 0 0 0 0 0 0 0 0 0 0 0 0 0 0 0 0 0 0 0 0 0 0 0
geno chr19.8285003 tsi  0 0 0 0 0 0 0 0 0 0 0 0 0 0 0 0 0 0 0 0 0 0 0 0 0 0 0 0 0 0 0 0 0 0 0 0 0 0 0 0 0 0 0 0 0 0 0 0 0 0 0 0 0 0 0 0 0 0 0 0 0 0 0 0 0 0 0 0 0 0 0 0 0 0 0 0 0 0 0 0 0 0 0 0 0 0 0 0 0 0 0 0
geno chr19.8285003 yri  1 0 1 1 1 0 1 1 0 1 0 1 1 0 1 2 0 0 0 0 0 0 1 0 1 1 0 0 0 0 0 1 1 0 1 0 1 1 0 0 1 0 0 2 0 0 0 0 1 0 0 1 0 1 0 1 0 2 1 2 0 1 0 1 1 1 1 1 1 0 0 0 0 0 0 0 0
geno chr19.8285023 ceu  0 1 0 0 0 2 2 2 2 1 1 1 1 1 1 1 1 1 0 1 1 2 1 0 0 0 2 0 1 1 1 1 0 2 0 1 1 0 2 2 0 0 1 0 1 1 0 1 1 0 1 0 1 1 1 1 1 0 0 1 0 1 1 1 0 1 2 1 1 0 1 0 0 2 1 1 1 1
geno chr19.8285023 fin  1 0 0 1 0 0 1 0 1 1 0 1 0 0 1 0 1 0 1 0 2 2 1 0 2 0 1 1 0 0 1 1 0 0 1 1 0 1 0 0 1 0 1 1 2 1 2 0 0 0 1 0 0 0 0 1 1 1 1 0 1 1 0 1 1 0 0 0 1 1 1 1 0 1 1 2 0 0 0 1 1 2 0 2 0 2 0 1 0
geno chr19.8285023 gbr  0 1 0 0 0 0 2 1 0 1 1 0 0 0 2 1 1 1 1 0 0 2 2 0 0 1 1 0 0 0 1 1 1 1 1 0 0 0 1 1 2 1 1 0 1 0 0 2 0 0 1 0 0 0 0 0 0 0 0 2 0 0 0 0 1 0 2 0 2 1 1 1 0 1 1 1 1 1 1 1 1 1 0 0
geno chr19.8285023 tsi  0 0 2 0 2 0 0 0 1 1 1 1 1 2 0 1 1 2 1 0 1 2 0 0 1 1 0 1 1 1 1 1 1 1 0 1 0 0 2 1 1 1 1 1 1 1 0 1 1 0 1 2 1 1 1 0 2 0 1 1 1 1 1 1 1 2 1 0 1 0 2 1 0 2 1 1 1 1 0 1 1 1 1 1 0 1 2 0 1 1 0 1
geno chr19.8285023 yri  0 0 0 0 0 0 0 0 0 0 0 0 0 0 0 0 0 0 0 0 0 0 0 0 0 0 0 0 0 0 0 0 0 0 0 0 0 0 0 0 0 0 0 0 0 0 0 0 0 0 0 0 0 0 0 0 0 0 0 0 0 0 0 0 0 0 0 0 0 0 0 0 0 0 0 0 0
geno chr19.8285607 ceu  0 1 0 0 0 2 2 2 2 1 1 1 1 1 1 1 1 1 0 1 1 2 1 0 0 0 2 1 1 1 1 1 0 2 0 1 1 0 2 2 0 0 1 0 1 1 0 1 1 0 1 0 1 1 1 1 2 0 0 1 0 1 1 1 0 1 2 1 1 1 1 1 0 2 1 1 1 1
geno chr19.8285607 fin  1 0 0 1 0 0 1 0 1 1 0 1 0 0 1 0 1 1 1 0 2 2 1 0 2 0 1 1 0 0 1 1 0 0 1 1 0 1 0 0 1 0 1 1 2 1 2 0 0 0 1 0 0 0 0 1 1 2 1 0 1 2 0 1 1 0 0 0 1 1 1 1 0 1 1 2 0 0 0 2 1 2 1 2 0 2 0 1 0
geno chr19.8285607 gbr  0 1 0 1 0 0 2 1 0 1 1 0 0 0 2 1 1 1 1 0 0 2 2 0 0 1 1 0 0 1 1 1 1 1 1 0 0 0 1 1 2 1 2 0 1 0 2 2 0 1 1 1 0 0 0 0 0 0 1 2 0 0 0 0 1 1 2 0 2 1 1 1 0 1 1 1 1 1 1 1 1 1 0 0
geno chr19.8285607 tsi  0 0 2 0 2 1 0 1 1 1 1 1 1 2 0 1 1 2 1 0 1 2 0 1 1 1 0 1 1 1 2 1 1 1 0 1 0 0 2 1 1 1 1 1 1 1 1 2 1 1 1 2 1 1 1 0 2 0 1 1 1 1 1 1 1 2 1 1 1 1 2 1 0 2 2 2 1 2 0 1 1 1 1 1 0 1 2 0 1 1 0 1
geno chr19.8285607 yri  1 0 1 0 0 0 0 0 1 1 0 0 0 0 0 0 1 0 1 1 0 1 1 1 0 0 0 2 0 0 1 1 0 0 0 0 0 0 1 2 1 0 0 0 1 1 0 0 0 1 0 0 0 1 2 0 1 0 1 0 0 0 2 0 0 0 0 1 0 0 1 1 0 0 1 1 0
geno chr19.8285702 ceu  0 0 0 0 0 0 0 0 0 0 0 0 0 0 0 0 0 0 0 0 0 0 0 0 0 0 0 0 0 0 0 0 0 0 0 0 0 0 0 0 0 0 0 0 0 0 0 0 0 0 0 0 0 0 0 0 0 0 0 0 0 0 0 0 0 1 0 0 0 0 0 0 0 0 0 0 0 0
geno chr19.8285702 fin  0 0 0 0 0 0 0 0 0 0 0 0 0 0 0 0 0 0 0 0 0 0 0 0 0 0 0 0 0 0 0 0 0 0 0 0 0 0 0 0 0 0 0 0 0 0 0 0 0 0 0 0 0 0 0 0 0 0 0 0 0 0 0 0 0 0 0 0 0 0 0 0 0 0 0 0 0 0 0 0 0 0 0 0 0 0 0 0 0
geno chr19.8285702 gbr  0 0 0 0 0 0 0 0 0 0 0 0 0 0 0 0 0 0 0 0 0 0 0 0 0 0 0 0 0 0 0 0 0 0 0 0 0 0 0 0 0 0 0 0 0 0 0 0 0 0 0 0 0 0 0 0 0 0 0 0 0 0 0 0 0 0 0 0 0 0 0 0 0 0 0 0 0 0 0 0 0 0 0 0
geno chr19.8285702 tsi  0 0 0 0 0 0 0 0 0 0 0 0 0 0 0 0 0 0 0 0 0 0 0 0 0 0 0 0 0 0 0 0 0 0 0 0 0 0 0 0 0 0 0 0 0 0 0 0 0 0 0 0 0 0 0 0 0 0 0 0 0 0 0 0 0 0 0 0 0 0 0 0 0 0 0 0 0 0 0 0 0 0 0 0 0 0 0 0 0 0 0 0
geno chr19.8285702 yri  1 0 1 1 0 0 1 0 0 1 0 1 1 0 1 2 0 1 0 0 0 0 1 0 0 1 0 0 0 0 0 1 2 0 1 0 0 1 0 0 1 0 0 2 0 0 0 0 1 0 0 1 0 1 0 1 0 2 1 2 0 1 0 1 1 1 1 1 1 0 0 0 0 0 0 0 0
geno chr19.8285710 ceu  0 0 0 0 0 0 0 0 0 0 0 0 0 0 0 0 0 0 0 0 0 0 0 0 0 0 0 0 0 0 0 0 0 0 0 0 0 0 0 0 0 0 0 0 0 0 0 0 0 0 0 0 0 0 0 0 0 0 0 0 0 0 0 0 0 1 0 0 0 0 0 0 0 0 0 0 0 0
geno chr19.8285710 fin  0 0 0 0 0 0 0 0 0 0 0 0 0 0 0 0 0 0 0 0 0 0 0 0 0 0 0 0 0 0 0 0 0 0 0 0 0 0 0 0 0 0 0 0 0 0 0 0 0 0 0 0 0 0 0 0 0 0 0 0 0 0 0 0 0 0 0 0 0 0 0 0 0 0 0 0 0 0 0 0 0 0 0 0 0 0 0 0 0
geno chr19.8285710 gbr  0 0 0 0 0 0 0 0 0 0 0 0 0 0 0 0 0 0 0 0 0 0 0 0 0 0 0 0 0 0 0 0 0 0 0 0 0 0 0 0 0 0 0 0 0 0 0 0 0 0 0 0 0 0 0 0 0 0 0 0 0 0 0 0 0 0 0 0 0 0 0 0 0 0 0 0 0 0 0 0 0 0 0 0
geno chr19.8285710 tsi  0 0 0 0 0 0 0 0 0 0 0 0 0 0 0 0 0 0 0 0 0 0 0 0 0 0 0 0 0 0 0 0 0 0 0 0 0 0 0 0 0 0 0 0 0 0 0 0 0 0 0 0 0 0 0 0 0 0 0 0 0 0 0 0 0 0 0 0 0 0 0 0 0 0 0 0 0 0 0 0 0 0 0 0 0 0 0 0 0 0 0 0
geno chr19.8285710 yri  1 0 1 1 1 0 1 1 0 1 0 1 1 0 1 2 0 0 0 0 0 0 1 0 1 1 0 0 0 0 0 1 1 0 1 0 1 1 0 0 1 0 0 2 0 0 0 0 1 0 0 1 0 1 0 1 0 2 1 2 0 1 0 1 1 1 1 1 1 0 0 0 0 0 0 0 0
geno chr19.8285730 ceu  0 1 0 0 0 2 2 2 2 1 1 1 1 1 1 1 1 1 0 1 1 2 1 0 0 0 2 1 1 1 1 1 0 2 0 1 1 0 2 2 0 0 1 0 1 1 0 1 1 0 1 0 1 1 1 1 2 0 0 1 0 1 1 1 0 1 2 1 1 1 1 0 0 2 1 1 1 1
geno chr19.8285730 fin  1 0 0 1 0 0 1 0 1 1 0 1 0 0 1 0 1 1 1 0 2 2 1 0 2 0 1 1 0 0 1 1 0 0 1 1 0 1 0 0 1 0 1 1 2 1 2 0 0 0 1 0 0 0 0 1 1 2 1 0 1 2 0 1 1 0 0 0 1 1 1 1 0 1 1 2 0 0 0 2 1 2 0 2 0 2 0 1 0
geno chr19.8285730 gbr  0 1 0 1 0 0 2 1 0 1 1 0 0 0 2 1 1 1 1 0 0 2 2 0 0 1 1 0 0 1 1 1 1 1 1 0 0 0 1 1 2 1 2 0 1 0 1 2 0 1 1 1 0 0 0 0 0 0 0 2 0 0 0 0 1 1 2 0 2 1 1 1 0 1 1 1 1 1 1 1 1 1 0 0
geno chr19.8285730 tsi  0 0 2 0 2 1 0 1 1 1 1 1 1 1 0 1 1 2 1 0 1 2 0 1 1 1 0 1 1 1 2 1 1 1 0 1 0 0 2 1 1 1 1 1 1 1 1 1 1 1 1 2 1 1 1 0 2 0 1 1 1 1 1 1 1 2 1 0 1 1 2 1 0 2 1 2 1 2 0 1 1 1 1 1 0 1 2 0 1 1 0 1
geno chr19.8285730 yri  1 0 1 1 0 1 0 0 0 0 0 0 0 0 0 0 0 0 0 1 0 0 0 1 0 0 0 0 0 0 0 0 0 1 0 0 0 0 1 0 0 0 0 0 0 0 0 1 1 0 0 0 0 1 0 0 0 0 0 0 0 0 0 0 0 0 0 1 0 0 2 1 0 0 0 0 0
geno chr19.8285894 ceu  2 1 2 1 0 2 2 2 2 1 2 1 2 1 1 1 1 2 1 2 1 2 2 2 1 0 2 2 2 2 1 2 1 2 1 1 2 1 2 2 2 1 1 2 1 1 0 1 1 1 2 2 2 1 2 1 2 2 1 2 2 2 2 1 2 2 2 1 1 2 1 1 0 2 2 2 1 2
geno chr19.8285894 fin  1 1 1 1 1 1 1 1 1 1 2 2 1 0 1 0 2 2 1 1 2 2 2 1 2 1 1 1 0 1 1 2 0 0 1 1 1 1 1 2 1 1 2 1 2 1 2 2 2 2 2 2 2 0 2 2 1 2 1 0 2 2 1 1 2 1 0 1 1 2 2 2 2 1 1 2 2 1 2 2 1 2 2 2 0 2 1 1 2
geno chr19.8285894 gbr  1 2 2 1 1 1 2 2 1 2 1 2 2 0 2 2 2 1 1 2 1 2 2 1 1 2 2 1 1 2 1 2 2 2 2 1 1 1 1 1 2 1 2 1 2 1 2 2 1 1 2 2 2 2 2 2 2 1 2 2 0 1 2 1 1 1 2 0 2 1 2 2 1 2 2 2 1 1 2 1 2 2 2 1
geno chr19.8285894 tsi  2 2 2 2 2 2 1 2 1 2 1 1 1 2 0 1 2 2 1 0 2 2 1 2 1 2 0 2 1 1 2 2 1 1 2 1 1 1 2 1 2 2 2 2 1 1 2 2 2 2 2 2 1 2 2 0 2 2 1 1 1 1 2 1 2 2 2 1 2 2 2 2 1 2 2 2 2 2 2 2 2 2 1 2 1 1 2 2 1 2 2 1
geno chr19.8285894 yri  2 2 1 1 2 0 2 1 2 2 2 2 1 2 1 2 2 1 1 2 2 1 2 2 1 1 1 1 0 2 2 2 2 0 1 2 1 2 2 1 2 1 2 2 1 2 1 0 2 2 0 2 2 2 2 2 2 2 2 2 1 2 2 2 2 2 1 2 2 2 2 1 2 1 1 2 1
geno chr19.8285899 ceu  0 0 0 0 0 0 0 0 0 0 0 0 0 0 0 0 0 0 0 0 0 0 0 0 0 0 0 0 0 0 0 0 0 0 0 0 0 0 0 0 0 0 0 0 0 0 0 0 0 0 0 0 0 0 0 0 0 0 0 0 0 0 0 0 0 1 0 0 0 0 0 0 0 0 0 0 0 0
geno chr19.8285899 fin  0 0 0 0 0 0 0 0 0 0 0 0 0 0 0 0 0 0 0 0 0 0 0 0 0 0 0 0 0 0 0 0 0 0 0 0 0 0 0 0 0 0 0 0 0 0 0 0 0 0 0 0 0 0 0 0 0 0 0 0 0 0 0 0 0 0 0 0 0 0 0 0 0 0 0 0 0 0 0 0 0 0 0 0 0 0 0 0 0
geno chr19.8285899 gbr  0 0 0 0 0 0 0 0 0 0 0 0 0 0 0 0 0 0 0 0 0 0 0 0 0 0 0 0 0 0 0 0 0 0 0 0 0 0 0 0 0 0 0 0 0 0 0 0 0 0 0 0 0 0 0 0 0 0 0 0 0 0 0 0 0 0 0 0 0 0 0 0 0 0 0 0 0 0 0 0 0 0 0 0
geno chr19.8285899 tsi  0 0 0 0 0 0 0 0 0 0 0 0 0 0 0 0 0 0 0 0 0 0 0 0 0 0 0 0 0 0 0 0 0 0 0 0 0 0 0 0 0 0 0 0 0 0 0 0 0 0 0 0 0 0 0 0 0 0 0 0 0 0 0 0 0 0 0 0 0 0 0 0 0 0 0 0 0 0 0 0 0 0 0 0 0 0 0 0 0 0 0 0
geno chr19.8285899 yri  0 0 1 1 0 1 1 1 0 0 0 1 0 0 0 0 0 1 0 0 0 1 1 0 0 1 0 0 0 0 0 0 1 1 0 0 1 1 0 0 0 1 0 0 0 0 1 1 0 0 0 0 0 1 0 0 0 2 1 0 0 1 0 0 0 0 1 0 0 0 0 1 0 0 1 0 0
geno chr19.8286597 ceu  1 0 0 0 0 0 0 0 0 0 0 0 0 0 0 0 0 0 1 1 0 0 0 0 1 0 0 1 1 0 0 0 0 0 1 0 0 0 0 0 1 0 0 0 0 0 0 0 0 0 0 0 0 0 0 0 0 1 0 0 0 0 1 0 1 0 0 0 0 0 0 0 0 0 1 0 0 0
geno chr19.8286597 fin  0 0 0 0 0 0 0 0 0 0 0 0 0 0 0 0 0 1 0 0 0 0 0 0 0 0 0 0 0 0 0 0 0 0 0 0 0 0 0 0 0 0 0 0 0 0 0 0 0 0 0 0 1 0 0 0 0 0 0 0 0 0 0 0 0 0 0 0 0 0 0 0 1 0 0 0 0 0 0 0 0 0 0 0 0 0 0 0 0
geno chr19.8286597 gbr  1 0 1 0 1 0 0 0 0 0 0 0 1 0 0 0 0 0 0 0 1 0 0 1 0 0 0 0 1 0 0 0 0 0 0 0 0 0 0 0 0 0 0 1 0 0 0 0 0 0 0 0 1 0 1 0 0 0 0 0 0 0 0 0 0 0 0 0 0 0 0 0 1 0 0 0 0 0 0 0 0 0 0 0
geno chr19.8286597 tsi  0 0 0 0 0 1 1 1 0 0 0 0 0 0 0 0 0 0 0 0 0 0 0 0 0 0 0 0 0 0 0 0 0 0 0 0 0 0 0 0 0 0 0 0 0 0 0 0 0 0 0 0 0 0 0 0 0 0 0 0 0 0 0 0 0 0 0 0 1 0 0 0 0 0 0 0 1 0 1 0 0 0 0 0 0 0 0 1 0 0 0 0
geno chr19.8286597 yri  0 0 0 0 0 0 0 0 0 0 0 0 0 0 0 0 0 0 0 0 0 0 0 0 0 0 0 0 0 0 0 0 0 0 0 0 0 0 0 0 0 0 0 0 0 0 0 0 1 0 0 0 0 0 0 0 0 0 0 0 0 0 0 0 0 0 0 0 0 0 1 0 0 0 0 0 0
geno chr19.8286918 ceu  2 1 2 2 0 2 2 1 2 0 2 1 2 1 1 1 2 2 1 2 1 2 2 2 1 0 2 2 2 2 1 2 1 2 1 1 2 1 2 2 2 2 1 2 1 1 1 1 1 1 2 2 2 1 2 1 2 2 1 2 2 2 2 1 2 2 2 1 2 2 2 1 0 2 2 2 0 2
geno chr19.8286918 fin  1 1 1 1 1 1 2 1 1 1 2 2 1 0 1 0 2 2 0 2 2 2 2 2 2 1 1 2 0 1 1 2 0 0 0 1 0 1 1 2 1 1 2 1 2 1 2 2 2 2 2 2 2 0 2 2 1 2 1 0 2 2 1 1 2 1 0 1 1 2 2 2 2 1 1 2 2 1 2 2 1 2 2 2 0 2 1 1 2
geno chr19.8286918 gbr  1 2 2 1 1 1 2 2 2 2 1 2 2 0 2 2 2 1 1 2 1 2 2 1 0 2 2 1 1 2 1 2 2 2 2 1 1 1 1 1 2 1 2 1 2 1 2 2 1 1 2 2 2 2 2 2 2 1 2 2 0 1 2 1 1 1 2 0 2 1 2 2 1 2 2 2 1 0 2 1 2 2 2 1
geno chr19.8286918 tsi  2 2 2 2 2 2 1 2 1 2 1 1 1 2 1 1 2 2 2 1 2 2 1 2 1 2 0 2 1 1 2 2 1 1 2 1 1 1 2 1 2 2 2 2 1 1 2 2 2 2 2 2 2 2 2 1 2 1 1 1 1 1 2 1 2 2 2 1 2 2 2 2 1 2 2 2 2 2 2 2 2 2 2 2 2 1 2 2 2 2 2 1
geno chr19.8286918 yri  2 2 2 1 1 0 2 0 2 2 2 2 1 2 1 2 2 0 2 1 2 1 2 2 0 1 1 2 0 2 2 2 1 0 1 2 0 2 2 2 2 1 2 2 1 2 1 0 1 2 0 2 2 2 2 2 2 2 2 2 1 2 2 2 2 2 1 2 2 2 2 1 2 2 1 2 1
geno chr19.8288298 ceu  2 1 2 2 0 2 2 2 2 1 2 1 2 1 1 1 2 2 1 2 1 2 2 2 1 0 2 2 2 2 1 2 1 2 1 1 2 1 2 2 2 2 1 2 1 1 1 1 1 1 2 2 2 1 2 1 2 2 1 2 2 2 2 1 2 2 2 1 2 2 2 1 0 2 2 2 1 2
geno chr19.8288298 fin  1 1 1 1 1 1 2 1 1 1 2 2 1 0 1 0 2 2 1 2 2 2 2 2 2 1 1 2 0 1 1 2 0 0 1 1 0 1 1 2 1 1 2 1 2 1 2 2 2 2 2 2 2 0 1 2 1 2 1 0 2 2 1 1 2 1 0 1 1 2 2 2 2 1 1 2 2 1 2 2 1 2 2 2 0 2 1 1 2
geno chr19.8288298 gbr  1 2 2 1 1 1 1 1 2 2 1 2 2 0 2 2 2 1 2 2 1 2 2 1 0 2 2 1 1 2 1 2 2 2 2 1 1 1 1 1 2 1 2 1 2 1 2 2 1 1 2 2 2 2 2 2 2 1 2 2 0 1 2 1 1 1 2 0 2 1 2 2 1 2 2 2 1 1 2 1 2 2 2 1
geno chr19.8288298 tsi  2 2 2 2 2 2 1 2 1 2 1 0 1 2 1 1 2 2 2 1 2 2 1 2 1 2 0 2 1 2 2 2 1 1 2 1 1 1 2 1 2 2 2 2 1 1 2 2 2 2 2 2 2 2 2 1 2 1 1 1 1 1 1 1 2 2 2 1 2 2 2 2 1 2 2 2 2 2 2 2 2 2 2 2 2 2 2 2 2 2 2 1
geno chr19.8288298 yri  2 2 2 2 2 1 2 2 2 2 2 1 1 2 1 2 2 1 2 2 2 2 2 2 1 2 1 2 0 2 2 2 2 1 1 2 2 2 2 2 2 2 2 2 1 2 2 1 1 1 0 2 2 2 2 2 2 2 2 2 1 2 2 2 2 2 1 2 2 2 1 2 2 2 2 2 1
geno chr19.8288542 ceu  2 1 2 2 0 2 2 2 2 1 2 1 2 1 1 1 2 2 1 2 1 2 2 2 1 0 2 2 2 2 1 2 1 2 1 1 2 1 2 2 2 2 1 2 1 1 1 1 1 1 2 2 2 1 2 1 2 2 1 2 2 2 2 1 2 2 2 1 2 2 2 1 0 2 2 2 1 2
geno chr19.8288542 fin  1 1 1 1 1 1 2 1 1 1 2 2 1 0 1 0 2 2 1 2 2 2 2 2 2 1 1 2 0 1 1 2 0 0 1 1 0 1 1 2 1 1 2 1 2 1 2 2 2 2 2 2 2 0 1 2 1 2 1 0 2 2 1 1 2 1 0 1 1 2 2 2 2 1 1 2 2 1 2 2 1 2 2 2 0 2 1 1 2
geno chr19.8288542 gbr  1 2 2 1 1 1 2 2 2 2 1 2 2 0 2 2 2 1 1 2 1 2 2 1 0 2 2 1 1 2 1 2 2 2 2 1 1 1 1 1 2 1 2 1 2 1 2 2 1 1 2 2 2 2 2 2 2 1 2 2 0 1 2 1 1 1 2 0 2 1 2 2 1 2 2 2 1 1 2 1 2 2 2 1
geno chr19.8288542 tsi  2 2 2 2 2 2 1 2 1 2 1 1 1 2 1 1 2 2 2 1 2 2 1 2 1 2 0 2 1 2 2 2 1 1 2 1 1 1 2 1 2 2 2 2 1 1 2 2 2 2 2 2 2 2 2 1 2 1 1 1 1 1 2 1 2 2 2 1 2 2 2 2 1 2 2 2 2 2 2 2 2 2 2 2 2 2 2 2 2 2 2 1
geno chr19.8288542 yri  2 2 2 1 2 0 2 1 2 2 2 2 1 2 1 2 2 1 2 2 2 2 2 2 1 1 1 2 0 2 2 2 2 0 1 2 1 2 2 2 2 1 2 2 1 2 1 0 2 2 0 2 2 2 2 2 2 2 2 2 1 2 2 2 2 2 1 2 2 2 2 1 2 2 1 2 1
geno chr19.8288543 ceu  0 0 0 0 0 0 0 0 0 0 0 0 0 1 0 0 1 0 0 0 0 0 0 0 0 0 0 0 0 1 0 1 0 1 0 0 0 0 0 0 0 0 0 0 1 0 0 1 0 0 1 0 0 0 0 0 0 0 0 0 0 0 0 1 0 0 0 0 1 0 0 0 0 1 0 0 0 0
geno chr19.8288543 fin  0 0 0 0 0 0 0 0 0 0 0 0 0 0 0 0 0 0 0 0 0 0 0 0 0 0 0 0 0 0 0 0 0 0 0 0 0 0 0 0 0 0 0 0 1 0 0 0 0 0 1 0 0 0 0 0 0 0 0 0 0 0 0 0 0 0 0 0 0 0 0 0 0 0 0 0 0 0 0 0 0 0 0 0 0 0 0 0 0
geno chr19.8288543 gbr  0 1 0 0 0 0 0 0 0 0 0 0 0 0 0 0 1 0 0 0 0 0 0 0 0 0 0 0 0 0 0 0 0 0 0 0 0 0 0 0 0 0 0 0 0 0 0 0 0 0 0 0 0 0 0 0 0 0 0 0 0 0 0 0 0 0 1 0 1 0 0 0 0 0 0 0 1 0 0 0 0 0 0 0
geno chr19.8288543 tsi  0 0 0 0 0 0 0 0 0 1 1 0 0 0 0 0 1 0 0 0 0 0 0 0 1 0 0 0 0 0 0 0 0 0 0 0 0 0 0 0 0 0 0 0 0 0 0 0 0 0 0 0 0 0 0 0 0 0 0 0 0 1 0 0 1 0 0 0 0 0 1 0 0 1 0 0 0 0 0 0 0 0 0 0 0 0 0 0 0 0 0 0
geno chr19.8288543 yri  0 0 0 0 0 0 0 0 0 0 0 0 0 0 0 0 0 0 0 0 0 0 0 0 0 0 0 0 0 0 0 0 0 0 0 0 0 0 0 0 0 0 0 0 0 0 0 0 0 0 0 0 0 0 0 0 0 0 0 0 0 0 0 0 0 0 0 0 0 0 0 0 0 0 0 0 0
geno chr19.8288757 ceu  2 1 2 2 0 2 2 2 2 1 2 1 2 1 1 1 2 2 1 2 1 2 2 2 1 0 2 2 2 2 1 2 1 2 1 1 2 1 2 2 2 2 1 2 1 1 1 1 1 1 2 2 2 1 2 1 2 2 1 2 2 2 2 1 2 2 2 1 2 2 2 1 0 2 2 2 1 2
geno chr19.8288757 fin  1 1 1 1 1 1 2 1 1 1 2 2 1 0 1 0 2 2 1 2 2 2 2 2 2 1 1 2 0 1 1 2 0 0 1 1 0 1 1 2 1 1 2 1 2 1 2 2 2 2 2 2 2 0 1 2 1 2 1 0 2 2 1 1 2 1 0 1 1 2 2 2 2 1 1 2 2 1 2 2 1 2 2 2 0 2 1 1 2
geno chr19.8288757 gbr  1 2 2 1 1 1 2 2 2 2 1 2 2 0 2 2 2 1 1 2 1 2 2 1 0 2 2 1 1 2 1 2 2 2 2 1 1 1 1 1 2 1 2 1 2 1 2 2 1 1 2 2 2 2 2 2 2 1 2 2 0 1 2 1 1 1 2 0 2 1 2 2 1 2 2 2 1 1 2 1 2 2 2 1
geno chr19.8288757 tsi  2 2 2 2 2 2 1 2 1 2 1 1 1 2 1 1 2 2 2 1 2 2 1 2 1 2 0 2 1 2 2 2 1 1 2 1 1 1 2 1 2 2 2 2 1 1 2 2 2 2 2 2 2 2 2 1 2 1 1 1 1 1 2 1 2 2 2 1 2 2 2 2 1 2 2 2 2 2 2 2 2 2 2 2 2 2 2 2 2 2 2 1
geno chr19.8288757 yri  2 2 2 1 2 0 2 1 2 2 2 2 1 2 1 2 2 1 2 2 2 2 2 2 1 1 1 2 0 2 2 2 2 0 1 2 1 2 2 2 2 1 2 2 1 2 1 0 2 2 0 2 2 2 2 2 2 2 2 2 1 2 2 2 2 2 1 2 2 2 2 1 2 2 1 2 1
geno chr19.8289009 ceu  0 1 0 1 0 2 1 2 2 1 1 1 1 1 1 1 1 1 0 1 0 2 1 0 0 0 2 1 1 1 1 1 0 2 0 1 1 0 2 1 0 1 1 0 1 1 1 1 1 0 1 0 1 1 1 1 2 0 0 1 0 1 1 1 0 1 2 1 2 1 2 1 0 2 1 1 1 1
geno chr19.8289009 fin  1 0 0 1 0 0 1 0 1 1 0 1 0 0 1 0 1 1 1 1 2 2 1 1 2 0 1 1 0 0 1 1 0 0 1 1 0 1 0 0 1 0 1 1 2 1 2 0 0 0 1 0 0 0 0 1 1 2 1 0 1 2 0 1 1 0 0 0 0 1 1 1 0 1 1 2 0 0 0 2 1 2 1 2 0 2 0 1 0
geno chr19.8289009 gbr  0 1 0 1 0 0 2 1 0 1 1 0 0 0 2 1 1 1 1 0 0 2 1 0 0 1 1 0 0 1 1 1 1 1 1 0 0 0 1 1 1 1 2 0 1 0 2 2 0 1 1 1 0 0 0 0 0 0 1 2 0 0 0 0 1 1 2 0 2 1 1 1 0 1 1 1 1 1 1 1 1 1 0 0
geno chr19.8289009 tsi  0 0 2 0 2 1 0 1 1 1 1 1 1 1 0 1 1 2 2 1 1 2 0 1 1 1 0 1 1 2 2 0 1 1 0 1 0 0 2 1 1 1 1 1 1 1 1 2 1 1 0 2 1 0 1 1 2 0 1 0 1 1 1 1 1 2 1 1 1 1 2 1 0 2 2 2 1 2 0 1 1 0 2 1 1 2 2 0 0 1 0 1
geno chr19.8289009 yri  1 0 1 0 0 0 0 0 1 1 0 0 0 0 0 0 1 0 1 1 0 2 1 1 0 0 0 2 0 0 1 1 0 0 0 0 0 0 0 2 1 0 0 0 1 1 0 0 0 1 0 0 0 1 1 0 1 0 1 0 0 0 2 0 0 0 0 1 0 0 1 1 0 0 0 1 0
