pheno ENSG00000104321 ceu 1.425402 -0.3666893 1.511752 -0.05436508 -0.2505247 1.422659 -1.611385 1.283927 1.731482 0.9626065 -0.3387254 -0.4166134 1.028983 0.8214863 0.157222 3.537541 -0.3434935 1.810594 0.1347442 -0.420202 0.2413201 0.05360023 -0.3221322 0.2312504 -0.4336598 0.500077 0.8043215 -0.8015829 1.11103 -0.988231 0.7634653 1.195015 -0.3584895 0.08092834 0.3311405 -1.453651 -1.179545 -0.3676674 0.4103499 3.595886 1.159462 0.8178342 2.127079 1.286328 1.760484 1.342095 1.480576 1.420143 0.9419835 0.7797309 -0.3252142 -0.9305287 -1.060039 1.801325 2.191837 1.204948 1.562253 0.5176465 -0.07494228 1.873997 1.667296 -0.1045647 -1.417459 -0.2378142 0.1343911 -0.09470824 2.646287 1.126958 -0.179626 0.2874157 0.3339941 0.2955662 0.6902839 -1.334877 1.026857 2.596878 1.662413 1.021779
pheno ENSG00000104321 fin 3.310926 2.064675 1.666635 3.254916 1.838865 1.463272 1.660173 1.472242 2.048444 1.332169 2.036355 0.3188071 2.260541 2.16463 3.144676 1.517396 2.231512 2.720135 2.280563 0.8215193 3.102711 1.90831 3.149576 1.700588 0.8208116 2.718399 2.266683 2.21406 3.001255 5.344216 2.185367 1.09334 2.525701 4.652507 3.058506 3.270702 3.480862 2.633031 2.992515 2.417055 1.791247 0.4480514 0.1881825 2.151876 2.49248 3.749627 2.553405 3.393154 1.509719 3.01476 3.054114 -0.8621061 1.146775 2.05187 1.198318 3.278538 1.527992 1.952056 1.312895 2.576936 1.032136 2.408954 3.245358 1.079455 3.841346 1.469591 3.363302 2.218124 2.679283 0.9080058 2.791554 1.771424 2.339046 2.316943 3.322717 2.084554 1.395794 1.683876 0.7689266 2.146875 4.078918 -0.1371701 -0.3880813 1.327501 2.031144 1.079043 0.899035 2.204755 3.636452
pheno ENSG00000104321 gbr -1.362281 1.853717 1.049112 1.404315 0.1854101 2.021256 0.2636849 0.4222621 -0.04888119 1.233094 0.3163934 2.109918 0.7852729 1.106318 2.254813 0.2592707 0.696245 0.6417868 0.5357437 0.5968375 -0.5102631 -2.653544 -1.369651 0.9636381 -0.7670187 0.5516697 -1.713879 1.306414 1.400573 -0.7010963 2.052301 0.9500255 0.3691659 0.1394519 1.129373 -0.663783 -1.373202 -0.1139987 -0.1629937 -0.1707542 0.9460893 1.224355 0.3820532 -0.5263191 -0.03389588 2.743173 -0.2735597 4.340799 -0.6832085 3.137099 2.024279 2.605705 0.8750541 1.929684 0.7122227 1.640498 0.675335 -0.0655133 1.880098 0.2089819 -0.8965163 0.8482102 -1.68346 1.05533 -0.5008499 0.2760462 1.309416 0.3925597 -0.09645733 0.06216548 1.219874 -0.2738203 -0.1644814 1.60115 4.457417 -0.6439497 0.7452553 0.4128382 -0.8447016 1.543336 -0.6231499 0.7157438 0.3544455 1.989541
pheno ENSG00000104321 tsi 2.464013 2.597918 2.686124 0.934823 1.996285 2.585175 4.060908 -1.079691 1.671285 2.335231 2.90692 0.3614543 0.9340395 1.784467 2.245121 1.320927 1.309698 2.667588 2.072982 3.679987 2.745282 0.4066888 2.342562 0.210264 2.961051 2.552321 1.876176 2.03421 0.9096459 1.985939 3.806246 2.614529 0.8019249 0.7407192 1.051662 1.598308 2.096254 2.601994 0.9866345 3.706775 2.393085 0.8704449 0.5773235 0.1383554 2.216976 0.6230443 3.695353 3.904489 0.7643543 1.921627 1.408764 2.136164 2.391762 3.307335 3.338061 2.282577 1.294748 0.9347403 1.94867 1.677277 2.455946 1.958081 3.223601 1.205878 2.288991 1.94652 1.315748 2.914632 3.949592 1.154123 2.666039 1.51933 2.219267 2.171548 1.392358 -0.682483 -0.1670284 0.8186752 -0.5669655 2.443435 1.297772 4.18569 1.0213 -0.1345892 0.1838106 2.398625 0.7888505 3.084845 1.883585 1.678883 2.652299 4.032872
pheno ENSG00000104321 yri 0.336122 -0.142831 -1.298003 3.070187 -0.5060666 1.965316 1.938616 0.744179 -1.496181 -0.02703747 1.338 -0.2472252 0.1360561 2.299118 -1.491002 0.136816 1.088758 -0.3628506 -0.601833 -0.4458925 -1.503412 0.8404705 -1.066114 2.410761 -0.4998371 2.256661 0.9751339 1.89581 0.7786074 2.849945 -0.7526064 0.2821232 -1.655894 1.891659 0.3790985 0.8797318 -2.045715 -0.2701252 0.01671103 1.472747 -0.01084238 0.2394109 0.9482377 -0.9920961 -1.179969 0.53545 -2.147378 1.333499 0.6444246 0.8096991 1.06918 0.1369217 -1.030467 -1.857162 -1.083358 1.206196 1.919884 -1.262889 1.028685 -0.390976 0.5605894 0.05257614 -0.3708976 0.571289 2.448819 -0.3608472 1.885245 -0.1372177 1.161594 0.03053477 1.666442 -0.5331061 1.243013 2.237379 0.4882695 0.2459604 1.055727
geno chr8.72888016 ceu  0 0 0 0 0 0 1 1 1 1 1 0 0 1 0 0 0 1 0 1 0 0 0 0 0 0 0 0 0 0 0 1 0 0 0 0 0 0 2 0 0 0 0 1 0 0 0 0 0 0 0 0 0 0 0 0 0 0 0 0 0 0 0 2 0 1 1 0 0 0 0 0 0 0 1 0 1 0
geno chr8.72888016 fin  0 0 0 1 0 1 0 1 0 0 0 1 0 0 0 0 0 0 0 0 0 0 0 0 1 0 0 0 0 0 0 0 0 0 0 1 0 0 0 0 1 0 0 0 0 0 0 0 0 0 0 1 0 0 0 0 1 0 0 1 0 0 0 0 0 0 1 0 0 0 0 0 0 0 0 0 0 0 0 0 0 0 0 0 0 0 0 0 0
geno chr8.72888016 gbr  0 0 0 0 1 1 0 1 0 0 1 0 1 1 0 1 0 0 0 1 1 0 0 0 1 0 2 0 0 1 0 0 0 0 0 0 0 0 0 0 0 0 0 2 1 0 0 0 0 0 0 0 0 0 0 0 0 0 0 0 0 0 0 0 0 0 0 0 0 0 0 0 0 1 0 0 0 0 0 1 0 0 0 0
geno chr8.72888016 tsi  0 0 1 0 0 0 0 1 0 0 1 0 0 0 2 0 0 1 0 0 0 0 1 0 0 1 0 0 1 0 0 0 0 0 0 0 0 0 1 0 0 0 0 0 0 1 0 0 0 0 0 0 0 0 0 0 1 0 0 1 0 0 0 0 0 0 0 0 0 1 0 0 0 0 0 1 1 0 0 1 1 1 0 0 1 0 1 0 1 0 1 0
geno chr8.72888016 yri  0 0 0 0 0 0 0 0 0 0 0 0 0 0 0 0 0 0 0 0 0 0 0 0 0 0 0 0 0 0 0 0 0 0 0 0 0 0 0 0 0 0 0 0 0 0 0 0 0 0 0 0 0 0 0 0 0 0 1 0 0 0 0 0 0 0 0 0 0 0 0 0 0 0 0 0 0
geno chr8.72888027 ceu  0 0 0 0 0 0 1 1 1 1 1 0 0 1 0 0 0 1 0 1 0 0 0 0 0 0 0 0 0 0 0 1 0 0 0 0 0 0 2 0 0 0 0 1 0 0 0 0 0 0 0 0 0 0 0 0 0 0 0 0 0 0 0 2 0 1 1 0 0 0 0 0 0 0 1 0 1 0
geno chr8.72888027 fin  0 0 0 1 0 1 0 1 0 0 0 1 0 0 0 0 0 0 0 0 0 0 0 0 1 0 0 0 0 0 0 0 0 0 0 1 0 0 0 0 1 0 0 0 0 0 0 0 0 0 0 1 0 0 0 0 1 0 0 1 0 0 0 0 0 0 1 0 0 0 0 0 0 0 0 0 0 0 0 0 0 0 0 0 0 0 0 0 0
geno chr8.72888027 gbr  0 0 0 0 1 1 0 1 0 0 1 0 1 1 0 1 0 0 0 1 1 0 0 0 1 0 2 0 0 1 0 0 0 0 0 0 0 0 0 0 0 0 0 2 1 0 0 0 0 0 0 0 0 0 0 0 0 0 0 0 0 0 0 0 0 0 0 0 0 0 0 0 0 1 0 0 0 0 0 1 0 0 0 0
geno chr8.72888027 tsi  0 0 1 0 0 0 0 1 0 0 1 0 0 0 2 0 0 1 0 0 0 0 1 0 0 1 0 0 1 0 0 0 0 0 0 0 0 0 1 0 0 0 0 0 0 1 0 0 0 0 0 0 0 0 0 0 1 0 0 1 0 0 0 0 0 0 0 0 0 1 0 0 0 0 0 1 1 0 0 1 1 1 0 0 1 0 1 0 1 0 1 0
geno chr8.72888027 yri  0 0 0 0 0 0 0 0 0 0 0 0 0 0 0 0 0 0 0 0 0 0 0 0 0 0 0 0 0 0 0 0 0 0 0 0 0 0 0 0 0 0 0 0 0 0 0 0 0 0 0 0 0 0 0 0 0 0 1 0 0 0 0 0 0 0 0 0 0 0 0 0 0 0 0 0 0
geno chr8.72888415 ceu  0 0 0 0 0 0 1 1 1 1 1 0 0 1 0 0 0 1 0 1 0 0 0 0 0 0 0 0 0 0 0 1 0 0 0 0 0 0 2 0 0 0 0 1 0 0 0 0 0 0 0 0 0 0 0 0 0 0 0 0 0 0 0 2 0 1 1 0 0 0 0 0 0 0 1 0 1 0
geno chr8.72888415 fin  0 0 0 1 0 1 0 1 0 0 0 1 0 0 0 0 0 0 0 0 0 0 0 0 1 0 0 0 0 0 0 0 0 0 0 1 0 0 0 0 1 0 0 0 0 0 0 0 0 0 0 1 0 0 0 0 1 0 0 1 0 0 0 0 0 0 1 0 0 0 0 0 0 0 0 0 0 0 0 0 0 0 0 0 0 0 0 0 0
geno chr8.72888415 gbr  0 0 0 0 1 1 0 1 0 0 1 0 1 1 0 1 0 0 0 1 1 0 0 0 1 0 2 0 0 1 0 0 0 0 0 0 0 0 0 0 0 0 0 2 1 0 0 0 0 0 0 0 0 0 0 0 0 0 0 0 0 0 0 0 0 0 0 0 0 0 0 0 0 1 0 0 0 0 0 1 0 0 0 0
geno chr8.72888415 tsi  0 0 1 0 0 0 0 1 0 0 1 0 0 0 2 0 0 1 0 0 0 0 1 0 0 1 0 0 1 0 0 0 0 0 0 0 0 0 1 0 0 0 0 0 0 1 0 0 0 0 0 0 0 0 0 0 1 0 0 1 0 0 0 0 0 0 0 0 0 1 0 0 0 0 0 1 1 0 0 1 1 1 0 0 1 0 1 0 1 0 1 0
geno chr8.72888415 yri  0 0 0 0 0 0 0 0 0 0 0 0 0 0 0 0 0 0 0 0 0 0 0 0 0 0 0 0 0 0 0 0 0 0 0 0 0 0 0 0 0 0 0 0 0 0 0 0 0 0 0 0 0 0 0 0 0 0 1 0 0 0 0 0 0 0 0 0 0 0 0 0 0 0 0 0 0
geno chr8.72888845 ceu  1 0 1 0 1 1 0 1 0 1 0 0 1 1 0 2 0 1 1 0 0 0 2 0 0 1 1 1 1 0 1 1 0 0 1 0 0 1 0 2 2 0 1 0 1 1 0 2 0 0 0 0 0 0 2 1 0 1 0 2 1 1 1 0 0 0 0 0 1 0 1 2 1 0 0 1 0 1
geno chr8.72888845 fin  1 1 0 0 0 1 1 0 1 0 1 1 1 1 1 1 1 1 1 2 1 1 1 1 1 1 1 1 2 1 0 2 0 1 2 0 1 1 1 1 0 0 0 0 1 1 1 2 0 0 0 1 1 1 0 0 1 2 1 0 0 0 1 0 2 0 1 0 0 0 1 1 1 1 1 0 2 0 0 0 1 0 0 0 2 0 1 0 1
geno chr8.72888845 gbr  0 1 0 1 1 1 0 0 0 0 1 1 1 0 0 0 0 0 0 0 0 0 0 0 0 2 0 1 0 0 1 0 1 1 0 0 0 1 1 1 1 0 0 0 1 2 0 2 0 0 1 2 1 1 1 0 1 0 0 0 1 1 0 1 1 0 0 0 1 1 1 0 0 0 1 0 0 1 0 0 0 1 0 0
geno chr8.72888845 tsi  0 1 1 1 0 1 1 0 0 0 0 1 0 0 0 0 1 0 0 2 1 0 0 0 0 0 0 1 0 0 2 1 0 0 2 1 0 2 1 0 0 0 0 0 2 0 1 1 0 1 1 0 1 0 1 1 0 0 2 1 0 0 1 0 0 0 1 1 1 0 1 1 1 0 0 0 1 0 1 1 0 1 1 0 0 1 0 1 0 1 1 0
geno chr8.72888845 yri  1 0 0 1 0 0 0 0 0 0 0 0 0 0 0 0 0 0 0 0 0 0 0 0 0 0 0 0 0 0 0 0 0 0 0 0 0 0 0 0 1 0 0 0 0 1 0 0 0 0 0 0 0 0 0 0 0 0 0 0 0 0 0 0 0 0 0 0 0 0 1 0 0 0 0 0 0
geno chr8.72888965 ceu  1 0 1 1 1 2 0 1 0 1 0 0 1 1 0 2 1 1 1 0 1 0 2 1 0 1 2 1 2 1 1 1 0 1 1 0 1 1 0 2 2 0 1 1 1 1 1 2 1 1 0 0 0 1 2 1 0 1 0 2 1 1 1 0 0 0 1 1 1 1 1 2 1 0 1 1 1 1
geno chr8.72888965 fin  1 1 0 0 1 1 1 0 1 0 1 1 1 1 2 1 1 1 1 2 1 1 1 1 1 1 1 1 2 2 1 2 0 2 2 1 1 2 1 1 0 1 0 1 2 1 1 2 0 1 0 1 1 1 0 1 1 2 1 1 0 1 2 0 2 0 1 0 0 0 1 1 1 1 1 0 2 0 0 0 2 0 0 1 2 1 1 0 1
geno chr8.72888965 gbr  0 1 0 1 1 1 0 0 1 1 1 1 1 0 0 0 0 1 0 0 0 0 0 0 1 2 0 1 1 0 1 0 1 1 1 0 0 1 1 1 1 0 0 0 1 2 1 2 0 0 1 2 1 1 2 0 1 1 1 0 1 1 0 1 0 0 0 0 1 1 1 0 1 1 1 0 0 1 0 0 0 1 1 2
geno chr8.72888965 tsi  1 1 1 1 0 2 2 0 1 0 1 1 0 0 0 0 1 0 0 2 1 0 1 0 2 1 0 1 0 0 2 2 1 0 2 2 1 2 1 2 0 0 0 1 2 0 1 2 0 1 1 2 1 1 1 1 0 0 2 1 1 1 2 0 0 1 1 1 2 0 1 1 1 1 0 0 0 1 1 1 0 1 1 0 0 2 1 1 0 1 1 0
geno chr8.72888965 yri  1 0 0 1 0 0 1 1 0 0 0 1 0 0 0 0 0 0 0 1 0 0 0 0 0 0 0 0 0 0 0 0 0 0 0 0 0 0 0 1 1 0 0 0 0 1 0 0 0 0 0 0 0 0 0 0 0 0 0 1 0 0 0 0 0 1 1 0 0 0 1 0 0 0 1 1 0
geno chr8.72889636 ceu  0 0 0 1 0 1 0 0 0 0 0 0 0 0 0 0 1 0 0 0 1 0 0 1 0 0 1 0 1 1 0 0 0 1 0 0 1 0 0 0 0 0 0 1 0 0 1 0 1 1 0 0 0 1 0 0 0 0 0 0 0 0 0 0 0 0 1 1 0 1 0 0 0 0 1 0 1 0
geno chr8.72889636 fin  0 0 0 0 1 0 0 0 0 0 0 0 0 0 1 0 0 0 0 0 0 0 0 0 0 0 0 0 0 1 1 0 0 1 0 1 0 1 0 0 0 1 0 1 1 0 0 0 0 1 0 0 0 0 0 1 0 0 0 1 0 1 1 0 0 0 0 0 0 0 0 0 0 0 0 0 0 0 0 0 1 0 0 1 0 1 0 0 0
geno chr8.72889636 gbr  0 0 0 0 0 0 0 0 1 1 0 0 0 0 0 0 0 1 0 0 0 0 0 0 1 0 0 0 1 0 0 0 0 0 1 0 0 0 0 0 0 0 0 0 0 0 1 0 0 0 0 0 0 0 1 0 0 1 1 0 0 0 0 0 0 0 0 0 0 0 0 0 1 1 0 0 0 0 0 0 0 0 1 2
geno chr8.72889636 tsi  1 0 0 0 0 1 1 0 1 0 1 0 0 0 0 0 0 0 0 0 0 0 1 0 2 1 0 0 0 0 0 1 1 0 0 1 1 0 0 2 0 0 0 1 0 0 0 1 0 0 0 2 0 1 0 0 0 0 0 0 1 1 1 0 0 1 0 0 1 0 0 0 0 1 0 0 0 1 0 0 0 0 0 0 0 1 1 0 0 0 0 0
geno chr8.72889636 yri  0 0 0 0 0 0 1 1 0 0 0 1 0 0 0 0 0 0 0 0 0 0 0 0 0 0 0 0 0 0 0 0 0 0 0 0 0 0 0 0 0 0 0 0 0 0 0 0 0 0 0 0 0 0 0 0 0 0 0 1 0 0 0 0 0 1 1 0 0 0 0 0 0 0 1 1 0
geno chr8.72890003 ceu  0 0 0 0 0 0 1 1 1 1 1 0 0 1 0 0 0 1 0 1 0 0 0 0 0 0 0 0 0 0 0 1 0 0 0 0 0 0 2 0 0 0 0 1 0 0 0 0 0 0 0 0 0 0 0 0 0 0 0 0 0 0 0 2 0 1 1 0 0 0 0 0 0 0 1 0 1 0
geno chr8.72890003 fin  0 0 0 1 0 1 0 1 0 0 0 1 0 0 0 0 0 0 0 0 0 0 0 0 1 0 0 0 0 0 0 0 0 0 0 1 0 0 0 0 1 0 0 0 0 0 0 0 0 0 0 1 0 0 0 0 1 0 0 1 0 0 0 0 0 0 1 0 0 0 0 0 0 0 0 0 0 0 0 0 0 0 0 0 0 0 0 0 0
geno chr8.72890003 gbr  0 0 0 0 1 1 0 1 0 0 1 0 1 1 0 1 0 0 0 1 1 0 0 0 1 0 2 0 0 1 0 0 0 0 0 0 0 0 0 0 0 0 0 2 1 0 0 0 0 0 0 0 0 0 0 0 0 0 0 0 0 0 0 0 0 0 0 0 0 0 0 0 0 1 0 0 0 0 0 1 0 0 0 0
geno chr8.72890003 tsi  0 0 1 0 0 0 0 1 0 0 1 0 0 0 2 0 0 1 0 0 0 0 1 0 0 1 0 0 1 0 0 0 0 0 0 0 0 0 1 0 0 0 0 0 0 1 0 0 0 0 0 0 0 0 0 0 1 0 0 1 0 0 0 0 0 0 0 0 0 1 0 0 0 0 0 1 1 0 0 1 1 1 0 0 1 0 1 0 1 0 1 0
geno chr8.72890003 yri  0 0 0 0 0 0 0 0 0 0 0 0 0 0 0 0 0 0 0 0 0 0 0 0 0 0 0 0 0 0 0 0 0 0 0 0 0 0 0 0 0 0 0 0 0 0 0 0 0 0 0 0 0 0 0 0 0 0 1 0 0 0 0 0 0 0 0 0 0 0 0 0 0 0 0 0 0
geno chr8.72890067 ceu  0 0 0 0 0 0 0 0 0 0 0 1 1 0 1 0 0 0 0 0 0 0 0 1 0 0 0 0 0 0 1 0 0 0 0 0 0 0 0 0 0 1 0 0 0 0 0 0 0 0 1 0 0 0 0 0 2 0 0 0 0 1 0 0 1 0 0 0 0 0 0 0 0 0 0 1 0 0
geno chr8.72890067 fin  1 0 1 0 0 0 0 0 1 0 0 0 0 0 0 0 0 1 0 0 0 0 1 0 0 0 0 0 0 0 0 0 1 0 0 0 0 0 0 1 0 1 0 0 0 1 1 0 0 0 0 0 0 0 1 0 0 0 0 0 0 0 0 0 0 0 0 0 0 0 1 0 0 0 0 0 0 0 0 0 0 0 0 0 0 0 0 0 0
geno chr8.72890067 gbr  0 0 0 0 0 0 1 0 0 0 0 0 0 1 0 0 0 0 1 0 0 0 0 0 0 0 0 0 1 0 0 0 0 0 0 2 0 1 0 0 0 0 0 0 0 0 0 0 0 0 0 0 0 0 0 1 0 1 0 1 0 0 0 0 0 1 0 0 0 0 0 0 1 0 0 0 0 1 0 0 1 0 0 0
geno chr8.72890067 tsi  0 0 0 0 0 0 0 0 0 0 0 0 1 0 0 0 0 0 1 0 0 1 0 0 0 0 0 0 0 1 0 0 0 1 0 0 0 0 0 0 2 1 0 0 0 0 0 0 1 1 0 0 0 1 1 1 0 0 0 0 0 0 0 0 0 0 0 0 0 0 1 0 1 0 0 0 0 0 1 0 1 0 1 0 0 0 0 0 0 0 0 2
geno chr8.72890067 yri  0 2 0 0 0 0 0 0 0 1 1 0 0 1 2 0 0 2 1 0 0 0 0 1 0 1 0 0 1 1 0 1 1 0 1 1 0 1 0 1 0 1 0 0 0 0 1 0 0 0 0 2 0 0 2 0 1 0 0 0 0 1 0 1 0 0 0 1 1 0 0 1 0 0 1 0 0
geno chr8.72890275 ceu  1 0 0 0 0 0 0 0 0 0 0 0 0 0 0 0 0 0 0 0 0 0 0 0 0 0 0 0 0 0 0 0 0 0 0 0 0 0 0 0 0 0 0 0 0 0 0 0 0 0 0 0 0 0 0 0 0 0 0 0 0 0 0 0 0 0 0 0 0 0 0 0 0 0 0 0 0 0
geno chr8.72890275 fin  0 0 0 0 0 0 0 0 0 0 0 0 0 0 0 0 0 0 0 0 0 0 0 0 0 0 0 0 0 0 0 0 0 0 0 0 0 0 0 0 0 0 0 0 0 0 0 0 0 0 0 0 0 0 0 0 0 0 0 0 0 0 0 0 0 0 0 0 0 0 0 0 0 0 0 0 0 0 0 0 0 0 0 0 0 0 0 0 0
geno chr8.72890275 gbr  0 0 0 0 0 0 0 0 0 0 0 0 0 0 0 0 0 0 0 0 0 0 0 0 0 0 0 0 0 0 0 0 0 0 0 0 0 0 0 0 0 0 0 0 0 0 0 0 0 0 0 0 0 0 0 0 0 0 0 0 0 0 0 0 0 0 0 0 0 0 0 0 0 0 0 0 0 0 0 0 0 0 0 0
geno chr8.72890275 tsi  0 0 0 0 0 0 0 0 0 0 0 0 0 0 0 0 0 0 0 0 0 0 0 0 0 0 0 0 0 0 0 0 0 0 0 0 0 0 0 0 0 0 0 0 0 0 0 0 0 0 0 0 0 0 0 0 0 0 0 0 0 0 0 0 0 0 0 0 0 0 0 0 0 0 0 0 0 0 0 0 0 0 0 0 0 0 0 0 0 0 0 0
geno chr8.72890275 yri  0 0 1 1 0 0 0 0 1 1 1 0 0 0 0 1 0 0 0 0 0 0 2 0 1 0 0 0 0 0 2 1 1 0 0 0 1 0 0 0 1 0 0 1 0 0 1 1 0 1 0 0 1 1 0 1 0 0 0 1 1 0 0 0 1 0 0 0 0 0 0 0 1 0 0 1 0
geno chr8.72890308 ceu  1 0 0 0 0 0 0 0 0 0 0 0 0 0 0 0 0 0 0 0 0 0 0 0 0 0 0 0 0 0 0 0 0 0 0 0 0 0 0 0 0 0 0 0 0 0 0 0 0 0 0 0 0 0 0 0 0 0 0 0 0 0 0 0 0 0 0 0 0 0 0 0 0 0 0 0 0 0
geno chr8.72890308 fin  0 0 0 0 0 0 0 0 0 0 0 0 0 0 0 0 0 0 0 0 0 0 0 0 0 0 0 0 0 0 0 0 0 0 0 0 0 0 0 0 0 0 0 0 0 0 0 0 0 0 0 0 0 0 0 0 0 0 0 0 0 0 0 0 0 0 0 0 0 0 0 0 0 0 0 0 0 0 0 0 0 0 0 0 0 0 0 0 0
geno chr8.72890308 gbr  0 0 0 0 0 0 0 0 0 0 0 0 0 0 0 0 0 0 0 0 0 0 0 0 0 0 0 0 0 0 0 0 0 0 0 0 0 0 0 0 0 0 0 0 0 0 0 0 0 0 0 0 0 0 0 0 0 0 0 0 0 0 0 0 0 0 0 0 0 0 0 0 0 0 0 0 0 0 0 0 0 0 0 0
geno chr8.72890308 tsi  0 0 0 0 0 0 0 0 0 0 0 0 0 0 0 0 0 0 0 0 0 0 0 0 0 0 0 0 0 0 0 0 0 0 0 0 0 0 0 0 0 0 0 0 0 0 0 0 0 0 0 0 0 0 0 0 0 0 0 0 0 0 0 0 0 0 0 0 0 0 0 0 0 0 0 0 0 0 0 0 0 0 0 0 0 0 0 0 0 0 0 0
geno chr8.72890308 yri  0 0 1 1 0 0 0 0 1 1 1 0 0 0 0 1 0 0 0 0 0 0 2 0 1 0 0 0 0 0 2 1 1 0 0 0 1 0 0 0 1 0 0 1 0 0 1 1 0 1 0 0 1 1 0 1 0 0 0 1 1 0 0 0 1 0 0 0 0 0 0 0 1 0 0 1 0
geno chr8.72890581 ceu  1 0 0 0 0 0 0 0 0 0 0 0 0 0 0 0 0 0 0 0 0 0 0 0 0 0 0 0 0 0 0 0 0 0 0 0 0 0 0 0 0 0 0 0 0 0 0 0 0 0 0 0 0 0 0 0 0 0 0 0 0 0 0 0 0 0 0 0 0 0 0 0 0 0 0 0 0 0
geno chr8.72890581 fin  0 0 0 0 0 0 0 0 0 0 0 0 0 0 0 0 0 0 0 0 0 0 0 0 0 0 0 0 0 0 0 0 0 0 0 0 0 0 0 0 0 0 0 0 0 0 0 0 0 0 0 0 0 0 0 0 0 0 0 0 0 0 0 0 0 0 0 0 0 0 0 0 0 0 0 0 0 0 0 0 0 0 0 0 0 0 0 0 0
geno chr8.72890581 gbr  0 0 0 0 0 0 0 0 0 0 0 0 0 0 0 0 0 0 0 0 0 0 0 0 0 0 0 0 0 0 0 0 0 0 0 0 0 0 0 0 0 0 0 0 0 0 0 0 0 0 0 0 0 0 0 0 0 0 0 0 0 0 0 0 0 0 0 0 0 0 0 0 0 0 0 0 0 0 0 0 0 0 0 0
geno chr8.72890581 tsi  0 0 0 0 0 0 0 0 0 0 0 0 0 0 0 0 0 0 0 0 0 0 0 0 0 0 0 0 0 0 0 0 0 0 0 0 0 0 0 0 0 0 0 0 0 0 0 0 0 0 0 0 0 0 0 0 0 0 0 0 0 0 0 0 0 0 0 0 0 0 0 0 0 0 0 0 0 0 0 0 0 0 0 0 0 0 0 0 0 0 0 0
geno chr8.72890581 yri  0 0 1 1 0 0 0 0 1 1 1 0 0 0 0 1 0 0 0 0 0 0 1 0 1 0 0 0 0 0 2 1 1 0 0 0 1 0 0 0 0 0 0 1 0 0 1 1 0 1 0 0 1 1 0 1 0 0 0 1 1 0 0 0 1 0 0 0 0 0 0 0 1 0 0 1 0
geno chr8.72890597 ceu  0 0 1 0 0 0 1 0 0 0 1 1 0 0 0 0 1 0 1 1 0 0 0 0 1 0 0 0 0 1 0 0 1 1 1 1 1 1 0 0 0 1 1 0 0 0 0 0 1 0 1 0 2 1 0 1 0 0 0 0 1 0 1 0 1 0 0 0 0 1 1 0 1 2 0 0 0 0
geno chr8.72890597 fin  0 1 0 1 0 0 1 1 0 1 1 0 1 0 0 1 0 0 1 0 0 1 0 1 1 0 1 1 0 0 0 0 0 0 0 0 1 0 1 0 0 0 2 1 0 0 0 0 1 1 0 1 1 0 1 1 0 0 1 0 1 1 0 0 0 1 0 1 1 1 0 1 1 1 1 1 0 2 2 1 0 2 2 0 0 1 1 0 0
geno chr8.72890597 gbr  2 0 1 0 0 0 0 1 0 0 0 1 0 0 0 0 0 0 0 1 0 1 1 1 0 0 0 0 0 0 1 0 0 0 0 0 0 0 0 1 0 0 2 0 0 0 0 0 2 1 0 0 1 0 0 1 0 0 0 0 1 1 2 1 1 0 1 2 1 1 1 0 0 0 0 1 1 0 1 0 0 0 0 0
geno chr8.72890597 tsi  1 1 0 0 0 0 0 0 0 0 0 1 0 1 0 1 0 0 0 0 1 1 0 0 0 0 0 1 0 1 0 0 1 0 0 0 1 0 0 0 0 1 0 1 0 0 0 0 0 0 1 0 1 0 0 0 0 0 0 0 1 1 0 1 1 1 0 0 0 0 0 0 0 1 1 0 1 0 0 0 0 0 0 1 1 0 0 0 0 0 0 0
geno chr8.72890597 yri  1 0 0 0 0 0 1 0 0 0 0 0 0 0 0 0 1 0 1 0 1 0 0 1 0 0 0 0 0 0 0 0 0 0 1 0 0 2 0 0 0 1 1 0 0 0 0 0 1 0 0 0 0 0 0 0 0 0 0 0 0 0 1 0 1 1 0 0 0 0 0 0 0 1 0 0 0
geno chr8.72890601 ceu  0 2 0 1 1 0 0 0 1 0 0 0 0 0 1 0 0 0 0 0 1 1 0 0 1 1 0 1 0 0 0 0 1 0 0 0 0 0 0 0 0 0 0 0 1 1 1 0 0 0 0 2 0 0 0 0 0 1 2 0 0 0 0 0 0 1 0 1 1 0 0 0 0 0 0 0 0 0
geno chr8.72890601 fin  0 0 1 0 1 0 0 0 0 1 0 0 0 0 0 0 0 0 0 0 1 0 0 0 0 1 0 0 0 0 1 0 0 0 0 0 0 0 0 0 1 0 0 0 0 0 0 0 1 0 2 0 0 0 0 0 0 0 0 0 0 0 0 1 0 1 0 1 1 1 0 0 0 0 0 0 0 0 0 0 0 0 0 1 0 0 0 2 1
geno chr8.72890601 gbr  0 1 0 1 1 0 1 0 1 0 0 0 0 0 1 1 2 1 1 0 1 1 1 1 0 0 0 1 0 1 0 2 1 1 0 0 2 0 1 0 1 2 0 0 0 0 0 0 0 1 1 0 0 1 0 0 1 0 1 1 0 0 0 0 1 0 1 0 0 0 0 1 0 0 1 1 1 0 1 1 1 0 0 0
geno chr8.72890601 tsi  0 0 0 1 2 0 0 1 1 1 0 0 1 1 0 1 1 1 1 0 0 0 0 0 0 0 2 0 1 0 0 0 0 1 0 0 0 0 0 0 0 0 2 0 0 1 1 1 1 0 0 0 0 0 0 0 0 2 0 0 0 0 0 1 1 0 0 1 0 1 0 1 0 0 1 0 0 1 0 0 0 0 0 1 0 0 0 1 1 1 0 0
geno chr8.72890601 yri  0 0 0 0 1 0 0 1 1 0 0 0 0 0 0 0 0 0 0 1 0 1 0 0 0 1 1 0 0 0 0 0 0 0 0 0 1 0 1 1 0 0 1 0 0 0 0 0 0 0 1 0 0 0 0 0 0 0 0 0 0 0 0 0 0 0 0 0 0 0 0 0 0 1 0 0 0
geno chr8.72890680 ceu  0 0 0 1 0 1 0 0 0 0 0 0 0 0 0 0 1 0 0 0 1 0 0 1 0 0 1 0 1 1 0 0 0 1 0 0 1 0 0 0 0 0 0 1 0 0 1 0 1 1 0 0 0 1 0 0 0 0 0 0 0 0 0 0 0 0 1 1 0 1 0 0 0 0 1 0 1 1
geno chr8.72890680 fin  0 0 0 0 1 0 0 0 0 0 0 0 0 0 1 0 0 0 0 0 0 0 0 0 0 0 0 0 0 1 1 0 0 1 0 1 0 1 0 0 0 1 0 1 1 0 0 0 0 1 0 0 0 0 0 1 0 0 0 1 0 1 1 0 0 0 0 0 0 0 0 0 0 0 0 0 0 0 0 0 1 0 0 1 0 1 0 0 0
geno chr8.72890680 gbr  0 0 0 0 0 0 0 0 1 1 0 0 0 0 0 0 0 1 0 0 0 0 0 0 1 0 0 0 1 0 0 0 0 0 1 0 0 0 0 0 0 0 0 0 0 0 0 0 0 0 0 0 0 0 1 0 0 1 1 0 0 0 0 0 0 0 0 0 0 0 0 1 1 1 0 0 0 0 0 0 0 0 1 2
geno chr8.72890680 tsi  1 0 0 0 0 1 1 0 1 0 1 0 0 0 0 0 0 0 0 0 0 0 1 0 2 1 0 0 0 0 0 1 1 0 0 1 1 0 0 2 0 0 0 1 0 0 0 0 0 0 0 2 0 1 0 0 0 0 0 0 1 1 1 0 0 1 0 0 1 0 0 0 0 1 0 0 0 1 0 0 0 0 0 0 0 1 1 0 0 0 0 0
geno chr8.72890680 yri  0 0 0 0 0 1 0 0 0 0 0 1 0 0 0 0 1 0 1 0 0 0 0 1 0 0 0 0 0 0 0 0 0 0 0 0 0 0 0 0 0 0 1 0 0 0 0 0 0 0 0 0 0 1 0 0 0 1 0 1 0 0 0 0 1 1 1 0 0 0 0 0 0 0 1 1 0
geno chr8.72890941 ceu  1 0 2 1 1 2 2 2 1 2 2 2 2 2 1 2 2 2 2 2 1 0 2 2 1 1 2 1 2 2 2 2 1 2 2 1 2 2 2 2 1 2 2 2 1 0 1 2 2 1 2 0 2 2 2 2 2 1 0 2 2 2 2 2 2 1 2 1 1 2 2 2 2 2 2 2 2 2
geno chr8.72890941 fin  2 2 2 2 1 2 2 2 2 1 2 2 2 2 2 2 2 2 2 2 1 2 2 2 2 1 2 2 2 2 1 2 1 2 2 2 2 2 2 2 1 2 2 2 2 2 2 2 1 2 0 2 2 1 2 2 2 2 2 2 1 2 2 1 2 1 2 1 1 1 2 2 2 2 2 1 2 2 2 1 2 2 2 1 2 2 2 0 1
geno chr8.72890941 gbr  2 1 1 1 1 2 1 2 1 1 2 2 2 2 0 1 0 1 1 2 1 1 1 1 2 2 2 1 2 1 2 0 1 1 1 2 0 2 1 2 1 0 2 2 2 2 1 2 2 1 1 2 2 1 2 2 1 2 1 1 2 2 2 2 1 1 1 2 2 2 2 1 2 2 1 1 1 2 1 1 1 1 2 2
geno chr8.72890941 tsi  2 2 2 1 0 2 2 1 1 0 2 2 1 2 2 1 1 1 1 2 2 2 2 0 2 2 0 2 1 2 2 2 2 1 2 2 2 2 2 2 2 2 0 2 2 1 1 1 1 2 2 2 2 2 2 2 1 0 2 2 2 2 2 1 1 1 1 2 2 1 2 1 2 2 1 1 2 2 2 2 2 2 2 1 2 2 2 1 1 1 2 2
geno chr8.72890941 yri  2 2 1 0 1 1 2 1 1 1 1 1 1 1 2 1 2 2 2 2 1 0 0 2 0 1 1 1 2 2 0 1 1 1 2 1 0 2 0 2 1 2 1 1 1 2 1 1 2 0 0 2 1 1 2 1 1 2 2 0 1 1 2 1 1 1 1 1 1 0 2 2 1 1 1 1 2
geno chr8.72891132 ceu  0 0 0 0 0 1 1 1 1 1 1 0 0 1 0 0 0 1 0 1 0 0 0 0 0 1 0 0 0 0 0 1 0 0 0 0 0 0 1 0 0 0 0 1 0 0 0 0 0 0 0 0 0 0 1 0 0 0 0 0 0 0 0 2 0 1 1 0 0 0 0 0 0 0 1 0 1 0
geno chr8.72891132 fin  0 0 0 1 0 1 0 1 0 0 0 1 0 1 0 0 0 0 0 1 0 0 0 0 0 0 0 0 0 0 0 0 0 0 0 1 0 0 0 0 1 0 0 0 0 0 0 1 0 0 0 0 0 0 0 0 1 0 0 1 0 0 0 0 0 0 1 0 0 0 0 0 0 0 0 0 0 0 0 0 0 0 0 0 0 0 0 0 0
geno chr8.72891132 gbr  0 1 0 0 1 1 0 1 0 0 1 0 1 1 0 1 0 0 0 1 1 0 0 0 1 0 1 0 0 1 0 0 0 0 0 0 0 0 0 0 0 0 0 2 1 1 0 0 0 0 0 0 0 0 0 0 0 0 0 0 0 0 0 0 0 0 0 0 0 0 0 0 0 1 0 0 0 0 0 1 0 0 0 0
geno chr8.72891132 tsi  0 0 2 0 0 0 0 1 0 0 0 0 0 0 2 0 0 1 0 0 0 0 1 0 0 1 0 0 1 0 0 0 0 0 0 0 0 0 1 0 0 0 0 0 0 1 0 0 0 0 0 0 1 0 0 0 1 0 0 1 0 0 0 0 0 0 0 0 0 1 0 0 0 0 0 1 1 0 0 1 1 1 0 0 1 0 1 0 1 0 1 0
geno chr8.72891132 yri  0 0 0 0 0 0 0 0 0 0 0 0 0 0 0 0 0 0 0 0 0 0 0 0 0 0 0 0 0 0 0 0 0 0 0 0 0 0 0 0 0 0 0 0 0 0 0 0 0 0 0 0 0 0 0 0 0 0 1 0 0 0 0 0 0 0 0 0 0 0 0 0 0 0 0 0 0
geno chr8.72891423 ceu  0 2 1 1 2 1 2 1 2 1 2 2 1 2 2 2 1 1 1 2 2 1 2 1 2 2 1 2 2 1 2 1 2 2 1 1 1 2 2 1 1 2 2 1 2 2 1 2 1 0 2 2 2 1 2 1 2 2 2 1 2 1 1 2 2 2 1 1 1 1 2 2 1 2 1 1 2 1
geno chr8.72891423 fin  2 1 2 2 0 1 2 2 2 2 2 2 2 2 1 2 0 2 2 1 2 2 2 2 2 2 2 2 1 1 1 2 1 1 2 1 2 0 1 2 2 2 2 1 1 1 2 2 2 1 2 2 2 2 2 1 1 2 2 1 1 2 1 1 2 2 1 2 2 2 1 2 1 2 1 1 2 2 2 1 1 2 2 1 1 1 2 2 1
geno chr8.72891423 gbr  2 2 2 1 2 1 2 2 1 0 1 2 2 2 1 2 2 1 2 2 2 2 2 2 1 1 2 2 1 2 2 2 2 2 0 2 2 2 2 2 2 2 2 2 1 1 2 1 2 2 1 1 1 2 0 2 2 1 1 2 2 1 2 1 2 1 2 2 2 2 2 1 1 1 2 2 2 2 2 2 2 0 0 1
geno chr8.72891423 tsi  1 2 2 1 2 1 0 2 1 1 1 2 2 2 2 2 2 1 2 1 1 2 1 1 0 1 2 2 2 2 1 1 2 2 0 1 1 2 1 0 2 2 2 1 2 2 1 1 2 2 2 0 2 1 2 2 2 2 1 2 1 1 1 2 2 1 1 2 1 2 2 2 2 1 2 1 2 1 2 2 2 2 1 2 2 1 1 1 2 2 2 2
geno chr8.72891423 yri  2 2 0 1 2 2 2 2 1 1 1 2 2 1 2 1 2 2 2 2 2 2 0 2 1 2 2 2 2 2 0 1 1 2 2 2 1 2 2 2 2 1 2 1 2 2 1 1 2 1 1 2 1 1 2 1 2 1 2 0 1 2 2 2 1 1 2 2 2 1 2 2 1 2 2 1 2
geno chr8.72891651 ceu  0 0 0 1 0 1 0 0 0 0 0 0 0 0 0 0 1 1 0 0 0 0 0 1 0 0 0 0 0 1 0 0 0 0 0 0 0 0 0 0 0 0 0 1 0 0 0 0 1 0 0 0 0 0 0 0 0 0 0 0 0 0 0 0 0 0 0 1 0 1 0 0 0 0 0 0 0 1
geno chr8.72891651 fin  0 0 0 0 0 0 0 0 0 0 0 0 0 0 0 0 1 0 0 0 0 0 0 0 0 0 0 0 0 1 0 0 0 1 0 1 0 0 0 0 0 0 0 0 0 0 0 0 0 1 0 0 0 0 0 1 0 0 0 0 0 0 1 0 0 0 0 0 0 0 0 0 0 0 0 0 0 0 0 0 0 0 0 0 0 1 0 0 0
geno chr8.72891651 gbr  0 0 0 0 0 0 0 0 1 1 0 0 0 0 0 0 0 1 0 0 0 0 0 0 1 0 0 0 0 0 0 0 0 0 1 0 0 0 0 0 0 0 0 0 0 0 0 0 0 0 0 0 0 0 1 0 0 0 1 0 0 0 0 0 0 0 0 0 0 0 0 1 1 1 0 0 0 0 0 0 0 0 1 1
geno chr8.72891651 tsi  1 0 0 0 0 1 1 0 1 0 1 0 0 0 0 0 0 0 0 0 0 0 1 0 2 0 0 0 0 0 0 1 0 0 0 0 1 0 0 2 0 0 0 1 0 0 0 0 0 0 0 2 0 1 0 0 0 0 1 0 1 1 0 0 0 0 0 0 1 0 0 0 0 1 0 0 0 0 0 0 0 0 0 0 0 1 0 0 0 0 0 0
geno chr8.72891651 yri  0 0 0 0 0 0 0 0 0 0 0 0 0 0 0 0 0 0 0 0 0 0 0 0 0 0 0 0 0 0 0 0 0 0 0 0 0 0 0 0 0 0 0 0 0 0 0 0 0 0 0 0 0 0 0 0 0 0 0 0 0 0 0 0 0 0 0 0 0 0 0 0 0 0 0 0 0
geno chr8.72891667 ceu  0 2 0 1 1 0 0 0 1 0 0 0 0 0 1 0 0 0 0 0 0 1 0 0 1 1 0 1 0 0 0 0 1 0 0 0 0 0 0 0 0 0 1 0 1 1 1 0 0 0 1 2 0 0 1 0 0 1 2 0 0 0 0 0 0 1 0 1 1 0 1 0 0 0 0 0 0 1
geno chr8.72891667 fin  0 0 1 0 0 0 0 0 0 1 0 0 0 1 0 0 0 1 0 0 1 0 0 0 0 1 0 0 0 0 1 0 0 0 0 0 0 0 0 0 1 0 0 0 0 0 0 0 1 0 1 0 1 0 0 0 0 0 1 0 0 1 1 1 1 1 0 1 1 1 0 0 0 0 0 0 1 0 0 0 0 0 0 1 1 0 0 2 1
geno chr8.72891667 gbr  0 1 0 1 1 0 1 0 1 0 0 0 0 0 1 1 2 1 1 0 0 1 1 1 0 0 0 0 0 1 1 2 1 1 0 0 2 1 2 0 1 2 0 0 0 0 1 0 0 2 1 0 0 2 0 0 1 0 1 1 1 0 0 0 1 0 1 0 0 0 0 1 0 0 1 1 1 0 1 1 1 0 0 0
geno chr8.72891667 tsi  0 0 0 1 2 0 0 1 1 1 0 0 1 1 0 1 1 1 1 0 0 0 0 0 0 0 2 0 1 0 0 0 0 1 0 0 1 1 0 0 0 0 2 0 0 1 1 1 1 0 0 0 0 0 0 0 0 2 1 1 0 0 1 1 1 1 0 1 0 1 0 1 0 0 2 0 0 1 0 0 0 1 0 1 0 0 0 1 1 1 0 0
geno chr8.72891667 yri  0 0 0 1 1 0 0 1 0 0 0 1 0 0 0 0 0 0 0 1 0 2 0 0 0 1 0 0 0 0 0 0 0 1 0 1 1 0 1 1 0 0 0 0 1 0 0 0 1 1 0 0 0 0 0 0 0 0 0 0 0 1 0 0 0 0 0 1 1 1 0 1 0 1 0 0 0
geno chr8.72891748 ceu  1 0 1 0 1 0 1 0 0 0 1 1 0 0 0 0 1 0 1 1 1 0 0 0 1 0 1 0 2 1 0 0 1 0 1 1 1 2 0 1 0 1 1 0 0 0 0 0 1 0 0 0 2 0 0 1 0 1 0 1 1 0 1 0 1 0 0 0 0 0 1 0 1 2 0 0 0 0
geno chr8.72891748 fin  0 1 0 0 0 0 2 1 1 0 1 0 1 0 0 1 0 0 1 0 0 1 0 2 1 0 1 1 0 0 0 0 0 0 1 0 2 0 0 0 0 0 2 1 0 0 0 0 1 1 0 1 1 1 1 1 0 0 1 0 1 1 0 0 0 1 0 0 0 0 0 1 1 1 1 1 0 2 2 1 0 2 2 0 0 1 1 0 0
geno chr8.72891748 gbr  2 0 1 0 1 0 0 1 0 0 0 1 0 0 0 0 0 0 0 0 0 1 1 1 0 0 1 0 0 0 1 0 0 1 0 0 0 0 0 2 0 0 2 0 0 0 0 0 2 0 0 0 1 0 0 1 0 0 0 0 1 1 2 1 1 0 1 1 2 1 1 0 1 0 0 1 1 0 1 0 0 0 0 1
geno chr8.72891748 tsi  1 2 0 0 0 0 0 0 0 0 0 1 1 1 0 1 0 0 0 0 0 1 0 0 0 0 0 1 0 1 0 0 1 0 0 0 0 1 0 0 0 1 0 1 1 0 0 0 0 0 2 0 0 0 0 0 0 0 0 0 1 1 0 1 1 0 0 1 0 0 0 0 0 1 0 0 1 0 0 0 0 0 0 1 1 0 0 0 0 0 0 0
geno chr8.72891748 yri  1 2 2 1 1 0 2 1 2 2 2 0 1 1 2 1 2 2 1 1 0 0 2 1 2 1 1 1 0 0 2 2 2 0 1 0 1 0 0 0 1 0 0 2 1 0 2 1 1 1 0 2 2 1 2 1 1 1 0 1 1 0 1 1 1 0 1 1 1 0 0 0 2 1 1 1 1
geno chr8.72891887 ceu  0 2 0 1 1 0 0 0 1 0 0 0 0 0 1 0 0 0 0 0 0 1 0 0 1 1 0 1 0 0 0 0 1 0 0 0 0 0 0 0 0 0 1 0 1 1 1 0 0 0 1 2 0 0 1 0 1 1 2 0 0 0 0 0 0 1 0 1 1 0 1 0 0 0 0 0 1 1
geno chr8.72891887 fin  0 0 1 0 0 0 0 0 0 1 0 0 0 1 0 0 0 1 0 0 1 0 0 0 0 1 0 0 0 0 1 0 0 0 0 0 0 0 0 0 1 1 0 0 0 0 0 0 1 0 1 0 1 0 0 0 0 0 1 0 0 1 1 1 1 1 0 1 1 1 0 0 0 0 0 0 1 0 0 0 0 0 0 1 1 0 0 2 1
geno chr8.72891887 gbr  0 1 0 1 1 0 1 0 1 0 0 0 0 0 1 1 2 1 2 0 0 1 1 1 0 0 0 0 1 1 1 2 1 1 0 0 2 1 2 0 1 2 0 0 0 0 1 0 0 2 1 0 0 2 0 0 1 0 1 1 1 0 0 0 1 0 1 0 0 0 0 1 0 0 1 1 1 0 1 1 1 0 0 0
geno chr8.72891887 tsi  0 0 0 1 2 0 0 1 1 1 0 0 1 1 0 1 1 1 1 0 0 0 0 0 0 0 2 0 1 0 0 0 0 1 0 0 1 1 0 0 0 0 2 0 0 1 1 1 1 0 0 0 0 0 0 0 0 2 1 1 0 0 1 1 1 1 0 1 0 1 0 1 0 0 2 0 0 1 0 0 1 1 0 1 0 0 0 1 1 1 0 0
geno chr8.72891887 yri  0 0 0 1 1 0 0 1 0 0 0 1 0 0 0 0 0 0 0 1 0 2 0 0 0 1 0 0 0 0 0 0 0 1 0 1 1 0 1 1 0 0 0 0 1 0 0 0 1 1 0 0 0 0 0 0 0 0 0 0 0 1 0 0 0 0 0 1 1 1 0 1 0 1 0 0 0
geno chr8.72892158 ceu  0 0 0 0 0 0 0 0 0 0 1 0 0 1 0 0 0 0 0 0 0 0 2 0 0 0 0 0 0 0 0 0 0 0 0 0 0 0 0 0 0 0 0 0 0 0 0 0 0 0 0 0 0 0 0 0 0 0 0 0 0 0 0 0 0 0 0 0 0 0 0 0 0 0 0 0 0 0
geno chr8.72892158 fin  0 0 0 0 0 0 0 0 0 0 0 1 0 0 0 0 0 0 0 0 0 0 0 0 0 0 0 0 1 0 0 0 0 0 0 0 0 0 0 0 0 0 0 0 0 0 0 0 0 0 0 1 0 1 0 0 0 1 0 0 0 0 0 0 0 0 0 0 0 0 0 0 0 0 0 0 1 0 0 0 1 0 0 0 0 0 0 0 0
geno chr8.72892158 gbr  0 0 1 0 0 0 0 0 0 0 0 0 1 0 0 0 0 0 0 0 0 0 0 0 0 0 0 2 0 0 0 0 0 0 0 0 0 0 0 0 0 0 0 0 0 0 1 0 0 0 0 0 0 0 0 0 1 0 0 0 0 0 0 0 0 0 0 0 0 0 1 0 0 0 0 0 0 0 0 0 0 0 0 0
geno chr8.72892158 tsi  0 0 0 0 0 1 0 0 0 0 0 0 0 0 0 0 1 0 0 1 0 0 0 1 0 0 0 1 0 0 1 0 1 0 0 0 0 0 0 0 0 0 0 0 1 0 0 0 0 0 0 0 0 0 1 0 1 0 0 0 0 0 0 0 0 0 0 0 1 0 0 0 1 0 0 0 0 0 0 0 0 0 0 0 0 0 0 0 0 0 0 0
geno chr8.72892158 yri  0 0 0 0 0 0 0 0 0 0 0 0 0 0 0 0 0 0 0 0 0 0 0 0 0 0 0 0 0 0 0 0 0 0 0 0 0 0 0 0 0 0 0 0 0 0 0 0 0 0 0 0 0 0 0 0 0 0 0 0 0 0 0 0 0 0 0 0 0 0 0 0 0 0 0 0 0
geno chr8.72892180 ceu  0 2 0 1 1 0 0 0 1 0 0 0 0 0 1 0 0 0 0 0 0 1 0 0 1 1 0 1 0 0 0 0 1 0 0 0 0 0 0 0 0 0 1 0 1 1 1 0 0 0 1 2 0 0 1 0 1 1 2 0 0 0 0 0 0 1 0 1 1 0 1 0 0 0 0 0 1 1
geno chr8.72892180 fin  0 0 1 0 0 0 0 0 0 1 0 0 0 1 0 0 0 1 0 0 1 0 0 0 0 1 0 0 0 0 1 0 0 0 0 0 0 0 0 0 1 1 0 0 0 0 0 0 1 0 1 0 1 0 0 0 0 0 1 0 0 1 1 1 1 1 0 1 1 1 0 0 0 0 0 0 1 0 0 0 0 0 0 1 1 0 0 2 1
geno chr8.72892180 gbr  0 1 0 1 1 0 1 0 1 0 0 0 0 0 1 1 2 1 2 0 0 1 1 1 0 0 0 0 1 1 1 2 1 1 0 0 2 1 2 0 1 2 0 0 0 0 1 0 0 2 1 0 0 2 0 0 1 0 1 1 1 0 0 0 1 0 1 0 0 0 0 1 0 0 1 1 1 0 1 1 1 0 0 0
geno chr8.72892180 tsi  0 0 0 1 2 0 0 1 1 1 0 0 1 1 0 1 1 1 1 0 0 0 0 0 0 0 2 0 1 0 0 0 0 1 0 0 1 1 0 0 0 0 2 0 0 1 1 1 1 0 0 0 0 0 0 0 0 2 1 1 0 0 1 1 1 1 0 1 0 1 0 1 0 0 2 0 0 1 0 0 1 1 0 1 0 0 0 1 1 1 0 0
geno chr8.72892180 yri  0 0 0 1 1 0 0 1 0 0 0 1 1 0 0 0 0 0 0 1 0 2 0 0 0 1 0 0 0 0 0 0 0 1 0 1 1 0 1 1 0 0 0 0 1 0 0 0 1 1 1 0 0 0 0 0 0 0 0 1 0 1 0 0 0 1 1 1 1 2 0 1 0 1 0 0 0
geno chr8.72892232 ceu  0 0 0 0 0 1 1 1 1 1 1 1 1 2 1 1 0 1 0 1 1 0 2 1 0 1 0 1 0 0 1 1 0 2 0 0 0 0 2 0 0 1 0 1 1 1 0 0 0 0 1 0 0 1 1 0 1 0 0 0 1 1 0 2 1 1 1 0 0 0 0 2 0 0 1 1 1 0
geno chr8.72892232 fin  2 0 1 1 0 1 0 1 1 0 1 2 1 1 1 0 0 1 1 1 0 0 1 0 1 0 0 1 1 0 0 2 1 0 0 1 0 0 1 1 1 1 0 0 1 1 2 1 0 0 1 1 0 1 1 0 1 2 0 1 0 0 0 0 1 0 1 1 0 0 1 0 0 1 0 0 1 0 0 0 1 0 0 0 0 0 0 0 0
geno chr8.72892232 gbr  0 1 1 0 0 1 1 1 0 1 1 0 2 2 1 1 0 0 0 2 1 0 0 0 1 0 1 2 1 1 0 0 0 0 0 2 0 1 0 0 0 0 0 2 1 1 1 0 0 0 0 1 0 0 0 1 1 1 0 1 0 0 0 0 0 1 0 0 0 1 1 0 0 1 0 0 0 2 0 1 1 0 0 0
geno chr8.72892232 tsi  0 0 2 0 0 1 0 1 0 0 1 1 0 0 2 0 1 0 1 1 1 1 1 1 0 1 0 1 1 1 1 0 1 1 0 1 0 0 1 0 2 1 0 0 1 1 0 0 1 2 0 0 2 1 2 2 2 0 0 1 0 0 0 0 0 0 1 0 1 1 1 1 2 0 0 1 1 0 2 2 1 1 1 0 1 0 1 0 1 1 2 2
geno chr8.72892232 yri  1 0 0 0 0 1 0 0 0 0 0 0 0 0 0 1 0 0 0 0 0 0 0 0 0 0 1 0 0 2 0 0 0 0 0 0 0 1 0 0 1 1 1 0 0 2 0 1 0 0 1 0 0 0 0 1 0 1 1 0 1 0 0 1 0 0 0 0 0 0 1 1 0 0 0 0 1
geno chr8.72892708 ceu  0 2 0 1 1 0 0 0 1 0 0 0 0 0 1 0 0 0 0 0 0 1 0 0 1 1 0 1 0 0 0 0 1 0 0 0 0 0 0 0 0 0 1 0 1 1 1 0 0 0 1 2 0 0 1 0 1 1 2 0 0 0 0 0 0 1 0 1 1 0 1 0 0 0 0 0 1 1
geno chr8.72892708 fin  0 0 1 0 0 0 0 0 0 1 0 0 0 1 0 0 0 1 0 0 1 0 0 0 0 1 0 0 0 0 1 0 0 0 0 0 0 0 0 0 1 1 0 0 0 0 0 0 1 0 1 0 1 0 0 0 0 0 1 0 0 1 1 1 1 1 0 1 1 1 0 0 0 0 0 0 1 0 0 0 0 0 0 1 1 0 0 2 1
geno chr8.72892708 gbr  0 1 0 1 1 0 1 0 1 0 0 0 0 0 1 1 2 1 2 0 0 1 1 1 0 0 0 0 1 1 1 2 1 1 0 0 2 1 2 0 1 2 0 0 0 0 0 0 0 2 1 0 0 2 0 0 1 0 1 1 1 0 0 0 1 0 1 0 0 0 0 1 0 0 1 1 1 0 1 1 1 0 0 0
geno chr8.72892708 tsi  0 0 0 1 2 0 0 1 1 1 0 0 1 1 0 1 1 1 1 0 0 0 0 0 0 0 2 0 1 0 0 0 0 1 0 0 1 1 0 0 0 0 2 0 0 1 1 1 1 0 0 0 0 0 0 0 0 2 1 1 0 0 1 1 1 1 0 1 0 1 0 1 0 0 2 0 0 1 0 0 1 1 0 1 0 0 0 1 1 1 0 0
geno chr8.72892708 yri  0 0 0 1 1 0 0 1 0 0 0 1 0 0 0 0 0 0 0 1 0 2 0 0 0 1 0 0 0 0 0 0 0 1 0 1 1 0 1 1 0 0 0 0 1 0 0 0 1 1 0 0 0 0 0 0 0 0 0 0 0 1 0 0 0 0 0 1 1 1 0 1 0 1 0 0 0
geno chr8.72892783 ceu  1 0 1 0 1 0 1 0 0 0 1 1 0 0 0 0 1 0 1 1 1 0 0 0 1 0 1 0 2 1 0 0 1 0 1 1 1 2 0 1 0 1 1 0 0 0 0 0 1 0 0 0 2 0 0 1 0 1 0 1 1 0 1 0 1 0 0 0 0 0 1 0 1 2 0 0 0 0
geno chr8.72892783 fin  0 1 0 0 0 0 2 1 1 0 1 0 1 0 0 1 0 0 1 0 0 1 0 2 1 0 1 1 0 0 0 0 0 0 1 0 2 0 0 0 0 0 2 1 0 0 0 0 1 1 0 1 1 1 1 1 0 0 1 0 1 1 0 0 0 1 0 0 0 0 0 1 1 1 1 1 0 2 2 1 0 2 2 0 0 1 1 0 0
geno chr8.72892783 gbr  2 0 1 0 1 0 0 1 0 0 0 1 0 0 0 0 0 0 0 0 0 1 1 1 0 0 1 0 0 0 1 0 0 1 0 0 0 0 0 2 0 0 2 0 0 0 0 0 2 0 0 0 1 0 0 1 0 0 0 0 1 1 2 1 1 0 1 1 2 1 1 0 1 0 0 1 1 0 1 0 0 0 0 1
geno chr8.72892783 tsi  1 2 0 0 0 0 0 0 0 0 0 1 1 1 0 1 0 0 0 0 0 1 0 0 0 0 0 1 0 1 0 0 1 0 0 0 0 1 0 0 0 1 0 1 1 0 0 0 0 0 2 0 0 0 0 0 0 0 0 0 1 1 0 1 1 0 0 1 0 0 0 0 1 1 0 0 1 0 0 0 0 0 0 1 1 0 0 0 0 0 0 0
geno chr8.72892783 yri  1 2 2 1 1 0 2 1 2 2 2 0 1 1 2 1 2 2 2 1 1 0 2 1 2 1 1 1 0 0 2 2 2 0 2 0 1 1 0 0 1 0 0 2 1 0 2 1 1 1 0 2 2 1 2 1 1 1 0 1 1 0 1 1 1 1 1 1 1 0 0 0 2 1 1 1 1
geno chr8.72892819 ceu  0 0 0 0 0 0 0 0 0 0 0 0 0 0 0 0 0 0 0 0 0 0 0 0 0 0 0 1 0 0 0 0 0 0 0 0 0 0 0 0 0 0 0 0 0 1 0 0 0 0 0 0 0 0 0 0 0 0 0 0 1 0 0 0 0 0 0 0 0 0 0 2 0 0 0 0 0 0
geno chr8.72892819 fin  1 0 0 0 0 0 0 0 0 0 1 0 0 0 0 0 0 0 1 0 0 0 0 0 0 0 0 0 0 0 0 1 0 0 0 0 0 0 1 0 0 0 0 0 0 0 1 0 0 0 0 0 0 0 0 0 0 1 0 0 0 0 0 0 0 0 0 1 0 0 0 0 0 1 0 0 0 0 0 0 0 0 0 0 0 0 0 0 0
geno chr8.72892819 gbr  0 0 0 0 0 0 0 0 0 0 0 0 0 0 0 0 0 0 0 0 0 0 0 0 0 0 0 0 0 0 0 0 0 0 0 0 0 0 0 0 0 0 0 0 0 0 0 0 0 0 0 1 0 0 0 0 0 0 0 0 0 0 0 0 0 0 0 0 0 1 0 0 0 0 0 0 0 1 0 0 0 0 0 0
geno chr8.72892819 tsi  0 0 0 0 0 0 0 0 0 0 1 1 0 0 0 0 0 0 0 0 1 0 0 0 0 0 0 0 0 0 0 0 0 0 0 1 0 0 0 0 0 0 0 0 0 0 0 0 0 1 0 0 1 0 0 1 0 0 0 0 0 0 0 0 0 0 1 0 0 0 1 0 0 0 0 0 0 0 1 1 0 0 0 0 0 0 0 0 0 1 0 0
geno chr8.72892819 yri  0 0 0 0 0 0 0 0 0 0 0 0 0 0 0 0 0 0 0 0 0 0 0 0 0 0 0 0 0 0 0 0 0 0 0 0 0 0 0 0 0 0 0 0 0 0 0 0 0 0 0 0 0 0 0 0 0 0 0 0 0 0 0 0 0 0 0 0 0 0 0 0 0 0 0 0 0
geno chr8.72892859 ceu  0 2 0 1 1 0 0 0 1 0 0 0 0 0 1 0 0 0 0 0 0 1 0 0 1 1 0 1 0 0 0 0 1 0 0 0 0 0 0 0 0 0 1 0 1 1 1 0 0 0 1 2 0 0 1 0 1 1 2 0 0 0 0 0 0 1 0 1 1 0 1 0 0 0 0 0 1 1
geno chr8.72892859 fin  0 0 1 0 0 0 0 0 0 1 0 0 0 1 0 0 0 1 0 0 1 0 0 0 0 1 0 0 0 0 1 0 0 0 0 0 0 0 0 0 1 1 0 0 0 0 0 0 1 0 1 0 1 0 0 0 0 0 1 0 0 1 1 1 1 1 0 1 1 1 0 0 0 0 0 0 1 0 0 0 0 0 0 1 1 0 0 2 1
geno chr8.72892859 gbr  0 1 0 1 1 0 1 0 1 0 0 0 0 0 1 1 2 1 2 0 0 1 1 1 0 0 0 0 1 1 1 2 1 1 0 0 2 1 2 0 1 2 0 0 0 0 0 0 0 2 1 0 0 2 0 0 1 0 1 1 1 0 0 0 1 0 1 0 0 0 0 1 0 0 1 1 1 0 1 1 1 0 0 0
geno chr8.72892859 tsi  0 0 0 1 2 0 0 1 1 1 0 0 1 1 0 2 1 1 1 0 0 0 0 0 0 0 2 0 1 0 0 0 0 1 0 0 1 1 0 0 0 0 2 0 0 1 1 1 1 0 0 0 0 0 0 0 0 2 1 1 0 0 1 1 1 1 0 1 0 1 0 1 0 0 2 0 0 1 0 0 1 1 0 1 0 0 0 1 1 1 0 0
geno chr8.72892859 yri  0 0 0 1 1 0 0 1 0 0 0 1 0 0 0 0 0 0 0 1 0 2 0 0 0 1 0 0 0 0 0 0 0 1 0 1 1 0 1 1 0 0 0 0 1 0 0 0 1 1 0 0 0 0 0 0 0 0 0 0 0 1 0 0 0 0 0 1 1 1 0 1 0 1 0 0 0
geno chr8.72894183 ceu  0 2 0 1 1 0 0 0 1 0 0 0 0 0 1 0 0 0 0 0 0 1 0 0 1 1 0 1 0 0 0 0 1 0 0 0 0 0 0 0 0 0 1 0 1 1 1 0 0 0 1 2 0 0 1 0 1 1 2 0 0 0 0 0 0 1 0 1 1 0 1 0 0 0 0 0 1 1
geno chr8.72894183 fin  0 0 1 0 0 0 0 0 0 1 0 0 0 1 0 0 0 1 0 0 1 0 0 0 0 1 0 0 0 0 1 0 0 0 0 0 0 0 0 0 1 1 0 0 0 0 0 0 1 0 1 0 1 0 0 0 0 0 1 0 0 1 1 1 1 1 0 1 1 1 0 0 0 0 0 0 1 0 0 0 0 0 0 1 1 0 0 2 1
geno chr8.72894183 gbr  0 1 0 1 1 0 1 1 1 0 0 0 0 0 1 1 2 1 2 0 0 1 1 1 0 0 0 0 1 1 1 2 1 1 0 0 2 1 2 0 1 2 0 0 0 0 0 0 0 2 1 0 0 2 0 0 1 0 1 1 1 0 0 0 1 0 1 0 0 0 0 1 0 0 1 1 1 0 1 1 1 0 0 0
geno chr8.72894183 tsi  0 0 0 1 2 0 0 1 1 1 0 0 1 1 0 1 1 1 1 0 0 0 0 0 0 0 2 0 1 0 0 0 0 1 0 0 1 1 0 0 0 0 2 0 0 1 1 1 1 0 0 0 0 0 0 0 0 2 1 1 0 0 1 1 1 1 0 1 0 1 0 1 0 0 2 0 0 1 0 0 1 1 0 1 0 0 0 1 1 1 0 0
geno chr8.72894183 yri  0 0 0 1 1 0 0 1 0 0 0 1 0 0 0 0 0 0 0 1 0 2 0 0 0 1 0 0 0 0 0 0 0 1 0 1 1 0 1 1 0 0 0 0 1 0 0 0 1 1 0 0 0 0 0 0 0 0 0 0 0 1 0 0 0 0 0 1 1 1 0 1 0 1 0 0 0
geno chr8.72894851 ceu  0 0 0 0 0 1 1 1 1 1 1 1 1 2 1 1 0 1 0 1 1 0 2 1 0 1 0 1 0 0 1 1 0 2 0 0 0 0 2 0 0 1 0 1 1 1 0 0 0 0 1 0 0 1 1 0 1 0 0 0 1 1 0 2 1 1 1 0 0 0 0 2 0 0 1 1 1 0
geno chr8.72894851 fin  2 1 1 1 0 2 0 1 1 0 1 2 1 1 1 0 0 1 1 1 0 0 1 0 1 0 0 1 1 0 0 2 1 0 0 1 0 0 1 1 1 1 0 0 1 1 2 1 0 0 1 1 0 1 1 0 1 2 0 1 0 0 0 0 1 0 1 1 0 0 1 0 0 1 0 0 1 0 0 0 1 0 0 0 0 0 0 0 0
geno chr8.72894851 gbr  0 1 1 0 0 1 1 1 0 1 1 0 2 2 1 1 0 0 0 2 1 0 0 0 1 0 1 2 1 1 0 0 0 0 0 2 0 1 0 0 0 0 0 2 1 1 1 0 0 0 0 1 0 0 0 1 1 1 0 1 0 0 0 0 0 1 0 0 0 1 1 0 0 1 0 0 0 2 0 1 1 0 0 0
geno chr8.72894851 tsi  0 0 2 0 0 1 0 1 0 0 1 1 0 0 2 0 1 0 1 1 1 1 1 1 0 1 0 1 1 1 1 0 1 1 0 1 0 0 1 0 2 1 0 0 1 1 0 0 1 2 0 0 2 1 2 2 2 0 0 1 0 0 0 0 0 0 1 0 1 1 1 1 1 0 0 1 1 0 2 2 1 1 1 0 1 0 1 0 1 1 2 2
geno chr8.72894851 yri  1 0 0 0 0 1 0 0 0 0 0 0 0 0 0 1 0 0 0 0 0 0 0 0 0 0 1 0 0 2 0 0 0 0 0 0 0 1 0 0 1 1 1 0 0 2 0 1 0 0 1 0 0 0 0 1 0 1 1 0 1 0 0 1 0 0 0 0 0 0 1 1 0 0 0 0 1
geno chr8.72894959 ceu  1 0 1 0 1 0 1 0 0 0 1 1 0 0 0 0 1 0 1 1 1 0 0 0 1 0 1 0 2 1 0 0 1 0 1 1 1 2 0 1 0 1 1 0 0 0 0 0 1 0 0 0 2 0 0 1 0 1 0 1 1 0 1 0 1 0 0 0 0 0 1 0 1 2 0 0 0 0
geno chr8.72894959 fin  0 1 0 0 0 0 2 1 1 0 1 0 1 0 0 1 0 0 1 0 0 1 0 2 1 0 1 1 0 0 0 0 0 0 1 0 2 0 0 0 0 0 2 1 0 0 0 0 1 1 0 1 1 1 1 1 0 0 1 0 1 1 0 0 0 1 0 0 0 0 0 1 1 1 1 1 0 2 2 1 0 2 2 0 0 1 1 0 0
geno chr8.72894959 gbr  2 0 1 0 1 0 0 1 0 0 0 1 0 0 0 0 0 0 0 0 0 1 1 1 0 0 1 0 0 0 1 0 0 1 0 0 0 0 0 2 0 0 2 0 0 0 0 0 2 0 0 0 1 0 0 1 0 0 0 0 1 1 2 1 1 0 1 1 2 1 1 0 1 0 0 1 1 0 1 0 0 0 0 1
geno chr8.72894959 tsi  1 2 0 0 0 0 0 0 0 0 0 1 1 1 0 1 0 0 0 0 0 1 0 0 0 0 0 1 0 1 0 0 1 0 0 0 0 1 0 0 0 1 0 1 1 0 0 0 0 0 2 0 0 0 0 0 0 0 0 0 1 1 0 1 1 0 0 1 0 0 0 0 1 1 0 0 1 0 0 0 0 0 0 1 1 0 0 0 0 0 0 0
geno chr8.72894959 yri  1 2 2 1 1 0 2 1 2 2 2 0 1 1 2 1 2 2 2 1 1 0 2 1 2 1 1 1 0 0 2 2 2 0 2 0 1 1 0 0 1 0 0 2 1 0 2 1 1 1 0 2 2 1 2 1 1 1 0 1 1 0 1 1 1 1 1 1 1 0 0 0 2 1 1 1 1
geno chr8.72895079 ceu  0 0 0 0 0 1 1 1 1 1 1 1 1 2 1 1 0 1 0 1 1 0 2 1 0 1 0 1 0 0 1 1 0 2 0 0 0 0 2 0 0 1 0 1 1 1 0 0 0 0 1 0 0 1 1 0 1 0 0 0 1 1 0 2 1 1 1 0 0 0 0 2 0 0 1 1 1 0
geno chr8.72895079 fin  2 1 1 1 0 2 0 1 1 0 1 2 1 1 1 0 0 1 1 1 0 0 1 0 1 0 0 1 1 0 0 2 1 0 0 1 0 0 1 1 1 1 0 0 1 1 2 1 0 0 1 1 0 1 1 0 1 2 0 1 0 0 0 0 1 0 1 1 0 0 1 0 0 1 0 0 1 0 0 0 1 0 0 0 0 0 0 0 0
geno chr8.72895079 gbr  0 1 1 0 0 1 1 1 0 1 1 0 2 2 1 1 0 0 0 2 1 0 0 0 1 0 1 2 1 1 0 0 0 0 0 2 0 1 0 0 0 0 0 2 1 1 1 0 0 0 0 1 0 0 0 1 1 1 0 1 0 0 0 0 0 1 0 0 0 1 1 0 0 1 0 0 0 2 0 1 1 0 0 0
geno chr8.72895079 tsi  0 0 2 0 0 1 0 1 0 0 1 1 0 0 2 0 1 0 1 1 1 1 1 1 0 1 0 1 1 1 1 0 1 1 0 1 0 0 1 0 2 1 0 0 1 1 0 0 1 2 0 0 2 1 2 2 2 0 0 1 0 0 0 0 0 0 1 0 1 1 1 1 1 0 0 1 1 0 2 2 1 1 1 0 1 0 1 0 1 1 2 2
geno chr8.72895079 yri  1 0 0 0 0 1 0 0 0 0 0 0 0 0 0 1 0 0 0 0 0 0 0 0 0 0 1 0 0 2 0 0 0 0 0 0 0 1 0 0 1 1 1 0 0 2 0 1 0 0 1 0 0 0 0 1 0 1 1 0 1 0 0 1 0 0 0 0 0 0 1 1 0 0 0 0 1
geno chr8.72895087 ceu  0 0 0 0 0 1 1 1 1 1 1 1 1 1 1 0 0 1 0 1 1 0 1 1 0 0 0 1 0 0 1 1 0 1 0 0 0 0 2 0 0 1 0 1 1 0 0 0 0 0 1 0 0 1 1 0 1 0 0 0 1 1 0 2 1 1 1 0 0 0 0 1 0 0 1 1 1 0
geno chr8.72895087 fin  2 1 1 1 0 2 0 1 1 0 1 1 1 1 1 0 0 1 1 1 0 0 1 0 0 0 0 0 1 0 0 2 1 0 0 1 0 0 1 1 1 1 0 0 0 1 1 1 0 0 1 0 0 1 1 0 1 2 0 1 0 0 0 0 0 0 1 1 0 0 1 0 0 1 0 0 1 0 0 0 0 0 0 0 0 0 0 0 0
geno chr8.72895087 gbr  0 1 0 0 0 1 1 1 0 1 1 0 2 2 1 1 0 0 0 1 1 0 0 0 1 0 1 2 1 1 0 0 0 0 0 2 0 1 0 0 0 0 0 2 1 1 1 0 0 0 0 0 0 0 0 1 1 1 0 1 0 0 0 0 0 1 0 0 0 0 1 0 0 1 0 0 0 1 0 1 1 0 0 0
geno chr8.72895087 tsi  0 0 1 0 0 0 0 1 0 0 1 1 0 0 2 0 0 0 1 1 1 1 1 1 0 1 0 1 1 1 0 0 0 1 0 1 0 0 1 0 2 1 0 0 1 1 0 0 1 2 0 0 2 1 1 1 2 0 0 1 0 0 0 0 0 0 1 0 1 1 1 1 0 0 0 1 0 0 1 1 1 1 1 0 1 0 1 0 1 0 1 2
geno chr8.72895087 yri  1 0 0 0 0 1 0 0 0 0 0 0 0 0 0 1 0 0 0 0 0 0 0 0 0 0 1 0 0 1 0 0 0 0 0 0 0 1 0 0 1 1 1 0 0 1 0 1 0 0 1 0 0 0 0 1 0 1 1 0 1 0 0 1 0 0 0 0 0 0 1 1 0 0 0 0 1
geno chr8.72895089 ceu  0 2 0 1 1 0 0 0 1 0 0 0 0 0 1 0 0 0 0 0 0 1 0 0 1 1 0 1 0 0 0 0 1 0 0 0 0 0 0 0 0 0 1 0 1 1 1 0 0 0 1 2 0 0 1 0 1 1 2 0 0 0 0 0 0 1 0 1 1 0 1 0 0 0 0 0 1 1
geno chr8.72895089 fin  0 0 1 0 0 0 0 0 0 1 0 0 0 1 0 0 0 1 0 0 1 0 0 0 0 1 0 0 0 0 1 0 0 0 0 0 0 0 0 0 1 1 0 0 0 0 0 0 1 0 1 0 1 0 0 0 0 0 1 0 0 1 1 1 1 1 0 1 1 1 0 0 0 0 0 0 1 0 0 0 0 0 0 1 1 0 0 2 1
geno chr8.72895089 gbr  0 1 0 1 1 0 1 0 1 0 0 0 0 0 1 1 2 1 2 0 0 1 1 1 0 0 0 0 1 1 1 2 1 1 0 0 2 1 2 0 1 2 0 0 0 0 0 0 0 1 1 0 0 2 0 0 1 0 1 1 1 0 0 0 1 0 1 0 0 0 0 1 0 0 1 1 1 0 1 1 1 0 0 0
geno chr8.72895089 tsi  0 0 0 1 2 0 0 1 1 1 0 0 1 1 0 1 1 1 1 0 0 0 0 0 0 0 2 0 1 0 0 0 0 1 0 0 1 1 0 0 0 0 2 0 0 1 1 1 1 0 0 0 0 0 0 0 0 2 1 1 0 0 1 1 1 1 0 1 0 1 0 1 0 0 2 0 0 1 0 0 1 1 0 1 0 0 0 1 1 1 0 0
geno chr8.72895089 yri  0 0 0 1 1 0 0 1 0 0 0 1 0 0 0 0 0 0 0 1 0 2 0 0 0 1 0 0 0 0 0 0 0 1 0 1 1 0 1 1 0 0 0 0 1 0 0 0 1 1 0 0 0 0 0 0 0 0 0 0 0 1 0 0 0 0 0 1 1 1 0 1 0 1 0 0 0
geno chr8.72895091 ceu  0 2 0 1 1 0 0 0 1 0 0 0 0 0 1 0 0 0 0 0 0 1 0 0 1 1 0 1 0 0 0 0 1 0 0 0 0 0 0 0 0 0 1 0 1 1 1 0 0 0 1 2 0 0 1 0 1 1 2 0 0 0 0 0 0 1 0 1 1 0 1 0 0 0 0 0 1 1
geno chr8.72895091 fin  0 0 1 0 0 0 0 0 0 1 0 0 0 1 0 0 0 1 0 0 1 0 0 0 0 1 0 0 0 0 1 0 0 0 0 0 0 0 0 0 1 1 0 0 0 0 0 0 1 0 1 0 1 0 0 0 0 0 1 0 0 1 1 1 1 1 0 1 1 1 0 0 0 0 0 0 1 0 0 0 0 0 0 1 1 0 0 2 1
geno chr8.72895091 gbr  0 1 0 1 1 0 1 0 1 0 0 0 0 0 1 1 2 1 2 0 0 1 1 1 0 0 0 0 1 1 1 2 1 1 0 0 2 1 2 0 1 2 0 0 0 0 0 0 0 1 1 0 0 2 0 0 1 0 1 1 1 0 0 0 1 0 1 0 0 0 0 1 0 0 1 1 1 0 1 1 1 0 0 0
geno chr8.72895091 tsi  0 0 0 1 2 0 0 1 1 1 0 0 1 1 0 1 1 1 1 0 0 0 0 0 0 0 2 0 1 0 0 0 0 1 0 0 1 1 0 0 0 0 2 0 0 1 1 1 1 0 0 0 0 0 0 0 0 2 1 1 0 0 1 1 1 1 0 1 0 1 0 1 0 0 2 0 0 1 0 0 1 1 0 1 0 0 0 1 1 1 0 0
geno chr8.72895091 yri  0 0 0 1 1 0 0 1 0 0 0 1 0 0 0 0 0 0 0 1 0 2 0 0 0 1 0 0 0 0 0 0 0 1 0 1 1 0 1 1 0 0 0 0 1 0 0 0 1 1 0 0 0 0 0 0 0 0 0 0 0 1 0 0 0 0 0 1 1 1 0 1 0 1 0 0 0
geno chr8.72895094 ceu  0 2 0 1 1 0 0 0 1 0 0 0 0 0 1 0 0 0 0 0 0 1 0 0 1 1 0 1 0 0 0 0 1 0 0 0 0 0 0 0 0 0 1 0 1 1 1 0 0 0 1 2 0 0 1 0 1 1 2 0 0 0 0 0 0 1 0 1 1 0 1 0 0 0 0 0 1 1
geno chr8.72895094 fin  0 0 1 0 0 0 0 0 0 1 0 0 0 1 0 0 0 1 0 0 1 0 0 0 0 1 0 0 0 0 1 0 0 0 0 0 0 0 0 0 1 1 0 0 0 0 0 0 1 0 1 0 1 0 0 0 0 0 1 0 0 1 1 1 1 1 0 1 1 1 0 0 0 0 0 0 1 0 0 0 0 0 0 1 1 0 0 2 1
geno chr8.72895094 gbr  0 1 0 1 1 0 1 0 1 0 1 0 0 0 1 1 2 1 2 0 0 1 1 1 0 0 0 0 1 1 1 2 1 1 0 0 2 1 2 0 1 2 0 0 0 0 0 0 0 1 1 0 0 2 0 0 1 0 1 1 1 0 0 0 1 0 1 0 0 0 0 1 0 0 1 1 1 0 1 1 1 0 0 0
geno chr8.72895094 tsi  0 0 0 1 2 0 0 1 1 1 0 0 1 1 0 1 1 1 1 0 0 0 0 0 0 0 2 0 1 0 1 0 0 1 0 0 1 1 0 0 0 0 2 0 0 1 1 1 1 0 0 0 0 0 0 0 0 2 1 1 0 0 1 1 1 1 0 1 0 1 0 1 0 0 2 0 0 1 0 0 1 1 0 1 0 0 0 2 1 1 0 0
geno chr8.72895094 yri  0 0 0 1 1 0 0 1 0 0 0 1 0 0 0 0 0 0 0 1 0 2 0 0 0 1 0 0 0 0 0 0 0 1 0 1 1 0 1 1 0 0 0 1 1 0 0 0 1 1 0 0 0 0 0 0 0 0 0 0 0 1 0 0 0 0 0 1 1 1 0 1 0 1 0 0 0
geno chr8.72895145 ceu  0 2 0 1 1 0 0 0 1 0 0 0 0 0 1 0 0 0 0 0 0 1 1 0 1 1 0 1 0 0 0 0 1 0 0 0 0 0 0 0 0 0 1 0 1 1 1 0 0 0 1 2 0 0 1 0 1 1 2 0 0 0 0 0 0 1 0 1 1 0 1 0 0 0 0 0 1 1
geno chr8.72895145 fin  0 0 1 0 0 0 1 0 0 1 0 0 0 1 0 0 0 1 0 0 1 0 0 0 0 1 0 0 0 0 1 0 0 0 0 0 0 0 0 0 1 1 0 0 0 0 0 0 1 0 1 0 1 0 0 0 0 0 1 0 0 1 1 1 1 1 0 1 1 1 0 0 0 0 0 0 1 0 0 0 0 0 0 1 1 0 0 2 1
geno chr8.72895145 gbr  0 1 0 1 1 0 1 0 1 0 0 0 0 0 1 1 2 1 2 0 0 1 1 1 0 0 0 0 1 1 1 2 1 1 0 0 2 1 2 0 1 2 0 0 0 0 0 0 0 2 1 0 0 2 0 0 1 0 1 1 1 0 0 0 1 0 1 0 0 0 0 1 0 0 1 1 1 0 1 1 1 0 0 0
geno chr8.72895145 tsi  0 0 0 1 2 0 0 1 1 1 0 0 1 1 0 1 1 1 1 0 0 0 0 0 0 0 2 0 1 0 0 0 0 1 0 0 1 2 0 0 0 0 2 0 0 1 1 1 1 0 0 0 0 0 0 0 0 2 1 1 0 0 1 1 1 1 0 1 0 1 0 1 0 0 2 0 0 1 0 0 1 1 0 1 0 0 0 1 1 1 0 0
geno chr8.72895145 yri  0 0 0 1 1 0 0 1 0 0 0 1 0 0 0 0 0 0 0 1 0 2 0 0 0 1 0 0 0 0 0 0 0 1 0 1 1 0 1 1 0 0 0 0 1 0 0 0 1 1 0 0 0 0 0 0 0 0 0 0 0 1 0 0 0 0 0 1 1 1 1 1 0 1 0 0 0
geno chr8.72897016 ceu  0 2 0 1 1 0 0 0 1 0 0 0 0 0 1 0 0 0 0 0 0 1 0 0 1 1 0 1 0 0 0 0 1 0 0 0 0 0 0 0 0 0 1 0 1 1 1 0 0 0 1 2 0 0 1 0 1 1 2 0 0 0 0 0 0 1 0 1 1 0 1 0 0 0 0 0 1 1
geno chr8.72897016 fin  0 0 1 0 0 0 0 0 0 1 0 0 0 1 0 0 0 1 0 0 1 0 0 0 0 1 0 0 0 0 1 0 0 0 0 0 0 0 0 0 1 1 0 0 0 0 0 0 1 0 1 0 1 0 0 0 0 0 1 0 0 1 1 1 1 1 0 1 1 1 0 0 0 0 0 0 1 0 0 0 0 0 0 1 1 0 0 2 1
geno chr8.72897016 gbr  0 1 0 1 1 0 1 0 1 0 0 0 0 0 1 1 2 1 2 0 0 1 1 1 0 0 0 0 1 1 1 2 1 1 0 0 2 1 2 0 1 2 0 0 0 0 0 0 0 2 1 0 0 2 0 0 1 0 1 1 1 0 0 0 1 0 1 0 0 0 0 1 0 0 1 1 1 0 1 1 1 0 0 0
geno chr8.72897016 tsi  0 0 0 1 2 0 0 1 1 1 0 0 1 1 0 1 1 1 1 0 0 0 0 0 0 0 2 0 1 0 0 0 0 1 0 0 1 1 0 0 0 0 2 0 0 1 1 1 1 0 0 0 0 0 0 0 0 2 1 1 0 0 1 1 1 1 0 1 0 1 0 1 0 0 2 0 0 1 0 0 1 1 0 1 0 0 0 1 1 1 0 0
geno chr8.72897016 yri  0 0 0 1 1 0 0 1 0 0 0 1 0 0 0 0 0 0 0 1 0 2 0 0 0 1 0 0 0 0 0 0 0 1 0 1 1 0 1 1 0 0 0 0 1 0 0 0 1 1 0 0 0 0 0 0 0 0 0 0 0 1 0 0 0 0 0 1 1 1 0 1 0 1 0 0 0
geno chr8.72897396 ceu  0 0 0 0 0 0 0 0 0 0 1 0 0 1 0 1 0 0 0 0 0 0 2 0 0 0 0 0 0 0 0 0 0 0 0 0 0 0 0 0 0 0 0 0 0 0 0 0 0 0 0 0 0 0 0 0 0 0 0 0 0 0 0 0 0 0 0 0 0 0 0 0 0 0 0 0 0 0
geno chr8.72897396 fin  0 0 0 0 0 0 0 0 0 0 0 1 1 0 1 0 0 0 0 0 0 0 0 0 1 0 0 1 1 0 0 0 0 0 0 0 0 0 0 0 0 0 0 0 1 0 0 0 0 0 0 1 0 1 0 0 0 1 0 0 0 0 0 0 1 0 0 0 0 0 0 0 0 0 0 0 1 0 0 0 1 0 0 0 0 0 0 0 0
geno chr8.72897396 gbr  0 0 1 0 0 0 0 0 0 0 0 0 1 0 0 0 0 0 0 0 0 0 0 0 0 0 0 2 0 0 0 0 0 0 0 0 0 0 0 0 0 0 0 0 0 0 1 0 0 0 0 0 0 0 0 0 1 0 0 0 0 0 0 0 0 0 0 0 0 0 1 0 0 0 0 0 0 0 0 0 0 0 0 0
geno chr8.72897396 tsi  0 0 0 0 0 1 0 0 0 0 0 0 0 0 0 0 1 0 0 1 0 0 0 1 0 0 0 1 0 0 1 0 1 0 0 0 0 0 0 0 0 0 0 0 1 0 0 0 0 0 0 0 0 0 1 0 1 0 0 0 0 0 0 0 0 0 0 0 1 0 0 0 1 0 0 0 0 0 0 0 0 0 0 0 0 0 0 0 0 0 1 0
geno chr8.72897396 yri  0 0 0 0 0 0 0 0 0 0 0 0 0 0 0 0 0 0 0 0 0 0 0 0 0 0 0 0 0 0 0 0 0 0 0 0 0 0 0 0 0 0 0 0 0 0 0 0 0 0 0 0 0 0 0 0 0 0 0 0 0 0 0 0 0 0 0 0 0 0 0 0 0 0 0 0 0
geno chr8.72897438 ceu  1 0 1 0 1 0 1 0 0 0 1 1 0 0 0 0 1 0 1 1 1 0 0 0 1 0 1 0 2 1 0 0 1 0 1 1 1 2 0 1 0 1 1 0 0 0 0 0 1 0 0 0 2 0 0 1 0 1 0 1 1 0 1 0 1 0 0 0 0 0 1 0 1 2 0 0 0 0
geno chr8.72897438 fin  0 1 0 0 0 0 2 1 1 0 1 0 1 0 0 1 0 0 1 0 0 1 0 2 1 0 1 1 0 0 0 0 0 0 1 0 2 0 0 0 0 0 2 1 0 0 0 0 1 1 0 1 1 1 1 1 0 0 1 0 1 1 0 0 0 1 0 0 0 0 0 1 1 1 1 1 0 2 2 1 0 2 2 0 0 1 1 0 0
geno chr8.72897438 gbr  2 0 1 0 1 0 0 1 0 0 0 1 0 0 0 0 0 0 0 0 0 1 1 1 0 0 1 0 0 0 1 0 0 1 0 0 0 0 0 2 0 0 2 0 0 0 0 0 2 0 0 0 1 0 0 1 0 0 0 0 1 1 2 1 1 0 1 1 2 1 1 0 1 0 0 1 1 0 1 0 0 0 0 1
geno chr8.72897438 tsi  1 2 0 0 0 0 0 0 0 0 0 1 1 1 0 1 0 0 0 0 0 1 0 0 0 0 0 1 0 1 0 0 1 0 0 0 0 1 0 0 0 1 0 1 1 0 0 0 0 0 2 0 0 0 0 0 0 0 0 0 1 1 0 1 1 0 0 1 0 0 0 0 1 1 0 0 1 0 0 0 0 0 0 1 1 0 0 0 0 0 0 0
geno chr8.72897438 yri  1 2 2 1 1 0 2 1 2 2 2 0 1 1 2 1 2 2 1 1 0 0 2 1 2 1 1 1 0 0 2 2 2 0 1 0 1 0 0 0 1 0 0 2 1 0 2 1 1 1 0 2 2 1 2 1 1 1 0 1 1 0 1 1 1 0 1 1 1 0 0 0 2 1 1 1 1
geno chr8.72897583 ceu  0 2 0 1 1 0 0 0 1 0 0 0 0 0 1 0 0 0 0 0 0 1 0 0 1 1 0 1 0 0 0 0 1 0 0 0 0 0 0 0 0 0 1 0 1 1 1 0 0 0 1 2 0 0 1 0 1 1 2 0 0 0 0 0 0 1 0 1 1 0 1 0 0 0 0 0 1 1
geno chr8.72897583 fin  0 0 1 0 0 0 0 0 0 1 0 0 0 1 0 0 0 1 0 0 1 0 0 0 0 1 0 0 0 0 1 0 0 0 0 0 0 0 0 0 1 1 0 0 0 0 0 0 1 0 1 0 1 0 0 0 0 0 1 0 0 1 1 1 1 1 0 1 1 1 0 0 0 0 0 0 1 0 0 0 0 0 0 1 1 0 0 2 1
geno chr8.72897583 gbr  0 1 0 1 1 0 1 0 1 0 0 0 0 0 1 1 2 1 2 0 0 1 1 1 0 0 0 0 1 1 1 2 1 1 0 0 2 1 2 0 1 2 0 0 0 0 0 0 0 2 1 0 0 2 0 0 1 0 1 1 1 0 0 0 1 0 1 0 0 0 0 1 0 0 1 1 1 0 1 1 1 0 0 0
geno chr8.72897583 tsi  0 0 0 1 2 0 0 1 1 1 0 0 1 1 0 1 1 1 1 0 0 0 0 0 0 0 2 0 1 0 0 0 0 1 0 0 1 1 0 0 0 0 2 0 0 1 1 1 1 0 0 0 0 0 0 0 0 2 1 1 0 0 1 1 1 1 0 1 0 1 0 1 0 0 2 0 0 1 0 0 1 1 0 1 0 0 0 1 1 1 0 0
geno chr8.72897583 yri  0 0 0 1 1 0 0 1 0 0 0 1 0 0 0 0 0 0 0 1 0 2 0 0 0 1 0 0 0 0 0 0 0 1 0 1 1 0 1 1 0 0 0 0 1 0 0 0 1 1 0 0 0 0 0 0 0 0 0 0 0 1 0 0 0 0 0 1 1 1 0 1 0 1 0 0 0
geno chr8.72897913 ceu  1 2 1 1 2 1 2 1 2 1 2 2 1 2 2 1 1 1 1 2 2 1 2 1 2 2 1 2 2 1 1 1 2 2 1 1 1 2 2 1 0 2 2 1 2 2 1 0 1 0 2 2 2 1 2 1 2 2 2 1 2 1 1 2 2 2 1 1 1 0 2 2 1 2 1 1 2 1
geno chr8.72897913 fin  2 2 2 1 0 2 2 2 2 1 2 2 2 2 1 1 0 2 2 1 1 1 1 2 2 1 1 2 1 0 1 2 1 0 1 1 2 0 1 1 2 2 2 1 1 1 2 1 2 1 2 2 2 2 2 1 1 2 2 1 1 2 1 1 2 2 1 2 1 1 1 1 1 2 1 1 2 2 2 1 1 2 2 1 1 1 1 2 1
geno chr8.72897913 gbr  2 2 2 1 2 1 2 2 1 1 1 1 2 2 2 2 2 1 2 2 1 2 2 2 1 0 2 2 2 2 2 2 1 2 0 2 2 2 2 2 1 2 2 2 1 1 1 0 2 2 1 1 1 2 0 2 2 1 1 2 2 1 2 1 2 1 2 1 2 2 2 1 1 1 1 2 2 2 2 2 2 0 0 1
geno chr8.72897913 tsi  1 2 2 1 2 1 0 2 1 1 1 2 2 2 2 2 2 1 2 1 1 2 1 1 0 1 2 2 2 2 1 0 2 2 0 1 1 2 1 0 2 2 2 1 2 2 1 1 2 2 2 0 2 1 2 2 2 2 1 2 1 1 1 2 2 1 1 2 1 2 1 2 2 1 2 1 2 1 2 2 2 2 1 2 2 0 1 1 2 2 2 2
geno chr8.72897913 yri  2 2 2 2 2 1 2 2 2 2 2 2 2 1 2 2 2 2 2 2 1 2 2 1 2 2 2 1 0 2 2 2 2 1 2 1 2 2 1 1 2 1 1 2 2 2 2 2 2 2 2 2 2 2 2 2 1 2 1 2 2 1 1 2 1 2 2 2 2 2 1 2 2 2 1 2 2
geno chr8.72898704 ceu  0 2 0 1 1 0 0 0 1 0 0 0 0 0 1 0 0 0 0 0 0 1 0 0 1 1 0 1 0 0 0 0 1 0 0 0 0 0 0 0 0 0 1 0 1 1 1 0 0 0 1 2 0 0 1 0 1 1 2 0 0 0 0 0 0 1 0 1 1 0 1 0 0 0 0 0 1 1
geno chr8.72898704 fin  0 0 1 0 0 0 0 0 0 1 0 0 0 1 0 0 0 1 0 0 1 0 0 0 0 1 0 0 0 0 1 0 0 0 0 0 0 0 0 0 1 1 0 0 0 0 0 0 1 0 1 0 1 0 0 0 0 0 1 0 0 1 1 1 1 1 0 1 1 1 0 0 0 0 0 0 1 0 0 0 0 0 0 1 1 0 0 2 1
geno chr8.72898704 gbr  0 1 0 1 1 0 1 0 1 0 0 0 0 0 1 1 2 1 2 0 0 1 1 1 0 0 0 0 1 1 1 2 1 1 0 0 2 1 2 0 1 2 0 0 0 0 0 0 0 2 1 0 0 2 0 0 1 0 1 1 1 0 0 0 1 0 1 0 0 0 0 1 0 0 1 1 1 0 1 1 1 0 0 0
geno chr8.72898704 tsi  0 0 0 1 2 0 0 1 1 1 0 0 1 1 0 1 1 1 1 0 0 0 0 0 0 0 2 0 1 0 0 0 0 1 0 0 1 1 0 0 0 0 2 0 0 1 1 1 1 0 0 0 0 0 0 0 0 2 1 1 0 0 1 1 1 1 0 1 0 1 0 1 0 0 2 0 0 1 0 0 1 1 0 1 0 0 0 1 1 1 0 0
geno chr8.72898704 yri  0 0 0 1 1 0 0 1 0 0 0 1 1 0 0 0 0 0 0 1 0 2 0 0 0 1 0 0 0 0 0 0 0 1 0 1 1 0 1 1 0 0 0 0 1 0 0 0 1 1 1 0 0 0 0 0 0 0 0 1 0 1 0 0 0 1 1 1 1 2 0 1 0 1 0 0 0
geno chr8.72899161 ceu  1 0 1 0 1 0 1 0 0 0 1 1 0 0 0 0 1 0 1 1 1 0 0 0 1 0 1 0 2 1 0 0 1 0 1 1 1 2 0 1 0 1 1 0 0 0 0 0 1 0 0 0 2 0 0 1 0 1 0 1 1 0 1 0 1 0 0 0 0 0 1 0 1 2 0 0 0 0
geno chr8.72899161 fin  0 1 0 0 0 0 2 1 1 0 1 0 1 0 0 1 0 0 1 0 0 1 0 2 1 0 1 1 0 0 0 0 0 0 1 0 2 0 0 0 0 0 2 1 0 0 0 0 1 1 0 1 1 1 1 1 0 0 1 0 1 1 0 0 0 1 0 0 0 0 0 1 1 1 1 1 0 2 2 1 0 2 2 0 0 1 1 0 0
geno chr8.72899161 gbr  2 0 1 0 1 0 0 1 0 0 0 1 0 0 0 0 0 0 0 0 0 1 1 1 0 0 1 0 0 0 1 0 0 1 0 0 0 0 0 2 0 0 2 0 0 0 0 0 2 0 0 0 1 0 0 1 0 0 0 0 1 1 2 1 1 0 1 1 2 1 1 0 1 0 0 1 1 0 1 0 0 0 0 1
geno chr8.72899161 tsi  1 2 0 0 0 0 0 0 0 0 0 1 1 1 0 1 0 0 0 0 0 1 0 0 0 0 0 1 0 1 0 0 1 0 0 0 0 1 0 0 0 1 0 1 1 0 0 0 0 0 2 0 0 0 0 0 0 0 0 0 1 1 0 1 1 0 0 1 0 0 0 0 1 1 0 0 1 0 0 0 0 0 0 1 1 0 0 0 0 0 0 0
geno chr8.72899161 yri  1 2 2 1 1 0 2 1 2 2 2 0 1 1 2 1 2 2 1 1 0 0 2 1 2 1 1 1 0 0 2 2 2 0 1 0 1 0 0 0 1 0 0 2 1 0 2 1 1 1 0 2 2 1 2 1 1 1 0 1 1 0 1 1 1 0 1 1 1 0 0 0 2 1 1 1 1
geno chr8.72899566 ceu  1 2 1 1 2 1 2 1 2 1 2 2 1 2 2 2 1 1 1 2 2 2 2 1 2 2 1 2 2 1 2 1 2 2 1 1 2 2 2 1 1 2 2 1 2 2 2 2 1 0 2 2 2 1 2 1 2 2 2 1 2 1 1 2 2 2 1 1 1 0 2 2 1 2 1 1 2 1
geno chr8.72899566 fin  2 2 2 1 1 2 2 2 2 1 2 2 2 2 1 2 0 2 2 1 2 2 2 2 2 2 2 2 1 1 1 2 1 1 2 1 2 0 2 2 2 2 2 1 1 1 2 2 2 1 2 2 2 2 2 1 1 2 2 1 1 2 1 1 2 2 1 2 1 1 1 2 1 2 1 1 2 2 2 2 1 2 2 1 1 1 2 2 1
geno chr8.72899566 gbr  2 2 2 1 2 1 2 2 1 1 1 2 2 2 2 2 2 1 2 2 1 2 2 2 1 1 2 2 2 2 2 2 2 2 0 2 2 2 2 2 2 2 2 2 1 1 1 1 2 2 1 1 1 2 0 2 2 2 1 2 2 1 2 1 2 1 2 1 2 2 2 1 1 1 2 2 2 2 2 2 2 0 0 1
geno chr8.72899566 tsi  1 2 2 1 2 1 0 2 1 1 1 2 2 2 2 2 2 1 2 1 1 2 1 2 0 2 2 2 2 2 1 1 2 2 0 1 1 2 1 0 2 2 2 1 2 2 1 1 2 2 2 0 2 1 2 2 2 2 1 2 1 1 1 2 2 1 2 2 1 2 2 2 2 1 2 1 2 2 2 2 2 2 1 2 2 1 1 1 2 2 2 2
geno chr8.72899566 yri  2 2 2 2 2 2 2 2 2 2 2 2 2 2 2 2 2 2 2 2 2 2 2 2 2 2 2 2 2 2 2 2 2 2 2 2 2 2 2 2 2 2 2 2 2 2 2 2 2 2 2 2 2 2 2 2 2 2 2 2 2 2 2 2 2 2 2 2 2 2 2 2 2 2 2 2 2
geno chr8.72899695 ceu  1 0 1 0 1 0 1 0 0 0 1 1 0 0 0 0 1 0 1 1 1 0 0 0 1 0 1 0 2 1 0 0 1 0 1 1 1 2 0 1 0 1 1 0 0 0 0 0 1 0 0 0 2 0 0 1 0 1 0 1 1 0 1 0 1 0 0 0 0 0 1 0 1 2 0 0 0 0
geno chr8.72899695 fin  0 1 0 0 0 0 2 1 1 0 1 0 1 0 0 1 0 0 1 0 0 1 0 2 1 0 1 1 0 0 0 0 0 0 1 0 2 0 0 0 0 0 2 1 0 0 0 0 1 1 0 1 1 1 1 1 0 0 1 0 1 1 0 0 0 1 0 0 0 0 0 1 1 1 1 1 0 2 2 1 0 2 2 0 0 1 1 0 0
geno chr8.72899695 gbr  2 0 1 0 1 0 0 1 0 0 0 1 0 0 0 0 0 0 0 0 0 1 1 1 0 0 1 0 0 0 1 0 0 1 0 0 0 0 0 2 0 0 2 0 0 0 0 0 2 0 0 0 1 0 0 1 0 0 0 0 1 1 2 1 1 0 1 1 2 1 1 0 1 0 0 1 1 0 1 0 0 0 0 1
geno chr8.72899695 tsi  1 2 0 0 0 0 0 0 0 0 0 1 1 1 0 1 0 0 0 0 0 1 0 0 0 0 0 1 0 1 0 0 1 0 0 0 0 1 0 0 0 1 0 1 1 0 0 0 0 0 2 0 0 0 0 0 0 0 0 0 1 1 0 1 1 0 0 1 0 0 0 0 1 1 0 0 1 0 0 0 0 0 0 1 1 0 0 0 0 0 0 0
geno chr8.72899695 yri  1 2 2 1 1 0 2 1 2 2 2 0 1 1 2 1 2 2 2 1 1 0 2 1 2 1 1 1 0 0 2 2 2 0 2 0 1 1 0 0 1 0 0 2 1 0 2 1 1 1 0 2 2 1 2 1 1 1 0 1 1 0 1 1 1 1 1 1 1 0 0 0 2 1 1 1 1
geno chr8.72899702 ceu  0 2 0 1 1 0 0 0 1 0 0 0 0 0 1 0 0 0 0 0 0 1 0 0 1 1 0 1 0 0 0 0 1 0 0 0 0 0 0 0 0 0 1 0 1 1 1 0 0 0 1 2 0 0 1 0 1 1 2 0 0 0 0 0 0 1 0 1 1 0 1 0 0 0 0 0 1 1
geno chr8.72899702 fin  0 0 1 0 0 0 0 0 0 1 0 0 0 1 0 0 0 1 0 0 1 0 0 0 0 1 0 0 0 0 1 0 0 0 0 0 0 0 0 0 1 1 0 0 0 0 0 0 1 0 1 0 1 0 0 0 0 0 1 0 0 1 1 1 1 1 0 1 1 1 0 0 0 0 0 0 1 0 0 0 0 0 0 1 1 0 0 2 1
geno chr8.72899702 gbr  0 1 0 1 1 0 1 0 1 0 0 0 0 0 1 1 2 1 2 0 0 1 1 1 0 0 0 0 1 1 1 2 1 1 0 0 2 1 2 0 1 2 0 0 0 0 0 0 0 2 1 0 0 2 0 0 1 0 1 1 1 0 0 0 1 0 1 0 0 0 0 1 0 0 1 1 1 0 1 1 1 0 0 0
geno chr8.72899702 tsi  0 0 0 1 2 0 0 1 1 1 0 0 1 1 0 1 1 1 1 0 0 0 0 0 0 0 2 0 1 0 0 0 0 1 0 0 1 1 0 0 0 0 2 0 0 1 1 1 1 0 0 0 0 0 0 0 0 2 1 1 0 0 1 1 1 1 0 1 0 1 0 1 0 0 2 0 0 1 0 0 1 1 0 1 0 0 0 1 1 1 0 0
geno chr8.72899702 yri  0 0 0 1 1 0 0 1 0 0 0 1 1 0 0 0 0 0 0 1 0 2 0 0 0 1 0 0 0 0 0 0 0 1 0 1 1 0 1 1 0 0 0 0 1 0 0 0 1 1 1 0 0 0 0 0 0 0 0 1 0 1 0 0 0 1 1 1 1 2 0 1 0 1 0 0 0
geno chr8.72900200 ceu  1 2 1 1 2 1 2 1 2 1 2 2 1 2 2 2 1 1 1 2 2 1 2 1 2 2 1 2 2 1 2 1 2 2 1 1 1 2 2 1 1 2 2 1 2 2 1 2 1 0 2 2 2 1 2 1 2 2 2 1 2 1 1 2 2 2 1 1 1 0 2 2 1 2 1 1 2 1
geno chr8.72900200 fin  2 2 2 1 0 2 2 2 2 1 2 2 2 2 1 2 0 2 2 1 2 2 2 2 2 2 2 2 1 1 1 2 1 1 2 1 2 0 2 2 2 2 2 1 1 1 2 2 2 1 2 2 2 2 2 1 1 2 2 1 1 2 1 1 2 2 1 2 1 1 1 1 1 2 1 1 2 2 2 1 1 2 2 1 1 1 1 2 1
geno chr8.72900200 gbr  2 2 2 1 2 1 2 2 1 1 1 2 2 2 2 2 2 1 2 2 1 2 2 2 1 1 2 2 2 2 2 2 2 2 0 2 2 2 2 2 2 2 2 2 1 1 1 1 2 2 1 1 1 2 0 2 2 1 1 2 2 1 2 1 2 1 2 1 2 2 2 1 1 1 2 2 2 2 2 2 2 0 0 1
geno chr8.72900200 tsi  1 2 2 1 2 1 0 2 1 1 1 2 2 2 2 2 2 1 2 1 1 2 1 1 0 1 2 2 2 2 1 1 2 2 0 1 1 2 1 0 2 2 2 1 2 2 1 1 2 2 2 0 2 1 2 2 2 2 1 2 1 1 1 2 2 1 1 2 1 2 2 2 2 1 2 1 2 1 2 2 2 2 1 2 2 1 1 1 2 2 2 2
geno chr8.72900200 yri  2 2 2 2 2 2 2 2 2 2 2 2 2 1 2 2 2 2 2 2 1 2 2 2 2 2 2 1 2 2 2 2 2 2 2 2 2 2 1 2 2 2 2 2 2 2 2 2 2 2 2 2 2 2 2 2 2 2 2 2 2 2 2 2 2 2 2 2 2 2 2 2 2 2 2 2 2
geno chr8.72900769 ceu  0 2 0 1 1 0 0 0 1 0 0 0 0 0 1 0 0 0 0 0 0 1 0 0 1 1 0 1 0 0 0 0 1 0 0 0 0 0 0 0 0 0 1 0 1 1 1 0 0 0 1 2 0 0 1 0 1 1 2 0 0 0 0 0 0 1 0 1 1 0 1 0 0 0 0 0 1 1
geno chr8.72900769 fin  0 0 1 0 0 0 0 0 0 1 0 0 0 1 0 0 0 1 0 0 1 0 0 0 0 1 0 0 0 0 1 0 0 0 0 0 0 0 0 0 1 1 0 0 0 0 0 0 1 0 1 0 1 0 0 0 0 0 1 0 0 1 1 1 1 1 0 1 1 1 0 0 0 0 0 0 1 0 0 0 0 0 0 1 1 0 0 2 1
geno chr8.72900769 gbr  0 1 0 1 1 0 1 0 1 0 0 0 0 0 1 1 2 1 2 0 0 1 1 1 0 0 0 0 1 1 1 2 1 1 0 0 2 1 2 0 1 2 0 0 0 0 0 0 0 2 1 0 0 2 0 0 1 0 1 1 1 0 0 0 1 0 1 0 0 0 0 1 0 0 1 1 1 0 1 1 1 0 0 0
geno chr8.72900769 tsi  0 0 0 1 2 0 0 1 1 1 0 0 1 1 0 1 1 1 1 0 0 0 0 0 0 0 2 0 1 0 0 0 0 1 0 0 1 1 0 0 0 0 2 0 0 1 1 1 1 0 0 0 0 0 0 0 0 2 1 1 0 0 1 1 1 1 0 1 0 1 0 1 0 0 2 0 0 1 0 0 1 1 0 1 0 0 0 1 1 1 0 0
geno chr8.72900769 yri  0 0 0 1 1 0 0 1 0 0 0 1 1 0 0 0 0 0 0 1 0 2 0 0 0 1 0 0 0 0 0 0 0 1 0 1 1 0 1 1 0 0 0 0 1 0 0 0 1 1 1 0 0 0 0 0 0 0 0 1 0 1 0 0 0 1 1 1 1 2 0 1 0 1 0 0 0
geno chr8.72901113 ceu  0 2 0 1 1 1 1 1 2 2 1 1 1 2 2 1 0 1 0 1 1 1 2 1 1 2 0 2 0 0 1 1 1 2 0 0 0 0 2 0 0 1 1 1 2 2 1 0 0 0 2 2 0 1 2 0 2 1 2 0 1 1 0 2 1 2 1 1 1 0 1 2 0 0 1 1 2 1
geno chr8.72901113 fin  2 1 2 1 0 2 0 1 1 1 1 2 1 2 1 0 0 2 1 1 1 0 1 0 1 1 0 1 1 0 1 2 1 0 0 1 0 0 1 1 2 2 0 0 1 1 2 1 1 0 2 1 1 1 1 0 1 2 1 1 0 1 1 1 2 1 1 2 1 1 1 0 0 1 0 0 2 0 0 0 1 0 0 1 1 0 0 2 1
geno chr8.72901113 gbr  0 2 1 1 1 1 2 1 1 1 1 0 2 2 2 2 2 1 2 2 1 1 1 1 1 0 1 2 2 2 1 2 1 1 0 1 2 2 2 0 1 2 0 2 1 1 1 0 0 2 1 1 0 2 0 1 2 1 1 2 1 0 0 1 1 1 1 0 0 1 1 1 0 1 1 1 1 2 1 2 2 0 0 0
geno chr8.72901113 tsi  0 0 2 1 2 1 0 2 1 1 1 1 1 1 2 2 2 1 2 1 1 2 1 1 0 1 2 1 2 1 1 0 1 2 0 1 1 1 1 0 2 1 2 0 1 2 1 1 2 2 0 0 2 1 2 2 2 2 1 2 0 0 1 1 1 1 1 1 1 2 1 2 1 0 2 1 1 1 2 2 2 2 1 1 1 0 1 1 2 2 2 2
geno chr8.72901113 yri  1 0 0 1 1 1 0 1 0 0 0 1 1 0 0 1 0 0 0 1 0 2 0 0 0 1 1 0 0 2 0 0 0 1 0 1 1 1 1 1 1 1 1 0 1 2 0 1 1 1 2 0 0 1 0 1 0 1 1 1 1 1 0 1 0 1 1 1 1 2 1 2 0 1 0 0 1
