pheno ENSG00000198286 ceu -0.5700194 0.2074656 0.6162892 0.9623353 0.8342567 0.3496323 -1.381733 1.556006 -0.9039901 0.4359423 -0.09670943 -1.116891 -0.7257038 1.080797 1.298019 -0.7459652 1.482129 1.024812 0.3003425 0.06461927 0.4963051 -0.8573116 -0.0224989 0.7678777 -0.7818163 1.306734 0.2946653 0.7383976 -0.4365415 0.9552198 0.7523202 0.145518 0.7653145 0.6560163 0.1727828 1.613682 1.906108 -0.7783942 0.5199296 -1.036953 -0.2855285 2.926017 0.1776586 0.5314487 -1.636909 1.0745 -0.07838045 0.6053002 0.5387275 1.521973 -0.2658431 0.8153488 0.086459 0.4256808 -0.4432404 -0.08928837 0.3758009 -0.646005 0.6630081 0.3162682 0.6152277 1.020564 0.3271049 0.542088 -1.601859 0.9474877 0.4929915 0.926538 0.3189243 -0.8746799 1.177366 -0.001726981 0.03443837 -0.6350763 1.336177 -1.516184 0.8948801 -0.859987
pheno ENSG00000198286 fin 0.4217487 0.5377168 0.5212927 0.8706703 0.1014889 3.534066 1.828363 0.8713199 -0.3156324 -1.045646 0.7723024 0.5449144 1.149519 1.585246 1.57106 2.344306 1.321253 0.3270473 1.38063 0.8393927 1.806396 -0.03262464 2.055313 1.318947 1.898849 2.959185 2.157395 1.280944 0.4334763 0.4621167 1.071548 0.03790668 1.117579 1.76738 1.010401 0.2722419 1.544006 -1.312422 2.348743 2.230689 2.250817 -0.713757 0.03374109 1.929896 0.6771585 1.360103 0.6574512 2.525145 -0.3326126 0.4593914 0.9876289 1.311955 1.182036 2.184339 1.14099 0.2004898 1.904472 1.19418 0.9291469 0.8164073 0.8504304 -0.09550675 -1.546669 0.959947 1.971629 0.9809766 1.185926 0.675652 2.018264 1.851394 0.9566146 -0.2610452 0.2815336 1.203453 1.251865 0.4475535 0.7702624 0.4640238 1.471298 1.18916 1.689853 1.023078 2.593637 1.025125 0.6272645 -0.2974854 2.271356 -1.132858 1.502109
pheno ENSG00000198286 gbr -0.1736256 -1.453248 1.013197 0.1496882 -2.001625 0.5199099 -0.1473876 -0.231559 -0.4050234 -1.486048 -2.232787 0.1168049 -0.8664361 0.158518 -0.2104227 -0.2969244 -1.882649 -1.475259 -1.957344 -2.149057 -1.788275 -0.6572132 -1.035327 -0.2778785 -1.637058 0.02242021 -2.722615 0.5802638 -0.1414409 -2.135166 -0.9945365 -0.310605 -2.020435 -0.270095 -0.2078507 -0.9763549 -1.615573 -1.915268 -1.221564 -0.6050044 -1.017771 1.13978 -0.1602997 -3.243835 0.2662264 -1.525599 -1.933705 -1.271908 -0.3176833 0.02826232 -0.2761034 -0.3792901 -0.5421285 -2.326531 -0.9419692 -0.8294334 -1.29773 0.2665357 -1.618236 -0.6833289 -1.793067 1.121955 -1.010425 -1.358729 -0.7060362 -1.738359 -0.05830359 -1.652826 0.479043 -2.078666 -1.202332 -1.379683 -1.27531 -0.06018593 -0.2212051 -1.566182 -0.6656798 -2.538845 -0.01986732 -0.5226036 -1.433511 0.57124 -0.6874652 -2.370565
pheno ENSG00000198286 tsi 1.896646 0.4869876 2.144316 1.057688 1.537173 1.045843 1.577037 3.14993 -0.8205197 1.355593 -0.01094971 0.5300166 2.615061 0.5903902 0.3784963 2.733817 2.063442 -0.9005751 0.8715671 0.9556136 0.6164918 1.666327 1.358349 2.102686 -0.09147517 0.7088348 -0.3808073 0.7241554 0.2188092 1.717909 0.3098071 1.06424 0.216223 -0.119565 0.1054197 1.780924 1.361721 1.505284 2.539478 -0.7374215 0.6306384 -0.07975667 -0.09754864 0.365283 0.8674377 0.5348209 2.042403 0.003011075 0.8947499 2.647037 2.036679 3.806478 1.027854 2.617819 1.950296 0.9428642 0.9837307 1.600875 -0.2381146 1.344783 2.737324 0.389908 1.81644 0.8094557 1.226695 1.47061 1.198385 0.7013382 0.4911964 1.445854 -0.2476092 0.6635047 0.7776493 -1.056046 0.109553 1.075795 1.733831 1.366256 1.383441 0.836878 2.573425 1.423456 1.607056 0.5906761 0.5258707 3.000512 1.689096 1.035917 1.835881 -0.6822765 0.716438 -0.07214787
pheno ENSG00000198286 yri -3.003107 -1.15157 -1.494291 -0.3280027 -0.9921499 -0.07258345 -1.534771 -0.1468748 -1.868982 -0.5399439 -2.079289 -0.4116595 1.294252 -2.132182 -0.8271365 -0.6523285 -0.4486378 1.457529 -1.31353 2.746079 -0.02280943 -0.006526834 0.4412589 0.8312726 -1.736391 -0.3114636 -1.825979 1.371646 1.049079 -0.58399 -1.023664 0.03255261 -1.357073 -1.164026 -1.124471 0.5435554 0.06045364 0.4910699 -0.4680139 2.939187 -0.2770152 -0.1703908 -1.154105 -0.7640258 0.2641546 -0.7776583 1.077044 1.529573 -1.374026 -0.2077674 -0.7313433 -1.349772 0.2280481 -2.725086 0.9595529 1.352891 -1.061992 -0.1562312 -0.7381016 0.9815274 0.3125288 0.620839 0.6322439 1.544414 0.03858968 -0.9106257 -2.156887 -0.03865283 -1.691818 -1.113178 -0.5587218 -1.31456 0.05134201 0.3243199 -0.2777289 0.5354561 1.463795
geno chr7.2984346 ceu  0 0 0 0 0 0 0 0 0 0 0 0 0 0 0 0 0 0 0 0 0 0 0 0 0 0 0 0 0 0 0 0 0 0 0 0 0 0 0 0 0 0 0 0 0 1 0 0 0 0 0 0 0 0 0 0 0 0 0 0 0 0 0 0 0 0 0 0 0 0 0 0 0 0 0 0 0 0
geno chr7.2984346 fin  0 0 0 0 0 0 0 0 0 0 0 0 0 0 0 1 0 0 0 0 0 0 0 0 0 0 0 0 0 0 0 0 0 0 0 0 0 0 0 0 0 0 0 0 0 0 0 0 0 0 0 0 0 0 0 0 0 0 0 0 0 0 0 0 0 0 0 0 0 0 0 0 0 0 0 0 0 0 0 0 0 0 0 0 0 0 0 1 0
geno chr7.2984346 gbr  0 0 0 0 0 0 0 0 0 0 0 0 0 0 0 0 0 0 0 0 1 0 0 0 0 0 0 0 0 0 0 0 0 0 0 0 0 0 1 0 0 0 0 0 0 0 0 0 0 0 0 0 0 0 0 0 0 0 0 0 0 0 0 0 0 0 0 0 0 0 0 0 0 0 0 0 0 0 0 0 0 0 0 0
geno chr7.2984346 tsi  0 0 0 0 0 0 0 0 0 0 0 0 0 0 0 0 0 0 0 1 0 0 0 0 0 0 0 0 0 0 0 0 0 0 0 0 0 0 0 0 0 0 0 0 0 0 0 0 1 0 0 0 0 0 0 0 0 0 0 0 0 0 0 0 0 0 0 0 0 0 0 0 0 0 0 0 0 0 1 0 0 0 0 0 0 0 0 0 0 0 0 1
geno chr7.2984346 yri  1 0 0 1 0 0 0 0 0 0 0 1 1 1 0 1 1 0 0 1 1 0 1 0 0 0 1 1 1 1 0 1 0 1 0 0 0 1 1 1 0 0 1 0 0 0 1 0 0 1 0 1 0 0 0 0 1 1 1 0 1 0 0 0 0 0 0 0 0 0 0 1 0 0 0 0 2
geno chr7.2984892 ceu  0 0 0 0 0 0 0 0 0 0 0 0 0 0 0 0 0 0 0 0 0 0 0 0 0 0 0 0 0 0 0 0 0 0 0 0 0 0 0 0 0 0 0 0 0 1 0 0 0 0 0 0 0 0 0 0 0 0 0 0 0 0 0 0 0 0 0 0 0 0 0 0 0 0 0 0 0 0
geno chr7.2984892 fin  0 0 0 0 0 0 0 0 0 0 0 0 0 0 0 1 0 0 0 0 0 0 0 0 0 0 0 0 0 0 0 0 0 0 0 0 0 0 0 0 0 0 0 0 0 0 0 0 0 0 0 0 0 0 0 0 0 0 0 0 0 0 0 0 0 0 0 0 0 0 0 0 0 0 0 0 0 0 0 0 0 0 0 0 0 0 0 1 0
geno chr7.2984892 gbr  0 0 0 0 0 0 0 0 0 0 0 0 0 0 0 0 0 0 0 0 1 0 0 0 0 0 0 0 0 0 0 0 0 0 0 0 0 0 1 0 0 0 0 0 0 0 0 0 0 0 0 0 0 0 0 0 0 0 0 0 0 0 0 0 0 0 0 0 0 0 0 0 0 0 0 0 0 0 0 0 0 0 0 0
geno chr7.2984892 tsi  0 0 0 0 0 0 0 0 0 0 0 0 0 0 0 0 0 0 0 1 0 0 0 0 0 0 0 0 0 0 0 0 0 0 0 0 0 0 0 0 0 0 0 0 0 0 0 0 1 0 0 0 0 0 0 0 0 0 0 0 0 0 0 0 0 0 0 0 0 0 0 0 0 0 0 0 0 0 1 0 0 0 0 0 0 0 0 0 0 0 0 1
geno chr7.2984892 yri  2 0 0 1 0 0 0 0 0 0 1 1 1 1 0 1 1 0 1 1 1 1 1 0 0 1 1 1 1 1 0 1 0 2 0 0 0 1 1 2 0 0 1 0 0 0 1 0 1 1 0 1 1 1 0 0 2 1 1 0 1 0 1 0 0 0 0 0 0 0 0 1 0 0 0 0 2
geno chr7.2984893 ceu  0 0 0 0 0 0 0 0 0 0 0 0 0 0 0 0 0 0 0 0 0 0 0 0 0 0 0 0 0 0 0 0 0 0 0 0 0 0 0 0 0 0 0 0 0 1 0 0 0 0 0 0 0 0 0 0 0 0 0 0 0 0 0 0 0 0 0 0 0 0 0 0 0 0 0 0 0 0
geno chr7.2984893 fin  0 0 0 0 0 0 0 0 0 0 0 0 0 0 0 1 0 0 0 0 0 0 0 0 0 0 0 0 0 0 0 0 0 0 0 0 0 0 0 0 0 0 0 0 0 0 0 0 0 0 0 0 0 0 0 0 0 0 0 0 0 0 0 0 0 0 0 0 0 0 0 0 0 0 0 0 0 0 0 0 0 0 0 0 0 0 0 1 0
geno chr7.2984893 gbr  0 0 0 0 0 0 0 0 0 0 0 0 0 0 0 0 0 0 0 0 1 0 0 0 0 0 0 0 0 0 0 0 0 0 0 0 0 0 1 0 0 0 0 0 0 0 0 0 0 0 0 0 0 0 0 0 0 0 0 0 0 0 0 0 0 0 0 0 0 0 0 0 0 0 0 0 0 0 0 0 0 0 0 0
geno chr7.2984893 tsi  0 0 0 0 0 0 0 0 0 0 0 0 0 0 0 0 0 0 0 1 0 0 0 0 0 0 0 0 0 0 0 0 0 0 0 0 0 0 0 0 0 0 0 0 0 0 0 0 1 0 0 0 0 0 0 0 0 0 0 0 0 0 0 0 0 0 0 0 0 0 0 0 0 0 0 0 0 0 1 0 0 0 0 0 0 0 0 0 0 0 0 1
geno chr7.2984893 yri  2 0 0 1 0 0 0 0 0 0 1 1 1 1 0 1 1 0 1 0 1 1 1 0 0 1 1 1 1 1 0 1 0 2 0 0 0 1 1 2 0 0 1 0 0 0 1 0 1 1 0 1 1 1 0 0 2 1 1 0 1 0 1 0 0 0 0 0 0 0 0 1 0 0 0 0 2
geno chr7.2985075 ceu  2 0 0 0 1 0 0 1 0 0 1 0 0 1 0 0 1 0 2 0 1 0 1 1 1 0 1 1 1 1 0 0 1 1 1 2 1 1 1 0 0 0 0 2 0 0 0 1 0 1 1 0 0 1 0 0 0 0 1 0 0 0 1 1 2 1 0 0 0 1 1 1 0 0 0 1 1 1
geno chr7.2985075 fin  1 1 1 2 0 0 1 1 0 0 1 2 0 1 0 0 1 1 0 0 0 2 2 1 1 1 0 2 1 0 0 2 0 0 0 1 0 0 1 2 1 0 1 1 0 0 0 0 1 1 0 0 0 1 1 0 0 0 2 1 0 0 1 0 1 0 1 0 0 1 0 1 2 1 1 0 0 0 0 1 1 1 0 1 1 1 0 0 2
geno chr7.2985075 gbr  0 2 0 0 0 2 1 0 2 0 0 1 0 1 0 1 1 2 1 0 1 1 1 0 0 2 1 1 0 0 0 0 1 0 0 1 0 1 0 1 0 2 0 1 0 0 1 0 2 1 2 1 1 1 0 0 1 1 0 1 1 0 1 0 0 0 0 1 0 1 0 1 0 0 2 1 2 0 0 1 1 1 1 0
geno chr7.2985075 tsi  0 1 0 0 0 0 0 1 0 0 0 2 0 0 0 1 0 0 0 0 0 0 0 0 1 0 0 0 0 0 1 0 0 0 0 1 0 0 0 0 1 1 0 0 1 1 0 0 1 0 0 1 0 0 1 1 1 0 2 1 1 0 1 0 2 2 0 0 1 1 0 0 1 1 1 0 0 2 1 0 1 0 0 0 0 0 0 0 1 1 0 0
geno chr7.2985075 yri  0 1 1 1 2 1 2 0 1 1 1 1 1 1 0 1 1 2 0 0 1 0 1 2 1 0 0 1 1 1 2 1 1 0 1 2 2 0 1 0 1 1 1 1 2 0 1 2 1 1 1 1 0 1 1 2 0 1 1 2 1 2 2 2 0 0 2 0 2 1 0 0 2 2 0 1 0
geno chr7.2985586 ceu  0 0 0 0 0 0 0 0 0 0 0 0 0 0 0 0 0 0 0 0 0 0 0 0 0 0 0 0 0 0 0 0 0 0 0 0 0 0 0 0 0 0 0 0 0 1 0 0 0 0 0 0 0 0 0 0 0 0 0 0 0 0 0 0 0 0 0 0 0 0 0 0 0 0 0 0 0 0
geno chr7.2985586 fin  0 0 0 0 0 0 0 0 0 0 0 0 0 0 0 1 0 0 0 0 0 0 0 0 0 0 0 0 0 0 0 0 0 0 0 0 0 0 0 0 0 0 0 0 0 0 0 0 0 0 0 0 0 0 0 0 0 0 0 0 0 0 0 0 0 0 0 0 0 0 0 0 0 0 0 0 0 0 0 0 0 0 0 0 0 0 0 1 0
geno chr7.2985586 gbr  0 0 0 0 0 0 0 0 0 0 0 0 0 0 0 0 0 0 0 0 1 0 0 0 0 0 0 0 0 0 0 0 0 0 0 0 0 0 1 0 0 0 0 0 0 0 0 0 0 0 0 0 0 0 0 0 0 0 0 0 0 0 0 0 0 0 0 0 0 0 0 0 0 0 0 0 0 0 0 0 0 0 0 0
geno chr7.2985586 tsi  0 0 0 0 0 0 0 0 0 0 0 0 0 0 0 0 0 0 0 1 0 0 0 0 0 0 0 0 0 0 0 0 0 0 0 0 0 0 0 0 0 0 0 0 0 0 0 0 1 0 0 0 0 0 0 0 0 0 0 0 0 0 0 0 0 0 0 0 0 0 0 0 0 0 0 0 0 0 1 0 0 0 0 0 0 0 0 0 0 0 0 1
geno chr7.2985586 yri  1 0 0 1 0 0 0 0 0 0 0 1 1 1 0 1 1 0 0 1 1 0 1 0 0 0 1 1 1 1 0 1 0 1 0 0 0 1 1 1 0 0 1 0 0 0 1 0 0 1 0 1 0 0 0 0 1 1 1 0 1 0 0 0 0 0 0 0 0 0 0 1 0 0 0 0 2
geno chr7.2985749 ceu  0 0 0 0 0 0 0 0 0 0 1 0 0 0 0 0 1 0 1 0 1 0 0 0 0 0 1 1 1 1 0 0 1 0 1 0 0 0 0 0 0 0 0 2 0 0 0 1 0 0 0 0 0 1 0 0 0 0 1 0 0 0 0 0 1 1 0 0 0 0 1 0 0 0 0 0 1 1
geno chr7.2985749 fin  0 0 1 0 0 0 0 0 0 0 1 1 0 0 0 0 1 1 0 0 0 2 0 1 1 1 0 2 0 0 0 0 0 0 0 0 0 0 0 1 1 0 1 0 0 0 0 0 0 1 0 0 0 0 1 0 0 0 2 0 0 0 1 0 1 0 1 0 0 1 0 0 1 1 1 0 0 0 0 0 1 0 0 1 1 0 0 0 1
geno chr7.2985749 gbr  0 1 0 0 0 1 0 0 0 0 0 1 0 0 0 1 0 2 1 0 0 0 0 0 0 2 1 0 0 0 0 0 1 0 0 1 0 0 0 0 0 0 0 0 0 0 0 0 0 1 1 0 0 0 0 0 0 1 0 0 0 0 0 0 0 0 0 0 0 0 0 0 0 0 1 0 0 0 0 1 0 0 0 0
geno chr7.2985749 tsi  0 1 0 0 0 0 0 0 0 0 0 0 0 0 0 0 0 0 0 0 0 0 0 0 0 0 0 0 0 0 1 0 0 0 0 0 0 0 0 0 0 0 0 0 1 0 0 0 0 0 0 0 0 0 1 0 1 0 1 1 0 0 0 0 0 1 0 0 0 0 0 0 1 1 0 0 0 0 0 0 0 0 0 0 0 0 0 0 0 0 0 0
geno chr7.2985749 yri  0 0 0 0 0 0 0 0 0 0 0 0 0 0 0 0 0 0 0 0 0 0 0 0 0 0 0 0 0 0 0 0 0 0 0 0 0 0 0 0 0 0 0 0 0 0 0 0 0 0 0 0 0 0 0 0 0 0 0 0 0 0 0 0 0 0 0 0 0 0 0 0 0 0 0 0 0
geno chr7.2985759 ceu  0 0 0 0 0 0 0 0 0 0 0 0 1 1 0 0 0 0 0 0 0 0 0 0 0 0 0 0 0 0 0 0 0 0 0 0 0 0 0 0 0 0 0 0 0 0 0 0 0 0 0 0 0 0 0 0 0 0 0 0 1 0 0 0 0 0 0 0 0 0 0 0 0 0 0 0 0 0
geno chr7.2985759 fin  0 0 0 0 0 0 0 0 0 0 0 0 0 0 0 0 0 0 0 0 0 0 0 0 0 0 0 0 0 0 0 0 0 0 0 0 1 0 0 0 0 0 0 0 0 0 0 0 0 0 0 0 0 0 0 0 0 0 0 0 0 0 0 0 0 0 0 0 0 0 0 0 0 0 0 0 0 0 0 0 0 0 0 0 0 0 0 0 0
geno chr7.2985759 gbr  0 0 0 0 0 0 0 0 0 0 0 0 0 0 0 0 0 0 0 0 0 0 0 0 0 0 0 0 0 0 0 0 0 0 0 0 0 0 0 0 0 0 0 0 0 0 0 0 0 0 0 0 0 0 0 0 0 0 0 0 0 0 0 0 0 0 0 0 0 1 0 0 0 0 0 0 0 0 0 0 0 0 0 0
geno chr7.2985759 tsi  0 0 0 0 0 0 0 0 0 0 0 0 0 0 0 0 0 0 0 0 0 0 0 0 0 0 0 0 0 0 0 0 0 0 0 0 0 0 0 0 0 0 0 0 0 0 0 0 0 0 0 0 0 0 0 0 0 0 0 0 0 0 0 0 0 0 0 0 0 0 0 0 0 0 0 0 0 0 0 0 0 0 0 0 0 0 0 0 0 0 0 0
geno chr7.2985759 yri  1 1 0 0 0 0 0 2 0 1 1 0 0 0 0 0 0 0 1 1 0 2 0 0 0 2 0 0 0 0 0 0 1 1 1 0 0 0 0 1 0 1 0 0 0 1 0 0 1 0 0 0 2 1 0 0 1 0 0 0 0 0 0 0 1 2 0 1 0 0 1 0 0 0 1 1 0
geno chr7.2985857 ceu  1 0 0 0 0 0 0 1 1 0 1 0 0 1 0 0 1 0 2 0 1 0 1 2 1 0 1 1 1 1 0 1 1 1 1 2 1 1 1 0 0 0 0 2 1 0 1 1 0 1 1 0 1 1 2 0 0 0 1 0 0 1 1 1 2 1 0 0 0 1 1 1 0 0 0 1 1 1
geno chr7.2985857 fin  1 1 2 2 0 0 1 1 1 0 1 2 0 0 0 0 1 2 0 0 0 2 2 1 1 1 0 2 1 0 0 1 0 1 1 1 0 0 1 2 1 1 1 1 0 0 1 0 0 2 0 1 0 1 2 0 0 0 2 1 0 0 1 0 1 0 1 0 0 1 0 1 2 1 1 0 0 0 0 1 1 0 0 1 2 1 0 1 2
geno chr7.2985857 gbr  0 2 0 0 0 2 1 0 1 0 0 1 1 1 0 1 1 2 2 0 0 0 2 1 1 2 1 1 0 0 0 1 1 0 0 1 1 0 0 1 0 2 0 1 0 0 1 0 2 1 2 1 1 1 0 0 1 1 0 1 1 0 1 0 1 0 0 1 1 1 0 1 0 0 2 1 2 0 1 1 1 1 1 1
geno chr7.2985857 tsi  0 1 0 0 0 0 0 1 1 0 0 2 0 0 0 1 0 0 0 0 0 0 0 0 1 0 0 0 0 0 1 0 0 0 0 1 0 0 0 0 1 1 0 0 1 1 0 0 1 0 1 1 0 0 1 1 1 0 2 1 1 0 1 0 2 2 0 0 0 1 0 0 1 1 1 0 0 2 1 1 1 0 0 0 0 0 0 1 1 1 0 0
geno chr7.2985857 yri  0 1 1 1 2 2 2 0 1 1 1 1 1 1 1 1 1 2 0 0 1 0 1 2 1 0 1 1 1 1 2 1 1 0 1 2 2 0 1 0 1 1 1 2 2 0 1 2 1 1 1 1 0 1 1 2 0 1 1 2 1 2 1 2 1 0 2 0 2 1 0 0 2 2 0 1 0
geno chr7.2986355 ceu  1 0 0 0 1 0 0 1 1 0 1 0 1 2 0 0 1 0 2 0 1 0 1 2 1 0 1 1 1 1 0 1 1 1 1 2 1 1 1 0 0 0 0 2 1 1 1 1 0 1 1 0 1 1 2 0 0 0 1 0 1 1 1 1 2 1 0 0 0 1 1 1 0 0 0 1 1 1
geno chr7.2986355 fin  1 1 2 2 0 0 1 1 1 0 1 2 0 0 0 1 1 2 0 0 0 2 2 1 1 1 0 2 1 0 0 1 0 1 1 1 1 0 1 2 1 1 1 1 0 0 1 0 0 2 0 1 0 1 2 0 0 0 2 1 0 0 1 0 1 0 1 0 0 1 0 1 2 1 1 0 0 0 0 1 1 0 0 1 2 1 0 2 2
geno chr7.2986355 gbr  0 2 0 0 0 2 1 0 2 0 0 1 1 1 0 1 1 2 2 0 1 0 2 1 1 2 1 1 0 0 0 1 1 0 0 1 1 1 1 1 0 2 0 1 0 0 1 0 2 1 2 1 1 1 0 0 1 1 0 1 1 0 1 0 1 0 0 1 1 2 0 1 0 0 2 1 2 0 1 1 1 1 1 1
geno chr7.2986355 tsi  0 1 0 0 0 0 0 1 1 0 0 1 0 0 0 1 0 0 0 1 0 0 0 0 1 0 0 0 0 0 1 0 0 0 0 1 0 0 0 0 1 1 0 0 1 1 0 0 2 0 1 1 0 0 1 1 1 0 2 1 1 0 1 0 1 2 0 0 0 0 0 0 1 1 1 0 0 2 2 1 1 0 0 0 0 0 0 1 1 1 0 1
geno chr7.2986355 yri  2 2 1 2 2 2 2 2 1 2 2 2 2 2 1 2 2 2 1 2 2 2 2 2 1 2 2 2 2 2 2 2 2 2 2 2 2 1 2 2 1 2 2 2 2 1 2 2 2 2 1 2 2 2 1 2 2 2 2 2 2 2 2 2 2 2 2 1 2 1 1 2 2 2 1 2 2
geno chr7.2986794 ceu  1 0 0 0 1 0 0 1 1 0 1 0 0 1 0 0 1 0 2 0 1 0 1 2 1 0 1 1 1 1 0 1 1 1 1 2 1 1 1 0 0 0 0 2 1 0 1 1 0 1 1 0 1 1 2 0 0 0 1 0 0 1 1 1 2 1 0 0 0 1 1 1 0 0 0 1 1 1
geno chr7.2986794 fin  1 1 1 2 0 0 1 1 1 0 1 2 0 0 0 0 1 2 0 0 0 2 2 1 1 1 0 2 1 0 0 1 0 1 1 1 0 0 1 2 1 1 1 1 0 0 1 0 0 2 0 1 0 1 1 0 0 0 2 1 0 0 1 0 1 0 1 0 0 1 0 1 2 1 1 0 0 0 0 1 1 0 0 1 2 1 0 1 2
geno chr7.2986794 gbr  0 2 0 0 0 2 1 0 2 0 0 1 1 1 0 1 1 2 2 0 0 0 2 1 1 2 1 1 0 0 0 1 1 0 0 1 1 1 0 1 0 2 0 1 0 0 1 0 2 1 2 1 1 1 0 0 1 1 0 1 1 0 1 0 1 0 0 1 1 1 0 1 0 0 2 1 2 0 1 1 1 1 1 1
geno chr7.2986794 tsi  0 1 0 0 0 0 0 1 1 0 0 1 0 0 0 1 0 0 0 0 0 0 0 0 1 0 0 0 0 0 1 0 0 0 0 1 0 0 0 0 1 1 0 0 1 1 0 0 1 0 1 1 0 0 1 1 1 0 2 1 1 0 1 0 1 2 0 0 0 0 0 0 1 1 1 0 0 2 1 1 1 0 0 0 0 0 0 0 1 1 0 0
geno chr7.2986794 yri  0 1 1 1 2 1 2 0 1 1 1 1 1 1 1 1 1 2 0 0 1 0 1 2 1 0 0 1 1 1 2 1 1 1 1 2 2 0 1 1 1 1 1 1 2 0 1 2 1 1 1 1 0 1 1 2 0 1 1 2 1 2 1 2 0 0 2 0 2 1 0 0 2 2 0 1 0
geno chr7.2987608 ceu  0 0 0 0 0 0 0 1 0 0 1 0 1 2 0 0 1 0 2 0 1 0 1 1 1 0 1 1 1 1 0 0 1 1 1 2 1 1 1 0 0 0 0 2 0 1 0 1 0 1 1 0 0 1 0 0 0 0 1 0 1 0 1 1 2 1 0 0 0 1 1 1 0 0 0 1 1 1
geno chr7.2987608 fin  1 1 1 2 0 0 1 1 0 0 1 2 0 0 0 1 1 1 0 0 0 2 2 1 1 1 0 2 1 0 0 1 0 0 0 1 1 0 1 2 1 0 1 1 0 0 0 0 0 1 0 0 0 1 1 0 0 0 2 1 0 0 1 0 1 0 1 0 0 1 0 1 2 1 1 0 0 0 0 1 1 0 0 1 1 1 0 1 2
geno chr7.2987608 gbr  0 2 0 0 0 2 1 0 1 0 0 1 0 0 0 1 1 2 1 0 1 0 1 0 0 2 1 1 0 0 0 0 1 0 0 1 0 0 1 1 0 2 0 1 0 0 1 0 2 1 2 1 1 1 0 0 1 1 0 1 1 0 1 0 0 0 0 1 0 2 0 1 0 0 2 1 2 0 0 1 1 1 1 1
geno chr7.2987608 tsi  0 1 0 0 0 0 0 1 0 0 0 1 0 0 0 1 0 0 0 1 0 0 0 0 1 0 0 0 0 0 1 0 0 0 0 1 0 0 0 0 1 1 0 0 1 1 0 0 2 0 0 1 0 0 1 1 1 0 2 1 1 0 1 0 1 2 0 0 0 0 0 0 1 1 1 0 0 2 2 0 1 0 0 0 0 0 0 0 1 1 0 1
geno chr7.2987608 yri  1 2 1 2 2 1 2 1 1 2 1 2 2 2 0 2 2 2 0 1 2 1 2 2 1 0 1 2 2 2 2 2 2 1 1 2 2 1 2 1 1 2 2 1 2 1 2 2 1 2 1 2 0 2 1 2 1 2 2 2 2 2 1 2 0 1 2 0 2 1 0 2 2 2 0 2 2
geno chr7.2987803 ceu  0 0 0 0 0 0 0 1 0 0 1 0 0 1 0 0 1 0 2 0 1 0 1 1 1 0 1 1 1 1 0 0 1 1 1 2 1 1 1 0 0 0 0 2 0 0 0 1 0 1 1 0 0 1 0 0 0 0 1 0 0 0 1 1 2 1 0 0 0 1 1 1 0 0 0 1 1 1
geno chr7.2987803 fin  1 1 1 2 0 0 1 1 0 0 1 2 0 0 0 0 1 1 0 0 0 2 2 1 1 1 0 2 1 0 0 1 0 0 0 1 0 0 1 2 1 0 1 1 0 0 0 0 0 1 0 0 0 1 1 0 0 0 2 1 0 0 1 0 1 0 1 0 0 1 0 1 2 1 1 0 0 0 0 1 1 0 0 1 1 1 0 0 2
geno chr7.2987803 gbr  0 2 0 0 0 2 1 0 1 0 0 1 0 0 0 1 1 2 1 0 0 0 1 0 0 2 1 1 0 0 0 0 1 0 0 1 0 0 0 1 0 2 0 1 0 0 1 0 2 1 2 1 1 1 0 0 1 1 0 1 1 0 1 0 0 0 0 1 0 1 0 1 0 0 2 1 2 0 0 1 1 1 1 1
geno chr7.2987803 tsi  0 1 0 0 0 0 0 1 0 0 0 1 0 0 0 1 0 0 0 0 0 0 0 0 1 0 0 0 0 0 1 0 0 0 0 1 0 0 0 0 1 1 0 0 1 1 0 0 1 0 0 1 0 0 1 1 1 0 2 1 1 0 1 0 1 2 0 0 0 0 0 0 1 1 1 0 0 2 1 0 1 0 0 0 0 0 0 0 1 1 0 0
geno chr7.2987803 yri  0 1 1 1 2 1 2 0 1 1 1 1 1 1 0 1 1 2 0 0 1 0 1 2 1 0 0 1 1 1 2 1 1 0 1 2 2 0 1 0 1 1 1 1 2 0 1 2 1 1 1 1 0 1 1 2 0 1 1 2 1 2 1 2 0 0 2 0 2 1 0 0 2 2 0 1 0
geno chr7.2987922 ceu  0 0 0 0 0 0 0 0 0 0 0 0 0 0 0 0 0 0 0 0 0 0 0 0 0 0 0 0 0 0 0 0 0 0 0 0 0 0 0 0 0 0 0 0 0 1 0 0 0 0 0 0 0 0 0 0 0 0 0 0 0 0 0 0 0 0 0 0 0 0 0 0 0 0 0 0 0 0
geno chr7.2987922 fin  0 0 0 0 0 0 0 0 0 0 0 0 0 0 0 1 0 0 0 0 0 0 0 0 0 0 0 0 0 0 0 0 0 0 0 0 0 0 0 0 0 0 0 0 0 0 0 0 0 0 0 0 0 0 0 0 0 0 0 0 0 0 0 0 0 0 0 0 0 0 0 0 0 0 0 0 0 0 0 0 0 0 0 0 0 0 0 1 0
geno chr7.2987922 gbr  0 0 0 0 0 0 0 0 0 0 0 0 0 0 0 0 0 0 0 0 1 0 0 0 0 0 0 0 0 0 0 0 0 0 0 0 0 0 1 0 0 0 0 0 0 0 0 0 0 0 0 0 0 0 0 0 0 0 0 0 0 0 0 0 0 0 0 0 0 0 0 0 0 0 0 0 0 0 0 0 0 0 0 0
geno chr7.2987922 tsi  0 0 0 0 0 0 0 0 0 0 0 0 0 0 0 0 0 0 0 1 0 0 0 0 0 0 0 0 0 0 0 0 0 0 0 0 0 0 0 0 0 0 0 0 0 0 0 0 1 0 0 0 0 0 0 0 0 0 0 0 0 0 0 0 0 0 0 0 0 0 0 0 0 0 0 0 0 0 1 0 0 0 0 0 0 0 0 0 0 0 0 1
geno chr7.2987922 yri  1 0 0 1 0 0 0 0 0 0 0 1 1 1 0 1 1 0 0 1 1 0 1 0 0 0 1 1 1 1 0 1 0 1 0 0 0 1 1 1 0 0 1 0 0 0 1 0 0 1 0 1 0 0 0 0 1 1 1 0 1 0 0 0 0 0 0 0 0 0 0 2 0 0 0 0 2
geno chr7.2987930 ceu  0 0 0 0 0 0 0 0 0 0 0 0 0 0 0 0 0 0 0 0 0 0 0 0 0 0 0 0 0 0 0 0 0 0 0 0 0 0 0 0 0 0 0 0 0 1 0 0 0 0 0 0 0 0 0 0 0 0 0 0 0 0 0 0 0 0 0 0 0 0 0 0 0 0 0 0 0 0
geno chr7.2987930 fin  0 0 0 0 0 0 0 0 0 0 0 0 0 0 0 1 0 0 0 0 0 0 0 0 0 0 0 0 0 0 0 0 0 0 0 0 0 0 0 0 0 0 0 0 0 0 0 0 0 0 0 0 0 0 0 0 0 0 0 0 0 0 0 0 0 0 0 0 0 0 0 0 0 0 0 0 0 0 0 0 0 0 0 0 0 0 0 1 0
geno chr7.2987930 gbr  0 0 0 0 0 0 0 0 0 0 0 0 0 0 0 0 0 0 0 0 1 0 0 0 0 0 0 0 0 0 0 0 0 0 0 0 0 0 1 0 0 0 0 0 0 0 0 0 0 0 0 0 0 0 0 0 0 0 0 0 0 0 0 0 0 0 0 0 0 0 0 0 0 0 0 0 0 0 0 0 0 0 0 0
geno chr7.2987930 tsi  0 0 0 0 0 0 0 0 0 0 0 0 0 0 0 0 0 0 0 1 0 0 0 0 0 0 0 0 0 0 0 0 0 0 0 0 0 0 0 0 0 0 0 0 0 0 0 0 1 0 0 0 0 0 0 0 0 0 0 0 0 0 0 0 0 0 0 0 0 0 0 0 0 0 0 0 0 0 1 0 0 0 0 0 0 0 0 0 0 0 0 1
geno chr7.2987930 yri  1 0 0 1 0 0 0 0 0 0 0 1 1 1 0 1 1 0 0 1 1 0 1 0 0 0 1 1 1 1 0 1 0 1 0 0 0 1 1 1 0 0 1 0 0 0 1 0 0 1 0 1 0 0 0 0 1 1 1 0 1 0 0 0 0 0 0 0 0 0 0 1 0 0 0 0 2
geno chr7.2989991 ceu  0 0 0 0 0 0 0 0 0 0 0 0 0 0 0 0 0 0 0 0 0 0 0 0 0 0 0 0 0 0 0 0 0 0 0 0 0 0 0 0 0 0 0 0 0 1 0 0 0 0 0 0 0 0 0 0 0 0 0 0 0 0 0 0 0 0 0 0 0 0 0 0 0 0 0 0 0 0
geno chr7.2989991 fin  0 0 0 0 0 0 0 0 0 0 0 0 0 0 0 1 0 0 0 0 0 0 0 0 0 0 0 0 0 0 0 0 0 0 0 0 0 0 0 0 0 0 0 0 0 0 0 0 0 0 0 0 0 0 0 0 0 0 0 0 0 0 0 0 0 0 0 0 0 0 0 0 0 0 0 0 0 0 0 0 0 0 0 0 0 0 0 1 0
geno chr7.2989991 gbr  0 0 0 0 0 0 0 0 0 0 0 0 0 0 0 0 0 0 0 0 1 0 0 0 0 0 0 0 0 0 0 0 0 0 0 0 0 0 1 0 0 0 0 0 0 0 0 0 0 0 0 0 0 0 0 0 0 0 0 0 0 0 0 0 0 0 0 0 0 0 0 0 0 0 0 0 0 0 0 0 0 0 0 0
geno chr7.2989991 tsi  0 0 0 0 0 0 0 0 0 0 0 0 0 0 0 0 0 0 0 1 0 0 0 0 0 0 0 0 0 0 0 0 0 0 0 0 0 0 0 0 0 0 0 0 0 0 0 0 1 0 0 0 0 0 0 0 0 0 0 0 0 0 0 0 0 0 0 0 0 0 0 0 0 0 0 0 0 0 1 0 0 0 0 0 0 0 0 0 0 0 0 1
geno chr7.2989991 yri  1 0 0 1 0 0 0 0 0 0 0 1 1 1 0 1 1 0 0 1 1 0 1 0 0 0 1 1 1 1 0 1 0 1 0 0 0 1 1 1 0 0 0 0 0 0 1 0 0 0 0 1 0 0 0 0 1 1 1 0 1 0 0 0 0 0 0 0 0 0 0 1 0 0 0 0 2
geno chr7.2990009 ceu  2 0 0 0 1 0 0 1 0 0 1 0 0 1 0 0 1 0 2 0 1 0 1 1 1 0 1 1 1 1 0 0 1 1 1 2 1 1 1 0 0 0 0 2 0 0 0 1 0 1 1 0 0 1 0 0 0 0 1 0 0 0 1 1 2 1 0 0 0 1 1 1 0 0 0 1 1 1
geno chr7.2990009 fin  1 1 2 2 0 0 1 1 0 0 1 2 0 1 0 0 1 1 0 0 0 2 2 1 1 1 0 2 1 0 0 2 0 0 0 1 0 0 1 2 1 0 1 1 0 0 0 0 1 1 0 0 0 1 2 0 0 0 2 1 0 0 1 0 1 0 1 0 0 1 0 1 2 1 1 0 0 0 0 1 1 1 0 1 1 1 0 0 2
geno chr7.2990009 gbr  0 2 0 0 0 2 1 0 2 0 0 1 0 1 0 1 1 2 1 0 1 1 1 0 0 2 1 1 0 0 0 0 1 0 0 1 0 1 0 1 0 2 0 1 0 0 1 0 2 1 2 1 1 1 0 0 1 1 0 1 1 0 1 0 0 0 0 1 0 1 0 1 0 0 2 1 2 0 0 1 1 1 1 1
geno chr7.2990009 tsi  0 1 0 0 0 0 0 1 0 0 0 2 0 0 0 1 0 0 0 0 0 0 0 0 1 0 0 0 0 0 1 0 0 0 0 1 0 0 0 0 1 1 0 0 1 1 0 0 1 0 0 1 0 0 1 1 1 0 2 1 1 0 1 0 2 2 0 0 1 1 0 0 1 1 1 0 0 2 1 0 1 0 0 0 0 0 0 1 1 1 0 0
geno chr7.2990009 yri  0 1 1 1 2 2 2 0 1 1 1 1 1 1 0 1 1 2 0 0 1 0 1 2 1 0 1 1 1 1 2 1 1 0 1 2 2 0 1 0 1 1 1 2 2 0 1 2 1 1 1 1 0 1 1 2 0 1 1 2 1 2 1 2 1 0 2 0 2 1 0 0 2 2 0 1 0
geno chr7.2990133 ceu  2 0 0 0 1 0 0 1 0 0 1 0 1 2 0 0 1 0 2 0 1 0 1 1 1 0 1 1 1 1 0 0 1 1 1 2 1 1 1 0 0 0 0 2 0 1 0 1 0 1 1 0 0 1 0 0 0 0 1 0 1 0 1 1 2 1 0 0 0 1 1 1 0 0 0 1 1 1
geno chr7.2990133 fin  1 1 2 2 0 0 1 1 0 0 1 2 0 1 0 1 1 1 0 0 0 2 2 1 1 1 0 2 1 0 0 2 0 0 0 1 1 0 1 2 1 0 1 1 0 0 0 0 1 1 0 0 0 1 2 0 0 0 2 1 0 0 1 0 1 0 1 0 0 1 0 1 2 1 1 0 0 0 0 1 1 1 0 1 1 1 0 1 2
geno chr7.2990133 gbr  0 2 0 0 0 2 1 0 2 0 0 1 0 1 0 1 1 2 1 0 2 1 1 0 0 2 1 1 0 0 0 0 1 0 0 1 0 1 1 1 0 2 0 1 0 0 1 0 2 1 2 1 1 1 0 0 1 1 0 1 1 0 1 0 0 0 0 1 0 2 0 1 0 0 2 1 2 0 0 1 1 1 1 1
geno chr7.2990133 tsi  0 1 0 0 0 0 0 1 0 0 0 2 0 0 0 1 0 0 0 1 0 0 0 0 1 0 0 0 0 0 1 0 0 0 0 1 0 0 0 0 1 1 0 0 1 1 0 0 2 0 0 1 0 0 1 1 1 0 2 1 1 0 1 0 2 2 0 0 1 1 0 0 1 1 1 0 0 2 2 0 1 0 0 0 0 0 0 1 1 1 0 1
geno chr7.2990133 yri  2 2 1 2 2 2 2 2 1 2 2 2 2 2 0 2 2 2 1 2 2 2 2 2 1 2 2 2 2 2 2 2 2 2 2 2 2 1 2 2 1 2 2 2 2 1 2 2 2 2 1 2 2 2 1 2 2 2 2 2 2 2 2 2 2 2 2 1 2 1 1 2 2 2 1 2 2
geno chr7.2991777 ceu  0 0 0 0 0 0 0 1 0 0 1 0 0 1 0 0 1 0 2 0 1 0 1 1 1 0 1 1 1 1 0 0 1 1 1 2 1 1 1 0 0 0 0 2 0 0 0 1 0 1 1 0 0 1 0 0 0 0 1 0 0 0 1 1 2 1 0 0 0 1 1 1 0 0 0 1 1 1
geno chr7.2991777 fin  1 1 1 2 0 0 1 1 0 0 1 2 0 1 0 0 1 1 0 0 0 2 2 1 1 1 0 2 1 0 0 2 0 0 0 1 0 0 1 2 1 0 1 1 0 0 0 0 1 1 0 0 0 1 1 0 0 0 2 1 0 0 1 0 1 0 1 0 0 1 0 1 2 1 1 0 0 0 0 1 1 1 0 1 1 1 0 0 2
geno chr7.2991777 gbr  0 2 0 0 0 2 1 0 1 0 0 1 0 1 0 1 1 2 1 0 1 1 1 0 0 2 1 1 0 0 0 0 1 0 0 1 0 0 0 1 0 2 0 1 0 0 1 0 2 1 2 1 1 1 0 0 1 1 0 1 1 0 1 0 0 0 0 1 0 1 0 1 0 0 2 1 2 0 0 1 1 1 1 1
geno chr7.2991777 tsi  0 1 0 0 0 0 0 1 0 0 0 1 0 0 0 1 0 0 0 0 0 0 0 0 1 0 0 0 0 0 1 0 0 0 0 1 0 0 0 0 1 1 0 0 1 1 0 0 1 0 0 1 0 0 1 1 1 0 2 1 1 0 1 0 1 2 0 0 1 0 0 0 1 1 1 0 0 2 1 0 1 0 0 0 0 0 0 0 1 1 0 0
geno chr7.2991777 yri  0 1 1 1 2 1 2 0 1 1 1 1 1 1 0 1 1 2 0 0 1 0 1 2 1 0 0 1 1 1 2 1 1 0 1 2 2 0 1 0 1 1 1 1 2 0 1 2 1 1 1 1 0 1 1 2 0 1 1 2 1 2 1 2 0 0 2 0 2 1 0 0 2 2 0 1 0
geno chr7.2992656 ceu  2 0 0 0 1 0 0 1 0 0 1 0 0 1 0 0 1 0 2 0 1 0 1 1 1 0 1 1 1 1 0 0 1 1 1 2 1 1 1 0 0 0 0 2 0 0 0 1 0 1 1 0 0 1 0 0 0 0 1 0 0 0 1 1 2 1 0 0 0 1 1 1 0 0 0 1 1 1
geno chr7.2992656 fin  1 1 2 2 0 0 1 1 0 0 1 2 0 1 0 0 1 1 0 0 0 2 2 1 1 1 0 2 1 0 0 2 0 0 0 1 0 0 1 2 1 0 1 1 0 0 0 0 1 1 0 0 0 1 2 0 0 0 2 1 0 0 1 0 1 0 1 0 0 1 0 1 2 1 1 0 0 0 0 1 1 1 0 1 1 1 0 0 2
geno chr7.2992656 gbr  0 2 0 0 0 2 1 0 2 0 0 1 0 1 0 1 1 2 1 0 1 1 1 0 0 2 1 1 0 0 0 0 1 0 0 1 0 1 1 1 0 2 0 1 0 0 1 0 2 1 2 1 1 1 0 0 1 1 0 1 1 0 1 0 0 0 0 1 0 1 0 1 0 0 2 1 2 0 0 1 1 1 1 1
geno chr7.2992656 tsi  0 1 0 0 0 0 0 1 0 0 0 2 0 0 0 1 0 0 0 0 0 0 0 0 1 0 0 0 0 0 1 0 0 0 0 1 0 0 0 0 1 1 0 0 1 1 0 0 1 0 0 1 0 0 1 1 1 0 2 1 1 0 1 0 2 2 0 0 1 1 0 0 1 1 1 0 0 2 1 0 1 0 0 0 0 0 0 1 1 1 0 0
geno chr7.2992656 yri  0 1 1 1 2 1 2 0 1 1 1 1 1 1 0 1 1 2 0 0 1 0 1 2 1 0 0 1 1 1 2 1 1 0 1 2 2 0 1 0 1 1 1 1 2 0 1 2 1 1 1 1 0 1 1 2 0 1 1 2 1 2 1 2 0 0 2 0 2 1 0 1 2 2 0 1 0
geno chr7.2993433 ceu  0 0 0 0 0 0 0 0 0 0 0 0 0 0 0 0 0 0 0 0 0 0 0 0 0 0 0 0 0 0 0 0 0 0 0 0 0 0 0 0 0 0 0 0 0 1 0 0 0 0 0 0 0 0 0 0 0 0 0 0 0 0 0 0 0 0 0 0 0 0 0 0 0 0 0 0 0 0
geno chr7.2993433 fin  0 0 0 0 0 0 0 0 0 0 0 0 0 0 0 1 0 0 0 0 0 0 0 0 0 0 0 0 0 0 0 0 0 0 0 0 0 0 0 0 0 0 0 0 0 0 0 0 0 0 0 0 0 0 0 0 0 0 0 0 0 0 0 0 0 0 0 0 0 0 0 0 0 0 0 0 0 0 0 0 0 0 0 0 0 0 0 1 0
geno chr7.2993433 gbr  0 0 0 0 0 0 0 0 0 0 0 0 0 0 0 0 0 0 0 0 1 0 0 0 0 0 0 0 0 0 0 0 0 0 0 0 0 0 1 0 0 0 0 0 0 0 0 0 0 0 0 0 0 0 0 0 0 0 0 0 0 0 0 0 0 0 0 0 0 0 0 0 0 0 0 0 0 0 0 0 0 0 0 0
geno chr7.2993433 tsi  0 0 0 0 0 0 0 0 0 0 0 0 0 0 0 0 0 0 0 0 0 0 0 0 0 0 0 0 0 0 0 0 0 0 0 0 0 0 0 0 0 0 0 0 0 0 0 0 1 0 0 0 0 0 0 0 0 0 0 0 0 0 0 0 0 0 0 0 0 0 0 0 0 0 0 0 0 0 1 0 0 0 0 0 0 0 0 0 0 0 0 1
geno chr7.2993433 yri  1 0 0 1 0 0 0 0 0 0 0 1 1 1 0 1 1 0 0 1 1 0 1 0 0 0 0 1 1 1 0 1 0 1 0 0 0 1 0 1 0 0 0 0 0 0 1 0 0 0 0 1 0 0 0 0 1 1 1 0 1 0 0 0 0 0 0 0 0 0 0 1 0 0 0 0 2
geno chr7.2994532 ceu  0 0 0 0 0 0 0 0 0 0 0 0 0 0 0 0 0 0 0 0 0 0 0 0 0 0 0 0 0 0 0 0 0 0 0 0 0 0 0 0 0 0 0 0 0 1 0 0 0 0 0 0 0 0 0 0 0 0 0 0 0 0 0 0 0 0 0 0 0 0 0 0 0 0 0 0 0 0
geno chr7.2994532 fin  0 0 0 0 0 0 0 0 0 0 0 0 0 0 0 1 0 0 0 0 0 0 0 0 0 0 0 0 0 0 0 0 0 0 0 0 0 0 0 0 0 0 0 0 0 0 0 0 0 0 0 0 0 0 0 0 0 0 0 0 0 0 0 0 0 0 0 0 0 0 0 0 0 0 0 0 0 0 0 0 0 0 0 0 0 0 0 1 0
geno chr7.2994532 gbr  0 0 0 0 0 0 0 0 0 0 0 0 0 0 0 0 0 0 0 0 1 0 0 0 0 0 0 0 0 0 0 0 0 0 0 0 0 0 1 0 0 0 0 0 0 0 0 0 0 0 0 0 0 0 0 0 0 0 0 0 0 0 0 0 0 0 0 0 0 0 0 0 0 0 0 0 0 0 0 0 0 0 0 0
geno chr7.2994532 tsi  0 0 0 0 0 0 0 0 0 0 0 0 0 0 0 0 0 0 0 0 0 0 0 0 0 0 0 0 0 0 0 0 0 0 0 0 0 0 0 0 0 0 0 0 0 0 0 0 1 0 0 0 0 0 0 0 0 0 0 0 0 0 0 0 0 0 0 0 0 0 0 0 0 0 0 0 0 0 1 0 0 0 0 0 0 0 0 0 0 0 0 1
geno chr7.2994532 yri  1 1 0 1 0 0 0 0 0 1 1 0 0 1 0 1 0 0 0 1 1 1 1 0 0 0 0 1 1 0 0 1 0 2 0 0 0 1 0 2 1 0 0 0 0 1 0 0 1 0 0 0 0 0 0 0 2 1 0 0 1 0 0 0 0 0 0 0 0 0 0 1 0 0 0 1 2
geno chr7.2994864 ceu  0 0 0 0 0 0 0 0 0 0 0 0 0 0 0 0 0 0 0 0 0 0 0 0 0 0 0 0 0 0 0 0 0 0 0 0 0 0 0 0 0 0 0 0 0 0 0 0 0 0 0 0 0 0 0 0 0 0 0 0 0 0 0 0 0 0 0 0 0 0 0 0 0 0 0 0 0 0
geno chr7.2994864 fin  0 0 0 0 0 0 0 0 0 0 0 0 0 0 0 0 0 0 0 0 0 0 0 0 0 0 0 0 0 0 0 0 0 0 0 0 0 0 0 0 0 0 0 0 0 0 0 0 0 0 0 0 0 0 0 0 0 0 0 0 0 0 0 0 0 0 0 0 0 0 0 0 0 0 0 0 0 0 0 0 0 0 0 0 0 0 0 0 0
geno chr7.2994864 gbr  0 0 0 0 0 0 0 0 0 0 0 0 0 0 0 0 0 0 0 0 0 0 0 0 0 0 0 0 0 0 0 0 0 0 0 0 0 0 0 0 0 0 0 0 0 0 0 0 0 0 0 0 0 0 0 0 0 0 0 0 0 0 0 0 0 0 0 0 0 0 0 0 0 0 0 0 0 0 0 0 0 0 0 0
geno chr7.2994864 tsi  0 0 0 0 0 0 0 0 0 0 0 0 0 0 0 0 0 0 0 0 0 0 0 0 0 0 0 0 0 0 0 0 0 0 0 0 0 0 0 0 0 1 0 0 0 0 0 0 0 0 0 0 0 0 0 0 0 0 0 0 0 0 0 0 0 0 0 0 0 0 0 0 0 0 0 0 0 1 0 0 0 0 0 0 0 0 0 0 0 0 0 0
geno chr7.2994864 yri  0 1 1 0 2 2 1 0 0 2 0 1 1 1 1 1 0 1 0 1 1 1 1 1 0 1 0 1 1 1 1 1 2 0 2 2 1 0 0 0 1 1 0 1 2 0 1 1 1 1 1 1 1 1 0 0 0 1 1 1 1 1 1 2 0 1 2 0 2 0 0 0 2 2 0 2 0
geno chr7.2996457 ceu  0 0 0 0 0 0 0 0 0 0 0 0 0 0 0 0 0 0 0 0 0 0 0 0 0 0 0 0 0 0 0 0 0 0 0 0 0 0 0 0 0 0 0 0 0 0 0 0 0 0 0 0 0 0 0 0 0 0 0 0 0 0 0 0 0 0 0 0 0 0 0 0 0 0 0 0 0 0
geno chr7.2996457 fin  0 0 0 0 0 0 0 0 0 0 0 0 0 0 0 0 0 0 0 0 0 0 0 0 0 0 0 0 0 0 0 0 0 0 0 0 0 0 0 0 0 0 0 0 0 0 0 0 0 0 0 0 0 0 0 0 0 0 0 0 0 0 0 0 0 0 0 0 0 0 0 0 0 0 0 0 0 0 0 0 0 0 0 0 0 0 0 0 0
geno chr7.2996457 gbr  0 0 0 0 0 0 0 0 0 0 0 0 0 0 0 0 0 0 0 0 0 0 0 0 0 0 0 0 0 0 0 0 0 0 0 0 0 0 0 0 0 0 0 0 0 0 0 0 0 0 0 0 0 0 0 0 0 0 0 0 0 0 0 0 0 0 0 0 0 0 0 0 0 0 0 0 0 0 0 0 0 0 0 0
geno chr7.2996457 tsi  0 0 0 0 0 0 0 0 0 0 0 0 0 0 0 0 0 0 0 0 0 0 0 0 0 0 0 0 0 0 0 0 0 0 0 0 0 0 0 0 0 1 0 0 0 0 0 0 0 0 0 0 0 0 0 0 0 0 0 0 0 0 0 0 0 0 0 0 0 0 0 0 0 0 0 0 0 1 0 0 0 0 0 0 0 0 0 0 0 0 0 0
geno chr7.2996457 yri  0 1 0 0 0 0 0 1 1 1 0 0 0 0 1 1 0 1 0 0 0 0 0 1 0 1 0 0 0 0 0 0 1 0 0 1 0 0 0 0 0 0 0 1 0 1 0 2 0 0 0 0 0 0 1 2 0 0 0 1 1 2 1 1 1 0 1 0 0 1 1 0 1 1 2 1 0
geno chr7.2996475 ceu  0 0 0 0 0 0 0 0 0 0 0 0 0 0 0 0 0 0 0 0 0 0 0 0 0 0 0 0 0 0 0 0 0 0 0 0 0 0 0 0 0 0 0 0 0 0 0 0 0 0 0 0 0 0 0 0 0 0 0 0 0 0 0 0 0 0 0 0 0 0 0 0 0 0 0 0 0 0
geno chr7.2996475 fin  0 0 0 0 0 0 0 0 0 0 0 0 0 0 0 0 0 0 0 0 0 0 0 0 0 0 0 0 0 0 0 0 0 0 0 0 0 0 0 0 0 0 0 0 0 0 0 0 0 0 0 0 0 0 0 0 0 0 0 0 0 0 0 0 0 0 0 0 0 0 0 0 0 0 0 0 0 0 0 0 0 0 0 0 0 0 0 0 0
geno chr7.2996475 gbr  0 0 0 0 0 0 0 0 0 0 0 0 0 0 0 0 0 0 0 0 0 0 0 0 0 0 0 0 0 0 0 0 0 0 0 0 0 0 0 0 0 0 0 0 0 0 0 0 0 0 0 0 0 0 0 0 0 0 0 0 0 0 0 0 0 0 0 0 0 0 0 0 0 0 0 0 0 0 0 0 0 0 0 0
geno chr7.2996475 tsi  0 0 0 0 0 0 0 0 0 0 0 0 0 0 0 0 0 0 0 0 0 0 0 0 0 0 0 0 0 0 0 0 0 0 0 0 0 0 0 0 0 1 0 0 0 0 0 0 0 0 0 0 0 0 0 0 0 0 0 0 0 0 0 0 0 0 0 0 0 0 0 0 0 0 0 0 0 1 0 0 0 0 0 0 0 0 0 0 0 0 0 0
geno chr7.2996475 yri  0 1 0 0 0 0 0 1 1 1 0 0 0 0 1 1 0 1 0 0 0 0 0 1 0 1 0 0 0 0 0 0 1 0 0 1 0 0 0 0 0 0 0 1 0 1 0 2 0 0 0 0 0 0 1 2 0 0 0 1 1 2 1 1 1 0 1 0 0 1 1 0 1 1 1 1 0
geno chr7.2996802 ceu  0 0 0 0 0 0 0 0 0 0 0 0 1 1 0 0 0 0 0 0 0 0 0 0 0 0 0 0 0 0 0 0 0 0 0 0 0 0 0 0 0 0 0 0 0 0 0 0 0 0 0 0 0 0 0 0 0 0 0 0 1 0 0 0 0 0 0 0 0 0 0 0 0 0 0 0 0 0
geno chr7.2996802 fin  0 0 0 0 0 0 0 0 0 0 0 0 0 0 0 0 0 0 0 0 0 0 0 0 0 0 0 0 0 0 0 0 0 0 0 0 1 0 0 0 0 0 0 0 0 0 0 0 0 0 0 0 0 0 0 0 0 0 0 0 0 0 0 0 0 0 0 0 0 0 0 0 0 0 0 0 0 0 0 0 0 0 0 0 0 0 0 0 0
geno chr7.2996802 gbr  0 0 0 0 0 0 0 0 0 0 0 0 0 0 0 0 0 0 0 0 0 0 0 0 0 0 0 0 0 0 0 0 0 0 0 0 0 0 0 0 1 0 0 0 0 0 0 0 0 0 1 0 0 0 0 0 0 0 0 0 0 0 0 0 0 0 0 0 0 0 0 0 0 0 0 0 1 0 0 0 0 0 0 0
geno chr7.2996802 tsi  0 0 0 0 0 0 0 0 0 0 0 0 0 0 0 0 0 0 0 0 0 0 0 0 0 0 1 0 0 0 0 0 0 0 0 0 0 0 0 0 0 1 0 1 0 0 0 0 0 0 0 0 0 0 0 0 0 0 0 0 0 0 0 0 0 0 0 0 0 0 0 0 0 0 0 0 0 1 0 0 0 0 0 0 0 0 0 0 0 0 0 0
geno chr7.2996802 yri  0 1 0 1 0 0 0 1 1 1 0 0 0 0 1 1 0 1 0 0 0 0 0 1 0 1 0 0 0 0 0 0 1 0 0 1 0 0 0 0 0 0 0 1 0 1 0 2 0 0 0 0 0 0 1 2 0 0 0 1 1 2 1 1 1 0 1 0 0 1 1 0 1 1 2 1 0
geno chr7.2997076 ceu  0 0 0 0 0 0 0 0 0 0 0 0 0 0 0 0 0 0 0 0 0 0 0 0 0 0 0 0 0 0 0 0 0 0 0 0 0 0 0 0 0 0 0 0 0 0 0 0 0 0 0 0 0 0 0 0 0 0 0 0 0 0 0 0 0 0 0 0 0 0 0 0 0 0 0 0 0 0
geno chr7.2997076 fin  0 0 0 0 0 0 0 0 0 0 0 0 0 0 0 0 0 0 0 0 0 0 0 0 0 0 0 0 0 0 0 0 0 0 0 0 0 0 0 0 0 0 0 0 0 0 0 0 0 0 0 0 0 0 0 0 0 0 0 0 0 0 0 0 0 0 0 0 0 0 0 0 0 0 0 0 0 0 0 0 0 0 0 0 0 0 0 0 0
geno chr7.2997076 gbr  0 0 0 0 0 0 0 0 0 0 0 0 0 0 0 0 0 0 0 0 0 0 0 0 0 0 0 0 0 0 0 0 0 0 0 0 0 0 0 0 0 0 0 0 0 0 0 0 0 0 0 0 0 0 0 0 0 0 0 0 0 0 0 0 0 0 0 0 0 0 0 0 0 0 0 0 0 0 0 0 0 0 0 0
geno chr7.2997076 tsi  0 0 0 0 0 0 0 0 0 0 0 0 0 0 0 0 0 0 0 0 0 0 0 0 0 0 0 0 0 0 0 0 0 0 0 0 0 0 0 0 0 1 0 0 0 0 0 0 0 0 0 0 0 0 0 0 0 0 0 0 0 0 0 0 0 0 0 0 0 0 0 0 0 0 0 0 0 1 0 0 0 0 0 0 0 0 0 0 0 0 0 0
geno chr7.2997076 yri  0 1 0 1 0 0 0 1 1 1 0 0 0 0 1 1 0 1 0 0 0 0 0 1 0 1 0 0 0 0 0 0 1 0 0 1 0 0 0 0 0 0 0 1 0 1 0 2 0 0 0 0 0 0 1 2 0 0 0 1 1 2 1 1 1 0 1 0 0 1 1 0 1 1 1 1 0
geno chr7.2997212 ceu  0 0 0 0 0 0 0 0 0 0 0 0 1 1 0 0 0 0 0 0 0 0 0 0 0 0 0 0 0 0 0 0 0 0 0 0 0 0 0 0 0 0 0 0 0 0 0 0 0 0 0 0 0 0 0 0 0 0 0 0 1 0 0 0 0 0 0 0 0 0 0 0 0 0 0 0 0 0
geno chr7.2997212 fin  0 0 0 0 0 0 0 0 0 0 0 0 0 0 0 0 0 0 0 0 0 0 0 0 0 0 0 0 0 0 0 0 0 0 0 0 1 0 0 0 0 0 0 0 0 0 0 0 0 0 0 0 0 0 0 0 0 0 0 0 0 0 0 0 0 0 0 0 0 0 0 0 0 0 0 0 0 0 0 0 0 0 0 0 0 0 0 0 0
geno chr7.2997212 gbr  0 0 0 0 0 0 0 0 0 0 0 0 0 0 0 0 0 0 0 0 0 0 0 0 0 0 0 0 0 0 0 0 0 0 0 0 0 0 0 0 1 0 0 0 0 0 0 0 0 0 1 0 0 0 0 0 0 0 0 0 0 0 0 0 0 0 0 0 0 0 0 0 0 0 0 0 1 0 0 0 0 0 0 0
geno chr7.2997212 tsi  0 0 0 0 0 0 0 0 0 0 0 0 0 0 0 0 0 0 0 0 0 0 0 0 0 0 1 0 0 0 0 0 0 0 0 0 0 0 0 0 0 1 0 1 0 0 0 0 0 0 0 0 0 0 0 0 0 0 0 0 0 0 0 0 0 0 0 0 0 0 0 0 0 0 0 0 0 1 0 0 0 0 0 0 0 0 0 0 0 0 0 0
geno chr7.2997212 yri  1 1 0 2 0 0 0 1 1 1 1 1 0 0 1 2 2 1 0 2 1 1 0 1 1 1 1 1 1 0 0 0 1 1 0 1 0 1 0 0 0 1 0 1 0 1 1 2 0 0 0 1 2 1 2 2 1 1 0 1 2 2 1 1 1 0 1 0 0 2 1 1 1 1 2 1 1
geno chr7.2997325 ceu  0 0 0 0 0 0 0 0 0 0 0 0 1 1 0 0 0 0 0 0 0 0 0 0 0 0 0 0 0 0 0 0 0 0 0 0 0 0 0 0 0 0 0 0 0 0 0 0 0 0 0 0 0 0 0 0 0 0 0 0 1 0 0 0 0 0 0 0 0 0 0 0 0 0 0 0 0 0
geno chr7.2997325 fin  0 0 0 0 0 0 0 0 0 0 0 0 0 0 0 0 0 0 0 0 0 0 0 0 0 0 0 0 0 0 0 0 0 0 0 0 1 0 0 0 0 0 0 0 0 0 0 0 0 0 0 0 0 0 0 0 0 0 0 0 0 0 0 0 0 0 0 0 0 0 0 0 0 0 0 0 0 0 0 0 0 0 0 0 0 0 0 0 0
geno chr7.2997325 gbr  0 0 0 0 0 0 0 0 0 0 0 0 0 0 0 0 0 0 0 0 0 0 0 0 0 0 0 0 0 0 0 0 0 0 0 0 0 0 0 0 1 0 0 0 0 0 0 0 0 0 1 0 0 0 0 0 0 0 0 0 0 0 0 0 0 0 0 0 0 0 0 0 0 0 0 0 1 0 0 0 0 0 0 0
geno chr7.2997325 tsi  0 0 0 0 0 0 0 0 0 0 0 0 0 0 0 0 0 0 0 0 0 0 0 0 0 0 1 0 0 0 0 0 0 0 0 0 0 0 0 0 0 1 0 1 0 0 0 0 0 0 0 0 0 0 0 0 0 0 0 0 0 0 0 0 0 0 0 0 0 0 0 0 0 0 0 0 0 1 0 0 0 0 0 0 0 0 0 0 0 0 0 0
geno chr7.2997325 yri  0 1 0 1 0 0 0 1 1 1 0 0 0 0 1 1 0 1 0 0 0 0 0 1 0 1 0 0 0 0 0 0 1 0 0 1 0 0 0 0 0 0 0 1 0 1 0 2 0 0 0 0 0 0 1 2 0 0 0 1 1 2 1 1 1 0 1 0 0 1 1 0 1 1 2 1 0
geno chr7.2997750 ceu  0 0 0 0 0 0 0 0 0 0 0 0 0 0 0 0 0 0 0 0 0 0 0 0 0 0 0 0 0 0 0 0 0 0 0 0 0 0 0 0 0 0 0 0 0 0 0 0 0 0 0 0 0 0 0 0 0 0 0 0 0 0 0 0 0 0 0 0 0 0 0 0 0 0 0 0 0 0
geno chr7.2997750 fin  0 0 0 0 0 0 0 0 0 0 0 0 0 0 0 0 0 0 0 0 0 0 0 0 0 0 0 0 0 0 0 0 0 0 0 0 0 0 0 0 0 0 0 0 0 0 0 0 0 0 0 0 0 0 0 0 0 0 0 0 0 0 0 0 0 0 0 0 0 0 0 0 0 0 0 0 0 0 0 0 0 0 0 0 0 0 0 0 0
geno chr7.2997750 gbr  0 0 0 0 0 0 0 0 0 0 0 0 0 0 0 0 0 0 0 0 0 0 0 0 0 0 0 0 0 0 0 0 0 0 0 0 0 0 0 0 0 0 0 0 0 0 0 0 0 0 0 0 0 0 0 0 0 0 0 0 0 0 0 0 0 0 0 0 0 0 0 0 0 0 0 0 0 0 0 0 0 0 0 0
geno chr7.2997750 tsi  0 0 0 0 0 0 0 0 0 0 0 0 0 0 0 0 0 0 0 0 0 0 0 0 0 0 0 0 0 0 0 0 0 0 0 0 0 0 0 0 0 1 0 0 0 0 0 0 0 0 0 0 0 0 0 0 0 0 0 0 0 0 0 0 0 0 0 0 0 0 0 0 0 0 0 0 0 1 0 0 0 0 0 0 0 0 0 0 0 0 0 0
geno chr7.2997750 yri  0 1 0 1 1 0 1 2 1 1 0 1 0 0 1 1 0 1 0 0 1 0 0 2 0 1 0 0 0 0 0 0 1 0 1 1 1 0 0 0 0 1 0 1 0 1 0 2 0 0 0 0 0 1 1 2 0 0 0 1 1 2 1 1 1 0 1 0 0 1 1 0 1 1 1 1 0
geno chr7.2998044 ceu  0 0 0 0 0 0 0 0 0 0 0 0 1 1 0 0 0 0 0 0 0 0 0 0 0 0 0 0 0 0 0 0 0 0 0 0 0 0 0 0 0 0 0 0 0 0 0 0 0 0 0 0 0 0 0 0 0 0 0 0 1 0 0 0 0 0 0 0 0 0 0 0 0 0 0 0 0 0
geno chr7.2998044 fin  0 0 0 0 0 0 0 0 0 0 0 0 0 0 0 0 0 0 0 0 0 0 0 0 0 0 0 0 0 0 0 0 0 0 0 0 1 0 0 0 0 0 0 0 0 0 0 0 0 0 0 0 0 0 0 0 0 0 0 0 0 0 0 0 0 0 0 0 0 0 0 0 0 0 0 0 0 0 0 0 0 0 0 0 0 0 0 0 0
geno chr7.2998044 gbr  0 0 0 0 0 0 0 0 0 0 0 0 0 0 0 0 0 0 0 0 0 0 0 0 0 0 0 0 0 0 0 0 0 0 0 0 0 0 0 0 1 0 0 0 0 0 0 0 0 0 1 0 0 0 0 0 0 0 0 0 0 0 0 0 0 0 0 0 0 0 0 0 0 0 0 0 1 0 0 0 0 0 0 0
geno chr7.2998044 tsi  0 0 0 0 0 0 0 0 0 0 0 0 0 0 0 0 0 0 0 0 0 0 0 0 0 0 1 0 0 0 0 0 0 0 0 0 0 0 0 0 0 1 0 1 0 0 0 0 0 0 0 0 0 0 0 0 0 0 0 0 0 0 0 0 0 0 0 0 0 0 0 0 0 0 0 0 0 1 0 0 0 0 0 0 0 0 0 0 0 0 0 0
geno chr7.2998044 yri  1 1 0 2 1 0 1 2 1 1 1 2 1 0 1 2 2 1 0 2 2 1 0 2 1 1 2 1 1 0 0 1 1 2 1 1 1 1 0 2 0 2 0 1 0 1 1 2 0 0 0 1 2 2 2 2 1 1 0 1 2 2 1 1 2 0 1 0 0 2 1 2 1 1 2 1 1
geno chr7.2998436 ceu  0 0 0 0 0 0 0 0 0 0 0 0 0 0 0 0 0 0 0 0 0 0 0 0 0 0 0 0 0 0 0 0 0 0 0 0 0 0 0 0 0 0 0 0 0 0 0 0 0 0 0 0 0 0 0 0 0 0 0 0 0 0 0 0 0 0 0 0 0 0 0 0 0 0 0 0 0 0
geno chr7.2998436 fin  0 0 0 0 0 0 0 0 0 0 0 0 0 0 0 0 0 0 0 0 0 0 0 0 0 0 0 0 0 0 0 0 0 0 0 0 0 0 0 0 0 0 0 0 0 0 0 0 0 0 0 0 0 0 0 0 0 0 0 0 0 0 0 0 0 0 0 0 0 0 0 0 0 0 0 0 0 0 0 0 0 0 0 0 0 0 0 0 0
geno chr7.2998436 gbr  0 0 0 0 0 0 0 0 0 0 0 0 0 0 0 0 0 0 0 0 0 0 0 0 0 0 0 0 0 0 0 0 0 0 0 0 0 0 0 0 0 0 0 0 0 0 0 0 0 0 0 0 0 0 0 0 0 0 0 0 0 0 0 0 0 0 0 0 0 0 0 0 0 0 0 0 0 0 0 0 0 0 0 0
geno chr7.2998436 tsi  0 0 0 0 0 0 0 0 0 0 0 0 0 0 0 0 0 0 0 0 0 0 0 0 0 0 0 0 0 0 0 0 0 0 0 0 0 0 0 0 0 1 0 0 0 0 0 0 0 0 0 0 0 0 0 0 0 0 0 0 0 0 0 0 0 0 0 0 0 0 0 0 0 0 0 0 0 1 0 0 0 0 0 0 0 0 0 0 0 0 0 0
geno chr7.2998436 yri  1 1 0 2 1 0 1 2 1 1 1 2 0 0 1 2 2 1 0 2 2 1 0 2 1 1 1 1 1 0 0 0 1 1 1 1 1 1 0 0 0 2 0 1 0 1 1 2 0 0 0 1 2 2 2 2 1 1 0 1 2 2 1 1 1 0 1 0 0 2 1 1 1 1 1 1 1
geno chr7.2998442 ceu  0 0 0 0 0 0 0 0 0 0 0 0 0 0 0 0 0 0 0 0 0 0 0 0 0 0 0 0 0 0 0 0 0 0 0 0 0 0 0 0 0 0 0 0 0 0 0 0 0 0 0 0 0 0 0 0 0 0 0 0 0 0 0 0 0 0 0 0 0 0 0 0 0 0 0 0 0 0
geno chr7.2998442 fin  0 0 0 0 0 0 0 0 0 0 0 0 0 0 0 0 0 0 0 0 0 0 0 0 0 0 0 0 0 0 0 0 0 0 0 0 0 0 0 0 0 0 0 0 0 0 0 0 0 0 0 0 0 0 0 0 0 0 0 0 0 0 0 0 0 0 0 0 0 0 0 0 0 0 0 0 0 0 0 0 0 0 0 0 0 0 0 0 0
geno chr7.2998442 gbr  0 0 0 0 0 0 0 0 0 0 0 0 0 0 0 0 0 0 0 0 0 0 0 0 0 0 0 0 0 0 0 0 0 0 0 0 0 0 0 0 0 0 0 0 0 0 0 0 0 0 0 0 0 0 0 0 0 0 0 0 0 0 0 0 0 0 0 0 0 0 0 0 0 0 0 0 0 0 0 0 0 0 0 0
geno chr7.2998442 tsi  0 0 0 0 0 0 0 0 0 0 0 0 0 0 0 0 0 0 0 0 0 0 0 0 0 0 0 0 0 0 0 0 0 0 0 0 0 0 0 0 0 1 0 0 0 0 0 0 0 0 0 0 0 0 0 0 0 0 0 0 0 0 0 0 0 0 0 0 0 0 0 0 0 0 0 0 0 1 0 0 0 0 0 0 0 0 0 0 0 0 0 0
geno chr7.2998442 yri  1 1 0 2 1 0 1 2 1 1 1 2 0 0 1 2 2 1 0 2 2 1 0 2 1 1 1 1 1 0 0 0 1 1 1 1 1 1 0 0 0 2 0 1 0 1 1 2 0 0 0 1 2 2 2 2 1 1 0 1 2 2 1 1 1 0 1 0 0 2 1 1 1 1 1 1 1
geno chr7.2998468 ceu  0 0 0 0 0 0 0 0 0 0 0 0 0 0 0 0 0 0 0 0 0 0 0 0 0 0 0 0 0 0 0 0 0 0 0 0 0 0 0 0 0 0 0 0 0 0 0 0 0 0 0 0 0 0 0 0 0 0 0 0 0 0 0 0 0 0 0 0 0 0 0 0 0 0 0 0 0 0
geno chr7.2998468 fin  0 0 0 0 0 0 0 0 0 0 0 0 0 0 0 0 0 0 0 0 0 0 0 0 0 0 0 0 0 0 0 0 0 0 0 0 0 0 0 0 0 0 0 0 0 0 0 0 0 0 0 0 0 0 0 0 0 0 0 0 0 0 0 0 0 0 0 0 0 0 0 0 0 0 0 0 0 0 0 0 0 0 0 0 0 0 0 0 0
geno chr7.2998468 gbr  0 0 0 0 0 0 0 0 0 0 0 0 0 0 0 0 0 0 0 0 0 0 0 0 0 0 0 0 0 0 0 0 0 0 0 0 0 0 0 0 0 0 0 0 0 0 0 0 0 0 0 0 0 0 0 0 0 0 0 0 0 0 0 0 0 0 0 0 0 0 0 0 0 0 0 0 0 0 0 0 0 0 0 0
geno chr7.2998468 tsi  0 0 0 0 0 0 0 0 0 0 0 0 0 0 0 0 0 0 0 0 0 0 0 0 0 0 0 0 0 0 0 0 0 0 0 0 0 0 0 0 0 1 0 0 0 0 0 0 0 0 0 0 0 0 0 0 0 0 0 0 0 0 0 0 0 0 0 0 0 0 0 0 0 0 0 0 0 1 0 0 0 0 0 0 0 0 0 0 0 0 0 0
geno chr7.2998468 yri  1 1 0 2 1 0 1 2 1 1 1 2 0 0 1 2 2 1 0 2 2 1 0 2 1 1 1 1 1 0 0 0 1 1 1 1 1 1 0 0 0 2 0 1 0 1 1 2 0 0 0 1 2 2 2 2 1 1 0 1 2 2 1 1 1 0 1 0 0 2 1 1 1 1 1 1 1
geno chr7.2998638 ceu  0 0 0 0 0 0 0 0 0 0 0 0 0 0 0 0 0 0 0 0 0 0 0 0 0 0 0 0 0 0 0 0 0 0 0 0 0 0 0 0 0 0 0 0 0 0 0 0 0 0 0 0 0 0 0 0 0 0 0 0 0 0 0 0 0 0 0 0 0 0 0 0 0 0 0 0 0 0
geno chr7.2998638 fin  0 0 0 0 0 0 0 0 0 0 0 0 0 0 0 0 0 0 0 0 0 0 0 0 0 0 0 0 0 0 0 0 0 0 0 0 0 0 0 0 0 0 0 0 0 0 0 0 0 0 0 0 0 0 0 0 0 0 0 0 0 0 0 0 0 0 0 0 0 0 0 0 0 0 0 0 0 0 0 0 0 0 0 0 0 0 0 0 0
geno chr7.2998638 gbr  0 0 0 0 0 0 0 0 0 0 0 0 0 0 0 0 0 0 0 0 0 0 0 0 0 0 0 0 0 0 0 0 0 0 0 0 0 0 0 0 0 0 0 0 0 0 0 0 0 0 0 0 0 0 0 0 0 0 0 0 0 0 0 0 0 0 0 0 0 0 0 0 0 0 0 0 0 0 0 0 0 0 0 0
geno chr7.2998638 tsi  0 0 0 0 0 0 0 0 0 0 0 0 0 0 0 0 0 0 0 0 0 0 0 0 0 0 0 0 0 0 0 0 0 0 0 0 0 0 0 0 0 1 0 0 0 0 0 0 0 0 0 0 0 0 0 0 0 0 0 0 0 0 0 0 0 0 0 0 0 0 0 0 0 0 0 0 0 1 0 0 0 0 0 0 0 0 0 0 0 0 0 0
geno chr7.2998638 yri  0 1 0 1 1 0 1 2 1 1 0 1 0 0 1 1 0 1 0 0 1 0 0 2 0 1 0 0 0 0 0 0 1 0 1 1 1 0 0 0 0 1 0 1 0 1 0 2 0 0 0 0 0 1 1 2 0 0 0 1 1 2 1 1 1 0 1 0 0 1 1 0 1 1 1 1 0
geno chr7.2998811 ceu  0 0 0 0 0 0 0 0 0 0 0 0 0 0 0 0 0 0 0 0 0 0 0 0 0 0 0 0 0 0 0 0 0 0 0 0 0 0 0 0 0 0 0 0 0 0 0 0 0 0 0 0 0 0 0 0 0 0 0 0 0 0 0 0 0 0 0 0 0 0 0 0 0 0 0 0 0 0
geno chr7.2998811 fin  0 0 0 0 0 0 0 0 0 0 0 0 0 0 0 0 0 0 0 0 0 0 0 0 0 0 0 0 0 0 0 0 0 0 0 0 0 0 0 0 0 0 0 0 0 0 0 0 0 0 0 0 0 0 0 0 0 0 0 0 0 0 0 0 0 0 0 0 0 0 0 0 0 0 0 0 0 0 0 0 0 0 0 0 0 0 0 0 0
geno chr7.2998811 gbr  0 0 0 0 0 0 0 0 0 0 0 0 0 0 0 0 0 0 0 0 0 0 0 0 0 0 0 0 0 0 0 0 0 0 0 0 0 0 0 0 0 0 0 0 0 0 0 0 0 0 0 0 0 0 0 0 0 0 0 0 0 0 0 0 0 0 0 0 0 0 0 0 0 0 0 0 0 0 0 0 0 0 0 0
geno chr7.2998811 tsi  0 0 0 0 0 0 0 0 0 0 0 0 0 0 0 0 0 0 0 0 0 0 0 0 0 0 0 0 0 0 0 0 0 0 0 0 0 0 0 0 0 1 0 0 0 0 0 0 0 0 0 0 0 0 0 0 0 0 0 0 0 0 0 0 0 0 0 0 0 0 0 0 0 0 0 0 0 1 0 0 0 0 0 0 0 0 0 0 0 0 0 0
geno chr7.2998811 yri  1 1 0 2 1 0 1 2 1 1 2 2 0 0 1 2 2 1 0 2 2 1 0 2 1 1 1 1 1 0 0 0 1 1 1 1 1 1 0 0 0 2 0 1 0 1 1 2 0 0 0 1 2 2 2 2 1 1 0 1 2 2 1 1 1 0 1 0 0 2 1 1 1 1 1 1 1
geno chr7.2998921 ceu  0 0 0 0 0 0 0 0 0 0 0 0 0 0 0 0 0 0 0 0 0 0 0 0 0 0 0 0 0 0 0 0 0 0 0 0 0 0 0 0 0 0 0 0 0 0 0 0 0 0 0 0 0 0 0 0 0 0 0 0 0 0 0 0 0 0 0 0 0 0 0 0 0 0 0 0 0 0
geno chr7.2998921 fin  0 0 0 0 0 0 0 0 0 0 0 0 0 0 0 0 0 0 0 0 0 0 0 0 0 0 0 0 0 0 0 0 0 0 0 0 0 0 0 0 0 0 0 0 0 0 0 0 0 0 0 0 0 0 0 0 0 0 0 0 0 0 0 0 0 0 0 0 0 0 0 0 0 0 0 0 0 0 0 0 0 0 0 0 0 0 0 0 0
geno chr7.2998921 gbr  0 0 0 0 0 0 0 0 0 0 0 0 0 0 0 0 0 0 0 0 0 0 0 0 0 0 0 0 0 0 0 0 0 0 0 0 0 0 0 0 0 0 0 0 0 0 0 0 0 0 0 0 0 0 0 0 0 0 0 0 0 0 0 0 0 0 0 0 0 0 0 0 0 0 0 0 0 0 0 0 0 0 0 0
geno chr7.2998921 tsi  0 0 0 0 0 0 0 0 0 0 0 0 0 0 0 0 0 0 0 0 0 0 0 0 0 0 0 0 0 0 0 0 0 0 0 0 0 0 0 0 0 1 0 0 0 0 0 0 0 0 0 0 0 0 0 0 0 0 0 0 0 0 0 0 0 0 0 0 0 0 0 0 0 0 0 0 0 1 0 0 0 0 0 0 0 0 0 0 0 0 0 0
geno chr7.2998921 yri  1 1 0 2 1 0 1 2 1 1 2 2 0 0 1 2 2 1 0 2 2 1 0 2 1 1 1 1 1 0 0 0 1 1 1 1 1 1 0 0 0 2 0 1 0 1 1 2 0 0 0 1 2 2 2 2 1 1 0 1 2 2 1 1 1 0 1 0 0 2 1 1 1 1 1 1 1
geno chr7.2998974 ceu  0 0 0 0 0 0 0 0 0 0 0 0 0 0 0 0 0 0 0 0 0 0 0 0 0 0 0 0 0 0 0 0 0 0 0 0 0 0 0 0 0 0 0 0 0 0 0 0 0 0 0 0 0 0 0 0 0 0 0 0 0 0 0 0 0 0 0 0 0 0 0 0 0 0 0 0 0 0
geno chr7.2998974 fin  0 0 0 0 0 0 0 0 0 0 0 0 0 0 0 0 0 0 0 0 0 0 0 0 0 0 0 0 0 0 0 0 0 0 0 0 0 0 0 0 0 0 0 0 0 0 0 0 0 0 0 0 0 0 0 0 0 0 0 0 0 0 0 0 0 0 0 0 0 0 0 0 0 0 0 0 0 0 0 0 0 0 0 0 0 0 0 0 0
geno chr7.2998974 gbr  0 0 0 0 0 0 0 0 0 0 0 0 0 0 0 0 0 0 0 0 0 0 0 0 0 0 0 0 0 0 0 0 0 0 0 0 0 0 0 0 0 0 0 0 0 0 0 0 0 0 0 0 0 0 0 0 0 0 0 0 0 0 0 0 0 0 0 0 0 0 0 0 0 0 0 0 0 0 0 0 0 0 0 0
geno chr7.2998974 tsi  0 0 0 0 0 0 0 0 0 0 0 0 0 0 0 0 0 0 0 0 0 0 0 0 0 0 0 0 0 0 0 0 0 0 0 0 0 0 0 0 0 0 0 0 0 0 0 0 0 0 0 0 0 0 0 0 0 0 0 0 0 0 0 0 0 0 0 0 0 0 0 0 0 0 0 0 0 0 0 0 0 0 0 0 0 0 0 0 0 0 0 0
geno chr7.2998974 yri  1 0 0 1 0 0 0 0 0 0 0 1 0 0 0 1 2 0 0 2 1 1 0 0 1 0 1 1 1 0 0 0 0 1 0 0 0 1 0 0 0 1 0 0 0 0 1 0 0 0 0 1 2 1 1 0 1 1 0 0 1 0 0 0 0 0 0 0 0 1 0 1 0 0 0 0 1
geno chr7.2999055 ceu  0 0 0 0 0 0 0 0 0 0 0 0 0 0 0 0 0 0 0 0 0 0 0 0 0 0 0 0 0 0 0 0 0 0 0 0 0 0 0 0 0 0 0 0 0 0 0 0 0 0 0 0 0 0 0 0 0 0 0 0 0 0 0 0 0 0 0 0 0 0 0 0 0 0 0 0 0 0
geno chr7.2999055 fin  0 0 0 0 0 0 0 0 0 0 0 0 0 0 0 0 0 0 0 0 0 0 0 0 0 0 0 0 0 0 0 0 0 0 0 0 0 0 0 0 0 0 0 0 0 0 0 0 0 0 0 0 0 0 0 0 0 0 0 0 0 0 0 0 0 0 0 0 0 0 0 0 0 0 0 0 0 0 0 0 0 0 0 0 0 0 0 0 0
geno chr7.2999055 gbr  0 0 0 0 0 0 0 0 0 0 0 0 0 0 0 0 0 0 0 0 0 0 0 0 0 0 0 0 0 0 0 0 0 0 0 0 0 0 0 0 0 0 0 0 0 0 0 0 0 0 0 0 0 0 0 0 0 0 0 0 0 0 0 0 0 0 0 0 0 0 0 0 0 0 0 0 0 0 0 0 0 0 0 0
geno chr7.2999055 tsi  0 0 0 0 0 0 0 0 0 0 0 0 0 0 0 0 0 0 0 0 0 0 0 0 0 0 0 0 0 0 0 0 0 0 0 0 0 0 0 0 0 0 0 0 0 0 0 0 0 0 0 0 0 0 0 0 0 0 0 0 0 0 0 0 0 0 0 0 0 0 0 0 0 0 0 0 0 0 0 0 0 0 0 0 0 0 0 0 0 0 0 0
geno chr7.2999055 yri  1 0 0 1 0 0 0 0 0 0 0 1 0 0 0 1 2 0 0 2 1 1 0 0 1 0 1 1 1 0 0 0 0 1 0 0 0 1 0 0 0 1 0 0 0 0 1 0 0 0 0 1 2 1 1 0 1 1 0 0 1 0 0 0 0 0 0 0 0 1 0 1 0 0 0 0 1
geno chr7.2999096 ceu  0 0 0 0 0 0 0 0 0 0 0 0 0 0 0 0 0 0 0 0 0 0 0 0 0 0 0 0 0 0 0 0 0 0 0 0 0 0 0 0 0 0 0 0 0 0 0 0 0 0 0 0 0 0 0 0 0 0 0 0 0 0 0 0 0 0 0 0 0 0 0 0 0 0 0 0 0 0
geno chr7.2999096 fin  0 0 0 0 0 0 0 0 0 0 0 0 0 0 0 0 0 0 0 0 0 0 0 0 0 0 0 0 0 0 0 0 0 0 0 0 0 0 0 0 0 0 0 0 0 0 0 0 0 0 0 0 0 0 0 0 0 0 0 0 0 0 0 0 0 0 0 0 0 0 0 0 0 0 0 0 0 0 0 0 0 0 0 0 0 0 0 0 0
geno chr7.2999096 gbr  0 0 0 0 0 0 0 0 0 0 0 0 0 0 0 0 0 0 0 0 0 0 0 0 0 0 0 0 0 0 0 0 0 0 0 0 0 0 0 0 0 0 0 0 0 0 0 0 0 0 0 0 0 0 0 0 0 0 0 0 0 0 0 0 0 0 0 0 0 0 0 0 0 0 0 0 0 0 0 0 0 0 0 0
geno chr7.2999096 tsi  0 0 0 0 0 0 0 0 0 0 0 0 0 0 0 0 0 0 0 0 0 0 0 0 0 0 0 0 0 0 0 0 0 0 0 0 0 0 0 0 0 0 0 0 0 0 0 0 0 0 0 0 0 0 0 0 0 0 0 0 0 0 0 0 0 0 0 0 0 0 0 0 0 0 0 0 0 0 0 0 0 0 0 0 0 0 0 0 0 0 0 0
geno chr7.2999096 yri  1 0 0 1 0 0 0 0 0 0 0 1 0 0 0 1 2 0 0 2 1 1 0 0 1 0 1 1 1 0 0 0 0 1 0 0 0 1 0 0 0 1 0 0 0 0 1 0 0 0 0 1 2 1 1 0 1 1 0 0 1 0 0 0 0 0 0 0 0 1 0 1 0 0 0 0 1
geno chr7.2999186 ceu  0 0 0 0 0 0 0 0 0 0 0 0 0 0 0 0 0 0 0 0 0 0 0 0 0 0 0 0 0 0 0 0 0 0 0 0 0 0 0 0 0 0 0 0 0 0 0 0 0 0 0 0 0 0 0 0 0 0 0 0 0 0 0 0 0 0 0 0 0 0 0 0 0 0 0 0 0 0
geno chr7.2999186 fin  0 0 0 0 0 0 0 0 0 0 0 0 0 0 0 0 0 0 0 0 0 0 0 0 0 0 0 0 0 0 0 0 0 0 0 0 0 0 0 0 0 0 0 0 0 0 0 0 0 0 0 0 0 0 0 0 0 0 0 0 0 0 0 0 0 0 0 0 0 0 0 0 0 0 0 0 0 0 0 0 0 0 0 0 0 0 0 0 0
geno chr7.2999186 gbr  0 0 0 0 0 0 0 0 0 0 0 0 0 0 0 0 0 0 0 0 0 0 0 0 0 0 0 0 0 0 0 0 0 0 0 0 0 0 0 0 0 0 0 0 0 0 0 0 0 0 0 0 0 0 0 0 0 0 0 0 0 0 0 0 0 0 0 0 0 0 0 0 0 0 0 0 0 0 0 0 0 0 0 0
geno chr7.2999186 tsi  0 0 0 0 0 0 0 0 0 0 0 0 0 0 0 0 0 0 0 0 0 0 0 0 0 0 0 0 0 0 0 0 0 0 0 0 0 0 0 0 0 1 0 0 0 0 0 0 0 0 0 0 0 0 0 0 0 0 0 0 0 0 0 0 0 0 0 0 0 0 0 0 0 0 0 0 0 1 0 0 0 0 0 0 0 0 0 0 0 0 0 0
geno chr7.2999186 yri  1 1 0 2 1 0 1 2 1 1 2 2 0 0 1 2 2 1 0 2 2 1 0 2 1 1 1 1 1 0 0 0 1 1 1 1 1 1 0 0 0 2 0 1 0 1 1 2 0 0 0 1 2 2 2 2 1 1 0 1 2 2 1 1 1 0 1 0 0 2 1 1 1 1 1 1 1
geno chr7.2999227 ceu  0 0 0 0 0 0 0 0 0 0 0 0 0 0 0 0 0 0 0 0 0 0 0 0 0 0 0 0 0 0 0 0 0 0 0 0 0 0 0 0 0 0 0 0 0 0 0 0 0 0 0 0 0 0 0 0 0 0 0 0 0 0 0 0 0 0 0 0 0 0 0 0 0 0 0 0 0 0
geno chr7.2999227 fin  0 0 0 0 0 0 0 0 0 0 0 0 0 0 0 0 0 0 0 0 0 0 0 0 0 0 0 0 0 0 1 0 0 0 0 0 0 0 0 0 0 0 0 0 0 0 1 0 1 0 0 0 0 1 0 0 0 0 0 0 0 0 0 1 0 0 0 0 1 0 0 0 0 0 0 0 0 0 1 0 0 0 0 0 0 0 1 0 0
geno chr7.2999227 gbr  0 0 0 0 0 0 0 0 0 0 0 0 0 0 0 0 0 0 0 0 0 0 0 0 0 0 0 0 0 0 0 0 0 0 0 0 0 0 0 0 0 0 0 0 0 0 0 0 0 0 0 0 0 0 0 0 0 0 0 0 0 0 0 0 0 1 0 0 0 0 0 0 0 0 0 0 0 0 0 0 0 0 0 0
geno chr7.2999227 tsi  0 0 0 0 0 0 0 0 0 0 0 0 0 0 0 0 0 0 0 0 0 0 0 0 0 0 0 0 0 0 0 0 0 0 0 0 0 0 0 0 0 1 0 0 0 0 0 0 0 0 0 0 0 0 0 0 0 0 0 0 0 0 0 0 0 0 0 0 0 0 0 0 0 0 0 0 0 1 0 0 0 0 0 0 0 0 0 0 0 0 0 0
geno chr7.2999227 yri  0 1 0 1 1 0 1 2 1 1 1 1 0 0 1 1 0 1 0 0 1 0 0 2 0 1 0 0 0 0 0 0 1 0 1 1 1 0 0 0 0 1 1 1 0 1 0 2 0 0 0 0 0 1 1 2 0 0 0 1 1 2 1 1 1 0 1 0 0 1 1 0 1 1 1 1 0
geno chr7.2999255 ceu  0 0 0 0 0 0 0 0 0 0 0 0 0 0 0 0 0 0 0 0 0 0 0 0 0 0 0 0 0 0 0 0 0 0 0 0 0 0 0 0 0 0 0 0 0 0 0 0 0 0 0 0 0 0 0 0 0 0 0 0 0 0 0 0 0 0 0 0 0 0 0 0 0 0 0 0 0 0
geno chr7.2999255 fin  0 0 0 0 0 0 0 0 0 0 0 0 0 0 0 0 0 0 0 0 0 0 0 0 0 0 0 0 0 0 0 0 0 0 0 0 0 0 0 0 0 0 0 0 0 0 0 0 0 0 0 0 0 0 0 0 0 0 0 0 0 0 0 0 0 0 0 0 0 0 0 0 0 0 0 0 0 0 0 0 0 0 0 0 0 0 0 0 0
geno chr7.2999255 gbr  0 0 0 0 0 0 0 0 0 0 0 0 0 0 0 0 0 0 0 0 0 0 0 0 0 0 0 0 0 0 0 0 0 0 0 0 0 0 0 0 0 0 0 0 0 0 0 0 0 0 0 0 0 0 0 0 0 0 0 0 0 0 0 0 0 0 0 0 0 0 0 0 0 0 0 0 0 0 0 0 0 0 0 0
geno chr7.2999255 tsi  0 0 0 0 0 0 0 0 0 0 0 0 0 0 0 0 0 0 0 0 0 0 0 0 0 0 0 0 0 0 0 0 0 0 0 0 0 0 0 0 0 1 0 0 0 0 0 0 0 0 0 0 0 0 0 0 0 0 0 0 0 0 0 0 0 0 0 0 0 0 0 0 0 0 0 0 0 1 0 0 0 0 0 0 0 0 0 0 0 0 0 0
geno chr7.2999255 yri  0 1 0 1 1 0 1 2 1 1 1 1 0 0 1 1 0 1 0 0 1 0 0 2 0 1 0 0 0 0 0 0 1 0 1 1 1 0 0 0 0 1 0 1 0 1 0 2 0 0 0 0 0 1 1 2 0 0 0 1 1 2 1 1 1 0 1 0 0 1 1 0 1 1 1 1 0
geno chr7.2999468 ceu  0 0 0 0 0 0 0 0 0 0 1 0 0 0 0 0 0 0 1 0 1 0 0 0 0 0 0 0 0 0 0 0 1 0 0 0 0 0 0 0 0 0 0 1 0 0 0 1 0 1 0 0 0 0 1 0 0 0 1 0 0 0 0 0 0 0 0 0 0 0 1 0 0 0 0 0 0 0
geno chr7.2999468 fin  0 0 0 0 0 0 0 0 0 0 0 1 0 0 0 0 1 1 0 0 0 0 0 0 0 1 0 1 0 0 0 0 0 0 0 0 0 0 0 0 0 0 0 0 0 0 0 0 0 0 0 0 0 0 0 0 0 0 1 0 0 0 0 0 1 0 0 0 0 0 0 0 0 0 0 0 0 0 0 0 1 0 0 0 0 0 0 0 0
geno chr7.2999468 gbr  0 0 0 0 0 0 0 0 0 0 0 0 0 0 0 1 0 0 0 0 0 0 0 0 0 2 1 0 0 0 0 0 0 0 0 1 0 0 0 0 0 0 0 0 0 0 0 1 0 0 0 0 0 0 0 0 0 0 0 0 0 0 0 0 0 0 1 0 0 0 0 0 0 0 0 0 0 0 0 1 0 0 0 0
geno chr7.2999468 tsi  0 1 0 0 0 0 0 0 0 0 0 0 0 0 0 0 0 0 0 0 0 0 0 0 0 0 0 0 0 0 1 0 0 0 0 0 0 0 1 0 0 0 0 0 0 0 0 0 0 0 0 0 0 0 2 0 1 0 1 0 0 1 0 0 0 1 0 0 0 0 0 0 1 0 0 0 0 0 0 0 0 0 0 0 0 0 0 0 0 0 0 0
geno chr7.2999468 yri  0 0 0 0 0 0 0 0 0 0 0 0 0 0 0 0 0 0 0 0 0 0 0 0 0 0 0 0 0 0 0 0 0 0 0 0 0 0 0 0 0 0 0 0 0 0 0 0 0 0 0 0 0 0 0 0 0 0 0 0 0 0 0 0 0 0 0 0 0 0 0 0 0 0 0 0 0
geno chr7.2999996 ceu  0 0 0 0 0 0 0 0 0 0 0 0 1 1 0 0 0 0 0 0 0 0 0 0 0 0 0 0 0 0 0 0 0 0 0 0 0 0 0 0 0 0 0 0 0 0 0 0 0 0 0 0 0 0 0 0 0 0 0 0 1 0 0 0 0 0 0 0 0 0 0 0 0 0 0 0 0 0
geno chr7.2999996 fin  0 0 0 0 0 0 0 0 0 0 0 0 0 0 0 0 0 0 0 0 0 0 0 0 0 0 0 0 0 0 0 0 0 0 0 0 1 0 0 0 0 0 0 0 0 0 0 0 0 0 0 0 0 0 0 0 0 0 0 0 0 0 0 0 0 0 0 0 0 0 0 0 0 0 0 0 0 0 0 0 0 0 0 0 0 0 0 0 0
geno chr7.2999996 gbr  0 0 0 0 0 0 0 0 0 0 0 0 0 0 0 0 0 0 0 0 0 0 0 0 0 0 0 0 0 0 0 0 0 0 0 0 0 0 0 0 1 0 0 0 0 0 0 0 0 0 1 0 0 0 0 0 0 0 0 0 0 0 0 0 0 0 0 0 0 0 0 0 0 0 0 0 1 0 0 0 0 0 0 0
geno chr7.2999996 tsi  0 0 0 0 0 0 0 0 0 0 0 0 0 0 0 0 0 0 0 0 0 0 0 0 0 0 1 0 0 0 0 0 0 0 0 0 0 0 0 0 0 1 0 1 0 0 0 0 0 0 0 0 0 0 0 0 0 0 0 0 0 0 0 0 0 0 0 0 0 0 0 0 0 0 0 0 0 1 0 0 0 0 0 0 0 0 0 0 0 0 0 0
geno chr7.2999996 yri  0 1 0 1 1 0 1 2 1 1 1 1 1 0 1 1 0 1 0 0 1 0 0 2 0 1 1 0 0 0 0 1 1 1 1 1 1 0 0 2 0 1 0 1 0 1 0 2 0 0 0 0 0 1 1 2 0 0 0 1 1 2 1 1 2 0 1 0 0 1 1 1 1 1 2 1 0
geno chr7.3000065 ceu  0 0 0 0 0 0 0 0 0 0 0 0 0 0 0 0 0 0 0 0 0 0 0 0 0 0 0 0 0 0 0 0 0 0 0 0 0 0 0 0 0 0 0 0 0 0 0 0 0 0 0 0 0 0 0 0 0 0 0 0 0 0 0 0 0 0 0 0 0 0 0 0 0 0 0 0 0 0
geno chr7.3000065 fin  0 0 0 0 0 0 0 0 0 0 0 0 0 0 0 0 0 0 0 0 0 0 0 0 0 0 0 0 0 0 0 0 0 0 0 0 0 0 0 0 0 0 0 0 0 0 0 0 0 0 0 0 0 0 0 0 0 0 0 0 0 0 0 0 0 0 0 0 0 0 0 0 0 0 0 0 0 0 0 0 0 0 0 0 0 0 0 0 0
geno chr7.3000065 gbr  0 0 0 0 0 0 0 0 0 0 0 0 0 0 0 0 0 0 0 0 0 0 0 0 0 0 0 0 0 0 0 0 0 0 0 0 0 0 0 0 0 0 0 0 0 0 0 0 0 0 0 0 0 0 0 0 0 0 0 0 0 0 0 0 0 0 0 0 0 0 0 0 0 0 0 0 0 0 0 0 0 0 0 0
geno chr7.3000065 tsi  0 0 0 0 0 0 0 0 0 0 0 0 0 0 0 0 0 0 0 0 0 0 0 0 0 0 0 0 0 0 0 0 0 0 0 0 0 0 0 0 0 1 0 0 0 0 0 0 0 0 0 0 0 0 0 0 0 0 0 0 0 0 0 0 0 0 0 0 0 0 0 0 0 0 0 0 0 1 0 0 0 0 0 0 0 0 0 0 0 0 0 0
geno chr7.3000065 yri  0 1 0 1 1 0 1 2 1 1 1 1 0 0 1 1 0 1 0 0 1 0 0 2 0 1 0 0 0 0 0 0 1 0 1 1 1 0 0 0 0 1 0 1 0 1 0 2 0 0 0 0 0 1 1 2 0 0 0 1 1 2 1 1 1 0 1 0 0 1 1 0 1 1 1 1 0
geno chr7.3000423 ceu  0 0 0 0 0 0 0 0 0 0 0 0 1 1 0 0 0 0 0 0 0 0 0 0 0 0 0 0 0 0 0 0 0 0 0 0 0 0 0 0 0 0 0 0 0 0 0 0 0 0 0 0 0 0 0 0 0 0 0 0 1 0 0 0 0 0 0 0 0 0 0 0 0 0 0 0 0 0
geno chr7.3000423 fin  0 0 0 0 0 0 0 0 0 0 0 0 0 0 0 0 0 0 0 0 0 0 0 0 0 0 0 0 0 0 0 0 0 0 0 0 1 0 0 0 0 0 0 0 0 0 0 0 0 0 0 0 0 0 0 0 0 0 0 0 0 0 0 0 0 0 0 0 0 0 0 0 0 0 0 0 0 0 0 0 0 0 0 0 0 0 0 0 0
geno chr7.3000423 gbr  0 0 0 0 0 0 0 0 0 0 0 0 0 0 0 0 0 0 0 0 0 0 0 0 0 0 0 0 0 0 0 0 0 0 0 0 0 0 0 0 1 0 0 0 0 0 0 0 0 0 1 0 0 0 0 0 0 0 0 0 0 0 0 0 0 0 0 0 0 0 0 0 0 0 0 0 1 0 0 0 0 0 0 0
geno chr7.3000423 tsi  0 0 0 0 0 0 0 0 0 0 0 0 0 0 0 0 0 0 0 0 0 0 0 0 0 0 1 0 0 0 0 0 0 0 0 0 0 0 0 0 0 1 0 1 0 0 0 0 0 0 0 0 0 0 0 0 0 0 0 0 0 0 0 0 0 0 0 0 0 0 0 0 0 0 0 0 0 1 0 0 0 0 0 0 0 0 0 0 0 0 0 0
geno chr7.3000423 yri  0 1 0 1 1 0 1 2 1 1 1 1 0 0 1 1 0 1 0 0 1 0 0 2 0 1 1 0 0 0 0 1 1 1 1 1 1 0 0 2 0 1 0 1 0 1 0 2 0 0 0 0 0 1 1 2 0 0 0 1 1 2 1 1 2 0 1 0 0 1 1 0 1 1 2 1 0
geno chr7.3000424 ceu  0 0 0 0 0 0 0 0 0 0 0 0 0 0 0 0 0 0 0 0 0 0 0 0 0 0 0 0 0 0 0 0 0 0 0 0 0 0 0 0 0 0 0 0 0 0 0 0 0 0 0 0 0 0 0 0 0 0 0 0 0 0 0 0 0 0 0 0 0 0 0 0 0 0 0 0 0 0
geno chr7.3000424 fin  0 0 0 0 0 0 0 0 0 0 0 0 0 0 0 0 0 0 0 0 0 0 0 0 0 0 0 0 0 0 0 0 0 0 0 0 0 0 0 0 0 0 0 0 0 0 0 0 0 0 0 0 0 0 0 0 0 0 0 0 0 0 0 0 0 0 0 0 0 0 0 0 0 0 0 0 0 0 0 0 0 0 0 0 0 0 0 0 0
geno chr7.3000424 gbr  0 0 0 0 0 0 0 0 0 0 0 0 0 0 0 0 0 0 0 0 0 0 0 0 0 0 0 0 0 0 0 0 0 0 0 0 0 0 0 0 0 0 0 0 0 0 0 0 0 0 0 0 0 0 0 0 0 0 0 0 0 0 0 0 0 0 0 0 0 0 0 0 0 0 0 0 0 0 0 0 0 0 0 0
geno chr7.3000424 tsi  0 0 0 0 0 0 0 0 0 0 0 0 0 0 0 0 0 0 0 0 0 0 0 0 0 0 0 0 0 0 0 0 0 0 0 0 0 0 0 0 0 0 0 0 0 0 0 0 0 0 0 0 0 0 0 0 0 0 0 0 0 0 0 0 0 0 0 0 0 0 0 0 0 0 0 0 0 0 0 0 0 0 0 0 0 0 0 0 0 0 0 0
geno chr7.3000424 yri  1 0 0 1 0 0 0 0 0 0 0 1 0 0 0 1 2 0 0 2 1 1 0 0 1 0 1 1 1 0 0 0 0 1 0 0 0 1 0 0 0 1 0 0 0 0 1 0 0 0 0 1 2 1 1 0 1 1 0 0 1 0 0 0 0 0 0 0 0 1 0 1 0 0 0 0 1
geno chr7.3000485 ceu  0 0 0 0 0 0 0 0 0 0 0 0 1 1 0 0 0 0 0 0 0 0 0 0 0 0 0 0 0 0 0 0 0 0 0 0 0 0 0 0 0 0 0 0 0 0 0 0 0 0 0 0 0 0 0 0 0 0 0 0 1 0 0 0 0 0 0 0 0 0 0 0 0 0 0 0 0 0
geno chr7.3000485 fin  0 0 0 0 0 0 0 0 0 0 0 0 0 0 0 0 0 0 0 0 0 0 0 0 0 0 0 0 0 0 0 0 0 0 0 0 1 0 0 0 0 0 0 0 0 0 0 0 0 0 0 0 0 0 0 0 0 0 0 0 0 0 0 0 0 0 0 0 0 0 0 0 0 0 0 0 0 0 0 0 0 0 0 0 0 0 0 0 0
geno chr7.3000485 gbr  0 0 0 0 0 0 0 0 0 0 0 0 0 0 0 0 0 0 0 0 0 0 0 0 0 0 0 0 0 0 0 0 0 0 0 0 0 0 0 0 1 0 0 0 0 0 0 0 0 0 1 0 0 0 0 0 0 0 0 0 0 0 0 0 0 0 0 0 0 0 0 0 0 0 0 0 1 0 0 0 0 0 0 0
geno chr7.3000485 tsi  0 0 0 0 0 0 0 0 0 0 0 0 0 0 0 0 0 0 0 0 0 0 0 0 0 0 1 0 0 0 0 0 0 0 0 0 0 0 0 0 0 1 0 1 0 0 0 0 0 0 0 0 0 0 0 0 0 0 0 0 0 0 0 0 0 0 0 0 0 0 0 0 0 0 0 0 0 1 0 0 0 0 0 0 0 0 0 0 0 0 0 0
geno chr7.3000485 yri  0 1 0 1 1 0 1 2 1 1 1 1 0 0 1 1 0 1 0 0 1 0 0 2 0 1 1 0 0 0 0 1 1 1 1 1 1 0 0 2 0 1 0 1 0 1 0 2 0 0 0 0 0 1 1 2 0 0 0 1 1 2 1 1 2 0 1 0 0 1 1 0 1 1 2 1 0
geno chr7.3000503 ceu  0 0 0 0 0 0 0 0 0 0 0 0 0 0 0 0 0 0 0 0 0 0 0 0 0 0 0 0 0 0 0 0 0 0 0 0 0 0 0 0 0 0 0 0 0 0 0 0 0 0 0 0 0 0 0 0 0 0 0 0 0 0 0 0 0 0 0 0 0 0 0 0 0 0 0 0 0 0
geno chr7.3000503 fin  0 0 0 0 0 0 0 0 0 0 0 0 0 0 0 0 0 0 0 0 0 0 0 0 0 0 0 0 0 0 0 0 0 0 0 0 0 0 0 0 0 0 0 0 0 0 0 0 0 0 0 0 0 0 0 0 0 0 0 0 0 0 0 0 0 0 0 0 0 0 0 0 0 0 0 0 0 0 0 0 0 0 0 0 0 0 0 0 0
geno chr7.3000503 gbr  0 0 0 0 0 0 0 0 0 0 0 0 0 0 0 0 0 0 0 0 0 0 0 0 0 0 0 0 0 0 0 0 0 0 0 0 0 0 0 0 0 0 0 0 0 0 0 0 0 0 0 0 0 0 0 0 0 0 0 0 0 0 0 0 0 0 0 0 0 0 0 0 0 0 0 0 0 0 0 0 0 0 0 0
geno chr7.3000503 tsi  0 0 0 0 0 0 0 0 0 0 0 0 0 0 0 0 0 0 0 0 0 0 0 0 0 0 0 0 0 0 0 0 0 0 0 0 0 0 0 0 0 1 0 0 0 0 0 0 0 0 0 0 0 0 0 0 0 0 0 0 0 0 0 0 0 0 0 0 0 0 0 0 0 0 0 0 0 1 0 0 0 0 0 0 0 0 0 0 0 0 0 0
geno chr7.3000503 yri  0 1 0 1 1 0 1 2 1 1 1 1 0 0 1 1 0 1 0 0 1 0 0 2 0 1 1 0 0 0 0 1 1 1 1 1 1 0 0 2 0 1 0 1 0 1 0 2 0 0 0 0 0 1 1 2 0 0 0 1 1 2 1 1 2 0 1 0 0 1 1 0 1 1 1 1 0
geno chr7.3000539 ceu  0 0 0 0 0 0 0 0 0 0 0 0 0 0 0 0 0 0 0 0 0 0 0 0 0 0 0 0 0 0 0 0 0 0 0 0 0 0 0 0 0 0 0 0 0 0 0 0 0 0 0 0 0 0 0 0 0 0 0 0 0 0 0 0 0 0 0 0 0 0 0 0 0 0 0 0 0 0
geno chr7.3000539 fin  0 0 0 0 0 0 0 0 0 0 0 0 0 0 0 0 0 0 0 0 0 0 0 0 0 0 0 0 0 0 0 0 0 0 0 0 0 0 0 0 0 0 0 0 0 0 0 0 0 0 0 0 0 0 1 0 0 0 0 0 0 0 1 0 1 0 1 0 1 0 0 0 1 0 1 1 0 0 0 0 0 0 0 0 0 0 1 0 0
geno chr7.3000539 gbr  0 0 0 0 0 0 0 0 0 0 0 0 0 0 0 0 0 0 0 0 0 0 0 0 0 0 0 0 0 0 0 0 0 0 0 0 0 0 0 0 0 0 0 0 0 0 0 0 0 0 0 0 0 0 0 0 1 0 0 0 0 0 0 0 0 0 0 0 0 0 0 0 0 0 0 0 0 0 0 0 0 0 0 0
geno chr7.3000539 tsi  0 0 0 0 0 0 0 0 0 0 0 0 0 0 0 0 0 0 0 0 0 0 0 0 0 0 0 0 0 0 0 0 0 0 0 0 0 0 0 0 0 1 0 0 0 0 0 0 0 0 0 0 0 0 0 0 0 0 0 0 0 0 0 0 0 0 0 0 0 0 0 0 0 0 0 0 0 1 0 0 0 0 0 0 0 0 0 0 0 0 0 0
geno chr7.3000539 yri  0 0 0 0 0 0 0 1 1 0 1 0 0 0 1 1 0 1 0 0 0 0 0 1 0 1 0 0 0 0 0 0 1 0 0 1 0 1 0 0 0 0 0 1 0 1 0 2 0 0 0 0 0 0 1 2 0 0 0 1 1 2 1 1 1 0 1 0 0 1 2 0 1 1 1 0 0
