pheno ENSG00000173272 ceu 0.6979212 1.110671 1.231324 -0.2395462 2.667255 0.2930063 1.082994 0.7742911 1.123487 -0.1882415 0.7319872 1.047507 0.2472249 -0.4608645 0.3905439 -0.4968404 0.4560886 0.2573142 0.5754683 0.02850388 0.8963386 2.014187 0.03542559 0.8598986 -0.6411948 -0.3250588 0.9867035 1.057993 -0.2521329 1.290851 -0.09549857 0.6025887 -1.023445 1.182031 0.2074124 1.136261 -0.5416447 1.766266 1.075965 1.938885 0.7957171 -1.005747 0.6995582 -1.420988 2.476989 0.5685604 1.22252 -0.07279319 0.8235103 0.4214016 0.8434778 -0.9361134 0.3571596 -0.8067749 -0.8796391 -1.345567 2.243527 1.178834 0.1220455 0.290106 -0.1076989 -0.08884806 2.012633 1.573413 0.5774492 0.5896447 0.7887501 0.7758468 2.241397 -0.4650461 0.702886 0.5218815 0.0823007 -0.09210853 -0.2376192 0.3154898 1.007498 1.793077
pheno ENSG00000173272 fin 0.4919254 -0.4802062 -0.6090932 -0.564292 0.4913129 -1.052411 -0.471193 -1.665079 -0.4799179 -1.922451 -1.259677 -1.637953 -2.485307 -1.169499 -1.839587 -0.8781953 0.8693621 0.5793387 0.8754191 -0.4254362 1.847889 -0.05586694 -0.7678813 -0.5837894 -0.5036179 -0.4600688 -1.444513 -0.7216249 -0.9276384 -1.452952 -0.1249938 1.816348 0.3039882 -0.2394482 -1.662984 -1.587371 -1.141803 -0.3173415 -3.112505 -2.53273 -0.4587327 -1.038919 -0.5711704 -0.3417373 -0.6070686 0.8183765 0.5140791 -0.3210479 -0.8517029 -0.7243222 0.1253509 -2.065886 1.968282 -1.575111 -0.842422 0.1981368 -2.128209 -0.2385338 -1.915922 -1.064641 -1.531629 -1.202521 0.269126 -1.98748 0.9769836 -0.604721 1.010691 -0.7638477 -1.39036 -0.5107142 -2.288988 -1.228944 -0.3511038 -0.1025817 -0.4869393 -0.2834385 -2.268761 0.4566344 -0.3511091 -1.317937 1.413869 -0.5648096 -2.009021 0.4543618 1.291276 -0.4188201 -0.4448954 -0.5558914 -1.025274
pheno ENSG00000173272 gbr 0.6980871 1.400242 -1.022314 -0.06887916 3.650557 0.8735778 0.7033472 1.013162 0.3767277 2.030179 2.174874 2.283596 0.05236804 1.126377 1.671289 0.3746961 1.517942 1.142783 2.414627 1.816245 -0.5683111 1.632762 0.3510061 1.63221 0.5277659 0.637866 0.05749816 2.278762 1.635493 2.116342 1.940412 -0.5950441 0.4657646 1.828316 0.4487002 0.9271363 1.166258 0.7161322 2.413173 1.42715 0.7284009 1.214904 0.6589054 2.109154 1.777944 2.501395 2.130823 1.325692 1.249699 1.860209 3.365966 -0.6629232 3.175507 -0.2152635 0.9647981 2.603419 1.850559 1.843886 2.326316 -0.01923666 0.6408804 2.370505 1.405855 2.698269 1.299368 1.643944 0.8906217 -0.07849816 0.3510881 0.6332824 -0.7787221 3.848637 -0.6826777 1.081008 0.8046562 -0.3199937 1.015761 0.3633672 0.03912965 1.593108 2.876551 0.868689 1.235495 0.2739691
pheno ENSG00000173272 tsi -0.982534 -2.53073 -0.2555909 1.388404 0.6342189 -1.313836 -1.116129 -1.594261 -0.5285167 -1.897661 -1.37277 1.279279 -0.3112205 -1.3644 0.4454611 1.033896 -1.052599 0.6742921 0.3824992 -2.308018 0.1994879 -0.9467841 -0.6047057 -1.008066 0.5734887 1.196541 -0.3725039 0.3596097 1.271233 0.237266 -0.6894772 -0.6257783 0.1546844 -1.340571 -1.349638 -1.711982 -1.071288 -0.2113517 0.7110895 -0.2040869 0.7270063 -0.26081 -2.028411 -0.529569 -1.471783 -1.147781 -2.672059 0.5387909 0.6828679 0.4419064 -0.5173076 -0.07239218 0.01422177 -0.7158301 0.8546368 -1.047744 -0.2438716 -0.5316747 -1.537866 -0.7790555 -1.522342 0.01933908 -1.557957 -0.7489132 1.361711 1.042215 -0.3027472 -0.7088271 -0.5716623 -2.201981 2.346781 -2.757253 -0.4682727 -1.160619 0.1880193 -1.129509 -2.320748 -1.549865 0.6352602 1.180889 0.3722819 -0.9145646 -3.734708 -1.475617 -0.2369032 -0.4552577 0.7843411 0.165716 -1.343965 -0.8868484 0.1204522 -0.9759236
pheno ENSG00000173272 yri -1.088807 -2.145507 -0.9296199 -2.016905 0.09366777 -0.02824679 -0.6739083 0.3563116 0.3850448 -0.6862289 -1.273513 -1.351337 -2.017516 2.182856 -2.038351 0.0114139 -0.6267234 -0.2413344 -0.385855 -0.7366314 -1.880092 1.264574 -0.2237596 0.2433808 -0.3489429 0.8552759 -0.6383859 -2.613212 0.9222102 -1.018644 -0.227462 -0.311528 -1.641018 -0.6558025 -1.297348 0.2753857 -0.4185679 0.01699207 -1.022731 -1.809474 -0.8302299 0.04365196 0.7762708 -0.1286835 -0.09129979 -2.020433 -0.9601483 -0.8922637 0.3654584 -0.1948625 -0.7907909 -0.7814378 1.382503 -0.1015366 -1.912141 -2.911306 -0.8262079 -0.9651103 0.4441881 -0.5123041 -0.8761736 -2.311749 -0.3865649 -1.631603 -1.666368 -1.607293 -0.4650036 0.4829927 -1.32972 -1.650922 1.983407 -0.1828284 0.01555981 -0.7671053 -1.768646 -0.4876507 -1.579497
geno chr2.132150732 ceu  0 0 1 1 0 0 0 0 0 0 0 1 0 0 0 0 0 0 0 0 0 0 0 0 0 1 0 0 0 0 1 0 0 0 0 0 0 0 0 2 1 0 0 0 0 0 0 0 0 0 0 0 0 0 0 0 0 0 0 0 0 0 0 0 0 0 0 0 0 1 0 0 0 0 0 0 0 0
geno chr2.132150732 fin  0 0 0 0 0 0 0 1 0 0 0 0 0 0 0 0 1 1 0 0 0 0 0 0 0 0 0 0 0 0 0 0 0 0 0 0 0 0 0 0 0 0 1 0 0 0 0 1 1 0 1 0 0 0 0 0 0 0 0 0 1 0 0 0 0 0 0 0 0 1 0 0 0 1 1 0 1 0 0 0 0 0 0 0 0 1 0 0 0
geno chr2.132150732 gbr  1 0 0 0 1 0 0 0 0 0 0 0 0 0 0 0 0 0 0 0 0 0 0 0 0 1 0 0 0 0 0 0 0 0 0 0 0 0 0 0 2 0 0 0 0 0 0 0 0 0 0 1 0 0 0 0 0 0 0 0 0 0 0 0 0 0 0 1 0 0 0 0 0 0 0 0 0 0 0 0 0 0 1 0
geno chr2.132150732 tsi  0 0 0 0 0 0 0 0 0 0 0 0 0 0 0 0 0 1 0 1 0 0 0 0 0 1 0 0 0 0 0 0 0 0 1 0 0 0 0 0 0 1 0 0 0 0 0 1 0 0 0 0 0 0 0 0 0 0 0 0 0 0 0 0 0 0 0 0 0 0 0 0 0 1 0 0 0 0 0 1 0 0 0 0 0 0 0 0 0 0 0 0
geno chr2.132150732 yri  0 0 0 0 0 0 0 0 0 0 0 0 0 0 0 0 0 0 0 0 0 0 0 0 0 0 0 0 0 0 0 0 0 0 0 0 0 0 0 0 0 0 0 0 0 0 0 0 0 0 0 0 0 0 0 0 0 0 0 0 0 0 0 0 0 0 0 0 0 0 0 0 0 0 0 0 0
geno chr2.132150751 ceu  1 2 2 2 1 2 2 2 1 2 1 2 0 1 1 1 2 2 2 2 1 2 2 2 2 2 1 1 1 1 2 2 2 2 2 1 1 1 2 2 1 2 2 1 1 2 1 2 1 2 2 2 0 2 2 0 1 2 2 1 1 1 2 1 2 2 2 0 2 1 2 2 1 2 2 2 1 2
geno chr2.132150751 fin  2 1 0 2 1 2 1 1 1 2 1 2 2 0 1 2 2 2 2 2 2 2 1 1 2 1 2 1 2 1 2 1 2 1 2 1 2 2 2 1 1 2 2 2 2 2 2 2 2 1 2 2 1 1 2 2 2 2 2 2 2 1 1 2 1 1 2 2 2 2 1 1 1 1 2 2 1 1 2 2 1 1 2 2 1 2 2 2 1
geno chr2.132150751 gbr  2 1 2 1 2 1 2 2 2 2 2 2 1 2 1 2 2 2 1 2 2 2 2 1 1 2 2 2 1 2 2 2 2 2 2 2 2 2 1 2 2 2 2 1 2 1 2 2 2 1 2 1 2 2 2 2 1 2 0 2 2 2 1 2 2 2 2 1 2 2 1 2 1 2 2 2 2 2 2 2 2 1 2 2
geno chr2.132150751 tsi  2 2 2 2 1 2 2 1 2 2 2 2 2 2 2 2 1 1 2 2 1 1 0 2 2 2 2 2 2 2 2 1 2 1 2 2 2 2 2 2 2 2 1 2 2 2 2 2 2 2 1 1 2 1 1 2 1 2 2 1 2 2 2 2 2 2 2 2 2 2 2 2 1 2 2 2 1 1 2 2 2 2 1 2 1 1 2 2 2 2 1 1
geno chr2.132150751 yri  0 0 1 0 1 1 0 1 1 1 1 1 0 0 0 1 0 0 0 0 1 1 1 0 0 0 1 0 0 0 1 0 0 0 0 1 0 0 0 0 1 0 0 0 1 0 1 1 1 2 0 0 1 1 0 1 0 0 0 0 0 2 0 0 0 0 1 0 0 0 0 0 0 0 1 0 0
geno chr2.132150882 ceu  1 2 2 2 2 2 2 2 1 2 1 2 0 2 1 1 2 2 2 2 1 2 2 2 2 2 1 1 1 1 2 2 2 2 2 1 1 1 2 2 1 2 2 1 1 2 1 2 1 2 2 2 0 2 2 1 1 2 2 1 1 1 2 1 2 2 2 0 2 1 2 2 1 2 2 2 1 2
geno chr2.132150882 fin  2 1 0 2 1 2 1 1 1 2 1 2 2 1 1 2 2 2 2 2 2 2 1 1 2 1 2 1 2 1 2 1 2 1 2 2 2 2 2 1 2 2 2 2 2 2 2 2 2 1 2 1 1 1 2 2 2 2 1 2 2 1 1 2 1 2 1 2 2 1 1 2 1 1 1 1 1 1 2 2 1 1 1 2 1 1 1 1 1
geno chr2.132150882 gbr  1 1 2 1 1 1 1 2 2 1 2 2 1 2 1 2 2 2 1 1 2 2 2 1 1 2 1 1 1 2 2 1 2 2 2 2 2 2 1 2 2 2 2 1 2 1 2 2 2 1 2 1 2 2 2 1 1 2 1 2 1 2 1 2 2 2 2 1 2 2 1 2 1 2 2 2 2 2 2 2 2 1 2 2
geno chr2.132150882 tsi  2 2 2 2 1 2 2 1 2 2 2 2 2 2 2 2 1 1 2 2 1 1 0 2 2 2 2 2 2 2 2 1 2 1 2 2 2 2 2 2 2 2 1 2 2 2 2 2 2 2 1 1 2 1 1 2 1 2 2 1 2 2 2 2 2 2 2 2 2 2 2 2 1 2 2 2 2 1 2 2 2 2 1 2 1 1 2 2 2 2 1 2
geno chr2.132150882 yri  1 0 1 0 1 1 1 1 2 2 1 2 1 0 2 1 0 1 1 0 1 2 1 2 0 0 1 1 0 0 1 0 0 1 1 2 1 2 0 0 1 1 1 1 2 0 2 1 2 1 1 0 1 2 1 1 0 0 1 0 1 2 1 0 1 0 1 1 2 0 1 1 1 2 1 1 1
geno chr2.132151171 ceu  1 2 2 2 2 2 2 2 1 2 1 2 0 2 1 1 2 2 2 2 1 2 2 2 2 2 1 1 1 1 2 2 2 2 2 1 1 1 2 2 1 2 2 1 1 2 1 2 1 2 2 2 0 2 2 1 1 2 2 1 1 1 2 1 2 2 2 0 2 1 2 2 0 2 2 2 1 2
geno chr2.132151171 fin  2 1 0 2 1 2 1 1 1 2 1 2 2 1 1 2 2 2 2 2 2 2 1 1 2 1 2 0 2 1 2 1 2 1 2 2 2 2 2 1 2 2 2 2 2 2 2 2 2 1 2 1 1 1 2 2 2 2 1 2 2 1 1 2 1 2 1 2 2 1 1 2 1 1 1 1 1 1 2 2 1 1 1 2 1 1 1 1 0
geno chr2.132151171 gbr  1 1 2 1 1 1 1 2 2 1 2 2 1 2 1 2 2 2 1 1 2 2 2 1 1 2 1 1 1 2 2 1 1 2 2 2 2 2 1 2 2 2 2 1 2 1 2 2 2 1 2 1 2 2 2 1 1 2 1 2 0 2 1 2 2 2 2 1 2 2 1 2 0 2 2 2 2 2 2 2 2 1 2 2
geno chr2.132151171 tsi  2 2 2 2 1 2 2 1 2 2 2 2 2 2 2 2 1 1 2 2 1 1 0 2 2 2 2 2 2 2 2 1 2 1 2 2 2 2 2 2 2 2 1 2 2 2 2 2 2 2 1 1 2 1 1 2 1 2 2 1 2 2 2 2 2 2 2 2 2 2 2 2 1 2 2 2 2 1 2 2 2 2 1 2 1 1 2 2 2 2 1 2
geno chr2.132151171 yri  1 0 1 0 1 1 1 1 2 2 1 2 1 0 2 1 0 1 1 0 1 2 1 2 0 0 1 1 0 0 0 0 0 1 1 2 1 2 0 0 1 0 1 0 2 0 2 1 2 1 1 0 1 2 1 1 0 0 1 0 1 2 1 0 1 0 1 1 1 0 1 1 1 2 1 1 1
geno chr2.132151214 ceu  1 2 2 2 2 2 2 2 1 2 1 2 0 2 1 1 2 2 2 2 1 2 2 2 2 2 1 1 1 1 2 2 2 2 2 1 1 1 2 2 1 2 2 1 1 2 1 2 1 2 2 2 0 2 2 1 1 2 2 1 1 1 2 1 2 2 2 0 2 1 2 2 1 2 2 2 1 2
geno chr2.132151214 fin  2 1 0 2 1 2 1 1 1 2 1 2 2 1 1 2 2 2 2 2 2 2 1 1 2 1 2 1 2 1 2 1 2 1 2 2 2 2 2 1 2 2 2 2 2 2 2 2 2 1 2 2 1 1 2 2 2 2 2 2 2 1 1 2 2 2 2 2 2 2 1 2 1 1 2 2 1 1 2 2 1 1 2 2 1 2 2 2 1
geno chr2.132151214 gbr  2 1 2 1 2 1 2 2 2 2 2 2 1 2 1 2 2 2 1 2 2 2 2 1 1 2 2 2 1 2 2 2 2 2 2 2 2 2 1 2 2 2 2 1 2 1 2 2 2 1 2 1 2 2 2 2 1 2 1 2 2 2 1 2 2 2 2 1 2 2 1 2 1 2 2 2 2 2 2 2 2 1 2 2
geno chr2.132151214 tsi  2 2 2 2 1 2 2 1 2 2 2 2 2 2 2 2 1 1 2 2 1 1 0 2 2 2 2 2 2 2 2 1 2 1 2 2 2 2 2 2 2 2 1 2 2 2 2 2 2 2 1 1 2 1 1 2 1 2 2 1 2 2 2 2 2 2 2 2 2 2 2 2 1 2 2 2 2 1 2 2 2 2 1 2 1 1 2 2 2 2 1 2
geno chr2.132151214 yri  1 0 1 0 1 1 1 1 2 2 1 2 1 0 2 1 0 1 1 0 1 2 1 2 0 0 1 1 0 0 0 0 0 1 1 2 1 2 1 0 1 1 1 1 2 0 2 1 2 2 1 0 1 2 1 1 0 0 1 0 1 2 1 0 1 0 1 1 2 0 1 1 1 2 1 1 1
geno chr2.132151248 ceu  1 2 2 2 2 2 2 2 1 2 1 2 0 2 1 1 2 2 2 2 1 2 2 2 2 2 1 1 1 1 2 2 2 2 2 1 1 1 2 2 1 2 2 1 1 2 1 2 1 2 2 2 0 2 2 1 1 2 2 1 1 1 2 1 2 2 2 0 2 1 2 2 1 2 2 2 1 2
geno chr2.132151248 fin  2 1 0 2 1 2 1 1 1 2 1 2 2 1 1 2 2 2 2 2 2 2 1 1 2 1 2 1 2 1 2 1 2 1 2 2 2 2 2 1 2 2 2 2 2 2 2 2 2 1 2 2 1 1 2 2 2 2 2 2 2 1 1 2 2 2 2 2 2 2 1 2 1 1 2 2 1 1 2 2 1 1 2 2 1 2 2 2 1
geno chr2.132151248 gbr  2 1 2 1 2 1 2 2 2 2 2 2 1 2 1 2 2 2 1 2 2 2 2 1 1 2 2 2 1 2 2 2 2 2 2 2 2 2 1 2 2 2 2 1 2 1 2 2 2 1 2 1 2 2 2 2 1 2 1 2 2 2 1 2 2 2 2 1 2 2 1 2 1 2 2 2 2 2 2 2 2 1 2 2
geno chr2.132151248 tsi  2 2 2 2 1 2 2 1 2 2 2 2 2 2 2 2 1 1 2 2 1 1 0 2 2 2 2 2 2 2 2 1 2 1 2 2 2 2 2 2 2 2 1 2 2 2 2 2 2 2 1 1 2 1 1 2 1 2 2 1 2 2 2 2 2 2 2 2 2 2 2 2 1 2 2 2 2 1 2 2 2 2 1 2 1 1 2 2 2 2 1 2
geno chr2.132151248 yri  1 0 1 0 1 1 1 1 2 2 1 2 1 0 2 1 0 1 1 0 1 2 1 2 0 0 1 1 0 0 1 0 0 1 1 2 1 2 1 0 1 1 1 1 2 0 2 1 2 2 1 0 1 2 1 1 0 0 1 0 1 2 1 0 1 0 1 1 2 0 1 1 1 2 1 1 1
geno chr2.132151287 ceu  1 2 2 2 2 2 2 2 1 2 1 2 0 2 1 1 2 2 2 2 1 2 2 2 2 2 1 1 1 1 2 2 2 2 2 1 1 1 2 2 1 2 2 1 1 2 1 2 1 2 2 2 0 2 2 1 1 2 2 1 1 1 2 1 2 2 2 0 2 1 2 2 1 2 2 2 1 2
geno chr2.132151287 fin  2 1 0 2 1 2 1 1 1 2 1 2 2 1 1 2 2 2 2 2 2 2 1 1 2 1 2 1 2 1 2 1 2 1 2 2 2 2 2 1 2 2 2 2 2 2 2 2 2 1 2 2 1 1 2 2 2 2 2 2 2 1 1 2 2 2 2 2 2 2 1 2 1 1 2 2 1 1 2 2 1 1 2 2 1 2 2 2 1
geno chr2.132151287 gbr  2 1 2 1 2 1 2 2 2 2 2 2 1 2 1 2 2 2 1 2 2 2 2 1 1 2 2 2 1 2 2 2 2 2 2 2 2 2 1 2 2 2 2 1 2 1 2 2 2 1 2 1 2 2 2 2 1 2 1 2 2 2 1 2 2 2 2 1 2 2 1 2 1 2 2 2 2 2 2 2 2 1 2 2
geno chr2.132151287 tsi  2 2 2 2 1 2 2 1 2 2 2 2 2 2 2 2 1 1 2 2 1 1 0 2 2 2 2 2 2 2 2 1 2 1 2 2 2 2 2 2 2 2 1 2 2 2 2 2 2 2 1 1 2 1 1 2 1 2 2 1 2 2 2 2 2 2 2 2 2 2 2 2 1 2 2 2 2 1 2 2 2 2 1 2 1 1 2 2 2 2 1 2
geno chr2.132151287 yri  1 0 1 0 1 1 1 1 2 2 1 2 1 0 2 1 0 1 1 0 1 2 1 2 0 0 1 1 0 0 1 0 0 1 1 2 1 1 0 0 1 1 1 1 2 0 2 1 2 2 1 0 1 2 1 1 0 0 1 0 1 2 1 0 1 0 1 1 2 0 1 1 1 2 1 1 1
geno chr2.132151346 ceu  1 2 2 2 2 2 2 2 1 2 1 2 0 2 1 1 2 2 2 2 1 2 2 2 2 2 1 1 1 1 2 2 2 2 2 1 1 1 2 2 1 2 2 1 1 2 1 2 1 2 2 2 0 2 2 1 1 2 2 1 1 1 2 1 2 2 2 0 2 1 2 2 1 2 2 2 1 2
geno chr2.132151346 fin  2 1 0 2 1 2 1 1 1 2 1 2 2 1 1 2 2 2 2 2 2 2 1 1 2 1 2 1 2 1 2 1 2 1 2 2 2 2 2 1 2 2 2 2 2 2 2 2 2 1 2 2 1 1 2 2 2 2 2 2 2 1 1 2 2 2 2 2 2 2 1 2 1 1 2 2 1 1 2 2 1 1 2 2 1 2 2 2 1
geno chr2.132151346 gbr  2 1 2 1 2 1 2 2 2 2 2 2 1 2 1 2 2 2 1 2 2 2 2 1 1 2 2 2 1 2 2 2 2 2 2 2 2 2 1 2 2 2 2 1 2 1 2 2 2 1 2 1 2 2 2 2 1 2 1 2 2 2 1 2 2 2 2 1 2 2 1 2 1 2 2 2 2 2 2 2 2 1 2 2
geno chr2.132151346 tsi  2 2 2 2 1 2 2 1 2 2 2 2 2 2 2 2 1 1 2 2 1 1 0 2 2 2 2 2 2 2 2 1 2 1 2 2 2 2 2 2 2 2 1 2 2 2 2 2 2 2 1 1 2 1 1 2 1 2 2 1 2 2 2 2 2 2 2 2 2 2 2 2 1 2 2 2 2 1 2 2 2 2 1 2 1 1 2 2 2 2 1 2
geno chr2.132151346 yri  1 0 1 0 1 1 1 1 2 2 1 2 1 0 2 1 0 1 1 0 1 2 1 2 0 0 1 1 0 0 1 0 0 1 1 2 1 2 1 0 1 1 1 1 2 0 2 1 2 2 1 0 1 2 1 1 0 0 1 0 1 2 1 0 1 0 1 1 2 0 1 1 1 2 1 1 1
geno chr2.132151512 ceu  1 2 2 2 2 2 2 2 1 2 1 2 0 2 1 1 2 2 2 2 1 2 2 2 2 2 1 1 1 1 2 2 2 2 2 1 1 1 2 2 1 2 2 1 1 2 1 2 1 2 2 2 0 2 2 1 1 2 2 1 1 1 2 1 2 2 2 0 2 1 2 2 1 2 2 2 1 2
geno chr2.132151512 fin  2 1 0 2 1 2 1 1 1 2 1 2 2 1 1 2 2 2 2 2 2 2 1 1 2 1 2 1 2 1 2 1 2 1 2 2 2 2 2 1 2 2 2 2 2 2 2 2 2 1 2 1 1 1 2 2 2 2 1 2 2 1 1 2 1 2 1 2 2 2 1 2 1 1 2 1 1 1 2 2 1 1 1 2 1 1 2 1 1
geno chr2.132151512 gbr  1 1 2 1 1 1 1 2 2 2 2 2 1 2 1 2 2 2 1 1 2 2 2 1 1 2 1 1 1 2 2 1 1 2 2 2 2 2 1 2 2 2 2 1 2 1 2 2 2 1 2 1 2 2 2 1 1 2 1 2 0 2 1 2 2 2 2 1 2 2 1 2 1 2 2 2 2 2 2 2 2 1 2 2
geno chr2.132151512 tsi  2 2 2 2 1 2 2 1 2 2 2 2 2 2 2 2 1 1 2 2 1 1 0 2 2 2 2 2 2 2 2 1 2 1 2 2 2 2 2 2 2 2 1 2 2 2 2 2 2 2 1 1 2 1 1 2 1 2 2 1 2 2 2 2 2 2 2 2 2 2 2 2 1 2 2 2 2 1 2 2 2 2 1 2 1 1 2 2 2 2 1 2
geno chr2.132151512 yri  1 0 1 0 1 1 1 1 2 2 1 2 1 0 2 1 0 1 1 0 1 2 1 2 0 0 1 1 0 0 1 0 0 1 1 2 1 1 1 0 1 1 1 1 2 0 2 1 2 1 1 0 1 2 1 1 0 0 1 0 1 2 1 0 1 0 1 1 2 0 1 1 1 2 1 1 1
geno chr2.132151901 ceu  1 2 2 2 1 2 2 2 1 2 1 2 0 1 1 1 2 2 2 2 1 2 2 2 2 2 1 1 1 1 2 2 2 2 2 1 1 1 2 2 1 2 2 0 1 2 1 2 1 2 2 2 0 2 2 1 1 2 2 1 1 1 2 1 2 2 2 0 2 1 2 2 1 2 2 2 1 2
geno chr2.132151901 fin  2 1 0 2 1 2 1 1 1 2 1 2 1 0 1 2 2 2 2 2 2 2 0 1 2 1 2 1 2 1 2 1 2 0 2 1 2 2 2 1 1 2 2 2 2 2 2 2 2 1 2 1 1 1 2 2 2 2 1 2 2 1 0 2 0 1 1 2 1 2 1 0 1 1 2 1 1 1 2 2 1 1 1 2 1 0 1 1 1
geno chr2.132151901 gbr  1 0 2 0 1 1 1 2 2 2 2 2 1 2 1 2 2 2 1 1 2 2 2 0 1 2 1 1 1 2 2 1 1 2 2 2 2 2 1 2 2 2 2 1 2 1 2 2 2 1 2 1 2 2 2 1 0 2 0 2 0 2 1 2 2 2 2 1 2 2 1 2 1 2 2 2 2 1 1 2 2 1 2 2
geno chr2.132151901 tsi  2 2 2 2 1 2 2 1 2 1 2 2 2 2 2 2 1 1 2 2 1 0 0 2 2 2 2 2 2 2 2 1 2 1 2 2 2 2 2 2 2 2 1 2 2 2 2 2 2 2 1 1 2 1 1 2 1 2 2 1 2 2 2 2 2 2 2 2 2 2 2 2 1 2 2 2 1 1 2 2 2 2 1 2 1 1 2 2 2 2 1 1
geno chr2.132151901 yri  0 0 1 0 1 1 0 1 1 1 1 1 0 0 0 1 0 0 0 0 1 1 1 0 0 0 1 0 0 0 1 0 0 0 0 1 0 0 0 0 1 0 0 0 1 0 1 1 1 1 0 0 1 1 0 1 0 0 0 0 0 2 0 0 0 0 1 0 0 0 0 0 0 0 1 0 0
geno chr2.132151932 ceu  1 2 2 2 2 2 2 2 1 2 1 2 0 2 1 1 2 2 2 2 1 2 2 2 2 2 1 1 1 1 2 2 2 2 2 1 1 1 2 2 1 2 2 1 1 2 1 2 1 2 2 2 0 2 2 1 1 2 2 1 1 1 2 1 2 2 2 0 2 1 2 2 1 2 2 2 1 2
geno chr2.132151932 fin  2 1 0 2 1 2 1 1 1 2 1 2 2 1 1 2 2 2 2 2 2 2 1 1 2 1 2 1 2 1 2 1 2 1 2 2 2 2 2 1 2 2 2 2 2 2 2 2 2 1 2 2 1 1 2 2 2 2 2 2 2 1 1 2 1 2 2 2 2 2 1 2 1 1 2 2 1 1 2 2 1 1 2 2 1 2 2 1 1
geno chr2.132151932 gbr  2 1 2 1 2 1 2 2 2 2 2 2 1 2 1 2 2 2 1 2 2 2 2 1 1 2 2 2 1 2 2 2 2 2 2 2 2 2 1 2 2 2 2 1 2 1 2 2 2 1 2 1 2 2 2 2 1 2 1 2 2 2 1 2 2 2 2 1 2 2 1 2 1 2 2 2 2 2 2 2 2 1 2 2
geno chr2.132151932 tsi  2 2 2 2 1 2 2 1 2 2 2 2 2 2 2 2 1 1 2 2 1 1 0 2 2 2 2 2 2 2 2 1 2 1 2 2 2 2 2 2 2 2 1 2 2 2 2 2 2 2 1 1 2 1 1 2 1 2 2 1 2 2 2 2 2 2 2 2 2 2 2 2 1 2 2 2 2 1 2 2 2 2 1 2 1 1 2 2 2 2 1 2
geno chr2.132151932 yri  1 0 1 0 1 1 1 1 2 2 1 2 1 0 2 1 0 1 1 0 1 2 1 2 0 0 1 1 0 0 1 0 0 1 1 2 1 2 1 0 1 1 1 1 2 0 2 1 2 2 1 0 1 2 1 1 0 0 1 0 1 2 1 0 1 0 1 1 2 0 1 1 1 2 1 1 1
geno chr2.132151938 ceu  1 2 2 2 2 2 2 2 1 2 1 2 0 2 1 1 2 2 2 2 1 2 2 2 2 2 1 1 1 1 2 2 2 2 2 1 1 1 2 2 1 2 2 1 1 2 1 2 1 2 2 2 0 2 2 1 1 2 2 1 1 1 2 1 2 2 2 0 2 1 2 2 1 2 2 2 1 2
geno chr2.132151938 fin  2 1 0 2 1 2 1 1 1 2 1 2 2 1 1 2 2 2 2 2 2 2 1 1 2 1 2 1 2 1 2 1 2 1 2 2 2 2 2 1 2 2 2 2 2 2 2 2 2 1 2 2 1 1 2 2 2 2 2 2 2 1 1 2 1 2 2 2 2 2 1 2 1 1 2 2 1 1 2 2 1 1 2 2 1 2 2 2 1
geno chr2.132151938 gbr  2 1 2 1 2 1 2 2 2 2 2 2 1 2 1 2 2 2 1 2 2 2 2 1 1 2 2 2 1 2 2 2 2 2 2 2 2 2 1 2 2 2 2 1 2 0 2 2 2 1 2 1 2 2 2 2 1 2 1 2 2 2 1 2 2 2 2 1 2 2 1 2 1 2 2 2 2 2 2 2 2 1 2 2
geno chr2.132151938 tsi  2 2 2 2 1 2 2 1 2 2 2 2 2 2 2 2 1 1 2 2 1 1 0 2 2 2 2 2 2 2 2 1 2 1 2 2 2 2 2 2 2 2 1 2 2 2 2 2 2 2 1 1 2 1 1 2 1 2 2 1 2 2 2 2 2 2 2 2 2 2 2 2 1 2 2 2 2 1 2 2 2 2 1 2 1 1 2 2 2 2 1 2
geno chr2.132151938 yri  1 0 1 0 1 1 1 1 2 2 1 2 1 0 2 1 0 1 1 0 1 2 1 2 0 0 1 1 0 0 1 0 0 1 1 2 1 2 1 0 1 1 1 1 2 0 2 1 2 2 1 0 1 2 1 1 0 0 1 0 1 2 1 0 1 0 1 1 2 0 1 1 1 2 1 1 1
geno chr2.132151997 ceu  1 2 2 2 2 2 2 2 1 2 1 2 0 2 1 1 2 2 2 2 1 2 2 2 2 2 1 1 1 1 2 2 2 2 2 1 1 1 2 2 1 2 2 1 1 2 1 2 1 2 2 2 0 2 2 0 1 2 2 1 1 1 2 1 2 2 2 0 2 1 2 2 1 2 2 2 1 2
geno chr2.132151997 fin  2 1 0 2 1 2 1 1 1 2 1 2 2 1 1 2 2 2 2 2 2 2 1 1 2 1 2 1 2 1 2 1 2 1 2 2 2 2 2 1 2 2 2 2 2 2 2 2 2 1 2 2 1 1 2 2 2 2 2 2 2 1 1 2 1 2 2 2 2 2 1 2 1 1 2 2 1 1 2 2 1 1 2 2 1 2 2 2 1
geno chr2.132151997 gbr  2 1 2 1 2 1 2 2 2 2 2 2 1 2 1 2 2 2 1 2 2 2 2 1 1 2 2 2 1 2 2 2 2 2 2 2 2 2 1 2 2 2 2 1 2 0 2 2 2 1 2 1 2 2 2 2 1 2 1 2 2 2 1 2 2 2 2 1 2 2 1 2 1 2 2 2 2 2 2 2 2 1 2 2
geno chr2.132151997 tsi  2 2 2 2 1 2 2 1 2 2 2 2 2 2 2 2 1 1 2 2 1 1 0 2 2 2 2 2 2 2 2 1 2 1 2 2 2 2 2 2 2 2 1 2 2 2 2 2 2 2 1 1 2 1 1 2 1 2 2 1 2 2 2 2 2 2 2 2 2 2 2 2 1 2 2 2 2 1 2 2 2 2 1 2 1 1 2 2 2 2 1 2
geno chr2.132151997 yri  1 0 1 0 1 1 1 1 2 2 1 2 1 0 2 1 0 1 1 0 1 2 1 2 0 0 1 1 0 0 1 0 0 1 1 2 1 2 1 0 1 1 1 1 2 0 2 1 2 2 1 0 1 2 1 1 0 0 1 0 1 2 1 0 1 0 1 1 2 0 1 1 1 2 1 1 1
geno chr2.132152071 ceu  1 2 2 2 1 2 2 2 1 2 1 2 0 1 1 1 2 2 2 2 1 2 2 2 2 2 1 1 1 1 2 2 2 2 2 1 1 1 2 2 1 2 2 1 1 2 1 2 1 2 2 2 0 2 2 1 1 2 2 1 1 1 2 1 2 2 2 0 2 1 2 2 1 2 2 2 1 2
geno chr2.132152071 fin  2 1 0 2 1 2 1 1 1 2 1 2 2 0 1 2 2 2 2 2 2 2 1 1 2 1 2 1 2 1 2 1 2 1 2 1 2 2 2 1 1 2 2 2 2 2 2 2 2 1 2 2 1 1 2 2 2 2 2 2 2 1 1 2 1 1 2 2 2 2 1 1 1 1 2 2 1 1 2 2 1 1 2 2 1 1 2 2 1
geno chr2.132152071 gbr  2 1 2 1 2 1 2 2 2 2 2 2 1 2 1 2 2 2 1 2 2 2 2 1 1 2 2 2 1 2 2 2 2 2 2 2 2 2 1 2 2 2 2 1 2 0 2 2 2 1 2 1 2 2 2 2 1 2 0 2 2 2 1 2 2 2 2 1 2 2 1 2 1 2 2 2 2 2 2 2 2 1 2 2
geno chr2.132152071 tsi  2 2 2 2 1 2 2 1 2 2 2 2 2 2 2 2 1 1 2 2 1 1 0 2 2 2 2 2 2 2 2 1 2 1 2 2 2 2 2 2 2 2 1 2 2 2 2 2 2 2 1 1 2 1 1 2 1 2 2 1 2 2 2 2 2 2 2 2 2 2 2 2 1 2 2 2 1 1 2 2 2 2 1 2 1 1 2 2 2 2 1 1
geno chr2.132152071 yri  0 0 1 0 1 1 0 1 1 1 1 1 0 0 0 1 0 0 0 0 1 1 1 0 0 0 1 0 0 0 1 0 0 0 0 1 0 0 0 0 1 0 0 0 1 0 1 1 1 2 0 0 1 1 0 1 0 0 0 0 0 2 0 0 0 0 1 0 0 0 0 0 0 0 1 0 0
geno chr2.132152479 ceu  1 0 0 0 0 0 0 0 1 0 1 0 1 0 1 1 0 0 0 0 1 0 0 0 0 0 1 1 1 1 0 0 0 0 0 1 1 1 0 0 1 0 0 1 0 0 1 0 0 0 0 0 1 0 0 1 1 0 0 1 1 1 0 1 0 0 0 1 0 1 0 0 1 0 0 0 1 0
geno chr2.132152479 fin  0 1 2 0 1 0 1 1 1 0 1 0 0 1 1 0 0 0 0 0 0 0 1 1 0 1 0 1 0 1 0 1 0 1 0 0 0 0 0 1 0 0 0 0 0 0 0 0 0 1 0 0 1 1 0 0 0 0 0 0 0 1 1 0 1 0 0 0 0 0 1 0 1 1 0 0 1 1 0 0 1 1 0 0 1 0 0 0 1
geno chr2.132152479 gbr  0 1 0 1 0 1 0 0 0 0 0 0 1 0 1 0 0 0 1 0 0 0 0 1 1 0 0 0 1 0 0 0 0 0 0 0 0 0 1 0 0 0 0 1 0 2 0 0 0 1 0 0 0 0 0 0 1 0 1 0 0 0 1 0 0 0 0 1 0 0 1 0 1 0 0 0 0 0 0 0 0 1 0 0
geno chr2.132152479 tsi  0 0 0 0 1 0 0 1 0 0 0 0 0 0 0 0 1 1 0 0 1 1 2 0 0 0 0 0 0 0 0 1 0 1 0 0 0 0 0 0 0 0 1 0 0 0 0 0 0 0 1 1 0 1 1 0 1 0 0 1 0 0 0 0 0 0 0 0 0 0 0 0 1 0 0 0 0 1 0 0 0 0 1 0 1 1 0 0 0 0 1 0
geno chr2.132152479 yri  1 1 1 0 0 0 0 0 0 0 0 0 0 1 0 0 1 1 1 1 0 0 0 0 1 0 0 0 2 1 0 1 0 0 0 0 0 0 0 1 0 0 0 0 0 0 0 0 0 0 0 0 0 0 0 0 1 0 0 1 0 0 0 0 1 0 0 0 0 0 1 0 0 0 1 0 1
geno chr2.132153007 ceu  0 0 0 0 1 0 0 0 0 0 0 0 0 1 0 0 0 0 0 0 0 0 0 0 0 0 0 0 0 0 0 0 0 0 0 0 0 0 0 0 0 0 0 0 0 0 0 0 0 0 0 0 0 0 0 0 0 0 0 0 0 0 0 0 0 0 0 0 0 0 0 0 0 0 0 0 0 0
geno chr2.132153007 fin  0 0 0 0 0 0 0 0 0 0 0 0 0 1 0 0 0 0 0 0 0 0 0 0 0 0 0 0 0 0 0 0 0 0 0 1 0 0 0 0 1 0 0 0 0 0 0 0 0 0 0 0 0 0 0 0 0 0 0 0 0 0 0 0 0 1 1 0 0 0 1 1 0 0 0 0 0 0 0 0 0 0 0 0 1 2 1 1 1
geno chr2.132153007 gbr  1 1 0 1 0 0 0 0 0 0 0 0 0 0 0 0 0 0 0 0 0 0 0 0 0 0 0 0 0 0 0 0 1 0 0 0 0 0 0 0 0 0 0 0 0 0 0 0 0 0 0 0 0 0 0 0 1 0 1 0 0 0 0 0 0 0 0 0 0 0 0 0 1 0 0 0 0 0 0 0 0 0 0 0
geno chr2.132153007 tsi  0 0 0 0 0 0 0 0 0 1 0 0 0 0 0 0 0 0 0 0 0 0 0 0 0 0 0 0 0 0 0 0 0 0 0 0 0 0 0 0 0 0 0 0 0 0 0 0 0 0 0 0 0 0 0 0 0 0 0 0 0 0 0 0 0 0 0 0 0 0 0 0 0 0 0 0 1 0 0 0 0 0 0 0 0 0 0 0 0 0 0 1
geno chr2.132153007 yri  1 0 0 0 0 0 1 0 1 0 0 1 1 0 2 0 0 1 1 0 0 0 0 2 0 0 0 1 0 0 0 0 0 1 1 1 1 1 0 0 0 1 1 0 1 0 1 0 1 1 0 0 1 0 1 0 0 0 1 0 1 0 1 0 1 0 0 1 1 0 1 1 1 1 0 0 1
geno chr2.132153593 ceu  1 2 2 2 1 2 2 2 1 2 1 2 0 1 1 1 2 2 2 2 1 2 2 2 2 2 1 1 1 1 2 2 2 2 2 1 1 1 2 2 1 2 2 1 2 2 1 2 1 2 2 2 1 2 2 1 1 2 2 1 1 1 2 1 2 2 2 1 2 1 2 2 1 2 2 2 1 2
geno chr2.132153593 fin  2 1 0 2 1 2 1 1 1 2 1 2 2 0 1 2 2 2 2 2 2 2 1 1 2 1 2 1 2 1 2 1 2 1 2 1 2 2 2 1 1 2 2 2 2 2 2 2 2 1 2 2 1 1 2 2 2 2 2 2 2 1 1 2 1 1 2 2 2 2 1 1 1 1 2 2 1 1 2 2 1 1 2 2 1 2 2 2 1
geno chr2.132153593 gbr  2 1 2 1 2 1 2 2 2 2 2 2 1 2 1 2 2 2 1 2 2 2 2 1 1 2 2 2 1 2 2 2 2 2 2 2 2 2 1 2 2 2 2 1 2 0 2 2 2 1 2 1 2 2 2 2 1 2 0 2 2 2 1 2 2 2 2 1 2 2 1 2 1 2 2 2 2 2 2 2 2 1 2 2
geno chr2.132153593 tsi  2 2 2 2 1 2 2 1 2 2 2 2 2 2 2 2 1 1 2 2 1 1 0 2 2 2 2 2 2 2 2 1 2 1 2 2 2 2 2 2 2 2 1 2 2 2 2 2 2 2 1 1 2 1 1 2 1 2 2 1 2 2 2 2 2 2 2 2 2 2 2 2 1 2 2 2 1 1 2 2 2 2 1 2 1 1 2 2 2 2 1 1
geno chr2.132153593 yri  0 0 1 0 1 1 1 1 2 2 1 2 0 0 1 1 0 1 0 0 1 2 1 1 0 0 1 0 0 0 1 0 0 1 1 2 0 2 1 0 1 1 1 1 1 0 1 1 1 2 1 0 1 2 1 1 0 0 1 0 0 2 0 0 1 0 1 1 1 0 0 1 1 2 1 1 0
geno chr2.132153971 ceu  1 2 2 2 1 2 2 2 1 2 1 2 0 1 1 1 2 2 2 2 1 2 2 2 2 2 1 1 1 1 2 2 2 2 2 1 1 1 2 2 1 2 2 1 2 2 1 2 1 2 2 2 1 2 2 1 1 2 2 1 1 1 2 1 2 2 2 1 2 1 2 2 1 2 2 2 1 2
geno chr2.132153971 fin  2 1 0 2 1 2 1 1 1 2 1 2 2 0 1 2 2 2 2 2 2 2 1 0 2 1 2 1 2 1 2 1 2 1 2 1 2 2 2 1 1 2 2 2 2 2 2 2 2 1 2 2 1 1 2 2 2 2 2 2 2 1 1 2 1 1 2 2 2 2 1 1 1 1 2 2 1 1 2 2 1 1 2 2 1 2 2 2 1
geno chr2.132153971 gbr  2 1 2 1 2 1 2 2 2 2 2 2 1 2 1 2 2 2 1 2 2 2 2 1 1 2 2 2 1 2 2 2 2 2 2 2 2 2 1 2 2 2 2 1 2 0 2 2 2 1 2 1 2 2 2 2 1 2 0 2 2 2 1 2 2 2 2 1 2 2 1 2 1 2 2 2 2 2 2 2 2 1 2 2
geno chr2.132153971 tsi  2 2 2 2 1 2 2 1 2 2 2 2 2 2 2 2 1 1 2 2 1 1 0 2 2 2 2 2 2 2 2 1 2 1 2 2 2 2 2 2 2 2 1 2 2 2 2 2 2 2 1 1 2 1 1 2 1 2 2 1 2 2 2 2 2 2 2 2 2 2 2 2 1 2 2 2 1 1 2 2 2 2 1 2 1 1 2 2 2 2 1 1
geno chr2.132153971 yri  0 0 1 1 2 1 2 1 2 2 1 2 0 1 1 1 0 1 0 1 1 2 2 1 0 1 1 0 0 0 1 1 0 2 1 1 0 2 2 0 1 1 1 1 1 0 1 1 1 2 2 1 1 2 1 2 0 0 2 1 1 2 1 0 1 1 1 1 0 1 0 1 2 2 1 2 0
geno chr2.132154368 ceu  0 2 2 2 0 2 2 2 1 2 0 2 0 0 1 0 2 2 2 2 0 2 2 2 2 2 1 1 1 0 2 2 2 2 2 1 1 0 2 2 0 2 2 0 1 2 0 2 1 2 2 2 0 2 2 0 1 2 2 0 0 0 2 1 2 2 2 0 2 1 2 2 0 2 2 2 0 2
geno chr2.132154368 fin  2 0 0 2 0 2 1 1 0 2 1 2 2 0 0 2 2 2 2 2 2 2 0 0 2 0 2 1 2 1 2 0 2 0 2 1 2 2 2 1 0 2 2 2 1 2 2 2 2 1 2 1 1 0 2 2 2 2 1 2 2 1 0 2 0 0 1 2 1 2 0 0 0 1 1 1 1 0 2 2 1 1 1 2 0 0 1 2 0
geno chr2.132154368 gbr  1 0 2 0 1 1 1 2 2 1 2 2 0 2 0 2 2 2 1 1 2 2 2 0 1 2 1 1 1 2 2 1 1 2 2 2 2 2 1 2 2 2 2 1 2 0 2 2 2 0 2 1 2 2 2 1 1 2 0 2 1 2 1 2 2 2 2 1 2 2 1 2 0 2 2 2 2 2 2 2 2 0 2 2
geno chr2.132154368 tsi  2 2 2 2 1 2 2 1 2 2 2 2 1 2 2 2 1 0 2 2 0 0 0 2 2 2 2 2 2 2 2 0 2 1 2 2 2 2 2 2 2 2 1 2 2 2 2 2 2 2 1 0 2 0 1 2 0 2 2 1 2 2 2 2 2 2 1 2 2 2 2 2 0 2 2 2 1 1 2 2 2 2 0 2 1 1 2 2 2 2 0 0
geno chr2.132154368 yri  0 0 0 0 1 1 0 1 2 1 1 2 0 0 1 0 0 0 0 0 0 1 0 0 0 0 0 0 0 0 0 0 0 0 0 1 0 0 0 0 1 0 0 0 0 0 0 0 0 1 0 0 0 1 0 1 0 0 0 0 0 2 0 0 0 0 0 0 0 0 0 0 1 0 0 0 0
geno chr2.132154369 ceu  0 2 2 2 0 2 2 2 1 2 0 2 0 0 1 0 2 2 2 2 0 2 2 2 2 2 1 1 1 0 2 2 2 2 2 1 1 0 2 2 0 2 2 0 1 2 0 2 1 2 2 2 0 2 2 0 1 2 2 0 0 0 2 1 2 2 2 0 2 1 2 2 0 2 2 2 0 2
geno chr2.132154369 fin  2 0 0 2 0 2 1 1 1 2 1 2 2 0 0 2 2 2 2 2 2 2 0 0 2 0 2 1 2 1 2 0 2 0 2 1 2 2 2 1 0 2 2 2 1 2 2 2 2 1 2 1 1 0 2 2 2 2 1 2 2 1 0 2 0 0 1 2 1 2 0 0 0 1 1 1 1 0 2 2 1 1 1 2 0 0 1 2 0
geno chr2.132154369 gbr  1 0 2 0 1 1 1 2 2 0 2 2 0 2 0 2 2 2 1 1 2 1 2 0 1 2 1 1 1 2 2 1 1 2 2 2 2 2 1 2 2 2 2 1 2 0 2 2 2 0 2 1 2 2 2 1 1 2 0 2 1 2 1 2 2 2 2 1 2 2 1 2 0 2 2 2 1 2 2 2 2 0 2 2
geno chr2.132154369 tsi  2 2 2 2 1 2 2 1 2 2 2 2 1 2 2 2 1 0 2 2 0 0 0 2 2 2 2 2 2 2 2 0 2 0 2 2 2 2 2 2 2 2 1 2 2 2 2 2 2 2 1 0 2 0 1 2 0 2 2 1 2 2 2 2 2 2 1 2 2 2 2 2 0 2 2 1 1 1 2 2 2 2 0 2 1 1 2 2 2 2 0 0
geno chr2.132154369 yri  0 0 1 0 1 1 0 1 2 1 1 2 0 0 1 0 0 0 0 0 0 1 0 0 0 0 0 0 0 0 0 0 0 0 0 1 0 0 0 0 1 0 0 0 0 0 0 0 0 1 0 0 0 1 0 1 0 0 0 0 0 2 0 0 0 0 0 0 0 0 0 0 1 0 0 0 0
geno chr2.132154898 ceu  1 2 2 2 1 2 2 2 1 2 1 2 0 1 1 1 2 2 2 2 1 2 2 2 2 2 1 1 1 1 2 2 2 2 2 1 1 1 2 2 1 2 2 1 2 2 1 2 1 2 2 2 1 2 2 1 1 2 2 1 1 1 2 1 2 2 2 1 2 1 2 2 1 2 2 2 1 2
geno chr2.132154898 fin  2 1 0 2 1 2 1 1 1 2 1 2 2 0 1 2 2 2 2 2 2 2 1 1 2 1 2 1 2 1 2 1 2 1 2 1 2 2 2 1 1 2 2 2 2 2 2 2 2 1 2 2 1 1 2 2 2 2 2 2 2 1 1 2 1 1 2 2 2 2 1 1 1 1 2 2 1 1 2 2 1 1 2 2 1 1 2 2 1
geno chr2.132154898 gbr  2 1 2 1 2 1 2 2 2 2 2 2 1 2 1 2 2 2 1 2 2 2 2 1 1 2 2 2 1 2 2 2 2 2 2 2 2 2 1 2 2 2 2 1 2 1 2 2 2 1 2 1 2 2 2 2 1 2 0 2 2 2 1 2 2 2 2 1 2 2 1 2 1 2 2 2 2 2 2 2 2 1 2 2
geno chr2.132154898 tsi  2 2 2 2 1 2 2 1 2 2 2 2 2 2 2 2 1 1 2 2 1 1 0 2 2 2 2 2 2 2 2 1 2 1 2 2 2 2 2 2 2 2 1 2 2 2 2 2 2 2 1 1 2 1 1 2 1 2 2 1 2 2 2 2 2 2 2 2 2 2 2 2 1 2 2 2 1 1 2 2 2 2 1 2 1 1 2 2 2 2 1 1
geno chr2.132154898 yri  0 0 1 0 1 1 1 1 2 2 1 2 0 0 1 1 0 1 0 0 1 1 1 1 0 0 1 0 0 0 1 0 0 1 1 2 0 1 1 0 1 1 1 0 0 0 1 1 1 2 1 0 1 1 1 1 0 0 1 0 0 2 0 0 1 0 1 1 0 0 0 1 1 1 1 0 0
geno chr2.132155031 ceu  0 0 0 0 0 0 0 0 0 0 0 0 0 1 0 0 0 0 0 0 0 2 0 0 0 0 0 1 0 0 0 0 0 1 1 0 0 0 1 0 0 0 0 0 0 0 0 0 0 1 1 0 0 0 0 0 0 0 0 0 0 0 0 0 0 1 0 0 1 0 0 0 0 0 1 0 0 0
geno chr2.132155031 fin  0 0 0 0 0 0 0 0 0 0 0 0 0 0 0 0 0 0 1 0 0 0 0 0 0 0 0 0 0 0 0 0 1 0 1 0 0 0 0 0 0 1 0 0 0 0 0 0 0 0 0 1 0 0 0 1 0 0 0 0 0 0 0 0 1 1 0 0 1 0 0 1 0 0 0 1 0 0 0 0 0 0 0 1 1 1 0 0 1
geno chr2.132155031 gbr  0 0 0 0 1 1 1 0 0 1 1 0 0 0 0 1 1 0 0 1 0 0 1 0 0 0 1 0 1 0 0 0 0 0 0 0 0 0 0 0 0 1 0 0 0 0 0 0 0 0 0 0 0 0 0 0 1 0 1 1 1 0 0 1 0 0 0 0 0 0 0 0 1 1 0 0 0 0 0 1 0 0 0 1
geno chr2.132155031 tsi  0 0 1 0 0 0 0 1 1 1 0 0 0 0 0 0 0 0 0 0 0 0 0 0 0 0 0 0 0 0 0 0 1 0 0 0 0 0 0 0 0 1 0 0 1 0 0 0 0 1 0 0 1 0 0 0 0 0 0 0 0 0 0 0 0 0 0 0 1 0 0 1 0 0 0 0 1 0 0 0 0 0 0 0 0 1 0 0 0 0 0 1
geno chr2.132155031 yri  0 0 0 0 0 0 0 0 0 0 0 0 0 0 0 0 0 0 0 0 0 0 0 0 0 0 0 0 0 0 0 1 0 0 0 0 0 1 0 0 1 0 0 1 0 0 0 0 0 0 0 0 1 0 0 0 0 0 0 0 0 0 0 0 0 0 0 0 1 0 0 0 0 0 0 0 0
geno chr2.132155039 ceu  0 0 0 0 0 0 0 0 0 0 0 0 0 1 0 0 0 0 0 0 0 2 0 0 0 0 0 1 0 0 0 0 0 1 1 0 0 0 1 0 0 0 0 0 0 0 0 0 0 1 1 0 0 0 0 0 0 0 0 0 0 0 0 0 0 1 0 0 1 0 0 0 0 0 1 0 0 0
geno chr2.132155039 fin  0 0 0 0 0 0 0 0 0 0 0 0 0 0 0 0 0 0 1 0 0 0 0 0 0 0 0 0 0 0 0 0 1 0 1 0 0 0 0 0 0 1 0 0 0 0 0 0 0 0 0 1 0 0 0 1 0 0 0 0 0 0 0 0 0 0 0 0 0 0 0 0 0 0 0 1 0 0 0 0 0 0 0 1 0 0 0 0 1
geno chr2.132155039 gbr  0 0 0 0 0 1 0 0 0 0 1 0 0 0 0 1 1 0 0 0 0 0 1 0 0 0 0 0 0 0 0 0 0 0 0 0 0 0 0 0 0 1 0 0 0 0 0 0 0 0 0 0 0 0 0 0 1 0 0 1 0 0 0 1 0 0 0 0 0 0 0 0 1 1 0 0 0 0 0 1 0 0 0 1
geno chr2.132155039 tsi  0 0 1 0 0 0 0 1 0 1 0 0 0 0 0 0 0 0 0 0 0 0 0 0 0 0 0 0 0 0 0 0 1 0 0 0 0 0 0 0 0 1 0 0 1 0 0 0 0 1 0 0 1 0 0 0 0 0 0 0 0 0 0 0 0 0 0 0 1 0 0 1 0 0 0 0 1 0 0 0 0 0 0 0 0 1 0 0 0 0 0 1
geno chr2.132155039 yri  0 0 0 0 0 0 0 0 0 0 0 0 0 0 0 0 0 0 0 0 0 0 0 0 0 0 0 0 0 0 0 0 0 0 0 0 0 0 0 0 1 0 0 0 0 0 0 0 0 0 0 0 0 0 0 0 0 0 0 0 0 0 0 0 0 0 0 0 0 0 0 0 0 0 0 0 0
geno chr2.132155419 ceu  1 2 2 2 1 2 2 2 1 2 1 2 0 1 1 1 2 2 2 2 1 2 2 2 2 2 1 1 1 1 2 2 2 2 2 1 1 1 2 2 0 2 2 1 2 2 1 2 1 2 2 2 1 2 2 1 1 2 2 1 1 1 2 1 2 2 2 1 2 1 2 2 1 2 2 2 1 2
geno chr2.132155419 fin  2 1 0 2 1 2 1 1 1 2 1 2 2 0 1 2 2 2 2 2 2 2 1 1 2 1 2 1 2 1 2 1 2 1 2 1 2 2 2 1 1 2 2 2 2 2 2 2 2 1 2 2 1 1 2 2 2 2 2 2 2 1 1 2 1 1 2 2 2 2 1 1 1 1 2 2 1 1 2 2 1 1 2 2 1 1 2 2 1
geno chr2.132155419 gbr  2 1 2 1 2 1 2 2 2 2 2 2 1 2 1 2 2 2 1 2 2 2 2 1 1 2 2 2 1 2 2 2 2 2 2 2 2 2 1 2 2 2 2 1 2 1 2 2 2 1 2 1 2 2 2 2 1 2 0 2 2 2 1 2 2 2 2 1 2 2 0 2 1 2 2 2 2 2 2 2 2 1 2 2
geno chr2.132155419 tsi  2 2 2 2 1 2 2 1 2 2 2 2 2 2 2 2 1 1 2 2 1 1 0 2 2 2 2 2 2 2 2 1 2 1 2 2 2 2 2 2 2 2 1 2 2 2 2 2 2 2 1 1 2 1 1 2 1 2 2 1 2 2 2 2 2 2 2 2 2 2 2 2 1 2 2 2 1 1 2 2 2 2 1 2 1 1 2 2 2 2 0 1
geno chr2.132155419 yri  0 0 1 0 1 1 1 1 2 2 1 2 0 0 1 1 0 1 0 0 1 2 1 1 0 0 1 0 0 0 1 0 0 1 1 2 0 2 1 0 1 1 1 0 0 0 1 1 1 2 1 0 1 2 1 1 0 0 1 0 0 2 0 0 1 0 1 1 0 0 0 1 1 2 1 1 0
geno chr2.132155774 ceu  1 2 2 2 0 2 2 2 1 2 1 2 0 1 1 1 2 2 2 2 1 2 2 2 2 2 1 1 1 1 2 2 2 2 2 1 1 1 2 2 0 2 2 1 2 2 1 2 1 2 2 2 0 2 2 1 1 2 2 1 1 1 2 1 2 2 2 1 2 1 2 2 0 2 2 2 1 2
geno chr2.132155774 fin  2 1 0 2 1 2 1 1 1 2 1 2 2 0 1 2 2 2 2 2 2 2 1 1 2 1 2 1 2 1 2 1 2 1 2 1 2 2 2 1 1 2 2 2 2 2 2 2 1 1 2 2 1 1 2 2 2 2 2 2 2 1 1 2 1 1 2 2 2 2 1 1 1 1 2 2 1 1 2 2 1 1 2 2 1 2 2 2 1
geno chr2.132155774 gbr  2 1 2 1 2 1 2 2 2 2 2 2 1 2 1 2 2 2 1 2 2 2 2 1 1 2 2 2 1 2 2 2 2 2 2 2 2 2 0 2 2 2 2 1 2 1 2 2 2 1 2 1 2 2 2 2 1 2 0 2 2 2 1 2 2 2 2 1 2 2 0 2 1 2 2 2 2 2 2 2 2 1 2 2
geno chr2.132155774 tsi  2 2 2 2 1 2 2 1 2 2 2 2 2 2 2 2 1 1 2 2 1 1 0 2 2 2 2 2 2 2 2 1 2 1 2 2 2 2 2 2 2 2 1 2 2 2 2 2 2 2 1 1 2 1 1 2 1 2 2 1 2 2 2 2 2 2 2 2 2 2 2 2 1 2 2 2 1 1 2 2 2 2 1 2 1 1 2 2 2 2 0 1
geno chr2.132155774 yri  0 0 1 0 0 1 1 1 2 2 1 1 0 0 1 1 0 1 0 0 0 2 1 1 0 0 1 0 0 0 1 0 0 1 1 1 0 2 1 1 1 1 1 1 0 0 0 1 0 2 1 0 1 1 1 0 0 0 1 0 0 2 0 0 1 0 1 1 1 0 0 1 1 2 1 1 0
geno chr2.132156187 ceu  1 2 2 2 0 2 2 2 1 2 0 2 0 1 1 1 2 2 2 2 0 2 2 2 2 2 1 1 1 0 2 2 2 2 2 1 1 0 2 2 1 2 2 1 2 2 1 2 2 2 2 2 0 2 2 0 1 2 2 0 0 0 2 0 2 2 2 1 2 1 2 2 0 2 2 2 0 2
geno chr2.132156187 fin  2 1 0 2 1 2 1 0 1 2 1 2 2 0 0 2 2 2 2 2 2 2 1 1 2 1 2 1 2 0 2 0 2 1 2 1 2 2 2 1 0 2 2 2 2 2 2 2 1 1 2 2 0 0 2 2 2 2 2 2 2 1 1 2 1 1 2 2 2 2 1 1 1 1 2 2 0 1 2 2 1 1 2 2 1 1 2 2 1
geno chr2.132156187 gbr  2 1 2 1 2 1 2 2 2 2 2 2 0 2 0 2 2 2 1 2 2 2 2 1 1 2 2 2 1 2 2 2 2 2 2 2 2 2 1 2 2 2 2 1 2 1 2 2 2 0 2 2 2 2 2 2 1 2 0 2 2 2 1 2 2 2 2 0 2 2 0 2 1 2 2 2 2 2 2 2 2 1 2 2
geno chr2.132156187 tsi  2 2 2 2 1 2 2 1 2 2 2 2 2 2 2 2 1 0 2 2 1 1 0 2 2 2 2 2 2 2 2 0 2 1 2 2 2 2 2 2 2 2 0 2 2 2 2 2 2 2 1 1 2 1 1 2 0 2 2 1 2 2 2 2 2 2 2 2 2 2 2 2 1 2 2 2 0 1 2 2 2 2 1 2 1 0 2 2 2 2 1 0
geno chr2.132156187 yri  0 0 1 1 2 0 1 1 2 2 1 2 0 1 1 1 1 0 0 1 0 2 2 0 0 2 1 0 0 0 1 1 0 1 1 2 0 2 2 1 1 1 1 1 1 1 0 2 0 2 2 1 1 2 0 2 0 1 2 1 1 2 1 1 1 1 0 2 0 1 0 1 2 2 1 2 0
geno chr2.132156253 ceu  0 2 2 2 0 2 2 2 1 1 0 2 0 1 0 0 2 2 2 2 0 2 2 2 2 2 0 1 0 0 2 2 2 2 2 1 0 0 2 1 0 2 2 0 1 2 0 1 2 2 2 2 0 2 1 0 0 2 2 0 0 0 2 0 2 2 2 0 2 0 2 2 0 2 1 2 0 2
geno chr2.132156253 fin  2 1 0 2 0 2 1 0 1 2 1 2 2 0 0 1 2 2 2 2 2 2 0 0 2 0 2 0 2 0 2 0 2 0 2 1 2 2 2 1 0 2 2 2 2 2 2 2 1 0 2 2 0 0 2 2 2 2 2 2 2 0 0 1 1 0 2 2 2 2 1 1 1 1 2 2 0 0 2 2 0 1 2 2 1 2 2 2 1
geno chr2.132156253 gbr  2 1 2 1 2 1 2 2 2 2 2 2 0 2 0 2 2 2 0 2 0 2 2 0 0 2 2 2 1 2 2 2 2 2 2 2 2 2 0 2 2 2 1 0 2 0 2 2 2 0 2 2 1 2 2 2 0 2 1 2 2 2 0 2 2 2 1 0 2 2 0 2 1 2 2 2 2 2 2 2 2 0 2 2
geno chr2.132156253 tsi  2 2 2 2 0 2 2 0 1 2 2 2 2 2 2 2 1 0 2 2 0 0 0 2 2 2 2 2 2 2 2 0 2 0 2 2 2 2 1 1 1 2 0 2 2 2 2 2 2 2 0 0 2 0 0 2 0 2 2 1 2 2 2 1 2 2 2 2 2 2 2 2 0 2 2 2 0 0 2 2 2 2 0 2 1 0 0 2 2 1 0 0
geno chr2.132156253 yri  0 0 1 0 1 0 0 0 0 0 0 0 0 0 0 0 0 0 0 0 0 1 0 0 0 0 0 0 0 0 1 0 0 0 0 0 0 1 0 0 1 0 0 0 0 0 0 0 0 2 0 1 1 2 0 1 0 0 0 0 0 0 0 0 0 0 0 0 0 0 0 0 0 1 0 0 0
geno chr2.132156257 ceu  0 2 2 2 0 2 2 2 1 2 0 2 0 0 0 0 2 2 2 2 0 2 2 2 2 2 0 0 0 0 2 2 2 2 2 1 0 0 2 2 0 2 2 0 1 2 0 2 2 2 2 2 0 2 2 0 0 2 2 0 0 0 2 0 2 2 2 0 2 0 2 2 0 2 2 2 0 2
geno chr2.132156257 fin  2 1 0 2 0 2 1 0 1 2 1 2 2 0 0 1 2 2 2 2 2 2 0 0 2 0 2 0 2 1 2 0 2 0 2 1 2 2 2 1 0 2 2 2 2 2 2 2 1 0 2 2 0 0 2 2 2 2 2 2 2 0 0 1 1 1 2 2 2 2 1 1 1 1 2 2 0 0 2 2 0 1 2 2 1 2 2 2 1
geno chr2.132156257 gbr  2 1 2 1 2 1 2 2 2 2 2 2 0 2 0 2 2 2 1 2 2 2 2 0 0 2 1 2 1 2 2 2 2 2 2 2 2 2 0 2 2 2 1 0 2 0 2 2 2 0 2 2 2 2 2 2 0 2 1 2 2 2 0 2 2 2 2 0 2 2 0 2 1 2 2 2 2 2 2 2 2 0 2 2
geno chr2.132156257 tsi  2 2 2 2 0 2 2 0 1 2 2 2 2 2 2 2 1 0 2 2 0 0 0 2 2 2 2 2 2 2 2 0 2 0 2 2 2 2 2 2 2 2 0 2 2 2 2 2 2 2 0 0 2 0 0 2 0 2 2 1 2 2 2 2 2 2 2 2 2 2 2 2 0 2 2 2 0 0 2 2 2 2 0 2 1 0 2 2 2 2 0 0
geno chr2.132156257 yri  0 0 1 1 2 0 2 0 2 2 0 2 0 1 1 1 0 1 0 1 0 2 2 1 0 2 0 0 0 0 1 1 0 2 1 2 0 2 2 1 1 1 1 1 0 1 0 2 0 2 2 1 1 2 1 2 0 1 2 1 1 1 1 0 1 1 0 2 0 1 0 1 2 2 0 2 0
geno chr2.132156279 ceu  0 0 1 1 0 2 2 2 1 2 0 0 0 0 0 1 1 2 2 1 1 2 2 1 2 1 1 1 0 0 1 2 2 2 2 1 1 1 2 0 0 2 1 0 2 1 0 1 2 2 1 2 0 2 2 0 0 1 2 0 0 0 2 1 2 2 2 0 1 0 2 2 0 1 2 1 0 1
geno chr2.132156279 fin  1 1 0 1 0 1 1 0 1 2 1 2 2 0 0 2 1 0 2 1 2 2 0 1 2 0 1 0 1 0 2 0 2 0 2 1 0 2 1 1 0 2 0 1 2 2 2 0 1 0 1 1 0 1 1 2 2 2 1 1 1 0 0 2 0 0 1 1 0 1 0 0 0 0 0 1 0 0 1 2 0 1 1 1 0 0 0 1 0
geno chr2.132156279 gbr  0 0 1 0 0 1 0 2 0 1 1 2 0 2 1 2 2 1 1 1 0 2 2 0 0 1 0 0 0 2 2 0 0 1 2 2 2 2 0 2 0 2 2 1 0 0 2 2 2 1 1 1 0 2 1 1 0 1 0 2 0 2 0 1 2 2 1 0 2 2 0 1 0 2 2 2 2 2 2 2 2 1 1 1
geno chr2.132156279 tsi  2 1 2 2 0 1 1 0 2 2 2 2 2 2 2 2 0 0 2 1 0 0 0 2 0 1 1 1 2 2 0 1 2 1 1 2 1 1 0 1 1 1 0 0 1 2 1 1 2 1 0 1 2 0 1 2 0 1 1 1 2 2 1 1 1 1 1 2 1 1 2 2 1 1 2 1 1 1 2 1 2 2 0 0 1 1 2 2 1 1 0 0
geno chr2.132156279 yri  0 0 1 0 0 0 0 1 0 1 1 0 0 0 0 1 0 0 0 0 0 0 0 0 0 0 0 0 0 0 0 0 0 0 0 0 0 0 0 0 0 0 0 0 0 0 0 0 0 0 0 0 0 0 0 0 0 0 0 0 0 0 0 0 0 0 1 0 0 0 0 0 0 0 0 0 0
geno chr2.132156280 ceu  0 2 2 2 0 2 2 2 1 2 0 2 0 0 1 1 2 2 2 2 1 2 2 2 2 2 1 1 0 0 2 2 2 2 2 1 1 1 2 2 0 2 2 1 2 2 0 2 2 2 2 2 0 2 2 0 0 2 2 0 0 0 2 1 2 2 2 0 2 1 2 2 0 2 2 2 0 2
geno chr2.132156280 fin  2 1 0 2 0 2 1 1 1 2 1 2 2 0 0 2 2 2 2 2 2 2 1 1 2 0 2 0 2 1 2 0 2 1 2 1 2 2 2 1 1 2 2 2 2 2 2 2 1 0 2 2 0 1 2 2 2 2 2 2 2 0 1 2 0 1 1 2 0 1 1 0 0 1 1 1 0 0 1 2 0 1 2 2 0 1 1 2 1
geno chr2.132156280 gbr  1 0 2 0 1 1 1 2 2 1 1 2 0 2 1 2 2 2 1 1 2 2 2 1 0 2 1 2 0 2 2 1 1 2 2 2 2 2 0 2 2 2 2 1 2 1 2 2 2 1 2 2 2 2 2 1 0 2 0 2 1 2 0 2 2 2 2 0 2 2 1 2 1 2 2 2 2 2 2 2 2 1 2 2
geno chr2.132156280 tsi  2 2 2 2 0 2 2 0 2 2 1 2 2 2 2 2 0 0 2 2 0 1 0 2 2 2 2 2 2 2 2 1 2 1 2 2 2 2 1 2 2 2 0 2 2 2 2 2 2 2 0 1 2 0 1 2 0 1 2 1 2 2 2 2 2 2 2 2 2 2 1 2 1 2 2 2 1 1 2 2 2 2 0 2 1 1 2 2 2 2 0 0
geno chr2.132156280 yri  0 0 1 0 1 0 0 1 1 1 1 1 0 0 0 1 0 0 0 0 1 2 1 0 0 0 0 0 0 0 0 0 0 0 0 1 0 1 0 1 1 0 0 0 1 0 1 0 1 1 0 0 1 2 0 1 0 0 0 0 0 2 0 0 0 0 1 0 0 0 0 0 0 1 1 1 0
geno chr2.132156433 ceu  1 2 2 2 1 2 2 2 1 2 0 2 0 1 1 1 2 2 2 2 1 2 2 2 2 2 1 1 2 1 2 2 2 2 2 1 1 1 2 2 0 2 2 1 2 2 1 2 2 2 2 2 0 2 2 1 1 2 2 1 0 1 2 1 2 2 2 1 2 0 2 2 0 2 2 2 0 2
geno chr2.132156433 fin  2 1 0 2 1 2 1 1 1 2 1 2 2 0 1 2 2 2 2 2 2 2 1 1 2 1 2 1 2 1 2 1 2 1 2 1 2 2 2 1 1 2 2 2 2 2 2 2 1 1 2 2 1 1 2 2 2 2 2 2 2 1 1 2 1 1 2 2 2 2 1 1 1 1 2 2 1 1 2 2 1 1 2 2 1 2 2 2 1
geno chr2.132156433 gbr  2 1 2 1 2 1 2 2 2 2 2 2 1 2 1 2 2 2 1 2 2 2 2 1 1 2 2 2 1 2 2 2 2 2 2 2 2 2 1 2 2 2 2 1 2 1 2 2 2 1 2 2 2 2 2 2 1 2 0 2 2 2 1 2 2 2 2 1 2 2 0 2 1 2 2 2 2 2 2 2 2 1 2 2
geno chr2.132156433 tsi  2 2 2 2 1 2 2 0 2 2 2 2 2 2 2 2 1 1 2 2 1 1 0 2 2 2 2 2 2 2 2 1 2 1 2 2 2 2 2 2 2 2 0 2 2 2 2 2 2 2 1 1 2 1 1 2 1 2 2 1 2 2 2 2 2 2 2 2 2 2 2 2 1 2 2 2 1 1 2 2 2 2 1 2 1 1 2 2 2 2 0 1
geno chr2.132156433 yri  0 0 1 0 1 0 0 1 2 1 1 2 0 0 0 1 0 0 0 0 0 2 1 0 0 0 1 0 0 0 1 0 0 0 1 2 0 2 1 0 1 1 0 0 1 0 0 1 0 2 0 0 1 2 0 1 0 0 1 0 0 2 0 0 0 0 1 1 0 0 0 1 0 1 1 1 0
geno chr2.132156787 ceu  1 2 2 2 1 2 2 2 1 2 0 2 0 1 0 1 2 2 2 2 1 2 2 2 2 2 1 1 1 1 2 2 2 2 2 1 1 1 2 2 1 2 2 1 2 2 1 2 2 2 2 2 0 2 2 1 1 2 2 1 1 1 2 1 2 2 2 1 2 1 2 2 1 2 2 2 1 2
geno chr2.132156787 fin  2 1 0 2 1 2 1 1 1 2 1 2 2 0 1 2 2 2 2 2 2 2 1 1 2 1 2 1 2 1 2 1 2 1 2 1 2 2 2 1 1 2 2 2 2 2 2 2 1 1 2 2 1 1 2 2 2 2 2 2 2 1 1 2 1 1 2 2 2 2 1 1 1 1 2 2 1 1 2 2 1 1 2 2 1 2 2 2 1
geno chr2.132156787 gbr  2 1 2 1 2 1 2 2 2 2 2 2 1 2 1 2 2 2 1 2 2 2 2 1 1 2 2 2 1 2 2 2 2 2 2 2 2 2 1 2 2 2 2 1 2 1 2 2 2 1 2 2 2 2 2 2 1 2 0 2 2 2 1 2 2 2 2 1 2 2 0 2 1 2 2 2 2 2 2 2 2 1 2 2
geno chr2.132156787 tsi  2 2 2 2 1 2 2 0 2 2 2 2 2 2 2 2 0 0 2 2 1 1 0 2 2 2 2 2 2 2 2 1 2 1 2 2 2 2 2 2 2 2 0 2 2 2 2 2 2 2 1 1 2 1 1 2 1 2 2 1 2 2 2 2 2 2 2 2 2 2 2 2 1 2 2 2 1 1 2 2 2 2 1 2 0 1 2 2 2 2 1 0
geno chr2.132156787 yri  0 0 1 0 0 0 0 1 1 1 0 0 0 0 0 1 0 0 0 0 1 1 1 0 0 0 1 0 0 0 1 0 0 0 0 1 0 1 0 0 1 0 0 0 1 0 1 0 1 1 0 0 1 0 0 0 0 1 0 0 0 2 0 0 0 0 1 0 0 0 0 0 0 0 0 0 0
geno chr2.132156896 ceu  0 0 0 0 0 1 1 0 0 0 0 0 0 0 0 1 0 0 1 0 0 0 0 0 0 0 0 0 0 0 0 0 0 0 1 0 0 0 1 0 0 1 0 0 0 0 0 0 0 1 0 0 0 0 1 0 0 0 0 0 1 0 0 0 0 0 0 0 0 0 0 0 0 0 0 0 0 0
geno chr2.132156896 fin  0 0 0 0 0 0 0 0 0 0 0 0 1 0 1 0 0 0 1 0 0 0 0 1 0 0 0 0 0 0 2 0 0 0 1 0 0 0 0 0 0 0 0 0 0 1 1 0 1 0 0 0 0 0 0 1 0 0 1 0 0 0 0 1 0 0 1 0 1 0 0 1 0 0 0 0 0 0 0 0 0 1 0 0 1 0 0 0 0
geno chr2.132156896 gbr  0 0 1 0 0 0 0 0 0 1 0 1 0 0 0 0 1 0 0 0 0 2 1 0 0 0 0 0 0 0 1 0 0 0 0 0 0 2 0 0 0 0 2 0 0 0 0 0 1 0 1 0 0 1 0 0 0 1 0 0 0 1 1 0 0 1 0 0 0 0 0 0 0 0 0 1 2 1 0 0 0 0 0 0
geno chr2.132156896 tsi  1 0 1 0 0 1 0 0 0 0 0 1 1 1 0 0 0 0 0 0 0 0 0 1 0 0 0 0 0 0 0 0 0 0 0 0 1 0 0 0 0 0 0 0 0 0 0 1 0 0 0 1 0 0 0 0 0 0 0 0 0 0 1 0 0 1 0 2 0 0 1 0 1 0 0 1 0 0 0 1 0 0 0 0 0 0 0 0 0 0 0 0
geno chr2.132156896 yri  0 0 0 0 0 0 0 0 0 0 0 0 0 0 0 1 0 0 0 0 0 0 0 0 0 0 1 0 0 0 0 0 0 0 0 0 0 0 0 0 0 0 0 0 0 0 0 0 0 0 0 0 0 0 0 0 0 0 0 0 0 0 0 0 0 0 0 0 0 0 0 0 0 0 0 0 0
geno chr2.132157984 ceu  1 2 2 2 1 2 2 2 1 2 1 2 0 1 1 1 2 2 2 2 1 2 2 2 2 2 1 1 1 1 2 2 2 2 2 1 1 1 2 2 1 2 2 1 2 2 1 2 2 2 2 2 0 2 2 1 1 2 2 1 1 1 2 1 2 2 2 1 2 1 2 2 1 2 2 2 1 2
geno chr2.132157984 fin  2 1 0 2 1 2 1 1 1 2 1 2 2 0 1 2 2 2 2 2 2 2 1 1 2 1 2 1 2 1 2 1 2 1 2 1 2 2 2 1 1 2 2 2 2 2 2 2 1 1 2 2 1 1 2 2 2 2 2 2 2 1 1 2 1 1 2 2 2 2 1 1 1 1 2 2 1 1 2 2 1 1 2 2 1 2 2 2 1
geno chr2.132157984 gbr  2 1 2 1 2 1 2 2 2 2 2 2 1 2 1 2 2 2 1 2 2 2 2 1 1 2 2 2 1 2 2 2 2 2 2 2 2 2 1 2 2 2 2 1 2 1 2 2 2 1 2 2 2 2 2 2 1 2 0 2 2 2 1 2 2 2 2 1 2 2 0 2 1 2 2 2 2 2 2 2 2 1 2 2
geno chr2.132157984 tsi  2 2 2 2 1 2 2 0 2 2 2 2 2 2 2 2 1 1 2 2 1 1 0 2 2 2 2 2 2 2 2 1 2 1 2 2 2 2 2 2 2 2 1 2 2 2 2 2 2 2 1 1 2 1 1 2 1 2 2 1 2 2 2 2 2 2 2 2 2 2 2 2 1 2 2 2 1 1 2 2 2 2 1 2 1 1 2 2 2 2 1 1
geno chr2.132157984 yri  0 0 1 1 2 1 2 0 2 2 1 2 0 1 1 1 0 1 0 1 1 2 1 1 0 0 1 0 0 0 1 0 0 1 1 2 0 2 0 0 1 1 1 1 1 1 1 1 1 2 1 1 0 2 1 2 0 0 2 0 1 1 1 0 1 0 1 1 0 0 0 1 1 2 1 1 0
geno chr2.132158091 ceu  1 2 2 2 1 2 2 2 1 2 0 2 0 1 0 0 2 2 2 2 0 2 2 2 2 2 1 0 1 0 2 2 2 2 2 1 1 1 2 2 1 2 2 0 2 2 1 2 2 2 2 2 0 2 2 1 1 2 2 1 0 0 2 0 2 2 2 1 2 1 2 2 1 2 2 2 1 2
geno chr2.132158091 fin  2 1 0 2 0 2 1 1 1 2 1 2 2 0 0 2 2 2 2 2 2 2 0 0 2 1 2 1 2 1 2 1 2 0 2 1 2 2 2 1 0 2 2 2 2 2 2 2 1 1 2 2 1 1 2 2 2 2 2 2 2 1 1 2 0 0 2 2 2 2 1 1 1 1 2 2 1 1 2 2 1 1 2 2 1 2 2 2 1
geno chr2.132158091 gbr  2 1 2 1 2 1 2 2 2 2 2 2 0 2 1 2 2 2 1 2 2 2 2 0 1 2 2 2 1 2 2 2 2 2 2 2 2 2 1 2 2 2 2 1 2 1 2 2 2 1 2 2 2 2 2 2 1 2 0 2 2 2 1 2 2 2 2 1 2 2 0 2 1 2 2 2 2 2 2 2 2 1 2 2
geno chr2.132158091 tsi  2 2 2 2 1 2 2 0 2 2 2 2 2 2 2 2 1 0 2 2 1 0 0 2 2 2 2 2 2 2 2 1 2 1 2 2 2 2 2 2 2 2 1 2 2 2 2 2 2 2 1 1 2 1 1 2 1 2 2 1 2 2 2 2 2 2 2 2 2 2 2 2 1 2 2 2 1 1 2 2 2 2 1 2 1 0 2 2 2 2 1 0
geno chr2.132158091 yri  0 0 1 1 2 1 1 0 2 2 0 2 0 1 0 1 0 0 0 1 0 2 1 0 0 0 1 0 0 0 1 0 0 0 1 2 0 2 0 0 1 1 1 1 1 1 0 0 0 2 1 1 0 2 1 2 0 0 2 0 1 1 1 0 1 0 1 1 0 0 0 1 0 2 1 1 0
geno chr2.132158094 ceu  1 2 2 2 1 2 2 2 1 2 0 2 0 1 0 1 2 2 2 2 0 2 2 2 2 2 1 0 1 0 2 2 2 2 2 1 1 1 2 2 1 2 2 0 2 2 1 2 2 2 2 2 0 2 2 1 1 2 2 1 0 0 2 0 2 2 2 1 2 1 2 2 1 2 2 2 1 2
geno chr2.132158094 fin  2 1 0 2 0 2 1 1 1 2 1 2 2 0 0 2 2 2 2 2 2 2 0 1 2 1 2 1 2 1 2 1 2 0 2 1 2 2 2 1 0 2 2 2 2 2 2 2 1 1 2 2 1 1 2 2 2 2 2 2 2 1 1 2 0 0 2 2 2 2 1 1 1 1 2 2 1 1 2 2 1 1 2 2 1 2 2 2 1
geno chr2.132158094 gbr  2 1 2 1 2 1 2 2 2 2 2 2 0 2 1 2 2 2 1 2 2 2 2 0 1 2 2 2 1 2 2 2 2 2 2 2 2 2 1 2 2 2 2 1 2 1 2 2 2 1 2 2 2 2 2 2 1 2 0 2 2 2 1 2 2 2 2 1 2 2 0 2 1 2 2 2 2 2 2 2 2 1 2 2
geno chr2.132158094 tsi  2 2 2 2 1 2 2 0 2 2 2 2 2 2 2 2 1 0 2 2 1 0 0 2 2 2 2 2 2 2 2 1 2 1 2 2 2 2 2 2 2 2 1 2 2 2 2 2 2 2 1 1 2 1 1 2 1 2 2 1 2 2 2 2 2 2 2 2 2 2 2 2 1 2 2 2 1 1 2 2 2 2 1 2 1 0 2 2 2 2 1 0
geno chr2.132158094 yri  0 0 1 1 2 1 2 0 2 2 0 2 0 1 0 1 0 1 0 1 0 2 1 1 0 0 1 0 0 0 1 0 0 1 1 2 0 2 0 0 1 1 1 1 1 1 0 0 0 2 1 1 0 2 1 2 0 0 2 0 1 1 1 0 1 0 1 1 0 0 0 1 0 2 1 1 0
geno chr2.132159452 ceu  1 2 2 2 1 2 2 2 1 2 1 2 0 1 1 1 2 2 2 1 1 2 2 2 2 2 1 1 1 1 2 2 2 2 2 1 1 1 2 2 1 2 2 1 2 2 1 2 2 2 2 2 0 1 2 1 1 2 2 1 1 1 2 1 2 2 2 1 2 1 1 2 1 2 2 2 1 2
geno chr2.132159452 fin  2 1 0 2 1 2 1 1 1 2 1 2 2 0 1 2 2 2 2 2 2 1 1 1 2 1 2 1 2 1 2 0 2 1 2 1 2 2 2 1 1 2 2 2 2 2 2 2 1 1 2 2 1 1 2 1 2 2 2 2 2 1 1 2 1 1 2 2 2 1 1 1 1 1 2 2 1 1 2 2 1 1 2 2 1 2 1 2 1
geno chr2.132159452 gbr  1 1 2 1 2 1 2 2 2 2 1 2 1 2 1 2 2 2 1 2 2 2 2 1 1 2 2 2 1 2 2 1 1 2 2 2 2 2 1 2 2 2 2 1 2 1 2 2 2 1 2 2 2 2 2 1 1 2 0 2 2 2 1 2 2 2 2 1 2 2 0 2 1 1 2 2 2 1 2 2 2 1 2 1
geno chr2.132159452 tsi  2 2 2 2 1 2 2 1 2 2 2 1 2 2 2 2 1 1 2 2 1 1 0 2 1 2 2 1 2 2 2 1 2 1 2 1 2 2 1 2 2 2 1 2 2 2 2 2 2 2 1 1 2 1 1 2 1 2 2 1 2 2 2 2 2 2 2 2 2 2 2 2 1 2 1 2 1 1 2 2 2 2 1 2 1 1 2 2 2 2 1 1
geno chr2.132159452 yri  0 0 1 0 1 1 1 0 2 2 1 2 0 0 1 1 0 1 0 0 1 2 1 1 0 0 1 0 0 0 1 0 0 1 1 2 0 1 0 0 1 1 1 0 1 0 1 1 0 2 1 0 0 2 1 1 0 0 1 0 0 1 0 0 1 0 1 1 0 0 0 1 1 2 1 1 0
geno chr2.132159846 ceu  1 2 2 2 1 2 2 2 1 2 1 2 0 1 1 1 2 2 2 2 1 2 2 2 2 2 1 1 1 1 2 2 2 2 2 1 1 1 2 2 1 2 2 1 2 2 1 2 2 2 2 2 0 2 2 1 1 2 2 1 1 1 2 1 2 2 2 1 2 1 2 2 1 2 2 2 1 2
geno chr2.132159846 fin  2 1 0 2 1 2 1 1 1 2 1 2 2 0 1 2 2 2 2 2 2 2 1 1 2 1 2 1 2 1 2 1 2 1 2 1 2 2 2 1 1 2 2 2 2 2 2 2 1 1 2 2 1 1 2 2 2 2 2 2 2 1 1 2 1 1 2 2 2 2 1 1 1 1 2 2 1 1 2 2 1 1 2 2 1 2 2 2 1
geno chr2.132159846 gbr  2 1 2 1 2 1 2 2 2 2 2 2 1 2 1 2 2 2 1 2 2 2 2 1 1 2 2 2 1 2 2 2 2 2 2 2 2 2 1 2 2 2 2 1 2 1 2 2 2 1 2 2 2 2 2 2 1 2 0 2 2 2 1 2 2 2 2 1 2 2 1 2 1 2 2 2 2 2 2 2 2 1 2 2
geno chr2.132159846 tsi  2 2 2 2 1 2 2 1 2 2 2 2 2 2 2 2 1 1 2 2 1 1 0 2 2 2 2 2 2 2 2 1 2 1 2 2 2 2 2 2 2 2 1 2 2 2 2 2 2 2 1 1 2 1 1 2 1 2 2 1 2 2 2 2 2 2 2 2 2 2 2 2 1 2 2 2 1 1 2 2 2 2 1 2 1 1 2 2 2 2 1 1
geno chr2.132159846 yri  0 0 1 0 1 1 1 0 2 2 1 2 0 0 1 1 0 1 0 0 1 2 1 1 0 0 1 0 0 0 1 0 0 1 1 2 0 2 0 0 1 1 1 0 1 0 1 1 1 2 1 0 0 2 1 1 0 0 1 0 0 1 0 0 1 0 1 1 0 0 0 1 1 2 1 1 0
geno chr2.132159981 ceu  0 0 0 0 0 0 0 0 0 0 0 0 0 0 0 0 0 0 0 0 0 0 0 0 0 0 0 0 0 0 0 0 0 0 0 0 0 0 0 0 0 0 0 0 0 0 0 0 0 0 0 0 0 0 0 0 0 0 0 0 0 0 0 0 0 0 0 0 0 0 0 0 0 0 0 0 0 0
geno chr2.132159981 fin  0 0 0 0 0 0 0 0 0 0 0 0 0 0 0 0 0 0 0 0 0 0 0 0 0 0 0 0 0 0 0 0 0 0 0 0 0 0 0 0 0 0 0 0 0 0 0 0 0 0 0 0 0 0 0 0 0 0 0 0 0 0 0 0 0 0 0 0 0 0 0 0 0 0 0 0 0 0 0 0 0 0 0 0 0 0 0 0 0
geno chr2.132159981 gbr  0 0 0 0 0 0 0 0 0 0 0 0 0 0 0 0 0 0 0 0 0 0 0 0 0 0 0 0 0 0 0 0 0 0 0 0 0 0 0 0 0 0 0 0 0 0 0 0 0 0 0 0 0 0 0 0 0 0 0 0 0 0 0 0 0 0 0 0 0 0 0 0 0 0 0 0 0 0 0 0 0 0 0 0
geno chr2.132159981 tsi  0 0 0 0 0 0 0 0 0 0 0 0 0 0 0 0 0 0 0 0 0 0 0 0 0 0 0 0 0 0 0 0 0 0 0 0 0 0 0 0 0 0 0 0 0 0 0 0 0 0 0 0 0 0 0 0 0 0 0 0 0 0 0 0 0 0 0 0 0 0 0 0 0 0 0 0 0 0 0 0 0 0 0 0 0 0 0 0 0 0 0 0
geno chr2.132159981 yri  0 0 0 1 1 0 1 0 0 0 0 0 0 1 0 0 1 0 0 1 0 0 1 0 0 2 0 0 0 0 0 1 0 1 0 0 0 0 2 1 0 0 0 1 0 1 0 0 0 0 1 1 0 0 0 1 0 1 1 1 1 0 1 1 0 1 0 1 0 1 0 0 1 0 0 1 0
geno chr2.132161161 ceu  0 0 0 0 0 0 0 0 1 0 0 0 1 0 1 0 0 0 0 0 1 0 0 0 0 0 0 1 1 1 0 0 0 0 0 0 0 1 0 0 1 0 0 0 0 0 1 0 0 0 0 0 1 0 0 0 1 0 0 0 1 0 0 1 0 0 0 1 0 1 0 0 0 0 0 0 0 0
geno chr2.132161161 fin  0 0 0 0 0 0 1 0 0 0 0 0 0 0 1 0 0 0 0 0 0 0 0 1 0 0 0 1 0 0 0 0 0 0 0 0 0 0 0 1 0 0 0 0 0 0 0 0 1 0 0 0 0 0 0 0 0 0 0 0 0 0 1 0 1 0 0 0 0 0 0 0 0 1 0 0 1 0 0 0 0 0 0 0 1 0 0 0 1
geno chr2.132161161 gbr  0 0 0 1 0 1 0 0 0 0 0 0 0 0 0 0 0 0 0 0 1 0 0 1 1 0 0 0 1 0 0 0 0 0 0 0 0 0 0 0 0 0 0 0 1 0 0 0 0 0 0 0 1 0 0 0 0 0 0 0 0 0 1 0 0 0 0 1 0 0 0 0 1 0 0 0 0 0 0 0 0 0 0 0
geno chr2.132161161 tsi  0 0 0 0 0 0 0 1 0 0 0 0 0 0 0 0 0 0 0 0 0 0 0 0 0 0 0 0 0 0 0 1 0 1 0 0 0 0 0 1 1 0 0 0 0 0 0 0 0 0 1 0 0 0 0 0 0 0 0 0 0 0 0 0 0 0 0 0 0 0 0 0 0 0 0 0 0 0 0 0 0 0 0 0 0 0 0 0 0 0 1 0
geno chr2.132161161 yri  1 0 0 0 0 0 0 0 1 0 0 0 0 1 0 0 0 1 0 1 0 1 0 0 1 0 0 0 1 0 0 0 0 0 0 0 0 0 0 0 0 0 0 0 1 0 0 0 0 0 0 0 0 0 0 0 0 0 0 0 0 0 0 0 0 0 0 0 0 0 0 0 0 0 1 0 0
geno chr2.132161304 ceu  1 2 2 2 2 2 2 2 2 2 1 2 1 2 2 1 2 2 1 2 2 2 2 2 2 2 1 2 2 2 2 2 2 2 2 1 2 2 2 2 2 2 2 1 1 2 2 1 2 2 2 2 1 1 2 1 2 2 2 1 2 1 2 2 2 2 2 1 2 2 2 2 1 2 1 2 1 2
geno chr2.132161304 fin  2 1 1 2 1 2 2 1 1 2 1 2 2 0 2 2 2 2 2 2 2 2 2 2 2 1 2 2 2 2 2 1 2 1 2 2 2 2 2 2 2 2 2 2 2 2 2 2 2 1 2 2 1 1 2 2 2 2 2 2 2 2 2 2 2 2 1 2 2 2 1 2 2 2 2 2 2 0 2 2 2 1 2 2 2 2 2 2 2
geno chr2.132161304 gbr  2 1 2 2 2 2 2 2 2 2 2 2 1 2 1 2 2 2 2 2 2 2 2 2 2 2 2 2 2 2 2 2 2 2 2 2 2 2 1 1 2 2 2 1 2 1 2 2 2 2 2 2 2 2 2 2 1 2 1 2 2 2 2 2 2 2 2 2 2 2 1 2 2 2 2 2 2 2 2 2 2 1 2 2
geno chr2.132161304 tsi  2 2 2 2 1 2 2 2 2 2 2 2 2 2 2 2 1 1 2 2 1 2 0 2 2 2 2 2 2 2 2 2 2 2 2 2 2 2 2 2 2 2 1 2 2 2 2 2 1 2 2 1 2 1 2 2 1 2 2 1 2 2 2 2 2 2 2 2 2 2 2 2 1 2 2 2 2 2 2 2 2 2 1 2 1 2 2 1 2 2 2 2
geno chr2.132161304 yri  2 1 2 0 1 1 2 1 2 2 2 1 0 1 2 1 2 1 2 1 1 1 1 1 2 1 1 1 2 2 2 1 1 1 2 2 1 2 0 2 1 2 1 1 0 2 2 1 2 1 1 1 0 0 1 0 1 1 1 1 1 0 0 1 2 0 1 2 1 0 2 1 1 1 1 0 2
geno chr2.132161557 ceu  0 0 0 0 0 0 0 0 0 0 0 0 0 0 0 0 0 0 0 0 0 0 0 0 0 0 0 0 0 0 0 0 0 0 0 0 0 0 0 0 0 0 0 0 0 0 0 0 0 0 0 0 0 0 0 0 0 0 0 0 0 0 0 0 0 0 0 0 0 0 0 0 0 0 0 0 0 0
geno chr2.132161557 fin  0 0 0 0 0 0 0 0 0 0 0 0 0 1 0 0 0 0 0 0 0 0 0 0 0 0 0 0 0 0 0 0 0 0 0 0 0 0 0 0 0 0 0 0 0 0 0 0 0 0 0 0 0 0 0 0 0 0 0 0 0 0 0 0 0 0 0 0 0 0 0 0 0 0 0 0 0 0 0 0 0 0 0 0 0 0 0 0 0
geno chr2.132161557 gbr  0 0 0 0 0 0 0 0 0 0 0 0 0 0 0 0 0 0 0 0 0 0 0 0 0 0 0 0 0 0 0 0 0 0 0 0 0 0 0 0 0 0 0 0 0 0 0 0 0 0 0 0 0 0 0 0 0 0 0 0 0 0 0 0 0 0 0 0 0 0 0 0 0 0 0 0 0 0 0 0 0 0 0 0
geno chr2.132161557 tsi  0 0 0 0 0 0 0 0 0 0 0 0 0 0 0 0 0 0 0 0 0 0 0 0 0 0 0 0 0 0 0 0 0 0 0 0 0 0 0 0 0 0 0 0 0 0 0 0 0 0 0 0 0 0 0 0 0 0 0 0 0 0 0 0 0 0 0 0 0 0 0 0 0 0 0 0 1 0 0 0 0 0 0 0 0 0 0 0 0 0 0 0
geno chr2.132161557 yri  0 0 0 0 1 0 1 0 0 0 0 0 1 0 0 1 0 0 1 0 1 1 0 0 0 0 1 0 0 0 0 1 0 1 0 1 1 0 1 0 0 0 0 0 1 0 1 0 1 0 1 1 0 1 0 0 0 1 0 0 1 0 0 1 0 1 0 0 0 1 0 1 0 1 0 1 0
geno chr2.132162436 ceu  1 0 0 0 1 1 0 1 0 0 0 0 0 0 0 0 0 1 0 0 0 0 0 0 1 0 1 0 0 0 0 1 0 0 0 0 1 0 0 0 0 0 0 0 0 1 0 0 0 0 0 0 0 0 0 0 0 0 0 0 0 0 0 0 0 0 0 0 0 0 0 0 0 1 0 0 1 0
geno chr2.132162436 fin  0 0 0 0 0 0 1 0 0 0 1 0 0 0 0 0 0 0 0 0 0 0 0 0 0 0 1 0 0 0 0 0 0 0 0 0 0 1 0 1 0 0 0 0 0 0 0 0 0 0 0 0 0 0 0 0 1 0 0 1 0 0 0 0 0 0 0 0 0 0 0 0 1 0 0 0 0 0 0 0 0 0 0 0 0 0 0 0 0
geno chr2.132162436 gbr  0 0 0 0 0 0 0 0 0 0 0 1 0 1 0 0 0 0 0 0 0 0 0 0 1 0 0 0 0 0 0 0 0 1 0 0 0 0 0 0 0 0 0 0 0 0 0 0 0 0 1 0 0 0 0 1 0 0 0 0 0 0 0 0 0 0 0 0 0 1 0 0 0 0 0 0 0 0 1 0 1 0 0 0
geno chr2.132162436 tsi  0 0 0 0 0 0 0 0 0 0 1 0 0 0 0 0 0 0 0 1 0 0 0 0 0 0 0 0 0 0 0 1 0 1 0 0 0 0 1 0 0 0 0 0 0 1 0 0 1 0 0 0 0 0 0 0 0 0 0 0 0 1 0 1 0 0 0 0 0 0 0 0 0 0 0 0 0 0 0 0 0 0 0 0 0 0 1 0 0 0 0 0
geno chr2.132162436 yri  0 0 0 0 0 0 0 0 0 0 0 0 0 0 0 0 0 0 0 0 0 0 0 0 0 0 0 0 0 0 0 0 0 0 0 0 0 0 0 0 0 0 0 0 0 0 0 0 0 0 0 0 0 0 0 0 0 0 0 0 0 0 0 0 0 0 0 0 0 0 0 0 0 0 0 0 0
geno chr2.132162766 ceu  0 0 0 0 0 0 0 0 0 0 0 0 0 0 0 0 0 0 0 0 0 0 0 0 0 0 0 0 0 0 0 0 0 0 0 0 0 0 0 0 0 0 0 0 0 0 0 0 0 0 0 0 0 0 0 0 0 0 0 0 0 0 0 0 0 0 0 0 0 0 0 0 0 0 0 0 0 0
geno chr2.132162766 fin  0 0 0 0 0 0 0 0 0 0 0 0 0 0 0 0 0 0 0 0 0 0 0 0 0 0 0 0 0 0 0 0 0 0 0 0 0 0 0 0 0 0 0 0 0 0 0 0 0 0 0 0 0 0 0 0 0 0 0 0 0 0 0 0 0 0 0 0 0 0 0 0 0 0 0 0 0 0 0 0 0 0 0 0 0 0 0 0 0
geno chr2.132162766 gbr  0 0 0 0 0 0 0 0 0 0 0 0 0 0 0 0 0 0 0 0 0 0 0 0 0 0 0 0 0 0 0 0 0 0 0 0 0 0 0 0 0 0 0 0 0 0 0 0 0 0 0 0 0 0 0 0 0 0 0 0 0 0 0 0 0 0 0 0 0 0 0 0 0 0 0 0 0 0 0 0 0 0 0 0
geno chr2.132162766 tsi  0 0 0 0 0 0 0 0 0 0 0 0 0 0 0 0 0 0 0 0 0 0 0 0 0 0 0 0 0 0 0 0 0 0 0 0 0 0 0 0 0 0 0 0 0 0 0 0 0 0 0 0 0 0 0 0 0 0 0 0 0 0 0 0 0 0 0 0 0 0 0 0 0 0 0 0 0 0 0 0 0 0 0 0 0 0 0 0 0 0 0 0
geno chr2.132162766 yri  1 0 0 1 0 1 0 1 0 0 0 1 1 1 0 0 0 0 1 1 2 0 1 1 1 1 1 1 0 1 1 0 1 0 1 0 1 0 0 0 0 1 0 1 1 2 2 0 0 0 0 1 1 1 0 1 1 1 0 1 0 1 1 1 0 0 0 0 1 1 1 1 1 0 0 1 1
geno chr2.132163028 ceu  1 0 0 1 2 1 2 1 1 1 1 0 0 1 0 0 0 1 0 0 1 0 1 0 1 1 1 0 1 0 1 2 0 0 1 1 1 1 1 0 0 1 1 0 1 1 1 0 0 1 0 1 0 0 1 1 0 1 2 0 0 0 0 0 1 1 2 0 0 0 0 2 1 1 0 0 1 0
geno chr2.132163028 fin  0 0 0 2 1 1 1 0 0 2 2 1 0 1 1 1 1 0 1 1 1 2 0 0 2 1 1 1 0 0 2 1 2 0 1 1 0 2 1 1 2 1 1 1 1 1 2 1 1 0 1 1 0 1 0 1 2 0 1 1 1 0 0 0 0 1 1 1 1 0 0 2 1 0 0 1 0 0 1 2 0 0 1 0 0 0 0 1 0
geno chr2.132163028 gbr  0 1 1 0 1 0 0 1 0 0 0 1 0 2 0 0 1 0 0 1 0 1 1 0 1 1 0 0 0 2 1 1 0 1 0 0 1 2 1 1 0 1 1 0 0 0 0 1 0 0 1 0 0 1 0 2 0 0 1 1 1 2 1 0 1 1 0 0 0 2 0 1 0 1 0 1 0 1 1 1 2 1 1 0
geno chr2.132163028 tsi  0 2 0 2 0 1 1 0 1 1 2 1 1 1 1 0 1 0 1 1 0 0 0 2 0 0 0 0 1 1 0 1 0 1 1 1 0 0 1 0 0 0 0 0 0 1 1 1 1 0 1 1 1 1 0 1 0 2 0 0 2 1 1 1 0 0 1 1 1 0 1 1 0 0 1 0 1 0 1 0 2 1 1 0 1 0 1 0 0 1 0 1
geno chr2.132163028 yri  0 1 1 0 2 1 1 0 0 0 1 1 0 0 0 1 1 0 0 0 0 0 0 0 0 0 0 0 1 1 1 2 0 1 0 2 1 1 2 1 0 0 0 0 0 0 0 1 1 1 1 0 0 1 0 1 1 0 0 1 1 0 0 0 1 1 0 0 0 0 1 0 0 0 1 0 1
geno chr2.132163878 ceu  0 0 0 0 0 0 0 0 0 0 0 0 0 0 0 0 0 0 0 0 0 0 0 0 0 0 0 0 0 0 0 0 0 0 0 0 0 0 0 0 0 0 0 0 0 0 0 0 0 0 0 0 0 0 0 0 0 0 0 0 0 0 0 0 0 0 0 0 0 0 0 0 0 0 0 0 0 0
geno chr2.132163878 fin  0 0 0 0 0 0 0 0 0 0 0 0 0 0 0 0 0 0 0 0 0 0 0 0 0 0 0 0 0 0 0 0 0 0 0 0 0 0 0 0 0 0 0 0 0 0 0 0 0 0 0 0 0 0 0 0 0 0 0 0 0 0 0 0 0 0 0 0 0 0 0 0 0 0 0 0 0 0 0 0 0 0 0 0 0 0 0 0 0
geno chr2.132163878 gbr  0 0 0 0 0 0 0 0 0 0 0 0 0 0 0 0 0 0 0 0 0 0 0 0 0 0 0 0 0 0 0 0 0 0 0 0 0 0 0 0 0 0 0 0 0 0 0 0 0 0 0 0 0 0 0 0 0 0 0 0 0 0 0 0 0 0 0 0 0 0 0 0 0 0 0 0 0 0 0 0 0 0 0 0
geno chr2.132163878 tsi  0 0 0 0 0 0 0 0 0 0 0 0 0 0 0 0 0 0 0 0 0 0 0 0 0 0 0 0 0 0 0 0 0 0 0 0 0 0 0 0 0 0 0 0 0 0 0 0 0 0 0 0 0 0 0 0 0 0 0 0 0 0 0 0 0 0 0 0 0 0 0 0 0 0 0 0 0 0 0 0 0 0 0 0 0 0 0 0 0 0 0 0
geno chr2.132163878 yri  1 0 0 1 0 1 0 0 0 0 0 1 1 1 0 0 0 0 1 1 2 0 1 1 1 1 1 1 0 1 1 0 1 0 1 0 1 0 0 0 0 1 0 1 1 2 2 0 0 0 0 1 1 1 0 1 1 1 0 1 0 1 1 1 0 0 0 0 1 1 1 1 1 0 0 1 1
geno chr2.132164854 ceu  1 0 0 1 1 1 2 1 1 1 1 0 0 0 0 0 0 1 1 0 1 0 1 0 1 1 1 0 1 0 1 2 0 0 1 1 1 1 1 0 0 1 1 0 2 1 1 1 0 1 0 1 1 2 1 1 0 1 2 0 0 0 0 0 1 0 2 1 0 0 0 2 1 1 1 0 1 0
geno chr2.132164854 fin  0 0 0 2 1 1 1 0 0 2 2 1 1 1 1 1 1 0 1 1 1 2 0 0 2 1 1 1 0 0 2 1 2 0 1 0 0 2 1 1 1 1 1 1 1 1 2 1 1 0 1 1 0 2 0 1 2 1 1 1 1 0 0 0 0 0 2 1 1 0 0 1 1 0 0 1 0 1 0 2 0 0 1 0 0 0 0 1 0
geno chr2.132164854 gbr  0 1 1 0 1 0 0 1 0 0 0 1 0 2 1 0 1 0 0 1 0 1 1 0 1 1 0 0 0 2 1 1 0 1 0 0 1 2 1 1 0 1 1 0 0 0 0 1 0 0 1 0 0 1 0 2 0 0 0 1 1 2 1 0 1 1 0 0 0 2 0 1 0 1 0 1 0 1 1 1 2 1 1 0
geno chr2.132164854 tsi  1 2 0 2 0 1 1 0 1 1 1 1 1 1 1 0 1 0 1 1 0 0 1 2 0 0 0 0 1 1 0 1 0 1 1 1 0 0 1 0 0 0 0 0 0 1 1 1 2 0 1 1 1 1 1 1 0 1 0 0 2 1 1 1 0 0 1 1 1 0 0 1 0 0 1 0 1 0 1 0 2 1 1 0 1 0 2 1 0 1 0 0
geno chr2.132164854 yri  0 2 1 0 2 1 1 1 0 0 1 1 0 0 0 2 1 0 0 0 0 0 0 0 0 0 1 0 1 1 1 2 1 1 0 2 1 1 2 1 0 0 1 0 0 0 0 1 1 1 1 0 0 1 0 1 1 0 0 1 2 0 1 0 1 2 0 0 0 0 1 0 0 0 1 0 1
geno chr2.132164879 ceu  0 0 0 0 0 0 0 0 0 0 0 0 0 0 0 0 0 0 0 0 0 0 0 0 0 0 0 0 0 0 0 0 0 0 0 0 0 0 0 0 0 0 0 0 0 0 0 0 0 0 0 0 0 0 0 0 0 0 0 0 0 0 0 0 0 0 0 0 0 0 0 0 0 0 0 0 0 0
geno chr2.132164879 fin  0 0 0 0 0 0 0 0 0 0 0 0 0 0 0 0 0 0 0 0 0 0 0 0 0 0 0 0 0 0 0 0 0 0 0 0 0 0 0 0 0 0 0 0 0 0 0 0 0 0 0 0 0 0 0 0 0 0 0 0 0 0 0 0 0 0 0 0 0 0 0 0 0 0 0 0 0 0 0 0 0 0 0 0 0 0 0 0 0
geno chr2.132164879 gbr  0 0 0 0 0 0 0 0 0 0 0 0 0 0 0 0 0 0 0 0 0 0 0 0 0 0 0 0 0 0 0 0 0 0 0 0 0 0 0 0 0 0 0 0 0 0 0 0 0 0 0 0 0 0 0 0 0 0 0 0 0 0 0 0 0 0 0 0 0 0 0 0 0 0 0 0 0 0 0 0 0 0 0 0
geno chr2.132164879 tsi  0 0 0 0 0 0 0 0 0 0 0 0 0 0 0 0 0 0 0 0 0 0 0 0 0 0 0 0 0 0 0 0 0 0 0 0 0 0 0 0 0 0 0 0 0 0 0 0 0 0 0 0 0 0 0 0 0 0 0 0 0 0 0 0 0 0 0 0 0 0 0 0 0 0 0 0 0 0 0 0 0 0 0 0 0 0 0 0 0 0 0 0
geno chr2.132164879 yri  1 0 0 1 0 1 0 0 0 0 0 1 1 1 0 0 0 0 1 1 2 0 1 1 1 1 1 1 0 1 1 0 1 0 1 0 1 0 0 0 0 1 0 1 1 2 2 0 0 0 0 1 1 1 0 1 1 1 0 1 0 1 1 1 0 0 0 0 1 1 1 1 1 0 0 1 1
geno chr2.132165340 ceu  0 0 1 0 0 0 0 0 0 0 0 0 0 0 0 0 0 0 0 0 0 0 0 1 0 0 0 1 0 2 0 0 0 1 1 0 0 0 0 0 0 0 0 0 0 0 0 0 0 1 1 1 0 0 0 0 0 0 0 0 0 0 0 1 0 1 0 0 1 0 0 0 0 0 1 0 0 0
geno chr2.132165340 fin  0 0 0 0 0 0 0 0 0 0 0 0 0 0 0 0 0 0 1 0 0 0 0 0 0 0 0 0 0 0 0 0 0 0 1 0 0 0 0 0 0 1 0 0 0 0 0 0 0 0 0 0 0 0 0 0 0 0 0 0 0 0 0 0 0 0 0 0 0 0 0 0 0 0 0 1 0 0 0 0 0 0 0 1 0 0 0 0 0
geno chr2.132165340 gbr  0 0 0 0 0 1 0 0 0 0 1 0 0 0 0 0 1 0 0 0 0 0 0 0 0 0 1 0 0 0 0 0 0 0 0 0 0 0 0 0 0 1 0 0 0 0 0 0 0 1 0 0 0 0 1 0 0 0 0 1 0 0 0 1 0 0 0 0 1 0 0 0 0 1 0 0 0 0 0 1 0 0 0 1
geno chr2.132165340 tsi  0 0 1 0 0 0 0 1 1 1 0 0 0 0 0 0 0 0 0 0 0 0 0 0 0 0 0 0 0 0 0 0 1 0 0 0 0 0 0 0 0 1 0 0 1 0 0 0 0 1 0 0 1 0 0 0 0 0 0 1 0 0 0 0 0 0 0 0 1 0 0 0 0 0 0 0 0 0 0 0 0 1 0 0 0 1 0 0 0 0 0 0
geno chr2.132165340 yri  0 0 0 0 0 0 0 0 0 1 1 0 0 0 0 0 0 0 0 0 0 0 0 0 0 0 0 1 0 0 0 0 0 0 0 0 0 0 0 0 1 0 0 1 0 0 0 0 1 0 0 0 0 0 0 0 0 0 0 0 0 0 0 0 0 0 1 0 1 0 0 0 0 0 0 1 0
geno chr2.132166208 ceu  1 0 0 1 1 1 2 1 1 1 1 0 0 0 0 0 0 1 0 0 1 0 1 0 1 1 1 0 1 0 1 2 0 0 1 1 1 1 1 0 0 1 1 0 1 1 1 0 0 1 0 1 0 0 1 1 0 1 2 0 0 0 0 0 1 0 2 0 0 0 0 2 1 1 0 0 1 0
geno chr2.132166208 fin  0 0 0 2 1 1 1 0 0 2 2 1 1 1 1 1 1 0 1 1 1 2 0 0 2 1 1 1 0 0 2 1 2 0 1 0 0 2 1 1 1 1 1 1 1 1 2 1 1 0 1 1 0 1 0 1 2 1 1 1 1 0 0 0 0 0 1 1 1 0 0 1 1 0 0 1 0 0 0 2 0 0 1 0 0 0 0 1 0
geno chr2.132166208 gbr  0 1 1 0 1 0 0 1 0 0 0 1 0 2 0 0 1 0 0 1 0 1 1 0 1 1 0 0 0 2 1 1 0 1 0 0 1 2 1 1 0 1 1 0 0 0 0 1 0 0 1 0 0 1 0 2 0 0 0 1 1 2 1 0 1 1 0 0 0 2 0 1 0 1 0 1 0 1 1 1 2 1 1 0
geno chr2.132166208 tsi  1 2 0 2 0 1 1 0 1 1 1 1 1 1 1 0 1 0 1 1 0 0 0 2 0 0 0 0 1 1 0 1 0 1 1 1 0 0 1 0 0 0 0 0 0 1 1 1 1 0 1 1 1 1 1 1 0 1 0 0 2 1 1 1 0 0 1 1 1 0 0 1 0 0 1 0 0 0 1 0 2 1 1 0 1 0 1 0 0 1 0 0
geno chr2.132166208 yri  0 1 1 0 0 0 0 0 0 0 0 0 0 0 0 0 1 0 0 0 0 0 0 0 0 0 0 0 1 1 0 1 0 0 0 0 0 0 0 1 0 0 0 0 0 0 0 0 0 0 0 0 0 0 0 0 1 0 0 1 0 0 0 0 1 0 0 0 0 0 1 0 0 0 0 0 1
