pheno ENSG00000204231 ceu 1.277552 3.067635 1.946409 2.506819 2.140276 -1.327283 2.466182 2.273871 -0.5756331 1.956057 1.451238 -0.2685828 0.9260101 0.5079412 1.445944 2.095895 0.01006137 0.7491762 2.163017 3.185611 1.404295 2.4263 2.934658 0.4525234 0.4772216 2.760911 0.8823244 2.921817 0.423121 2.198419 0.8915385 1.276271 2.191694 0.86931 2.070377 2.133844 2.30486 2.312074 1.508113 3.384022 2.72361 1.465815 0.5166626 1.806213 0.6005595 -0.8070082 0.6489275 2.488062 2.201316 2.547129 1.691586 1.886806 0.1464929 1.700278 0.8136811 1.114335 1.258462 0.8697076 1.562323 0.5521808 0.01804332 1.860389 0.05124188 2.145472 2.480366 1.433039 1.667724 1.83516 1.985104 -0.8118648 1.618166 -0.2698468 1.817613 1.139637 2.40881 2.529056 2.049289 1.446539
pheno ENSG00000204231 fin -2.221232 -1.73552 -3.121675 -1.510514 -2.83731 -2.326284 0.5206351 -1.506134 -2.147566 -1.88505 -1.227077 -1.569708 -0.7660594 -1.078188 -1.377694 -1.403395 -2.402435 1.000142 -1.107001 -0.5831376 -1.289907 -2.819195 -1.434797 -2.255563 -1.850868 -1.756312 -2.983279 -0.9089467 -1.205777 -3.199228 -1.075503 -0.9727684 -0.7264877 -2.611137 -3.880571 -1.951957 -0.2292193 -1.869849 -1.812618 0.5807597 -1.959573 0.5464007 -3.191215 -3.377542 -4.318945 -2.318293 -1.035723 -3.312763 -1.047766 -0.7690322 -3.096189 -2.478981 -2.395209 -0.4185676 -3.81947 -2.935243 -1.07412 -1.474745 -0.9817693 -1.937664 -1.938082 -0.871581 -0.6332014 -1.266063 -2.332463 0.3719698 0.05429484 -0.867392 -1.13165 0.1901461 -0.6104492 -2.868559 -3.06195 -2.303902 -1.380392 -2.01774 -0.1154919 -1.368809 -1.209016 -1.209006 -0.09076144 -2.251131 -2.357264 -0.2630797 -1.913584 -2.895281 -3.88596 0.7111963 -2.063756
pheno ENSG00000204231 gbr 2.686079 0.8790457 1.310089 -0.1104215 2.041607 1.736347 0.129797 1.433659 2.107089 -0.3230809 2.887261 0.5962333 1.17371 0.7820317 1.039195 2.849452 2.04529 0.6323866 2.535347 0.8432701 2.573726 3.515497 1.150315 0.8865885 0.9187426 2.051732 1.994231 0.242383 1.782671 1.539998 1.989203 1.073248 0.7086689 -0.2218288 0.5786322 2.580754 0.3721717 1.81889 1.212024 1.593303 1.091899 -0.2897274 2.683505 -0.01646647 0.953397 1.036122 2.919289 1.84985 1.718631 3.684018 1.856555 0.7883185 2.493621 2.68616 3.164545 1.613131 1.414059 1.324824 1.579813 3.274546 1.432741 0.3815502 3.27978 0.433827 1.99492 2.666016 -1.231693 3.172056 1.330627 1.658962 0.837919 2.156299 3.474886 0.7124103 1.717301 2.53806 1.755477 1.450713 0.8008908 -0.4408408 -0.532066 0.7102733 3.79014 2.278081
pheno ENSG00000204231 tsi -1.831357 0.3541445 -1.187857 -0.4427617 0.1468441 -1.68542 0.05107157 1.21113 -1.222169 -2.14549 -1.469027 -2.207129 -2.638102 -0.8230687 0.5472952 -1.441206 -0.1838505 0.8744405 -1.43697 -0.6032244 -0.3349256 2.468231 -1.132608 -1.129588 -0.2260379 0.9259842 0.1014648 0.1924328 -2.107983 -2.009188 1.387643 1.161096 -0.4651967 0.7656435 -0.9377894 -0.9052069 -0.656999 -1.084899 -0.3300036 -1.55162 1.88737 -1.257576 -0.3499371 -1.088993 -1.137765 -0.04021558 -0.1160786 -0.3493632 0.4625129 -0.3487678 -0.388546 0.5506155 0.991449 1.5712 0.5271046 1.87332 -1.460472 0.3681774 -0.09987619 -0.2706399 1.040184 -1.661007 0.3976435 -0.409687 -0.9866767 0.05529771 -0.5594456 -0.5657987 -0.680167 1.154879 0.00106654 -0.1652822 0.4453604 -0.9913821 -2.181685 -2.211826 0.3285029 -0.1658369 -1.445215 0.1224379 -0.9613279 -0.03509494 -2.276597 -1.761352 -0.3556355 -2.007849 -0.9972497 -0.8761108 1.850374 1.95295 1.142572 0.2975706
pheno ENSG00000204231 yri 0.3093776 -0.3774368 -0.09508439 0.3473558 -0.8726103 0.8983809 -1.609516 0.4734768 0.06333378 0.692961 0.7439913 0.2733544 0.117608 -0.5642196 1.183818 -1.306728 0.2500135 0.3593501 -0.3604978 -1.553191 -3.050083 -1.697177 1.062771 -0.407637 0.3136974 -0.6225769 -1.211241 -1.453787 0.4033711 -1.413616 0.7154484 -1.496624 0.6362975 -0.4216481 -1.186125 -1.037464 -0.5971403 1.150618 -1.429225 1.457646 0.578833 -1.134768 -0.1127563 -1.172883 -0.9133638 -2.713966 -1.518991 -0.6700063 -0.6192557 -0.6899072 0.03529676 -0.797714 1.754964 2.199718 -0.1466277 -0.9683091 0.1045563 0.4572491 -1.422032 -0.7815366 -0.01383202 0.5674834 -0.864728 -0.8756751 -0.2468931 -1.737624 0.8768665 0.8979969 -2.830276 -1.999113 0.06062359 0.08063618 -0.4117135 0.3735587 -0.2591365 2.231971 -0.3570037
geno chr6.33068848 ceu  1 2 1 2 2 2 2 0 2 2 1 2 0 2 0 1 2 0 2 2 1 0 1 1 2 1 1 1 1 1 1 0 1 0 1 1 1 2 1 1 2 1 1 1 1 2 1 0 2 2 1 1 2 2 1 1 2 1 2 0 1 1 2 0 2 2 0 2 0 2 1 1 0 0 0 2 1 1
geno chr6.33068848 fin  1 1 0 2 0 1 1 0 1 1 2 2 0 1 0 1 1 1 2 1 1 2 1 0 2 0 1 2 2 1 1 1 2 2 1 1 0 2 0 0 0 0 1 1 2 0 1 1 1 2 0 2 1 0 1 2 2 2 2 1 1 2 1 0 1 1 2 0 1 0 1 2 1 2 2 1 0 1 1 1 1 1 1 2 1 0 1 2 1
geno chr6.33068848 gbr  2 1 1 0 1 2 1 1 0 1 2 1 2 2 1 1 1 1 0 1 1 1 0 0 2 1 1 2 2 1 1 0 2 0 1 2 1 0 0 1 1 1 1 2 2 1 2 1 1 2 2 1 1 1 2 1 2 1 1 1 1 0 1 1 2 2 2 2 1 1 2 1 1 2 2 2 2 1 2 1 0 1 2 2
geno chr6.33068848 tsi  1 1 1 2 0 1 1 2 2 1 1 1 0 1 1 2 1 2 0 2 0 0 2 2 2 2 1 0 0 1 2 1 1 2 2 2 1 1 2 1 2 1 2 1 2 1 2 2 2 2 1 1 2 0 1 2 1 0 1 0 2 2 2 1 2 1 2 2 1 0 1 2 2 2 2 1 1 1 0 1 1 0 1 2 2 2 2 2 2 0 2 1
geno chr6.33068848 yri  2 1 2 2 2 1 2 2 2 2 2 2 2 2 2 1 1 2 1 2 2 2 2 2 2 2 1 2 2 2 2 2 2 2 2 2 2 2 2 2 2 2 2 2 2 2 2 2 2 2 2 2 2 2 2 2 2 2 2 2 2 2 2 2 2 1 2 2 2 2 2 2 1 2 2 2 2
geno chr6.33068864 ceu  0 0 1 2 1 1 1 0 0 2 1 0 0 1 0 1 1 0 1 1 1 0 1 0 1 0 0 0 0 0 1 0 0 0 0 1 0 0 0 0 0 0 1 0 0 0 0 0 0 1 1 0 1 0 1 0 0 0 1 0 0 0 1 0 1 2 0 2 0 1 0 1 0 0 0 1 0 0
geno chr6.33068864 fin  0 0 0 0 0 0 0 0 0 0 1 1 0 0 0 1 0 0 0 1 1 0 1 0 0 0 0 2 1 1 1 0 1 0 1 0 0 1 0 0 0 0 1 0 1 0 0 0 0 1 0 1 0 0 0 1 0 1 2 0 0 1 0 0 0 0 1 0 0 0 0 0 1 1 0 0 0 0 1 1 1 0 0 0 0 0 0 0 0
geno chr6.33068864 gbr  0 1 1 0 0 2 0 1 0 1 1 1 1 1 1 1 1 0 0 1 0 0 0 0 0 0 0 0 0 1 1 0 0 0 0 2 1 0 0 1 0 1 0 2 1 0 1 0 1 1 1 1 1 1 1 0 0 1 0 1 0 0 0 1 2 1 1 1 0 1 1 0 0 0 0 1 0 1 2 1 0 1 1 0
geno chr6.33068864 tsi  1 0 0 1 0 0 0 0 0 0 0 0 0 0 0 1 1 1 0 1 0 0 1 1 1 2 0 0 0 0 1 0 1 2 1 2 1 1 0 1 2 1 1 1 1 0 1 0 2 0 1 0 2 0 1 0 0 0 0 0 0 2 1 1 0 1 1 1 1 0 1 0 1 1 0 0 0 0 0 0 0 0 1 1 1 2 0 1 1 0 1 0
geno chr6.33068864 yri  2 1 2 1 1 1 1 2 1 1 2 0 1 2 2 1 1 1 0 2 1 1 2 1 2 2 0 2 1 1 1 1 2 2 1 1 0 1 2 2 2 0 2 0 2 2 1 2 0 1 2 2 1 2 2 1 1 1 1 2 2 2 2 1 1 0 2 0 1 1 1 2 1 1 1 0 2
geno chr6.33068865 ceu  0 0 1 2 1 1 1 0 0 0 1 0 0 0 0 1 0 0 1 0 0 0 1 0 0 0 0 0 0 0 1 0 0 0 0 1 0 0 0 0 0 0 1 0 0 0 0 0 0 1 0 0 1 0 1 0 0 0 1 0 0 0 0 0 0 1 0 0 0 1 0 0 0 0 0 1 0 0
geno chr6.33068865 fin  0 0 0 0 0 0 0 0 0 0 1 1 0 0 0 1 0 0 0 1 0 0 0 0 0 0 0 1 1 1 0 0 1 0 0 0 0 1 0 0 0 0 1 0 1 0 0 0 0 0 0 0 0 0 0 1 0 0 1 0 0 0 0 0 0 0 0 0 0 0 0 0 0 1 0 0 0 0 1 1 1 0 0 0 0 0 0 0 0
geno chr6.33068865 gbr  0 0 0 0 0 2 0 0 0 0 0 1 1 1 0 1 1 0 0 1 0 0 0 0 0 0 0 0 0 1 1 0 0 0 0 2 0 0 0 0 0 1 0 2 1 0 0 0 1 0 1 1 1 1 0 0 0 1 0 1 0 0 0 1 2 1 0 1 0 1 1 0 0 0 0 1 0 1 0 0 0 1 0 0
geno chr6.33068865 tsi  1 0 0 1 0 0 0 0 0 0 0 0 0 0 0 1 1 1 0 0 0 0 0 1 1 2 0 0 0 0 0 0 1 1 0 1 0 1 0 1 1 0 1 1 1 0 1 0 2 0 1 0 2 0 1 0 0 0 0 0 0 2 1 0 0 1 1 1 1 0 1 0 0 0 0 0 0 0 0 0 0 0 0 1 1 2 0 1 1 0 0 0
geno chr6.33068865 yri  0 0 0 0 0 0 0 0 0 0 0 0 0 0 0 0 0 0 0 0 0 0 0 0 0 0 0 0 0 0 0 0 0 1 0 0 0 0 0 0 0 0 0 0 0 0 0 0 0 0 0 0 0 0 0 0 0 0 0 0 0 0 0 0 0 0 0 0 0 0 0 0 0 0 0 0 0
geno chr6.33068917 ceu  0 0 1 2 1 1 1 0 0 2 1 0 0 1 0 1 1 0 1 1 1 0 1 0 1 0 0 1 0 0 1 0 0 0 0 1 0 0 0 0 0 0 1 0 0 0 0 0 0 1 1 0 1 0 1 0 0 0 1 0 0 0 1 0 1 2 0 2 0 1 0 1 0 0 0 1 0 0
geno chr6.33068917 fin  0 0 0 0 0 0 0 0 0 0 1 1 0 0 0 1 0 0 0 1 1 0 1 0 0 0 0 2 1 1 1 0 1 0 1 0 0 1 0 0 0 0 1 0 1 0 0 0 0 1 0 1 0 0 0 1 0 1 2 0 0 1 0 0 0 0 2 0 0 0 0 0 1 1 1 0 0 0 1 1 1 0 1 0 1 0 0 1 0
geno chr6.33068917 gbr  1 1 1 0 1 2 0 1 0 1 1 1 1 1 1 1 1 0 0 1 0 0 0 0 0 0 1 0 1 1 1 0 1 0 0 2 1 0 0 1 0 1 0 2 1 0 1 0 1 1 1 1 1 1 1 0 1 1 1 1 1 0 0 1 2 1 1 1 0 1 1 0 0 0 0 1 0 1 2 1 0 1 1 0
geno chr6.33068917 tsi  1 0 0 1 0 0 0 0 0 0 0 0 0 0 0 1 1 1 0 1 0 0 1 1 1 2 0 0 0 1 1 0 1 2 1 2 1 1 0 1 2 1 1 1 1 0 1 0 2 0 1 0 2 0 1 0 0 0 0 0 0 2 1 1 0 1 1 1 1 0 1 0 1 1 0 0 0 0 0 0 0 0 1 1 1 2 0 1 1 0 1 0
geno chr6.33068917 yri  2 1 2 1 1 1 1 2 1 1 2 0 1 2 2 1 1 1 0 2 1 1 2 1 2 2 0 2 1 1 1 1 2 2 1 1 0 1 2 2 2 0 2 0 2 2 1 2 0 1 2 2 1 2 2 1 1 1 1 2 2 2 2 1 1 0 2 0 1 1 1 2 1 1 1 0 2
geno chr6.33068964 ceu  0 0 1 2 1 1 1 0 0 0 1 0 0 0 0 1 0 0 1 0 0 0 1 0 0 0 0 1 0 0 1 0 0 0 0 1 0 0 0 0 0 0 1 0 0 0 0 0 0 1 0 0 1 0 1 0 0 0 1 0 0 0 0 0 0 1 0 0 0 1 0 0 0 0 0 1 0 0
geno chr6.33068964 fin  0 0 0 0 0 0 0 0 0 0 1 1 0 0 0 1 0 0 0 1 0 0 0 0 0 0 0 1 1 1 0 0 1 0 0 0 0 1 0 0 0 0 1 0 1 0 0 0 0 0 0 0 0 0 0 1 0 0 1 0 0 0 0 0 0 0 1 0 0 0 0 0 0 1 1 0 0 0 1 1 1 0 1 0 1 0 0 1 0
geno chr6.33068964 gbr  1 0 0 0 1 2 0 0 0 0 0 1 1 1 0 1 1 0 0 1 0 0 0 0 0 0 1 0 1 1 1 0 1 0 0 2 0 0 0 0 0 1 0 2 1 0 0 0 1 0 1 1 1 1 0 0 1 1 1 1 1 0 0 1 2 1 0 1 0 1 1 0 0 0 0 1 0 1 0 0 0 1 0 0
geno chr6.33068964 tsi  1 0 0 1 0 0 0 0 0 0 0 0 0 0 0 1 1 1 0 0 0 0 0 1 1 2 0 0 0 1 0 0 1 1 0 1 0 1 0 1 1 0 1 1 1 0 1 0 2 0 1 0 2 0 1 0 0 0 0 0 0 2 1 0 0 1 1 1 1 0 1 0 0 0 0 0 0 0 0 0 0 0 0 1 1 2 0 1 1 0 0 0
geno chr6.33068964 yri  0 0 0 0 0 0 0 0 0 0 0 0 0 0 0 0 0 0 0 0 0 0 0 0 0 0 0 0 0 0 0 0 0 1 0 0 0 0 0 0 0 0 0 0 0 0 0 0 0 0 0 0 0 0 0 0 0 0 0 0 0 0 0 0 0 0 0 0 0 0 0 0 0 0 0 0 0
geno chr6.33068974 ceu  0 0 0 0 0 0 0 0 0 2 0 0 0 1 0 0 1 0 0 0 1 0 0 0 0 0 0 0 0 0 0 0 0 0 0 0 0 0 0 0 0 0 0 0 0 0 0 0 0 0 0 0 0 0 0 0 0 0 0 0 0 0 0 0 0 0 0 1 0 0 0 1 0 0 0 0 0 0
geno chr6.33068974 fin  0 0 0 0 0 0 0 0 0 0 0 0 0 0 0 0 0 0 0 0 1 0 1 0 0 0 0 1 0 0 1 0 0 0 0 0 0 0 0 0 0 0 0 0 0 0 0 0 0 1 0 0 0 0 0 0 0 1 0 0 0 0 0 0 0 0 0 0 0 0 0 0 0 0 0 0 0 0 0 0 0 0 0 0 0 0 0 0 0
geno chr6.33068974 gbr  0 1 1 0 0 0 0 1 0 1 0 0 0 0 0 0 0 0 0 0 0 0 0 0 0 0 0 0 0 0 0 0 0 0 0 0 1 0 0 0 0 0 0 0 0 0 1 0 0 1 0 0 0 0 0 0 0 0 0 0 0 0 0 0 0 0 0 0 0 0 0 0 0 0 0 0 0 0 1 1 0 0 1 0
geno chr6.33068974 tsi  0 0 0 0 0 0 0 0 0 0 0 0 0 0 0 0 0 0 0 1 0 0 0 0 0 0 0 0 0 0 0 0 0 1 0 1 1 0 0 0 1 1 0 0 0 0 0 0 0 0 0 0 0 0 0 0 0 0 0 0 0 0 0 0 0 0 0 0 0 0 0 0 1 0 0 0 0 0 0 0 0 0 1 0 0 0 0 0 0 0 0 0
geno chr6.33068974 yri  1 1 2 1 1 1 1 2 1 1 2 0 1 2 2 1 1 1 0 2 1 1 2 1 2 1 0 2 1 1 0 1 2 1 1 1 0 1 2 2 2 0 2 0 2 2 1 2 0 1 1 2 1 2 2 1 1 1 1 2 2 2 1 1 1 0 2 0 1 1 1 2 1 1 1 0 2
geno chr6.33068994 ceu  0 0 1 2 1 1 1 0 0 0 1 0 0 0 0 1 0 0 1 1 0 0 1 0 1 0 0 1 0 0 1 0 0 0 0 1 0 0 0 0 0 0 1 0 0 0 0 0 0 1 1 0 1 0 1 0 0 0 1 0 0 0 1 0 1 2 0 1 0 1 0 0 0 0 0 1 0 0
geno chr6.33068994 fin  0 0 0 0 0 0 0 0 0 0 1 1 0 0 0 1 0 0 0 1 0 0 0 0 0 0 0 1 1 1 0 0 1 0 1 0 0 1 0 0 0 0 1 0 1 0 0 0 0 0 0 1 0 0 0 1 0 0 2 0 0 1 0 0 0 0 2 0 0 0 0 0 1 1 1 0 0 0 1 1 1 0 1 0 1 0 0 1 0
geno chr6.33068994 gbr  1 0 0 0 1 2 0 0 0 0 1 1 1 1 1 1 1 0 0 1 0 0 0 0 0 0 1 0 1 1 1 0 1 0 0 2 0 0 0 1 0 1 0 2 1 0 0 0 1 0 1 1 1 1 1 0 1 1 1 1 1 0 0 1 2 1 1 1 0 1 1 0 0 0 0 1 0 1 1 0 0 1 0 0
geno chr6.33068994 tsi  1 0 0 1 0 0 0 0 0 0 0 0 0 0 0 1 1 1 0 0 0 0 1 1 1 2 0 0 0 1 1 0 1 1 1 1 0 1 0 1 1 0 1 1 1 0 1 0 2 0 1 0 2 0 1 0 0 0 0 0 0 2 1 1 0 1 1 1 1 0 1 0 0 1 0 0 0 0 0 0 0 0 0 1 1 2 0 1 1 0 1 0
geno chr6.33068994 yri  1 0 0 0 0 0 0 0 0 0 0 0 0 0 0 0 0 0 0 0 0 0 0 0 0 1 0 0 0 0 1 0 0 1 0 0 0 0 0 0 0 0 0 0 0 0 0 0 0 0 1 0 0 0 0 0 0 0 0 0 0 0 1 0 0 0 0 0 0 0 0 0 0 0 0 0 0
geno chr6.33068999 ceu  0 0 1 2 1 1 1 0 0 2 1 0 0 1 0 1 1 0 1 1 1 0 1 0 1 0 0 1 0 0 1 0 0 0 0 1 0 0 0 0 0 0 1 0 0 0 0 0 0 1 1 0 1 0 1 0 0 0 1 0 0 0 1 0 1 2 0 2 0 1 0 1 0 0 0 1 0 0
geno chr6.33068999 fin  0 0 0 0 0 0 0 0 0 0 1 1 0 0 0 1 0 0 0 1 1 0 1 0 0 0 0 2 1 1 1 0 1 0 1 0 0 1 0 0 0 0 1 0 1 0 0 0 0 1 0 1 0 0 0 1 0 1 2 0 0 1 0 0 0 0 2 0 0 0 0 0 1 1 1 0 0 0 1 1 1 0 1 0 1 0 0 1 0
geno chr6.33068999 gbr  1 1 1 0 1 2 0 1 0 1 1 1 1 1 1 1 1 0 0 1 0 0 0 0 0 0 1 0 1 1 1 0 1 0 0 2 1 0 0 1 0 1 0 2 1 0 1 0 1 1 1 1 1 1 1 0 1 1 1 1 1 0 0 1 2 1 1 1 0 1 1 0 0 0 0 1 0 1 2 1 0 1 1 0
geno chr6.33068999 tsi  1 0 0 1 0 0 0 0 0 0 0 0 0 0 0 1 1 1 0 1 0 0 1 1 1 2 0 0 0 1 1 0 1 2 1 2 1 1 0 1 2 1 1 1 1 0 1 0 2 0 1 0 2 0 1 0 0 0 0 0 0 2 1 1 0 1 1 1 1 0 1 0 1 1 0 0 0 0 0 0 0 0 1 1 1 2 0 1 1 0 1 0
geno chr6.33068999 yri  2 1 2 1 1 1 1 2 1 1 2 0 1 2 2 1 1 1 0 2 1 1 2 1 2 2 0 2 1 1 1 1 2 2 1 1 0 1 2 2 2 0 2 0 2 2 1 2 0 1 2 2 1 2 2 1 1 1 1 2 2 2 2 1 1 0 2 0 1 1 1 2 1 1 1 0 2
geno chr6.33069178 ceu  0 0 0 2 0 1 0 0 0 1 1 0 0 0 0 1 1 0 1 0 1 0 1 0 0 0 0 0 0 0 1 0 0 0 0 0 0 0 0 0 0 0 1 0 0 0 0 0 0 1 1 0 0 0 0 0 0 0 1 0 0 0 1 0 0 2 0 1 0 0 0 1 0 0 0 1 0 0
geno chr6.33069178 fin  0 0 0 0 0 0 0 0 0 0 0 0 0 0 0 0 0 0 0 1 0 0 0 0 0 0 0 2 0 0 1 0 0 0 1 0 0 1 0 0 0 0 1 0 0 0 0 0 0 1 0 0 0 0 0 0 0 1 1 0 0 0 0 0 0 0 1 0 0 0 0 0 0 0 0 0 0 0 1 1 1 0 0 0 0 0 0 0 0
geno chr6.33069178 gbr  0 0 1 0 0 1 0 0 0 1 0 0 0 1 1 0 1 0 0 1 0 0 0 0 0 0 0 0 0 1 0 0 0 0 0 2 0 0 0 1 0 0 0 2 1 0 0 0 1 1 1 1 1 0 0 0 0 1 0 1 0 0 0 0 2 0 1 0 0 1 0 0 0 0 0 0 0 1 2 1 0 0 1 0
geno chr6.33069178 tsi  1 0 0 1 0 0 0 0 0 0 0 0 0 0 0 0 0 1 0 0 0 0 0 1 0 0 0 0 0 0 0 0 0 2 1 2 0 1 0 1 2 1 1 1 1 0 0 0 0 0 0 0 2 0 1 0 0 0 0 0 0 2 0 1 0 1 0 0 0 0 0 0 1 0 0 0 0 0 0 0 0 0 0 1 0 2 0 1 1 0 0 0
geno chr6.33069178 yri  2 1 1 1 1 0 0 1 0 1 2 0 1 1 1 1 1 1 0 1 1 1 2 0 2 2 0 2 1 0 1 0 2 1 1 1 0 1 2 2 2 0 2 0 2 2 0 1 0 0 2 2 0 0 2 0 0 0 0 2 1 2 1 0 0 0 2 0 1 1 0 2 0 1 1 0 2
geno chr6.33069179 ceu  0 0 1 2 1 1 0 0 0 2 1 0 0 0 0 1 1 0 1 0 1 0 1 0 1 0 0 1 0 0 1 0 0 0 0 0 0 0 0 0 0 0 1 0 0 0 0 0 0 1 1 0 1 0 1 0 0 0 1 0 0 0 1 0 0 2 0 2 0 1 0 1 0 0 0 1 0 0
geno chr6.33069179 fin  0 0 0 0 0 0 0 0 0 0 1 1 0 0 0 1 0 0 0 1 1 0 1 0 0 0 0 2 1 0 1 0 1 0 1 0 0 1 0 0 0 0 1 0 1 0 0 0 0 1 0 0 0 0 0 1 0 1 2 0 0 0 0 0 0 0 2 0 0 0 0 0 1 1 1 0 0 0 1 1 1 0 1 0 1 0 0 1 0
geno chr6.33069179 gbr  1 0 1 0 1 2 0 1 0 1 1 1 1 1 1 0 1 0 0 1 0 0 0 0 0 0 0 0 1 1 1 0 1 0 0 2 1 0 0 1 0 0 0 2 1 0 1 0 1 1 1 1 1 1 1 0 1 1 1 1 1 0 0 1 2 1 1 1 0 1 1 0 0 0 0 1 0 1 2 1 0 1 1 0
geno chr6.33069179 tsi  1 0 0 1 0 0 0 0 0 0 0 0 0 0 0 0 0 1 0 1 0 0 0 1 1 2 0 0 0 1 1 0 1 2 1 2 1 1 0 1 2 1 1 1 1 0 1 0 2 0 1 0 2 0 1 0 0 0 0 0 0 2 1 1 0 1 1 1 1 0 1 0 1 0 0 0 0 0 0 0 0 0 1 1 1 2 0 1 1 0 0 0
geno chr6.33069179 yri  2 1 2 1 1 0 0 2 0 1 2 0 1 2 2 1 1 1 0 2 1 1 2 0 2 2 0 2 1 0 1 0 2 2 1 1 0 1 2 2 2 0 2 0 2 2 0 2 0 0 2 2 1 2 2 0 1 1 0 2 2 2 2 0 0 0 2 0 1 1 0 2 1 1 1 0 2
geno chr6.33069367 ceu  0 0 1 2 1 1 1 0 0 2 1 0 0 1 0 1 1 0 1 1 1 0 1 0 1 0 0 1 0 0 1 0 0 0 0 1 0 0 0 0 0 0 1 0 0 0 0 0 0 1 1 0 1 0 1 0 0 0 1 0 0 0 1 0 1 2 0 2 0 1 0 1 0 0 0 1 0 0
geno chr6.33069367 fin  0 0 0 0 0 0 0 0 0 0 1 1 0 0 0 1 0 0 0 1 1 0 1 0 0 0 0 2 1 1 1 0 1 0 1 0 0 1 0 0 0 0 1 0 1 0 0 0 0 1 0 1 0 0 0 1 0 1 2 0 0 1 0 0 0 0 2 0 0 0 0 0 1 1 1 0 0 0 1 1 1 0 1 0 1 0 0 1 0
geno chr6.33069367 gbr  0 1 1 0 1 2 0 1 0 1 1 1 1 1 1 1 1 0 0 1 0 0 0 0 0 0 0 0 1 1 1 0 1 0 0 2 1 0 0 1 0 1 0 2 1 0 1 0 1 1 1 1 1 1 1 0 1 1 1 1 1 0 0 1 2 1 1 1 0 1 1 0 0 0 0 1 0 1 2 1 0 1 1 0
geno chr6.33069367 tsi  1 0 0 1 0 0 0 0 0 0 0 0 0 0 0 1 1 1 0 1 0 0 1 1 1 2 0 0 0 1 1 0 1 2 1 2 1 1 0 1 2 1 1 1 1 0 1 0 2 0 1 0 2 0 1 0 0 0 0 0 0 2 1 1 0 1 1 1 1 0 1 0 1 1 0 0 0 0 0 0 0 0 1 1 0 2 0 1 1 0 1 0
geno chr6.33069367 yri  2 1 2 1 1 0 1 2 1 1 2 0 1 2 2 1 1 1 0 2 1 1 2 0 2 2 0 2 1 1 1 1 2 2 1 1 0 1 2 2 2 0 2 0 2 2 1 2 0 1 2 2 1 2 2 1 1 1 1 2 2 2 2 1 1 0 2 0 1 1 1 2 1 1 1 0 2
geno chr6.33069405 ceu  0 0 1 2 1 1 1 0 0 0 1 0 0 0 0 1 0 0 1 1 0 0 1 0 1 0 0 1 0 0 1 0 0 0 0 1 0 0 0 0 0 0 1 0 0 0 0 0 0 1 1 0 1 0 1 0 0 0 1 0 0 0 1 0 1 2 0 1 0 1 0 0 0 0 0 1 0 0
geno chr6.33069405 fin  0 0 0 0 0 0 0 0 0 0 1 1 0 0 0 1 0 0 0 1 0 0 0 0 0 0 0 1 1 1 0 0 1 0 1 0 0 1 0 0 0 0 1 0 1 0 0 0 0 0 0 1 0 0 0 1 0 0 2 0 0 1 0 0 0 0 2 0 0 0 0 0 1 1 1 0 0 0 1 1 1 0 1 0 1 0 0 1 0
geno chr6.33069405 gbr  1 0 0 0 1 2 0 0 0 0 1 1 1 1 1 1 1 0 0 1 0 0 0 0 0 0 1 0 1 1 1 0 1 0 0 2 0 0 0 1 0 1 0 2 1 0 0 0 1 0 1 1 1 1 1 0 1 1 1 1 1 0 0 1 2 1 1 1 0 1 1 0 0 0 0 1 0 1 1 0 0 1 0 0
geno chr6.33069405 tsi  1 0 0 1 0 0 0 0 0 0 0 0 0 0 0 1 1 1 0 1 0 0 1 1 1 2 0 0 0 1 1 0 1 1 1 1 0 1 0 1 1 0 1 1 1 0 1 0 2 0 1 0 2 0 1 0 0 0 0 0 0 2 1 1 0 1 1 1 1 0 1 0 0 1 0 0 0 0 0 0 0 0 0 1 1 2 0 1 1 0 1 0
geno chr6.33069405 yri  1 0 0 0 0 0 0 0 0 0 0 0 0 0 0 0 0 0 0 0 0 0 0 0 0 1 0 0 0 0 1 0 0 1 0 0 0 0 0 0 0 0 0 0 0 0 0 0 0 0 1 0 0 0 0 0 0 0 0 0 0 0 1 0 0 0 0 0 0 0 0 0 0 0 0 0 0
geno chr6.33069567 ceu  1 0 0 0 1 0 1 0 1 0 0 1 0 1 0 0 0 0 0 0 0 0 0 0 0 1 0 0 1 0 0 0 1 0 0 0 0 0 1 0 0 0 0 0 0 0 0 0 0 0 0 0 1 2 0 1 0 0 0 0 0 1 0 0 1 0 0 0 0 0 1 0 0 0 0 0 0 1
geno chr6.33069567 fin  1 1 0 2 0 1 1 0 0 0 1 0 0 0 0 0 1 0 2 0 0 1 0 0 1 0 1 0 1 0 0 0 1 1 0 1 0 1 0 0 0 0 0 1 1 0 0 0 1 0 0 1 1 0 1 1 1 0 0 0 1 0 1 0 0 1 0 0 1 0 0 2 0 0 1 1 0 0 0 0 0 1 0 0 0 0 1 1 0
geno chr6.33069567 gbr  0 0 0 0 0 0 0 0 0 0 0 0 0 0 0 0 0 0 0 0 0 0 0 0 0 0 0 2 0 0 0 0 0 0 0 0 0 0 0 0 1 0 0 0 1 1 0 1 0 0 0 0 0 0 0 0 1 0 0 0 0 0 0 0 0 1 0 1 1 0 1 0 1 2 1 0 1 0 0 0 0 0 0 1
geno chr6.33069567 tsi  0 1 0 1 0 0 0 1 1 0 0 0 0 0 1 1 0 0 0 0 0 0 0 0 0 0 0 0 0 0 1 0 0 0 0 0 0 0 0 0 0 0 0 0 0 0 0 0 0 0 0 0 0 0 0 1 0 0 1 0 1 0 0 0 0 0 0 1 0 0 0 1 0 1 0 1 0 0 0 1 1 0 0 0 0 0 0 1 1 0 0 0
geno chr6.33069567 yri  0 0 0 0 0 0 0 0 0 0 0 0 0 0 0 0 0 0 0 0 0 0 0 0 0 0 0 0 0 0 0 0 0 0 0 0 0 0 0 0 0 0 0 0 0 0 0 0 0 0 0 0 0 0 0 0 0 0 0 0 0 0 0 0 0 0 0 0 0 0 0 0 0 0 0 0 0
geno chr6.33069813 ceu  1 1 0 0 1 0 1 0 1 0 0 1 0 1 0 0 1 0 0 0 0 0 0 0 0 1 0 0 1 0 0 0 1 0 0 0 0 0 1 0 0 1 0 1 0 0 0 0 0 0 0 0 1 2 0 1 0 0 0 0 0 1 0 0 1 0 0 0 0 0 1 0 0 0 0 0 0 1
geno chr6.33069813 fin  1 1 0 2 0 1 1 0 0 0 1 0 0 0 0 0 1 0 2 0 0 1 0 0 1 0 1 0 1 0 0 0 1 1 0 1 0 1 0 0 0 0 0 1 1 0 0 0 1 0 0 1 1 0 1 1 1 0 0 0 1 0 1 0 0 1 0 0 1 0 0 2 0 0 1 1 0 0 0 0 0 1 0 0 0 0 1 1 0
geno chr6.33069813 gbr  0 0 0 0 0 0 0 0 0 0 0 0 0 0 0 0 0 0 0 0 0 0 0 0 0 0 0 2 0 0 0 0 0 0 0 0 0 0 0 0 1 0 0 0 1 1 0 1 0 0 0 0 0 0 0 0 1 0 0 0 0 0 0 0 0 1 0 1 1 0 1 0 1 2 1 0 1 0 0 0 0 0 0 1
geno chr6.33069813 tsi  0 1 0 1 0 0 1 1 1 0 1 0 0 0 1 1 0 0 0 0 0 0 0 0 0 0 0 0 0 0 1 1 0 0 0 0 0 0 0 0 0 0 1 0 0 0 1 0 0 0 0 0 0 0 0 1 0 0 1 0 1 0 0 0 0 0 0 1 0 0 0 2 0 1 1 1 0 0 0 1 1 0 0 0 1 0 0 1 1 0 0 0
geno chr6.33069813 yri  0 0 0 0 1 0 0 0 0 0 0 0 1 0 0 0 0 0 0 0 0 1 0 0 0 0 1 0 0 0 0 1 0 0 0 0 0 0 0 0 0 0 0 0 0 0 0 0 0 0 0 0 0 0 0 0 0 0 0 0 0 0 0 0 0 1 0 1 1 0 1 0 0 0 0 1 0
geno chr6.33069823 ceu  0 0 0 0 0 0 0 0 0 2 0 0 0 1 0 0 1 0 0 0 1 0 0 0 0 0 0 0 0 0 0 0 0 0 0 0 0 0 0 0 0 0 0 0 0 0 0 0 0 0 0 0 0 0 0 0 0 0 0 0 0 0 0 0 0 0 0 1 0 0 0 1 0 0 0 0 0 0
geno chr6.33069823 fin  0 0 0 0 0 0 0 0 0 0 0 0 0 0 0 0 0 0 0 0 1 0 1 0 0 0 0 1 0 0 1 0 0 0 0 0 0 0 0 0 0 0 0 0 0 0 0 0 0 1 0 0 0 0 0 0 0 1 0 0 0 0 0 0 0 0 0 0 0 0 0 0 0 0 0 0 0 0 0 0 0 0 0 0 0 0 0 0 0
geno chr6.33069823 gbr  0 1 1 0 0 0 0 1 0 1 0 0 0 0 0 0 0 0 0 0 0 0 0 0 0 0 0 0 0 0 0 0 0 0 0 0 1 0 0 0 0 0 0 0 0 0 1 0 0 1 0 0 0 0 0 0 0 0 0 0 0 0 0 0 0 0 0 0 0 0 0 0 0 0 0 0 0 0 1 1 0 0 1 0
geno chr6.33069823 tsi  0 0 0 0 0 0 0 0 0 0 0 0 0 0 0 0 0 0 0 0 0 0 0 0 0 0 0 0 0 0 0 0 0 1 0 1 1 0 0 0 1 1 0 0 0 0 0 0 0 0 0 0 0 0 0 0 0 0 0 0 0 0 0 0 0 0 0 0 0 0 0 0 1 0 0 0 0 0 0 0 0 0 1 0 0 0 0 0 0 0 0 0
geno chr6.33069823 yri  1 1 2 1 1 1 1 2 1 1 2 0 1 2 2 1 1 1 0 2 1 1 2 1 2 1 0 2 1 1 0 1 2 1 1 1 0 1 2 2 2 0 2 0 2 2 1 2 0 1 1 2 1 2 2 1 1 1 1 2 2 2 1 1 1 0 2 0 1 1 1 2 1 1 1 0 2
geno chr6.33069873 ceu  0 0 1 2 1 1 1 0 0 2 1 0 0 1 0 1 1 0 1 1 1 0 1 0 1 0 0 1 0 0 1 0 0 0 0 1 0 0 0 0 0 0 1 0 0 0 0 0 0 1 1 0 1 0 1 0 0 0 1 0 0 0 1 0 1 2 0 2 0 1 0 1 0 0 0 1 0 0
geno chr6.33069873 fin  0 0 0 0 0 0 0 0 0 0 1 1 0 0 0 1 0 0 0 1 1 0 1 0 0 0 0 2 1 1 1 0 1 0 1 0 0 1 0 0 0 0 1 0 1 0 0 0 0 1 0 1 0 0 0 1 0 1 2 0 0 1 0 0 0 0 2 0 0 0 0 0 1 1 1 0 0 0 1 1 1 0 1 0 1 0 0 1 0
geno chr6.33069873 gbr  1 1 1 0 1 2 0 1 0 1 1 1 1 1 1 1 1 0 0 1 0 0 0 0 0 0 1 0 1 1 1 0 1 0 0 2 1 0 0 1 0 1 0 2 1 0 1 0 1 1 1 1 1 1 1 0 1 1 1 1 1 0 0 1 2 1 1 1 0 1 1 0 0 0 0 1 0 1 2 1 0 1 1 0
geno chr6.33069873 tsi  1 0 0 1 0 0 0 0 0 0 0 0 0 0 0 1 1 1 0 1 0 0 1 1 1 2 0 0 0 1 1 0 1 2 1 2 1 1 0 1 2 1 1 1 1 0 1 0 2 0 1 0 2 0 1 0 0 0 0 0 0 2 1 1 0 1 1 1 1 0 1 0 1 1 0 0 0 0 0 0 0 0 1 1 1 2 0 1 1 0 1 0
geno chr6.33069873 yri  2 1 2 1 1 1 1 2 1 1 2 0 1 2 2 1 1 1 0 2 1 1 2 1 2 2 0 2 1 1 1 1 2 2 1 1 0 1 2 2 2 0 2 0 2 2 1 2 0 1 2 2 1 2 2 1 1 1 1 2 2 2 2 1 1 0 2 0 1 1 1 2 1 1 1 0 2
geno chr6.33069893 ceu  0 0 1 2 1 1 1 0 0 2 1 0 0 1 0 1 1 0 1 1 1 0 1 0 1 0 0 1 0 0 1 0 0 0 0 1 0 0 0 0 0 0 1 0 0 0 0 0 0 1 1 0 1 0 1 0 0 0 1 0 0 0 1 0 1 2 0 2 0 1 0 1 0 0 0 1 0 0
geno chr6.33069893 fin  0 0 0 0 0 0 0 0 0 0 1 1 0 0 0 1 0 0 0 1 1 0 1 0 0 0 0 2 1 1 1 0 1 0 1 0 0 1 0 0 0 0 1 0 1 0 0 0 0 1 0 1 0 0 0 1 0 1 2 0 0 1 0 0 0 0 2 0 0 0 0 0 1 1 1 0 0 0 1 1 1 0 1 0 1 0 0 1 0
geno chr6.33069893 gbr  1 1 1 0 1 2 0 1 0 1 1 1 1 1 1 1 1 0 0 1 0 0 0 0 0 0 1 0 1 1 1 0 1 0 0 2 1 0 0 1 0 1 0 2 1 0 1 0 1 1 1 1 1 1 1 0 1 1 1 1 1 0 0 1 2 1 1 1 0 1 1 0 0 0 0 1 0 1 2 1 0 1 1 0
geno chr6.33069893 tsi  1 0 0 1 0 0 0 0 0 0 0 0 0 0 0 1 1 1 0 1 0 0 1 1 1 2 0 0 0 1 1 0 1 2 1 2 1 1 0 1 2 1 1 1 1 0 1 0 2 0 1 0 2 0 1 0 0 0 0 0 0 2 1 1 0 1 1 1 1 0 1 0 1 1 0 0 0 0 0 0 0 0 1 1 1 2 0 1 1 0 1 0
geno chr6.33069893 yri  2 1 2 1 1 1 1 2 1 1 2 0 1 2 2 1 1 1 0 2 1 1 2 1 2 2 0 2 1 1 1 1 2 2 1 1 0 1 2 2 2 0 2 0 2 2 1 2 0 1 2 2 1 2 2 1 1 1 1 2 2 2 2 1 1 0 2 0 1 1 1 2 1 1 1 0 2
geno chr6.33070153 ceu  0 0 0 0 0 0 0 0 0 2 0 0 0 1 0 0 1 0 0 0 1 0 0 0 0 0 0 0 0 0 0 0 0 0 0 0 0 0 0 0 0 0 0 0 0 0 0 0 0 0 0 0 0 0 0 0 0 0 0 0 0 0 0 0 0 0 0 1 0 0 0 1 0 0 0 0 0 0
geno chr6.33070153 fin  0 0 0 0 0 0 0 0 0 0 0 0 0 0 0 0 0 0 0 0 1 0 1 0 0 0 0 1 0 0 1 0 0 0 0 0 0 0 0 0 0 0 0 0 0 0 0 0 0 1 0 0 0 0 0 0 0 1 0 0 0 0 0 0 0 0 0 0 0 0 0 0 0 0 0 0 0 0 0 0 0 0 0 0 0 0 0 0 0
geno chr6.33070153 gbr  0 1 1 0 0 0 0 1 0 1 0 0 0 0 0 0 0 0 0 0 0 0 0 0 0 0 0 0 0 0 0 0 0 0 0 0 1 0 0 0 0 0 0 0 0 0 1 0 0 1 0 0 0 0 0 0 0 0 0 0 0 0 0 0 0 0 0 0 0 0 0 0 0 0 0 0 0 0 1 1 0 0 1 0
geno chr6.33070153 tsi  0 0 0 0 0 0 0 0 0 0 0 0 0 0 0 0 0 0 0 0 0 0 0 0 0 0 0 0 0 0 0 0 0 1 0 1 1 0 0 0 1 1 0 0 0 0 0 0 0 0 0 0 0 0 0 0 0 0 0 0 0 0 0 0 0 0 0 0 0 0 0 0 1 0 0 0 0 0 0 0 0 0 1 0 0 0 0 0 0 0 0 0
geno chr6.33070153 yri  1 1 2 1 1 1 1 2 1 1 2 0 1 2 2 1 1 1 0 2 1 1 2 1 2 1 0 2 1 1 0 1 2 1 1 1 0 1 2 2 2 0 2 0 2 2 1 2 0 1 1 2 1 2 2 1 1 1 1 2 2 2 1 1 1 0 2 0 1 1 1 2 1 1 1 0 2
geno chr6.33070527 ceu  0 0 0 0 0 0 0 0 0 2 0 0 0 1 0 0 1 0 0 0 1 0 0 0 0 0 0 0 0 0 0 0 0 0 0 0 0 0 0 0 0 0 0 0 0 0 0 0 0 0 0 0 0 0 0 0 0 0 0 0 0 0 0 0 0 0 0 1 0 0 0 1 0 0 0 0 0 0
geno chr6.33070527 fin  0 0 0 0 0 0 0 0 0 0 0 0 0 0 0 0 0 0 0 0 1 0 1 0 0 0 0 1 0 0 1 0 0 0 0 0 0 0 0 0 0 0 0 0 0 0 0 0 0 1 0 0 0 0 0 0 0 1 0 0 0 0 0 0 0 0 0 0 0 0 0 0 0 0 0 0 0 0 0 0 0 0 0 0 0 0 0 0 0
geno chr6.33070527 gbr  0 1 1 0 0 0 0 1 0 1 0 0 0 0 0 0 0 0 0 0 0 0 0 0 0 0 0 0 0 0 0 0 0 0 0 0 1 0 0 0 0 0 0 0 0 0 1 0 0 1 0 0 0 0 0 0 0 0 0 0 0 0 0 0 0 0 0 0 0 0 0 0 0 0 0 0 0 0 1 1 0 0 1 0
geno chr6.33070527 tsi  0 0 0 0 0 0 0 0 0 0 0 0 0 0 0 0 0 0 0 0 0 0 0 0 0 0 0 0 0 0 0 0 0 1 0 1 1 0 0 0 1 1 0 0 0 0 0 0 0 0 0 0 0 0 0 0 0 0 0 0 0 0 0 0 0 0 0 0 0 0 0 0 1 0 0 0 0 0 0 0 0 0 1 0 0 0 0 0 0 0 0 0
geno chr6.33070527 yri  1 1 2 1 1 1 1 2 1 1 2 0 1 2 2 1 1 1 0 2 1 1 2 1 2 1 0 2 1 1 0 1 2 1 1 1 0 1 2 2 2 0 2 0 2 2 1 2 0 1 1 2 1 2 2 1 1 1 1 2 2 2 1 1 1 0 2 0 1 1 1 2 1 1 1 0 2
geno chr6.33070664 ceu  0 0 0 0 0 0 0 0 0 2 0 0 0 1 0 0 1 0 0 0 1 0 0 0 0 0 0 0 0 0 0 0 0 0 0 0 0 0 0 0 0 0 0 0 0 0 0 0 0 0 0 0 0 0 0 0 0 0 0 0 0 0 0 0 0 0 0 1 0 0 0 1 0 0 0 0 0 0
geno chr6.33070664 fin  0 0 0 0 0 0 0 0 0 0 0 0 0 0 0 0 0 0 0 0 1 0 1 0 0 0 0 1 0 0 1 0 0 0 0 0 0 0 0 0 0 0 0 0 0 0 0 0 0 1 0 0 0 0 0 0 0 1 0 0 0 0 0 0 0 0 0 0 0 0 0 0 0 0 0 0 0 0 0 0 0 0 0 0 0 0 0 0 0
geno chr6.33070664 gbr  0 1 1 0 0 0 0 1 0 1 0 0 0 0 0 0 0 0 0 0 0 0 0 0 0 0 0 0 0 0 0 0 0 0 0 0 1 0 0 0 0 0 0 0 0 0 1 0 0 1 0 0 0 0 0 0 0 0 0 0 0 0 0 0 0 0 0 0 0 0 0 0 0 0 0 0 0 0 1 1 0 0 1 0
geno chr6.33070664 tsi  0 0 0 0 0 0 0 0 0 0 0 0 0 0 0 0 0 0 0 0 0 0 0 0 0 0 0 0 0 0 0 0 0 1 0 1 1 0 0 0 1 1 0 0 0 0 0 0 0 0 0 0 0 0 0 0 0 0 0 0 0 0 0 0 0 0 0 0 0 0 0 0 1 0 0 0 0 0 0 0 0 0 1 0 0 0 0 0 0 0 0 0
geno chr6.33070664 yri  1 1 2 1 1 1 1 2 1 1 2 0 1 2 2 1 1 1 0 2 1 1 2 1 2 1 0 2 1 1 0 1 2 1 1 1 0 1 2 2 2 0 2 0 2 2 1 2 0 1 1 2 1 2 2 1 1 1 1 2 2 2 1 1 1 0 2 0 1 1 1 2 1 1 1 0 2
geno chr6.33070730 ceu  0 0 1 2 1 1 1 0 0 0 1 0 0 0 0 1 0 0 1 0 0 0 1 0 0 0 0 1 0 0 1 0 0 0 0 1 0 0 0 0 0 0 1 0 0 0 0 0 0 1 0 0 1 0 1 0 0 0 1 0 0 0 0 0 0 1 0 0 0 1 0 0 0 0 0 1 0 0
geno chr6.33070730 fin  0 0 0 0 0 0 0 0 0 0 1 1 0 0 0 1 0 0 0 1 0 0 0 0 0 0 0 1 1 1 0 0 1 0 0 0 0 1 0 0 0 0 1 0 1 0 0 0 0 0 0 0 0 0 0 1 0 0 1 0 0 0 0 0 0 0 1 0 0 0 0 0 0 1 1 0 0 0 1 1 1 0 1 0 1 0 0 1 0
geno chr6.33070730 gbr  1 0 0 0 1 2 0 0 0 0 0 1 1 1 0 1 1 0 0 1 0 0 0 0 0 0 1 0 1 1 1 0 1 0 0 2 0 0 0 0 0 1 0 2 1 0 0 0 1 0 1 1 1 1 0 0 1 1 1 1 1 0 0 1 2 1 0 1 0 1 1 0 0 0 0 1 0 1 0 0 0 1 0 0
geno chr6.33070730 tsi  1 0 0 1 0 0 0 0 0 0 0 0 0 0 0 1 1 1 0 1 0 0 0 1 1 2 0 0 0 1 0 0 1 1 0 1 0 1 0 1 1 0 1 1 1 0 1 0 2 0 1 0 2 0 1 0 0 0 0 0 0 2 1 0 0 1 1 1 1 0 1 0 0 0 0 0 0 0 0 0 0 0 0 1 1 2 0 1 1 0 0 0
geno chr6.33070730 yri  0 0 0 0 0 0 0 0 0 0 0 0 0 0 0 0 0 0 0 0 0 0 0 0 0 0 0 0 0 0 0 0 0 1 0 0 0 0 0 0 0 0 0 0 0 0 0 0 0 0 0 0 0 0 0 0 0 0 0 0 0 0 0 0 0 0 0 0 0 0 0 0 0 0 0 0 0
geno chr6.33070749 ceu  0 0 1 2 1 1 1 0 0 2 1 0 0 1 0 1 1 0 1 1 1 0 1 0 0 0 0 1 0 0 1 0 0 0 0 1 0 0 0 0 0 0 1 0 0 0 0 0 0 1 1 0 1 0 1 0 0 0 1 0 0 0 1 0 1 2 0 1 0 1 0 1 0 0 0 1 0 0
geno chr6.33070749 fin  0 0 0 0 0 0 0 0 0 0 1 1 0 0 0 1 0 0 0 1 1 0 1 0 0 0 0 2 1 1 1 0 1 0 1 0 0 1 0 0 0 0 1 0 1 0 0 0 0 1 0 1 0 0 0 1 0 1 2 0 0 1 0 0 0 0 2 0 0 0 0 0 0 1 1 0 0 0 1 1 1 0 1 0 1 0 0 1 0
geno chr6.33070749 gbr  1 1 1 0 1 2 0 1 0 1 1 1 1 1 1 1 1 0 0 1 0 0 0 0 0 0 1 0 1 1 1 0 1 0 0 2 1 0 0 1 0 1 0 2 1 0 1 0 1 1 1 1 1 1 0 0 1 1 1 1 1 0 0 1 2 1 1 1 0 1 1 0 0 0 0 1 0 1 2 1 0 1 1 0
geno chr6.33070749 tsi  1 0 0 1 0 0 0 0 0 0 0 0 0 0 0 1 1 1 0 1 0 0 1 1 1 2 0 0 0 1 0 0 1 2 1 2 1 1 0 1 2 1 1 1 1 0 1 0 2 0 1 0 2 0 1 0 0 0 0 0 0 2 1 1 0 1 1 1 1 0 1 0 1 1 0 0 0 0 0 0 0 0 1 1 1 2 0 1 1 0 1 0
geno chr6.33070749 yri  1 1 2 1 1 1 1 2 1 1 2 0 1 2 2 1 1 1 0 2 1 1 2 1 2 1 0 2 1 1 0 1 2 2 1 1 0 1 2 2 2 0 2 0 2 2 1 2 0 1 1 2 1 2 2 1 1 1 1 2 2 2 1 1 1 0 2 0 1 1 1 2 1 1 1 0 2
geno chr6.33070817 ceu  0 0 1 2 1 1 1 0 0 2 1 0 0 1 0 1 1 0 1 1 1 0 1 0 0 0 0 1 0 0 1 0 0 0 0 1 0 0 0 0 0 0 1 0 0 0 0 0 0 1 1 0 1 0 1 0 0 0 1 0 0 0 1 0 1 2 0 1 0 1 0 1 0 0 0 1 0 0
geno chr6.33070817 fin  0 0 0 0 0 0 0 0 0 0 1 1 0 0 0 1 0 0 0 1 1 0 1 0 0 0 0 2 1 1 1 0 1 0 1 0 0 1 0 0 0 0 1 0 1 0 0 0 0 1 0 1 0 0 0 1 0 1 2 0 0 1 0 0 0 0 2 0 0 0 0 0 0 1 1 0 0 0 1 1 1 0 1 0 1 0 0 1 0
geno chr6.33070817 gbr  1 1 1 0 1 2 0 1 0 1 1 1 1 1 1 1 1 0 0 1 0 0 0 0 0 0 1 0 1 1 1 0 1 0 0 2 1 0 0 1 0 1 0 2 1 0 1 0 1 1 1 1 1 1 0 0 1 1 1 1 1 0 0 1 2 1 1 1 0 1 1 0 0 0 0 1 0 1 2 1 0 1 1 0
geno chr6.33070817 tsi  1 0 0 1 0 0 0 0 0 0 0 0 0 0 0 1 1 1 0 1 0 0 1 1 1 2 0 0 0 1 0 0 1 2 1 2 1 1 0 1 2 1 1 1 1 0 1 0 2 0 1 0 2 0 1 0 0 0 0 0 0 2 1 1 0 1 1 1 1 0 1 0 1 1 0 0 0 0 0 0 0 0 1 1 1 2 0 1 1 0 1 0
geno chr6.33070817 yri  1 1 2 1 1 1 1 2 1 1 2 0 1 2 2 1 1 1 0 2 1 1 2 1 2 1 0 2 1 1 0 1 2 2 1 1 0 1 2 2 2 0 2 0 2 2 1 2 0 1 1 2 1 2 2 1 1 1 1 2 2 2 1 1 1 0 2 0 1 1 1 2 1 1 1 0 2
geno chr6.33070822 ceu  0 0 1 2 1 1 1 0 0 0 1 0 0 0 0 1 0 0 1 0 0 0 1 0 0 0 0 1 0 0 1 0 0 0 0 1 0 0 0 0 0 0 1 0 0 0 0 0 0 1 0 0 1 0 1 0 0 0 1 0 0 0 0 0 0 1 0 0 0 1 0 0 0 0 0 1 0 0
geno chr6.33070822 fin  0 0 0 0 0 0 0 0 0 0 1 1 0 0 0 1 0 0 0 1 0 0 0 0 0 0 0 1 1 1 0 0 1 0 0 0 0 1 0 0 0 0 1 0 1 0 0 0 0 0 0 0 0 0 0 1 0 0 1 0 0 0 0 0 0 0 1 0 0 0 0 0 0 1 1 0 0 0 1 1 1 0 1 0 1 0 0 1 0
geno chr6.33070822 gbr  1 0 0 0 1 2 0 0 0 0 0 1 1 1 0 1 1 0 0 1 0 0 0 0 0 0 1 0 1 1 1 0 1 0 0 2 0 0 0 0 0 1 0 2 1 0 0 0 1 0 1 1 1 1 0 0 1 1 1 1 1 0 0 1 2 1 0 1 0 1 1 0 0 0 0 1 0 1 0 0 0 1 0 0
geno chr6.33070822 tsi  1 0 0 1 0 0 0 0 0 0 0 0 0 0 0 1 1 1 0 1 0 0 0 1 1 2 0 0 0 1 0 0 1 1 0 1 0 1 0 1 1 0 1 1 1 0 1 0 2 0 1 0 2 0 1 0 0 0 0 0 0 2 1 0 0 1 1 1 1 0 1 0 0 0 0 0 0 0 0 0 0 0 0 1 1 2 0 1 1 0 0 0
geno chr6.33070822 yri  0 0 0 0 0 0 0 0 0 0 0 0 0 0 0 0 0 0 0 0 0 0 0 0 0 0 0 0 0 0 0 0 0 1 0 0 0 0 0 0 0 0 0 0 0 0 0 0 0 0 0 0 0 0 0 0 0 0 0 0 0 0 0 0 0 0 0 0 0 0 0 0 0 0 0 0 0
geno chr6.33070907 ceu  0 0 1 2 1 1 1 0 0 0 1 0 0 0 0 1 0 0 1 0 0 0 1 0 0 0 0 1 0 0 1 0 0 0 0 1 0 0 0 0 0 0 1 0 0 0 0 0 0 1 0 0 1 0 1 0 0 0 1 0 0 0 0 0 0 1 0 0 0 1 0 0 0 0 0 1 0 0
geno chr6.33070907 fin  0 0 0 0 0 0 0 0 0 0 1 1 0 0 0 1 0 0 0 1 0 0 0 0 0 0 0 1 1 1 0 0 1 0 0 0 0 1 0 0 0 0 1 0 1 0 0 0 0 0 0 0 0 0 0 1 0 0 1 0 0 0 0 0 0 0 1 0 0 0 0 0 0 1 0 0 0 0 1 1 1 0 1 0 1 0 0 1 0
geno chr6.33070907 gbr  1 0 0 0 1 2 0 0 0 0 0 1 1 1 0 1 1 0 0 1 0 0 0 0 0 0 1 0 1 1 1 0 1 0 0 2 0 0 0 0 0 1 0 2 1 0 0 0 1 0 1 1 1 1 0 0 1 1 1 1 1 0 0 1 2 1 0 1 0 1 1 0 0 0 0 1 0 1 0 0 0 1 0 0
geno chr6.33070907 tsi  1 0 0 1 0 0 0 0 0 0 0 0 0 0 0 1 1 1 0 1 0 0 0 1 1 2 0 0 0 1 0 0 1 1 0 1 0 1 0 1 1 0 1 1 1 0 1 0 2 0 1 0 2 0 1 0 0 0 0 0 0 2 1 0 0 1 1 1 1 0 1 0 0 0 0 0 0 0 0 0 0 0 0 1 1 2 0 1 1 0 0 0
geno chr6.33070907 yri  0 0 0 0 0 0 0 0 0 0 0 0 0 0 0 0 0 0 0 0 0 0 0 0 0 0 0 0 0 0 0 0 0 1 0 0 0 0 0 0 0 0 0 0 0 0 0 0 0 0 0 0 0 0 0 0 0 0 0 0 0 0 0 0 0 0 0 0 0 0 0 0 0 0 0 0 0
geno chr6.33070932 ceu  0 0 1 2 1 1 1 0 0 0 0 0 0 0 0 1 0 0 1 1 0 0 1 0 0 0 0 1 0 0 1 0 0 0 0 1 0 0 0 0 0 0 1 0 0 0 0 0 0 1 1 0 1 0 1 0 0 0 1 0 0 0 0 0 1 1 0 0 0 1 0 0 0 0 0 1 0 0
geno chr6.33070932 fin  0 0 0 0 0 0 0 0 0 0 1 1 0 0 0 1 0 0 0 1 0 0 0 0 0 0 0 1 1 1 0 0 1 0 0 0 0 1 0 0 0 0 1 0 1 0 0 0 0 0 0 1 0 0 0 1 0 0 2 0 0 1 0 0 0 0 2 0 0 0 0 0 0 1 0 0 0 0 1 1 1 0 1 0 1 0 0 1 0
geno chr6.33070932 gbr  1 0 0 0 1 2 0 0 0 0 0 1 1 1 1 1 1 0 0 1 0 0 0 0 0 0 1 0 1 1 1 0 1 0 0 2 0 1 0 0 0 1 0 2 1 0 0 0 1 0 1 1 1 1 0 0 1 1 1 1 1 0 0 1 2 1 1 1 0 1 1 0 0 0 0 1 0 1 1 0 0 1 0 0
geno chr6.33070932 tsi  1 0 1 1 0 0 0 0 0 0 0 1 0 0 0 1 1 1 0 1 0 0 1 1 1 2 0 0 0 1 0 0 1 1 0 1 0 1 0 1 1 0 1 1 1 0 1 0 2 0 1 0 2 0 1 0 0 0 0 0 0 2 1 1 0 1 1 1 1 0 1 0 0 1 0 0 0 0 0 0 0 0 0 1 1 2 0 1 1 0 1 0
geno chr6.33070932 yri  0 0 0 0 0 0 0 0 0 0 0 0 0 0 0 0 0 0 0 0 0 0 0 0 0 0 0 0 0 0 0 0 0 1 0 0 0 0 0 0 0 0 0 0 0 0 0 0 0 0 0 0 0 0 0 0 0 0 0 0 0 0 0 0 0 0 0 0 0 0 0 0 0 0 0 0 0
geno chr6.33070949 ceu  0 0 0 0 1 0 0 0 0 0 0 0 0 0 0 0 0 0 0 0 0 0 0 0 0 0 0 0 0 0 0 0 0 0 0 0 0 0 0 0 1 0 0 0 1 1 0 0 0 0 0 0 1 0 0 0 2 1 0 0 0 0 1 0 0 0 0 0 0 0 0 0 0 0 0 0 0 0
geno chr6.33070949 fin  0 0 0 0 0 0 0 0 0 0 1 0 0 0 0 0 0 0 0 0 0 0 0 0 0 0 0 0 0 0 0 0 0 0 0 0 0 0 0 0 0 0 0 0 0 0 1 0 0 0 0 0 0 0 0 0 0 0 0 0 0 0 0 0 0 0 0 0 0 0 0 0 0 0 0 0 0 0 0 0 0 0 0 0 0 0 0 0 0
geno chr6.33070949 gbr  0 0 0 0 0 0 0 0 0 0 0 1 0 1 0 0 0 0 0 0 1 1 0 0 1 0 0 0 1 0 1 0 0 0 1 0 0 0 0 0 0 0 1 0 0 0 0 0 0 0 0 0 0 0 0 1 0 0 0 0 0 0 0 0 0 0 0 0 0 0 0 1 0 0 0 0 0 0 0 0 0 0 0 0
geno chr6.33070949 tsi  1 0 0 0 0 0 0 1 0 1 0 0 0 1 0 0 0 0 0 1 0 0 0 0 0 0 0 0 0 0 0 0 0 1 0 0 0 0 0 1 0 0 1 0 0 0 0 1 0 1 0 0 0 0 1 0 0 0 0 0 0 1 0 0 1 1 1 1 0 0 1 0 1 0 0 0 0 0 0 0 0 0 0 0 0 0 0 0 1 0 0 0
geno chr6.33070949 yri  0 0 0 0 0 0 0 0 1 0 0 1 0 0 0 0 0 1 0 0 0 0 0 0 0 0 0 0 0 0 0 0 0 1 1 1 1 0 0 0 0 0 0 0 0 0 0 0 0 0 0 0 0 0 0 0 0 0 0 0 0 0 0 0 0 0 0 0 0 1 0 0 0 0 0 0 0
geno chr6.33071022 ceu  0 0 1 2 0 1 1 0 0 0 1 0 0 0 0 1 0 0 1 0 0 0 1 0 0 0 0 0 0 0 1 0 0 0 0 0 0 1 0 0 0 0 1 0 0 0 0 0 0 0 0 0 0 0 1 0 0 0 1 0 0 0 0 0 0 1 0 1 0 1 0 0 0 0 1 1 0 0
geno chr6.33071022 fin  0 0 0 0 0 0 0 0 0 0 1 1 0 0 0 0 0 0 0 0 0 0 0 0 0 0 0 1 1 0 0 0 1 0 0 0 0 1 0 0 0 0 1 0 1 0 0 1 0 0 0 1 1 0 0 1 0 0 0 0 0 1 0 0 0 0 0 0 0 0 0 0 0 1 0 0 0 0 1 1 1 0 1 0 1 0 0 0 0
geno chr6.33071022 gbr  0 0 0 1 0 2 0 0 0 0 0 1 1 0 0 0 1 0 0 1 0 0 0 0 0 0 0 0 0 0 1 0 0 0 0 2 0 0 0 0 0 0 0 2 1 0 0 0 1 0 1 1 1 0 1 0 0 1 1 1 1 0 0 1 2 1 0 0 0 1 1 0 0 0 0 1 0 1 0 0 0 1 0 0
geno chr6.33071022 tsi  0 0 0 1 0 1 0 0 0 0 0 0 0 0 0 0 0 0 0 1 0 0 0 1 0 2 0 0 0 0 0 0 0 0 0 0 0 1 0 0 1 0 0 0 0 0 0 0 2 0 1 0 1 0 1 1 0 0 0 0 0 1 0 0 1 0 1 1 0 0 1 0 0 0 0 0 0 0 0 0 0 0 0 0 1 1 0 0 1 0 0 0
geno chr6.33071022 yri  0 0 0 0 0 0 0 0 0 0 0 0 0 0 0 0 0 0 0 0 1 0 0 0 0 0 0 0 1 0 0 0 0 0 0 0 0 0 1 0 0 0 0 0 0 1 0 0 0 0 0 0 0 0 0 0 0 0 0 0 0 0 0 0 0 0 0 0 0 0 0 0 0 0 0 0 0
geno chr6.33071043 ceu  0 0 1 2 1 1 1 0 0 0 0 0 0 0 0 1 0 0 1 0 0 0 1 0 0 0 0 0 0 0 1 0 0 0 0 0 0 0 0 1 0 0 1 0 0 0 0 0 0 0 0 0 1 0 1 0 0 0 1 0 0 0 0 0 0 1 0 0 0 1 0 0 0 0 0 1 0 0
geno chr6.33071043 fin  0 0 0 0 0 0 0 0 0 0 1 1 0 0 0 0 0 0 0 0 0 1 0 0 0 0 0 1 1 0 0 0 1 0 0 0 0 1 0 0 0 0 1 0 1 0 0 0 0 0 0 0 0 0 0 1 0 0 0 0 0 0 0 0 0 0 0 0 0 0 0 0 0 1 0 0 0 0 1 1 1 0 0 0 1 0 0 0 0
geno chr6.33071043 gbr  0 0 0 0 0 2 0 0 0 0 0 1 1 0 0 0 1 1 0 1 0 0 0 0 0 0 0 0 1 0 1 0 0 0 0 2 0 0 0 0 0 0 0 2 1 0 1 0 1 0 1 1 1 0 1 0 0 1 0 1 0 0 0 0 2 1 1 0 0 1 1 0 0 0 0 1 0 1 0 0 0 0 0 0
geno chr6.33071043 tsi  1 0 0 1 0 0 0 0 0 0 0 0 0 0 0 0 0 1 0 1 0 0 0 1 0 2 0 0 0 0 0 0 0 0 0 0 0 1 1 1 1 0 0 1 0 0 1 0 2 0 1 0 2 0 1 0 0 0 0 0 0 2 0 0 0 0 1 1 0 0 1 0 0 0 0 0 0 0 0 0 0 0 0 0 1 2 0 0 1 0 0 0
geno chr6.33071043 yri  0 0 0 0 0 0 0 0 0 0 0 0 0 0 0 0 0 0 0 0 0 0 0 0 0 0 0 0 0 0 0 0 0 0 0 0 0 0 0 0 0 0 0 0 0 0 0 0 0 0 0 0 0 0 0 0 0 0 0 0 0 0 0 0 0 0 0 0 0 0 0 0 0 0 0 0 0
geno chr6.33071045 ceu  0 0 1 2 1 1 1 0 0 0 0 0 0 0 0 1 0 0 1 0 0 0 1 0 0 0 0 0 0 0 1 0 0 0 0 0 0 0 0 1 0 0 1 0 0 0 0 0 0 0 0 0 1 0 1 0 0 0 1 0 0 0 0 0 0 1 0 0 0 1 0 0 0 0 0 1 0 0
geno chr6.33071045 fin  0 0 0 0 0 0 0 0 0 0 1 1 0 0 0 0 0 0 0 0 0 1 0 0 0 0 0 1 1 0 0 0 1 0 0 0 0 1 0 0 0 0 1 0 1 0 0 0 0 0 0 0 0 0 0 1 0 0 0 0 0 0 0 0 0 0 0 0 0 0 0 0 0 1 0 0 0 0 1 1 1 0 0 0 1 0 0 0 0
geno chr6.33071045 gbr  0 0 0 0 0 2 0 0 0 0 0 1 1 0 0 0 1 1 0 1 0 0 0 0 0 0 0 0 1 0 1 0 0 0 0 2 0 0 0 0 0 0 0 2 1 0 1 0 1 0 1 1 1 0 1 0 0 1 0 1 0 0 0 0 2 1 1 0 0 1 1 0 0 0 0 1 0 1 0 0 0 0 0 0
geno chr6.33071045 tsi  1 0 0 1 0 0 0 0 0 0 0 0 0 0 0 0 0 1 0 0 0 0 0 1 0 2 1 0 0 0 0 0 0 0 0 0 0 1 1 1 1 0 0 1 0 0 1 0 2 0 1 0 2 0 1 0 0 0 0 0 0 2 0 0 0 0 1 1 0 0 1 0 0 0 0 0 0 0 0 0 0 0 0 0 1 2 0 0 1 0 0 0
geno chr6.33071045 yri  0 0 0 0 0 0 0 0 0 0 0 0 0 0 0 0 0 0 0 0 0 0 0 0 0 0 0 0 0 0 0 0 0 1 0 0 0 0 0 0 0 0 0 0 0 0 0 0 0 0 0 0 0 0 0 0 0 0 0 0 0 0 0 0 0 0 0 0 0 0 0 0 0 0 0 0 0
geno chr6.33071051 ceu  0 0 1 2 1 1 1 0 0 0 0 0 0 0 0 1 0 0 1 0 0 0 1 0 0 0 0 0 0 0 1 0 0 0 0 0 0 0 0 0 0 0 1 0 0 0 0 0 0 0 0 0 1 0 1 0 0 0 1 0 0 0 0 0 0 1 0 0 0 1 0 0 0 0 0 1 0 0
geno chr6.33071051 fin  0 0 0 0 0 0 0 0 0 0 1 1 0 0 0 0 0 0 0 0 0 0 0 0 0 0 0 1 1 0 0 0 1 0 0 0 0 1 0 0 0 0 1 0 1 0 0 0 0 0 0 0 0 0 0 1 0 0 0 0 0 0 0 0 0 0 0 0 0 0 0 0 0 1 0 0 0 0 1 1 1 0 0 0 0 0 0 0 0
geno chr6.33071051 gbr  0 0 0 0 0 2 0 0 0 0 0 1 1 0 0 0 1 0 0 1 0 0 0 0 0 0 0 0 1 0 1 0 0 0 0 2 0 0 0 0 0 0 0 2 1 0 0 0 1 0 1 1 1 0 0 0 0 1 0 1 0 0 0 0 2 1 0 0 0 1 1 0 0 0 0 1 0 1 0 0 0 0 0 0
geno chr6.33071051 tsi  1 0 0 1 0 0 0 0 0 0 1 0 0 0 0 0 0 1 0 0 0 0 0 1 0 2 0 0 0 0 0 0 0 0 0 0 0 1 0 1 1 0 0 1 0 0 0 0 2 0 1 0 2 0 1 0 0 0 0 0 0 2 0 0 0 0 1 1 0 0 1 0 0 0 0 0 0 0 0 0 0 0 0 0 1 2 0 0 1 0 0 0
geno chr6.33071051 yri  0 0 0 0 0 0 0 0 0 0 0 0 0 0 0 0 0 0 0 0 0 0 0 0 0 0 0 0 0 0 0 0 0 1 0 0 0 0 0 0 0 0 0 0 0 0 0 0 0 0 0 0 0 0 0 0 0 0 0 0 0 0 0 0 0 0 0 0 0 0 0 0 0 0 0 0 0
geno chr6.33071134 ceu  0 0 1 2 1 1 1 0 0 2 1 0 0 1 0 1 1 0 1 0 1 0 1 0 0 0 0 1 0 0 1 0 0 0 0 1 0 0 0 0 0 0 1 0 0 0 0 0 0 1 0 0 1 0 1 0 0 0 1 0 0 0 0 0 0 1 0 1 0 1 0 1 0 0 0 1 0 0
geno chr6.33071134 fin  0 0 0 0 0 0 0 0 0 0 1 1 0 0 0 1 0 0 0 1 1 0 1 0 0 0 0 2 1 1 1 0 1 0 0 0 0 1 0 0 0 0 1 0 1 0 0 0 0 1 0 0 0 0 0 1 0 1 1 0 0 0 0 0 0 0 1 0 0 0 0 0 0 1 1 0 0 0 1 1 1 0 1 0 1 0 0 1 0
geno chr6.33071134 gbr  1 1 1 0 1 2 0 1 0 1 0 1 1 1 0 1 1 0 0 1 0 0 0 0 0 0 1 0 1 1 1 0 1 0 0 2 1 0 0 0 0 1 0 2 1 0 1 0 1 1 1 1 1 1 0 0 1 1 1 1 1 0 0 1 2 1 0 1 0 1 1 0 0 0 0 1 0 1 1 1 0 1 1 0
geno chr6.33071134 tsi  1 0 0 1 0 0 0 0 0 0 0 0 0 0 0 1 1 1 0 1 0 0 0 1 1 2 0 0 0 1 0 0 1 2 0 2 1 1 0 1 2 1 1 1 1 0 1 0 2 0 1 0 2 0 1 0 0 0 0 0 0 2 1 0 0 1 1 1 1 0 1 0 1 0 0 0 0 0 0 0 0 0 1 1 1 2 0 1 1 0 0 0
geno chr6.33071134 yri  1 1 2 1 1 1 1 2 1 1 2 0 1 2 2 1 1 1 0 2 1 1 2 1 2 1 0 2 1 1 0 1 2 2 1 1 0 1 2 2 2 0 2 0 2 2 1 2 0 1 1 2 1 2 2 1 1 1 1 2 2 2 1 1 1 0 2 0 1 1 1 2 1 1 1 0 2
geno chr6.33071229 ceu  0 0 0 0 0 0 0 0 0 0 0 0 0 0 0 0 0 0 0 0 0 0 0 0 0 0 0 0 0 0 0 0 0 0 0 0 0 0 0 0 1 0 0 0 1 1 0 0 0 0 0 0 0 0 0 0 2 1 0 0 0 0 1 0 0 0 0 0 0 0 0 0 0 0 0 0 0 0
geno chr6.33071229 fin  0 0 0 0 0 0 0 0 0 0 0 0 0 0 0 0 0 0 0 0 0 0 0 0 0 0 0 0 0 0 0 0 0 0 0 0 0 0 0 0 0 0 0 0 0 0 1 0 0 0 0 0 0 0 0 0 0 0 0 0 0 0 0 0 0 0 0 0 0 0 0 0 0 0 0 0 0 0 0 0 0 0 0 0 0 0 0 0 0
geno chr6.33071229 gbr  0 0 0 0 0 0 0 0 0 0 0 0 0 1 0 0 0 0 0 0 1 1 0 0 1 0 0 0 1 0 0 0 0 0 1 0 0 0 0 0 0 0 1 0 0 0 0 0 0 0 0 0 0 0 0 1 0 0 0 0 0 0 0 0 0 0 0 0 0 0 0 1 0 0 0 0 0 0 0 0 0 0 0 0
geno chr6.33071229 tsi  0 0 0 0 0 0 0 1 0 1 0 0 0 1 0 0 0 0 0 0 0 0 0 0 0 0 0 0 0 0 0 0 0 0 0 0 0 0 0 0 0 0 0 0 0 0 0 1 0 1 0 0 0 0 0 0 0 0 0 0 0 0 0 0 1 0 0 0 0 0 0 0 1 0 0 0 0 0 0 0 0 0 0 0 0 0 0 0 0 0 0 0
geno chr6.33071229 yri  0 0 0 0 0 0 0 0 1 0 0 1 0 0 0 0 0 1 0 0 0 0 0 0 0 0 0 0 0 0 0 0 0 0 1 1 1 0 0 0 0 0 0 0 0 0 0 0 0 0 0 0 0 0 0 0 0 0 0 0 0 0 0 0 0 0 0 0 0 1 0 0 0 0 0 0 0
geno chr6.33071322 ceu  0 0 1 2 1 1 1 0 0 2 1 0 0 1 0 1 1 0 1 1 1 0 1 0 1 0 0 1 0 0 1 0 0 0 0 1 0 0 0 0 0 0 1 0 0 0 0 0 0 1 1 0 1 0 1 0 0 0 1 0 0 0 1 0 1 2 0 2 0 1 0 1 0 0 0 1 0 0
geno chr6.33071322 fin  0 0 0 0 0 0 0 0 0 0 1 1 0 0 0 1 0 0 0 1 1 0 1 0 0 0 0 2 1 1 1 0 1 0 1 0 0 1 0 0 0 0 1 0 1 0 0 0 0 1 0 1 0 0 0 1 0 1 2 0 0 1 0 0 0 0 2 0 0 0 0 0 1 1 1 0 0 0 1 1 1 0 1 0 1 0 0 1 0
geno chr6.33071322 gbr  1 1 1 0 1 2 0 1 0 1 1 1 1 1 1 1 1 0 0 1 0 0 0 0 0 0 1 0 1 1 1 0 1 0 0 2 1 0 0 1 0 1 0 2 1 0 1 0 1 1 1 1 1 1 1 0 1 1 1 1 1 0 0 1 2 1 1 1 0 1 1 0 0 0 0 1 0 1 2 1 0 1 1 0
geno chr6.33071322 tsi  1 0 0 1 0 0 0 0 0 0 0 0 0 0 0 1 1 1 0 1 0 0 1 1 1 2 0 0 0 1 1 0 1 2 1 2 1 1 0 1 2 1 1 1 1 0 1 0 2 0 1 0 2 0 1 0 0 0 0 0 0 2 1 1 0 1 1 1 1 0 1 0 1 1 0 0 0 0 0 0 0 0 1 1 1 2 0 1 1 0 1 0
geno chr6.33071322 yri  1 1 2 1 1 1 1 2 1 1 2 0 1 2 2 1 1 1 0 2 1 1 2 1 2 1 0 2 1 1 0 1 2 2 1 1 0 1 2 2 2 0 2 0 2 2 1 2 0 1 1 2 1 2 2 1 1 1 1 2 2 2 1 1 1 0 2 0 1 1 1 2 1 1 1 0 2
geno chr6.33071335 ceu  0 0 1 2 1 1 1 0 0 2 1 0 0 1 0 1 1 0 1 0 1 0 1 0 0 0 0 1 0 0 1 0 0 0 0 1 0 0 0 0 0 0 1 0 0 0 0 0 0 1 0 0 1 0 1 0 0 0 1 0 0 0 0 0 0 1 0 1 0 1 0 1 0 0 0 1 0 0
geno chr6.33071335 fin  0 0 0 0 0 0 0 0 0 0 1 1 0 0 0 1 0 0 0 1 1 0 1 0 0 0 0 2 1 1 1 0 1 0 0 0 0 1 0 0 0 0 1 0 1 0 0 0 0 1 0 0 0 0 0 1 0 1 1 0 0 0 0 0 0 0 1 0 0 0 0 0 0 1 1 0 0 0 1 1 1 0 1 0 1 0 0 1 0
geno chr6.33071335 gbr  1 1 1 0 1 2 0 1 0 1 0 1 1 1 0 1 1 0 0 1 0 0 0 0 0 0 1 0 1 1 1 0 1 0 0 2 1 0 0 0 0 1 0 2 1 0 1 0 1 1 1 1 1 1 0 0 1 1 1 1 1 0 0 1 2 1 0 1 0 1 1 0 0 0 0 1 0 1 1 1 0 1 1 0
geno chr6.33071335 tsi  1 0 0 1 0 0 0 0 0 0 0 0 0 0 0 1 1 1 0 1 0 0 0 1 1 2 0 0 0 1 0 0 1 2 0 2 1 1 0 1 2 1 1 1 1 0 1 0 2 0 1 0 2 0 1 0 0 0 0 0 0 2 1 0 0 1 1 1 1 0 1 0 1 0 0 0 0 0 0 0 0 0 1 1 1 2 0 1 1 0 0 0
geno chr6.33071335 yri  1 1 2 1 1 1 1 2 1 1 2 0 1 2 2 1 1 1 0 2 1 1 2 1 2 1 0 2 1 1 0 1 2 2 1 1 0 1 2 2 2 0 2 0 2 2 1 2 0 1 1 2 1 2 2 1 1 1 1 2 2 2 1 1 1 0 2 0 1 1 1 2 1 1 1 0 2
geno chr6.33071424 ceu  1 2 0 0 1 1 1 0 2 0 0 2 0 1 0 0 1 0 1 2 0 0 0 1 2 1 1 0 1 1 0 0 1 0 1 0 1 2 1 1 2 1 0 1 1 2 1 0 2 1 1 1 1 2 0 1 2 1 1 0 1 1 2 0 2 1 0 1 0 1 1 0 0 0 0 1 1 1
geno chr6.33071424 fin  1 1 0 2 0 1 1 0 1 1 1 1 0 1 0 0 1 1 2 0 0 2 0 0 2 0 1 0 1 0 0 1 1 2 1 1 0 1 0 0 0 0 0 1 1 0 1 1 1 1 0 2 1 0 1 1 2 1 1 1 1 2 1 0 1 1 1 0 1 0 1 2 1 1 1 1 0 1 0 0 0 1 0 2 0 0 1 1 1
geno chr6.33071424 gbr  1 0 0 0 0 0 1 0 0 0 2 0 1 1 1 0 0 1 0 0 1 1 0 0 2 1 0 2 1 0 0 0 1 0 1 0 0 0 0 1 1 0 1 0 1 1 1 1 0 1 1 0 0 0 2 1 1 0 0 0 0 0 1 0 0 1 2 1 1 0 1 1 1 2 2 1 2 0 1 0 0 0 1 2
geno chr6.33071424 tsi  0 1 1 1 0 1 1 2 2 1 1 1 0 1 1 1 0 1 0 1 0 0 2 1 1 0 1 0 0 0 2 1 0 0 2 0 0 0 2 0 0 0 1 0 1 1 1 2 0 2 0 1 0 0 0 2 1 0 1 0 2 0 1 1 2 0 1 1 0 0 0 2 1 2 2 1 1 1 0 1 1 0 0 1 1 0 2 1 1 0 2 1
geno chr6.33071424 yri  1 0 0 1 1 0 1 0 1 1 0 2 1 0 0 0 0 1 1 0 1 1 0 1 0 1 1 0 1 1 2 1 0 0 1 1 2 1 0 0 0 2 0 2 0 0 1 0 2 1 1 0 1 0 0 1 1 1 1 0 0 0 1 1 1 1 0 2 0 1 1 0 0 1 1 1 0
geno chr6.33071600 ceu  0 0 1 2 1 1 1 0 0 2 1 0 0 1 0 1 1 0 1 0 1 0 1 0 0 0 0 1 0 0 1 0 0 0 0 1 0 0 0 0 0 0 1 0 0 0 0 0 0 1 0 0 1 0 1 0 0 0 1 0 0 0 0 0 0 1 0 1 0 1 0 1 0 0 0 1 0 0
geno chr6.33071600 fin  0 0 0 0 0 0 0 0 0 0 1 1 0 0 0 1 0 0 0 1 1 0 1 0 0 0 0 2 1 1 1 0 1 0 0 0 0 1 0 0 0 0 1 0 1 0 0 0 0 1 0 0 0 0 0 1 0 1 1 0 0 0 0 0 0 0 1 0 0 0 0 0 0 1 1 0 0 0 1 1 1 0 1 0 1 0 0 1 0
geno chr6.33071600 gbr  1 1 1 0 1 2 0 1 0 1 0 1 1 1 0 1 1 0 0 1 0 0 0 0 0 0 1 0 1 1 1 0 1 0 0 2 1 0 0 0 0 1 0 2 1 0 1 0 1 1 1 1 1 1 0 0 1 1 1 1 1 0 0 1 2 1 0 1 0 1 1 0 0 0 0 1 0 1 1 1 0 1 1 0
geno chr6.33071600 tsi  1 0 0 1 0 0 0 0 0 0 0 0 0 0 0 1 1 1 0 1 0 0 0 1 1 2 0 0 0 1 0 0 1 2 0 2 1 1 0 1 2 1 1 1 1 0 1 0 2 0 1 0 2 0 1 0 0 0 0 0 0 2 1 0 0 1 1 1 1 0 1 0 1 0 0 0 0 0 0 0 0 0 1 1 1 2 0 1 1 0 0 0
geno chr6.33071600 yri  1 1 2 1 1 1 1 2 1 1 2 0 1 2 2 1 1 1 0 2 1 1 2 1 2 1 0 2 1 1 0 1 2 2 1 1 0 1 2 2 2 0 2 0 2 2 1 2 0 1 1 2 1 2 2 1 1 1 1 2 2 2 1 1 1 0 2 0 1 1 1 2 1 1 1 0 2
geno chr6.33071708 ceu  0 0 1 2 1 1 1 0 0 2 1 0 0 1 0 1 1 0 1 0 1 0 1 0 0 0 0 1 0 0 1 0 0 0 0 1 0 0 0 0 0 0 1 0 0 0 0 0 0 1 0 0 1 0 1 0 0 0 1 0 0 0 0 0 0 1 0 1 0 1 0 1 0 0 0 1 0 0
geno chr6.33071708 fin  0 0 0 0 0 0 0 0 0 0 1 1 0 0 0 1 0 0 0 1 1 0 1 0 0 0 0 2 1 1 1 0 1 0 0 0 0 1 0 0 0 0 1 0 1 0 0 0 0 1 0 0 0 0 0 1 0 1 1 0 0 0 0 0 0 0 1 0 0 0 0 0 0 1 1 0 0 0 1 1 1 0 1 0 1 0 0 1 0
geno chr6.33071708 gbr  1 1 1 0 1 2 0 1 0 1 0 1 1 1 0 1 1 0 0 1 0 0 0 0 0 0 1 0 1 1 1 0 1 0 0 2 1 0 0 0 0 1 0 2 1 0 1 0 1 1 1 1 1 1 0 0 1 1 1 1 1 0 0 1 2 1 0 1 0 1 1 0 0 0 0 1 0 1 1 1 0 1 1 0
geno chr6.33071708 tsi  1 0 0 1 0 0 0 0 0 0 0 0 0 0 0 1 1 1 0 1 0 0 0 1 1 2 0 0 0 1 0 0 1 2 0 2 1 1 0 1 2 1 1 1 1 0 1 0 2 0 1 0 2 0 1 0 0 0 0 0 0 2 1 0 0 1 1 1 1 0 1 0 1 0 0 0 0 0 0 0 0 0 1 1 1 2 0 1 1 0 0 0
geno chr6.33071708 yri  1 1 2 1 1 1 1 2 1 1 2 0 1 2 2 1 1 1 0 2 1 1 2 1 2 1 0 2 1 1 0 1 2 2 1 1 0 1 2 2 2 0 2 0 2 2 1 2 0 1 1 2 1 2 2 1 1 1 1 2 2 2 1 1 1 0 2 0 1 1 1 2 1 1 1 0 2
geno chr6.33071754 ceu  0 0 1 2 1 1 1 0 0 2 1 0 0 1 0 1 1 0 1 0 1 0 1 0 0 0 0 1 0 0 1 0 0 0 0 1 0 0 0 0 0 0 1 0 0 0 0 0 0 1 0 0 1 0 1 0 0 0 1 0 0 0 0 0 0 1 0 1 0 1 0 1 0 0 0 1 0 0
geno chr6.33071754 fin  0 0 0 0 0 0 0 0 0 0 1 1 0 0 0 1 0 0 0 1 1 0 1 0 0 0 0 2 1 1 1 0 1 0 0 0 0 1 0 0 0 0 1 0 1 0 0 0 0 1 0 0 0 0 0 1 0 1 1 0 0 0 0 0 0 0 1 0 0 0 0 0 0 1 1 0 0 0 1 1 1 0 1 0 1 0 0 1 0
geno chr6.33071754 gbr  1 1 1 0 1 2 0 1 0 1 0 1 1 1 0 1 1 0 0 1 0 0 0 0 0 0 1 0 1 1 1 0 1 0 0 2 1 0 0 0 0 1 0 2 1 0 1 0 1 1 1 1 1 1 0 0 1 1 1 1 1 0 0 1 2 1 0 1 0 1 1 0 0 0 0 1 0 1 1 1 0 1 1 0
geno chr6.33071754 tsi  1 0 0 1 0 0 0 0 0 0 0 0 0 0 0 1 1 1 0 1 0 0 0 1 1 2 0 0 0 1 0 0 1 2 0 2 1 1 0 1 2 1 1 1 1 0 1 0 2 0 1 0 2 0 1 0 0 0 0 0 0 2 1 0 0 1 1 1 1 0 1 0 1 0 0 0 0 0 0 0 0 0 1 1 1 2 0 1 1 0 0 0
geno chr6.33071754 yri  1 1 2 1 1 1 1 2 1 1 2 0 1 2 2 1 1 1 0 2 1 1 2 1 2 1 0 2 1 1 0 1 2 2 1 1 0 1 2 2 2 0 2 0 2 2 1 2 0 1 1 2 1 2 2 1 1 1 1 2 2 2 1 1 1 0 2 0 1 1 1 2 1 1 1 0 2
geno chr6.33071777 ceu  0 0 1 2 1 1 1 0 0 2 1 0 0 1 0 1 1 0 1 0 1 0 1 0 0 0 0 1 0 0 1 0 0 0 0 1 0 0 0 0 0 0 1 0 0 0 0 0 0 1 0 0 1 0 1 0 0 0 1 0 0 0 0 0 0 1 0 1 0 1 0 1 0 0 0 1 0 0
geno chr6.33071777 fin  0 0 0 0 0 0 0 0 0 0 1 1 0 0 0 1 0 0 0 1 1 0 1 0 0 0 0 2 1 1 1 0 1 0 0 0 0 1 0 0 0 0 1 0 1 0 0 0 0 1 0 0 0 0 0 1 0 1 1 0 0 0 0 0 0 0 1 0 0 0 0 0 0 1 1 0 0 0 1 1 1 0 1 0 1 0 0 1 0
geno chr6.33071777 gbr  1 1 1 0 1 2 0 1 0 1 0 1 1 1 0 1 1 0 0 1 0 0 0 0 0 0 1 0 1 1 1 0 1 0 0 2 1 0 0 0 0 1 0 2 1 0 1 0 1 1 1 1 1 1 0 0 1 1 1 1 1 0 0 1 2 1 0 1 0 1 1 0 0 0 0 1 0 1 1 1 0 1 1 0
geno chr6.33071777 tsi  1 0 0 1 0 0 0 0 0 0 0 0 0 0 0 1 1 1 0 1 0 0 0 1 1 2 0 0 0 1 0 0 1 2 0 2 1 1 0 1 2 1 1 1 1 0 1 0 2 0 1 0 2 0 1 0 0 0 0 0 0 2 1 0 0 1 1 1 1 0 1 0 1 0 0 0 0 0 0 0 0 0 1 1 1 2 0 1 1 0 0 0
geno chr6.33071777 yri  1 1 2 1 1 1 1 2 1 1 2 0 1 2 2 1 1 1 0 2 1 1 2 1 2 1 0 2 1 1 0 1 2 2 1 1 0 1 2 2 2 0 2 0 2 2 1 2 0 1 1 2 1 2 2 1 1 1 1 2 2 2 1 1 1 0 2 0 1 1 1 2 1 1 1 0 2
geno chr6.33071983 ceu  0 0 1 2 1 1 1 0 0 2 1 0 0 1 0 1 1 0 1 1 1 0 1 0 1 0 0 1 0 0 1 0 0 0 0 1 0 0 0 0 0 0 1 0 0 0 0 0 0 1 1 0 1 0 1 0 0 0 1 0 0 0 1 0 1 2 0 2 0 1 0 1 0 0 0 1 0 0
geno chr6.33071983 fin  0 0 0 0 0 0 0 0 0 0 1 1 0 0 0 1 0 0 0 1 1 0 1 0 0 0 0 2 1 1 1 0 1 0 1 0 0 1 0 0 0 0 1 0 1 0 0 0 0 1 0 1 0 0 0 1 0 1 2 0 0 1 0 0 0 0 2 0 0 0 0 0 1 1 1 0 0 0 1 1 1 0 1 0 1 0 0 1 0
geno chr6.33071983 gbr  1 1 1 0 1 2 0 1 0 1 1 1 1 1 1 1 1 0 0 1 0 0 0 0 0 0 1 0 1 1 1 0 1 0 0 2 1 0 0 1 0 1 0 2 1 0 1 0 1 1 1 1 1 1 1 0 1 1 1 1 1 0 0 1 2 1 1 1 0 1 1 0 0 0 0 1 0 1 2 1 0 1 1 0
geno chr6.33071983 tsi  1 0 0 1 0 0 0 0 0 0 0 0 0 0 0 1 1 1 0 1 0 0 1 1 1 2 0 0 0 1 1 0 1 2 1 2 1 1 0 1 2 1 1 1 1 0 1 0 2 0 1 0 2 0 1 0 0 0 0 0 0 2 1 1 0 1 1 1 1 0 1 0 1 1 0 0 0 0 0 0 0 0 1 1 1 2 0 1 1 0 1 0
geno chr6.33071983 yri  1 1 2 1 1 1 1 2 1 1 2 0 1 2 2 1 1 1 0 2 1 1 2 1 2 1 0 2 1 1 0 1 2 2 1 1 0 1 2 2 2 0 2 0 2 2 1 2 0 1 1 2 1 2 2 1 1 1 1 2 2 2 1 1 1 0 2 0 1 1 1 2 1 1 1 0 2
geno chr6.33071998 ceu  0 0 0 0 0 0 0 0 0 2 0 0 0 1 0 0 1 0 0 0 1 0 0 0 0 0 0 0 0 0 0 0 0 0 0 0 0 0 0 0 0 0 0 0 0 0 0 0 0 0 0 0 0 0 0 0 0 0 0 0 0 0 0 0 0 0 0 1 0 0 0 1 0 0 0 0 0 0
geno chr6.33071998 fin  0 0 0 0 0 0 0 0 0 0 0 0 0 0 0 0 0 0 0 0 1 0 1 0 0 0 0 1 0 0 1 0 0 0 0 0 0 0 0 0 0 0 0 0 0 0 0 0 0 1 0 0 0 0 0 0 0 1 0 0 0 0 0 0 0 0 0 0 0 0 0 0 0 0 0 0 0 0 0 0 0 0 0 0 0 0 0 0 0
geno chr6.33071998 gbr  0 1 1 0 0 0 0 1 0 1 0 0 0 0 0 0 0 0 0 0 0 0 0 0 0 0 0 0 0 0 0 0 0 0 0 0 1 0 0 0 0 0 0 0 0 0 1 0 0 1 0 0 0 0 0 0 0 0 0 0 0 0 0 0 0 0 0 0 0 0 0 0 0 0 0 0 0 0 1 1 0 0 1 0
geno chr6.33071998 tsi  0 0 0 0 0 0 0 0 0 0 0 0 0 0 0 0 0 0 0 1 0 0 0 0 0 0 0 0 0 0 0 0 0 1 0 1 1 0 0 0 1 1 0 0 0 0 0 0 0 0 0 0 0 0 0 0 0 0 0 0 0 0 0 0 0 0 0 0 0 0 0 0 1 0 0 0 0 0 0 0 0 0 1 0 0 0 0 0 0 0 0 0
geno chr6.33071998 yri  1 1 2 1 1 1 1 2 1 1 2 0 1 2 2 1 1 1 0 2 1 1 2 1 2 1 0 2 1 1 0 1 2 1 1 1 0 1 2 2 2 0 2 0 2 2 1 2 0 1 1 2 1 2 2 1 1 1 1 2 2 2 1 1 1 0 2 0 1 1 1 2 1 1 1 0 2
geno chr6.33072240 ceu  0 0 1 2 1 1 1 0 0 2 1 0 0 1 0 1 1 0 1 1 1 0 1 0 0 0 0 1 0 0 1 0 0 0 0 1 0 0 0 0 0 0 1 0 0 0 0 0 0 1 1 0 1 0 1 0 0 0 1 0 0 0 1 0 1 2 0 1 0 1 0 1 0 0 0 1 0 0
geno chr6.33072240 fin  0 0 0 0 0 0 0 0 0 0 1 1 0 0 0 1 0 0 0 1 1 0 1 0 0 0 0 2 1 1 1 0 1 0 1 0 0 1 0 0 0 0 1 0 1 0 0 0 0 1 0 1 0 0 0 1 0 1 2 0 0 1 0 0 0 0 2 0 0 0 0 0 0 1 1 0 0 0 1 1 1 0 1 0 1 0 0 1 0
geno chr6.33072240 gbr  1 1 1 0 1 2 0 1 0 1 1 1 1 1 1 1 1 0 0 1 0 0 0 0 0 0 1 0 1 1 1 0 1 0 0 2 1 0 0 1 0 1 0 2 1 0 1 0 1 1 1 1 1 1 0 0 1 1 1 1 1 0 0 1 2 1 1 1 0 1 1 0 0 0 0 1 0 1 2 1 0 1 1 0
geno chr6.33072240 tsi  1 0 0 1 0 0 0 0 0 0 0 0 0 0 0 1 1 1 0 1 0 0 1 1 1 2 0 0 0 1 0 0 1 2 1 2 1 1 0 1 2 1 1 1 1 0 1 0 2 0 1 0 2 0 1 0 0 0 0 0 0 2 1 1 0 1 1 1 1 0 1 0 1 1 0 0 0 0 0 0 0 0 1 1 1 2 0 1 1 0 1 0
geno chr6.33072240 yri  1 1 2 1 1 1 1 2 1 1 2 0 1 2 2 1 1 1 0 2 1 1 2 1 2 1 0 2 1 1 0 1 2 2 1 1 0 1 2 2 2 0 2 0 2 2 1 2 0 1 1 2 1 2 2 1 1 1 1 2 2 2 1 1 1 0 2 0 1 1 1 2 1 1 1 0 2
geno chr6.33072266 ceu  0 0 1 2 1 1 1 0 0 2 1 0 0 1 0 1 1 0 1 0 1 0 1 0 0 0 0 1 0 0 1 0 0 0 0 1 0 0 0 0 0 0 1 0 0 0 0 0 0 1 0 0 1 0 1 0 0 0 1 0 0 0 0 0 0 1 0 1 0 1 0 1 0 0 0 1 0 0
geno chr6.33072266 fin  0 0 0 0 0 0 0 0 0 0 1 1 0 0 0 1 0 0 0 1 1 0 1 0 0 0 0 2 1 1 1 0 1 0 0 0 0 1 0 0 0 0 1 0 1 0 0 0 0 1 0 0 0 0 0 1 0 1 1 0 0 0 0 0 0 0 1 0 0 0 0 0 0 1 1 0 0 0 1 1 1 0 1 0 1 0 0 1 0
geno chr6.33072266 gbr  1 1 1 0 1 2 0 1 0 1 0 1 1 1 0 1 1 0 0 1 0 0 0 0 0 0 1 0 1 1 1 0 1 0 0 2 1 0 0 0 0 1 0 2 1 0 1 0 1 1 1 1 1 1 0 0 1 1 1 1 1 0 0 1 2 1 0 1 0 1 1 0 0 0 0 1 0 1 1 1 0 1 1 0
geno chr6.33072266 tsi  1 0 0 1 0 0 0 0 0 0 0 0 0 0 0 1 1 1 0 1 0 0 0 1 1 2 0 0 0 1 0 0 1 2 0 2 1 1 0 1 2 1 1 1 1 0 1 0 2 0 1 0 2 0 1 0 0 0 0 0 0 2 1 0 0 1 1 1 1 0 1 0 1 0 0 0 0 0 0 0 0 0 1 1 1 2 0 1 1 0 0 0
geno chr6.33072266 yri  1 1 2 1 1 1 1 2 1 1 2 0 1 2 2 1 1 1 0 2 1 1 2 1 2 1 0 2 1 1 0 1 2 2 1 1 0 1 2 2 2 0 2 0 2 2 1 2 0 1 1 2 1 2 2 1 1 1 1 2 2 2 1 1 1 0 2 0 1 1 1 2 1 1 1 0 2
geno chr6.33072287 ceu  0 0 1 2 1 1 1 0 0 2 1 0 0 1 0 1 1 0 1 1 1 0 1 0 0 0 0 1 0 0 1 0 0 0 0 1 0 0 0 0 0 0 1 0 0 0 0 0 0 1 1 0 1 0 1 0 0 0 1 0 0 0 1 0 1 2 0 1 0 1 0 1 0 0 0 1 0 0
geno chr6.33072287 fin  0 0 0 0 0 0 0 0 0 0 1 1 0 0 0 1 0 0 0 1 1 0 1 0 0 0 0 2 1 1 1 0 1 0 1 0 0 1 0 0 0 0 1 0 1 0 0 0 0 1 0 1 0 0 0 1 0 1 2 0 0 1 0 0 0 0 2 0 0 0 0 0 0 1 1 0 0 0 1 1 1 0 1 0 1 0 0 1 0
geno chr6.33072287 gbr  1 1 1 0 1 2 0 1 0 1 1 1 1 1 1 1 1 0 0 1 0 0 0 0 0 0 1 0 1 1 1 0 1 0 0 2 1 0 0 1 0 1 0 2 1 0 1 0 1 1 1 1 1 1 0 0 1 1 1 1 1 0 0 1 2 1 1 1 0 1 1 0 0 0 0 1 0 1 2 1 0 1 1 0
geno chr6.33072287 tsi  1 0 0 1 0 0 0 0 0 0 0 0 0 0 0 1 1 1 0 1 0 0 1 1 1 2 0 0 0 1 0 0 1 2 1 2 1 1 0 1 2 1 1 1 1 0 1 0 2 0 1 0 2 0 1 0 0 0 0 0 0 2 1 1 0 1 1 1 1 0 1 0 1 1 0 0 0 0 0 0 0 0 1 1 1 2 0 1 1 0 1 0
geno chr6.33072287 yri  1 1 2 1 1 1 1 2 1 1 2 0 1 2 2 1 1 1 0 2 1 1 2 1 2 1 0 2 1 1 0 1 2 2 1 1 0 1 2 2 2 0 2 0 2 2 1 2 0 1 1 2 1 2 2 1 1 1 1 2 2 2 1 1 1 0 2 0 1 1 1 2 1 1 1 0 2
geno chr6.33072729 ceu  0 0 1 2 1 1 1 0 0 2 1 0 0 1 0 1 1 0 1 0 1 0 1 0 0 0 0 1 0 0 1 0 0 0 0 1 0 0 0 0 0 0 1 0 0 0 0 0 0 1 0 0 1 0 1 0 0 0 1 0 0 0 0 0 0 1 0 1 0 1 0 1 0 0 0 1 0 0
geno chr6.33072729 fin  0 0 0 0 0 0 0 0 0 0 1 1 0 0 0 1 0 0 0 1 1 0 1 0 0 0 0 2 1 1 1 0 1 0 0 0 0 1 0 0 0 0 1 0 1 0 0 0 0 1 0 0 0 0 0 1 0 1 1 0 0 0 0 0 0 0 1 0 0 0 0 0 0 1 1 0 0 0 1 1 1 0 1 0 1 0 0 1 0
geno chr6.33072729 gbr  1 1 1 0 1 2 0 1 0 1 0 1 1 1 0 1 1 0 0 1 0 0 0 0 0 0 1 0 1 1 1 0 1 0 0 2 1 0 0 0 0 1 0 2 1 0 1 0 1 1 1 1 1 1 0 0 1 1 1 1 1 0 0 1 2 1 0 1 0 1 1 0 0 0 0 1 0 1 1 1 0 1 1 0
geno chr6.33072729 tsi  1 0 0 1 0 0 0 0 0 0 0 0 0 0 0 1 1 1 0 1 0 0 0 1 1 2 0 0 0 1 0 0 1 2 0 2 1 1 0 1 2 1 1 1 1 0 1 0 2 0 1 0 2 0 1 0 0 0 0 0 0 2 1 0 0 1 1 1 1 0 1 0 1 0 0 0 0 0 0 0 0 0 1 1 1 2 0 1 1 0 0 0
geno chr6.33072729 yri  1 1 2 1 1 1 1 2 1 1 2 0 1 2 2 1 1 1 0 2 1 1 2 1 2 1 0 2 1 1 0 1 2 2 1 1 0 1 2 2 2 0 2 0 2 2 1 2 0 1 1 2 1 2 2 1 1 1 1 2 2 2 1 1 1 0 2 0 1 1 1 2 1 1 1 0 2
geno chr6.33072997 ceu  0 0 0 0 0 0 0 0 0 2 0 0 0 1 0 0 1 0 0 0 1 0 0 0 0 0 0 0 0 0 0 0 0 0 0 0 0 0 0 0 0 0 0 0 0 0 0 0 0 0 0 0 0 0 0 0 0 0 0 0 0 0 0 0 0 0 0 1 0 0 0 1 0 0 0 0 0 0
geno chr6.33072997 fin  0 0 0 0 0 0 0 0 0 0 0 0 0 0 0 0 0 0 0 0 1 0 1 0 0 0 0 1 0 0 1 0 0 0 0 0 0 0 0 0 0 0 0 0 0 0 0 0 0 1 0 0 0 0 0 0 0 1 0 0 0 0 0 0 0 0 0 0 0 0 0 0 0 0 0 0 0 0 0 0 0 0 0 0 0 0 0 0 0
geno chr6.33072997 gbr  0 1 1 0 0 0 0 1 0 1 0 0 0 0 0 0 0 0 0 0 0 0 0 0 0 0 0 0 0 0 0 0 0 0 0 0 1 0 0 0 0 0 0 0 0 0 1 0 0 1 0 0 0 0 0 0 0 0 0 0 0 0 0 0 0 0 0 0 0 0 0 0 0 0 0 0 0 0 1 1 0 0 1 0
geno chr6.33072997 tsi  0 0 0 0 0 0 0 0 0 0 0 0 0 0 0 0 0 0 0 0 0 0 0 0 0 0 0 0 0 0 0 0 0 1 0 1 1 0 0 0 1 1 0 0 0 0 0 0 0 0 0 0 0 0 0 0 0 0 0 0 0 0 0 0 0 0 0 0 0 0 0 0 1 0 0 0 0 0 0 0 0 0 1 0 0 0 0 0 0 0 0 0
geno chr6.33072997 yri  1 1 2 1 1 1 1 2 1 1 2 0 1 2 2 1 1 1 0 2 1 1 2 1 2 1 0 2 1 1 0 1 2 1 1 1 0 1 2 2 2 0 2 0 2 2 1 2 0 1 1 2 1 2 2 1 1 1 1 2 2 2 1 1 1 0 2 0 1 1 1 2 1 1 1 0 2
geno chr6.33073064 ceu  0 0 0 0 0 0 0 0 1 0 0 1 0 0 0 0 0 0 0 0 0 0 0 0 0 0 0 0 0 0 0 0 0 0 0 0 0 1 0 0 0 0 0 0 0 0 0 0 1 1 0 0 0 0 0 0 0 0 1 0 0 0 0 0 0 0 0 0 0 0 0 0 0 0 0 1 0 0
geno chr6.33073064 fin  0 0 0 0 0 0 0 0 1 0 0 1 0 0 0 0 0 0 0 0 0 1 0 0 0 0 0 0 0 0 0 0 0 0 0 0 0 0 0 0 0 0 0 0 0 0 0 0 0 0 0 0 0 0 0 0 0 0 0 0 0 0 0 0 0 0 0 0 0 0 0 0 0 0 0 0 0 0 0 0 0 0 0 1 0 0 0 0 0
geno chr6.33073064 gbr  1 0 0 0 0 0 0 0 0 0 0 0 0 0 0 0 0 1 0 0 0 0 0 0 1 0 0 0 0 0 0 0 1 0 0 0 0 0 0 0 0 0 0 0 0 0 1 0 0 0 0 0 0 0 1 0 0 0 0 0 0 0 0 0 0 0 1 0 0 0 0 0 0 0 0 1 0 0 0 0 0 0 0 0
geno chr6.33073064 tsi  0 0 0 0 0 1 0 0 0 0 0 0 0 0 0 0 0 0 0 1 0 0 0 1 1 0 0 0 0 0 0 0 0 0 1 0 0 0 1 0 0 0 0 0 0 0 0 1 0 0 0 0 0 0 0 1 0 0 0 0 1 0 0 0 0 0 0 0 0 0 0 0 0 0 1 0 0 0 0 0 0 0 0 1 0 0 1 0 0 0 0 0
geno chr6.33073064 yri  0 0 0 0 0 0 0 0 0 0 0 0 0 0 0 0 0 0 0 0 0 0 0 0 0 0 0 0 0 0 0 0 0 0 0 0 0 0 0 0 0 0 0 0 0 0 0 0 0 0 0 0 0 0 0 0 0 0 0 0 0 0 0 0 0 0 0 0 0 0 0 0 0 0 0 0 0
geno chr6.33073068 ceu  0 0 1 2 1 1 1 0 0 2 1 0 0 1 0 1 1 0 1 0 1 0 1 0 1 0 0 1 0 0 1 0 0 0 0 1 0 0 0 0 0 0 1 0 0 0 0 0 0 1 0 0 1 0 1 0 0 0 1 0 0 0 0 0 0 1 0 2 0 1 0 1 0 0 0 1 0 0
geno chr6.33073068 fin  0 0 0 0 0 0 0 0 0 0 1 1 0 0 0 1 0 0 0 1 1 0 1 0 0 0 0 2 1 1 1 0 1 0 0 0 0 1 0 0 0 0 1 0 1 0 0 0 0 1 0 0 0 0 0 1 0 1 1 0 0 0 0 0 0 0 1 0 0 0 0 0 1 1 1 0 0 0 1 1 1 0 1 0 1 0 0 1 0
geno chr6.33073068 gbr  1 1 1 0 1 2 0 1 0 1 0 1 1 1 0 1 1 0 0 1 0 0 0 0 0 0 1 0 1 1 1 0 1 0 0 2 1 0 0 0 0 1 0 2 1 0 1 0 1 1 1 1 1 1 1 0 1 1 1 1 1 0 0 1 2 1 0 1 0 1 1 0 0 0 0 1 0 1 1 1 0 1 1 0
geno chr6.33073068 tsi  1 0 0 1 0 0 0 0 0 0 0 0 0 0 0 1 1 1 0 1 0 0 0 1 1 2 0 0 0 1 1 0 1 2 0 2 1 1 0 1 2 1 1 1 1 0 1 0 2 0 1 0 2 0 1 0 0 0 0 0 0 2 1 0 0 1 1 1 1 0 1 0 1 0 0 0 0 0 0 0 0 0 1 1 1 2 0 1 1 0 0 0
geno chr6.33073068 yri  1 1 2 1 1 1 1 2 1 1 2 0 1 2 2 1 1 1 0 2 1 1 2 1 2 1 0 2 1 1 0 1 2 2 1 1 0 1 2 2 2 0 2 0 2 2 1 2 0 1 1 2 1 2 2 1 1 1 1 2 2 2 1 1 1 0 2 0 1 1 1 2 1 1 1 0 2
geno chr6.33073076 ceu  0 0 1 2 1 1 1 0 0 2 1 0 0 1 0 1 1 0 1 0 1 0 1 0 1 0 0 1 0 0 1 0 0 0 0 1 0 0 0 0 0 0 1 0 0 0 0 0 0 1 0 0 1 0 1 0 0 0 1 0 0 0 0 0 0 1 0 2 0 1 0 1 0 0 0 1 0 0
geno chr6.33073076 fin  0 0 0 0 0 0 0 0 0 0 1 1 0 0 0 1 0 0 0 1 1 0 1 0 0 0 0 2 1 1 1 0 1 0 0 0 0 1 0 0 0 0 1 0 1 0 0 0 0 1 0 0 0 0 0 1 0 1 1 0 0 0 0 0 0 0 1 0 0 0 0 0 1 1 1 0 0 0 1 1 1 0 1 0 1 0 0 1 0
geno chr6.33073076 gbr  1 1 1 0 1 2 0 1 0 1 0 1 1 1 0 1 1 0 0 1 0 0 0 0 0 0 1 0 1 1 1 0 1 0 0 2 1 0 0 0 0 1 0 2 1 0 1 0 1 1 1 1 1 1 1 0 1 1 1 1 1 0 0 1 2 1 0 1 0 1 1 0 0 0 0 1 0 1 1 1 0 1 1 0
geno chr6.33073076 tsi  1 0 0 1 0 0 0 0 0 0 0 0 0 0 0 1 1 1 0 1 0 0 0 1 1 2 0 0 0 1 1 0 1 2 0 2 1 1 0 1 2 1 1 1 1 0 1 0 2 0 1 0 2 0 1 0 0 0 0 0 0 2 1 0 0 1 1 1 1 0 1 0 1 0 0 0 0 0 0 0 0 0 1 1 1 2 0 1 1 0 0 0
geno chr6.33073076 yri  1 1 2 1 1 1 1 2 1 1 2 0 1 2 2 1 1 1 0 2 1 1 2 1 2 1 0 2 1 1 0 1 2 2 1 1 0 1 2 2 2 0 2 0 2 2 1 2 0 1 1 2 1 2 2 1 1 1 1 2 2 2 1 1 1 0 2 0 1 1 1 2 1 1 1 0 2
