pheno ENSG00000099330 ceu 1.267165 -0.6431707 2.106057 0.9402875 0.9727273 -1.904609 -0.3449696 0.5743198 -0.5945753 -1.020939 1.447302 1.409662 -0.1526985 0.3285387 -0.1122605 0.3566828 0.006253307 1.476997 0.2476379 1.942912 1.337903 0.9298026 0.1469538 -0.1111884 1.493564 -1.24289 -0.4810168 1.82802 -0.6972596 1.14515 0.5805098 0.118198 0.1016951 1.640466 0.5464731 2.565068 0.3497624 0.654668 -0.05335499 0.212431 0.516017 0.1182211 -0.9957175 0.9654639 0.3680637 1.045068 1.34555 0.1070309 0.1231685 -0.9544534 1.566067 -0.7532993 1.646001 1.545621 1.204546 -0.0586335 1.356683 -1.38038 -0.8210537 0.1881729 1.378344 0.07952779 1.022388 0.6205356 -0.3055172 0.4314738 0.5990987 0.1401328 1.317474 0.2677059 0.5906457 -0.1011565 2.018841 0.4281599 0.8958836 1.295939 0.002194023 0.4890888
pheno ENSG00000099330 fin 1.620706 -0.5663138 1.820133 -1.387634 0.04568268 0.5128791 -0.08670965 1.252647 0.8139807 1.668318 -0.6512779 2.2341 -1.437075 0.06866967 0.932252 -0.3616473 -0.9073142 0.2500967 0.7335134 0.4695405 1.717156 0.7885295 -0.1254386 0.3920257 0.05341873 -0.007921572 0.2825841 0.5022038 1.189024 -0.5427234 0.8034281 1.602207 0.6524869 1.443263 0.2536818 0.7035458 0.08367885 -0.4264109 -1.165466 -0.697137 0.885789 1.073263 -0.416556 1.316121 -0.7353776 1.692443 0.1122474 0.9032802 -0.05656702 1.952182 0.6121755 2.253779 0.2073471 1.672637 0.1152917 0.9312408 -0.8691007 0.6664977 0.2918652 3.340826 -0.1838073 0.05998164 -1.43367 1.187688 -1.467649 -0.4757911 1.404878 0.4948187 0.6310613 -2.041151 -1.312029 1.03617 0.8252008 2.092846 0.8468023 -0.5482605 0.161515 1.25667 -0.1183793 0.08307547 -1.185285 0.3856454 1.536222 1.212844 -0.0819681 0.1743444 -0.5843403 1.533661 1.241212
pheno ENSG00000099330 gbr -2.101596 -0.7343287 -1.34264 -0.7383827 -1.949058 -0.794511 -1.049782 -0.9372761 0.3523268 0.01885823 -2.838872 -0.9769818 0.6220083 -0.9915803 -1.157609 -1.940996 -2.040893 0.3918784 -2.453086 -0.5232987 -1.068864 -0.08867775 -0.9315882 -0.4052175 -2.988017 -1.378509 -1.30768 0.5319466 0.8284569 -0.01558306 -2.316117 -1.646473 -2.274878 -0.5889098 0.1165481 -1.478535 -1.603961 -3.022317 0.5797669 -3.013658 -0.7936843 -0.5902258 -0.1463259 -2.000157 -0.9119962 -0.1814779 -0.4990152 -0.2070414 -0.8228644 -1.590235 -1.211486 -1.940632 -2.560582 -0.5953884 -1.172998 -0.8416708 -0.9325328 -0.001554198 -1.788181 -1.298413 -1.656016 -2.057983 -0.7280686 -0.2584514 1.049886 -0.01354923 -0.3197649 -1.971888 -1.021605 -0.08722561 -1.939685 -3.622354 -3.211476 -0.1760044 -0.6457402 0.9343703 -1.579109 -1.885236 -0.4655561 -0.3853776 -2.1977 -0.4465425 0.431288 -1.832755
pheno ENSG00000099330 tsi 0.06539949 0.7758029 -1.200583 1.28515 1.426418 1.173842 0.8687628 1.78521 -0.7337545 -0.2788878 0.7471957 1.449176 0.312385 0.05047584 0.287422 0.3756095 1.002519 0.1458742 0.4309073 1.0773 0.02419385 0.3228531 -0.07417219 0.6723057 -0.06043358 -0.1872404 1.5017 0.5683152 3.273939 -0.6061424 0.06311287 1.751666 -0.3849112 0.5068821 -0.4444237 0.1309345 0.77639 0.6769022 0.8484306 2.329335 1.599761 0.3688224 1.385628 0.03285767 0.954295 0.02899616 0.01458156 2.086569 1.073402 -0.112178 0.0448151 0.1676931 2.43051 1.123127 1.209342 1.199244 2.780536 1.570137 1.316348 1.198655 -0.7974396 1.297954 -0.6649468 0.5602186 0.915688 0.2205881 1.116402 2.015996 0.02606972 1.037166 -0.568015 -0.1411633 0.4807469 0.1634005 0.7717254 -1.949618 0.7504292 -0.2542415 0.8718381 -1.026049 0.01787925 1.562563 1.66716 0.8152858 1.699565 1.599055 -0.8960322 1.786666 1.095741 -0.5096212 0.02083407 0.3627594
pheno ENSG00000099330 yri 0.09268229 0.3641247 -0.6844559 -0.6759248 0.05057359 0.2288075 -0.5880255 1.414061 0.09227365 -0.2463405 0.8390439 1.217241 0.5334029 -0.3443228 -1.985664 0.5748452 1.44867 -0.8201598 0.09849776 0.4813444 -1.787634 -1.692587 -0.07465359 -0.8038861 -0.7274073 -0.9344523 0.6385104 -0.9210547 -0.4480042 1.801348 -2.032842 0.2206547 -0.9551295 -0.7226003 0.8389131 -1.874049 -0.1523646 0.1738013 0.1892339 -0.6591075 0.1400415 2.063633 -1.021225 -1.195506 -0.4803215 1.466303 -0.1984531 -1.185006 -0.5328122 1.230408 0.1180478 -0.3513248 -1.613239 2.631662 -1.123448 0.1230349 -0.07504144 -0.3596656 -0.5664632 -0.3840571 -1.798533 -0.669121 -1.141981 0.3875788 -1.165963 -0.03036399 -0.2825992 -1.508222 -0.7154164 -1.194374 -0.02340985 0.5457885 0.7662057 0.2380034 0.5468646 1.224722 -1.00918
geno chr19.17237390 ceu  0 0 0 0 0 1 0 0 0 0 0 0 0 0 1 0 0 0 0 0 0 0 0 0 0 0 0 0 1 0 0 0 0 0 1 0 0 0 0 0 0 0 0 1 1 0 0 0 0 0 0 0 0 0 0 0 0 1 1 0 0 0 0 0 0 0 0 0 0 1 0 0 0 0 0 0 0 0
geno chr19.17237390 fin  0 0 0 0 0 0 0 0 0 0 0 1 0 0 0 0 0 0 0 0 0 0 0 0 0 0 0 0 0 0 0 1 0 0 0 0 0 0 0 0 0 0 0 0 0 0 0 0 0 0 0 0 0 0 0 0 0 0 0 0 0 0 0 0 0 0 0 0 0 0 0 0 0 0 0 0 1 0 0 0 0 0 0 0 0 0 0 0 0
geno chr19.17237390 gbr  0 0 0 0 0 0 0 0 0 0 0 0 0 0 0 0 0 0 0 0 0 0 0 0 0 0 0 0 0 1 1 0 0 0 0 0 0 1 0 0 0 0 0 0 0 1 0 0 0 0 0 0 0 0 0 0 0 0 0 0 0 0 0 0 0 0 0 0 0 0 0 0 0 0 1 0 0 0 0 0 0 0 0 0
geno chr19.17237390 tsi  0 0 0 0 0 0 0 0 0 0 0 0 0 0 0 0 0 1 0 0 0 1 1 0 0 0 0 0 0 0 0 0 0 0 0 0 0 0 0 0 1 0 0 0 0 0 0 0 0 0 0 0 0 0 0 0 0 0 0 0 0 0 0 0 0 0 0 0 0 0 0 0 0 0 0 0 0 1 0 0 0 0 0 0 1 0 0 0 0 1 0 0
geno chr19.17237390 yri  1 0 1 0 0 1 0 1 1 0 0 0 1 1 1 0 1 0 0 0 0 0 0 0 0 1 1 0 0 0 0 1 0 0 0 0 0 0 0 0 0 0 0 0 0 1 0 0 0 0 0 1 2 0 1 1 0 0 0 0 0 0 1 0 0 0 1 0 1 0 1 0 0 1 0 0 0
geno chr19.17237929 ceu  2 2 1 2 2 1 2 1 1 2 2 1 2 1 1 2 2 0 0 2 2 2 0 1 1 1 2 0 1 2 1 0 1 2 1 1 1 1 2 2 1 2 1 1 1 2 2 0 1 2 1 1 2 2 2 0 1 1 1 2 1 1 1 2 2 2 2 2 1 1 0 1 2 2 1 1 1 0
geno chr19.17237929 fin  2 1 1 2 2 1 2 1 2 2 2 0 1 2 1 1 1 2 0 2 1 1 2 2 2 1 2 2 1 2 1 1 1 2 1 1 2 1 1 1 1 1 1 2 1 1 2 2 2 2 2 2 1 2 1 1 2 1 1 1 2 2 2 2 1 0 2 1 2 1 1 1 1 1 1 2 0 1 2 2 1 2 2 0 2 1 1 1 1
geno chr19.17237929 gbr  0 2 1 1 2 2 1 1 1 0 1 1 2 2 2 1 2 2 2 2 1 2 1 0 1 1 2 1 1 1 1 0 1 1 1 1 1 0 0 0 1 2 2 1 2 1 0 2 2 0 0 2 1 2 1 1 2 2 1 1 1 2 2 2 2 2 2 2 0 2 1 0 2 2 1 1 1 0 1 1 1 1 1 2
geno chr19.17237929 tsi  2 2 2 2 0 1 1 1 1 2 2 1 2 1 2 1 1 0 1 1 2 1 1 2 2 2 1 2 2 1 2 1 2 1 2 1 2 1 0 2 1 1 1 1 2 1 2 2 1 0 1 2 1 2 1 1 1 2 0 1 0 1 2 1 2 1 1 2 1 2 0 1 2 1 1 2 0 1 0 2 2 1 1 1 1 1 2 1 1 1 2 1
geno chr19.17237929 yri  1 2 0 2 2 1 2 1 1 2 2 2 1 1 1 2 1 2 2 2 2 2 2 2 2 1 1 2 2 2 2 1 1 2 2 2 2 2 2 1 1 2 2 2 2 1 2 2 2 2 2 1 0 2 1 1 2 2 2 2 2 2 1 2 2 2 1 2 1 2 1 2 2 1 2 2 2
geno chr19.17238169 ceu  0 0 0 2 1 1 0 1 0 1 0 0 0 0 0 1 1 0 0 0 1 0 0 0 1 0 0 0 0 0 1 0 1 1 0 0 0 0 1 2 0 1 1 0 0 0 1 0 0 1 0 1 1 0 1 0 0 1 0 0 0 0 0 0 0 1 1 0 1 1 0 0 0 0 0 0 0 0
geno chr19.17238169 fin  0 0 0 0 0 1 0 0 0 0 0 0 1 0 0 1 0 0 0 1 0 0 0 0 1 1 2 0 0 0 0 0 1 0 1 1 0 1 2 1 0 0 0 0 1 0 1 0 0 0 1 1 0 1 0 0 1 0 0 0 0 0 0 0 0 0 0 1 1 0 0 0 0 1 0 0 0 0 0 0 1 1 1 0 0 0 0 1 0
geno chr19.17238169 gbr  0 1 0 0 0 0 0 0 1 0 0 0 0 0 0 0 1 2 1 0 0 1 1 0 1 0 0 0 0 0 0 0 0 0 0 2 0 0 0 0 2 0 1 0 0 0 0 0 0 0 0 1 1 1 0 0 0 0 1 0 1 1 0 2 0 0 1 1 0 1 0 0 0 1 0 0 1 0 1 0 0 0 1 1
geno chr19.17238169 tsi  1 0 1 1 0 0 0 0 0 1 1 1 0 1 1 0 1 0 0 0 2 0 0 1 0 1 0 1 1 0 0 0 1 0 0 0 1 0 0 1 0 1 0 0 1 0 0 0 1 0 0 1 0 0 0 0 0 0 0 0 0 0 1 0 0 0 0 1 0 0 0 0 0 0 0 1 0 0 0 0 0 0 0 0 0 0 0 0 0 1 1 1
geno chr19.17238169 yri  0 0 0 1 0 0 1 1 1 1 1 0 1 0 1 1 0 2 1 1 1 1 1 0 0 1 0 0 0 1 2 0 2 1 1 2 1 1 1 0 0 0 2 2 1 0 0 0 1 1 1 1 0 2 0 0 1 2 0 1 0 1 1 1 0 0 0 1 1 0 0 0 1 0 0 0 0
geno chr19.17238170 ceu  2 2 1 2 2 1 2 1 1 2 2 1 2 1 1 2 2 0 0 2 2 2 0 1 1 1 2 1 1 2 1 0 2 2 1 1 1 1 2 2 1 2 1 1 1 2 2 1 1 2 1 1 2 2 2 0 1 1 1 2 1 1 1 2 2 2 2 2 1 1 0 1 2 2 1 1 1 0
geno chr19.17238170 fin  2 1 2 2 2 2 2 1 2 2 2 0 1 2 1 1 1 2 0 2 1 1 2 2 2 2 2 2 1 2 1 1 1 2 1 2 2 1 2 1 1 1 1 2 1 1 2 2 2 2 2 2 1 2 1 1 2 2 1 2 2 2 2 2 2 0 2 1 2 1 1 1 2 1 1 2 0 1 2 2 1 2 2 1 2 1 1 1 1
geno chr19.17238170 gbr  0 2 1 1 2 2 1 1 1 0 2 1 2 2 2 1 2 2 2 2 1 2 1 0 1 1 2 1 1 1 1 0 1 2 1 2 1 0 1 0 2 2 2 1 2 1 0 2 2 0 0 2 1 2 1 1 2 2 1 1 1 2 2 2 2 2 2 2 0 2 1 0 2 2 1 2 1 0 1 1 1 1 2 2
geno chr19.17238170 tsi  2 2 2 2 0 1 1 1 1 2 2 1 2 1 2 1 1 0 1 1 2 1 1 2 2 2 1 2 2 1 2 1 2 1 2 1 2 1 0 2 1 1 1 1 2 1 2 2 1 0 1 2 1 2 1 1 1 2 0 1 0 1 2 1 2 1 1 2 1 2 0 1 2 1 1 2 0 1 0 2 2 1 1 1 1 1 2 1 1 1 2 1
geno chr19.17238170 yri  1 2 1 2 2 1 2 1 1 2 2 2 1 1 1 2 1 2 2 2 2 2 2 2 2 1 1 2 2 2 2 1 2 2 2 2 2 2 2 2 2 2 2 2 2 1 2 2 2 2 2 1 0 2 1 1 2 2 2 2 2 2 1 2 2 2 1 2 1 2 1 2 2 1 2 2 2
geno chr19.17238172 ceu  0 0 0 2 1 1 0 1 0 0 0 0 0 0 0 1 1 0 0 0 0 0 0 0 1 0 0 0 0 0 0 0 0 1 0 0 0 0 1 2 0 0 1 0 0 0 0 0 0 1 0 1 0 0 1 0 0 0 0 0 0 0 0 0 0 1 1 0 1 1 0 0 0 0 0 0 0 0
geno chr19.17238172 fin  0 0 0 0 0 1 0 0 0 0 0 0 1 0 0 1 0 0 0 1 0 0 0 0 1 1 2 0 0 0 0 0 1 0 1 0 0 1 2 0 0 0 0 0 1 0 2 0 0 0 1 1 0 1 0 0 2 0 0 1 0 0 0 0 0 0 0 1 2 0 0 0 0 0 0 0 0 0 0 0 1 1 1 0 0 0 0 1 0
geno chr19.17238172 gbr  0 1 0 0 0 0 0 0 1 0 1 0 0 0 0 0 1 1 1 0 0 1 1 0 1 0 0 0 0 0 0 0 0 0 0 2 0 0 1 0 2 0 1 0 0 0 0 0 0 0 0 1 0 1 0 0 0 0 0 0 0 1 0 1 0 0 1 1 0 1 0 0 0 1 0 0 1 0 1 0 0 0 1 1
geno chr19.17238172 tsi  1 0 1 1 0 0 0 0 1 0 1 1 0 0 1 0 1 0 0 0 2 0 0 0 0 0 0 1 0 0 0 0 0 0 0 0 0 0 0 1 0 0 0 0 0 0 0 0 1 0 0 1 0 0 0 0 0 0 0 0 0 0 1 0 0 1 0 1 0 0 0 0 0 0 0 1 0 0 0 0 0 0 0 0 0 0 0 0 0 1 1 1
geno chr19.17238172 yri  0 0 1 1 0 0 1 1 1 1 1 0 1 0 1 1 0 2 1 1 1 1 1 0 0 1 0 0 0 1 2 0 2 0 1 2 1 1 1 1 0 0 2 2 1 0 0 0 1 1 1 1 0 2 0 0 1 2 0 1 1 1 1 1 0 0 0 1 1 0 0 0 1 0 0 0 0
geno chr19.17238413 ceu  2 0 0 0 1 0 2 0 1 0 1 0 2 0 1 1 0 0 0 2 1 0 0 1 0 1 2 0 1 0 0 0 0 0 0 0 1 1 0 0 1 1 0 0 1 2 0 0 0 0 0 0 0 1 1 0 1 1 0 1 0 0 0 2 2 1 1 1 0 0 0 1 1 1 1 0 1 0
geno chr19.17238413 fin  1 0 1 0 0 1 0 1 0 2 1 0 0 0 1 0 0 0 0 0 1 1 1 1 1 0 0 2 1 1 0 1 0 2 0 1 0 0 0 1 0 1 0 2 0 0 0 0 0 2 1 1 1 1 1 0 0 1 1 0 0 0 1 1 1 0 0 0 0 0 1 0 0 0 1 1 0 1 1 0 0 1 1 0 2 0 1 0 0
geno chr19.17238413 gbr  0 0 0 0 1 1 0 0 0 0 0 1 1 1 1 1 0 0 1 1 1 0 0 0 0 1 1 1 0 1 0 0 1 1 1 0 1 0 0 0 0 0 0 0 1 1 0 1 2 0 0 0 1 0 1 0 1 1 1 1 1 1 1 1 2 2 0 0 0 0 0 0 0 0 1 1 0 0 0 1 0 0 0 0
geno chr19.17238413 tsi  1 1 1 1 0 1 1 1 0 1 0 0 2 1 1 1 0 0 0 1 0 1 1 1 2 2 1 1 1 0 2 1 2 1 1 1 1 1 0 1 1 1 1 1 1 0 2 2 0 0 1 0 0 1 0 0 1 1 0 0 0 1 1 0 2 0 1 1 0 2 0 1 0 0 0 0 0 1 0 1 2 0 0 1 1 1 0 0 0 0 0 0
geno chr19.17238413 yri  0 0 0 1 1 1 1 0 0 1 0 1 0 0 0 0 1 0 1 0 0 1 0 0 0 0 1 0 0 0 0 0 0 0 0 0 0 0 1 1 1 2 0 0 0 0 2 0 0 0 0 0 0 0 1 1 1 0 1 1 1 1 0 1 1 0 0 0 0 2 0 1 0 1 0 0 1
geno chr19.17238430 ceu  2 2 1 2 2 1 2 1 1 2 2 1 2 1 1 2 2 0 0 2 2 2 0 1 1 1 2 1 1 2 1 0 2 2 1 1 1 1 2 2 1 2 1 1 1 2 2 1 1 2 1 1 2 2 2 0 1 1 1 2 1 1 1 2 2 2 2 2 1 1 0 1 2 2 1 1 1 0
geno chr19.17238430 fin  2 1 2 2 2 2 2 1 2 2 2 0 1 2 1 1 1 2 0 2 1 1 2 2 2 2 2 2 1 2 1 1 1 2 1 2 2 1 2 1 1 1 1 2 1 1 2 2 2 2 2 2 1 2 1 1 2 2 1 2 2 2 2 2 2 0 2 1 2 1 1 1 2 1 1 2 0 1 2 2 1 2 2 1 2 1 1 1 1
geno chr19.17238430 gbr  0 2 1 1 2 2 1 1 1 0 2 1 2 2 2 1 2 2 2 2 1 2 1 0 1 1 2 1 1 1 1 0 1 2 1 2 1 0 1 0 2 2 2 1 2 1 0 2 2 0 0 2 1 2 1 1 2 2 1 1 1 2 2 2 2 2 2 2 0 2 1 0 2 2 1 2 1 0 1 1 1 1 2 2
geno chr19.17238430 tsi  2 2 2 2 0 1 1 1 1 2 2 1 2 1 2 1 1 0 1 1 2 1 1 2 2 2 1 2 2 1 2 1 2 1 2 1 2 1 0 2 1 1 1 1 2 1 2 2 1 0 1 2 1 2 1 1 1 2 0 1 0 1 2 1 2 1 1 2 1 2 0 1 2 1 1 2 0 1 0 2 2 1 1 1 1 1 2 1 1 1 2 1
geno chr19.17238430 yri  1 2 1 2 2 1 2 1 1 2 2 2 1 1 1 2 1 2 2 2 2 2 2 2 2 1 1 2 2 2 2 1 2 2 2 2 2 2 2 2 2 2 2 2 2 1 2 2 2 2 2 1 0 2 1 1 2 2 2 2 2 2 1 2 2 2 1 2 1 2 1 2 2 1 2 2 2
geno chr19.17238524 ceu  0 0 0 0 0 0 0 0 0 0 0 0 0 0 0 0 0 0 0 0 0 0 0 0 0 0 0 0 0 0 0 0 0 0 0 0 0 0 0 0 0 0 0 0 0 0 0 0 0 0 0 0 0 0 0 0 0 0 0 0 0 0 0 0 0 0 0 0 0 0 0 0 0 0 0 0 0 0
geno chr19.17238524 fin  0 0 0 0 0 0 0 0 0 0 0 0 0 0 0 0 0 0 0 0 0 0 0 0 0 0 0 0 0 0 0 0 0 0 0 0 0 0 0 0 0 0 0 0 0 0 0 0 0 0 0 0 0 0 0 0 0 0 0 0 0 0 0 0 0 0 0 0 0 0 0 0 0 0 0 0 0 0 0 0 0 0 0 0 0 0 0 0 0
geno chr19.17238524 gbr  0 0 0 0 0 0 0 0 0 0 0 0 0 0 0 0 0 0 0 0 0 0 0 0 0 0 0 0 0 0 0 0 0 0 0 0 0 0 0 0 0 0 0 0 0 0 0 0 0 0 0 0 0 0 0 0 0 0 0 0 0 0 0 0 0 0 0 0 0 0 0 0 0 0 0 0 0 0 0 0 0 0 0 0
geno chr19.17238524 tsi  0 0 0 0 0 0 0 0 0 0 0 0 0 0 0 0 0 0 0 0 0 0 0 0 0 0 0 0 0 0 0 0 0 0 0 0 0 0 0 0 0 0 0 0 0 0 0 0 0 0 0 0 0 0 0 0 0 0 0 0 0 0 0 0 0 0 0 0 0 0 0 0 0 0 0 0 0 0 0 0 0 0 0 0 0 0 0 0 0 0 0 0
geno chr19.17238524 yri  0 0 0 0 0 0 0 0 0 1 1 0 1 0 0 1 0 1 1 1 0 1 1 0 0 1 0 0 0 0 2 0 0 0 0 1 1 0 0 1 0 0 1 1 0 0 0 0 1 0 1 1 0 0 0 0 1 1 0 1 1 0 0 0 0 0 0 1 1 0 0 0 0 0 0 0 0
geno chr19.17239073 ceu  0 2 1 0 0 0 0 0 0 2 1 1 0 1 0 0 1 0 0 0 1 2 0 0 0 0 0 1 0 2 1 0 2 1 1 1 0 0 1 0 0 1 0 1 0 0 2 1 1 1 1 0 1 1 0 0 0 0 1 1 1 1 1 0 0 0 0 1 0 0 0 0 1 1 0 1 0 0
geno chr19.17239073 fin  1 1 1 2 2 0 2 0 2 0 1 0 0 2 0 0 1 2 0 1 0 0 1 1 0 1 0 0 0 1 1 0 0 0 0 1 2 0 0 0 1 0 1 0 0 1 0 2 2 0 0 0 0 0 0 1 0 1 0 1 2 2 1 1 1 0 2 0 0 1 0 1 2 1 0 1 0 0 1 2 0 0 0 1 0 1 0 0 1
geno chr19.17239073 gbr  0 1 1 1 1 1 1 1 0 0 1 0 1 1 1 0 1 1 0 1 0 1 0 0 0 0 1 0 1 0 1 0 0 1 0 0 0 0 0 0 0 2 1 1 1 0 0 1 0 0 0 1 0 1 0 1 1 1 0 0 0 0 1 0 0 0 1 1 0 1 1 0 2 1 0 1 0 0 0 0 1 1 1 1
geno chr19.17239073 tsi  0 1 0 0 0 0 0 0 0 1 1 0 0 0 0 0 0 0 1 0 0 0 0 1 0 0 0 0 1 1 0 0 0 0 1 0 1 0 0 0 0 0 0 0 1 1 0 0 0 0 0 1 1 1 1 1 0 1 0 1 0 0 0 1 0 0 0 0 1 0 0 0 2 1 1 1 0 0 0 1 0 1 1 0 0 0 2 1 1 0 1 0
geno chr19.17239073 yri  1 2 0 0 1 0 0 0 0 0 1 1 0 1 0 0 0 0 0 1 1 0 1 2 2 0 0 2 2 1 0 1 0 2 1 0 1 1 0 0 0 0 0 0 1 0 0 2 1 1 1 0 0 0 0 0 0 0 1 0 0 0 0 0 1 2 1 1 0 0 1 1 1 0 2 2 1
geno chr19.17239115 ceu  2 0 0 0 1 0 2 0 1 0 1 0 2 0 1 1 0 0 0 2 1 0 0 1 0 1 2 0 1 0 0 0 0 0 0 0 1 1 0 0 1 1 0 0 1 2 0 0 0 0 0 0 0 1 1 0 1 1 0 1 0 0 0 2 2 1 1 1 0 0 0 1 1 1 1 0 1 0
geno chr19.17239115 fin  1 0 1 0 0 1 0 1 0 2 1 0 0 0 1 0 0 0 0 0 1 1 1 1 1 0 0 2 1 1 0 1 0 2 0 1 0 0 0 1 0 0 0 2 0 0 0 0 0 2 1 1 1 1 1 0 0 1 1 0 0 0 1 1 1 0 0 0 0 0 1 0 0 0 1 1 0 1 1 0 0 1 1 0 2 0 1 0 0
geno chr19.17239115 gbr  0 0 0 0 1 1 0 0 0 0 0 1 1 1 1 1 0 0 1 1 1 0 0 0 0 1 1 1 0 1 0 0 1 1 1 0 1 0 0 0 0 0 0 0 1 1 0 1 2 0 0 0 1 0 1 0 1 1 1 1 1 1 1 1 2 2 0 0 0 0 0 0 0 0 1 1 0 0 0 1 0 0 0 0
geno chr19.17239115 tsi  1 1 1 1 0 1 1 1 0 1 0 0 2 1 1 1 0 0 0 1 0 1 1 1 2 2 1 1 1 0 2 1 2 1 1 1 1 1 0 1 1 1 1 1 1 0 2 2 0 0 1 0 0 1 0 0 1 1 0 0 0 1 1 0 2 0 1 1 0 2 0 1 0 0 0 0 0 1 0 1 2 0 0 1 1 1 0 0 0 0 0 0
geno chr19.17239115 yri  0 0 0 1 1 1 1 0 0 1 0 1 0 0 0 0 1 0 1 0 0 1 0 0 0 0 1 0 0 0 0 0 0 0 0 0 0 0 1 1 1 2 0 0 0 0 2 0 0 0 0 0 0 0 1 1 1 0 1 1 1 1 0 1 1 0 0 0 0 2 0 1 0 1 0 0 1
geno chr19.17239566 ceu  2 2 1 0 1 0 2 0 1 2 2 1 2 1 1 1 1 0 0 2 2 2 0 1 0 1 2 1 1 2 1 0 2 1 1 1 1 1 1 0 1 2 0 1 1 2 2 1 1 1 1 0 1 2 1 0 1 1 1 2 1 1 1 2 2 1 1 2 0 0 0 1 2 2 1 1 1 0
geno chr19.17239566 fin  2 1 2 2 2 1 2 1 2 2 2 0 0 2 1 0 1 2 0 1 1 1 2 2 1 1 0 2 1 2 1 1 0 2 0 2 2 0 0 1 1 1 1 2 0 1 0 2 2 2 1 1 1 1 1 1 0 2 1 1 2 2 2 2 2 0 2 0 0 1 1 1 2 1 1 2 0 1 2 2 0 1 1 1 2 1 1 0 1
geno chr19.17239566 gbr  0 1 1 1 2 2 1 1 0 0 1 1 2 2 2 1 1 1 1 2 1 1 0 0 0 1 2 1 1 1 1 0 1 2 1 0 1 0 0 0 0 2 1 1 2 1 0 2 2 0 0 1 1 1 1 1 2 2 1 1 1 1 2 1 2 2 1 1 0 1 1 0 2 1 1 2 0 0 0 1 1 1 1 1
geno chr19.17239566 tsi  1 2 1 1 0 1 1 1 0 2 1 0 2 1 1 1 0 0 1 1 0 1 1 2 2 2 1 1 2 1 2 1 2 1 2 1 2 1 0 1 1 1 1 1 2 1 2 2 0 0 1 1 1 2 1 1 1 2 0 1 0 1 1 1 2 0 1 1 1 2 0 1 2 1 1 1 0 1 0 2 2 1 1 1 1 1 2 1 1 0 1 0
geno chr19.17239566 yri  1 2 0 1 2 1 1 0 0 1 1 2 0 1 0 1 1 0 1 1 1 1 1 2 2 0 1 2 2 1 0 1 0 2 1 0 1 1 1 1 2 2 0 0 1 1 2 2 1 1 1 0 0 0 1 1 1 0 2 1 1 1 0 1 2 2 1 1 0 2 1 2 1 1 2 2 2
geno chr19.17239693 ceu  2 0 0 0 1 0 2 0 1 0 1 0 2 0 1 1 0 0 0 2 1 0 0 1 0 1 2 0 1 0 0 0 0 0 0 0 1 1 0 0 1 1 0 0 1 2 0 0 0 0 0 0 0 1 1 0 1 1 0 1 0 0 0 2 2 1 1 1 0 0 0 1 1 1 1 0 1 0
geno chr19.17239693 fin  1 0 1 0 0 1 0 1 0 2 1 0 0 0 1 0 0 0 0 0 1 1 1 1 1 0 0 2 1 1 0 1 0 2 0 1 0 0 0 1 0 1 0 2 0 0 0 0 0 2 1 1 1 1 1 0 0 1 1 0 0 0 1 1 1 0 0 0 0 0 1 0 0 0 1 1 0 1 1 0 0 1 1 0 2 0 1 0 0
geno chr19.17239693 gbr  0 0 0 0 1 1 0 0 0 0 0 1 1 1 1 1 0 0 1 1 1 0 0 0 0 1 1 1 0 1 0 0 1 1 1 0 1 0 0 0 0 0 0 0 1 1 0 1 2 0 0 0 1 0 1 0 1 1 1 1 1 1 1 1 2 2 0 0 0 0 0 0 0 0 1 1 0 0 0 1 0 0 0 0
geno chr19.17239693 tsi  1 1 1 1 0 1 1 1 0 1 0 0 2 1 1 1 0 0 0 1 0 1 1 1 2 2 1 1 1 0 2 1 2 1 1 1 1 1 0 1 1 1 1 1 1 0 2 2 0 0 1 0 0 1 0 0 1 1 0 0 0 1 1 0 2 0 1 1 0 2 0 1 0 0 0 0 0 1 0 1 2 0 0 1 1 1 0 0 0 0 0 0
geno chr19.17239693 yri  0 0 0 1 1 1 1 0 0 1 0 1 0 0 0 0 1 0 1 0 0 1 0 0 0 0 1 0 0 0 0 0 0 0 0 0 0 0 1 1 2 2 0 0 0 1 2 0 0 0 0 0 0 0 1 1 1 0 1 1 1 1 0 1 1 0 0 0 0 2 0 1 0 1 0 0 1
geno chr19.17240038 ceu  2 1 1 2 2 1 2 1 1 2 2 1 2 1 1 2 2 0 0 2 2 2 0 1 1 1 2 1 1 2 1 0 2 2 1 1 1 1 2 2 1 2 1 1 1 2 2 1 1 2 1 1 2 2 1 0 1 1 1 2 1 1 1 2 2 2 2 2 1 1 0 1 2 2 1 1 1 0
geno chr19.17240038 fin  2 1 2 2 2 2 2 1 2 2 2 0 1 2 1 1 1 2 0 2 1 1 2 2 2 2 2 2 1 2 1 1 1 2 1 2 2 1 2 1 1 1 1 2 1 1 2 2 2 2 2 2 1 2 1 1 2 2 1 2 2 2 2 2 2 0 1 1 2 1 1 1 2 1 1 2 0 1 2 2 1 2 2 1 2 1 1 1 1
geno chr19.17240038 gbr  0 1 1 1 2 2 1 1 1 0 2 1 2 2 2 1 2 2 2 2 1 2 1 0 1 1 2 2 1 1 1 0 1 2 1 2 1 0 1 0 2 2 2 1 2 1 0 2 2 0 0 2 1 2 1 1 2 2 1 1 1 2 2 2 2 2 2 2 0 2 1 0 2 2 1 2 1 0 1 1 1 1 2 2
geno chr19.17240038 tsi  2 2 2 2 0 1 1 1 1 2 2 1 2 1 2 1 1 0 1 1 2 1 1 2 2 2 1 2 2 1 2 1 2 1 2 1 2 1 0 2 1 1 1 1 2 1 2 2 1 0 1 2 0 2 1 1 1 2 0 1 0 1 2 1 2 1 1 2 1 2 0 1 2 1 1 2 0 1 0 2 2 1 1 1 1 1 2 1 1 1 2 1
geno chr19.17240038 yri  1 2 2 2 2 2 2 1 2 2 2 2 1 1 1 2 2 2 2 1 2 2 2 2 2 2 2 2 2 2 2 1 2 2 2 2 2 2 2 2 1 2 2 2 2 2 2 2 2 1 2 2 1 2 1 2 2 2 2 2 2 2 2 2 2 2 1 2 1 2 2 2 2 1 2 2 2
geno chr19.17240393 ceu  0 1 1 0 0 0 0 0 0 2 1 1 0 1 0 0 1 0 0 0 0 2 0 0 0 0 0 1 0 1 1 0 2 1 0 1 0 0 1 0 0 1 0 1 0 0 1 1 1 1 1 0 1 1 0 0 0 0 1 1 0 1 1 0 0 0 0 1 0 0 0 0 1 1 0 1 0 0
geno chr19.17240393 fin  1 1 1 2 2 0 2 0 2 0 1 0 0 2 0 0 1 2 0 1 0 0 1 1 0 1 0 0 0 1 1 0 0 0 0 0 2 0 0 0 1 0 1 0 0 1 0 2 2 0 0 0 0 0 0 1 0 1 0 1 2 2 1 1 1 0 1 0 0 0 0 1 2 1 0 1 0 0 1 2 0 0 0 1 0 1 0 0 1
geno chr19.17240393 gbr  0 1 0 1 1 1 1 1 0 0 1 0 1 1 1 0 1 1 0 1 0 1 0 0 0 0 1 0 1 0 1 0 0 1 0 0 0 0 0 0 0 2 1 1 1 0 0 1 0 0 0 1 0 1 0 1 1 1 0 0 0 0 1 0 0 0 1 1 0 1 1 0 2 1 0 1 0 0 0 0 1 0 1 1
geno chr19.17240393 tsi  0 1 0 0 0 0 0 0 0 1 1 0 0 0 0 0 0 0 1 0 0 0 0 1 0 0 0 0 1 1 0 0 0 0 1 0 0 0 0 0 0 0 0 0 1 1 0 0 0 0 0 1 1 1 1 1 0 1 0 1 0 0 0 1 0 0 0 0 1 0 0 0 2 1 0 1 0 0 0 1 0 1 1 0 0 0 2 1 0 0 1 0
geno chr19.17240393 yri  1 2 0 0 1 0 0 0 0 0 1 1 0 1 0 0 0 0 0 1 1 0 1 2 2 0 0 2 2 1 0 1 0 2 1 0 1 1 0 0 0 0 0 0 1 0 0 2 1 1 1 0 0 0 0 0 0 0 1 0 0 0 0 0 1 2 1 1 0 0 1 1 1 0 2 2 1
geno chr19.17240426 ceu  2 0 0 0 0 0 1 0 1 0 0 0 0 0 0 0 0 0 0 1 0 0 0 1 0 0 0 0 0 0 0 0 0 0 0 0 0 0 0 0 0 0 0 0 0 0 0 0 0 0 0 0 0 0 0 0 0 1 0 0 0 0 0 0 0 1 0 0 0 0 0 0 0 1 0 0 0 0
geno chr19.17240426 fin  0 0 0 0 0 0 0 0 0 0 0 0 0 0 0 0 0 0 0 0 1 0 0 0 0 0 0 0 0 0 0 1 0 1 0 0 0 0 0 0 0 0 0 0 0 0 0 0 0 0 0 0 0 0 0 0 0 0 0 0 0 0 0 1 0 0 0 0 0 0 0 0 0 0 0 1 0 0 0 0 0 0 0 0 1 0 0 0 0
geno chr19.17240426 gbr  0 0 0 0 0 0 0 0 0 0 0 0 0 0 0 0 0 0 1 0 1 0 0 0 0 0 1 0 0 0 0 0 0 0 0 0 0 0 0 0 0 0 0 0 0 0 0 0 0 0 0 0 0 0 1 0 1 0 0 1 0 1 0 0 0 0 0 0 0 0 0 0 0 0 0 1 0 0 0 0 0 0 0 0
geno chr19.17240426 tsi  0 0 0 0 0 0 0 0 0 1 0 0 0 0 0 0 0 0 0 0 0 0 0 0 0 1 0 0 0 0 1 0 0 0 0 0 0 0 0 1 0 0 0 0 1 0 0 1 0 0 0 0 0 0 0 0 0 0 0 0 0 0 0 0 0 0 0 0 0 0 0 0 0 0 0 0 0 0 0 0 0 0 0 0 0 0 0 0 0 0 0 0
geno chr19.17240426 yri  0 0 0 0 0 0 0 0 0 0 0 0 0 0 0 0 0 0 0 0 0 0 0 0 0 0 0 0 0 0 0 0 0 0 0 0 0 0 0 0 0 0 0 0 0 0 0 0 0 0 0 0 0 0 0 0 0 0 0 0 0 0 0 0 0 0 0 0 0 0 0 0 0 0 0 0 0
geno chr19.17240481 ceu  2 2 1 2 2 1 2 1 1 2 2 1 2 1 1 2 2 0 0 2 2 2 0 1 1 1 2 1 1 2 1 0 2 2 1 1 1 1 2 2 1 2 1 1 1 2 2 1 1 2 1 1 2 2 2 0 1 1 1 2 1 1 1 2 2 2 2 2 1 1 0 1 2 2 1 1 1 0
geno chr19.17240481 fin  2 1 2 2 2 2 2 1 2 2 2 0 1 2 1 1 1 2 0 2 1 1 2 2 2 2 2 2 1 2 1 1 1 2 1 2 2 1 2 1 1 1 1 2 1 1 2 2 2 2 2 2 1 2 1 1 2 2 1 2 2 2 2 2 2 0 2 1 2 1 1 1 2 1 1 2 0 1 2 2 1 2 2 1 2 1 1 1 1
geno chr19.17240481 gbr  0 2 1 1 2 2 1 1 1 0 2 1 2 2 2 1 2 2 2 2 1 2 1 0 1 1 2 2 1 1 1 0 1 2 1 2 1 0 1 0 2 2 2 1 2 1 0 2 2 0 0 2 1 2 1 1 2 2 1 1 1 2 2 2 2 2 2 2 0 2 1 0 2 2 1 2 1 0 1 1 1 1 2 2
geno chr19.17240481 tsi  2 2 2 2 0 1 1 1 1 2 2 1 2 1 2 1 1 0 1 1 2 1 1 2 2 2 1 2 2 1 2 1 2 1 2 1 2 1 0 2 1 1 1 1 2 1 2 2 1 0 1 2 1 2 1 1 1 2 0 1 0 1 2 1 2 1 1 2 1 2 0 1 2 1 1 2 0 1 0 2 2 1 1 1 1 1 2 1 1 1 2 1
geno chr19.17240481 yri  1 2 1 2 2 1 2 1 1 2 2 2 1 1 1 2 1 2 2 2 2 2 2 2 2 1 1 2 2 2 2 1 2 2 2 2 2 2 2 2 2 2 2 2 2 1 2 2 2 2 2 1 0 2 1 1 2 2 2 2 2 2 1 2 2 2 1 2 1 2 1 2 2 1 2 2 2
geno chr19.17240771 ceu  2 1 0 0 1 0 2 0 1 0 1 0 2 0 1 1 0 0 0 2 2 0 0 1 0 1 2 0 1 1 0 0 0 0 1 0 1 1 0 0 1 1 0 0 1 2 1 0 0 0 0 0 0 1 1 0 1 1 0 1 1 0 0 2 2 1 1 1 0 0 0 1 1 1 1 0 1 0
geno chr19.17240771 fin  1 0 1 0 0 1 0 1 0 2 1 0 0 0 1 0 0 0 0 0 1 1 1 1 1 0 0 2 1 1 0 1 0 2 0 2 0 0 0 1 0 1 0 2 0 0 0 0 0 2 1 1 1 1 1 0 0 1 1 0 0 0 1 1 1 0 1 0 0 1 1 0 0 0 1 1 0 1 1 0 0 1 1 0 2 0 1 0 0
geno chr19.17240771 gbr  0 0 1 0 1 1 0 0 0 0 0 1 1 1 1 1 0 0 1 1 1 0 0 0 0 1 1 1 0 1 0 0 1 1 1 0 1 0 0 0 0 0 0 0 1 1 0 1 2 0 0 0 1 0 1 0 1 1 1 1 1 1 1 1 2 2 0 0 0 0 0 0 0 0 1 1 0 0 0 1 0 1 0 0
geno chr19.17240771 tsi  1 1 1 1 0 1 1 1 0 1 0 0 2 1 1 1 0 0 0 1 0 1 1 1 2 2 1 1 1 0 2 1 2 1 1 1 2 1 0 1 1 1 1 1 1 0 2 2 0 0 1 0 0 1 0 0 1 1 0 0 0 1 1 0 2 0 1 1 0 2 0 1 0 0 1 0 0 1 0 1 2 0 0 1 1 1 0 0 1 0 0 0
geno chr19.17240771 yri  0 0 0 1 1 1 1 0 0 1 0 1 0 0 0 0 1 0 1 0 0 1 0 0 0 0 1 0 0 0 0 0 0 0 0 0 0 0 1 1 2 2 0 0 0 1 2 0 0 0 0 0 0 0 1 1 1 0 1 1 1 1 0 1 1 0 0 0 0 2 0 1 0 1 0 1 1
geno chr19.17240885 ceu  2 1 0 0 1 0 2 0 1 0 1 0 2 0 1 1 0 0 0 2 2 0 0 1 0 1 2 0 1 1 0 0 0 0 1 0 1 1 0 0 1 1 0 0 1 2 1 0 0 0 0 0 0 1 1 0 1 1 0 1 1 0 0 2 2 1 1 1 0 0 0 1 1 1 1 0 1 0
geno chr19.17240885 fin  1 0 1 0 0 1 0 1 0 2 1 0 0 0 1 0 0 0 0 0 1 1 1 1 1 0 0 2 1 1 0 1 0 2 0 2 0 0 0 1 0 1 0 2 0 0 0 0 0 2 1 1 1 1 1 0 0 1 1 0 0 0 1 1 1 0 1 0 0 1 1 0 0 0 1 1 0 1 1 0 0 1 1 0 2 0 1 0 0
geno chr19.17240885 gbr  0 0 1 0 1 1 0 0 0 0 0 1 1 1 1 1 0 0 1 1 1 0 0 0 0 1 1 1 0 1 0 0 1 1 1 0 1 0 0 0 0 0 0 0 1 1 0 1 2 0 0 0 1 0 1 0 1 1 1 1 1 1 1 1 2 2 0 0 0 0 0 0 0 0 1 1 0 0 0 1 0 1 0 0
geno chr19.17240885 tsi  1 1 1 1 0 1 1 1 0 1 0 0 2 1 1 1 0 0 0 1 0 1 1 1 2 2 1 1 1 0 2 1 2 1 1 1 2 1 0 1 1 1 1 1 1 0 2 2 0 0 1 0 0 1 0 0 1 1 0 0 0 1 1 0 2 0 1 1 0 2 0 1 0 0 1 0 0 1 0 1 2 0 0 1 1 1 0 0 1 0 0 0
geno chr19.17240885 yri  0 0 0 1 1 1 1 0 0 1 0 1 0 0 0 0 1 0 1 0 0 1 0 0 0 0 1 0 0 0 0 0 0 0 0 0 0 0 1 1 1 2 0 0 0 0 2 0 0 0 0 0 0 0 1 1 1 0 1 1 1 1 0 1 1 0 0 0 0 2 0 1 0 1 0 1 1
geno chr19.17241138 ceu  0 0 0 1 1 1 0 1 0 0 0 0 0 0 0 1 0 0 0 0 0 0 0 0 1 0 0 0 0 0 0 0 0 1 0 0 0 0 1 2 0 0 1 0 0 0 0 0 0 1 0 1 0 0 1 0 0 0 0 0 0 0 0 0 0 1 1 0 1 1 0 0 0 0 0 0 0 0
geno chr19.17241138 fin  0 0 0 0 0 1 0 0 0 0 0 0 1 0 0 1 0 0 0 1 0 0 0 0 1 1 2 0 0 0 0 0 0 0 1 0 0 1 2 0 0 0 0 0 1 0 2 0 0 0 1 1 0 1 0 0 2 0 0 1 0 0 0 0 0 0 0 1 2 0 0 0 0 0 0 0 0 0 0 0 1 1 1 0 0 0 0 1 0
geno chr19.17241138 gbr  0 1 0 0 0 0 0 0 1 0 1 0 0 0 0 0 1 1 1 0 0 1 1 0 1 0 0 1 0 0 0 0 0 0 0 2 0 0 1 0 2 0 1 0 0 0 0 0 0 0 0 1 0 1 0 0 0 0 0 0 0 1 0 1 0 0 1 1 0 1 0 0 0 1 0 0 1 0 1 0 0 0 1 1
geno chr19.17241138 tsi  1 0 1 1 0 0 0 0 1 0 1 1 0 0 1 0 1 0 0 0 2 0 0 0 0 0 0 1 0 0 0 0 0 0 0 0 0 0 0 1 0 0 0 0 0 0 0 0 1 0 0 1 0 0 0 0 0 0 0 0 0 0 1 0 0 1 0 1 0 0 0 0 0 0 0 1 0 0 0 0 0 0 0 0 0 0 0 0 0 1 1 1
geno chr19.17241138 yri  0 0 0 1 0 0 1 1 1 1 1 0 1 0 1 1 0 1 1 1 1 1 1 0 0 1 0 0 0 0 2 0 2 0 1 2 1 1 1 1 0 0 2 2 1 0 0 0 1 1 1 1 0 1 0 0 1 2 0 1 1 0 1 0 0 0 0 1 1 0 0 0 1 0 0 0 0
geno chr19.17241291 ceu  0 0 0 2 1 1 0 1 0 0 0 0 0 0 0 1 1 0 0 0 0 0 0 0 1 0 0 0 0 0 0 0 0 1 0 0 0 0 1 2 0 0 1 0 0 0 0 0 0 1 0 1 0 0 1 0 0 0 0 0 0 0 0 0 0 1 1 0 1 1 0 0 0 0 0 0 0 0
geno chr19.17241291 fin  0 0 0 0 0 1 0 0 0 0 0 0 1 0 0 1 0 0 0 1 0 0 0 0 1 1 2 0 0 0 0 0 1 0 1 0 0 1 2 0 0 0 0 0 1 0 2 0 0 0 1 1 0 1 0 0 2 0 0 1 0 0 0 0 0 0 0 1 2 0 0 0 0 0 0 0 0 0 0 0 1 1 1 0 0 0 0 1 0
geno chr19.17241291 gbr  0 1 0 0 0 0 0 0 1 0 1 0 0 0 0 0 1 1 1 0 0 1 1 0 1 0 0 1 0 0 0 0 0 0 0 2 0 0 1 0 2 0 1 0 0 0 0 0 0 0 0 1 0 1 0 0 0 0 0 0 0 1 0 1 0 0 1 1 0 1 0 0 0 1 0 0 1 0 1 0 0 0 1 1
geno chr19.17241291 tsi  1 0 1 1 0 0 0 0 1 0 1 1 0 0 1 0 1 0 0 0 2 0 0 0 0 0 0 1 0 0 0 0 0 0 0 0 0 0 0 1 0 0 0 0 0 0 0 0 1 0 0 1 0 0 0 0 0 0 0 0 0 0 1 0 0 1 0 1 0 0 0 0 0 0 0 1 0 0 0 0 0 0 0 0 0 0 0 0 0 1 1 1
geno chr19.17241291 yri  0 0 0 1 0 0 1 1 1 1 1 0 1 0 1 1 0 1 1 1 1 1 1 0 0 1 0 0 0 0 2 0 2 0 1 2 1 1 1 1 0 0 2 2 1 0 0 0 1 1 1 1 0 1 0 0 1 2 0 1 1 0 1 0 0 0 0 1 1 0 0 0 1 0 0 0 0
geno chr19.17241344 ceu  0 1 1 0 0 0 0 0 0 2 1 1 0 1 0 0 1 0 0 0 0 2 0 0 0 0 0 1 0 1 1 0 2 1 0 1 0 0 1 0 0 1 0 1 0 0 1 1 1 1 1 0 2 1 0 0 0 0 1 1 0 1 1 0 0 0 0 1 0 0 0 0 1 1 0 1 0 0
geno chr19.17241344 fin  1 1 1 2 2 0 2 0 2 0 1 0 0 2 0 0 1 2 0 1 0 0 1 1 0 1 0 0 0 1 1 0 0 0 0 0 2 0 0 0 1 0 1 0 0 1 0 2 2 0 0 0 0 0 0 1 0 1 0 1 2 2 1 1 1 0 1 0 0 0 0 1 2 1 0 1 0 0 1 2 0 0 0 1 0 1 0 0 1
geno chr19.17241344 gbr  0 1 0 1 1 1 1 1 0 0 0 0 1 1 1 0 1 1 0 1 0 1 0 0 0 0 1 0 1 0 1 0 0 1 0 0 0 0 0 0 0 2 1 1 1 0 0 1 0 0 0 1 0 1 0 1 1 1 0 0 0 0 1 0 0 0 1 1 0 1 1 0 2 1 0 1 0 0 0 0 1 0 1 1
geno chr19.17241344 tsi  0 1 0 0 0 0 0 0 0 1 1 0 0 0 0 0 0 0 1 0 0 0 0 1 0 0 0 0 1 1 0 0 0 0 1 0 0 0 0 0 0 0 0 0 1 1 0 0 0 0 0 1 1 1 1 1 0 1 0 1 0 0 0 1 0 0 0 0 1 0 0 0 1 1 0 1 0 0 0 1 0 1 1 0 0 0 2 1 0 0 1 0
geno chr19.17241344 yri  1 2 0 0 1 0 0 0 0 0 1 1 0 1 0 0 0 0 0 1 1 0 1 2 2 0 0 2 2 1 0 1 0 2 1 0 1 1 0 0 0 0 0 0 1 0 0 2 1 1 1 0 0 0 0 0 0 0 1 0 0 0 0 0 1 2 1 1 0 0 1 1 1 0 2 1 1
geno chr19.17241649 ceu  2 2 1 2 2 0 2 1 1 2 2 1 2 1 1 2 2 0 0 2 2 2 0 1 1 1 2 1 1 2 1 0 2 2 1 1 1 1 2 1 1 2 1 1 1 2 2 1 1 2 1 1 2 2 2 0 1 1 1 2 1 1 1 2 2 2 2 2 1 1 0 1 2 2 1 1 1 0
geno chr19.17241649 fin  2 1 2 2 2 2 2 1 2 2 2 0 1 2 1 1 1 2 0 2 1 1 2 2 2 2 2 2 1 2 1 1 1 2 1 2 2 1 2 1 1 1 1 2 1 1 2 2 2 2 2 2 1 2 1 1 2 2 1 2 2 2 2 2 2 0 2 1 2 1 1 1 2 1 1 2 0 1 2 2 1 2 2 1 2 1 1 1 1
geno chr19.17241649 gbr  0 2 1 1 2 2 1 1 1 0 2 1 2 2 2 1 2 2 2 2 1 2 1 0 1 1 2 2 1 1 1 0 1 2 1 2 1 0 1 0 2 2 2 1 2 1 0 2 2 0 0 2 1 2 1 1 2 2 1 1 1 2 2 2 2 2 2 2 0 2 1 0 2 2 1 2 1 0 1 1 1 1 2 2
geno chr19.17241649 tsi  2 2 2 2 0 1 1 1 1 2 2 1 2 1 2 1 1 0 1 1 2 1 1 2 2 2 1 2 2 1 2 1 2 1 2 1 2 1 0 2 1 1 1 1 2 1 2 2 1 0 1 2 1 2 1 1 1 2 0 1 0 1 2 1 2 1 1 2 1 2 0 1 2 1 1 2 0 1 0 2 2 1 1 1 1 1 2 1 1 1 2 1
geno chr19.17241649 yri  1 2 2 2 2 2 2 1 2 2 2 2 1 1 1 2 2 2 2 2 2 2 2 2 2 2 2 2 2 2 2 1 2 2 2 2 2 2 2 2 2 2 2 2 2 2 2 2 2 2 2 2 1 2 1 2 2 2 2 2 2 2 2 2 2 2 1 2 1 2 2 2 2 1 2 2 2
geno chr19.17242213 ceu  2 0 0 0 0 0 1 0 1 0 1 0 2 0 1 0 0 0 0 1 1 0 0 1 0 1 1 0 0 0 0 0 0 0 0 0 1 0 0 0 0 0 0 0 0 1 0 0 0 0 0 0 0 0 0 0 0 1 0 0 0 0 0 0 0 1 0 1 0 0 0 0 1 1 1 0 0 0
geno chr19.17242213 fin  1 0 1 0 0 1 0 0 0 1 1 0 0 0 0 0 0 0 0 0 1 1 0 0 1 0 0 1 1 1 0 1 0 2 0 1 0 0 0 1 0 1 0 2 0 0 0 0 0 1 1 1 0 1 0 0 0 0 1 0 0 0 1 1 1 0 0 0 0 0 0 0 0 0 1 1 0 0 0 0 0 1 1 0 2 0 0 0 0
geno chr19.17242213 gbr  0 0 0 0 1 0 0 0 0 0 0 0 0 0 1 0 0 0 1 0 1 0 0 0 0 0 1 0 0 0 0 0 0 0 0 0 0 0 0 0 0 0 0 0 0 1 0 1 0 0 0 0 0 0 1 0 1 0 1 1 0 1 0 0 0 0 0 0 0 0 0 0 0 0 0 1 0 0 0 0 0 0 0 0
geno chr19.17242213 tsi  0 0 0 0 0 0 0 1 0 1 0 0 1 0 0 1 0 0 0 0 0 0 1 0 0 2 0 1 1 0 1 0 2 0 0 0 0 0 0 1 0 1 0 0 1 0 0 2 0 0 0 0 0 1 0 0 1 0 0 0 0 1 0 0 1 0 1 1 0 1 0 0 0 0 0 0 0 0 0 0 0 0 0 1 0 0 0 0 0 0 0 0
geno chr19.17242213 yri  0 0 0 0 0 0 0 0 0 0 0 0 0 0 0 0 0 0 0 0 0 0 0 0 0 0 0 0 0 0 0 0 0 0 0 0 0 0 0 0 0 0 0 0 0 0 0 0 0 0 0 0 0 0 0 1 0 0 0 0 0 0 0 0 0 0 0 0 0 0 0 0 0 0 0 0 0
geno chr19.17242675 ceu  0 0 0 1 1 1 0 1 0 0 0 0 0 0 0 1 0 0 0 0 0 0 0 0 1 0 0 0 0 0 0 0 0 1 0 0 0 0 1 2 0 0 1 0 0 0 0 0 0 1 0 1 0 0 1 0 0 0 0 0 0 0 0 0 0 1 1 0 1 1 0 0 0 0 0 0 0 0
geno chr19.17242675 fin  0 0 0 0 0 1 0 0 0 0 0 0 1 0 0 1 0 0 0 1 0 0 0 0 1 1 2 0 0 0 0 0 0 0 1 0 0 1 2 0 0 0 0 0 1 0 2 0 0 0 1 1 0 1 0 0 2 0 0 1 0 0 0 0 0 0 0 1 2 0 0 0 0 0 0 0 0 0 0 0 2 1 1 0 0 0 0 1 0
geno chr19.17242675 gbr  0 1 0 0 0 0 0 0 1 0 1 0 0 0 0 0 1 1 1 0 0 1 1 0 1 0 0 1 0 0 0 0 0 0 0 2 0 0 1 0 2 0 1 0 0 0 0 0 0 0 0 1 0 1 0 0 0 0 0 0 0 1 0 1 0 0 1 1 0 1 0 0 0 1 0 0 1 0 1 0 0 0 1 1
geno chr19.17242675 tsi  1 0 1 1 0 0 0 0 1 0 1 1 0 0 1 0 1 0 0 0 2 0 0 0 0 0 0 1 0 0 0 0 0 0 0 0 0 0 0 1 0 0 0 0 0 0 0 0 1 0 0 1 0 0 0 0 0 0 0 0 0 0 1 0 0 1 0 1 0 0 0 0 0 0 0 1 0 0 0 0 0 0 0 0 0 0 0 0 0 1 1 1
geno chr19.17242675 yri  0 0 0 1 0 0 1 1 1 1 1 0 1 0 1 1 0 1 1 1 1 1 1 0 0 1 0 0 0 0 2 0 2 0 1 2 1 1 1 1 0 0 2 2 1 0 0 0 1 1 1 1 0 1 0 0 1 2 0 1 1 0 1 0 0 0 0 1 1 0 0 0 1 0 0 0 0
geno chr19.17242785 ceu  0 1 1 0 0 0 0 0 0 2 1 1 0 1 0 0 1 0 0 0 0 2 0 0 0 0 0 1 0 1 1 0 2 1 0 1 0 0 1 0 0 1 0 1 0 0 1 1 1 1 1 0 2 1 0 0 0 0 1 1 0 1 1 0 0 0 0 1 0 0 0 0 1 1 0 1 0 0
geno chr19.17242785 fin  1 1 1 2 2 0 2 0 2 0 1 0 0 2 0 0 1 2 0 1 0 0 1 1 0 1 0 0 0 1 1 0 0 0 0 0 2 0 0 0 1 0 1 0 0 1 0 2 2 0 0 0 0 0 0 1 0 1 0 1 2 2 1 1 1 0 1 0 0 0 0 1 2 1 0 1 0 0 1 2 0 0 0 1 0 1 0 0 1
geno chr19.17242785 gbr  0 1 0 1 1 1 1 1 0 0 1 0 1 1 1 0 1 1 0 1 0 1 0 0 0 0 1 0 1 0 1 0 0 1 0 0 0 0 0 0 0 2 1 1 1 0 0 1 0 0 0 1 0 1 0 1 1 1 0 0 0 0 1 0 0 0 1 1 0 1 1 0 2 1 0 1 0 0 0 0 1 0 1 1
geno chr19.17242785 tsi  0 1 0 0 0 0 0 0 0 1 1 0 0 0 0 0 0 0 1 0 0 0 0 1 0 0 0 0 1 1 0 0 0 0 1 0 0 0 0 0 0 0 0 0 1 1 0 0 0 0 0 1 1 1 1 1 0 1 0 1 0 0 0 1 0 0 0 0 1 0 0 0 2 1 0 1 0 0 0 1 0 1 1 0 0 0 2 1 0 0 1 0
geno chr19.17242785 yri  0 0 0 0 1 0 0 0 0 0 1 1 0 1 0 0 0 0 0 0 0 0 0 1 0 0 0 0 2 0 0 0 0 2 0 0 0 0 0 0 0 0 0 0 1 0 0 1 0 0 1 0 0 0 0 0 0 0 0 0 0 0 0 0 0 1 0 0 0 0 1 1 0 0 2 0 0
geno chr19.17242856 ceu  0 0 0 1 1 1 0 1 0 0 0 0 0 0 0 1 0 0 0 0 0 0 0 0 1 0 0 0 0 0 0 0 0 1 0 0 0 0 1 2 0 0 1 0 0 0 0 0 0 1 0 1 0 0 1 0 0 0 0 0 0 0 0 0 0 1 1 0 1 1 0 0 0 0 0 0 0 0
geno chr19.17242856 fin  0 0 0 0 0 1 0 0 0 0 0 0 1 0 0 1 0 0 0 1 0 0 0 0 1 1 2 0 0 0 0 0 0 0 1 0 0 1 2 0 0 0 0 0 1 0 2 0 0 0 1 1 0 1 0 0 2 0 0 1 0 0 0 0 0 0 0 1 2 0 0 0 0 0 0 0 0 0 0 0 2 1 1 0 0 0 0 1 0
geno chr19.17242856 gbr  0 1 0 0 0 0 0 0 1 0 1 0 0 0 0 0 1 1 1 0 0 1 1 0 1 0 0 1 0 0 0 0 0 0 0 2 0 0 1 0 2 0 1 0 0 0 0 0 0 0 0 1 0 1 0 0 0 0 0 0 0 1 0 1 0 0 1 1 0 1 0 0 0 1 0 0 1 0 1 0 0 0 1 1
geno chr19.17242856 tsi  1 0 1 1 0 0 0 0 1 0 1 1 0 0 1 0 1 0 0 0 2 0 0 0 0 0 0 1 0 0 0 0 0 0 0 0 0 0 0 1 0 0 0 0 0 0 0 0 1 0 0 1 0 0 0 0 0 0 0 0 0 0 1 0 0 1 0 1 0 0 0 0 0 0 0 1 0 0 0 0 0 0 0 0 0 0 0 0 0 1 1 1
geno chr19.17242856 yri  0 0 0 1 0 0 1 1 1 1 1 0 1 0 1 1 0 1 1 1 1 1 1 0 0 1 0 0 0 0 2 0 2 0 1 2 1 1 1 1 0 0 2 2 1 0 0 0 1 1 1 1 0 1 0 0 1 2 0 1 1 0 1 0 0 0 0 1 1 0 0 0 1 0 0 0 0
geno chr19.17242941 ceu  2 2 1 1 2 1 2 1 1 1 2 1 2 1 1 2 1 0 0 2 2 2 0 1 1 1 2 1 1 2 1 0 2 2 1 1 1 1 2 1 1 2 0 1 1 2 2 1 1 2 1 1 2 2 2 0 1 1 1 2 1 1 1 2 2 2 2 2 0 1 0 1 2 2 1 1 1 0
geno chr19.17242941 fin  2 1 2 2 2 2 2 1 2 2 2 0 1 2 1 1 1 2 0 2 1 1 2 2 2 2 2 2 1 2 1 1 0 2 1 2 2 1 2 1 1 1 1 2 1 1 2 2 2 2 2 2 1 2 1 1 2 2 1 2 2 2 2 2 2 0 2 1 1 1 1 1 2 1 1 2 0 1 2 2 2 2 2 1 2 1 1 1 1
geno chr19.17242941 gbr  0 1 1 1 2 2 1 1 1 0 2 1 2 2 2 1 2 2 2 2 1 2 1 0 1 1 2 2 1 1 1 0 1 2 1 2 1 0 1 0 2 2 1 1 2 1 0 2 2 0 0 2 1 2 1 1 2 2 1 1 1 2 2 2 2 2 2 2 0 2 1 0 2 2 1 2 1 0 1 1 1 1 2 2
geno chr19.17242941 tsi  2 2 1 2 0 1 1 1 1 2 2 1 2 1 2 1 1 0 1 1 2 1 1 2 2 2 1 1 2 1 2 1 2 1 2 1 2 1 0 2 1 1 1 1 2 1 2 2 1 0 1 2 1 2 1 1 1 2 0 1 0 1 2 1 2 1 1 2 1 2 0 1 2 1 1 2 0 1 0 2 2 1 1 1 1 1 2 1 1 1 2 0
geno chr19.17242941 yri  1 2 1 2 2 2 2 1 2 2 2 2 1 1 1 1 2 1 2 2 2 2 2 2 2 2 2 2 2 1 2 1 2 2 2 2 2 2 2 2 2 2 2 2 2 2 2 2 2 2 2 2 1 1 1 2 2 1 2 2 2 1 2 1 2 2 1 2 1 2 2 2 2 1 2 2 2
geno chr19.17242948 ceu  0 0 0 1 1 1 0 1 0 0 0 0 0 0 0 1 0 0 0 0 0 0 0 0 1 0 0 0 0 0 0 0 0 1 0 0 0 0 1 1 0 0 0 0 0 0 0 0 0 1 0 1 0 0 1 0 0 0 0 0 0 0 0 0 0 1 1 0 0 1 0 0 0 0 0 0 0 0
geno chr19.17242948 fin  0 0 0 0 0 1 0 0 0 0 0 0 1 0 0 1 0 0 0 1 0 0 0 0 1 1 2 0 0 0 0 0 0 0 1 0 0 1 2 0 0 0 0 0 1 0 2 0 0 0 1 1 0 1 0 0 2 0 0 1 0 0 0 0 0 0 0 1 1 0 0 0 0 0 0 0 0 0 0 0 2 1 1 0 0 0 0 1 0
geno chr19.17242948 gbr  0 0 0 0 0 0 0 0 1 0 1 0 0 0 0 0 1 1 1 0 0 1 1 0 1 0 0 0 0 0 0 0 0 0 0 2 0 0 1 0 2 0 0 0 0 0 0 0 0 0 0 1 0 1 0 0 0 0 0 0 0 1 0 1 0 0 1 1 0 1 0 0 0 1 0 0 0 0 1 0 0 0 1 1
geno chr19.17242948 tsi  1 0 0 1 0 0 0 0 1 0 1 1 0 0 1 0 1 0 0 0 2 0 0 0 0 0 0 0 0 0 0 0 0 0 0 0 0 0 0 1 0 0 0 0 0 0 0 0 1 0 0 1 0 0 0 0 0 0 0 0 0 0 0 0 0 1 0 1 0 0 0 0 0 0 0 1 0 0 0 0 0 0 0 0 0 0 0 0 0 1 1 0
geno chr19.17242948 yri  0 0 0 1 0 0 1 1 1 1 1 0 1 0 1 1 0 1 1 1 1 1 1 0 0 1 0 0 0 0 2 0 2 0 1 2 1 1 1 1 0 0 2 2 1 0 0 0 1 1 1 1 0 1 0 0 1 1 0 1 1 0 1 0 0 0 0 1 1 0 0 0 1 0 0 0 0
geno chr19.17242956 ceu  0 0 0 1 1 1 0 1 0 0 0 0 0 0 0 1 0 0 0 0 0 0 0 0 1 0 0 0 0 0 0 0 0 1 0 0 0 0 1 1 0 0 0 0 0 0 0 0 0 1 0 1 0 0 1 0 0 0 0 0 0 0 0 0 0 1 1 0 0 1 0 0 0 0 0 0 0 0
geno chr19.17242956 fin  0 0 0 0 0 1 0 0 0 0 0 0 1 0 0 1 0 0 0 1 0 0 0 0 1 1 2 0 0 0 0 0 0 0 1 0 0 1 2 0 0 0 0 0 1 0 2 0 0 0 1 1 0 1 0 0 2 0 0 1 0 0 0 0 0 0 0 1 1 0 0 0 0 0 0 0 0 0 0 0 2 1 1 0 0 0 0 1 0
geno chr19.17242956 gbr  0 0 0 0 0 0 0 0 1 0 1 0 0 0 0 0 1 1 1 0 0 1 1 0 1 0 0 1 0 0 0 0 0 0 0 2 0 0 1 0 2 0 0 0 0 0 0 0 0 0 0 1 0 1 0 0 0 0 0 0 0 1 0 1 0 0 1 1 0 1 0 0 0 1 0 0 1 0 1 0 0 0 1 1
geno chr19.17242956 tsi  1 0 0 1 0 0 0 0 1 0 1 1 0 0 1 0 1 0 0 0 2 0 0 0 0 0 0 0 0 0 0 0 0 0 0 0 0 0 0 1 0 0 0 0 0 0 0 0 1 0 0 1 0 0 0 0 0 0 0 0 0 0 1 0 0 1 0 1 0 0 0 0 0 0 0 1 0 0 0 0 0 0 0 0 0 0 0 0 0 1 1 0
geno chr19.17242956 yri  0 0 0 1 0 0 1 1 1 1 1 0 1 0 1 1 0 1 1 1 1 1 1 0 0 1 0 0 0 0 2 0 2 0 1 2 1 1 1 1 0 0 2 2 1 0 0 0 1 1 1 1 0 1 0 0 1 1 0 1 1 0 1 0 0 0 0 1 1 0 0 0 1 0 0 0 0
geno chr19.17243059 ceu  0 0 0 1 1 1 0 1 0 0 0 0 0 0 0 1 0 0 0 0 0 0 0 0 1 0 0 0 0 0 0 0 0 1 0 0 0 0 1 2 0 0 1 0 0 0 0 0 0 1 0 1 0 0 1 0 0 0 0 0 0 0 0 0 0 1 1 0 1 1 0 0 0 0 0 0 0 0
geno chr19.17243059 fin  0 0 0 0 0 1 0 0 0 0 0 0 1 0 0 1 0 0 0 1 0 0 0 0 1 1 2 0 0 0 0 0 0 0 1 0 0 1 1 0 0 0 0 0 1 0 1 0 0 0 1 1 0 1 0 0 2 0 0 1 0 0 0 0 0 0 0 1 2 0 0 0 0 0 0 0 0 0 0 0 2 1 1 0 0 0 0 1 0
geno chr19.17243059 gbr  0 1 0 0 0 0 0 0 1 0 0 0 0 0 0 0 1 1 1 0 0 1 1 0 1 0 0 1 0 0 0 0 0 0 0 2 0 0 1 0 2 0 1 0 0 0 0 0 0 0 0 1 0 1 0 0 0 0 0 0 0 1 0 1 0 0 1 1 0 1 0 0 0 1 0 0 1 0 1 0 0 0 1 1
geno chr19.17243059 tsi  1 0 1 1 0 0 0 0 1 0 1 1 0 0 1 0 1 0 0 0 2 0 0 0 0 0 0 1 0 0 0 0 0 0 0 0 0 0 0 1 0 0 0 0 0 0 0 0 1 0 0 1 0 0 0 0 0 0 0 0 0 0 1 0 0 1 0 1 0 0 0 0 0 0 0 1 0 0 0 0 0 0 0 0 0 0 0 0 0 1 1 1
geno chr19.17243059 yri  0 0 0 1 0 0 1 1 1 1 1 0 1 0 1 1 0 1 1 1 1 1 1 0 0 1 0 0 0 0 2 0 2 0 1 2 1 1 1 1 0 0 2 2 1 0 0 0 1 1 1 1 0 1 0 0 1 2 0 1 1 0 1 0 0 0 0 1 1 0 0 0 1 0 0 0 0
geno chr19.17243088 ceu  2 2 1 0 1 0 2 0 1 2 1 1 2 1 1 1 1 0 0 2 2 2 0 1 0 1 2 1 1 2 1 0 2 1 1 1 1 1 1 0 1 2 0 1 1 2 2 1 1 1 1 0 2 2 1 0 1 1 1 2 1 1 1 2 2 1 1 2 0 0 0 1 2 2 1 1 1 0
geno chr19.17243088 fin  2 1 2 2 2 1 2 1 2 2 2 1 0 2 1 0 1 2 0 1 1 1 2 2 1 1 0 1 1 2 1 1 0 2 0 2 2 0 0 1 1 2 1 2 0 1 0 2 2 2 1 1 1 1 1 1 0 2 1 1 2 2 2 2 2 0 2 0 0 1 1 1 1 1 1 1 0 1 2 2 0 1 1 1 2 1 1 0 1
geno chr19.17243088 gbr  0 1 1 1 1 2 0 1 0 0 1 1 2 2 2 1 1 1 1 1 1 1 0 0 0 1 1 1 1 1 1 0 1 2 1 0 1 0 0 0 0 2 1 1 2 1 0 2 2 0 0 1 1 1 1 1 1 2 1 1 1 1 2 1 2 2 1 1 0 1 1 1 2 1 1 2 0 0 1 1 1 1 1 1
geno chr19.17243088 tsi  0 1 1 1 0 1 1 1 0 2 1 0 2 1 1 1 0 0 1 1 0 1 1 2 2 2 1 1 2 1 1 1 1 1 2 1 2 1 0 1 1 1 1 1 2 1 2 2 0 0 1 1 1 2 1 0 1 2 0 1 0 0 1 1 2 0 1 1 1 2 0 1 2 1 0 1 0 1 0 2 2 1 1 1 1 1 2 1 1 0 1 0
geno chr19.17243088 yri  1 2 0 1 2 1 1 0 0 1 1 2 0 1 0 0 1 0 1 1 1 1 1 2 2 0 1 2 2 1 0 1 0 2 1 0 1 1 1 1 1 2 0 0 1 1 2 2 1 1 1 0 0 0 1 1 1 0 2 1 1 1 0 1 2 2 1 1 0 2 1 2 1 1 2 2 2
geno chr19.17243221 ceu  0 0 0 1 1 1 0 1 0 0 0 0 0 0 0 1 0 0 0 0 0 0 0 0 1 0 0 0 0 0 0 0 0 1 0 0 0 0 1 2 0 0 1 0 1 0 0 0 0 1 0 1 0 0 1 0 0 0 0 0 0 0 0 0 0 1 1 0 1 1 0 0 0 0 0 0 0 0
geno chr19.17243221 fin  0 0 0 0 0 1 0 0 0 0 0 0 1 0 0 1 0 0 0 1 0 0 0 0 1 1 2 0 0 0 0 0 0 0 1 0 0 1 2 0 0 0 0 0 1 0 2 0 0 0 1 1 0 1 0 0 2 0 0 2 0 0 0 0 1 0 0 1 2 0 0 0 0 0 0 0 0 0 0 0 2 1 1 1 0 0 1 1 0
geno chr19.17243221 gbr  0 1 0 0 0 0 0 0 1 0 1 0 0 0 0 0 1 1 1 0 0 1 1 0 1 0 0 1 0 0 0 0 0 0 0 2 0 0 1 0 2 0 1 0 0 0 0 0 0 0 0 1 0 1 0 0 0 0 0 0 0 1 0 1 0 0 1 1 0 1 0 0 0 1 0 0 1 0 1 0 0 0 1 1
geno chr19.17243221 tsi  1 0 1 1 0 0 0 0 1 0 1 1 1 0 1 0 1 0 0 0 2 0 0 0 0 0 0 1 0 0 0 0 0 0 0 0 0 0 0 1 0 0 0 0 0 0 0 0 1 0 0 1 0 0 0 0 0 0 1 0 0 0 1 0 0 1 0 1 0 0 0 0 0 0 0 1 0 1 0 0 0 0 0 0 0 0 0 0 0 1 1 1
geno chr19.17243221 yri  0 0 0 1 0 0 1 1 1 1 1 0 1 0 1 1 0 1 1 1 1 1 1 0 0 1 0 0 0 0 2 0 2 0 1 2 1 1 1 1 0 0 2 2 1 0 0 0 1 1 1 1 0 1 0 0 1 1 0 1 1 0 1 0 0 0 0 1 1 0 0 0 1 0 0 0 0
geno chr19.17243408 ceu  0 0 0 1 1 1 0 1 0 0 0 0 0 0 0 1 0 0 0 0 0 0 0 0 1 0 0 0 0 0 0 0 0 1 0 0 0 0 1 2 0 0 1 0 0 0 0 0 0 1 0 1 0 0 1 0 0 0 0 0 0 0 0 0 0 1 1 0 1 1 0 0 0 0 0 0 0 0
geno chr19.17243408 fin  0 0 0 0 0 1 0 0 0 0 0 0 1 0 0 1 0 0 0 1 0 0 0 0 1 1 2 0 0 0 0 0 0 0 1 0 0 1 2 0 0 0 0 0 1 0 2 0 0 0 1 1 0 1 0 0 2 0 0 2 0 0 0 0 1 0 0 1 1 0 0 0 0 0 0 0 0 0 0 0 2 1 1 1 0 0 0 1 0
geno chr19.17243408 gbr  0 0 0 0 0 0 0 0 1 0 0 0 0 0 0 0 1 1 1 0 0 1 1 0 1 0 0 1 0 0 0 0 0 0 0 2 0 0 1 0 2 0 1 0 0 0 0 0 0 0 0 1 0 1 0 0 0 0 0 0 0 1 0 1 0 0 1 1 0 1 0 0 0 1 0 0 1 0 1 0 0 0 1 1
geno chr19.17243408 tsi  1 0 0 1 0 0 0 0 1 0 1 1 0 0 1 0 1 0 0 0 2 0 0 0 0 0 0 1 0 0 0 0 0 0 0 0 0 0 0 1 0 0 0 0 0 0 0 0 1 0 0 1 0 0 0 0 0 0 0 0 0 0 1 0 0 1 0 1 0 0 0 0 0 0 0 1 0 0 0 0 0 0 0 0 0 0 0 0 0 1 1 1
geno chr19.17243408 yri  0 0 0 1 0 0 1 1 1 1 1 0 1 0 1 1 0 1 1 1 1 1 1 0 0 1 0 0 0 0 2 0 2 0 1 2 1 1 1 1 0 0 2 2 1 0 0 0 1 1 1 1 0 1 0 0 1 1 0 1 1 0 1 0 0 0 0 1 1 0 0 0 1 0 0 0 0
geno chr19.17243415 ceu  0 0 0 1 1 1 0 1 0 0 0 0 0 0 0 1 0 0 0 0 0 0 0 0 1 0 0 0 0 0 0 0 0 1 0 0 0 0 1 2 0 0 1 0 0 0 0 0 0 1 0 1 0 0 0 0 0 0 0 0 0 0 0 0 0 1 1 0 1 1 0 0 0 0 0 0 0 0
geno chr19.17243415 fin  0 0 0 0 0 1 0 0 0 0 0 0 1 0 0 1 0 0 0 1 0 0 0 0 1 1 2 0 0 0 0 0 0 0 1 0 0 1 2 0 0 0 0 0 1 0 2 0 0 0 1 1 0 1 0 0 2 0 0 1 0 0 0 0 0 0 0 1 1 0 0 1 0 0 0 0 0 0 0 0 2 1 1 0 0 0 0 1 0
geno chr19.17243415 gbr  0 0 0 0 0 0 0 0 1 0 0 0 0 0 0 0 1 1 1 0 0 1 1 0 1 0 0 1 1 0 0 0 0 0 0 2 0 0 1 0 2 0 1 0 0 0 0 0 0 0 0 1 0 1 0 0 0 0 0 0 0 1 0 1 0 0 1 1 0 1 0 0 0 1 0 0 1 0 1 0 0 0 1 1
geno chr19.17243415 tsi  1 0 0 1 0 0 0 0 1 0 1 1 0 0 1 0 1 0 0 0 2 0 0 0 0 0 0 1 0 0 0 0 0 0 0 0 0 0 0 1 0 0 0 0 0 0 0 0 1 0 0 1 0 0 0 0 0 0 0 0 0 0 1 0 0 1 0 1 0 0 0 0 0 0 0 1 0 0 0 0 0 0 0 0 0 0 0 0 0 1 1 1
geno chr19.17243415 yri  0 0 0 1 0 0 1 1 1 1 1 0 1 0 1 1 0 1 1 1 1 1 1 0 0 1 0 0 0 0 2 0 2 0 1 2 1 1 1 1 0 0 2 2 1 0 0 0 1 1 1 1 0 1 0 0 1 1 0 1 1 0 1 0 0 0 0 1 1 0 0 0 1 0 0 0 0
geno chr19.17243597 ceu  0 0 0 1 1 1 0 1 0 0 0 0 0 0 0 1 0 0 0 0 0 0 0 0 1 0 0 0 0 0 0 0 0 1 0 0 0 0 1 2 0 0 1 0 0 0 0 0 0 1 0 1 0 0 1 0 0 0 0 0 0 0 0 0 0 1 1 0 1 1 0 0 0 0 0 0 0 0
geno chr19.17243597 fin  0 0 0 0 0 1 0 0 0 0 0 0 1 0 0 1 0 0 0 1 0 0 0 0 1 1 2 0 0 0 0 0 0 0 1 0 0 1 2 0 0 0 0 0 1 0 2 0 0 0 1 1 0 1 0 0 2 0 0 1 0 0 0 0 0 0 0 1 2 0 0 0 0 0 0 0 0 0 0 0 1 1 1 0 0 0 0 1 0
geno chr19.17243597 gbr  0 1 0 0 0 0 0 0 1 0 1 0 0 0 0 0 1 1 1 0 0 1 1 0 1 0 0 1 0 0 0 0 0 0 0 2 0 0 1 0 2 0 1 0 0 0 0 0 0 0 0 1 0 1 0 0 0 0 0 0 0 1 0 1 0 0 1 1 0 1 0 0 0 1 0 0 1 0 1 0 0 0 1 1
geno chr19.17243597 tsi  1 0 1 1 0 0 0 0 1 0 1 1 0 0 1 0 1 0 0 0 2 0 0 0 0 0 0 1 0 0 0 0 0 0 0 0 0 0 0 1 0 0 0 0 0 0 0 0 1 0 0 1 0 0 0 0 0 0 0 0 0 0 1 0 0 1 0 1 0 0 0 0 0 0 0 1 0 0 0 0 0 0 0 0 0 0 0 0 0 1 1 1
geno chr19.17243597 yri  0 0 0 1 0 0 1 1 1 1 1 0 1 0 1 1 0 1 1 1 1 1 1 0 0 1 0 0 0 0 2 0 2 0 1 2 1 1 1 1 0 0 2 2 1 0 0 0 1 1 1 1 0 1 0 0 1 1 0 1 1 0 1 0 0 0 0 1 1 0 0 0 1 0 0 0 0
geno chr19.17243651 ceu  0 0 0 2 1 1 0 1 0 0 0 0 0 0 0 1 1 0 0 0 0 0 0 0 1 0 0 0 0 0 0 0 0 1 0 0 0 0 1 2 0 0 1 0 0 0 0 0 0 1 0 1 0 0 1 0 0 0 0 0 0 0 0 0 0 1 1 0 1 1 0 0 0 0 0 0 0 0
geno chr19.17243651 fin  0 0 0 0 0 1 0 0 0 0 0 0 1 0 0 1 0 0 0 1 0 0 0 0 1 1 2 0 0 0 0 0 1 0 1 0 0 1 2 0 0 0 0 0 1 0 2 0 0 0 1 1 0 1 0 0 2 0 0 1 1 0 0 0 0 0 0 1 2 0 0 0 0 0 0 0 0 0 0 0 1 1 1 0 0 0 0 1 0
geno chr19.17243651 gbr  0 1 0 0 0 0 0 0 1 0 1 0 0 0 0 0 1 1 1 0 0 1 1 0 1 0 0 1 0 0 0 0 0 0 0 2 0 0 1 0 2 0 1 0 0 0 0 0 0 0 0 1 0 1 0 0 0 0 0 0 0 1 0 1 0 0 1 1 0 1 0 0 0 1 0 0 1 0 1 0 0 0 1 1
geno chr19.17243651 tsi  1 0 1 1 0 0 0 0 1 0 1 1 0 0 1 0 1 0 0 0 2 0 0 0 0 0 0 1 0 0 0 0 0 0 0 0 0 0 0 1 0 0 0 0 0 0 0 0 1 0 0 1 0 0 0 0 0 0 0 0 0 0 1 0 0 1 0 1 0 0 0 0 0 0 0 1 0 0 0 0 0 0 0 0 0 0 0 0 0 1 1 1
geno chr19.17243651 yri  0 0 1 1 0 0 1 1 1 1 1 0 1 0 1 1 0 2 1 1 1 1 1 0 0 1 0 0 0 1 2 0 2 0 1 2 1 1 1 1 0 0 2 2 1 0 0 0 1 1 1 1 0 2 0 0 1 2 0 1 1 1 1 1 0 0 0 1 1 0 0 0 1 0 0 0 0
geno chr19.17243719 ceu  0 0 0 2 1 1 0 1 0 0 0 0 0 0 0 1 1 0 0 0 0 0 0 0 1 0 0 0 0 0 0 0 0 1 0 0 0 0 1 2 0 0 1 0 0 0 0 0 0 1 0 1 0 0 1 0 0 0 0 0 0 0 0 0 0 1 1 0 1 1 0 0 0 0 0 0 0 0
geno chr19.17243719 fin  0 0 1 0 0 1 0 0 0 0 0 0 1 0 0 1 0 0 0 1 0 0 0 0 1 1 2 0 0 0 0 0 1 0 1 1 0 1 2 0 0 0 0 0 1 0 2 0 0 0 1 1 0 1 0 0 2 0 0 1 0 0 0 0 0 0 0 1 2 0 0 0 0 0 0 0 0 0 0 0 1 1 1 0 0 0 0 1 0
geno chr19.17243719 gbr  0 1 0 0 0 0 0 0 1 0 1 0 0 0 0 0 1 1 1 0 0 1 1 0 1 0 0 0 0 0 0 0 0 0 0 2 0 0 1 0 2 0 1 0 0 0 0 0 0 0 0 1 0 1 0 0 0 0 0 0 0 1 0 1 0 0 1 1 0 1 0 0 0 1 0 0 0 0 1 0 0 0 1 1
geno chr19.17243719 tsi  1 0 1 1 0 0 0 0 1 0 1 1 0 0 1 0 1 0 0 0 2 0 0 0 0 0 0 1 0 0 0 0 0 0 0 0 0 0 0 1 0 0 0 0 0 0 0 0 1 0 0 1 0 0 0 0 0 0 0 0 0 0 0 0 0 1 0 1 0 0 0 0 0 0 0 1 0 0 0 0 0 0 0 0 0 0 0 0 0 1 1 1
geno chr19.17243719 yri  0 0 1 1 0 0 1 1 1 1 1 0 1 0 1 1 0 2 1 1 1 1 1 0 0 1 0 0 0 1 2 0 2 0 1 1 1 0 1 1 0 0 2 2 1 0 0 0 1 1 1 1 0 2 0 0 1 2 0 1 1 1 1 1 0 0 0 1 1 0 0 0 1 0 0 0 0
geno chr19.17243838 ceu  0 0 0 2 1 1 0 1 0 0 0 0 0 0 0 1 1 0 0 0 0 0 0 0 1 0 0 0 0 0 0 0 1 1 0 0 0 0 1 2 0 0 1 0 0 0 0 0 0 1 0 1 0 0 1 0 0 0 0 0 0 0 0 0 0 1 1 0 1 1 0 0 0 0 0 0 0 0
geno chr19.17243838 fin  0 0 0 0 0 1 0 0 0 0 0 0 1 0 0 1 0 0 0 1 0 0 0 0 1 2 2 0 0 0 0 0 1 0 1 0 0 1 2 0 0 0 0 0 1 0 2 0 0 0 1 1 0 1 0 0 2 0 0 1 0 0 0 0 0 0 0 1 2 0 0 0 0 0 0 0 0 0 0 0 1 1 1 0 0 0 0 1 0
geno chr19.17243838 gbr  1 1 0 0 0 0 0 0 1 0 1 0 0 0 0 0 1 1 1 0 0 1 1 0 1 0 0 1 0 0 0 0 0 0 0 2 0 0 1 0 2 0 1 0 0 0 0 0 0 0 0 1 0 1 0 0 0 0 0 0 0 1 0 1 0 0 1 1 0 1 0 0 0 1 0 0 1 0 1 0 0 0 1 1
geno chr19.17243838 tsi  1 0 1 1 0 0 0 0 1 0 1 1 0 0 1 0 1 0 0 0 2 0 0 0 0 0 0 1 0 0 0 0 0 0 0 0 0 0 0 1 0 0 0 0 0 0 0 0 1 0 0 1 0 0 0 0 0 0 0 0 0 0 1 0 0 1 0 1 0 0 0 0 0 0 0 1 0 0 0 0 0 0 0 0 0 0 0 0 0 1 1 1
geno chr19.17243838 yri  0 0 1 1 0 0 1 1 1 1 1 0 1 0 1 1 0 2 1 1 1 1 1 0 0 1 0 0 0 1 2 0 2 0 1 2 1 1 1 1 0 0 2 2 1 0 0 0 1 1 1 1 0 2 0 0 1 2 0 1 1 1 1 1 0 0 0 1 1 0 0 0 1 0 0 0 0
geno chr19.17244095 ceu  0 0 0 1 1 1 0 1 0 0 0 0 0 0 0 1 0 0 0 0 0 0 0 0 1 0 0 0 0 0 0 0 0 1 0 0 0 0 1 2 0 0 1 0 0 0 0 0 0 1 0 1 0 0 1 0 0 0 0 0 0 0 0 0 0 1 1 0 1 1 0 0 0 0 0 0 0 0
geno chr19.17244095 fin  0 0 0 0 0 1 0 0 0 0 0 0 1 0 0 1 0 0 0 1 0 0 0 0 1 1 2 0 0 0 0 0 0 0 1 0 0 1 2 0 0 0 0 0 1 0 2 0 0 0 1 1 0 1 0 0 2 0 0 1 0 0 0 0 0 0 0 1 2 0 0 0 0 0 0 0 0 0 0 0 1 1 1 0 0 0 0 1 0
geno chr19.17244095 gbr  0 1 0 0 0 0 0 0 1 0 1 0 0 0 0 0 1 1 1 0 0 1 1 0 1 0 0 1 0 0 0 0 0 0 0 2 0 0 1 0 2 0 1 0 0 0 0 0 0 0 0 1 0 1 0 0 0 0 0 0 0 1 0 1 0 0 1 1 0 1 0 0 0 1 0 0 1 0 1 0 0 0 1 1
geno chr19.17244095 tsi  1 0 1 1 0 0 0 0 1 0 1 1 0 0 1 0 1 0 0 0 2 0 0 0 0 0 0 1 0 0 0 0 0 0 0 0 0 0 0 1 0 0 0 0 0 0 0 0 1 0 0 1 0 0 0 0 0 0 0 0 0 0 1 0 0 1 0 1 0 0 0 0 0 0 0 1 0 0 0 0 0 0 0 0 0 0 0 0 0 1 1 1
geno chr19.17244095 yri  0 0 0 1 0 0 1 1 1 1 1 0 1 0 1 1 0 1 1 1 1 1 1 0 0 1 0 0 0 0 2 0 2 0 1 2 1 1 1 1 0 0 2 2 1 0 0 0 1 1 1 1 0 1 0 0 1 2 0 1 1 0 1 0 0 0 0 1 1 0 0 0 1 0 0 0 0
geno chr19.17244112 ceu  2 2 1 2 2 2 2 1 1 2 2 1 2 1 2 2 2 0 0 2 2 2 0 1 1 1 2 1 2 2 1 0 2 2 2 1 1 1 2 2 1 2 1 2 1 2 2 1 1 2 1 1 2 2 2 0 1 2 2 2 1 1 1 2 2 2 2 2 1 2 0 1 2 2 1 1 1 0
geno chr19.17244112 fin  2 1 2 2 2 2 2 1 2 2 2 1 1 2 1 1 1 2 0 2 1 1 2 2 2 2 2 2 1 2 1 2 1 2 1 2 2 1 2 1 1 1 1 2 1 1 2 2 2 2 2 2 1 2 1 1 2 2 1 2 2 2 2 2 2 0 2 1 2 1 1 1 2 1 1 2 1 1 2 2 1 2 2 1 2 1 1 1 1
geno chr19.17244112 gbr  0 2 1 1 2 2 1 1 1 0 2 1 2 2 2 1 2 2 2 2 1 2 1 0 1 1 2 2 1 2 2 0 1 2 1 2 1 1 1 0 2 2 2 1 2 2 0 2 2 0 0 2 1 2 1 1 2 2 1 1 1 2 2 2 2 2 2 2 0 2 1 0 2 2 2 2 1 0 1 1 1 1 2 2
geno chr19.17244112 tsi  2 2 2 2 0 1 1 1 1 2 2 1 2 1 2 1 1 1 1 1 2 2 2 2 2 2 1 2 2 1 2 1 2 1 2 1 2 1 0 2 2 1 1 1 2 1 2 2 1 0 1 2 1 2 1 1 1 2 0 1 0 1 2 1 2 1 1 2 1 2 0 1 2 1 1 2 0 2 0 2 2 1 1 1 2 1 2 1 1 2 2 1
geno chr19.17244112 yri  1 2 2 2 2 2 2 2 2 2 2 2 2 2 1 2 2 2 2 2 2 2 2 2 2 2 2 2 2 2 2 1 2 2 2 2 2 2 2 2 2 2 2 2 2 2 2 2 2 2 2 2 1 2 1 2 2 2 2 2 2 2 2 2 2 2 2 2 2 2 2 2 2 1 2 2 2
geno chr19.17244172 ceu  2 2 1 2 2 2 2 1 1 2 2 1 2 1 2 2 2 0 0 2 2 2 0 1 1 1 2 1 2 2 1 0 2 2 2 1 1 1 2 2 1 2 1 2 1 2 2 1 1 2 1 1 2 2 2 0 1 2 2 2 1 1 1 2 2 2 2 2 1 2 0 1 2 2 1 1 1 0
geno chr19.17244172 fin  2 1 2 2 2 2 2 1 2 2 2 1 1 2 1 1 1 2 0 2 1 1 2 2 2 2 2 2 1 2 1 2 1 2 1 2 2 1 2 1 1 1 1 2 1 1 2 2 2 2 2 2 1 2 1 1 2 2 1 2 2 2 2 2 2 0 2 1 2 1 1 1 2 1 1 2 1 1 2 2 1 2 2 1 2 1 1 1 1
geno chr19.17244172 gbr  0 2 1 1 2 2 1 1 1 0 2 1 2 2 2 1 2 2 2 2 1 2 1 0 1 1 2 2 1 2 2 0 1 2 1 2 1 1 1 0 2 2 2 1 2 2 0 2 2 0 0 2 1 2 1 1 2 2 1 1 1 2 2 2 2 2 2 2 0 2 1 0 2 2 2 2 1 0 1 1 1 1 2 2
geno chr19.17244172 tsi  2 2 2 2 0 1 1 1 1 2 2 1 2 1 2 1 1 1 1 1 2 2 2 2 2 2 1 2 2 1 2 1 2 1 2 1 2 1 0 2 2 1 1 1 2 1 2 2 1 0 1 2 1 2 1 1 1 2 0 1 0 1 2 1 2 1 1 2 1 2 0 1 2 1 1 2 0 2 0 2 2 1 1 1 2 1 2 1 1 2 2 1
geno chr19.17244172 yri  2 2 2 2 2 2 2 2 2 2 2 2 2 2 2 2 2 2 2 2 2 2 2 2 2 2 2 2 2 2 2 2 2 2 2 2 2 2 2 2 2 2 2 2 2 2 2 2 2 2 2 2 2 2 2 2 2 2 2 2 2 2 2 2 2 2 2 2 2 2 2 2 2 2 2 2 2
geno chr19.17244240 ceu  0 0 0 2 1 1 0 1 0 0 0 0 0 0 0 1 1 0 0 0 0 0 0 0 1 0 0 0 0 0 0 0 0 1 0 0 0 0 1 2 0 0 1 0 0 0 0 0 0 1 0 1 0 0 1 0 0 0 0 0 0 0 0 0 0 1 1 0 1 1 0 0 0 0 0 0 0 0
geno chr19.17244240 fin  0 0 0 0 0 1 0 0 0 0 0 0 1 0 0 1 0 0 0 1 0 0 0 0 1 1 2 0 0 0 0 0 1 0 1 0 0 1 2 0 0 0 0 0 1 0 2 0 0 0 1 1 0 1 0 0 2 0 0 1 0 0 0 0 0 0 0 1 2 0 0 0 0 0 0 0 0 0 0 0 1 1 1 0 0 0 0 1 0
geno chr19.17244240 gbr  0 1 0 0 0 0 0 0 1 0 1 0 0 0 0 0 1 1 1 0 0 1 1 0 1 0 0 1 0 0 0 0 0 0 0 2 0 0 1 0 2 0 1 0 0 0 0 0 0 0 0 1 0 1 0 0 0 0 0 0 0 1 0 1 0 0 1 1 0 1 0 0 0 1 0 0 1 0 1 0 0 0 1 1
geno chr19.17244240 tsi  1 0 1 1 0 0 0 0 1 0 1 1 0 0 1 0 1 0 0 0 2 0 0 0 0 0 0 1 0 0 0 0 0 0 0 0 0 0 0 1 0 0 0 0 0 0 0 0 1 0 0 1 0 0 0 0 0 0 0 0 0 0 1 0 0 1 0 1 0 0 0 0 0 0 0 1 0 0 0 0 0 0 0 0 0 0 0 0 0 1 1 1
geno chr19.17244240 yri  0 0 1 1 0 0 1 1 1 1 1 0 1 0 1 1 0 2 1 1 1 1 1 0 0 1 0 0 0 1 2 0 2 0 1 2 1 1 1 1 0 0 2 2 1 0 0 0 1 1 1 1 0 2 0 0 1 2 0 1 1 1 1 1 0 0 0 1 1 0 0 0 1 0 0 0 0
geno chr19.17244562 ceu  0 0 0 2 1 1 0 1 0 0 0 0 0 0 0 1 1 0 0 0 0 0 0 0 1 0 0 0 0 0 0 0 0 1 0 0 0 0 1 2 0 0 1 0 0 0 0 0 0 1 0 1 0 0 1 0 0 0 0 0 0 0 0 0 0 1 1 0 1 1 0 0 0 0 0 0 0 0
geno chr19.17244562 fin  0 0 0 0 0 1 0 0 0 0 0 0 1 0 0 1 0 0 0 1 0 0 0 0 1 1 2 0 0 0 0 0 1 0 1 0 0 1 2 0 0 0 0 0 1 0 2 0 0 0 1 1 0 1 0 0 2 0 0 1 0 0 0 0 0 0 0 1 2 0 0 0 0 0 0 0 0 0 0 0 1 1 1 0 0 0 0 1 0
geno chr19.17244562 gbr  0 1 0 0 0 0 0 0 1 0 1 0 0 0 0 0 1 1 1 0 0 1 1 0 1 0 0 1 0 0 0 0 0 0 0 2 0 0 1 0 2 0 0 0 0 0 0 0 0 0 0 1 0 1 0 0 0 0 0 0 0 1 0 1 0 0 1 1 0 1 0 0 0 1 0 0 1 0 1 0 0 0 1 1
geno chr19.17244562 tsi  1 0 1 1 0 0 0 0 1 0 1 1 0 0 1 0 1 0 0 0 2 0 0 0 0 0 0 1 0 0 0 0 0 0 0 0 0 0 0 1 0 0 0 0 0 0 0 0 1 0 0 1 0 0 0 0 0 0 0 0 0 0 1 0 0 1 0 1 0 0 0 0 0 0 0 1 0 0 0 0 0 0 0 0 0 0 0 0 0 1 1 1
geno chr19.17244562 yri  0 0 1 1 0 0 1 1 1 0 0 0 0 0 1 0 0 1 0 0 1 0 0 0 0 0 0 0 0 1 0 0 2 0 1 1 0 1 1 0 0 0 1 1 1 0 0 0 0 1 0 0 0 2 0 0 0 1 0 0 0 1 1 1 0 0 0 0 0 0 0 0 1 0 0 0 0
geno chr19.17244585 ceu  0 0 0 2 1 1 0 1 0 0 0 0 0 0 0 1 1 0 0 0 0 0 0 0 1 0 0 0 0 0 0 0 0 1 0 0 0 0 1 2 0 0 1 0 0 0 0 0 0 1 0 1 0 0 1 0 0 0 0 0 0 0 0 0 0 1 1 0 1 1 0 0 0 0 0 0 0 0
geno chr19.17244585 fin  0 0 0 0 0 1 0 0 0 0 0 0 1 0 0 1 0 0 0 1 0 0 0 0 1 1 2 0 0 0 0 0 1 0 1 0 0 1 2 0 0 0 0 0 1 0 2 0 0 0 1 1 0 1 0 0 2 0 0 1 0 0 0 0 0 0 0 1 2 0 0 0 0 0 0 0 0 0 0 0 1 1 1 0 0 0 0 1 0
geno chr19.17244585 gbr  0 1 0 0 0 0 0 0 1 0 1 0 0 0 0 0 1 1 1 0 0 1 1 0 1 0 0 1 0 0 0 0 0 0 0 2 0 0 1 0 2 0 0 0 0 0 0 0 0 0 0 1 0 1 0 0 0 0 0 0 0 1 0 1 0 0 1 1 0 1 0 0 0 1 0 0 1 0 1 0 0 0 1 1
geno chr19.17244585 tsi  1 0 1 1 0 0 0 0 1 0 1 1 0 0 1 0 1 0 0 0 2 0 0 0 0 0 0 1 0 0 0 0 0 0 0 0 0 0 0 1 0 0 0 0 0 0 0 0 1 0 0 1 0 0 0 0 0 0 0 0 0 0 1 0 0 1 0 1 0 0 0 0 0 0 0 1 0 0 0 0 0 0 0 0 0 0 0 0 0 1 1 1
geno chr19.17244585 yri  0 0 1 1 0 0 1 1 1 1 1 0 1 0 1 1 0 2 1 1 1 1 1 0 0 1 0 0 0 1 2 0 2 0 1 2 1 1 1 1 0 0 2 2 1 0 0 0 1 1 1 1 0 2 0 0 1 2 0 1 1 1 1 1 0 0 0 1 1 0 0 0 1 0 0 0 0
geno chr19.17244793 ceu  0 0 0 2 1 1 0 1 0 0 0 0 0 0 0 1 1 0 0 0 0 0 0 0 1 0 0 0 0 0 0 0 0 1 0 0 0 0 1 2 0 0 1 0 0 0 0 0 0 1 0 1 0 0 1 0 0 0 0 0 0 0 0 0 0 1 1 0 1 1 0 0 0 0 0 0 0 0
geno chr19.17244793 fin  0 0 0 0 0 1 0 0 0 0 0 0 1 0 0 1 0 0 0 1 0 0 0 0 1 1 2 0 0 0 0 0 1 0 1 0 0 1 2 0 0 0 0 0 1 0 2 0 0 0 1 1 0 1 0 0 2 0 0 1 0 0 0 0 0 0 0 1 2 0 0 0 0 0 0 0 0 0 0 0 1 1 1 0 0 0 0 1 0
geno chr19.17244793 gbr  0 1 0 0 0 0 0 0 1 0 1 0 0 0 0 0 1 1 1 0 0 1 1 0 1 0 0 1 0 0 0 0 0 0 0 2 0 0 1 0 2 0 1 0 0 0 0 0 0 0 0 1 0 1 0 0 0 0 0 0 0 1 0 1 0 0 1 1 0 1 0 0 0 1 0 0 1 0 1 0 0 0 1 1
geno chr19.17244793 tsi  1 0 1 1 0 0 0 0 1 0 1 1 0 0 1 0 1 0 0 0 2 0 0 0 0 0 0 1 0 0 0 0 0 0 0 0 0 0 0 1 0 0 0 0 0 0 0 0 1 0 0 1 0 0 0 0 0 0 0 0 0 0 1 0 0 1 0 1 0 0 0 0 0 0 0 1 0 0 0 0 0 0 0 0 0 0 0 0 0 1 1 1
geno chr19.17244793 yri  0 0 1 1 0 0 1 1 1 1 1 0 1 0 1 1 0 2 1 1 1 1 1 0 0 1 0 0 0 1 2 0 2 0 1 2 1 1 1 1 0 0 2 2 1 0 0 0 1 1 1 1 0 2 0 0 1 2 0 1 1 1 1 1 0 0 0 1 1 0 0 0 1 0 0 0 0
geno chr19.17244812 ceu  0 0 0 2 1 1 0 1 0 0 0 0 0 0 0 1 1 0 0 0 0 0 0 0 1 0 0 0 0 0 0 0 0 1 0 0 0 0 1 2 0 0 1 0 0 0 0 0 0 1 0 1 0 0 1 0 0 0 0 0 0 0 0 0 0 1 1 0 1 1 0 0 0 0 0 0 0 0
geno chr19.17244812 fin  0 0 0 0 0 1 0 0 0 0 0 0 1 0 0 1 0 0 0 1 0 0 0 0 1 1 2 0 0 0 0 0 1 0 1 0 0 1 2 0 0 0 0 0 1 0 2 0 0 0 1 1 0 1 0 0 2 0 0 1 0 0 0 0 0 0 0 1 2 0 0 0 0 0 0 0 0 0 0 0 1 1 1 0 0 0 0 1 0
geno chr19.17244812 gbr  0 1 0 0 0 0 0 0 1 0 1 0 0 0 0 0 1 1 1 0 0 1 1 0 1 0 0 1 0 0 0 0 0 0 0 2 0 0 1 0 2 0 1 0 0 0 0 0 0 0 0 1 0 1 0 0 0 0 1 0 1 1 0 1 0 0 1 1 0 1 0 0 0 1 0 0 1 0 1 0 0 0 1 1
geno chr19.17244812 tsi  1 0 1 1 0 0 0 0 1 0 1 1 0 0 1 0 1 0 0 0 2 0 0 0 0 0 0 1 0 0 0 0 0 0 0 0 0 0 0 1 0 0 0 0 0 0 0 0 1 0 0 1 0 0 0 0 0 0 0 0 0 0 1 0 0 1 0 1 0 0 0 0 0 0 0 1 0 0 0 0 0 0 0 0 0 0 0 0 0 1 1 1
geno chr19.17244812 yri  0 0 1 1 0 0 1 1 1 1 1 0 1 0 1 1 0 2 1 1 1 1 1 0 0 1 0 0 0 1 2 0 2 0 1 2 1 1 1 1 0 0 2 2 1 0 0 0 1 1 1 1 0 2 0 0 1 2 0 1 1 1 1 1 0 0 0 1 1 0 0 0 1 0 0 0 0
geno chr19.17245083 ceu  0 0 0 2 1 1 0 1 0 0 0 0 0 0 0 1 1 0 0 0 0 0 0 0 1 0 0 0 0 0 0 0 0 1 0 0 0 0 1 2 0 0 1 0 0 0 0 0 0 1 0 1 0 0 1 0 0 0 0 0 0 0 0 0 0 1 1 0 1 1 0 0 0 0 0 0 0 0
geno chr19.17245083 fin  0 0 0 0 0 1 0 0 0 0 0 0 1 0 0 1 0 0 0 1 0 0 0 0 1 1 2 0 0 0 0 0 1 0 1 0 0 1 2 0 0 0 0 0 1 0 2 0 0 0 1 1 0 1 0 0 2 0 0 1 0 0 0 0 0 0 0 1 2 0 0 0 0 0 0 0 0 0 0 0 1 1 1 0 0 0 0 1 0
geno chr19.17245083 gbr  0 1 0 0 0 0 0 0 1 0 1 0 0 0 0 0 1 1 1 0 0 1 1 0 1 0 0 1 0 0 0 0 0 0 0 2 0 0 1 0 2 0 1 0 0 0 0 0 0 0 0 1 0 1 0 0 0 0 0 0 0 1 0 1 0 0 1 1 0 1 0 0 0 1 0 0 1 0 1 0 0 0 1 1
geno chr19.17245083 tsi  1 0 1 1 0 0 0 0 1 0 1 1 0 0 1 0 1 0 0 0 2 0 0 0 0 0 0 1 0 0 0 0 0 0 0 0 0 0 0 1 0 0 0 0 0 0 0 0 1 0 0 1 0 0 0 0 0 0 0 0 0 0 1 0 0 1 0 1 0 0 0 0 0 0 0 1 0 0 0 0 0 0 0 0 0 0 0 0 0 1 1 1
geno chr19.17245083 yri  0 0 1 1 0 0 1 1 1 1 1 0 1 0 1 1 0 2 1 1 1 1 1 0 0 1 0 0 0 1 2 0 2 0 1 2 1 1 1 1 0 0 2 2 1 0 0 0 1 1 1 1 0 2 0 0 1 2 0 1 1 1 1 1 0 0 0 1 1 0 0 0 1 0 0 0 0
geno chr19.17245562 ceu  0 0 0 2 1 2 0 1 0 0 0 0 0 0 1 1 1 0 0 0 0 0 0 0 1 0 0 0 1 0 0 0 0 1 1 0 0 0 1 2 0 0 1 1 0 0 0 0 0 1 0 1 0 0 1 0 0 1 1 0 0 0 0 0 0 1 1 0 1 2 0 0 0 0 0 0 0 0
geno chr19.17245562 fin  0 0 0 0 0 1 0 0 0 0 0 1 1 0 0 1 0 0 0 1 0 0 0 0 1 1 2 0 0 0 0 1 1 0 1 0 0 1 2 0 0 0 0 0 1 0 2 0 0 0 1 1 0 1 0 0 2 0 0 1 0 0 0 0 0 0 0 1 2 0 0 0 0 0 0 0 1 0 0 0 1 1 1 0 0 0 0 1 0
geno chr19.17245562 gbr  0 1 0 0 0 0 0 0 1 0 1 0 0 0 0 0 1 1 1 0 0 1 1 0 1 0 0 1 0 1 1 0 0 0 0 2 0 1 1 0 2 0 1 0 0 1 0 0 0 0 0 1 0 1 0 0 0 0 0 0 0 1 0 1 0 0 1 1 0 1 0 0 0 1 1 0 1 0 1 0 0 0 1 1
geno chr19.17245562 tsi  1 0 1 1 0 0 0 0 1 0 1 1 0 0 1 0 1 1 0 0 2 1 1 0 0 0 0 1 0 0 0 0 0 0 0 0 0 0 0 1 1 0 0 0 0 0 0 0 1 0 0 1 0 0 0 0 0 0 0 0 0 0 1 0 0 1 0 1 0 0 0 0 0 0 0 1 0 1 0 0 0 0 0 0 1 0 0 0 0 2 1 1
geno chr19.17245562 yri  0 0 2 1 0 1 1 2 2 1 1 0 2 1 1 2 1 2 1 1 1 1 1 0 0 2 1 0 0 1 2 0 2 0 1 2 1 1 1 1 0 0 2 2 1 1 0 0 1 1 1 2 1 2 0 1 1 2 0 1 1 1 2 1 0 0 1 1 2 0 1 0 1 0 0 0 0
geno chr19.17245621 ceu  0 0 0 2 1 1 0 1 0 0 0 0 0 0 0 1 1 0 0 0 0 0 0 0 1 0 0 0 0 0 0 0 0 1 0 0 0 0 1 2 0 0 1 0 0 0 0 0 0 1 0 1 0 0 1 0 0 0 0 0 0 0 0 0 0 1 1 0 1 1 0 0 0 0 0 0 0 0
geno chr19.17245621 fin  0 0 0 0 0 1 0 0 0 0 0 0 1 0 0 1 0 0 0 1 0 0 0 0 1 1 2 0 0 0 0 0 1 0 1 0 0 1 2 0 0 0 0 0 1 0 2 0 0 0 1 1 0 1 0 0 2 0 0 1 0 0 0 0 0 0 0 1 2 0 0 0 0 0 0 0 0 0 0 0 1 1 1 0 0 0 0 1 0
geno chr19.17245621 gbr  0 1 0 0 0 0 0 0 1 0 1 0 0 0 0 0 1 1 1 0 0 1 1 0 1 0 0 1 0 0 0 0 0 0 0 2 0 0 1 0 2 0 1 0 0 0 0 0 0 0 0 1 0 1 0 0 0 0 0 0 0 1 0 1 0 0 1 1 0 1 0 0 0 1 0 0 1 0 1 0 0 0 1 1
geno chr19.17245621 tsi  1 0 1 1 0 0 0 0 1 0 1 1 0 0 1 0 1 0 0 0 2 0 0 0 0 0 0 1 0 0 0 0 0 0 0 0 0 0 0 1 0 0 0 0 0 0 0 0 1 0 0 1 0 0 0 0 0 0 0 0 0 0 1 0 0 1 0 1 0 0 0 0 0 0 0 1 0 0 0 0 0 0 0 0 0 0 0 0 0 1 1 1
geno chr19.17245621 yri  0 0 1 1 0 0 1 1 1 1 1 0 1 0 1 1 0 2 1 1 1 1 1 0 0 1 0 0 0 1 2 0 2 0 1 2 1 1 1 1 0 0 2 2 1 0 0 0 1 1 1 1 0 2 0 0 1 2 0 1 1 1 1 1 0 0 0 1 1 0 0 0 1 0 0 0 0
geno chr19.17245636 ceu  0 0 0 2 1 1 0 1 0 0 0 0 0 0 0 1 1 0 0 0 0 0 0 0 1 0 0 0 0 0 0 0 0 1 0 0 0 0 1 2 0 0 1 0 0 0 0 0 0 1 0 1 0 0 1 0 0 0 0 0 0 0 0 0 0 1 1 0 1 1 0 0 0 0 0 0 0 0
geno chr19.17245636 fin  0 0 0 0 0 1 0 0 0 0 0 0 1 0 0 1 0 0 0 1 0 0 0 0 1 1 2 0 0 0 0 0 1 0 1 0 0 1 2 0 0 0 0 0 1 0 2 0 0 0 1 1 0 1 0 0 2 0 0 1 0 0 0 0 0 0 0 1 2 0 0 0 0 0 0 0 0 0 0 0 1 1 1 0 0 0 0 1 0
geno chr19.17245636 gbr  0 1 0 0 0 0 0 0 1 0 1 0 0 0 0 0 1 1 1 0 0 1 1 0 1 0 0 1 0 0 0 0 0 0 0 2 0 0 1 0 2 0 1 0 0 0 0 0 0 0 0 1 0 1 0 0 0 0 0 0 0 1 0 1 0 0 1 1 0 1 0 0 0 1 0 0 1 0 1 0 0 0 1 1
geno chr19.17245636 tsi  1 0 1 1 0 0 0 0 1 0 1 1 0 0 1 0 1 0 0 0 2 0 0 0 0 0 0 1 0 0 0 0 0 0 0 0 0 0 0 1 0 0 0 0 0 0 0 0 1 0 0 1 0 0 0 0 0 0 0 0 0 0 1 0 0 1 0 1 0 0 0 0 0 0 0 1 0 0 0 0 0 0 0 0 0 0 0 0 0 1 1 1
geno chr19.17245636 yri  0 0 1 1 0 0 1 1 1 1 1 0 1 0 1 1 0 2 1 1 1 1 1 0 0 1 0 0 0 1 2 0 2 0 1 2 1 1 1 1 0 0 2 2 1 0 0 0 1 1 1 1 0 2 0 0 1 2 0 1 1 1 1 1 0 0 0 1 1 0 0 0 1 0 0 0 0
