pheno ENSG00000143870 ceu 0.7931702 1.44173 3.150942 0.077017 2.334664 -1.293347 2.247779 0.3652029 0.7248636 2.06228 1.933291 1.791846 1.520266 1.659007 1.299042 1.40201 1.349991 0.2158555 3.5152 1.327088 3.040655 0.9420514 2.524872 1.151479 2.229831 1.607547 -0.05084205 0.4072154 0.2581374 1.00019 1.302032 0.6946199 2.182939 1.115405 0.4015673 0.03327517 0.5931993 1.075304 1.226696 0.3020992 0.6604294 -0.1322105 2.239099 2.388239 3.119941 1.91765 2.388189 2.590396 1.370326 2.61534 2.127005 1.15874 0.5348905 0.9914459 0.4566682 2.135291 2.785761 2.274045 0.7120047 1.475327 2.16056 1.583962 3.138834 0.2846629 1.853968 -0.0736987 1.448133 3.10497 -0.3603764 1.406424 3.218694 1.91645 1.37961 0.4355651 1.105793 0.7312946 2.026512 3.107636
pheno ENSG00000143870 fin 0.09411092 -2.180864 -2.349541 -1.991641 -1.68504 -0.6131073 -1.205732 -1.467994 -1.267123 -2.13296 -0.7937927 -3.56627 -0.545927 -2.721991 -0.8331097 -2.703001 -0.3015496 -1.003252 -1.050368 -2.47376 -1.072282 -1.70506 -2.147758 0.08929167 -1.651808 -1.589274 -2.483085 -2.054042 -0.3233058 -0.8454186 -1.368368 -0.8017609 -0.8604046 -1.833762 -3.082447 -1.904339 -1.519372 -1.893706 -2.246506 -2.572196 -2.903785 -2.024444 -0.6871365 -1.879288 -2.663728 -1.725352 -2.415387 -1.062906 -1.496215 -0.6881029 -0.3259332 -2.618188 -2.48429 -0.7398638 -2.446515 -0.4614548 -1.081003 -1.160863 -1.588584 -2.387273 -2.245857 -2.167196 -1.971485 -0.05226692 -1.829049 -1.644877 -2.621242 -3.147066 -2.431484 -0.5862217 -1.631187 -0.9956008 -3.02578 -2.661567 -0.9404921 -1.856082 -2.512334 -0.904854 -2.611095 -1.991477 -2.159873 -1.541422 -0.8489073 -2.697571 -1.381065 -1.480718 -0.8293546 -2.3598 -0.9940802
pheno ENSG00000143870 gbr 1.679199 3.103781 0.3560599 2.615689 2.444654 2.171304 3.082996 2.295917 0.7094854 0.278279 1.140365 2.350107 3.202718 2.548322 2.319473 1.939084 2.360597 1.276183 1.067971 1.486952 1.246889 3.668636 1.889509 1.145349 1.221547 0.8744615 2.054079 3.108953 2.264897 2.921281 2.035286 2.480553 1.809557 2.208667 3.215865 2.134587 1.717305 2.908093 0.0614039 1.36397 2.571918 1.950578 2.346866 4.230276 1.22639 1.649268 1.240623 2.019183 1.854891 3.352599 1.716992 2.462799 0.8496617 2.291996 1.849448 1.354294 1.186357 1.227195 1.039977 2.772642 1.225846 1.340561 1.47397 3.019106 1.108831 1.956264 1.707727 3.483717 1.821852 3.022492 1.540286 2.135466 2.940724 2.560955 1.556896 2.505977 2.682788 1.420409 1.183269 2.704246 1.835844 1.796913 1.300143 3.532546
pheno ENSG00000143870 tsi -0.07126025 -2.718685 -1.58995 -2.77493 -1.123297 -2.022435 0.1800709 -2.05623 -1.234238 -1.223473 2.468135 -1.684165 -2.122736 0.3261681 -1.109598 -1.172868 -2.97129 -0.924417 -0.6055747 -1.689975 -0.7178911 -0.4984902 -0.5222045 -0.1007781 -0.9346171 1.114735 -1.747306 -0.05604887 -2.047156 -3.063715 -1.681606 -0.9232717 -0.3349119 -0.9826534 1.001439 -1.343863 -0.8028471 -0.5316089 -1.971862 -0.9322663 0.7721265 -0.9958566 1.115622 -2.138998 0.1064558 -1.610929 -0.7756126 -1.665871 0.1328648 -2.173958 -1.523631 -0.7961134 -0.6432327 -1.812063 -1.552542 -0.7996433 -1.65589 -0.797475 -0.350617 -1.349337 -0.2946165 -0.3553172 -1.993805 -1.859087 -1.918327 -1.368131 -1.575741 -0.09159989 -1.214985 1.503164 -1.598492 -1.839602 0.4743135 -0.5015993 -1.44327 0.5134657 -0.7322248 -1.532394 0.1303667 0.4796546 -1.730593 -1.348703 -1.974976 -0.7704648 1.371256 0.3182493 -1.218336 -1.245393 -1.61207 -0.0686037 -0.6878592 -1.951154
pheno ENSG00000143870 yri 1.610056 0.5869077 0.9500927 0.1680147 0.1958392 1.594366 1.023691 0.2226028 2.266587 1.555063 0.8880331 1.230937 1.508483 1.247008 0.5723704 1.671504 2.498993 0.3748389 1.385097 1.726717 1.346083 2.047138 0.1165473 -1.024067 0.3655383 0.3904773 0.3595529 -1.448459 2.344128 -0.2478738 -0.3161268 0.5682372 1.629088 -1.587281 2.305587 1.763337 1.979606 0.0921347 0.8899004 1.133822 -0.3509919 1.33028 -0.3587321 0.9469024 0.9457557 1.861613 -0.9272173 1.339485 -0.09359481 1.441675 1.916057 3.351787 1.705632 0.8717323 -0.03308315 1.972847 0.8954586 0.4145299 2.436555 0.6901044 -0.7454233 2.607401 1.578529 -1.040199 0.8893948 0.6909588 2.087315 0.7445891 0.929358 1.804255 -0.05239955 1.0511 0.3867788 3.060601 0.3248253 0.06502229 -0.06553959
geno chr2.10878511 ceu  1 1 1 1 0 1 0 0 1 0 0 0 0 1 0 0 1 1 0 2 1 0 0 0 0 0 0 0 0 1 0 1 1 1 1 0 0 1 0 0 0 0 2 1 0 1 0 0 0 0 1 0 1 1 0 1 1 1 0 1 0 1 0 0 1 0 0 0 0 2 0 0 1 0 1 0 0 0
geno chr2.10878511 fin  1 1 0 0 1 1 0 0 0 0 0 0 0 0 0 0 0 1 0 1 0 0 1 1 1 0 1 0 0 0 1 0 1 1 1 1 1 1 0 0 1 0 0 1 0 0 1 1 1 0 1 1 1 1 1 1 0 0 0 1 0 0 2 0 0 0 1 0 1 0 1 0 1 0 0 0 1 1 0 1 1 0 1 1 0 1 0 0 0
geno chr2.10878511 gbr  2 0 1 0 0 0 0 2 0 0 0 0 0 1 1 2 1 0 0 1 0 0 0 0 1 0 1 0 1 0 0 0 0 0 0 0 0 0 0 1 0 0 0 0 0 1 0 0 1 0 1 2 2 1 0 0 0 1 0 1 0 1 0 1 0 1 0 0 0 1 0 0 0 0 0 0 1 0 0 2 0 1 0 0
geno chr2.10878511 tsi  1 0 1 0 0 0 0 0 2 1 0 0 1 0 1 0 0 0 0 0 1 0 0 0 0 0 0 1 1 0 0 0 1 1 2 0 0 1 1 0 2 0 1 0 0 0 1 0 1 1 0 0 0 0 0 0 0 1 0 0 0 0 1 0 0 2 2 0 1 0 0 0 1 0 1 0 1 1 0 0 1 2 1 2 0 0 0 1 0 1 0 0
geno chr2.10878511 yri  0 1 1 1 1 0 0 1 1 0 0 0 0 0 0 0 1 0 1 2 0 1 0 1 0 1 0 1 0 0 1 0 1 2 0 1 0 0 0 0 0 2 0 1 0 1 0 0 0 0 0 0 0 1 1 2 1 0 1 0 1 1 0 0 1 0 1 1 0 1 2 0 0 1 1 2 0
geno chr2.10879251 ceu  1 0 1 1 2 1 2 2 1 2 2 2 2 1 2 2 1 1 2 0 1 2 2 2 2 2 2 2 2 1 2 1 1 1 1 2 2 1 2 2 2 2 0 1 2 1 2 2 2 2 1 2 1 1 2 1 1 1 2 1 2 1 2 2 1 2 2 2 2 0 2 2 1 2 1 1 2 2
geno chr2.10879251 fin  1 1 2 2 1 1 2 2 2 2 2 2 2 2 2 1 2 1 2 1 2 2 1 0 1 2 0 2 2 2 0 2 1 1 1 1 1 1 2 2 1 2 2 1 2 2 1 1 1 2 1 1 1 1 0 1 2 2 2 1 2 2 0 2 2 1 1 2 1 2 1 1 1 2 1 2 1 1 2 1 1 1 1 1 2 1 2 2 1
geno chr2.10879251 gbr  0 1 1 2 2 1 2 0 2 2 1 1 2 1 1 0 1 2 2 1 2 2 2 2 1 2 1 2 1 2 2 2 2 2 2 2 2 1 2 1 2 2 2 2 2 1 2 2 1 1 1 0 0 1 2 2 2 1 2 1 2 1 2 1 2 1 2 2 2 1 2 2 2 2 2 2 1 2 2 0 2 1 2 2
geno chr2.10879251 tsi  1 2 1 1 2 2 2 2 0 1 2 2 1 2 1 2 2 2 2 2 1 2 2 2 2 2 2 1 1 2 2 2 1 1 0 2 2 1 1 2 0 2 0 2 2 2 1 2 1 1 2 2 2 2 2 2 2 1 2 2 2 2 1 2 2 0 0 2 1 2 2 2 1 2 1 2 1 1 2 2 1 0 1 0 2 2 2 1 2 1 2 2
geno chr2.10879251 yri  0 0 1 1 1 0 1 0 0 0 1 1 0 1 0 0 0 1 0 1 0 1 1 1 1 1 0 1 0 1 0 0 1 0 0 0 1 1 0 1 1 0 1 1 1 1 2 0 0 0 0 0 1 0 1 0 0 2 0 1 0 1 1 1 1 1 0 1 1 0 0 0 1 0 0 0 2
geno chr2.10879287 ceu  0 0 0 0 0 0 0 0 0 0 0 0 0 0 0 0 0 0 0 0 0 0 0 0 0 0 0 0 0 0 0 0 0 0 0 0 0 0 0 0 0 0 0 0 0 0 0 0 0 0 0 0 0 0 0 0 0 0 0 0 0 0 0 0 0 0 0 0 0 0 0 0 0 0 0 1 0 0
geno chr2.10879287 fin  0 0 0 0 0 0 0 0 0 0 0 0 0 0 0 0 0 0 0 0 0 0 0 0 0 0 0 0 0 0 0 0 0 0 0 0 0 0 0 0 0 0 0 0 0 0 0 0 0 0 0 0 0 0 0 0 0 0 0 0 0 0 0 0 0 0 0 0 0 0 0 0 0 0 0 0 0 0 0 0 0 0 0 0 0 0 0 0 0
geno chr2.10879287 gbr  0 0 0 0 0 0 0 0 0 0 1 0 0 0 0 0 0 0 0 0 0 0 0 0 0 0 0 0 0 0 0 0 0 0 0 0 0 0 0 0 0 0 0 0 0 0 0 0 0 0 0 0 0 0 0 0 0 0 0 0 0 0 0 0 0 0 0 0 0 0 0 0 0 0 0 0 0 0 0 0 0 0 0 0
geno chr2.10879287 tsi  0 0 0 0 0 0 0 0 0 0 0 0 0 0 0 0 0 0 0 0 0 0 0 0 0 0 0 0 0 0 0 0 0 0 0 0 0 0 0 0 0 0 0 0 0 0 0 0 0 0 0 0 0 0 0 0 0 0 0 0 0 0 0 0 0 0 0 0 0 0 0 0 0 0 0 0 0 0 0 0 0 0 0 0 0 0 0 0 0 0 0 0
geno chr2.10879287 yri  2 1 1 0 0 0 0 1 1 1 0 1 2 0 1 0 0 1 0 0 1 0 0 0 0 0 0 0 1 1 1 2 0 0 2 1 0 0 1 1 0 0 1 0 1 0 0 1 1 1 1 2 0 0 0 0 0 0 1 0 1 0 0 0 1 1 0 0 0 1 0 0 0 2 1 0 0
geno chr2.10879340 ceu  1 2 1 1 0 1 0 0 1 0 0 0 0 1 0 0 1 1 0 2 1 0 0 0 0 0 0 0 0 1 0 1 1 1 1 0 1 1 0 0 0 0 2 1 0 1 0 0 0 0 1 0 1 1 0 1 1 1 0 1 0 1 0 0 1 0 0 0 0 2 0 0 1 0 1 0 0 0
geno chr2.10879340 fin  1 1 0 0 1 1 0 0 0 0 0 0 0 0 0 0 0 1 1 1 0 0 1 2 1 0 2 0 0 0 2 0 1 1 1 1 1 1 0 0 1 0 0 1 0 0 1 1 1 0 1 1 0 1 2 0 0 0 0 1 0 0 2 0 0 1 1 0 1 0 1 1 1 0 0 0 0 1 0 1 1 1 1 1 0 1 0 0 0
geno chr2.10879340 gbr  2 1 1 0 0 1 0 2 0 0 1 1 0 1 1 2 1 0 0 1 0 0 0 0 1 0 1 0 1 0 0 1 0 0 0 0 0 1 0 1 0 0 0 0 0 1 0 0 1 0 1 2 2 1 0 0 0 1 0 1 0 1 0 1 0 1 0 0 0 1 0 0 0 0 0 0 1 0 0 2 0 1 0 0
geno chr2.10879340 tsi  1 0 1 1 0 0 0 0 2 1 0 0 2 0 1 0 0 0 0 0 1 0 0 0 0 0 0 1 1 0 0 0 1 1 2 0 0 1 1 0 2 0 1 0 0 0 1 0 1 1 0 0 0 0 0 0 0 1 0 0 0 0 0 0 0 2 1 0 1 0 0 0 1 0 1 0 1 1 0 0 1 2 1 1 0 0 0 1 0 1 0 0
geno chr2.10879340 yri  0 1 0 1 1 0 1 1 1 0 1 0 0 0 0 0 1 0 2 1 1 1 0 1 0 1 0 1 1 0 1 0 1 2 0 1 0 0 0 0 0 1 0 1 0 1 0 0 0 0 1 0 0 1 1 2 1 0 1 0 1 0 1 0 0 0 1 1 0 1 1 0 0 0 1 2 0
geno chr2.10879411 ceu  0 0 0 1 0 0 0 0 0 1 1 0 0 0 1 0 0 1 0 0 2 0 2 1 2 0 1 2 1 0 0 1 0 1 0 1 0 0 0 0 2 0 0 0 0 0 0 1 1 0 0 0 0 0 0 1 0 0 0 1 0 0 1 0 1 1 0 0 1 0 1 0 0 1 0 0 0 1
geno chr2.10879411 fin  0 0 1 0 0 0 0 1 0 1 0 0 0 1 0 0 0 0 0 2 0 0 0 0 0 0 0 0 0 1 0 0 0 0 1 0 0 0 1 0 0 1 0 0 0 0 0 0 0 0 1 1 1 1 0 1 0 0 1 0 0 0 0 1 0 0 0 0 1 0 0 0 0 1 1 0 1 0 0 1 0 0 0 2 0 0 0 0 1
geno chr2.10879411 gbr  0 0 0 1 0 0 1 0 0 0 0 0 1 1 1 0 2 0 1 0 0 1 0 0 0 0 0 0 1 0 1 0 1 0 0 0 1 0 0 1 0 1 1 0 1 0 0 0 0 1 0 1 0 0 1 0 0 1 0 1 0 0 0 0 0 1 0 1 0 0 1 0 0 0 1 0 1 0 1 0 0 0 1 1
geno chr2.10879411 tsi  0 0 1 1 0 0 1 1 0 0 0 0 0 1 0 1 0 1 2 1 0 1 1 0 2 0 0 1 0 0 1 2 0 1 1 1 0 0 1 0 0 0 0 0 0 0 1 0 0 0 1 0 1 1 1 1 2 0 0 0 0 1 1 0 2 0 1 0 2 0 0 0 1 1 1 1 0 0 1 0 1 0 0 0 0 0 0 0 0 1 1 0
geno chr2.10879411 yri  1 1 2 0 0 0 0 0 0 0 0 0 2 0 0 0 0 0 0 0 1 0 1 0 1 0 0 0 1 1 0 1 0 0 2 0 0 0 1 1 0 0 0 0 0 0 0 0 2 0 0 0 0 0 0 0 0 0 1 0 0 0 0 0 1 1 0 0 0 0 0 0 0 1 1 0 0
geno chr2.10880103 ceu  2 2 1 2 2 2 2 2 2 2 1 2 2 2 2 2 2 1 2 1 2 2 2 2 2 2 2 2 2 2 2 2 2 2 0 2 1 2 2 2 2 2 2 2 2 2 2 2 2 2 2 1 2 2 2 2 2 2 2 2 2 1 2 2 2 2 2 2 2 2 2 2 2 2 2 2 2 2
geno chr2.10880103 fin  2 2 2 2 2 2 2 2 2 2 2 2 2 2 2 2 2 2 2 2 2 2 2 2 2 2 2 2 2 2 2 2 2 2 2 2 2 2 2 1 2 2 2 2 2 2 2 2 2 1 2 2 1 2 2 1 2 2 2 2 2 2 2 2 2 2 2 2 2 2 2 2 2 2 2 2 2 2 1 2 2 2 2 2 2 2 2 2 2
geno chr2.10880103 gbr  2 2 2 2 2 2 2 2 2 2 2 2 1 1 2 2 2 1 2 2 2 2 1 2 2 2 2 2 2 2 2 2 2 2 2 2 2 2 2 2 2 2 2 2 2 2 2 2 2 2 2 2 2 2 2 2 2 2 2 1 2 2 2 2 2 1 2 2 2 2 2 2 2 2 1 2 2 2 2 2 2 2 2 2
geno chr2.10880103 tsi  2 2 2 2 2 2 2 2 2 2 2 2 2 2 2 2 2 1 2 2 2 2 2 2 2 2 2 2 2 2 2 2 2 2 2 2 1 2 2 2 2 2 2 2 2 2 2 2 2 2 2 2 2 2 2 2 2 2 2 2 2 2 2 2 2 2 2 2 2 2 2 2 2 2 2 2 2 2 2 2 2 2 2 2 2 2 1 2 1 2 2 2
geno chr2.10880103 yri  2 2 2 2 2 2 2 2 2 2 2 2 2 2 1 0 2 2 2 2 2 2 2 2 2 2 2 2 2 2 2 1 2 2 2 2 2 2 2 2 2 2 2 2 2 2 2 1 2 2 2 2 2 2 2 2 1 2 2 2 2 2 2 2 2 2 1 2 2 2 2 2 2 2 2 2 2
geno chr2.10880170 ceu  2 2 2 2 2 2 2 2 2 2 2 2 2 2 2 2 2 2 2 2 2 2 2 2 2 2 2 2 2 2 2 2 2 2 2 2 2 2 2 2 2 2 2 2 2 2 2 2 2 2 2 2 2 2 2 2 2 2 2 2 2 2 2 2 2 2 2 2 2 2 2 2 2 2 2 2 2 2
geno chr2.10880170 fin  2 2 2 2 2 2 2 2 2 2 2 2 2 2 2 2 2 2 2 2 2 2 2 2 2 2 2 2 2 2 2 2 2 2 2 2 2 2 2 2 2 2 2 2 2 2 2 2 2 2 2 2 2 2 2 2 2 2 2 2 2 2 2 2 2 2 1 2 2 2 2 1 2 2 2 2 2 2 2 2 2 2 2 2 2 2 2 2 2
geno chr2.10880170 gbr  1 2 2 2 2 2 2 1 2 2 2 2 2 2 2 2 2 2 2 2 2 2 2 2 2 2 2 1 2 2 2 1 1 2 2 2 2 2 2 2 2 2 2 2 2 1 2 2 2 2 2 2 2 2 2 2 2 2 2 2 2 2 2 2 2 2 2 2 2 2 2 2 2 2 2 2 2 2 2 2 2 2 2 2
geno chr2.10880170 tsi  2 2 2 2 2 2 2 2 2 2 2 2 2 2 2 2 2 2 2 2 2 2 2 2 2 2 2 2 2 2 2 2 2 2 2 2 2 2 2 2 2 2 1 2 2 2 2 2 2 2 2 2 2 2 2 2 1 2 2 2 2 2 2 2 2 2 2 2 2 2 2 2 2 2 2 2 2 2 2 2 2 2 2 2 2 2 2 2 2 2 2 2
geno chr2.10880170 yri  1 2 2 2 2 1 2 2 2 2 2 2 2 2 1 0 2 2 2 2 1 2 2 2 2 2 2 2 1 2 2 2 2 2 2 2 2 2 0 2 1 2 2 1 2 2 2 2 2 2 2 2 1 2 2 2 1 2 2 0 2 2 2 2 2 2 1 2 2 2 2 1 2 2 2 2 2
geno chr2.10881079 ceu  0 0 0 0 0 0 0 0 0 0 0 0 0 0 0 0 0 0 0 0 0 0 0 0 0 0 0 0 0 0 0 0 0 0 0 0 0 0 0 0 0 0 0 0 0 0 0 0 0 0 0 0 0 0 0 0 0 0 0 0 0 0 0 0 0 0 0 0 0 0 0 0 0 0 0 1 0 0
geno chr2.10881079 fin  0 0 0 0 0 0 0 0 0 0 0 0 0 0 0 0 0 0 0 0 0 0 0 0 0 0 0 0 0 0 0 0 0 0 0 0 0 0 0 0 0 0 0 0 0 0 0 0 0 0 0 0 0 0 0 0 0 0 0 0 0 0 0 0 0 0 0 0 0 0 0 0 0 0 0 0 0 0 0 0 0 0 0 0 0 0 0 0 0
geno chr2.10881079 gbr  0 0 0 0 0 0 0 0 0 0 0 0 0 0 0 0 0 0 0 0 0 0 0 0 0 0 0 0 0 0 0 0 0 0 0 0 0 0 0 0 0 0 0 0 0 0 0 0 0 0 0 0 0 0 0 0 0 0 0 0 0 0 0 0 0 0 0 0 0 0 0 0 0 0 0 0 0 0 0 0 0 0 0 0
geno chr2.10881079 tsi  0 0 0 0 0 0 0 0 0 0 0 0 0 0 0 0 0 0 0 0 0 0 0 0 0 0 0 0 0 0 0 0 0 0 0 0 0 0 0 0 0 0 0 0 0 0 0 0 0 0 0 0 0 0 0 0 0 0 0 0 0 0 0 0 0 0 0 0 0 0 0 0 0 0 0 0 0 0 0 0 0 0 0 0 0 0 0 0 0 0 0 0
geno chr2.10881079 yri  1 1 0 0 0 0 1 1 1 1 0 1 1 0 1 0 2 1 0 0 0 1 1 0 1 0 0 0 1 1 1 0 0 0 1 0 0 1 0 1 0 0 1 0 1 0 1 1 2 1 1 2 0 1 0 0 1 0 1 0 1 1 0 1 0 1 0 0 1 1 0 0 1 1 1 0 0
geno chr2.10881867 ceu  1 0 0 0 1 0 1 2 1 1 1 2 1 0 1 2 2 0 1 0 0 1 0 1 0 2 1 0 1 1 2 1 1 1 1 1 2 1 2 1 0 2 0 1 1 1 2 0 0 1 1 2 1 1 1 1 1 1 1 1 2 1 2 2 1 1 1 2 0 0 1 2 0 0 0 1 2 1
geno chr2.10881867 fin  1 2 1 2 1 1 2 1 2 1 1 2 2 1 2 1 2 1 2 0 2 2 1 0 1 2 0 2 2 1 0 2 1 0 1 1 1 1 0 2 1 1 1 0 1 1 1 1 1 1 0 0 1 0 0 1 2 2 1 1 2 1 0 1 2 1 1 2 0 2 1 1 2 1 1 1 1 1 2 1 1 1 1 0 2 1 1 2 1
geno chr2.10881867 gbr  0 0 1 1 1 0 1 0 1 2 2 1 1 0 1 0 0 2 1 1 2 0 2 1 1 1 0 2 1 2 1 2 1 2 2 2 1 1 1 0 1 1 2 1 1 0 2 1 1 1 1 0 0 1 0 1 2 0 1 0 1 0 2 1 2 2 2 0 2 0 1 2 2 2 2 2 0 1 1 0 2 1 1 0
geno chr2.10881867 tsi  1 2 1 0 1 2 1 1 0 1 2 1 0 0 0 1 2 1 0 1 0 1 0 1 0 2 1 0 1 2 0 0 0 0 0 0 2 1 1 2 0 2 0 1 0 1 0 1 1 2 0 2 1 1 1 1 0 0 2 2 1 1 1 2 0 0 0 2 0 2 1 1 1 1 0 0 1 0 1 1 0 1 1 0 1 1 2 0 2 0 1 0
geno chr2.10881867 yri  0 0 0 0 0 0 0 0 0 0 1 1 0 1 0 0 0 1 0 0 0 1 1 0 0 0 0 0 0 1 0 0 0 0 0 0 0 0 0 0 0 0 0 0 1 0 1 0 0 0 0 0 0 0 0 0 0 1 0 0 0 0 0 0 1 0 0 2 0 0 0 0 0 0 0 0 0
geno chr2.10883420 ceu  0 0 0 0 0 0 0 0 0 0 0 1 0 0 0 1 0 0 0 0 0 0 0 1 0 0 0 0 0 0 0 0 0 0 0 0 0 0 0 0 0 0 0 0 0 0 0 0 0 1 0 0 0 0 0 0 0 0 0 0 0 0 0 0 0 0 0 0 0 0 0 0 0 0 0 0 1 0
geno chr2.10883420 fin  0 0 0 0 0 0 0 0 1 0 0 0 0 0 0 0 1 0 0 0 0 0 0 0 0 0 0 0 0 0 0 0 0 0 0 1 0 0 0 0 0 1 0 0 0 0 0 0 1 0 0 0 0 0 0 0 0 0 0 0 0 0 0 0 2 0 0 0 0 0 0 0 0 0 0 0 0 0 0 0 0 0 0 0 0 0 1 0 0
geno chr2.10883420 gbr  0 0 1 0 0 0 0 0 0 0 1 0 0 0 0 0 0 1 1 0 0 0 1 0 0 0 0 0 0 0 0 0 1 1 0 0 0 0 0 0 0 0 0 1 0 0 0 0 0 0 0 0 0 0 0 0 0 0 0 0 0 0 0 0 0 0 0 0 0 0 0 0 0 0 0 0 0 0 0 0 1 0 0 0
geno chr2.10883420 tsi  0 0 0 0 0 0 0 0 0 0 0 0 0 0 0 0 0 0 0 1 0 0 0 0 0 0 0 0 0 0 0 0 0 0 0 0 0 0 0 1 0 0 0 1 0 0 0 0 0 0 0 0 0 0 0 0 0 0 0 0 0 0 0 0 0 0 0 0 0 0 0 0 0 0 0 0 0 0 0 0 0 0 0 0 0 0 1 0 2 0 0 0
geno chr2.10883420 yri  0 0 0 0 0 0 0 0 0 0 0 0 0 0 0 0 0 0 0 0 0 0 0 0 0 0 0 0 0 0 0 0 0 0 0 0 0 0 0 0 0 0 0 0 0 0 0 0 0 0 0 0 0 0 0 0 0 0 0 0 0 0 0 0 0 0 0 0 0 0 0 0 0 0 0 0 0
geno chr2.10883836 ceu  1 2 1 2 1 2 1 2 2 1 1 1 0 1 1 1 1 1 0 2 1 1 2 2 2 0 1 2 0 1 0 1 1 0 1 1 0 0 0 1 1 0 2 1 1 2 0 2 0 2 1 0 1 1 1 0 1 1 1 0 0 1 0 0 0 0 1 1 1 1 1 1 2 0 1 0 2 1
geno chr2.10883836 fin  1 1 1 0 1 1 1 2 1 2 1 0 2 2 1 1 1 1 0 1 0 1 1 2 2 0 2 1 1 1 2 0 1 1 0 2 1 0 1 1 1 2 0 2 1 1 1 1 2 2 0 1 0 2 2 0 0 0 1 2 1 1 2 1 1 1 0 0 1 0 1 1 0 2 0 1 1 2 0 0 1 2 2 1 0 2 2 1 2
geno chr2.10883836 gbr  1 2 2 1 2 1 1 1 0 0 1 1 1 2 2 2 1 1 2 1 0 1 1 0 1 1 1 0 0 0 1 1 2 2 0 0 1 1 1 2 1 1 0 1 1 1 1 1 2 1 1 1 1 2 2 1 0 2 0 2 0 1 0 1 1 0 0 2 0 1 0 0 0 0 0 0 1 1 1 2 1 1 0 1
geno chr2.10883836 tsi  2 0 1 2 0 1 0 1 2 2 0 1 1 2 2 1 0 1 2 2 0 0 2 1 1 1 0 2 1 0 1 1 2 2 1 1 0 1 0 1 1 0 1 2 1 1 2 0 1 0 2 0 0 1 1 2 2 2 0 0 1 1 1 0 2 2 1 1 1 0 0 2 0 2 2 0 0 2 1 1 2 1 0 2 0 0 1 1 2 1 0 0
geno chr2.10883836 yri  1 1 1 0 2 1 2 2 2 2 0 0 1 1 0 0 1 1 2 2 1 1 0 1 2 2 2 1 1 0 0 1 2 2 0 2 2 2 0 0 1 2 2 2 0 2 1 2 1 2 2 0 1 2 2 1 0 1 1 1 1 1 2 2 0 1 1 0 2 2 2 1 2 2 1 2 2
geno chr2.10884116 ceu  2 1 1 1 1 0 2 2 2 1 2 2 2 2 1 2 1 0 2 0 0 1 0 2 2 2 2 1 0 1 2 2 2 2 1 2 2 2 2 1 2 1 1 2 0 0 1 1 2 1 1 2 2 1 2 2 2 1 1 1 2 1 2 2 2 1 2 2 1 1 1 1 1 2 2 2 2 0
geno chr2.10884116 fin  2 2 1 2 2 2 2 1 2 2 1 2 2 0 2 2 2 1 2 1 2 2 2 0 0 2 2 2 2 2 1 2 1 1 2 2 1 1 1 2 1 1 1 0 2 2 2 2 2 1 2 2 1 1 1 1 2 2 0 1 2 1 2 1 2 1 2 2 1 1 1 0 1 1 1 2 2 2 2 2 1 1 2 2 1 2 1 2 1
geno chr2.10884116 gbr  1 1 2 1 2 1 1 2 2 2 2 2 2 1 0 0 1 2 1 1 0 0 2 2 2 1 1 1 2 2 1 1 1 1 1 2 2 0 1 1 1 1 2 2 0 0 1 2 2 0 1 1 2 1 1 1 2 1 2 2 2 2 1 1 2 2 2 1 2 2 1 2 1 1 2 2 1 1 1 1 2 1 2 2
geno chr2.10884116 tsi  2 2 0 2 2 2 2 1 2 2 2 1 1 1 1 2 2 2 0 2 2 1 0 2 1 2 2 2 0 2 0 1 0 0 2 0 2 2 1 1 1 2 0 1 2 2 1 2 0 2 0 2 1 2 1 0 1 1 2 2 1 1 1 2 0 0 0 2 2 2 2 0 2 1 1 2 2 1 0 1 2 2 2 0 1 2 2 1 2 0 2 2
geno chr2.10884116 yri  0 1 1 1 0 0 0 0 0 0 2 1 0 0 0 1 1 0 0 0 0 1 1 0 0 0 0 0 0 1 2 0 0 1 0 0 1 0 0 1 0 0 1 0 1 0 1 0 0 0 0 1 0 0 0 0 1 1 0 0 0 0 0 0 2 2 1 2 0 0 0 0 0 1 1 0 0
geno chr2.10884117 ceu  2 1 1 1 1 0 2 2 2 1 1 2 2 2 1 2 1 0 2 0 2 1 0 1 2 2 2 0 1 1 2 2 2 2 1 2 2 2 2 1 1 1 1 2 0 1 1 1 2 1 1 2 2 0 2 2 2 1 1 1 2 1 2 2 2 1 2 2 1 1 1 1 1 2 2 2 2 0
geno chr2.10884117 fin  2 2 1 2 2 2 2 1 2 1 1 2 2 0 2 2 2 1 2 1 2 2 2 0 0 2 2 2 2 2 1 2 1 1 2 2 1 1 1 2 1 1 2 0 2 2 2 2 2 1 2 2 1 1 1 1 2 2 1 1 2 1 2 1 2 1 2 2 1 1 1 2 1 1 1 2 2 2 2 2 1 1 2 2 2 2 1 2 1
geno chr2.10884117 gbr  1 1 2 1 2 1 1 2 2 2 2 2 2 1 0 0 1 2 1 1 0 0 2 2 2 1 1 1 2 2 1 1 1 1 1 2 2 1 1 1 1 1 2 2 0 0 1 2 2 0 1 2 2 1 1 1 2 1 2 2 2 2 1 2 2 2 2 1 2 2 1 2 1 2 2 2 1 1 1 1 2 2 2 2
geno chr2.10884117 tsi  2 2 1 2 2 2 2 1 2 2 2 1 1 1 1 2 2 2 0 2 2 1 0 2 1 2 2 2 1 2 0 1 0 0 2 0 2 2 1 1 1 2 0 1 2 2 1 2 1 2 0 2 1 2 1 0 1 1 2 2 1 1 1 2 0 0 0 2 2 2 2 0 2 1 1 2 2 1 0 1 2 2 2 0 1 2 2 1 2 0 2 2
geno chr2.10884117 yri  0 1 1 1 0 0 0 0 0 0 2 1 0 0 0 1 1 1 0 1 0 1 1 1 0 0 0 0 0 1 0 0 0 1 0 0 1 0 0 1 0 0 1 0 1 0 1 0 0 0 1 1 0 0 0 0 1 1 0 0 0 0 0 0 2 1 1 2 0 0 0 0 0 1 1 0 0
geno chr2.10885084 ceu  0 0 0 0 0 0 0 0 0 0 0 0 0 0 0 0 0 0 0 0 0 0 0 0 0 0 0 0 0 0 0 0 0 0 0 0 0 0 0 0 0 0 0 0 0 1 0 0 0 0 0 0 0 0 0 0 0 0 0 0 0 0 0 0 0 0 0 0 0 0 0 0 0 0 0 0 0 0
geno chr2.10885084 fin  0 0 0 0 0 0 0 0 0 0 0 0 0 0 0 0 0 0 0 0 0 0 0 0 0 0 0 0 0 0 0 0 0 0 0 0 0 0 0 0 0 0 0 0 0 0 0 0 0 0 0 0 0 0 0 0 0 0 0 0 0 0 0 0 0 0 0 0 0 0 0 0 0 0 0 0 0 0 0 0 0 0 0 0 0 0 0 0 0
geno chr2.10885084 gbr  0 0 0 0 0 0 0 0 0 0 0 0 0 0 0 0 0 0 0 0 0 0 0 0 0 0 0 0 0 0 0 0 0 0 0 0 0 0 0 0 0 0 0 0 0 0 0 0 0 0 0 0 0 0 0 0 0 0 0 0 0 0 0 0 0 0 0 0 0 0 0 0 0 0 0 0 0 0 0 0 0 0 0 0
geno chr2.10885084 tsi  0 0 0 0 0 0 0 0 0 0 0 0 0 0 0 0 0 0 0 0 0 0 0 0 0 0 0 0 0 0 0 0 0 0 0 0 0 0 0 0 0 0 1 0 0 0 0 0 0 0 0 0 0 0 0 0 0 0 0 0 0 0 0 0 0 0 0 0 0 0 0 0 0 0 0 0 0 0 0 0 0 0 0 0 0 0 0 0 0 0 0 0
geno chr2.10885084 yri  0 1 0 1 1 1 0 0 1 0 0 0 0 0 1 0 0 0 0 0 0 1 0 0 0 1 0 0 1 1 0 0 2 0 0 0 1 1 1 0 0 1 1 2 0 0 0 0 0 0 0 2 1 1 1 1 0 1 2 1 0 1 1 1 0 0 0 1 0 1 0 1 1 0 0 1 1
geno chr2.10885305 ceu  1 2 2 2 2 2 2 2 2 2 1 2 2 2 2 2 1 2 1 2 2 2 2 2 2 2 2 2 2 2 0 2 1 2 1 1 2 1 2 1 2 1 2 2 2 2 2 2 2 2 2 2 2 2 2 2 2 2 2 1 1 2 2 1 2 2 2 2 1 2 2 2 2 2 2 2 2 2
geno chr2.10885305 fin  1 2 2 2 1 2 2 2 2 1 1 1 1 2 2 2 2 2 1 2 1 2 2 2 1 2 2 1 2 2 1 1 2 2 2 2 2 1 2 1 2 2 2 2 2 2 2 2 2 2 2 2 1 2 2 2 1 2 2 2 2 2 2 2 2 1 1 2 2 2 2 2 2 2 1 2 1 2 1 2 2 1 2 2 1 2 2 2 2
geno chr2.10885305 gbr  2 2 2 2 2 2 2 2 2 0 2 1 2 2 2 2 2 2 2 2 2 2 1 2 2 1 2 1 2 2 2 2 2 2 2 2 2 2 2 2 2 2 2 2 2 2 1 2 2 2 2 2 2 2 2 2 2 2 2 2 2 2 2 1 2 1 2 2 1 2 2 1 0 2 0 1 1 2 2 2 2 1 2 2
geno chr2.10885305 tsi  2 0 1 2 2 1 2 2 2 2 2 2 2 2 2 2 1 1 2 2 2 2 2 2 2 2 1 2 2 1 2 2 2 1 2 2 0 1 2 2 2 1 2 2 2 2 2 2 2 1 2 2 2 2 2 2 2 1 1 1 2 2 2 2 2 2 2 2 1 2 2 2 2 2 2 1 2 2 2 2 2 2 2 2 2 2 2 2 1 2 1 2
geno chr2.10885305 yri  2 2 2 1 1 2 1 1 1 1 1 1 2 1 1 1 1 1 0 1 2 2 2 1 2 1 1 2 2 2 0 2 2 0 2 1 2 2 2 2 0 2 2 2 1 1 1 1 1 2 0 2 1 2 1 1 0 2 1 1 1 1 2 2 2 0 0 2 1 1 2 2 2 2 0 1 1
geno chr2.10885901 ceu  1 1 1 1 0 1 1 0 1 0 0 1 0 1 0 0 1 1 0 1 0 0 0 0 1 0 1 0 0 0 0 2 1 0 1 1 0 0 0 0 1 0 2 1 0 1 0 0 0 0 0 0 0 0 0 1 1 1 1 0 0 1 1 0 0 1 1 1 1 0 1 0 0 0 0 0 0 0
geno chr2.10885901 fin  1 0 0 0 0 1 0 0 0 0 0 0 0 1 0 0 0 0 0 0 0 0 0 1 1 1 1 0 0 1 0 0 1 0 0 1 1 0 0 0 1 0 0 0 0 0 1 1 1 0 0 0 1 0 1 1 0 0 0 1 0 0 1 1 0 0 0 0 0 1 1 0 0 0 1 0 1 1 0 0 1 0 1 0 0 1 0 0 0
geno chr2.10885901 gbr  1 0 0 1 0 1 2 1 0 0 0 0 0 0 1 2 0 0 0 0 1 0 0 0 0 0 0 0 0 0 0 0 0 1 0 1 0 0 1 0 0 0 1 0 0 1 0 1 1 0 0 1 1 0 0 0 0 2 0 1 0 1 0 1 0 0 0 0 0 1 0 0 0 0 0 1 0 0 0 0 0 1 0 0
geno chr2.10885901 tsi  0 0 0 0 0 0 0 0 1 0 0 0 0 1 1 0 0 0 0 0 0 0 0 0 1 1 0 2 1 0 0 0 0 1 1 0 0 0 1 0 0 0 1 0 0 0 0 0 1 1 0 1 0 0 2 1 0 0 0 0 0 0 1 0 2 1 1 0 1 0 0 0 1 0 1 0 1 1 1 0 1 0 0 2 0 0 0 0 0 1 0 0
geno chr2.10885901 yri  1 0 2 0 0 0 0 0 0 0 0 0 1 0 0 0 0 0 0 0 1 0 1 0 0 0 0 0 0 0 0 0 0 0 1 0 0 0 1 1 0 0 0 0 0 0 0 0 1 1 0 0 0 0 0 0 0 0 0 0 0 0 0 0 0 0 0 0 0 0 0 0 0 1 0 0 0
geno chr2.10885968 ceu  1 2 2 2 2 2 2 2 2 2 1 2 2 2 2 2 1 2 1 2 2 2 2 2 2 2 2 2 2 2 0 2 1 2 1 1 2 1 2 1 2 1 2 2 2 1 2 2 2 2 2 2 2 2 2 2 2 2 2 1 1 2 2 1 2 2 2 2 1 2 2 2 2 2 2 2 2 2
geno chr2.10885968 fin  1 2 2 2 1 2 2 2 2 1 1 1 1 2 2 2 2 2 1 2 1 2 2 1 1 2 2 1 2 2 1 1 2 2 2 2 2 1 2 1 2 2 2 2 2 2 2 2 2 2 2 2 1 2 2 2 1 2 2 2 2 2 2 2 2 1 1 2 2 2 2 2 2 2 1 2 1 2 1 2 2 1 2 2 1 2 2 2 2
geno chr2.10885968 gbr  2 2 2 2 2 2 2 2 2 1 2 1 2 2 2 2 2 2 2 2 2 2 1 2 2 1 2 1 2 2 2 2 2 2 2 2 2 2 2 2 2 2 2 2 2 2 2 2 2 2 2 2 2 2 2 2 2 2 2 2 2 2 2 1 2 1 2 2 1 2 2 1 1 2 0 1 2 2 2 2 2 1 2 2
geno chr2.10885968 tsi  2 0 1 2 2 1 2 2 2 2 2 2 2 2 2 2 1 1 2 2 2 2 2 2 2 2 2 2 2 1 2 2 2 1 2 2 0 1 2 2 2 1 2 2 2 2 2 2 2 1 2 2 2 2 2 2 2 1 1 1 2 2 2 2 2 2 2 2 1 2 2 2 2 2 2 1 2 2 2 2 2 2 2 2 2 2 2 2 1 2 1 2
geno chr2.10885968 yri  2 2 2 1 0 2 0 1 1 1 1 1 2 1 1 1 1 1 0 1 2 2 2 1 2 0 1 2 2 2 0 1 1 0 2 2 1 1 2 2 0 2 0 2 1 1 1 0 1 2 0 2 0 1 0 1 0 1 1 1 1 0 1 2 2 0 0 2 1 1 2 2 1 2 0 1 0
geno chr2.10886098 ceu  1 2 1 2 2 2 2 1 1 1 1 1 1 1 2 1 1 2 1 2 2 2 2 1 2 1 2 1 1 1 0 2 1 1 1 1 2 0 1 1 2 0 2 2 2 1 1 2 1 1 2 2 1 2 2 1 2 1 2 1 0 2 2 0 2 2 1 1 1 1 1 1 1 1 0 2 1 1
geno chr2.10886098 fin  1 1 2 2 1 2 0 1 1 1 1 0 0 2 1 1 1 1 1 1 1 0 2 1 1 2 2 0 1 2 1 1 2 2 2 1 2 1 1 0 2 1 1 0 0 0 1 2 2 1 2 1 1 1 1 2 1 1 2 2 1 1 1 2 1 1 0 1 2 2 2 1 1 1 1 2 1 1 1 2 2 0 2 2 1 1 1 1 1
geno chr2.10886098 gbr  2 1 0 2 2 1 2 1 1 1 1 0 2 1 1 2 2 1 1 1 2 1 0 1 1 1 0 1 2 1 1 2 2 1 2 2 1 2 2 2 2 2 2 0 1 2 2 2 2 2 2 2 1 1 2 1 2 2 1 1 1 1 2 1 2 1 2 2 0 1 2 1 1 2 0 1 1 1 2 1 2 1 2 2
geno chr2.10886098 tsi  0 0 1 2 0 0 2 1 2 2 2 2 0 2 2 2 1 1 1 2 1 1 1 2 2 1 1 2 2 1 0 2 1 1 2 2 0 1 2 1 2 1 2 1 0 2 0 0 2 1 2 2 2 2 2 2 2 0 0 1 2 1 1 2 2 2 2 2 1 2 1 1 2 2 1 0 1 2 2 2 2 1 1 2 0 1 0 1 0 1 1 1
geno chr2.10886098 yri  2 2 2 1 0 2 0 1 1 1 1 1 2 1 1 1 0 1 0 1 2 2 1 1 1 0 1 2 2 2 0 1 1 0 2 1 1 0 2 2 0 2 0 2 1 1 1 0 1 2 0 2 0 1 0 1 0 1 1 1 1 0 1 2 2 0 0 2 0 1 2 2 0 2 0 1 0
geno chr2.10886322 ceu  0 1 0 1 2 1 1 2 1 1 1 1 1 0 2 2 1 1 1 1 2 2 2 2 1 2 0 2 1 2 0 0 0 1 0 0 2 0 2 1 1 1 0 1 2 0 1 2 1 1 2 2 2 2 2 0 1 1 1 1 0 1 1 1 2 1 1 1 0 2 1 2 2 1 1 2 2 1
geno chr2.10886322 fin  0 2 2 2 1 1 1 1 2 1 1 1 0 0 2 2 2 2 1 1 1 1 2 0 0 1 1 1 2 1 1 1 1 2 2 1 1 1 1 1 1 2 1 1 1 1 1 1 1 1 2 1 0 2 1 1 1 2 1 1 2 2 1 1 2 1 1 2 1 0 1 1 1 2 0 1 1 1 1 2 1 1 1 1 1 1 1 1 1
geno chr2.10886322 gbr  1 0 2 1 2 0 0 1 1 1 2 0 2 2 1 0 2 2 2 1 1 2 1 1 1 1 1 1 1 1 1 1 1 1 2 1 1 1 0 1 2 2 1 1 1 1 2 1 1 2 2 1 1 2 2 0 1 0 0 1 0 0 2 0 2 1 2 2 1 0 2 1 0 2 0 0 2 1 2 2 2 0 2 1
geno chr2.10886322 tsi  2 0 1 2 0 0 2 2 1 2 2 2 1 1 1 2 0 0 2 2 1 1 2 1 1 1 1 0 1 1 2 2 2 0 1 1 0 1 1 2 2 1 0 2 1 2 2 0 1 0 2 1 2 2 0 1 2 0 1 0 2 1 1 1 0 1 0 2 1 2 1 2 1 2 1 0 1 1 1 2 1 2 1 0 1 1 2 2 1 1 1 0
geno chr2.10886322 yri  0 1 0 0 0 0 0 1 0 1 0 0 0 1 0 0 1 1 0 0 1 0 1 0 1 0 1 0 1 0 0 1 0 0 1 2 0 1 0 0 0 0 0 0 0 1 0 0 0 0 0 0 0 1 0 0 0 0 0 1 1 0 1 1 1 0 0 0 1 0 1 1 1 0 0 0 0
geno chr2.10886389 ceu  0 0 0 0 0 0 0 0 0 0 0 0 0 0 0 0 0 0 0 0 0 0 0 0 0 0 0 0 0 0 0 0 0 0 0 0 0 0 0 0 0 0 0 0 0 1 0 0 0 0 0 0 0 0 0 0 0 0 0 0 0 0 0 0 0 0 0 0 0 0 0 0 0 0 0 0 0 0
geno chr2.10886389 fin  0 0 0 0 0 0 0 0 0 0 0 0 0 0 0 0 0 0 0 0 0 0 0 0 0 0 0 0 0 0 0 0 0 0 0 0 0 0 0 0 0 0 0 0 0 0 0 0 0 0 0 0 0 0 0 0 0 0 0 0 0 0 0 0 0 0 0 0 0 0 0 0 0 0 0 0 0 0 0 0 0 0 0 0 0 0 0 0 0
geno chr2.10886389 gbr  0 0 0 0 0 0 0 0 0 0 0 0 0 0 0 0 0 0 0 0 0 0 0 0 0 0 0 0 0 0 0 0 0 0 0 0 0 0 0 0 0 0 0 0 0 0 0 0 0 0 0 0 0 0 0 0 0 0 0 0 0 0 0 0 0 0 0 0 0 0 0 0 0 0 0 0 0 0 0 0 0 0 0 0
geno chr2.10886389 tsi  0 0 0 0 0 0 0 0 0 0 0 0 0 0 0 0 0 0 0 0 0 0 0 0 0 0 0 0 0 0 0 0 0 0 0 0 0 0 0 0 0 0 1 0 0 0 0 0 0 0 0 0 0 0 0 0 0 0 0 1 0 0 0 1 0 0 0 0 0 0 0 0 0 0 0 0 0 0 0 0 0 0 0 0 0 0 0 0 0 0 0 0
geno chr2.10886389 yri  0 1 0 0 1 2 0 0 1 0 1 1 1 0 1 0 0 0 0 0 0 2 0 0 1 1 0 1 1 2 0 0 2 0 0 0 2 1 1 1 0 1 1 2 0 0 1 0 0 0 0 2 1 1 1 1 0 0 1 1 0 1 1 1 1 0 0 2 0 1 0 1 1 0 0 1 1
geno chr2.10886446 ceu  1 1 1 1 0 1 1 0 1 0 0 1 0 1 0 0 1 1 0 1 0 0 0 0 1 0 2 0 0 0 0 2 1 0 1 1 0 0 0 0 1 0 2 1 0 2 0 0 0 1 0 0 0 0 0 1 1 1 1 0 0 1 1 0 0 1 1 1 1 0 1 0 0 0 0 0 0 0
geno chr2.10886446 fin  1 0 0 0 0 1 0 0 0 0 0 0 0 1 0 0 0 0 0 0 0 0 0 1 1 1 1 0 0 1 0 0 1 0 0 1 1 0 0 0 1 0 0 0 0 0 1 1 1 1 0 0 1 0 1 1 0 0 0 1 0 0 1 1 0 0 0 0 0 1 1 0 0 0 1 0 1 1 0 0 1 0 1 1 0 1 1 0 0
geno chr2.10886446 gbr  1 2 0 1 0 1 2 1 0 0 0 1 0 0 1 2 0 0 0 0 1 0 0 0 0 0 0 0 0 0 0 0 0 1 0 1 0 1 2 1 0 0 1 0 0 1 0 1 1 0 0 1 1 0 0 1 0 2 0 1 0 1 0 1 0 0 0 0 0 1 0 0 0 0 0 1 0 0 0 0 0 1 0 0
geno chr2.10886446 tsi  0 0 0 0 0 0 0 0 1 0 0 0 0 1 1 0 0 0 0 0 0 0 0 1 1 1 0 2 1 0 0 0 0 1 1 0 0 0 1 0 0 0 2 0 0 0 0 0 1 1 0 1 0 0 2 1 0 0 0 1 0 0 1 1 2 1 2 0 1 0 0 0 1 0 1 0 1 1 1 0 1 0 0 2 0 0 0 0 0 1 0 0
geno chr2.10886446 yri  2 1 2 0 1 2 0 0 1 0 1 1 2 0 1 1 0 0 0 0 1 2 1 0 1 1 0 2 1 2 0 0 2 0 1 0 2 1 2 2 0 2 1 2 1 0 1 0 1 2 0 2 1 1 1 1 0 0 1 1 0 1 1 1 1 0 0 2 0 1 1 1 1 2 0 1 1
geno chr2.10886978 ceu  0 0 0 0 0 0 0 0 0 0 0 0 0 0 0 0 0 0 0 0 0 0 0 0 0 0 0 0 0 0 0 0 0 0 0 0 0 0 0 0 0 0 0 0 0 1 0 0 0 0 0 0 0 0 0 0 0 0 0 0 0 0 0 0 0 0 0 0 0 0 0 0 0 0 0 0 0 0
geno chr2.10886978 fin  0 0 0 0 0 0 0 0 0 0 0 0 0 0 0 0 0 0 0 0 0 0 0 0 0 0 0 0 0 0 0 0 0 0 0 0 0 0 0 0 0 0 0 0 0 0 0 0 0 0 0 0 0 0 0 0 0 0 0 0 0 0 0 0 0 0 0 0 0 0 0 0 0 0 0 0 0 0 0 0 0 0 0 0 0 0 0 0 0
geno chr2.10886978 gbr  0 0 0 0 0 0 0 0 0 0 0 0 0 0 0 0 0 0 0 0 0 0 0 0 0 0 0 0 0 0 0 0 0 0 0 0 0 0 0 0 0 0 0 0 0 0 0 0 0 0 0 0 0 0 0 0 0 0 0 0 0 0 0 0 0 0 0 0 0 0 0 0 0 0 0 0 0 0 0 0 0 0 0 0
geno chr2.10886978 tsi  0 0 0 0 0 0 0 0 0 0 0 0 0 0 0 0 0 0 0 0 0 0 0 0 0 0 0 0 0 0 0 0 0 0 0 0 0 0 0 0 0 0 1 0 0 0 0 0 0 0 0 0 0 0 0 0 0 0 0 0 0 0 0 0 0 0 0 0 0 0 0 0 0 0 0 0 0 0 0 0 0 0 0 0 0 0 0 0 0 0 0 0
geno chr2.10886978 yri  0 1 0 0 1 0 0 0 0 0 0 1 0 0 1 0 0 0 0 0 0 1 0 0 1 1 0 0 1 1 0 0 2 0 0 0 1 1 0 0 1 0 1 2 1 0 0 0 0 1 0 2 1 1 1 0 0 0 1 0 1 1 1 0 1 1 0 1 0 0 0 0 0 0 0 1 1
geno chr2.10887075 ceu  1 2 2 2 2 2 2 2 2 2 1 2 2 2 2 2 1 2 1 2 2 2 2 2 2 2 2 2 2 2 0 2 1 2 1 1 2 1 2 1 2 1 2 2 2 2 2 2 2 2 2 2 2 2 2 2 2 2 2 1 1 2 2 1 2 2 2 2 1 2 2 2 2 2 2 2 2 2
geno chr2.10887075 fin  1 2 2 2 1 2 2 2 2 1 1 1 1 2 2 2 2 2 1 2 1 2 2 1 1 2 2 1 2 2 1 1 2 2 2 2 2 1 2 1 2 2 2 2 2 2 2 2 2 2 2 2 1 2 2 2 1 2 2 2 2 2 2 2 2 1 1 2 2 2 2 2 2 2 1 2 1 2 1 2 2 1 2 2 1 2 2 2 2
geno chr2.10887075 gbr  2 2 2 2 2 2 2 2 2 1 2 1 2 2 2 2 2 2 2 2 2 2 1 2 2 1 2 1 2 2 2 2 2 2 2 2 2 2 2 2 2 2 2 2 2 2 2 2 2 2 2 2 2 2 2 2 2 2 2 2 2 2 2 1 2 1 2 2 1 2 2 1 1 2 0 1 2 2 2 2 2 1 2 2
geno chr2.10887075 tsi  2 0 1 2 2 2 2 2 2 2 2 2 2 2 2 2 1 1 2 2 2 2 2 2 2 2 2 2 2 1 2 2 2 1 2 2 0 1 2 2 2 1 2 2 2 2 2 2 2 1 2 2 2 2 2 2 2 1 1 1 2 2 2 2 2 2 2 2 1 2 2 2 2 2 2 1 2 2 2 2 2 2 2 2 2 2 2 2 1 2 1 2
geno chr2.10887075 yri  2 2 2 1 2 2 0 1 1 1 1 2 2 1 1 1 0 1 0 1 2 2 1 2 1 1 1 2 2 2 0 2 2 1 2 2 2 1 2 2 1 2 1 2 2 1 1 1 1 2 0 2 1 2 2 1 0 1 1 2 2 1 2 2 2 1 0 2 0 1 2 2 0 2 0 1 1
geno chr2.10887667 ceu  1 1 1 1 0 1 1 0 1 0 0 1 0 1 0 0 1 1 0 1 0 0 0 0 1 0 2 0 0 0 0 2 1 0 1 1 0 0 0 0 1 0 2 1 0 1 0 0 0 1 0 0 0 0 0 1 1 1 1 0 0 1 1 0 0 1 1 1 1 0 1 0 0 0 0 0 0 0
geno chr2.10887667 fin  1 0 0 0 0 1 0 0 0 0 0 0 0 1 0 0 0 0 0 0 0 0 0 1 1 1 1 0 0 1 0 0 1 0 0 1 1 0 0 0 1 0 0 0 0 0 1 1 1 1 0 0 1 0 1 1 0 0 0 1 0 0 1 1 0 0 0 0 0 1 1 0 0 0 1 0 1 1 0 0 1 0 1 1 0 1 1 0 0
geno chr2.10887667 gbr  1 2 0 1 0 1 2 1 0 0 0 1 0 0 1 2 0 0 0 0 1 0 0 0 0 0 0 0 0 0 0 0 0 1 0 1 0 1 2 1 0 0 1 0 0 1 0 1 1 0 0 1 1 0 0 1 0 2 0 1 0 1 0 1 0 0 0 0 0 1 0 0 0 0 0 1 0 0 0 0 0 1 0 0
geno chr2.10887667 tsi  0 0 0 0 1 0 0 0 1 0 0 0 0 1 1 0 0 0 0 0 0 0 0 1 1 1 0 2 1 0 0 0 0 1 1 0 0 0 1 0 0 0 1 0 0 0 0 0 1 1 0 1 0 0 2 1 0 0 0 1 0 0 1 1 2 1 2 0 1 0 0 0 1 0 1 0 1 1 1 0 1 0 0 2 0 0 0 0 0 1 0 0
geno chr2.10887667 yri  0 0 0 0 0 2 0 0 0 0 1 1 1 0 0 0 0 0 0 0 0 1 0 0 0 0 0 1 0 1 0 0 0 0 0 0 1 0 1 1 0 1 0 0 1 0 1 0 0 0 0 0 0 0 0 1 0 0 0 1 0 0 0 1 0 0 0 1 0 0 0 1 0 0 0 0 0
geno chr2.10889180 ceu  1 1 1 1 0 1 1 0 1 0 0 1 0 1 0 0 1 1 0 1 0 0 0 0 1 0 2 0 0 0 0 2 1 0 1 1 0 0 0 0 1 0 2 1 0 1 0 0 0 1 0 0 0 0 0 1 1 1 1 0 0 1 1 0 0 1 1 1 1 0 1 0 0 0 0 0 0 0
geno chr2.10889180 fin  1 0 0 0 0 1 0 0 0 0 0 0 0 1 0 0 0 0 0 0 0 0 0 1 1 1 1 0 0 1 0 0 1 0 0 1 1 0 0 0 1 0 0 0 0 0 1 1 1 1 0 0 1 0 1 1 0 0 0 1 0 0 1 1 0 0 0 0 0 1 1 0 0 0 1 0 1 1 0 0 1 0 1 1 0 1 1 0 0
geno chr2.10889180 gbr  1 2 0 1 0 1 2 1 0 0 0 1 0 0 1 2 0 0 0 0 1 0 0 0 0 0 0 0 0 0 0 0 0 1 0 1 0 1 2 1 0 0 1 0 0 1 0 1 1 0 0 1 1 0 0 0 0 2 0 1 0 1 0 1 0 0 0 0 0 1 0 0 0 0 0 1 0 0 0 0 0 1 0 0
geno chr2.10889180 tsi  0 0 0 0 1 0 0 0 1 0 0 0 0 1 1 0 0 0 0 0 0 0 0 1 1 1 0 2 1 0 0 0 0 1 1 0 0 0 1 0 0 0 1 0 0 0 0 0 1 1 0 1 0 0 2 1 0 0 0 0 0 0 1 0 2 1 2 0 1 0 0 0 1 0 1 0 1 1 1 0 1 0 0 2 0 0 0 0 0 1 0 0
geno chr2.10889180 yri  0 0 0 0 0 0 0 0 0 0 1 1 0 0 0 0 0 0 0 0 0 1 0 0 0 0 0 0 0 1 0 0 0 0 0 0 0 0 0 1 0 1 0 0 1 0 1 0 0 0 0 0 0 0 0 0 0 0 0 0 0 0 0 0 0 0 0 1 0 0 0 0 0 0 0 0 0
geno chr2.10889304 ceu  1 1 1 1 0 1 1 0 1 0 0 1 0 1 0 0 1 1 0 1 0 0 0 0 1 0 2 0 0 0 0 2 1 0 1 1 0 0 0 0 1 0 2 1 0 1 0 0 0 1 0 0 0 0 0 1 1 1 1 0 0 1 1 0 0 1 1 1 1 0 1 0 0 0 0 0 0 0
geno chr2.10889304 fin  1 0 0 0 0 1 0 0 0 0 0 0 0 1 0 0 0 0 0 0 0 0 0 1 1 1 1 0 0 1 0 0 1 0 0 1 1 0 0 0 1 0 0 0 0 0 1 1 1 1 0 0 1 0 1 1 0 0 0 1 0 0 1 1 0 0 0 0 0 1 1 0 0 0 1 0 1 1 0 0 1 0 1 1 0 1 1 0 0
geno chr2.10889304 gbr  1 2 0 1 0 1 2 1 0 0 0 1 0 0 1 2 0 0 0 0 1 0 0 0 0 0 0 0 0 0 0 0 0 1 0 1 0 1 2 1 0 0 1 0 0 1 0 1 1 0 0 1 1 0 0 0 0 2 0 1 0 1 0 1 0 0 0 0 0 1 0 0 0 0 0 1 0 0 0 0 0 1 0 0
geno chr2.10889304 tsi  0 0 0 0 1 0 0 0 1 0 0 0 0 1 1 0 0 0 0 0 0 0 0 1 1 1 0 2 1 0 0 0 0 1 1 0 0 0 1 0 0 0 1 0 0 0 0 0 1 1 0 1 0 0 2 1 0 0 0 1 0 0 1 1 2 1 2 0 1 0 0 0 1 0 1 0 1 1 1 0 1 0 0 2 0 0 0 0 0 1 0 0
geno chr2.10889304 yri  0 0 0 0 0 0 0 0 0 0 1 1 0 0 0 0 0 0 0 0 0 1 0 0 0 0 0 0 0 1 0 0 0 0 0 0 0 0 0 1 0 1 0 0 1 0 1 0 0 0 0 0 0 0 0 0 0 0 0 0 0 0 0 0 0 0 0 1 0 0 0 0 0 0 0 0 0
geno chr2.10889788 ceu  0 1 0 1 2 1 1 2 1 2 1 1 1 0 2 2 1 1 1 1 2 2 2 2 1 2 0 2 2 2 0 0 0 1 0 0 2 0 2 1 1 1 0 1 2 0 1 2 1 1 2 2 2 2 2 0 1 1 1 1 1 1 1 1 2 1 1 1 0 2 1 2 2 1 1 2 2 2
geno chr2.10889788 fin  0 2 2 2 1 1 1 2 2 1 1 2 1 1 2 2 2 2 1 1 1 1 2 0 0 1 1 1 2 1 1 1 1 2 2 1 1 1 1 1 1 2 1 1 1 1 1 1 1 1 2 2 0 2 1 1 1 2 2 1 2 2 1 1 2 1 1 2 2 1 1 2 2 2 0 2 0 1 1 2 1 1 1 1 1 1 1 2 2
geno chr2.10889788 gbr  1 0 2 1 2 0 0 1 1 1 2 0 2 2 1 0 2 2 2 2 1 2 0 1 1 1 2 1 2 2 2 2 2 1 2 1 1 1 0 1 2 2 1 1 2 1 2 1 1 2 2 1 1 2 2 0 2 0 1 1 1 0 2 0 2 1 2 2 1 0 2 1 1 2 0 0 2 2 2 2 2 0 2 2
geno chr2.10889788 tsi  2 0 1 2 0 1 2 2 1 2 2 2 1 1 1 2 1 1 2 2 1 2 2 1 1 1 1 0 1 1 2 2 2 0 1 2 0 1 1 2 2 1 0 2 1 2 2 1 1 0 2 1 2 2 0 1 2 0 1 0 2 1 1 1 0 1 0 2 1 2 1 2 1 2 1 0 1 1 1 2 1 2 1 0 1 1 2 2 1 1 1 1
geno chr2.10889788 yri  0 1 0 1 0 0 0 1 0 1 0 0 0 1 0 0 0 1 0 1 1 0 0 1 0 0 1 0 1 0 0 1 0 0 1 2 0 0 0 0 1 0 0 0 0 1 0 0 0 0 0 0 1 1 0 0 0 1 0 1 1 0 1 1 1 0 0 0 0 0 1 1 0 0 0 0 0
geno chr2.10890205 ceu  1 1 1 1 2 1 1 2 1 2 2 1 2 1 2 2 1 1 2 1 2 2 2 2 1 2 0 2 2 2 2 0 1 2 1 1 2 2 2 2 1 2 0 1 2 0 2 2 2 1 2 2 2 2 2 1 1 1 1 2 2 1 1 2 2 1 1 1 1 2 1 2 2 2 2 2 2 2
geno chr2.10890205 fin  1 2 2 2 2 1 2 2 2 2 2 2 2 1 2 2 2 2 2 2 2 2 2 1 1 1 1 2 2 1 2 2 1 2 2 1 1 2 2 2 1 2 2 2 2 2 1 1 1 1 2 2 1 2 1 1 2 2 2 1 2 2 1 1 2 2 2 2 2 1 1 2 2 2 1 2 1 1 2 2 1 2 1 1 2 1 1 2 2
geno chr2.10890205 gbr  1 0 2 1 2 1 0 1 2 2 2 1 2 2 1 0 2 2 2 2 1 2 2 2 2 2 2 2 2 2 2 2 2 1 2 1 2 1 0 1 2 2 1 2 2 1 2 1 1 2 2 1 1 2 2 1 2 0 2 1 2 1 2 1 2 2 2 2 2 1 2 2 2 2 2 1 2 2 2 2 2 1 2 2
geno chr2.10890205 tsi  2 2 2 2 1 2 2 2 1 2 2 2 2 1 1 2 2 2 2 2 2 2 2 1 1 1 2 0 1 2 2 2 2 1 1 2 2 2 1 2 2 2 0 2 2 2 2 2 1 1 2 1 2 2 0 1 2 2 2 1 2 2 1 1 0 1 0 2 1 2 2 2 1 2 1 2 1 1 1 2 1 2 2 0 2 2 2 2 2 1 2 2
geno chr2.10890205 yri  0 1 0 2 1 0 2 2 1 2 1 0 0 2 0 0 2 2 2 2 1 0 1 2 1 1 2 0 1 0 2 2 0 2 1 2 0 1 0 0 1 0 1 0 0 2 1 2 1 0 2 0 1 1 1 1 1 2 0 1 1 1 1 1 1 1 1 0 2 1 1 1 2 0 2 1 1
geno chr2.10890881 ceu  1 0 1 0 0 0 0 0 0 0 1 0 1 1 0 0 1 0 1 0 0 0 0 0 0 0 0 0 0 0 2 0 1 1 1 1 0 2 0 1 0 1 0 0 0 0 1 0 1 0 0 0 0 0 0 1 0 0 0 1 1 0 0 1 0 0 0 0 1 0 0 0 0 1 1 0 0 0
geno chr2.10890881 fin  1 0 0 0 1 0 1 0 0 1 1 0 1 0 0 0 0 0 1 1 1 1 0 1 1 0 0 1 0 0 1 1 0 0 0 0 0 1 1 1 0 0 1 1 1 1 0 0 0 0 0 0 1 0 0 0 1 0 0 0 0 0 0 0 0 1 1 0 0 0 0 0 0 0 1 0 1 0 1 0 0 1 0 0 1 0 0 0 0
geno chr2.10890881 gbr  0 0 0 0 0 1 0 0 1 1 0 1 0 0 0 0 0 0 0 0 0 0 1 1 1 1 0 1 0 0 0 0 0 0 0 0 1 0 0 0 0 0 0 1 0 0 0 0 0 0 0 0 0 0 0 1 0 0 1 0 1 1 0 1 0 1 0 0 1 1 0 1 1 0 2 1 0 0 0 0 0 1 0 0
geno chr2.10890881 tsi  0 2 1 0 1 1 0 0 0 0 0 0 1 0 0 0 1 1 0 0 1 0 0 0 0 0 1 0 0 1 0 0 0 1 0 0 2 1 0 0 0 1 0 0 1 0 0 1 0 1 0 0 0 0 0 0 0 2 1 1 0 1 0 0 0 0 0 0 1 0 1 0 0 0 0 2 0 0 0 0 0 0 1 0 1 1 0 0 1 0 1 1
geno chr2.10890881 yri  0 0 0 1 0 0 1 0 1 0 1 0 0 0 0 0 2 0 2 1 0 0 1 0 1 1 1 0 0 0 2 0 0 1 0 0 0 1 0 0 0 0 0 0 0 1 0 1 1 0 1 0 0 0 0 1 1 1 0 0 0 1 0 0 0 1 1 0 2 1 0 0 2 0 2 1 1
geno chr2.10890905 ceu  1 1 1 1 0 1 1 0 1 0 0 1 0 1 0 0 1 1 0 1 0 0 0 0 1 0 2 0 0 0 0 2 1 0 1 1 0 0 0 0 1 0 2 1 0 1 0 0 0 1 0 0 0 0 0 1 1 1 1 0 0 1 1 0 0 1 1 1 1 0 1 0 0 0 0 0 0 0
geno chr2.10890905 fin  1 0 0 0 0 1 0 0 0 0 0 0 0 1 0 0 0 0 0 0 0 0 0 1 1 1 1 0 0 1 0 0 1 0 0 1 1 0 0 0 1 0 0 0 0 0 1 1 1 1 0 0 1 0 1 1 0 0 0 1 0 0 1 1 0 0 0 0 0 1 1 0 0 0 1 0 1 1 0 0 1 0 1 1 0 1 1 0 0
geno chr2.10890905 gbr  1 2 0 1 0 1 2 1 0 0 0 1 0 0 1 2 0 0 0 0 1 0 0 0 0 0 0 0 0 0 0 0 0 1 0 1 0 1 2 1 0 0 1 0 0 1 0 1 1 0 0 1 1 0 0 0 0 2 0 1 0 1 0 1 0 0 0 0 0 1 0 0 0 0 0 1 0 0 0 0 0 1 0 0
geno chr2.10890905 tsi  0 0 0 0 1 0 0 0 1 0 0 0 0 1 1 0 0 0 0 0 0 0 0 1 1 1 0 2 1 0 0 0 0 1 1 0 0 0 1 0 0 0 1 0 0 0 0 0 1 1 0 1 0 0 2 1 0 0 0 1 0 0 1 1 2 1 2 0 1 0 0 0 1 0 1 0 1 1 1 0 1 0 0 2 0 0 0 0 0 1 0 0
geno chr2.10890905 yri  0 0 0 0 0 0 0 0 0 0 1 1 0 0 0 0 0 0 0 0 0 1 0 0 0 0 0 0 0 1 0 0 0 0 0 0 0 0 0 1 0 1 0 0 1 0 1 0 0 0 0 0 0 0 0 0 0 0 0 0 0 0 0 0 0 0 0 1 0 0 0 0 0 0 0 0 0
geno chr2.10891631 ceu  1 1 1 1 0 1 1 0 1 0 0 1 0 1 0 0 1 1 0 1 0 0 0 0 1 0 2 0 0 0 0 2 1 0 1 1 0 0 0 0 1 0 2 1 0 1 0 0 0 1 0 0 0 0 0 1 1 1 1 0 0 1 1 0 0 1 1 1 1 0 1 0 0 0 0 0 0 0
geno chr2.10891631 fin  1 0 0 0 0 1 0 0 0 0 0 0 0 1 0 0 0 0 0 0 0 0 0 1 1 1 1 0 0 1 0 0 1 0 0 1 1 0 0 0 1 0 0 0 0 0 1 1 1 1 0 0 1 0 1 1 0 0 0 1 0 0 1 1 0 0 0 0 0 1 1 0 0 0 1 0 1 1 0 0 1 0 1 1 0 1 1 0 0
geno chr2.10891631 gbr  1 2 0 1 0 1 2 1 0 0 0 1 0 0 1 2 0 0 0 0 1 0 0 0 0 0 0 0 0 0 0 0 0 1 0 1 0 1 2 1 0 0 1 0 0 1 0 1 1 0 0 1 1 0 0 0 0 2 0 1 0 1 0 1 0 0 0 0 0 1 0 0 0 0 0 1 0 0 0 0 0 1 0 0
geno chr2.10891631 tsi  0 0 0 0 1 0 0 0 1 0 0 0 0 1 1 0 0 0 0 0 0 0 0 1 1 1 0 2 1 0 0 0 0 1 1 0 0 0 1 0 0 0 1 0 0 0 0 0 1 1 0 1 0 0 2 1 0 0 0 0 0 0 1 0 2 1 2 0 1 0 0 0 1 0 1 0 1 1 1 0 1 0 0 2 0 0 0 0 0 1 0 0
geno chr2.10891631 yri  0 0 0 0 0 0 0 0 0 0 1 1 0 0 0 0 0 0 0 0 0 1 0 0 0 0 0 0 0 1 0 0 0 0 0 0 0 0 0 1 0 1 0 0 1 0 1 0 0 0 0 0 0 0 0 0 0 0 0 0 0 0 0 0 0 0 0 1 0 0 0 0 0 0 0 0 0
geno chr2.10892129 ceu  1 1 1 1 0 1 1 0 1 0 0 1 0 1 0 0 1 1 0 1 0 0 0 0 1 0 2 0 0 0 0 2 1 0 1 1 0 0 0 0 1 0 2 1 0 1 0 0 0 1 0 0 0 0 0 1 1 1 1 0 0 1 1 0 0 1 1 1 1 0 1 0 0 0 0 0 0 0
geno chr2.10892129 fin  1 0 0 0 0 1 0 0 0 0 0 0 0 1 0 0 0 0 0 0 0 0 0 1 1 1 1 0 0 1 0 0 1 0 0 1 1 0 0 0 1 0 0 0 0 0 1 1 1 1 0 0 1 0 1 1 0 0 0 1 0 0 1 1 0 0 0 0 0 1 1 0 0 0 1 0 1 1 0 0 1 0 1 1 0 1 1 0 0
geno chr2.10892129 gbr  1 2 0 1 0 1 2 1 0 0 0 1 0 0 1 2 0 0 0 0 1 0 0 0 0 0 0 0 0 0 0 0 0 1 0 1 0 1 2 1 0 0 1 0 0 1 0 1 1 0 0 1 1 0 0 0 0 2 0 1 0 1 0 1 0 0 0 0 0 1 0 0 0 0 0 1 0 0 0 0 0 1 0 0
geno chr2.10892129 tsi  0 0 0 0 1 0 0 0 1 0 0 0 0 1 1 0 0 0 0 0 0 0 0 1 1 1 0 2 1 0 0 0 0 1 1 0 0 0 1 0 0 0 1 0 0 0 0 0 1 1 0 1 0 0 2 1 0 0 0 1 0 0 1 1 2 1 2 0 1 0 0 0 1 0 1 0 1 1 1 0 1 0 0 2 0 0 0 0 0 1 0 0
geno chr2.10892129 yri  0 0 0 0 0 0 0 0 0 0 1 1 0 0 0 0 0 0 0 0 0 1 0 0 0 0 0 0 0 1 0 0 0 0 0 0 0 0 0 1 0 1 0 0 1 0 1 0 0 0 0 0 0 0 0 0 0 0 0 0 0 0 0 0 0 0 0 1 0 0 0 0 0 0 0 0 0
geno chr2.10892197 ceu  1 1 1 1 0 1 1 0 1 0 0 1 0 1 0 0 1 1 0 1 1 0 0 0 1 0 2 0 0 0 0 2 1 0 1 1 0 0 0 0 1 0 2 1 0 1 0 0 0 1 0 0 0 0 0 1 1 1 1 0 0 1 1 0 0 1 1 1 1 0 1 0 0 0 0 0 0 0
geno chr2.10892197 fin  1 0 0 0 0 1 0 0 0 0 0 0 0 1 0 0 0 0 0 0 0 0 0 1 1 1 1 0 0 1 0 0 1 0 0 1 1 0 0 0 1 0 0 0 0 0 1 1 1 1 0 0 1 0 1 1 0 0 0 1 0 0 1 1 0 0 0 0 0 1 1 0 0 0 1 0 1 1 0 0 1 0 1 1 0 1 1 0 0
geno chr2.10892197 gbr  1 2 0 1 0 1 2 1 0 0 0 1 0 0 1 2 0 0 0 0 1 0 0 0 0 0 0 0 0 0 0 0 0 1 0 1 0 1 2 1 0 0 1 0 0 1 0 1 1 0 0 1 1 0 0 0 0 2 0 1 0 1 0 1 0 0 0 0 0 1 0 1 0 0 0 1 0 0 0 0 0 1 0 0
geno chr2.10892197 tsi  0 0 0 0 1 0 0 0 1 0 0 1 0 1 1 0 0 0 0 0 0 0 0 1 1 1 0 2 1 0 0 0 0 1 1 0 0 0 1 0 0 0 1 0 0 0 0 0 1 1 0 1 0 0 2 1 0 0 0 1 0 0 1 1 2 1 2 0 1 0 0 0 1 0 1 0 1 1 1 0 1 0 0 2 0 0 0 0 0 1 0 0
geno chr2.10892197 yri  0 0 0 0 0 0 1 1 0 1 1 1 0 1 0 0 0 1 0 0 0 1 0 0 0 0 0 0 1 1 0 0 0 0 0 0 0 0 0 1 1 1 1 0 1 0 2 0 0 0 1 0 1 0 0 0 0 0 0 0 0 0 0 0 0 0 0 1 0 0 0 0 0 0 0 0 0
geno chr2.10894504 ceu  1 1 1 1 0 1 1 0 1 0 0 1 0 1 0 0 1 1 0 1 0 0 0 0 1 0 2 0 0 0 0 2 1 0 1 1 0 0 0 0 1 0 1 1 0 1 0 0 0 1 0 0 0 0 0 1 1 1 1 0 0 1 1 0 0 1 1 1 1 0 1 0 0 0 0 0 0 0
geno chr2.10894504 fin  1 0 0 0 0 1 0 0 0 0 0 0 0 1 0 0 0 0 0 0 0 0 0 1 1 1 1 0 0 1 0 0 1 0 0 1 1 0 0 0 1 0 0 0 0 0 1 1 1 1 0 0 1 0 1 1 0 0 0 1 0 0 1 1 0 0 0 0 0 1 1 0 0 0 1 0 1 1 0 0 1 0 0 1 0 1 1 0 1
geno chr2.10894504 gbr  1 2 0 1 0 0 2 1 0 0 0 1 0 0 1 0 0 0 0 0 1 0 0 0 0 0 0 0 0 0 0 0 0 1 0 1 0 1 2 1 0 0 1 0 0 1 0 1 1 1 0 1 1 0 0 0 0 2 0 1 0 1 0 2 0 0 0 0 0 1 0 0 0 0 0 1 0 0 0 0 0 1 0 0
geno chr2.10894504 tsi  0 1 0 0 1 0 0 0 1 0 0 0 0 1 1 0 0 0 0 0 0 0 0 1 1 1 0 2 1 0 0 0 0 1 1 0 0 0 1 0 0 0 1 0 0 0 0 0 1 1 0 1 0 0 2 1 0 0 0 0 0 0 1 0 2 1 2 0 1 0 0 0 1 0 1 0 1 1 1 0 1 0 0 2 0 0 0 0 0 1 0 0
geno chr2.10894504 yri  0 0 0 0 0 0 0 0 0 0 1 1 0 0 0 0 0 0 0 0 0 2 0 0 0 0 0 0 0 1 0 0 1 0 0 0 0 0 0 1 0 1 0 1 1 0 1 0 0 0 0 0 0 0 0 0 0 0 0 0 0 0 0 0 0 0 0 1 0 0 0 0 0 0 0 1 0
geno chr2.10894735 ceu  1 1 1 1 0 1 1 0 1 0 0 1 0 1 0 0 1 1 0 1 0 0 0 0 1 0 2 0 0 0 0 2 1 0 1 1 0 0 0 0 1 0 1 1 0 1 0 0 0 1 0 0 0 0 0 1 1 1 1 0 0 1 1 0 0 1 1 1 1 0 1 0 0 0 0 0 0 0
geno chr2.10894735 fin  1 0 0 0 0 1 0 0 0 0 0 0 0 1 0 0 0 0 0 0 0 0 0 1 1 1 1 0 0 1 0 0 1 0 0 1 1 0 0 0 1 0 0 0 0 0 1 1 1 1 0 0 1 0 1 1 0 0 0 1 0 0 1 1 0 0 0 0 0 1 1 0 0 0 1 0 1 1 0 0 1 0 0 1 0 1 1 0 0
geno chr2.10894735 gbr  1 2 0 1 0 0 2 1 0 0 0 1 0 0 1 0 0 0 0 0 1 0 0 0 0 0 0 0 0 0 0 0 0 1 0 1 0 1 2 1 0 0 1 0 0 1 0 1 1 0 0 1 1 0 0 0 0 2 0 1 0 1 0 2 0 0 0 0 0 1 0 0 0 0 0 1 0 0 0 0 0 1 0 0
geno chr2.10894735 tsi  0 1 0 0 1 0 0 0 1 0 0 0 0 1 1 0 0 0 0 0 0 0 0 1 1 1 0 2 1 0 0 0 0 1 1 0 0 0 1 0 0 0 1 0 0 0 0 0 1 1 0 1 0 0 2 1 0 0 0 1 0 0 1 1 2 1 2 0 1 0 0 0 1 0 1 0 1 1 1 0 1 0 0 2 0 0 0 0 0 1 0 0
geno chr2.10894735 yri  0 0 0 0 0 0 0 0 0 0 1 1 0 0 0 0 0 0 0 0 0 1 0 0 0 0 0 0 0 1 0 0 0 0 0 0 0 0 0 1 0 1 0 0 1 0 1 0 0 0 0 0 0 0 0 0 0 0 0 0 0 0 0 0 0 0 0 1 0 0 0 0 0 0 0 0 0
geno chr2.10894779 ceu  1 0 1 0 1 0 1 1 0 1 2 0 1 1 1 0 0 1 2 0 0 1 1 1 1 1 0 1 0 0 2 0 1 2 1 1 2 2 1 1 1 2 0 1 2 0 2 2 2 0 1 0 1 1 1 1 1 0 0 2 2 1 1 1 2 0 0 0 1 1 0 1 1 1 1 1 1 0
geno chr2.10894779 fin  1 1 2 2 2 1 1 0 1 2 1 1 1 0 0 0 0 0 1 2 2 1 2 1 1 0 1 1 0 0 2 2 1 2 2 0 1 2 1 1 0 1 2 1 1 1 0 1 0 0 1 1 1 1 0 0 1 0 1 1 0 0 0 1 1 2 1 0 1 0 0 1 0 1 1 1 1 0 1 1 1 1 1 1 1 0 0 0 1
geno chr2.10894779 gbr  1 0 1 1 2 2 0 0 1 1 1 1 2 1 0 0 1 0 1 0 1 1 1 2 2 2 0 1 2 1 2 2 1 0 1 1 1 0 0 1 1 1 1 1 1 1 1 1 1 2 0 1 0 0 1 1 2 0 1 0 1 1 2 0 1 2 2 1 1 1 1 2 1 2 2 1 1 1 2 1 2 1 1 2
geno chr2.10894779 tsi  0 1 2 1 1 1 2 1 1 1 1 1 1 0 1 1 2 1 1 2 1 1 1 0 0 0 1 0 1 2 1 1 1 1 1 1 2 2 0 1 1 2 0 1 1 1 0 1 0 1 1 1 2 1 0 1 1 2 1 1 2 2 0 0 0 1 0 2 1 1 1 0 1 1 0 2 0 1 1 0 0 1 2 0 1 2 0 1 1 0 2 2
geno chr2.10894779 yri  1 2 2 2 0 0 2 2 0 2 1 1 1 2 1 0 2 2 1 1 2 0 2 0 1 0 2 0 1 0 2 1 0 1 2 2 1 1 1 1 1 0 1 0 1 2 1 1 2 0 2 0 0 1 0 1 2 2 0 0 2 0 1 1 1 2 1 0 2 0 1 1 1 1 1 0 0
geno chr2.10894859 ceu  1 1 1 1 0 1 1 0 1 0 0 1 0 1 0 0 1 1 0 1 0 0 0 0 1 0 2 0 0 0 0 2 1 0 1 1 0 0 0 0 1 0 1 1 0 1 0 0 0 1 0 0 0 0 0 1 1 1 1 0 0 1 1 0 0 1 1 1 1 0 1 0 0 0 0 0 0 0
geno chr2.10894859 fin  1 0 0 0 0 1 0 0 0 0 0 0 0 1 0 0 0 0 0 0 0 0 0 1 1 1 1 0 0 1 0 0 1 0 0 1 1 0 0 0 1 0 0 0 0 0 1 1 1 1 0 0 1 0 1 1 0 0 0 1 0 0 1 1 0 0 0 0 0 1 1 0 0 0 1 0 1 1 0 0 1 0 0 1 0 1 1 0 0
geno chr2.10894859 gbr  1 1 0 1 0 0 2 1 0 0 0 0 0 0 1 0 0 0 0 0 1 0 0 0 0 0 0 0 0 0 0 0 0 1 0 1 0 1 2 1 0 0 1 0 0 1 0 1 1 0 0 1 1 0 0 0 0 2 0 1 0 1 0 2 0 0 0 0 0 1 0 0 0 0 0 1 0 0 0 0 0 1 0 0
geno chr2.10894859 tsi  0 1 0 0 1 0 0 0 1 0 0 0 0 1 1 0 0 0 0 0 0 0 0 1 1 1 0 2 1 0 0 0 0 1 1 0 0 0 1 0 0 0 1 0 0 0 0 0 1 1 0 1 0 0 2 1 0 0 0 1 0 0 1 1 2 1 2 0 1 0 0 0 1 0 1 0 1 1 1 0 1 0 0 2 0 0 0 0 0 1 0 0
geno chr2.10894859 yri  0 0 0 0 0 0 0 0 0 0 1 1 0 0 0 0 0 0 0 0 0 1 0 0 0 0 0 0 0 1 0 0 0 0 0 0 0 0 0 1 0 1 0 0 1 0 1 0 0 0 0 0 0 0 0 0 0 0 0 0 0 0 0 0 0 0 0 1 0 0 0 0 0 0 0 0 0
geno chr2.10894887 ceu  2 2 2 2 2 2 2 2 2 2 2 2 2 2 2 2 2 2 2 2 2 2 2 2 2 2 2 2 2 2 2 2 2 2 2 2 2 2 2 2 2 2 2 2 2 2 2 2 2 2 2 2 2 2 2 2 2 2 2 2 2 2 2 2 2 2 2 2 2 2 2 2 2 2 2 2 2 2
geno chr2.10894887 fin  2 2 2 2 2 2 2 2 2 2 2 2 2 2 2 2 2 2 2 2 2 2 2 2 2 2 2 2 2 2 2 2 2 2 2 2 2 2 2 2 2 2 2 2 2 2 2 2 2 2 2 2 2 2 2 2 2 2 2 2 2 2 2 2 2 1 2 2 2 2 2 2 2 2 2 2 2 2 2 2 2 2 2 2 2 2 2 2 2
geno chr2.10894887 gbr  2 1 2 2 2 2 2 2 2 2 2 2 2 2 2 2 2 2 2 2 2 2 2 2 2 2 2 2 1 2 2 2 2 2 2 2 2 2 2 2 2 2 2 2 2 2 2 2 2 2 2 2 2 2 2 1 2 2 2 2 2 2 2 2 2 2 2 2 2 2 2 2 2 2 2 2 2 2 2 2 2 2 2 2
geno chr2.10894887 tsi  2 2 2 2 2 2 2 2 2 2 2 2 2 2 2 2 2 2 2 2 2 2 2 2 2 2 2 2 2 2 2 2 2 2 2 2 2 2 2 2 2 2 1 2 2 2 2 2 2 2 2 2 2 2 2 2 2 2 2 2 2 2 2 2 2 2 2 2 2 2 2 2 2 2 2 2 2 2 2 2 2 2 2 2 2 2 2 2 2 2 2 2
geno chr2.10894887 yri  2 1 2 2 2 2 2 2 1 2 2 2 2 2 1 1 2 2 1 1 2 2 2 2 2 1 2 2 1 1 2 1 2 2 2 2 2 2 2 1 2 1 2 1 2 2 2 1 2 2 2 0 2 2 2 2 2 2 0 2 2 2 2 2 1 2 1 1 2 1 2 2 2 2 1 1 1
geno chr2.10895402 ceu  0 0 0 0 1 0 1 1 0 1 1 0 1 0 2 0 0 1 1 0 0 1 1 1 1 1 0 1 0 0 0 0 0 1 0 0 2 0 1 0 1 1 0 1 2 0 1 2 1 0 1 2 1 1 2 0 1 0 0 1 1 1 1 0 2 0 0 0 0 1 0 1 1 0 0 1 1 0
geno chr2.10895402 fin  0 1 2 2 1 1 0 0 1 1 0 1 0 0 0 0 0 0 0 1 1 0 1 0 0 0 1 1 0 0 1 1 1 1 2 0 1 1 0 0 0 1 1 0 0 0 0 1 0 0 1 1 0 1 0 0 0 0 1 1 1 0 0 1 1 1 1 0 0 0 0 1 1 1 0 1 0 0 0 1 1 0 1 1 1 0 0 0 1
geno chr2.10895402 gbr  0 0 0 1 2 1 0 0 1 0 1 0 2 1 0 0 2 0 1 0 1 1 0 1 1 1 0 1 2 1 2 2 1 0 1 1 0 1 0 1 1 1 1 0 1 1 1 1 1 2 0 1 0 1 0 0 1 0 0 0 0 0 1 0 2 1 2 1 0 0 1 0 0 2 0 0 1 1 2 1 2 0 1 2
geno chr2.10895402 tsi  0 0 1 2 0 0 2 1 1 1 1 1 0 0 0 1 1 0 1 2 0 1 1 0 0 0 0 0 1 1 0 1 1 0 1 1 0 0 0 1 0 1 0 1 0 1 0 0 1 0 1 1 2 1 0 1 1 0 0 0 2 1 0 0 0 1 0 2 1 1 0 0 1 1 0 0 0 1 1 0 0 1 1 0 0 1 0 1 0 0 1 1
geno chr2.10895402 yri  0 1 0 1 0 0 0 1 0 1 0 0 0 1 0 0 0 1 1 1 1 0 0 0 0 0 1 0 1 0 1 1 0 0 1 0 0 0 0 0 0 0 0 0 0 1 0 0 0 0 0 0 0 1 0 0 0 1 0 0 1 0 1 1 1 1 0 0 0 0 1 1 0 0 0 0 0
geno chr2.10896292 ceu  1 1 1 1 0 1 1 0 1 0 0 1 0 1 0 0 1 1 0 1 0 0 0 0 1 0 2 0 0 0 0 2 1 0 1 1 0 0 0 0 1 0 1 1 0 1 0 0 0 1 0 0 0 0 0 1 1 1 1 0 0 1 1 0 0 1 1 1 1 0 1 0 0 0 0 0 0 0
geno chr2.10896292 fin  1 0 0 0 0 1 0 0 0 0 0 0 0 1 0 0 0 0 0 0 0 0 0 1 1 1 1 0 0 1 0 0 1 0 0 1 1 0 0 0 1 0 0 0 0 0 1 1 1 1 0 0 1 0 1 1 0 0 0 1 0 0 1 1 0 0 0 0 0 1 1 0 0 0 1 0 1 1 0 0 1 0 0 1 0 1 1 0 0
geno chr2.10896292 gbr  1 2 0 1 0 0 2 1 0 0 0 1 0 0 1 0 0 0 0 0 1 0 0 0 0 0 0 0 0 0 0 0 0 1 0 1 0 1 2 1 0 0 1 0 0 1 0 1 1 0 0 1 1 0 0 0 0 2 0 1 0 1 0 2 0 0 0 0 0 1 0 0 0 0 0 1 0 0 0 0 0 1 0 0
geno chr2.10896292 tsi  0 1 0 0 1 0 0 0 1 0 0 0 0 1 1 0 0 0 0 0 0 0 0 1 1 1 0 2 1 0 0 0 0 1 1 0 0 0 1 0 0 0 1 0 0 0 0 0 1 1 0 1 0 0 2 1 0 0 0 1 0 0 1 1 2 1 2 0 1 0 0 0 1 0 1 0 1 1 1 0 1 0 0 2 0 0 0 0 0 1 0 0
geno chr2.10896292 yri  0 0 0 0 0 0 0 0 0 0 1 1 0 0 0 0 0 0 0 0 0 1 0 0 0 0 0 0 0 1 0 0 0 0 0 0 0 0 0 1 0 1 0 0 1 0 1 0 0 0 0 0 0 0 0 0 0 0 0 0 0 0 0 0 0 0 0 1 0 0 0 0 0 0 0 0 0
geno chr2.10896498 ceu  1 0 0 0 0 0 0 0 0 0 1 0 0 0 0 0 0 0 1 0 0 0 0 0 0 0 0 0 0 0 2 0 1 0 1 1 0 1 0 1 0 1 0 0 0 0 0 0 0 0 0 0 0 0 0 0 0 0 0 1 1 0 0 1 0 0 0 0 1 0 0 0 0 0 0 0 0 0
geno chr2.10896498 fin  1 0 0 0 1 0 0 0 0 1 1 0 1 0 0 0 0 0 1 0 1 0 0 1 1 0 0 0 0 0 1 1 0 0 0 0 0 1 0 1 0 0 0 0 0 0 0 0 0 0 0 0 1 0 0 0 1 0 0 0 0 0 0 0 0 1 0 0 0 0 0 0 0 0 1 0 1 0 1 0 0 1 0 0 1 0 0 0 0
geno chr2.10896498 gbr  0 0 0 0 0 0 0 0 0 1 0 1 0 0 0 0 0 0 0 0 0 0 1 0 0 1 0 1 0 0 0 0 0 0 0 0 0 0 0 0 0 0 0 0 0 0 0 0 0 0 0 0 0 0 0 0 0 0 0 0 0 0 0 0 0 1 0 0 1 0 0 1 1 0 2 1 0 0 0 0 0 1 0 0
geno chr2.10896498 tsi  0 1 1 0 0 0 0 0 0 0 0 0 0 0 0 0 1 1 0 0 0 0 0 0 0 0 0 0 0 1 0 0 0 1 0 0 2 1 0 0 0 1 0 0 0 0 0 0 0 1 0 0 0 0 0 0 0 1 1 1 0 0 0 0 0 0 0 0 0 0 0 0 0 0 0 1 0 0 0 0 0 0 0 0 0 0 0 0 1 0 1 0
geno chr2.10896498 yri  0 0 1 1 0 0 1 0 0 0 1 0 1 0 0 0 2 0 0 0 0 0 2 0 1 0 1 0 0 0 1 0 0 1 1 2 1 1 0 1 0 0 0 0 0 1 0 1 2 0 1 0 0 0 0 1 1 1 0 0 0 0 0 0 0 0 0 0 1 0 0 0 1 1 1 0 0
geno chr2.10896504 ceu  1 0 0 0 0 0 0 0 0 0 1 0 0 0 0 0 0 0 1 0 0 0 0 0 0 0 0 0 0 0 2 0 1 0 1 1 0 1 0 1 0 1 0 0 0 0 0 0 0 0 0 0 0 0 0 0 0 0 0 1 1 0 0 1 0 0 0 0 1 0 0 0 0 0 0 0 0 0
geno chr2.10896504 fin  1 0 0 0 1 0 0 0 0 1 1 0 1 0 0 0 0 0 0 0 1 0 0 1 1 0 0 0 0 0 1 1 0 0 0 0 0 1 0 1 0 0 0 0 0 0 0 0 0 0 0 0 1 0 0 0 0 0 0 0 0 0 0 0 0 1 0 0 0 0 0 0 0 0 1 0 1 0 1 0 0 1 0 0 1 0 0 0 0
geno chr2.10896504 gbr  0 0 0 0 0 0 0 0 0 1 0 1 0 0 0 0 0 0 0 0 0 0 1 0 0 1 0 1 0 0 0 0 0 0 0 0 0 0 0 0 0 0 0 0 0 0 0 0 0 0 0 0 0 0 0 0 0 0 0 0 0 0 0 0 0 1 0 0 1 0 0 1 1 0 2 1 0 0 0 0 0 1 0 0
geno chr2.10896504 tsi  0 1 1 0 0 0 0 0 0 0 0 0 0 0 0 0 1 1 0 0 0 0 0 0 0 0 0 0 0 1 0 0 0 1 0 0 2 1 0 0 0 1 0 0 0 0 0 0 0 1 0 0 0 0 0 0 0 1 1 1 0 0 0 0 0 0 0 0 0 0 0 0 0 0 0 1 0 0 0 0 0 0 0 0 0 0 0 0 1 0 1 0
geno chr2.10896504 yri  0 0 1 1 0 0 1 0 0 0 1 0 1 0 0 0 2 0 0 0 0 0 2 0 1 0 1 0 0 0 1 0 0 1 1 2 1 1 0 1 0 0 0 0 0 1 0 1 2 0 1 0 0 0 0 1 1 1 0 0 0 0 0 0 0 0 0 0 1 0 0 0 1 1 1 0 0
geno chr2.10896736 ceu  1 1 1 1 0 1 1 0 1 0 0 1 0 1 0 0 1 1 0 1 0 0 0 0 1 0 2 0 0 0 0 2 1 0 1 1 0 0 0 0 1 0 1 1 0 1 0 0 0 1 0 0 0 0 0 1 1 1 1 0 0 1 1 0 0 1 1 1 1 0 1 0 0 0 0 0 0 0
geno chr2.10896736 fin  1 0 0 0 0 1 0 0 0 0 0 0 0 1 0 0 0 0 0 0 0 0 0 1 1 1 1 0 0 1 0 0 1 0 0 1 1 0 0 0 1 0 0 0 0 0 1 1 1 1 0 0 1 0 1 1 0 0 0 1 0 0 1 1 0 0 0 0 0 1 1 0 0 0 1 0 1 1 0 0 1 0 0 1 0 1 1 0 0
geno chr2.10896736 gbr  1 2 0 1 0 0 2 1 0 0 0 1 0 0 1 0 0 0 0 0 1 0 0 0 0 0 0 0 0 0 0 0 0 1 0 1 0 1 2 1 0 0 1 0 0 1 0 1 1 0 0 2 1 0 0 0 0 2 0 1 0 1 0 2 0 0 0 0 0 1 0 0 0 0 0 1 0 0 0 0 0 1 0 0
geno chr2.10896736 tsi  0 1 0 0 1 0 0 0 1 0 0 0 0 1 1 0 0 0 0 0 0 0 0 1 1 1 0 2 1 0 0 0 1 1 1 0 0 0 1 0 0 0 1 0 0 0 0 0 1 1 0 1 0 0 2 1 0 0 0 1 0 0 1 1 2 1 2 0 1 0 0 0 1 0 1 0 1 1 1 0 1 0 0 2 0 0 0 0 0 1 0 0
geno chr2.10896736 yri  0 0 0 0 0 0 0 0 1 0 1 1 0 0 0 0 0 0 0 0 0 1 0 0 0 0 0 0 0 1 0 0 0 0 0 0 0 0 0 1 0 2 0 0 1 0 1 0 0 0 0 0 0 0 0 0 0 0 0 0 0 0 0 0 0 0 0 1 0 1 0 0 0 0 0 0 0
geno chr2.10896798 ceu  1 0 0 0 0 0 0 0 0 0 1 0 0 0 0 0 0 0 1 0 0 0 0 0 0 0 0 0 0 0 2 0 1 0 1 1 0 1 0 1 0 1 0 0 0 0 0 0 0 0 0 0 0 0 0 0 0 0 0 1 1 0 0 1 0 0 0 0 1 0 0 0 0 0 0 0 0 0
geno chr2.10896798 fin  1 0 0 0 1 0 0 0 0 1 1 0 1 0 0 0 0 0 1 0 1 0 0 1 1 0 0 0 0 0 1 1 0 0 0 0 0 1 0 1 0 0 0 0 0 0 0 0 0 0 0 0 1 0 0 0 1 0 0 0 0 0 0 0 0 1 0 0 0 0 0 0 0 0 1 0 1 0 1 0 0 1 0 0 1 0 0 0 0
geno chr2.10896798 gbr  0 0 0 0 0 0 0 0 0 1 0 1 0 0 0 0 0 0 0 0 0 0 1 0 0 1 0 1 0 0 0 0 0 0 0 0 0 0 0 0 0 0 0 0 0 0 0 0 0 0 0 0 0 0 0 0 0 0 0 0 0 0 0 0 0 1 0 0 1 0 0 1 1 0 2 1 0 0 0 0 0 1 0 0
geno chr2.10896798 tsi  0 1 1 0 0 0 0 0 0 0 0 0 0 0 0 0 1 1 0 0 0 0 0 0 0 0 0 0 0 1 0 0 0 1 0 0 2 1 0 0 0 1 0 0 0 0 0 0 0 1 0 0 0 0 0 0 0 1 1 1 0 0 0 0 0 0 0 0 0 0 0 0 0 0 0 1 0 0 0 0 0 0 0 0 0 0 0 0 1 0 1 0
geno chr2.10896798 yri  0 0 1 1 0 0 1 0 0 0 1 0 1 0 0 0 2 0 0 0 0 0 2 0 1 0 1 0 0 0 1 0 0 1 1 2 1 1 0 1 0 0 0 0 0 1 0 1 2 0 1 0 0 0 0 1 1 1 0 0 0 0 0 0 0 0 0 0 1 0 0 0 1 1 1 0 0
geno chr2.10896863 ceu  0 1 1 1 1 1 0 1 1 1 0 1 2 1 1 2 1 0 0 1 2 1 1 1 0 1 0 1 2 2 0 0 0 1 0 0 0 1 1 1 0 0 1 0 0 0 1 0 1 1 1 2 1 1 1 1 0 1 1 0 0 0 0 1 0 1 1 1 0 1 1 1 1 2 2 0 1 1
geno chr2.10896863 fin  0 1 0 0 0 0 2 2 1 0 1 1 1 1 2 2 2 2 1 1 0 2 1 0 0 1 0 1 2 1 0 0 0 1 0 1 0 0 2 1 0 1 1 2 2 2 1 0 1 1 1 1 0 1 1 0 1 2 1 0 2 2 1 0 1 0 1 2 1 1 1 1 2 1 0 1 0 1 0 1 0 1 1 0 1 1 1 2 1
geno chr2.10896863 gbr  0 0 2 0 0 1 0 1 2 1 1 0 0 1 1 2 1 2 0 2 0 1 1 1 1 0 2 1 0 2 0 0 0 1 1 0 2 1 0 0 0 1 0 2 1 0 1 0 0 0 2 0 1 2 2 1 0 0 1 1 1 1 1 0 1 0 0 1 1 1 1 0 1 0 0 0 1 1 0 1 0 0 0 0
geno chr2.10896863 tsi  2 0 0 1 1 2 0 1 0 1 1 1 2 1 1 1 0 1 1 0 2 1 1 1 1 1 2 0 0 0 2 1 1 0 0 1 0 1 0 1 2 0 0 1 2 1 2 2 1 0 1 0 0 1 0 0 0 1 1 0 0 1 1 0 0 0 0 0 0 1 2 2 0 1 1 1 1 0 0 1 1 1 1 0 2 1 2 1 1 1 0 1
geno chr2.10896863 yri  0 0 0 0 0 0 0 0 0 0 0 0 0 0 0 0 0 0 0 0 0 1 0 1 1 0 0 0 0 0 0 0 1 0 0 0 0 0 0 0 0 0 0 2 0 0 0 0 0 0 0 0 0 0 0 0 0 0 0 1 0 0 0 0 0 0 0 0 0 0 0 0 0 0 0 1 0
geno chr2.10896921 ceu  1 0 0 0 0 0 0 0 0 0 1 0 0 0 0 0 0 0 1 0 0 0 0 0 0 0 0 0 0 0 2 0 1 0 1 1 0 1 0 1 0 1 0 0 0 0 0 0 0 0 0 0 0 0 0 0 0 0 0 1 1 0 0 1 0 0 0 0 1 0 0 0 0 0 0 0 0 0
geno chr2.10896921 fin  1 0 0 0 1 0 0 0 0 1 1 0 1 0 0 0 0 0 1 0 1 0 0 1 1 0 0 0 0 0 1 1 0 0 0 0 0 1 0 1 0 0 0 0 0 0 0 0 0 0 0 0 1 0 0 0 1 0 0 0 0 0 0 0 0 1 0 0 0 0 0 0 0 0 1 0 1 0 1 0 0 1 0 0 1 0 0 0 0
geno chr2.10896921 gbr  0 0 0 0 0 0 0 0 0 1 0 1 0 0 0 0 0 0 0 0 0 0 1 0 0 1 0 1 0 0 0 0 0 0 0 0 0 0 0 0 0 0 0 0 0 0 0 0 0 0 0 0 0 0 0 0 0 0 0 0 0 0 0 0 0 1 0 0 1 0 0 1 1 0 2 1 0 0 0 0 0 1 0 0
geno chr2.10896921 tsi  0 1 1 0 0 0 0 0 0 0 0 0 0 0 0 0 1 1 0 0 0 0 0 0 0 0 0 0 0 1 0 0 0 1 0 0 2 1 0 0 0 1 0 0 0 0 0 0 0 1 0 0 0 0 0 0 0 1 1 1 0 0 0 0 0 0 0 0 0 0 0 0 0 0 0 1 0 0 0 0 0 0 0 0 0 0 0 0 1 0 1 0
geno chr2.10896921 yri  2 0 2 1 0 0 2 1 0 1 1 1 1 1 0 1 2 1 0 0 1 0 2 0 1 0 1 0 0 0 1 0 0 1 1 2 1 1 1 1 2 0 1 0 1 1 1 1 2 1 2 0 1 0 0 1 1 1 0 0 1 0 0 0 0 1 0 0 1 0 1 0 1 2 1 0 0
geno chr2.10896974 ceu  1 1 1 1 0 1 1 0 1 0 0 1 0 1 0 0 1 1 0 1 0 0 0 0 1 0 2 0 0 0 0 2 1 0 1 1 0 0 0 0 1 0 1 1 0 1 0 0 0 1 0 0 0 0 0 1 1 1 1 0 0 1 1 0 0 1 1 1 1 0 1 0 0 0 0 0 0 0
geno chr2.10896974 fin  1 0 0 0 0 1 0 0 0 0 0 0 0 1 0 0 0 0 0 0 0 0 0 1 1 1 1 0 0 1 0 0 1 0 0 1 1 0 0 0 1 0 0 0 0 0 1 1 1 1 0 0 1 0 1 1 0 0 0 1 0 0 1 1 0 0 0 0 0 1 1 0 0 0 1 0 1 1 0 0 1 0 0 1 0 1 1 0 0
geno chr2.10896974 gbr  1 2 0 1 0 0 2 1 0 0 0 1 0 0 1 0 0 0 0 0 1 0 0 0 0 0 0 0 0 0 0 0 0 1 0 1 0 1 2 1 0 0 1 0 0 1 0 1 1 0 0 1 1 0 0 0 0 2 0 1 0 1 0 2 0 0 0 0 0 1 0 0 0 0 0 1 0 0 0 0 0 1 0 0
geno chr2.10896974 tsi  0 1 0 0 1 0 0 0 1 0 0 0 0 1 1 0 0 0 0 0 0 0 0 1 1 1 0 2 1 0 0 0 1 1 1 0 0 0 1 0 0 0 1 0 0 0 0 0 1 1 0 1 0 0 2 1 0 0 0 1 0 0 1 1 2 1 2 0 1 0 0 0 1 0 1 0 1 1 1 0 1 0 0 2 0 0 0 0 0 1 0 0
geno chr2.10896974 yri  0 0 0 0 0 0 0 0 1 0 1 1 0 0 0 0 0 0 0 0 0 1 0 0 0 0 0 0 0 1 0 0 0 0 0 0 0 0 0 1 0 2 0 0 1 0 1 0 0 0 0 0 0 0 0 0 0 0 0 0 0 0 0 0 0 0 0 1 0 1 0 0 0 0 0 0 0
geno chr2.10897030 ceu  0 0 0 0 0 0 0 0 0 0 0 0 0 0 0 0 0 0 0 0 0 0 0 0 0 0 0 0 0 0 0 0 0 0 0 0 0 0 0 0 0 0 0 0 0 1 0 0 0 0 0 0 0 0 0 0 0 0 0 0 0 0 0 0 0 0 0 0 0 0 0 0 0 0 0 0 0 0
geno chr2.10897030 fin  0 0 0 0 0 0 0 0 0 0 0 0 0 0 0 0 0 0 0 0 0 0 0 0 0 0 0 0 0 0 0 0 0 0 0 0 0 0 0 0 0 0 0 0 0 0 0 0 0 0 0 0 0 0 0 0 0 0 0 0 0 0 0 0 0 0 0 0 0 0 0 0 0 0 0 0 0 0 0 0 0 0 0 0 0 0 0 0 0
geno chr2.10897030 gbr  0 0 0 0 0 0 0 0 0 0 0 0 0 0 0 0 0 0 0 0 0 0 0 0 0 0 0 0 0 0 0 0 0 0 0 0 0 0 0 0 0 0 0 0 0 0 0 0 0 0 0 0 0 0 0 1 0 0 0 0 0 0 0 0 0 0 0 0 0 0 0 0 0 0 0 0 0 0 0 0 0 0 0 0
geno chr2.10897030 tsi  0 0 0 0 0 0 0 0 0 0 0 0 0 0 0 0 0 0 0 0 0 0 0 0 0 0 0 0 0 0 0 0 0 0 0 0 0 0 0 0 0 0 1 0 0 0 0 0 0 0 0 0 0 0 0 0 0 0 0 0 0 0 0 0 0 0 0 0 0 0 0 0 0 0 0 0 0 0 0 0 0 0 0 0 0 0 0 0 0 0 0 0
geno chr2.10897030 yri  0 1 0 0 1 0 0 0 0 0 0 0 0 0 1 0 0 0 0 0 0 0 0 0 0 1 0 1 1 1 0 0 1 0 0 0 1 1 0 0 0 0 1 0 0 0 0 0 0 0 0 2 1 1 1 0 0 0 1 0 0 2 1 0 1 0 0 1 0 0 0 0 0 0 0 0 1
geno chr2.10897288 ceu  0 0 0 0 0 0 0 0 0 0 0 1 0 0 0 0 0 0 0 0 0 0 0 1 0 0 0 0 0 0 0 0 0 1 0 0 0 0 0 0 0 0 0 0 0 0 0 0 0 0 0 0 0 0 0 0 0 0 0 0 0 0 0 0 1 0 0 0 0 1 0 0 0 0 0 0 0 0
geno chr2.10897288 fin  0 0 0 1 0 0 0 1 0 0 0 0 1 0 0 0 0 0 0 0 0 0 0 0 0 0 0 0 0 0 0 0 0 0 1 0 0 0 0 0 0 0 0 0 0 0 0 0 0 0 0 1 0 0 0 0 0 0 0 0 0 0 0 0 1 0 0 0 0 0 0 0 1 0 0 1 0 0 0 1 0 0 0 1 0 0 1 0 0
geno chr2.10897288 gbr  1 0 0 1 1 0 1 0 0 0 0 0 0 0 0 0 1 0 0 0 0 0 0 0 0 0 1 0 1 0 0 0 0 0 0 0 0 0 0 0 0 0 0 0 0 0 0 0 0 0 0 1 0 0 0 0 0 0 0 0 0 0 0 0 0 0 0 0 0 0 0 0 0 0 0 0 0 0 0 0 0 0 0 0
geno chr2.10897288 tsi  0 0 0 0 0 0 0 0 1 0 0 0 0 0 0 0 0 0 0 0 0 0 0 0 0 0 0 0 0 0 0 0 0 0 0 0 0 0 0 0 0 0 0 0 0 0 0 0 0 0 0 0 0 0 0 0 0 0 0 0 0 0 0 0 0 0 0 0 1 0 0 0 1 0 0 0 0 0 0 0 0 0 0 0 0 0 0 0 0 0 0 0
geno chr2.10897288 yri  0 0 0 0 0 0 0 0 0 0 0 0 0 0 0 0 0 0 0 0 0 0 0 0 0 0 0 0 0 0 0 0 0 0 0 0 0 0 0 0 1 1 0 0 0 0 0 0 0 1 0 0 1 0 0 0 0 0 0 0 0 0 0 0 0 0 0 0 0 0 0 0 0 0 0 0 0
geno chr2.10897512 ceu  1 1 1 1 0 1 1 0 1 0 0 1 0 1 0 0 1 1 0 1 0 0 0 0 1 0 2 0 0 0 0 2 1 0 1 1 0 0 0 0 1 0 1 1 0 1 0 0 0 1 0 0 0 0 0 1 1 1 1 0 0 1 1 0 0 1 1 1 1 0 1 0 0 0 0 0 0 0
geno chr2.10897512 fin  1 0 0 0 0 1 0 0 0 0 0 0 0 1 0 0 0 0 0 0 0 0 0 1 1 1 1 0 0 1 0 0 1 0 0 1 1 0 0 0 1 0 0 0 0 0 1 1 1 1 0 0 1 0 1 1 0 0 0 1 0 0 1 1 0 0 0 0 0 1 1 0 0 0 1 0 1 1 0 0 1 0 0 1 0 1 1 0 0
geno chr2.10897512 gbr  1 2 0 1 0 0 2 1 0 0 0 1 0 0 1 0 0 0 0 0 1 0 0 0 0 0 0 0 0 0 0 0 0 1 0 1 0 1 2 1 0 0 1 0 0 1 0 1 1 0 0 1 1 0 0 0 0 2 0 1 0 1 0 2 0 0 0 0 0 1 0 0 0 0 0 1 0 0 0 0 0 1 0 0
geno chr2.10897512 tsi  0 1 0 0 1 0 0 0 1 0 0 0 0 1 1 0 0 0 0 0 0 0 0 1 1 1 0 2 1 0 0 0 1 1 1 0 0 0 1 0 0 0 1 0 0 0 0 0 1 1 0 1 0 0 2 1 0 0 0 1 0 0 1 1 2 1 2 0 1 1 0 0 1 0 1 0 1 1 1 0 1 0 0 2 0 0 0 0 0 1 0 0
geno chr2.10897512 yri  0 0 0 0 0 0 0 0 0 0 1 1 0 0 0 0 0 0 0 0 0 1 0 0 0 0 0 0 0 1 0 0 0 0 0 0 0 0 0 1 0 1 0 0 1 0 1 0 0 0 0 0 0 0 0 0 0 0 0 0 0 0 0 0 0 0 0 1 0 0 0 0 0 0 0 0 0
