pheno ENSG00000197461 ceu -0.1768435 -1.795631 -2.910939 -0.09170014 -1.954112 -2.796701 -0.8460746 -1.205745 -1.53775 -1.416057 -0.8748804 -0.4156237 -1.744445 -3.741018 -2.088422 -1.776798 -1.736885 -2.500064 -2.41768 -0.8781875 -3.073389 -1.568988 -2.031119 -3.349731 -0.1123326 -2.543779 -2.142742 -3.6835 -0.7064073 -2.693293 -2.438746 -0.893687 -2.86967 -2.197209 -1.578281 -3.020558 -1.715076 -1.581228 -1.475849 -1.820268 0.1423119 -2.27595 -2.437181 -2.544357 -1.322952 -1.448895 -1.250848 -1.627621 -2.189173 -2.523917 -1.071468 -1.466704 0.07746004 -0.9632803 -1.856287 -0.9680792 -2.494662 -2.591145 -2.480519 -2.15461 -1.274177 0.350443 -2.234724 -1.730077 -0.8474055 -0.4520074 -1.940852 -2.075133 -1.722482 -1.30426 -2.04933 -2.358679 -1.834683 -4.086363 -1.468121 -1.497599 -0.9651952 -2.164192
pheno ENSG00000197461 fin 0.03965764 1.330638 0.07341822 2.357014 0.2804125 1.68359 1.585326 1.31432 -0.2005769 1.077796 1.186816 1.588032 1.022855 1.035262 1.55743 -0.4742686 0.6204395 1.18411 0.933607 2.626671 1.826235 1.229081 3.092029 0.5484745 3.529229 1.334362 0.9720292 1.018959 1.830311 0.9387221 1.015918 0.975611 0.660073 0.4360005 1.242312 2.709458 1.777201 2.449012 0.1455911 1.062668 0.8105349 0.7008912 2.012249 3.07 1.012569 1.017372 1.079722 2.706243 1.376266 1.471875 1.983294 0.9576308 0.4489357 -0.1375255 0.4933877 2.069453 1.11355 0.9154397 2.554444 0.4143427 0.1327581 1.54902 1.885792 -0.428563 2.207751 1.458204 0.9300152 1.564575 2.110833 2.722527 1.139806 3.86242 1.108489 1.561713 2.528638 0.75451 1.359832 1.815895 -0.08335801 1.281604 1.376966 1.523924 0.720257 -0.4161767 0.4790436 0.4471953 0.505131 0.03864912 0.4421237
pheno ENSG00000197461 gbr 0.002189148 -1.35219 -0.906101 -1.609177 -2.217943 -0.6739265 0.02644635 -0.03539298 0.0178106 -0.3700045 -0.1215919 0.1144347 0.8546238 -0.2526043 -2.741337 -0.6983211 -0.3694268 0.801779 -0.006995898 -2.065749 -0.6050683 -2.462194 -0.8436462 -0.5074043 -1.184686 -0.1900472 0.3837486 -0.726595 -0.8135477 -1.155864 0.1555428 -1.673297 0.2328658 -0.9724578 -2.8214 0.2301005 0.3403948 -2.433536 -0.3022235 -0.2341928 -0.3048177 0.1395523 -0.1245298 -1.755262 0.07860341 -0.4132985 -0.01927001 0.4564528 0.1398143 0.226415 0.304398 -1.419 -0.929143 -2.206949 -1.094942 -0.8009427 1.346221 -0.3208733 -0.3708314 -0.08561063 -1.360472 -0.8519089 -0.04081495 0.1933662 -2.486438 -2.744006 -1.233728 -1.819598 -2.636768 -0.4617152 -0.4983441 -1.037335 -1.797444 0.6562058 -2.183586 -1.915261 -1.012314 -1.515157 -1.416199 -2.733789 -0.2249104 -2.327357 -0.8843814 -1.159277
pheno ENSG00000197461 tsi -1.269038 -0.8080724 0.6587454 -0.3360632 -2.169523 -0.7249368 -0.8922063 -0.8630897 -0.05022584 0.510574 -1.213755 -0.9753761 -0.1338109 -0.4139343 -0.03687359 0.1404828 0.9840514 -0.8630253 -2.009924 0.5350478 -0.7838018 -3.064437 -1.032187 -0.2608869 -1.364402 -3.064777 -2.065465 -0.99571 -1.923828 -1.771032 -1.233352 -2.40375 -2.255667 -0.7510083 -1.106676 -1.703043 -0.4175942 -0.4166654 -1.481074 -0.5995272 -0.4253879 -1.167812 -1.144703 -0.6120001 -1.497689 -0.5770567 -1.153516 -1.440788 -2.706898 -1.574992 -1.06064 -0.1059522 -3.144336 -0.5348734 -2.33694 -2.945016 -1.605602 -0.6245871 -1.387099 -2.686829 -1.588988 -0.4602826 -1.488513 -0.321446 -1.98366 -0.9456603 -2.019849 0.2944931 -1.788063 -2.566251 -0.6910585 -0.7530421 -0.8476406 0.1229947 -0.2157121 -0.3154353 -2.477512 -1.838328 -0.6934553 -2.936459 0.03964012 -0.5642217 -1.113585 -0.5719991 0.1259199 0.5651737 -0.1486593 -0.08038366 -0.8296926 -1.878607 0.2396966 -1.600715
pheno ENSG00000197461 yri 1.653314 -0.778928 -0.5387196 0.7238345 0.6775609 -0.01380408 -1.927899 -1.024001 0.9484702 0.2608898 0.09014611 1.00217 0.3900922 0.7535574 -0.9551103 0.01260993 -0.413151 -0.07813192 1.61607 0.8814492 -0.3311152 -0.7565835 -0.1654794 -0.4270205 -0.1416383 0.3407717 0.4771827 0.4406884 -1.109548 -0.6471758 0.1073574 0.5920178 1.374131 -0.1420506 3.068234 -0.571243 1.9543 -0.1156257 1.863011 0.8029378 -0.5311961 -1.255311 0.2419844 -1.396266 0.9082924 0.08923992 -0.7382787 1.993591 1.266594 -1.252441 0.9490114 -0.3502863 -1.045029 -0.3163794 0.07436948 0.2954258 -1.47616 -0.1467787 0.4716106 2.693634 0.3355282 1.475656 -0.3734536 0.4308694 0.3553475 1.838936 -1.559514 2.0284 -0.188502 -0.06526979 0.6196117 -0.1192238 -0.2678012 -0.8798954 -0.6011352 1.717226 0.2837117
geno chr7.461212 ceu  0 0 1 0 0 0 0 0 0 0 0 0 0 0 0 0 0 0 0 0 0 0 0 0 0 0 0 0 0 0 0 0 0 0 0 0 0 1 0 0 0 0 0 0 0 0 0 0 0 0 0 0 1 0 0 0 1 0 0 0 0 0 0 0 0 0 0 1 0 0 0 0 0 0 0 0 0 0
geno chr7.461212 fin  1 0 0 0 0 0 0 0 0 0 0 0 0 0 0 0 0 0 0 0 0 0 0 0 1 0 0 0 0 0 0 0 0 0 0 0 0 0 0 0 0 0 0 0 0 0 0 0 0 1 0 0 0 0 0 0 0 0 0 0 0 0 0 0 0 0 0 0 0 0 0 0 0 0 0 0 1 0 0 0 0 0 0 0 0 1 0 0 0
geno chr7.461212 gbr  0 0 1 0 0 0 0 0 0 0 0 0 0 0 0 0 1 0 0 0 0 0 1 0 0 1 0 0 0 0 1 0 0 0 0 0 0 0 0 0 0 0 0 0 0 0 0 0 0 0 0 0 0 0 0 0 0 0 0 0 0 0 0 0 0 0 0 0 0 0 0 0 0 0 0 1 0 0 0 0 0 0 0 0
geno chr7.461212 tsi  0 0 0 0 0 0 0 0 0 0 0 0 0 0 0 0 0 0 0 0 0 0 0 1 0 0 0 0 1 0 0 0 0 0 0 0 0 0 0 0 0 1 0 0 0 0 0 0 0 0 0 0 0 0 0 1 0 0 0 0 0 0 0 0 0 1 0 0 0 0 0 0 0 0 0 0 0 0 0 0 0 0 0 0 0 0 0 0 0 0 0 0
geno chr7.461212 yri  0 0 0 0 0 0 0 0 0 0 0 0 0 0 0 0 0 0 0 0 0 0 0 0 0 0 0 0 0 1 0 0 0 1 0 0 1 0 0 0 0 0 0 0 0 0 0 0 0 0 0 0 0 0 0 0 0 0 0 0 0 0 0 0 0 0 0 0 0 0 0 0 1 0 1 0 0
geno chr7.461230 ceu  2 2 1 1 1 0 1 1 1 1 1 0 0 1 1 0 0 0 0 1 0 0 1 1 1 1 0 2 1 0 1 1 1 0 1 1 1 0 2 0 1 2 1 0 1 1 2 1 0 2 1 1 1 0 0 2 1 2 1 0 0 1 2 1 1 1 1 0 1 2 0 2 0 1 1 2 0 2
geno chr7.461230 fin  1 1 1 0 0 1 1 1 0 0 1 2 1 2 1 0 2 1 1 1 1 0 1 2 1 1 0 2 0 1 1 1 2 2 1 0 1 1 1 2 1 0 0 2 1 1 1 0 1 0 1 1 0 0 0 0 1 0 0 1 0 1 1 2 0 0 0 0 1 1 2 1 1 1 1 1 1 2 1 1 1 1 1 0 1 1 0 1 0
geno chr7.461230 gbr  0 1 1 0 2 1 2 2 2 1 2 0 0 2 2 2 1 1 2 1 1 1 0 2 1 1 1 1 2 1 0 1 1 1 1 2 0 1 1 0 0 1 2 1 0 2 0 0 1 1 0 0 0 2 0 1 0 0 0 1 0 0 1 0 0 2 0 0 0 2 1 1 2 0 0 1 2 0 2 0 1 1 2 0
geno chr7.461230 tsi  1 0 2 1 1 0 0 1 1 1 1 0 0 1 1 0 1 2 2 1 1 1 1 0 1 1 1 1 0 1 1 0 2 0 1 1 1 0 2 0 1 0 1 1 0 1 1 0 1 1 1 1 1 0 1 1 1 1 1 2 1 1 2 0 1 1 1 0 1 2 0 2 1 1 0 1 0 0 0 1 1 2 1 2 0 1 0 0 1 1 1 0
geno chr7.461230 yri  0 0 2 2 2 1 0 0 1 2 0 1 0 0 1 1 1 0 1 1 1 1 0 1 0 0 0 1 1 0 2 1 0 0 1 0 0 1 1 0 0 0 1 1 1 1 0 0 1 0 1 0 1 1 0 0 0 0 0 0 0 0 1 2 0 1 2 0 1 0 0 0 0 0 0 2 1
geno chr7.461489 ceu  2 2 2 1 1 0 1 2 2 1 1 0 1 2 1 0 0 0 0 1 0 0 1 1 1 1 1 2 2 1 1 1 1 0 1 1 1 1 2 0 1 2 2 0 1 1 2 2 0 2 1 2 1 0 1 2 1 2 1 1 0 1 2 1 1 1 1 1 1 2 0 2 0 1 1 2 0 2
geno chr7.461489 fin  1 1 1 0 0 1 1 1 0 0 1 2 1 2 1 0 2 1 1 0 1 0 1 2 0 1 0 2 0 2 1 1 2 2 2 1 1 1 2 2 1 0 0 2 1 1 2 0 1 0 1 1 1 1 0 0 1 0 0 1 0 2 1 1 0 0 1 0 1 1 2 1 1 1 1 1 2 2 1 1 1 1 1 0 1 2 1 2 0
geno chr7.461489 gbr  1 1 1 0 2 2 2 2 2 1 2 0 0 2 2 2 1 2 2 1 1 1 0 2 1 1 1 1 2 0 1 1 1 1 1 2 0 1 1 0 0 1 2 1 0 2 0 0 2 1 0 0 0 2 0 1 0 0 0 1 0 0 1 0 0 2 0 0 0 2 1 1 2 0 0 2 2 0 2 0 1 1 2 0
geno chr7.461489 tsi  1 0 2 1 2 1 0 2 1 2 1 0 1 1 1 0 2 2 2 2 1 1 1 0 1 1 1 1 0 1 1 0 2 0 1 2 2 1 2 0 1 1 1 1 0 1 1 0 1 1 1 1 1 0 2 2 1 1 1 2 1 1 2 0 1 2 1 0 1 2 0 2 1 1 0 1 0 0 0 1 1 2 1 2 0 1 0 1 2 1 2 0
geno chr7.461489 yri  0 0 2 2 2 2 0 2 1 2 0 2 0 0 1 2 1 1 1 2 2 1 0 2 1 1 0 1 1 0 1 1 0 0 1 1 0 2 1 0 1 0 1 1 1 1 0 0 1 1 1 1 1 0 0 0 1 1 2 0 0 1 1 2 0 1 2 1 1 0 0 0 1 0 0 2 1
geno chr7.461774 ceu  2 2 2 1 1 0 1 2 2 1 1 0 1 2 1 0 0 0 0 1 0 0 1 1 1 1 1 2 2 1 1 1 1 0 1 1 1 1 2 0 1 2 2 0 1 1 2 2 0 2 1 2 1 0 1 2 1 2 1 1 0 1 2 1 1 1 1 1 1 2 0 2 0 1 1 2 0 2
geno chr7.461774 fin  1 1 1 0 0 1 1 1 0 0 1 2 1 2 1 0 2 1 1 0 1 0 1 2 0 1 0 2 0 2 1 1 2 2 2 1 1 1 2 2 1 0 0 2 1 1 2 0 1 0 1 1 1 1 0 0 1 0 0 1 0 2 1 1 0 0 1 0 1 1 2 1 1 1 1 1 2 2 1 1 1 1 1 0 1 2 1 2 0
geno chr7.461774 gbr  1 1 1 0 2 2 2 2 2 1 2 0 0 2 2 2 1 2 2 1 1 1 0 2 1 1 1 1 2 0 1 1 1 1 1 2 0 1 1 0 0 1 2 1 0 2 0 0 2 1 0 0 0 2 0 1 0 0 0 1 0 0 1 0 0 2 0 0 0 2 1 1 2 0 0 2 2 0 2 0 1 1 2 0
geno chr7.461774 tsi  1 0 2 1 2 1 0 2 1 2 1 0 1 1 1 0 2 2 2 2 1 1 1 1 1 1 1 1 0 1 1 0 2 0 1 2 2 1 2 0 1 1 1 1 0 1 1 0 1 1 1 1 1 0 2 2 1 1 1 2 1 1 2 0 1 2 1 0 1 2 0 2 1 1 0 1 0 0 0 1 1 2 1 2 0 1 0 1 2 1 2 0
geno chr7.461774 yri  0 0 2 2 2 2 0 2 1 2 0 2 0 0 1 2 1 1 1 2 2 1 0 2 1 1 0 1 1 0 1 1 0 0 1 1 0 2 1 0 1 0 1 1 1 1 0 0 1 1 1 1 1 1 0 0 1 1 2 0 0 1 1 2 0 1 2 1 1 0 0 0 1 0 0 2 1
geno chr7.461953 ceu  0 0 1 0 0 0 0 1 1 0 0 0 1 0 0 0 0 0 0 0 0 0 0 0 0 0 0 0 1 1 0 0 0 0 0 0 0 0 0 0 0 0 1 0 0 0 0 1 0 0 0 0 0 0 1 0 0 0 0 1 0 0 0 0 0 0 0 1 0 0 0 0 0 0 0 0 0 0
geno chr7.461953 fin  0 0 0 0 0 0 0 0 0 0 0 0 0 0 0 0 0 0 0 0 0 0 0 0 0 0 0 0 0 0 0 0 0 0 1 0 0 0 1 0 0 0 0 0 0 0 1 0 0 0 0 0 1 1 0 0 0 0 0 0 0 1 0 0 0 0 1 0 0 0 0 0 0 0 0 0 1 0 0 0 0 0 0 0 0 1 1 0 0
geno chr7.461953 gbr  1 0 0 0 0 0 0 0 0 0 0 0 0 0 0 0 0 1 0 0 0 0 0 0 0 0 0 0 0 0 1 0 0 0 0 0 0 0 0 0 0 0 0 0 0 0 0 0 0 0 0 0 0 0 0 0 0 0 0 0 0 0 0 0 0 0 0 0 0 0 0 0 0 0 0 0 0 0 0 0 0 0 0 0
geno chr7.461953 tsi  0 0 0 0 0 1 0 1 0 0 0 0 1 0 0 0 0 0 0 0 0 0 0 0 0 0 0 0 0 0 0 0 0 0 0 0 0 1 0 0 0 1 0 0 0 0 0 0 0 0 0 0 0 0 1 0 0 0 0 0 0 0 0 0 0 0 0 0 0 0 0 0 0 0 0 0 0 0 0 0 0 0 0 0 0 0 0 1 1 0 0 0
geno chr7.461953 yri  0 0 0 0 1 0 0 0 0 0 0 0 0 0 0 0 0 0 0 0 0 0 0 0 0 0 0 0 0 0 0 0 0 0 0 0 0 0 0 0 0 0 0 0 0 0 0 0 0 0 0 0 0 0 0 0 0 0 0 0 0 0 0 0 0 0 0 0 0 0 0 0 0 0 0 0 0
geno chr7.462080 ceu  1 1 1 0 0 0 0 0 0 0 0 0 0 1 0 0 0 0 0 1 0 0 0 0 0 0 1 2 0 1 0 0 0 0 0 1 1 0 1 0 1 1 1 0 0 0 1 1 0 1 1 1 0 0 0 0 0 2 1 0 0 0 2 0 0 0 1 0 1 0 0 1 0 1 0 1 0 2
geno chr7.462080 fin  0 1 0 0 0 1 0 0 0 0 0 1 0 1 0 0 1 1 0 0 1 0 0 0 0 0 0 1 0 1 1 0 0 2 1 1 0 1 0 1 1 0 0 1 0 1 0 0 0 0 1 1 0 0 0 0 1 0 0 0 0 1 0 0 0 0 0 0 1 1 1 0 0 0 1 0 1 0 0 1 0 1 0 0 1 1 0 2 0
geno chr7.462080 gbr  0 1 1 0 0 1 1 0 0 0 0 0 0 1 1 1 0 0 1 0 0 0 0 0 0 0 0 0 1 0 0 0 0 0 0 0 0 0 0 0 0 0 0 0 0 0 0 0 1 1 0 0 0 0 0 1 0 0 0 0 0 0 1 0 0 1 0 0 0 1 0 1 0 0 0 0 1 0 2 0 0 1 1 0
geno chr7.462080 tsi  1 0 0 0 0 0 0 0 0 0 0 0 0 1 0 0 1 1 0 1 0 0 1 0 0 0 1 1 0 0 1 0 0 0 0 1 1 0 0 0 0 0 0 0 0 0 1 0 0 0 0 1 0 0 1 1 0 0 1 0 0 1 1 0 1 0 1 0 1 0 0 1 0 1 0 1 0 0 0 1 1 0 0 0 0 0 0 0 1 1 1 0
geno chr7.462080 yri  0 0 0 0 0 1 0 0 0 0 0 0 0 0 0 0 0 0 0 1 1 0 0 0 0 0 0 0 0 0 0 0 0 0 0 0 1 0 0 0 0 0 0 0 0 0 0 0 0 0 0 0 0 0 0 0 0 0 1 0 0 0 0 0 0 0 0 0 1 0 1 0 0 0 0 0 0
geno chr7.462295 ceu  0 1 0 0 0 0 0 0 0 0 0 0 0 0 0 0 0 0 0 0 0 0 0 0 0 0 0 0 0 0 0 0 0 0 0 1 0 0 0 0 0 0 0 0 0 0 0 0 0 1 0 0 0 0 0 0 0 1 0 0 0 0 0 0 0 0 1 0 0 0 0 1 0 0 0 0 0 0
geno chr7.462295 fin  0 0 0 0 0 1 0 0 0 0 0 0 0 1 0 0 0 0 0 0 0 0 0 0 0 0 0 0 0 1 0 0 0 1 1 0 0 0 0 0 0 0 0 0 0 0 0 0 0 0 0 0 0 0 0 0 0 0 0 0 0 0 0 0 0 0 0 0 1 1 0 0 0 0 1 0 0 0 0 0 0 0 0 0 1 1 0 0 0
geno chr7.462295 gbr  0 0 1 0 0 0 0 0 0 0 0 0 0 1 0 0 0 0 1 0 0 0 0 0 0 0 0 0 0 0 0 0 0 0 0 0 0 0 0 0 0 0 0 0 0 0 0 0 0 0 0 0 0 0 0 1 0 0 0 0 0 0 0 0 0 0 0 0 0 0 0 0 0 0 0 0 0 0 0 0 0 0 1 0
geno chr7.462295 tsi  1 0 0 0 0 0 0 0 0 0 0 0 0 0 0 0 0 0 0 1 0 0 0 0 0 0 0 0 0 0 0 0 0 0 0 0 0 0 0 0 0 0 0 0 0 0 0 0 0 0 0 0 0 0 0 0 0 0 1 0 0 0 0 0 1 0 0 0 0 0 0 0 0 0 0 1 0 0 0 1 0 0 0 0 0 0 0 0 0 0 0 0
geno chr7.462295 yri  0 0 0 0 0 0 0 0 0 0 0 0 0 0 0 0 0 0 0 0 0 0 0 0 0 0 0 0 0 0 0 0 0 0 0 0 0 0 0 0 0 0 0 0 0 0 0 0 0 0 0 0 0 0 0 0 0 0 0 0 0 0 0 0 0 0 0 0 0 0 0 0 0 0 0 0 0
geno chr7.462523 ceu  2 2 1 1 1 0 1 1 1 1 1 0 0 2 1 0 0 0 0 1 0 0 1 1 1 1 1 2 1 0 1 1 1 0 1 1 1 0 2 0 1 2 1 0 1 1 2 1 0 2 1 1 1 0 0 2 1 2 1 0 0 1 1 1 1 1 1 0 1 2 0 2 0 1 1 2 0 2
geno chr7.462523 fin  1 1 1 0 0 1 1 1 0 0 1 1 1 2 1 0 2 1 1 0 1 0 1 2 0 1 0 1 0 2 1 1 2 2 1 1 1 1 1 2 1 0 0 2 1 1 1 0 1 0 1 1 0 0 0 0 1 0 0 1 0 1 1 1 0 0 0 0 1 1 2 1 1 1 1 1 1 2 1 1 1 1 1 0 1 1 0 2 0
geno chr7.462523 gbr  0 1 1 0 2 2 1 2 2 1 2 0 0 2 2 2 1 1 2 1 1 1 0 2 1 1 1 1 2 0 0 1 1 1 1 2 0 1 1 0 0 1 2 1 0 2 0 0 2 0 0 0 0 2 0 1 0 0 0 1 0 0 1 0 0 2 0 0 0 2 1 1 2 0 0 2 2 0 2 0 1 1 2 0
geno chr7.462523 tsi  1 0 2 1 2 0 0 1 1 2 1 0 0 1 1 0 2 2 2 1 1 1 1 0 1 1 1 1 0 1 1 0 2 0 1 2 2 0 2 0 1 0 1 1 0 1 1 0 1 1 1 1 1 0 1 2 1 1 1 2 1 1 2 0 1 2 1 0 1 2 0 2 1 1 0 1 0 0 0 1 1 2 1 2 0 1 0 0 1 1 2 0
geno chr7.462523 yri  0 0 2 1 2 1 0 0 0 2 0 1 0 0 0 1 1 0 1 2 1 1 0 1 0 0 0 0 1 0 1 1 0 0 1 0 0 1 1 0 0 0 1 1 1 1 0 0 1 0 1 0 1 1 0 0 0 0 0 0 0 0 0 2 0 1 1 0 1 0 0 0 0 0 0 2 1
geno chr7.462737 ceu  0 1 0 0 0 0 0 0 0 0 0 0 0 0 0 0 0 0 0 0 0 0 0 0 0 0 0 0 2 0 0 0 0 0 0 0 0 0 1 0 0 0 1 0 0 0 0 0 0 0 0 0 0 0 0 0 0 0 1 0 0 0 0 0 0 0 0 0 0 0 0 0 0 0 0 1 0 0
geno chr7.462737 fin  1 0 1 0 0 0 0 0 0 0 1 1 0 0 1 0 0 0 1 0 0 0 1 0 0 0 0 0 0 0 0 1 1 0 0 0 1 0 0 1 0 0 0 0 1 0 0 0 1 0 0 0 0 0 0 0 0 0 0 0 0 0 0 0 0 0 0 0 0 0 0 0 0 1 0 0 1 0 0 0 1 1 0 0 0 0 0 0 0
geno chr7.462737 gbr  0 0 0 0 1 1 0 0 0 0 0 0 0 2 1 0 0 0 1 1 0 0 0 0 0 1 0 0 0 0 0 0 0 0 1 1 0 1 0 0 0 0 0 0 0 1 0 0 0 0 0 0 0 0 0 1 0 0 0 0 0 0 0 0 0 0 0 0 0 0 0 0 0 0 0 1 1 0 0 0 0 0 1 0
geno chr7.462737 tsi  0 0 1 0 0 0 0 0 0 0 0 0 0 0 0 0 0 0 0 0 0 0 0 0 0 0 0 0 0 0 0 0 2 0 0 0 0 0 0 0 0 0 0 0 0 0 0 0 0 0 0 0 0 0 0 0 0 0 0 1 0 0 0 0 0 0 0 0 0 0 0 0 0 1 0 0 0 0 0 0 1 0 0 1 0 0 0 0 0 0 1 0
geno chr7.462737 yri  0 0 0 1 0 0 0 0 0 0 0 0 0 0 0 0 0 0 0 0 0 0 0 0 0 1 0 0 0 0 0 0 0 0 0 0 0 0 0 0 0 0 0 0 0 0 0 0 0 0 0 0 0 0 0 0 0 0 0 0 0 0 1 1 0 0 1 0 0 0 0 0 0 0 0 0 0
geno chr7.462740 ceu  2 2 2 1 1 0 0 1 2 1 0 0 0 2 0 0 0 0 0 0 0 0 0 0 1 1 0 2 1 1 0 0 1 0 0 1 1 0 2 0 0 2 2 0 1 1 2 2 0 2 0 1 1 0 1 2 1 2 0 0 0 1 2 1 1 0 1 1 0 2 0 2 0 1 1 2 0 2
geno chr7.462740 fin  1 0 1 0 0 1 1 0 0 0 1 2 1 1 1 0 2 0 1 0 1 0 1 2 0 1 0 2 0 2 1 1 2 2 2 1 1 1 1 2 0 0 0 2 1 1 1 0 1 0 1 1 0 1 0 0 1 0 0 1 0 2 0 0 0 0 0 0 1 1 1 0 1 1 1 0 2 1 0 1 1 1 1 0 1 2 0 1 0
geno chr7.462740 gbr  1 1 1 0 2 2 2 2 2 0 2 0 0 2 1 2 1 1 2 1 0 0 0 1 1 1 1 1 2 0 1 0 1 0 1 2 0 1 0 0 0 1 2 0 0 2 0 0 2 1 0 0 0 2 0 1 0 0 0 0 0 0 1 0 0 2 0 0 0 2 1 1 2 0 0 2 1 0 2 0 1 0 2 0
geno chr7.462740 tsi  1 0 2 1 2 0 0 2 1 2 0 0 1 1 0 0 1 1 2 1 1 1 1 0 1 1 1 1 0 1 1 0 1 0 1 2 2 0 2 0 0 1 0 1 0 1 1 0 1 0 1 1 1 0 2 2 1 1 1 2 0 1 2 0 1 2 1 0 1 2 0 2 1 0 0 1 0 0 0 1 1 1 1 2 0 1 0 1 2 0 1 0
geno chr7.462740 yri  0 0 1 0 1 1 0 0 0 2 0 1 0 0 0 1 1 0 1 1 1 1 1 1 0 1 0 0 0 0 0 1 0 0 1 0 0 0 1 0 0 0 1 2 1 1 0 0 0 0 0 0 1 1 0 0 0 0 0 0 0 0 0 2 0 0 1 0 1 0 0 0 0 0 0 2 1
geno chr7.462750 ceu  2 2 2 0 0 0 0 2 2 1 1 0 1 1 0 0 0 0 0 0 0 0 0 0 0 1 0 1 1 1 0 0 1 1 0 1 1 0 2 0 0 2 2 0 1 1 1 2 0 2 0 1 0 0 1 1 1 2 0 1 0 1 2 1 1 0 1 1 1 2 0 2 0 1 1 2 0 2
geno chr7.462750 fin  1 0 1 0 0 1 0 0 0 0 1 2 1 1 1 0 1 1 1 0 1 0 1 2 0 0 0 2 0 2 0 1 2 2 2 0 1 1 2 2 0 0 0 2 1 1 2 0 1 0 1 1 1 1 0 0 1 0 0 0 0 2 1 0 0 1 1 0 2 1 0 0 0 1 1 0 2 2 1 0 1 1 0 0 1 2 1 0 0
geno chr7.462750 gbr  1 1 1 0 2 2 1 2 2 0 1 0 0 2 2 2 1 1 2 1 1 0 0 2 1 1 1 1 2 0 1 1 0 0 1 2 0 1 0 0 0 1 2 1 0 2 0 0 1 1 0 0 0 2 0 1 0 0 0 1 0 0 0 0 0 1 0 0 0 2 0 0 2 0 0 2 1 0 2 0 1 0 2 0
geno chr7.462750 tsi  1 0 2 1 2 1 0 2 0 2 1 0 1 1 0 0 1 1 2 1 1 1 1 0 0 1 1 0 0 1 1 0 2 0 1 2 1 1 2 0 1 1 0 1 0 1 1 0 1 1 1 1 1 0 2 1 0 0 1 2 0 0 2 0 1 2 1 0 1 2 0 2 1 0 0 1 0 0 0 1 1 2 1 2 0 1 0 1 2 0 1 0
geno chr7.462750 yri  1 0 1 2 1 1 0 2 2 2 0 1 0 1 1 1 1 0 2 2 1 1 1 1 2 1 0 1 1 1 0 1 0 2 0 0 2 1 2 0 2 0 2 1 1 1 1 0 0 1 0 0 1 0 1 0 0 1 1 0 0 0 1 2 1 1 2 0 1 0 1 2 2 0 1 2 1
geno chr7.462753 ceu  0 0 0 0 0 0 0 0 1 0 0 0 0 0 0 0 0 0 0 0 0 0 0 0 0 0 0 0 0 0 0 0 0 0 0 0 0 0 0 0 0 0 1 0 0 0 0 1 0 0 0 0 0 0 0 0 0 0 0 0 0 0 0 0 0 0 1 1 0 0 0 0 0 0 0 1 0 0
geno chr7.462753 fin  0 0 1 0 0 0 0 0 0 0 0 0 0 0 1 0 0 0 0 0 0 0 0 0 0 0 0 0 0 0 0 0 1 0 0 0 0 0 0 0 0 0 0 0 0 0 0 0 0 0 0 0 0 0 0 0 0 0 0 0 0 0 0 0 0 0 0 0 0 0 0 0 0 0 0 0 1 0 0 0 0 0 0 0 0 0 0 0 0
geno chr7.462753 gbr  0 0 0 0 0 1 0 0 0 0 0 0 0 0 0 1 0 0 0 0 0 0 0 0 0 0 0 0 0 0 0 0 0 0 0 0 0 0 0 0 0 0 0 0 0 1 0 0 0 0 0 0 0 0 0 0 0 0 0 0 1 0 0 0 0 0 0 0 0 1 0 0 0 0 0 1 0 0 0 0 0 0 0 0
geno chr7.462753 tsi  0 0 0 0 0 0 0 0 0 0 0 0 0 0 0 0 0 0 0 0 0 0 0 0 0 0 0 0 0 0 0 0 1 0 0 0 0 0 0 0 0 0 0 0 0 0 0 0 0 0 0 0 0 0 1 0 0 0 0 0 0 0 0 0 1 0 1 0 0 0 0 1 0 0 0 0 0 0 0 0 0 0 0 0 0 0 0 1 0 0 0 0
geno chr7.462753 yri  0 0 0 0 0 0 0 0 0 0 0 0 0 0 0 0 0 0 0 1 0 0 0 0 0 0 1 0 0 0 0 0 0 0 0 0 0 0 0 0 0 0 0 0 0 0 0 0 0 0 0 0 0 0 0 0 0 0 0 0 0 0 0 0 0 0 0 0 0 0 0 0 0 0 0 1 0
geno chr7.462914 ceu  2 2 2 1 1 1 1 2 2 1 1 0 1 2 1 0 1 0 0 2 1 0 1 1 1 1 1 2 1 1 1 1 1 1 1 1 1 1 2 0 1 2 2 0 2 2 2 2 0 2 1 2 1 0 2 2 1 2 1 1 0 2 2 1 1 1 1 1 2 2 2 2 0 1 1 2 0 2
geno chr7.462914 fin  1 2 1 1 0 1 1 1 1 0 2 2 1 2 0 1 2 1 1 1 2 0 1 2 0 1 0 2 0 2 1 1 2 2 2 1 1 1 2 2 1 0 0 2 1 1 2 0 1 1 1 1 1 1 0 0 1 0 0 1 0 2 1 2 1 0 1 0 1 1 2 1 1 1 1 1 2 2 1 0 1 1 1 0 1 2 1 2 0
geno chr7.462914 gbr  2 2 2 0 2 2 2 2 2 2 2 0 0 2 2 2 1 2 2 2 1 1 0 2 1 1 1 1 2 0 1 1 1 2 1 2 0 1 1 0 0 1 2 1 0 2 0 0 2 1 0 1 0 2 0 2 1 0 0 1 0 1 1 0 0 2 0 1 1 2 2 0 2 0 2 2 2 0 2 0 1 1 2 0
geno chr7.462914 tsi  1 0 2 1 2 1 1 2 1 2 1 0 1 1 2 0 2 1 2 2 1 1 1 1 2 2 1 1 0 2 1 0 2 0 1 2 2 2 2 0 1 1 1 2 0 1 1 0 1 1 1 1 1 1 2 2 1 1 2 2 1 1 2 0 1 2 1 1 1 2 0 2 1 1 2 1 0 0 0 1 1 2 1 2 0 1 0 1 2 1 2 0
geno chr7.462914 yri  2 2 2 2 2 2 2 2 2 2 2 2 2 2 2 2 2 2 2 2 2 2 2 2 2 2 2 2 2 2 2 2 1 2 2 2 2 2 2 2 2 2 2 2 2 2 2 2 2 2 2 2 2 2 2 2 2 2 2 2 2 2 2 2 2 2 2 2 2 2 2 2 2 2 2 2 2
geno chr7.463009 ceu  2 2 1 1 1 0 1 1 1 1 1 0 0 2 1 0 0 0 0 1 0 0 1 1 1 1 1 2 1 0 1 1 1 0 1 1 1 0 2 0 1 2 1 0 1 1 2 1 0 2 1 1 1 0 0 2 1 2 1 0 0 1 2 1 1 1 1 0 1 2 0 2 0 1 1 2 0 2
geno chr7.463009 fin  1 1 1 0 0 1 1 1 0 0 1 2 1 2 1 0 2 1 1 0 1 0 1 2 0 1 0 2 0 2 1 1 2 2 1 1 1 1 1 2 1 0 0 2 1 1 1 0 1 0 1 1 0 0 0 0 1 0 0 1 0 1 1 1 0 0 0 0 1 1 2 1 1 1 1 1 1 2 1 1 1 1 1 0 1 1 0 2 0
geno chr7.463009 gbr  0 1 1 0 2 2 2 2 2 1 2 0 0 2 2 2 1 1 2 1 1 1 0 2 1 1 1 1 2 0 0 1 1 1 1 2 0 1 1 0 0 1 2 1 0 2 0 0 2 1 0 0 0 2 0 1 0 0 0 1 0 0 1 0 0 2 0 0 0 2 1 1 2 0 0 2 2 0 2 0 1 1 2 0
geno chr7.463009 tsi  1 0 2 1 2 0 0 1 1 2 1 0 0 1 1 0 2 2 2 1 1 1 1 0 1 1 1 1 0 1 1 0 2 0 1 2 2 0 2 0 1 0 1 1 0 1 1 0 1 1 1 1 1 0 1 2 1 1 1 2 1 1 2 0 1 2 1 0 1 2 0 2 1 1 0 1 0 0 0 1 1 2 1 2 0 1 0 0 1 1 2 0
geno chr7.463009 yri  0 0 2 1 2 1 0 0 0 2 0 1 0 0 0 1 1 0 1 2 1 1 0 1 0 0 0 0 1 0 1 1 0 0 1 0 0 1 1 0 0 0 1 1 1 1 0 0 1 0 1 0 1 1 0 0 0 0 0 0 0 0 0 2 0 1 1 0 1 0 0 0 0 0 0 2 1
geno chr7.463320 ceu  1 0 0 0 1 0 1 1 1 0 1 0 0 1 1 0 0 0 0 0 0 0 1 0 0 1 1 0 0 0 1 1 0 0 1 0 0 0 0 0 0 0 0 0 1 1 1 0 0 1 0 0 0 0 0 1 1 0 0 0 0 0 0 1 0 1 0 0 0 0 0 0 0 0 0 0 0 0
geno chr7.463320 fin  0 0 0 0 0 0 0 0 0 0 0 1 1 0 0 0 1 0 1 0 0 0 0 1 0 0 0 1 0 1 0 0 0 0 0 0 1 0 1 0 0 0 0 0 0 0 1 0 0 0 0 0 0 0 0 0 0 0 0 0 0 0 1 1 0 0 0 0 0 0 1 1 1 0 0 1 0 2 1 0 1 0 0 0 0 0 0 1 0
geno chr7.463320 gbr  0 0 0 0 1 0 0 1 2 1 1 0 0 0 0 1 1 1 1 0 1 1 0 2 0 0 0 1 1 0 0 1 0 1 0 2 0 0 1 0 0 0 1 0 0 1 0 0 1 0 0 0 0 2 0 0 0 0 0 1 0 0 0 0 0 1 0 0 0 0 1 0 1 0 0 1 1 0 0 0 0 0 0 0
geno chr7.463320 tsi  0 0 0 1 1 0 0 0 0 1 1 0 0 0 1 0 1 1 2 0 0 0 0 0 1 1 0 0 0 1 0 0 0 0 1 1 0 0 2 0 1 0 1 1 0 1 0 0 1 1 0 0 1 0 0 1 0 0 0 1 1 0 1 0 0 1 0 0 0 1 0 1 0 0 0 0 0 0 0 0 0 1 0 1 0 1 0 0 0 0 1 0
geno chr7.463320 yri  0 0 1 0 2 0 0 0 0 2 0 1 0 0 0 1 1 0 1 1 0 1 0 1 0 0 0 0 1 0 1 1 0 0 0 0 0 0 1 0 0 0 1 1 1 1 0 0 1 0 0 0 1 0 0 0 0 0 0 0 0 0 0 2 0 1 1 0 0 0 0 0 0 0 0 1 1
geno chr7.463355 ceu  2 2 2 1 1 0 1 2 2 1 1 0 1 2 1 0 0 0 0 1 0 0 1 1 1 1 1 2 1 1 1 1 1 0 1 1 1 1 2 0 1 2 2 0 1 1 2 2 0 2 1 2 1 0 1 2 1 2 1 1 0 1 2 1 1 1 1 1 1 2 0 2 0 1 1 2 0 2
geno chr7.463355 fin  1 1 1 0 0 1 1 1 0 0 1 2 1 2 1 0 2 1 1 0 1 0 1 2 0 1 0 2 0 2 1 1 2 2 2 1 1 1 2 2 1 0 0 2 1 1 2 0 1 0 1 1 1 1 0 0 1 0 0 1 0 2 1 1 0 0 1 0 1 1 2 1 1 1 1 1 2 2 1 1 1 1 1 0 1 2 1 2 0
geno chr7.463355 gbr  1 1 1 0 2 2 2 2 2 1 2 0 0 2 2 2 1 2 2 1 1 1 0 2 1 1 1 1 2 0 1 1 1 1 1 2 0 1 1 0 0 1 2 1 0 2 0 0 2 1 0 0 0 2 0 1 0 0 0 1 0 0 1 0 0 2 0 0 0 2 1 1 2 0 0 2 2 0 2 0 1 1 2 0
geno chr7.463355 tsi  1 0 2 1 2 1 0 2 1 2 1 0 1 1 1 0 2 2 2 2 1 1 1 0 1 1 1 1 0 1 1 0 2 0 1 2 2 1 2 0 1 1 1 1 0 1 1 0 1 1 1 1 1 0 2 2 1 1 1 2 1 1 2 0 1 2 1 0 1 2 0 2 1 1 0 1 0 0 0 1 1 2 1 2 0 1 0 1 2 1 2 0
geno chr7.463355 yri  2 0 2 2 2 2 0 2 2 2 0 2 1 1 1 2 1 1 2 2 2 1 1 2 2 1 0 1 1 1 1 1 0 2 1 1 2 2 2 1 2 0 2 1 1 1 1 0 1 2 2 1 1 1 1 0 1 2 2 1 0 1 1 2 1 1 2 1 1 0 1 2 2 0 2 2 1
geno chr7.463620 ceu  2 2 1 1 1 0 1 1 1 1 1 0 0 2 1 0 0 0 0 1 0 0 1 1 1 1 1 2 1 0 1 1 1 0 1 1 1 0 2 0 1 2 1 0 1 1 2 1 0 2 1 1 1 0 0 2 1 2 1 0 0 1 2 1 1 1 1 0 1 2 0 2 0 1 1 2 0 2
geno chr7.463620 fin  1 1 1 0 0 1 1 1 0 0 1 2 1 2 1 0 2 1 1 0 1 0 1 2 0 1 0 2 0 2 1 1 2 2 1 1 1 1 1 2 1 0 0 2 1 1 1 0 1 0 1 1 0 0 0 0 1 0 0 1 0 1 1 1 0 0 0 0 1 1 2 1 1 1 1 1 1 2 1 1 1 1 1 0 1 1 0 2 0
geno chr7.463620 gbr  0 1 1 0 2 2 2 2 2 1 2 0 0 2 2 2 1 1 2 1 1 1 0 2 1 1 1 1 2 0 0 1 1 1 1 2 0 1 1 0 0 1 2 1 0 2 0 0 2 1 0 0 0 2 0 1 0 0 0 1 0 0 1 0 0 2 0 0 0 2 1 1 2 0 0 2 2 0 2 0 1 1 2 0
geno chr7.463620 tsi  1 0 2 1 2 0 0 1 1 2 1 0 0 1 1 0 2 2 2 1 1 1 1 0 1 1 1 1 0 1 1 0 2 0 1 2 2 0 2 0 1 0 1 1 0 1 1 0 1 1 1 1 1 0 1 2 1 1 1 2 1 1 2 0 1 2 1 0 1 2 0 2 1 1 0 1 0 0 0 1 1 2 1 2 0 1 0 0 1 1 2 0
geno chr7.463620 yri  2 0 2 1 2 1 0 0 1 2 0 1 1 1 0 1 1 0 2 2 1 1 1 1 1 0 0 0 1 0 1 1 0 1 1 0 1 1 2 1 1 0 2 1 1 1 0 0 1 1 2 0 1 1 1 0 0 1 1 1 0 0 0 2 1 1 1 0 1 0 1 2 0 0 1 2 1
geno chr7.463768 ceu  2 2 1 1 1 0 1 1 1 1 1 0 0 2 1 0 0 0 0 1 0 0 1 1 1 1 1 2 1 0 1 1 1 0 1 1 1 1 2 0 1 2 1 0 1 1 2 1 0 2 1 2 1 0 0 2 1 2 1 0 0 1 2 1 1 1 1 0 1 2 0 2 0 1 1 2 0 2
geno chr7.463768 fin  1 1 1 0 0 1 1 1 0 0 1 2 1 2 1 0 2 1 1 0 1 0 1 2 0 1 0 2 0 2 1 1 2 2 1 1 1 1 1 2 1 0 0 2 1 1 1 0 1 0 1 1 0 0 0 0 1 0 0 1 0 1 1 1 0 0 0 0 1 1 2 1 1 1 1 1 1 2 1 1 1 1 1 0 1 1 0 2 0
geno chr7.463768 gbr  0 1 1 0 2 2 2 2 2 1 2 0 0 2 2 2 1 1 2 1 1 1 0 2 1 1 1 1 2 0 0 1 1 1 1 2 0 1 1 0 0 1 2 1 0 2 0 0 2 1 0 0 0 2 0 1 0 0 0 1 0 0 1 0 0 2 0 0 0 2 1 1 2 0 0 2 2 0 2 0 1 1 2 0
geno chr7.463768 tsi  1 0 2 1 2 0 0 1 1 2 1 0 0 1 1 0 2 2 2 2 1 1 1 0 1 1 1 1 0 1 1 0 2 0 1 2 2 0 2 0 1 0 1 1 0 1 1 0 1 1 1 1 1 0 1 2 1 1 1 2 1 1 2 0 1 2 1 0 1 2 0 2 1 1 0 1 0 0 0 1 1 2 1 2 0 1 1 0 1 1 2 0
geno chr7.463768 yri  2 0 2 2 2 2 0 2 2 2 0 2 1 1 1 2 1 1 2 2 2 1 1 2 2 1 0 1 1 1 1 1 0 2 1 1 2 2 2 1 2 0 2 1 1 1 1 0 1 2 2 1 1 1 1 0 1 2 2 1 0 1 1 2 1 1 2 1 1 0 1 2 2 0 2 2 1
geno chr7.464010 ceu  2 2 1 1 1 0 1 1 1 1 1 0 0 2 1 0 0 0 0 1 0 0 1 1 1 1 1 2 1 0 1 1 1 0 1 1 1 0 2 0 1 2 1 0 1 1 2 1 0 2 1 1 1 0 0 2 1 2 1 0 0 1 2 1 1 1 1 0 1 2 0 2 0 1 1 2 0 2
geno chr7.464010 fin  1 1 1 0 0 1 1 1 0 0 1 2 1 2 1 0 2 1 1 0 1 0 1 2 0 1 0 2 0 2 1 1 2 2 1 1 1 1 1 2 1 0 0 2 1 1 1 0 1 0 1 1 0 0 0 0 1 0 0 1 0 1 1 1 0 0 0 0 1 1 2 1 1 1 1 1 1 2 1 1 1 1 1 0 1 1 0 2 0
geno chr7.464010 gbr  0 1 1 0 2 2 2 2 2 1 2 0 0 2 2 2 1 1 2 1 1 1 0 2 1 1 1 1 2 0 0 1 1 1 1 2 0 1 1 0 0 1 2 1 0 2 0 0 2 1 0 0 0 2 0 1 0 0 0 1 0 0 1 0 0 2 0 0 0 2 1 1 2 0 0 2 2 0 2 0 1 1 2 0
geno chr7.464010 tsi  1 0 2 1 2 0 0 1 1 2 1 0 0 1 1 0 2 2 2 1 1 1 1 0 1 1 1 1 0 1 1 0 2 0 1 2 2 0 2 0 1 0 1 1 0 1 1 0 1 1 1 1 1 0 1 2 1 1 1 2 1 1 2 0 1 2 1 0 1 2 0 2 1 1 0 1 0 0 0 1 1 2 1 2 0 1 0 0 1 1 2 0
geno chr7.464010 yri  2 0 2 1 2 1 0 0 1 2 0 1 1 1 0 1 1 0 2 2 1 1 1 1 1 0 0 0 1 0 1 1 0 1 1 0 0 1 2 1 1 0 2 1 1 1 0 0 1 1 2 0 1 1 1 0 0 1 0 1 0 0 0 2 1 1 1 0 1 0 0 2 0 0 1 2 1
geno chr7.464025 ceu  2 2 1 1 1 0 1 1 1 1 1 0 0 2 1 0 0 0 0 1 0 0 1 1 1 1 1 2 1 0 1 1 1 0 1 1 1 0 2 0 1 2 1 0 1 1 2 1 0 2 1 1 1 0 0 2 1 2 1 0 0 1 2 1 1 1 1 0 1 2 0 2 0 1 1 2 0 2
geno chr7.464025 fin  1 1 1 0 0 1 1 1 0 0 1 2 1 2 1 0 2 1 1 0 1 0 1 2 0 1 0 2 0 2 1 1 2 2 1 1 1 1 1 2 1 0 0 2 1 1 1 0 1 0 1 1 0 0 0 0 1 0 0 1 0 1 1 1 0 0 0 0 1 1 2 1 1 1 1 1 1 2 1 1 1 1 1 0 1 1 0 2 0
geno chr7.464025 gbr  0 1 1 0 2 2 2 2 2 1 2 0 0 2 2 2 1 1 2 1 1 1 0 2 1 1 1 1 2 0 0 1 1 1 1 2 0 1 1 0 0 1 2 1 0 2 0 0 2 1 0 0 0 2 0 1 0 0 0 1 0 0 1 0 0 2 0 0 0 2 1 1 2 0 0 2 2 0 2 0 1 1 2 0
geno chr7.464025 tsi  1 0 2 1 2 0 0 1 1 2 1 0 0 1 1 0 2 2 2 1 1 1 1 0 1 1 1 1 0 1 1 0 2 0 1 2 2 0 2 0 1 0 1 1 0 1 1 0 1 1 1 1 1 0 1 2 1 1 1 2 1 1 2 0 1 2 1 0 1 2 0 2 1 1 0 1 0 0 0 1 1 2 1 2 0 1 0 0 1 1 2 0
geno chr7.464025 yri  2 0 2 1 2 1 0 0 1 2 0 1 1 1 0 1 1 0 2 2 1 1 1 1 1 0 0 0 1 0 1 1 0 1 1 0 0 1 2 1 1 0 2 1 1 1 0 0 1 1 2 0 1 1 1 0 0 1 0 1 0 0 0 2 1 1 1 0 1 0 0 2 0 0 1 2 1
geno chr7.464224 ceu  2 2 1 1 1 0 1 1 1 1 1 0 0 2 1 0 0 0 0 1 0 0 1 1 1 1 1 2 1 0 1 1 1 0 1 1 1 0 2 0 1 2 1 0 1 1 2 1 0 2 1 1 1 0 0 2 1 2 1 0 0 1 2 1 1 1 1 0 1 2 0 2 0 1 1 2 0 2
geno chr7.464224 fin  1 1 1 0 0 1 1 1 0 0 1 2 1 2 1 0 2 1 1 0 1 0 1 2 0 1 0 2 0 2 1 1 2 2 1 1 1 1 1 2 1 0 0 2 1 1 1 0 1 0 1 1 0 0 0 0 1 0 0 1 0 1 1 1 0 0 0 0 1 1 2 1 1 1 1 1 1 2 1 1 1 1 1 0 1 1 0 2 0
geno chr7.464224 gbr  0 1 1 0 2 2 2 2 2 1 2 0 0 2 2 2 1 1 2 1 1 1 0 2 1 1 1 1 2 0 0 1 1 1 1 2 0 1 1 0 0 1 2 1 0 2 0 0 2 1 0 0 0 2 0 1 0 0 0 1 0 0 1 0 0 2 0 0 0 2 1 1 2 0 0 2 2 0 2 0 1 1 2 0
geno chr7.464224 tsi  1 0 2 1 2 0 0 1 1 2 1 0 0 1 1 0 2 2 2 1 1 1 1 0 1 1 1 1 0 1 1 0 2 0 1 2 2 0 2 0 1 0 1 1 0 1 1 0 1 1 1 1 1 0 1 2 1 1 1 2 1 1 2 0 1 2 1 0 1 2 0 2 1 1 0 1 0 0 0 1 1 2 1 2 0 1 0 0 1 1 2 0
geno chr7.464224 yri  0 0 2 1 2 1 0 0 0 2 0 1 0 0 0 1 1 0 1 2 1 1 0 1 0 0 0 0 1 0 1 1 0 0 1 0 0 1 1 1 0 0 1 1 1 1 0 0 1 0 2 0 1 1 0 0 0 0 0 0 0 0 0 2 0 1 1 0 1 0 0 0 0 0 1 2 1
geno chr7.464682 ceu  0 0 1 0 0 0 0 1 1 0 0 0 1 0 0 0 0 0 0 0 0 0 0 0 0 0 0 0 0 1 0 0 0 0 0 0 0 1 0 0 0 0 1 0 0 0 0 1 0 0 0 1 0 0 2 0 0 0 0 1 0 0 0 0 0 0 0 1 0 0 0 0 0 0 0 0 0 0
geno chr7.464682 fin  0 1 0 1 0 0 0 0 1 0 0 0 0 0 0 1 0 0 0 1 0 0 0 0 0 0 0 0 0 0 0 0 0 0 1 0 0 0 1 0 0 0 0 0 0 0 1 0 0 0 0 0 1 1 0 0 0 0 0 0 0 1 0 1 1 0 1 0 0 0 0 0 0 0 0 0 1 0 0 0 0 0 0 0 0 1 1 0 0
geno chr7.464682 gbr  1 0 0 0 0 0 0 0 0 0 0 0 0 0 0 0 0 1 0 0 0 0 0 0 0 0 0 0 0 0 1 0 0 0 0 0 0 0 0 0 0 0 0 0 0 0 0 0 0 0 0 0 0 0 0 0 0 0 0 0 0 0 0 0 0 0 0 0 0 0 0 0 0 0 0 0 0 0 0 0 0 0 0 0
geno chr7.464682 tsi  0 0 0 0 0 1 1 1 0 0 0 0 1 0 0 0 0 0 0 1 0 0 0 1 0 0 0 0 0 0 0 0 0 0 0 0 0 1 0 0 0 1 0 0 0 0 0 0 0 0 0 0 0 0 1 0 0 0 0 0 0 0 0 0 0 0 0 0 0 0 0 0 0 0 0 0 0 0 0 0 0 0 0 0 0 0 0 1 1 0 0 0
geno chr7.464682 yri  0 1 0 1 0 1 0 0 1 0 0 1 1 1 2 1 0 1 0 0 0 0 0 1 0 0 0 1 0 1 0 0 1 1 0 2 2 0 0 0 0 0 0 1 0 0 1 0 0 0 0 1 0 0 1 0 1 1 2 0 0 1 1 0 0 0 1 1 0 0 1 0 1 0 1 0 0
geno chr7.464712 ceu  0 0 1 0 0 0 0 1 1 0 0 0 1 0 0 0 0 0 0 0 0 0 0 0 0 0 0 0 0 1 0 0 0 0 0 0 0 1 0 0 0 0 1 0 0 0 0 1 0 0 0 1 0 0 2 0 0 0 0 1 0 0 0 0 0 0 0 1 0 0 0 0 0 0 0 0 0 0
geno chr7.464712 fin  0 1 0 1 0 0 0 0 1 0 0 0 0 0 0 1 0 0 0 1 0 0 0 0 0 0 0 0 0 0 0 0 0 0 1 0 0 0 1 0 0 0 0 0 0 0 1 0 0 0 0 0 1 1 0 0 0 0 0 0 0 1 0 1 1 0 1 0 0 0 0 0 0 0 0 0 1 0 0 0 0 0 0 0 0 1 1 0 0
geno chr7.464712 gbr  1 0 0 0 0 0 0 0 0 0 0 0 0 0 0 0 0 1 0 0 0 0 0 0 0 0 0 0 0 0 1 0 0 0 0 0 0 0 0 0 0 0 0 0 0 0 0 0 0 0 0 0 0 0 0 0 0 0 0 0 0 0 0 0 0 0 0 0 0 0 0 0 0 0 0 0 0 0 0 0 0 0 0 0
geno chr7.464712 tsi  0 0 0 0 0 1 1 1 0 0 0 0 1 0 0 0 0 0 0 1 0 0 0 1 0 0 0 0 0 0 0 0 0 0 0 0 0 1 0 0 0 1 0 0 0 0 0 0 0 0 0 0 0 0 1 0 0 0 0 0 0 0 0 0 0 0 0 0 0 0 0 0 0 0 0 0 0 0 0 0 0 0 0 0 0 0 0 1 1 0 0 0
geno chr7.464712 yri  0 1 0 0 0 1 0 0 0 0 0 1 1 1 1 1 0 1 0 0 0 0 0 1 0 0 0 0 0 0 0 0 1 0 0 2 0 0 0 0 0 0 0 1 0 0 0 0 0 0 0 1 0 0 1 0 1 1 1 0 0 1 0 0 0 0 0 1 0 0 0 0 0 0 0 0 0
geno chr7.464853 ceu  2 2 1 1 1 0 1 1 1 1 1 0 0 2 1 0 0 0 0 1 0 0 1 1 1 1 1 2 1 0 1 1 1 0 1 1 1 0 2 0 1 2 1 0 1 1 2 1 0 2 1 0 1 0 0 2 1 2 1 0 0 1 1 1 1 1 1 0 1 2 0 2 0 1 1 2 0 2
geno chr7.464853 fin  1 1 1 0 0 1 1 1 0 0 1 2 1 2 1 0 2 1 1 0 1 0 1 2 0 1 0 2 0 2 1 1 2 2 1 1 1 1 1 2 1 0 0 2 1 1 1 0 1 0 1 1 0 0 0 0 1 0 0 1 0 1 1 1 0 0 0 0 1 1 2 1 1 1 1 1 1 2 1 1 1 1 1 0 1 1 0 2 0
geno chr7.464853 gbr  0 1 1 0 2 2 2 2 2 1 2 0 0 2 2 2 1 1 2 1 1 1 0 2 1 1 1 1 2 0 0 1 1 1 1 2 0 1 1 0 0 1 2 1 0 2 0 0 2 1 0 0 0 2 0 1 0 0 0 1 0 0 1 0 0 2 0 0 0 2 1 1 2 0 0 2 2 0 2 0 1 1 2 0
geno chr7.464853 tsi  1 0 2 1 2 0 0 1 1 2 1 0 0 1 1 0 2 2 2 1 1 1 1 0 1 1 1 1 0 1 1 0 2 0 1 2 2 0 2 0 1 0 1 1 0 1 1 0 1 1 1 1 1 0 1 2 1 1 1 2 1 1 2 0 1 2 1 0 1 2 0 2 1 1 0 1 0 0 0 1 1 2 1 2 0 1 0 0 1 1 2 0
geno chr7.464853 yri  2 0 2 1 2 1 0 0 1 2 0 1 1 1 0 1 1 0 2 2 1 1 1 1 1 0 0 0 1 0 1 1 0 1 1 0 0 1 2 1 1 0 2 1 1 1 0 0 1 1 2 0 1 1 1 0 0 1 0 1 0 0 0 2 1 1 1 0 1 0 0 2 0 0 1 2 1
geno chr7.464974 ceu  0 1 0 1 0 0 0 0 0 1 0 0 0 0 0 0 0 0 0 0 0 0 0 1 0 0 0 0 1 0 0 0 1 0 0 0 0 0 1 0 0 1 0 0 0 0 0 0 0 0 0 0 0 0 0 1 0 0 0 0 0 1 0 0 1 0 0 0 0 1 0 0 0 0 1 1 0 0
geno chr7.464974 fin  0 0 0 0 0 0 0 1 0 0 1 0 0 1 0 0 0 0 0 0 0 0 0 1 0 0 0 0 0 0 0 1 1 0 0 0 0 0 0 0 0 0 0 0 0 0 0 0 1 0 0 0 0 0 0 0 0 0 0 0 0 0 0 0 0 0 0 0 0 0 0 0 0 0 0 0 0 0 0 0 0 0 0 0 0 0 0 0 0
geno chr7.464974 gbr  0 0 0 0 1 1 0 1 0 0 0 0 0 1 1 0 0 0 0 1 0 0 0 0 1 0 1 0 0 0 0 0 1 0 1 0 0 1 0 0 0 0 1 1 0 1 0 0 0 0 0 0 0 0 0 0 0 0 0 0 0 0 0 0 0 0 0 0 0 0 0 0 1 0 0 1 0 0 0 0 1 0 0 0
geno chr7.464974 tsi  0 0 2 0 0 0 0 1 0 0 0 0 0 0 0 0 0 0 0 0 0 0 0 0 0 0 0 0 0 0 0 0 2 0 0 0 0 0 0 0 0 0 0 0 0 0 0 0 0 0 0 0 0 0 0 0 0 0 0 1 0 0 0 0 0 0 0 0 0 0 0 0 0 0 0 0 0 0 0 0 0 1 0 0 0 0 0 0 0 0 0 0
geno chr7.464974 yri  0 0 0 0 0 0 0 0 0 0 0 0 0 0 0 0 0 0 0 0 0 0 0 0 0 0 0 0 0 0 0 0 0 0 0 0 0 0 0 0 0 0 0 0 0 0 0 0 0 0 0 0 0 0 0 0 0 0 0 0 0 0 0 0 0 0 0 0 0 0 0 0 0 0 0 0 0
geno chr7.465026 ceu  0 0 1 0 0 0 0 1 1 0 0 0 1 0 0 0 0 0 0 0 0 0 0 0 0 0 0 0 0 1 0 0 0 0 0 0 0 1 0 0 0 0 1 0 0 0 0 1 0 0 0 1 0 0 1 0 0 0 0 1 0 0 0 0 0 0 0 1 0 0 0 0 0 0 0 0 0 0
geno chr7.465026 fin  0 0 0 0 0 0 0 0 0 0 0 0 0 0 0 0 0 0 0 0 0 0 0 0 0 0 0 0 0 0 0 0 0 0 1 0 0 0 1 0 0 0 0 0 0 0 1 0 0 0 0 0 1 1 0 0 0 0 0 0 0 1 0 0 0 0 1 0 0 0 0 0 0 0 0 0 1 0 0 0 0 0 0 0 0 1 1 0 0
geno chr7.465026 gbr  1 0 0 0 0 0 0 0 0 0 0 0 0 0 0 0 0 1 0 0 0 0 0 0 0 0 0 0 0 0 1 0 0 0 0 0 0 0 0 0 0 0 0 0 0 0 0 0 0 0 0 0 0 0 0 0 0 0 0 0 0 0 0 0 0 0 0 0 0 0 0 0 0 0 0 0 0 0 0 0 0 0 0 0
geno chr7.465026 tsi  0 0 0 0 0 1 0 1 0 0 0 0 1 0 0 0 0 0 0 1 0 0 0 0 0 0 0 0 0 0 0 0 0 0 0 0 0 1 0 0 0 1 0 0 0 0 0 0 0 0 0 0 0 0 1 0 0 0 0 0 0 0 0 0 0 0 0 0 0 0 0 0 0 0 0 0 0 0 0 0 0 0 0 0 0 0 0 1 1 0 0 0
geno chr7.465026 yri  0 0 0 0 0 1 0 0 0 0 0 1 0 0 0 1 0 1 0 0 0 0 0 1 0 0 0 0 0 0 0 0 0 0 0 1 0 0 0 0 0 0 0 0 0 0 0 0 0 0 0 1 0 0 0 0 1 1 1 0 0 1 0 0 0 0 0 1 0 0 0 0 0 0 0 0 0
geno chr7.465050 ceu  2 2 1 1 1 0 1 1 1 1 1 0 0 2 1 0 0 0 0 1 0 0 1 1 1 1 1 2 1 0 1 1 1 0 1 1 1 0 2 0 1 2 1 0 1 1 2 1 0 2 1 1 1 0 0 2 1 2 1 0 0 1 1 1 1 1 1 0 1 2 0 2 0 1 1 2 0 2
geno chr7.465050 fin  1 1 1 0 0 1 1 1 0 0 1 2 1 2 1 0 2 1 1 0 1 0 1 2 0 1 0 2 0 2 1 1 2 2 1 1 1 1 1 2 1 0 0 2 1 1 1 0 1 0 1 1 0 0 0 0 1 0 0 1 0 1 1 1 0 0 0 0 1 1 2 1 1 1 1 1 1 2 1 1 1 1 1 0 1 1 0 2 0
geno chr7.465050 gbr  0 1 1 0 2 2 2 2 2 1 2 0 0 2 2 2 1 1 2 1 1 1 0 2 1 1 1 1 2 0 0 1 1 1 1 2 0 1 1 0 0 1 2 1 0 2 0 0 2 1 0 0 0 2 0 1 0 0 0 1 0 0 1 0 0 2 0 0 0 2 1 1 2 0 0 2 2 0 2 0 1 1 2 0
geno chr7.465050 tsi  1 0 2 1 2 0 0 1 1 2 1 0 0 1 1 0 2 2 2 1 1 1 1 0 1 1 1 1 0 1 1 0 2 0 1 2 2 0 2 0 1 0 1 1 0 1 1 0 1 1 1 1 1 0 1 2 1 1 1 2 1 1 2 0 1 2 1 0 1 2 0 2 1 1 0 1 0 0 0 1 1 2 1 2 0 1 0 0 1 1 2 0
geno chr7.465050 yri  2 0 2 1 2 1 0 0 1 2 0 1 1 1 0 1 1 0 2 2 1 1 1 1 1 0 0 0 1 0 1 1 0 1 1 0 1 1 2 1 1 0 2 1 1 1 0 0 1 1 2 0 1 1 1 0 0 1 1 1 0 0 0 2 1 1 1 0 1 0 1 2 0 0 1 2 1
geno chr7.465123 ceu  2 2 1 1 1 0 1 1 1 1 1 0 0 2 1 0 0 0 0 1 0 0 1 1 1 1 1 2 1 0 1 1 1 0 1 1 1 0 2 0 1 2 1 0 1 1 2 1 0 2 1 1 1 0 0 2 1 2 1 0 0 1 1 1 1 1 1 0 1 2 0 2 0 1 1 2 0 2
geno chr7.465123 fin  1 1 1 0 0 1 1 1 0 0 1 2 1 2 1 0 2 1 1 0 1 0 1 2 0 1 0 2 0 2 1 1 2 2 1 1 1 1 1 2 1 0 0 2 1 1 1 0 1 0 1 1 0 0 0 0 1 0 0 1 0 1 1 1 0 0 0 0 1 1 2 1 1 1 1 1 1 2 1 1 1 1 1 0 1 1 0 2 0
geno chr7.465123 gbr  0 1 1 0 2 2 2 2 2 1 2 0 0 2 2 2 1 1 2 1 1 1 0 2 1 1 1 1 2 0 0 1 1 1 1 2 0 1 1 0 0 1 2 1 0 2 0 0 2 1 0 0 0 2 0 1 0 0 0 1 0 0 1 0 0 2 0 0 0 2 1 1 2 0 0 2 2 0 2 0 1 1 2 0
geno chr7.465123 tsi  1 0 2 1 2 0 0 1 1 2 1 0 0 1 1 0 2 2 2 1 1 1 1 0 1 1 1 1 0 1 1 0 2 0 1 2 2 0 2 0 1 0 1 1 0 1 1 0 1 1 1 1 1 0 1 2 1 1 1 2 1 1 2 0 1 2 1 0 1 2 0 2 1 1 0 1 0 0 0 1 1 2 1 2 0 1 0 0 1 1 2 0
geno chr7.465123 yri  2 0 2 0 2 1 0 0 1 2 0 1 1 1 0 1 1 0 2 2 1 1 1 1 1 0 0 0 1 0 1 1 0 1 1 0 0 1 2 1 1 0 2 1 1 1 0 0 1 1 2 0 1 1 1 0 0 1 0 1 0 0 0 2 1 1 1 0 1 0 0 2 0 0 1 2 1
geno chr7.465714 ceu  2 1 1 0 1 0 1 1 1 0 1 0 0 2 1 0 0 0 0 1 0 0 1 0 0 1 1 2 0 0 1 1 0 0 1 1 1 0 1 0 1 1 1 0 1 1 2 1 0 2 1 1 0 0 0 1 1 2 1 0 0 0 1 1 0 1 1 0 1 0 0 1 0 1 0 1 0 2
geno chr7.465714 fin  0 0 0 0 0 1 0 0 0 0 0 2 1 1 0 0 2 1 1 0 1 0 0 1 0 0 0 2 0 2 1 0 0 2 1 1 1 1 1 1 1 0 0 1 0 1 1 0 0 0 1 1 0 0 0 0 1 0 0 0 0 1 1 1 0 0 0 0 1 1 2 1 1 0 1 1 1 2 1 1 1 1 0 0 1 2 0 2 0
geno chr7.465714 gbr  0 1 1 0 1 1 1 1 2 1 1 0 0 1 1 2 1 1 2 0 1 1 0 2 0 0 0 1 2 0 0 1 0 1 0 2 0 0 1 0 0 0 1 0 0 1 0 0 2 1 0 0 0 2 0 1 0 0 0 1 0 0 1 0 0 2 0 0 0 1 1 1 1 0 0 1 2 0 2 0 0 1 1 0
geno chr7.465714 tsi  1 0 0 1 1 0 0 0 0 1 1 0 0 1 1 0 2 2 2 1 0 0 1 0 1 1 1 1 0 1 1 0 0 0 1 2 1 0 2 0 1 0 1 1 0 1 1 0 1 1 0 1 1 0 1 2 0 0 1 1 1 1 2 0 1 1 1 0 1 1 0 2 0 1 0 1 0 0 0 1 1 1 0 1 0 1 0 0 1 1 2 0
geno chr7.465714 yri  0 0 2 0 2 1 0 0 0 2 0 1 0 0 0 1 1 0 1 2 1 1 0 1 0 0 0 0 1 0 1 1 0 0 0 0 0 1 1 0 0 0 1 1 1 1 0 0 1 0 1 0 1 0 0 0 0 0 0 0 0 0 0 2 0 1 1 0 1 0 0 0 0 0 0 1 1
geno chr7.466311 ceu  1 1 1 0 0 0 0 0 0 0 0 0 0 1 0 0 0 0 0 1 0 0 0 0 0 0 0 2 0 0 0 0 0 0 0 1 1 0 1 0 1 1 1 0 0 0 1 1 0 1 1 1 0 0 0 0 0 2 1 0 0 0 1 0 0 0 1 0 1 0 0 1 0 1 0 1 0 2
geno chr7.466311 fin  0 0 0 0 0 1 0 0 0 0 0 1 0 1 0 0 1 1 0 0 0 0 0 0 0 0 0 1 0 1 1 0 0 1 1 1 0 0 0 0 0 0 0 1 0 1 0 0 0 0 1 1 0 0 0 0 1 0 0 0 0 1 0 0 0 0 0 0 1 1 1 0 0 0 1 0 0 0 0 1 0 1 0 0 1 1 0 1 0
geno chr7.466311 gbr  0 0 1 0 0 1 1 0 0 0 0 0 0 1 1 1 0 0 1 0 0 0 0 0 0 0 0 0 1 0 0 0 0 0 0 0 0 0 0 0 0 0 0 0 0 0 0 0 1 1 0 0 0 0 0 1 0 0 0 0 0 0 1 0 0 1 0 0 0 1 0 1 0 0 0 0 1 0 2 0 0 1 1 0
geno chr7.466311 tsi  1 0 0 0 0 0 0 0 0 0 0 0 0 1 0 0 1 1 0 1 0 0 1 0 0 0 1 1 0 0 1 0 0 0 0 1 1 0 0 0 0 0 0 0 0 0 1 0 0 0 0 1 0 0 1 1 0 0 1 0 0 1 1 0 1 0 1 0 1 0 0 1 0 1 0 1 0 0 0 1 1 0 0 0 0 0 0 0 1 1 1 0
geno chr7.466311 yri  0 0 0 0 0 0 0 0 0 0 0 0 0 0 0 0 0 0 0 0 0 0 0 0 0 0 0 0 0 0 0 0 0 0 0 0 0 0 0 0 0 0 0 0 0 0 0 0 0 0 0 0 0 0 0 0 0 0 0 0 0 0 0 0 0 0 0 0 0 0 0 0 0 0 0 0 0
geno chr7.466357 ceu  0 0 0 0 0 0 1 0 0 1 1 0 0 0 0 0 0 0 0 0 0 1 1 0 1 0 0 0 0 0 0 0 0 0 0 0 1 1 0 0 0 0 0 1 0 0 0 0 0 0 0 0 0 0 0 0 0 0 0 1 0 1 0 0 0 0 0 0 0 0 0 0 0 0 0 0 0 0
geno chr7.466357 fin  0 0 0 0 0 0 0 1 0 0 0 0 0 0 1 0 0 0 0 0 0 1 0 0 0 0 0 0 0 0 0 0 0 0 0 0 0 0 0 0 1 0 0 0 0 0 0 0 0 0 0 0 0 0 0 0 0 0 0 0 1 0 0 0 0 0 0 0 0 0 0 0 0 0 0 0 0 0 1 0 0 0 0 0 1 0 0 0 1
geno chr7.466357 gbr  0 0 0 0 0 0 0 0 0 0 0 1 1 0 0 0 1 0 0 0 0 0 0 0 0 0 0 0 1 0 0 0 1 0 0 0 1 0 1 1 0 1 0 0 0 0 0 0 0 0 0 0 1 0 0 0 0 0 0 0 0 0 0 0 0 0 0 0 0 1 1 1 0 0 0 0 0 0 0 0 0 0 0 0
geno chr7.466357 tsi  0 1 0 0 0 0 0 0 0 0 0 1 0 0 0 0 0 1 0 0 1 0 1 1 0 0 0 0 0 0 1 0 0 0 0 0 1 0 0 0 0 0 0 0 0 0 1 0 0 0 1 0 0 0 0 0 0 0 0 0 0 0 0 0 0 0 0 0 0 0 1 0 0 0 0 0 0 0 0 0 0 0 2 0 0 0 0 0 0 1 0 0
geno chr7.466357 yri  0 0 0 1 0 1 0 1 0 0 0 0 0 0 0 0 0 0 0 0 0 0 0 0 0 0 0 0 0 0 0 0 0 0 0 0 0 0 0 0 1 0 0 0 0 0 0 0 0 0 0 0 0 0 0 0 0 0 0 0 0 0 1 0 0 0 0 0 0 0 0 0 0 0 0 0 0
geno chr7.466374 ceu  0 0 0 0 0 0 0 0 0 0 0 0 0 0 0 0 0 0 0 0 0 0 1 0 0 0 0 0 0 0 0 0 0 0 0 0 0 0 0 0 0 0 0 0 0 0 0 0 0 0 0 0 0 0 0 0 0 0 0 0 0 0 0 0 0 0 0 0 0 0 0 1 0 0 0 0 0 0
geno chr7.466374 fin  0 1 0 1 0 0 0 0 1 0 0 1 0 0 0 1 0 0 0 0 0 0 0 0 0 0 0 1 0 0 0 0 0 0 0 0 0 0 0 0 0 0 0 1 0 0 0 0 0 0 0 0 0 0 0 0 0 0 0 0 0 1 0 0 1 0 0 0 0 0 0 0 0 1 0 0 0 0 0 0 0 0 0 0 0 0 0 0 0
geno chr7.466374 gbr  0 0 0 0 0 0 1 0 0 0 1 0 0 0 0 0 0 0 0 0 0 0 0 0 0 0 0 0 1 0 0 0 0 0 0 0 0 0 0 0 0 1 0 1 0 0 0 0 0 1 0 0 0 0 0 0 0 0 0 0 0 0 0 0 0 0 0 0 0 0 0 0 0 0 0 0 0 0 1 0 0 0 1 0
geno chr7.466374 tsi  0 0 0 0 0 0 1 1 1 0 0 0 0 0 0 0 0 0 0 0 0 0 0 0 0 0 0 0 0 0 0 0 0 0 0 0 0 0 0 0 0 0 0 0 0 0 0 0 0 0 0 0 0 0 0 0 0 1 0 0 1 0 0 0 0 0 0 0 0 0 0 0 0 0 0 0 0 0 0 0 0 0 0 1 0 0 0 1 0 0 0 0
geno chr7.466374 yri  0 0 0 0 1 0 0 0 0 0 0 0 0 0 0 0 0 0 0 0 0 0 1 0 1 0 1 0 0 0 0 0 0 0 0 0 0 0 1 0 0 1 0 0 0 0 0 0 0 0 0 0 0 1 0 0 0 0 0 1 0 0 0 0 1 0 0 0 0 0 0 1 0 1 0 0 0
geno chr7.466631 ceu  0 0 1 0 0 0 0 1 1 0 0 0 1 0 0 0 0 0 0 0 0 0 0 0 0 0 0 0 1 1 0 0 0 0 0 0 0 0 0 0 0 0 1 0 0 0 0 1 0 0 0 0 0 0 2 0 0 0 0 1 0 0 0 0 0 0 0 1 0 0 0 0 0 0 0 0 0 0
geno chr7.466631 fin  0 1 0 1 0 0 0 0 1 0 0 0 0 0 0 1 0 0 0 1 0 0 0 0 0 0 0 0 0 0 0 0 0 0 1 0 0 0 1 0 0 0 0 0 0 0 1 0 0 0 0 0 1 1 0 0 0 0 0 0 0 1 0 1 1 0 1 0 0 0 0 0 0 0 0 0 1 0 0 0 0 0 0 0 0 1 1 0 0
geno chr7.466631 gbr  1 0 0 0 0 0 0 0 0 0 0 0 0 0 0 0 0 1 0 0 0 0 0 0 0 0 0 0 0 0 1 0 0 0 0 0 0 0 0 0 0 0 0 0 0 0 0 0 0 0 0 0 0 0 0 0 0 0 0 0 0 0 0 0 0 0 0 0 0 0 0 0 0 0 0 0 0 0 0 0 0 0 0 0
geno chr7.466631 tsi  0 0 0 0 0 1 1 1 0 0 0 0 1 0 0 0 0 0 0 0 0 0 0 0 0 0 0 0 0 0 0 0 0 0 0 0 0 1 0 0 0 1 0 0 0 0 0 0 0 0 0 0 0 0 1 0 0 0 0 0 0 0 0 0 0 0 0 0 0 0 0 0 0 0 0 0 0 0 0 0 0 0 0 0 0 0 0 1 1 0 0 0
geno chr7.466631 yri  0 1 0 0 0 0 0 0 0 0 0 0 1 1 1 0 0 0 0 0 0 0 0 0 0 0 0 0 0 0 0 0 1 0 0 1 0 0 0 0 0 0 0 1 0 0 0 0 0 0 0 0 0 0 1 0 0 0 0 0 0 0 0 0 0 0 0 0 0 0 0 0 0 0 0 0 0
geno chr7.466748 ceu  0 0 1 0 0 0 0 1 1 0 0 0 1 0 0 0 0 0 0 0 0 0 0 0 0 0 0 0 1 1 0 0 0 0 0 0 0 0 0 0 0 0 1 0 0 0 0 1 0 0 0 0 0 0 1 0 0 0 0 1 0 0 0 0 0 0 0 1 0 0 0 0 0 0 0 0 0 0
geno chr7.466748 fin  0 0 0 0 0 0 0 0 0 0 0 0 0 0 0 0 0 0 0 0 0 0 0 0 0 0 0 0 0 0 0 0 0 0 1 0 0 0 1 0 0 0 0 0 0 0 1 0 0 0 0 0 1 1 0 0 0 0 0 0 0 1 0 0 0 0 1 0 0 0 0 0 0 0 0 0 1 0 0 0 0 0 0 0 0 1 1 0 0
geno chr7.466748 gbr  1 0 0 0 0 0 0 0 0 0 0 0 0 0 0 0 0 1 0 0 0 0 0 0 0 0 0 0 0 0 1 0 0 0 0 0 0 0 0 0 0 0 0 0 0 0 0 0 0 0 0 0 0 0 0 0 0 0 0 0 0 0 0 0 0 0 0 0 0 0 0 0 0 0 0 0 0 0 0 0 0 0 0 0
geno chr7.466748 tsi  0 0 0 0 0 1 0 1 0 0 0 0 1 0 0 0 0 0 0 0 0 0 0 0 0 0 0 0 0 0 0 0 0 0 0 0 0 1 0 0 0 1 0 0 0 0 0 0 0 0 0 0 0 0 1 0 0 0 0 0 0 0 0 0 0 0 0 0 0 0 0 0 0 0 0 0 0 0 0 0 0 0 0 0 0 0 0 1 1 0 0 0
geno chr7.466748 yri  0 0 0 0 0 0 0 0 0 0 0 0 0 0 0 0 0 0 0 0 0 0 0 0 0 0 0 0 0 0 0 0 0 0 0 0 0 0 0 0 0 0 0 0 0 0 0 0 0 0 0 0 0 0 0 0 0 0 0 0 0 0 0 0 0 0 0 0 0 0 0 0 0 0 0 0 0
geno chr7.467062 ceu  1 1 1 0 0 0 0 0 0 0 0 0 0 1 0 0 0 0 0 1 0 0 0 0 0 0 0 2 0 0 0 0 0 0 0 1 1 0 1 0 1 1 1 0 0 0 1 1 0 1 1 1 0 0 0 0 0 2 1 0 0 0 2 0 0 0 1 0 1 0 0 1 0 1 0 1 0 2
geno chr7.467062 fin  0 0 0 0 0 1 0 0 0 0 0 1 0 1 0 0 1 1 0 0 1 0 0 0 0 0 0 1 0 1 1 0 0 2 1 1 0 1 0 1 1 0 0 1 0 1 0 0 0 0 1 1 0 0 0 0 1 0 0 0 0 1 0 0 0 0 0 0 1 1 1 0 0 0 1 0 1 0 0 1 0 1 0 0 1 1 0 1 0
geno chr7.467062 gbr  0 1 1 0 0 1 1 0 0 0 0 0 0 1 1 1 0 0 1 0 0 0 0 0 0 0 0 0 1 0 0 0 0 0 0 0 0 0 0 0 0 0 0 0 0 0 0 0 1 1 0 0 0 0 0 1 0 0 0 0 0 0 1 0 0 1 0 0 0 1 0 1 0 0 0 0 1 0 2 0 0 1 1 0
geno chr7.467062 tsi  1 0 0 0 0 0 0 0 0 0 0 0 0 1 0 0 1 1 0 1 0 0 1 0 0 0 1 1 0 0 1 0 0 0 0 1 1 0 0 0 0 0 0 0 0 0 1 0 0 0 0 1 0 0 1 1 0 0 1 0 0 1 1 0 1 0 1 0 1 0 0 1 0 1 0 1 0 0 0 1 1 0 0 0 0 0 0 0 1 1 1 0
geno chr7.467062 yri  0 0 0 0 0 1 0 0 0 0 0 0 0 0 0 0 0 0 0 1 1 0 0 0 0 0 0 0 0 0 0 0 0 0 0 0 0 0 0 0 0 0 0 0 0 0 0 0 0 0 0 0 0 0 0 0 0 0 0 0 0 0 0 0 0 0 0 0 1 0 0 0 0 0 0 0 0
geno chr7.467317 ceu  0 0 0 1 0 0 0 0 0 1 0 0 0 0 0 0 0 0 0 0 0 0 0 1 1 0 0 0 1 0 0 0 1 0 0 0 0 0 1 0 0 1 0 0 0 0 0 0 0 0 0 0 1 0 0 1 0 0 0 0 0 1 0 0 1 0 0 0 0 1 0 1 0 0 1 1 0 0
geno chr7.467317 fin  1 0 1 0 0 0 0 1 0 0 1 0 0 1 1 0 0 0 0 0 0 0 1 1 0 0 0 0 0 0 0 1 2 0 0 0 0 0 0 1 0 0 0 1 1 0 0 0 1 0 0 0 0 0 0 0 0 0 0 1 0 0 0 0 0 0 0 0 0 0 0 0 0 1 0 0 0 0 0 0 0 0 0 0 0 0 0 0 0
geno chr7.467317 gbr  0 0 0 0 1 1 1 1 0 0 1 0 0 1 1 0 0 0 0 1 0 0 0 0 1 1 1 0 0 0 0 0 1 0 1 0 0 1 0 0 0 1 1 1 0 1 0 0 0 0 0 0 0 0 0 0 0 0 0 0 0 0 0 0 0 0 0 0 0 1 0 0 1 0 0 1 0 0 0 0 1 0 1 0
geno chr7.467317 tsi  0 0 2 0 1 0 0 1 1 1 0 0 0 0 0 0 0 0 0 0 1 1 0 0 0 0 0 0 0 1 0 0 2 0 0 0 1 0 0 0 0 0 0 0 0 0 0 0 0 0 1 0 0 0 0 0 1 1 0 1 0 0 0 0 0 1 0 0 0 1 0 0 1 0 0 0 0 0 0 0 0 1 1 1 0 0 0 0 0 0 0 0
geno chr7.467317 yri  0 0 0 0 0 0 0 0 0 0 0 0 0 0 0 0 0 0 0 0 0 0 0 0 0 0 0 0 0 0 0 0 0 0 1 0 0 0 0 0 0 0 0 0 0 0 0 0 0 0 0 0 0 1 0 0 0 0 0 0 0 0 0 0 0 0 0 0 0 0 0 0 0 0 0 1 0
geno chr7.467577 ceu  2 2 2 2 1 0 1 2 2 1 1 0 1 1 1 0 0 0 0 1 0 0 1 1 1 1 1 2 2 1 1 1 1 0 1 1 1 1 2 0 1 2 1 0 1 1 2 2 0 2 0 2 1 0 2 2 1 2 0 1 0 1 2 1 1 2 1 1 1 2 0 2 0 0 1 2 0 2
geno chr7.467577 fin  1 2 1 1 0 1 1 1 1 0 1 2 1 2 1 1 2 1 1 1 1 0 1 2 0 1 0 2 0 2 1 1 2 2 2 1 1 1 2 2 1 0 0 2 1 1 2 0 1 0 1 1 1 1 0 0 1 0 0 1 0 2 1 2 1 0 1 0 1 1 2 1 1 1 1 1 2 2 1 1 1 1 1 0 1 2 1 2 0
geno chr7.467577 gbr  1 1 1 0 2 1 2 2 2 1 2 0 0 2 2 2 1 2 2 1 1 1 1 2 1 1 1 1 2 0 2 1 1 1 1 2 0 1 1 0 0 1 2 1 0 2 0 0 2 1 0 1 0 2 0 1 0 0 0 1 0 0 1 0 0 1 0 0 0 2 1 1 2 0 0 2 1 0 2 0 1 1 2 0
geno chr7.467577 tsi  1 0 2 1 2 1 1 2 1 2 1 0 1 1 1 0 2 2 2 2 1 1 1 1 1 1 1 1 0 2 1 0 2 0 1 2 2 1 2 0 1 1 1 1 1 1 1 0 1 1 1 1 1 0 2 1 1 1 1 2 1 0 2 0 1 2 1 0 1 2 0 2 1 0 0 1 0 1 0 1 1 2 1 2 0 1 0 1 2 1 1 0
geno chr7.467577 yri  0 1 2 1 2 2 0 0 0 2 0 2 1 1 1 2 1 1 1 2 1 1 0 2 0 0 0 0 1 0 1 1 1 0 1 2 1 1 1 1 0 0 1 2 1 1 0 0 1 0 2 1 1 1 1 0 1 1 2 0 0 1 0 2 0 1 1 1 1 0 1 0 0 0 1 2 1
geno chr7.467627 ceu  0 0 0 1 0 0 0 0 0 1 0 0 0 0 0 0 0 0 0 0 0 0 0 1 1 0 0 0 1 0 0 0 1 0 0 0 0 0 1 0 0 1 0 0 0 0 0 0 0 0 0 0 1 0 0 1 0 0 0 0 0 1 0 0 1 0 0 0 0 1 0 1 0 0 1 1 0 0
geno chr7.467627 fin  1 0 1 0 0 0 0 1 0 0 1 0 0 1 1 0 0 0 0 0 0 0 1 1 0 0 0 0 0 0 0 1 2 0 0 0 0 0 0 1 0 0 0 1 0 0 0 0 1 0 0 0 0 0 0 0 0 0 0 1 0 0 0 0 0 0 0 0 0 0 0 0 0 1 0 0 0 0 0 0 0 0 0 0 0 0 0 0 0
geno chr7.467627 gbr  0 0 0 0 1 1 1 1 0 0 1 0 0 1 1 0 0 0 0 1 0 0 0 0 1 1 1 0 0 0 0 0 1 0 1 0 0 1 0 0 0 1 1 1 0 1 0 0 0 0 0 0 0 0 0 0 0 0 0 0 0 0 0 0 0 0 0 0 0 1 0 0 1 0 0 1 0 0 0 0 1 0 1 0
geno chr7.467627 tsi  0 0 2 0 1 0 0 1 1 1 0 0 0 0 0 0 0 0 0 0 1 1 0 0 0 0 0 0 0 1 0 0 2 0 0 0 1 0 0 0 0 0 0 0 0 0 0 0 0 0 1 0 0 0 0 0 1 1 0 1 0 0 0 0 0 1 0 0 0 1 0 0 1 0 0 0 0 0 0 0 0 1 1 0 0 0 0 0 0 0 0 0
geno chr7.467627 yri  0 0 0 0 0 0 0 0 0 0 0 0 0 0 0 0 0 0 0 0 0 0 0 0 0 0 0 0 0 0 0 0 0 0 0 0 0 0 0 0 0 0 0 0 0 0 0 0 0 0 0 0 0 1 0 0 0 0 0 0 0 0 0 0 0 0 0 0 0 0 0 0 0 0 0 1 0
geno chr7.467690 ceu  2 2 1 1 1 0 1 1 1 0 1 0 0 2 1 0 0 0 0 1 0 0 1 0 0 1 1 2 0 0 1 1 0 0 1 1 1 0 1 0 1 1 1 0 1 1 2 1 0 2 1 1 0 0 0 1 1 2 1 0 0 0 2 1 0 2 1 0 1 1 0 1 0 1 0 1 0 2
geno chr7.467690 fin  0 1 0 0 0 1 1 0 0 0 0 2 1 1 0 0 2 1 1 0 1 0 0 1 0 1 0 2 0 2 1 0 0 2 1 1 1 1 1 1 1 0 0 1 0 1 1 0 0 0 1 1 0 0 0 0 1 0 0 0 0 1 1 1 0 0 0 0 1 1 2 1 1 0 1 1 1 2 1 1 1 1 1 0 1 1 0 2 0
geno chr7.467690 gbr  0 1 1 0 1 1 1 1 2 1 1 0 0 1 1 2 1 1 2 0 1 1 1 2 0 0 0 1 2 0 1 1 0 1 0 2 0 0 1 0 0 0 1 0 0 1 0 0 2 1 0 1 0 2 0 1 0 0 0 1 0 0 1 0 0 2 0 0 0 1 1 1 1 0 0 1 2 0 2 0 0 1 1 0
geno chr7.467690 tsi  1 0 0 1 1 0 0 0 0 1 1 0 0 1 1 0 2 2 2 1 0 0 1 0 1 1 1 1 0 1 1 0 0 0 1 2 1 0 2 0 1 0 1 1 1 1 1 0 1 1 0 1 1 0 1 2 0 0 1 1 1 1 2 0 1 1 1 0 1 1 0 2 0 1 0 1 0 1 0 1 1 1 0 1 0 1 0 0 1 1 2 0
geno chr7.467690 yri  0 0 2 1 2 1 0 2 0 2 0 1 0 0 0 1 1 0 1 2 2 1 0 1 1 1 0 0 1 0 1 1 0 0 1 0 1 2 1 1 1 0 1 1 1 1 0 0 1 1 2 0 1 0 0 0 0 0 1 0 0 0 0 2 0 1 1 0 1 0 1 0 1 0 1 1 1
geno chr7.467854 ceu  0 0 1 0 0 0 0 1 1 0 0 0 1 0 0 0 0 0 0 0 0 0 0 0 0 0 0 0 1 0 0 0 0 0 0 0 0 0 0 0 0 0 1 0 0 0 0 1 0 0 0 0 0 0 2 0 0 0 0 1 0 0 0 0 0 0 0 1 0 0 0 0 0 0 0 0 0 0
geno chr7.467854 fin  0 1 0 1 0 0 0 0 1 0 0 0 0 0 0 1 0 0 0 1 0 0 0 0 0 0 0 0 0 0 0 0 0 0 1 0 0 0 1 0 0 0 0 0 0 0 1 0 0 0 0 0 1 1 0 0 0 0 0 0 0 1 0 1 1 0 1 0 0 0 0 0 0 0 0 0 1 0 0 0 0 0 0 0 0 1 1 0 0
geno chr7.467854 gbr  1 0 0 0 0 0 0 0 0 0 0 0 0 0 0 0 0 1 0 0 0 0 0 0 0 0 0 0 0 0 1 0 0 0 0 0 0 0 0 0 0 0 0 0 0 0 0 0 0 0 0 0 0 0 0 0 0 0 0 0 0 0 0 0 0 0 0 0 0 0 0 0 0 0 0 0 0 0 0 0 0 0 0 0
geno chr7.467854 tsi  0 0 0 0 0 1 1 1 0 0 0 0 1 0 0 0 0 0 0 0 0 0 0 0 0 0 0 0 0 0 0 0 0 0 0 0 0 1 0 0 0 1 0 0 0 0 0 0 0 0 0 0 0 0 1 0 0 0 0 0 0 0 0 0 0 0 0 0 0 0 0 0 0 0 0 0 0 0 0 0 0 0 0 0 0 0 0 1 1 0 0 0
geno chr7.467854 yri  0 1 0 0 0 0 0 0 0 0 1 0 1 1 1 0 0 0 0 0 0 0 1 0 0 0 0 0 1 0 0 0 2 0 0 1 0 0 0 0 0 0 0 1 0 1 0 0 0 0 0 1 0 0 1 1 0 0 0 0 0 0 0 0 0 1 0 0 0 0 0 0 0 0 0 0 1
geno chr7.468104 ceu  0 0 1 0 0 0 0 1 1 0 0 0 1 0 0 0 0 0 0 0 0 0 0 0 0 0 0 0 1 1 0 0 0 0 0 0 0 0 0 0 0 0 1 0 0 0 0 1 0 0 0 0 0 0 1 0 0 0 0 1 0 0 0 0 0 0 0 1 0 0 0 0 0 0 0 0 0 0
geno chr7.468104 fin  0 0 0 0 0 0 0 0 0 0 0 0 0 0 0 0 0 0 0 0 0 0 0 0 0 0 0 0 0 0 0 0 0 0 1 0 0 0 1 0 0 0 0 0 0 0 1 0 0 0 0 0 1 1 0 0 0 0 0 0 0 1 0 0 0 0 1 0 0 0 0 0 0 0 0 0 1 0 0 0 0 0 0 0 0 1 1 0 0
geno chr7.468104 gbr  1 0 0 0 0 0 0 0 0 0 0 0 0 0 0 0 0 1 0 0 0 0 0 0 0 0 0 0 0 0 1 0 0 0 0 0 0 0 0 0 0 0 0 0 0 0 0 0 0 0 0 0 0 0 0 0 0 0 0 0 0 0 0 0 0 0 0 0 0 0 0 0 0 0 0 0 0 0 0 0 0 0 0 0
geno chr7.468104 tsi  0 0 0 0 0 1 0 1 0 0 0 0 1 0 0 0 0 0 0 0 0 0 0 0 0 0 0 0 0 0 0 0 0 0 0 0 1 1 0 0 0 1 0 0 0 0 0 0 0 0 0 0 0 0 1 0 0 0 0 0 0 0 0 0 0 0 0 0 0 0 0 0 0 0 0 0 0 0 0 0 0 0 0 0 0 0 0 1 1 0 0 0
geno chr7.468104 yri  0 0 0 0 0 0 0 0 0 0 0 0 0 0 0 0 0 0 0 0 0 0 0 0 0 0 0 0 0 0 0 0 0 0 0 0 0 0 0 0 0 0 0 0 0 0 0 0 0 0 0 0 0 0 0 0 0 0 0 0 0 0 0 0 0 0 0 0 0 0 0 0 0 0 0 0 0
geno chr7.468143 ceu  0 0 0 0 0 1 1 0 0 0 1 0 1 0 1 0 0 1 0 0 1 1 1 1 0 0 0 0 0 1 0 0 0 0 0 0 1 0 0 0 0 0 0 1 0 0 0 0 0 0 1 0 0 0 0 0 0 0 0 1 0 0 0 0 0 0 0 0 0 0 0 0 0 1 0 0 1 0
geno chr7.468143 fin  1 0 0 0 0 0 0 1 0 0 0 0 0 0 1 0 0 0 0 0 0 1 0 0 0 1 0 0 0 0 1 0 0 0 0 0 0 0 0 0 1 1 0 0 0 0 0 0 0 0 0 0 0 0 0 0 0 1 0 0 2 0 0 0 0 0 0 1 0 0 0 0 0 0 1 0 0 0 1 0 0 0 0 0 1 0 0 0 2
geno chr7.468143 gbr  0 0 0 0 0 0 0 0 0 0 0 1 1 0 0 0 1 0 0 0 0 0 0 0 0 0 0 0 0 0 0 0 1 0 1 0 1 0 1 1 0 0 0 0 1 0 1 1 0 0 1 0 1 0 0 0 1 0 0 1 1 0 1 0 1 0 0 0 1 0 0 1 0 1 0 0 0 2 0 0 0 0 0 0
geno chr7.468143 tsi  0 1 0 0 0 0 0 0 0 0 0 1 1 0 0 1 0 0 0 0 0 0 0 0 0 0 1 0 0 0 0 0 0 0 0 0 0 0 0 0 0 0 0 0 1 0 0 0 0 0 0 0 0 0 0 0 0 0 0 0 0 0 0 0 0 0 0 0 0 0 1 0 0 0 0 1 1 0 0 0 0 0 1 0 2 0 0 0 0 1 0 0
geno chr7.468143 yri  0 0 0 0 0 0 0 0 0 0 0 0 0 0 0 0 0 0 0 0 0 0 0 0 0 0 0 0 0 0 0 0 0 0 0 0 0 0 0 0 0 0 0 0 0 0 0 0 0 0 0 0 0 0 0 0 0 0 0 0 0 0 0 0 0 0 0 0 0 0 0 0 0 0 0 0 0
geno chr7.468644 ceu  0 0 1 0 0 0 0 1 1 0 0 0 1 0 0 0 0 0 0 0 0 0 0 0 0 0 0 0 1 1 0 0 0 0 0 0 0 0 0 0 0 0 1 0 0 0 0 1 0 0 0 0 0 0 2 0 0 0 0 1 0 0 0 0 0 0 0 1 0 0 0 0 0 0 0 0 0 0
geno chr7.468644 fin  0 1 0 1 0 0 0 0 1 0 0 0 0 0 0 1 0 0 0 1 0 0 0 0 0 0 0 0 0 0 0 0 0 0 1 0 0 0 1 0 0 0 0 0 0 0 1 0 0 0 0 0 1 1 0 0 0 0 0 0 0 1 0 1 1 0 1 0 0 0 0 0 0 0 0 0 1 0 0 0 0 0 0 0 0 1 1 0 0
geno chr7.468644 gbr  1 0 0 0 0 0 0 0 0 0 0 0 0 0 0 0 0 1 0 0 0 0 0 0 0 0 0 0 0 0 1 0 0 0 0 0 0 0 0 0 0 0 0 0 0 0 0 0 0 0 0 0 0 0 0 0 0 0 0 0 0 0 0 0 0 0 0 0 0 0 0 0 0 0 0 0 0 0 0 0 0 0 0 0
geno chr7.468644 tsi  0 0 0 0 0 1 1 1 0 0 0 0 1 0 0 0 0 0 0 0 0 0 0 0 0 0 0 0 0 0 0 0 0 0 0 0 1 1 0 0 0 1 0 0 0 0 0 0 0 0 0 0 0 0 1 0 0 0 0 0 0 0 0 0 0 0 0 0 0 0 0 0 0 0 0 0 0 0 0 0 0 0 0 0 0 0 0 1 1 0 0 0
geno chr7.468644 yri  0 1 0 0 0 0 0 0 0 0 0 0 1 1 1 0 0 0 0 0 0 0 0 0 0 0 0 0 0 0 0 0 1 0 0 1 0 0 0 0 0 0 0 1 0 0 0 0 0 0 0 0 0 0 1 0 0 0 0 0 0 0 0 0 0 0 0 0 0 0 0 0 0 0 0 0 0
geno chr7.468856 ceu  2 2 2 0 1 0 1 2 2 0 1 0 1 2 1 0 0 0 0 1 0 0 1 0 0 1 1 2 1 1 0 2 0 0 1 1 1 0 1 0 1 1 2 0 1 1 2 2 0 2 1 1 0 0 2 1 1 2 1 1 0 0 2 1 0 1 1 1 1 1 0 1 0 1 0 1 0 2
geno chr7.468856 fin  0 2 0 1 0 1 1 0 1 0 0 2 1 1 0 1 2 1 1 1 1 0 0 1 0 1 0 2 0 2 1 0 0 2 2 1 1 1 2 1 1 0 0 1 0 1 2 0 0 0 1 1 1 1 0 0 1 0 0 0 0 2 1 2 1 0 1 0 1 1 2 1 1 0 1 1 2 2 1 1 1 1 1 0 1 2 1 2 0
geno chr7.468856 gbr  1 1 1 0 1 1 1 1 2 1 1 0 0 1 1 2 1 2 2 0 1 1 1 2 0 0 0 1 2 0 1 1 0 0 0 2 0 0 1 0 0 0 1 0 0 1 0 0 2 1 0 0 0 2 0 1 0 0 0 1 0 0 1 0 0 2 0 0 0 1 1 1 1 0 0 1 2 0 2 0 0 1 1 0
geno chr7.468856 tsi  1 0 0 1 1 1 1 1 0 1 1 0 1 1 1 0 2 2 2 1 0 0 1 0 1 1 1 1 0 1 1 0 0 0 1 2 2 1 2 0 1 1 1 1 1 1 1 0 1 1 0 1 1 0 2 2 0 0 1 1 1 1 2 0 1 1 1 0 1 1 0 2 0 1 0 1 0 0 0 1 1 1 0 1 0 1 0 1 2 1 2 0
geno chr7.468856 yri  0 1 2 1 2 1 0 2 0 2 0 1 1 1 1 1 1 0 1 2 2 1 0 1 1 1 0 0 1 0 1 1 1 0 0 1 0 2 1 1 1 0 1 2 1 1 0 0 1 1 2 0 1 0 1 0 0 0 0 0 0 0 0 2 0 1 1 0 1 0 0 0 1 0 1 1 1
geno chr7.468996 ceu  0 1 0 0 1 0 0 0 0 0 0 0 0 0 1 0 0 0 0 0 0 0 0 0 0 0 0 0 0 0 0 1 0 0 1 0 0 0 0 0 0 0 0 0 1 0 0 0 0 1 0 0 0 0 0 0 1 0 0 0 0 0 0 0 0 0 0 0 0 0 0 0 0 0 0 0 0 0
geno chr7.468996 fin  0 0 0 0 0 0 1 0 0 0 0 1 0 0 0 0 1 0 1 0 0 0 0 1 0 0 0 1 0 1 0 0 0 0 0 0 0 0 1 0 0 0 0 0 0 0 1 0 0 0 0 0 0 0 0 0 0 0 0 0 0 0 1 1 0 0 0 0 0 0 1 1 1 0 0 1 0 2 1 0 1 0 1 0 0 0 0 0 0
geno chr7.468996 gbr  0 0 0 0 0 0 0 1 1 0 1 0 0 0 0 0 0 0 0 0 1 1 0 2 0 0 0 1 0 0 0 0 0 0 0 2 0 0 0 0 0 0 1 0 0 1 0 0 0 0 0 0 0 2 0 0 0 0 0 1 0 0 0 0 0 0 0 0 0 0 0 0 0 0 0 1 1 0 0 0 0 0 0 0
geno chr7.468996 tsi  0 0 0 0 0 0 0 0 0 0 1 0 0 0 0 0 1 0 1 0 0 0 0 0 0 0 0 0 0 0 0 0 0 0 1 0 0 0 0 0 0 0 0 1 0 1 0 0 0 0 0 0 0 0 0 1 0 0 0 0 0 0 0 0 0 1 0 0 0 1 0 0 0 0 0 0 0 0 0 0 0 0 0 1 0 0 0 0 0 0 1 0
geno chr7.468996 yri  0 0 0 0 0 0 0 0 0 0 0 0 0 0 0 0 0 0 0 0 0 0 0 0 0 0 0 0 0 0 0 0 0 0 0 0 0 0 0 0 0 0 0 0 0 0 0 0 0 0 0 0 0 0 0 0 0 0 0 0 0 0 0 0 0 0 0 0 0 0 0 0 0 0 0 0 0
geno chr7.469601 ceu  2 2 2 0 1 0 1 2 2 0 1 0 1 2 1 0 0 0 0 1 0 0 1 0 0 1 1 2 1 1 1 1 0 0 1 1 1 0 1 0 1 1 2 0 1 1 2 2 0 2 1 1 1 0 2 1 1 2 1 1 0 0 1 1 0 1 1 1 1 1 0 1 0 1 0 1 0 2
geno chr7.469601 fin  0 2 0 1 0 1 1 0 1 0 0 2 1 1 0 1 2 1 1 1 1 0 0 1 0 1 0 2 0 2 1 0 0 2 2 1 1 1 2 1 1 0 0 1 0 1 2 0 0 0 1 1 1 1 0 0 1 0 0 0 0 2 1 2 1 0 1 0 1 1 2 1 1 0 1 1 2 2 1 1 1 1 1 0 1 2 1 2 0
geno chr7.469601 gbr  1 1 1 0 1 1 1 1 2 1 1 0 0 1 1 2 1 2 2 0 1 1 1 2 0 0 0 1 2 0 1 1 0 1 0 2 0 0 1 0 0 0 1 0 0 1 0 0 2 1 0 0 0 2 0 1 0 0 0 1 0 0 1 0 0 2 0 0 0 1 1 1 1 0 0 1 2 0 2 0 0 1 1 0
geno chr7.469601 tsi  1 0 0 1 1 1 1 1 0 1 1 0 1 1 1 0 2 2 2 1 0 0 1 0 1 1 1 1 0 1 1 0 0 0 1 2 2 1 2 0 1 1 1 1 1 1 1 0 1 1 0 1 1 0 2 2 0 0 1 1 1 1 2 0 1 1 1 0 1 1 0 2 0 1 0 1 0 0 0 1 1 1 0 1 0 1 0 1 2 1 2 0
geno chr7.469601 yri  0 1 2 1 2 1 0 2 0 2 0 1 1 1 1 1 1 0 1 2 2 1 0 1 1 1 0 0 1 0 1 1 1 0 0 1 0 2 1 1 1 0 1 2 1 1 0 0 1 1 2 0 1 0 1 0 0 0 0 0 0 0 0 2 0 1 1 0 1 0 0 0 1 0 1 1 1
geno chr7.469810 ceu  0 0 1 0 0 0 0 1 1 0 0 0 1 0 0 0 0 0 0 0 0 0 0 0 0 0 0 0 1 1 0 0 0 0 0 0 0 0 0 0 0 0 1 0 0 0 0 1 0 0 0 0 0 0 2 0 0 0 0 1 0 0 0 0 0 0 0 1 0 0 0 0 0 0 0 0 0 0
geno chr7.469810 fin  0 1 0 1 0 0 0 0 1 0 0 0 0 0 0 1 0 0 0 1 0 0 0 0 0 0 0 0 0 0 0 0 0 0 1 0 0 0 1 0 0 0 0 0 0 0 1 0 0 0 0 0 1 1 0 0 0 0 0 0 0 1 0 1 1 0 1 0 0 0 0 0 0 0 0 0 1 0 0 0 0 0 0 0 0 1 1 0 0
geno chr7.469810 gbr  1 0 0 0 0 0 0 0 0 0 0 0 0 0 0 0 0 1 0 0 0 0 0 0 0 0 0 0 0 0 1 0 0 0 0 0 0 0 0 0 0 0 0 0 0 0 0 0 0 0 0 0 0 0 0 0 0 0 0 0 0 0 0 0 0 0 0 0 0 0 0 0 0 0 0 0 0 0 0 0 0 0 0 0
geno chr7.469810 tsi  0 0 0 0 0 1 1 1 0 0 0 0 1 0 0 0 0 0 0 0 0 0 0 0 0 0 0 0 0 0 0 0 0 0 0 0 1 1 0 0 0 1 0 0 0 0 0 0 0 0 0 0 0 0 1 0 0 0 0 0 0 0 0 0 0 0 0 0 0 0 0 0 0 0 0 0 0 0 0 0 0 0 0 0 0 0 0 1 1 0 0 0
geno chr7.469810 yri  0 1 0 0 0 0 0 0 0 0 0 0 1 1 1 0 0 0 0 0 0 0 0 0 0 0 0 0 0 0 0 0 1 0 0 1 0 0 0 0 0 0 0 1 0 0 0 0 0 0 0 0 0 0 1 0 0 0 0 0 0 0 0 0 0 0 0 0 0 0 0 0 0 0 0 0 0
geno chr7.470239 ceu  2 2 2 1 1 0 1 2 2 1 1 0 1 2 1 0 0 0 0 1 0 0 1 1 1 1 1 2 2 1 1 1 1 0 1 1 1 1 2 0 1 2 2 0 1 1 2 2 0 2 1 2 1 0 2 2 1 2 1 1 0 1 2 1 1 1 1 1 1 2 0 2 0 1 1 2 0 2
geno chr7.470239 fin  1 2 1 1 0 1 1 1 1 0 1 2 1 2 1 1 2 1 1 1 1 0 1 2 0 1 0 2 0 2 2 1 2 2 2 1 1 1 2 2 1 0 0 2 1 1 2 0 1 0 1 1 1 1 0 0 1 1 0 1 0 2 1 2 1 0 1 0 1 1 2 1 1 1 1 1 2 2 1 1 1 1 1 0 1 2 1 2 0
geno chr7.470239 gbr  1 1 1 1 2 2 2 2 2 1 2 0 0 2 2 2 1 2 2 1 1 1 1 2 1 1 1 1 2 0 1 1 1 1 1 2 0 1 1 0 0 1 2 1 0 2 0 0 2 1 0 0 0 2 0 1 0 0 0 1 0 0 1 0 0 2 0 0 0 2 1 1 2 0 0 2 2 0 2 0 1 1 2 0
geno chr7.470239 tsi  1 0 2 1 2 1 1 2 1 2 1 0 1 1 1 0 2 2 2 2 1 1 1 1 1 1 1 1 0 2 1 0 2 0 1 2 2 1 2 0 1 1 1 1 1 1 1 0 1 1 1 1 1 0 2 2 1 1 1 2 1 1 2 0 1 2 1 0 1 2 0 2 1 1 0 1 0 0 0 1 1 2 1 2 0 1 0 1 2 1 2 0
geno chr7.470239 yri  0 1 2 1 2 2 0 2 0 2 0 2 1 1 1 2 1 1 1 2 2 1 0 2 1 1 0 0 1 0 1 1 1 0 1 2 1 2 1 1 1 0 1 2 1 1 0 0 1 1 2 1 1 1 1 0 1 1 2 0 0 1 0 2 0 1 1 1 1 0 1 0 1 0 1 2 1
geno chr7.470252 ceu  0 0 1 0 0 0 0 1 1 0 0 0 1 0 0 0 0 0 0 0 0 0 0 0 0 0 0 0 1 1 0 0 0 0 0 0 0 0 0 0 0 0 1 0 0 0 0 1 0 0 0 0 0 0 2 0 0 0 0 1 0 0 0 0 0 0 0 1 0 0 0 0 0 0 0 0 0 0
geno chr7.470252 fin  0 1 0 1 0 0 0 0 1 0 0 0 0 0 0 1 0 0 0 1 0 0 0 0 0 0 0 0 0 0 0 0 0 0 1 0 0 0 1 0 0 0 0 0 0 0 1 0 0 0 0 0 1 1 0 0 0 0 0 0 0 1 0 1 1 0 1 0 0 0 0 0 0 0 0 0 1 0 0 0 0 0 0 0 0 1 1 0 0
geno chr7.470252 gbr  1 0 0 0 0 0 0 0 0 0 0 0 0 0 0 0 0 1 0 0 0 0 0 0 0 0 0 0 0 0 1 0 0 0 0 0 0 0 0 0 0 0 0 0 0 0 0 0 0 0 0 0 0 0 0 0 0 0 0 0 0 0 0 0 0 0 0 0 0 0 0 0 0 0 0 0 0 0 0 0 0 0 0 0
geno chr7.470252 tsi  0 0 0 0 0 1 1 1 0 0 0 0 1 0 0 0 0 0 0 0 0 0 0 0 0 0 0 0 0 0 0 0 0 0 0 0 1 1 0 0 0 1 0 0 0 0 0 0 0 0 0 0 0 0 1 0 0 0 0 0 0 0 0 0 0 0 0 0 0 0 0 0 0 0 0 0 0 0 0 0 0 0 0 0 0 0 0 1 1 0 0 0
geno chr7.470252 yri  0 1 0 0 0 0 0 0 0 0 0 0 1 1 1 0 0 0 0 0 0 0 0 0 0 0 0 0 0 0 0 0 1 0 0 1 0 0 0 0 0 0 0 1 0 0 0 0 0 0 0 0 0 0 1 0 0 0 0 0 0 0 0 0 0 0 0 0 0 0 0 0 0 0 0 0 0
geno chr7.470316 ceu  2 2 2 0 1 0 1 2 2 0 1 0 1 2 1 0 0 0 0 1 0 0 1 0 0 1 1 2 1 1 1 1 0 0 1 1 1 1 1 0 1 1 2 0 1 1 2 2 0 2 1 2 0 0 2 1 1 2 1 1 0 0 2 1 0 1 1 1 1 1 0 1 0 1 0 1 0 2
geno chr7.470316 fin  0 2 0 1 0 1 1 0 1 0 0 2 1 1 0 1 2 1 1 1 1 0 0 1 0 1 0 2 0 2 1 0 0 2 2 1 1 1 2 1 1 0 0 1 0 1 2 0 0 0 1 1 1 1 0 0 1 0 0 0 0 2 1 2 1 0 1 0 1 1 2 1 1 0 1 1 2 2 1 1 1 1 1 0 1 2 1 2 0
geno chr7.470316 gbr  1 1 1 0 1 1 1 1 2 1 1 0 0 1 1 2 1 2 2 0 1 1 1 2 0 0 0 1 2 0 1 1 0 1 0 2 0 0 1 0 0 0 1 0 0 1 0 0 2 1 0 0 0 2 0 1 0 0 0 1 0 0 1 0 0 2 0 0 0 1 1 1 1 0 0 1 2 0 2 0 0 1 1 0
geno chr7.470316 tsi  1 0 0 1 1 1 1 1 0 1 1 0 1 1 1 0 2 2 2 2 0 0 1 1 1 1 1 1 0 1 1 0 0 0 1 2 2 1 2 0 1 1 1 1 1 1 1 0 1 1 0 1 1 0 2 2 0 0 1 1 1 1 2 0 1 1 1 0 1 1 0 2 0 1 0 1 0 0 0 1 1 1 0 1 0 1 0 1 2 1 2 0
geno chr7.470316 yri  0 1 2 1 2 2 0 2 0 2 0 2 1 1 1 2 1 1 1 2 2 1 0 2 1 1 0 0 1 0 1 1 1 0 0 2 1 2 1 1 1 0 1 2 1 1 1 0 1 1 2 1 1 0 1 0 1 1 2 0 0 1 0 2 0 1 1 1 1 0 1 0 1 0 1 1 1
