pheno ENSG00000176912 ceu -0.5310528 -1.977884 -1.952821 -1.044662 -1.699443 -0.742582 0.07393059 -2.79292 -2.435341 -0.9257236 0.6272133 -1.03195 -1.7616 -0.1273769 -0.9995798 -1.706047 -0.8305953 0.2281694 -2.657719 -1.582879 -0.5664857 -0.5673007 0.118504 -1.254734 -1.731562 -0.8587134 -0.4237276 -1.433366 -1.250853 -1.807641 -0.7611971 -1.554766 -0.9871983 -1.605951 -0.7141656 -1.019491 -0.5003957 -0.7088313 -1.894512 -0.49457 -0.8256431 -1.227396 -0.6600551 0.2908934 -2.447393 -0.6190092 -0.7114149 -1.48225 -0.4299182 -0.6941611 -0.5194711 -2.004936 -0.5143695 -3.103997 -1.775475 -3.070792 0.8094002 -2.217718 -1.02367 -2.531574 -1.232384 -0.8309264 -0.7870019 -2.686809 -1.567693 -2.391953 -0.5169946 -0.3898453 0.3868696 0.3147913 -1.700585 -0.9285734 -1.75634 0.7709129 -1.49077 -2.658413 0.02682337 -1.640028
pheno ENSG00000176912 fin -2.787776 -2.569226 -1.189487 -0.8877082 -2.666809 -0.8553737 -2.26011 -0.8155917 -2.514177 -1.439174 0.6162988 1.545241 -1.306999 -0.3461838 -1.547358 -0.74023 -0.8486004 -1.491662 -1.181418 -1.046514 -3.006388 -0.6914298 -1.03249 -1.2333 -2.414091 -0.9237676 -0.2114728 -2.708554 -2.473902 -1.012291 -1.71562 -2.2104 -1.577098 -2.262055 -1.317103 -1.509401 -1.073168 -2.369183 -1.861773 -2.819765 -2.977955 0.1717948 -1.145486 -1.583735 -0.04773463 -0.7131954 -0.9280485 0.4955862 -2.007956 -1.250269 -1.320426 -1.424356 -2.244734 -1.091923 -2.274745 -0.9580422 -1.487052 -0.5761096 0.2869987 -0.3924753 -1.181601 -1.709156 -0.4948709 0.5793263 -0.1883678 -0.5165394 -3.541737 -1.485052 -0.3371466 -0.460347 -0.04066719 -0.9624391 0.6340285 0.01724245 -2.429801 -2.067 -1.962288 -0.7211381 -1.826225 -1.495596 -0.9910341 0.9385411 -0.09391533 -1.49438 -2.319422 -1.559769 -1.341011 -0.239565 -3.358048
pheno ENSG00000176912 gbr -0.5032386 1.220708 -0.5001185 0.2980268 0.09807942 -0.2547136 1.226639 0.09691223 -1.165893 1.162507 0.848787 1.648323 1.856784 1.741591 2.353955 -1.040574 0.7963105 0.173741 1.215278 1.040013 0.5195246 -0.4907509 0.8422107 0.7336922 -1.190338 1.785651 2.349569 -1.088729 -1.016918 0.3504189 0.428875 1.522692 -1.202674 0.8700225 2.418404 -0.875423 -0.2525661 1.077705 -0.7129052 0.4951981 0.00620264 0.03005768 -0.3224311 0.3357139 0.9961944 0.9592228 -0.1290832 0.9520171 0.117716 1.15127 0.503989 1.947521 0.4778037 0.4589824 2.483484 0.3780851 1.746733 -0.6124736 2.207901 0.3761583 1.516027 0.4350129 0.5982262 0.4404042 2.3164 0.5702667 -0.1546708 3.101038 0.09294633 0.09220453 0.8323226 2.110005 -2.248412 1.026134 1.563572 0.6554766 2.130898 -0.1758064 1.084484 1.252792 1.883087 0.9358135 0.8994439 -1.988352
pheno ENSG00000176912 tsi 5.390672 2.366145 1.769993 2.009733 2.331071 1.065847 2.67985 1.391441 2.187306 4.908917 3.038707 2.349751 1.35785 2.911718 3.980878 2.17824 1.188588 1.259717 3.947095 0.7925911 2.787769 0.4738933 1.386809 2.739209 2.854821 2.992326 1.497036 2.12893 4.293587 2.408485 3.745711 2.181743 1.351225 4.073173 1.327555 2.08472 1.989638 3.201203 3.556576 2.004557 0.7461236 1.482844 1.13917 1.690035 2.500765 2.019554 2.87012 2.420673 2.516327 3.879198 1.816536 2.32745 4.469656 3.180256 2.048804 2.345751 2.946148 1.309403 2.198474 1.505852 3.554985 1.147777 3.945478 2.390507 3.658609 1.778122 1.797761 1.127158 0.4325406 3.928536 0.810598 3.55005 1.748055 2.533896 2.750373 1.746235 2.946664 1.834871 3.644098 2.014875 0.5723466 3.942285 1.815515 2.107688 1.831948 1.933796 1.199231 4.002268 1.708718 2.08308 3.500985 2.103461
pheno ENSG00000176912 yri -0.1415893 0.9125775 1.194202 0.8853187 0.01380899 0.6507666 0.1080171 0.7297311 0.6463634 3.301987 -0.2997738 1.076543 -0.1291336 0.4281202 0.7673956 1.754368 -0.2706665 -0.161955 0.5406729 -0.4539828 0.4889399 0.6440447 0.7920505 -1.378235 -0.7758002 0.9831341 0.9168249 0.2740919 2.319866 0.8622329 0.879556 1.152312 0.9367324 1.737863 0.02577972 0.9907186 1.392908 -1.125303 0.8020216 0.6132147 0.3545812 1.097544 0.8884436 0.3417449 0.5567964 -0.3049039 2.064181 -1.202 0.1641756 1.047354 0.2396552 0.501545 0.5143157 1.228225 0.1951455 1.814261 0.2531412 0.1157428 0.8028359 0.2551417 -0.4772729 1.298959 -0.1642485 1.643327 -0.4709136 -0.3695578 0.6993967 0.8773436 0.8685517 -0.02189492 -0.5085689 0.7704966 0.9454781 1.826834 0.8515171 1.587727 1.448381
geno chr18.558511 ceu  0 0 0 0 0 0 0 0 0 0 0 0 0 0 0 0 0 0 0 0 0 0 0 0 0 0 0 0 0 0 0 0 0 0 0 1 0 0 0 0 0 0 0 0 0 0 0 0 0 0 0 0 0 0 0 0 0 0 0 1 0 0 0 0 0 0 0 0 0 0 0 0 0 0 0 0 0 0
geno chr18.558511 fin  0 0 0 0 0 0 0 0 0 0 0 1 0 0 0 0 0 0 0 1 0 0 0 0 0 0 0 0 0 0 0 0 0 0 0 0 0 0 0 0 0 0 0 0 0 0 0 0 0 0 0 0 0 0 0 0 0 0 0 0 0 0 0 0 0 0 1 0 0 0 1 0 0 0 0 0 0 0 0 0 0 0 0 0 0 0 0 0 0
geno chr18.558511 gbr  0 0 0 0 0 0 0 0 0 0 0 0 0 0 0 0 0 0 0 0 0 0 0 0 0 0 0 0 0 0 0 0 1 0 0 1 0 0 0 0 0 0 0 0 1 0 0 0 0 0 0 0 0 0 0 0 0 0 0 0 1 0 0 0 0 0 0 0 0 0 0 0 0 0 0 0 0 0 0 0 0 0 0 0
geno chr18.558511 tsi  0 0 0 0 0 0 0 0 0 0 0 0 0 0 0 0 0 0 0 0 0 0 0 0 0 0 0 0 0 0 0 0 0 0 0 1 0 0 0 0 0 0 0 0 0 0 0 0 0 0 0 0 1 0 0 0 0 0 0 0 0 0 0 0 0 0 0 0 0 0 0 0 0 0 0 0 0 0 0 0 0 0 0 0 0 0 0 0 0 0 0 0
geno chr18.558511 yri  0 1 0 0 0 0 0 0 0 0 0 0 0 0 1 0 0 0 1 0 0 0 0 0 0 0 0 0 1 1 0 0 1 0 0 0 0 0 2 0 0 1 0 0 0 0 1 0 1 0 0 0 1 1 1 1 0 1 0 0 0 1 1 1 0 0 0 1 0 1 0 0 0 0 0 2 0
geno chr18.558521 ceu  0 0 0 0 0 0 0 0 0 0 1 0 0 0 0 0 0 0 0 0 0 1 0 0 0 1 0 0 1 0 0 0 0 0 0 0 0 0 0 1 0 0 0 0 0 0 0 0 0 0 0 0 0 0 0 0 0 0 0 0 0 0 0 1 0 1 0 0 0 0 0 0 0 0 0 0 0 0
geno chr18.558521 fin  0 0 0 0 0 0 0 0 0 0 0 0 0 0 0 0 0 0 0 0 0 0 0 0 0 0 0 0 0 0 0 0 0 0 0 0 0 0 0 0 0 0 1 0 0 0 0 0 1 0 0 0 0 0 0 0 0 0 0 0 0 0 0 0 0 0 0 0 0 0 0 0 0 0 0 0 0 0 0 0 0 0 0 0 0 0 0 0 0
geno chr18.558521 gbr  0 0 0 0 0 0 0 0 0 0 0 0 0 0 0 0 0 0 0 0 0 0 0 0 1 0 0 1 0 0 0 0 0 0 0 0 0 0 0 0 0 0 0 0 0 0 1 0 0 0 0 0 0 0 0 0 0 0 0 0 0 0 0 0 0 0 0 0 0 0 0 0 0 0 0 1 0 0 0 0 1 0 1 0
geno chr18.558521 tsi  0 0 0 0 0 0 0 0 0 0 1 0 0 1 0 0 0 0 0 0 0 0 0 0 0 0 1 0 0 0 0 0 0 1 0 0 0 0 0 0 0 1 0 0 0 0 0 0 0 0 0 0 1 0 1 1 0 0 0 0 0 0 0 1 0 0 0 0 0 0 1 0 0 0 0 1 0 0 0 0 0 0 0 0 0 0 0 0 0 0 0 0
geno chr18.558521 yri  1 0 0 1 0 0 1 0 1 1 1 0 0 0 0 0 0 1 1 0 0 1 1 1 0 0 0 1 0 1 0 0 0 0 1 0 0 0 0 0 1 0 1 1 1 1 0 0 0 1 0 0 0 0 1 0 1 0 0 1 1 0 0 1 0 0 2 0 0 1 1 0 0 0 0 0 0
geno chr18.558635 ceu  2 1 2 1 2 1 1 2 2 1 2 2 2 2 2 2 2 2 1 1 1 2 2 2 2 2 1 2 2 1 2 1 1 1 2 2 0 2 2 2 0 2 1 1 2 1 1 2 0 2 2 1 2 2 1 1 1 2 2 2 2 2 1 2 2 1 2 2 1 0 2 2 1 2 2 0 2 2
geno chr18.558635 fin  2 2 2 1 2 2 2 1 2 2 1 2 1 2 1 0 2 0 1 2 1 2 2 2 2 2 2 2 2 2 2 1 1 2 2 2 2 2 2 2 1 1 2 2 2 1 0 2 1 1 2 0 1 1 2 2 1 2 2 1 2 1 1 0 2 1 2 2 2 1 1 1 1 0 1 0 1 2 0 1 2 1 2 2 1 2 2 1 2
geno chr18.558635 gbr  1 1 0 1 1 2 1 0 1 0 1 2 2 1 1 2 2 2 1 2 2 2 2 2 2 2 1 1 2 2 2 1 1 2 1 1 0 0 2 2 1 2 2 2 2 2 2 2 0 1 2 2 1 1 2 2 2 2 1 2 1 1 1 2 2 1 2 2 2 2 2 2 0 0 1 1 2 1 2 1 1 1 2 2
geno chr18.558635 tsi  1 0 2 0 1 0 2 1 2 2 2 0 2 2 2 2 1 2 1 2 1 2 1 2 2 1 2 2 2 1 2 2 1 2 1 2 2 1 2 1 2 2 0 2 2 2 2 2 2 1 2 2 2 2 2 2 1 2 2 2 2 1 1 2 2 2 2 2 2 1 2 2 0 2 2 2 0 1 2 2 2 1 0 0 2 0 1 2 2 2 2 1
geno chr18.558635 yri  2 1 1 1 2 2 1 2 2 2 1 1 2 1 2 2 2 2 2 1 1 2 1 2 1 2 2 2 2 1 1 1 1 2 2 0 2 1 2 2 2 1 2 2 2 2 2 1 2 1 2 2 1 2 2 2 2 2 1 2 1 2 1 2 2 2 2 2 2 2 1 1 1 2 2 2 2
geno chr18.558641 ceu  0 0 0 0 0 0 0 0 0 0 0 0 0 0 0 0 0 0 0 0 0 0 0 0 0 0 0 0 0 0 0 0 0 0 0 1 0 0 0 0 0 0 0 0 0 0 0 0 0 0 0 0 0 0 0 0 0 0 0 1 0 0 0 0 0 0 0 0 0 0 0 0 0 0 0 0 0 0
geno chr18.558641 fin  0 0 0 0 0 0 0 0 0 0 0 1 0 0 0 0 0 0 0 1 0 0 0 0 0 0 0 0 0 0 0 0 0 0 0 0 0 0 0 0 0 0 0 0 0 0 0 0 0 0 0 0 0 0 0 0 0 0 0 0 0 0 0 0 0 0 1 0 0 0 1 0 0 0 0 0 0 0 0 0 0 0 0 0 0 0 0 0 0
geno chr18.558641 gbr  0 0 0 0 0 0 0 0 0 0 0 0 0 0 0 0 0 0 0 0 0 0 0 0 0 0 1 0 0 0 0 0 2 0 0 1 0 0 0 0 0 0 0 0 1 0 0 0 0 0 0 0 0 0 0 0 0 0 1 0 1 0 0 0 0 0 0 0 0 0 0 0 0 0 0 0 0 0 0 0 0 0 0 0
geno chr18.558641 tsi  0 0 0 0 0 0 0 1 0 0 0 1 0 0 0 0 0 0 0 0 0 0 0 0 0 0 0 0 0 1 0 0 1 0 0 1 0 0 0 0 0 0 0 0 0 0 0 0 0 0 0 0 1 0 0 0 0 0 0 0 0 0 0 0 0 0 0 0 0 0 0 0 0 0 0 0 0 0 0 0 0 0 0 0 0 0 0 0 0 0 0 0
geno chr18.558641 yri  0 0 0 0 0 0 0 0 0 0 0 0 0 0 0 0 0 0 0 0 0 1 0 0 0 0 0 0 0 0 0 1 0 0 0 0 0 0 0 0 0 1 0 0 0 0 0 0 0 0 0 0 1 1 0 1 0 0 0 0 0 0 0 0 0 0 0 1 0 1 0 0 0 0 0 0 0
geno chr18.558665 ceu  1 0 2 0 2 0 1 1 0 0 2 1 0 2 1 1 1 1 1 1 0 2 2 1 1 1 0 0 2 0 1 1 0 0 1 1 0 1 1 2 0 1 1 1 1 1 1 0 0 1 1 0 1 1 0 0 0 1 2 1 0 1 0 2 1 1 1 1 0 0 1 2 0 1 1 0 2 1
geno chr18.558665 fin  0 0 1 0 1 1 1 0 1 2 0 0 0 2 0 1 0 1 0 0 0 1 1 0 1 1 1 0 1 2 0 0 0 2 1 0 2 1 1 2 0 0 2 0 0 1 0 1 1 0 1 0 1 1 2 0 1 1 1 0 1 1 0 0 0 0 0 2 1 0 0 0 1 1 0 0 0 0 0 0 0 1 1 0 0 0 0 0 1
geno chr18.558665 gbr  1 0 0 1 1 1 1 0 0 0 0 1 2 1 1 1 1 1 0 1 1 2 1 0 1 2 1 1 0 1 0 2 0 2 1 0 0 0 1 1 0 1 1 0 0 2 1 0 0 1 1 1 1 0 0 0 0 1 0 0 0 0 0 1 1 1 1 1 1 0 1 1 1 0 1 1 2 1 0 0 1 1 1 1
geno chr18.558665 tsi  1 0 1 0 0 0 0 0 2 1 2 0 0 2 2 1 0 1 0 1 1 0 0 1 0 1 2 1 1 0 1 0 0 1 0 0 0 0 1 0 2 2 0 1 2 0 1 2 2 0 1 2 1 0 1 2 0 1 2 2 2 1 0 1 0 2 2 0 2 1 2 1 0 1 1 1 1 0 1 1 2 1 0 0 1 0 1 0 1 1 1 0
geno chr18.558665 yri  2 0 0 1 0 0 2 0 1 0 2 0 1 1 1 0 0 2 2 1 1 1 0 2 0 1 1 1 2 2 0 0 1 0 2 0 0 0 2 0 1 0 1 1 2 2 1 1 1 1 1 1 0 1 2 0 1 1 0 1 1 1 1 2 1 1 2 0 1 1 1 1 0 0 0 2 0
geno chr18.558673 ceu  1 0 0 0 0 0 0 0 0 0 0 0 0 0 0 0 0 0 0 0 0 0 0 0 0 0 0 0 0 0 0 0 0 0 0 0 0 0 0 0 0 0 0 0 0 0 0 0 0 0 0 0 0 0 0 0 0 0 0 0 0 0 0 0 0 0 0 0 0 0 0 0 0 0 0 0 0 0
geno chr18.558673 fin  0 0 0 0 0 0 0 0 0 0 0 1 0 0 0 1 0 0 0 1 0 0 0 0 1 0 0 0 0 0 0 0 0 0 0 0 0 0 0 0 0 0 0 0 0 0 0 0 0 0 0 0 0 2 0 0 0 0 0 0 0 0 0 0 0 1 0 0 0 0 0 1 0 0 0 0 0 0 0 0 0 0 0 0 0 0 0 1 0
geno chr18.558673 gbr  0 0 0 0 0 0 0 0 0 0 1 0 0 0 0 0 0 0 0 0 1 0 0 0 0 0 0 0 0 0 0 0 0 0 0 0 0 0 0 0 0 0 0 0 0 0 0 0 0 0 0 0 0 0 0 0 0 0 1 0 0 0 0 0 0 0 0 1 0 0 0 0 0 0 0 0 0 0 1 0 0 0 0 0
geno chr18.558673 tsi  0 0 0 0 0 0 0 0 0 0 0 0 0 0 0 0 0 0 0 0 0 0 0 0 0 0 0 0 0 0 0 1 0 0 0 0 0 1 0 0 0 0 0 1 0 0 0 0 0 0 0 0 0 0 0 0 0 0 0 0 0 0 0 0 0 0 0 0 0 0 0 0 0 0 0 0 0 0 0 0 0 0 0 0 0 0 0 0 0 0 0 0
geno chr18.558673 yri  0 0 0 0 0 0 0 0 0 0 0 1 0 0 0 1 0 0 0 0 0 0 0 0 0 0 0 0 0 0 0 0 0 0 0 0 0 0 0 0 0 1 0 0 0 0 0 0 0 0 0 0 1 0 0 2 0 0 1 0 0 0 0 0 0 0 0 1 0 1 0 0 0 0 0 0 0
geno chr18.558709 ceu  2 1 0 1 2 1 1 2 2 1 2 1 2 2 2 2 2 2 1 1 1 2 2 2 2 1 1 1 2 1 2 1 1 1 2 2 0 2 2 2 0 2 1 1 2 1 1 1 0 1 2 1 2 2 1 1 1 2 2 2 2 2 1 2 2 1 2 2 0 0 2 2 1 2 2 0 2 2
geno chr18.558709 fin  2 2 2 1 2 2 2 1 2 2 1 2 1 2 1 0 2 0 1 2 1 2 2 2 2 2 2 2 2 2 2 1 1 2 2 2 2 2 2 2 1 1 2 2 2 1 0 2 1 1 2 0 1 1 2 2 2 2 2 1 2 1 1 1 2 1 2 2 2 1 2 1 2 1 1 1 1 1 0 1 2 1 2 2 2 2 2 2 2
geno chr18.558709 gbr  0 1 0 1 1 2 2 0 1 0 1 2 2 1 1 2 2 2 0 2 2 2 1 2 2 2 1 1 2 2 1 2 1 2 0 1 0 0 2 1 1 2 2 2 2 2 2 2 0 2 2 2 1 1 2 2 1 2 0 2 1 1 1 2 2 1 2 1 2 2 2 2 0 0 2 1 2 1 2 1 1 1 2 2
geno chr18.558709 tsi  2 0 2 0 1 0 2 1 2 2 1 0 1 2 2 1 1 2 1 2 1 2 1 2 1 1 2 2 1 1 2 2 1 2 1 2 2 1 2 1 2 2 0 2 2 2 1 2 2 1 2 2 2 2 2 2 1 2 2 2 2 1 1 2 1 2 2 2 2 0 2 2 0 1 2 2 0 0 1 2 2 1 0 0 2 0 1 1 2 2 2 1
geno chr18.558709 yri  2 2 1 2 2 2 2 2 2 1 1 1 2 2 2 2 2 2 2 2 1 1 0 2 1 2 2 2 2 2 1 1 1 1 2 0 2 1 2 2 2 1 2 2 2 1 2 2 2 2 2 2 2 2 2 2 2 2 2 2 2 1 1 2 2 2 2 2 2 2 1 1 2 2 2 1 2
geno chr18.558720 ceu  1 0 2 0 1 0 0 1 0 0 2 1 0 2 0 0 1 1 1 0 0 2 2 1 1 1 0 0 2 0 1 1 0 0 1 1 0 1 2 1 0 1 1 1 0 1 1 0 0 1 1 0 1 1 0 1 1 1 1 1 0 1 0 2 1 1 1 1 1 0 1 2 0 1 1 0 2 1
geno chr18.558720 fin  0 0 1 0 1 1 1 0 1 2 0 0 0 1 0 1 0 1 0 0 1 1 1 0 1 1 1 0 1 2 0 0 0 2 1 0 2 1 1 2 0 0 2 0 1 1 0 1 1 0 1 0 1 1 2 0 1 1 1 0 1 1 0 0 0 0 0 2 1 0 0 0 0 0 0 0 0 0 0 0 0 1 0 0 0 0 0 0 1
geno chr18.558720 gbr  1 0 0 1 1 1 1 0 0 0 0 1 2 1 1 1 1 1 0 1 0 2 1 1 1 2 1 1 0 2 1 1 0 1 0 0 0 0 1 2 1 1 1 0 0 2 1 0 0 1 1 1 1 0 1 0 0 1 0 0 0 0 0 1 2 1 0 1 1 0 1 1 0 0 1 1 2 1 0 0 1 1 1 1
geno chr18.558720 tsi  0 0 1 0 1 0 0 0 2 1 2 0 0 2 2 1 0 1 0 1 1 0 0 1 0 1 2 1 0 0 1 0 0 1 1 0 0 1 1 0 2 2 0 1 2 0 1 1 2 0 1 2 1 0 1 2 0 1 2 2 2 1 0 1 0 2 2 0 2 1 2 1 0 1 1 1 0 1 1 1 1 1 0 0 1 0 1 0 1 1 1 0
geno chr18.558720 yri  2 1 0 0 1 0 1 0 1 2 1 1 0 0 1 0 0 2 2 1 1 1 1 2 0 0 0 1 2 2 0 0 1 0 1 0 0 0 1 1 2 0 1 1 1 1 1 0 2 1 0 0 0 1 2 1 2 1 0 1 0 2 1 2 0 1 2 0 1 1 1 0 0 0 0 2 0
geno chr18.559050 ceu  0 1 1 0 0 1 1 1 0 0 1 0 0 0 0 0 0 0 0 1 0 2 1 0 0 2 0 0 1 0 0 1 0 0 0 0 0 0 1 1 0 1 1 1 1 1 0 0 1 0 0 1 0 0 0 1 1 0 0 1 0 0 0 1 1 1 1 0 0 1 0 0 0 0 1 0 0 0
geno chr18.559050 fin  0 0 1 1 1 1 0 0 1 0 1 0 0 0 0 1 0 0 1 0 1 1 1 1 1 0 1 0 1 1 1 1 0 1 1 1 1 1 0 1 1 0 1 1 0 1 1 1 0 1 1 0 1 1 1 0 0 0 0 0 0 0 0 0 0 0 0 1 0 0 0 0 0 1 0 0 0 1 1 1 1 1 0 0 0 0 1 0 1
geno chr18.559050 gbr  0 0 1 0 1 1 0 1 1 0 1 0 1 1 1 0 1 0 1 0 0 0 1 2 1 1 0 1 0 1 0 0 0 1 1 1 0 1 1 1 1 0 0 0 1 1 0 1 0 0 1 0 1 0 0 0 0 0 0 1 0 1 0 0 1 0 0 0 0 1 0 0 1 0 0 1 0 0 0 0 1 1 1 1
geno chr18.559050 tsi  0 0 0 0 0 1 0 0 0 0 1 0 0 1 0 0 0 1 0 0 0 0 0 0 0 1 0 0 0 0 0 0 0 1 0 0 1 0 0 1 0 1 1 0 1 0 1 1 1 0 0 0 1 1 0 2 0 0 0 2 1 0 0 1 1 0 0 0 1 0 1 0 0 0 1 1 1 1 0 1 1 0 0 0 0 0 0 0 1 0 0 0
geno chr18.559050 yri  1 0 1 1 0 0 2 0 1 1 2 1 1 1 0 1 1 1 1 1 1 1 1 1 0 1 0 1 0 1 0 0 1 0 2 0 0 0 0 1 1 0 1 0 2 2 0 1 2 1 1 0 1 0 1 1 2 0 0 1 1 1 0 1 1 0 2 1 0 1 1 0 1 0 1 1 0
geno chr18.559247 ceu  0 0 2 0 2 0 0 1 0 0 2 1 0 2 0 0 1 1 1 1 0 1 1 1 1 1 0 0 2 0 1 0 0 0 1 1 0 1 0 1 0 0 1 1 0 1 1 0 0 1 1 0 1 0 0 0 0 0 0 1 0 1 0 2 1 1 1 1 1 0 1 1 0 1 0 0 2 1
geno chr18.559247 fin  0 0 1 0 1 0 0 0 1 2 0 1 0 1 0 1 0 1 0 0 0 1 1 0 0 1 1 0 1 1 0 0 0 2 0 0 1 0 1 1 0 0 2 0 1 0 0 0 1 0 0 0 0 0 2 0 2 1 1 0 1 1 0 0 0 0 0 1 0 0 0 0 1 1 0 0 0 0 0 0 0 0 1 0 0 0 0 0 1
geno chr18.559247 gbr  1 0 0 1 0 0 1 0 0 0 0 1 1 0 0 1 0 1 0 1 0 2 0 0 1 1 1 1 1 0 1 2 0 0 1 0 0 0 1 1 0 0 1 1 0 0 1 0 0 1 1 0 0 0 1 0 0 0 0 0 0 0 0 1 1 1 0 1 1 0 0 0 0 0 1 1 2 1 0 0 1 1 1 0
geno chr18.559247 tsi  0 0 1 0 1 0 0 0 2 0 1 0 0 2 2 0 0 0 0 0 0 0 0 1 0 1 1 1 1 0 1 0 0 1 1 0 0 1 1 0 2 2 0 1 0 0 1 1 2 0 1 2 1 0 1 1 0 0 2 0 0 0 0 1 0 1 2 0 0 0 2 1 0 0 0 1 0 0 1 1 2 0 0 0 1 0 1 0 1 0 1 0
geno chr18.559247 yri  1 0 0 0 0 0 2 0 1 0 2 1 1 2 0 1 0 2 1 2 0 1 0 1 1 1 0 1 1 1 0 0 0 0 1 0 0 0 0 1 1 1 1 1 2 2 0 1 1 1 1 0 1 0 1 2 2 0 0 1 0 1 0 1 1 1 2 0 1 2 1 0 1 0 0 1 0
geno chr18.559291 ceu  2 1 0 1 0 1 1 0 0 1 0 1 2 0 2 1 2 1 0 1 1 1 1 1 1 0 1 1 0 1 1 1 1 1 1 1 0 1 2 0 0 2 0 0 2 0 0 2 0 1 1 1 1 1 0 1 1 2 2 1 0 1 1 0 1 0 1 1 1 0 1 0 1 1 2 0 0 1
geno chr18.559291 fin  2 2 1 0 1 2 1 1 1 0 1 2 1 1 1 0 2 0 1 2 1 1 1 2 2 1 1 1 1 1 2 1 1 0 2 2 1 2 1 0 1 1 0 2 1 1 0 2 0 1 2 0 0 2 0 1 1 1 1 1 1 0 1 1 2 0 1 1 2 1 1 0 0 0 1 0 1 1 0 1 2 1 1 1 1 2 2 1 2
geno chr18.559291 gbr  0 1 0 0 1 2 0 0 0 0 1 1 1 1 1 1 2 1 1 1 2 0 2 2 1 1 0 0 2 2 1 0 1 2 0 1 0 0 1 1 1 1 1 1 2 2 1 2 0 0 1 2 1 1 1 2 2 2 1 2 1 1 1 1 1 0 1 1 1 2 2 2 0 0 1 0 0 0 2 1 0 0 1 0
geno chr18.559291 tsi  2 0 1 0 0 0 2 2 0 2 1 1 2 0 0 1 1 2 1 1 0 2 2 1 2 0 0 1 1 1 1 1 1 1 2 1 2 0 1 1 0 0 0 1 1 2 1 1 0 1 1 0 1 2 1 1 1 2 0 2 2 1 0 1 2 1 0 2 2 0 0 1 0 2 1 1 0 1 1 1 0 1 0 0 1 0 0 2 1 2 0 1
geno chr18.559291 yri  1 1 1 0 2 2 0 2 1 1 1 0 1 0 1 1 2 0 0 0 1 1 0 1 2 1 2 1 0 0 0 1 0 2 0 1 2 2 0 1 0 1 0 1 0 0 1 1 0 0 1 1 2 1 0 1 0 1 2 1 1 0 0 0 1 1 0 2 1 1 0 0 1 2 2 0 2
geno chr18.559309 ceu  0 0 0 0 0 0 0 0 0 0 0 0 0 0 0 1 1 0 0 0 0 0 0 0 0 0 0 0 0 0 0 0 0 0 0 0 0 0 0 0 0 0 0 0 0 0 0 0 0 0 0 0 0 0 0 0 0 0 0 0 0 0 0 0 0 0 0 0 0 1 0 0 0 0 0 0 0 0
geno chr18.559309 fin  0 0 0 0 0 0 0 0 0 1 0 0 0 0 0 0 0 0 0 0 0 0 0 0 0 0 0 0 0 0 0 0 0 0 0 0 0 0 0 0 0 0 0 0 1 0 0 0 0 0 0 0 0 0 0 0 0 0 0 0 0 0 0 0 0 0 0 0 0 0 0 0 0 0 0 0 0 0 0 0 0 0 0 0 0 0 0 0 0
geno chr18.559309 gbr  0 0 0 0 0 0 0 0 0 0 0 0 0 0 0 0 0 0 0 0 0 0 0 0 0 0 0 0 0 0 0 0 0 0 0 0 0 0 1 0 1 1 0 0 0 0 0 0 0 0 0 0 0 0 0 0 0 0 0 0 0 0 0 0 0 0 0 0 0 0 0 0 0 0 0 0 0 0 0 0 0 0 0 0
geno chr18.559309 tsi  0 0 0 0 0 0 0 0 0 0 0 0 1 0 0 0 0 0 0 0 0 0 0 0 0 0 0 0 0 0 0 0 0 0 0 0 0 0 0 0 0 0 0 0 0 0 0 0 0 0 0 0 0 0 0 0 0 0 0 0 0 0 0 0 0 0 0 0 0 0 0 0 0 0 0 0 0 0 0 0 1 0 0 0 0 0 0 1 0 0 0 0
geno chr18.559309 yri  0 1 0 1 0 0 0 0 0 0 0 0 1 1 1 0 0 1 1 0 0 0 1 0 0 1 0 0 1 1 0 0 1 0 1 0 0 0 2 0 0 0 0 0 1 1 1 0 1 0 1 0 0 1 1 0 0 1 0 0 0 1 1 1 1 0 0 0 1 0 0 1 0 0 0 2 0
geno chr18.559352 ceu  0 0 0 0 0 0 0 0 0 0 0 0 0 0 0 1 0 1 0 0 0 0 0 0 0 0 0 0 0 0 0 0 0 0 0 1 0 0 0 0 0 0 0 0 0 0 0 0 0 0 0 0 0 0 0 0 0 0 0 1 0 0 0 0 0 0 0 0 0 0 0 0 0 0 1 0 0 0
geno chr18.559352 fin  0 0 0 0 0 0 0 0 0 0 0 1 0 0 0 0 0 0 0 1 0 0 0 0 0 0 0 0 0 0 0 0 0 0 0 0 0 0 0 0 0 0 0 0 0 0 0 0 0 0 0 0 0 0 0 0 0 0 0 0 0 0 0 0 0 0 1 0 0 0 1 0 0 0 0 0 0 0 0 0 0 0 0 0 0 0 0 0 0
geno chr18.559352 gbr  0 0 0 0 0 0 0 0 0 0 0 0 0 0 0 0 0 0 0 0 0 1 0 0 1 0 0 0 0 0 0 0 1 0 0 1 0 0 0 0 0 0 0 0 1 0 0 0 0 0 0 0 0 0 0 0 0 0 0 0 1 0 0 0 0 0 0 0 0 0 0 0 0 0 0 1 0 0 0 0 0 0 0 0
geno chr18.559352 tsi  0 0 0 0 0 0 0 0 0 0 0 0 0 0 0 0 0 0 0 0 0 0 0 0 0 0 0 0 0 1 0 0 0 0 0 1 0 0 0 0 0 0 0 0 0 0 0 0 0 0 0 0 1 0 0 0 0 0 0 0 0 0 0 0 0 0 0 0 0 0 0 0 0 0 0 0 0 0 0 0 1 0 0 0 0 0 0 0 0 0 0 0
geno chr18.559352 yri  0 0 0 0 0 0 0 0 0 0 0 0 1 1 0 0 0 1 0 1 0 0 0 0 0 0 0 0 0 0 0 0 0 0 1 0 0 0 0 0 0 1 0 0 1 1 0 0 0 0 1 0 1 0 1 1 1 0 0 0 0 0 0 0 1 0 0 1 1 1 0 1 0 0 0 0 0
geno chr18.559615 ceu  0 0 0 0 0 0 0 0 0 0 0 0 1 0 0 0 0 0 0 0 0 0 0 0 0 0 1 0 0 0 1 0 0 0 0 0 0 0 0 0 0 0 0 0 0 0 0 0 0 0 0 0 0 0 0 0 0 0 0 0 0 0 0 0 0 0 0 0 0 0 0 0 0 0 0 0 0 0
geno chr18.559615 fin  1 0 1 0 0 0 0 0 0 0 0 1 1 0 1 0 0 0 0 0 0 0 0 0 0 0 0 1 0 0 1 0 1 0 0 1 0 0 0 0 0 0 0 0 1 0 0 0 0 0 0 0 0 0 0 0 0 0 0 0 0 0 0 0 0 0 0 0 0 0 0 0 0 0 1 0 0 0 0 0 0 0 0 0 0 0 1 0 0
geno chr18.559615 gbr  0 0 0 0 0 0 0 0 0 0 0 0 0 0 0 0 0 1 0 0 0 0 0 0 0 0 0 0 0 0 0 0 0 0 0 0 0 0 0 0 0 0 0 1 0 0 0 1 0 0 1 0 0 0 0 0 0 0 0 1 0 0 0 0 0 0 0 0 0 0 0 0 0 0 0 0 0 0 0 0 0 0 0 0
geno chr18.559615 tsi  0 0 0 0 0 0 0 0 0 0 0 0 0 0 0 0 0 0 0 0 0 0 0 0 0 0 0 0 0 0 0 0 0 0 0 0 0 0 0 0 0 0 0 0 0 0 0 0 0 0 0 0 0 0 0 0 0 0 0 0 0 0 0 0 0 0 0 0 0 0 0 0 0 0 0 0 0 0 0 0 1 0 0 0 0 0 0 0 0 0 0 0
geno chr18.559615 yri  0 1 0 0 0 0 0 0 0 0 0 0 1 1 1 0 0 1 1 0 0 0 0 0 0 1 0 0 1 1 0 0 1 0 1 0 1 0 2 0 0 0 0 0 1 1 1 0 1 0 0 0 0 1 1 0 0 0 0 0 0 1 1 1 1 0 0 1 1 0 0 1 0 0 0 2 0
geno chr18.559627 ceu  2 1 0 1 0 1 1 0 0 1 1 1 2 0 2 1 2 1 0 0 1 2 1 1 1 2 1 0 1 1 1 1 1 1 1 1 0 1 2 1 0 2 0 0 1 0 0 2 0 1 1 1 1 1 1 1 1 1 1 1 1 1 1 1 1 0 1 1 1 0 1 1 1 1 2 0 0 1
geno chr18.559627 fin  2 2 1 0 1 2 1 1 0 0 1 2 1 1 2 0 2 0 1 2 1 1 0 2 2 1 1 1 1 1 2 1 2 0 2 2 1 2 1 0 1 1 1 2 1 1 0 2 1 1 2 0 0 2 0 1 1 1 1 1 1 0 0 1 2 1 1 0 2 1 2 1 1 0 1 1 1 2 0 1 2 1 1 1 2 2 2 2 1
geno chr18.559627 gbr  0 1 0 0 1 2 1 0 0 0 1 1 1 1 1 1 2 1 1 1 2 0 2 2 2 1 0 1 1 2 1 0 1 2 0 1 0 0 1 1 1 2 1 1 2 2 1 2 0 1 1 2 1 1 1 2 2 2 1 2 1 1 1 1 1 0 2 1 1 2 2 2 0 0 1 1 1 0 2 1 1 0 2 1
geno chr18.559627 tsi  2 0 1 0 0 0 2 1 0 2 1 0 2 1 0 1 1 2 1 1 0 2 2 1 1 0 0 1 1 1 1 2 0 2 2 1 2 0 1 1 0 1 0 1 1 1 1 2 0 1 1 0 2 2 2 1 1 2 0 2 2 1 0 2 2 1 0 2 2 0 1 1 0 1 1 2 0 0 1 1 0 1 0 0 1 0 0 2 1 2 0 1
geno chr18.559627 yri  2 2 1 2 2 2 2 2 2 1 1 0 1 0 2 1 2 1 2 0 1 2 0 2 1 1 2 2 1 2 2 1 1 1 1 1 2 2 2 1 1 1 1 2 1 1 2 1 1 1 1 1 2 2 2 1 2 2 2 1 2 0 1 2 1 1 2 2 1 2 1 0 1 2 2 1 2
geno chr18.559632 ceu  0 0 0 0 0 0 0 0 0 0 1 0 0 0 0 0 0 0 0 0 0 1 0 0 0 1 0 0 1 0 0 0 0 0 0 0 0 0 0 1 0 0 0 0 0 0 0 0 0 0 0 0 0 0 0 0 0 0 0 0 0 0 0 1 0 1 0 0 0 0 0 0 0 0 0 0 0 0
geno chr18.559632 fin  0 0 0 0 0 0 0 0 0 0 0 0 0 0 0 0 0 0 0 0 0 0 0 0 0 0 0 0 0 0 0 0 0 0 0 0 0 0 0 0 0 0 1 0 0 0 0 0 1 0 0 0 0 0 0 0 0 0 0 0 0 0 0 0 0 0 0 0 0 0 0 0 0 0 0 0 0 0 0 0 0 0 0 0 0 0 0 0 0
geno chr18.559632 gbr  0 0 0 0 0 0 0 0 0 0 0 0 0 0 0 0 0 0 0 0 0 0 0 0 1 0 0 1 0 0 0 0 0 0 0 0 0 0 0 0 0 0 0 1 0 0 0 0 0 0 0 0 0 0 0 0 0 0 0 0 0 0 0 0 0 0 0 0 0 0 0 0 0 0 0 1 0 0 0 0 1 0 1 0
geno chr18.559632 tsi  0 0 0 0 0 0 0 1 0 0 1 1 0 1 0 0 0 0 0 0 0 0 0 0 0 0 0 0 0 0 0 0 0 1 0 0 0 0 0 0 0 1 0 0 0 0 0 1 0 0 0 0 1 0 1 1 0 0 0 0 0 0 0 1 0 0 0 0 0 0 1 0 0 0 0 1 0 0 0 0 0 0 0 0 0 0 0 0 0 0 0 0
geno chr18.559632 yri  1 0 0 1 0 0 2 0 1 1 1 0 0 0 0 0 0 1 1 0 0 1 1 1 0 0 0 1 0 1 0 0 0 0 0 0 0 0 0 0 1 1 1 1 1 1 0 0 0 1 0 0 1 0 1 1 1 0 0 1 1 0 0 1 0 0 2 0 0 2 1 0 0 1 0 0 0
geno chr18.559650 ceu  0 1 1 0 2 0 0 1 0 0 1 1 0 2 0 0 0 1 1 1 0 0 1 1 1 0 1 0 1 0 1 0 0 0 1 1 0 1 0 0 0 0 1 1 0 1 1 0 0 1 1 0 1 1 0 0 0 0 1 0 0 1 0 0 1 1 1 1 1 1 1 1 0 1 0 0 2 1
geno chr18.559650 fin  0 0 1 0 1 0 0 0 2 2 0 0 0 1 0 1 0 1 0 0 0 1 1 0 0 1 1 0 1 1 0 0 0 2 0 0 1 0 1 2 0 0 1 0 1 0 0 0 0 0 0 0 0 0 2 0 1 1 1 0 1 1 0 0 0 0 0 2 0 0 0 0 1 1 0 0 0 0 0 0 0 0 1 0 0 0 0 0 1
geno chr18.559650 gbr  0 0 0 1 0 0 1 0 0 0 0 1 1 0 0 1 0 1 0 1 0 2 0 0 0 1 1 0 0 0 1 2 0 0 1 0 0 0 1 0 0 1 1 0 0 0 1 0 0 1 1 0 1 0 1 0 0 0 1 0 1 0 0 1 1 1 0 2 1 0 0 0 0 0 1 0 1 1 0 1 0 1 0 1
geno chr18.559650 tsi  0 0 1 0 2 0 0 0 2 0 1 0 0 1 2 1 0 0 1 0 1 0 0 1 0 1 2 1 1 0 1 0 0 0 0 0 0 2 1 0 2 1 0 1 1 0 1 0 2 0 1 2 0 0 0 1 0 0 1 0 0 0 0 0 0 1 2 0 0 0 1 1 0 1 0 0 0 1 1 1 1 0 0 0 1 0 1 0 1 0 1 0
geno chr18.559650 yri  0 0 0 0 0 0 0 0 0 1 0 0 0 0 0 0 0 0 0 1 0 0 0 0 1 0 0 0 1 0 0 0 0 0 0 1 0 0 0 0 0 0 0 0 0 0 0 0 0 0 1 0 0 0 0 0 0 0 0 0 0 0 0 0 0 1 0 0 0 0 0 0 0 0 0 0 0
geno chr18.559706 ceu  0 0 1 0 2 0 0 1 0 0 2 1 0 2 0 0 0 0 1 0 0 0 1 1 1 1 0 0 1 0 1 0 0 0 1 1 0 1 0 0 0 0 0 1 0 1 1 0 0 1 1 0 0 1 0 0 0 0 1 0 0 1 0 1 1 1 1 1 0 1 0 1 0 1 0 0 1 1
geno chr18.559706 fin  0 0 0 0 1 0 0 0 2 2 0 0 0 1 0 0 0 0 0 0 0 0 1 0 1 1 1 0 1 1 0 0 0 2 0 0 1 0 1 1 0 0 1 0 1 0 0 0 0 0 0 0 0 0 2 0 1 1 1 0 0 1 0 0 0 1 0 1 0 0 0 1 0 1 0 0 0 0 0 0 0 0 1 0 0 0 0 1 1
geno chr18.559706 gbr  0 0 0 1 0 0 0 0 0 0 0 1 1 0 0 1 0 1 0 1 0 1 0 0 1 0 0 1 0 0 0 1 0 0 1 0 0 0 0 1 0 0 1 0 0 0 1 0 0 1 1 0 0 0 1 0 0 0 0 0 0 0 0 1 1 0 0 1 1 0 0 0 0 0 0 0 1 0 0 0 1 0 0 1
geno chr18.559706 tsi  0 0 0 0 1 0 0 0 1 0 2 0 0 1 1 1 0 0 0 0 0 0 0 0 0 0 2 0 0 0 0 1 0 0 0 0 0 1 0 0 2 2 0 1 0 0 1 1 1 0 1 1 0 0 0 1 0 0 2 0 0 0 0 1 0 1 2 0 0 0 1 0 0 1 0 0 0 0 1 1 0 0 0 0 1 0 0 0 1 0 0 0
geno chr18.559706 yri  0 0 0 0 0 0 0 0 0 0 0 0 0 0 0 0 0 0 0 1 0 0 0 0 1 0 0 0 1 0 0 0 0 0 1 1 0 0 1 0 0 1 0 0 0 0 0 0 0 0 0 0 1 0 0 1 0 0 0 0 0 0 0 0 0 0 0 0 0 1 0 0 0 0 0 0 1
geno chr18.559707 ceu  2 1 2 0 2 1 0 1 0 1 2 0 1 2 2 2 2 2 2 0 1 2 2 1 2 2 1 1 2 0 2 1 1 0 2 2 0 2 2 1 0 2 1 1 2 1 1 2 0 1 2 1 1 2 1 1 1 2 2 2 1 2 1 2 2 2 2 2 1 1 2 2 1 1 2 1 2 1
geno chr18.559707 fin  2 2 2 0 2 2 1 1 0 1 1 1 1 2 1 1 1 1 1 2 1 2 1 1 2 2 2 1 2 2 2 0 1 1 1 2 2 2 2 2 2 0 2 2 1 2 0 1 1 1 1 0 1 2 1 0 2 2 0 1 2 1 0 1 2 1 1 1 1 1 2 1 2 1 1 1 1 2 0 1 2 1 2 1 2 0 2 1 1
geno chr18.559707 gbr  0 1 1 1 1 2 1 0 0 0 1 2 2 1 1 1 2 2 1 2 1 2 1 2 2 2 1 1 1 2 2 2 0 1 1 0 0 0 2 1 1 1 2 2 1 2 1 2 0 2 2 1 1 0 2 1 0 1 0 2 0 1 0 1 2 1 2 0 1 2 2 2 1 0 2 1 2 1 1 1 1 1 2 2
geno chr18.559707 tsi  1 0 1 0 1 0 2 1 2 2 2 0 2 2 2 2 1 2 0 1 0 2 1 1 1 1 2 1 2 1 2 1 1 2 2 0 2 1 1 1 2 2 0 2 2 1 2 2 2 1 2 2 1 2 2 2 1 1 2 2 2 1 0 2 2 2 2 2 2 1 2 1 0 2 1 2 1 0 2 2 1 1 0 0 2 0 1 2 2 2 1 1
geno chr18.559707 yri  2 2 1 2 2 1 2 2 2 2 2 1 1 1 0 2 1 2 2 1 1 1 1 2 2 1 2 2 2 2 1 1 1 2 1 1 1 2 2 2 2 0 2 2 1 2 2 1 1 1 2 1 0 1 2 1 2 2 1 2 2 1 1 2 2 2 2 1 1 1 2 1 1 1 2 1 2
geno chr18.559713 ceu  0 0 0 0 0 0 0 0 0 0 1 0 0 0 0 0 0 0 0 0 0 1 0 0 0 1 0 0 1 0 0 0 0 0 0 0 0 0 0 1 0 0 0 0 0 0 0 0 0 0 0 0 0 0 0 0 0 0 0 0 0 0 0 1 0 0 0 0 0 0 0 0 0 0 0 0 0 0
geno chr18.559713 fin  0 0 0 0 0 0 0 0 1 1 0 0 0 0 0 0 0 0 0 0 0 0 0 0 0 0 0 0 0 0 0 0 0 1 0 0 0 0 0 0 0 0 1 0 0 0 0 0 1 0 0 0 0 0 0 0 0 0 0 0 0 0 0 1 0 0 0 1 0 0 0 0 0 0 0 0 0 0 0 0 1 0 0 0 0 0 0 0 1
geno chr18.559713 gbr  0 0 0 0 0 0 0 0 0 0 0 0 0 0 0 0 0 0 0 0 0 0 0 0 1 0 0 1 0 0 0 0 0 0 0 0 0 0 0 0 0 0 0 0 0 0 0 0 0 0 0 0 0 0 0 0 0 0 0 0 0 0 0 0 0 0 0 0 0 0 0 0 0 0 0 1 0 0 0 0 1 0 1 0
geno chr18.559713 tsi  0 0 0 0 0 0 0 0 0 0 1 0 0 1 0 0 0 0 0 0 0 0 0 0 0 0 0 0 0 0 0 0 0 1 0 0 0 0 0 0 0 1 0 0 0 0 0 0 0 0 0 0 1 0 1 1 0 0 0 0 0 0 0 1 0 0 0 0 0 0 1 0 0 0 0 1 0 0 0 0 0 0 0 0 0 0 0 0 0 0 0 0
geno chr18.559713 yri  1 0 0 1 0 0 2 0 1 1 1 0 0 1 0 0 0 2 1 0 0 1 1 1 1 1 0 1 0 1 1 0 0 0 1 1 0 1 0 0 1 0 1 1 2 2 0 0 0 1 0 0 0 0 1 0 1 0 0 1 1 0 0 1 1 0 2 0 1 1 1 1 0 0 0 0 0
geno chr18.559714 ceu  0 0 0 0 0 0 0 0 0 0 0 0 1 0 0 0 0 0 0 0 0 0 0 0 0 0 1 0 0 0 1 0 0 0 0 0 0 0 0 0 0 0 0 0 1 0 0 0 0 0 0 0 0 0 0 0 0 0 0 0 0 0 0 0 0 0 0 0 0 0 0 0 0 0 0 0 0 0
geno chr18.559714 fin  1 0 1 0 0 0 0 0 0 0 0 1 1 0 0 0 0 0 1 0 0 0 0 0 1 1 0 1 0 0 1 1 1 0 0 1 0 0 0 0 0 0 0 0 1 0 0 0 0 0 0 0 0 0 0 0 0 0 0 0 0 0 0 1 0 1 0 1 0 0 0 1 0 0 1 0 0 0 0 0 1 0 0 0 0 0 1 1 0
geno chr18.559714 gbr  0 0 0 0 0 0 0 0 0 0 1 0 0 0 0 0 1 1 0 0 0 0 0 0 0 0 0 0 0 0 0 0 0 0 0 0 0 0 0 0 0 0 0 1 0 0 0 1 0 0 1 0 0 0 0 0 0 0 0 1 0 0 0 0 0 0 0 0 0 0 0 0 0 0 0 0 0 0 0 0 0 0 0 0
geno chr18.559714 tsi  0 0 0 0 0 0 0 0 0 0 0 0 0 0 0 0 0 0 0 0 0 0 0 0 1 0 0 0 0 0 0 1 0 0 0 0 0 0 0 0 0 0 0 0 0 0 0 0 0 0 1 0 0 0 0 0 0 0 0 0 0 0 0 0 0 0 0 0 0 0 0 0 0 0 0 0 0 0 0 0 0 0 0 0 0 0 0 0 0 0 0 0
geno chr18.559714 yri  0 1 0 1 2 0 0 0 0 1 0 0 0 0 1 0 1 0 0 0 0 1 0 0 1 0 2 0 0 0 1 1 0 2 0 1 2 0 0 0 0 0 0 0 0 0 0 1 0 0 1 1 0 1 1 0 2 0 0 0 0 0 0 0 0 0 0 1 0 0 0 0 1 0 0 0 1
geno chr18.559725 ceu  2 1 2 1 2 1 0 0 0 1 2 1 1 2 1 0 2 2 2 0 1 2 2 1 2 2 1 1 2 0 2 1 1 0 1 1 0 2 2 1 0 2 1 1 1 1 1 2 0 1 2 1 1 2 1 1 0 2 2 1 1 2 1 2 2 2 1 2 1 0 2 2 1 1 2 1 2 2
geno chr18.559725 fin  2 2 2 0 2 2 2 2 2 2 1 2 1 1 1 0 1 1 1 1 1 2 2 1 2 2 2 1 2 2 2 1 1 2 1 2 2 2 1 2 2 0 2 2 1 2 0 1 1 1 1 0 0 2 2 0 2 2 2 1 2 2 1 1 2 1 0 2 1 1 0 1 1 1 1 0 1 2 1 1 2 1 2 1 1 1 2 1 1
geno chr18.559725 gbr  1 1 1 1 1 2 1 0 0 0 1 2 2 1 1 2 2 2 1 2 1 2 1 2 2 2 1 2 1 2 2 2 0 1 1 0 0 0 2 1 1 1 2 0 1 2 2 2 0 2 2 1 1 0 2 1 0 2 0 2 0 1 0 1 2 1 1 1 1 2 2 2 1 0 1 1 2 1 2 1 1 1 2 2
geno chr18.559725 tsi  0 1 1 0 2 0 2 1 2 2 2 0 2 2 2 2 1 2 1 1 0 2 1 2 1 1 2 1 2 2 2 1 1 1 2 0 2 1 1 1 2 2 0 2 2 0 2 2 2 1 2 2 1 2 2 1 1 2 2 2 1 1 0 2 2 2 2 2 2 1 2 1 0 2 1 2 1 1 2 2 1 1 0 0 1 0 1 2 2 1 1 1
geno chr18.559725 yri  2 2 1 1 2 1 1 2 2 2 2 0 2 1 2 1 2 2 2 1 1 2 1 2 2 2 2 2 2 2 1 1 1 2 2 1 2 2 2 1 1 1 2 2 2 2 2 1 1 2 1 1 1 2 2 1 2 2 1 2 1 0 1 2 2 2 2 2 2 2 2 1 1 1 2 1 2
geno chr18.559753 ceu  2 2 2 1 2 1 0 0 0 1 2 1 1 2 2 1 2 2 2 0 1 2 2 1 2 2 2 2 2 0 2 1 1 1 1 1 0 2 2 1 0 2 1 1 1 1 1 2 0 2 2 1 2 2 1 1 0 2 2 1 1 2 1 2 2 2 1 2 1 1 2 2 1 1 2 1 2 2
geno chr18.559753 fin  2 2 2 0 2 2 2 2 2 2 1 2 1 2 1 0 2 1 1 2 1 2 1 1 2 2 2 1 2 2 2 1 1 2 1 2 2 2 2 2 2 0 2 2 1 2 0 1 1 1 2 0 0 2 2 0 2 2 2 1 2 1 1 1 2 1 0 2 1 1 0 1 1 1 1 0 1 2 1 1 1 1 2 1 1 2 2 1 1
geno chr18.559753 gbr  0 0 1 1 1 2 1 0 0 0 1 2 2 1 1 2 2 2 1 2 2 2 1 2 2 2 1 2 2 2 2 2 1 2 1 0 0 0 2 1 1 2 2 1 1 2 2 2 0 2 2 1 1 0 2 1 1 1 0 2 1 1 0 1 2 1 2 1 1 2 2 2 1 0 1 1 2 1 2 2 1 1 2 2
geno chr18.559753 tsi  1 1 2 0 2 0 2 0 2 2 2 0 2 2 2 2 1 2 1 1 1 2 1 2 1 1 2 2 2 1 2 2 1 1 1 0 2 2 1 0 2 2 0 2 2 0 2 2 2 1 2 2 1 2 2 2 1 2 2 2 1 1 0 2 2 2 2 2 2 1 2 2 0 2 1 2 1 2 2 2 1 1 0 0 2 0 1 2 2 1 1 1
geno chr18.559753 yri  2 2 1 2 2 1 2 2 2 2 2 1 2 1 2 2 2 2 2 1 1 2 1 2 2 2 2 2 2 2 1 1 1 2 2 1 2 2 1 2 2 1 2 2 2 2 2 1 1 2 2 1 0 2 2 2 2 2 1 2 2 1 1 2 2 2 2 2 2 2 2 1 1 1 2 1 2
geno chr18.560019 ceu  2 1 2 1 2 1 1 1 1 1 1 2 2 1 2 1 2 2 1 1 2 1 2 2 2 1 1 2 1 1 2 1 1 1 2 2 0 2 2 1 1 2 1 1 2 1 0 2 1 2 2 2 2 2 2 1 2 2 2 2 1 2 1 1 2 1 2 1 1 1 2 2 1 2 2 1 2 2
geno chr18.560019 fin  2 2 2 0 2 2 2 1 2 2 1 2 2 2 0 0 2 1 1 2 2 2 2 2 2 2 2 1 2 2 2 1 1 2 2 2 2 2 2 2 2 1 1 2 2 2 0 2 1 2 2 0 0 2 2 1 2 2 2 1 2 2 1 0 2 1 1 2 2 2 1 2 1 1 2 0 1 2 0 1 1 1 2 1 1 2 2 2 2
geno chr18.560019 gbr  1 1 1 1 1 2 1 1 0 0 1 2 2 1 1 2 2 2 1 2 2 2 2 2 1 2 2 1 2 2 2 2 2 2 2 1 0 0 2 2 1 2 2 1 2 2 1 2 0 1 2 2 2 1 2 2 2 2 2 2 1 1 1 2 2 1 2 2 2 2 2 2 1 1 2 0 2 1 2 1 0 1 1 2
geno chr18.560019 tsi  2 0 2 1 2 1 2 2 2 2 1 1 2 1 2 2 2 2 2 1 2 2 1 2 1 1 1 2 2 1 2 2 1 1 2 1 2 1 2 1 2 1 0 2 2 2 2 2 2 2 2 2 1 2 1 1 1 2 2 2 1 1 1 1 2 2 2 2 2 1 1 2 0 2 1 1 1 1 2 2 2 1 0 0 2 0 1 2 2 2 2 1
geno chr18.560019 yri  1 1 1 0 1 1 0 1 0 1 1 0 2 0 0 1 1 0 0 1 1 0 0 1 1 0 1 1 1 0 0 1 0 1 1 0 2 0 0 1 0 1 0 0 0 0 0 1 0 0 0 1 2 0 1 1 2 1 2 1 1 1 0 0 1 2 0 2 1 1 1 0 1 0 2 1 2
geno chr18.560040 ceu  2 1 0 1 0 2 2 1 2 1 1 0 1 0 2 1 2 1 1 2 0 2 1 1 0 1 1 2 1 2 0 2 1 2 1 1 2 0 2 1 1 1 1 1 1 1 2 2 1 1 0 1 1 0 0 2 1 1 1 2 2 1 2 1 0 1 1 1 2 1 1 2 2 1 2 2 0 1
geno chr18.560040 fin  0 0 1 2 1 1 0 1 0 0 2 1 1 0 2 2 2 1 2 1 2 0 0 1 2 1 0 1 1 1 1 1 1 0 2 1 1 2 0 0 1 2 1 0 0 2 2 2 1 1 2 2 2 1 0 2 1 1 1 1 1 0 1 2 1 2 2 0 2 0 2 1 1 1 0 2 2 2 2 1 1 2 0 2 2 1 1 2 1
geno chr18.560040 gbr  1 2 2 1 2 2 1 2 2 2 2 1 1 2 2 0 1 0 2 1 2 0 1 2 2 1 1 1 1 2 2 0 1 2 0 2 2 2 1 1 2 2 1 1 1 2 1 1 2 0 0 2 1 2 1 2 2 2 1 1 2 1 2 1 1 1 2 1 1 1 1 2 2 2 1 2 1 1 2 2 2 1 1 0
geno chr18.560040 tsi  1 2 1 2 0 1 1 1 0 2 2 2 1 1 0 1 2 2 1 1 0 1 1 1 2 1 1 2 0 1 0 2 1 2 2 2 2 1 1 2 0 1 2 0 1 0 1 2 0 1 1 1 2 1 2 1 2 2 0 2 2 2 1 2 2 1 0 1 2 1 1 1 2 2 2 2 1 2 2 1 0 2 2 2 1 2 1 1 1 1 0 2
geno chr18.560040 yri  2 2 2 2 2 2 2 2 2 2 2 2 1 2 2 2 2 2 2 1 2 2 2 2 2 2 2 2 1 2 2 1 2 2 1 2 2 2 2 2 2 2 2 2 2 2 2 2 2 2 2 2 2 2 2 2 2 2 2 2 2 2 2 2 2 1 2 2 2 2 2 2 2 2 2 2 2
geno chr18.560053 ceu  0 1 0 1 0 1 2 1 2 1 0 0 1 0 1 1 0 0 1 1 0 0 0 1 0 0 1 1 0 2 0 1 1 2 1 0 2 0 0 0 1 0 1 1 1 1 2 0 1 1 0 0 1 0 0 1 1 0 0 0 1 0 1 0 0 0 1 1 1 1 1 0 1 1 0 1 0 1
geno chr18.560053 fin  0 0 0 2 1 0 0 1 0 0 2 0 1 0 2 2 1 1 1 0 1 0 0 1 0 0 0 1 0 0 0 1 1 0 1 0 0 0 0 0 0 2 0 0 0 0 2 1 0 0 1 2 1 0 0 2 0 1 1 1 1 0 1 1 0 1 1 0 1 0 1 0 1 1 0 2 2 1 2 1 0 1 0 2 2 1 0 1 1
geno chr18.560053 gbr  1 2 1 1 1 0 1 2 2 2 1 0 0 1 1 0 0 0 1 0 1 0 0 0 0 0 0 0 1 0 0 0 1 1 0 1 2 2 0 1 1 1 0 1 0 0 0 0 2 0 0 1 0 2 1 2 2 1 1 1 1 1 2 1 1 1 2 1 1 0 0 0 1 2 1 1 0 1 1 1 1 1 0 0
geno chr18.560053 tsi  1 2 1 1 0 1 1 1 0 1 0 2 0 0 0 0 0 1 1 1 0 0 1 0 1 1 0 1 0 0 0 1 1 1 0 1 0 1 1 2 0 0 2 0 0 0 0 0 0 1 0 0 0 1 1 0 2 0 0 0 1 1 1 1 0 0 0 1 0 1 0 1 2 1 1 1 1 1 0 0 0 1 2 2 0 2 1 0 0 0 0 1
geno chr18.560053 yri  0 0 1 0 0 0 0 0 0 0 0 1 0 0 0 0 0 0 0 0 1 0 1 0 0 0 0 0 0 0 0 0 1 0 0 1 0 0 0 0 0 1 0 0 0 0 0 0 0 0 0 0 1 0 0 0 0 0 1 0 0 0 1 0 0 0 0 0 0 0 0 1 0 0 0 0 0
geno chr18.560080 ceu  2 0 0 1 0 1 0 0 0 1 0 0 0 0 1 0 1 1 0 0 1 1 1 0 1 1 0 0 0 0 0 1 1 0 0 0 0 0 2 0 0 1 0 0 0 0 0 2 0 0 0 0 0 1 0 1 0 1 1 0 0 1 1 0 1 0 1 0 1 0 0 2 0 0 2 0 0 0
geno chr18.560080 fin  1 2 0 0 0 2 1 1 0 0 0 1 0 0 0 0 1 0 0 1 0 1 0 1 2 0 0 0 1 1 1 0 0 0 1 1 1 2 0 0 1 0 0 2 0 2 0 1 1 1 1 0 0 2 0 0 1 0 0 0 0 0 0 0 1 0 0 0 1 0 0 0 0 0 0 0 0 1 0 1 1 1 0 0 0 0 0 0 0
geno chr18.560080 gbr  0 0 1 0 1 2 0 0 0 0 0 1 1 1 1 1 1 0 1 0 1 0 1 2 1 1 1 1 1 1 1 0 1 1 0 0 0 0 0 0 1 1 1 0 1 2 2 0 0 1 0 1 1 0 0 0 0 1 1 0 0 1 0 0 0 0 0 0 0 2 2 1 1 0 0 0 1 0 1 1 0 0 1 1
geno chr18.560080 tsi  0 0 0 1 0 0 0 0 0 1 1 0 1 0 0 1 1 1 0 0 1 2 0 1 1 0 1 1 0 0 1 0 0 0 2 0 2 0 0 0 0 0 0 1 1 0 1 2 0 0 0 1 0 1 0 0 0 2 0 2 0 1 0 1 2 1 0 1 2 0 0 0 0 1 1 0 1 1 2 1 0 2 0 0 1 0 0 1 1 1 0 1
geno chr18.560080 yri  1 1 1 1 1 2 0 1 1 1 0 0 1 0 1 1 1 0 0 0 1 1 0 1 2 1 2 1 1 0 1 1 0 2 0 1 1 0 2 1 0 0 0 1 0 0 2 1 1 0 1 2 0 0 0 0 1 1 1 1 1 1 1 0 1 1 0 1 1 0 1 0 1 2 2 1 1
geno chr18.560104 ceu  0 0 0 0 0 0 0 0 0 0 1 0 0 0 0 0 0 0 0 0 0 0 0 0 0 1 0 0 1 0 0 0 0 0 0 0 0 0 0 0 0 0 0 0 0 0 0 0 0 0 0 0 0 0 0 0 0 0 0 0 0 0 0 1 0 0 0 0 0 0 0 0 0 0 0 0 0 0
geno chr18.560104 fin  0 0 0 0 0 0 0 0 0 0 0 0 0 0 0 0 0 0 0 0 0 0 0 0 0 0 0 0 0 0 0 0 0 0 0 0 0 0 0 0 0 0 1 0 0 0 0 0 0 0 0 0 0 0 0 0 0 0 0 0 0 0 0 0 0 0 0 0 0 0 0 0 0 0 0 0 0 0 0 0 0 0 0 0 0 0 0 0 0
geno chr18.560104 gbr  0 0 0 0 0 0 0 0 0 0 0 0 0 0 0 0 0 0 0 0 0 0 0 0 1 0 0 1 0 0 0 0 0 0 0 0 0 0 0 0 0 0 0 0 0 0 0 0 0 0 0 0 0 0 0 0 0 0 0 0 0 0 0 0 0 0 0 0 0 0 0 0 0 0 0 1 0 0 0 0 1 0 1 0
geno chr18.560104 tsi  0 0 0 0 0 0 0 0 0 0 1 0 0 1 0 0 0 0 0 0 0 0 0 0 0 0 0 0 0 0 0 0 0 1 0 0 0 0 0 0 0 1 0 0 0 0 0 0 0 0 0 0 1 0 1 1 0 0 0 0 0 0 0 1 0 0 0 0 0 0 0 0 0 0 0 1 0 0 0 0 0 0 0 0 0 0 0 0 0 0 0 0
geno chr18.560104 yri  1 0 0 0 0 0 1 0 1 0 1 0 0 1 0 0 0 1 1 1 0 1 0 1 0 0 0 1 0 1 0 0 0 0 0 0 0 0 0 0 1 0 1 1 1 1 0 1 0 1 0 0 0 0 0 0 0 0 0 1 0 0 0 1 0 0 2 0 0 1 1 0 1 0 0 0 0
geno chr18.560109 ceu  2 1 1 1 1 1 1 1 0 1 2 2 2 1 1 1 1 1 1 1 2 2 2 2 1 1 1 0 1 1 2 1 1 1 2 2 0 2 1 1 1 1 1 1 2 1 0 2 1 1 1 1 1 1 2 1 2 2 2 1 1 2 1 1 2 0 2 1 1 1 1 2 1 1 2 1 1 2
geno chr18.560109 fin  2 2 1 0 2 2 1 1 2 2 1 2 1 2 0 1 2 1 1 1 1 1 2 2 2 2 2 1 2 2 2 1 1 2 2 2 1 2 2 2 2 1 1 2 2 2 0 2 2 2 2 0 0 2 2 1 2 2 1 1 2 2 1 1 0 0 0 2 0 1 1 1 0 0 1 0 1 2 0 1 2 1 1 1 1 2 2 1 1
geno chr18.560109 gbr  1 0 1 1 0 2 1 0 0 0 1 2 2 1 2 2 2 2 1 1 2 1 2 2 0 1 0 0 1 1 2 1 1 2 1 1 0 0 2 2 1 2 2 1 2 2 1 2 0 1 2 2 2 1 2 1 1 2 0 2 1 1 1 2 2 1 2 1 0 2 2 2 1 0 1 0 2 1 2 1 0 0 1 2
geno chr18.560109 tsi  2 0 2 1 1 1 2 1 1 2 1 0 1 1 1 1 2 1 2 0 2 2 1 2 1 0 0 2 1 0 2 1 1 1 2 0 1 1 1 1 2 1 0 2 2 2 2 2 1 2 1 1 1 1 1 1 1 1 1 2 1 1 1 1 2 1 2 1 2 1 2 2 0 2 1 1 1 1 2 2 1 1 0 0 1 0 0 1 1 2 1 1
geno chr18.560109 yri  1 2 1 1 2 2 0 1 1 2 1 1 1 1 2 2 2 1 1 1 1 1 1 1 1 2 2 1 2 1 1 1 1 2 2 0 1 2 2 1 1 0 0 1 1 1 1 1 2 1 2 1 1 2 2 1 2 1 1 1 1 1 1 2 2 2 1 1 1 0 1 1 1 2 2 1 2
geno chr18.560153 ceu  1 2 2 1 2 1 1 2 1 1 2 2 1 2 1 2 1 0 1 1 1 1 1 2 1 1 1 1 2 2 1 1 1 2 2 2 2 1 0 1 2 0 1 1 1 1 1 1 2 2 2 2 2 1 1 1 2 1 2 2 1 2 0 2 0 1 1 1 2 2 2 0 0 1 1 1 2 2
geno chr18.560153 fin  0 0 1 2 2 0 0 0 2 2 2 1 0 2 2 1 1 0 2 1 1 0 2 1 1 1 1 1 1 1 0 1 1 2 1 0 1 1 2 2 0 2 2 0 2 1 2 1 1 1 0 1 2 0 2 1 1 2 2 1 2 1 2 1 0 1 2 2 1 1 2 1 2 2 1 2 2 1 1 1 0 1 2 2 2 2 0 1 2
geno chr18.560153 gbr  2 2 2 1 1 0 2 1 2 2 2 1 1 1 0 1 0 1 1 2 1 2 0 0 1 1 2 1 1 1 1 2 2 1 2 2 1 1 1 2 1 0 0 1 1 0 1 1 1 1 1 1 1 1 2 2 2 1 2 1 2 1 0 2 2 1 2 2 1 0 0 1 1 1 2 2 1 2 1 1 2 1 1 1
geno chr18.560153 tsi  2 1 2 1 1 2 2 1 2 2 2 2 0 2 1 1 1 1 1 2 2 0 1 1 1 2 2 1 2 1 1 1 1 2 1 2 1 1 1 2 2 2 2 1 1 2 0 1 1 2 2 1 2 1 2 2 2 0 1 0 2 1 1 1 0 1 2 1 1 2 2 2 1 2 1 2 2 1 0 1 1 1 2 2 1 1 1 0 1 0 2 1
geno chr18.560153 yri  1 1 1 2 1 1 1 1 0 1 2 2 1 1 2 1 0 1 2 1 1 2 2 0 0 1 2 1 2 2 1 2 2 1 2 1 0 2 1 1 2 1 1 1 2 1 2 1 2 2 2 1 2 2 2 2 1 2 1 1 1 2 1 1 1 1 2 1 1 1 1 2 1 2 0 2 0
geno chr18.560154 ceu  2 0 0 1 0 1 0 0 1 1 0 0 1 0 1 0 1 2 0 1 1 1 1 0 1 0 1 1 0 0 1 1 1 0 0 0 0 0 2 1 0 2 0 0 1 0 0 1 0 0 0 0 0 1 1 1 0 1 0 0 1 0 1 0 2 0 0 0 0 0 0 2 1 0 1 1 0 0
geno chr18.560154 fin  2 2 1 0 0 2 1 1 0 0 0 1 2 0 0 0 1 0 0 1 1 2 0 1 2 1 1 1 1 1 2 1 1 0 1 2 1 1 0 0 2 0 0 2 1 1 0 1 1 1 1 0 0 2 0 0 1 0 0 1 0 1 0 1 2 1 0 0 1 1 0 1 0 0 1 0 0 1 0 1 2 1 0 0 0 0 2 1 0
geno chr18.560154 gbr  0 0 0 0 1 2 0 0 0 0 0 1 1 1 2 1 2 1 1 0 1 0 2 2 1 1 0 1 1 1 1 0 0 1 0 0 0 0 1 0 1 1 2 1 1 2 1 1 0 1 1 1 1 0 0 0 0 1 0 1 0 1 0 0 0 0 0 0 0 2 2 1 1 0 0 0 1 0 1 1 0 0 1 1
geno chr18.560154 tsi  0 0 0 1 0 0 0 1 0 0 0 1 2 0 0 1 1 1 1 0 0 2 1 1 1 0 0 1 0 0 1 1 0 0 1 0 1 0 0 0 0 0 0 1 1 0 1 1 1 0 0 1 0 1 0 0 0 2 1 2 0 1 1 1 2 1 0 1 1 0 0 0 0 0 1 0 0 1 2 1 1 1 0 0 1 0 0 2 1 2 0 1
geno chr18.560154 yri  1 1 1 0 1 1 0 0 1 1 0 0 1 0 0 1 2 0 0 0 1 0 0 1 2 1 0 1 0 0 0 0 0 1 0 1 2 0 1 1 0 0 0 1 0 0 0 0 0 0 0 1 0 0 0 0 1 0 1 1 1 0 0 1 1 1 0 1 1 0 1 0 1 0 2 0 2
geno chr18.560682 ceu  2 1 2 0 1 1 1 1 1 0 1 2 2 2 2 1 2 2 1 1 1 1 2 2 0 0 1 2 0 1 2 1 0 1 2 1 1 2 2 2 1 2 1 1 2 1 1 1 1 2 2 2 2 2 2 1 2 2 2 1 1 2 1 1 2 0 2 1 1 1 2 2 1 2 2 1 1 2
geno chr18.560682 fin  1 0 2 0 2 1 1 0 2 2 1 1 2 1 1 1 2 1 1 1 2 2 1 1 2 1 2 1 1 1 2 1 1 1 2 2 2 2 1 1 2 1 1 0 2 1 0 2 1 2 2 0 1 2 2 1 1 1 2 1 2 2 1 1 1 1 0 2 2 2 0 2 1 0 2 0 1 2 0 0 2 1 1 1 1 2 2 2 1
geno chr18.560682 gbr  1 1 1 1 1 2 1 1 0 0 1 1 2 1 2 1 2 2 1 2 2 2 2 2 1 2 2 1 1 2 2 1 2 2 1 0 0 0 2 2 1 2 2 1 0 2 0 2 0 1 2 2 2 1 2 2 2 2 2 2 0 0 1 2 2 1 2 2 1 1 1 1 1 1 2 0 2 1 2 1 0 1 0 1
geno chr18.560682 tsi  2 0 2 1 1 2 2 1 2 2 1 0 1 1 2 2 2 2 2 1 2 1 1 2 1 1 0 2 2 1 1 2 0 1 2 0 2 1 2 1 2 1 0 2 2 2 2 2 2 2 2 2 0 1 1 1 1 2 2 2 1 1 1 1 2 2 1 2 2 1 1 1 1 2 1 1 1 1 2 2 2 1 0 0 2 0 1 2 2 1 2 1
geno chr18.560682 yri  2 1 1 1 1 1 2 1 2 1 2 0 2 1 0 1 2 1 1 2 1 1 0 2 2 1 1 2 1 1 1 1 0 1 1 1 2 0 0 1 1 0 2 1 0 1 0 2 0 1 1 1 1 0 0 0 1 1 2 2 2 1 0 1 1 2 1 2 1 1 2 0 2 0 2 1 2
geno chr18.561109 ceu  2 1 2 1 1 1 1 1 1 1 2 2 2 2 2 1 2 2 1 1 2 2 2 2 1 1 1 2 1 1 2 1 1 1 2 2 1 2 2 2 1 2 1 1 2 1 1 2 1 2 2 2 2 2 2 1 2 2 2 2 1 2 1 2 2 1 2 1 1 1 2 2 1 2 2 1 1 2
geno chr18.561109 fin  2 2 2 0 2 2 2 1 2 2 1 2 2 1 1 1 2 1 1 1 2 2 1 2 2 1 2 1 1 1 2 1 1 1 2 2 2 2 1 1 2 1 2 2 2 1 0 2 2 2 2 0 1 2 2 1 1 1 2 1 2 2 1 1 2 1 0 2 2 2 0 2 1 0 2 0 1 2 0 1 2 1 1 1 1 2 2 2 1
geno chr18.561109 gbr  1 1 1 1 1 2 1 1 0 0 1 2 2 1 2 2 2 2 1 2 2 2 2 2 2 2 1 2 2 2 2 1 1 2 1 1 0 0 2 2 1 2 2 1 2 2 2 2 0 2 2 2 2 1 2 2 2 2 1 2 1 1 1 2 2 1 2 2 1 2 2 1 1 1 2 1 2 1 2 1 1 1 2 2
geno chr18.561109 tsi  2 0 2 1 1 2 2 1 2 2 2 0 2 2 2 2 2 2 2 1 2 2 1 2 1 1 1 2 2 2 2 2 0 2 2 1 2 1 2 1 2 2 0 2 2 2 2 2 2 2 2 2 2 2 2 2 1 2 2 2 1 1 1 2 2 2 1 2 2 1 2 1 1 2 1 2 1 1 2 2 2 1 0 0 2 0 1 2 2 2 2 1
geno chr18.561109 yri  2 2 1 2 2 2 2 2 2 2 2 1 2 2 2 2 2 2 2 2 1 2 1 2 2 2 2 2 2 2 2 2 1 2 2 1 2 2 2 2 2 1 2 2 2 2 2 2 2 2 2 2 2 2 2 2 2 2 2 2 2 2 1 2 2 2 2 2 2 2 2 1 2 2 2 2 2
geno chr18.561175 ceu  2 1 2 0 1 1 1 1 1 0 1 2 2 2 2 1 2 2 1 1 1 1 2 2 0 0 1 1 0 1 2 1 0 1 2 2 1 2 2 2 1 2 1 1 2 1 1 2 1 2 2 2 2 2 2 1 2 2 2 2 1 2 1 1 2 0 2 1 1 1 2 2 1 2 2 1 1 2
geno chr18.561175 fin  1 0 2 0 2 1 1 0 2 2 1 2 2 1 1 1 2 1 1 1 2 2 1 1 2 1 2 1 1 1 2 1 1 1 2 2 2 2 1 1 2 1 1 0 2 1 0 2 1 2 2 0 1 2 2 1 1 1 2 1 2 2 1 1 1 1 0 2 2 2 0 2 1 0 2 0 1 2 0 0 2 1 1 1 1 2 2 2 1
geno chr18.561175 gbr  1 1 1 1 1 2 1 1 0 0 1 2 2 1 2 1 2 2 1 2 2 2 2 2 1 2 2 1 0 2 2 1 2 2 1 1 0 0 2 2 1 2 2 1 1 2 0 2 0 1 2 2 2 1 2 2 2 2 2 2 1 0 1 2 2 1 2 2 1 1 1 1 1 1 2 0 2 1 2 1 0 1 0 1
geno chr18.561175 tsi  2 0 2 1 1 2 2 1 2 2 1 0 1 1 2 2 2 2 2 1 2 1 1 2 1 1 0 2 2 2 1 2 0 1 2 0 2 1 2 1 2 1 0 2 2 2 2 2 2 2 2 2 1 1 1 1 1 2 2 2 1 1 1 1 2 2 1 2 2 1 1 1 1 2 1 1 1 1 2 2 2 1 0 0 2 0 1 2 2 1 2 1
geno chr18.561175 yri  2 2 1 2 2 2 2 2 2 2 2 1 2 2 2 2 2 2 2 2 1 2 1 2 2 2 2 2 2 2 2 2 1 2 2 1 2 2 2 2 2 1 2 2 1 2 2 2 2 2 2 2 2 2 2 2 2 2 2 2 2 2 1 2 2 2 2 2 2 2 2 1 2 2 2 2 2
geno chr18.561182 ceu  0 0 0 1 0 0 0 0 0 1 0 0 0 0 0 0 0 0 0 0 1 0 0 0 1 0 0 0 0 0 0 0 1 0 0 0 0 0 0 0 0 0 0 0 0 0 0 0 0 0 0 0 0 0 0 0 0 0 0 0 0 0 0 0 0 0 0 0 0 0 0 0 0 0 0 0 0 0
geno chr18.561182 fin  1 2 0 0 0 1 1 1 0 0 0 0 0 0 0 0 0 0 0 0 0 0 0 1 0 0 0 0 0 0 0 0 0 0 0 0 0 0 0 0 0 0 0 2 0 0 0 0 0 0 0 0 0 0 0 0 0 0 0 0 0 0 0 0 1 0 0 0 0 0 0 0 0 0 0 0 0 0 0 1 0 0 0 0 0 0 0 0 0
geno chr18.561182 gbr  0 0 0 0 0 0 0 0 0 0 0 0 0 0 0 1 0 0 0 0 0 0 0 0 0 0 0 0 1 0 0 0 0 0 0 0 0 0 0 0 0 0 0 0 1 0 1 0 0 1 0 0 0 0 0 0 0 0 0 0 0 1 0 0 0 0 0 0 0 1 1 0 0 0 0 0 0 0 0 0 0 0 1 1
geno chr18.561182 tsi  0 0 0 0 0 0 0 0 0 0 0 0 1 0 0 0 0 0 0 0 0 1 0 0 0 0 0 0 0 0 1 0 0 0 0 0 0 0 0 0 0 0 0 0 0 0 0 0 0 0 0 0 0 1 0 0 0 0 0 0 0 0 0 0 0 0 0 0 0 0 0 0 0 0 0 0 0 0 0 0 0 0 0 0 0 0 0 0 0 1 0 0
geno chr18.561182 yri  0 0 0 0 0 0 0 0 0 0 0 0 0 0 0 0 0 0 0 0 0 0 0 0 0 0 0 0 0 0 0 0 0 0 0 0 0 0 0 0 0 0 0 0 0 0 0 0 0 0 0 0 0 0 0 0 0 0 0 0 0 0 0 0 0 0 0 0 0 0 0 0 0 0 0 0 0
geno chr18.561920 ceu  0 0 0 1 0 0 0 0 0 1 1 0 0 0 0 0 0 0 0 0 1 1 0 0 1 0 0 0 1 0 0 0 1 0 0 0 0 0 0 0 0 0 0 0 0 0 0 0 0 0 0 0 0 0 0 0 0 0 0 0 0 0 0 1 0 1 0 0 0 0 0 0 0 0 0 0 0 0
geno chr18.561920 fin  1 2 0 0 0 1 1 1 0 0 0 0 0 0 0 0 0 0 0 0 0 0 0 1 0 0 0 0 0 0 0 0 0 0 0 0 0 0 0 0 0 0 1 2 0 0 0 0 1 0 0 0 0 0 0 0 0 0 0 0 0 0 0 0 1 0 0 0 0 0 0 0 0 0 0 0 0 0 0 1 0 0 0 0 0 0 0 0 0
geno chr18.561920 gbr  0 0 0 0 0 0 0 0 0 0 0 0 0 0 0 1 0 0 0 0 0 0 0 0 1 0 0 1 1 0 0 0 0 0 0 0 0 0 0 0 0 0 0 0 1 0 2 0 0 1 0 0 0 0 0 0 0 0 0 0 0 1 0 0 0 0 0 0 0 1 1 0 0 0 0 1 0 0 0 0 1 0 2 1
geno chr18.561920 tsi  0 0 0 0 0 0 0 0 0 0 1 0 1 1 0 0 0 0 0 0 0 1 0 0 0 0 1 0 0 0 1 0 0 1 0 0 0 0 0 0 0 1 0 0 0 0 0 0 0 0 0 0 1 1 1 1 0 0 0 0 0 0 0 1 0 0 0 0 0 0 1 0 0 0 0 1 0 0 0 0 0 0 0 0 0 0 0 0 0 1 0 0
geno chr18.561920 yri  0 0 0 0 0 0 0 0 0 0 0 0 0 0 0 0 0 0 0 0 0 0 0 0 0 0 0 0 0 0 0 0 0 0 0 0 0 0 0 0 0 0 0 0 1 0 0 0 0 0 0 0 0 0 0 0 0 0 0 0 0 0 0 0 0 0 0 0 0 0 0 0 0 0 0 0 0
geno chr18.563380 ceu  0 0 0 1 0 0 0 0 0 1 0 0 0 0 0 0 0 0 0 0 1 0 0 0 1 0 0 0 0 0 0 0 1 0 0 0 0 0 0 0 0 0 0 0 0 0 0 0 0 0 0 0 0 0 0 0 0 0 0 0 0 0 0 0 0 0 0 0 0 0 0 0 0 0 0 0 0 0
geno chr18.563380 fin  1 2 0 0 0 1 1 1 0 0 0 0 0 0 0 0 0 0 0 0 0 0 0 1 0 0 0 0 0 0 0 0 0 0 0 0 0 0 0 0 0 0 0 2 0 0 0 0 0 0 0 0 0 0 0 0 0 0 0 0 0 0 0 0 1 0 0 0 0 0 0 0 0 0 0 0 0 0 0 1 0 0 0 0 0 0 0 0 0
geno chr18.563380 gbr  0 0 0 0 0 0 0 0 0 0 0 0 0 0 0 0 0 0 0 0 0 0 0 0 0 0 0 0 1 0 0 0 0 0 0 0 0 0 0 0 0 0 0 0 1 0 2 0 0 1 0 0 0 0 0 0 0 0 0 0 0 1 0 0 0 0 0 0 0 1 1 0 0 0 0 0 0 0 0 0 0 0 0 1
geno chr18.563380 tsi  0 0 0 0 0 0 0 0 0 0 0 0 1 0 0 0 0 0 0 0 0 1 0 0 0 0 1 0 0 0 1 0 0 0 0 0 0 0 0 0 0 0 0 0 0 0 0 0 0 0 0 0 0 0 0 1 0 0 0 0 0 0 0 0 0 0 0 0 0 0 0 0 0 0 0 0 0 0 0 0 0 0 0 0 0 0 0 0 0 1 0 0
geno chr18.563380 yri  0 0 0 0 0 0 0 0 0 0 0 0 0 0 0 0 0 0 0 0 0 0 0 0 0 0 0 0 0 0 0 0 0 0 0 0 0 0 0 0 0 0 0 0 1 0 0 0 0 0 0 0 0 0 0 0 0 0 0 0 0 0 0 0 0 0 0 0 0 0 0 0 0 0 0 0 0
geno chr18.563815 ceu  2 2 1 0 1 1 2 2 2 0 1 2 1 2 2 2 1 2 1 2 1 1 2 2 0 0 1 1 0 1 0 0 1 1 2 0 1 2 1 2 1 0 0 0 2 1 1 1 1 2 2 1 1 2 1 1 2 2 1 1 2 2 2 1 2 0 2 2 1 1 2 1 1 2 1 1 1 2
geno chr18.563815 fin  0 0 1 1 1 1 1 1 2 2 1 0 1 1 1 2 1 2 0 2 1 1 0 1 1 1 1 1 1 2 1 0 1 1 2 1 2 2 1 1 1 0 1 0 1 1 0 1 1 2 2 1 1 0 1 2 1 1 1 0 2 1 0 1 1 0 1 2 2 2 2 1 2 0 1 1 0 2 0 0 0 1 1 2 2 2 1 1 1
geno chr18.563815 gbr  1 1 0 1 1 1 2 1 1 0 0 1 1 0 0 1 1 1 2 1 1 2 1 2 1 2 2 0 1 1 2 1 2 2 2 0 0 0 2 2 1 2 2 1 0 1 0 0 0 1 0 1 1 2 2 2 2 2 2 1 1 0 2 2 2 2 2 2 1 1 0 2 0 1 2 0 0 0 1 1 0 1 0 1
geno chr18.563815 tsi  2 0 2 1 1 2 2 0 1 1 1 0 1 1 2 0 1 2 1 2 1 1 0 1 2 1 0 1 2 1 1 1 1 2 1 1 1 2 2 1 2 1 0 1 2 2 1 1 2 2 1 2 0 1 1 0 1 1 2 2 1 1 1 1 2 2 1 2 2 1 0 1 2 2 1 1 1 2 2 1 1 0 1 0 2 1 1 2 1 1 2 1
geno chr18.563815 yri  2 0 1 0 1 1 0 1 1 0 0 1 1 0 1 0 2 0 0 1 2 0 0 1 0 1 2 0 2 0 0 1 0 0 1 0 1 0 2 1 0 1 1 0 0 0 2 1 1 0 1 0 1 0 0 0 1 1 1 1 0 1 2 0 1 1 0 1 1 0 1 0 1 2 0 1 1
geno chr18.564071 ceu  0 2 0 0 1 0 1 1 0 1 1 2 1 2 1 1 1 1 0 2 0 1 2 2 0 0 1 1 0 1 0 1 2 1 2 0 0 1 1 1 0 1 0 0 0 1 1 0 0 2 2 1 2 0 2 0 1 1 1 0 0 2 0 1 1 0 2 1 1 1 2 1 0 2 1 1 1 2
geno chr18.564071 fin  0 0 1 0 1 0 1 1 0 0 1 1 0 1 0 0 1 0 0 0 1 0 0 1 0 0 1 0 0 0 1 0 1 0 1 0 1 0 1 1 0 0 1 2 1 0 0 1 0 1 1 0 1 1 1 1 0 0 1 0 2 1 0 0 1 0 0 1 1 0 0 0 1 0 0 0 0 1 0 0 0 0 0 1 1 2 0 1 0
geno chr18.564071 gbr  0 1 0 1 0 1 1 0 0 2 0 2 2 1 2 1 0 1 0 1 1 1 1 0 0 2 2 1 0 1 1 1 2 2 2 0 0 0 2 1 0 2 1 1 0 1 0 0 0 2 1 2 1 1 2 2 2 1 2 1 1 1 1 2 2 1 2 2 1 0 2 1 1 0 2 0 1 0 1 1 0 1 0 1
geno chr18.564071 tsi  2 0 2 0 1 0 2 0 1 2 1 0 0 1 2 1 1 1 2 1 0 0 0 1 0 2 0 2 1 1 2 1 0 2 0 0 0 2 2 1 2 1 0 2 1 2 2 1 2 1 1 1 0 2 1 0 1 1 1 0 0 2 1 1 1 1 1 1 0 1 0 1 0 2 1 1 1 1 0 1 1 1 0 0 1 1 1 0 0 2 2 1
geno chr18.564071 yri  0 0 1 1 1 0 0 0 0 0 0 0 1 0 0 0 0 0 1 0 0 0 0 0 0 0 1 0 0 0 0 1 0 1 1 0 0 0 0 0 0 0 0 0 0 0 0 0 0 0 0 0 1 0 0 0 0 0 1 0 0 0 0 0 0 0 0 0 0 0 0 0 0 0 0 0 0
geno chr18.564083 ceu  0 2 0 0 0 0 0 0 0 0 1 1 1 0 0 1 0 0 0 1 0 0 0 1 0 0 1 0 0 1 0 0 0 1 1 0 0 0 0 0 0 0 0 0 0 1 0 0 0 1 1 0 1 0 0 0 1 1 0 0 0 1 0 0 0 0 1 1 1 0 1 0 0 0 0 0 0 1
geno chr18.564083 fin  0 0 0 0 1 0 0 0 0 0 1 0 0 1 0 0 0 0 0 0 1 0 0 0 0 0 0 0 0 0 0 0 0 0 1 0 0 0 1 0 0 0 0 0 0 0 0 1 0 0 1 0 0 0 0 1 0 0 0 0 1 0 0 0 0 0 0 0 1 0 0 0 0 0 0 0 0 0 0 0 0 0 0 1 1 2 0 1 0
geno chr18.564083 gbr  0 1 0 0 0 0 0 0 0 0 0 0 0 0 0 0 0 0 0 0 0 0 0 0 0 0 0 0 0 0 0 0 1 0 1 0 0 0 0 1 0 2 0 1 0 0 0 0 0 0 0 1 0 1 1 1 0 1 1 1 1 0 0 1 0 0 0 1 0 0 0 0 0 0 1 0 0 0 1 1 0 0 0 0
geno chr18.564083 tsi  2 0 1 0 0 0 1 0 0 1 0 0 0 0 0 0 0 1 1 0 0 0 0 0 0 0 0 0 0 0 0 1 0 2 0 0 0 1 0 1 0 0 0 0 0 1 0 0 0 1 0 0 0 1 1 0 0 0 0 0 0 0 0 1 1 0 0 1 0 0 0 1 0 1 0 1 0 0 0 0 0 0 0 0 0 0 0 0 0 0 1 1
geno chr18.564083 yri  0 0 0 0 1 0 0 0 0 0 0 0 0 0 0 0 0 0 0 0 0 0 0 0 0 0 0 0 0 0 0 0 0 0 0 0 0 0 0 0 0 0 0 0 0 0 0 0 0 0 0 0 1 0 0 0 0 0 1 0 0 0 0 0 0 0 0 0 0 0 0 0 0 0 0 0 0
geno chr18.564147 ceu  0 2 0 0 1 0 2 2 1 1 1 2 1 2 1 2 2 1 0 2 0 1 2 2 0 0 1 1 0 1 0 1 2 1 2 0 0 1 1 1 0 1 0 0 0 1 1 0 0 2 2 1 2 0 2 0 1 1 1 0 1 2 0 1 1 0 2 1 2 1 2 1 0 2 1 1 1 2
geno chr18.564147 fin  0 0 1 1 1 0 1 1 0 0 1 1 0 1 0 0 1 0 0 0 0 0 0 1 0 0 1 1 0 0 1 0 1 0 1 0 1 0 1 1 0 1 1 2 1 0 0 1 0 1 1 0 1 1 1 2 0 0 2 0 2 1 0 0 1 0 0 1 1 0 1 0 2 0 0 1 0 1 0 0 0 0 0 2 2 2 0 1 0
geno chr18.564147 gbr  0 1 0 1 0 0 2 0 1 2 0 2 2 1 2 1 0 1 0 1 1 1 1 0 0 2 2 1 0 1 1 1 2 2 2 0 0 0 2 1 0 2 1 0 0 1 0 0 0 2 1 2 1 1 2 2 2 1 2 1 1 1 1 2 2 1 2 2 1 0 2 0 1 0 2 0 1 1 1 1 0 1 0 1
geno chr18.564147 tsi  2 0 2 0 1 1 2 0 1 2 1 0 0 1 2 1 1 1 2 2 0 0 0 1 1 2 0 2 1 1 2 1 0 2 1 1 0 2 2 1 2 1 0 2 1 2 2 1 2 1 1 1 0 2 1 0 1 1 1 0 0 2 1 1 0 1 1 1 0 1 1 1 1 2 2 1 1 1 0 1 1 1 0 0 1 1 1 0 0 1 2 1
geno chr18.564147 yri  0 1 0 0 1 0 0 0 0 0 0 0 1 0 0 0 0 0 1 0 0 0 0 0 0 0 0 0 0 1 0 1 1 0 1 0 1 1 0 0 0 1 1 0 0 0 0 0 0 0 0 0 1 1 1 0 0 0 1 0 0 0 0 1 0 1 0 0 0 0 0 0 1 0 0 1 1
geno chr18.564551 ceu  0 0 1 0 1 0 1 1 0 1 0 1 1 1 1 0 1 1 0 1 1 2 2 1 0 0 1 1 0 0 1 1 1 0 1 0 0 0 1 1 1 1 0 0 2 1 1 0 1 0 1 1 1 0 2 1 1 0 1 0 0 0 0 0 1 0 1 0 0 1 1 1 0 2 0 1 1 1
geno chr18.564551 fin  1 0 2 0 0 0 1 1 1 1 0 1 1 0 0 1 1 1 0 0 0 1 1 2 1 0 2 1 0 0 2 1 1 1 0 1 1 0 0 1 1 1 1 2 2 0 0 1 1 1 0 0 1 1 2 0 0 0 2 1 1 2 1 1 1 1 0 2 0 1 0 2 1 0 2 0 2 1 0 0 2 0 0 0 0 0 1 1 1
geno chr18.564551 gbr  1 0 0 1 0 1 1 0 0 2 0 2 2 1 2 1 1 2 0 1 2 1 2 0 0 2 2 1 0 1 1 1 0 2 1 0 0 0 1 1 0 0 1 1 1 1 0 1 0 2 2 1 2 0 1 1 2 0 0 1 0 0 1 1 2 1 2 1 1 0 1 2 1 0 1 0 1 0 1 0 0 1 0 1
geno chr18.564551 tsi  0 0 1 0 1 1 1 1 1 0 1 0 0 1 2 1 2 0 1 1 1 0 1 1 1 1 0 2 1 1 2 1 0 0 0 0 0 1 2 0 2 1 0 2 1 1 2 1 1 1 1 1 0 1 0 0 1 1 1 0 0 2 1 0 0 1 1 0 0 1 0 0 0 1 1 0 1 1 0 1 1 1 0 0 2 1 1 0 0 2 1 0
geno chr18.564551 yri  0 0 0 0 0 0 0 0 1 1 0 1 1 1 0 1 0 0 1 1 0 0 1 0 0 0 1 0 0 0 0 1 0 0 2 0 1 0 0 1 1 0 0 0 0 0 0 1 1 0 0 0 0 0 0 1 0 0 0 0 0 1 0 0 0 1 0 0 0 0 0 0 2 0 0 0 0
geno chr18.565414 ceu  2 2 1 1 1 1 2 2 2 1 1 2 2 2 2 2 1 2 2 2 2 2 2 2 1 1 2 2 1 1 2 1 2 2 1 1 0 1 2 2 1 2 0 0 2 2 1 2 1 2 2 1 2 2 2 2 2 2 1 1 2 1 1 1 2 1 2 1 1 2 2 2 1 2 2 1 1 2
geno chr18.565414 fin  2 2 2 1 1 2 2 1 2 2 1 2 2 1 1 1 2 1 0 1 1 2 1 2 2 1 2 2 1 1 2 1 1 1 2 2 2 2 1 1 2 1 2 2 2 1 0 2 2 2 2 0 1 2 2 2 1 1 2 1 2 2 1 1 2 1 0 2 2 2 1 2 2 1 2 1 2 2 0 1 2 1 0 2 2 2 2 2 2
geno chr18.565414 gbr  1 1 1 1 1 1 2 1 1 2 0 2 2 1 2 2 2 2 1 1 2 2 2 2 2 2 2 2 2 2 2 1 1 2 1 0 0 0 1 2 1 2 1 2 2 2 2 2 1 2 2 2 2 1 2 2 2 2 1 2 1 1 1 2 2 1 2 2 1 2 2 2 1 1 2 1 1 0 2 1 1 1 1 2
geno chr18.565414 tsi  2 1 2 1 1 1 2 2 1 2 2 1 2 2 2 2 2 2 2 2 2 2 1 2 2 2 2 2 2 2 2 2 1 2 1 2 2 2 2 1 2 2 0 2 2 2 2 2 1 2 1 2 1 2 2 1 1 1 2 2 1 2 1 2 2 2 1 2 2 1 1 1 0 2 2 2 1 2 2 1 1 1 1 1 2 1 1 2 1 2 2 1
geno chr18.565414 yri  2 1 2 1 1 2 2 1 2 1 2 2 2 2 2 2 1 2 2 2 1 2 1 2 2 2 2 1 2 2 1 2 2 1 2 2 1 2 1 1 2 1 1 2 1 2 2 2 2 2 2 2 2 2 2 1 1 1 2 2 2 2 1 2 2 0 2 1 2 2 2 2 1 2 2 2 0
geno chr18.565472 ceu  2 2 1 1 1 1 2 2 2 1 1 2 2 2 2 2 1 2 2 2 2 2 2 2 1 1 2 2 1 1 2 1 2 2 1 1 0 1 2 2 1 2 0 0 2 2 1 2 1 2 2 1 2 2 2 2 2 2 1 1 2 1 1 1 2 1 2 1 1 2 2 2 1 2 2 1 1 2
geno chr18.565472 fin  2 2 2 1 1 2 2 1 2 2 1 2 2 1 1 1 2 1 0 1 1 2 1 2 2 1 2 2 1 1 2 1 1 1 2 2 2 2 1 1 2 1 2 2 2 1 0 2 2 2 2 0 1 2 2 2 1 1 2 1 2 2 1 1 2 1 0 2 2 2 1 2 2 1 2 1 2 2 0 1 2 1 0 2 2 2 2 2 2
geno chr18.565472 gbr  1 1 1 1 1 1 2 1 1 2 0 2 2 1 2 2 2 2 1 1 2 2 2 2 2 2 2 2 2 2 2 1 1 2 1 0 0 0 1 2 1 2 1 2 2 2 2 2 1 2 2 2 2 0 2 2 2 2 1 2 1 1 1 2 2 1 2 2 1 2 2 2 1 1 2 1 1 0 2 1 1 1 1 2
geno chr18.565472 tsi  2 1 2 1 1 1 2 2 1 2 2 1 2 2 2 2 2 2 2 2 2 2 1 2 2 2 2 2 2 2 2 2 1 2 1 2 2 2 2 1 2 2 0 2 2 2 2 2 1 2 1 2 1 2 2 1 1 1 2 2 1 2 1 2 2 2 1 2 2 1 1 1 0 2 2 2 1 2 2 1 1 1 1 1 2 1 1 2 1 2 2 1
geno chr18.565472 yri  2 1 2 1 1 2 2 1 2 1 2 2 2 2 2 2 1 2 2 2 1 2 1 2 2 2 2 1 2 2 1 2 2 1 2 2 1 2 1 1 2 1 1 2 1 2 2 2 2 2 2 2 2 2 2 1 1 1 2 2 2 2 1 2 2 0 2 1 2 2 2 2 1 2 2 2 0
geno chr18.565705 ceu  0 0 0 0 0 0 0 0 0 0 0 0 0 0 0 0 0 0 0 0 0 0 0 0 0 0 0 0 0 0 0 0 0 0 0 1 1 0 0 0 0 0 0 0 0 0 0 0 0 0 0 1 0 0 0 0 0 0 0 1 0 0 0 1 0 0 0 0 0 0 0 0 0 0 0 0 0 0
geno chr18.565705 fin  0 0 0 0 0 0 0 0 0 0 0 0 0 0 0 0 0 0 1 0 0 0 0 0 0 0 0 0 0 0 0 0 0 0 0 0 0 0 0 0 0 0 0 0 0 0 0 0 0 0 0 0 0 0 0 0 0 0 0 0 0 0 0 0 0 0 0 0 0 0 0 0 0 0 0 0 0 0 0 0 0 0 0 0 0 0 0 0 0
geno chr18.565705 gbr  0 0 0 0 0 0 0 0 0 0 1 0 0 0 0 0 0 0 0 1 0 0 0 0 0 0 0 0 0 0 0 0 0 0 0 1 0 0 1 0 0 0 0 0 0 0 0 0 0 0 0 0 0 0 0 0 0 0 0 0 1 0 0 0 0 0 0 0 0 0 0 0 0 0 0 0 0 0 0 0 0 0 0 0
geno chr18.565705 tsi  0 0 0 0 0 0 0 0 0 0 0 0 0 0 0 0 0 0 0 0 0 0 0 0 0 0 0 0 0 1 0 0 0 0 0 0 0 0 0 0 0 0 0 0 0 0 0 0 0 0 0 0 1 0 0 0 0 0 0 0 0 0 0 0 0 0 0 0 0 0 0 0 0 0 0 0 0 0 0 0 1 0 0 0 0 0 0 0 0 0 0 0
geno chr18.565705 yri  1 1 1 1 0 1 0 0 1 1 0 1 0 1 0 1 0 1 0 1 1 0 2 0 0 1 0 0 0 1 0 0 1 1 1 0 0 1 0 1 1 0 1 0 1 1 0 1 1 0 0 0 0 1 1 0 0 1 0 0 0 1 0 1 1 0 0 0 1 0 0 1 1 0 0 1 0
geno chr18.565760 ceu  2 2 1 1 1 1 2 2 2 1 1 2 2 2 2 2 1 2 2 2 2 2 2 2 1 1 2 2 1 1 2 1 2 2 1 2 1 1 2 2 1 2 0 0 2 2 1 2 1 2 2 2 2 2 2 2 2 2 1 2 2 1 1 2 2 1 2 1 1 2 2 2 1 2 2 1 1 2
geno chr18.565760 fin  2 2 2 1 1 2 2 1 2 2 1 2 2 1 1 1 2 1 1 1 1 2 1 2 2 1 2 2 1 1 2 1 1 1 2 2 2 2 1 1 2 1 2 2 2 1 0 2 2 2 2 0 1 2 2 2 1 1 2 1 2 2 1 1 2 1 0 2 2 2 1 2 2 1 2 1 2 2 0 1 2 1 0 2 2 2 2 2 2
geno chr18.565760 gbr  1 1 1 1 1 1 2 1 1 2 1 2 2 1 2 2 2 2 1 2 2 2 2 2 2 2 2 2 2 2 2 1 1 2 1 1 0 0 2 2 1 2 1 2 2 2 2 2 1 2 2 2 2 1 2 2 2 2 1 2 2 1 1 2 2 1 2 2 1 2 2 2 1 1 2 1 1 0 2 1 1 1 1 2
geno chr18.565760 tsi  2 1 2 1 1 1 2 2 1 2 2 1 2 2 2 2 2 2 2 2 2 2 1 2 2 2 2 2 2 2 2 2 1 2 1 2 2 2 2 1 2 2 0 2 2 2 2 2 1 2 1 2 2 2 2 1 1 1 2 2 1 2 1 2 2 2 1 2 2 1 1 1 0 2 2 2 1 2 2 1 2 1 1 1 2 1 1 2 1 2 2 1
geno chr18.565760 yri  2 1 2 2 1 2 2 1 2 1 2 2 2 2 2 2 1 2 2 2 1 2 2 2 2 2 2 1 2 2 1 2 2 2 2 2 1 2 1 1 2 1 1 2 1 2 2 2 2 2 2 2 2 2 2 1 1 2 2 2 2 2 1 2 2 0 2 1 2 2 2 2 1 2 2 2 0
geno chr18.565844 ceu  1 0 0 1 0 1 1 1 2 0 0 0 0 0 1 1 0 1 2 0 1 0 0 1 1 1 0 1 0 1 1 0 1 2 0 1 1 1 1 1 0 1 0 0 0 0 0 1 0 1 0 1 1 2 0 1 0 1 0 2 2 1 1 1 1 1 1 0 0 1 1 1 1 0 1 0 0 0
geno chr18.565844 fin  1 2 0 1 0 2 1 0 1 1 1 0 1 0 1 0 1 0 1 1 1 1 0 0 1 1 0 1 1 1 0 0 0 0 2 1 1 2 0 0 1 0 0 0 0 1 0 1 0 1 2 0 0 1 0 1 1 0 0 0 0 0 0 0 1 0 0 0 2 1 1 0 1 1 0 1 0 1 0 1 0 1 0 1 2 1 1 0 1
geno chr18.565844 gbr  0 1 0 0 1 0 1 1 1 0 1 0 0 0 0 1 1 0 1 1 0 1 0 2 1 0 0 0 2 1 1 0 0 0 0 1 0 0 1 0 1 1 0 1 1 1 2 1 1 0 0 0 0 0 1 0 0 1 0 1 1 0 0 0 0 0 0 0 0 2 0 0 0 1 1 0 0 0 0 0 0 0 0 1
geno chr18.565844 tsi  0 1 1 1 0 0 0 0 0 1 0 0 2 0 0 1 0 1 0 1 0 2 0 1 1 0 2 0 0 0 0 1 1 0 1 1 1 0 0 1 0 0 0 0 1 0 0 1 0 1 0 1 1 0 1 1 0 0 1 2 1 0 0 0 2 1 0 2 2 0 0 1 0 1 1 2 0 1 2 0 1 0 0 1 0 0 0 2 1 0 0 1
geno chr18.565844 yri  1 0 1 2 0 0 2 0 1 0 1 1 1 0 1 1 1 1 1 1 0 1 1 1 2 1 0 1 2 1 0 0 0 2 0 2 1 0 1 0 1 1 0 1 0 1 1 0 1 2 1 1 1 0 0 1 0 2 1 2 2 1 1 1 1 0 2 1 1 2 1 1 0 0 2 1 0
geno chr18.566002 ceu  1 0 0 1 0 1 1 1 2 0 0 0 0 0 1 1 0 1 2 0 1 0 0 1 1 1 0 1 0 1 1 0 1 2 0 1 1 1 1 1 0 1 0 0 0 0 0 1 0 1 0 1 1 2 0 1 0 1 0 2 2 1 1 1 1 1 1 0 0 1 1 1 1 0 1 0 0 0
geno chr18.566002 fin  1 2 0 1 0 2 1 0 1 1 1 0 1 0 1 0 1 0 1 1 1 1 0 0 1 1 0 1 1 1 0 0 0 0 2 1 1 2 0 0 1 0 0 0 0 1 0 1 0 1 2 0 0 1 0 1 1 0 0 0 0 0 0 0 1 0 0 0 2 1 1 0 1 1 0 1 0 1 0 1 0 1 0 1 2 1 1 0 1
geno chr18.566002 gbr  0 1 0 0 1 0 1 1 1 0 1 0 0 0 0 1 1 0 1 1 0 1 0 2 1 0 0 0 2 1 1 0 0 0 0 1 0 0 1 0 1 1 0 1 1 1 2 1 1 0 0 0 0 0 1 0 0 1 0 1 1 0 0 0 0 0 0 0 0 2 0 0 0 1 1 0 0 0 0 0 0 0 0 1
geno chr18.566002 tsi  0 1 1 1 0 0 0 0 0 1 0 0 2 0 0 1 0 1 0 1 0 2 0 1 1 0 2 0 0 1 0 1 1 0 1 1 1 0 0 1 0 0 0 0 1 0 0 1 0 1 0 1 1 0 1 1 0 0 1 2 1 0 0 0 2 1 0 2 2 0 0 1 0 1 1 2 0 1 2 0 1 0 0 1 0 0 0 2 1 0 0 1
geno chr18.566002 yri  2 1 2 2 0 1 2 0 2 1 1 2 1 1 1 2 1 2 1 2 1 1 2 1 2 2 0 1 2 2 0 0 1 2 1 2 2 1 1 1 2 1 1 1 1 2 1 1 2 2 1 1 1 1 1 2 0 2 1 2 2 2 1 2 2 1 2 1 2 2 1 2 2 0 2 2 0
geno chr18.566242 ceu  1 0 0 1 0 1 1 1 2 0 0 0 0 0 1 1 0 1 2 0 1 0 0 1 1 1 0 1 0 1 1 0 1 2 0 1 1 1 1 1 0 1 0 0 0 0 0 1 0 1 0 1 1 2 0 1 0 1 0 2 2 1 1 1 1 1 1 0 0 1 1 1 1 0 1 0 0 0
geno chr18.566242 fin  1 2 0 1 0 2 1 0 1 1 1 0 1 0 1 0 1 0 1 1 1 1 0 0 1 1 0 1 1 1 0 0 0 0 2 1 1 2 0 0 1 0 0 0 0 2 0 1 0 1 2 0 0 1 0 1 1 0 0 0 0 0 0 0 1 0 0 0 2 1 1 0 1 1 0 1 0 1 0 1 0 1 0 1 2 1 1 0 1
geno chr18.566242 gbr  0 1 0 0 1 0 1 1 1 0 1 0 0 0 0 1 1 0 1 1 0 1 0 2 1 0 0 0 2 1 1 0 0 0 0 1 0 0 1 0 1 1 0 1 1 1 2 1 1 0 0 0 0 0 1 0 0 1 0 1 1 0 0 0 0 0 0 0 0 2 0 0 0 1 1 0 0 0 0 0 0 0 0 1
geno chr18.566242 tsi  0 1 1 1 0 0 0 0 0 1 0 0 2 0 0 1 0 1 0 1 0 2 0 1 1 0 2 0 0 0 0 1 1 0 1 1 1 0 0 1 0 0 0 0 1 0 0 1 0 1 0 1 1 0 1 1 0 0 1 2 1 0 0 0 2 1 0 2 2 0 0 1 0 1 1 2 0 1 2 0 1 0 0 1 0 0 0 2 1 0 0 1
geno chr18.566242 yri  1 0 1 2 0 0 2 0 1 0 1 1 1 0 0 1 1 1 1 1 0 1 1 1 2 1 0 1 2 1 0 0 0 2 0 2 1 0 0 0 1 1 0 1 0 1 0 0 0 2 1 1 1 0 0 1 0 1 1 1 2 1 0 1 1 0 2 1 1 2 1 1 0 0 2 1 0
geno chr18.566272 ceu  1 0 0 1 0 1 0 0 1 0 0 0 0 0 1 0 0 1 2 0 1 0 0 1 1 1 0 1 0 1 1 0 1 2 0 0 0 1 1 1 0 1 0 0 0 0 0 1 0 1 0 0 1 2 0 1 0 1 0 1 1 1 1 0 1 1 1 0 0 1 1 1 1 0 1 0 0 0
geno chr18.566272 fin  1 2 0 0 0 2 1 0 1 1 1 0 1 0 1 0 1 0 0 1 1 1 0 0 1 1 0 0 1 1 0 0 0 0 2 1 1 2 0 0 1 0 0 0 0 2 0 1 0 1 2 0 0 1 0 0 1 0 0 0 0 0 0 0 1 0 0 0 2 1 0 0 0 1 0 0 0 1 0 1 0 1 0 0 1 1 1 0 1
geno chr18.566272 gbr  0 1 0 0 1 0 0 1 0 0 0 0 0 0 0 1 1 0 1 0 0 1 0 2 1 0 0 0 2 1 1 0 0 0 0 0 0 0 0 0 1 1 0 1 1 1 2 1 1 0 0 0 0 0 1 0 0 1 0 1 0 0 0 0 0 0 0 0 0 2 0 0 0 1 1 0 0 0 0 0 0 0 0 1
geno chr18.566272 tsi  0 1 1 1 0 0 0 0 0 1 0 0 2 0 0 1 0 1 0 0 0 2 0 1 0 0 2 0 0 0 0 1 1 0 1 0 1 0 0 1 0 0 0 0 1 0 0 1 0 1 0 1 0 0 1 1 0 0 1 2 1 0 0 0 2 1 0 2 2 0 0 1 0 1 0 2 0 1 2 0 0 0 0 1 0 0 0 2 1 0 0 1
geno chr18.566272 yri  1 0 1 1 0 0 2 0 1 0 1 1 1 0 0 1 1 1 1 1 0 1 0 1 2 1 0 1 2 1 0 0 0 1 0 2 1 0 0 0 1 1 0 1 0 1 0 0 0 2 1 1 1 0 0 1 0 0 1 1 2 1 0 1 1 0 2 1 1 2 1 1 0 0 2 1 0
