pheno ENSG00000167695 ceu 0.4982506 2.574358 2.19062 1.093909 0.3790514 1.683963 0.6098212 1.484624 1.319627 0.1065747 0.6879551 1.22197 1.0689 1.146739 1.085885 0.6670052 0.7984593 2.117437 1.470137 0.1465122 0.7332514 0.3829732 0.7200281 -0.5616168 0.8695807 0.6430377 0.2649717 -0.9149619 -0.3785072 1.031809 -0.1542413 1.408813 2.246878 -0.4948469 -1.014058 3.032932 0.03667631 2.022584 0.8056549 2.846921 0.3759086 1.454839 0.7955313 -0.3833518 0.5284171 -0.4705116 1.623503 -0.6615799 0.8777904 0.2410792 1.343007 -1.354616 0.9936726 0.7445449 3.162629 1.168113 0.3449356 -0.05196324 0.1733183 0.358136 -0.9017636 1.776735 0.2375891 1.708824 1.307889 -0.324901 0.7800321 -0.3561533 0.6358526 1.91518 0.03145244 0.9143091 1.001599 1.994296 2.934806 1.918185 0.650004 -0.8460951
pheno ENSG00000167695 fin 1.971674 0.1876544 0.4062257 0.4972123 1.270494 -0.005028057 -0.9134797 -1.161115 1.464685 1.2957 -0.5793215 0.1426912 -1.161525 0.7384434 0.4324912 0.2545325 -0.3964576 -0.3890782 2.431347 1.702532 0.04287926 1.033068 1.084139 0.9712353 2.413719 -0.1050749 -0.04582574 0.0192224 1.191574 0.2492363 3.311889 -0.138175 1.228721 0.4617341 0.5128441 2.203134 -0.6743806 0.5271393 0.3597816 -0.7920994 -0.9035615 0.008675042 -0.6661478 0.8946597 1.834653 0.07680114 0.3695037 1.756595 1.71061 -0.3573913 1.339769 0.8562208 0.5680896 1.913954 1.099933 1.818267 -1.714309 0.5579606 0.7559968 0.6984197 1.494776 0.9825327 -0.9016379 0.07459301 0.8717758 1.118375 0.397542 1.621927 -2.722746 1.901795 2.181331 -0.7044344 -0.01102198 1.243767 0.4780835 -0.4684376 0.1322147 0.5410542 -0.3784083 1.676061 0.7616073 1.04008 1.477437 -0.1801875 1.190338 1.514335 -2.111334 0.2138574 0.4757656
pheno ENSG00000167695 gbr -3.769408 -1.965182 -0.511476 -0.412523 -1.846898 -4.03966 -1.297251 -2.33033 -0.9550006 -1.563631 -3.283816 -1.173003 -1.629102 -2.540159 -4.428109 -2.249243 -1.012207 -2.436234 -1.133556 -1.003847 -0.6439951 -2.492547 -3.554777 -2.595599 -2.998772 -0.3504974 -0.2807748 -1.837544 -2.279548 -1.065275 -1.717029 -2.672349 -2.673074 -1.439553 -1.45628 -2.916139 -2.051369 -2.137442 -1.051935 -2.140971 -0.3908962 0.1062536 -1.811128 -2.546697 -1.877687 -1.120322 -0.9403069 -1.269904 -2.760528 -1.743719 -2.181905 -2.034745 -2.233736 0.1547169 -1.196838 -1.639649 -2.301531 -2.165238 0.6276105 -1.661154 -2.490199 -2.414009 -1.635571 -2.325914 -1.458496 -2.22457 -2.242974 -2.81113 -1.394452 -3.104919 -0.576341 -0.8329933 -4.15982 -1.972634 -1.984914 -0.8706243 -2.29105 -2.636581 -2.795166 -2.531684 -1.967996 -3.090745 -3.46718 -1.622436
pheno ENSG00000167695 tsi -1.411963 -1.536713 -2.46944 -0.7512683 -0.2988967 -0.4595932 -3.113839 -1.323527 0.1671568 -1.459698 -0.7901579 -2.733065 -0.523912 1.153733 -1.597349 -1.429514 -2.729077 -1.380449 -3.335311 -2.088155 -0.7805678 -0.5305626 -1.312874 -0.9072915 0.210759 -1.333218 -1.629548 -2.405028 -2.236285 0.7014584 -1.608867 -2.707769 -3.946201 0.5520416 -1.861222 -0.6060709 -1.546794 -3.510163 -4.024466 -1.945665 0.2096939 -2.998017 0.02995824 -0.3607515 -3.681846 0.6445124 -1.070748 -0.9140432 -3.0561 -1.145807 -0.8153158 -1.070967 -1.429957 -0.5595121 -1.95477 -2.58915 -1.96752 -2.323354 -0.113129 -3.986537 -3.496818 -0.6981463 -2.44268 -1.179701 -0.3405455 -0.7377279 -1.223335 -0.9885015 -2.185331 -2.05927 -0.4315633 -1.141576 -3.213363 -2.121188 -2.651693 -0.2106071 -2.222226 -1.382748 -3.535148 -1.437485 -0.6136335 0.3805189 -1.652879 -3.864811 -1.777789 -0.3864921 -0.6722201 0.07833415 -2.127033 -1.265024 0.4934471 0.1635511
pheno ENSG00000167695 yri -3.260973 -2.123649 -0.7246797 -2.110097 -0.8306406 -0.7963726 -1.910826 -1.458763 -1.633167 -2.052713 -2.285073 -1.186704 -0.9238816 -3.074501 -2.450276 -1.163693 -3.116834 -0.4777746 -1.661497 -1.460014 -1.177155 -1.418919 -0.5112886 -1.743862 -1.486727 0.203623 -2.053317 0.6051669 -1.756266 -1.733467 -2.919409 -0.589613 -2.095272 -1.306873 -1.404665 -0.7051471 -1.680111 -1.814059 -0.4263872 -1.83139 0.5325929 -2.038355 -1.708471 -2.261698 -1.293844 -1.303679 -1.544794 -2.862184 -2.09899 -1.396753 -1.356769 -1.474212 -1.557744 -1.64298 -1.349694 -1.527332 -1.060456 -0.8953748 -0.9974399 -2.213389 -3.797509 -1.382231 -1.544561 -1.096033 -1.228344 -1.414119 -1.113926 -2.438315 -1.915444 -0.8728779 -2.257811 -0.06675745 -1.955863 -2.679698 -0.7871733 -1.184198 -0.2251554
geno chr17.535699 ceu  2 2 0 0 2 1 1 1 1 1 2 1 0 1 1 1 1 2 1 1 1 0 0 1 0 1 0 0 2 1 1 2 2 1 0 1 1 1 1 2 1 2 0 2 1 2 0 2 1 1 0 2 2 0 1 2 2 0 0 2 2 0 2 1 0 0 1 1 0 1 1 1 0 1 1 1 2 0
geno chr17.535699 fin  1 1 1 0 0 2 1 1 1 1 1 1 1 2 1 1 1 1 1 1 1 2 1 0 2 1 1 2 1 1 1 1 2 0 1 0 1 1 1 1 0 1 1 1 1 1 2 1 2 1 1 1 0 1 0 0 1 1 0 2 0 1 1 2 1 1 1 2 2 0 1 1 1 1 0 1 0 1 1 2 0 2 1 1 0 0 0 1 1
geno chr17.535699 gbr  1 1 1 0 1 0 2 0 1 1 1 2 0 2 0 0 2 2 0 2 0 2 2 2 0 1 1 1 1 0 1 1 1 1 1 2 1 0 0 1 0 1 2 0 1 1 1 2 1 0 1 2 1 0 0 1 2 0 0 1 1 2 1 1 1 0 1 0 0 2 0 2 0 2 1 1 0 1 0 1 0 0 1 0
geno chr17.535699 tsi  1 0 1 2 0 2 2 2 1 2 0 2 2 1 1 1 1 2 0 0 0 1 2 1 2 2 1 1 1 1 1 1 1 1 1 1 0 2 1 1 1 2 1 1 2 2 1 2 2 1 0 1 2 2 1 2 0 0 0 1 0 1 2 1 1 1 1 2 1 0 0 1 2 1 0 1 1 1 0 1 0 0 1 1 0 1 1 0 2 1 1 0
geno chr17.535699 yri  0 0 0 0 0 0 0 0 0 0 0 0 0 1 0 0 1 0 0 0 0 0 1 0 1 0 0 0 0 0 0 0 0 0 0 0 0 0 0 0 1 0 0 0 0 0 0 0 1 0 1 0 0 1 0 0 0 0 1 0 0 0 0 0 0 0 0 0 0 0 0 0 0 0 0 0 0
geno chr17.536198 ceu  0 0 0 0 0 0 0 0 0 0 0 0 0 0 0 0 0 0 0 0 0 0 0 0 0 0 0 0 0 0 0 0 0 0 0 0 0 0 0 0 0 0 1 0 0 0 0 0 0 0 0 0 0 0 0 0 0 0 0 0 0 0 0 0 0 0 1 0 0 1 0 0 0 0 0 0 0 0
geno chr17.536198 fin  0 0 0 0 0 0 0 0 0 0 0 0 0 0 0 0 0 0 0 0 0 0 0 1 0 0 0 0 0 0 0 0 0 0 1 0 0 0 0 0 0 0 0 0 0 0 0 0 0 0 0 0 1 0 0 0 0 0 1 0 0 0 0 0 0 0 0 0 0 0 0 0 0 0 0 0 0 0 0 0 0 0 0 0 0 0 0 0 1
geno chr17.536198 gbr  0 0 0 0 0 0 0 0 0 0 0 0 0 0 0 0 0 0 0 0 0 0 0 0 0 0 0 0 0 0 0 0 0 0 0 0 0 0 0 0 0 0 0 0 0 0 0 0 0 0 0 0 0 0 0 0 0 1 0 0 0 0 0 1 0 0 0 0 0 0 0 0 0 0 0 0 0 0 0 0 0 0 0 0
geno chr17.536198 tsi  0 0 0 0 0 0 0 0 0 0 0 0 0 0 0 0 0 0 0 0 0 0 0 0 0 0 0 0 0 0 0 0 0 0 0 0 0 0 0 0 1 0 0 0 0 0 0 0 0 0 0 0 0 0 0 0 1 0 0 0 0 0 0 0 0 0 0 0 0 0 0 0 0 0 0 0 0 0 0 0 0 1 0 0 0 0 0 0 0 0 0 0
geno chr17.536198 yri  1 0 2 0 0 0 2 0 1 1 0 0 1 1 0 0 0 0 0 1 0 0 0 1 0 0 1 0 0 1 1 0 0 2 0 1 0 1 0 1 0 0 1 0 0 0 0 0 0 1 0 2 1 1 0 0 1 0 0 1 1 0 1 1 0 0 0 0 0 0 0 2 1 0 0 0 1
geno chr17.536335 ceu  0 0 0 1 0 0 1 0 0 0 0 1 0 1 0 1 0 0 1 1 0 0 0 0 0 0 0 0 0 0 0 0 0 1 0 0 1 1 1 0 0 0 0 0 1 0 0 0 0 1 0 0 0 1 0 0 0 0 0 0 0 0 0 0 0 0 0 0 1 0 0 0 0 0 0 0 0 0
geno chr17.536335 fin  0 0 1 0 0 0 0 0 0 0 0 0 0 0 0 0 0 0 0 0 0 0 1 0 0 0 1 0 0 1 0 1 0 1 0 1 0 0 1 0 1 0 0 1 0 1 0 0 0 1 0 0 0 1 0 1 0 0 0 0 0 0 0 0 1 0 0 0 0 1 1 0 0 1 0 0 0 0 0 0 1 0 1 1 1 0 2 0 0
geno chr17.536335 gbr  1 0 1 1 0 1 0 0 0 0 1 0 0 0 1 1 0 0 0 0 0 0 0 0 0 0 0 1 0 0 0 0 0 0 0 0 0 0 0 0 0 1 0 0 1 1 0 0 0 0 0 0 1 0 0 0 0 0 0 1 0 0 1 0 0 1 1 1 0 0 0 0 0 0 0 0 0 0 0 1 0 1 0 0
geno chr17.536335 tsi  0 0 0 0 0 0 0 0 1 0 1 0 0 0 0 1 0 0 1 1 0 0 0 0 0 0 0 0 0 0 0 1 1 0 0 0 1 0 0 0 0 0 0 1 0 0 1 0 0 0 1 0 0 0 0 0 0 0 0 0 0 0 0 0 0 0 1 0 0 0 0 1 0 1 0 0 0 1 0 0 0 1 0 1 1 0 0 0 0 0 0 0
geno chr17.536335 yri  1 0 0 1 0 0 0 0 0 0 0 0 0 0 0 0 0 0 0 0 0 0 0 0 0 0 0 0 0 0 0 0 0 0 0 0 0 0 0 0 0 0 0 0 0 0 0 1 0 0 0 0 0 0 0 0 0 0 0 0 0 0 0 0 0 0 0 0 0 0 0 0 0 1 0 0 0
geno chr17.536414 ceu  0 0 0 0 0 1 0 1 1 1 0 0 2 0 1 0 0 0 0 0 0 1 0 1 1 0 2 0 0 0 1 0 0 0 0 0 0 0 0 0 0 0 1 0 0 0 1 0 0 0 1 0 0 1 0 0 0 0 1 0 0 2 0 0 0 0 0 0 0 0 1 0 2 0 1 1 0 0
geno chr17.536414 fin  1 1 0 2 2 0 0 0 1 0 0 0 1 0 0 0 0 1 1 0 1 0 0 1 0 0 0 0 0 0 1 0 0 1 0 0 1 0 0 1 0 0 0 0 0 0 0 1 0 0 0 0 1 0 2 1 0 0 0 0 0 0 1 0 0 0 0 0 0 0 0 0 0 0 0 0 2 1 1 0 1 0 0 0 1 1 0 0 0
geno chr17.536414 gbr  0 0 0 1 1 0 0 1 0 0 0 0 1 0 0 1 0 0 2 0 2 0 0 0 2 1 0 0 1 1 1 1 1 0 0 0 1 1 1 1 1 0 0 1 0 0 1 0 1 1 1 0 0 2 1 1 0 0 1 0 1 0 0 0 0 1 0 0 0 0 1 0 1 0 0 0 2 1 1 0 1 0 0 1
geno chr17.536414 tsi  0 0 0 0 1 0 0 0 0 0 1 0 0 0 0 0 0 0 1 0 2 1 0 0 0 0 0 1 1 1 1 0 0 1 1 0 0 0 0 1 0 0 0 0 0 0 0 0 0 1 1 0 0 0 0 0 1 1 1 1 2 0 0 1 0 1 0 0 1 0 1 0 0 0 1 0 1 0 2 1 2 0 1 0 0 0 1 1 0 1 1 2
geno chr17.536414 yri  0 0 0 0 0 1 0 0 0 0 0 0 0 0 0 1 0 0 1 0 0 1 0 0 0 0 0 0 0 0 0 0 1 0 1 0 0 1 0 0 0 2 0 0 0 0 1 0 1 0 1 0 1 0 0 1 0 0 0 0 1 1 1 0 0 0 1 2 0 0 0 0 0 0 1 0 1
geno chr17.537095 ceu  0 0 0 0 0 0 0 0 0 0 0 0 0 0 0 0 0 0 0 0 0 0 0 0 0 0 0 0 0 0 0 0 0 0 0 0 0 0 0 0 0 0 0 0 0 0 0 0 0 0 0 0 0 0 0 0 0 0 0 0 0 0 0 0 0 0 1 0 0 0 0 0 0 0 0 0 0 0
geno chr17.537095 fin  0 0 0 0 0 0 0 0 0 0 0 0 0 0 0 0 0 0 0 0 0 0 0 0 0 0 0 0 0 0 0 0 0 0 0 0 0 0 0 0 0 0 0 0 0 0 0 0 0 0 0 0 0 0 0 0 0 0 0 0 0 0 0 0 0 0 0 0 0 0 0 0 0 0 0 0 0 0 0 0 0 0 0 0 0 0 0 0 0
geno chr17.537095 gbr  0 0 0 0 0 0 0 0 0 0 0 0 0 0 0 0 0 0 0 0 0 0 0 0 0 0 0 0 0 0 0 0 0 0 0 0 0 0 0 0 0 0 0 0 0 0 0 0 0 0 0 0 0 0 0 0 0 0 0 0 0 0 0 0 0 0 0 0 0 0 0 0 0 0 0 0 0 0 0 0 0 0 0 0
geno chr17.537095 tsi  0 0 0 0 0 0 0 0 0 0 0 0 0 0 0 0 0 0 0 0 0 0 0 0 0 0 0 0 0 0 0 0 0 0 0 0 0 0 0 0 0 0 0 0 0 0 0 0 0 0 0 0 0 0 0 0 1 0 0 0 0 0 0 0 0 0 0 0 0 0 0 0 0 0 0 0 0 0 0 0 0 0 0 0 0 0 0 0 0 0 0 0
geno chr17.537095 yri  1 0 2 0 0 0 2 0 1 1 0 0 0 1 0 0 0 0 0 1 0 0 0 1 0 0 0 0 0 1 1 0 0 2 0 1 0 1 0 1 0 0 1 0 0 0 0 0 0 1 0 2 1 1 0 0 1 0 0 1 1 0 1 1 0 0 0 0 0 0 0 2 1 0 0 0 1
geno chr17.537722 ceu  2 2 2 2 2 2 2 2 2 1 2 2 2 2 2 2 2 2 2 2 2 2 2 2 2 2 2 2 2 2 2 2 2 2 2 2 2 2 2 2 2 2 2 2 2 2 2 2 2 1 2 2 2 2 2 2 2 2 2 2 2 2 2 2 2 2 2 2 2 2 2 2 2 2 2 2 2 2
geno chr17.537722 fin  2 2 2 2 2 2 2 2 2 2 2 2 2 2 2 2 2 2 2 2 2 2 2 2 2 2 2 2 2 2 2 2 2 2 2 2 2 2 2 2 2 2 2 1 2 2 2 2 2 2 2 2 2 2 2 2 2 2 1 2 2 2 2 2 2 1 1 2 1 1 1 1 1 2 1 0 2 2 2 2 2 2 1 2 1 1 2 1 1
geno chr17.537722 gbr  2 1 2 2 2 2 1 2 2 1 2 2 2 2 2 2 2 2 2 2 2 2 2 2 2 2 2 2 1 2 2 2 1 2 2 2 1 2 2 2 2 2 2 2 2 2 2 2 2 2 2 2 2 2 2 1 1 2 2 2 1 2 2 2 2 2 2 2 2 2 2 2 1 2 2 1 2 2 2 2 2 2 2 2
geno chr17.537722 tsi  2 2 2 2 2 2 2 2 2 2 2 2 2 2 2 2 2 2 2 2 2 2 2 1 2 2 2 2 1 2 2 2 2 2 2 2 2 2 2 2 2 2 2 2 2 2 2 2 2 2 2 2 2 2 2 2 2 2 2 2 2 2 2 2 2 2 2 2 2 2 2 2 2 2 2 2 2 2 2 2 2 2 2 1 2 2 2 2 2 2 1 2
geno chr17.537722 yri  2 2 1 2 2 2 2 2 2 1 2 2 2 2 2 2 2 2 2 2 1 1 2 2 2 0 1 1 1 0 1 1 1 2 2 2 2 0 1 2 1 2 2 1 1 2 2 1 2 2 2 1 0 2 2 2 2 1 1 2 2 2 2 1 2 1 2 2 1 2 2 2 2 2 2 2 2
geno chr17.538141 ceu  2 0 0 0 2 0 0 0 0 0 1 0 0 1 0 0 0 0 0 0 0 0 0 0 0 0 0 0 0 0 1 0 0 1 0 0 0 0 0 0 0 0 0 0 0 0 0 1 0 0 0 0 0 0 0 0 0 0 0 1 0 0 0 0 0 0 0 0 0 1 0 0 0 0 0 0 0 0
geno chr17.538141 fin  0 0 0 0 0 0 0 0 0 0 0 0 1 0 0 0 0 0 0 0 0 0 0 0 0 0 0 0 0 0 0 0 1 0 0 0 0 0 0 0 0 1 0 0 0 0 0 0 0 0 1 0 0 1 0 0 0 0 0 0 0 0 0 0 1 0 0 0 0 0 0 0 0 0 0 0 0 0 1 0 0 1 0 0 0 0 0 0 0
geno chr17.538141 gbr  0 0 0 0 0 0 0 0 0 0 0 0 0 0 0 0 0 1 0 0 0 0 0 1 0 0 0 0 0 0 0 0 0 0 0 1 0 0 0 0 0 0 0 0 0 0 0 0 0 0 0 0 0 0 0 0 0 0 0 0 0 0 0 0 0 0 0 0 0 0 0 0 0 1 0 1 0 0 0 0 0 0 0 0
geno chr17.538141 tsi  0 0 0 0 0 0 2 0 0 0 0 0 0 0 0 0 0 1 0 0 0 0 0 0 0 0 0 1 0 0 0 0 0 0 0 0 0 0 0 1 0 0 0 0 0 0 0 0 1 0 0 0 1 0 0 1 0 0 0 0 0 0 0 0 0 0 0 0 0 0 0 1 0 0 0 0 0 0 0 0 0 0 0 0 0 1 0 0 0 0 0 0
geno chr17.538141 yri  0 0 0 0 0 0 0 0 0 0 0 0 0 0 1 0 1 0 0 0 0 0 1 0 0 0 0 0 0 0 1 0 0 0 0 0 0 0 0 0 0 0 0 0 0 0 0 0 0 0 0 0 0 0 0 0 0 0 0 0 0 0 0 0 0 0 0 0 0 0 0 0 0 0 0 0 0
geno chr17.538196 ceu  0 0 0 0 0 1 0 1 1 1 0 0 2 0 1 0 0 0 0 0 0 1 0 1 1 0 2 0 0 0 1 0 0 0 0 0 0 0 0 0 0 0 1 0 0 0 1 0 0 0 1 0 0 1 0 0 0 0 1 0 0 2 0 0 0 0 0 0 0 0 1 0 2 0 1 1 0 0
geno chr17.538196 fin  1 1 0 2 2 0 0 0 1 0 0 0 1 0 0 0 0 1 1 0 1 0 0 1 0 0 0 0 0 0 1 0 0 1 0 0 1 0 0 1 0 0 0 0 0 0 0 1 0 0 0 0 1 0 2 1 0 0 0 0 0 0 1 0 0 0 0 0 0 0 0 0 0 0 0 0 2 1 1 0 1 0 0 0 0 1 0 0 0
geno chr17.538196 gbr  0 0 0 1 1 0 0 1 0 0 0 0 1 0 0 1 0 0 2 0 2 0 0 0 2 1 0 0 0 1 1 1 1 0 0 0 1 1 1 1 1 0 0 1 0 0 1 0 1 1 1 0 0 2 1 0 0 0 1 0 0 0 0 0 0 1 0 0 0 0 1 0 0 0 0 0 2 1 1 0 1 0 0 1
geno chr17.538196 tsi  0 0 0 0 1 0 0 0 0 0 1 0 0 0 0 0 0 0 1 0 2 1 0 0 0 0 0 1 1 1 1 0 0 1 1 0 0 0 0 1 0 0 0 0 0 0 0 0 0 1 1 0 0 0 0 0 1 1 1 1 2 0 0 1 0 1 0 0 1 0 1 0 0 0 1 0 1 0 2 1 2 0 1 0 0 0 1 1 0 1 1 2
geno chr17.538196 yri  0 0 0 0 0 1 0 0 0 0 0 0 0 0 0 1 0 0 1 0 0 1 0 0 0 0 0 0 0 0 0 0 1 0 1 0 0 0 0 0 0 2 0 0 0 0 1 0 1 0 1 0 0 0 0 1 0 0 0 0 1 1 1 0 0 0 1 2 0 0 0 0 0 0 1 0 1
geno chr17.538504 ceu  0 0 0 1 0 0 1 0 0 0 0 1 0 1 1 1 0 0 1 1 0 0 0 0 0 0 0 0 0 0 0 0 0 1 0 0 1 1 1 0 0 0 0 0 1 0 0 0 0 1 0 0 0 1 0 0 0 0 0 0 0 0 0 0 0 0 0 0 1 0 0 0 0 0 0 0 0 0
geno chr17.538504 fin  0 0 1 0 0 0 0 0 0 0 0 0 0 0 0 0 0 0 0 0 0 0 1 0 0 0 1 0 0 1 0 1 0 1 0 1 0 0 1 0 1 0 0 1 0 1 0 0 0 1 0 0 0 1 0 1 0 0 0 0 0 0 0 0 1 0 0 0 0 1 1 0 0 1 0 0 0 0 0 0 1 0 1 1 1 0 2 0 0
geno chr17.538504 gbr  1 0 1 1 0 1 0 0 0 0 1 0 0 0 1 1 0 0 0 0 0 0 0 0 0 0 0 1 0 0 0 0 0 0 0 0 0 0 0 0 0 1 0 0 1 1 0 0 0 0 0 0 1 0 0 0 0 0 0 1 0 0 1 0 0 1 1 1 0 0 0 0 0 0 0 0 0 0 0 1 0 1 0 0
geno chr17.538504 tsi  0 0 0 0 0 0 0 0 1 0 1 0 0 0 0 1 0 0 1 1 0 0 0 0 0 0 0 0 0 0 0 1 1 1 0 0 1 0 0 0 0 0 0 1 0 0 1 0 0 0 1 0 0 0 0 0 0 0 0 0 0 0 0 0 0 0 1 0 0 0 0 1 0 1 0 0 0 1 0 0 0 1 0 1 1 0 0 0 0 0 0 0
geno chr17.538504 yri  1 0 0 1 0 0 0 0 0 0 0 0 0 0 0 0 0 0 0 0 0 0 0 0 0 0 0 0 0 0 0 0 0 0 0 0 0 0 0 0 0 0 0 0 0 0 0 1 0 0 0 0 0 0 0 0 0 0 0 0 0 0 0 0 0 0 0 0 0 0 0 0 0 1 0 0 0
geno chr17.538851 ceu  0 0 0 0 0 0 0 0 0 0 0 0 0 0 0 0 0 0 0 0 0 0 0 0 0 0 0 0 0 0 0 0 0 0 0 0 0 0 0 0 0 0 0 0 0 0 0 0 0 0 0 0 0 0 0 0 0 0 0 0 0 0 0 0 0 0 1 0 0 0 0 0 0 0 0 0 0 0
geno chr17.538851 fin  0 0 0 0 0 0 0 0 0 0 0 0 0 0 0 0 0 0 0 0 0 0 0 0 0 0 0 0 0 0 0 0 0 0 0 0 0 0 0 0 0 0 0 0 0 0 0 0 0 0 0 0 0 0 0 0 0 0 0 0 0 0 0 0 0 0 0 0 0 0 0 0 0 0 0 0 0 0 0 0 0 0 0 0 0 0 0 1 0
geno chr17.538851 gbr  0 1 0 0 0 0 0 0 0 0 0 0 0 0 0 0 0 0 0 0 0 0 0 0 0 0 0 0 0 0 0 0 0 0 0 0 0 0 0 0 0 0 0 0 0 0 0 0 0 0 0 0 0 0 0 0 0 0 0 0 0 0 0 0 0 0 0 0 0 0 0 0 0 0 0 0 0 0 0 0 0 0 0 0
geno chr17.538851 tsi  0 0 0 0 0 0 0 0 0 0 0 0 0 0 0 0 0 0 0 0 0 0 0 0 0 0 0 0 0 0 0 0 0 0 0 0 0 0 0 0 0 0 0 0 0 0 0 0 0 0 0 0 0 0 0 0 1 0 0 0 0 0 0 0 0 0 0 0 0 0 0 0 0 0 0 0 0 0 0 0 0 0 0 0 0 0 0 0 0 0 0 0
geno chr17.538851 yri  1 0 2 0 0 0 2 0 1 1 0 0 0 1 0 0 0 0 0 1 0 0 0 1 0 0 0 0 0 1 1 0 0 2 0 1 0 1 0 1 0 0 1 0 0 0 0 0 0 1 0 1 1 1 0 0 1 0 0 0 1 0 1 1 0 0 0 0 0 0 0 2 1 0 0 0 1
geno chr17.539956 ceu  0 0 0 0 0 0 0 0 0 0 0 0 0 0 0 0 0 0 0 0 0 0 0 0 0 0 0 0 0 0 0 0 0 0 0 0 0 0 0 0 0 0 0 0 0 0 0 0 0 0 0 0 0 0 0 0 0 0 0 0 0 0 0 0 0 0 1 0 0 0 0 0 0 0 0 0 0 0
geno chr17.539956 fin  0 0 0 0 0 0 0 0 0 0 0 0 0 0 0 0 0 0 0 0 0 0 0 0 0 0 0 0 0 0 0 0 0 0 0 0 0 0 0 0 0 0 0 0 0 0 0 0 0 0 0 0 0 0 0 0 0 0 0 0 0 0 0 0 0 0 0 0 0 0 0 0 0 0 0 0 0 0 0 0 0 0 0 0 0 0 0 0 0
geno chr17.539956 gbr  0 0 0 0 0 0 0 0 0 0 0 0 0 0 0 0 0 0 0 0 0 0 0 0 0 0 0 0 0 0 0 0 0 0 0 0 0 0 0 0 0 0 0 0 0 0 0 0 0 0 0 0 0 0 0 0 0 0 0 0 0 0 0 0 0 0 0 0 0 0 0 0 0 0 0 0 0 0 0 0 0 0 0 0
geno chr17.539956 tsi  0 0 0 0 0 0 0 0 0 0 0 0 0 0 0 0 0 0 0 0 0 0 0 0 0 0 0 0 0 0 0 0 0 0 0 0 0 0 0 0 0 0 0 0 0 0 0 0 0 0 0 0 0 0 0 0 1 0 0 0 0 0 0 0 0 0 0 0 0 0 0 0 0 0 0 0 0 0 0 0 0 0 0 0 0 0 0 0 0 0 0 0
geno chr17.539956 yri  1 0 1 0 0 0 2 0 1 1 0 0 0 1 0 0 0 0 0 1 0 0 0 1 0 0 0 0 0 0 0 0 0 2 0 1 0 1 0 1 0 0 1 0 0 0 0 0 0 1 0 2 1 1 0 0 1 0 0 1 1 0 0 1 0 0 0 0 0 0 0 2 1 0 0 0 1
geno chr17.541035 ceu  2 2 0 0 2 1 1 1 1 1 2 1 0 1 1 1 1 2 1 1 1 0 0 1 0 1 0 0 2 1 1 2 2 1 0 1 1 1 1 2 1 2 0 2 1 2 0 2 1 1 0 2 2 0 1 2 2 0 0 2 2 0 2 1 0 0 1 1 0 1 1 1 0 1 1 1 2 0
geno chr17.541035 fin  1 1 1 0 0 2 1 1 1 1 1 1 1 2 1 1 1 1 1 1 1 2 1 0 2 1 1 2 1 1 1 1 2 0 1 0 1 1 1 1 0 1 1 1 1 1 2 1 2 1 1 1 0 1 0 0 1 1 0 2 0 1 1 2 1 1 1 2 1 0 1 1 1 1 0 1 0 1 1 2 0 2 1 1 0 0 0 1 1
geno chr17.541035 gbr  1 1 1 0 1 0 2 0 1 1 1 2 0 2 0 0 2 2 0 2 0 2 2 2 0 1 1 1 1 0 1 1 1 1 1 2 1 0 0 1 0 1 2 0 1 1 1 2 1 0 1 2 1 0 0 1 2 0 0 1 1 2 1 1 1 0 1 0 0 2 0 2 0 2 1 1 0 1 0 1 0 0 1 0
geno chr17.541035 tsi  1 0 1 2 0 2 2 2 1 2 0 2 2 1 1 1 1 2 0 0 0 1 2 1 2 2 1 1 1 1 1 1 1 1 1 1 0 2 1 1 1 2 1 1 2 2 1 2 2 1 0 1 2 2 1 2 0 0 0 1 0 1 2 1 1 1 1 2 1 0 0 1 2 1 0 1 1 1 0 1 0 0 1 1 0 1 1 0 2 1 1 0
geno chr17.541035 yri  0 0 0 0 0 0 0 0 0 0 0 0 0 1 0 0 1 0 0 0 0 0 1 0 1 0 0 0 0 0 0 0 0 0 0 0 0 0 0 0 1 0 0 0 0 0 0 0 1 0 1 0 0 1 0 0 0 0 1 0 0 0 0 0 0 0 0 0 0 0 0 0 0 0 0 0 0
geno chr17.541405 ceu  2 2 2 2 2 2 2 2 2 2 2 2 2 2 2 2 2 2 2 2 2 2 2 2 2 2 2 2 2 2 2 2 2 2 2 2 2 2 2 2 1 2 2 2 2 2 2 2 2 2 2 2 2 2 2 2 2 2 2 2 2 2 2 2 2 2 2 2 2 2 2 2 2 2 2 2 2 2
geno chr17.541405 fin  2 2 2 2 2 2 2 2 2 2 2 2 2 2 2 2 2 2 2 1 2 2 2 2 2 2 2 2 2 2 2 2 2 2 2 2 2 2 2 2 2 2 2 2 2 2 1 2 2 2 2 2 2 2 2 2 2 2 2 2 2 2 2 2 2 2 2 2 2 2 2 2 2 2 1 1 2 2 2 2 2 2 2 2 2 2 2 2 2
geno chr17.541405 gbr  2 2 2 2 2 2 2 2 2 2 2 2 2 2 2 2 2 2 2 2 2 2 2 2 2 2 2 1 2 2 2 2 2 2 2 2 2 2 2 2 2 2 2 2 2 2 2 2 2 2 2 2 2 2 2 2 2 2 2 2 2 2 2 2 2 2 2 2 2 2 1 2 2 2 1 2 2 2 2 2 2 2 2 1
geno chr17.541405 tsi  2 2 2 2 2 2 2 2 2 2 2 2 2 1 2 2 2 2 2 2 2 2 1 2 2 2 2 2 2 2 2 2 2 2 1 2 2 2 2 2 2 2 2 2 2 2 2 2 2 2 2 2 2 2 2 2 2 2 2 2 2 2 2 2 2 2 2 1 2 2 2 2 2 2 2 2 2 2 2 2 2 2 2 1 2 2 2 2 2 2 2 2
geno chr17.541405 yri  2 2 2 2 2 2 2 2 2 2 2 2 2 2 2 2 2 2 2 2 1 2 2 2 2 0 1 1 2 1 2 2 2 2 2 2 2 2 2 2 1 2 2 1 0 2 2 2 2 1 2 2 2 2 2 2 2 1 2 2 2 1 2 1 2 1 2 2 1 2 1 2 2 2 2 2 2
geno chr17.541858 ceu  2 2 2 2 1 2 2 1 2 1 1 2 2 2 2 2 2 2 2 2 1 2 2 2 1 2 2 2 2 2 1 2 2 2 1 2 2 2 2 2 2 1 2 2 1 2 2 2 2 2 1 2 1 2 2 2 2 2 2 1 2 2 1 2 2 2 2 2 1 2 2 1 2 2 2 2 2 2
geno chr17.541858 fin  2 2 1 2 2 1 2 2 2 2 2 2 2 2 2 2 1 2 2 2 2 2 2 2 2 1 2 2 2 2 2 2 2 2 2 2 2 2 2 2 2 2 1 1 2 1 2 2 2 2 1 2 2 2 2 2 2 2 2 2 2 2 2 2 2 2 2 2 2 1 2 2 2 2 2 2 2 2 1 2 2 2 2 2 2 2 2 1 2
geno chr17.541858 gbr  2 1 2 2 2 2 2 1 1 2 2 2 2 2 2 1 2 1 2 2 2 2 2 1 2 1 2 2 2 2 2 2 2 2 1 1 1 1 2 2 2 2 2 2 2 2 1 2 0 2 2 2 2 2 1 2 2 2 2 2 2 2 0 2 2 2 2 2 1 2 2 2 1 2 2 1 2 2 2 2 2 2 2 2
geno chr17.541858 tsi  1 2 2 1 2 2 0 1 2 2 2 2 2 2 2 2 1 0 1 2 2 2 2 1 2 2 2 1 1 2 2 1 2 2 2 2 2 2 2 1 2 1 2 2 2 2 2 2 1 2 2 2 1 1 2 1 2 2 2 2 2 2 2 1 2 2 2 2 2 2 2 2 2 2 2 2 2 2 2 2 2 2 2 1 2 1 2 2 2 2 2 2
geno chr17.541858 yri  1 2 1 2 2 1 2 1 2 2 2 1 0 2 2 0 2 2 2 2 0 2 2 2 1 0 0 1 2 1 1 1 2 2 2 2 2 2 2 2 1 2 1 1 1 2 1 2 2 2 2 2 2 2 1 2 2 1 2 1 2 2 2 1 2 1 2 1 1 2 1 1 1 2 2 2 2
geno chr17.541872 ceu  2 2 0 0 2 1 1 1 1 0 2 1 0 1 1 1 1 2 1 1 1 0 1 1 0 2 0 0 2 1 1 2 2 1 0 1 1 1 1 2 1 2 0 2 1 2 0 2 1 1 0 2 2 0 1 2 2 0 0 2 2 0 1 1 0 0 1 1 0 1 1 1 0 1 1 1 2 1
geno chr17.541872 fin  1 1 1 0 0 2 1 1 2 1 1 1 2 2 1 1 1 1 1 1 1 2 1 0 2 1 1 2 1 1 1 1 2 0 1 0 1 1 1 1 0 1 1 1 1 1 2 1 2 1 1 1 0 1 0 0 1 1 0 2 0 1 1 2 1 1 1 2 2 1 1 0 1 1 0 1 0 1 1 2 0 2 1 1 0 0 0 1 1
geno chr17.541872 gbr  1 2 1 0 1 0 1 0 1 0 1 2 0 2 0 0 2 2 0 2 0 1 2 2 0 1 1 1 1 0 1 1 0 1 1 2 0 0 0 1 0 1 2 0 0 1 1 2 1 0 1 2 1 0 0 1 2 0 1 1 1 2 1 1 1 0 1 1 0 2 0 2 0 2 1 1 0 1 0 1 0 0 1 0
geno chr17.541872 tsi  1 0 1 1 0 2 1 1 1 2 0 2 2 1 1 1 1 2 0 0 0 1 2 0 2 2 1 1 0 1 1 1 1 1 1 1 0 1 1 1 1 1 1 1 2 2 1 2 2 1 0 1 2 2 1 2 0 0 0 1 0 1 2 0 1 1 1 2 1 0 0 1 2 1 0 1 1 1 0 1 0 0 1 1 0 1 1 0 2 1 1 0
geno chr17.541872 yri  0 0 0 0 1 0 0 0 0 0 1 0 0 1 0 0 1 1 0 0 0 0 1 0 1 0 0 0 0 0 0 0 0 0 0 0 0 0 0 0 1 0 0 0 0 0 0 0 1 1 1 0 0 1 0 0 0 1 1 0 0 0 0 0 2 0 0 0 0 1 1 0 0 0 0 0 0
geno chr17.541972 ceu  0 0 0 1 0 0 1 0 0 0 0 1 0 1 0 1 0 0 1 1 0 0 0 0 0 0 0 0 0 0 0 0 0 1 0 0 1 1 1 0 0 0 0 0 1 0 0 0 0 1 0 0 0 1 0 0 0 0 0 0 0 0 0 0 0 0 0 0 1 0 0 0 0 0 0 0 0 0
geno chr17.541972 fin  0 0 1 0 0 0 0 0 0 0 0 0 0 0 0 0 0 0 0 0 0 0 1 0 0 0 1 0 0 1 0 1 0 1 0 1 0 0 1 0 1 0 0 1 0 1 0 0 0 1 0 0 0 1 0 1 0 0 0 0 0 0 0 0 1 0 0 0 0 1 1 0 0 1 0 0 0 0 0 0 1 0 1 1 1 0 2 0 0
geno chr17.541972 gbr  1 0 1 1 0 1 0 0 0 0 1 0 0 0 1 1 0 0 0 0 0 0 0 0 0 0 0 1 0 0 0 0 0 0 0 0 0 0 0 0 0 1 0 0 1 1 0 0 0 0 0 0 1 0 0 0 0 0 0 1 0 0 1 0 0 1 1 1 0 0 0 0 0 0 0 0 0 0 0 1 0 1 0 0
geno chr17.541972 tsi  0 0 0 0 0 0 0 0 1 0 1 0 0 0 0 1 0 0 1 1 0 0 0 0 0 0 0 0 0 0 0 1 1 0 0 0 1 0 0 0 0 0 0 1 0 0 1 0 0 0 1 0 0 0 0 0 0 0 0 0 0 0 0 0 0 0 1 0 0 0 0 1 0 1 0 0 0 1 0 0 0 1 0 1 1 0 0 0 0 0 0 0
geno chr17.541972 yri  1 0 0 1 0 0 0 0 0 0 0 0 0 0 0 0 0 0 0 0 0 0 0 0 0 0 0 0 0 0 0 0 0 0 0 0 0 0 0 0 0 0 0 0 0 0 0 1 0 0 0 0 0 0 0 0 0 0 0 0 0 0 0 0 0 0 0 0 0 0 0 0 0 1 0 0 0
geno chr17.542005 ceu  0 0 0 0 0 0 0 0 0 0 0 0 0 0 0 0 0 0 0 0 0 0 0 0 0 0 0 0 0 0 0 0 0 0 0 0 0 0 0 0 0 0 0 0 0 0 0 0 0 0 0 0 0 0 0 0 0 0 0 0 0 0 0 0 0 0 1 0 0 0 0 0 0 0 0 0 0 0
geno chr17.542005 fin  0 0 0 0 0 0 0 0 0 0 0 0 0 0 0 0 0 0 0 0 0 0 0 0 0 0 0 0 0 0 0 0 0 0 0 0 0 0 0 0 0 0 0 0 0 0 0 0 0 0 0 0 0 0 0 0 0 0 0 0 0 0 0 0 0 0 0 0 0 0 0 0 0 0 0 0 0 0 0 0 0 0 0 0 0 0 0 0 0
geno chr17.542005 gbr  0 0 0 0 0 0 0 0 0 0 0 0 0 0 0 0 0 0 0 0 0 0 0 0 0 0 0 0 0 0 0 0 0 0 0 0 0 0 0 0 0 0 0 0 0 0 0 0 0 0 0 0 0 0 0 0 0 0 0 0 0 0 0 0 0 0 0 0 0 0 0 0 0 0 0 0 0 0 0 0 0 0 0 0
geno chr17.542005 tsi  0 0 0 0 0 0 0 0 0 0 0 0 0 0 0 0 0 0 0 0 0 0 0 0 0 0 0 0 0 0 0 0 0 0 0 0 0 0 0 0 0 0 0 0 0 0 0 0 0 0 0 0 0 0 0 0 1 0 0 0 0 0 0 0 0 0 0 0 0 0 0 0 0 0 0 0 0 0 0 0 0 0 0 0 0 0 0 0 0 0 0 0
geno chr17.542005 yri  1 0 1 0 0 0 2 0 1 1 0 0 0 1 0 0 0 0 0 1 0 0 0 1 0 0 0 0 0 0 0 0 0 2 0 1 0 0 0 1 0 0 1 0 0 0 0 0 0 1 0 2 0 1 0 0 1 0 0 1 1 0 0 1 0 0 0 0 0 0 0 2 1 0 0 0 1
geno chr17.542220 ceu  2 2 0 0 2 1 1 1 1 2 2 1 0 1 1 1 1 2 1 1 1 0 0 1 0 1 0 0 2 1 1 2 2 1 0 1 1 1 1 2 1 2 0 2 1 2 0 2 1 1 0 2 2 0 1 2 2 0 0 2 2 0 2 1 0 0 1 1 0 1 1 1 0 1 1 1 2 0
geno chr17.542220 fin  1 1 1 0 0 2 1 1 1 1 1 1 1 2 1 1 1 1 1 1 1 2 1 0 2 1 1 2 1 1 1 1 2 0 1 0 1 1 1 1 0 1 1 1 1 1 2 1 2 1 1 1 0 1 0 0 1 1 0 2 0 1 1 2 1 1 1 2 2 0 1 1 1 1 0 1 0 1 1 2 0 2 1 1 0 0 0 1 1
geno chr17.542220 gbr  1 1 1 0 1 0 2 0 1 1 1 2 0 2 0 0 2 2 0 2 0 2 2 2 0 1 1 1 1 0 1 1 1 1 1 2 1 0 0 1 0 1 2 0 1 1 1 2 1 0 1 2 1 0 0 1 2 0 0 1 1 2 1 1 1 0 1 0 0 2 0 2 0 2 1 1 0 1 0 1 0 0 1 0
geno chr17.542220 tsi  1 0 1 2 0 2 2 2 1 2 0 2 2 1 1 1 1 2 0 0 0 1 2 1 2 2 1 1 1 1 1 1 1 1 1 1 0 2 1 1 1 2 1 1 2 2 1 2 2 1 0 1 2 2 1 2 0 0 0 1 0 1 2 1 1 1 1 2 1 0 0 1 2 1 0 1 1 1 0 1 0 0 1 1 0 1 1 0 2 1 1 0
geno chr17.542220 yri  0 0 0 0 0 0 0 0 0 0 0 0 0 1 0 0 1 0 0 0 0 0 1 0 1 0 0 0 0 0 0 0 0 0 0 0 0 0 0 0 1 0 0 0 0 0 0 0 1 0 1 0 0 1 0 0 0 0 1 0 0 0 0 0 0 0 0 0 0 0 0 0 0 0 0 0 0
geno chr17.542298 ceu  2 2 1 2 2 2 2 2 2 2 2 2 1 2 2 2 1 2 2 2 2 2 2 1 2 1 2 0 2 2 2 2 2 2 2 2 2 2 2 2 1 2 2 2 1 2 2 2 2 1 2 2 1 2 2 2 2 2 2 2 2 2 1 2 2 1 2 2 2 2 2 2 2 2 2 2 2 1
geno chr17.542298 fin  2 2 2 2 1 2 2 2 2 2 2 2 2 2 2 2 2 2 2 1 2 2 2 2 1 1 2 2 1 2 1 2 2 2 1 2 2 2 2 1 2 2 2 2 2 1 1 2 1 1 2 1 2 2 2 2 1 2 1 2 2 2 1 2 2 1 1 2 1 1 1 1 0 2 1 1 2 2 2 2 2 2 2 2 1 1 2 1 1
geno chr17.542298 gbr  2 0 2 1 2 2 1 2 2 1 1 2 2 2 1 2 2 2 2 2 2 2 2 1 2 1 1 1 1 2 2 1 1 1 2 2 1 2 1 1 2 2 2 2 2 2 2 2 2 0 2 2 2 2 1 1 1 1 0 2 1 2 2 2 2 2 2 1 2 2 2 2 1 1 1 1 2 2 2 2 2 1 2 1
geno chr17.542298 tsi  2 2 2 1 2 2 2 1 2 1 2 2 2 2 2 2 2 2 2 2 2 2 2 1 1 2 2 2 1 2 2 1 2 2 2 2 2 2 2 2 1 2 1 2 2 2 2 2 2 2 2 2 2 2 2 2 2 2 2 2 2 2 2 2 2 2 2 1 2 2 2 2 2 2 2 2 2 1 2 2 2 2 2 2 2 2 2 2 2 2 2 2
geno chr17.542298 yri  2 2 1 2 2 2 2 2 2 2 2 2 2 1 2 2 2 2 2 1 1 2 2 2 1 0 1 1 2 0 0 1 2 1 2 2 2 1 1 2 0 1 2 0 0 2 2 2 2 0 2 0 1 2 2 2 2 0 0 2 2 2 2 1 2 1 2 2 1 2 1 2 2 2 1 2 1
geno chr17.542378 ceu  0 0 0 0 0 0 0 0 0 0 0 0 0 0 0 0 0 0 0 0 0 0 0 0 0 0 0 0 0 0 0 0 0 0 0 0 0 0 0 0 0 0 0 0 0 0 0 0 0 0 0 0 0 0 0 0 0 0 0 0 0 0 0 0 0 0 1 0 0 0 0 0 0 0 0 0 0 0
geno chr17.542378 fin  0 0 0 0 0 0 0 0 0 0 0 0 0 0 0 0 0 0 0 0 0 0 0 0 0 0 0 0 0 0 0 0 0 0 0 0 0 0 0 0 0 0 0 0 0 0 0 0 0 0 0 0 0 0 0 0 0 0 0 0 0 0 0 0 0 0 0 0 0 0 0 0 0 0 0 0 0 0 0 0 0 0 0 0 0 0 0 0 0
geno chr17.542378 gbr  0 0 0 0 0 0 0 0 0 0 0 0 0 0 0 0 0 0 0 0 0 0 0 0 0 0 0 0 0 0 0 0 0 0 0 0 0 0 0 0 0 0 0 0 0 0 0 0 0 0 0 0 0 0 0 0 0 0 0 0 0 0 0 0 0 0 0 0 0 0 0 0 0 0 0 0 0 0 0 0 0 0 0 0
geno chr17.542378 tsi  0 0 0 0 0 0 0 0 0 0 0 0 0 0 0 0 0 0 0 0 0 0 0 0 0 0 0 0 0 0 0 0 0 0 0 0 0 0 0 0 0 0 0 0 0 0 0 0 0 0 0 0 0 0 0 0 1 0 0 0 0 0 0 0 0 0 0 0 0 0 0 0 0 0 0 0 0 0 0 0 0 0 0 0 0 0 0 0 0 0 0 0
geno chr17.542378 yri  1 0 1 0 0 0 2 0 1 1 0 0 0 1 0 0 0 0 0 1 0 0 0 1 0 0 0 0 0 0 0 0 0 2 0 1 0 1 0 1 0 0 1 0 0 0 0 0 0 1 0 2 1 1 0 0 1 0 0 1 1 0 0 1 0 0 0 0 0 0 0 2 1 0 0 0 1
geno chr17.542510 ceu  1 1 0 0 1 1 0 1 1 1 2 0 0 0 0 0 0 0 0 1 1 0 0 1 0 0 0 0 0 0 1 0 1 0 0 0 0 0 0 0 0 0 0 0 1 2 0 0 1 1 0 0 0 0 0 0 1 0 0 1 0 0 2 0 0 0 0 1 0 0 0 0 0 0 0 0 2 0
geno chr17.542510 fin  1 0 0 0 0 1 0 0 0 0 0 0 0 0 0 0 1 0 1 0 0 1 0 0 1 0 0 1 0 0 1 0 1 0 1 0 0 1 1 1 0 0 0 0 1 0 1 0 0 0 1 1 0 0 0 0 0 0 0 0 0 0 0 0 0 1 0 1 1 0 1 0 0 0 0 1 0 0 0 0 0 0 1 1 0 0 0 1 0
geno chr17.542510 gbr  0 1 0 0 0 0 1 0 0 1 1 0 0 1 0 0 1 2 0 0 0 1 1 2 0 0 0 1 0 0 0 0 0 0 0 1 1 0 0 1 0 1 1 0 1 0 1 1 0 0 0 1 1 0 0 0 1 0 0 0 0 1 1 1 1 0 1 0 0 0 0 1 0 1 1 0 0 1 0 1 0 0 0 0
geno chr17.542510 tsi  1 0 0 2 0 0 1 1 0 2 0 1 2 0 0 0 0 1 0 0 0 0 2 1 1 1 0 1 1 1 1 1 1 0 0 1 0 1 1 1 0 0 0 1 1 2 1 2 2 0 0 0 2 1 1 1 0 0 0 1 0 1 0 1 1 1 0 2 1 0 0 0 2 0 0 1 0 0 0 1 0 0 0 0 0 1 1 0 2 0 1 0
geno chr17.542510 yri  0 0 0 0 0 0 0 0 0 0 0 0 0 0 0 0 1 0 0 0 0 0 0 0 1 0 0 0 0 0 0 0 0 0 0 0 0 0 0 0 0 0 0 0 0 0 0 0 0 0 0 0 0 0 0 0 0 0 1 0 0 0 0 0 0 0 0 0 0 0 0 0 0 0 0 0 0
geno chr17.543116 ceu  2 2 0 0 2 1 1 1 1 1 2 1 0 1 1 1 1 2 1 1 1 0 0 1 0 1 0 0 2 1 1 2 2 1 0 1 1 1 1 2 1 2 1 2 1 2 0 2 1 1 0 2 2 0 1 2 2 0 0 2 2 0 2 1 0 0 1 1 0 2 1 1 0 1 1 1 2 0
geno chr17.543116 fin  1 1 1 0 0 2 1 1 1 1 1 1 1 2 1 1 1 1 1 1 1 2 1 1 2 1 1 2 1 1 1 1 2 0 2 0 1 1 1 1 0 1 1 1 1 1 2 1 2 1 1 1 1 1 0 0 1 1 1 2 0 1 1 2 1 1 1 2 2 0 1 1 1 1 0 1 0 1 1 2 0 2 1 1 0 0 0 1 2
geno chr17.543116 gbr  1 1 1 0 1 0 2 0 1 1 1 2 0 2 0 0 2 2 0 2 0 2 2 2 0 1 1 1 1 0 1 1 1 1 1 2 1 0 0 1 0 1 2 0 1 1 1 2 1 0 1 2 1 0 0 1 2 1 0 1 1 2 1 2 1 0 1 0 0 2 0 2 0 2 1 1 0 1 0 1 0 0 1 0
geno chr17.543116 tsi  1 0 1 2 0 2 2 2 1 2 0 2 2 1 1 1 1 2 0 0 0 1 2 1 2 2 1 1 1 1 1 1 1 1 1 1 0 2 1 1 2 2 1 1 2 2 1 2 2 1 0 1 2 2 1 2 0 0 0 1 0 1 2 1 1 1 1 2 1 0 0 1 2 1 0 1 1 1 0 1 0 1 1 1 0 1 1 0 2 1 1 0
geno chr17.543116 yri  0 0 1 0 0 0 0 1 0 0 0 0 1 1 0 0 1 0 0 0 0 0 1 0 1 0 1 0 0 1 1 0 0 0 0 0 0 0 0 0 1 0 0 0 0 0 0 0 1 0 1 0 0 1 1 0 0 0 1 1 0 0 1 0 0 0 0 0 0 0 0 0 0 0 0 0 0
geno chr17.543595 ceu  2 2 0 0 2 1 1 1 1 1 2 1 0 1 1 1 1 2 1 1 1 0 0 1 0 1 0 0 2 1 1 2 2 1 0 1 1 1 1 2 1 2 0 2 1 2 0 2 1 1 0 2 2 0 1 2 2 0 0 2 2 0 2 1 0 0 1 1 0 1 1 1 0 1 1 1 2 0
geno chr17.543595 fin  1 1 1 0 0 2 1 1 1 1 1 1 1 2 1 1 1 1 1 1 1 2 1 0 2 1 1 2 1 1 1 1 2 0 1 0 1 1 1 1 0 1 1 0 1 1 2 1 2 1 1 1 0 1 0 0 1 1 0 2 0 1 1 2 1 1 1 2 2 0 1 1 1 0 0 1 0 1 1 2 0 2 1 1 0 0 0 1 1
geno chr17.543595 gbr  1 1 1 0 1 0 2 0 1 1 1 2 0 2 0 0 2 2 0 2 0 2 2 2 0 1 1 1 1 0 1 1 1 1 1 2 1 0 0 1 0 1 2 0 1 1 1 2 1 0 1 2 1 0 0 1 2 0 0 1 1 2 1 1 1 0 1 0 0 2 0 2 0 2 0 1 0 1 0 1 0 0 1 0
geno chr17.543595 tsi  1 0 1 2 0 2 2 2 1 2 0 2 2 1 1 1 1 2 0 0 0 1 2 1 2 2 1 1 1 1 1 1 1 1 1 1 0 2 1 1 1 2 1 1 2 2 1 2 2 1 0 1 2 2 1 2 0 0 0 1 0 1 2 1 1 1 1 2 1 0 0 1 2 1 0 1 1 1 0 1 0 0 1 1 0 1 1 0 2 1 1 0
geno chr17.543595 yri  0 0 0 0 0 0 0 0 0 0 0 0 0 1 0 0 1 0 0 0 0 0 1 0 1 0 0 0 0 0 0 0 0 0 0 0 0 0 0 0 1 0 0 0 0 0 0 0 1 0 1 0 0 1 0 0 0 0 1 0 0 0 0 0 0 0 0 0 0 0 0 0 0 0 0 0 0
geno chr17.543652 ceu  0 0 0 0 0 0 0 0 0 0 0 0 0 0 0 0 0 0 0 0 0 0 0 0 0 0 0 0 0 0 0 0 0 0 0 0 0 0 0 0 0 0 0 0 0 0 0 0 0 0 0 0 0 0 0 0 0 0 0 0 0 0 0 0 0 0 1 0 0 0 0 0 0 0 0 0 0 0
geno chr17.543652 fin  0 0 0 0 0 0 0 0 0 0 0 0 0 0 0 0 0 0 0 0 0 0 0 0 0 0 0 0 0 0 0 0 0 0 0 0 0 0 0 0 0 0 0 0 0 0 0 0 0 0 0 0 0 0 0 0 0 0 0 0 0 0 0 0 0 0 0 0 0 0 0 0 0 0 0 0 0 0 0 0 0 0 0 0 0 0 0 0 0
geno chr17.543652 gbr  0 0 0 0 0 0 0 0 0 0 0 0 0 0 0 0 0 0 0 0 0 0 0 0 0 0 0 0 0 0 0 0 0 0 0 0 0 0 0 0 0 0 0 0 0 0 0 0 0 0 0 0 0 0 0 0 0 0 0 0 0 0 0 0 0 0 0 0 0 0 0 0 0 0 0 0 0 0 0 0 0 0 0 0
geno chr17.543652 tsi  0 0 0 0 0 0 0 0 0 0 0 0 0 0 0 0 0 0 0 0 0 0 0 0 0 0 0 0 0 0 0 0 0 0 0 0 0 0 0 0 0 0 0 0 0 0 0 0 0 0 0 0 0 0 0 0 1 0 0 0 0 0 0 0 0 0 0 0 0 0 0 0 0 0 0 0 0 0 0 0 0 0 0 0 0 0 0 0 0 0 0 0
geno chr17.543652 yri  1 0 1 0 0 0 2 0 1 1 0 0 0 1 0 0 0 0 0 1 0 0 0 1 0 0 0 0 0 0 0 0 0 2 0 1 0 1 0 1 0 0 1 0 0 0 0 0 0 1 0 2 1 1 0 0 1 0 0 1 1 0 0 1 0 0 0 0 0 0 0 2 1 0 0 0 1
geno chr17.543738 ceu  0 0 1 0 0 0 0 0 0 0 0 0 0 0 0 0 0 0 0 0 0 0 0 0 0 0 0 0 0 0 0 0 0 0 1 0 0 0 0 0 0 0 0 0 0 0 0 0 0 0 0 0 0 0 1 0 0 0 1 0 0 0 0 0 0 0 0 0 0 0 0 0 0 0 0 0 0 0
geno chr17.543738 fin  0 0 0 0 0 0 0 0 0 1 1 0 0 0 0 0 0 0 0 0 0 0 0 0 0 0 0 0 0 0 0 0 0 0 0 0 0 0 0 0 0 0 0 0 0 0 0 0 0 0 0 1 0 0 0 0 1 0 0 0 1 1 0 0 0 0 0 0 0 0 0 0 0 0 0 0 0 0 0 0 0 0 0 0 0 0 0 0 0
geno chr17.543738 gbr  0 0 0 0 0 0 0 0 0 0 0 0 1 0 0 0 0 0 0 0 0 0 0 0 0 0 0 0 0 0 0 0 0 0 0 0 0 0 1 0 0 0 0 1 0 0 0 0 0 0 0 0 0 0 0 0 0 0 0 0 0 0 0 0 1 0 0 0 1 0 0 0 0 0 0 1 0 0 0 0 0 0 0 0
geno chr17.543738 tsi  0 1 0 0 0 0 0 0 0 0 0 0 0 0 0 0 0 0 0 0 0 0 0 0 0 0 0 0 0 0 0 0 0 0 0 1 1 0 0 0 0 0 0 0 0 0 0 0 0 0 0 0 0 0 1 0 0 0 0 0 0 0 0 0 1 0 0 0 0 0 0 0 0 0 0 0 0 0 0 0 0 0 0 0 1 0 0 1 0 0 0 0
geno chr17.543738 yri  0 1 0 0 1 0 0 0 0 0 2 0 0 0 0 0 1 1 0 0 0 0 0 0 0 0 0 0 0 0 1 1 0 0 1 0 1 0 0 0 0 0 0 1 0 2 1 0 0 0 0 0 0 0 0 0 1 1 0 0 0 0 0 0 2 0 0 0 0 1 0 0 1 1 0 0 0
geno chr17.544116 ceu  0 0 0 1 0 0 1 0 0 0 0 1 0 1 0 1 0 0 1 1 0 0 0 0 0 0 0 0 0 0 0 0 0 1 0 0 1 1 1 0 0 0 0 0 1 0 0 0 0 1 0 0 0 1 0 0 0 0 0 0 0 0 0 0 0 0 0 0 1 0 0 0 0 0 0 0 0 0
geno chr17.544116 fin  0 0 1 0 0 0 0 0 0 0 0 0 0 0 0 0 0 0 0 0 0 0 1 0 0 0 1 0 0 1 0 1 0 1 0 1 0 0 1 0 1 0 0 1 0 1 0 0 0 1 0 0 0 1 0 1 0 0 0 0 0 0 0 0 1 0 0 0 0 1 1 0 0 1 0 0 0 0 0 0 1 0 1 1 1 0 2 0 0
geno chr17.544116 gbr  1 0 1 1 0 1 0 0 0 0 1 0 0 0 1 1 0 0 0 0 0 0 0 0 0 0 0 1 0 0 0 0 0 0 0 0 0 0 0 0 0 1 0 0 1 1 0 0 0 0 0 0 1 0 0 0 0 0 0 1 0 0 1 0 0 1 1 1 0 0 0 0 0 0 0 0 0 0 0 1 0 1 0 0
geno chr17.544116 tsi  0 0 0 0 0 0 0 0 1 0 1 0 0 0 0 1 0 0 1 1 0 0 0 0 0 0 0 0 0 0 0 1 1 0 0 0 1 0 0 0 0 0 0 1 0 0 1 0 0 0 1 0 0 0 0 0 0 0 0 0 0 0 0 0 0 0 1 0 0 0 0 1 0 1 0 0 0 1 0 0 0 1 0 1 1 0 0 0 0 0 0 0
geno chr17.544116 yri  0 0 0 1 0 0 0 0 0 0 0 0 0 0 0 0 0 0 0 0 0 0 0 0 0 0 0 0 0 0 0 0 0 0 0 0 0 0 0 0 0 0 0 0 0 0 0 1 0 0 0 0 0 0 0 0 0 0 0 0 0 0 0 0 0 0 0 0 0 0 0 0 0 1 0 0 0
geno chr17.544239 ceu  2 1 2 2 2 2 2 2 2 2 2 2 2 2 2 2 2 2 2 2 2 2 2 2 2 2 2 2 2 2 2 2 2 2 2 2 2 2 2 2 2 1 2 2 2 2 2 2 2 2 2 2 2 2 2 2 2 2 2 2 2 2 2 2 2 2 2 2 2 2 2 2 2 2 2 2 2 2
geno chr17.544239 fin  2 2 2 2 2 2 2 2 2 2 2 2 2 2 2 2 2 2 2 2 2 2 2 2 2 2 2 2 2 2 2 2 2 2 2 2 2 2 2 2 2 2 2 2 2 2 2 2 2 2 2 2 2 2 2 2 2 2 1 2 2 2 2 2 2 2 2 2 2 2 2 2 2 2 1 1 2 2 2 2 2 2 2 2 1 2 2 2 2
geno chr17.544239 gbr  2 2 2 2 2 2 2 2 2 2 2 2 2 2 2 2 2 2 2 2 2 2 2 2 2 2 2 2 1 2 2 2 2 2 2 2 2 2 2 2 2 2 2 2 2 2 2 2 2 2 2 2 2 2 2 1 2 2 1 2 1 2 2 2 2 2 2 2 2 2 2 2 1 2 2 2 2 2 2 2 2 2 2 2
geno chr17.544239 tsi  2 2 2 1 2 2 2 2 2 2 2 2 2 2 2 2 2 2 2 2 2 2 2 2 2 2 2 2 2 2 2 2 2 2 2 2 2 2 1 2 2 2 2 2 2 2 2 2 2 2 2 2 2 2 2 2 2 2 2 2 2 2 2 2 2 2 2 2 2 2 2 2 2 2 2 2 2 2 2 2 2 2 2 2 2 2 2 2 2 2 2 2
geno chr17.544239 yri  2 2 2 2 2 2 2 2 2 2 2 2 2 2 2 2 2 2 2 2 1 2 2 2 2 0 1 1 2 1 1 2 2 2 2 2 2 2 2 2 1 2 2 2 1 2 2 2 2 2 2 2 2 2 2 2 2 1 2 2 2 2 2 1 2 1 2 2 1 2 2 2 2 2 2 2 2
geno chr17.544343 ceu  2 2 0 0 2 1 1 1 1 1 2 1 0 1 1 1 1 2 1 1 1 0 0 1 0 1 0 0 2 1 1 2 2 1 0 1 1 1 1 2 1 1 1 2 1 2 0 2 1 1 0 2 2 0 1 2 2 0 0 2 2 0 2 1 0 0 1 1 0 2 1 1 0 1 1 1 2 0
geno chr17.544343 fin  1 1 1 0 0 2 1 1 1 1 1 1 1 2 1 1 1 1 1 1 1 2 1 1 2 1 1 2 1 1 1 1 2 0 2 0 1 1 1 1 0 1 1 1 1 1 2 1 2 1 1 1 1 1 0 0 1 1 1 2 0 1 1 2 1 1 1 2 2 0 0 1 1 1 0 1 0 1 1 2 0 2 1 1 0 0 0 0 2
geno chr17.544343 gbr  1 0 1 0 1 0 1 0 1 0 1 2 0 2 0 0 2 2 0 2 0 2 2 2 0 1 1 0 1 0 1 1 1 1 1 2 1 0 0 1 0 1 2 0 1 1 1 2 1 0 1 2 1 0 0 1 2 1 0 1 1 2 1 2 1 0 1 0 0 2 0 2 0 2 1 1 0 1 0 1 0 0 1 0
geno chr17.544343 tsi  1 0 1 2 0 2 2 2 1 2 0 2 2 1 1 1 1 2 0 0 0 1 2 1 2 2 1 1 1 1 1 1 1 1 1 1 0 2 1 1 2 2 1 1 2 2 1 2 2 1 0 1 2 2 1 2 0 0 0 1 0 1 2 1 1 1 1 2 1 0 0 1 2 1 0 1 1 1 0 1 0 1 1 1 0 1 1 0 2 1 1 0
geno chr17.544343 yri  0 0 1 0 0 0 0 1 0 0 0 0 1 1 0 0 1 0 0 0 0 0 1 0 1 0 1 0 0 1 1 0 0 0 0 0 0 0 0 0 1 0 0 0 0 0 0 0 1 0 1 0 0 1 1 0 0 0 1 1 0 0 1 0 0 0 0 0 0 0 0 0 0 0 0 0 0
geno chr17.544444 ceu  0 0 0 1 0 0 1 0 0 0 0 1 0 1 0 1 0 0 1 1 0 0 0 0 0 0 0 0 0 0 0 0 0 1 0 0 1 1 1 0 0 0 0 0 1 0 0 0 0 1 0 0 0 1 0 0 0 0 0 0 0 0 0 0 0 0 0 0 1 0 0 0 0 0 0 0 0 0
geno chr17.544444 fin  0 0 1 0 0 0 0 0 0 0 0 0 0 0 0 0 0 0 0 0 0 0 1 0 0 0 1 0 0 1 0 1 0 1 0 1 0 0 1 0 1 0 0 1 0 1 0 0 0 1 0 0 0 1 0 1 0 0 0 0 0 0 0 0 1 0 0 0 0 1 1 0 0 1 0 0 0 0 0 0 1 0 1 1 1 0 2 0 0
geno chr17.544444 gbr  1 0 1 1 0 1 0 0 0 0 1 0 0 0 1 1 0 0 0 0 0 0 0 0 0 0 0 1 0 0 0 0 0 0 0 0 0 0 0 0 0 1 0 0 1 1 0 0 0 0 0 0 1 0 0 0 0 0 0 1 0 0 1 0 0 1 1 1 0 0 0 0 0 0 0 0 0 0 0 1 0 1 0 0
geno chr17.544444 tsi  0 0 0 0 0 0 0 0 1 0 1 0 0 0 0 1 0 0 1 1 0 0 0 0 0 0 0 0 0 0 0 1 1 0 0 0 1 0 0 0 0 0 0 1 0 0 1 0 0 0 1 0 0 0 0 0 0 0 0 0 0 0 0 0 0 0 1 0 0 0 0 1 0 1 0 0 0 1 0 0 0 1 0 1 1 0 0 0 0 0 0 0
geno chr17.544444 yri  1 0 0 1 0 0 0 0 0 0 0 0 0 0 0 0 0 0 0 0 0 0 0 0 0 0 0 0 0 0 0 0 0 0 0 0 0 0 0 0 0 0 0 0 0 0 0 1 0 0 0 0 0 0 0 0 0 0 0 0 0 0 0 0 0 0 0 0 0 0 0 0 0 1 0 0 0
geno chr17.544617 ceu  2 2 0 0 2 1 1 1 1 1 2 1 0 1 1 1 1 2 1 1 1 0 0 1 0 1 0 0 2 1 1 2 2 1 0 1 1 1 1 2 1 2 0 2 1 2 0 2 1 1 0 2 2 0 1 2 2 0 0 2 2 0 2 1 0 0 1 1 0 1 1 1 0 1 1 1 2 0
geno chr17.544617 fin  1 1 1 0 0 2 1 1 1 1 1 1 1 2 1 1 1 1 1 1 1 2 1 0 2 1 1 2 1 1 1 1 2 0 1 0 1 1 1 1 0 1 1 1 1 1 2 1 2 1 1 1 0 1 0 0 1 1 0 2 0 1 1 2 1 1 1 2 2 0 1 1 1 1 0 1 0 1 1 2 0 2 1 1 0 0 0 1 1
geno chr17.544617 gbr  1 1 1 0 1 0 2 0 1 1 1 2 0 2 0 0 2 2 0 2 0 2 2 2 0 1 1 1 1 0 1 1 1 1 1 2 1 0 0 1 0 1 2 0 1 1 1 2 1 0 1 2 1 0 0 1 2 0 0 1 1 2 1 1 1 0 1 0 0 2 0 2 0 2 1 1 0 1 0 1 0 0 1 0
geno chr17.544617 tsi  1 0 1 2 0 2 2 2 1 2 0 2 2 1 1 1 1 2 0 0 0 1 2 1 2 2 1 1 1 1 1 1 1 1 1 1 0 2 1 1 1 2 1 1 2 2 1 2 2 1 0 1 2 2 1 2 0 0 0 1 0 1 2 1 1 1 1 2 1 0 0 1 2 1 0 1 1 1 0 1 0 0 1 1 0 1 1 0 2 1 1 0
geno chr17.544617 yri  0 0 0 0 0 0 0 0 0 0 0 0 0 1 0 0 1 0 0 0 0 0 1 0 1 0 0 0 0 0 0 0 0 0 0 0 0 0 0 0 1 0 0 0 0 0 0 0 1 0 1 0 0 1 0 0 0 0 1 0 0 0 0 0 0 0 0 0 0 0 0 0 0 0 0 0 0
geno chr17.544747 ceu  0 0 0 0 0 0 0 0 0 0 0 0 0 0 0 0 0 0 0 0 0 0 0 0 0 0 0 0 0 0 0 0 0 0 0 0 0 0 0 0 0 0 0 0 0 0 0 0 0 0 0 0 0 0 0 0 0 0 0 0 0 0 0 0 0 0 0 0 0 0 0 0 0 0 0 0 0 0
geno chr17.544747 fin  0 0 0 0 0 0 0 0 0 0 0 0 0 0 0 0 0 0 0 0 0 0 0 0 0 0 0 0 0 0 0 0 0 0 0 0 0 0 0 0 0 0 0 0 0 0 0 0 0 0 0 0 0 0 0 0 0 0 0 0 0 0 0 0 0 0 0 0 0 0 0 0 0 0 0 0 0 0 0 0 0 0 0 0 0 0 0 0 0
geno chr17.544747 gbr  0 0 0 0 0 0 0 0 0 0 0 0 0 0 0 0 0 0 0 0 0 0 0 0 0 0 0 0 0 0 0 0 0 0 0 0 0 0 0 0 0 0 0 0 0 0 0 0 0 0 0 0 0 0 0 0 0 0 0 0 0 0 0 0 0 0 0 0 0 0 0 0 0 0 0 0 0 0 0 0 0 0 0 0
geno chr17.544747 tsi  0 0 0 0 0 0 0 0 0 0 0 0 0 0 0 0 0 0 0 0 0 0 0 0 0 0 0 0 0 0 0 0 0 0 0 0 0 0 0 0 0 0 0 0 0 0 0 0 0 0 0 0 0 0 0 0 0 0 0 0 0 0 0 0 0 0 0 0 0 0 0 0 0 0 0 0 0 0 0 0 0 0 0 0 0 0 0 0 0 0 0 0
geno chr17.544747 yri  0 0 0 0 0 1 0 1 1 1 0 2 0 0 2 1 0 1 0 1 1 1 1 0 1 0 0 1 2 0 0 1 1 0 0 1 0 0 2 0 0 0 0 1 1 0 0 1 0 1 0 0 0 0 1 0 0 0 1 0 0 1 0 0 0 0 1 0 0 0 2 0 0 0 1 2 0
geno chr17.544753 ceu  0 0 0 1 0 0 1 0 0 0 0 1 0 1 0 1 0 0 1 1 0 0 0 0 0 0 0 0 0 0 0 0 0 1 0 0 1 1 1 0 0 0 0 0 1 0 0 0 0 1 0 0 0 1 0 0 0 0 0 0 0 0 0 0 0 0 0 0 1 0 0 0 0 0 0 0 0 0
geno chr17.544753 fin  0 0 1 0 0 0 0 0 0 0 0 0 0 0 0 0 0 0 0 0 0 0 1 0 0 0 1 0 0 1 0 1 0 1 0 1 0 0 1 0 1 0 0 1 0 1 0 0 0 1 0 0 0 1 0 1 0 0 0 0 0 0 0 0 1 0 0 0 0 1 1 0 0 1 0 0 0 0 0 0 1 0 1 1 1 0 2 0 0
geno chr17.544753 gbr  1 0 1 1 0 1 0 0 0 0 1 0 0 0 1 1 0 0 0 0 0 0 0 0 0 0 0 1 0 0 0 0 0 0 0 0 0 0 0 0 0 1 0 0 1 1 0 0 0 0 0 0 1 0 0 0 0 0 0 1 0 0 1 0 0 1 1 1 0 0 0 0 0 0 0 0 0 0 0 1 0 1 0 0
geno chr17.544753 tsi  0 0 0 0 0 0 0 0 1 0 1 0 0 0 0 1 0 0 1 1 0 0 0 0 0 0 0 0 0 0 0 1 1 0 0 0 1 0 0 0 0 0 0 1 0 0 1 0 0 0 1 0 0 0 0 0 0 0 0 0 0 0 0 0 0 0 1 0 0 0 0 1 0 1 0 0 0 1 0 0 0 1 0 1 1 0 0 0 0 0 0 0
geno chr17.544753 yri  1 0 0 1 0 0 0 0 0 0 0 0 0 0 0 0 0 0 0 0 0 0 0 0 0 0 0 0 0 0 0 0 0 0 0 0 0 0 0 0 0 0 0 0 0 0 0 1 0 0 0 0 0 0 0 0 0 0 0 0 0 0 0 0 0 0 0 0 0 0 0 0 0 1 0 0 0
geno chr17.544992 ceu  0 0 0 1 0 0 1 0 0 0 0 1 0 1 0 1 0 0 1 1 0 0 0 0 0 0 0 0 0 0 0 0 0 1 0 0 1 1 1 0 0 0 0 0 1 0 0 0 0 1 0 0 0 1 0 0 0 0 0 0 0 0 0 0 0 0 0 0 1 0 0 0 0 0 0 0 0 0
geno chr17.544992 fin  0 0 1 0 0 0 0 0 0 0 0 0 0 0 0 0 0 0 0 0 0 0 1 0 0 0 1 0 0 1 0 1 0 1 0 1 0 0 1 0 1 0 0 1 0 1 0 0 0 1 0 0 0 1 0 1 0 0 0 0 0 0 0 0 1 0 0 0 0 1 1 0 0 1 0 0 0 0 0 0 1 0 1 1 1 0 2 0 0
geno chr17.544992 gbr  1 0 1 1 0 1 0 0 0 0 1 0 0 0 1 1 0 0 0 0 0 0 0 0 0 0 0 1 0 0 0 0 0 0 0 0 0 0 0 0 0 1 0 0 1 1 0 0 0 0 0 0 1 0 0 0 0 0 0 1 0 0 1 0 0 1 1 1 0 0 0 0 0 0 0 0 0 0 0 1 0 1 0 0
geno chr17.544992 tsi  0 0 0 0 0 0 0 0 1 0 1 0 0 0 0 1 0 0 1 1 0 0 0 0 0 0 0 0 0 0 0 1 1 0 0 0 1 0 0 0 0 0 0 1 0 0 1 0 0 0 1 0 0 0 0 0 0 0 0 0 0 0 0 0 0 0 1 0 0 0 0 1 0 1 0 0 0 1 0 0 0 1 0 1 1 0 0 0 0 0 0 0
geno chr17.544992 yri  1 0 0 1 0 0 0 0 0 0 0 0 0 0 0 0 0 0 0 0 0 0 0 0 0 0 0 0 0 0 0 0 0 0 0 0 0 0 0 0 0 0 0 0 0 0 0 1 0 0 0 0 0 0 0 0 0 0 0 0 0 0 0 0 0 0 0 0 0 0 0 0 0 1 0 0 0
geno chr17.545642 ceu  0 0 0 1 0 0 1 0 0 0 0 0 0 1 0 1 0 0 1 1 0 0 0 0 0 0 0 0 0 0 0 0 0 1 0 0 1 1 1 0 0 0 0 0 1 0 0 0 0 0 0 0 0 0 0 0 0 0 0 0 0 0 0 0 0 0 0 0 0 0 0 0 0 0 0 0 0 0
geno chr17.545642 fin  0 0 1 0 0 0 0 0 0 0 0 0 0 0 0 0 0 0 0 0 0 0 1 0 0 0 1 0 0 1 0 1 0 0 0 1 0 0 1 0 1 0 0 1 0 1 0 0 0 1 0 0 0 1 0 1 0 0 0 0 0 0 0 0 1 1 0 0 1 1 1 1 0 1 0 0 0 0 0 0 1 0 1 1 2 0 2 0 1
geno chr17.545642 gbr  1 0 1 1 0 1 0 0 0 0 1 0 0 0 0 0 0 0 0 0 0 0 0 0 0 0 0 1 1 0 0 0 1 0 0 0 0 0 0 0 0 1 0 0 1 1 0 0 0 0 0 0 1 0 0 1 0 0 1 1 1 0 1 0 0 0 1 1 0 0 0 0 1 0 0 0 0 0 0 0 0 1 0 0
geno chr17.545642 tsi  0 0 0 0 0 0 0 0 1 0 1 0 0 0 0 1 0 0 1 1 0 0 0 0 0 0 0 0 0 0 0 1 1 0 0 0 1 0 0 0 0 0 0 1 0 0 0 0 0 0 0 0 0 0 0 0 0 0 0 0 0 0 0 0 0 0 1 0 0 0 0 1 0 1 0 0 0 1 0 0 0 1 0 0 1 0 0 0 0 0 0 0
geno chr17.545642 yri  0 0 0 0 0 0 0 0 0 0 0 0 0 0 0 0 0 0 0 0 0 0 0 1 0 0 0 0 0 0 1 1 0 0 0 0 0 0 0 0 0 1 0 1 0 0 0 0 0 0 0 0 0 0 0 0 0 0 0 0 0 0 0 0 0 0 0 0 0 0 0 0 0 0 0 0 0
geno chr17.546163 ceu  0 0 0 0 0 0 1 0 0 0 0 1 0 0 0 0 0 2 1 0 0 0 0 0 0 1 0 0 2 0 0 2 1 1 0 1 1 0 1 2 1 2 0 2 0 0 0 1 0 0 0 1 2 0 0 2 1 0 0 1 2 0 0 0 0 0 1 0 0 0 1 1 0 1 1 1 0 0
geno chr17.546163 fin  0 1 0 0 0 1 1 1 1 1 1 1 1 2 1 1 0 1 0 0 1 1 1 0 1 0 0 1 1 1 0 0 0 0 0 0 1 0 0 0 0 1 1 1 0 1 1 1 2 1 0 0 0 1 0 0 1 1 0 1 0 1 1 2 0 0 0 1 0 0 0 0 1 1 0 0 0 1 1 2 0 2 0 0 0 0 0 0 0
geno chr17.546163 gbr  0 0 0 0 0 0 1 0 1 0 0 2 0 1 0 0 1 0 0 2 0 1 1 0 0 1 0 0 0 0 0 0 0 1 0 1 0 0 0 0 0 0 1 0 0 1 0 1 1 0 0 1 0 0 0 1 1 0 0 1 0 1 0 0 0 0 0 0 0 2 0 0 0 1 0 0 0 0 0 0 0 0 1 0
geno chr17.546163 tsi  0 0 1 0 0 1 1 1 1 0 0 1 0 1 1 1 1 0 0 0 0 1 0 0 1 1 1 0 0 0 0 0 0 0 1 0 0 1 0 0 1 2 0 0 1 0 0 0 0 1 0 0 0 0 0 1 0 0 0 0 0 0 2 0 0 0 0 0 0 0 0 0 0 1 0 0 0 1 0 0 0 0 1 1 0 0 0 0 0 1 0 0
geno chr17.546163 yri  0 0 0 0 0 0 0 0 0 0 0 0 0 0 0 0 0 0 0 0 0 0 0 0 0 0 0 0 0 0 0 0 0 0 0 0 0 0 0 0 0 0 0 0 0 0 0 0 1 0 0 0 0 0 0 0 0 0 0 0 0 0 0 0 0 0 0 0 0 0 0 0 0 0 0 0 0
geno chr17.546552 ceu  0 0 0 0 0 0 0 0 0 0 0 0 0 0 0 0 0 1 0 0 0 0 0 0 0 1 0 0 1 0 0 2 0 0 0 0 1 0 1 1 0 1 0 1 0 0 0 0 0 0 0 0 0 0 0 0 1 0 0 0 1 0 0 0 0 0 0 0 0 0 1 0 0 1 1 1 0 0
geno chr17.546552 fin  0 1 0 0 0 0 1 0 1 1 1 0 1 2 0 1 0 0 0 0 1 1 1 0 1 0 0 0 1 0 0 0 0 0 0 0 0 0 0 0 0 1 0 1 0 0 0 1 1 0 0 0 0 0 0 0 0 0 0 1 0 0 1 0 0 0 0 0 0 0 0 0 0 1 0 0 0 1 1 1 0 0 0 0 0 0 0 0 0
geno chr17.546552 gbr  0 0 0 0 0 0 0 0 1 0 0 2 0 1 0 0 0 0 0 1 0 0 1 0 0 1 0 0 0 0 0 0 0 0 0 0 0 0 0 0 0 0 1 0 0 0 0 0 0 0 0 0 0 0 0 0 0 0 0 1 0 0 0 0 0 0 0 0 0 2 0 0 0 0 0 0 0 0 0 0 0 0 1 0
geno chr17.546552 tsi  0 0 0 0 0 0 0 0 0 0 0 0 0 0 0 0 0 0 0 0 0 0 0 0 0 0 1 0 0 0 0 0 0 0 0 0 0 0 0 0 1 1 0 0 0 0 0 0 0 1 0 0 0 0 0 0 0 0 0 0 0 0 1 0 0 0 0 0 0 0 0 0 0 1 0 0 0 0 0 0 0 0 0 0 0 0 0 0 0 0 0 0
geno chr17.546552 yri  0 0 0 0 0 0 0 0 0 0 0 0 0 0 0 0 0 0 0 0 0 0 0 0 0 0 0 0 0 0 0 0 0 0 0 0 0 0 0 0 0 0 0 0 0 0 0 0 1 0 0 0 0 0 0 0 0 0 0 0 0 0 0 0 0 0 0 0 0 0 0 0 0 0 0 0 0
geno chr17.546564 ceu  0 0 0 0 0 0 0 0 0 0 0 0 0 0 0 0 0 0 0 0 0 0 0 0 0 0 0 0 0 0 0 0 0 0 0 0 0 0 0 0 0 0 0 0 0 0 0 0 0 0 0 0 0 0 0 0 0 0 0 0 0 0 0 0 0 0 0 0 0 0 0 0 0 0 0 0 0 0
geno chr17.546564 fin  0 0 0 0 0 0 0 0 0 0 0 0 0 0 0 0 0 0 0 0 0 0 0 0 0 0 0 0 0 0 0 0 0 0 0 0 0 0 0 0 0 0 0 0 0 0 0 0 0 0 0 0 0 0 0 0 0 0 0 0 0 0 0 0 0 0 0 0 0 0 0 0 0 0 0 0 0 0 0 0 0 0 0 0 0 0 0 0 0
geno chr17.546564 gbr  0 0 0 0 0 0 0 0 0 0 0 0 0 0 0 0 0 0 0 0 0 0 0 0 0 0 0 0 0 0 0 0 0 0 0 0 0 0 0 0 0 0 0 0 0 0 0 0 0 0 0 0 0 0 0 0 0 0 0 0 0 0 0 0 0 0 0 0 0 0 0 0 0 0 0 0 0 0 0 0 0 0 0 0
geno chr17.546564 tsi  0 0 0 0 0 0 0 0 0 0 0 0 0 0 0 0 0 0 0 0 0 0 0 0 0 0 0 0 0 0 0 0 0 0 0 0 0 0 0 0 0 0 0 0 0 0 0 0 0 0 0 0 0 0 0 0 0 0 0 0 0 0 0 0 0 0 0 0 0 0 0 0 0 0 0 0 0 0 0 0 0 0 0 0 0 0 0 0 0 0 0 0
geno chr17.546564 yri  0 0 0 0 0 1 0 1 1 1 0 2 0 0 2 1 0 1 0 1 1 1 1 0 1 0 0 1 2 0 0 1 1 0 0 1 0 0 2 0 0 0 0 1 1 0 0 1 0 1 0 0 0 0 1 0 0 0 1 0 0 1 0 0 0 0 1 0 0 0 2 0 0 0 1 2 0
geno chr17.546885 ceu  0 0 0 0 0 0 0 0 0 0 0 0 0 0 0 0 0 0 0 0 0 1 2 0 0 0 0 0 0 1 0 0 0 0 0 0 0 0 0 0 1 0 0 0 0 0 0 0 1 0 1 0 0 0 0 0 0 0 0 0 0 0 0 1 1 0 0 1 0 0 0 0 0 0 0 0 0 0
geno chr17.546885 fin  0 0 0 0 0 0 1 0 0 0 0 0 0 0 0 0 0 0 0 0 0 0 0 0 0 0 0 0 0 0 0 0 0 0 0 1 0 0 0 0 0 1 1 0 0 0 0 0 0 0 1 0 0 0 0 0 0 0 0 0 1 0 0 0 0 1 0 0 0 1 0 1 0 0 1 0 0 0 0 0 0 0 0 0 0 0 0 0 0
geno chr17.546885 gbr  0 0 0 0 0 0 0 0 0 1 0 0 0 0 1 0 0 0 0 0 0 0 0 0 0 0 0 0 0 0 0 0 0 0 1 0 0 0 0 0 1 0 0 0 0 0 0 0 0 1 0 0 0 0 0 0 0 0 0 0 0 0 0 0 0 0 0 0 0 0 0 0 0 0 0 0 0 0 0 0 0 0 0 0
geno chr17.546885 tsi  0 0 1 0 0 0 0 0 0 0 0 0 0 0 1 0 0 0 0 0 0 0 0 1 0 0 1 0 0 0 0 0 0 0 0 0 0 0 1 0 0 0 0 0 0 0 0 0 0 0 0 1 0 0 0 0 0 0 1 0 0 0 0 0 0 0 0 0 0 1 0 0 0 0 0 0 0 0 0 0 0 0 0 0 0 1 0 0 0 0 0 0
geno chr17.546885 yri  0 0 0 0 0 0 0 0 0 0 0 0 0 0 0 0 0 0 0 0 0 0 0 1 0 0 0 0 0 0 0 0 0 0 0 0 0 0 0 0 0 0 0 0 0 0 0 0 0 0 0 0 0 0 0 0 0 0 0 0 0 0 0 0 0 1 0 0 0 0 0 0 0 0 0 0 0
geno chr17.547124 ceu  2 2 0 0 2 1 1 1 1 1 2 1 0 1 1 1 1 2 1 1 1 0 0 1 0 1 0 0 2 1 1 2 2 1 0 1 1 1 1 2 1 2 0 2 1 2 0 2 1 1 0 2 2 0 1 2 2 0 0 2 2 0 2 1 0 0 1 1 0 1 1 1 0 1 1 1 2 0
geno chr17.547124 fin  1 1 1 0 0 2 1 1 1 1 1 1 1 2 1 1 1 1 1 1 1 2 1 0 2 1 1 2 1 1 1 1 2 0 1 0 1 1 1 1 0 1 1 1 1 1 2 1 2 1 1 1 0 1 0 0 1 1 0 2 0 1 1 2 1 1 1 2 2 0 1 1 1 1 0 1 0 1 1 2 0 2 1 1 0 0 0 1 1
geno chr17.547124 gbr  1 1 1 0 1 0 2 0 1 1 1 2 0 2 0 0 2 2 0 2 0 2 2 2 0 1 1 1 1 0 1 1 1 1 1 2 1 0 0 1 0 1 2 0 1 1 1 2 1 0 1 2 1 0 0 1 2 0 0 1 1 2 1 1 1 0 1 0 0 2 0 2 0 2 1 1 0 1 0 1 0 0 1 0
geno chr17.547124 tsi  1 0 1 2 0 2 2 2 1 2 0 2 2 1 1 1 1 2 0 0 0 1 2 1 2 2 1 1 1 1 1 1 1 1 1 1 0 2 1 1 1 2 1 1 2 2 1 2 2 1 0 1 2 2 1 2 0 0 0 1 0 1 2 1 1 1 1 2 1 0 0 1 2 1 0 1 1 1 0 1 0 0 1 1 0 1 1 0 2 1 1 0
geno chr17.547124 yri  0 0 0 0 0 0 0 0 0 0 0 0 0 1 0 0 1 0 0 0 0 0 1 0 1 0 0 0 0 0 0 0 0 0 0 0 0 0 0 0 1 0 0 0 0 0 0 0 1 0 1 0 0 1 0 0 0 0 1 0 0 0 0 0 0 0 0 0 0 0 0 0 0 0 0 0 0
geno chr17.547843 ceu  2 2 0 0 2 1 1 1 1 1 2 1 0 1 1 1 1 2 1 1 1 0 0 1 0 1 0 0 2 1 1 2 2 1 0 1 1 1 1 2 1 2 1 2 1 2 0 2 1 1 0 2 2 0 1 2 2 0 0 2 2 0 2 1 0 0 1 1 0 2 1 1 0 1 1 1 2 0
geno chr17.547843 fin  1 1 1 0 0 2 1 1 1 1 1 1 1 2 1 1 1 1 1 1 1 2 1 1 2 1 1 2 1 1 1 1 2 0 2 0 1 1 1 1 0 1 1 1 1 1 2 1 2 1 1 1 1 1 0 0 1 1 1 2 0 1 1 2 1 1 1 2 2 0 1 1 1 1 0 1 0 1 1 2 0 2 1 1 0 0 0 1 2
geno chr17.547843 gbr  1 1 1 0 1 0 2 0 1 1 1 2 0 2 0 0 2 2 0 2 0 2 2 2 0 1 1 1 1 0 1 1 1 1 1 2 1 0 0 1 0 1 2 0 1 1 1 2 1 0 1 2 1 0 0 1 2 1 0 1 1 2 1 2 1 0 1 0 0 2 0 2 0 2 1 1 0 1 0 1 0 0 1 0
geno chr17.547843 tsi  1 0 1 2 0 2 2 2 1 2 0 2 2 1 1 1 1 2 0 0 0 1 2 1 2 2 1 1 1 1 1 1 1 1 1 1 0 2 1 1 2 2 1 1 2 2 1 2 2 1 0 1 2 2 1 2 0 0 0 1 0 1 2 1 1 1 1 2 1 0 0 1 2 1 0 1 1 1 0 1 0 1 1 1 0 1 1 0 2 1 1 0
geno chr17.547843 yri  0 0 1 0 0 0 0 1 0 0 0 0 1 1 0 0 1 0 0 0 0 0 1 0 1 0 1 0 0 1 1 0 0 0 0 0 0 0 0 0 1 0 0 0 0 0 0 0 1 0 1 0 0 1 1 0 0 0 1 1 0 0 1 0 0 0 0 0 0 0 0 0 0 0 0 0 0
geno chr17.548775 ceu  0 0 1 1 0 0 0 0 0 0 0 0 0 0 0 0 1 0 0 0 1 0 0 0 1 1 0 2 0 0 0 0 0 0 1 1 0 0 0 0 0 0 0 0 0 0 1 0 0 0 0 0 0 0 0 0 0 2 0 0 0 0 0 0 1 2 0 0 1 0 0 1 0 1 0 0 0 2
geno chr17.548775 fin  0 0 0 0 0 0 0 1 0 0 0 1 0 0 1 1 1 0 0 1 0 0 0 0 0 1 0 0 1 0 0 0 0 0 0 0 0 1 0 0 1 0 0 0 1 0 0 0 0 0 0 0 0 0 0 0 0 1 1 0 0 0 0 0 0 0 1 0 0 0 0 0 1 0 1 1 0 0 0 0 0 0 0 0 0 1 0 1 0
geno chr17.548775 gbr  0 1 0 0 0 1 0 1 1 0 0 0 0 0 0 0 0 0 0 0 0 0 0 0 0 0 1 0 0 1 0 0 0 1 0 0 0 1 0 0 0 0 0 0 0 0 0 0 0 0 0 0 0 0 1 0 0 1 1 0 0 0 0 0 0 0 0 1 1 0 1 0 1 0 1 0 0 0 1 0 1 1 1 1
geno chr17.548775 tsi  1 1 0 0 1 0 0 0 0 0 0 0 0 1 0 0 1 0 0 1 0 0 0 0 0 0 0 0 0 0 0 0 0 0 0 0 0 0 0 0 0 0 1 0 0 0 0 0 0 0 0 0 0 0 0 0 0 1 0 0 0 1 0 0 0 0 0 0 0 1 1 0 0 0 1 1 0 0 0 0 0 0 0 0 0 0 0 0 0 0 0 0
geno chr17.548775 yri  0 0 0 0 0 0 0 0 0 0 0 0 0 0 0 0 0 0 0 0 0 0 0 0 0 0 0 0 0 0 0 0 0 0 0 0 1 0 0 0 0 0 0 0 0 0 0 0 0 0 0 0 0 0 0 0 0 0 0 0 0 0 0 0 0 0 0 0 0 1 0 0 0 0 0 0 0
geno chr17.549032 ceu  0 1 0 0 0 1 1 0 1 1 1 0 2 1 1 0 0 0 0 1 1 1 1 1 1 0 2 0 0 0 1 0 0 1 1 0 0 0 1 0 1 1 1 0 0 0 1 0 0 0 1 0 0 1 1 1 0 0 1 1 1 2 0 0 0 0 0 0 1 0 1 1 2 0 0 1 1 0
geno chr17.549032 fin  1 1 0 2 2 0 0 0 1 0 0 0 1 0 0 0 0 1 1 0 1 0 0 1 0 0 0 0 0 0 1 0 0 1 0 0 1 0 1 1 0 0 0 0 0 0 0 0 0 0 0 0 1 0 2 1 0 0 0 0 0 0 1 1 0 0 0 0 0 0 0 0 0 0 1 1 2 0 1 0 1 0 0 0 1 1 0 0 1
geno chr17.549032 gbr  0 0 0 1 1 0 0 2 0 0 0 0 1 0 0 1 0 0 2 0 2 0 0 0 2 1 0 0 1 1 1 1 1 0 0 0 1 1 1 1 1 0 0 1 0 0 1 0 1 1 1 0 0 2 1 1 0 0 1 0 1 0 0 0 0 0 0 0 0 0 1 0 1 0 0 0 2 1 1 0 1 0 0 1
geno chr17.549032 tsi  0 1 0 0 1 0 0 0 0 0 1 0 0 0 0 1 1 0 1 0 2 1 0 0 0 0 0 1 1 1 0 0 1 1 0 0 0 0 1 1 0 0 0 0 0 0 0 0 0 1 1 0 0 0 0 0 1 1 1 1 2 0 0 1 1 1 0 0 0 0 1 0 0 0 1 0 1 0 2 1 2 0 1 0 1 0 0 1 0 0 1 2
geno chr17.549032 yri  0 0 1 1 1 0 0 0 0 0 0 1 1 0 0 1 0 1 1 0 0 1 0 0 0 0 0 0 0 1 1 0 1 0 0 0 0 1 0 0 0 2 0 0 0 0 1 0 1 0 1 0 1 0 0 1 0 0 0 0 1 1 2 0 0 0 1 2 0 0 0 0 0 0 1 0 0
geno chr17.549325 ceu  0 0 1 1 0 0 0 0 0 0 0 0 0 0 0 0 0 0 0 0 0 0 0 0 0 0 0 0 0 0 0 0 0 0 0 0 1 1 0 0 0 0 0 0 0 0 0 0 0 1 1 0 0 0 0 0 0 0 0 0 0 0 0 0 0 0 0 0 0 0 0 0 0 0 0 0 0 0
geno chr17.549325 fin  0 0 0 0 0 0 0 0 0 1 0 0 1 0 0 0 0 0 0 0 1 0 0 0 0 0 0 0 0 0 0 0 0 0 0 0 0 0 0 1 0 1 0 1 0 0 0 0 0 0 0 0 0 0 0 0 1 0 0 1 0 1 0 0 0 0 0 0 0 1 0 0 0 0 0 0 0 1 0 0 1 0 0 0 0 0 0 0 0
geno chr17.549325 gbr  0 0 0 0 0 0 0 0 0 0 0 0 0 0 0 0 0 0 0 0 0 0 0 0 1 0 0 0 0 1 0 0 0 0 0 0 0 0 0 0 0 0 0 0 0 0 0 0 0 0 0 0 0 0 0 0 0 0 0 1 0 0 1 0 0 0 0 0 0 0 0 0 0 0 1 1 0 0 0 0 1 0 0 1
geno chr17.549325 tsi  0 0 0 0 0 0 0 0 0 0 0 0 0 0 0 0 0 0 0 0 0 0 1 0 0 0 0 0 0 0 0 0 0 0 0 0 0 0 0 0 1 0 0 0 0 0 0 0 0 0 0 0 0 0 0 0 0 0 0 0 0 0 0 0 0 0 0 0 0 0 0 0 0 0 0 0 0 0 0 0 0 0 0 0 0 0 0 0 0 0 0 0
geno chr17.549325 yri  0 0 0 0 0 1 0 0 0 0 0 0 0 0 0 1 0 0 0 0 1 0 0 0 0 0 0 0 0 0 0 1 1 0 0 0 0 0 0 0 0 0 0 0 0 0 0 0 0 0 0 0 0 0 0 0 0 0 0 0 0 0 0 0 0 0 0 0 0 0 0 0 0 0 0 0 0
geno chr17.549410 ceu  0 0 0 0 0 1 0 0 0 0 0 0 0 0 0 0 0 0 0 0 0 0 0 0 0 0 0 0 0 0 0 0 0 0 0 0 0 0 0 0 0 0 0 0 1 0 0 0 0 0 0 0 0 0 0 0 0 0 0 0 1 0 0 0 0 0 0 0 0 0 0 0 0 0 0 0 0 0
geno chr17.549410 fin  0 0 0 0 0 0 0 0 0 0 0 0 0 0 0 0 0 0 0 1 1 1 0 0 0 0 0 0 0 0 0 0 0 1 0 0 0 0 0 0 0 0 0 0 0 0 0 0 1 0 0 0 0 0 0 1 0 0 1 0 0 0 0 0 0 0 1 0 0 0 0 0 0 0 1 1 0 0 0 1 1 0 0 0 1 0 0 0 0
geno chr17.549410 gbr  0 0 1 0 0 0 0 0 0 0 0 0 0 0 0 0 0 0 1 0 0 0 0 0 0 0 0 0 0 0 0 0 0 0 0 1 0 0 0 0 0 1 0 0 0 0 0 0 0 0 0 0 0 0 0 0 0 0 1 0 0 0 1 0 0 0 0 1 1 0 1 1 0 0 1 0 0 1 1 0 1 0 0 1
geno chr17.549410 tsi  0 0 0 0 0 0 0 0 0 1 0 0 0 0 0 0 0 0 0 0 0 0 0 0 0 0 0 0 0 0 0 0 0 0 0 0 0 0 0 0 0 0 0 1 0 0 0 0 0 0 0 0 0 0 0 0 0 0 0 0 0 0 0 0 0 0 0 0 0 0 0 0 0 0 0 0 0 0 0 0 2 0 0 0 0 0 0 0 0 0 1 0
geno chr17.549410 yri  0 0 0 0 0 1 0 0 0 0 0 0 0 0 0 1 0 0 0 0 0 0 0 0 0 0 0 0 0 0 0 0 0 0 0 0 0 0 0 0 0 0 0 1 0 0 0 0 0 0 0 0 0 0 0 0 0 0 0 0 0 0 0 0 0 0 0 0 0 0 0 0 0 0 0 0 0
geno chr17.549450 ceu  1 2 0 0 2 1 2 1 1 2 2 1 0 2 1 1 1 2 2 2 1 0 0 1 0 2 0 0 2 1 1 2 2 1 0 1 1 2 1 2 1 2 0 2 1 1 0 1 1 1 0 2 2 0 1 2 2 0 0 2 2 0 2 1 0 0 1 1 0 1 1 1 0 1 1 1 2 0
geno chr17.549450 fin  1 1 1 0 0 2 1 1 1 1 1 1 1 2 1 1 1 1 1 1 1 2 1 0 2 1 2 2 1 2 1 1 1 0 1 0 1 1 1 1 0 1 1 1 1 2 2 2 2 2 1 1 0 2 0 0 1 1 0 1 0 1 1 2 1 1 1 2 1 0 1 1 1 1 0 1 0 1 1 2 0 1 1 1 0 0 0 0 1
geno chr17.549450 gbr  2 1 1 0 1 0 2 0 1 1 1 2 0 2 0 1 2 1 1 2 0 2 2 1 0 1 1 1 1 0 1 0 1 1 1 1 1 0 0 1 0 0 2 0 1 2 1 2 1 0 1 2 1 0 0 1 2 0 0 1 1 2 1 1 1 0 2 0 0 2 0 2 0 2 1 1 0 1 1 2 0 0 1 0
geno chr17.549450 tsi  1 0 1 2 0 1 2 2 1 2 0 2 2 1 1 1 1 2 0 0 0 1 2 1 2 2 1 1 1 1 1 1 1 1 2 1 0 2 1 1 1 2 1 1 2 2 1 2 2 1 0 1 2 2 1 2 0 0 0 1 0 1 2 2 1 2 2 2 2 0 0 2 2 2 0 1 1 2 0 1 2 0 2 2 0 1 1 0 2 2 2 0
geno chr17.549450 yri  0 0 0 0 0 0 0 0 0 0 0 0 0 1 0 0 1 0 0 0 0 0 0 0 0 0 0 0 0 0 0 0 0 0 0 0 0 0 0 0 1 0 0 0 0 0 0 0 1 0 1 0 0 1 0 0 0 0 1 0 0 0 0 0 0 0 0 0 0 0 0 0 0 0 0 0 0
geno chr17.549516 ceu  0 0 1 1 0 0 0 0 0 0 0 0 0 0 0 0 1 0 0 0 1 0 0 0 1 1 0 2 0 0 0 0 0 0 1 1 0 0 0 0 0 0 0 0 0 0 2 0 0 0 0 0 0 0 0 0 0 2 0 0 0 1 0 0 1 2 0 0 2 0 0 1 0 1 0 0 0 2
geno chr17.549516 fin  0 0 0 0 0 0 0 1 0 0 0 1 0 0 1 1 1 0 0 1 0 0 0 0 0 1 0 0 1 0 0 0 0 0 0 0 0 1 0 0 1 0 0 0 1 0 0 0 0 0 0 0 0 0 0 0 0 1 1 0 0 0 0 0 0 0 1 0 0 0 0 0 1 0 1 1 0 0 0 0 0 0 0 0 0 1 0 1 0
geno chr17.549516 gbr  0 1 0 0 0 1 0 1 1 0 0 0 0 0 0 0 0 0 0 0 0 0 0 0 0 0 1 0 0 1 0 0 0 1 0 0 0 1 0 0 0 0 0 0 0 0 0 0 0 0 0 0 0 0 1 0 0 1 1 0 0 0 0 0 0 0 0 2 1 0 1 0 1 0 1 0 0 0 1 0 1 1 1 1
geno chr17.549516 tsi  1 1 0 0 1 0 0 0 0 0 0 0 0 1 0 0 1 0 0 1 0 0 0 0 0 0 0 0 0 0 0 0 0 0 0 0 0 0 0 0 0 0 1 0 0 0 0 0 0 0 0 0 0 0 0 0 0 1 1 0 0 1 0 0 0 0 0 0 0 1 1 0 0 0 1 1 0 0 0 0 0 0 0 0 0 0 0 0 0 0 0 0
geno chr17.549516 yri  0 0 0 0 0 0 0 0 0 0 0 0 0 0 0 0 0 0 0 0 0 0 0 0 0 0 0 0 0 0 0 0 0 0 0 0 1 0 0 0 0 0 0 0 0 0 0 0 0 0 0 0 0 0 0 0 0 0 0 0 0 0 0 0 0 0 0 0 0 1 0 0 0 0 0 0 0
geno chr17.549798 ceu  2 2 2 2 2 2 2 2 2 2 2 2 2 2 2 2 2 2 2 2 2 2 1 2 2 2 2 2 2 2 2 2 2 2 2 2 2 2 2 2 2 2 2 2 2 2 2 2 2 2 2 2 2 2 2 2 2 2 2 2 2 2 2 2 2 2 2 2 2 2 2 2 2 2 2 2 2 2
geno chr17.549798 fin  2 2 2 2 2 2 2 2 2 2 2 2 2 2 2 2 2 2 2 2 2 2 2 2 2 2 2 2 2 2 2 2 2 2 2 2 2 2 2 2 2 2 2 2 2 2 2 2 2 2 2 2 2 2 2 2 2 2 2 2 2 2 2 2 2 2 2 2 2 1 2 2 2 2 2 2 2 2 2 2 2 2 2 2 2 2 2 2 0
geno chr17.549798 gbr  2 2 2 2 2 2 2 2 2 2 2 2 2 2 2 2 2 2 2 2 2 2 2 2 2 2 2 2 2 2 2 2 2 2 2 2 2 2 2 2 2 2 2 2 2 2 2 2 2 2 2 2 2 2 2 2 2 2 1 2 2 2 2 2 2 2 2 2 2 2 2 2 2 2 2 2 2 2 2 2 2 2 2 2
geno chr17.549798 tsi  2 2 2 2 2 2 2 2 2 2 2 2 2 2 2 2 2 2 2 2 2 2 2 2 2 2 2 2 2 2 2 2 2 2 2 2 2 2 2 2 2 2 2 2 2 2 2 2 2 2 2 2 2 2 2 2 2 2 2 2 2 2 2 1 2 2 2 2 2 2 2 2 2 2 2 2 2 2 2 2 2 2 2 2 2 2 2 2 2 2 2 2
geno chr17.549798 yri  2 2 2 2 2 2 2 2 2 2 2 2 2 2 2 2 2 2 2 2 2 2 2 1 2 0 1 1 2 1 1 2 2 2 2 2 2 1 2 2 1 2 1 2 0 2 2 2 2 1 2 2 1 2 2 2 2 1 2 2 1 2 2 1 2 1 2 2 1 2 1 2 2 2 2 2 2
geno chr17.550621 ceu  0 0 1 1 0 0 0 0 0 0 0 0 0 0 0 0 1 0 0 0 1 0 0 0 1 1 0 2 0 0 0 0 0 0 1 1 0 0 0 0 0 0 0 0 0 0 1 0 0 0 0 0 0 0 0 0 0 2 0 0 0 0 0 0 1 2 0 0 1 0 0 1 0 1 0 0 0 2
geno chr17.550621 fin  0 0 0 0 0 0 0 1 0 0 0 1 0 0 1 1 1 0 0 1 0 0 0 0 0 1 0 0 1 0 0 0 0 0 0 0 0 1 0 0 1 0 0 0 1 0 0 0 0 0 0 0 0 0 0 0 0 1 1 0 0 0 0 0 0 0 1 0 0 0 0 0 1 0 1 1 0 0 0 0 0 0 0 0 0 1 0 1 0
geno chr17.550621 gbr  0 1 0 0 0 1 0 1 1 0 0 0 0 0 0 0 0 0 0 0 0 0 0 0 0 0 1 0 0 1 0 0 0 1 0 0 0 1 0 0 0 0 0 0 0 0 0 0 0 0 0 0 0 0 1 0 0 1 1 0 0 0 0 0 0 0 0 1 1 0 1 0 1 0 1 0 0 0 1 0 1 1 1 1
geno chr17.550621 tsi  1 1 0 0 1 0 0 0 0 0 0 0 0 1 0 0 1 0 0 1 0 0 0 0 0 0 0 0 0 0 0 0 0 0 0 0 0 0 0 0 0 0 1 0 0 0 0 0 0 0 0 0 0 0 0 0 0 1 0 0 0 1 0 0 0 0 0 0 0 1 1 0 0 0 1 1 0 0 0 0 0 0 0 0 0 0 0 0 0 0 0 0
geno chr17.550621 yri  0 0 0 0 0 0 0 0 0 0 0 0 0 0 0 0 0 0 0 0 0 0 0 0 0 0 0 0 0 0 0 0 0 0 0 0 1 0 0 0 0 0 0 0 0 0 0 0 0 0 0 0 0 0 0 0 0 0 0 0 0 0 0 0 0 0 0 0 0 1 0 0 0 0 0 0 0
geno chr17.551316 ceu  2 2 0 0 2 1 1 1 1 1 2 1 0 1 1 1 1 2 1 1 1 0 0 1 0 1 0 0 2 1 1 2 2 1 0 1 1 1 1 2 1 2 0 2 1 2 0 2 1 1 0 2 2 0 1 2 2 0 0 2 2 0 2 1 0 0 1 1 0 1 1 1 0 1 1 1 2 0
geno chr17.551316 fin  1 1 1 0 0 2 1 1 1 1 1 1 1 2 1 1 1 1 1 1 1 2 1 0 2 1 1 2 1 1 1 1 2 0 1 0 1 1 1 1 0 1 1 1 1 1 2 1 2 1 1 1 0 1 0 0 1 1 0 2 0 1 1 2 1 1 1 2 2 0 1 1 1 1 0 1 0 1 1 2 0 2 1 1 0 0 0 1 1
geno chr17.551316 gbr  1 1 1 0 1 0 2 0 1 1 1 2 0 2 0 0 2 2 0 2 0 2 2 2 0 1 1 1 1 0 1 1 1 1 1 2 1 0 0 1 0 1 2 0 1 1 1 2 1 0 1 2 1 0 0 2 2 0 0 1 1 2 1 1 1 0 1 0 0 2 0 2 0 2 1 1 0 1 0 1 0 0 1 0
geno chr17.551316 tsi  1 0 1 2 0 2 2 2 1 2 0 2 2 1 1 1 1 2 0 0 0 1 2 1 2 2 1 1 1 1 1 1 1 1 1 1 0 2 1 1 1 2 1 1 2 2 1 2 2 1 0 1 2 2 1 2 0 0 0 1 0 1 2 1 1 1 1 2 1 0 0 1 2 1 0 1 1 1 0 1 0 0 1 1 0 1 1 0 2 1 1 0
geno chr17.551316 yri  0 0 0 0 0 0 0 0 0 0 0 0 0 1 0 0 1 0 0 0 0 0 1 0 1 0 0 0 0 0 0 0 0 0 0 0 0 0 0 0 1 0 0 0 0 0 0 0 1 0 1 0 0 1 0 0 0 0 1 0 0 0 0 0 0 0 0 0 0 0 0 0 0 0 0 0 0
geno chr17.551853 ceu  0 0 1 0 0 1 0 1 1 1 0 0 2 0 1 0 0 0 0 0 0 1 0 1 1 0 2 0 0 0 1 0 0 0 1 0 0 0 0 0 0 0 1 0 0 0 1 0 0 0 1 0 0 1 1 0 0 0 2 0 0 2 0 0 0 0 1 0 0 0 1 0 2 0 1 1 0 0
geno chr17.551853 fin  1 1 0 2 2 0 0 0 1 1 1 0 1 0 0 0 0 1 1 0 1 0 0 1 0 0 0 0 0 0 1 0 0 1 0 0 1 0 0 1 0 0 0 0 0 0 0 1 0 0 0 1 1 0 2 1 1 0 0 0 1 1 1 0 0 0 0 0 0 0 0 0 0 0 0 0 2 1 1 0 1 0 0 0 1 1 0 0 0
geno chr17.551853 gbr  0 0 0 1 1 0 0 1 0 0 0 0 2 0 0 1 0 0 2 0 2 0 0 0 2 1 0 0 1 1 1 1 1 0 0 0 1 1 2 1 1 0 0 2 0 0 1 0 1 1 1 0 0 2 1 0 0 0 1 0 1 0 0 0 1 1 0 0 1 0 1 0 1 0 0 1 2 1 1 0 1 0 0 1
geno chr17.551853 tsi  0 1 0 0 1 0 0 0 0 0 1 0 0 0 0 0 0 0 1 0 2 1 0 0 0 0 0 1 1 1 1 0 0 1 1 1 1 0 0 1 0 0 0 0 0 0 0 0 0 1 1 0 0 0 1 0 2 1 1 1 2 0 0 1 1 1 0 0 1 0 1 0 0 0 1 0 1 0 2 1 2 0 1 0 1 0 1 2 0 1 1 2
geno chr17.551853 yri  1 2 1 1 2 2 2 1 2 2 2 1 1 1 2 2 1 2 2 2 1 2 1 2 1 0 0 1 2 0 1 2 2 2 2 2 1 2 2 2 0 2 1 2 1 2 2 1 1 2 1 2 2 1 1 1 2 1 1 1 2 2 1 1 2 0 2 2 0 1 2 2 2 1 2 2 2
