pheno ENSG00000037474 ceu 1.627867 2.056394 1.320874 2.059436 1.359066 3.224814 1.315576 1.359298 3.785346 0.4624822 2.014893 2.626005 2.437223 2.779488 0.6847462 1.871697 1.366447 0.9017926 -0.03988205 2.793946 2.817286 1.967524 1.402301 3.667419 1.846276 1.011477 -0.8868078 1.769749 1.519883 1.682369 0.9480749 1.612997 2.401516 2.280506 1.647377 0.5929481 1.497964 1.573614 2.869342 3.365515 2.214742 0.7143305 2.156261 0.4898978 2.81384 0.1260373 2.240922 1.761101 0.07478463 1.006573 0.9141547 1.520336 1.799027 0.4076934 0.3971181 1.116496 1.10947 2.933697 2.738549 1.624412 3.116344 2.162412 1.678777 1.811574 2.595823 0.4426122 1.180822 2.888657 1.295267 1.185297 2.876057 0.4950905 1.077088 2.26353 1.415563 1.169676 3.125699 2.125969
pheno ENSG00000037474 fin 1.703515 0.3296577 1.274352 0.9904666 1.253129 0.5087486 2.3127 1.549393 2.615746 3.102111 1.708403 1.660415 1.261799 2.670197 0.8859606 1.823221 2.296322 2.384261 2.148274 3.014062 1.423254 1.609275 1.855814 3.111557 3.364226 2.209513 1.577147 1.516939 3.002521 1.522662 2.18168 2.937672 0.364743 2.570408 2.035781 3.361432 2.954451 1.940412 1.570044 3.087485 2.088665 1.31369 0.1128619 2.37476 3.194708 1.060511 3.503856 2.352439 2.938958 3.176465 3.579975 2.243463 2.398653 1.192955 1.582932 -0.1616177 1.364353 2.916847 1.658153 0.8301545 1.845166 1.462031 1.882712 3.788834 2.433147 2.114898 3.188796 1.436804 0.5991152 2.878228 1.334966 2.240124 1.701937 3.453393 2.806592 1.592957 2.2858 3.200834 1.760566 2.985203 1.973794 1.638057 1.613899 2.742939 3.079885 0.5369834 2.276649 1.046469 1.745641
pheno ENSG00000037474 gbr 0.03700216 0.9798969 0.6037819 0.9688941 0.6086211 -1.536564 0.1383377 -1.255759 0.3745153 -1.001877 -1.082292 -0.7718383 0.1136132 -0.5332677 0.5942624 0.4232211 -1.193302 -0.7643772 -0.3507619 -0.605816 0.1504582 0.3334276 -1.705778 0.09770054 -1.701516 0.2963587 -0.206048 0.7250591 0.3643551 1.355887 1.429921 -0.4484585 -1.442147 -0.0414385 -1.009787 0.8598481 0.1742802 -0.412617 1.320844 0.9409868 0.4027942 -0.1282907 0.7390672 1.2049 -1.326657 0.7695216 -1.263794 1.054706 -2.878554 -2.086684 0.7270675 1.810923 2.284844 -1.111582 0.5784101 0.5950612 0.6777101 0.122982 0.08689321 0.01015137 -0.2750004 1.478519 -0.103884 1.02335 0.2687683 2.1773 -1.407979 0.3486799 0.0898972 -0.3213181 1.18234 -0.01038264 0.5930404 0.3587945 0.4039218 -0.2706905 0.5148218 2.288886 -0.8882437 0.9639116 -1.125743 -0.3432623 -0.4481907 -0.3942726
pheno ENSG00000037474 tsi 1.66428 -0.1575201 0.05838141 -0.4211059 3.800872 0.4948585 0.9845843 2.336816 2.711269 0.3116143 1.080256 1.729513 0.5471588 1.453933 1.283698 1.898422 0.7205083 -0.6327032 1.892383 1.926106 1.238849 2.506673 0.7162286 0.2986222 1.231606 0.6387189 1.459697 1.987979 1.765671 -0.4522964 2.211668 0.8308291 0.7265712 1.75157 1.964642 1.233884 2.247845 0.1656232 1.950779 1.521635 0.6615979 0.8660313 -0.7133419 0.8244686 2.838332 1.395542 1.575842 -0.6386767 0.003707211 -0.092962 1.41849 2.74172 0.5288332 0.828169 0.7802411 -0.3142693 1.302532 -0.4221661 0.8868224 0.08031551 0.5358963 1.172511 1.361376 1.207138 0.7832402 0.6117644 0.4221897 1.347586 -0.4916492 0.9711438 1.10256 1.030985 1.826162 -0.8121193 1.69186 -0.5394849 1.04042 1.335354 0.06044943 0.5976004 1.877909 0.5035509 1.263897 0.920659 -0.1607047 0.5223154 1.552327 -0.2421035 3.060796 2.775708 1.169779 0.1097062
pheno ENSG00000037474 yri 0.3532214 -1.402471 -0.9139301 -1.189314 -3.265147 -2.412988 -2.540463 -2.863217 -0.1233125 -0.4385692 -0.8205039 -2.666526 -1.884515 -4.285129 -1.271584 -3.316582 -0.9095524 -2.684905 -1.743592 -2.089143 -3.125746 -1.896777 -1.968389 -1.903893 -4.613227 -1.12422 -2.382441 -2.458919 -1.946162 -1.424654 -1.387481 -1.9337 -2.389328 -1.436757 -2.475114 -1.427598 -0.6100275 -3.614646 -1.364578 -0.7310833 -0.8895993 -1.362824 -2.457552 -2.418136 -0.8973851 -1.748647 -2.286417 -2.10178 0.06794017 -1.072228 -0.778278 -2.192492 -2.023147 -1.84671 -2.929641 -2.232133 -2.539833 -1.551139 -1.60349 -2.667434 -2.017114 -1.911788 -3.506691 -2.999856 -0.8579809 -1.665991 -2.280369 -1.784425 -1.538752 -0.6513236 -3.289985 -2.3235 -1.606582 -0.7254416 -3.050666 -2.161943 -1.619186
geno chr5.6533521 ceu  1 2 2 1 2 0 1 1 2 1 1 2 1 1 1 2 0 2 1 0 2 0 1 2 2 2 2 1 1 1 1 1 0 2 1 1 2 1 1 2 1 1 0 1 1 2 1 1 1 1 1 1 2 2 0 1 1 1 1 1 2 2 1 1 0 1 1 2 2 1 1 1 2 2 0 2 2 1
geno chr5.6533521 fin  1 2 2 1 0 2 2 1 0 1 1 2 0 1 0 2 2 0 2 2 1 1 1 2 2 1 1 1 2 1 2 2 2 1 1 1 2 1 2 2 2 1 1 2 1 0 2 1 1 1 1 1 1 2 1 1 2 1 1 0 2 1 2 0 1 1 1 2 1 1 1 1 2 1 2 2 1 0 2 2 1 2 2 2 1 1 2 2 1
geno chr5.6533521 gbr  2 2 2 1 2 2 1 2 2 2 2 1 1 1 2 2 2 0 2 2 2 1 0 2 1 0 1 1 1 1 2 1 0 1 1 1 1 1 1 1 2 1 2 1 1 1 2 2 0 1 1 1 1 1 1 2 2 2 1 1 1 1 1 2 1 2 1 0 0 2 1 2 2 1 1 2 0 2 2 2 1 1 1 2
geno chr5.6533521 tsi  2 0 2 2 2 1 2 2 1 0 1 1 2 1 1 1 2 1 2 0 1 0 1 1 2 1 1 2 2 1 1 0 2 1 1 2 1 1 1 0 1 1 2 2 2 0 2 1 2 1 1 2 1 0 2 1 1 1 2 1 2 1 1 1 2 1 1 1 1 2 1 1 2 2 2 2 1 1 2 1 2 1 2 2 0 2 2 1 2 2 2 1
geno chr5.6533521 yri  2 0 0 2 2 1 2 2 2 2 2 2 1 1 0 2 2 2 2 2 2 2 2 2 2 1 1 2 2 2 1 1 2 2 2 2 2 2 2 2 1 1 2 1 1 2 1 1 2 1 2 0 1 2 2 1 2 2 2 1 2 1 2 1 2 2 2 2 2 0 2 2 2 2 2 1 2
geno chr5.6533907 ceu  0 0 1 1 1 0 1 0 2 0 0 1 1 0 0 1 0 1 1 0 1 0 0 2 2 1 1 0 1 0 1 0 0 0 0 0 1 1 1 0 0 0 0 1 0 2 1 1 1 0 0 1 2 1 0 0 1 0 1 0 1 2 1 0 0 1 1 0 1 0 0 1 1 1 0 0 1 0
geno chr5.6533907 fin  0 2 2 1 0 2 1 1 0 0 1 2 0 1 0 2 1 0 1 1 0 1 0 1 2 1 1 1 0 1 1 1 2 1 0 0 2 1 2 1 1 1 0 0 1 0 0 1 1 0 0 1 1 2 0 1 1 0 0 0 2 1 2 0 2 0 0 2 1 1 1 1 1 0 2 2 1 0 1 0 1 0 1 1 1 0 2 2 1
geno chr5.6533907 gbr  2 2 2 1 0 1 1 2 2 1 1 0 0 1 1 1 1 1 2 1 1 2 0 1 1 0 1 1 0 0 2 1 0 1 0 1 1 1 0 1 1 1 1 0 1 0 2 1 0 0 0 1 0 1 0 2 1 0 0 1 1 0 1 1 0 1 1 0 0 1 0 1 2 1 1 1 0 1 1 1 0 0 1 0
geno chr5.6533907 tsi  1 0 1 2 1 0 1 1 1 0 1 2 1 1 0 1 0 0 0 0 0 0 0 0 1 0 1 0 2 0 0 0 1 1 0 0 1 1 0 1 0 1 0 2 1 0 0 0 1 1 1 0 0 0 1 1 0 1 1 0 0 0 0 1 0 1 1 1 0 2 0 1 1 0 0 1 1 0 2 1 1 0 2 2 0 1 1 0 1 0 1 0
geno chr5.6533907 yri  2 0 1 1 1 2 0 2 1 2 2 0 1 2 0 2 1 2 1 2 2 1 0 1 1 0 1 1 1 2 1 0 2 2 1 2 2 1 1 1 1 1 2 2 0 1 1 1 2 1 1 1 1 1 1 0 1 2 1 0 2 0 1 1 1 1 1 2 1 0 1 0 1 2 0 1 2
geno chr5.6534119 ceu  0 0 1 1 1 0 1 0 2 0 0 1 1 0 0 1 0 1 1 0 1 0 0 2 2 1 1 0 1 0 0 0 0 0 0 0 1 1 0 0 0 0 0 1 0 2 1 1 0 0 0 1 2 0 0 0 1 0 1 0 1 2 1 0 0 1 1 0 1 0 0 1 1 1 0 0 1 0
geno chr5.6534119 fin  0 2 2 1 0 2 1 1 0 0 1 2 0 1 0 2 1 0 1 1 0 1 0 1 2 1 1 1 0 1 1 1 2 1 0 0 2 1 2 1 1 1 0 0 1 0 0 0 1 0 0 0 1 2 0 1 1 0 0 0 2 1 2 0 2 0 0 2 1 1 1 1 1 0 2 2 1 0 1 0 1 0 1 1 1 0 2 2 1
geno chr5.6534119 gbr  2 2 2 1 0 1 1 2 2 1 1 0 0 1 1 1 1 1 2 0 1 2 0 1 1 0 1 1 0 0 2 1 0 1 0 1 1 1 0 1 1 1 1 0 1 0 2 1 0 0 0 1 0 1 0 1 1 0 0 1 0 0 1 1 0 1 1 0 0 1 0 1 1 1 1 1 0 0 1 1 0 0 1 0
geno chr5.6534119 tsi  1 0 1 2 1 0 0 1 1 0 1 2 1 1 0 1 0 0 0 0 0 0 0 0 1 0 1 0 2 0 0 0 1 1 0 0 1 1 0 1 0 1 0 2 1 0 0 0 1 1 1 0 0 0 0 1 0 0 1 0 0 0 0 1 0 1 1 1 0 2 0 1 1 0 0 1 1 0 2 0 1 0 1 1 0 1 1 0 1 0 1 0
geno chr5.6534119 yri  1 0 1 1 0 1 0 0 0 2 2 0 0 2 0 2 1 2 1 2 2 0 0 1 0 0 1 1 0 1 1 0 2 1 1 1 2 1 0 0 1 1 2 2 0 1 1 1 0 1 1 0 0 0 1 0 0 1 0 0 1 0 0 0 1 1 1 1 1 0 1 0 0 1 0 1 1
geno chr5.6534319 ceu  0 0 1 1 1 0 1 0 2 0 0 1 1 0 0 1 0 1 1 0 1 0 0 2 2 1 1 0 1 0 0 0 0 0 0 0 1 1 0 0 0 0 0 1 0 2 1 1 0 0 0 1 2 0 0 0 1 0 1 0 1 2 1 0 0 1 1 0 1 0 0 1 1 1 0 0 1 0
geno chr5.6534319 fin  0 2 2 1 0 2 1 1 0 0 1 2 0 1 0 2 1 0 1 1 0 1 0 1 2 1 1 1 0 1 1 1 2 1 0 0 2 1 2 1 1 1 0 0 1 0 0 0 1 0 0 0 1 2 0 1 1 0 0 0 2 1 2 0 2 0 0 2 1 1 1 1 1 0 2 2 1 0 1 0 1 0 1 1 1 0 2 2 1
geno chr5.6534319 gbr  2 2 2 1 0 1 1 2 2 1 1 0 0 1 1 1 1 1 2 0 1 2 0 1 1 0 1 1 0 0 2 1 0 1 0 1 1 1 0 1 1 1 1 0 1 0 2 1 0 0 0 1 0 1 0 1 1 0 0 1 0 0 1 1 0 1 1 0 0 1 0 1 1 1 1 1 0 0 1 1 0 0 1 0
geno chr5.6534319 tsi  1 0 1 2 1 0 0 1 1 0 1 2 1 1 0 1 0 0 0 0 0 0 0 0 1 0 1 0 2 0 0 0 1 1 0 0 1 1 0 1 0 1 0 2 1 0 0 0 1 1 1 0 0 0 0 1 0 0 1 0 0 0 0 1 0 1 1 1 0 2 0 1 1 0 0 1 1 0 2 0 1 0 1 1 0 1 1 0 1 0 1 0
geno chr5.6534319 yri  1 0 1 1 0 1 0 0 0 2 2 0 0 2 0 2 1 2 1 2 2 0 0 1 0 0 1 1 0 1 1 0 2 1 1 1 2 1 0 0 1 1 2 2 0 1 1 2 0 1 1 0 0 0 1 0 0 1 0 0 1 0 0 0 1 1 1 1 1 0 1 0 0 1 0 1 1
geno chr5.6534484 ceu  0 0 1 1 1 0 1 0 2 0 0 1 1 0 0 1 0 1 1 0 1 0 0 2 2 1 1 0 1 0 0 0 0 0 0 0 1 1 0 0 0 0 0 1 0 2 1 1 0 0 0 1 2 0 0 0 1 0 1 0 1 2 1 0 0 1 1 0 1 0 0 1 1 1 0 0 1 0
geno chr5.6534484 fin  0 2 2 1 0 2 1 1 0 0 1 2 0 1 0 2 1 0 1 1 0 1 0 1 2 1 1 1 0 1 1 1 2 1 0 0 2 1 2 1 1 1 0 0 1 0 0 0 1 0 0 0 1 2 0 1 1 0 0 0 2 1 2 0 2 0 0 2 1 1 1 1 1 0 2 2 1 0 1 0 1 0 1 1 1 0 2 2 1
geno chr5.6534484 gbr  2 2 2 1 0 1 1 2 2 1 1 0 0 1 1 1 1 1 2 0 1 2 0 1 1 0 1 1 0 0 2 1 0 1 0 1 1 1 0 1 1 1 1 0 1 0 2 1 0 0 0 1 0 1 0 1 1 0 0 1 0 0 1 1 0 1 1 0 0 1 0 1 1 1 1 1 0 0 1 1 0 0 1 0
geno chr5.6534484 tsi  1 0 1 2 1 0 0 0 1 0 1 2 1 1 0 1 0 0 0 0 0 0 0 0 0 0 1 0 2 0 0 0 1 1 0 0 1 1 0 1 0 1 0 2 1 0 0 0 1 1 1 0 0 0 0 1 0 0 1 0 0 0 0 1 0 1 1 1 0 2 0 1 1 0 0 1 1 0 2 0 1 0 1 1 0 1 1 0 1 0 1 0
geno chr5.6534484 yri  1 0 0 1 0 1 0 0 1 0 2 0 0 0 0 1 1 2 2 1 1 0 0 0 0 0 1 1 0 1 1 0 2 1 0 1 2 1 0 0 0 1 1 0 0 1 0 1 0 1 1 0 0 0 0 0 0 1 0 0 1 0 0 0 0 0 0 0 1 0 1 0 0 0 0 1 1
geno chr5.6534503 ceu  0 0 1 1 1 0 1 0 2 0 0 1 1 0 0 1 0 1 1 0 2 0 0 2 2 1 1 0 1 0 0 0 0 0 0 0 1 1 0 0 0 0 0 1 0 2 1 1 0 0 0 1 2 0 0 0 1 0 1 0 1 2 1 0 0 1 1 0 1 0 0 1 1 1 0 0 2 0
geno chr5.6534503 fin  0 2 2 1 0 2 1 1 0 0 1 2 0 1 0 2 1 0 1 1 0 1 0 1 2 1 0 1 0 1 1 2 1 1 0 0 2 1 2 1 1 1 0 0 1 0 0 0 1 0 0 0 1 2 0 1 1 0 0 0 2 1 2 0 2 0 0 2 1 1 1 1 1 0 2 2 1 0 1 0 1 1 1 1 1 0 2 2 1
geno chr5.6534503 gbr  2 2 2 1 0 1 1 2 2 1 1 0 0 1 1 1 1 1 2 0 1 2 0 1 1 0 1 1 0 0 2 1 0 1 0 1 1 1 0 1 1 1 1 0 1 0 2 1 0 0 0 1 0 1 0 1 1 0 0 1 0 0 1 1 0 1 1 0 0 1 0 1 1 1 1 0 0 0 1 1 0 0 1 0
geno chr5.6534503 tsi  1 0 1 2 1 0 0 1 1 0 1 2 1 1 0 1 0 0 0 0 0 0 0 0 0 0 1 0 2 0 0 0 1 1 0 0 1 1 0 1 0 1 0 2 1 0 0 0 1 1 1 0 0 0 0 1 0 0 1 0 0 0 0 1 0 1 1 1 0 2 0 1 1 0 0 1 1 0 2 0 1 0 1 1 0 1 1 0 1 0 1 0
geno chr5.6534503 yri  1 0 0 1 0 1 0 0 0 0 2 0 0 0 0 1 1 2 1 1 1 0 0 0 0 0 1 1 0 1 1 0 2 1 0 1 2 1 0 0 0 1 1 0 0 1 0 1 0 1 1 0 0 0 0 0 0 1 0 0 1 0 0 0 0 0 0 0 1 0 1 0 0 0 0 1 1
geno chr5.6534885 ceu  0 0 1 1 1 0 1 0 2 0 0 1 1 0 0 1 0 1 0 0 1 0 0 2 2 0 1 0 1 0 0 0 0 0 0 0 1 1 0 0 0 0 0 1 0 1 1 1 0 0 0 1 2 0 0 0 1 0 0 0 1 2 1 0 0 1 0 0 1 0 0 1 1 1 0 0 1 0
geno chr5.6534885 fin  0 2 2 1 0 2 1 1 0 0 1 2 0 1 0 1 1 0 1 0 0 1 0 1 2 1 1 1 0 1 1 1 2 1 0 0 2 1 2 0 1 0 0 0 1 0 0 0 1 0 0 0 1 2 0 0 1 0 0 0 2 1 2 0 2 0 0 2 1 1 1 1 0 0 2 2 1 0 1 0 1 0 1 1 0 0 1 2 1
geno chr5.6534885 gbr  2 2 2 1 0 0 1 2 1 1 1 0 0 1 1 1 1 1 0 0 1 2 0 1 1 0 1 1 0 0 2 1 0 1 0 1 1 1 0 0 1 1 0 0 1 0 1 1 0 0 0 1 0 1 0 1 1 0 0 0 0 0 1 1 0 1 1 0 0 0 0 1 1 1 1 1 0 0 1 1 0 0 1 0
geno chr5.6534885 tsi  1 0 1 2 1 0 0 0 1 0 1 1 1 1 0 1 0 0 0 0 0 0 0 0 0 0 1 0 2 0 0 0 0 1 0 0 1 1 0 1 0 1 0 2 1 0 0 0 1 1 1 0 0 0 0 1 0 0 1 0 0 0 0 1 0 1 1 1 0 2 0 1 1 0 0 1 1 0 2 0 1 0 1 1 0 1 1 0 1 0 1 0
geno chr5.6534885 yri  0 0 0 0 0 1 0 0 0 0 0 0 0 0 0 1 0 0 1 0 0 0 0 0 0 0 0 0 0 0 0 0 2 0 0 1 1 0 0 0 0 0 0 0 0 0 0 0 0 0 0 0 0 0 0 0 0 1 0 0 0 0 0 0 0 0 0 0 0 0 1 0 0 0 0 1 0
geno chr5.6535040 ceu  0 0 1 1 1 0 1 0 2 0 0 1 1 0 0 1 0 1 1 0 1 0 0 2 2 1 1 0 1 0 0 0 0 0 0 0 1 1 0 0 0 0 0 1 0 2 1 1 0 0 0 1 2 0 0 0 1 0 1 0 1 2 1 0 0 1 1 0 1 0 0 1 1 1 0 0 1 0
geno chr5.6535040 fin  0 2 2 1 0 2 1 1 0 0 1 2 0 1 0 2 1 0 1 1 0 1 0 1 2 1 1 1 0 1 1 1 2 1 0 0 2 1 2 1 1 1 0 0 1 0 0 0 1 0 0 0 1 2 0 1 1 0 0 0 2 1 2 0 2 0 0 2 1 1 1 1 1 0 2 2 1 0 1 0 1 0 1 1 1 0 2 2 1
geno chr5.6535040 gbr  2 2 2 1 0 1 1 2 2 1 1 0 0 1 1 1 1 1 2 0 1 2 0 1 1 0 1 1 0 0 2 1 0 1 0 1 1 1 0 1 1 1 1 0 1 0 2 1 0 0 0 1 0 1 0 1 1 0 0 1 0 0 1 1 0 1 1 0 0 1 0 1 1 1 1 1 0 0 1 1 0 0 1 0
geno chr5.6535040 tsi  1 0 1 2 1 0 0 1 1 0 1 2 1 1 0 1 0 0 0 0 0 0 0 0 1 0 1 0 2 0 0 0 1 1 0 0 1 1 0 1 0 1 0 2 1 0 0 0 1 1 1 0 0 0 0 1 0 0 1 0 0 0 0 1 0 1 1 1 0 2 0 1 1 0 0 1 1 0 2 0 1 0 1 1 0 1 1 0 1 0 1 0
geno chr5.6535040 yri  1 0 1 1 0 1 0 0 0 2 2 0 0 2 0 2 1 2 1 2 2 0 0 1 0 0 1 1 0 1 1 0 2 1 1 1 2 1 0 0 1 1 2 2 0 1 1 1 0 1 1 0 0 0 1 0 0 1 0 0 1 0 0 0 1 1 1 1 1 0 1 0 0 1 0 1 1
geno chr5.6535914 ceu  0 0 1 1 1 0 1 0 2 0 0 1 1 0 0 1 0 1 1 0 1 0 0 2 2 1 1 0 1 0 0 0 0 0 0 0 1 1 0 0 0 0 0 1 0 2 1 1 0 0 0 1 2 0 0 0 1 0 1 0 1 2 1 0 0 1 1 0 1 0 0 1 1 1 0 0 1 0
geno chr5.6535914 fin  0 2 2 1 0 2 1 1 0 0 1 2 0 1 0 2 1 0 1 1 0 1 0 1 2 1 1 1 0 1 1 1 2 1 0 0 2 1 2 1 1 1 0 0 1 0 0 0 1 0 0 0 1 2 0 1 1 0 0 0 2 1 2 0 2 0 0 2 1 1 1 1 1 0 2 2 1 0 1 0 1 0 1 1 1 0 2 2 1
geno chr5.6535914 gbr  2 2 2 1 0 1 1 2 2 1 1 0 0 1 1 1 1 1 2 0 1 2 0 1 1 0 1 1 0 0 2 1 0 1 0 1 1 1 0 1 1 1 1 0 1 0 2 1 0 0 0 1 0 1 0 1 1 0 0 1 0 0 1 1 0 1 1 0 0 1 0 1 1 1 1 1 0 0 1 1 0 0 1 0
geno chr5.6535914 tsi  1 0 1 2 1 0 0 1 1 0 1 2 1 1 0 1 0 0 0 0 0 0 0 0 1 0 1 0 2 0 0 0 1 1 0 0 1 1 0 1 0 1 0 2 1 0 0 0 1 1 1 0 0 0 0 1 0 0 1 0 0 0 0 1 0 1 1 1 0 2 0 1 1 0 0 1 1 0 2 0 1 0 1 1 0 1 1 0 1 0 1 0
geno chr5.6535914 yri  1 0 1 1 0 1 0 0 0 2 2 0 0 2 0 2 1 2 1 2 2 0 0 1 0 0 1 1 0 1 1 0 2 1 1 1 2 1 0 0 1 1 2 2 0 1 1 1 0 1 1 0 0 0 1 0 0 1 0 0 1 0 0 0 1 1 1 1 1 0 1 0 0 1 0 1 1
geno chr5.6536366 ceu  0 0 1 1 1 0 1 0 2 0 0 1 1 0 0 1 0 1 1 0 1 0 0 2 2 1 1 0 1 0 0 0 0 0 0 0 1 1 0 0 0 0 0 1 0 2 1 1 0 0 0 1 2 0 0 0 1 0 1 0 1 2 1 0 0 1 1 0 1 0 0 1 1 1 0 0 1 0
geno chr5.6536366 fin  0 2 2 1 0 2 1 1 0 0 1 2 0 1 0 2 1 0 1 1 0 1 0 1 2 1 1 1 0 1 1 1 2 1 0 0 2 1 2 1 1 1 0 0 1 0 0 0 1 0 0 0 1 2 0 1 1 0 0 0 2 1 2 0 2 0 0 2 1 1 1 1 1 0 2 2 1 0 1 0 1 0 1 1 1 0 2 2 1
geno chr5.6536366 gbr  2 2 2 1 0 1 1 2 2 1 1 0 0 1 1 1 1 1 2 0 1 2 0 1 1 0 1 1 0 0 2 1 0 1 0 1 1 1 0 1 1 1 1 0 1 0 2 1 0 0 0 1 0 1 0 1 1 0 0 1 0 0 1 1 0 1 1 0 0 1 0 1 1 1 1 1 0 0 1 1 0 0 1 0
geno chr5.6536366 tsi  1 0 1 2 1 0 0 0 1 0 1 2 1 1 0 1 0 0 0 0 0 0 0 0 0 0 1 0 2 0 0 0 1 1 0 0 1 1 0 1 0 1 0 2 1 0 0 0 1 1 1 0 0 0 0 1 0 0 1 0 0 0 0 1 0 1 1 1 0 2 0 1 1 0 0 1 1 0 2 0 1 0 1 1 0 1 1 0 1 0 1 0
geno chr5.6536366 yri  1 0 0 1 0 1 0 0 0 0 2 0 0 0 0 1 1 2 1 1 1 0 0 0 0 0 1 1 0 1 1 0 2 1 0 1 2 1 0 0 0 1 1 0 0 1 0 1 0 1 1 0 0 0 0 0 0 1 0 0 1 0 0 0 0 0 0 0 1 0 1 0 0 0 0 1 1
geno chr5.6536485 ceu  0 0 1 1 1 0 1 0 2 0 0 1 1 0 0 1 0 1 0 0 1 0 0 2 2 0 1 0 1 0 0 0 0 0 0 0 1 1 0 0 0 0 0 1 0 1 1 1 0 0 0 1 2 0 0 0 1 0 0 0 1 2 1 0 0 1 0 0 1 0 0 1 1 1 0 0 1 0
geno chr5.6536485 fin  0 2 2 1 0 2 1 1 0 0 1 2 0 1 0 1 1 0 1 0 0 1 0 1 2 1 1 1 0 1 1 1 2 1 0 0 2 1 2 0 1 0 0 0 1 0 0 0 1 0 0 0 1 2 0 0 1 0 0 0 2 1 2 0 2 0 0 2 1 1 1 1 0 0 2 2 1 0 1 0 1 0 1 1 0 0 1 2 1
geno chr5.6536485 gbr  2 2 2 1 0 0 1 2 1 1 1 0 0 1 1 1 1 1 0 0 1 2 0 1 1 0 1 1 0 0 2 1 0 1 0 1 1 1 0 0 1 1 0 0 1 0 1 1 0 0 0 1 0 1 0 1 1 0 0 0 0 0 1 1 0 1 1 0 0 0 0 1 1 1 1 1 0 0 1 1 0 0 1 0
geno chr5.6536485 tsi  1 0 1 2 1 0 0 0 1 0 1 1 1 1 0 1 0 0 0 0 0 0 0 0 0 0 1 0 2 0 0 0 0 1 0 0 1 1 0 1 0 1 0 2 1 0 0 0 1 1 1 0 0 0 0 1 0 0 1 0 0 0 0 1 0 1 1 1 0 2 0 1 1 0 0 1 1 0 2 0 1 0 1 1 0 1 1 0 1 0 1 0
geno chr5.6536485 yri  0 0 0 0 0 1 0 0 0 0 0 0 0 0 0 1 0 0 1 0 0 0 0 0 0 0 0 0 0 0 0 0 2 0 0 1 1 0 0 0 0 0 0 0 0 0 0 0 0 0 0 0 0 0 0 0 0 1 0 0 0 0 0 0 0 0 0 0 0 0 1 0 0 0 0 1 0
geno chr5.6536726 ceu  0 0 1 1 1 0 1 0 2 0 0 1 1 0 0 1 0 1 1 0 1 0 0 2 2 1 1 0 1 0 0 0 0 0 0 0 1 1 0 0 0 0 0 1 0 2 1 1 0 0 0 1 2 0 0 0 1 0 1 0 1 2 1 0 0 1 1 0 1 0 0 1 1 1 0 0 1 0
geno chr5.6536726 fin  0 2 2 1 0 2 1 1 0 0 1 2 0 1 0 2 1 0 1 1 0 1 0 1 2 1 1 1 0 1 1 1 2 1 0 0 2 1 2 1 1 1 0 0 1 0 0 0 1 0 0 0 1 2 0 1 1 0 0 0 2 1 2 0 2 0 0 2 1 1 1 1 1 0 2 2 1 0 1 0 1 0 1 1 1 0 2 2 1
geno chr5.6536726 gbr  2 2 2 1 0 1 1 2 2 1 1 0 0 1 1 1 1 1 2 0 1 2 0 1 1 0 1 1 0 0 2 1 0 1 0 1 1 1 0 1 1 1 1 0 1 0 2 1 0 0 0 1 0 1 0 1 1 0 0 1 0 0 1 1 0 1 1 0 0 1 0 1 1 1 1 1 0 0 1 1 0 0 1 0
geno chr5.6536726 tsi  1 0 1 2 1 0 0 1 1 0 1 2 1 1 0 1 0 0 0 0 0 0 0 0 1 0 1 0 2 0 0 0 1 1 0 0 1 1 0 1 0 1 0 2 1 0 0 0 1 1 1 0 0 0 0 1 0 0 1 0 0 0 0 1 0 1 1 1 0 2 0 1 1 0 0 1 1 0 2 0 1 0 1 1 0 1 1 0 1 0 1 0
geno chr5.6536726 yri  1 0 1 1 0 1 0 0 0 2 2 0 0 2 0 2 1 2 1 2 2 0 0 1 0 0 1 1 0 1 1 0 2 1 1 1 2 1 0 0 1 1 2 2 0 1 1 1 0 1 1 0 0 0 1 0 0 1 0 0 1 0 0 0 1 1 1 1 1 0 1 0 0 1 0 1 1
geno chr5.6537112 ceu  0 0 1 1 1 0 1 0 2 0 0 1 1 0 0 1 0 1 1 0 1 0 0 2 2 1 1 0 1 0 0 0 0 0 0 0 1 1 0 0 0 0 0 1 0 2 1 1 0 0 0 1 2 0 0 0 1 0 1 0 1 2 1 0 0 1 1 0 1 0 0 1 1 1 0 0 1 0
geno chr5.6537112 fin  0 2 2 1 0 2 1 1 0 0 1 2 0 1 0 2 1 0 1 1 0 1 0 1 2 1 1 1 0 1 1 1 2 1 0 0 2 1 2 1 1 1 0 0 1 0 0 0 1 0 0 0 1 2 0 1 1 0 0 0 2 1 2 0 2 0 0 2 1 1 1 1 1 0 2 2 1 0 1 0 1 0 1 1 1 0 2 2 1
geno chr5.6537112 gbr  2 2 2 1 0 1 1 2 2 1 1 0 0 1 1 1 1 1 2 0 1 2 0 1 1 0 1 1 0 0 2 1 0 1 0 1 1 1 0 1 1 1 1 0 1 0 2 1 0 0 0 1 0 1 0 1 1 0 0 1 0 0 1 1 0 1 1 0 0 1 0 1 1 1 1 1 0 0 1 1 0 0 1 0
geno chr5.6537112 tsi  1 0 1 2 1 0 0 1 1 0 1 2 1 1 0 1 0 0 0 0 0 0 0 0 1 0 1 0 2 0 0 0 1 1 0 0 1 1 0 1 0 1 0 2 1 0 0 0 1 1 1 0 0 0 0 1 0 0 1 0 0 0 0 1 0 1 1 1 0 2 0 1 1 0 0 1 1 0 2 0 1 0 1 1 0 1 1 0 1 0 1 0
geno chr5.6537112 yri  1 0 1 1 0 1 0 0 0 2 2 0 0 2 0 2 1 2 1 2 2 0 0 1 0 0 1 1 0 1 1 0 2 1 1 1 2 1 0 0 1 1 2 2 0 1 1 1 0 1 1 0 0 0 1 0 0 1 0 0 1 0 0 0 1 1 1 1 1 0 1 0 0 1 0 1 1
geno chr5.6537136 ceu  0 0 0 0 0 0 0 0 0 0 0 0 0 0 0 0 0 0 1 0 0 0 0 0 0 1 0 0 0 0 0 0 0 0 0 0 0 0 0 0 0 0 0 0 0 1 0 0 0 0 0 0 0 0 0 0 0 0 1 0 0 0 0 0 0 0 1 0 0 0 0 0 0 0 0 0 0 0
geno chr5.6537136 fin  0 0 0 0 0 0 0 0 0 0 0 0 0 0 0 1 0 0 0 1 0 0 0 0 0 0 0 0 0 0 0 0 0 0 0 0 0 0 0 1 0 1 0 0 0 0 0 0 0 0 0 0 0 0 0 1 0 0 0 0 0 0 0 0 0 0 0 0 0 0 0 0 1 0 0 0 0 0 0 0 0 0 0 0 1 0 1 0 0
geno chr5.6537136 gbr  0 0 0 0 0 1 0 0 1 0 0 0 0 0 0 0 0 0 2 0 0 0 0 0 0 0 0 0 0 0 0 0 0 0 0 0 0 0 0 1 0 0 1 0 0 0 1 0 0 0 0 0 0 0 0 0 0 0 0 1 0 0 0 0 0 0 0 0 0 1 0 0 0 0 0 0 0 0 0 0 0 0 0 0
geno chr5.6537136 tsi  0 0 0 0 0 0 0 0 0 0 0 1 0 0 0 0 0 0 0 0 0 0 0 0 0 0 0 0 0 0 0 0 1 0 0 0 0 0 0 0 0 0 0 0 0 0 0 0 0 0 0 0 0 0 0 0 0 0 0 0 0 0 0 0 0 0 0 0 0 0 0 0 0 0 0 0 0 0 0 0 0 0 0 0 0 0 0 0 0 0 0 0
geno chr5.6537136 yri  1 0 0 1 0 0 0 0 0 0 2 0 0 0 0 0 1 2 0 1 1 0 0 0 0 0 1 1 0 1 1 0 0 1 0 0 1 1 0 0 0 1 1 0 0 1 0 1 0 1 1 0 0 0 0 0 0 0 0 0 1 0 0 0 0 0 0 0 1 0 0 0 0 0 0 0 1
geno chr5.6537939 ceu  0 0 1 1 1 0 1 0 2 0 0 1 1 0 0 1 0 1 1 0 1 0 0 2 2 1 1 0 1 0 0 0 0 0 0 0 1 1 0 0 0 0 0 1 0 2 1 1 0 0 0 1 2 0 0 0 1 0 1 0 1 2 1 0 0 1 1 0 1 0 0 1 1 1 0 0 1 0
geno chr5.6537939 fin  0 2 2 1 0 2 1 1 0 0 1 2 0 1 0 2 1 0 1 1 0 1 0 1 2 1 1 1 0 1 1 1 2 1 0 0 2 1 2 1 1 1 0 0 1 0 0 0 1 0 0 0 1 2 0 1 1 0 0 0 2 1 2 0 2 0 0 2 1 1 1 1 1 0 2 2 1 0 1 0 1 0 1 1 1 0 2 2 1
geno chr5.6537939 gbr  2 2 2 1 0 1 1 2 2 1 1 0 0 1 1 1 1 1 2 0 1 2 0 1 1 0 1 1 0 0 2 1 0 1 0 1 1 1 0 1 1 1 1 0 1 0 2 1 0 0 0 1 0 1 0 1 1 0 0 1 0 0 1 1 0 1 1 0 0 1 0 1 1 1 1 1 0 0 1 1 0 0 1 0
geno chr5.6537939 tsi  1 0 1 2 1 0 0 1 1 0 1 2 1 1 0 1 0 0 0 0 0 0 0 0 1 0 1 0 2 0 0 0 1 1 0 0 1 1 0 1 0 1 0 2 1 0 0 0 1 1 1 0 0 0 0 1 0 0 1 0 0 0 0 1 0 1 1 1 0 2 0 1 1 0 0 1 1 0 2 0 1 0 1 1 0 1 1 0 1 0 1 0
geno chr5.6537939 yri  1 0 1 1 0 1 0 0 0 2 2 0 0 2 0 2 1 2 1 2 2 0 0 1 0 0 1 1 0 1 1 0 2 1 1 1 2 1 0 0 1 1 2 2 0 1 1 1 0 1 1 0 0 0 1 0 0 1 0 0 1 0 0 0 1 1 1 1 1 0 1 0 0 1 0 1 1
geno chr5.6538052 ceu  0 0 0 1 0 1 1 0 0 0 0 0 0 0 1 0 0 0 1 2 0 1 1 0 0 0 0 0 1 0 0 0 1 0 1 0 0 1 0 0 0 1 1 0 0 0 1 0 0 1 0 1 0 0 1 1 0 0 0 0 0 0 1 1 0 0 1 0 0 0 1 0 0 0 1 0 0 0
geno chr5.6538052 fin  1 0 0 1 0 0 0 1 0 1 1 0 1 1 1 0 0 1 0 0 0 1 1 0 0 1 1 0 0 1 0 0 0 0 1 0 0 1 0 0 0 1 1 0 0 1 0 0 1 0 1 0 0 0 0 0 0 1 1 1 0 1 0 1 0 0 0 0 1 0 0 0 0 1 0 0 0 2 0 0 0 0 0 0 1 0 0 0 0
geno chr5.6538052 gbr  0 0 0 1 0 0 1 0 0 0 0 1 1 0 0 0 0 1 0 0 0 0 1 0 0 0 0 0 0 1 0 0 1 1 1 1 0 1 0 1 0 0 0 0 1 1 0 0 1 1 1 0 0 0 0 0 0 0 1 1 0 1 0 0 0 0 0 0 0 0 0 0 0 1 1 0 2 0 0 0 0 0 0 0
geno chr5.6538052 tsi  0 1 0 0 0 0 0 0 1 0 0 0 0 1 0 1 0 1 0 0 1 2 0 1 0 0 0 0 0 0 0 2 0 1 1 0 1 0 1 0 1 0 0 0 0 0 0 0 0 1 0 0 1 2 0 0 1 0 0 0 0 0 0 0 0 0 1 1 1 0 1 0 0 0 0 0 1 0 0 1 0 1 0 0 1 0 0 1 0 0 0 1
geno chr5.6538052 yri  0 0 0 0 0 0 0 0 0 0 0 0 0 0 0 0 0 0 0 0 0 0 0 0 0 0 0 0 0 0 0 0 0 0 0 0 0 0 0 0 0 0 0 0 0 0 0 0 0 0 0 0 0 0 0 0 0 0 0 0 0 0 0 0 0 0 0 0 0 0 0 0 0 0 0 0 0
geno chr5.6538054 ceu  0 0 1 1 1 0 1 0 2 0 0 1 1 0 0 1 0 1 1 0 1 0 0 2 2 1 1 0 1 0 0 0 0 0 0 0 1 1 0 0 0 0 0 1 0 2 1 1 0 0 0 1 2 0 0 0 1 0 1 0 1 2 1 0 0 1 1 0 1 0 0 1 1 1 0 0 1 0
geno chr5.6538054 fin  0 2 2 1 0 2 1 1 0 0 1 2 0 1 0 2 1 0 1 1 0 1 0 1 2 1 1 1 0 1 1 1 2 1 0 0 2 1 2 1 1 1 0 0 1 0 0 0 1 0 0 0 1 2 0 1 1 0 0 0 2 1 2 0 2 0 0 2 1 1 1 1 1 0 2 2 1 0 1 0 1 0 1 1 1 0 2 2 1
geno chr5.6538054 gbr  2 2 2 1 0 1 1 2 2 1 1 0 0 1 1 1 1 1 2 0 1 2 0 1 1 0 1 1 0 0 2 1 0 1 0 1 1 1 0 1 1 1 1 0 1 0 2 1 0 0 0 1 0 1 0 1 1 0 0 1 0 0 1 1 0 1 1 0 0 1 0 1 1 1 1 1 0 0 1 1 0 0 1 0
geno chr5.6538054 tsi  2 0 1 2 1 1 0 1 1 0 1 2 1 1 0 1 0 0 0 0 0 0 0 0 1 0 1 0 2 0 0 0 1 1 0 0 1 1 0 1 0 1 0 2 1 0 0 0 1 1 1 0 0 0 0 1 0 0 1 0 0 0 0 1 0 1 1 1 0 2 0 1 1 0 0 1 1 0 2 0 1 0 1 1 0 1 1 0 1 0 1 0
geno chr5.6538054 yri  1 0 1 1 0 1 0 0 0 2 2 0 0 2 0 2 1 2 1 2 2 0 0 1 0 0 1 1 0 1 1 0 2 1 1 1 2 1 0 0 1 1 2 2 0 1 1 1 0 1 1 0 0 0 1 0 0 1 0 0 1 0 0 0 1 1 1 1 1 0 1 0 0 1 0 1 1
geno chr5.6538109 ceu  0 0 1 1 1 0 1 0 2 0 0 1 1 0 0 1 0 1 1 0 1 0 0 2 2 1 1 0 1 0 0 0 0 0 0 0 1 1 0 0 0 0 0 1 0 2 1 1 0 0 0 1 2 0 0 0 1 0 1 0 1 2 1 0 0 1 1 0 1 0 0 1 1 1 0 0 1 0
geno chr5.6538109 fin  0 2 2 1 0 2 1 1 0 0 1 2 0 1 0 2 1 0 1 1 0 1 0 1 2 1 1 1 0 1 1 1 2 1 0 0 2 1 2 1 1 1 0 0 1 0 0 0 1 0 0 0 1 2 0 1 1 0 0 0 2 1 2 0 2 0 0 2 1 1 1 1 1 0 2 2 1 0 1 0 1 0 1 1 1 0 2 2 1
geno chr5.6538109 gbr  2 2 2 1 0 1 1 2 2 1 1 0 0 1 1 1 1 1 2 0 1 2 0 1 1 0 1 1 0 0 2 1 0 1 0 1 1 1 0 1 1 1 1 0 1 0 2 1 0 0 0 1 0 1 0 1 1 0 0 1 0 0 1 1 0 1 1 0 0 1 0 1 1 1 1 1 0 0 1 1 0 0 1 0
geno chr5.6538109 tsi  1 0 1 2 1 0 0 1 1 0 1 2 1 1 0 1 0 0 0 0 0 0 0 0 1 0 1 0 2 0 0 0 1 1 0 0 1 1 0 1 0 1 0 2 1 0 0 0 1 1 1 0 0 0 0 1 0 0 1 0 0 0 0 1 0 1 1 1 0 2 0 1 1 0 0 1 1 0 2 0 1 0 1 1 0 1 1 0 1 0 1 0
geno chr5.6538109 yri  1 0 1 1 0 1 0 0 0 2 2 0 0 2 0 2 1 2 1 2 2 0 0 1 0 0 1 1 0 1 1 0 2 1 1 1 2 1 0 0 1 1 2 2 0 1 1 1 0 1 1 0 0 0 1 0 0 1 0 0 1 0 0 0 1 1 1 1 1 0 1 0 0 1 0 1 1
geno chr5.6538176 ceu  0 0 0 0 0 0 0 0 0 0 0 0 0 0 0 0 0 0 0 0 0 0 0 0 0 0 0 0 0 0 1 0 0 0 0 0 0 0 1 0 0 0 0 0 0 0 0 0 1 0 0 0 0 1 0 0 0 0 0 0 0 0 0 0 0 0 0 0 0 0 0 0 0 0 0 0 0 0
geno chr5.6538176 fin  0 0 0 0 0 0 0 0 0 0 0 0 0 0 0 0 0 0 0 0 0 0 0 0 0 0 0 0 0 0 0 0 0 0 0 0 0 0 0 0 0 0 0 0 0 0 0 1 0 0 0 1 0 0 0 0 0 0 0 0 0 0 0 0 0 0 0 0 0 0 0 0 0 0 0 0 0 0 0 0 0 0 0 0 0 0 0 0 0
geno chr5.6538176 gbr  0 0 0 0 0 0 0 0 0 0 0 0 0 0 0 0 0 0 0 1 0 0 0 0 0 0 0 0 0 0 0 0 0 0 0 0 0 0 0 0 0 0 0 0 0 0 0 0 0 0 0 0 0 0 0 1 0 0 0 0 1 0 0 0 0 0 0 0 0 0 0 0 1 0 0 0 0 1 0 0 0 0 0 0
geno chr5.6538176 tsi  0 0 0 0 0 0 1 0 0 0 0 0 0 0 0 0 0 0 0 0 0 0 0 0 0 0 0 0 0 0 0 0 0 0 0 0 0 0 0 0 0 0 0 0 0 0 0 0 0 0 0 0 0 0 1 0 0 1 0 0 0 0 0 0 0 0 0 0 0 0 0 0 0 0 0 0 0 0 0 1 0 0 1 1 0 0 0 0 0 0 0 0
geno chr5.6538176 yri  1 0 0 0 1 1 0 2 1 0 0 0 1 0 0 0 0 0 0 0 0 1 0 0 1 0 0 0 1 1 0 0 0 1 0 1 0 0 1 1 0 0 0 0 0 0 0 0 2 0 0 1 1 1 0 0 1 1 1 0 1 0 1 1 0 0 0 1 0 0 0 0 1 1 0 0 1
geno chr5.6538323 ceu  0 0 1 1 1 0 1 0 2 0 0 1 1 0 0 1 0 1 1 0 1 0 0 2 2 1 1 0 1 0 0 0 0 0 0 0 1 1 0 0 0 0 0 1 0 2 1 1 0 0 0 1 2 0 0 0 1 0 1 0 1 2 1 0 0 1 1 0 1 0 0 1 1 1 0 0 1 0
geno chr5.6538323 fin  0 2 2 1 0 2 1 1 0 0 1 2 0 1 0 2 1 0 1 1 0 1 0 1 2 1 1 1 0 1 1 1 2 1 0 0 2 1 2 1 1 1 0 0 1 0 0 0 1 0 0 0 1 2 0 1 1 0 0 0 2 1 2 0 2 0 0 2 1 1 1 1 1 0 2 2 1 0 1 0 1 0 1 1 1 0 2 2 1
geno chr5.6538323 gbr  2 2 2 1 0 1 1 2 2 1 1 0 0 1 1 1 1 1 2 0 1 2 0 1 1 0 1 1 0 0 2 1 0 1 0 1 1 1 0 1 1 1 1 0 1 0 2 1 0 0 0 1 0 1 0 1 1 0 0 1 0 0 1 1 0 1 1 0 0 1 0 1 1 1 1 1 0 0 1 1 0 0 1 0
geno chr5.6538323 tsi  1 0 1 2 1 0 0 1 1 0 1 2 1 1 0 1 0 0 0 0 0 0 0 0 1 0 1 0 2 0 0 0 1 1 0 0 1 1 0 1 0 1 0 2 1 0 0 0 1 1 1 0 0 0 0 1 0 0 1 0 0 0 0 1 0 1 1 1 0 2 0 1 1 0 0 1 1 0 2 0 1 0 1 1 0 1 1 0 1 0 1 0
geno chr5.6538323 yri  1 0 1 1 0 1 0 0 0 2 2 0 0 2 0 2 1 2 1 2 2 0 0 1 0 0 1 1 0 1 1 0 2 1 1 1 2 1 0 0 1 1 2 2 0 1 1 1 0 1 1 0 0 0 1 0 0 1 0 0 1 0 0 0 1 1 1 1 1 0 1 0 0 1 0 1 1
geno chr5.6538327 ceu  1 0 0 0 1 0 0 0 0 1 1 0 1 1 0 1 0 1 0 0 1 0 1 0 0 1 1 0 0 0 0 1 0 1 1 0 0 0 0 1 1 1 0 0 1 0 0 0 0 1 1 0 0 0 0 0 0 1 0 1 1 0 0 1 0 0 0 1 1 1 0 0 1 0 0 1 1 1
geno chr5.6538327 fin  1 0 0 0 0 0 0 0 0 1 0 0 0 0 0 0 1 0 1 0 0 0 1 0 0 0 0 0 2 0 1 1 0 0 1 1 0 0 0 0 1 0 0 2 1 0 2 0 0 1 0 0 0 0 1 0 0 0 1 0 0 0 0 0 0 1 0 0 0 0 1 1 1 0 0 0 0 0 1 2 0 2 1 0 0 1 0 0 0
geno chr5.6538327 gbr  0 0 0 0 1 1 0 0 0 0 1 1 0 0 1 1 0 0 0 1 0 0 0 0 0 0 0 0 1 0 0 0 0 0 0 0 0 0 1 0 0 0 1 0 0 1 0 0 0 1 1 0 0 0 1 0 1 2 0 0 0 0 0 1 1 0 0 0 0 0 1 1 0 0 0 0 0 0 1 1 0 0 0 0
geno chr5.6538327 tsi  1 0 0 0 1 1 0 1 0 0 0 0 1 0 1 0 2 1 1 0 1 0 1 1 1 1 0 2 0 1 0 0 1 0 0 1 0 0 1 0 1 0 2 0 0 0 1 0 1 0 0 1 1 0 1 0 1 0 0 0 1 1 1 1 1 1 0 0 1 0 1 0 1 2 0 1 0 0 0 0 1 1 0 0 0 1 0 0 1 1 1 1
geno chr5.6538327 yri  0 0 0 1 1 0 2 0 0 0 0 1 0 0 0 0 1 0 0 0 0 1 2 1 0 0 0 1 1 0 1 1 0 0 1 0 0 1 1 1 1 0 0 0 1 1 1 0 0 0 1 0 0 1 1 1 1 0 1 1 0 0 1 0 1 0 1 0 1 0 1 2 1 0 1 0 0
geno chr5.6538639 ceu  0 0 1 1 1 0 1 0 2 0 0 1 1 0 0 1 0 1 1 0 1 0 0 2 2 1 1 0 1 0 0 0 0 0 0 0 1 1 0 0 0 0 0 1 0 2 1 1 0 0 0 1 2 0 0 0 1 0 1 0 1 2 1 0 0 1 1 0 1 0 0 1 1 1 0 0 1 0
geno chr5.6538639 fin  0 2 2 1 0 2 1 1 0 0 1 2 0 1 0 2 1 0 1 1 0 1 0 1 2 1 1 1 0 1 1 1 2 1 0 0 2 1 2 1 1 1 0 0 1 0 0 0 1 0 0 0 1 2 0 1 1 0 0 0 2 1 2 0 2 0 0 2 1 1 1 1 1 0 2 2 1 0 1 0 1 0 1 1 1 0 2 2 1
geno chr5.6538639 gbr  2 2 2 1 0 1 1 2 2 1 1 0 0 1 1 1 1 1 2 0 1 2 0 1 1 0 1 1 0 0 2 1 0 1 0 1 1 1 0 1 1 1 1 0 1 0 2 1 0 0 0 1 0 1 0 1 1 0 0 1 0 0 1 1 0 1 1 0 0 1 0 1 1 1 1 1 0 0 1 1 0 0 1 0
geno chr5.6538639 tsi  1 0 1 2 1 0 0 1 1 0 1 2 1 1 0 1 0 0 0 0 0 0 0 0 1 0 1 0 2 0 0 0 1 1 0 0 1 1 0 1 0 1 0 2 1 0 0 0 1 1 1 0 0 0 0 1 0 0 1 0 0 0 0 1 0 1 1 1 0 2 0 1 1 0 0 1 1 0 2 0 1 0 1 1 0 1 1 0 1 0 1 0
geno chr5.6538639 yri  1 0 1 1 0 1 0 0 0 2 2 0 0 2 0 2 1 2 1 2 2 0 0 1 0 0 1 1 0 1 1 0 2 1 1 1 2 1 0 0 1 1 2 2 0 1 1 1 0 1 1 0 0 0 1 0 0 1 0 0 1 0 0 0 1 1 1 1 1 0 1 0 0 1 0 1 1
geno chr5.6538791 ceu  0 0 1 1 1 0 1 0 2 0 0 1 1 0 0 1 0 1 1 0 1 0 0 2 2 1 1 0 1 0 0 0 0 0 0 0 1 1 0 0 0 0 0 1 0 2 1 1 0 0 0 1 2 0 0 0 1 0 1 0 1 2 1 0 0 1 1 0 1 0 0 1 1 1 0 0 1 0
geno chr5.6538791 fin  0 2 2 1 0 2 1 1 0 0 1 2 0 1 0 2 1 0 1 1 0 1 0 1 2 1 1 1 0 1 1 1 2 1 0 0 2 1 2 1 1 1 0 0 1 0 0 0 1 0 0 0 1 2 0 1 1 0 0 0 2 1 2 0 2 0 0 2 1 1 1 1 1 0 2 2 1 0 1 0 1 0 1 1 1 0 2 2 1
geno chr5.6538791 gbr  2 2 2 1 0 1 1 2 2 1 1 0 0 1 1 1 1 1 2 0 1 2 0 1 1 0 1 1 0 0 2 1 0 1 0 1 1 1 0 1 1 1 1 0 1 0 2 1 0 0 0 1 0 1 0 1 1 0 0 1 0 0 1 1 0 1 1 0 0 1 0 1 1 1 1 1 0 0 1 1 0 0 1 0
geno chr5.6538791 tsi  1 0 1 2 1 0 0 1 1 0 1 2 1 1 0 1 0 0 0 0 0 0 0 0 1 0 1 0 2 0 0 0 1 1 0 0 1 1 0 1 0 1 0 2 1 0 0 0 1 1 1 0 0 0 0 1 0 0 1 0 0 0 0 1 0 1 1 1 0 2 0 1 1 0 0 1 1 0 2 0 1 0 1 1 0 1 1 0 1 0 1 0
geno chr5.6538791 yri  1 0 1 1 0 1 0 0 0 2 2 0 0 2 0 2 1 2 1 2 2 0 0 1 0 0 1 1 0 1 1 0 2 1 1 1 2 1 0 0 1 1 2 2 0 1 1 1 0 1 1 0 0 0 1 0 0 1 0 0 1 0 0 0 1 1 1 1 1 0 1 0 0 1 0 1 1
geno chr5.6539117 ceu  0 0 1 1 1 0 1 0 2 0 0 1 1 0 0 1 0 1 1 0 1 0 0 2 2 1 1 0 1 0 0 0 0 0 0 0 1 1 0 0 0 0 0 1 0 2 1 1 0 0 0 1 2 0 0 0 1 0 1 0 1 2 1 0 0 1 1 0 1 0 0 1 1 1 0 0 1 0
geno chr5.6539117 fin  0 2 2 1 0 2 1 1 0 0 1 2 0 1 0 2 1 0 1 1 0 1 0 1 2 1 1 1 0 1 1 1 2 1 0 0 2 1 2 1 1 1 0 0 1 0 0 0 1 0 0 0 1 2 0 1 1 0 0 0 2 1 2 0 2 0 0 2 1 1 1 1 1 0 2 2 1 0 1 0 1 0 1 1 1 0 2 2 1
geno chr5.6539117 gbr  2 2 2 1 0 1 1 2 2 1 1 0 0 1 1 1 1 1 2 0 1 2 0 1 1 0 1 1 0 0 2 1 0 1 0 1 1 1 0 1 1 1 1 0 1 0 2 1 0 0 0 1 0 1 0 1 1 0 0 1 0 0 1 1 0 1 1 0 0 1 0 1 1 1 1 1 0 0 1 1 0 0 1 0
geno chr5.6539117 tsi  1 0 1 2 1 0 0 1 1 0 1 2 1 1 0 1 0 0 0 0 0 0 0 0 1 0 1 0 2 0 0 0 1 1 0 0 1 1 0 1 0 1 0 2 1 0 0 0 1 1 1 0 0 0 0 1 0 0 1 0 0 0 0 1 0 1 1 1 0 2 0 1 1 0 0 1 1 0 2 0 1 0 1 1 0 1 1 0 1 0 1 0
geno chr5.6539117 yri  1 0 1 1 0 1 0 0 0 2 2 0 0 2 0 2 1 2 1 2 2 0 0 1 0 0 1 1 0 1 1 0 2 1 1 1 2 1 0 0 1 1 2 2 0 1 1 1 0 1 1 0 0 0 1 0 0 1 0 0 1 0 0 0 1 1 1 1 1 0 1 0 0 1 0 1 1
geno chr5.6539175 ceu  1 2 2 1 2 0 1 1 2 1 1 2 2 1 1 2 0 2 1 0 2 0 1 2 2 2 2 1 1 1 1 1 0 2 1 1 2 1 1 2 1 1 0 1 1 2 1 1 1 1 1 1 2 2 0 1 1 1 1 1 2 2 1 1 0 1 1 2 2 1 1 1 2 2 0 2 2 1
geno chr5.6539175 fin  1 2 2 1 0 2 1 1 0 1 1 2 0 1 0 2 2 0 2 2 0 1 1 1 2 1 1 1 2 1 2 2 2 1 1 1 2 1 2 2 2 1 1 2 2 0 2 1 1 1 0 1 1 2 1 1 2 1 1 0 2 1 2 0 2 1 1 2 1 1 2 2 2 0 2 2 1 0 2 2 1 2 2 1 1 2 2 2 1
geno chr5.6539175 gbr  2 2 2 1 2 2 1 2 2 2 2 1 1 1 2 2 2 1 2 2 2 2 0 2 1 0 2 1 1 1 2 1 0 1 0 1 1 1 1 1 2 1 2 1 1 1 2 2 0 1 1 1 1 1 1 2 2 2 1 1 1 1 2 2 1 2 1 0 0 2 1 2 2 1 1 2 0 2 2 2 1 1 1 2
geno chr5.6539175 tsi  2 0 2 2 2 1 2 2 1 0 1 2 2 1 1 1 2 1 2 0 1 0 1 1 2 1 1 2 2 1 1 0 2 1 1 2 1 1 1 1 1 1 2 2 2 0 2 1 2 1 1 2 1 0 2 2 1 1 2 1 2 1 1 2 2 2 1 1 1 2 1 1 2 2 2 2 1 1 2 1 2 1 2 2 0 2 2 1 2 2 2 1
geno chr5.6539175 yri  2 1 1 2 2 2 2 2 2 2 2 2 2 2 0 2 2 2 2 2 2 2 2 2 2 2 1 2 2 2 2 1 2 2 2 2 2 2 2 2 2 1 2 2 1 2 2 2 2 1 2 1 1 2 2 1 2 2 2 1 2 1 2 1 2 2 2 2 2 1 2 2 2 2 2 2 2
geno chr5.6539186 ceu  0 0 0 0 0 0 0 0 0 0 0 0 0 0 0 0 0 0 1 0 0 0 0 0 0 1 0 0 0 0 0 0 0 0 0 0 0 0 0 0 0 0 0 0 0 1 0 0 0 0 0 0 0 0 0 0 0 0 1 0 0 0 0 0 0 0 1 0 0 0 0 0 0 0 0 0 0 0
geno chr5.6539186 fin  0 0 0 0 0 0 0 0 0 0 0 0 0 0 0 1 0 0 0 1 0 0 0 0 0 0 0 0 0 0 0 0 0 0 0 0 0 0 0 1 0 1 0 0 0 0 0 0 0 0 0 0 0 0 0 1 0 0 0 0 0 0 0 0 0 0 0 0 0 0 0 0 1 0 0 0 0 0 0 0 0 0 0 0 1 0 1 0 0
geno chr5.6539186 gbr  0 0 0 0 0 1 0 0 1 0 0 0 0 0 0 0 0 0 2 0 0 0 0 0 0 0 0 0 0 0 0 0 0 0 0 0 0 0 0 1 0 0 1 0 0 0 1 0 0 0 0 0 0 0 0 0 0 0 0 1 0 0 0 0 0 0 0 0 0 1 0 0 0 0 0 0 0 0 0 0 0 0 0 0
geno chr5.6539186 tsi  0 0 0 0 0 0 0 0 0 0 0 1 0 0 0 0 0 0 0 0 0 0 0 0 0 0 0 0 0 0 0 0 1 0 0 0 0 0 0 0 0 0 0 0 0 0 0 0 0 0 0 0 0 0 0 0 0 0 0 0 0 0 0 0 0 0 0 0 0 0 0 0 0 0 0 0 0 0 0 0 0 0 0 0 0 0 0 0 0 0 0 0
geno chr5.6539186 yri  1 0 0 1 0 0 0 0 0 0 2 0 0 0 0 0 1 2 0 1 1 0 0 0 0 0 1 1 0 1 1 0 0 1 0 0 1 1 0 0 0 1 1 0 0 1 0 1 0 1 1 0 0 0 0 0 0 0 0 0 1 0 0 0 0 0 0 0 1 0 0 0 0 0 0 0 1
geno chr5.6539482 ceu  1 0 0 0 0 0 0 0 0 1 0 0 0 1 0 1 0 0 0 0 1 0 0 0 0 1 0 0 0 0 0 1 0 1 1 1 0 0 0 0 1 0 0 0 1 0 0 0 0 1 1 0 0 0 0 1 1 0 0 1 0 0 0 1 0 0 0 1 0 0 0 0 1 0 0 1 1 0
geno chr5.6539482 fin  1 0 0 0 0 0 0 0 0 1 0 0 0 0 0 0 1 0 0 0 0 0 1 0 0 0 0 1 2 0 1 1 0 1 1 1 0 0 0 0 1 0 0 2 0 0 1 0 0 1 0 0 1 1 0 0 0 0 1 0 0 0 0 0 0 1 0 0 0 0 0 0 0 0 0 0 0 0 1 2 1 2 1 0 0 1 1 0 0
geno chr5.6539482 gbr  0 0 0 0 0 1 0 0 0 0 0 1 0 0 0 1 0 1 0 0 0 1 0 0 0 0 0 0 1 0 0 0 0 0 0 0 0 0 1 0 0 0 0 1 0 1 1 0 0 1 1 0 0 0 1 0 1 2 0 0 0 0 1 1 1 0 0 0 0 0 0 1 0 0 0 1 0 0 1 0 0 0 0 0
geno chr5.6539482 tsi  1 0 0 1 0 0 0 0 0 0 0 0 1 0 1 0 0 1 1 0 1 0 1 0 1 1 0 1 0 1 0 0 1 0 0 0 0 0 1 0 1 0 1 1 0 0 1 0 1 0 0 1 0 0 1 0 1 0 0 0 1 1 1 1 1 1 0 0 1 0 0 0 1 2 1 1 0 0 1 0 1 1 0 0 0 1 0 0 1 1 1 1
geno chr5.6539482 yri  0 0 0 1 1 0 1 0 0 0 0 1 0 0 0 0 1 0 0 0 0 0 2 0 0 0 1 1 1 0 0 1 0 0 1 0 0 0 0 1 0 0 0 0 0 1 1 0 0 0 0 0 0 1 1 0 1 1 1 1 0 0 1 0 1 0 1 0 0 0 0 2 1 1 1 0 0
geno chr5.6539492 ceu  1 0 0 0 0 0 0 0 0 1 1 0 1 1 0 1 0 1 0 0 0 0 1 0 0 1 0 0 0 0 0 1 0 1 1 0 0 0 0 0 0 0 0 0 1 0 0 0 0 1 1 0 0 0 0 0 0 0 0 1 1 0 0 1 0 0 0 1 1 1 0 0 1 0 0 1 0 0
geno chr5.6539492 fin  1 0 0 0 0 0 0 0 0 1 0 0 0 0 0 0 1 0 1 0 0 0 1 0 0 0 0 0 2 0 1 1 0 0 1 1 0 0 0 0 0 0 0 2 0 0 2 0 0 1 0 0 0 0 1 0 0 0 1 0 0 0 0 0 0 1 0 0 0 0 1 1 0 0 0 0 0 0 1 2 0 2 1 0 0 1 0 0 0
geno chr5.6539492 gbr  0 0 0 0 1 1 0 0 0 0 1 1 0 0 1 1 0 0 0 1 0 0 0 0 0 0 0 0 1 0 0 0 0 0 0 0 0 0 1 0 0 0 0 0 0 1 0 0 0 1 1 0 0 0 1 0 1 2 0 0 0 0 0 1 1 0 0 0 0 0 1 1 0 0 0 0 0 0 1 1 0 0 0 0
geno chr5.6539492 tsi  0 0 0 0 1 0 0 1 0 0 0 0 1 0 1 0 2 1 1 0 1 0 1 1 1 1 0 1 0 1 0 0 1 0 0 0 0 0 1 0 1 0 2 0 0 0 1 0 1 0 0 1 0 0 1 0 1 0 0 0 1 1 1 1 1 1 0 0 1 0 0 0 1 2 0 1 0 0 0 0 1 1 0 0 0 1 0 0 1 1 0 1
geno chr5.6539492 yri  0 0 0 1 1 0 2 0 0 0 0 1 0 0 0 0 0 0 0 0 0 1 2 1 0 0 0 1 1 0 1 1 0 0 0 0 0 1 1 1 1 0 0 0 1 1 1 0 0 0 1 0 0 1 1 1 1 0 1 1 0 0 1 0 1 0 1 0 1 0 1 2 1 0 1 0 0
geno chr5.6539498 ceu  1 0 0 0 1 0 0 0 0 1 1 0 1 1 0 1 0 1 0 0 0 0 1 0 0 1 1 0 0 0 0 1 0 1 1 0 0 0 0 1 1 1 0 0 1 0 0 0 0 1 1 0 0 0 0 0 0 1 0 1 1 0 0 1 0 0 0 1 1 1 0 0 1 0 0 1 0 1
geno chr5.6539498 fin  1 0 0 0 0 0 0 0 0 1 0 0 0 0 0 0 1 0 1 0 0 0 1 0 0 0 0 0 2 0 1 1 0 0 1 1 0 0 0 0 1 0 0 2 1 0 2 0 0 1 0 0 0 0 1 0 0 0 1 0 0 0 0 0 0 1 0 0 0 0 1 1 1 0 0 0 0 0 1 2 0 2 1 0 0 1 0 0 0
geno chr5.6539498 gbr  0 0 0 0 1 1 0 0 0 0 1 1 0 0 1 1 0 0 0 1 0 0 0 0 0 0 0 0 1 0 0 0 0 0 0 0 0 0 1 0 0 0 1 0 0 1 0 0 0 1 1 0 0 0 1 0 1 2 0 0 0 0 0 1 1 0 0 0 0 0 1 1 0 0 0 0 0 0 1 1 0 0 0 0
geno chr5.6539498 tsi  1 0 0 0 1 1 0 1 0 0 0 0 1 0 1 0 2 1 1 0 1 0 1 1 1 1 0 2 0 1 0 0 1 0 0 1 0 0 1 0 1 0 2 0 0 0 1 0 1 0 0 1 1 0 1 0 1 0 0 0 1 1 1 1 1 1 0 0 1 0 0 0 1 2 0 1 0 0 0 0 1 1 0 0 0 1 0 0 1 1 1 1
geno chr5.6539498 yri  0 0 0 1 1 0 2 0 0 0 0 1 0 0 0 0 1 0 0 0 0 1 2 1 0 0 0 1 1 0 1 1 0 0 1 0 0 1 1 1 1 0 0 0 1 1 1 0 0 0 1 0 0 1 1 1 1 0 1 1 0 0 1 0 1 0 1 0 1 0 1 2 1 0 1 0 0
geno chr5.6539545 ceu  0 0 1 1 1 0 1 0 2 0 0 1 0 0 0 1 0 1 1 0 0 0 0 1 1 1 1 0 1 0 0 0 0 0 0 0 1 1 0 0 0 0 0 1 0 2 1 1 0 0 0 1 2 0 0 0 1 0 1 0 0 1 1 0 0 1 0 0 1 0 0 1 1 1 0 0 1 0
geno chr5.6539545 fin  0 1 2 1 0 2 1 1 0 0 1 2 0 1 0 2 1 0 1 1 0 1 0 1 2 1 1 1 0 1 1 1 2 1 0 0 2 1 2 1 0 1 0 0 1 0 0 0 1 0 0 0 1 2 0 1 1 0 0 0 2 1 2 0 1 0 0 2 1 1 1 1 1 0 1 1 1 0 1 0 1 0 1 1 1 0 2 2 1
geno chr5.6539545 gbr  1 1 2 1 0 1 1 2 2 1 1 0 0 1 1 1 1 1 2 0 1 2 0 1 1 0 1 1 0 0 2 1 0 1 0 1 1 1 0 1 1 1 1 0 1 0 2 1 0 0 0 1 0 1 0 1 1 0 0 1 0 0 1 1 0 1 1 0 0 1 0 1 0 1 0 1 0 0 1 1 0 0 1 0
geno chr5.6539545 tsi  1 0 1 1 1 0 0 0 1 0 1 2 1 1 0 1 0 0 0 0 0 0 0 0 1 0 1 0 2 0 0 0 1 1 0 0 1 0 0 0 0 1 0 2 1 0 0 0 1 1 0 0 0 0 0 1 0 0 1 0 0 0 0 1 0 1 1 1 0 2 0 1 1 0 0 1 1 0 1 0 1 0 1 1 0 1 0 0 1 0 1 0
geno chr5.6539545 yri  1 0 1 1 0 1 0 0 0 2 1 0 0 2 0 2 1 2 1 1 2 0 0 1 0 0 1 1 0 1 1 0 1 1 1 1 1 1 0 0 1 1 2 2 0 1 1 1 0 1 1 0 0 0 1 0 0 1 0 0 1 0 0 0 1 1 1 1 1 0 1 0 0 1 0 0 1
geno chr5.6539591 ceu  0 0 1 1 1 0 1 0 2 0 0 1 1 0 0 1 0 1 0 0 1 0 0 2 2 0 1 0 1 0 0 0 0 0 0 0 1 1 0 0 0 0 0 1 0 1 1 1 0 0 0 1 2 0 0 0 1 0 0 0 1 2 1 0 0 1 0 0 1 0 0 1 1 1 0 0 1 0
geno chr5.6539591 fin  0 2 2 1 0 2 1 1 0 0 1 2 0 1 0 1 1 0 1 0 0 1 0 1 2 1 1 1 0 1 1 2 2 1 0 0 2 1 2 0 1 0 0 0 1 0 0 0 1 0 0 0 1 2 0 0 1 0 0 0 2 1 2 0 2 0 0 2 1 1 1 1 0 0 2 2 1 0 1 0 1 0 1 1 0 0 1 2 1
geno chr5.6539591 gbr  2 2 2 1 0 0 1 2 1 1 1 0 0 1 1 1 1 1 0 0 1 2 0 1 1 0 1 1 0 0 2 1 0 1 0 1 1 1 0 0 1 1 0 0 1 0 1 1 0 0 0 1 0 1 0 1 1 0 0 0 0 0 1 1 0 1 1 0 0 0 0 1 1 1 1 1 0 1 1 1 0 0 1 0
geno chr5.6539591 tsi  1 0 1 2 1 0 0 0 1 0 1 1 1 1 0 1 0 0 0 0 0 0 0 0 0 0 1 0 2 0 0 0 0 1 0 0 1 1 0 1 0 1 0 2 1 0 0 0 1 1 1 0 0 0 0 1 0 0 1 0 0 0 0 1 0 1 1 1 0 2 0 1 1 0 0 1 1 0 2 0 1 0 1 1 0 1 1 0 1 0 1 0
geno chr5.6539591 yri  0 0 0 0 0 1 0 0 0 0 0 0 0 0 0 1 0 0 1 0 0 0 0 0 0 0 0 0 0 0 0 0 2 0 0 1 1 0 0 0 0 0 0 0 0 0 0 0 0 0 0 0 0 0 0 0 0 1 0 0 0 0 0 0 0 0 0 0 0 0 1 0 0 0 0 1 0
geno chr5.6539612 ceu  0 2 0 0 0 0 0 1 0 0 0 0 0 0 1 0 0 0 0 0 0 0 0 0 0 0 0 1 0 1 0 0 0 1 0 1 1 0 0 1 0 0 0 0 0 0 0 0 0 0 0 0 0 1 0 0 0 0 0 0 0 0 0 0 0 0 0 1 0 0 0 0 0 1 0 1 0 0
geno chr5.6539612 fin  0 0 0 0 0 0 0 0 0 0 0 0 0 0 0 0 0 0 0 0 0 0 0 0 0 0 0 0 0 0 0 0 0 0 0 0 0 0 0 1 0 0 0 0 0 0 0 0 0 0 0 0 0 0 0 0 1 1 0 0 0 0 0 0 0 0 1 0 0 0 0 0 0 0 0 0 0 0 0 0 0 0 0 0 0 1 0 0 0
geno chr5.6539612 gbr  0 0 0 0 1 0 0 0 0 1 0 0 1 0 0 0 1 0 0 0 1 0 0 1 0 0 1 0 0 1 0 0 0 0 0 0 0 0 0 0 1 0 0 1 0 0 0 1 0 0 0 0 1 0 0 0 0 0 1 0 0 1 0 0 0 1 0 0 0 1 0 0 0 0 0 1 0 1 0 0 1 1 0 2
geno chr5.6539612 tsi  0 0 0 0 0 0 1 0 0 0 0 0 0 0 0 0 0 0 0 0 0 0 0 0 0 0 0 0 0 0 1 0 0 0 1 1 0 0 0 0 0 0 0 0 1 0 1 1 0 0 0 1 0 0 0 0 0 0 1 0 1 0 0 0 1 0 0 0 0 0 0 0 0 0 2 0 0 1 0 0 0 0 0 0 0 0 0 1 0 1 0 0
geno chr5.6539612 yri  0 0 0 0 0 0 0 0 1 0 0 1 0 0 0 0 0 0 1 0 0 0 0 0 1 1 0 0 0 0 0 0 0 0 0 0 0 0 0 0 0 0 0 0 0 0 0 0 0 0 0 0 0 0 0 0 0 0 0 0 0 1 0 0 0 0 0 0 0 0 0 0 0 0 1 0 0
geno chr5.6539697 ceu  0 0 1 1 1 0 1 0 2 0 0 1 1 0 0 1 0 1 1 0 1 0 0 2 2 1 1 0 1 0 0 0 0 0 0 0 1 1 0 0 0 0 0 1 0 2 1 1 0 0 0 1 2 0 0 0 1 0 1 0 1 2 1 0 0 1 1 0 1 0 0 1 1 1 0 0 1 0
geno chr5.6539697 fin  0 2 2 1 0 2 1 1 0 0 1 2 0 1 0 2 1 0 1 1 0 1 0 1 2 1 1 1 0 1 1 1 2 1 0 0 2 1 2 1 1 1 0 0 1 0 0 0 1 0 0 0 1 2 0 1 1 0 0 0 2 1 2 0 2 0 0 2 1 1 1 1 1 0 2 2 1 0 1 0 1 0 1 1 1 0 2 2 1
geno chr5.6539697 gbr  2 2 2 1 0 1 1 2 2 1 1 0 0 1 1 1 1 1 2 0 1 2 0 1 1 0 1 1 0 0 2 1 0 1 0 1 1 1 0 1 1 1 1 0 1 0 2 1 0 0 0 1 0 1 0 1 1 0 0 1 0 0 1 1 0 1 1 0 0 1 0 1 1 1 1 1 0 0 1 1 0 0 1 0
geno chr5.6539697 tsi  1 0 1 2 1 0 0 0 1 0 1 2 1 1 0 1 0 0 0 0 0 0 0 0 1 0 1 0 2 0 0 0 1 1 0 0 1 1 0 1 0 1 0 2 1 0 0 0 1 1 1 0 0 0 0 1 0 0 1 0 0 0 0 1 0 1 1 1 0 2 0 1 1 0 0 1 1 0 2 0 1 0 1 1 0 1 1 0 1 0 1 0
geno chr5.6539697 yri  1 0 1 1 0 1 0 0 0 2 2 0 0 2 0 2 1 2 1 2 2 0 0 1 0 0 1 1 0 1 1 0 2 1 1 1 2 1 0 0 1 1 2 2 0 1 1 1 0 1 1 0 0 0 1 0 0 1 0 0 1 0 0 0 1 1 1 1 1 0 1 0 0 1 0 1 1
geno chr5.6540005 ceu  0 0 1 1 1 0 1 0 2 0 0 1 1 0 0 1 0 1 1 0 1 0 0 2 2 1 1 0 1 0 0 0 0 0 0 0 1 1 0 0 0 0 0 1 0 2 1 1 0 0 0 1 2 0 0 0 1 0 1 0 1 2 1 0 0 1 1 0 1 0 0 1 1 1 0 0 1 0
geno chr5.6540005 fin  0 2 2 1 0 2 1 1 0 0 1 2 0 1 0 2 1 0 1 1 0 1 0 1 2 1 1 1 0 1 1 1 2 1 0 0 2 1 2 1 1 1 0 0 1 0 0 0 1 0 0 0 1 2 0 1 1 0 0 0 2 1 2 0 2 0 0 2 1 1 1 1 1 0 2 2 1 0 1 0 1 0 1 1 1 0 2 2 1
geno chr5.6540005 gbr  2 2 2 1 0 1 1 2 2 1 1 0 0 1 1 1 1 1 2 0 1 2 0 1 1 0 1 1 0 0 2 1 0 1 0 1 1 1 0 1 1 1 1 0 1 0 2 1 0 0 0 1 0 1 0 1 1 0 0 1 0 0 1 1 0 1 1 0 0 1 0 1 1 1 1 1 0 0 1 1 0 0 1 0
geno chr5.6540005 tsi  1 0 1 2 1 0 0 0 1 0 1 2 1 1 0 1 0 0 0 0 0 0 0 0 1 0 1 0 2 0 0 0 1 1 0 0 1 1 0 1 0 1 0 2 1 0 0 0 1 1 1 0 0 0 0 1 0 0 1 0 0 0 0 1 0 1 1 1 0 2 0 1 1 0 0 1 1 0 2 0 1 0 1 1 0 1 1 0 1 0 1 0
geno chr5.6540005 yri  1 0 1 1 0 1 0 0 0 2 2 0 0 2 0 2 1 2 1 2 2 0 0 1 0 0 1 1 0 1 1 0 2 1 1 1 2 1 0 0 1 1 2 2 0 1 1 1 0 1 1 0 0 0 1 0 0 1 0 0 1 0 0 0 1 1 1 1 1 0 1 0 0 1 0 1 1
geno chr5.6540593 ceu  0 0 1 1 1 0 1 0 2 0 0 1 1 0 0 1 0 1 1 0 1 0 0 2 2 1 1 0 1 0 0 0 0 0 0 0 1 1 0 0 0 0 0 1 0 2 1 1 0 0 0 1 2 0 0 0 1 0 1 0 1 2 1 0 0 1 1 0 1 0 0 1 1 1 0 0 1 0
geno chr5.6540593 fin  0 2 2 1 0 2 1 1 0 0 1 2 0 1 0 2 1 0 1 1 0 1 0 1 2 1 1 1 0 1 1 1 2 1 0 0 2 1 2 1 1 1 0 0 1 0 0 0 1 0 0 0 1 2 0 1 1 0 0 0 2 1 2 0 2 0 0 2 1 1 1 1 1 0 2 2 1 0 1 0 1 0 1 1 1 0 2 2 1
geno chr5.6540593 gbr  2 2 2 1 0 1 1 2 2 1 1 0 0 1 1 1 1 1 2 0 1 2 0 1 1 0 1 1 0 0 2 1 0 1 0 1 1 1 0 1 1 1 1 0 1 0 2 1 0 0 0 1 0 1 0 1 1 0 0 1 0 0 1 1 0 1 1 0 0 1 0 1 1 1 1 1 0 0 1 1 0 0 1 0
geno chr5.6540593 tsi  1 0 1 2 1 0 0 0 1 0 1 2 1 1 0 1 0 0 0 0 0 0 0 0 0 0 1 0 2 0 0 0 1 1 0 0 1 1 0 1 0 1 0 2 1 0 0 0 1 1 1 0 0 0 0 1 0 0 1 0 0 0 0 1 0 1 1 1 0 2 0 1 1 0 0 1 1 0 2 0 1 0 1 1 0 1 1 0 1 0 1 0
geno chr5.6540593 yri  1 0 0 1 0 1 0 0 0 0 2 0 0 0 0 1 1 2 1 1 1 0 0 0 0 0 1 1 0 1 1 0 2 1 0 1 2 1 0 0 0 1 1 0 0 1 0 1 0 1 1 0 0 0 0 0 0 1 0 0 1 0 0 0 0 0 0 0 1 0 1 0 0 0 0 1 1
geno chr5.6540747 ceu  0 0 1 1 1 0 1 0 2 0 0 1 1 0 0 1 0 1 1 0 1 0 0 2 2 1 1 0 1 0 0 0 0 0 0 0 1 1 0 0 0 0 0 1 0 2 1 1 0 0 0 1 2 0 0 0 1 0 1 0 1 2 1 0 0 1 1 0 1 0 0 1 1 1 0 0 1 0
geno chr5.6540747 fin  0 2 2 1 0 2 1 1 0 0 1 2 0 1 0 2 1 0 1 1 0 1 0 1 2 1 1 1 0 1 1 1 2 1 0 0 2 1 2 1 1 1 0 0 1 0 0 0 1 0 0 0 1 2 0 1 1 0 0 0 2 1 2 0 2 0 0 2 1 1 1 1 1 0 2 2 1 0 1 0 1 0 1 1 1 0 2 2 1
geno chr5.6540747 gbr  2 2 2 1 0 1 1 2 2 1 1 0 0 1 1 1 1 1 2 0 1 2 0 1 1 0 1 1 0 0 2 1 0 1 0 1 1 1 0 1 1 1 1 0 1 0 2 1 0 0 0 1 0 1 0 1 1 0 0 1 0 0 1 1 0 1 1 0 0 1 0 1 1 1 1 1 0 0 1 1 0 0 1 0
geno chr5.6540747 tsi  1 0 1 2 1 0 0 0 1 0 1 2 1 1 0 1 0 0 0 0 0 0 0 0 1 0 1 0 2 0 0 0 1 1 0 0 1 1 0 1 0 1 0 2 1 0 0 0 1 1 1 0 0 0 0 1 0 0 1 0 0 0 0 1 0 1 1 1 0 2 0 1 1 0 0 1 1 0 2 0 1 0 1 1 0 1 1 0 1 0 1 0
geno chr5.6540747 yri  1 0 0 1 0 1 0 0 0 2 2 0 0 1 0 2 1 2 1 2 2 0 0 1 0 0 1 1 0 1 1 0 2 1 0 1 2 1 0 0 0 1 2 0 0 1 0 1 0 1 1 0 0 0 1 0 0 1 0 0 1 0 0 0 1 1 1 0 1 0 1 0 0 1 0 1 1
geno chr5.6541957 ceu  0 0 1 1 1 0 1 0 2 0 0 1 1 0 0 1 0 1 0 0 1 0 0 2 2 0 1 0 1 0 0 0 0 0 0 0 1 1 0 0 0 0 0 1 0 1 1 1 0 0 0 1 2 0 0 0 1 0 0 0 1 2 1 0 0 1 0 0 1 0 0 1 1 1 0 0 1 0
geno chr5.6541957 fin  0 2 2 1 0 2 1 1 0 0 1 2 0 1 0 1 1 0 1 0 0 1 0 1 2 1 1 1 0 1 1 1 2 1 0 0 2 1 2 0 1 0 0 0 1 0 0 0 1 0 0 0 1 2 0 0 1 0 0 0 2 1 2 0 2 0 0 2 1 1 1 1 0 0 2 2 1 0 1 0 1 0 1 1 0 0 1 2 1
geno chr5.6541957 gbr  2 2 2 1 0 0 1 2 1 1 1 0 0 1 1 1 1 1 0 0 1 2 0 1 1 0 1 1 0 0 2 1 0 1 0 1 1 1 0 0 1 1 0 0 1 0 1 1 0 0 0 1 0 1 0 1 1 0 0 0 0 0 1 1 0 1 1 0 0 0 0 1 1 1 1 1 0 0 1 1 0 0 1 0
geno chr5.6541957 tsi  1 0 1 2 1 0 0 0 1 0 1 1 1 1 0 1 0 0 0 0 0 0 0 0 0 0 1 0 2 0 0 0 0 1 0 0 1 1 0 1 0 1 0 2 1 0 0 0 1 1 1 0 0 0 0 1 0 0 1 0 0 0 0 1 0 1 1 1 0 2 0 1 1 0 0 1 1 0 2 0 1 0 1 1 0 1 1 0 1 0 1 0
geno chr5.6541957 yri  0 0 0 0 0 1 0 0 0 0 0 0 0 0 0 1 0 0 1 0 0 0 0 0 0 0 0 0 0 0 0 0 2 0 0 1 1 0 0 0 0 0 0 0 0 0 0 0 0 0 0 0 0 0 0 0 0 1 0 0 0 0 0 0 0 0 0 0 0 0 1 0 0 0 0 1 0
geno chr5.6542361 ceu  0 0 0 0 0 0 1 1 0 0 0 0 0 0 0 0 0 0 1 0 0 0 0 0 1 1 0 0 0 0 0 0 0 0 0 0 0 0 0 0 0 0 0 0 0 1 0 0 0 0 0 0 0 0 0 0 0 0 1 0 0 0 0 0 0 0 1 0 0 0 0 0 0 0 0 0 0 0
geno chr5.6542361 fin  0 0 0 0 0 0 0 0 0 0 1 0 0 0 0 1 0 0 0 1 0 0 0 0 0 0 0 0 0 0 0 0 0 0 0 0 0 0 0 1 0 1 1 0 0 1 0 0 0 0 0 0 0 0 0 1 0 1 0 0 0 0 0 0 0 0 1 0 0 1 1 0 1 0 0 0 0 0 0 0 0 0 0 0 1 0 1 0 0
geno chr5.6542361 gbr  0 0 0 0 0 1 0 0 1 0 0 0 0 0 0 0 0 0 2 0 0 0 0 0 0 0 0 0 0 0 0 0 0 0 0 0 0 0 0 1 0 0 1 1 0 0 1 0 0 0 0 1 0 0 0 0 0 0 0 1 0 0 0 0 0 0 0 0 0 1 0 0 0 0 0 0 0 0 0 0 0 0 0 0
geno chr5.6542361 tsi  0 0 1 0 0 0 1 0 0 0 0 1 0 0 0 0 0 0 0 0 0 0 0 0 0 1 0 0 0 0 0 1 1 0 0 0 0 0 0 0 0 0 0 0 0 0 0 0 0 0 0 0 0 0 0 0 0 0 0 0 0 0 0 0 0 0 0 0 0 0 0 0 0 0 0 0 0 0 0 0 0 0 0 0 0 0 0 0 1 0 0 1
geno chr5.6542361 yri  1 0 0 0 0 0 0 0 0 0 1 0 0 0 0 0 0 1 0 1 1 0 0 0 0 0 0 0 0 0 1 1 0 1 0 0 1 1 1 0 0 1 1 0 0 0 0 1 0 1 0 1 0 0 0 0 0 0 0 0 0 0 0 0 0 0 0 0 0 0 0 0 0 0 0 0 0
geno chr5.6543499 ceu  0 0 1 1 1 0 1 0 2 0 0 1 1 0 0 1 0 1 1 0 1 0 0 2 2 1 1 0 1 0 0 0 0 0 0 0 1 1 0 0 0 0 0 1 0 2 1 1 0 0 0 1 2 0 0 0 1 0 1 0 1 2 1 0 0 1 1 0 1 0 0 1 1 1 0 0 1 0
geno chr5.6543499 fin  0 2 2 1 0 2 1 1 0 0 1 2 0 1 0 2 1 0 1 1 0 1 0 1 2 1 1 1 0 1 1 1 2 1 0 0 2 1 2 1 1 1 0 0 1 0 0 0 1 0 0 0 1 2 0 1 1 0 0 0 2 1 2 0 2 0 0 2 1 1 1 1 1 0 2 2 1 0 1 0 1 0 1 1 1 0 2 2 1
geno chr5.6543499 gbr  2 2 2 1 0 1 1 2 2 1 1 0 0 1 1 1 1 1 2 0 1 2 0 1 1 0 1 1 0 0 2 1 0 1 0 1 1 1 0 1 1 1 1 0 1 0 2 1 0 0 0 1 0 1 0 1 1 0 0 1 0 0 1 1 0 1 1 0 0 1 0 1 1 1 1 1 0 0 1 1 0 0 1 0
geno chr5.6543499 tsi  1 0 1 2 1 0 0 1 1 0 1 2 1 1 0 1 0 0 0 0 0 0 0 0 1 0 1 0 2 0 0 0 1 1 0 0 1 1 0 1 0 1 0 2 1 0 0 0 1 1 1 0 0 0 0 1 0 0 1 0 0 0 0 1 0 1 1 1 0 2 0 1 1 0 0 1 1 0 2 0 1 0 1 1 0 1 1 0 1 0 1 0
geno chr5.6543499 yri  1 0 1 1 0 1 0 0 0 2 2 0 0 2 0 2 1 2 1 2 2 0 0 1 0 0 1 1 0 1 1 0 2 1 0 1 2 1 0 0 1 1 2 2 0 1 1 1 0 1 1 0 0 0 1 0 0 1 0 0 1 0 0 0 1 1 1 1 1 0 1 0 0 1 0 1 1
geno chr5.6543837 ceu  0 0 1 1 1 0 1 0 2 0 0 1 1 0 0 1 0 1 1 0 1 0 0 2 2 1 1 0 1 0 0 0 0 0 0 0 1 1 0 0 0 0 0 1 0 2 1 1 0 0 0 1 2 0 0 0 1 0 1 0 1 2 1 0 0 1 1 0 1 0 0 1 1 1 0 0 1 0
geno chr5.6543837 fin  0 2 2 1 0 2 1 1 0 0 1 2 0 1 0 2 1 0 1 1 0 1 0 1 2 1 1 1 0 1 1 1 2 1 0 0 2 1 2 1 1 1 0 0 1 0 0 0 1 0 0 0 1 2 0 1 1 0 0 0 2 1 2 0 2 0 0 2 1 1 1 1 1 0 2 2 1 0 1 0 1 0 1 1 1 0 2 2 1
geno chr5.6543837 gbr  2 2 2 1 0 1 1 2 2 1 1 0 0 1 1 1 1 1 2 0 1 2 0 1 1 0 1 1 0 0 2 1 0 1 0 1 1 1 0 1 1 1 1 0 1 0 2 1 0 0 0 1 0 1 0 1 1 0 0 1 0 0 1 1 0 1 1 0 0 1 0 1 1 1 1 1 0 0 1 1 0 0 1 0
geno chr5.6543837 tsi  1 0 1 2 1 0 0 1 1 0 1 2 1 1 0 1 0 0 0 0 0 0 0 0 1 0 1 0 2 0 0 0 1 1 0 0 1 1 0 1 0 1 0 2 1 0 0 0 1 1 1 0 0 0 0 1 0 0 1 0 0 0 0 1 0 1 1 1 0 2 0 1 1 0 0 1 1 0 2 0 1 0 1 1 0 1 1 0 1 0 1 0
geno chr5.6543837 yri  1 0 0 1 0 1 0 0 0 2 2 0 0 1 0 2 1 2 1 2 2 0 0 1 0 0 1 1 0 1 1 0 2 1 0 1 2 1 0 0 0 1 2 0 0 1 0 1 0 1 1 0 0 0 1 0 0 1 0 0 1 0 0 0 1 1 1 0 1 0 1 0 0 1 0 1 1
geno chr5.6544137 ceu  0 2 0 0 0 0 0 1 0 0 0 0 1 0 1 0 0 0 0 0 0 0 0 0 0 0 0 0 1 0 0 0 0 0 0 1 0 0 0 1 0 0 0 0 0 0 0 0 0 0 0 0 0 0 0 0 0 0 0 0 0 0 0 0 0 0 0 1 0 0 0 0 0 1 0 1 0 0
geno chr5.6544137 fin  0 0 0 0 0 0 0 1 0 0 0 0 0 0 0 0 0 0 0 0 0 0 0 0 0 0 0 0 0 0 0 0 0 0 0 0 0 0 0 1 0 0 0 0 0 0 0 0 0 0 0 0 0 0 0 0 1 0 0 0 0 0 0 0 1 0 1 0 1 1 0 1 0 0 1 0 0 0 0 0 0 0 0 0 1 0 1 0 1
geno chr5.6544137 gbr  1 1 0 1 1 0 0 0 0 1 0 0 1 0 0 1 0 0 1 0 0 0 0 0 0 0 1 0 0 0 0 1 0 0 0 0 0 0 0 0 1 0 0 1 0 0 0 1 0 0 0 0 1 0 0 0 0 0 1 0 0 1 1 0 0 1 0 0 0 1 0 0 1 0 0 1 0 1 0 0 1 1 0 1
geno chr5.6544137 tsi  0 0 0 1 0 0 1 0 0 0 0 0 0 0 0 0 0 0 0 0 0 0 0 0 0 0 0 0 1 0 1 0 0 0 1 1 0 0 0 0 0 0 0 0 1 0 1 1 1 0 0 1 0 0 0 0 0 0 1 0 1 0 0 0 2 0 0 0 0 0 0 0 0 0 2 0 0 1 0 0 0 0 1 0 0 0 0 1 0 1 0 0
geno chr5.6544137 yri  0 0 0 0 0 0 0 0 1 0 1 1 0 0 0 0 0 0 1 0 0 0 0 0 1 1 0 0 0 0 1 1 0 0 0 0 0 0 0 0 1 0 0 1 0 0 0 0 0 1 0 1 1 0 0 0 0 1 1 0 0 1 0 0 1 0 0 0 0 0 0 0 0 1 0 0 0
geno chr5.6544152 ceu  0 2 0 0 0 0 0 1 0 0 0 0 0 0 1 0 0 0 0 0 0 0 0 0 0 0 0 1 0 1 0 0 0 1 0 1 1 0 0 1 0 0 0 0 0 0 0 0 0 0 0 0 0 1 0 0 0 0 0 0 0 0 0 0 0 0 0 1 0 0 0 0 0 1 0 1 0 0
geno chr5.6544152 fin  0 0 0 0 0 0 0 0 0 0 0 0 0 0 0 0 0 0 0 0 0 0 0 0 0 0 0 0 0 0 0 0 0 0 0 0 0 0 0 1 0 0 0 0 0 0 0 0 0 0 0 0 0 0 0 0 1 1 0 0 0 0 0 0 0 0 1 0 0 0 0 0 0 0 0 0 0 0 0 0 0 0 0 0 0 1 0 0 0
geno chr5.6544152 gbr  0 0 0 0 1 0 0 0 0 1 0 0 1 0 0 0 1 0 0 0 1 0 0 1 0 0 1 0 0 1 0 0 0 0 0 0 0 0 0 0 1 0 0 1 0 0 0 1 0 0 0 0 1 0 0 0 0 0 1 0 0 1 0 0 0 1 0 0 0 1 0 0 0 0 0 1 0 1 0 0 1 1 0 2
geno chr5.6544152 tsi  0 0 0 0 0 0 1 0 0 0 0 0 0 0 0 0 0 0 0 0 0 0 0 0 0 0 0 0 0 0 1 0 0 0 1 1 0 0 0 0 0 0 0 0 1 0 1 1 0 0 0 1 0 0 0 0 0 0 1 0 1 0 0 0 1 0 0 0 0 0 0 0 0 0 2 0 0 1 0 0 0 0 0 0 0 0 0 1 0 1 0 0
geno chr5.6544152 yri  0 0 0 0 0 0 0 0 1 0 0 1 0 0 0 0 0 0 1 0 0 0 0 0 1 1 0 0 0 0 0 0 0 0 0 0 0 0 0 0 0 0 0 0 0 0 0 0 0 0 0 0 0 0 0 0 0 0 0 0 0 1 0 0 0 0 0 0 0 0 0 0 0 0 1 0 0
geno chr5.6544172 ceu  0 0 1 1 1 0 1 0 2 0 0 1 1 0 0 1 0 1 1 0 1 0 0 2 2 1 1 0 1 0 0 0 0 0 0 0 1 1 0 0 0 0 0 1 0 2 1 1 0 0 0 1 2 0 0 0 1 0 1 0 1 2 1 0 0 1 1 0 1 0 0 1 1 1 0 0 1 0
geno chr5.6544172 fin  0 2 2 1 0 2 1 1 0 0 1 2 0 1 0 2 1 0 1 1 0 1 0 1 2 1 1 1 0 1 1 1 2 1 0 0 2 1 2 1 1 1 0 0 1 0 0 0 1 0 0 0 1 2 0 1 1 0 0 0 2 1 2 0 2 0 0 2 1 1 1 1 1 0 2 2 1 0 1 0 1 0 1 1 1 0 2 2 1
geno chr5.6544172 gbr  2 2 2 1 0 1 1 2 2 1 1 0 0 1 1 1 1 1 2 0 1 2 0 1 1 0 1 1 0 0 2 1 0 1 0 1 1 1 0 1 1 1 1 0 1 0 2 1 0 0 0 1 0 1 0 1 1 0 0 1 0 0 1 1 0 1 1 0 0 1 0 1 1 1 1 1 0 0 1 1 0 0 1 0
geno chr5.6544172 tsi  1 0 1 2 1 0 0 1 1 0 1 2 1 1 0 1 0 0 0 0 0 0 0 0 1 0 1 0 2 0 0 0 1 1 0 0 1 1 0 1 0 1 0 2 1 0 0 0 1 1 1 0 0 0 0 1 0 0 1 0 0 0 0 1 0 1 1 1 0 2 0 1 1 0 0 1 1 0 2 0 1 0 1 1 0 1 1 0 1 0 1 0
geno chr5.6544172 yri  1 0 1 1 0 1 0 0 0 2 2 0 0 2 0 2 1 2 1 2 2 0 0 1 0 0 1 1 0 1 1 0 2 1 0 1 2 1 0 0 1 1 2 2 0 1 1 1 0 1 1 0 0 0 1 0 0 1 0 0 1 0 0 0 1 1 1 1 1 0 1 0 0 1 0 1 1
geno chr5.6544944 ceu  0 0 1 1 1 0 1 0 2 0 0 1 1 0 0 1 0 1 0 0 1 0 0 2 2 0 1 0 1 0 0 0 0 0 0 0 1 1 0 0 0 0 0 1 0 1 1 1 0 0 0 1 2 0 0 0 1 0 0 0 1 2 1 0 0 1 0 0 1 0 0 1 1 1 0 0 1 0
geno chr5.6544944 fin  0 2 2 1 0 2 1 1 0 0 1 2 0 1 0 1 1 0 1 0 0 1 0 1 2 1 1 1 0 1 1 1 2 1 0 0 2 1 2 0 1 0 0 0 1 0 0 0 1 0 0 0 1 2 0 0 1 0 0 0 2 1 2 0 2 0 0 2 1 1 1 1 0 0 2 2 1 0 1 0 1 0 1 1 0 0 1 2 1
geno chr5.6544944 gbr  2 2 2 1 0 0 1 2 1 1 1 0 0 1 1 1 1 1 0 0 1 2 0 1 1 0 1 1 0 0 2 1 0 1 0 1 1 1 0 0 1 1 0 0 1 0 1 1 0 0 0 1 0 1 0 1 1 0 0 0 0 0 1 1 0 1 1 0 0 0 0 1 1 1 1 1 0 0 1 1 0 0 1 0
geno chr5.6544944 tsi  1 0 1 2 1 0 0 1 1 0 1 1 1 1 0 1 0 0 0 0 0 0 0 0 0 0 1 0 2 0 0 0 0 1 0 0 1 1 0 1 0 1 0 2 1 0 0 0 1 1 1 0 0 0 0 1 0 0 1 0 0 0 0 1 0 1 1 1 0 2 0 1 1 0 0 1 1 0 2 0 1 0 1 1 0 1 1 0 1 0 1 0
geno chr5.6544944 yri  0 0 0 0 0 1 0 0 0 0 0 0 0 0 0 1 0 0 1 0 0 0 0 0 0 0 0 0 0 0 0 0 2 0 0 1 1 0 0 0 0 0 0 0 0 0 0 0 0 0 0 0 0 0 0 0 0 1 0 0 0 0 0 0 0 0 0 0 0 0 1 0 0 0 0 1 0
geno chr5.6545215 ceu  0 0 1 1 1 0 1 0 2 0 0 1 1 0 0 1 0 1 1 0 1 0 0 2 2 1 1 0 1 0 0 0 0 0 0 0 1 1 0 0 0 0 0 1 0 2 1 1 0 0 0 1 2 0 0 0 1 0 1 0 1 2 1 0 0 1 1 0 1 0 0 1 1 1 0 0 1 0
geno chr5.6545215 fin  0 2 2 1 0 2 1 1 0 0 1 2 0 1 0 2 1 0 1 1 0 1 0 1 2 1 1 1 0 1 1 1 2 1 0 0 2 1 2 1 1 1 0 0 1 0 0 0 1 0 0 0 1 2 0 1 1 0 0 0 2 1 2 0 2 0 0 2 1 1 1 1 1 0 2 2 1 0 1 0 1 0 1 1 1 0 2 2 1
geno chr5.6545215 gbr  2 2 2 1 0 1 1 2 2 1 1 0 0 1 1 1 1 1 2 0 1 2 0 1 1 0 1 1 0 0 2 1 0 1 0 1 1 1 0 1 1 1 1 0 1 0 2 1 0 0 0 1 0 1 0 1 1 0 0 1 0 0 1 1 0 1 1 0 0 1 0 1 1 1 1 1 0 0 1 1 0 0 1 0
geno chr5.6545215 tsi  1 0 1 2 1 0 0 1 1 0 1 2 1 1 0 1 0 0 0 0 0 0 0 0 1 0 1 0 2 0 0 0 1 1 0 0 1 1 0 1 0 1 0 2 1 0 0 0 1 1 1 0 0 0 0 1 0 0 1 0 0 0 0 1 0 1 1 1 0 2 0 1 1 0 0 1 1 0 2 0 1 0 1 1 0 1 1 0 1 0 1 0
geno chr5.6545215 yri  1 0 1 1 0 1 0 0 0 2 2 0 0 2 0 2 1 2 1 2 2 0 0 1 0 0 1 1 0 1 1 0 2 1 0 1 2 1 0 0 1 1 2 1 0 1 1 1 0 1 1 0 0 0 1 0 0 1 0 0 1 0 0 0 1 1 1 0 1 0 1 0 0 1 0 1 1
geno chr5.6545218 ceu  0 0 0 0 0 0 0 0 0 0 0 0 0 0 0 0 0 0 1 0 0 0 0 0 0 1 0 0 0 0 0 0 0 0 0 0 0 0 0 0 0 0 0 0 0 1 0 0 0 0 0 0 0 0 0 0 0 0 1 0 0 0 0 0 0 0 1 0 0 0 0 0 0 0 0 0 0 0
geno chr5.6545218 fin  0 0 0 0 0 0 0 0 0 0 0 0 0 0 0 1 0 0 0 1 0 0 0 0 0 0 0 0 0 0 0 0 0 0 0 0 0 0 0 1 0 1 0 0 0 0 0 0 0 0 0 0 0 0 0 1 0 0 0 0 0 0 0 0 0 0 0 0 0 0 0 0 1 0 0 0 0 0 0 0 0 0 0 0 1 0 1 0 0
geno chr5.6545218 gbr  0 0 0 0 0 1 0 0 1 0 0 0 0 0 0 0 0 0 2 0 0 0 0 0 0 0 0 0 0 0 0 0 0 0 0 0 0 0 0 1 0 0 1 0 0 0 1 0 0 0 0 0 0 0 0 0 0 0 0 1 0 0 0 0 0 0 0 0 0 1 0 0 0 0 0 0 0 0 0 0 0 0 0 0
geno chr5.6545218 tsi  0 0 0 0 0 0 0 0 0 0 0 1 0 0 0 0 0 0 0 0 0 0 0 0 0 0 0 0 0 0 0 0 1 0 0 0 0 0 0 0 0 0 0 0 0 0 0 0 0 0 0 0 0 0 0 0 0 0 0 0 0 0 0 0 0 0 0 0 0 0 0 0 0 0 0 0 0 0 0 0 0 0 0 0 0 0 0 0 0 0 0 0
geno chr5.6545218 yri  1 0 1 1 0 0 0 0 0 0 2 0 0 1 0 0 1 2 0 1 1 0 0 0 0 0 1 1 0 1 1 0 0 1 0 0 1 1 0 0 1 1 1 1 0 1 1 1 0 1 1 0 0 0 0 0 0 0 0 0 1 0 0 0 0 0 0 0 1 0 0 0 0 0 0 0 1
geno chr5.6545255 ceu  0 0 1 1 1 0 1 0 2 0 0 1 1 0 0 1 0 1 0 0 1 0 0 2 2 0 1 0 1 0 0 0 0 0 0 0 1 1 0 0 0 0 0 1 0 1 1 1 0 0 0 1 2 0 0 0 1 0 0 0 1 2 1 0 0 1 0 0 1 0 0 1 1 1 0 0 1 0
geno chr5.6545255 fin  0 2 2 1 0 2 1 1 0 0 1 2 0 1 0 1 1 0 1 0 0 1 0 1 2 1 1 1 0 1 1 1 2 1 0 0 2 1 2 0 1 0 0 0 1 0 0 0 1 0 0 0 1 2 0 0 1 0 0 0 2 1 2 0 2 0 0 2 1 1 1 1 0 0 2 2 1 0 1 0 1 0 1 1 0 0 1 2 1
geno chr5.6545255 gbr  2 2 2 1 0 0 1 2 1 1 1 0 0 1 1 1 1 1 0 0 1 2 0 1 1 0 1 1 0 0 2 1 0 1 0 1 1 1 0 0 1 1 0 0 1 0 1 1 0 0 0 1 0 1 0 1 1 0 0 0 0 0 1 1 0 1 1 0 0 0 0 1 1 1 1 1 0 0 1 1 0 0 1 0
geno chr5.6545255 tsi  1 0 1 2 1 0 0 1 1 0 1 1 1 1 0 1 0 0 0 0 0 0 0 0 0 0 1 0 2 0 0 0 0 1 0 0 1 1 0 1 0 1 0 2 1 0 0 0 1 1 1 0 0 0 0 1 0 0 1 0 0 0 0 1 0 1 1 1 0 2 0 1 1 0 0 1 1 0 2 0 1 0 1 1 0 1 1 0 1 0 1 0
geno chr5.6545255 yri  0 0 0 0 0 1 0 0 0 0 0 0 0 0 0 1 0 0 1 0 0 0 0 0 0 0 0 0 0 0 0 0 2 0 0 1 1 0 0 0 0 0 0 0 0 0 0 0 0 0 0 0 0 0 0 0 0 1 0 0 0 0 0 0 0 0 0 0 0 0 1 0 0 0 0 1 0
geno chr5.6545276 ceu  1 2 2 1 2 0 1 1 2 1 1 2 2 1 1 2 0 2 1 0 2 0 1 2 2 2 2 1 1 1 1 1 0 2 1 1 2 1 1 2 1 1 0 1 1 2 1 1 1 1 1 1 2 2 0 1 1 1 1 1 2 2 1 1 0 1 1 2 2 1 1 1 2 2 0 2 2 1
geno chr5.6545276 fin  1 2 2 1 0 2 2 1 0 1 1 2 0 1 0 2 2 0 2 2 0 1 1 2 2 1 1 1 2 1 2 2 2 1 1 1 2 1 2 2 2 1 1 2 2 0 2 1 1 1 1 1 1 2 1 1 2 1 1 0 2 1 2 0 2 1 1 2 1 1 2 2 2 1 2 2 1 0 2 2 1 2 2 2 1 2 2 2 1
geno chr5.6545276 gbr  2 2 2 1 2 2 1 2 2 2 2 1 1 1 2 2 2 1 2 2 2 2 0 2 1 0 2 1 1 1 2 1 0 1 0 1 1 1 1 1 2 1 2 1 1 1 2 2 0 1 1 1 1 1 1 2 2 2 1 1 1 1 2 2 1 2 1 0 0 2 1 2 2 1 1 2 0 2 2 2 1 1 1 2
geno chr5.6545276 tsi  2 0 2 2 2 1 2 2 1 0 1 2 2 1 1 1 2 1 2 0 1 0 1 1 2 1 1 2 2 1 1 0 2 1 1 2 1 1 1 1 1 1 2 2 2 0 2 1 2 1 1 2 1 0 2 2 1 1 2 1 2 1 1 2 2 2 1 1 1 2 1 1 2 2 2 2 1 1 2 1 2 1 2 2 0 2 2 1 2 2 2 1
geno chr5.6545276 yri  2 1 1 2 2 2 2 2 2 2 2 2 2 2 0 2 2 2 2 2 2 2 2 2 2 2 1 2 2 2 2 1 2 2 2 2 2 2 2 2 2 1 2 2 1 2 2 2 2 1 2 1 1 2 2 2 2 2 2 1 2 1 2 1 2 2 2 2 2 1 2 2 2 2 2 2 2
geno chr5.6545727 ceu  0 0 1 1 1 0 1 0 2 0 0 1 1 0 0 1 0 1 0 0 1 0 0 2 2 0 1 0 1 0 0 0 0 0 0 0 1 1 0 0 0 0 0 1 0 1 1 1 0 0 0 1 2 0 0 0 1 0 0 0 1 2 1 0 0 1 0 0 1 0 0 1 1 1 0 0 1 0
geno chr5.6545727 fin  0 2 2 1 0 2 1 1 0 0 1 2 0 1 0 1 1 0 1 0 0 1 0 1 2 1 1 1 0 1 1 1 2 1 0 0 2 1 2 0 1 0 0 0 1 0 0 0 1 0 0 0 1 2 0 0 1 0 0 0 2 1 2 0 2 0 0 2 1 1 1 1 0 0 2 2 1 0 1 0 1 0 1 1 0 0 1 2 1
geno chr5.6545727 gbr  2 2 2 1 0 0 1 2 1 1 1 0 0 1 1 1 1 1 0 0 1 2 0 1 1 0 1 1 0 0 2 1 0 1 0 1 1 1 0 0 1 1 0 0 1 0 1 1 0 0 0 1 0 1 0 1 1 0 0 0 0 0 1 1 0 1 1 0 0 0 0 1 1 1 1 1 0 0 1 1 0 0 1 0
geno chr5.6545727 tsi  1 0 1 2 1 0 0 1 1 0 1 1 1 1 0 1 0 0 0 0 0 0 0 0 1 0 1 0 2 0 0 0 0 1 0 0 1 1 0 1 0 1 0 2 1 0 0 0 1 1 1 0 0 0 0 1 0 0 1 0 0 0 0 1 0 1 1 1 0 2 0 1 1 0 0 1 1 0 2 0 1 0 1 1 0 1 1 0 1 0 1 0
geno chr5.6545727 yri  0 0 0 0 0 1 0 0 0 1 0 0 0 1 0 2 0 0 1 1 1 0 0 0 0 0 0 0 0 0 0 0 2 0 0 1 1 0 0 0 0 0 1 1 0 0 0 0 0 0 0 0 0 0 1 0 0 1 0 0 0 0 0 0 1 1 1 1 0 0 1 0 0 1 0 1 0
geno chr5.6545993 ceu  0 0 1 1 1 0 1 0 2 0 0 1 1 0 0 1 0 1 0 0 1 0 0 2 2 0 1 0 1 0 0 0 0 0 0 0 1 1 0 0 0 0 0 1 0 1 1 1 0 0 0 1 2 0 0 0 1 0 0 0 1 2 1 0 0 1 0 0 1 0 0 1 1 1 0 0 1 0
geno chr5.6545993 fin  0 2 2 1 0 2 1 1 0 0 1 2 0 1 0 1 1 0 1 0 0 1 0 1 2 1 1 1 0 1 1 1 2 1 0 0 2 1 2 0 1 0 0 0 1 0 0 0 1 0 0 0 1 2 0 0 1 0 0 0 2 1 2 0 2 0 0 2 1 1 1 1 0 0 2 2 1 0 1 0 1 0 1 1 0 0 1 2 1
geno chr5.6545993 gbr  2 2 2 1 0 0 1 2 1 1 1 0 0 1 1 1 1 1 0 0 1 2 0 1 1 0 1 1 0 0 2 1 0 1 0 1 1 1 0 0 1 1 0 0 1 0 1 1 0 0 0 1 0 1 0 1 1 0 0 0 0 0 1 1 0 1 1 0 0 0 0 1 1 1 1 1 0 0 1 1 0 0 1 0
geno chr5.6545993 tsi  1 0 1 2 1 0 0 1 1 0 1 1 1 1 0 1 0 0 0 0 0 0 0 0 0 0 1 0 2 0 0 0 0 1 0 0 1 1 0 1 0 1 0 2 1 0 0 0 1 1 1 0 0 0 0 1 0 0 1 0 0 0 0 1 0 1 1 1 0 2 0 1 1 0 0 1 1 0 2 0 1 0 1 1 0 1 1 0 1 0 1 0
geno chr5.6545993 yri  0 0 0 0 0 1 0 0 0 1 0 0 0 0 0 1 0 0 1 0 0 0 0 1 0 0 0 0 0 0 0 0 2 0 0 1 1 0 0 0 0 0 0 0 0 0 0 0 0 0 0 0 0 0 0 0 0 1 0 0 0 0 0 0 0 0 0 0 0 0 1 0 0 0 0 1 0
