pheno ENSG00000157617 ceu 1.406234 1.568361 0.4626557 -0.4382719 -1.900342 -0.1496503 -0.5348906 0.1420996 -0.2383582 1.305717 -2.229378 -0.0436572 -1.537762 -0.9933947 1.782729 0.5645413 2.156745 1.909873 -0.1352879 -1.134389 0.675292 -1.184124 -1.404652 0.9220729 0.5754885 1.485676 -0.8548376 -0.5660457 -0.6510364 3.718559 2.426428 0.5616547 0.8263632 -1.159844 1.030214 0.1750149 0.2545943 0.2649323 2.191965 -0.1240957 0.5146403 0.1017344 -1.243686 0.4342717 0.9188016 1.655533 2.54435 0.3765424 -0.3620539 1.024099 1.2935 -0.2332469 1.899761 -0.8390026 -0.831473 1.586937 1.274786 -1.244782 0.885281 3.132344 0.460264 -0.3196541 -0.9158481 -0.8673998 -0.7974083 1.677895 0.1017984 0.6824397 -0.4990973 0.9719345 0.2041189 0.6808719 0.1079378 -0.4982346 0.6349778 1.538647 -1.774725 -1.182691
pheno ENSG00000157617 fin -2.191482 -3.057775 -2.57875 -0.3450711 -2.668585 -1.318222 -0.7891764 -2.074564 -2.014282 0.6524383 -1.133251 -1.981395 -1.269471 -2.713724 -1.873498 -2.044995 -2.744841 -2.932212 -2.632535 -3.50766 -2.227348 -1.041772 -1.161577 -0.6046447 -1.40802 -2.451552 -2.2566 -1.551003 -2.310157 -0.3759078 -2.543669 -2.577725 -1.511086 -2.132497 -1.30975 -2.216883 -0.2974179 -1.948087 0.05562429 -0.607438 -2.109809 -2.585318 -0.2694774 -1.481388 -1.520759 -1.095007 -3.127217 -0.3961411 -0.7895374 -3.824279 -0.7901733 -3.56033 -1.892058 -2.115782 -3.046509 -0.8407167 0.04274812 -1.984495 -2.434694 -0.7241844 -1.665837 -0.8482158 1.174171 -1.370315 -0.672441 -1.322492 -2.073038 -1.091345 -1.901599 -1.964423 -2.215066 -4.776012 -1.304193 -3.035059 -3.127626 -0.6364411 -1.15415 -1.974317 -0.848295 -0.6592188 -1.124035 -2.387865 1.019025 -1.838869 -2.290342 -2.606897 -3.371945 -2.202864 -1.984613
pheno ENSG00000157617 gbr -0.8910643 1.395811 0.2411683 -1.492429 2.059576 0.6731276 1.335391 0.4461269 2.323249 1.832021 1.203546 1.223507 1.219988 -0.2538611 0.283285 0.7290826 -0.8361783 -0.6069578 -0.06371044 0.2251876 1.529646 0.3393318 0.2742499 -2.11323 0.4637455 -3.114143 1.385418 -1.077888 0.1222113 1.022309 0.348071 -0.1511508 2.309906 1.154303 2.07439 -0.7409497 -0.1606546 1.00519 0.8599902 -0.2703795 0.6559358 -0.5064592 1.528015 0.9827196 1.202588 -0.5592414 0.7179688 -0.3177575 -0.6788368 0.06718873 0.5437942 -1.320901 0.6582226 -0.1120281 -0.5766374 0.4490288 2.005636 1.368744 -0.8930433 0.8287191 0.03824275 -0.3640226 0.9106667 -0.5839919 1.874564 1.71663 1.46683 -1.713414 1.232884 1.014369 -0.3423491 0.8029654 -0.2825044 1.152306 -0.5678467 0.05433652 -0.3937176 1.756591 -0.2013646 -0.487051 0.993687 -0.2074935 0.1679246 2.076962
pheno ENSG00000157617 tsi -0.1691398 -0.2439412 0.9693638 1.564744 3.111865 0.9532545 2.414043 2.59302 2.612317 3.842136 0.6895873 1.163571 1.47004 -0.1075735 0.9090689 1.425284 2.39404 3.676388 2.32572 0.8325462 2.887822 -0.262248 2.546863 1.850778 3.236333 3.164831 2.737445 2.906272 0.4435199 1.548421 -0.0458094 3.607579 2.079644 2.105219 1.472902 1.486274 2.078291 1.288576 2.574336 1.438885 1.214765 1.224865 2.559214 2.199777 1.266381 1.992058 2.055256 2.099222 3.395842 1.952419 2.749658 2.383845 2.154065 3.01226 0.4959188 1.134925 2.682129 2.05495 1.486329 2.024429 2.176452 2.099602 1.214269 0.7485 3.221634 3.615193 1.163456 1.950583 1.776353 2.546152 2.689785 3.407581 1.917651 1.116851 1.424804 0.9263927 0.07912859 2.913754 1.334647 2.140342 0.4513493 1.876599 2.851257 0.6658147 3.188692 2.038953 2.388898 3.785789 1.768922 1.15695 2.661077 0.6930463
pheno ENSG00000157617 yri -1.115975 1.216692 0.09619273 -0.03088913 0.7558152 0.03506329 1.673088 -0.2584106 0.9021639 0.8026248 1.20803 0.4961111 0.3230387 0.4527981 -0.4760155 -1.175086 0.5571006 1.081318 2.231827 -0.9084109 0.6722578 1.619332 -0.3399314 0.2148709 0.2172067 -0.5688899 2.417397 0.1534025 -1.368535 -0.0165056 -0.6976506 1.092334 0.5261554 0.6309354 -0.1678468 1.995009 -0.4074526 1.209488 -0.4513614 1.513603 1.274012 0.9651499 0.3641326 -1.344168 -0.879457 -0.1007193 -1.173344 1.291641 1.567193 0.4424925 0.8663428 0.1100776 -0.8710773 1.447613 1.475095 -0.3582577 0.9810653 1.307042 -0.1992676 -0.2154747 1.909094 1.489263 1.221178 0.02789275 -0.365228 -0.3546345 -1.270475 -0.9966257 -0.08342633 -0.7005915 -1.094982 -1.726411 1.400273 0.15235 -1.160985 0.5012413 -0.1182967
geno chr21.43274653 ceu  1 1 0 0 1 0 1 0 2 1 1 1 1 0 1 1 0 0 1 1 1 1 1 1 0 0 1 1 2 1 0 0 2 0 1 0 0 1 0 0 1 0 0 1 0 0 0 0 0 1 1 0 1 0 1 1 0 0 0 0 1 0 0 1 1 0 1 0 1 1 1 1 0 2 1 1 2 0
geno chr21.43274653 fin  1 0 0 0 1 0 0 0 0 0 0 2 1 1 0 0 0 1 0 1 0 2 1 2 1 0 2 2 1 1 2 0 1 2 1 0 0 1 0 0 1 0 1 1 1 1 1 1 0 1 2 1 0 1 0 1 0 2 1 2 1 1 1 0 1 0 2 1 1 1 0 0 0 1 2 0 0 1 2 0 1 1 1 1 1 1 0 0 1
geno chr21.43274653 gbr  0 0 1 0 1 2 1 0 0 0 0 1 1 1 1 1 1 1 1 0 1 1 2 1 1 1 1 1 0 0 1 2 1 1 1 1 2 1 0 2 0 1 1 1 1 1 1 1 1 1 0 0 1 0 1 0 2 2 0 0 0 1 2 2 1 0 0 1 0 0 0 1 0 1 1 1 1 1 0 0 1 1 0 1
geno chr21.43274653 tsi  1 0 0 1 0 2 1 0 0 0 1 1 1 0 0 1 1 0 0 1 1 0 0 0 0 0 0 1 1 1 2 1 1 2 1 1 1 1 0 1 0 2 0 1 0 1 2 0 0 2 0 0 1 0 1 0 0 0 0 1 0 0 1 0 0 0 0 1 1 0 1 2 1 2 1 0 1 0 1 0 0 1 1 0 1 2 0 0 0 0 0 0
geno chr21.43274653 yri  0 1 0 0 0 0 0 1 2 1 1 0 0 0 0 0 0 0 1 1 0 2 0 1 1 0 0 0 1 1 1 0 0 1 1 1 0 0 0 0 0 0 0 1 0 2 1 0 1 0 0 0 0 1 0 2 1 0 1 1 0 0 0 0 0 0 0 0 1 0 1 0 0 0 1 0 1
geno chr21.43275322 ceu  0 0 0 0 0 0 0 0 0 0 0 1 0 1 0 1 0 0 0 1 0 1 1 0 1 0 0 0 0 0 0 0 0 0 0 1 0 0 0 0 0 1 0 0 1 0 0 0 0 0 0 1 0 2 0 0 1 0 0 0 0 1 0 0 0 0 1 0 0 0 1 0 1 0 0 0 0 0
geno chr21.43275322 fin  0 0 0 0 0 0 0 1 1 0 0 0 0 1 0 0 0 1 0 0 0 0 0 0 0 0 0 0 0 0 0 1 0 0 0 0 0 0 0 1 0 0 0 0 0 0 0 0 1 0 0 0 0 0 0 0 0 0 0 0 0 0 0 0 0 0 0 0 0 0 0 0 0 1 0 0 1 0 0 0 0 1 0 0 0 0 0 0 0
geno chr21.43275322 gbr  0 0 0 0 0 0 0 0 1 0 1 0 0 0 0 0 0 0 1 0 0 0 0 0 0 0 1 0 0 0 1 0 0 0 0 0 0 0 0 0 0 1 0 0 0 0 0 0 1 0 0 1 0 0 0 0 0 0 0 0 0 0 0 0 0 0 0 0 0 0 0 0 2 0 1 0 0 0 0 1 0 1 0 1
geno chr21.43275322 tsi  0 0 0 0 0 0 0 0 0 0 1 1 0 1 0 0 0 0 1 0 0 0 0 0 0 1 1 0 0 1 0 1 0 0 0 0 0 0 0 0 0 0 0 0 0 0 0 0 1 0 0 0 0 0 0 2 0 0 0 1 0 0 0 0 1 0 1 0 0 2 0 0 0 0 0 1 0 0 0 0 0 0 0 0 0 0 0 1 0 0 0 0
geno chr21.43275322 yri  0 0 0 0 0 0 0 0 0 0 0 0 0 0 0 0 0 0 0 0 0 0 0 0 0 0 0 0 0 0 0 0 0 0 0 0 0 0 0 0 0 0 0 0 0 0 0 0 0 0 0 0 0 0 0 0 0 0 0 0 0 0 0 0 0 0 0 0 0 0 0 0 0 0 0 0 0
geno chr21.43275495 ceu  2 1 1 2 2 2 1 2 2 2 1 2 2 1 2 2 1 1 1 2 2 2 2 1 2 0 2 1 2 1 0 0 2 1 2 2 1 2 1 1 1 1 0 2 1 1 0 1 1 2 2 2 2 2 1 2 2 1 2 0 1 2 1 1 2 1 2 1 1 2 2 1 2 2 2 1 2 0
geno chr21.43275495 fin  2 0 1 2 2 2 1 2 2 0 1 2 1 2 1 2 2 2 1 2 1 2 1 2 1 2 2 2 1 1 2 2 1 2 2 1 2 2 0 1 2 2 1 1 2 1 1 2 2 1 2 2 0 2 0 2 2 2 2 2 2 2 1 1 2 1 2 2 1 2 1 2 0 2 2 0 1 2 2 0 2 2 1 2 2 1 1 2 1
geno chr21.43275495 gbr  1 1 2 1 2 2 2 1 2 1 2 1 2 2 2 1 2 1 2 1 1 2 2 1 1 1 2 1 2 0 2 2 2 1 1 2 2 2 1 2 2 2 2 1 1 1 1 2 2 1 2 2 1 1 2 2 2 2 2 2 1 1 2 2 1 2 2 2 1 1 2 2 2 2 2 2 2 2 2 2 2 2 2 2
geno chr21.43275495 tsi  1 1 1 1 1 2 2 0 1 1 2 2 2 2 1 1 2 1 1 2 2 1 2 1 1 2 2 2 2 2 2 2 1 2 2 2 2 1 0 1 1 2 2 1 0 1 2 1 2 2 1 2 1 1 1 2 1 1 1 2 1 2 1 1 1 2 1 2 2 2 2 2 1 2 1 2 2 2 1 1 1 1 2 2 1 1 0 2 1 2 0 1
geno chr21.43275495 yri  2 2 1 2 0 1 0 2 2 1 2 1 2 2 2 1 2 2 2 2 2 2 2 1 1 0 1 0 2 1 1 2 0 1 1 1 2 1 1 1 0 1 0 2 2 2 1 1 1 0 1 0 1 1 1 2 1 0 2 1 1 0 2 1 1 1 1 2 2 1 2 0 1 0 2 2 1
geno chr21.43275726 ceu  2 2 1 1 0 0 1 1 1 2 2 1 2 1 1 1 2 1 2 0 2 1 2 1 1 2 0 1 0 0 2 2 0 2 2 0 1 2 2 1 1 0 2 1 1 2 2 1 2 2 1 1 2 0 2 0 1 2 2 2 2 1 2 2 1 1 0 1 1 2 1 2 0 0 1 1 2 2
geno chr21.43275726 fin  2 2 1 2 1 1 2 0 1 1 1 0 0 1 0 2 2 1 0 1 0 1 1 1 1 0 1 1 1 1 1 1 2 2 1 1 0 0 1 1 2 2 2 1 1 2 1 1 2 1 1 1 2 1 2 2 2 2 2 1 1 2 2 1 0 2 2 2 0 1 2 1 1 1 1 1 1 1 2 2 1 1 2 1 1 2 2 1 2
geno chr21.43275726 gbr  2 1 2 1 0 1 2 2 1 1 1 2 1 1 2 1 1 2 1 2 2 1 1 2 1 2 1 2 1 1 1 1 0 1 2 1 1 1 2 1 2 0 0 1 2 2 1 0 1 2 0 1 0 2 2 1 2 2 2 2 2 2 2 0 2 2 2 2 2 1 2 2 0 2 1 2 2 2 2 0 1 1 2 0
geno chr21.43275726 tsi  2 2 2 1 2 2 0 2 1 0 1 1 2 1 2 2 2 2 1 1 1 0 1 1 2 0 0 1 1 1 1 1 2 1 1 2 0 2 2 1 1 1 0 2 2 2 0 1 1 0 2 1 2 1 2 0 0 1 2 1 1 1 2 1 1 2 0 2 1 0 2 1 2 2 1 1 1 0 2 1 0 1 1 1 1 2 2 1 1 0 1 2
geno chr21.43275726 yri  2 1 2 2 2 2 2 2 2 1 1 2 2 2 1 2 2 2 2 2 2 2 2 2 2 2 2 2 2 2 2 2 2 2 2 2 1 2 2 2 2 2 2 2 2 1 2 2 1 2 2 2 1 2 2 2 1 2 2 2 2 2 2 2 2 2 2 2 2 2 2 2 2 2 2 2 2
geno chr21.43275857 ceu  1 0 0 1 0 0 0 1 0 1 0 0 1 0 0 0 0 0 0 0 0 0 0 0 0 0 0 0 0 0 0 0 0 1 1 0 0 1 0 0 0 0 0 0 0 1 0 1 0 1 0 0 0 0 0 0 1 1 0 0 0 0 0 0 1 1 0 0 0 1 0 0 0 0 0 0 0 0
geno chr21.43275857 fin  1 0 1 1 1 0 0 0 1 0 1 0 0 1 0 1 2 0 0 0 0 0 0 0 0 0 0 0 0 0 0 1 1 0 1 0 1 0 0 0 1 2 0 0 0 0 0 0 1 0 0 1 0 0 0 0 1 0 0 0 0 1 0 0 0 0 0 0 0 1 0 0 0 0 0 0 0 0 0 0 1 0 0 1 0 1 0 1 0
geno chr21.43275857 gbr  0 0 0 1 0 0 0 0 1 0 0 0 0 0 0 1 0 0 0 0 0 0 0 0 0 0 0 0 0 0 0 0 0 0 0 0 0 1 1 0 1 0 0 0 0 0 1 0 0 0 0 0 0 1 0 1 0 0 0 1 0 0 0 0 0 1 0 1 1 0 2 0 0 0 0 0 1 0 0 0 0 0 1 0
geno chr21.43275857 tsi  0 1 0 0 0 0 0 0 1 0 0 0 0 0 0 0 1 0 0 1 0 0 0 0 0 0 0 1 0 0 0 0 0 0 0 1 0 0 0 0 0 0 0 0 0 0 0 0 1 0 2 1 0 0 0 0 0 0 2 0 0 1 0 0 0 1 0 0 0 0 1 0 0 0 0 1 0 0 0 0 0 0 0 0 0 0 0 1 0 0 0 1
geno chr21.43275857 yri  0 0 0 0 0 0 0 0 0 0 0 0 0 0 0 0 0 0 0 0 0 0 0 0 0 0 0 0 0 0 0 0 0 0 0 0 0 0 0 0 0 0 0 0 0 0 0 0 0 0 0 0 0 0 0 0 0 0 0 0 0 0 0 0 0 0 0 0 0 0 0 0 0 0 0 0 0
geno chr21.43275896 ceu  2 2 2 1 1 0 2 1 1 2 2 1 2 1 1 1 1 1 2 1 2 1 1 2 0 2 1 2 2 2 2 2 2 2 2 0 1 2 1 2 2 1 1 1 1 2 2 2 0 2 2 1 2 0 2 1 1 2 1 2 2 0 2 2 2 2 1 2 2 2 1 2 0 2 1 2 2 2
geno chr21.43275896 fin  2 2 2 1 2 0 1 0 1 1 2 2 2 1 1 2 2 0 0 1 1 2 2 2 2 0 1 2 2 2 2 1 2 2 2 1 1 2 2 1 2 2 2 1 1 1 1 1 1 1 2 2 2 1 2 1 1 2 1 2 2 2 2 2 0 1 2 2 1 1 2 0 2 1 2 2 1 1 2 2 1 1 2 2 1 2 1 1 2
geno chr21.43275896 gbr  2 1 2 1 1 2 1 1 1 1 0 2 2 1 2 2 1 2 1 1 2 1 2 2 2 2 1 2 0 1 1 2 1 2 2 1 2 1 2 2 2 1 1 1 2 2 2 1 1 2 0 1 2 2 2 1 2 2 0 1 2 2 2 2 2 1 0 2 2 1 2 2 1 1 1 1 2 2 0 0 1 1 2 1
geno chr21.43275896 tsi  2 2 2 2 0 2 1 2 2 1 1 1 2 1 2 2 2 1 1 2 1 1 0 0 1 0 0 2 1 1 2 1 2 2 1 2 1 2 2 2 2 2 0 2 2 2 2 1 1 2 2 1 2 1 2 0 1 1 2 1 1 1 2 1 1 2 0 1 1 0 2 2 2 2 2 1 1 0 2 1 1 2 1 0 2 2 2 1 1 0 1 2
geno chr21.43275896 yri  2 2 2 2 2 2 2 2 2 2 2 2 2 2 1 2 2 2 2 2 2 2 2 2 2 2 2 2 2 2 2 2 2 2 2 2 2 2 2 2 2 2 2 2 2 2 2 2 2 2 2 2 1 2 2 2 2 2 2 2 2 2 2 2 2 2 2 2 2 2 2 2 2 2 2 2 2
geno chr21.43276047 ceu  0 0 0 0 0 0 1 0 0 0 1 0 0 0 0 1 0 0 0 0 0 1 1 0 0 0 0 1 0 0 0 0 0 1 0 0 0 0 0 0 0 0 0 0 0 0 0 0 0 0 0 1 0 1 0 0 0 0 0 0 0 1 0 0 0 0 0 0 0 0 0 1 0 0 1 0 0 1
geno chr21.43276047 fin  0 0 0 0 0 0 0 0 0 0 0 0 0 0 0 0 0 1 0 0 0 0 0 0 0 0 0 0 0 0 0 1 1 0 0 0 0 0 1 0 0 0 0 0 0 0 0 0 0 0 0 0 0 1 0 0 0 0 0 0 0 0 0 0 0 1 0 0 0 0 0 1 0 0 0 0 0 1 0 0 0 0 0 0 0 1 0 0 1
geno chr21.43276047 gbr  0 0 0 0 0 0 0 0 0 0 0 0 0 0 0 0 0 0 0 0 0 0 0 1 0 1 0 1 0 0 0 0 0 0 0 0 0 0 0 0 0 0 0 0 0 0 0 0 1 0 0 1 0 0 0 0 0 0 0 0 0 0 0 0 0 0 0 1 0 0 0 0 0 0 0 0 0 0 0 0 0 0 0 1
geno chr21.43276047 tsi  0 1 0 0 0 0 0 0 0 0 0 1 0 1 0 0 0 0 0 0 0 0 0 0 0 0 0 0 0 0 0 0 0 0 0 0 0 0 0 0 0 0 0 0 0 0 0 0 0 0 0 0 0 0 0 0 0 0 0 1 0 0 1 0 0 0 0 0 0 1 0 0 0 0 0 1 0 0 0 0 0 1 0 0 0 0 0 0 0 0 0 0
geno chr21.43276047 yri  0 0 0 0 0 0 0 0 0 0 0 0 0 0 0 0 0 0 0 0 0 0 0 0 0 1 0 0 0 0 0 0 0 0 0 0 1 1 0 0 0 0 0 0 0 0 0 1 0 0 0 0 0 0 0 0 1 0 0 0 0 0 0 0 0 0 1 0 0 0 0 0 0 0 0 0 0
geno chr21.43276049 ceu  0 0 0 0 2 0 0 1 0 0 0 1 0 0 1 0 0 0 0 0 0 0 0 1 0 0 1 0 0 0 0 0 1 0 0 0 0 0 0 1 0 0 0 0 0 0 0 0 1 0 0 0 0 0 0 0 0 1 0 0 0 0 0 1 0 0 0 0 1 1 0 0 0 0 0 0 0 1
geno chr21.43276049 fin  0 0 0 0 1 0 0 0 1 0 0 0 0 0 0 0 2 0 0 1 0 0 0 0 0 0 0 0 0 1 0 0 0 0 0 0 0 0 0 0 1 0 0 1 1 0 0 0 0 1 0 0 0 0 1 0 1 0 0 0 0 1 0 0 0 0 0 1 1 1 0 0 0 0 0 0 0 1 0 1 1 0 0 1 0 1 1 0 0
geno chr21.43276049 gbr  1 0 0 0 0 0 0 1 0 1 0 0 0 0 0 0 0 0 0 1 0 0 0 0 0 0 0 0 0 1 0 1 0 1 0 0 0 0 1 0 0 0 2 1 0 0 1 0 0 0 0 0 0 0 0 0 0 0 2 2 0 1 1 0 0 1 0 0 0 0 0 0 0 0 0 0 0 0 1 0 0 0 0 0
geno chr21.43276049 tsi  0 0 0 0 1 0 0 0 0 0 0 0 0 1 0 0 0 0 0 0 1 0 0 1 1 0 0 0 0 0 0 0 0 2 0 0 0 0 1 1 0 1 0 0 1 0 0 0 0 0 0 0 0 0 0 0 0 1 0 0 0 0 1 0 0 0 0 0 0 0 0 0 1 0 0 0 0 0 1 0 0 0 0 1 2 0 0 0 0 0 0 0
geno chr21.43276049 yri  0 0 1 0 0 0 1 1 0 0 0 0 0 0 0 0 0 0 0 0 0 0 0 0 0 2 0 0 0 0 0 0 0 1 0 0 0 0 0 0 0 0 2 0 0 0 0 0 0 0 0 1 1 0 0 0 1 0 0 0 0 0 0 1 0 2 0 0 0 0 0 0 0 0 0 0 0
geno chr21.43276059 ceu  0 2 2 2 1 0 0 1 1 2 1 0 1 1 0 1 2 0 2 2 2 1 0 0 0 0 0 1 2 1 1 0 2 1 2 0 1 1 2 2 1 1 2 0 1 1 2 2 1 1 2 2 1 0 2 0 1 1 1 1 1 1 2 2 2 1 1 1 1 1 1 0 0 2 0 1 2 1
geno chr21.43276059 fin  2 2 1 2 1 1 1 0 0 1 0 1 1 1 0 1 2 1 0 0 1 0 2 1 1 0 1 2 1 0 0 2 1 2 1 2 1 0 1 0 2 2 1 2 0 1 1 0 1 1 1 1 1 1 2 2 1 2 2 1 1 1 0 1 1 0 2 1 1 1 1 0 0 1 2 0 0 1 2 1 1 1 1 1 0 2 1 1 2
geno chr21.43276059 gbr  0 1 1 1 1 1 0 2 1 1 2 2 0 2 2 0 1 2 1 1 1 2 1 1 0 2 0 0 0 2 1 1 0 0 1 1 0 2 1 2 2 1 0 2 2 1 1 0 1 2 0 1 0 1 1 2 2 1 0 1 2 1 0 2 2 1 2 1 2 1 2 2 0 2 0 1 1 1 1 0 1 2 2 1
geno chr21.43276059 tsi  2 0 2 2 1 1 0 2 2 2 0 0 1 0 2 1 1 1 2 1 0 2 1 1 0 0 1 2 0 2 0 1 0 1 1 1 0 2 1 1 2 2 0 1 2 1 1 1 1 2 1 1 1 2 0 0 1 1 1 1 1 1 1 1 1 2 0 2 1 1 1 1 2 0 2 1 1 0 2 2 0 1 1 0 2 0 2 1 1 0 1 2
geno chr21.43276059 yri  2 2 1 2 1 2 2 2 0 2 2 1 2 2 1 1 2 1 2 0 2 0 2 2 0 0 1 1 2 2 0 2 0 1 2 0 1 1 2 1 1 1 1 2 1 2 2 0 2 0 0 1 1 1 1 2 1 0 2 0 1 1 2 2 1 1 1 2 1 2 2 1 2 1 0 1 2
geno chr21.43276071 ceu  0 0 0 0 0 0 1 0 1 0 1 0 0 0 0 0 0 1 0 0 1 1 0 1 0 0 0 1 0 1 1 1 0 1 0 0 0 0 0 0 2 0 0 0 0 0 0 0 0 0 0 0 2 0 0 0 0 0 0 0 0 1 0 0 0 0 0 0 0 0 0 1 0 0 0 0 0 0
geno chr21.43276071 fin  1 0 1 0 0 0 1 0 0 0 1 0 0 0 0 0 0 1 0 0 0 0 0 0 0 0 0 0 0 0 0 0 0 1 0 0 0 0 1 1 0 0 0 0 0 1 0 0 0 0 0 0 0 1 0 0 0 0 0 0 0 0 1 0 0 0 0 0 0 0 0 0 1 0 1 0 1 1 0 1 0 0 0 1 0 0 0 0 1
geno chr21.43276071 gbr  1 1 0 0 0 0 0 0 0 0 0 0 0 0 0 0 1 0 0 0 0 0 0 1 0 1 0 1 0 0 0 0 0 0 0 0 0 0 0 1 0 0 0 0 0 0 0 0 0 0 0 0 0 0 0 0 1 0 0 0 0 1 0 0 0 0 0 0 0 0 0 0 0 0 0 0 0 0 0 0 0 0 0 0
geno chr21.43276071 tsi  0 0 0 0 0 0 0 0 0 1 0 1 0 0 0 1 0 0 0 0 0 0 0 0 1 0 0 0 0 0 0 0 0 0 0 0 0 0 0 0 0 0 0 0 0 0 0 0 0 0 0 0 0 0 0 0 0 0 0 0 0 0 1 0 0 0 0 0 0 0 0 0 0 0 0 0 0 0 0 1 0 0 0 0 0 0 0 0 0 1 0 0
geno chr21.43276071 yri  0 0 0 0 1 1 0 0 1 0 0 1 1 0 0 0 0 0 0 0 0 2 0 0 0 0 0 0 0 0 1 0 0 0 0 0 1 2 0 0 0 0 0 0 0 0 0 1 0 0 0 0 0 0 0 0 1 0 0 1 0 0 0 1 0 0 1 0 0 1 0 0 0 0 0 0 0
geno chr21.43276112 ceu  0 1 1 0 0 0 0 0 0 1 1 0 0 0 0 1 0 0 1 0 0 0 1 1 0 0 0 0 1 1 2 0 0 1 0 0 0 0 1 0 0 0 0 0 0 0 0 0 0 0 0 0 0 0 0 0 0 0 0 1 1 0 1 1 0 0 1 0 0 0 0 1 0 1 0 0 0 0
geno chr21.43276112 fin  0 0 1 0 0 0 0 0 1 0 1 0 0 0 0 0 1 0 1 0 0 0 1 0 0 0 0 0 0 1 0 0 0 0 0 0 1 0 0 1 0 0 0 0 0 1 1 0 0 0 0 0 0 0 0 0 1 0 0 0 0 0 1 0 0 1 0 0 0 0 1 1 0 0 1 0 0 0 1 0 0 0 1 0 0 1 0 0 0
geno chr21.43276112 gbr  0 0 0 1 0 1 0 0 0 0 0 1 0 0 0 0 0 1 0 0 0 0 1 1 0 0 0 0 0 0 0 1 0 0 0 0 1 1 0 0 0 0 0 0 0 0 1 2 0 1 1 0 0 0 0 0 0 0 0 0 0 0 0 0 0 0 0 0 0 0 0 0 0 0 0 0 0 0 0 1 0 0 0 0
geno chr21.43276112 tsi  1 1 0 0 0 0 0 0 0 0 0 0 0 0 0 0 0 0 0 0 0 1 0 1 0 0 0 0 0 0 0 0 0 1 0 0 0 0 0 0 0 0 0 0 0 0 0 0 0 0 0 0 0 1 1 0 0 0 0 0 0 0 0 0 0 0 0 1 0 0 0 1 0 0 0 0 0 0 1 0 1 0 0 0 0 1 0 0 0 0 0 0
geno chr21.43276112 yri  2 0 0 0 0 0 0 0 0 0 0 0 0 0 1 0 0 0 0 0 0 1 2 0 0 0 0 0 0 0 0 0 0 0 0 1 0 1 0 0 0 0 0 1 1 0 0 1 0 0 0 0 0 0 0 0 1 0 0 0 0 0 0 0 0 0 0 0 0 1 0 0 0 0 0 0 0
geno chr21.43276118 ceu  0 0 0 0 1 1 0 1 1 1 0 0 0 0 1 0 0 0 0 1 0 0 0 0 0 1 0 1 0 1 0 0 0 0 0 0 1 0 0 0 0 0 0 0 0 0 0 0 0 0 0 1 0 0 0 0 0 0 1 0 0 0 0 0 0 0 1 0 1 0 0 0 0 2 0 0 0 0
geno chr21.43276118 fin  0 0 0 0 1 0 0 0 0 0 0 0 0 0 0 0 0 1 2 0 0 0 0 0 0 1 1 1 1 0 0 1 0 0 0 0 1 0 0 0 0 0 0 1 1 1 1 0 0 1 0 0 0 1 0 2 0 0 0 0 0 0 0 0 1 0 0 1 1 0 0 0 0 0 1 0 0 0 1 0 1 0 0 1 0 0 1 0 0
geno chr21.43276118 gbr  0 0 0 0 1 0 0 1 0 1 0 1 0 0 0 0 0 0 0 0 0 1 0 0 0 1 0 0 0 1 0 0 0 0 0 0 0 0 1 0 0 0 1 1 0 0 0 1 0 2 1 0 0 0 0 0 0 0 0 0 0 1 1 0 0 0 0 0 0 0 0 0 0 0 0 1 1 0 0 1 0 0 0 0
geno chr21.43276118 tsi  1 0 0 0 0 0 0 0 0 1 0 0 1 1 0 1 0 1 0 0 1 0 1 1 1 0 1 1 0 0 0 0 0 1 0 0 2 0 0 1 1 1 1 0 1 1 0 0 0 0 0 0 0 0 0 0 0 0 0 1 0 1 0 0 0 0 0 1 0 0 0 0 0 0 0 0 0 0 0 0 0 0 0 1 1 0 0 0 0 0 0 0
geno chr21.43276118 yri  0 0 0 0 0 0 0 0 0 0 1 0 0 0 0 0 0 0 0 0 1 0 0 0 0 0 0 0 0 1 0 0 0 0 0 0 0 0 0 0 0 0 0 0 0 0 0 1 0 0 0 0 0 0 0 0 0 0 0 0 0 0 0 0 0 0 0 0 0 0 0 0 0 0 0 0 0
geno chr21.43276128 ceu  0 0 0 0 0 0 1 0 0 0 0 0 1 0 0 1 1 0 0 1 1 0 0 0 1 0 0 0 0 1 0 0 0 0 1 0 0 0 0 0 0 0 0 1 1 0 0 0 0 0 0 0 0 0 0 2 0 0 0 0 0 0 0 0 0 0 1 0 0 0 0 0 0 1 1 0 0 0
geno chr21.43276128 fin  0 1 0 0 0 0 0 0 0 0 1 0 0 0 1 0 0 1 0 0 1 0 0 0 0 1 0 0 0 0 1 0 1 0 0 0 0 1 0 0 1 0 1 1 1 0 0 0 0 0 0 0 0 0 0 0 0 0 0 0 0 0 1 1 0 0 0 1 0 0 0 1 0 0 1 0 0 1 0 0 0 0 0 0 1 0 0 1 0
geno chr21.43276128 gbr  1 0 2 1 1 0 0 0 0 0 0 1 0 0 0 0 0 1 0 0 0 0 1 1 0 0 0 1 2 0 0 0 0 0 1 0 2 1 0 0 0 0 0 1 1 2 1 0 0 0 0 0 0 0 0 1 0 0 0 0 2 0 1 0 0 0 0 0 0 0 2 1 0 0 1 1 1 0 0 0 1 0 0 0
geno chr21.43276128 tsi  0 0 0 0 0 1 0 0 0 0 0 1 0 0 1 0 0 0 0 0 1 0 0 0 0 0 1 0 0 0 1 0 0 0 0 0 0 0 0 0 0 1 0 0 0 0 0 0 0 0 0 0 1 0 1 0 0 0 1 0 1 0 0 0 0 0 0 1 1 0 0 0 1 0 0 0 0 0 0 0 0 0 0 0 0 0 0 0 0 0 0 0
geno chr21.43276128 yri  0 1 1 1 1 1 0 0 1 1 0 2 0 0 2 0 0 0 0 0 0 0 2 1 0 1 1 1 0 0 0 0 0 1 0 0 0 0 0 1 1 2 1 1 0 1 0 0 1 1 2 0 1 0 1 1 1 0 0 1 0 0 0 0 1 1 0 0 1 0 1 1 0 0 0 0 1
geno chr21.43276134 ceu  0 1 0 0 1 1 0 1 1 0 0 0 0 0 0 0 1 0 1 0 1 0 1 0 0 0 0 0 1 0 0 0 0 0 0 0 1 0 0 1 0 1 0 1 0 0 1 0 1 0 0 0 0 0 0 0 0 0 0 0 0 0 0 0 0 0 1 0 1 1 0 0 1 1 1 0 0 0
geno chr21.43276134 fin  1 0 0 0 0 0 0 0 0 0 0 0 1 0 0 1 0 0 1 0 0 1 0 0 2 1 0 0 0 1 0 0 0 1 0 1 1 1 0 0 0 0 1 0 0 0 0 0 0 1 0 0 1 2 1 0 0 2 0 0 0 1 1 1 0 0 0 1 0 0 0 0 0 0 0 0 0 0 1 0 0 0 0 1 1 0 0 1 0
geno chr21.43276134 gbr  0 0 0 0 0 0 0 0 0 0 0 0 0 1 1 0 0 1 0 0 0 1 1 0 1 0 0 0 2 0 1 0 1 0 2 0 0 0 1 0 0 0 1 0 0 0 0 1 1 1 0 0 0 0 1 0 1 1 2 2 1 0 0 1 0 0 0 0 0 0 0 0 0 0 0 0 0 0 1 1 0 0 0 0
geno chr21.43276134 tsi  0 0 0 1 0 0 0 0 0 1 1 0 0 1 0 0 1 0 0 0 0 0 0 0 0 0 0 1 1 0 0 0 0 0 0 0 1 1 0 1 0 1 1 1 0 0 0 1 0 1 1 0 0 0 1 0 1 1 0 1 1 2 0 0 1 0 0 1 0 1 0 1 1 1 1 0 0 0 1 1 0 0 1 0 1 1 1 1 1 1 1 0
geno chr21.43276134 yri  2 0 1 0 0 0 1 0 0 0 0 0 0 0 2 0 0 0 0 0 0 0 0 0 0 1 0 0 0 0 0 0 0 0 0 1 0 0 1 0 0 1 0 0 0 0 0 0 0 0 1 1 1 0 0 0 0 0 0 0 0 0 0 1 0 1 1 0 0 0 0 0 1 0 0 1 0
geno chr21.43276141 ceu  0 0 0 0 0 0 0 0 0 0 0 0 0 0 1 1 0 0 0 1 1 0 0 0 0 0 0 1 0 1 0 0 0 0 0 0 0 0 0 0 0 1 1 0 0 0 0 0 0 0 0 1 0 0 0 0 0 0 0 1 0 0 0 0 0 0 1 0 0 0 0 0 0 1 0 0 0 0
geno chr21.43276141 fin  0 0 0 0 0 0 0 0 0 0 0 0 0 0 0 0 0 0 1 0 0 0 0 0 0 0 0 0 0 0 0 1 0 0 0 1 0 0 0 0 0 0 0 0 0 0 0 0 0 0 1 0 0 0 0 0 0 0 0 0 0 0 0 1 0 0 0 1 0 0 0 0 0 0 1 0 0 0 0 0 0 0 0 0 0 0 0 0 0
geno chr21.43276141 gbr  0 0 1 0 1 1 0 0 0 0 0 0 1 1 0 0 0 0 0 0 0 0 1 0 0 0 0 0 0 0 0 0 0 0 1 1 1 0 0 0 0 0 0 0 1 0 0 0 0 0 0 0 0 0 0 0 0 0 0 0 1 0 0 0 0 0 0 0 0 0 0 1 0 0 0 0 0 0 0 1 0 0 0 0
geno chr21.43276141 tsi  0 0 0 0 0 0 1 0 0 0 0 0 0 0 0 0 0 0 0 0 0 0 0 0 0 1 1 0 0 0 0 1 0 0 0 0 0 0 0 0 0 0 1 0 0 0 0 0 0 0 0 0 0 0 0 1 0 0 0 0 0 0 1 0 0 0 0 0 0 0 0 0 0 0 1 0 0 1 0 1 1 0 1 0 0 0 0 0 0 0 0 0
geno chr21.43276141 yri  0 0 0 0 0 0 0 0 0 0 1 0 0 0 0 0 0 0 1 0 0 1 0 0 0 1 0 0 0 0 1 0 0 1 1 0 0 1 0 1 0 0 0 0 1 0 0 1 0 0 0 0 0 0 0 0 1 0 0 0 0 0 0 0 0 0 0 0 0 0 0 2 0 0 0 0 0
geno chr21.43276228 ceu  1 0 1 0 0 2 0 1 0 0 0 0 0 0 0 1 0 1 0 0 0 0 0 0 0 0 0 0 0 0 0 0 0 0 0 0 1 0 0 0 0 0 0 0 0 0 0 0 0 0 0 2 0 0 0 0 0 0 0 0 0 1 0 0 0 0 0 0 1 0 0 0 0 0 0 0 0 0
geno chr21.43276228 fin  0 0 1 0 0 0 0 0 0 1 0 1 0 0 0 0 0 1 0 1 0 0 0 0 0 0 0 0 0 0 0 1 1 0 0 0 0 1 0 0 0 0 0 0 0 0 0 0 0 0 0 0 0 0 0 0 0 0 1 0 0 0 0 0 0 0 0 0 0 0 0 0 0 0 0 0 1 0 0 1 0 0 0 0 0 1 0 0 1
geno chr21.43276228 gbr  0 0 0 0 0 0 0 1 0 0 1 0 0 0 0 1 0 0 0 0 0 0 0 0 0 0 0 0 0 1 0 0 0 0 0 1 0 0 1 0 0 0 0 0 0 0 1 0 0 0 0 0 0 0 1 0 0 0 0 0 0 0 0 0 1 0 0 0 0 0 0 0 0 0 0 0 0 0 0 0 0 0 0 0
geno chr21.43276228 tsi  0 0 0 1 0 0 0 0 0 0 0 0 0 0 0 0 0 0 0 0 0 1 0 0 0 1 0 0 0 0 0 0 1 0 0 0 0 0 0 2 0 0 0 0 0 0 0 0 0 0 1 0 1 0 0 0 0 1 0 1 1 2 0 2 0 0 0 0 0 0 1 0 2 0 0 0 1 1 1 0 1 1 1 0 0 1 0 0 0 1 1 2
geno chr21.43276228 yri  0 0 1 0 0 0 0 1 0 0 0 0 0 0 0 0 0 0 0 0 0 0 0 0 0 0 1 0 0 0 0 0 0 2 0 0 0 1 1 0 0 1 1 0 0 0 0 0 0 0 1 0 0 0 1 2 0 0 0 0 0 0 0 0 0 0 0 0 0 0 2 0 0 0 0 0 1
geno chr21.43276234 ceu  0 0 0 1 0 1 0 0 1 0 1 1 0 0 0 1 0 0 0 0 1 1 0 0 1 0 0 0 0 0 0 0 0 1 0 0 0 0 0 0 0 0 0 1 0 0 0 0 1 0 0 2 0 1 0 0 0 0 1 0 0 1 0 0 0 0 1 0 1 0 0 0 0 1 0 0 1 0
geno chr21.43276234 fin  0 0 0 0 0 0 0 0 0 1 1 0 0 0 0 0 0 1 0 2 0 0 0 0 0 2 0 2 0 1 0 2 0 2 1 0 1 0 0 0 0 1 0 0 1 0 0 0 0 0 0 0 0 1 0 0 0 0 0 0 0 0 0 1 0 1 0 2 0 0 0 1 0 0 1 0 1 0 0 0 0 0 0 0 0 0 0 0 1
geno chr21.43276234 gbr  1 0 1 0 0 0 0 1 0 0 1 0 1 0 0 1 0 0 0 0 0 0 1 0 0 0 0 0 2 0 0 0 0 0 0 1 0 0 1 1 0 0 0 0 0 1 0 1 0 0 1 0 1 0 1 0 0 0 2 1 1 0 0 0 0 0 0 0 0 0 0 1 1 0 0 0 0 0 2 1 1 0 0 0
geno chr21.43276234 tsi  0 0 0 0 0 0 0 0 0 0 0 0 1 1 1 0 0 0 0 1 0 0 0 0 0 1 1 1 0 0 0 0 0 1 0 0 0 0 0 0 0 0 0 0 0 0 0 1 0 0 1 0 0 0 1 2 0 0 0 1 1 0 0 0 0 0 0 0 0 0 1 0 2 0 1 0 1 1 2 0 1 0 1 0 0 0 0 0 0 2 1 1
geno chr21.43276234 yri  0 0 0 0 0 0 1 1 0 0 0 0 0 1 0 0 0 1 1 0 1 1 0 1 0 0 0 0 0 1 0 0 0 0 0 0 0 2 1 1 0 1 0 0 0 0 1 2 0 0 1 1 0 0 1 0 1 0 0 0 0 0 0 1 1 0 0 2 0 0 1 1 0 0 1 0 0
geno chr21.43276252 ceu  0 1 0 0 0 2 1 1 0 0 1 0 0 0 0 0 0 1 1 0 0 1 0 0 0 1 0 0 0 0 1 0 0 1 1 0 2 1 1 0 0 0 0 0 0 1 2 0 1 0 0 1 0 0 0 0 0 2 0 2 0 0 1 1 0 0 1 0 1 1 1 0 1 0 0 0 0 0
geno chr21.43276252 fin  0 1 0 0 0 0 0 0 0 0 0 0 1 0 0 1 0 0 0 1 0 0 0 0 0 0 0 0 0 2 1 0 0 0 1 0 0 0 1 0 0 0 1 0 0 0 0 0 0 0 0 0 1 0 1 0 0 0 0 0 0 0 0 0 0 0 0 0 0 0 1 0 0 1 0 0 0 1 0 0 0 1 2 1 0 0 0 0 0
geno chr21.43276252 gbr  1 0 0 0 0 0 0 0 0 0 1 2 1 1 0 0 0 0 1 0 0 0 0 2 0 0 2 0 0 0 1 1 0 0 1 1 0 0 1 1 0 2 0 0 0 0 0 0 0 1 0 0 0 0 1 0 0 0 0 1 0 1 0 0 0 1 0 1 0 0 0 0 0 0 0 0 0 1 0 0 0 2 0 0
geno chr21.43276252 tsi  0 0 0 2 0 0 0 0 0 1 0 0 0 0 0 0 1 1 0 0 0 0 0 0 0 1 0 0 0 0 0 0 1 1 0 0 0 0 0 1 1 0 1 0 1 0 0 0 0 0 1 0 1 1 1 2 0 0 0 1 0 2 0 0 1 0 0 1 0 2 1 0 1 1 0 0 0 1 1 1 1 0 1 0 0 0 1 1 1 1 1 2
geno chr21.43276252 yri  0 1 0 0 0 0 1 0 0 0 1 0 0 1 0 0 0 0 0 0 0 0 0 0 0 0 0 1 0 0 1 0 0 0 0 0 0 2 0 0 0 0 0 0 0 1 0 1 0 0 0 1 0 0 0 0 1 0 0 1 0 0 0 0 0 0 1 0 0 0 0 0 0 0 0 1 0
geno chr21.43276324 ceu  0 0 1 0 0 0 0 1 0 0 0 1 0 0 0 0 0 0 1 0 0 0 0 0 0 0 0 0 0 0 1 1 0 0 0 0 0 0 0 0 0 1 0 1 0 0 0 0 0 0 0 0 1 0 0 0 1 0 1 0 0 0 0 0 0 0 0 0 0 0 1 1 0 0 0 0 0 0
geno chr21.43276324 fin  0 0 0 0 0 0 0 0 0 0 0 0 0 0 0 1 0 1 0 1 0 1 0 0 0 0 1 0 0 1 0 0 0 0 0 0 0 0 0 0 0 0 0 0 0 2 0 0 0 1 0 0 0 0 0 0 0 0 0 1 1 1 0 0 1 0 0 0 0 1 0 0 0 0 0 0 0 0 0 0 1 0 0 1 1 1 0 0 0
geno chr21.43276324 gbr  0 0 0 0 0 0 0 1 0 0 0 0 0 0 1 0 0 0 0 0 0 0 0 0 0 0 0 0 1 0 0 0 0 1 1 0 0 0 0 0 0 0 0 0 0 0 1 0 0 0 0 1 0 0 1 0 0 0 0 0 0 1 0 0 0 0 0 0 0 1 1 0 0 0 0 0 0 0 0 0 1 0 0 0
geno chr21.43276324 tsi  0 0 0 0 0 0 0 0 0 0 1 0 0 0 0 0 0 0 0 1 0 0 0 0 0 0 0 0 1 0 0 0 0 1 0 0 0 0 0 0 0 1 0 0 0 0 0 0 0 1 0 0 0 0 0 0 0 0 0 0 1 1 0 1 1 1 1 0 0 0 0 0 0 1 0 0 0 0 0 1 0 0 1 0 1 1 0 0 0 0 0 0
geno chr21.43276324 yri  0 0 0 0 0 0 1 0 0 0 0 0 0 1 0 0 0 0 1 0 0 0 0 1 0 0 0 0 1 1 0 0 0 0 0 0 0 0 0 0 0 0 0 0 0 1 1 0 0 1 0 1 0 0 0 0 0 0 0 0 0 1 1 0 0 0 1 0 0 0 0 0 0 0 0 1 0
geno chr21.43276342 ceu  1 1 0 0 1 1 0 0 0 0 0 0 0 1 0 0 0 0 0 0 0 0 0 0 1 0 0 0 0 0 1 0 0 0 0 0 1 0 0 0 0 1 1 0 0 0 1 0 1 0 0 0 0 0 0 1 0 0 0 1 0 1 0 0 0 0 0 0 1 0 0 0 0 0 0 0 0 0
geno chr21.43276342 fin  1 0 0 1 0 0 0 0 0 0 0 0 0 1 0 0 0 0 0 0 0 0 0 0 0 0 1 0 0 0 1 0 1 1 0 0 0 0 0 0 0 0 0 0 0 0 0 0 0 0 0 0 1 0 0 0 0 1 1 1 0 0 0 0 1 0 0 0 1 0 0 0 0 0 0 0 0 1 1 0 1 0 0 1 0 0 0 0 0
geno chr21.43276342 gbr  0 0 0 0 0 0 1 0 0 0 0 0 0 0 1 0 0 0 0 2 1 0 0 0 0 0 1 0 0 0 0 0 0 0 1 0 0 0 0 0 0 0 0 0 0 0 0 0 1 0 0 0 0 0 0 0 0 0 0 0 0 1 0 0 0 0 1 0 0 0 0 0 0 0 0 1 0 1 0 0 0 2 1 0
geno chr21.43276342 tsi  0 0 0 1 0 0 0 0 0 1 0 0 1 0 0 0 0 0 0 0 0 0 0 0 0 0 0 0 0 0 0 0 1 0 0 0 0 1 0 0 0 0 1 0 0 0 0 0 0 1 0 0 0 1 0 0 0 0 0 1 0 0 1 0 0 0 1 1 1 1 0 0 0 0 0 0 0 0 0 0 0 0 0 0 1 0 0 1 1 0 0 1
geno chr21.43276342 yri  0 0 1 0 0 0 1 0 0 1 0 0 0 0 0 0 0 0 1 0 0 0 0 0 0 1 0 1 0 0 0 1 1 0 0 0 0 0 1 0 0 0 0 0 0 0 0 0 1 0 0 0 0 0 0 0 1 0 0 0 0 0 0 0 0 0 0 0 1 0 0 0 0 0 1 0 0
geno chr21.43276348 ceu  1 1 2 1 1 1 0 1 0 1 0 0 1 1 0 1 1 1 0 1 0 1 2 0 1 1 0 1 0 0 0 1 1 1 1 0 1 1 0 1 0 1 0 1 0 2 0 1 0 1 0 1 1 1 1 1 1 1 1 0 1 1 0 1 1 0 0 0 1 1 1 1 1 0 0 0 1 0
geno chr21.43276348 fin  1 0 1 1 1 1 0 0 0 1 0 2 0 1 0 0 0 1 1 0 1 1 0 2 0 1 0 0 1 0 0 2 1 1 0 1 1 0 1 0 0 1 0 0 1 0 1 1 0 0 2 0 1 2 0 0 0 0 0 2 1 0 0 0 0 0 0 1 0 1 0 0 0 1 1 0 0 1 0 1 0 1 0 0 0 1 0 0 2
geno chr21.43276348 gbr  0 1 0 0 0 1 0 1 1 0 1 0 0 0 0 1 0 0 0 1 0 1 0 0 0 1 0 1 0 1 0 0 1 0 0 1 0 0 1 1 1 0 1 0 1 0 0 0 0 0 1 0 1 0 1 1 0 2 0 0 0 1 0 0 1 1 0 0 1 0 2 0 0 2 0 0 1 0 0 2 0 1 1 0
geno chr21.43276348 tsi  0 0 0 0 1 1 0 2 0 0 1 1 0 0 0 0 1 1 1 0 0 1 1 0 1 1 0 0 1 1 1 0 1 0 0 0 0 1 1 1 1 0 1 1 1 1 0 1 0 1 1 0 1 0 1 1 1 1 1 1 0 1 1 1 1 1 0 1 1 1 0 1 1 0 1 1 2 1 1 1 1 0 1 1 1 1 0 1 1 1 1 1
geno chr21.43276348 yri  0 1 0 0 2 1 0 1 1 0 1 0 1 1 1 1 1 1 2 0 1 0 1 1 0 1 0 1 0 1 1 1 2 0 1 1 1 1 0 1 1 1 1 1 0 0 1 0 0 1 0 0 0 0 1 1 1 2 1 0 1 1 0 0 2 0 0 2 0 1 1 1 0 0 0 1 0
geno chr21.43276715 ceu  0 0 1 0 0 1 0 0 0 0 0 0 0 1 0 0 1 0 1 0 0 0 0 0 0 0 0 0 0 0 0 1 0 1 0 0 1 0 0 1 0 0 1 0 1 0 2 0 1 0 0 1 0 0 0 0 0 1 0 0 1 0 1 0 0 1 0 1 0 0 0 0 0 0 0 0 0 1
geno chr21.43276715 fin  0 1 0 0 0 0 0 0 0 0 0 0 0 0 0 0 0 0 0 0 1 0 0 0 0 0 0 0 0 0 0 0 0 0 0 1 0 0 1 0 0 0 0 0 0 0 0 0 0 0 0 0 2 0 1 0 0 0 0 0 0 0 0 0 0 1 0 0 0 0 0 0 0 0 0 0 0 0 0 0 0 0 0 1 0 0 1 0 1
geno chr21.43276715 gbr  0 0 0 0 0 0 0 1 0 0 0 0 0 0 0 1 0 1 0 1 0 0 0 0 0 0 0 1 0 0 0 0 0 0 1 0 0 0 0 0 0 0 0 0 1 1 1 0 0 1 0 0 0 1 0 0 0 0 0 0 1 0 0 0 1 0 0 0 1 0 0 0 0 0 0 0 0 1 0 0 0 0 0 0
geno chr21.43276715 tsi  0 1 0 0 0 0 0 2 0 1 0 0 0 0 0 0 0 0 0 0 0 1 0 0 0 0 0 0 0 0 0 0 1 1 0 0 0 1 1 1 1 1 0 1 1 1 0 1 0 0 1 0 1 0 0 0 0 1 1 0 1 0 0 1 1 0 0 0 0 0 0 0 0 0 0 0 0 0 0 1 0 1 0 0 0 0 2 0 0 0 0 1
geno chr21.43276715 yri  0 0 0 0 0 0 0 0 0 0 0 0 0 0 0 0 0 0 0 0 0 0 0 0 0 0 0 0 0 0 0 0 0 0 0 0 0 0 0 0 0 0 0 0 0 0 0 0 0 0 0 0 0 0 0 0 0 0 0 0 0 0 0 0 0 0 0 0 0 0 0 0 0 0 0 0 0
geno chr21.43276783 ceu  0 1 0 1 1 0 0 0 2 1 2 1 1 0 1 1 0 0 1 1 1 1 1 1 0 0 1 2 1 1 0 0 2 0 1 0 0 1 0 0 0 0 0 1 0 0 0 0 0 0 1 0 1 0 1 1 0 0 0 0 1 0 0 2 1 0 1 1 1 1 1 1 0 2 1 1 2 1
geno chr21.43276783 fin  1 0 0 0 1 0 1 0 0 1 0 2 1 1 0 0 0 1 0 1 0 2 2 2 0 0 2 2 2 1 2 0 1 2 1 0 0 1 0 0 1 0 1 1 1 1 1 1 0 1 1 1 0 1 1 1 0 2 0 2 1 0 1 0 1 0 2 1 1 1 1 0 0 1 2 0 0 1 2 1 1 1 1 1 1 1 0 0 1
geno chr21.43276783 gbr  0 0 1 0 1 2 1 0 0 0 0 1 1 0 1 1 1 1 1 0 1 1 2 0 1 2 1 0 0 1 1 2 1 1 1 1 2 1 1 2 0 1 1 1 1 1 1 1 1 1 0 0 1 0 1 0 2 2 0 0 0 1 1 2 1 0 0 1 0 0 0 1 0 1 1 1 1 1 0 0 1 1 0 1
geno chr21.43276783 tsi  2 0 1 1 1 2 1 0 0 0 1 1 1 0 1 2 1 0 1 1 1 0 1 0 0 0 0 1 1 1 2 1 1 1 1 1 1 1 0 1 0 1 0 0 1 1 2 0 0 2 0 0 1 0 1 0 0 0 0 1 0 0 1 0 0 0 0 1 1 0 1 2 2 2 1 0 1 0 2 0 0 0 1 0 2 2 0 0 1 0 1 0
geno chr21.43276783 yri  0 2 2 1 1 0 1 1 2 1 1 0 0 1 0 0 1 1 1 1 1 2 0 2 2 1 1 1 2 2 2 0 2 2 2 1 0 0 1 0 2 1 2 1 0 2 2 0 1 1 1 1 1 2 2 2 1 2 1 1 2 1 0 0 2 1 0 2 1 1 2 0 1 2 1 0 2
geno chr21.43276817 ceu  0 0 0 0 0 0 0 0 1 0 0 0 0 0 1 0 0 0 0 0 0 0 0 0 0 0 1 0 0 0 0 0 0 0 0 0 0 1 0 0 0 0 0 0 0 0 0 0 0 0 0 0 0 0 0 1 0 0 0 0 0 0 0 0 0 0 0 0 0 0 0 0 0 0 0 1 0 0
geno chr21.43276817 fin  0 0 0 0 0 0 0 0 0 0 0 2 1 0 0 0 0 0 0 0 0 1 0 1 0 0 0 0 1 0 0 0 1 0 0 0 0 1 0 0 0 0 0 0 0 0 0 0 0 0 0 1 0 0 0 0 0 0 0 1 1 0 0 0 0 0 0 0 0 0 0 0 0 0 0 0 0 0 0 0 0 0 0 0 0 0 0 0 0
geno chr21.43276817 gbr  0 0 0 0 0 0 0 0 0 0 0 0 0 0 0 1 0 0 0 0 0 0 0 0 0 0 0 0 0 0 0 0 0 0 0 0 0 0 0 0 0 0 0 0 0 0 0 0 0 0 0 0 0 0 0 0 0 0 0 0 0 0 0 0 0 0 0 0 0 0 0 0 0 0 0 0 0 0 0 0 0 0 0 0
geno chr21.43276817 tsi  0 0 0 0 0 0 0 0 0 0 0 0 1 0 0 0 0 0 0 0 1 0 0 0 0 0 0 0 0 0 1 0 0 0 0 0 1 0 0 1 0 0 0 0 0 0 2 0 0 0 0 0 0 0 0 0 0 0 0 0 0 0 0 0 0 0 0 0 0 0 0 0 0 1 0 0 0 0 0 0 0 0 0 0 0 0 0 0 0 0 0 0
geno chr21.43276817 yri  0 0 0 0 0 0 0 0 0 0 0 0 0 0 0 0 0 0 0 0 0 0 0 0 0 0 0 0 0 0 0 0 0 0 0 0 0 0 0 0 0 0 0 0 0 0 0 0 0 0 0 0 0 0 0 0 0 0 0 0 0 0 0 0 0 0 0 0 0 0 0 0 0 0 0 0 0
geno chr21.43277279 ceu  0 0 0 0 1 1 1 1 0 0 0 1 0 1 1 1 0 1 0 1 0 1 1 0 2 1 1 0 0 0 0 0 0 0 0 2 1 0 1 0 0 2 0 1 1 0 0 1 1 0 0 1 0 2 0 1 1 0 1 0 0 2 0 0 0 0 1 0 0 0 1 0 2 0 1 0 0 0
geno chr21.43277279 fin  0 1 0 1 0 2 0 2 1 1 0 0 0 1 1 0 0 1 2 1 1 0 0 0 0 2 0 0 0 0 0 1 0 0 0 1 1 1 0 1 0 0 0 1 1 0 1 1 1 1 0 0 0 1 0 1 1 0 1 0 0 0 0 0 1 1 0 0 1 1 0 2 0 1 0 0 1 1 0 0 0 1 0 0 1 0 1 1 0
geno chr21.43277279 gbr  0 1 0 1 1 0 1 1 1 1 2 0 0 1 0 0 1 0 1 1 0 1 0 0 0 0 1 0 2 1 1 0 1 0 0 1 0 1 0 0 0 1 1 1 0 0 0 1 1 0 2 1 1 0 0 1 0 0 2 0 0 0 0 0 0 1 2 0 0 1 0 0 2 1 1 1 0 0 2 2 1 1 0 1
geno chr21.43277279 tsi  0 0 0 0 1 0 1 0 0 1 1 1 0 1 0 0 0 1 1 0 1 1 1 2 1 2 2 0 1 1 0 1 0 0 1 0 1 0 0 0 0 0 2 0 0 0 0 1 1 0 0 1 0 1 1 2 1 1 0 1 1 1 0 1 1 0 2 1 1 2 0 0 0 0 0 1 1 1 0 0 2 0 1 1 0 0 0 1 1 2 1 0
geno chr21.43277279 yri  0 0 1 0 1 1 0 1 0 0 0 0 1 1 1 0 1 0 0 0 0 0 0 0 0 0 0 0 0 0 0 0 0 0 0 0 0 1 1 1 0 0 0 0 1 0 0 1 0 0 0 0 1 0 0 0 0 0 0 0 0 0 2 2 0 0 0 0 1 1 0 0 0 0 1 2 0
geno chr21.43277787 ceu  0 0 0 0 0 0 0 0 0 0 1 0 0 0 0 0 0 0 0 0 0 0 0 0 0 0 0 1 0 0 0 0 0 0 0 0 0 0 0 0 0 0 0 0 0 0 0 0 0 0 0 0 0 0 0 0 0 0 0 0 0 0 0 1 0 0 0 1 1 0 0 0 0 0 0 0 0 1
geno chr21.43277787 fin  0 0 0 0 0 0 1 0 0 1 0 0 0 0 0 0 0 0 0 0 0 0 1 0 0 0 0 0 1 0 0 0 0 0 0 0 0 0 0 0 0 0 0 0 0 0 0 0 0 0 0 0 0 0 1 0 0 0 0 0 0 0 0 0 0 0 0 0 0 0 1 0 0 0 0 0 0 0 0 1 0 0 0 0 0 0 0 0 0
geno chr21.43277787 gbr  0 0 0 0 0 0 0 0 0 0 0 0 0 0 0 0 0 0 0 0 0 0 0 0 0 1 0 0 0 1 0 0 0 0 0 0 0 0 1 0 0 0 0 0 0 0 0 0 0 0 0 0 0 0 0 0 0 0 0 0 0 0 0 0 0 0 0 0 0 0 0 0 0 0 0 0 0 0 0 0 0 0 0 0
geno chr21.43277787 tsi  1 0 1 0 1 0 0 0 0 0 0 0 0 0 1 1 0 0 1 0 0 0 0 0 0 0 0 0 0 0 0 0 0 0 0 0 0 0 0 0 0 0 0 0 1 0 0 0 0 0 0 0 0 0 0 0 0 0 0 0 0 0 1 0 0 0 0 0 0 0 0 0 1 0 0 0 0 0 1 0 0 0 0 0 1 0 0 0 1 0 1 0
geno chr21.43277787 yri  0 0 0 0 1 0 0 0 0 1 0 1 0 0 0 0 0 0 0 0 0 0 0 0 0 1 0 1 0 0 0 0 1 0 0 0 0 0 0 0 0 1 0 0 0 0 0 0 1 1 1 1 0 0 0 0 0 0 0 1 0 0 0 0 0 0 1 0 0 0 1 0 0 1 0 0 0
geno chr21.43277793 ceu  0 1 0 1 1 0 0 0 2 1 1 0 1 0 1 1 0 0 0 1 1 1 1 1 0 0 1 1 1 1 0 0 2 0 1 0 0 1 0 0 0 0 0 0 0 0 0 0 0 0 1 0 1 0 1 1 0 0 0 0 1 0 0 1 1 0 1 0 0 1 1 0 0 2 1 1 1 0
geno chr21.43277793 fin  1 0 0 0 1 0 0 0 0 0 0 2 1 1 0 0 0 1 0 0 0 1 1 2 0 0 2 2 1 0 2 0 1 2 1 0 0 1 0 0 1 0 1 1 1 1 1 1 0 0 1 1 0 1 0 1 0 2 0 2 1 0 1 0 1 0 2 1 1 1 0 0 0 1 2 0 0 1 2 0 1 1 1 1 0 1 0 0 1
geno chr21.43277793 gbr  0 0 1 0 1 2 1 0 0 0 0 1 1 0 1 1 1 1 1 0 1 1 2 0 1 1 1 0 0 0 1 2 1 1 1 1 2 1 0 2 0 1 1 1 1 1 1 1 1 1 0 0 1 0 0 0 2 2 0 0 0 1 1 2 1 0 0 1 0 0 0 1 0 1 1 1 1 1 0 0 0 1 0 1
geno chr21.43277793 tsi  1 0 0 1 0 2 1 0 0 0 1 1 1 0 0 1 1 0 0 1 1 0 1 0 0 0 0 1 1 1 2 1 1 1 1 1 1 1 0 1 0 1 0 0 0 1 2 0 0 2 0 0 1 0 1 0 0 0 0 1 0 0 0 0 0 0 0 1 1 0 1 2 1 1 1 0 1 0 1 0 0 0 0 0 1 2 0 0 0 0 0 0
geno chr21.43277793 yri  0 2 1 1 0 0 0 1 2 1 2 0 0 1 0 0 1 1 1 1 1 2 0 1 1 0 0 0 2 1 1 0 0 1 1 1 0 0 1 0 0 0 1 1 0 2 2 0 1 0 0 0 1 1 1 2 1 0 1 1 1 0 0 0 1 1 0 2 1 1 1 0 2 1 1 0 2
geno chr21.43278170 ceu  1 1 1 1 1 0 1 0 2 1 2 1 1 0 1 1 0 0 1 1 1 1 1 1 0 0 1 2 2 1 0 0 2 0 1 0 0 1 0 1 1 0 1 1 0 0 0 0 0 1 2 0 2 0 2 1 0 0 1 0 1 0 1 2 1 0 1 1 2 1 1 1 0 2 1 1 2 1
geno chr21.43278170 fin  1 0 0 0 1 0 1 0 0 1 0 2 1 1 0 1 0 1 0 1 0 2 2 2 1 0 2 2 2 1 2 0 1 2 1 0 0 1 0 0 1 0 1 1 1 1 1 1 0 1 2 1 0 1 1 1 0 2 1 2 2 1 1 0 1 0 2 1 1 1 1 0 0 1 2 0 0 1 2 1 1 1 1 1 1 1 0 0 1
geno chr21.43278170 gbr  0 1 1 0 1 2 1 0 0 1 0 1 1 1 2 1 1 1 1 0 1 1 2 1 1 2 1 1 0 1 1 2 1 1 1 1 2 1 1 2 1 1 1 1 1 1 1 1 1 1 0 1 1 0 2 0 2 2 0 0 0 1 2 2 1 0 0 1 0 1 0 1 0 1 1 1 1 1 0 0 1 1 1 1
geno chr21.43278170 tsi  2 0 2 1 1 2 1 0 0 0 1 1 2 0 2 2 1 0 1 1 1 0 1 0 0 0 0 1 1 1 2 1 1 1 1 1 1 1 0 1 1 1 0 1 1 1 2 0 0 2 0 0 1 0 1 0 0 0 0 1 0 0 2 0 0 1 0 1 1 0 1 2 2 2 1 0 1 1 2 1 0 1 1 1 2 2 0 0 1 0 1 0
geno chr21.43278170 yri  0 2 2 1 1 0 1 1 2 1 1 0 0 1 0 0 1 1 1 1 1 2 0 2 2 1 1 1 2 2 2 0 2 2 2 1 0 0 1 0 2 1 2 1 0 2 2 0 1 1 2 1 1 2 2 2 1 2 2 1 2 1 0 0 2 2 0 2 1 1 2 0 1 2 1 0 2
geno chr21.43278656 ceu  0 1 0 1 1 0 0 0 2 1 1 1 1 0 1 1 0 0 1 1 1 1 1 1 0 0 1 1 1 1 0 0 2 0 1 0 0 1 0 0 0 0 0 1 0 0 0 0 0 0 1 0 1 0 1 1 0 0 0 0 1 0 0 1 1 0 1 0 0 1 1 0 0 2 1 1 2 0
geno chr21.43278656 fin  1 0 0 0 1 0 0 0 0 0 0 2 1 1 0 0 0 0 0 1 0 2 1 2 0 0 1 2 1 1 2 0 0 2 1 0 0 1 0 0 1 0 1 1 1 0 1 1 0 1 1 1 0 1 0 1 0 2 0 2 1 0 1 0 0 0 2 1 1 1 0 0 0 1 2 0 0 1 2 0 0 1 1 1 1 1 0 0 1
geno chr21.43278656 gbr  0 0 1 0 1 2 1 0 0 0 0 1 1 0 1 1 1 1 1 0 1 1 2 0 1 1 1 0 0 0 1 2 1 1 1 1 2 1 0 2 0 1 1 1 1 1 1 1 1 1 0 0 1 0 1 0 2 2 0 0 0 1 1 2 1 0 0 1 0 0 0 1 0 1 1 1 1 1 0 0 1 1 0 1
geno chr21.43278656 tsi  1 0 0 1 0 2 1 0 0 0 1 1 1 0 0 1 1 0 0 1 1 0 1 0 0 0 0 1 1 1 1 1 1 1 1 1 1 1 0 1 0 1 0 0 0 1 1 0 0 1 0 0 1 0 1 0 0 0 0 1 0 0 0 0 0 0 0 1 1 0 1 2 1 1 1 0 1 0 1 0 0 0 1 0 1 2 0 0 0 0 0 0
geno chr21.43278656 yri  0 1 1 1 0 0 0 1 1 1 1 0 0 1 0 0 1 1 0 1 1 2 0 0 1 0 0 0 2 1 1 0 0 1 1 1 0 0 0 0 0 0 1 1 0 1 1 0 1 1 0 0 1 1 1 1 1 0 1 1 1 0 0 0 1 1 0 2 1 1 1 0 0 1 1 0 2
geno chr21.43280406 ceu  0 0 0 0 0 0 0 0 2 0 1 1 0 0 1 0 0 0 1 0 1 1 0 0 0 0 1 0 0 0 0 0 0 0 0 0 0 1 0 0 0 0 0 1 0 0 0 0 0 0 0 0 0 0 0 1 0 0 0 0 0 0 0 0 0 0 0 0 0 1 0 0 0 0 0 1 1 0
geno chr21.43280406 fin  1 0 0 0 0 0 0 0 0 0 0 2 1 0 0 0 0 0 0 1 0 2 0 1 0 0 0 0 1 1 0 0 1 1 0 0 0 1 0 0 0 0 0 0 0 0 0 0 0 1 0 1 0 1 0 0 0 0 0 1 1 0 0 0 0 0 0 0 0 0 0 0 0 1 1 0 0 0 0 0 0 0 0 0 1 0 0 0 1
geno chr21.43280406 gbr  0 0 0 0 0 0 0 0 0 0 0 0 0 0 0 1 0 0 0 0 0 0 0 0 0 0 0 0 0 0 0 0 0 0 0 0 0 0 0 1 0 0 0 0 1 0 0 0 0 0 0 0 0 0 1 0 1 1 0 0 0 0 0 0 0 0 0 0 0 0 0 0 0 0 0 0 0 1 0 0 1 0 0 0
geno chr21.43280406 tsi  0 0 0 0 0 1 0 0 0 0 0 0 1 0 0 0 0 0 0 0 1 0 0 0 0 0 0 0 0 0 1 0 0 0 0 0 1 0 0 1 0 0 0 0 0 0 2 0 0 1 0 0 0 0 0 0 0 0 0 0 0 0 0 0 0 0 0 0 0 0 1 0 0 2 0 0 0 0 0 0 0 0 1 0 0 0 0 0 0 0 0 0
geno chr21.43280406 yri  0 0 0 0 0 0 0 0 0 0 0 0 0 0 0 0 0 0 0 0 0 0 0 0 0 0 0 0 0 0 0 0 0 0 0 0 0 0 0 0 0 0 0 0 0 0 0 0 0 0 0 0 0 0 0 0 0 0 0 0 0 0 0 0 0 0 0 0 0 0 0 0 0 0 0 0 0
geno chr21.43280913 ceu  0 1 0 1 1 0 0 0 2 1 1 1 1 0 1 1 0 0 1 1 1 1 1 1 0 0 1 1 1 1 0 0 2 0 1 0 0 1 0 0 0 0 0 1 0 0 0 0 0 0 1 0 1 0 1 1 0 0 0 0 1 0 0 1 1 0 1 0 0 1 1 0 0 2 1 1 2 0
geno chr21.43280913 fin  1 0 0 0 1 0 0 0 0 0 0 2 1 1 0 0 0 1 0 1 0 2 1 2 0 0 2 2 1 1 2 0 1 2 1 0 0 1 0 0 1 0 1 1 1 1 1 1 0 1 1 1 0 1 0 1 0 2 0 2 1 0 1 0 1 0 2 1 1 1 0 0 0 1 2 0 0 1 2 0 1 1 1 1 1 1 0 0 1
geno chr21.43280913 gbr  0 0 1 0 1 2 1 0 0 0 0 1 1 0 1 1 1 1 1 0 1 1 2 0 1 1 1 0 0 0 1 2 1 1 1 1 2 1 0 2 0 1 1 1 1 1 1 1 1 1 0 0 1 0 1 0 2 2 0 0 0 1 1 2 1 0 0 1 0 0 0 1 0 1 1 1 1 1 0 0 1 1 0 1
geno chr21.43280913 tsi  1 0 0 1 0 2 1 0 0 0 1 1 1 0 0 1 1 0 0 1 1 0 1 0 0 0 0 1 1 1 2 1 1 1 1 1 1 1 0 1 0 1 0 0 0 1 2 0 0 2 0 0 1 0 1 0 0 0 0 1 0 0 0 0 0 0 0 1 1 0 1 2 1 2 1 0 1 0 1 0 0 0 1 0 1 2 0 0 0 0 0 0
geno chr21.43280913 yri  0 2 1 1 0 0 0 1 2 1 1 0 0 1 0 0 1 1 1 1 1 2 0 1 1 0 0 0 2 1 1 0 0 1 1 1 0 0 0 0 0 0 1 1 0 2 2 0 1 0 0 0 1 1 1 2 1 0 1 1 1 0 0 0 1 1 0 2 1 1 1 0 0 1 1 0 2
geno chr21.43281619 ceu  0 1 0 0 0 0 0 0 0 0 0 0 0 0 0 0 0 1 0 0 0 0 0 1 0 1 0 0 0 1 2 1 0 0 0 0 0 0 1 0 1 0 0 0 0 1 0 0 0 0 0 0 0 0 0 0 0 0 0 2 0 0 0 0 0 0 0 0 0 0 0 0 0 0 0 1 0 0
geno chr21.43281619 fin  0 0 1 0 0 0 1 0 0 0 1 0 1 0 1 0 0 0 0 0 0 0 0 0 1 0 0 0 0 1 0 0 1 0 0 0 0 0 1 1 0 0 1 0 0 1 0 0 0 0 0 0 0 0 0 0 0 0 0 0 0 0 1 1 0 0 0 0 0 0 0 0 2 0 0 2 1 0 0 1 0 0 1 0 0 1 0 0 0
geno chr21.43281619 gbr  1 0 0 0 0 0 0 0 0 0 0 1 0 0 0 0 0 0 0 0 1 0 0 1 1 0 0 0 0 0 0 0 0 1 0 0 0 0 0 0 0 0 0 0 0 0 0 0 0 0 0 0 0 0 0 0 0 0 0 0 0 1 0 0 0 0 0 0 0 0 0 0 0 0 0 0 0 0 0 0 0 0 0 0
geno chr21.43281619 tsi  0 0 0 1 0 0 0 0 1 0 0 0 0 0 0 0 0 1 0 0 0 0 0 0 1 0 0 0 0 0 0 0 0 0 0 0 0 0 1 0 0 0 0 0 0 0 0 0 0 0 0 0 0 1 0 0 1 0 0 0 0 0 0 0 0 0 0 0 0 0 0 0 0 0 1 0 0 0 0 0 0 0 0 0 0 0 0 0 0 0 0 0
geno chr21.43281619 yri  0 0 0 0 0 0 0 0 0 0 0 0 1 0 0 0 0 0 1 0 0 0 0 0 0 0 0 0 0 0 0 2 0 0 0 0 0 0 0 0 0 0 0 0 0 0 0 0 0 0 0 0 0 0 0 0 0 0 0 0 0 1 0 0 0 0 0 0 0 0 0 1 0 0 0 0 0
geno chr21.43281651 ceu  0 1 0 1 1 0 1 0 2 1 2 1 1 0 1 1 0 0 1 1 1 1 1 1 0 0 1 2 1 1 0 0 2 0 1 0 0 1 0 0 0 0 0 1 0 0 0 0 0 0 1 0 1 0 1 1 0 0 0 0 1 0 0 2 1 0 1 1 1 1 1 0 0 2 1 1 2 0
geno chr21.43281651 fin  1 0 0 0 1 0 1 0 0 1 0 2 1 1 0 0 0 1 0 1 0 2 2 2 0 0 2 2 2 1 2 0 1 2 1 0 0 1 0 0 1 0 1 1 1 1 1 1 0 1 1 1 0 1 1 1 0 2 0 2 1 0 0 0 1 0 2 1 1 1 1 0 0 1 2 0 0 1 2 1 1 1 1 1 1 1 0 0 1
geno chr21.43281651 gbr  0 0 1 0 1 2 1 0 0 0 0 1 1 0 1 1 1 1 1 0 1 1 2 0 1 1 1 0 0 1 1 2 1 1 1 1 2 1 1 2 0 1 1 1 0 1 1 1 0 1 0 0 1 1 1 0 2 2 0 0 0 1 1 2 1 0 0 1 0 0 0 1 0 1 1 1 1 1 0 0 1 1 0 1
geno chr21.43281651 tsi  2 0 1 1 1 2 1 0 0 0 1 1 1 0 1 2 1 0 1 1 1 0 1 0 0 0 0 1 1 1 2 1 1 1 1 1 1 1 0 1 0 1 0 0 1 1 2 0 0 2 0 0 1 0 1 0 0 0 0 1 0 0 1 0 0 0 0 1 1 0 1 1 2 2 1 0 1 0 2 0 0 0 1 0 2 2 0 0 1 0 1 0
geno chr21.43281651 yri  0 2 2 1 1 0 1 1 2 2 1 0 0 1 0 0 1 1 1 1 1 2 0 2 1 1 1 1 1 2 2 0 2 2 1 1 0 0 1 0 2 1 2 0 0 2 2 0 2 2 1 1 2 2 2 2 1 2 2 1 2 1 0 0 2 1 1 2 1 1 1 0 1 2 1 0 2
geno chr21.43281668 ceu  0 0 1 0 0 1 0 0 0 0 0 0 0 0 0 0 1 0 1 0 0 0 0 0 0 0 0 0 0 0 0 1 0 1 0 0 1 0 0 1 0 0 1 0 1 0 2 0 1 0 0 1 0 0 0 0 0 1 0 0 1 0 1 0 0 1 0 1 0 0 0 0 0 0 0 0 0 1
geno chr21.43281668 fin  0 1 0 0 0 0 0 0 0 0 0 0 0 0 0 0 0 0 0 0 1 0 0 0 0 0 0 0 0 0 0 0 0 0 0 1 0 0 1 0 0 0 0 0 0 0 0 0 0 0 0 0 2 0 1 0 0 0 0 0 0 0 0 0 0 1 0 0 0 0 0 0 0 0 0 0 0 0 0 0 0 0 0 1 0 0 1 0 1
geno chr21.43281668 gbr  0 0 0 0 0 0 0 1 0 0 0 0 0 0 0 1 0 1 0 0 0 0 0 0 0 0 0 1 0 0 0 0 0 0 0 0 0 0 0 0 0 0 0 0 2 1 1 0 0 1 0 0 0 0 0 0 0 0 0 0 1 0 0 0 1 0 0 0 1 0 0 0 0 0 0 0 0 1 0 0 0 0 0 0
geno chr21.43281668 tsi  0 1 0 0 0 0 0 2 0 1 0 0 0 0 0 0 0 0 0 0 0 1 0 0 0 0 0 0 0 0 0 0 1 1 0 0 0 1 1 1 1 1 0 1 1 1 0 1 0 0 1 0 0 0 0 0 0 1 1 0 1 0 0 1 1 0 0 0 0 0 0 0 0 0 0 0 0 0 0 1 0 1 0 0 0 0 2 0 0 0 0 1
geno chr21.43281668 yri  0 0 0 0 0 0 0 0 0 0 0 0 0 0 0 0 0 0 0 0 1 0 0 0 1 0 0 0 1 0 0 0 0 0 1 0 0 0 0 0 0 0 0 1 0 0 0 0 0 0 0 0 0 0 0 0 0 0 0 0 0 0 0 0 0 0 0 0 0 0 0 0 0 0 0 0 0
geno chr21.43281767 ceu  1 0 1 0 0 0 1 0 0 0 0 0 0 0 0 0 0 0 0 0 0 0 0 0 0 0 0 0 1 0 0 0 0 0 0 0 0 0 0 1 0 0 1 0 0 0 0 0 0 1 1 0 1 0 1 0 0 0 1 0 0 0 1 0 0 0 0 0 1 0 0 1 0 0 0 0 0 0
geno chr21.43281767 fin  0 0 0 0 0 0 0 0 0 0 0 0 0 0 0 1 0 0 0 0 0 0 0 0 0 0 0 0 0 0 0 0 0 0 0 0 0 0 0 0 0 0 0 0 0 0 0 0 0 0 1 0 0 0 0 0 0 0 0 0 1 1 0 0 0 0 0 0 0 0 0 0 0 0 0 0 0 0 0 0 0 0 0 0 0 0 0 0 0
geno chr21.43281767 gbr  0 1 0 0 0 0 0 0 0 1 0 0 0 0 1 0 0 0 0 0 0 0 0 1 0 0 0 1 0 0 0 0 0 0 1 0 0 0 0 0 1 0 0 0 0 0 0 0 0 0 0 1 0 0 1 0 0 0 0 0 0 0 1 0 0 0 0 0 0 1 0 0 0 0 0 0 0 0 0 0 0 0 1 0
geno chr21.43281767 tsi  0 0 1 0 0 0 0 0 0 0 0 0 1 0 1 0 0 0 0 0 0 0 0 0 0 0 0 0 0 0 0 0 0 0 0 0 0 0 0 0 1 0 0 1 0 0 0 0 0 0 0 0 0 0 0 0 0 0 0 0 0 0 1 0 0 1 0 0 0 0 0 0 0 0 0 0 0 1 0 1 0 1 0 1 0 0 0 0 0 0 0 0
geno chr21.43281767 yri  0 0 0 0 0 0 0 0 0 0 0 0 0 0 0 0 0 0 0 0 0 0 0 0 0 0 0 0 0 0 0 0 0 0 0 0 0 0 0 0 0 0 0 0 0 0 0 0 0 0 0 0 0 0 0 0 0 0 0 0 0 0 0 0 0 0 0 0 0 0 0 0 0 0 0 0 0
geno chr21.43282309 ceu  0 1 0 0 0 0 0 0 0 0 0 0 0 0 0 0 0 1 0 0 0 0 0 1 0 1 0 0 0 1 2 1 0 0 0 0 0 0 1 0 1 0 0 0 0 1 0 0 0 0 0 0 0 0 0 0 0 0 0 2 0 0 0 0 0 0 0 0 0 0 0 0 0 0 0 1 0 0
geno chr21.43282309 fin  0 0 1 0 0 0 1 0 0 0 1 0 1 0 1 0 0 0 0 0 0 0 0 0 1 0 0 0 0 1 0 0 1 0 0 0 0 0 1 1 0 0 1 0 0 1 0 0 0 0 0 0 0 0 0 0 0 0 0 0 0 0 1 1 0 0 0 0 0 0 0 0 2 0 0 2 1 0 0 1 0 0 1 0 0 1 0 0 0
geno chr21.43282309 gbr  1 0 0 0 0 0 0 0 0 0 0 1 0 0 0 0 0 0 0 0 1 0 0 1 1 0 0 0 0 0 0 0 0 1 0 0 0 0 0 0 0 0 0 0 0 0 0 0 0 0 0 0 0 0 0 0 0 0 0 0 0 1 0 0 0 0 0 0 0 0 0 0 0 0 0 0 0 0 0 0 0 0 0 0
geno chr21.43282309 tsi  0 0 0 1 0 0 0 0 1 0 0 0 0 0 0 0 0 1 0 0 0 0 0 0 1 0 0 0 0 0 0 0 0 0 0 0 0 0 1 0 0 0 0 0 0 0 0 0 0 0 0 0 0 1 0 0 1 0 0 0 0 0 0 0 0 0 0 0 0 0 0 0 0 0 1 0 0 0 0 0 0 0 0 0 0 0 0 0 0 0 0 0
geno chr21.43282309 yri  0 1 0 0 0 0 0 0 2 1 1 0 1 0 0 1 0 0 1 1 0 2 0 0 0 0 0 0 0 0 1 2 0 1 0 0 0 0 0 0 0 0 0 0 0 2 0 0 1 1 0 0 0 0 0 2 1 0 0 1 0 1 0 0 0 0 1 0 1 0 1 1 0 0 0 0 1
geno chr21.43282436 ceu  0 0 0 0 0 0 1 0 2 0 1 1 0 0 1 0 0 0 1 0 1 1 0 0 0 0 1 0 0 0 0 0 0 0 1 0 0 1 0 0 0 0 0 1 0 0 0 0 0 0 0 0 0 0 0 1 0 0 0 0 0 0 0 0 0 0 0 0 0 1 0 0 0 0 0 1 1 0
geno chr21.43282436 fin  1 0 0 0 0 0 0 0 0 0 0 2 1 0 0 0 0 1 0 1 0 2 0 1 0 0 1 0 1 1 0 0 1 1 0 0 0 1 0 0 0 0 0 0 0 1 0 0 0 1 0 1 0 1 0 0 0 0 0 1 1 0 0 0 1 0 0 0 0 0 0 0 0 1 1 0 0 0 0 0 1 0 0 0 1 0 0 0 1
geno chr21.43282436 gbr  0 0 0 0 0 0 0 0 0 0 0 0 0 0 0 1 0 0 0 0 0 0 0 0 0 0 1 0 0 0 0 0 0 0 0 0 0 0 0 1 0 0 0 0 0 0 0 0 0 0 0 0 0 0 1 0 1 1 0 0 0 0 0 0 0 0 0 0 0 0 0 0 0 0 0 0 0 1 0 0 1 0 0 0
geno chr21.43282436 tsi  0 0 0 0 0 1 0 0 0 0 0 0 1 0 0 0 0 0 0 0 1 0 0 0 0 0 0 0 0 0 1 0 0 0 0 0 1 0 0 1 0 0 0 0 0 0 2 0 0 1 0 0 0 0 0 0 0 0 0 0 0 0 0 0 0 0 0 0 0 0 1 0 0 2 0 0 0 0 0 0 0 0 1 0 0 0 0 0 0 0 0 0
geno chr21.43282436 yri  0 0 0 0 0 0 0 0 0 0 0 0 0 0 0 0 0 0 0 0 0 0 0 0 0 0 0 0 0 0 0 0 0 0 0 0 0 0 0 0 0 0 0 0 0 0 0 0 0 0 0 0 0 0 0 0 0 0 0 0 0 0 0 0 0 0 0 0 0 0 0 0 0 0 0 0 0
geno chr21.43282549 ceu  0 0 0 0 0 0 0 0 0 0 1 0 0 0 0 0 0 0 0 0 0 0 0 0 0 0 0 1 0 0 0 0 0 0 0 0 0 0 0 0 1 0 0 0 0 0 0 0 0 0 0 0 0 0 0 0 0 0 0 0 0 0 0 1 0 0 0 1 1 0 0 0 0 0 0 0 0 1
geno chr21.43282549 fin  0 0 0 0 0 0 1 0 0 1 0 0 0 0 0 0 0 0 0 0 0 0 1 0 1 0 0 0 1 0 0 0 0 0 0 0 0 0 0 0 0 0 0 0 0 0 0 0 0 0 0 0 0 0 1 0 0 0 1 0 0 0 0 0 0 0 0 0 0 0 1 0 0 0 0 0 0 0 0 1 0 0 0 0 0 0 0 0 0
geno chr21.43282549 gbr  0 0 0 0 0 0 0 0 0 0 0 0 0 1 0 0 0 0 0 0 0 0 0 0 0 1 0 0 0 1 0 0 0 0 0 0 0 0 1 0 0 0 0 0 0 0 0 0 0 0 0 0 0 0 0 0 0 0 0 0 0 0 0 0 0 0 0 0 0 0 0 0 0 0 0 0 0 0 0 0 0 0 0 0
geno chr21.43282549 tsi  1 0 1 0 1 0 0 0 0 0 0 0 0 0 1 1 0 0 1 0 0 0 0 0 0 0 0 0 0 0 0 0 0 0 0 0 0 0 0 0 0 0 0 0 1 0 0 0 0 0 0 0 1 0 0 0 0 0 0 0 0 0 1 0 0 0 0 0 0 0 0 0 1 0 0 0 0 0 1 0 0 0 0 0 1 0 0 0 1 0 1 0
geno chr21.43282549 yri  0 0 1 1 1 1 1 0 0 0 1 1 0 0 1 0 0 0 1 0 0 0 2 2 1 1 2 1 0 2 1 0 2 1 1 1 1 0 1 0 2 2 1 1 0 0 1 0 0 1 2 1 0 1 1 0 0 2 1 0 1 1 0 0 1 1 0 0 0 0 0 0 2 1 0 0 0
geno chr21.43282707 ceu  1 0 0 1 0 0 0 1 0 1 1 0 1 0 0 0 0 0 0 0 1 0 0 0 0 0 0 1 0 0 0 0 0 1 1 0 0 1 0 0 1 0 1 0 0 1 0 1 0 1 0 0 0 0 0 0 1 1 0 0 0 0 0 1 1 1 0 1 1 1 0 0 0 0 0 0 0 1
geno chr21.43282707 fin  1 0 1 1 1 0 1 0 1 1 1 0 0 0 0 1 2 0 0 0 0 0 1 0 1 0 0 0 1 0 0 1 0 0 1 0 1 0 0 0 1 2 0 0 0 0 0 0 1 0 0 1 0 0 1 0 1 0 1 0 0 1 1 1 0 0 0 1 0 0 2 0 0 0 0 0 0 0 0 1 1 0 0 0 0 0 0 1 0
geno chr21.43282707 gbr  1 0 1 1 0 0 0 0 1 0 0 0 1 1 0 0 0 0 0 1 0 0 0 0 0 1 0 0 0 1 0 0 0 0 0 0 0 0 2 0 1 0 0 0 0 0 0 0 0 0 0 0 0 1 0 1 0 0 0 1 1 0 0 0 0 1 0 1 1 0 2 1 0 0 0 0 1 0 0 0 0 0 1 0
geno chr21.43282707 tsi  1 1 1 0 1 0 0 0 1 0 0 0 0 1 1 1 1 0 1 1 0 0 0 0 0 0 0 1 0 0 0 0 0 0 0 1 0 0 0 0 0 0 0 0 1 0 0 0 1 0 1 1 1 0 0 0 0 0 1 0 0 1 1 0 0 1 0 0 0 0 1 1 1 0 0 1 0 0 1 0 0 0 0 0 1 0 0 1 1 0 1 1
geno chr21.43282707 yri  0 0 1 0 1 0 1 0 0 0 0 0 0 0 0 0 0 0 1 0 0 0 0 2 1 0 0 1 0 1 1 0 1 1 1 0 1 0 0 0 1 0 1 0 0 0 1 0 0 1 0 0 0 1 0 0 0 2 1 0 1 1 0 0 1 0 0 0 0 0 1 0 0 0 0 0 0
geno chr21.43282775 ceu  2 2 1 2 1 0 2 1 2 2 2 1 2 0 1 1 0 1 1 1 2 1 1 2 0 1 1 2 2 2 2 1 2 1 2 0 0 2 1 1 1 0 1 1 0 2 0 1 0 2 2 0 2 0 2 1 1 1 1 2 1 0 1 2 2 1 1 1 2 2 0 1 0 2 1 2 2 1
geno chr21.43282775 fin  2 0 2 1 2 0 2 0 1 1 2 2 2 1 1 2 2 1 0 1 0 2 2 2 1 0 2 2 2 2 2 1 2 2 2 0 1 1 1 1 2 2 2 1 1 2 1 1 1 1 2 2 0 1 1 1 1 2 0 2 2 2 2 2 1 0 2 2 1 1 2 0 2 1 2 2 1 1 2 2 2 1 2 1 1 2 0 1 1
geno chr21.43282775 gbr  2 1 2 1 1 2 1 0 1 1 0 2 2 0 2 1 1 1 0 1 2 1 2 2 2 2 1 1 0 1 1 2 1 2 2 1 2 1 2 2 2 1 1 1 1 1 1 1 1 1 0 1 1 2 2 1 2 2 0 1 1 2 2 2 1 1 0 2 1 1 2 2 0 0 1 1 2 1 0 0 1 1 2 1
geno chr21.43282775 tsi  2 1 2 2 1 2 1 0 2 0 1 1 2 1 2 2 2 1 1 2 1 0 1 0 1 0 0 2 1 0 2 1 1 1 1 2 1 1 1 1 1 1 0 1 1 1 2 0 1 2 1 1 1 1 1 0 1 0 1 1 0 1 2 0 0 2 0 1 1 0 2 2 2 2 2 1 0 1 2 1 0 1 1 1 2 2 0 1 1 0 1 1
geno chr21.43282775 yri  0 2 1 2 1 1 0 1 2 2 2 2 1 1 1 2 1 2 1 2 1 2 2 0 0 2 1 1 1 0 1 2 1 1 0 1 2 1 0 1 0 2 1 1 1 2 1 1 2 1 2 1 2 1 1 2 2 0 1 2 1 1 0 0 1 2 1 2 1 1 2 2 1 2 1 0 2
geno chr21.43282803 ceu  0 0 1 0 0 1 0 0 0 0 0 0 0 1 0 0 1 0 1 0 0 0 0 0 0 0 0 0 0 0 0 1 0 1 0 0 1 0 0 1 0 0 1 0 1 0 2 0 1 0 0 1 0 0 0 0 0 1 0 0 1 0 1 0 0 1 0 1 0 0 0 0 0 0 0 0 0 1
geno chr21.43282803 fin  0 1 0 0 0 0 0 0 0 0 0 0 0 0 0 0 0 0 0 0 1 0 0 0 0 0 0 0 0 0 0 0 0 0 0 1 0 0 1 0 0 0 0 0 0 0 0 0 0 0 0 0 2 0 1 0 0 0 0 0 0 0 0 0 0 1 0 0 0 0 0 0 0 0 0 0 0 0 0 0 0 0 0 1 0 0 1 0 1
geno chr21.43282803 gbr  0 0 0 0 0 0 0 1 0 0 0 0 0 0 0 1 0 1 0 0 0 0 0 0 0 0 0 1 0 0 0 0 0 0 0 0 0 0 0 0 0 0 0 0 1 1 1 0 0 1 0 0 0 0 0 0 0 0 0 0 1 0 0 0 1 0 0 0 1 0 0 0 0 0 0 0 0 1 0 0 0 0 0 0
geno chr21.43282803 tsi  0 1 0 0 0 0 0 2 0 1 0 0 0 0 0 0 0 0 0 0 0 1 0 0 0 0 0 0 0 0 0 0 1 1 0 0 0 1 1 1 1 1 0 1 1 1 0 1 0 0 1 0 0 0 0 0 0 1 1 0 1 0 0 1 1 0 0 0 0 0 0 0 0 0 0 0 0 0 0 1 0 1 0 0 0 0 2 0 0 0 0 1
geno chr21.43282803 yri  0 0 0 0 0 0 0 0 0 0 0 0 0 0 0 0 0 0 0 0 1 0 0 0 1 0 0 0 1 0 0 0 0 0 1 0 0 0 0 0 0 0 0 1 0 0 0 0 0 0 0 0 0 0 0 0 0 0 0 0 0 0 0 0 0 0 0 0 0 0 0 0 0 0 0 0 0
geno chr21.43282873 ceu  1 0 0 1 0 0 0 1 0 1 0 0 1 0 0 0 0 0 0 0 1 0 0 0 0 0 0 0 0 0 0 0 0 1 1 0 0 1 0 0 1 0 0 0 0 1 0 1 0 1 0 0 0 0 0 0 1 1 0 0 0 0 0 0 1 1 0 0 0 1 0 0 0 0 0 0 0 0
geno chr21.43282873 fin  1 0 1 1 1 0 0 0 1 0 1 0 0 0 0 1 2 0 0 0 0 0 0 0 1 0 0 0 0 0 0 1 0 0 1 0 1 0 0 0 1 2 0 0 0 0 0 0 1 0 0 1 0 0 0 0 1 0 1 0 0 1 1 1 0 0 0 1 0 0 1 0 0 0 0 0 0 0 0 0 1 0 0 0 0 0 0 1 0
geno chr21.43282873 gbr  1 0 1 1 0 0 0 0 1 0 0 0 1 1 0 0 0 0 0 1 0 0 0 0 0 0 0 0 0 0 0 0 0 0 0 0 0 0 1 0 1 0 0 0 0 0 0 0 0 0 0 0 0 1 0 1 0 0 0 1 1 0 0 0 0 1 0 1 1 0 2 1 0 0 0 0 1 0 0 0 0 0 1 0
geno chr21.43282873 tsi  0 1 0 0 0 0 0 0 1 0 0 0 0 1 0 0 1 0 0 1 0 0 0 0 0 0 0 1 0 0 0 0 0 0 0 1 0 0 0 0 0 0 0 0 0 0 0 0 1 0 1 1 1 0 0 0 0 0 1 0 0 1 0 0 0 1 0 0 0 0 1 1 0 0 0 1 0 0 0 0 0 0 0 0 0 0 0 1 0 0 0 1
geno chr21.43282873 yri  0 0 1 1 0 1 1 0 0 0 1 1 0 0 1 0 0 0 0 0 0 0 2 1 1 0 2 1 0 1 1 0 1 1 1 0 1 0 0 0 2 1 1 1 0 0 0 0 0 1 0 0 0 1 1 0 0 2 1 0 1 1 0 0 1 0 0 0 0 0 0 0 1 0 0 0 0
geno chr21.43282983 ceu  1 0 1 0 0 0 1 0 0 0 0 0 0 0 0 0 0 0 0 0 0 0 0 0 0 0 0 0 1 0 0 0 0 0 0 0 0 0 0 1 0 0 1 0 0 0 0 0 0 1 1 0 1 0 1 0 0 0 1 0 0 0 1 0 0 0 0 0 1 0 0 1 0 0 0 0 0 0
geno chr21.43282983 fin  0 0 0 0 0 0 0 0 0 0 0 0 0 0 0 1 0 0 0 0 0 0 0 0 0 0 0 0 0 0 0 0 0 0 0 0 0 0 0 0 0 0 0 0 0 0 0 0 0 0 1 0 0 0 0 0 0 0 0 0 1 1 0 0 0 0 0 0 0 0 0 0 0 0 0 0 0 0 0 0 0 0 0 0 0 0 0 0 0
geno chr21.43282983 gbr  0 1 0 0 0 0 0 0 0 1 0 0 0 0 1 0 0 0 0 0 0 0 0 1 0 0 0 1 0 0 0 0 0 0 1 0 0 0 0 0 1 0 0 0 0 0 0 0 0 0 0 1 0 0 1 0 0 0 0 0 0 0 1 0 0 0 0 0 0 1 0 0 0 0 0 0 0 0 0 0 0 0 1 0
geno chr21.43282983 tsi  0 0 1 0 0 0 0 0 0 0 0 0 1 0 1 0 0 0 0 0 0 0 0 0 0 0 0 0 0 0 0 0 0 0 0 0 0 0 0 0 1 0 0 1 0 0 0 0 0 0 0 0 0 0 0 0 0 0 0 0 0 0 1 0 0 1 0 0 0 0 0 0 0 0 0 0 0 1 0 1 0 1 0 1 0 0 0 0 0 0 0 0
geno chr21.43282983 yri  0 0 0 0 0 0 0 0 0 0 0 0 0 0 0 0 0 0 0 0 0 0 0 0 0 0 0 0 0 0 0 0 0 0 0 0 0 0 0 0 0 0 0 0 0 0 0 0 0 0 0 0 0 0 0 0 0 0 0 0 0 0 0 0 0 0 0 0 0 0 0 0 0 0 0 0 0
geno chr21.43283028 ceu  1 0 1 0 0 0 1 0 0 0 0 0 0 0 0 0 0 0 0 0 0 0 0 0 0 0 0 0 1 0 0 0 0 0 0 0 0 0 0 1 0 0 1 0 0 0 0 0 0 1 1 0 1 0 1 0 0 0 1 0 0 0 1 0 0 0 0 0 1 0 0 1 0 0 0 0 0 0
geno chr21.43283028 fin  0 0 0 0 0 0 0 0 0 0 0 0 0 0 0 1 0 0 0 0 0 0 0 0 0 0 0 0 0 0 0 0 0 0 0 0 0 0 0 0 0 0 0 0 0 0 0 0 0 0 1 0 0 0 0 0 0 0 0 0 1 1 0 0 0 0 0 0 0 0 0 0 0 0 0 0 0 0 0 0 0 0 0 0 0 0 0 0 0
geno chr21.43283028 gbr  0 1 0 0 0 0 0 0 0 1 0 0 0 0 1 0 0 0 0 0 0 0 0 1 0 0 0 1 0 0 0 0 0 0 1 0 0 0 0 0 1 0 0 0 0 0 0 0 0 0 0 1 0 0 1 0 0 0 0 0 0 0 1 0 0 0 0 0 0 1 0 0 0 0 0 0 0 0 0 0 0 0 1 0
geno chr21.43283028 tsi  0 0 1 0 0 0 0 0 0 0 0 0 1 0 1 0 0 0 0 0 0 0 0 0 0 0 0 0 0 0 0 0 0 0 0 0 0 0 0 0 1 0 0 1 0 0 0 0 0 0 0 0 0 0 0 0 0 0 0 0 0 0 1 0 0 1 0 0 0 0 0 0 0 0 0 0 0 1 0 1 0 1 0 1 0 0 0 0 0 0 0 0
geno chr21.43283028 yri  0 0 0 0 0 0 0 0 0 0 0 0 0 0 0 0 0 0 0 0 0 0 0 0 0 0 0 0 0 0 0 0 0 0 0 0 0 0 0 0 0 0 0 0 0 0 0 0 0 0 0 0 0 0 0 0 0 0 0 0 0 0 0 0 0 0 0 0 0 0 0 0 0 0 0 0 0
geno chr21.43283435 ceu  0 0 1 0 0 1 0 0 0 0 0 0 0 1 0 0 1 0 1 0 0 0 0 0 0 0 0 0 0 0 0 1 0 1 0 0 1 0 0 1 0 0 1 0 1 0 2 0 1 0 0 1 0 0 0 0 0 1 0 0 1 0 1 0 0 1 0 1 0 0 0 0 0 0 0 0 0 1
geno chr21.43283435 fin  0 1 0 0 0 0 0 0 0 0 0 0 0 0 0 0 0 0 0 0 1 0 0 0 0 0 0 0 0 0 0 0 0 0 0 1 0 0 1 0 0 0 0 0 0 0 0 0 0 0 0 0 2 0 1 0 0 0 0 0 0 0 0 0 0 1 0 0 0 0 0 0 0 0 0 0 0 0 0 0 0 0 0 1 0 0 1 0 1
geno chr21.43283435 gbr  0 0 0 0 0 0 0 1 0 0 0 0 0 0 0 1 0 1 0 0 0 0 0 0 0 0 0 1 0 0 0 0 0 0 0 0 0 0 0 0 0 0 0 0 1 1 1 0 0 1 0 0 0 0 0 0 0 0 0 0 1 0 0 0 1 0 0 0 1 0 0 0 0 0 0 0 0 1 0 0 0 0 0 0
geno chr21.43283435 tsi  0 1 0 0 0 0 0 2 0 1 0 0 0 0 0 0 0 0 0 0 0 1 0 0 0 0 0 0 0 0 0 0 1 1 0 0 0 1 1 1 1 1 0 1 1 1 0 1 0 0 1 0 0 0 0 0 0 1 1 0 1 0 0 1 1 0 0 0 0 0 0 0 0 0 0 0 0 0 0 1 0 1 0 0 0 0 2 0 0 0 0 1
geno chr21.43283435 yri  0 0 0 0 0 0 0 0 0 0 0 0 0 0 0 0 0 0 0 0 1 0 0 0 1 0 0 0 1 0 0 0 0 0 1 0 0 0 0 0 0 0 0 1 0 0 0 0 0 0 0 0 0 0 0 0 0 0 0 0 0 0 0 0 0 0 0 0 0 0 0 0 0 0 0 0 0
geno chr21.43284116 ceu  0 1 0 0 0 0 0 0 0 0 1 0 0 0 0 0 0 1 0 0 0 0 0 1 0 1 0 1 0 1 2 1 0 0 0 0 0 0 1 0 1 0 0 0 0 1 0 0 0 0 0 0 0 0 0 0 0 0 0 2 0 0 0 1 0 0 0 1 1 0 0 0 0 0 0 1 0 1
geno chr21.43284116 fin  0 0 1 0 0 0 2 0 0 1 1 0 1 0 1 0 0 0 0 0 0 0 1 0 1 0 0 0 1 1 0 0 1 0 0 0 0 0 1 1 0 0 1 0 0 1 0 0 0 0 0 0 0 0 1 0 0 0 0 0 0 0 1 1 0 0 0 0 0 0 1 0 2 0 0 2 1 0 0 2 0 0 1 0 0 1 0 0 0
geno chr21.43284116 gbr  1 0 0 0 0 0 0 0 0 0 0 1 0 0 0 0 0 0 0 0 1 0 0 1 1 1 0 0 0 1 0 0 0 1 0 0 0 0 1 0 0 0 0 0 0 0 0 0 0 0 0 0 0 0 0 0 0 0 0 0 0 1 0 0 0 0 0 0 0 0 0 0 0 0 0 0 0 0 0 0 0 0 0 0
geno chr21.43284116 tsi  1 0 1 1 1 0 0 0 0 0 1 0 0 0 1 1 0 1 1 0 0 0 0 0 1 0 0 0 0 0 0 0 0 0 0 0 0 0 1 0 0 0 0 0 1 0 0 0 0 0 0 0 0 1 0 0 0 0 0 0 1 0 1 0 0 0 0 0 0 0 0 0 1 0 1 0 0 0 1 0 0 0 0 0 1 0 0 0 1 0 1 0
geno chr21.43284116 yri  2 0 0 1 0 1 1 0 0 0 1 2 0 0 1 0 0 1 0 1 0 0 2 0 0 1 1 1 0 0 0 1 0 0 0 1 2 1 0 1 0 2 0 1 0 0 0 1 0 1 1 1 0 0 0 0 1 0 0 1 0 0 0 0 0 0 0 0 0 0 0 1 1 0 0 0 0
geno chr21.43284312 ceu  1 0 1 0 0 0 1 0 0 0 0 0 0 0 0 0 0 0 0 0 0 0 0 0 0 0 0 0 1 0 0 0 0 0 0 0 0 0 0 1 0 0 1 0 0 0 0 0 0 1 1 0 1 0 1 0 0 0 1 0 0 0 1 0 0 0 0 0 1 0 0 1 0 0 0 0 0 0
geno chr21.43284312 fin  0 0 0 0 0 0 0 0 0 0 0 0 0 0 0 1 0 0 0 0 0 0 0 0 0 0 0 0 0 0 0 0 0 0 0 0 0 0 0 0 0 0 0 0 0 0 0 0 0 0 1 0 0 0 0 0 0 0 0 0 1 1 0 0 0 0 0 0 0 0 0 0 0 0 0 0 0 0 0 0 0 0 0 0 0 0 0 0 0
geno chr21.43284312 gbr  0 1 0 0 0 0 0 0 0 1 0 0 0 0 1 0 0 0 0 0 0 0 0 1 0 0 0 1 0 0 0 0 0 0 1 0 0 0 0 0 1 0 0 0 0 0 0 0 0 0 0 1 0 0 1 0 0 0 0 0 0 0 1 0 0 0 0 0 0 1 0 0 0 0 0 0 0 0 0 0 0 0 1 0
geno chr21.43284312 tsi  0 0 1 0 0 0 0 0 0 0 0 0 1 0 1 0 0 0 0 0 0 0 0 0 0 0 0 0 0 0 0 0 0 0 0 0 0 0 0 0 1 0 0 1 0 0 0 0 0 0 0 0 0 0 0 0 0 0 0 0 0 0 1 0 0 1 0 0 0 0 0 0 0 0 0 0 0 1 0 1 0 1 0 1 0 0 0 0 0 0 0 0
geno chr21.43284312 yri  0 0 0 0 0 0 0 0 0 0 0 0 0 0 0 0 0 0 0 0 0 0 0 0 0 0 0 0 0 0 0 0 0 0 0 0 0 0 0 0 0 0 0 0 0 0 0 0 0 0 0 0 0 0 0 0 0 0 0 0 0 0 0 0 0 0 0 0 0 0 0 0 0 0 0 0 0
geno chr21.43284434 ceu  1 0 1 0 0 0 1 0 0 0 0 0 0 0 0 0 0 0 0 0 0 0 0 0 0 0 0 0 1 0 0 0 0 0 0 0 0 0 0 1 0 0 1 0 0 0 0 0 0 1 1 0 1 0 1 0 0 0 1 0 0 0 1 0 0 0 0 0 1 0 0 1 0 0 0 0 0 0
geno chr21.43284434 fin  0 0 0 0 0 0 0 0 0 0 0 0 0 0 0 1 0 0 0 0 0 0 0 0 0 0 0 0 0 0 0 0 0 0 0 0 0 0 0 0 0 0 0 0 0 0 0 0 0 0 1 0 0 0 0 0 0 0 0 0 1 1 0 0 0 0 0 0 0 0 0 0 0 0 0 0 0 0 0 0 0 0 0 0 0 0 0 0 0
geno chr21.43284434 gbr  0 1 0 0 0 0 0 0 0 1 0 0 0 0 1 0 0 0 0 0 0 0 0 1 0 0 0 1 0 0 0 0 0 0 1 0 0 0 0 0 1 0 0 0 0 0 0 0 0 0 0 1 0 0 1 0 0 0 0 0 0 0 1 0 0 0 0 0 0 1 0 0 0 0 0 0 0 0 0 0 0 0 1 0
geno chr21.43284434 tsi  0 0 1 0 0 0 0 0 0 0 0 0 1 0 1 0 0 0 0 0 0 0 0 0 0 0 0 0 0 0 0 0 0 0 0 0 0 0 0 0 1 0 0 1 0 0 0 0 0 0 0 0 0 0 0 0 0 0 0 0 0 0 1 0 0 1 0 0 0 0 0 0 0 0 0 0 0 1 0 1 0 1 0 1 0 0 0 0 0 0 0 0
geno chr21.43284434 yri  0 0 0 0 0 0 0 0 0 0 0 0 0 0 0 0 0 0 0 0 0 0 0 0 0 0 0 0 0 0 0 0 0 0 0 0 0 0 0 0 0 0 0 0 0 0 0 0 0 0 0 0 0 0 0 0 0 0 0 0 0 0 0 0 0 0 0 0 0 0 0 0 0 0 0 0 0
geno chr21.43284802 ceu  0 0 1 0 0 1 0 0 0 0 0 0 0 1 0 0 1 0 1 0 0 0 0 0 0 0 0 0 0 0 0 1 0 1 0 0 0 0 0 1 0 0 1 0 1 0 2 0 1 0 0 1 0 0 0 0 0 1 0 0 1 0 1 0 0 1 0 1 0 0 0 0 0 0 0 0 0 1
geno chr21.43284802 fin  0 1 0 0 0 0 0 0 0 0 0 0 0 0 0 0 0 0 0 0 1 0 0 0 0 0 0 0 0 0 0 0 0 0 0 1 0 0 1 0 0 0 0 0 0 0 0 0 0 0 0 0 2 0 0 0 0 0 0 0 0 0 0 0 0 1 0 0 0 0 0 0 0 0 0 0 0 0 0 0 0 0 0 0 0 0 1 0 1
geno chr21.43284802 gbr  0 0 0 0 0 0 0 1 0 0 0 0 0 0 0 1 0 1 0 0 0 0 0 0 0 0 0 1 0 0 0 0 0 0 0 0 0 0 0 0 0 0 0 0 1 1 1 0 0 0 0 0 0 0 0 0 0 0 0 0 1 0 0 0 1 0 0 0 1 0 0 0 0 0 0 0 0 1 0 0 0 0 0 0
geno chr21.43284802 tsi  0 1 0 0 0 0 0 2 0 1 0 0 0 0 0 0 0 0 0 0 0 1 0 0 0 0 0 0 0 0 0 0 1 1 0 0 0 1 1 1 1 1 0 1 0 1 0 1 0 0 1 0 0 0 0 0 0 1 1 0 1 0 0 1 1 0 0 0 0 0 0 0 0 0 0 0 0 0 0 1 0 1 0 0 0 0 1 0 0 0 0 1
geno chr21.43284802 yri  0 0 0 0 0 0 1 0 0 0 0 1 0 0 0 1 0 0 0 0 1 0 0 1 2 0 0 2 1 1 1 0 1 0 2 0 0 0 0 0 1 0 0 1 1 0 0 0 0 0 0 0 0 1 0 0 0 2 1 1 1 1 0 0 1 0 0 0 0 0 1 0 0 0 0 0 0
geno chr21.43284910 ceu  1 0 0 1 0 0 0 1 0 1 0 0 1 0 0 0 0 0 0 0 1 0 0 0 0 0 0 0 0 0 0 0 0 1 1 0 0 1 0 0 0 0 0 0 0 1 0 1 0 1 0 0 0 0 0 0 1 1 0 0 0 0 0 0 1 1 0 0 0 1 0 0 0 0 0 0 0 0
geno chr21.43284910 fin  1 0 1 1 1 0 0 0 1 0 1 0 0 0 0 1 2 0 0 0 0 0 0 0 0 0 0 0 0 0 0 1 0 0 1 0 1 0 0 0 1 2 0 0 0 0 0 0 1 0 0 1 0 0 0 0 1 0 0 0 0 1 1 1 0 0 0 1 0 0 1 0 0 0 0 0 0 0 0 0 1 0 0 0 0 0 0 1 0
geno chr21.43284910 gbr  1 0 1 1 0 0 0 0 1 0 0 0 1 0 0 0 0 0 0 1 0 0 0 0 0 0 0 0 0 0 0 0 0 0 0 0 0 0 1 0 1 0 0 0 0 0 0 0 0 0 0 0 0 1 0 1 0 0 0 1 1 0 0 0 0 1 0 1 1 0 2 1 0 0 0 0 1 0 0 0 0 0 1 0
geno chr21.43284910 tsi  0 1 0 0 0 0 0 0 1 0 0 0 0 1 0 0 1 0 0 1 0 0 0 0 0 0 0 1 0 0 0 0 0 0 0 1 0 0 0 0 0 0 0 0 0 0 0 0 1 0 1 1 0 0 0 0 0 0 1 0 0 1 0 0 0 1 0 0 0 0 1 1 0 0 0 1 0 0 0 0 0 0 0 0 0 0 0 1 0 0 0 1
geno chr21.43284910 yri  0 0 1 0 0 0 0 0 0 0 0 0 0 0 0 0 0 0 0 0 0 0 0 0 0 0 1 0 0 0 0 0 0 1 0 0 0 0 0 0 1 0 1 0 0 0 0 0 0 0 0 0 0 0 0 0 0 0 0 0 0 0 0 0 0 0 0 0 0 0 1 0 0 0 0 0 0
