pheno ENSG00000172785 ceu 2.138578 3.774309 1.811449 1.306033 2.696818 2.383188 2.134454 1.362079 0.8488636 3.513652 1.562762 2.793245 0.778291 0.2700475 1.44602 0.805244 2.272563 2.263943 0.3624547 3.230159 2.427423 1.622535 2.552915 2.337843 2.062414 1.182722 1.858608 3.174053 1.075787 2.016377 3.814472 0.8076069 2.411105 0.4685425 4.076402 1.654657 1.340652 1.614014 3.110783 0.9441652 1.60048 2.608753 2.175386 2.88999 2.7773 2.449998 2.98666 0.6995023 1.796094 2.455739 1.053332 2.631321 1.86893 2.744925 1.955781 2.643586 0.4229544 2.415604 2.500013 2.926235 0.2873297 2.230388 1.606408 0.6086227 1.661374 1.908564 2.900902 1.863068 1.619516 2.107223 1.391282 0.6417034 1.677921 2.332868 0.3811755 1.498088 0.9657298 1.578465
pheno ENSG00000172785 fin 1.622099 -0.9414814 0.5484083 -0.5778519 -0.681843 0.7118987 1.525766 -0.7474679 0.1219355 0.246246 0.6468661 1.790007 -0.4496718 0.388598 0.3922827 0.3257183 0.638557 -0.4405474 -0.5701418 0.5193372 0.7677691 0.3101966 0.2561597 -1.658919 0.6744107 0.566789 0.150721 -1.207891 2.485174 -2.102172 0.6304218 1.22226 1.674729 0.4082091 2.523681 -1.191723 0.004094435 -0.56102 0.7853265 -0.6160269 0.02779237 0.2906938 -0.04705831 -0.5942559 0.4930486 -0.004076394 0.7727056 1.266825 1.603023 0.4073737 0.6319164 2.039319 0.9525403 1.165194 -0.03644045 -0.1423306 -0.8234431 0.3826277 0.1331625 2.059251 1.971176 -0.1093996 2.380222 1.25136 1.436117 -0.05717964 1.443009 1.877823 1.596713 1.852354 0.8016158 0.7477276 0.8478337 1.847942 0.01408923 -1.110918 0.9460077 -0.08568349 -0.4452308 3.225435 -0.4376323 0.7085051 -0.0623217 -1.486264 -0.9743987 0.2543204 1.640855 0.003096374 1.451231
pheno ENSG00000172785 gbr 2.748487 1.544337 3.270363 3.54388 1.520077 3.162273 -0.5371946 1.786202 1.871667 1.907282 2.449692 2.517845 1.306171 2.059718 0.9662294 3.720259 2.474337 0.2680798 1.606294 1.665671 1.882412 1.957783 1.914917 2.982588 1.28099 3.020019 3.057756 2.710353 2.605039 0.4140072 3.111031 1.826676 -0.1172362 1.030404 0.3715103 1.460098 0.6453829 1.925653 1.684084 0.7020576 4.965447 3.525947 0.959315 1.630666 2.614564 1.89917 3.868339 2.9558 1.552499 2.124583 2.680498 1.963118 3.725681 1.645817 0.6052348 1.956624 2.122313 1.75307 -0.3221035 0.6018239 1.968945 1.889981 0.5371255 0.3573704 2.4379 1.899319 2.65943 0.7342095 2.925548 2.620222 0.6371274 3.453238 2.342284 3.862747 2.435675 2.833995 1.652386 3.672328 1.58445 3.25201 3.005591 1.486158 3.266086 1.928664
pheno ENSG00000172785 tsi -0.1170748 -1.576311 -4.588041 -0.2847956 -0.6009272 -1.348533 0.7930941 -0.2701411 -2.023692 -1.538982 0.09018741 -0.9231146 -2.243917 -2.062763 -1.279727 -0.2399699 -0.2169485 1.025693 -1.556415 -1.92583 -0.3276536 -1.814191 -0.5081139 -2.290668 -1.982281 -0.9110227 -1.884013 -1.275659 -0.8130181 -1.542005 -1.117366 -0.9851827 -1.441884 -1.20846 -1.077602 -1.968116 -2.023012 -0.7316071 -1.61903 -1.874031 0.3308984 -2.507328 -2.566267 -1.736949 -1.042376 -1.434545 -0.8281134 -2.816764 -0.7740885 -2.355196 0.6633777 0.4145983 -1.155027 -1.047126 0.3634174 0.1083015 -1.599869 -2.425928 -0.6874627 -0.9952835 -0.2345776 -1.870263 -2.103376 0.5201712 -1.857412 -2.422261 0.2094156 -0.8027324 0.2835863 -1.461338 -0.9540534 -1.135245 0.2763472 -0.3721634 -0.9870988 -2.556466 -1.721009 -0.8013612 -1.677874 -1.052903 -2.022073 -1.582941 -3.202814 -1.737015 0.297966 -1.322035 -0.4168481 -0.9215937 0.1910152 -0.1804446 -0.6164486 -2.172787
pheno ENSG00000172785 yri -2.780773 -2.001646 -1.456261 -1.906878 -1.515521 -2.127671 -1.077595 -1.777454 -1.326486 -2.203572 -2.991897 -1.282003 -2.447058 -1.796249 -2.773441 -2.4768 -2.982522 0.5412306 0.3996808 -1.708673 -0.1280695 -2.262261 -0.5206944 -2.256246 -1.740823 -2.570659 -2.841517 -3.348451 -1.816639 -0.9677124 -0.04560398 -2.112504 -2.06251 -1.129623 -0.7932042 -1.433319 -0.7049137 -2.391542 -3.054998 -3.612601 -2.98168 -1.098667 -2.086622 -2.5074 -2.512276 -3.416345 -1.675686 -3.253768 -2.028292 -2.670487 -1.446371 -2.240451 0.01670908 -2.78989 -1.489297 -2.621898 -3.501497 -1.929173 -2.903307 -1.755011 -1.132656 -1.798677 -2.15611 -1.199483 -1.510163 -3.944586 -2.915696 -5.143714 -1.780327 -2.20726 -2.185382 -1.533111 -1.361785 -2.461222 -2.213751 -1.810496 -1.580028
geno chr9.89973 ceu  0 0 0 0 0 0 0 0 0 0 0 0 0 0 0 0 0 0 0 0 0 0 0 0 0 0 0 0 0 0 0 0 0 0 0 0 0 0 0 0 0 0 0 0 0 0 0 0 0 0 0 0 0 0 0 0 0 0 0 0 0 0 0 0 0 0 0 0 0 0 0 0 0 0 0 0 0 0
geno chr9.89973 fin  0 0 0 0 0 0 0 0 0 0 0 0 0 0 0 0 0 0 0 0 0 0 0 0 0 0 0 0 0 0 0 0 0 0 0 0 0 0 0 0 0 0 0 0 0 0 0 0 0 0 0 0 0 0 0 0 0 0 0 0 0 0 0 0 0 0 0 0 0 0 0 0 0 0 0 0 0 0 0 0 0 0 0 0 0 0 0 0 0
geno chr9.89973 gbr  0 0 0 0 0 0 0 0 0 0 0 0 0 0 0 0 0 0 0 0 0 0 0 0 0 0 0 0 0 0 0 0 0 0 0 0 0 0 0 0 0 0 0 0 0 0 0 0 0 0 0 0 0 0 0 0 0 0 0 0 0 0 0 0 0 0 0 0 0 1 0 0 0 0 0 0 0 0 0 0 0 0 0 0
geno chr9.89973 tsi  0 0 0 0 0 0 0 0 0 0 0 0 0 0 0 0 0 0 0 0 0 0 0 0 0 0 1 0 0 0 0 0 0 0 0 0 0 0 0 0 0 0 0 0 0 0 0 0 0 0 0 0 0 0 0 0 0 0 0 0 0 0 0 0 0 0 0 0 0 0 0 0 0 0 0 0 0 0 0 0 0 0 0 0 0 0 0 0 0 0 0 0
geno chr9.89973 yri  0 0 0 0 1 1 0 1 1 1 0 0 0 1 0 1 0 2 0 1 1 0 0 0 0 1 1 0 0 2 1 1 0 0 0 0 0 0 1 1 1 0 0 0 0 0 1 0 1 1 2 0 0 0 0 1 0 1 1 0 0 0 0 0 1 1 0 1 1 0 0 1 0 0 0 0 1
geno chr9.90348 ceu  0 0 0 0 0 0 0 0 2 1 0 0 0 0 2 2 0 0 1 0 2 1 0 1 0 0 0 0 1 0 0 0 0 2 0 1 2 0 1 0 0 2 1 0 0 0 0 0 0 2 0 0 0 0 0 0 0 1 0 0 0 0 0 0 0 0 0 0 0 0 0 0 2 0 0 0 0 0
geno chr9.90348 fin  0 0 0 1 0 2 1 1 1 0 2 0 0 0 1 0 0 2 1 1 0 0 2 1 2 2 1 1 0 0 0 0 1 2 0 2 0 0 0 0 0 0 0 0 0 2 0 1 0 1 0 0 2 2 2 0 0 2 0 0 0 0 0 0 0 1 0 1 0 0 0 0 0 0 0 1 0 2 0 1 0 0 0 1 0 0 1 1 0
geno chr9.90348 gbr  0 0 0 0 0 0 1 0 2 1 0 2 0 0 0 0 0 2 0 1 0 0 2 2 1 0 0 1 0 0 0 0 0 0 0 1 0 0 0 1 1 0 0 0 0 0 0 2 0 1 0 1 1 0 0 0 0 0 1 0 0 0 0 1 0 0 0 0 1 2 0 2 2 0 0 0 0 1 2 0 0 2 0 0
geno chr9.90348 tsi  2 0 0 1 2 0 0 1 2 0 1 0 1 0 1 1 0 0 1 0 0 2 0 0 0 0 2 0 0 0 0 0 1 2 0 0 0 0 0 0 0 0 0 0 0 0 0 0 0 0 0 0 1 0 0 0 0 0 0 0 0 0 1 0 0 0 0 0 1 2 0 0 0 0 1 0 2 0 0 2 0 0 0 0 0 0 2 0 0 0 0 0
geno chr9.90348 yri  0 1 0 0 1 1 1 0 1 1 0 0 0 0 0 0 0 0 0 0 0 0 0 1 0 0 0 0 0 1 0 0 1 0 1 0 0 0 0 0 0 1 0 0 0 0 0 0 1 0 1 0 0 0 0 0 0 0 0 0 1 0 1 0 1 1 0 1 1 0 2 1 1 1 0 1 0
geno chr9.91184 ceu  0 0 0 0 0 0 0 0 0 1 0 0 0 0 0 0 0 0 0 0 0 0 0 0 0 0 0 0 0 0 0 0 0 0 0 0 1 0 0 0 0 2 1 0 1 0 0 0 0 1 0 0 0 0 0 0 0 0 0 0 0 0 0 0 0 0 0 0 0 0 1 1 1 0 1 0 0 0
geno chr9.91184 fin  0 0 0 0 0 1 0 0 0 0 0 0 0 0 0 0 0 0 0 0 0 0 1 0 0 2 0 2 0 0 0 0 0 0 0 0 0 0 0 0 0 0 0 0 0 0 0 0 0 0 0 0 0 0 0 0 0 0 0 0 0 0 0 0 0 0 0 0 0 0 0 0 0 0 0 0 0 1 0 1 0 0 0 1 0 0 0 0 0
geno chr9.91184 gbr  0 0 0 0 0 0 2 1 1 0 0 0 2 0 0 0 0 0 0 0 1 0 0 0 0 0 0 0 0 0 0 0 0 0 0 0 0 0 0 0 2 0 0 0 1 1 0 1 0 0 0 0 1 0 0 0 0 0 0 0 0 0 0 0 0 0 0 0 0 0 0 0 0 0 0 0 0 0 1 0 0 0 0 0
geno chr9.91184 tsi  1 0 0 0 1 0 0 0 0 0 0 0 1 0 0 0 0 1 0 0 0 0 0 0 0 0 1 0 0 0 0 0 0 1 0 0 0 0 0 0 0 0 0 0 0 0 0 0 0 2 0 0 0 0 0 0 0 1 0 0 0 0 1 0 0 1 0 1 1 2 0 0 0 0 0 0 0 0 0 0 0 0 1 0 0 0 1 0 0 1 0 0
geno chr9.91184 yri  0 1 1 0 0 0 0 0 0 0 0 0 1 0 0 1 0 0 0 0 1 0 0 0 1 0 0 0 0 0 0 0 0 0 1 0 0 0 0 0 0 0 0 0 0 0 1 2 0 0 0 0 0 0 0 0 0 1 0 0 1 0 0 0 0 1 0 0 0 0 0 0 1 1 1 1 0
geno chr9.92127 ceu  1 0 0 0 0 0 0 0 1 0 0 0 0 0 0 1 0 0 0 0 1 0 0 0 0 0 0 0 0 0 0 0 0 0 0 0 0 0 0 0 0 0 0 0 0 0 0 0 0 1 0 0 0 0 0 0 0 0 0 0 0 0 0 0 0 0 0 0 0 0 0 1 0 0 0 0 0 0
geno chr9.92127 fin  0 0 0 0 0 0 0 0 0 0 1 0 1 0 0 0 0 2 1 1 0 0 1 0 1 0 0 0 0 0 0 0 0 1 0 0 0 0 0 0 0 0 0 0 0 0 0 0 0 0 0 0 2 2 0 0 0 0 0 1 0 0 0 0 0 0 0 0 0 0 0 0 0 1 0 0 0 1 0 0 0 0 0 0 0 0 1 0 0
geno chr9.92127 gbr  0 0 0 0 0 0 0 0 0 1 0 1 2 0 0 0 0 0 0 1 1 0 0 1 0 0 0 1 0 1 0 0 0 0 0 0 0 0 1 0 0 0 0 0 0 0 0 0 0 0 0 0 0 0 0 1 0 0 0 0 0 0 0 0 0 0 0 0 0 0 0 0 0 0 0 0 0 0 0 0 0 2 1 0
geno chr9.92127 tsi  0 0 0 0 0 0 0 0 0 0 0 0 0 0 0 0 0 0 0 0 0 1 0 0 0 0 0 0 0 0 0 0 0 0 0 0 0 0 0 0 0 0 0 0 0 0 0 0 0 0 0 0 0 0 0 0 0 0 0 0 0 0 0 0 0 0 0 0 0 0 0 0 0 0 0 0 0 0 0 1 0 0 1 0 0 0 0 0 0 0 0 0
geno chr9.92127 yri  0 0 1 0 1 1 0 0 0 0 0 0 1 0 0 1 0 0 0 1 0 0 0 0 1 0 0 0 0 0 0 0 0 0 0 0 0 1 0 0 0 0 0 0 0 0 1 0 1 0 1 0 1 0 0 0 0 0 0 0 0 0 0 0 1 0 0 1 1 0 1 0 0 1 0 0 1
geno chr9.93432 ceu  0 0 0 0 0 0 0 0 0 1 0 0 0 0 0 0 0 0 0 0 0 0 0 0 0 0 0 0 0 0 0 0 0 0 0 1 0 0 0 1 0 1 0 0 0 0 0 0 0 1 0 0 0 0 0 0 0 0 0 0 0 0 0 0 0 0 0 0 0 0 0 1 1 0 0 0 0 0
geno chr9.93432 fin  0 0 0 0 0 0 0 1 0 0 0 0 0 0 0 0 0 0 0 0 0 0 0 0 0 2 0 2 0 0 0 1 0 0 0 0 0 0 0 0 0 0 0 0 0 1 0 0 0 0 0 0 0 0 0 0 0 0 0 0 0 0 0 0 0 0 0 0 0 0 0 0 0 0 0 1 0 1 0 0 0 0 0 0 0 0 0 0 0
geno chr9.93432 gbr  0 0 0 0 0 0 0 1 0 0 0 1 2 0 0 0 1 0 0 0 0 0 0 0 1 0 0 0 0 0 0 0 0 0 0 0 0 0 0 0 2 0 0 0 0 0 0 1 0 0 0 1 1 0 0 0 0 0 0 0 0 0 0 0 0 0 0 0 0 1 0 1 0 0 0 0 0 0 1 0 0 0 0 0
geno chr9.93432 tsi  0 0 0 0 0 0 0 0 0 0 0 0 1 0 1 0 0 0 0 0 0 0 0 0 0 0 2 0 0 0 0 0 0 1 0 0 0 0 0 0 0 0 0 0 0 0 0 0 0 2 0 0 0 0 0 0 0 0 0 0 0 0 0 0 0 0 0 2 0 0 0 0 0 0 0 0 0 0 0 0 0 0 0 0 0 0 0 0 0 0 0 0
geno chr9.93432 yri  0 1 1 0 0 0 1 0 0 0 0 0 1 0 0 1 0 0 0 0 1 0 0 0 1 0 0 1 0 1 0 0 1 0 1 0 0 1 0 0 1 0 0 0 0 0 0 2 0 0 0 0 0 0 0 0 0 1 0 0 1 0 0 0 0 0 0 1 0 0 1 1 1 1 2 0 0
geno chr9.93440 ceu  0 0 0 0 0 0 0 0 1 2 1 0 0 0 1 2 0 0 0 1 2 0 0 0 0 0 1 0 1 0 0 0 0 2 0 1 1 0 2 1 0 1 0 0 0 0 0 1 0 2 0 0 0 1 0 1 0 1 0 0 0 0 0 0 0 0 0 0 0 0 0 1 2 0 0 0 1 0
geno chr9.93440 fin  0 0 0 1 0 1 0 1 1 0 2 0 1 0 0 0 0 1 1 0 0 0 1 1 2 2 1 2 0 0 0 1 0 2 0 2 0 0 0 0 0 0 0 1 0 2 0 1 0 0 0 1 2 2 2 0 0 2 0 1 0 0 0 0 0 0 0 1 0 0 0 0 0 1 0 1 0 2 0 0 0 0 0 0 0 0 1 1 1
geno chr9.93440 gbr  0 0 0 0 1 0 0 1 1 1 0 1 2 0 0 0 1 2 0 0 0 0 2 2 1 0 0 1 0 1 0 0 0 0 0 1 1 0 0 1 2 0 0 1 0 0 0 2 0 0 0 1 2 0 0 0 0 0 0 0 0 1 0 1 0 0 0 0 0 2 0 2 1 0 1 0 0 1 2 0 0 1 0 0
geno chr9.93440 tsi  1 0 0 1 1 0 1 1 2 0 1 0 2 0 2 1 0 0 1 0 0 2 1 0 0 0 1 0 0 0 0 0 0 2 0 0 0 0 0 1 0 0 1 0 0 0 0 0 0 2 0 0 0 0 0 0 1 0 0 0 0 0 0 0 0 0 0 2 0 0 0 0 0 1 1 0 2 0 0 2 0 0 0 0 0 0 1 1 0 0 0 0
geno chr9.93440 yri  0 2 1 1 2 1 2 1 1 2 0 0 1 0 0 2 1 1 1 0 2 0 0 0 2 0 0 1 1 1 2 1 1 0 2 0 0 1 1 2 2 0 0 0 0 1 1 2 1 2 1 0 0 0 1 0 1 1 2 0 1 0 1 0 1 0 0 1 1 1 1 2 1 1 2 1 0
geno chr9.93480 ceu  1 0 0 0 0 0 0 1 1 2 0 0 0 0 2 2 0 0 1 0 2 1 0 0 0 0 0 0 1 0 0 0 0 2 1 1 2 0 2 1 0 1 1 1 0 1 0 0 0 2 0 0 0 0 0 1 0 2 0 0 0 0 0 1 0 0 0 0 0 0 0 1 2 0 0 0 1 0
geno chr9.93480 fin  0 0 1 1 0 1 0 1 1 0 2 1 1 0 1 0 0 2 1 1 1 0 1 0 2 2 1 1 0 0 0 1 1 2 0 2 0 0 1 0 0 0 0 1 0 2 0 1 0 1 0 0 2 2 2 0 0 2 0 1 0 0 0 0 0 1 0 1 0 0 0 0 1 1 1 1 0 2 1 1 0 0 0 0 0 0 1 1 1
geno chr9.93480 gbr  0 0 0 0 1 0 0 1 1 1 0 2 2 0 0 0 1 2 1 0 0 1 2 2 1 0 0 1 0 1 1 1 1 0 0 1 0 0 0 0 2 0 0 0 1 0 0 1 0 1 0 1 2 0 0 0 0 0 0 0 0 1 0 1 1 0 0 0 0 2 0 1 2 1 1 0 0 1 2 0 0 2 0 0
geno chr9.93480 tsi  1 0 0 1 1 0 0 1 2 1 2 0 1 0 2 0 0 0 1 0 0 2 0 0 0 1 1 0 0 0 0 0 0 2 0 0 1 1 0 1 0 0 0 0 0 0 0 0 0 2 0 1 1 0 0 0 0 0 0 0 0 0 0 0 0 0 0 2 1 0 0 0 0 1 0 0 2 0 0 2 0 0 0 0 1 0 2 0 0 1 0 0
geno chr9.93480 yri  0 1 2 0 0 0 2 1 1 2 0 0 1 1 0 2 0 2 0 1 1 0 0 1 0 0 0 1 0 2 1 1 2 0 1 0 0 1 1 1 2 1 0 0 0 0 1 0 1 2 1 0 0 0 1 0 0 1 2 0 2 1 1 0 1 1 0 1 0 1 1 2 1 2 1 1 0
geno chr9.93560 ceu  0 0 0 0 0 0 0 0 0 0 0 0 0 0 0 0 0 0 0 0 0 0 0 0 0 0 0 0 0 0 0 0 0 0 0 0 0 0 0 0 0 0 0 0 0 0 0 0 0 0 0 0 0 0 0 0 0 0 0 0 0 0 0 0 0 0 0 0 0 0 0 0 0 0 0 0 0 0
geno chr9.93560 fin  0 0 0 0 0 0 0 0 0 0 0 0 0 0 0 0 0 0 0 0 0 0 0 0 0 0 0 0 0 0 0 0 0 0 0 0 0 0 0 0 0 0 0 0 0 0 0 0 0 0 0 0 0 0 0 0 0 0 0 0 0 0 0 0 0 0 0 0 0 0 0 0 0 0 0 0 0 0 0 0 0 0 0 0 0 0 0 0 0
geno chr9.93560 gbr  0 0 0 0 0 0 0 0 0 0 0 0 0 0 0 0 0 0 0 0 0 0 0 0 0 0 0 0 0 0 0 0 0 0 0 0 0 0 0 0 0 0 0 0 0 0 0 0 0 0 0 0 0 0 0 0 0 0 0 0 0 0 0 0 0 0 0 0 0 0 0 0 0 0 0 0 0 0 0 0 0 0 0 0
geno chr9.93560 tsi  0 0 0 0 0 0 0 0 0 0 0 0 0 0 0 0 0 0 0 0 0 0 0 0 0 0 0 0 0 0 0 0 0 0 0 0 0 0 0 0 0 0 0 0 0 0 0 0 0 0 0 0 0 0 0 0 0 0 0 0 0 0 0 0 0 0 0 0 0 0 0 0 0 0 0 0 0 0 0 0 0 0 0 0 0 0 0 0 0 0 0 0
geno chr9.93560 yri  0 0 0 0 1 1 0 1 1 1 0 0 0 1 0 1 0 2 0 1 1 0 0 0 0 1 1 0 0 2 1 1 1 0 0 0 0 0 1 1 1 0 0 1 0 0 1 0 1 1 2 0 1 0 0 1 0 1 1 0 0 0 0 0 1 1 0 1 1 0 1 1 0 0 0 0 1
geno chr9.94197 ceu  1 0 0 1 1 0 1 1 2 1 0 0 0 0 2 2 1 0 1 1 2 1 0 1 0 1 1 0 1 0 0 1 0 2 1 0 1 1 2 0 0 0 0 1 0 1 1 1 0 1 1 0 1 1 1 1 0 2 0 0 1 0 1 1 0 0 1 0 1 1 0 0 1 0 0 0 2 1
geno chr9.94197 fin  0 0 1 1 0 1 1 0 1 0 2 1 1 1 1 0 1 2 1 1 1 0 1 1 2 0 1 0 0 1 0 0 1 2 0 2 0 0 1 0 0 1 0 1 0 1 1 1 1 1 1 1 2 2 2 0 1 2 0 1 0 0 1 0 0 0 1 1 0 0 0 0 1 1 0 0 1 1 1 0 1 1 1 0 0 0 1 1 1
geno chr9.94197 gbr  0 0 1 0 1 1 0 0 1 1 0 1 0 0 1 1 0 2 1 1 0 1 2 2 0 0 0 1 0 1 1 0 1 0 0 1 1 0 1 1 0 0 0 1 0 0 0 1 1 1 0 0 1 1 0 1 0 0 0 0 0 1 0 1 1 1 0 0 1 2 1 1 1 0 1 0 0 1 1 1 1 2 1 0
geno chr9.94197 tsi  1 0 1 2 1 1 0 2 2 1 2 0 1 0 1 1 0 0 2 0 0 2 1 1 0 1 1 1 0 0 1 1 1 1 1 1 1 1 0 0 0 0 1 0 1 1 0 1 1 0 1 1 2 0 0 1 1 0 1 1 1 0 0 0 1 0 1 0 0 0 1 0 0 0 2 0 2 1 0 2 1 0 0 0 1 0 1 0 0 0 1 0
geno chr9.94197 yri  0 0 0 1 0 1 0 0 0 1 0 0 0 0 1 0 0 0 0 0 0 0 0 0 0 0 0 0 1 0 0 0 0 1 1 0 0 0 0 0 0 0 0 0 0 1 0 0 1 0 0 0 0 0 1 0 0 0 0 0 0 1 1 0 0 0 0 0 0 1 0 0 0 0 0 1 0
geno chr9.95244 ceu  0 0 0 0 0 0 0 0 0 0 0 0 0 0 0 0 0 0 0 0 0 0 0 0 0 0 0 0 0 0 0 0 0 0 0 0 0 0 0 0 0 0 0 0 0 0 0 0 0 0 0 0 0 0 0 0 0 0 0 0 0 0 0 0 0 0 0 0 0 0 0 0 0 0 0 0 0 0
geno chr9.95244 fin  0 0 0 0 0 0 0 0 0 0 0 0 0 0 0 0 0 0 0 0 0 0 0 0 0 0 0 0 0 0 0 0 0 0 0 0 0 0 0 0 0 0 0 0 0 0 0 0 0 0 0 0 0 0 0 0 0 0 0 0 0 0 0 0 0 0 0 0 0 0 0 0 0 0 0 0 0 0 0 0 0 0 0 0 0 0 0 0 0
geno chr9.95244 gbr  0 0 0 0 0 0 1 0 0 0 0 0 0 0 0 0 0 0 0 0 0 0 0 0 0 0 0 0 0 0 0 0 0 0 0 0 0 0 0 0 0 0 0 0 0 0 0 0 0 0 0 0 0 0 0 0 0 0 0 0 0 0 0 0 0 0 0 0 0 0 0 0 0 0 0 0 0 0 0 0 0 0 0 0
geno chr9.95244 tsi  0 0 0 0 0 0 0 0 0 0 0 0 0 0 0 0 0 0 0 0 0 0 0 0 0 0 0 0 0 0 0 0 0 0 0 0 0 0 0 0 0 0 0 0 0 0 0 0 0 0 0 0 0 0 0 0 0 0 0 0 0 0 0 0 0 0 0 0 0 0 0 0 0 0 0 0 0 0 0 0 0 0 0 0 0 0 0 0 0 0 0 0
geno chr9.95244 yri  0 0 0 0 1 1 0 1 1 0 0 0 0 0 0 0 0 1 0 1 0 0 0 0 0 1 1 0 0 2 1 1 0 0 0 0 0 0 1 1 1 0 0 0 0 0 1 0 1 1 2 0 1 0 1 0 0 1 1 0 0 0 0 0 1 1 0 1 1 0 1 0 0 0 0 0 1
geno chr9.95246 ceu  0 0 0 0 0 0 0 0 0 0 0 0 0 0 0 0 0 0 0 0 0 0 0 0 0 0 1 0 0 0 0 0 0 0 0 0 0 0 0 0 0 0 0 0 0 0 0 0 0 0 0 0 0 0 0 0 0 0 0 0 0 0 0 0 0 0 0 0 0 0 0 0 0 0 0 0 0 0
geno chr9.95246 fin  0 0 0 0 0 0 0 0 0 0 0 0 0 0 0 0 0 0 0 0 0 0 0 0 0 0 0 0 0 0 0 0 0 0 0 0 0 0 0 0 0 0 0 0 0 0 0 0 0 0 0 0 0 0 0 0 0 0 1 0 0 0 0 0 1 0 1 0 1 1 1 1 1 0 1 1 0 0 0 0 0 0 0 0 1 1 1 1 1
geno chr9.95246 gbr  1 0 0 1 1 0 1 0 0 0 1 0 0 0 0 0 0 0 0 1 0 0 0 0 0 0 1 1 1 0 0 1 0 0 0 0 0 0 0 0 0 0 0 0 0 0 0 0 0 0 0 0 0 0 0 1 1 0 2 0 0 0 0 0 0 0 0 0 0 0 0 0 1 0 0 0 0 0 0 0 0 0 0 0
geno chr9.95246 tsi  0 0 0 0 0 0 0 0 0 0 0 0 0 0 0 0 0 0 0 0 0 0 1 0 0 0 0 0 0 0 0 0 0 0 0 0 0 0 0 0 0 0 0 0 0 0 0 0 0 0 0 0 0 0 0 0 0 0 0 0 1 0 0 0 0 0 0 0 0 0 0 0 0 0 0 0 0 0 0 0 0 0 0 0 0 0 0 0 0 0 0 0
geno chr9.95246 yri  0 0 0 0 0 0 0 0 0 0 0 0 0 0 0 0 0 0 0 0 0 0 0 0 0 0 0 0 0 0 0 1 0 0 0 0 0 0 0 0 0 0 0 1 1 0 0 0 0 1 0 1 1 0 0 0 0 1 0 0 0 0 0 0 0 0 0 0 1 0 0 0 0 0 0 0 0
geno chr9.97086 ceu  1 0 0 0 0 0 0 0 2 2 0 0 0 0 2 2 0 0 1 0 1 1 0 1 0 0 0 0 1 0 0 1 0 2 1 1 2 1 2 1 0 2 1 1 1 1 1 0 0 2 0 0 1 1 0 2 0 2 0 0 0 0 0 0 0 0 0 0 0 0 1 0 2 0 0 0 1 0
geno chr9.97086 fin  0 0 0 0 0 2 0 1 1 0 2 1 1 0 0 0 0 2 0 1 1 0 2 0 2 2 0 2 0 0 0 1 2 2 0 2 0 0 0 0 0 0 0 0 0 1 0 0 0 1 0 0 2 2 2 0 0 2 0 0 0 0 0 0 1 2 0 1 0 0 0 0 1 1 0 1 1 2 1 1 0 0 0 1 0 0 1 0 1
geno chr9.97086 gbr  0 1 1 1 1 1 0 1 2 2 1 1 2 0 1 0 1 2 0 1 1 0 2 2 0 0 0 1 0 0 1 0 0 0 0 1 0 0 1 1 2 0 0 1 0 0 0 2 1 0 0 0 2 0 0 0 0 0 0 0 0 1 0 0 0 0 0 0 0 2 0 0 1 0 0 0 0 0 2 0 0 2 0 0
geno chr9.97086 tsi  1 1 0 2 2 1 1 2 2 1 2 0 2 0 2 1 0 0 1 0 0 2 0 0 0 0 2 0 0 0 0 0 0 2 0 0 0 0 0 0 0 0 0 0 0 0 0 1 1 2 0 0 1 0 0 1 0 0 0 1 0 0 0 0 0 1 0 1 0 2 0 0 0 0 1 0 2 0 0 2 0 1 0 0 0 0 1 0 0 1 1 0
geno chr9.97086 yri  1 0 2 1 1 1 2 2 0 1 0 0 2 0 0 2 0 0 1 2 1 0 1 2 1 1 2 1 0 2 1 1 1 1 1 1 1 2 0 0 0 1 0 1 0 1 1 2 1 1 2 0 1 0 2 0 0 2 0 0 2 2 1 1 1 2 1 2 1 0 2 2 1 2 2 2 2
geno chr9.97133 ceu  0 0 0 0 0 0 0 0 0 0 0 0 0 0 0 0 0 0 0 0 0 0 0 0 0 0 0 0 0 0 0 0 0 0 0 0 0 0 0 0 0 0 0 0 0 0 0 0 0 0 0 0 0 0 0 0 0 0 0 0 0 0 0 0 0 0 0 0 0 0 0 0 0 0 0 0 0 0
geno chr9.97133 fin  0 0 0 0 0 0 0 0 0 0 0 0 0 0 0 0 0 0 0 0 0 0 0 0 0 0 0 0 0 0 0 0 0 0 0 0 0 0 0 0 0 0 0 0 0 0 0 0 0 0 0 0 0 0 0 0 0 0 0 0 0 0 0 0 0 0 0 0 0 0 0 0 0 0 0 0 0 0 0 0 0 0 0 0 0 0 0 0 0
geno chr9.97133 gbr  0 0 0 0 0 0 0 0 0 0 0 0 0 0 0 0 0 0 0 0 0 0 0 0 0 0 0 0 0 0 0 0 0 0 0 0 0 0 0 0 0 0 0 0 0 0 0 0 0 0 0 0 0 0 0 0 0 0 0 0 0 0 0 0 0 0 0 0 0 0 0 0 0 0 0 0 0 0 0 0 0 0 0 0
geno chr9.97133 tsi  0 0 0 0 0 0 0 0 0 0 0 0 0 0 0 0 0 0 0 0 0 0 0 0 0 0 0 0 0 0 0 0 0 0 0 0 0 0 0 0 0 0 0 0 0 0 0 0 0 0 0 0 0 0 0 0 0 0 0 0 0 0 0 0 0 0 0 0 0 0 0 0 0 0 0 0 0 0 0 0 0 0 0 0 0 0 0 0 0 0 0 0
geno chr9.97133 yri  0 0 0 0 1 1 0 1 1 0 0 0 0 0 0 0 0 1 0 0 0 0 0 0 0 1 1 0 0 2 1 1 0 0 0 0 0 0 0 1 1 0 0 0 0 0 1 0 1 1 2 0 1 0 1 0 0 1 1 0 0 0 0 0 1 1 0 1 1 0 1 0 0 0 0 0 1
geno chr9.97217 ceu  1 0 0 1 1 0 1 1 2 2 1 0 0 0 2 2 1 0 1 1 2 1 1 1 0 1 1 0 2 0 0 1 0 2 1 1 2 1 2 1 0 2 1 1 1 1 1 1 0 2 1 0 1 1 1 1 0 2 0 0 1 0 1 1 0 0 1 1 1 1 1 1 2 0 1 0 1 1
geno chr9.97217 fin  0 0 1 1 0 2 1 1 1 0 2 1 1 1 1 0 1 2 1 1 1 0 2 1 2 2 1 2 0 1 0 1 1 1 0 2 0 0 1 0 0 1 0 1 0 2 1 1 1 1 1 1 2 2 2 0 1 2 0 1 0 0 1 0 1 2 0 1 0 0 0 0 1 1 1 1 1 2 1 1 1 1 1 1 0 0 1 1 1
geno chr9.97217 gbr  0 0 1 0 1 1 2 1 2 2 1 2 2 0 1 1 1 2 1 1 2 1 2 2 1 0 0 2 0 1 1 0 1 0 0 1 1 0 1 1 2 0 0 1 1 1 0 2 1 1 0 1 2 0 0 1 0 0 0 0 0 1 0 1 1 1 0 0 1 2 1 1 1 0 0 0 0 1 2 1 1 2 1 0
geno chr9.97217 tsi  2 0 1 2 2 1 1 1 2 1 2 1 2 0 2 1 0 1 2 0 0 2 1 1 0 1 2 1 1 0 1 1 1 2 1 1 2 1 0 1 0 1 1 1 1 1 1 1 1 2 1 1 1 0 0 1 1 1 1 1 1 0 1 0 1 1 1 2 1 2 1 0 0 1 2 0 2 1 0 2 1 1 1 0 1 0 2 1 0 1 1 0
geno chr9.97217 yri  1 1 1 1 1 2 1 1 1 1 1 0 2 0 1 1 0 1 0 2 2 1 1 0 1 1 2 1 1 2 1 2 0 1 2 1 1 1 2 1 2 0 0 1 1 1 2 2 2 1 2 0 1 0 2 1 0 2 1 0 1 2 1 1 1 1 1 1 1 0 1 1 1 1 2 2 2
geno chr9.97319 ceu  1 0 0 0 0 0 0 1 1 2 0 0 0 0 2 2 0 0 1 0 1 1 0 1 0 1 0 0 1 0 0 0 0 1 0 0 2 0 2 0 0 1 1 0 0 0 0 0 0 1 0 0 1 1 0 0 0 1 0 0 0 0 0 0 0 0 0 0 0 0 0 0 2 0 0 0 0 0
geno chr9.97319 fin  0 0 0 1 0 2 1 0 1 0 2 0 1 1 1 0 1 2 1 1 1 0 2 1 2 2 1 2 0 0 0 0 1 1 0 2 0 0 0 0 0 0 0 0 0 2 0 0 0 0 0 0 2 2 2 0 1 2 1 1 0 0 1 0 0 0 0 1 0 0 0 0 0 1 0 1 0 1 0 0 0 0 0 0 0 0 1 1 0
geno chr9.97319 gbr  0 0 0 0 0 1 0 0 2 2 0 1 1 0 0 1 0 2 0 0 1 0 2 2 0 0 0 1 1 0 0 0 1 0 0 0 0 0 0 0 2 0 0 0 0 0 0 2 0 0 0 0 2 0 0 0 0 0 0 0 0 0 0 1 0 1 0 0 1 2 0 0 1 0 0 0 0 1 2 0 0 2 0 0
geno chr9.97319 tsi  2 0 0 1 1 0 0 1 2 0 2 0 1 0 1 0 0 0 1 0 0 2 0 0 0 0 1 0 0 0 0 1 0 2 0 0 0 0 0 0 0 0 0 0 0 0 0 1 0 1 0 0 1 0 0 1 0 0 0 0 0 0 0 0 1 0 0 2 0 2 0 0 0 0 1 0 1 0 0 2 0 0 0 0 0 0 1 0 0 1 0 0
geno chr9.97319 yri  0 1 1 0 0 0 0 0 1 0 0 0 1 0 1 2 0 1 0 0 1 0 0 0 0 0 1 1 1 1 1 1 0 1 1 0 0 0 1 1 2 0 0 0 0 0 2 1 0 1 1 0 0 0 0 0 0 1 1 0 1 1 1 0 0 1 0 0 0 0 0 1 1 1 1 0 0
geno chr9.98560 ceu  1 0 0 1 1 0 1 1 2 2 1 1 0 0 2 2 1 0 1 1 2 1 0 2 0 1 1 0 2 0 0 1 1 2 1 1 2 1 2 1 0 2 1 1 1 1 1 1 0 2 1 0 1 1 1 2 0 2 0 0 1 1 1 1 0 0 1 1 1 1 1 1 2 0 1 0 2 1
geno chr9.98560 fin  0 0 1 1 0 2 1 1 1 0 2 1 1 1 1 0 1 2 1 1 1 0 2 1 2 2 1 2 0 1 0 1 2 2 0 2 0 0 1 0 0 1 0 1 0 2 1 1 0 1 1 1 2 2 2 0 1 2 0 1 0 0 1 0 1 2 1 1 0 0 0 0 1 1 1 1 1 2 1 1 1 1 1 1 0 0 2 1 1
geno chr9.98560 gbr  0 0 1 0 1 1 2 1 2 2 1 2 2 0 1 1 1 2 1 2 2 1 2 2 1 0 0 2 0 1 1 1 1 0 0 1 1 0 2 1 2 0 0 1 1 0 0 2 1 1 0 1 2 0 0 1 0 0 0 0 0 1 0 1 1 1 0 0 1 2 1 1 2 0 1 0 0 1 2 1 1 2 1 0
geno chr9.98560 tsi  2 0 1 2 2 1 1 2 2 1 2 1 2 0 2 2 0 1 2 1 0 2 1 1 0 1 2 1 1 0 1 1 1 2 1 1 2 1 0 1 0 1 1 1 1 1 1 1 1 2 1 1 2 0 0 1 1 2 1 1 1 0 1 0 1 1 1 2 1 2 1 0 0 1 1 0 2 1 0 2 1 1 0 0 1 0 2 1 0 1 1 1
geno chr9.98560 yri  0 1 2 1 0 1 1 0 0 1 1 0 1 0 1 2 0 0 0 1 1 0 0 2 1 0 0 1 1 0 0 0 0 1 2 0 0 1 0 0 0 1 1 0 1 1 1 2 1 1 0 0 0 0 1 0 0 1 0 0 2 1 1 0 0 1 0 0 0 1 0 0 1 2 2 2 0
geno chr9.100037 ceu  0 0 0 0 0 0 0 0 0 0 0 0 0 0 0 0 0 0 0 0 0 0 0 0 0 0 0 0 0 0 0 0 0 0 0 0 0 0 0 0 0 0 0 0 0 0 0 0 0 0 0 0 0 0 0 0 0 0 0 0 0 0 0 0 0 0 0 0 0 0 0 0 0 0 0 0 0 0
geno chr9.100037 fin  0 0 0 0 0 0 0 0 0 0 0 0 0 0 0 0 0 0 0 0 0 0 0 0 0 0 0 0 0 0 0 0 0 0 0 0 0 0 0 0 0 0 0 0 0 0 0 0 0 0 0 0 0 0 0 0 0 0 0 0 0 0 0 0 0 0 0 0 0 0 0 0 0 0 0 0 0 0 0 0 0 0 0 0 0 0 0 0 0
geno chr9.100037 gbr  0 0 0 0 0 0 0 0 0 0 0 0 0 0 0 0 0 0 0 0 0 0 0 0 0 0 0 0 0 0 0 0 0 0 0 0 0 0 0 0 0 0 0 0 0 0 0 0 0 0 0 0 0 0 0 0 0 0 0 0 0 0 0 0 0 0 0 0 0 0 0 0 0 0 0 0 0 0 0 0 0 0 0 0
geno chr9.100037 tsi  0 0 0 0 0 0 0 0 0 0 0 0 0 0 0 0 0 0 0 0 0 0 0 0 0 0 0 0 0 0 0 0 0 0 0 0 0 0 0 0 0 0 0 0 0 0 0 0 0 0 0 0 0 0 0 0 0 0 0 0 0 0 0 0 0 0 0 0 0 0 0 0 0 0 0 0 0 0 0 0 0 0 0 0 0 0 0 0 0 0 0 0
geno chr9.100037 yri  0 0 0 0 1 1 0 1 1 0 0 0 0 0 0 0 0 1 0 1 0 0 0 0 0 1 1 0 0 2 1 1 0 0 0 0 0 0 0 1 0 0 0 0 0 0 1 0 1 1 2 0 1 0 1 0 0 1 1 0 0 0 0 0 1 1 0 1 1 0 1 0 0 0 0 0 1
geno chr9.100978 ceu  1 0 0 0 0 0 0 1 2 2 0 0 0 0 2 1 0 0 1 0 1 0 0 0 0 0 0 0 1 0 0 0 0 1 0 2 2 1 2 0 0 1 0 1 0 0 2 0 0 0 0 0 0 1 0 0 0 1 0 0 0 0 0 1 0 0 1 1 0 0 0 0 1 0 0 0 0 0
geno chr9.100978 fin  0 0 1 1 0 2 1 1 1 0 2 1 1 1 1 0 1 2 0 1 0 0 2 1 2 2 1 1 0 1 0 0 2 1 0 2 0 0 0 0 0 1 0 0 0 2 1 1 1 1 1 1 2 2 2 0 0 2 0 1 0 0 1 0 1 0 1 1 0 0 0 0 1 1 0 2 0 1 0 1 0 0 0 0 0 1 1 1 1
geno chr9.100978 gbr  0 0 0 1 0 1 1 1 2 2 1 2 2 0 0 1 0 2 1 1 2 0 2 1 1 0 0 1 0 1 0 1 1 0 0 0 0 0 0 0 2 0 0 0 0 0 1 2 0 0 0 1 2 0 0 0 0 0 0 0 0 1 0 1 0 1 0 0 0 2 0 0 0 0 0 0 0 0 2 1 0 2 1 0
geno chr9.100978 tsi  2 0 0 0 1 0 0 0 2 0 2 0 2 0 1 0 0 1 2 0 0 2 0 0 0 0 2 0 0 0 0 0 0 0 0 0 0 0 0 0 1 0 1 0 0 0 1 0 0 2 0 0 0 0 0 1 0 1 0 0 0 0 0 0 0 1 0 2 1 2 0 0 0 0 0 0 2 1 0 2 0 0 0 0 0 0 2 0 0 2 0 0
geno chr9.100978 yri  1 2 1 1 0 0 1 0 1 1 0 0 2 0 0 2 0 0 0 1 2 0 0 1 0 1 2 1 0 0 1 1 0 0 1 0 0 0 0 1 0 0 0 1 0 0 2 2 1 1 1 0 0 0 0 0 0 2 0 0 1 2 0 0 0 1 0 1 0 0 0 1 1 1 2 0 2
geno chr9.100982 ceu  1 0 0 0 0 0 0 1 2 2 0 0 0 0 2 1 0 0 1 0 1 1 0 0 0 0 0 0 1 0 0 0 0 0 0 2 2 0 2 0 0 2 0 1 0 0 1 0 0 0 0 0 0 1 0 0 0 1 0 0 0 0 0 1 0 0 1 1 0 0 0 0 1 0 0 0 1 0
geno chr9.100982 fin  1 0 1 1 0 2 1 1 1 0 2 1 1 1 1 0 1 1 0 1 0 2 2 1 2 2 1 1 0 1 0 0 2 1 0 2 0 0 0 0 0 1 1 0 0 2 1 1 1 1 1 0 2 2 2 0 0 2 0 1 0 0 1 0 0 0 0 1 0 0 0 0 0 1 0 0 0 1 0 0 0 0 0 0 0 1 1 1 0
geno chr9.100982 gbr  0 0 0 0 0 1 1 1 2 1 0 2 2 0 0 1 0 2 1 0 2 0 2 1 1 0 0 1 0 1 0 0 0 0 0 0 0 0 0 0 2 0 0 0 0 0 1 2 0 0 0 1 2 0 0 0 0 0 0 0 0 1 0 1 0 1 0 0 0 2 0 0 0 0 0 0 0 0 2 1 0 2 1 0
geno chr9.100982 tsi  2 0 0 0 1 0 0 1 2 0 2 0 2 0 1 0 0 1 2 0 0 2 0 1 0 0 2 0 0 0 0 0 0 0 0 0 0 0 0 0 1 0 1 0 0 0 1 1 0 2 0 0 0 0 0 1 0 1 0 0 0 0 0 0 0 1 0 2 1 2 0 0 0 0 0 0 2 1 0 2 0 0 0 0 0 0 2 0 0 2 0 0
geno chr9.100982 yri  1 2 1 1 0 0 1 1 0 1 0 0 1 0 0 2 0 0 0 1 2 0 0 1 0 1 1 0 0 0 0 0 0 0 1 0 0 0 0 0 0 0 0 0 0 0 1 2 1 0 0 0 0 0 0 0 0 1 0 0 1 2 0 0 0 0 0 1 0 0 0 1 1 1 2 0 1
geno chr9.100998 ceu  1 0 0 0 0 0 0 1 2 1 0 0 0 0 2 1 0 0 1 0 2 1 0 0 0 0 0 0 1 0 0 0 0 0 1 1 2 0 1 0 0 2 0 1 0 0 1 0 0 0 0 0 2 1 0 0 0 1 0 0 0 0 0 1 0 0 1 1 0 0 0 0 1 0 0 0 1 0
geno chr9.100998 fin  1 0 1 1 0 2 1 1 1 0 2 0 1 1 1 0 1 2 0 1 0 2 2 1 2 2 1 1 0 1 0 1 2 1 0 2 0 0 0 0 0 1 1 0 0 2 1 1 1 1 1 0 2 2 2 0 0 2 0 1 0 0 1 0 0 0 0 1 0 0 0 0 0 1 0 0 0 1 0 0 0 0 0 0 0 1 1 1 0
geno chr9.100998 gbr  0 0 0 0 0 1 1 1 1 1 0 1 2 0 0 0 1 2 0 0 2 0 2 1 1 0 0 1 0 1 0 0 0 0 0 0 1 0 1 0 2 0 0 0 0 0 1 2 0 0 0 1 2 0 0 0 0 0 0 0 0 1 0 1 0 1 0 0 0 2 0 0 0 0 0 0 0 0 2 1 0 2 1 0
geno chr9.100998 tsi  2 0 0 0 0 0 0 1 2 0 2 0 2 0 1 0 0 1 1 0 0 2 0 1 0 0 2 0 0 0 0 0 0 0 0 0 0 0 0 0 1 0 1 0 0 0 1 1 0 2 0 0 0 0 0 1 0 1 1 0 0 0 0 0 0 1 1 2 1 2 0 0 0 0 0 0 2 1 0 2 0 0 0 0 0 0 1 0 0 2 0 0
geno chr9.100998 yri  1 2 2 2 2 1 2 2 2 1 0 1 2 0 0 2 1 0 2 1 2 2 1 2 1 1 1 2 1 0 1 1 1 0 2 0 0 1 2 2 1 2 1 0 1 0 2 2 1 0 2 0 1 0 0 0 2 2 1 0 2 2 0 0 2 2 0 2 1 0 0 2 2 2 2 0 2
geno chr9.101026 ceu  0 0 0 0 0 0 0 0 0 0 0 0 0 0 0 0 0 0 0 0 0 0 0 0 0 0 0 0 0 0 0 0 0 0 0 0 0 0 0 0 0 0 0 0 0 0 0 0 0 0 0 0 0 0 0 0 0 0 0 0 0 0 0 0 0 0 0 0 0 0 0 0 0 0 0 0 0 0
geno chr9.101026 fin  0 0 0 0 0 0 0 0 0 0 0 0 0 0 0 0 0 0 0 0 0 0 0 0 0 0 0 0 0 0 0 0 0 0 0 0 0 0 0 0 0 0 0 0 0 0 0 0 0 0 0 0 0 0 0 0 0 0 1 0 0 0 0 0 1 0 1 0 1 0 0 1 1 0 1 1 0 0 0 0 0 0 1 0 1 1 1 1 1
geno chr9.101026 gbr  1 0 0 1 1 0 0 0 1 0 1 0 0 0 0 0 0 0 0 1 0 0 0 0 0 0 0 0 1 0 0 1 1 0 0 0 0 0 0 0 0 0 0 0 0 0 0 0 0 0 0 0 0 0 0 0 1 0 1 0 0 0 0 0 0 0 0 0 0 0 0 0 1 0 0 0 0 0 0 0 0 0 0 0
geno chr9.101026 tsi  0 0 0 0 0 0 0 0 0 0 0 0 0 0 0 0 0 0 0 0 0 0 1 0 0 0 0 0 0 0 0 0 0 0 0 0 0 0 0 0 0 0 0 0 0 0 0 0 0 0 0 0 0 0 0 0 0 0 0 0 0 0 0 0 0 0 0 0 0 0 0 0 0 0 0 0 0 0 0 0 0 0 0 0 0 0 0 0 0 0 0 0
geno chr9.101026 yri  0 0 0 0 0 0 0 0 0 0 0 0 0 0 0 0 0 0 0 0 0 0 0 0 0 0 0 1 0 0 0 1 0 0 0 0 0 0 0 0 0 0 0 0 0 0 0 0 0 1 0 1 0 0 0 0 0 0 0 0 0 0 0 0 0 0 0 1 0 0 0 0 0 0 0 0 0
geno chr9.101183 ceu  0 0 0 0 0 0 0 0 0 0 0 0 0 0 0 0 0 1 0 0 0 0 0 0 0 0 1 0 0 0 0 0 0 1 0 0 0 0 1 1 0 0 0 0 0 0 0 0 1 0 0 1 0 0 0 0 0 0 0 0 0 0 0 0 0 0 0 0 0 0 0 0 0 1 0 0 0 0
geno chr9.101183 fin  0 0 0 1 2 0 0 0 0 0 0 0 0 0 0 0 0 0 0 0 0 0 0 2 0 0 2 0 0 0 0 0 0 0 0 1 0 0 0 0 0 0 0 0 1 0 0 0 0 0 1 0 0 0 1 0 0 0 0 1 1 1 0 0 0 0 0 0 0 0 0 0 0 0 1 0 0 0 0 0 0 0 0 0 0 0 0 0 0
geno chr9.101183 gbr  0 1 0 0 0 0 0 1 0 0 0 0 0 0 0 0 0 0 0 0 0 0 1 1 0 0 0 0 0 1 0 0 0 0 0 0 0 0 0 0 0 1 0 0 0 0 0 0 0 0 1 0 0 0 0 0 0 0 0 0 0 0 0 0 0 0 0 0 0 1 0 0 0 0 0 1 0 0 0 1 0 0 0 0
geno chr9.101183 tsi  0 1 0 1 0 0 0 0 0 0 0 0 0 0 0 0 2 0 0 0 0 0 0 0 0 0 1 0 1 0 0 0 0 0 0 0 0 1 0 0 1 0 0 1 0 0 0 0 1 0 0 0 0 0 0 0 0 0 0 1 0 0 0 1 0 1 0 0 0 0 1 1 1 0 0 0 0 1 1 0 0 0 0 1 0 0 0 1 0 0 0 0
geno chr9.101183 yri  0 0 0 0 0 0 0 0 0 0 0 0 0 0 0 0 0 0 0 0 0 0 0 0 0 0 0 0 0 0 0 0 0 0 0 0 0 0 0 0 0 0 0 0 0 0 0 0 0 0 0 0 0 0 0 0 0 0 0 0 0 0 0 0 0 0 0 0 0 0 0 0 0 0 0 0 0
geno chr9.101367 ceu  1 0 0 0 1 0 1 1 1 1 2 1 0 0 2 2 1 0 1 1 2 0 0 1 0 0 1 0 0 1 0 1 0 1 1 0 1 1 1 0 0 0 0 1 0 1 1 1 0 0 0 1 1 0 0 2 0 1 0 0 1 1 0 1 0 0 1 1 1 1 0 0 0 0 0 0 1 0
geno chr9.101367 fin  0 0 1 1 2 1 1 0 1 0 2 0 1 1 1 0 1 2 0 1 0 0 1 1 2 0 1 0 0 1 0 0 2 2 1 2 0 0 0 0 0 1 0 1 0 2 1 1 1 1 1 1 2 2 2 1 0 2 0 1 1 0 1 0 1 0 0 0 0 0 0 0 1 1 0 0 0 2 0 0 1 1 1 0 0 0 1 1 1
geno chr9.101367 gbr  0 0 0 0 1 1 0 0 0 2 0 1 0 0 1 1 0 2 1 1 1 1 2 1 0 0 0 2 0 1 0 1 1 0 0 1 1 0 2 0 0 0 0 1 0 0 1 0 1 0 1 0 1 0 0 1 0 0 0 0 0 1 0 1 0 1 0 0 0 2 1 0 0 0 0 1 0 1 1 1 1 2 1 0
geno chr9.101367 tsi  1 0 0 1 1 1 1 2 2 1 2 0 2 0 1 2 1 0 1 0 0 2 1 0 0 0 1 0 2 0 1 1 1 1 1 1 1 0 0 1 0 0 1 0 1 1 1 1 1 0 0 1 2 0 0 1 1 1 1 1 1 0 0 0 1 0 1 2 1 0 1 0 0 1 1 0 2 1 0 1 1 0 0 0 1 0 1 0 0 0 1 0
geno chr9.101367 yri  0 1 1 0 0 0 0 0 0 0 0 0 1 0 1 1 0 0 0 1 1 0 0 2 1 0 0 0 1 0 0 0 0 1 2 0 0 1 0 0 0 0 1 0 0 1 1 2 1 0 0 0 0 0 1 0 0 1 0 0 1 1 0 0 0 0 0 0 0 1 0 0 1 1 1 0 0
geno chr9.101857 ceu  1 0 0 1 1 0 1 1 2 2 1 1 0 0 2 2 1 0 1 1 2 0 0 2 0 0 1 0 1 0 0 1 0 1 1 1 1 0 2 0 0 2 0 1 0 1 2 1 0 0 1 0 1 1 1 2 0 2 0 0 1 2 1 1 0 0 1 1 1 1 0 0 1 0 0 0 1 1
geno chr9.101857 fin  1 0 1 1 0 1 1 0 1 0 2 0 1 1 1 0 1 2 0 1 0 1 1 1 2 1 1 0 0 1 0 0 2 2 0 2 0 0 0 0 0 1 0 1 0 1 1 1 1 1 1 1 2 2 2 1 0 2 0 1 0 0 1 0 1 1 1 0 1 0 0 0 1 1 0 0 1 1 0 0 0 1 2 0 0 0 1 1 1
geno chr9.101857 gbr  1 0 1 0 0 1 0 0 2 1 0 1 0 0 1 1 0 2 1 1 1 1 2 1 0 0 0 2 0 1 0 1 1 0 0 1 1 0 2 1 0 0 0 0 0 0 1 0 1 1 1 0 2 1 0 1 1 0 0 0 1 1 0 2 0 1 1 0 0 2 1 0 0 0 0 0 0 1 1 1 1 2 1 1
geno chr9.101857 tsi  1 1 0 2 2 2 1 2 2 1 2 2 2 1 1 2 0 1 2 1 0 2 1 0 0 0 1 1 1 1 0 2 1 2 1 1 2 0 0 1 1 2 0 0 1 1 1 1 1 0 1 1 2 1 0 1 1 0 1 1 1 0 0 0 1 0 1 0 0 0 1 0 0 1 1 0 2 1 0 2 1 2 0 0 1 1 1 1 0 1 1 0
geno chr9.101857 yri  0 0 0 0 0 1 0 1 0 1 0 0 0 0 0 0 0 0 0 1 0 0 0 0 0 1 0 0 1 1 0 0 0 0 2 0 0 0 0 0 0 0 0 0 1 1 0 0 2 1 0 0 0 0 2 0 0 0 0 0 0 1 1 0 0 0 0 1 0 1 0 0 0 0 0 0 0
geno chr9.102645 ceu  1 0 0 1 0 0 1 1 2 2 0 1 0 0 2 2 1 0 1 1 2 0 0 2 0 0 0 0 1 0 0 1 0 1 1 2 2 1 2 0 0 2 1 1 0 1 2 1 0 0 1 0 2 1 1 2 0 2 0 0 1 2 0 1 0 0 1 1 0 0 0 0 2 0 0 0 1 1
geno chr9.102645 fin  1 0 2 0 0 2 1 0 1 0 2 0 1 1 1 0 1 2 0 1 0 1 2 0 2 1 0 0 0 1 0 0 2 2 0 2 0 0 0 0 0 1 0 0 0 2 1 1 1 1 1 1 2 2 2 1 0 2 0 1 0 0 1 0 0 1 1 0 1 0 0 0 1 1 1 1 1 2 0 1 0 1 2 0 1 0 1 1 1
geno chr9.102645 gbr  1 1 1 0 0 1 2 0 2 2 0 2 2 0 1 0 0 2 1 1 2 1 2 1 1 0 0 1 0 1 0 1 1 0 0 0 1 0 2 1 2 0 0 0 1 0 1 1 1 1 1 2 2 1 0 1 0 0 0 0 1 1 0 2 0 1 1 0 0 2 1 0 1 0 0 0 0 1 2 1 0 2 1 1
geno chr9.102645 tsi  2 0 0 2 2 2 0 2 2 1 2 2 2 0 1 2 0 2 2 1 0 2 0 0 0 0 2 1 0 1 0 2 1 2 0 1 2 0 0 1 0 2 1 1 1 1 0 1 1 2 1 0 2 1 0 1 1 1 1 0 1 0 0 0 1 1 1 2 1 2 1 1 0 0 0 0 2 1 0 2 1 2 0 0 1 1 2 0 0 2 0 0
geno chr9.102645 yri  2 1 2 2 0 1 2 1 1 2 0 0 1 0 0 2 1 0 0 2 2 1 0 2 2 1 1 1 2 1 1 2 0 1 2 0 0 2 1 2 0 1 1 1 1 0 2 2 2 1 2 1 1 0 2 1 2 2 1 0 2 2 1 0 0 1 0 2 1 1 0 2 1 2 2 2 2
geno chr9.102672 ceu  0 0 0 0 0 0 0 0 0 0 0 0 0 0 0 0 0 0 0 0 0 0 0 0 0 0 0 0 0 0 0 0 0 0 0 1 1 1 0 0 1 0 1 0 0 0 0 0 0 0 0 0 0 0 0 0 0 0 0 0 0 0 0 0 0 0 0 0 0 0 1 0 1 0 0 0 0 0
geno chr9.102672 fin  0 0 0 0 0 1 0 0 0 0 0 0 0 0 0 0 0 0 0 0 0 0 1 0 0 1 0 0 0 0 0 0 0 0 0 0 0 0 0 0 0 0 0 0 0 1 0 0 0 0 0 0 0 0 0 0 0 0 0 0 0 0 0 0 0 0 1 0 0 0 0 0 0 0 0 1 0 1 0 1 0 0 0 0 1 1 0 0 0
geno chr9.102672 gbr  0 0 0 0 0 0 1 0 1 0 0 1 2 0 0 0 0 0 0 0 1 0 0 0 1 0 0 0 0 0 0 0 0 0 0 0 0 0 0 0 2 0 0 0 1 0 0 1 0 0 0 1 1 0 0 0 0 0 0 0 0 0 0 0 0 0 0 0 0 0 0 0 0 0 0 0 0 0 1 0 0 0 0 0
geno chr9.102672 tsi  1 0 0 0 1 0 0 0 0 0 0 1 1 0 1 0 0 0 0 0 0 0 0 0 0 0 1 0 0 0 0 0 0 0 0 0 0 0 0 0 0 0 1 1 0 0 0 0 0 2 0 0 0 0 0 0 0 1 0 0 0 0 0 0 0 1 0 2 0 2 0 1 0 0 0 0 0 0 0 0 0 1 0 0 0 0 1 0 0 1 0 0
geno chr9.102672 yri  1 1 2 1 0 0 2 0 1 0 0 0 1 0 0 2 0 0 0 0 2 0 0 2 2 0 2 1 0 0 1 2 0 1 0 0 0 1 0 1 0 0 1 1 0 0 1 2 0 0 2 1 1 0 0 1 1 2 1 0 2 0 0 0 0 1 0 1 2 0 0 2 1 2 2 1 1
geno chr9.102702 ceu  0 0 0 0 0 0 0 0 0 0 0 0 0 0 0 0 0 0 0 0 0 0 0 0 0 0 0 0 0 0 0 0 0 0 0 1 0 0 0 0 0 0 0 0 0 0 1 0 0 0 0 0 0 0 0 0 0 0 0 0 0 1 1 0 0 0 0 0 0 0 0 0 0 0 0 0 0 0
geno chr9.102702 fin  1 0 1 0 0 0 0 0 0 0 0 0 0 0 0 0 0 0 0 0 0 1 0 0 0 0 0 0 0 0 0 0 0 0 0 0 0 0 0 0 0 0 0 0 0 0 0 0 0 0 0 0 0 0 0 1 0 0 0 0 0 0 0 0 0 0 0 0 1 0 0 1 0 0 0 0 0 0 0 0 0 0 1 0 0 0 0 0 0
geno chr9.102702 gbr  1 0 0 0 0 0 0 0 0 0 0 0 0 0 0 0 0 0 0 0 0 0 0 0 0 0 0 0 0 0 0 0 0 0 0 0 0 0 0 0 0 0 0 0 0 0 0 0 0 0 1 1 0 0 0 0 1 0 0 0 1 0 0 1 0 0 1 0 0 0 0 0 0 0 0 0 0 0 0 0 0 0 0 1
geno chr9.102702 tsi  0 0 0 0 0 1 0 0 0 0 0 1 0 1 0 0 0 1 0 1 0 0 0 0 0 0 0 0 0 1 0 1 0 0 0 0 0 0 0 0 0 1 0 0 0 0 0 0 0 0 0 0 0 1 0 0 0 0 0 0 0 0 0 0 0 0 0 0 0 0 0 0 0 0 0 0 0 0 0 0 0 1 0 0 0 1 0 0 0 1 0 0
geno chr9.102702 yri  0 0 0 0 0 0 0 0 0 0 0 0 0 0 0 0 0 0 0 0 0 0 0 0 0 0 0 0 0 0 0 0 0 0 0 0 0 0 0 0 0 0 0 0 0 0 0 0 0 0 0 0 0 0 0 0 0 0 0 0 0 0 0 0 0 0 0 0 0 0 0 0 0 0 0 0 0
geno chr9.102831 ceu  0 0 0 0 0 0 0 0 0 0 0 0 0 0 0 0 0 0 0 0 0 0 0 0 0 0 0 0 0 0 0 0 0 0 0 0 0 0 0 0 0 0 0 0 0 0 0 0 0 0 0 0 0 0 0 0 0 0 0 0 0 0 0 0 0 0 0 0 0 0 0 0 0 0 0 0 0 0
geno chr9.102831 fin  0 0 0 0 0 0 0 0 0 0 0 0 0 0 0 0 0 0 0 0 0 0 0 0 0 0 0 0 0 0 0 0 0 0 0 0 0 0 0 0 0 0 0 0 0 0 0 0 0 0 0 0 0 0 0 0 0 0 0 0 0 0 0 0 0 0 0 0 0 0 0 0 0 0 0 0 0 0 0 0 0 0 0 0 0 0 0 0 0
geno chr9.102831 gbr  0 0 0 0 0 0 0 0 0 0 0 0 0 0 0 0 0 0 0 0 0 0 0 0 0 0 1 0 0 0 0 0 0 0 0 0 0 0 0 0 0 0 0 0 0 0 0 0 0 0 0 0 0 0 0 0 0 0 0 0 0 0 0 0 0 0 0 0 0 0 0 0 0 0 0 0 0 0 0 0 0 0 0 0
geno chr9.102831 tsi  0 0 0 0 0 0 0 0 0 0 0 0 0 0 0 0 0 0 0 0 0 0 0 0 0 0 0 0 0 0 0 0 0 0 0 0 0 0 0 0 0 0 0 0 0 0 0 0 0 0 0 0 0 0 0 0 0 0 0 0 0 0 0 0 0 0 0 0 0 0 0 0 0 0 0 0 0 0 0 0 0 0 0 0 0 0 0 0 0 0 0 0
geno chr9.102831 yri  2 0 0 1 2 1 0 0 0 0 0 0 0 0 0 0 0 0 0 0 1 1 1 0 1 0 1 0 1 0 1 1 0 0 0 1 0 0 2 0 1 1 0 0 0 0 0 0 0 1 0 0 1 0 0 0 0 1 0 0 1 2 0 0 1 1 0 0 0 0 1 1 1 1 0 0 1
geno chr9.103234 ceu  0 0 0 0 0 0 0 0 0 0 0 0 0 0 0 0 0 0 0 0 0 0 0 0 0 0 0 0 0 0 0 0 0 0 0 1 2 1 0 0 1 1 1 0 1 0 0 0 0 1 0 0 1 0 0 0 0 0 0 0 0 0 0 0 0 0 0 0 0 0 1 1 1 0 1 0 0 0
geno chr9.103234 fin  0 0 0 0 0 1 0 1 0 0 0 0 0 0 0 0 0 0 0 0 0 0 1 0 0 2 0 1 0 0 0 1 0 0 0 0 0 0 0 0 0 0 0 0 0 1 0 0 0 0 0 0 0 0 0 0 0 0 0 0 0 0 0 0 0 0 0 0 0 0 0 0 0 0 0 1 0 0 0 0 0 0 0 1 1 0 0 0 0
geno chr9.103234 gbr  0 0 0 0 0 0 1 1 1 1 0 2 2 0 0 0 1 0 0 0 1 0 0 0 1 0 0 0 0 0 0 0 0 0 0 0 0 0 0 0 2 0 0 0 0 1 0 1 0 0 0 1 1 0 0 0 0 0 0 0 0 0 0 0 0 0 0 0 0 0 0 1 0 0 0 0 0 0 1 0 0 0 0 0
geno chr9.103234 tsi  1 0 0 0 0 0 0 0 1 0 0 1 1 0 2 0 0 1 0 0 0 0 0 0 0 0 1 0 0 0 0 0 0 0 0 0 0 0 0 0 0 0 1 1 0 0 0 0 0 2 0 0 0 0 0 0 0 1 0 0 0 0 1 0 0 1 0 1 0 2 0 1 0 0 0 0 0 0 0 0 0 0 1 0 0 0 1 0 0 1 0 0
geno chr9.103234 yri  1 0 2 0 2 1 1 0 1 0 0 0 2 0 1 2 0 0 0 1 2 2 0 2 1 0 2 0 0 0 0 1 0 1 0 2 0 1 2 2 1 1 1 0 1 0 2 2 0 0 2 0 1 0 0 1 0 2 0 0 2 1 0 0 1 2 0 1 0 0 1 2 2 2 2 1 2
geno chr9.103245 ceu  0 0 0 0 0 0 0 0 0 0 0 0 0 0 0 0 0 0 0 0 0 0 0 0 0 0 0 0 0 0 0 0 0 0 0 0 0 0 0 0 0 0 0 0 0 0 0 0 0 0 0 0 0 0 0 0 0 0 0 0 0 0 0 0 0 0 0 0 0 0 0 0 0 0 0 0 0 0
geno chr9.103245 fin  0 0 0 0 0 0 0 0 0 0 0 0 0 0 0 0 0 0 0 0 0 0 0 0 0 0 0 0 0 0 0 0 0 0 0 0 0 0 0 0 0 0 0 0 0 0 0 0 0 0 0 1 0 0 0 0 0 0 1 0 0 0 0 0 1 0 0 0 1 0 1 1 1 0 0 1 0 0 0 0 0 0 0 0 0 0 1 0 1
geno chr9.103245 gbr  1 1 0 1 1 0 1 0 0 1 0 0 0 0 0 0 0 0 0 1 0 0 0 0 0 0 0 0 1 0 0 1 0 0 0 0 0 0 0 0 0 0 0 0 0 0 0 0 0 0 0 0 0 0 0 0 1 0 0 0 0 0 0 0 0 0 0 0 0 0 0 0 0 0 0 0 0 0 0 0 0 0 0 0
geno chr9.103245 tsi  0 0 0 0 0 0 0 0 0 0 0 0 0 0 0 0 0 0 0 0 0 0 0 0 0 0 0 0 0 0 0 0 0 0 0 0 0 0 0 0 0 0 0 0 0 0 0 0 0 0 0 0 0 0 0 0 0 0 0 0 0 0 0 0 0 0 0 0 0 0 0 0 0 0 0 0 0 0 0 0 0 0 0 0 0 0 0 0 0 0 0 0
geno chr9.103245 yri  0 0 0 0 0 0 0 0 0 0 0 0 0 0 0 0 0 0 0 0 0 0 1 0 0 0 0 0 0 0 1 1 0 0 0 0 0 0 0 0 0 1 0 1 0 0 0 0 0 0 0 0 1 0 0 0 0 0 0 0 0 0 0 0 0 0 0 0 1 0 0 0 0 0 0 0 0
geno chr9.105056 ceu  1 0 0 1 1 0 1 1 2 2 1 0 0 0 2 1 1 0 1 1 2 0 0 2 0 0 1 0 2 1 0 1 0 0 1 1 1 1 1 1 1 2 1 1 1 1 1 1 0 1 1 0 2 1 1 2 0 2 0 0 1 1 0 1 0 0 1 1 1 1 1 1 2 0 1 0 1 1
geno chr9.105056 fin  0 0 1 1 0 2 1 1 1 0 2 0 1 1 1 0 1 2 1 1 0 0 2 1 2 2 1 1 0 1 0 1 2 2 0 2 0 0 1 0 0 1 0 1 0 2 1 1 1 1 1 1 2 1 1 0 0 2 0 1 0 0 1 0 1 0 1 1 0 0 0 0 1 1 1 2 1 2 0 1 0 1 1 1 1 0 2 1 0
geno chr9.105056 gbr  0 0 1 0 0 1 1 1 2 1 1 2 2 0 1 1 1 2 1 1 2 0 2 1 1 0 0 2 0 1 0 1 1 0 0 0 1 0 2 1 2 0 0 1 1 1 1 1 1 1 0 1 1 1 0 1 0 0 0 0 0 1 0 1 0 1 0 0 0 2 1 1 0 0 1 0 0 1 2 1 0 2 1 0
geno chr9.105056 tsi  2 1 1 2 2 1 1 2 1 1 1 1 2 0 1 2 0 1 2 0 0 1 1 0 0 0 2 1 1 0 1 1 1 2 1 1 2 0 0 1 0 1 2 1 1 1 1 1 1 2 1 1 2 0 0 1 1 1 1 1 0 0 1 0 1 1 1 2 1 2 1 1 0 0 1 0 2 1 0 2 0 1 1 0 1 0 2 0 0 1 1 0
geno chr9.105056 yri  0 0 0 1 0 1 1 0 1 2 0 0 0 1 1 0 0 0 0 0 1 0 0 0 0 0 0 0 2 0 0 1 0 1 2 0 0 0 0 0 0 0 0 1 1 1 0 2 1 1 0 0 1 0 0 0 1 0 1 0 0 1 1 0 0 1 0 0 0 1 0 0 0 0 1 2 0
geno chr9.105210 ceu  0 0 0 0 0 0 0 0 0 0 0 0 0 0 0 0 0 0 0 0 0 0 0 0 0 0 0 0 0 0 0 0 0 0 0 1 0 0 0 0 0 0 0 0 0 0 1 0 0 0 0 0 0 0 0 0 0 0 0 0 0 1 1 0 0 0 0 0 0 0 0 0 0 0 0 0 0 0
geno chr9.105210 fin  0 0 1 0 0 0 0 0 0 0 0 0 0 0 0 0 0 0 0 0 0 0 0 0 0 0 0 0 0 0 0 0 0 0 0 0 0 0 0 0 0 0 0 0 0 0 0 0 0 0 0 0 0 0 0 1 0 0 1 0 0 0 0 0 0 0 0 0 1 0 0 0 0 0 0 0 0 0 0 0 0 0 1 0 0 0 0 0 0
geno chr9.105210 gbr  1 0 0 0 0 0 0 0 0 0 0 0 0 0 0 0 0 0 0 0 0 0 0 0 0 0 0 0 1 0 0 0 0 0 0 0 0 0 0 0 0 0 0 0 0 0 0 0 0 0 0 1 0 0 0 0 1 0 0 0 1 0 0 0 0 0 0 0 0 0 0 0 0 1 0 0 0 0 0 0 0 0 0 1
geno chr9.105210 tsi  0 0 0 0 0 1 0 0 0 0 0 1 0 1 0 0 0 1 0 1 0 0 0 0 0 0 0 0 0 1 0 0 0 0 0 0 0 0 0 0 0 1 0 0 0 0 0 0 0 0 0 0 0 1 0 0 0 0 0 0 0 0 0 0 0 0 0 0 0 0 0 0 0 0 0 0 0 0 0 0 0 1 0 0 0 1 0 0 0 1 0 0
geno chr9.105210 yri  0 1 0 0 0 0 0 0 0 0 0 0 0 0 0 0 0 0 0 0 0 0 0 0 0 0 0 0 0 0 0 0 0 0 0 0 0 0 0 0 0 0 0 0 0 0 0 0 0 0 0 0 0 0 0 0 0 0 0 0 0 0 0 0 0 0 0 0 0 0 0 0 0 0 0 0 0
geno chr9.105708 ceu  1 0 0 1 1 0 1 1 2 2 1 0 0 0 2 2 1 0 1 1 2 0 0 2 0 0 1 0 2 1 0 1 0 0 1 1 1 1 2 1 1 2 1 1 1 1 1 1 0 1 1 0 2 1 1 2 0 2 0 0 1 1 0 1 0 0 1 1 1 1 1 1 2 0 1 0 1 1
geno chr9.105708 fin  0 0 1 1 0 2 1 1 1 0 2 0 1 1 1 0 1 2 1 1 0 0 2 0 2 2 1 1 0 1 0 1 2 2 0 2 0 0 1 0 0 1 0 1 0 2 1 1 1 1 1 1 2 2 2 0 0 2 0 1 0 0 1 0 1 0 1 1 0 0 0 0 1 1 1 2 1 2 0 1 0 1 1 1 1 0 2 1 1
geno chr9.105708 gbr  0 0 1 0 0 1 1 1 2 1 1 2 2 0 1 1 1 2 1 1 2 1 2 1 1 0 0 2 0 1 0 1 1 0 0 0 1 0 2 1 2 0 0 1 1 1 1 1 1 1 0 1 2 1 0 1 0 0 0 0 0 1 0 1 0 1 0 0 0 1 1 1 0 0 1 0 0 1 2 1 1 2 1 0
geno chr9.105708 tsi  2 1 1 2 2 1 1 2 1 1 1 1 2 0 2 2 0 1 2 0 0 2 1 0 0 0 1 1 1 0 1 1 1 2 1 1 2 0 0 1 0 1 2 1 1 1 1 1 1 2 1 1 2 0 0 1 1 1 1 1 1 0 1 0 1 1 1 2 1 2 1 1 0 0 1 0 2 1 0 2 0 1 1 0 1 0 2 1 0 1 1 0
geno chr9.105708 yri  0 1 1 0 2 2 1 2 1 2 1 0 0 1 1 0 0 1 1 1 1 2 0 0 0 1 1 0 1 1 0 1 1 1 1 1 0 0 1 2 1 1 0 1 2 1 1 2 2 2 2 0 1 0 1 2 1 1 0 0 1 0 1 0 1 2 1 2 0 1 1 1 1 1 1 2 1
geno chr9.105769 ceu  0 0 0 0 0 0 0 0 0 0 0 0 0 0 0 0 0 0 0 0 0 0 0 0 0 0 0 0 0 0 0 0 0 0 0 1 0 0 0 0 0 0 0 0 0 0 1 0 0 0 0 0 0 0 0 0 0 0 0 0 0 1 1 0 0 0 0 0 0 0 0 0 0 0 0 0 0 0
geno chr9.105769 fin  0 0 1 0 0 0 0 0 0 0 0 0 0 0 0 0 0 0 0 0 0 0 0 0 0 0 0 0 0 0 0 0 0 0 0 0 0 0 0 0 0 0 0 0 0 0 0 0 0 0 0 0 0 0 0 1 0 0 0 0 0 0 0 0 0 0 0 0 1 0 0 0 0 0 0 0 0 0 0 0 0 0 1 0 0 0 0 0 0
geno chr9.105769 gbr  1 0 0 0 0 0 0 0 0 0 0 0 0 0 0 0 0 0 0 0 0 0 0 0 0 0 0 0 0 0 0 0 0 0 0 0 0 0 0 0 0 0 0 0 0 0 0 0 0 0 0 1 0 0 0 0 1 0 0 0 1 0 0 0 0 0 0 0 0 0 0 0 0 0 0 0 0 0 0 0 0 0 0 1
geno chr9.105769 tsi  0 0 0 0 0 1 0 0 0 0 0 1 0 1 0 0 0 1 0 1 0 0 0 0 0 0 0 0 0 1 0 0 0 0 0 0 0 0 0 0 1 1 0 0 0 0 0 0 0 0 0 0 0 1 0 0 0 0 0 0 0 0 0 0 0 0 0 0 0 0 0 0 0 0 0 0 0 0 0 0 0 1 0 0 0 1 0 0 0 1 0 0
geno chr9.105769 yri  0 1 0 0 0 0 0 1 0 0 1 0 0 0 0 0 0 0 0 0 0 0 0 0 0 1 0 0 0 1 0 0 0 0 0 1 0 0 0 0 0 0 0 0 0 0 0 0 1 0 0 0 1 0 1 1 0 0 0 0 0 0 0 0 0 0 1 1 0 0 0 0 0 0 0 0 0
geno chr9.105772 ceu  0 0 0 0 0 0 0 0 0 0 0 0 0 0 0 0 0 0 0 0 0 0 0 0 0 0 0 0 0 0 0 0 0 0 0 1 0 0 0 0 0 0 0 0 0 0 1 0 0 0 0 0 0 0 0 0 0 0 0 0 0 1 1 0 0 0 0 0 0 0 0 0 0 0 0 0 0 0
geno chr9.105772 fin  0 0 1 0 0 0 0 0 0 0 0 0 0 0 0 0 0 0 0 0 0 0 0 0 0 0 0 0 0 0 0 0 0 0 0 0 0 0 0 0 0 0 0 0 0 0 0 0 0 0 0 0 0 0 0 1 0 0 0 0 0 0 0 0 0 0 0 0 1 0 0 0 0 0 0 0 0 0 0 0 0 0 1 0 0 0 0 0 0
geno chr9.105772 gbr  1 0 0 0 0 0 0 0 0 0 0 0 0 0 0 0 0 0 0 0 0 0 0 0 0 0 0 0 0 0 0 0 0 0 0 0 0 0 0 0 0 0 0 0 0 0 0 0 0 0 0 1 0 0 0 0 1 0 0 0 1 0 0 0 0 0 0 0 0 0 0 0 0 0 0 0 0 0 0 0 0 0 0 1
geno chr9.105772 tsi  0 0 0 0 0 1 0 0 0 0 0 1 0 1 0 0 0 1 0 1 0 0 0 0 0 0 0 0 0 1 0 0 0 0 0 0 0 0 0 0 1 1 0 0 0 0 0 0 0 0 0 0 0 1 0 0 0 0 0 0 0 0 0 0 0 0 0 0 0 0 0 0 0 0 0 0 0 0 0 0 0 1 0 0 0 1 0 0 0 1 0 0
geno chr9.105772 yri  0 1 0 0 0 0 0 1 0 0 1 0 0 0 0 0 0 0 0 0 0 0 0 0 0 1 0 0 0 1 0 0 0 0 0 1 0 0 0 0 0 0 0 0 0 0 0 0 1 0 0 0 1 0 1 1 0 0 0 0 0 0 0 0 0 0 1 1 0 0 0 0 0 0 0 0 0
geno chr9.105794 ceu  1 0 0 1 1 0 1 1 2 1 1 0 0 0 2 2 1 0 1 1 2 0 0 2 0 0 1 0 1 0 0 1 0 0 1 0 0 1 2 0 0 1 0 1 0 1 1 1 0 0 1 0 1 1 1 2 0 2 0 0 1 1 0 1 0 0 1 1 1 1 0 0 1 0 0 0 1 1
geno chr9.105794 fin  0 0 1 1 0 1 1 0 1 0 2 0 1 1 1 0 1 2 1 1 0 0 1 1 2 0 1 0 0 1 0 0 2 2 0 2 0 0 1 0 0 1 0 1 0 1 1 1 1 1 1 1 2 2 2 0 0 2 0 1 0 0 1 0 1 0 1 1 0 0 0 0 1 1 1 0 1 1 0 0 0 1 1 0 0 0 2 1 1
geno chr9.105794 gbr  0 0 1 0 0 1 0 0 1 1 1 1 0 0 1 1 0 2 1 1 0 1 2 1 0 0 0 2 0 1 0 1 1 0 0 0 1 0 1 1 0 0 0 1 0 0 1 0 1 1 0 0 0 1 0 1 0 0 0 0 0 1 0 1 0 1 0 0 0 2 1 0 0 0 1 0 0 1 1 1 1 2 1 0
geno chr9.105794 tsi  1 1 1 2 1 1 1 2 1 1 1 0 1 0 1 2 0 0 2 0 0 2 1 0 0 0 1 1 1 0 0 1 1 1 0 1 1 0 0 1 0 0 0 0 1 1 1 1 1 0 1 1 2 0 0 1 1 0 1 1 1 0 0 0 1 0 1 0 0 0 1 0 0 0 1 0 1 1 0 2 0 0 0 0 1 0 1 1 0 0 1 0
geno chr9.105794 yri  0 0 1 0 2 2 1 1 0 2 0 0 0 1 0 0 0 1 1 0 1 2 0 0 0 0 0 0 1 0 0 0 1 0 0 0 0 0 1 0 1 1 0 1 2 1 0 0 1 1 1 0 0 0 0 1 1 1 0 0 1 0 0 0 1 1 0 1 0 1 1 1 1 1 1 1 0
geno chr9.105873 ceu  1 0 0 1 1 0 1 1 2 2 1 0 0 0 2 2 1 0 1 1 2 0 1 2 0 0 1 0 2 1 0 1 0 0 1 1 2 1 2 1 1 2 1 1 1 1 1 1 0 1 1 0 2 1 1 2 0 2 0 0 1 0 0 1 0 0 1 0 1 1 1 1 2 0 1 0 1 1
geno chr9.105873 fin  0 0 1 1 0 2 1 1 1 0 2 0 1 1 1 0 1 2 1 1 0 0 2 1 2 2 1 1 0 1 0 1 2 2 0 2 0 0 1 0 0 1 0 1 0 2 1 1 1 1 1 1 2 2 2 1 0 2 0 1 1 0 1 0 1 0 1 1 0 0 0 0 1 1 1 2 1 2 1 1 0 1 1 1 0 0 2 1 1
geno chr9.105873 gbr  0 0 1 0 0 1 1 1 2 2 1 2 2 0 1 1 1 2 1 1 1 1 2 1 1 0 1 2 0 1 0 1 1 1 0 0 1 0 2 1 2 0 0 0 1 1 1 1 1 1 0 1 2 1 0 1 0 0 0 0 0 1 0 1 0 1 0 0 0 2 1 1 0 1 1 1 0 1 2 1 0 2 1 0
geno chr9.105873 tsi  2 1 1 2 2 1 1 2 2 1 1 1 2 0 2 2 0 1 2 0 0 2 1 0 0 0 2 1 1 0 1 1 1 2 0 1 2 0 0 1 0 1 2 1 1 1 1 1 1 2 1 1 2 0 1 1 1 1 1 1 1 0 1 0 1 1 1 2 1 2 1 1 0 1 1 0 2 1 0 2 0 1 1 0 1 0 2 1 0 1 1 0
geno chr9.105873 yri  1 1 2 1 2 2 1 2 1 2 2 0 2 1 1 2 0 1 1 0 2 2 1 2 1 1 2 0 1 2 0 2 1 1 1 2 0 2 2 2 2 1 1 0 2 1 2 2 2 1 1 0 1 0 2 2 1 2 0 0 2 1 1 0 1 2 1 2 0 1 1 2 2 2 2 2 2
geno chr9.105953 ceu  0 0 0 0 0 0 0 0 0 0 0 0 0 0 0 0 0 0 0 0 0 0 0 0 0 0 0 0 0 0 0 0 0 0 0 1 0 0 0 0 0 0 0 0 0 0 1 0 0 0 0 0 0 0 0 0 0 0 0 0 0 1 1 0 0 0 0 0 0 0 0 0 0 1 0 0 0 0
geno chr9.105953 fin  0 0 1 0 0 0 0 0 0 0 0 0 0 0 0 0 0 0 0 0 0 0 0 0 0 0 0 0 0 0 0 0 0 0 0 0 0 0 0 0 0 0 0 0 0 0 0 0 0 0 0 0 0 0 0 1 0 0 0 0 0 0 0 0 0 0 0 0 1 0 0 0 0 0 0 0 0 0 0 0 0 0 1 0 0 0 0 0 0
geno chr9.105953 gbr  1 0 0 0 0 0 0 0 0 0 0 0 0 0 0 0 0 0 0 0 0 0 0 0 0 0 0 0 0 0 0 0 0 0 0 0 0 0 0 0 0 0 0 0 0 0 0 0 0 0 0 1 0 0 0 0 1 0 0 0 1 0 0 0 0 0 0 0 0 0 0 0 0 0 0 0 0 0 0 0 0 0 0 1
geno chr9.105953 tsi  0 0 0 0 0 1 0 0 0 0 0 1 0 1 0 0 0 1 0 1 0 0 0 0 0 0 0 0 0 1 0 0 0 0 0 0 0 0 0 0 1 1 0 0 0 0 0 0 0 0 0 0 0 1 0 0 0 0 0 0 0 0 0 0 0 0 0 0 0 0 0 0 0 0 0 0 0 0 0 0 0 1 0 0 0 1 0 0 0 1 0 0
geno chr9.105953 yri  0 0 1 1 2 1 0 1 1 0 1 0 0 0 0 0 0 1 1 1 0 0 0 1 0 0 1 0 0 0 0 1 0 0 0 1 0 0 0 2 0 1 1 0 0 0 1 1 0 0 2 0 1 0 0 2 0 1 0 0 1 0 0 0 1 1 1 0 0 0 1 0 1 1 0 0 0
geno chr9.106006 ceu  0 0 0 0 0 0 0 0 0 0 0 0 1 0 0 0 0 0 0 0 0 0 0 0 0 0 0 0 0 0 0 0 0 0 0 0 0 0 0 0 0 0 0 0 0 0 0 1 0 0 0 0 0 1 1 0 0 0 0 1 0 0 0 0 1 1 0 1 0 0 1 0 0 0 0 1 0 0
geno chr9.106006 fin  0 0 0 0 0 0 0 0 0 0 0 0 0 0 0 0 0 0 0 0 0 0 0 0 0 0 0 0 0 0 0 0 0 0 0 0 0 0 0 0 0 0 0 0 0 0 0 0 0 1 0 0 0 0 0 0 0 0 0 0 0 0 0 0 0 0 1 0 0 0 0 0 0 0 0 0 0 0 0 0 0 0 0 0 0 0 0 0 0
geno chr9.106006 gbr  0 0 0 0 0 0 0 0 0 0 0 0 0 0 0 0 0 0 0 0 0 0 0 0 0 0 0 0 0 0 1 0 0 0 0 0 0 0 0 1 0 0 0 1 0 0 0 1 1 0 0 0 0 0 0 0 0 0 0 0 0 0 0 0 0 0 0 0 0 0 0 0 0 0 0 0 1 0 0 0 0 0 0 0
geno chr9.106006 tsi  0 0 0 0 0 0 0 0 0 0 0 0 0 0 0 0 0 0 0 0 0 0 0 0 1 0 0 0 0 0 0 0 0 0 0 0 0 0 0 0 0 0 0 0 0 0 0 0 0 0 1 0 0 0 0 0 0 0 0 0 0 0 1 0 0 0 0 0 1 0 0 0 0 0 1 1 0 0 1 0 0 0 0 0 0 0 0 0 0 0 0 0
geno chr9.106006 yri  0 0 0 0 0 0 0 0 0 0 0 0 0 0 0 0 0 1 0 0 0 0 0 0 0 0 0 0 0 0 1 0 0 0 0 0 0 0 0 0 0 0 0 0 0 0 0 0 0 0 0 0 0 0 0 0 0 0 1 0 0 0 0 0 0 0 0 0 0 0 0 0 0 0 0 0 0
geno chr9.106014 ceu  1 0 0 1 1 0 1 1 2 2 1 1 0 0 2 1 1 0 1 1 2 0 1 2 0 1 1 0 2 1 0 1 0 0 1 2 2 1 2 1 1 2 1 1 1 1 2 1 0 1 1 0 2 1 1 2 0 2 0 0 1 2 1 1 0 0 1 0 1 1 1 1 2 0 1 0 2 1
geno chr9.106014 fin  0 0 2 1 0 2 1 1 1 0 2 0 1 1 1 0 1 2 1 1 0 0 2 1 2 2 1 1 0 1 0 1 2 2 0 2 0 0 1 0 0 1 0 1 0 2 1 1 1 1 1 1 2 2 2 1 0 2 1 1 0 0 1 0 1 0 1 1 1 0 0 0 1 1 1 2 1 2 1 1 0 1 2 1 0 0 2 1 1
geno chr9.106014 gbr  1 0 1 0 1 1 1 1 2 2 1 2 2 0 1 1 1 2 1 1 1 1 2 1 1 0 1 2 1 1 0 1 1 0 0 0 1 0 2 1 2 0 0 1 1 1 1 1 1 1 0 2 2 1 0 1 1 0 0 0 1 1 0 1 0 1 0 0 0 2 1 1 0 0 1 0 0 1 2 1 1 2 1 1
geno chr9.106014 tsi  2 1 1 2 2 2 1 2 2 1 1 2 2 1 2 2 0 2 2 1 0 2 1 0 0 0 2 1 1 1 1 1 0 2 0 1 2 0 0 1 1 2 2 1 1 1 1 1 1 2 1 1 2 1 0 1 1 1 2 1 1 0 1 0 1 1 1 2 1 2 1 1 0 0 1 0 2 1 0 2 0 2 1 0 1 1 2 1 0 2 1 0
geno chr9.106014 yri  1 1 2 1 2 2 1 2 1 2 2 0 2 1 1 2 0 2 1 1 2 2 1 2 1 1 2 0 1 2 2 2 1 1 2 2 0 2 2 2 2 2 1 0 2 2 2 2 2 2 2 1 1 0 2 2 1 2 1 0 2 1 1 0 1 2 2 2 1 1 1 2 2 2 2 2 2
geno chr9.107153 ceu  0 0 0 0 0 0 0 0 0 0 0 0 0 0 0 0 0 0 0 0 0 0 0 0 0 0 0 0 0 0 0 0 0 0 0 1 0 0 0 0 0 0 0 0 0 0 1 0 0 0 0 0 0 0 0 0 0 0 0 0 0 1 1 0 0 0 0 0 0 0 0 0 0 0 0 0 0 0
geno chr9.107153 fin  0 0 1 0 0 0 0 0 0 0 0 0 0 0 0 0 0 0 0 0 0 0 0 0 0 0 0 0 0 0 0 0 0 0 0 0 0 0 0 0 0 0 0 0 0 0 0 0 0 0 0 0 0 0 0 1 0 0 0 0 0 0 0 0 0 0 0 0 1 0 0 0 0 0 0 0 0 0 0 0 0 0 1 0 0 0 0 0 0
geno chr9.107153 gbr  1 0 0 0 0 0 0 0 0 0 0 0 0 0 0 0 0 0 0 0 0 0 0 0 0 0 0 0 0 0 0 0 0 0 0 0 0 0 0 0 0 0 0 0 0 0 0 0 0 0 0 1 0 0 0 0 1 0 0 0 1 0 0 0 0 0 0 0 0 0 0 0 0 0 0 0 0 0 0 0 0 0 0 1
geno chr9.107153 tsi  0 0 0 0 0 1 0 0 0 0 0 1 0 1 0 0 0 1 0 1 0 0 0 0 0 0 0 0 0 1 0 0 0 0 0 0 0 0 0 0 1 1 0 0 0 0 0 0 0 0 0 0 0 1 0 0 0 0 0 0 0 0 0 0 0 0 0 0 0 0 0 0 0 0 0 0 0 0 0 0 0 1 0 0 0 1 0 0 0 1 0 0
geno chr9.107153 yri  0 0 0 0 0 0 0 0 0 0 0 0 0 0 0 0 0 0 0 0 0 1 0 0 0 0 0 0 0 0 0 0 0 0 0 0 0 0 0 0 0 0 0 0 1 0 0 0 0 0 0 0 0 0 0 0 0 0 0 0 0 0 0 0 0 0 0 0 0 0 0 0 0 0 0 0 0
geno chr9.107536 ceu  1 0 1 1 1 1 2 1 2 2 1 0 1 0 2 2 1 1 2 1 2 0 1 2 1 1 1 1 2 1 0 0 1 0 1 2 1 1 2 1 1 2 1 1 1 1 2 2 1 1 2 0 2 2 2 2 1 2 0 2 2 1 1 1 2 1 1 2 2 2 2 2 2 1 1 1 1 2
geno chr9.107536 fin  1 2 2 1 0 2 1 1 2 0 2 0 1 1 1 0 2 2 1 1 0 0 2 1 2 2 1 1 0 2 0 2 2 1 2 2 1 1 1 0 0 2 0 2 1 2 1 1 2 2 1 1 2 2 2 2 2 2 0 1 1 1 2 0 0 0 2 1 1 0 0 0 1 1 1 2 1 2 0 1 1 0 2 1 1 0 2 0 1
geno chr9.107536 gbr  2 0 1 0 0 1 1 1 2 0 1 2 2 0 0 1 1 2 1 1 2 2 2 1 1 0 0 1 1 1 1 1 1 1 1 0 2 1 2 2 2 0 0 2 1 2 1 2 2 1 1 2 1 2 0 1 2 0 0 1 1 1 2 2 0 1 0 1 0 2 1 1 0 0 2 0 2 1 2 1 2 2 1 1
geno chr9.107536 tsi  2 1 1 2 2 2 2 2 2 1 2 2 2 1 2 1 0 2 2 1 0 2 2 0 1 0 2 1 1 1 1 1 1 2 0 1 2 0 1 1 1 2 1 1 1 2 1 1 1 2 2 1 2 1 1 2 1 2 2 1 1 0 2 0 2 1 1 2 2 2 1 1 1 1 2 1 2 1 2 2 1 2 1 1 1 2 2 1 0 2 2 2
geno chr9.107536 yri  2 1 1 1 2 2 1 1 1 2 0 2 0 2 2 0 2 2 2 2 2 2 1 0 1 1 2 0 2 1 1 0 1 2 2 0 1 1 2 0 1 0 0 1 2 2 0 1 1 1 2 1 0 0 1 1 2 1 1 2 0 2 1 2 2 2 0 0 2 2 2 1 1 1 1 2 1
geno chr9.108249 ceu  0 0 0 0 0 0 0 0 0 1 0 0 0 0 0 0 0 0 0 0 0 0 1 0 0 0 0 0 1 1 0 0 0 0 0 1 1 0 0 1 1 1 1 0 1 0 0 0 0 1 0 0 1 0 0 0 0 0 0 0 0 0 0 0 0 0 0 0 0 0 2 1 1 0 1 0 0 0
geno chr9.108249 fin  0 0 0 0 0 1 0 1 0 0 0 0 0 0 0 0 0 0 0 0 0 0 1 0 0 2 0 1 0 0 0 1 0 0 0 0 0 0 0 0 0 0 0 0 0 0 0 0 0 0 0 0 0 0 0 0 0 0 0 0 0 0 0 0 0 0 0 0 0 0 0 0 0 0 0 1 0 1 0 1 0 0 0 1 1 0 0 0 0
geno chr9.108249 gbr  0 0 0 0 0 0 1 1 1 0 0 1 2 0 0 0 1 0 0 0 1 0 0 0 1 0 0 0 0 0 0 0 0 0 0 0 0 0 1 0 2 0 0 0 1 1 0 1 0 0 0 1 2 0 0 0 0 0 0 0 0 0 0 0 0 0 0 0 0 0 0 1 0 0 0 0 0 0 1 0 0 0 0 0
geno chr9.108249 tsi  1 0 0 0 1 0 0 0 0 0 0 1 1 0 1 0 0 1 0 0 0 0 0 0 0 0 1 0 0 0 1 0 0 1 0 0 1 0 0 0 0 1 2 1 0 0 0 0 0 2 0 0 0 0 0 0 0 1 0 0 0 0 1 0 0 1 0 2 1 2 0 1 0 0 0 0 1 0 0 0 0 1 1 0 0 0 1 0 0 1 0 0
geno chr9.108249 yri  0 0 0 0 0 0 0 0 0 0 0 0 0 0 1 0 0 0 0 0 1 0 0 0 0 0 0 0 0 0 0 0 0 1 1 0 0 0 0 0 0 0 0 0 0 0 0 1 0 0 0 0 0 0 0 0 0 0 0 0 0 0 0 0 0 1 0 0 0 0 0 0 0 0 0 1 0
geno chr9.108360 ceu  0 0 1 0 0 1 1 0 0 0 0 0 1 1 0 0 0 1 1 0 0 0 0 0 0 1 0 2 0 0 2 0 0 0 0 0 0 0 0 0 0 0 0 0 0 0 0 1 0 0 1 0 0 1 0 0 1 0 0 1 0 0 0 1 2 2 0 1 1 0 0 1 0 1 0 2 0 1
geno chr9.108360 fin  1 2 0 0 0 0 0 0 1 0 0 1 0 1 0 0 1 0 1 1 0 0 0 0 0 0 0 0 0 1 0 1 1 0 2 0 1 2 0 1 0 0 0 1 1 0 0 0 1 1 0 0 0 0 0 1 2 0 0 0 1 1 1 0 0 0 0 0 0 0 0 1 0 0 0 0 1 0 0 0 1 0 0 0 1 0 0 0 0
geno chr9.108360 gbr  1 0 1 0 0 0 0 0 0 0 0 0 0 0 0 1 0 0 0 0 1 1 0 0 0 1 1 0 0 0 1 0 0 1 1 0 0 2 1 1 0 0 1 1 0 1 0 1 1 1 1 0 0 1 0 0 0 0 1 1 0 1 2 1 0 0 0 0 0 0 0 0 0 0 1 1 2 0 0 0 0 0 0 0
geno chr9.108360 tsi  0 0 0 0 0 0 0 0 0 0 0 0 0 1 0 0 1 0 0 0 1 0 1 0 1 0 0 0 0 0 0 1 0 0 0 0 0 0 2 1 0 0 0 0 0 0 1 0 0 0 1 0 0 0 1 0 0 0 0 0 0 0 1 0 1 0 0 0 1 0 0 0 1 2 1 1 0 1 2 0 1 0 0 0 0 1 0 0 0 0 0 2
geno chr9.108360 yri  1 2 0 1 1 1 0 1 0 0 0 2 0 0 1 0 1 1 0 1 1 1 0 0 0 2 0 1 1 0 0 0 0 0 0 0 2 0 0 0 0 0 0 1 0 0 0 0 1 0 1 2 0 0 0 1 0 0 0 1 0 0 1 0 1 1 0 1 1 1 2 0 0 1 0 0 0
geno chr9.108376 ceu  0 1 1 0 0 1 1 0 0 0 0 0 1 1 0 0 0 1 1 0 0 0 0 0 0 1 0 2 0 0 2 0 0 0 1 0 0 0 0 0 0 0 0 0 0 0 0 1 0 0 1 0 0 1 0 0 1 0 0 1 0 0 0 1 2 2 0 1 1 1 0 1 0 1 0 2 0 1
geno chr9.108376 fin  1 2 0 0 0 0 0 0 1 0 0 1 0 1 0 0 1 0 1 1 0 0 0 0 0 0 0 0 0 1 0 1 1 0 2 0 1 2 0 1 0 0 0 1 1 0 0 0 1 1 0 0 0 0 0 1 2 0 0 0 1 1 1 0 0 0 0 0 0 0 0 1 0 0 0 0 1 0 0 0 1 0 0 0 1 0 0 0 0
geno chr9.108376 gbr  0 0 1 0 0 0 0 0 0 0 0 0 0 0 0 1 0 0 0 0 1 1 0 0 0 1 1 0 0 0 1 0 0 1 1 0 0 2 1 1 0 0 1 1 0 1 0 1 1 1 1 0 0 1 0 0 0 0 1 1 0 1 2 1 0 0 0 0 0 0 0 0 0 0 1 1 2 0 0 0 0 0 0 0
geno chr9.108376 tsi  0 0 0 0 0 0 0 0 0 0 0 0 0 1 0 0 1 0 0 0 1 0 1 0 1 0 0 0 0 0 0 1 0 0 0 0 0 0 2 1 0 0 0 0 0 0 1 0 0 0 1 0 0 0 1 0 0 0 0 0 0 0 1 0 1 0 0 0 1 0 0 0 1 2 1 1 0 1 2 0 1 0 0 0 0 1 0 0 0 0 0 2
geno chr9.108376 yri  1 1 0 1 1 1 0 0 0 0 0 2 0 0 1 0 1 1 0 1 1 1 0 0 0 1 0 1 1 0 0 1 0 0 0 0 2 0 0 0 0 0 0 1 0 0 0 0 0 0 1 2 1 0 0 1 0 0 0 1 0 0 1 0 1 1 0 0 1 1 2 0 0 1 0 0 0
geno chr9.108706 ceu  1 1 1 1 2 1 2 1 2 2 1 1 2 1 2 2 1 1 2 1 2 0 1 2 1 1 1 2 2 1 2 1 1 0 2 1 2 1 2 1 1 2 1 1 1 1 1 2 1 1 2 0 2 2 2 2 1 2 0 2 2 1 0 2 2 2 1 2 2 2 2 2 2 1 1 2 1 2
geno chr9.108706 fin  1 2 1 2 0 2 1 1 2 0 2 1 1 2 1 0 2 2 2 2 0 0 2 1 2 2 1 1 0 2 0 2 2 2 2 2 1 2 1 1 0 2 0 2 1 2 1 1 2 2 1 1 2 2 2 1 2 2 0 1 1 1 2 0 1 1 1 1 0 0 0 1 1 1 1 2 2 2 0 1 1 1 1 1 1 0 2 0 1
geno chr9.108706 gbr  1 0 2 0 1 1 1 1 2 1 1 2 2 0 1 2 1 2 2 1 2 2 2 1 1 1 1 2 1 1 2 1 1 1 1 1 2 2 2 2 2 1 1 2 1 2 1 2 2 2 1 1 2 2 0 2 1 0 1 1 0 2 2 2 1 1 1 1 0 2 2 1 0 1 2 1 2 1 2 1 2 2 1 0
geno chr9.108706 tsi  2 1 1 2 2 1 2 2 2 1 2 1 2 1 2 2 1 1 2 0 1 2 2 0 1 1 2 2 1 0 1 2 1 2 1 1 2 1 2 2 0 1 2 1 1 2 2 2 1 2 2 1 2 0 1 2 1 2 2 2 1 0 2 0 2 1 1 2 2 2 1 1 1 2 2 1 2 2 2 2 2 1 1 1 1 1 2 1 1 1 2 2
geno chr9.108706 yri  2 2 1 1 1 2 1 1 2 2 1 2 0 2 2 0 1 2 1 2 2 1 1 1 1 2 2 1 2 2 1 1 1 2 2 2 2 1 1 2 1 0 0 1 1 2 1 2 2 1 2 1 1 0 1 2 2 1 1 2 0 2 2 2 2 2 2 2 2 2 2 1 0 1 1 2 1
geno chr9.108822 ceu  0 0 0 0 0 0 0 0 0 0 0 0 0 0 0 0 0 0 0 0 0 0 0 0 0 0 0 0 0 0 0 0 0 0 0 1 0 0 0 0 0 0 0 0 0 0 1 0 0 0 0 0 0 0 0 0 0 0 0 0 0 1 1 0 0 0 0 0 0 0 0 0 0 0 0 0 0 0
geno chr9.108822 fin  0 0 1 0 0 0 0 0 0 0 0 0 0 0 0 0 0 0 0 0 0 0 0 0 0 0 0 0 0 0 0 0 0 0 0 0 0 0 0 0 0 0 0 0 0 0 0 0 0 0 0 0 0 0 0 1 0 0 0 0 0 1 0 0 0 0 0 0 1 0 0 0 0 0 0 0 0 0 0 0 0 0 1 0 0 0 0 0 0
geno chr9.108822 gbr  1 0 0 0 0 0 0 0 0 0 0 0 0 0 0 0 0 0 0 1 0 0 0 0 0 0 0 0 0 0 0 0 0 0 0 0 0 0 0 0 0 0 0 0 0 0 0 0 0 0 0 1 0 0 0 0 1 0 0 0 1 0 0 0 0 0 0 1 0 0 0 0 0 0 0 0 0 0 0 0 1 0 0 1
geno chr9.108822 tsi  0 0 0 0 0 1 0 0 1 0 0 1 0 1 0 0 0 1 0 1 0 0 0 0 0 0 0 0 0 1 0 0 0 0 0 0 0 0 0 0 1 1 0 0 0 0 0 0 0 0 0 0 0 1 0 0 0 0 0 0 0 0 0 0 0 0 0 0 0 0 0 0 0 0 0 0 0 0 0 0 0 1 0 1 0 1 0 0 0 1 0 0
geno chr9.108822 yri  1 1 0 1 0 0 1 0 1 0 0 0 0 1 0 0 1 0 1 0 1 2 1 0 1 0 0 2 1 0 0 0 1 1 0 0 1 0 0 0 1 0 0 1 1 1 0 0 0 0 0 1 0 0 0 0 0 0 0 2 0 0 0 0 1 0 0 0 1 1 0 0 0 0 0 0 0
geno chr9.108864 ceu  0 0 0 0 0 0 0 0 0 0 0 0 0 0 0 0 0 0 0 0 0 0 0 0 0 0 0 0 0 0 0 0 0 0 0 1 0 0 0 0 0 0 0 0 0 0 1 0 0 0 0 0 0 0 0 0 0 0 0 0 0 1 1 0 0 0 0 0 0 0 0 0 0 0 0 0 0 0
geno chr9.108864 fin  0 0 1 0 0 0 0 0 0 0 0 0 0 0 0 0 0 0 0 0 0 0 0 0 0 0 0 0 0 0 0 0 0 0 0 0 0 0 0 0 0 0 0 0 0 0 0 0 0 0 0 0 0 0 0 1 0 0 0 0 0 0 0 0 0 0 0 0 1 0 0 0 0 0 0 0 0 0 0 0 0 0 1 0 0 0 0 0 0
geno chr9.108864 gbr  1 0 0 0 0 0 0 0 0 0 0 0 0 0 0 0 0 0 0 0 0 0 0 0 0 0 0 0 0 0 0 0 0 0 0 0 0 0 0 0 0 0 0 0 0 0 0 0 0 0 0 1 0 0 0 0 1 0 0 0 1 0 0 0 0 0 0 0 0 0 0 0 0 0 0 0 0 0 0 0 0 0 0 1
geno chr9.108864 tsi  0 0 0 0 0 1 0 0 0 0 0 1 0 1 0 0 0 1 0 1 0 0 0 0 0 0 0 0 0 1 0 0 0 0 0 0 0 0 0 0 1 1 0 0 0 0 0 0 0 0 0 0 0 1 0 0 0 0 0 0 0 0 0 0 0 0 0 0 0 0 0 0 0 0 0 0 0 0 0 0 0 1 0 0 0 1 0 0 0 1 0 0
geno chr9.108864 yri  0 0 0 0 0 0 0 0 0 0 1 0 0 0 0 0 0 0 0 0 0 0 0 0 0 0 0 0 0 0 0 0 0 0 0 1 1 0 0 1 0 0 0 0 0 0 0 0 0 0 0 0 1 0 0 1 0 0 0 0 0 0 0 0 0 0 1 0 0 0 0 0 0 0 0 0 0
geno chr9.108888 ceu  0 0 0 0 0 0 0 0 0 0 0 0 0 0 0 0 0 0 0 0 0 0 0 0 0 0 0 1 0 0 1 0 0 0 0 0 0 0 0 0 0 0 0 0 0 0 0 0 0 0 0 0 0 0 0 0 0 0 0 0 0 0 0 0 0 1 0 1 1 0 0 0 0 0 0 0 0 0
geno chr9.108888 fin  0 0 0 0 0 0 0 0 0 0 0 1 0 1 0 0 1 0 0 0 0 0 0 0 0 0 0 0 0 0 0 0 0 0 1 0 0 0 0 0 0 0 0 0 1 0 0 0 1 0 0 0 0 0 0 1 0 0 0 0 0 0 1 0 0 0 0 0 0 0 0 1 0 0 0 0 0 0 0 0 0 0 0 0 0 1 0 0 1
geno chr9.108888 gbr  0 0 0 0 0 0 0 0 0 1 0 0 0 0 0 0 0 0 0 0 1 0 0 0 0 1 0 0 0 0 1 0 1 0 0 0 0 1 1 0 0 0 0 1 0 0 0 0 0 1 0 0 0 0 0 0 0 0 0 0 0 1 0 0 0 0 0 0 0 0 0 0 0 0 0 0 0 0 0 0 0 0 0 0
geno chr9.108888 tsi  0 0 0 0 0 0 0 0 0 0 0 0 0 0 0 0 0 0 0 0 0 0 0 0 0 0 0 0 0 0 0 0 0 0 0 0 0 0 0 0 0 0 0 0 0 0 1 0 0 0 0 0 0 0 0 0 0 0 0 0 0 0 0 0 0 0 0 0 0 0 0 0 0 1 1 0 0 1 0 0 0 0 0 0 0 0 0 0 0 0 0 0
geno chr9.108888 yri  1 1 0 1 1 0 0 1 1 1 0 1 0 1 0 0 1 0 2 0 1 1 0 0 0 1 1 0 1 0 0 0 0 0 0 0 0 0 0 0 0 1 0 0 0 0 0 0 0 0 0 1 0 0 0 0 1 0 1 0 0 0 1 0 1 0 0 0 0 0 0 0 0 0 1 0 0
geno chr9.108903 ceu  0 0 0 0 0 0 0 0 0 0 0 0 0 0 0 0 0 0 0 0 0 0 0 0 0 0 0 2 0 0 1 0 0 0 0 0 0 0 0 0 0 0 0 0 0 0 0 1 1 0 0 0 0 1 0 0 0 0 0 0 0 0 1 0 0 2 0 1 1 1 0 1 0 1 0 0 0 0
geno chr9.108903 fin  0 0 1 0 0 0 0 0 0 0 0 1 0 1 0 0 1 0 0 0 0 0 0 0 0 1 0 0 0 0 0 0 0 0 0 0 0 0 0 0 0 0 0 0 1 0 0 0 0 0 0 0 0 0 0 0 0 0 0 0 0 1 1 0 0 0 0 0 0 0 0 1 0 0 0 0 0 0 0 0 0 0 1 0 0 0 0 0 1
geno chr9.108903 gbr  1 0 0 0 0 0 0 0 0 1 0 0 0 0 0 0 0 0 0 0 1 0 0 0 0 1 0 0 0 0 1 0 1 0 0 0 0 1 1 1 0 0 0 1 0 0 0 0 1 1 0 0 0 0 0 0 0 0 1 0 0 1 1 0 0 0 0 1 0 0 0 0 0 0 0 0 2 0 0 0 1 0 0 1
geno chr9.108903 tsi  0 0 0 0 0 0 0 0 0 0 0 0 0 1 0 0 0 0 0 0 0 0 0 0 0 0 0 0 0 1 0 0 0 0 0 0 0 0 0 0 0 0 0 0 0 1 1 0 0 0 1 0 0 0 0 0 0 1 0 0 0 0 1 0 0 0 0 0 0 0 0 0 0 2 1 1 0 1 0 0 0 0 0 1 0 0 0 0 0 0 0 0
geno chr9.108903 yri  1 2 1 1 2 1 2 2 1 2 0 2 1 2 1 0 1 2 2 2 0 1 1 0 1 2 2 2 1 1 1 1 1 1 0 0 2 0 1 0 0 1 0 2 1 1 0 0 1 1 2 2 1 0 1 1 1 1 1 2 0 0 1 0 2 1 0 1 2 1 2 1 0 1 1 0 1
