pheno ENSG00000203896 ceu -1.192565 1.253314 1.594964 0.20818 1.21095 1.065839 0.5166143 1.371037 2.724193 0.07401866 0.2806564 1.203303 0.5100566 0.8375969 0.3609675 0.2461 1.82874 1.539007 3.174038 0.9217356 0.9072386 0.5673674 -0.3995755 0.9837971 0.7076361 2.352083 -0.1142106 0.9858028 1.67269 0.9219407 -0.03391835 -0.457464 0.4294649 -0.7204214 1.937654 0.4045217 1.084503 1.950754 -0.1745734 1.714925 2.16818 -0.7026494 0.9239592 1.89614 0.9783763 -0.891974 0.6947982 0.9125888 0.6636366 0.2454868 -0.5498715 -1.539131 0.7993519 1.550349 0.239563 0.4099804 -1.334268 -0.3829318 -0.02246062 0.6164721 0.2662541 -0.1838862 -0.5464114 0.7327843 0.9813594 1.089493 1.430936 1.177044 0.4653437 0.7737735 -1.00805 -0.3975306 0.4390159 1.080287 1.712136 1.668257 1.829373 -0.1905
pheno ENSG00000203896 fin 1.430086 1.479885 0.3598477 -0.03107063 1.75402 1.235291 0.9474752 1.362303 -0.3823943 0.9423654 1.170526 2.317877 1.539907 1.500462 3.288256 1.841531 0.5906155 -0.1633627 2.35233 0.6088534 2.656083 1.458483 0.7642636 2.200089 3.140249 -0.3193979 2.352939 2.02048 3.489393 -0.291522 -0.7487193 1.32028 0.7714761 -0.1539739 1.079172 1.593507 2.096954 2.151865 1.213773 0.7159345 0.2765496 -0.7125563 1.972273 1.832586 0.8178585 -1.070159 -0.3077371 3.669113 1.8212 2.226385 0.9675733 1.018718 0.8797907 0.4278846 0.9987327 1.192416 0.1518793 2.00905 1.042644 0.7294857 1.100283 2.544902 3.137238 2.462221 0.9394423 2.491922 1.232816 0.08128461 2.402093 1.7872 0.5826031 1.952633 1.947459 -0.8246202 -0.6309736 0.7100772 0.2437788 1.142315 0.01010628 -0.9951509 2.468454 1.285677 0.5754009 0.4426506 2.805293 2.118187 2.763039 2.045504 1.785586
pheno ENSG00000203896 gbr 0.8611451 1.693031 -1.351878 0.1218414 1.869523 0.4834968 0.4155688 -0.7035429 2.208302 2.990193 1.544222 0.750122 -1.047738 -0.3190976 0.9734506 -0.07602833 0.2547775 0.8967512 0.7134455 -0.6962323 1.758543 0.4866821 -1.109166 1.483361 0.9455684 1.410321 0.3914461 -0.4992526 0.6898914 1.319716 -0.4874771 0.1265956 0.0704926 0.1802084 0.4576607 0.7881792 1.020396 0.9620893 0.8670435 0.6652859 0.6864183 -0.2075097 1.430796 -0.07294583 1.261096 -0.0871718 2.802192 0.9421417 0.1398346 2.044524 0.7321053 0.05701974 1.02182 0.4662277 2.170941 0.933237 0.7514797 0.6419449 0.9195118 0.8452833 -0.2654372 -0.5233582 0.4442043 -0.2066702 1.827836 1.274929 -0.4059767 0.1127134 0.5081948 -0.4444 0.7523138 0.1164781 1.538348 -0.8412035 0.9806677 0.1198644 2.163508 0.02704367 0.1875734 0.5108032 1.350242 2.474017 -1.09641 1.617505
pheno ENSG00000203896 tsi 0.05119282 -0.04447433 0.366646 -2.313567 -2.400163 -1.444961 -0.5794802 -0.9072044 0.2095968 1.368437 1.305345 -0.008508719 -1.037519 1.94572 -0.5909343 1.026491 -1.305375 2.604775 0.7418317 0.4156437 -0.4323723 0.2233969 1.068438 -0.0723818 -1.111927 -0.7345412 -0.6808008 -1.173637 0.1632233 -0.5376516 -2.077214 -0.05760668 0.1556989 -0.1545079 0.1414188 -0.5752504 -1.08583 -0.1959612 0.6000952 -1.286109 1.030237 -1.81936 -0.1688064 0.74943 -1.407917 -0.4094178 -0.0008823813 -0.3482987 0.6709046 0.9444609 -2.147322 -0.3008225 -0.355782 -0.6731749 -0.9109776 0.3889866 0.8194665 0.6107213 -2.184486 1.06358 0.354586 1.405704 -1.444451 -1.021138 -0.3066084 -0.3228756 0.8410069 0.9278495 -0.2444027 1.419143 0.3154034 0.1723976 -0.9724107 -1.514562 0.8931381 0.6437152 0.4543675 -1.896664 2.717726 -1.751623 1.298392 1.514526 0.8011544 -0.2502577 0.9501975 -1.172223 -1.281606 0.359374 0.1548051 -0.0009194346 1.257093 -0.2475813
pheno ENSG00000203896 yri 2.709469 2.197457 3.48874 0.4213876 1.002589 1.023568 1.772072 2.668629 1.90085 1.836123 1.395273 2.462269 1.899851 0.619497 1.928008 0.8742781 0.9604382 2.281276 2.222569 0.07460093 1.798413 0.2363047 0.9070277 1.309229 2.077646 -0.3567424 3.175997 2.299751 2.378208 0.6960771 2.356493 0.8297216 3.897386 3.075023 0.9457677 -0.04187232 1.324571 2.944099 2.343106 3.468408 -0.8003414 2.863834 3.606547 2.840213 1.210697 4.872823 0.7415989 2.839726 2.686012 1.35974 1.277067 1.560522 1.436388 2.418879 2.349589 -0.2676366 1.85802 3.084451 0.9614597 0.9454271 1.203032 3.218014 1.688949 1.582729 2.453605 0.7378673 2.303627 0.340271 2.67801 0.8772511 2.23156 2.17857 3.40764 1.7554 1.546363 0.5826428 1.498652
geno chr20.62267065 ceu  1 0 0 0 0 0 0 0 0 0 0 0 0 0 0 0 0 0 0 0 0 0 0 1 0 0 0 0 0 0 0 0 0 0 0 0 0 1 0 0 0 0 0 0 0 0 0 0 0 1 0 0 0 0 0 0 0 1 0 0 0 0 0 0 0 0 0 0 0 0 0 1 0 0 0 0 0 0
geno chr20.62267065 fin  0 0 0 1 0 0 0 1 0 1 1 1 0 0 0 0 0 0 1 0 0 0 0 0 0 0 0 0 1 0 0 0 0 0 0 0 0 0 0 0 0 1 0 0 0 0 0 0 0 0 1 0 1 0 0 0 0 0 0 0 0 1 0 0 0 0 0 0 0 0 0 0 0 0 0 0 0 0 0 0 0 0 0 1 0 0 0 0 0
geno chr20.62267065 gbr  0 0 0 1 0 1 1 0 0 0 0 1 0 0 0 0 0 0 0 0 0 0 0 0 0 0 1 0 1 0 0 0 0 0 0 0 1 0 0 0 0 0 0 1 0 1 0 0 0 0 1 0 0 0 0 0 0 0 0 0 0 1 0 0 0 0 0 0 0 0 1 0 0 0 0 0 0 0 1 0 0 1 0 0
geno chr20.62267065 tsi  0 0 0 0 0 0 0 0 0 0 1 0 0 0 0 0 0 1 1 0 0 0 0 0 1 0 0 0 0 0 0 0 0 0 1 0 0 0 0 0 0 0 0 0 0 0 0 0 0 0 0 0 1 0 0 0 0 0 0 0 0 0 0 1 1 0 1 0 0 0 0 1 0 0 0 0 0 0 1 0 0 0 0 0 0 0 0 1 0 0 0 0
geno chr20.62267065 yri  1 1 1 0 1 1 0 0 0 0 1 0 1 0 0 1 1 1 1 0 1 1 0 1 1 1 2 0 2 2 1 0 0 1 0 1 0 0 0 1 0 1 1 1 0 1 0 1 1 1 1 1 0 1 1 0 0 0 1 0 0 1 1 0 0 1 0 1 1 1 1 1 1 1 0 1 0
geno chr20.62267239 ceu  0 1 0 0 0 1 1 0 0 0 0 0 0 1 1 0 1 0 0 1 1 0 0 0 0 0 0 0 1 1 1 0 0 1 0 0 1 0 1 0 0 1 0 0 0 1 0 0 0 0 0 1 0 0 0 0 0 0 0 0 2 1 0 0 0 0 0 0 0 2 0 0 0 1 0 0 0 0
geno chr20.62267239 fin  0 1 1 0 1 0 0 1 0 1 0 1 0 1 1 0 1 0 1 1 0 0 0 0 0 1 1 1 1 0 1 0 1 0 1 1 0 0 0 1 0 1 1 1 0 0 1 0 0 0 1 0 0 0 0 0 0 1 1 0 1 0 1 0 0 1 1 1 1 1 1 1 1 0 0 1 0 0 1 1 0 0 0 0 1 0 1 0 1
geno chr20.62267239 gbr  0 0 0 0 0 0 1 0 0 0 0 0 0 0 0 0 1 0 0 0 0 0 0 0 1 0 0 0 0 0 0 1 0 0 0 0 0 2 0 0 0 0 1 0 1 0 0 0 1 0 1 1 1 0 0 0 0 0 0 0 0 0 0 1 0 0 0 0 0 0 0 0 0 0 0 0 0 0 0 0 0 0 2 0
geno chr20.62267239 tsi  1 0 0 1 0 0 1 0 0 0 0 0 1 0 1 1 1 0 0 0 0 0 0 0 1 0 1 1 0 1 1 1 0 0 0 0 0 0 0 2 0 0 0 0 0 0 0 0 0 0 0 0 0 0 0 0 1 0 0 1 0 0 1 0 0 0 1 0 0 0 0 1 1 0 0 1 0 1 0 0 0 0 0 0 0 0 0 0 1 0 0 0
geno chr20.62267239 yri  0 0 1 0 0 1 0 0 0 0 0 0 0 0 0 0 0 0 0 2 0 0 0 0 0 0 0 0 0 0 0 1 1 0 0 0 0 0 0 0 0 0 0 0 0 0 0 0 0 1 0 1 0 0 0 0 0 1 1 0 0 1 1 0 1 0 1 0 0 0 0 0 0 0 0 0 1
geno chr20.62267582 ceu  0 0 0 0 0 0 0 0 0 0 0 0 0 0 0 0 0 0 0 0 0 0 0 0 0 0 0 0 0 0 0 0 0 0 0 0 0 0 0 0 0 0 0 0 0 0 0 0 0 0 1 0 1 0 0 0 0 0 0 0 0 0 0 0 0 0 0 1 0 0 0 0 0 0 0 1 0 0
geno chr20.62267582 fin  0 0 0 0 0 0 0 0 0 0 0 0 0 0 0 1 0 0 0 0 0 0 0 0 0 0 0 0 0 0 0 0 0 0 0 0 0 0 2 0 0 0 0 0 0 0 0 0 0 0 0 0 0 0 0 0 0 0 0 0 0 0 0 0 0 0 0 0 0 0 0 0 0 0 0 0 0 0 1 0 0 0 0 0 0 0 0 0 0
geno chr20.62267582 gbr  0 0 0 0 0 0 0 0 0 0 1 0 0 0 0 0 0 0 0 0 0 0 0 0 0 0 0 0 0 0 1 0 0 0 0 0 0 0 0 0 1 0 0 0 0 0 0 0 0 0 0 0 0 0 0 0 0 1 0 0 0 0 0 0 0 0 0 0 0 0 0 0 0 0 2 0 0 0 0 0 1 0 0 0
geno chr20.62267582 tsi  0 0 0 0 0 0 0 0 1 0 0 0 0 1 0 0 0 0 0 0 0 0 0 0 0 0 0 0 0 0 0 0 0 0 0 0 0 1 0 0 0 0 0 0 0 0 0 2 1 0 0 0 0 0 0 0 0 0 0 0 1 0 0 0 0 0 0 0 0 0 0 0 0 0 0 1 0 0 0 0 0 0 0 0 0 0 0 0 0 0 1 0
geno chr20.62267582 yri  0 0 0 0 0 0 0 0 0 0 0 1 0 0 0 0 0 0 0 0 0 0 0 0 0 0 0 0 0 0 0 0 0 0 0 0 0 0 0 0 0 0 0 0 0 0 0 0 0 0 0 0 0 0 0 0 0 0 0 0 0 0 0 0 0 0 0 0 0 0 0 0 1 0 0 0 0
geno chr20.62267822 ceu  0 0 0 2 0 1 0 0 1 0 1 1 0 0 0 2 0 0 1 1 0 0 0 1 2 0 1 1 0 0 0 0 1 0 0 1 0 0 0 0 2 0 2 0 2 1 0 2 0 0 0 0 0 2 0 2 2 0 0 1 0 1 0 0 2 1 1 0 0 0 0 0 0 1 2 1 1 2
geno chr20.62267822 fin  0 0 1 0 1 0 1 0 0 0 0 0 0 0 0 0 0 0 0 0 0 2 1 0 0 0 0 0 0 1 0 0 0 2 0 0 1 2 0 0 1 0 0 1 1 2 0 0 0 0 1 0 0 0 0 2 1 0 0 1 0 0 0 0 2 0 0 0 0 1 0 0 0 2 1 0 2 0 0 0 1 0 1 0 0 0 0 0 1
geno chr20.62267822 gbr  0 2 0 0 1 0 0 0 2 0 0 0 0 0 2 2 0 0 2 0 2 1 1 0 0 2 0 0 0 0 0 1 0 0 0 2 0 0 0 1 0 0 1 0 0 1 0 0 0 0 0 1 1 2 1 0 0 0 0 1 1 0 0 0 1 0 2 0 1 2 1 2 0 0 0 0 1 1 0 0 0 0 0 0
geno chr20.62267822 tsi  0 0 0 0 0 0 0 2 0 0 1 0 0 0 0 0 1 0 0 0 0 2 0 0 0 2 0 0 0 0 0 0 0 2 0 0 1 0 0 0 0 1 1 0 2 0 1 0 0 0 2 0 0 1 0 0 0 0 2 0 0 0 1 1 0 0 0 0 0 0 0 0 0 0 0 0 0 0 0 2 1 2 0 0 2 0 0 0 0 1 0 0
geno chr20.62267822 yri  0 0 0 0 0 0 0 0 0 0 0 0 0 0 0 0 0 0 0 0 0 0 0 0 0 0 0 0 0 0 0 0 0 0 0 0 0 0 0 0 0 0 0 0 0 0 0 0 0 0 0 0 0 0 0 0 0 0 0 0 0 0 0 0 0 0 0 0 0 0 0 0 0 0 0 0 0
geno chr20.62267865 ceu  0 0 0 2 0 1 0 0 1 0 1 1 0 0 0 2 0 0 1 1 0 0 0 1 2 0 1 1 0 0 0 0 2 0 0 1 0 0 0 0 2 0 2 0 2 1 0 2 0 0 0 0 0 2 0 1 2 0 0 1 0 1 0 0 2 1 1 0 0 0 0 0 0 1 2 1 1 2
geno chr20.62267865 fin  0 0 0 0 1 0 1 0 0 0 0 0 0 0 0 0 0 0 0 0 0 2 1 0 0 0 0 0 0 1 0 0 0 2 0 0 2 2 0 0 1 0 0 1 1 2 0 0 0 0 0 0 0 0 0 1 1 0 0 1 0 0 0 0 2 0 0 0 0 1 0 0 0 2 0 0 2 0 0 0 1 0 1 0 0 0 0 0 1
geno chr20.62267865 gbr  0 1 0 0 0 0 0 0 1 0 0 0 0 0 2 2 0 0 2 0 2 1 1 0 0 2 0 0 0 0 0 1 0 0 0 2 0 0 0 1 0 0 1 0 0 0 0 0 0 0 0 1 1 2 1 0 0 0 0 1 1 0 0 0 1 0 2 0 1 2 1 2 0 0 0 0 1 1 0 0 0 0 0 0
geno chr20.62267865 tsi  0 0 0 0 0 0 0 2 0 0 1 0 0 0 0 0 1 0 0 0 0 2 0 0 0 2 0 0 0 0 0 0 0 2 0 0 1 0 0 0 0 2 1 0 2 0 0 0 0 0 2 0 0 1 0 0 0 0 2 0 0 0 1 1 0 0 0 0 0 0 0 0 0 0 0 0 0 0 0 2 1 2 0 0 2 0 0 0 0 1 0 0
geno chr20.62267865 yri  0 0 0 0 0 0 0 0 0 0 0 0 0 0 0 0 0 0 0 0 0 0 0 0 0 0 0 0 0 0 0 0 0 0 0 0 0 0 0 0 0 0 0 0 0 0 0 0 0 0 0 0 0 0 0 0 0 0 0 0 0 0 0 0 0 0 0 0 0 0 0 0 0 0 0 0 0
geno chr20.62267888 ceu  1 0 0 0 0 0 0 0 0 0 0 0 0 0 0 0 0 0 0 0 0 0 0 1 0 0 1 0 0 0 0 0 0 0 0 0 0 0 0 0 0 0 0 0 0 0 0 0 0 2 1 1 0 0 0 0 0 1 0 0 0 0 0 0 0 0 0 0 0 0 0 2 0 0 0 0 1 0
geno chr20.62267888 fin  0 0 0 1 0 0 0 1 0 1 1 1 0 0 0 0 0 0 1 0 0 0 1 0 0 1 1 0 1 0 0 0 0 0 0 0 0 0 0 0 0 1 0 0 0 0 1 0 0 0 1 0 2 1 0 0 0 0 0 0 0 1 0 0 0 0 1 0 0 0 0 0 0 0 0 0 0 0 0 0 0 0 0 1 0 0 0 1 0
geno chr20.62267888 gbr  0 0 0 1 0 2 1 0 0 1 0 1 0 0 0 0 0 0 0 0 0 0 0 0 0 0 1 0 1 0 0 0 0 0 1 0 1 0 0 0 0 0 0 1 0 1 0 0 0 0 1 0 0 0 0 0 0 0 0 1 0 1 0 0 0 0 0 1 0 0 1 0 0 0 0 0 0 1 1 0 0 1 0 0
geno chr20.62267888 tsi  0 1 1 0 0 0 0 0 1 0 1 0 0 0 0 0 0 2 1 0 0 0 0 0 1 0 0 0 1 0 0 0 1 0 1 0 0 0 0 0 0 0 0 0 0 0 0 0 0 0 0 0 1 0 0 0 0 0 0 0 0 0 0 1 1 0 1 0 0 0 0 1 0 0 0 0 0 0 1 0 0 0 0 0 0 0 0 1 0 0 0 0
geno chr20.62267888 yri  1 2 1 0 1 1 2 0 0 2 1 1 1 0 1 1 1 1 1 0 2 1 0 1 0 1 2 0 2 2 1 0 0 1 1 1 0 1 1 1 1 2 1 1 0 1 1 1 1 1 2 1 0 1 1 0 0 0 1 0 0 1 1 0 0 1 0 2 1 2 2 1 1 1 0 1 0
geno chr20.62268057 ceu  2 0 0 0 0 0 0 0 0 0 0 0 0 0 0 0 0 0 0 0 0 0 0 1 0 0 0 0 0 0 0 0 0 0 0 0 0 0 0 0 0 0 0 0 0 0 0 0 0 2 0 0 0 0 0 0 0 0 0 0 0 0 0 0 0 0 0 0 0 0 0 0 0 0 0 0 0 0
geno chr20.62268057 fin  0 0 0 1 0 0 0 1 0 1 1 1 0 0 0 0 0 0 1 0 0 0 0 0 0 0 0 0 1 0 0 0 0 0 0 0 0 0 0 0 0 1 0 0 0 0 1 0 0 0 1 0 1 0 0 0 0 0 0 0 1 1 0 0 0 0 0 0 0 0 0 0 0 0 0 0 0 0 0 0 0 0 0 1 0 0 0 0 0
geno chr20.62268057 gbr  0 0 0 1 0 1 1 0 0 0 0 1 0 0 0 0 0 0 0 0 0 0 0 0 0 0 0 0 1 0 0 0 0 0 0 0 1 0 0 0 0 0 0 1 0 1 0 0 0 0 1 0 0 0 0 0 0 0 0 0 0 1 0 0 0 0 0 0 0 0 1 0 0 0 0 0 0 0 1 0 0 1 0 0
geno chr20.62268057 tsi  0 0 0 0 0 0 0 0 0 0 0 0 0 0 0 0 0 0 1 0 0 0 0 0 1 0 0 0 0 0 0 0 1 0 1 0 0 0 0 0 0 0 0 0 0 0 0 0 0 0 0 0 0 0 0 0 0 0 0 0 0 0 0 0 1 0 1 0 0 0 0 1 0 1 0 0 0 0 1 0 0 0 0 0 0 0 0 1 0 0 0 0
geno chr20.62268057 yri  1 2 0 0 1 1 1 1 0 1 0 0 1 0 0 1 2 2 2 0 2 0 1 1 0 1 2 1 2 2 1 0 1 1 0 1 0 1 0 1 0 2 2 2 0 2 1 1 0 1 2 1 0 2 1 0 0 0 1 0 0 1 1 1 0 0 0 2 1 1 0 2 1 1 1 1 1
geno chr20.62268061 ceu  2 0 0 0 0 0 0 0 0 0 0 0 0 0 0 0 0 0 0 0 0 0 0 1 0 0 0 0 0 0 0 0 0 0 0 0 0 0 0 0 0 0 0 0 0 0 0 0 0 2 0 0 0 0 0 0 0 0 0 0 0 0 0 0 0 0 0 0 0 0 0 0 0 0 0 0 0 0
geno chr20.62268061 fin  0 0 0 1 0 0 0 1 0 1 1 1 0 0 0 0 0 0 1 0 0 0 0 0 0 0 0 0 1 0 0 0 0 0 0 0 0 0 0 0 0 1 0 0 0 0 1 0 0 0 1 0 1 0 0 0 0 0 0 0 1 1 0 0 0 0 0 0 0 0 0 0 0 0 0 0 0 0 0 0 0 0 0 1 0 0 0 0 0
geno chr20.62268061 gbr  0 0 0 1 0 1 1 0 0 0 0 1 0 0 0 0 0 0 0 0 0 0 0 0 0 0 0 0 1 0 0 0 0 0 0 0 1 0 0 0 0 0 0 1 0 1 0 0 0 0 1 0 0 0 0 0 0 0 0 0 0 1 0 0 0 0 0 0 0 0 1 0 0 0 0 0 0 0 1 0 0 1 0 0
geno chr20.62268061 tsi  0 0 0 0 0 0 0 0 0 0 0 0 0 0 0 0 0 0 1 0 0 0 0 0 1 0 0 0 0 0 0 0 1 0 1 0 0 0 0 0 0 0 0 0 0 0 0 0 0 0 0 0 0 0 0 0 0 0 0 0 0 0 0 0 1 0 1 0 0 0 0 1 0 1 0 0 0 0 1 0 0 0 0 0 0 0 0 1 0 0 0 0
geno chr20.62268061 yri  1 2 0 0 1 1 0 1 0 0 0 0 1 0 0 1 2 2 2 0 1 0 1 1 0 1 2 1 2 2 0 0 1 1 0 1 0 1 0 1 0 1 2 2 0 2 1 1 0 1 1 1 0 2 1 0 0 0 2 0 0 1 1 1 0 0 0 2 1 1 1 2 1 1 1 1 1
geno chr20.62268149 ceu  0 0 0 2 0 1 0 0 1 0 1 1 0 0 0 1 1 0 1 1 0 0 0 1 1 0 1 1 0 0 0 0 1 0 0 1 0 0 0 0 1 0 2 0 2 2 0 1 0 0 0 1 0 0 0 2 1 0 0 1 0 1 0 0 2 1 1 0 0 0 0 0 0 1 1 1 0 0
geno chr20.62268149 fin  0 0 0 0 2 0 1 1 0 0 0 1 0 0 0 0 1 0 0 0 0 2 1 0 0 0 0 0 0 1 0 0 0 1 0 1 1 1 0 0 0 0 1 2 1 1 0 1 0 0 1 0 0 0 0 2 1 0 0 1 0 0 1 0 1 0 1 1 1 2 1 0 0 1 1 0 1 0 1 0 1 0 0 0 0 0 1 0 1
geno chr20.62268149 gbr  0 1 0 0 1 0 0 0 1 0 0 0 0 0 1 2 0 0 1 0 1 1 0 0 0 1 0 0 0 0 0 1 0 0 0 1 0 0 0 1 0 0 1 0 1 0 0 0 0 0 0 1 1 1 0 0 0 0 0 0 1 0 0 0 1 0 1 0 1 1 1 1 0 0 0 0 1 1 0 0 0 0 0 0
geno chr20.62268149 tsi  0 0 0 0 0 0 0 1 0 0 1 0 0 0 0 0 1 0 0 0 0 1 0 0 0 1 0 1 0 0 0 0 0 1 0 0 1 0 0 0 0 1 0 0 1 0 0 0 0 0 2 0 0 1 0 0 1 0 1 0 0 0 2 1 0 0 0 0 0 0 0 1 1 0 0 1 0 0 0 1 1 2 0 0 1 0 0 0 0 2 0 0
geno chr20.62268149 yri  0 0 1 0 0 1 0 1 1 0 0 0 0 1 0 1 0 0 0 1 0 0 1 0 1 0 0 1 0 0 0 1 1 0 0 0 0 0 0 0 0 0 0 0 0 0 0 0 0 1 0 1 1 1 1 0 1 1 1 0 0 1 1 0 1 0 0 0 0 0 0 0 0 0 1 1 1
geno chr20.62268327 ceu  2 2 2 2 2 2 2 2 2 2 2 2 1 2 1 2 2 2 2 2 2 2 2 2 2 2 2 2 2 2 2 2 2 2 2 2 2 2 2 2 2 2 2 2 2 2 2 2 2 2 2 2 2 2 2 2 2 2 2 2 2 2 2 2 2 1 2 2 2 2 2 2 1 2 2 2 2 2
geno chr20.62268327 fin  1 2 2 2 2 1 2 2 2 2 2 2 1 2 2 1 2 2 2 2 1 2 2 2 2 2 2 2 2 2 2 2 2 2 2 2 2 2 2 2 2 2 2 2 2 2 2 2 2 2 2 2 2 2 2 2 2 2 1 2 2 2 2 2 2 2 2 2 2 2 2 2 2 2 2 2 1 2 2 2 2 2 2 2 2 2 2 2 2
geno chr20.62268327 gbr  2 2 2 2 2 2 2 2 2 2 2 2 1 2 2 2 2 2 2 2 2 2 2 2 2 2 2 2 2 2 2 2 2 2 2 2 2 2 2 2 2 2 2 2 2 2 2 2 2 2 2 2 2 2 2 2 2 2 2 2 2 2 2 2 2 2 2 2 2 2 2 2 2 2 2 1 2 2 1 2 2 2 2 2
geno chr20.62268327 tsi  2 2 2 2 2 2 2 2 2 2 2 2 2 2 2 2 2 2 2 2 2 2 2 1 2 2 2 2 2 2 2 2 2 2 2 2 2 2 2 2 2 2 2 2 2 2 2 2 2 2 2 2 2 2 2 2 2 2 2 2 2 1 2 2 2 2 2 2 2 2 2 2 2 1 2 2 2 2 2 2 2 2 2 2 2 2 2 2 2 2 2 2
geno chr20.62268327 yri  1 2 2 0 1 2 2 1 1 2 1 2 1 2 2 2 2 2 2 2 2 1 2 1 2 1 2 1 2 2 2 2 2 1 2 1 1 2 1 1 2 2 2 1 1 2 2 1 1 2 2 2 1 2 2 1 2 2 2 0 0 2 2 1 2 1 1 2 2 2 2 2 2 1 1 2 2
geno chr20.62268862 ceu  0 0 0 0 0 0 0 0 0 0 0 0 0 0 0 0 0 0 0 0 0 0 0 0 0 0 0 0 0 0 0 0 0 0 0 0 0 0 0 0 0 0 0 0 0 0 0 0 0 0 0 0 0 0 0 0 0 0 0 0 0 0 0 0 0 0 0 0 0 0 0 0 0 0 0 0 0 0
geno chr20.62268862 fin  0 0 0 0 0 0 0 0 0 0 0 0 0 0 0 0 0 0 0 0 0 0 0 0 0 0 0 0 0 0 0 0 0 0 0 0 0 0 0 0 0 0 0 0 0 0 0 1 0 0 0 0 0 0 0 0 0 0 0 0 0 0 0 0 0 0 0 0 0 0 0 0 0 0 0 0 0 0 0 0 0 0 0 0 0 0 0 0 0
geno chr20.62268862 gbr  0 0 0 0 0 0 0 0 0 0 0 0 0 0 0 0 0 0 0 0 0 0 0 0 0 0 0 0 0 0 0 0 0 0 0 0 0 0 0 0 0 0 0 0 1 0 0 0 0 0 0 0 0 0 0 0 0 0 0 0 0 0 0 0 0 0 0 0 0 0 0 0 0 0 0 0 0 0 0 0 0 0 0 0
geno chr20.62268862 tsi  0 0 0 0 0 0 0 0 0 0 0 0 0 0 0 0 0 0 0 0 0 0 0 0 0 0 0 0 0 0 0 0 0 0 0 0 0 0 0 0 0 0 0 0 0 0 0 0 0 0 0 0 0 0 0 0 0 0 0 0 0 0 0 0 0 0 0 0 0 0 0 0 0 0 0 0 0 0 0 0 0 0 0 0 0 0 0 0 0 0 0 0
geno chr20.62268862 yri  1 1 1 0 1 1 0 0 0 0 0 0 1 0 0 0 2 2 2 1 1 1 0 1 0 1 1 0 2 1 0 0 2 1 0 1 0 1 0 1 0 1 2 1 0 2 0 1 1 1 0 1 0 1 1 0 0 0 0 0 0 1 1 0 0 1 1 0 1 0 1 2 1 1 0 1 1
geno chr20.62268875 ceu  0 1 0 0 0 1 0 0 0 0 0 0 0 1 1 0 0 0 0 1 1 0 0 0 0 0 0 0 1 1 1 0 0 1 0 0 1 1 1 0 0 0 0 0 0 0 0 0 0 0 0 0 0 0 0 0 0 0 0 0 1 1 0 0 0 0 0 0 0 2 0 0 0 1 0 0 0 0
geno chr20.62268875 fin  0 1 1 0 0 0 0 0 0 1 0 0 0 0 1 0 0 0 1 1 0 0 0 0 0 1 1 1 0 0 1 0 1 0 0 0 0 0 0 1 0 1 0 0 0 0 1 0 0 0 0 0 0 0 0 0 0 1 0 0 1 0 0 0 0 1 0 0 0 0 0 1 1 0 0 1 0 0 0 1 0 0 0 0 1 0 0 0 1
geno chr20.62268875 gbr  0 0 0 0 0 0 1 0 0 0 0 0 0 0 0 0 1 0 0 0 0 0 0 0 1 0 0 0 0 0 0 0 0 0 0 0 0 1 0 0 0 0 1 0 0 0 0 0 0 0 1 1 1 0 0 0 0 0 0 0 0 0 0 1 0 0 0 0 0 1 0 0 0 1 0 0 0 0 0 0 0 0 2 0
geno chr20.62268875 tsi  1 0 0 1 0 0 1 0 0 0 0 0 0 0 1 1 1 0 0 0 0 0 0 0 1 0 1 0 0 1 1 1 0 0 0 0 0 0 0 2 0 0 0 0 0 0 0 0 0 0 0 0 0 0 0 0 0 0 0 1 0 0 0 0 0 0 1 0 0 0 0 0 0 0 0 0 0 1 0 0 0 0 0 0 0 0 0 0 0 0 0 0
geno chr20.62268875 yri  0 0 0 0 0 0 0 0 0 0 0 0 0 0 0 0 0 0 0 0 0 0 0 0 0 0 0 0 0 0 0 0 0 0 0 0 0 0 0 0 0 0 0 0 0 0 0 0 0 0 0 0 0 0 0 0 0 0 0 0 0 0 0 0 0 0 0 0 0 0 0 0 0 0 0 0 0
geno chr20.62268955 ceu  1 1 1 0 2 0 2 2 1 2 1 1 1 1 0 1 1 2 0 0 1 2 2 0 0 2 0 1 1 1 0 2 1 0 1 1 1 0 1 2 1 0 0 2 0 0 2 2 2 1 2 0 2 0 2 0 1 1 2 0 0 0 2 2 0 0 1 2 2 0 2 2 0 0 1 0 1 1
geno chr20.62268955 fin  1 1 1 1 0 1 0 0 2 0 1 0 0 2 0 1 1 2 0 1 1 1 0 2 2 0 0 1 1 0 1 2 1 1 2 1 0 1 1 1 1 0 1 0 1 1 1 1 2 1 0 1 1 1 2 0 1 1 1 1 1 1 0 0 1 1 0 1 1 0 1 0 0 1 1 1 0 1 1 1 1 2 2 1 0 2 0 0 0
geno chr20.62268955 gbr  2 1 2 1 1 1 0 2 1 1 1 0 1 2 1 0 1 0 1 1 0 0 2 2 1 1 1 2 1 2 2 1 2 1 2 1 1 1 2 0 2 1 0 1 1 1 2 2 2 1 0 0 0 1 2 1 2 1 2 1 1 0 2 0 1 2 1 1 1 1 0 1 1 1 1 1 1 1 0 1 1 1 0 1
geno chr20.62268955 tsi  1 1 0 1 2 2 1 0 1 2 1 1 2 2 1 1 0 1 1 2 2 1 1 1 0 1 1 0 1 1 1 1 2 0 0 2 0 2 2 0 1 1 2 2 1 2 1 1 1 2 0 1 1 1 1 2 1 2 1 1 2 2 0 0 1 2 0 2 1 0 1 0 1 0 2 1 2 1 0 1 1 0 2 2 1 2 2 1 2 0 2 2
geno chr20.62268955 yri  0 1 0 0 0 0 1 0 0 0 1 2 0 0 0 0 0 0 0 0 0 0 0 0 0 0 0 0 0 0 0 0 0 0 1 0 1 0 0 0 2 0 0 0 1 0 1 0 0 0 0 0 0 0 0 1 0 1 0 0 0 0 0 1 1 0 0 1 1 0 0 0 1 0 0 0 0
geno chr20.62269053 ceu  0 0 0 0 0 0 0 0 0 0 0 0 0 0 0 0 0 0 0 0 0 0 0 0 0 0 0 0 0 0 0 0 0 0 0 0 0 0 0 0 0 0 0 0 0 0 0 0 0 0 0 0 0 0 0 0 0 0 0 0 0 0 0 0 0 0 0 0 0 0 0 0 0 0 0 0 0 0
geno chr20.62269053 fin  0 0 0 0 0 0 0 0 0 0 0 0 0 0 0 0 0 0 0 0 0 0 0 0 0 0 0 0 0 0 0 0 0 0 0 0 0 0 0 0 0 0 0 0 0 0 0 0 0 0 0 0 0 0 0 0 0 0 0 0 0 0 0 0 0 0 0 0 0 0 0 0 0 0 0 0 0 0 0 0 0 0 0 0 0 0 0 0 0
geno chr20.62269053 gbr  0 0 0 0 0 0 0 0 0 0 0 0 0 0 0 0 0 0 0 0 0 0 0 0 0 0 0 0 0 0 0 0 0 0 0 0 0 0 0 0 0 0 0 0 0 0 0 0 0 0 0 0 0 0 0 0 0 0 0 0 0 0 0 0 0 0 0 0 0 0 0 0 0 0 0 0 0 0 0 0 0 0 0 0
geno chr20.62269053 tsi  0 0 0 0 0 0 0 0 0 0 0 0 0 0 0 0 0 0 0 0 0 0 0 0 0 0 0 0 0 0 0 0 0 0 0 0 0 0 0 0 0 0 0 0 0 0 0 0 0 0 0 0 0 0 0 0 0 0 0 0 0 0 0 0 0 0 0 0 0 0 0 0 0 0 0 0 0 0 0 0 0 0 0 0 0 0 0 0 0 0 0 0
geno chr20.62269053 yri  1 1 1 0 1 1 0 0 0 0 0 0 1 0 0 0 2 2 2 0 1 1 0 1 0 1 1 0 2 1 0 0 1 1 0 1 0 1 0 1 0 1 2 1 0 2 0 1 1 1 0 1 0 1 1 0 0 0 0 0 0 1 1 0 0 1 0 0 1 0 1 2 1 1 0 1 1
geno chr20.62269073 ceu  0 0 0 0 0 0 0 0 0 0 0 0 0 0 0 0 0 0 0 0 0 0 0 0 0 0 0 0 0 0 0 0 0 0 0 0 0 0 0 0 0 0 0 0 0 0 0 0 0 0 0 0 0 0 0 0 0 0 0 0 0 0 0 0 0 0 0 0 0 0 0 0 0 0 0 0 0 0
geno chr20.62269073 fin  0 0 0 0 0 0 0 0 0 0 0 0 0 0 0 0 0 0 0 0 0 0 0 0 0 0 0 0 0 0 0 0 0 0 0 0 0 0 0 0 0 0 0 0 0 0 0 0 0 0 0 0 0 0 0 0 0 0 0 0 0 0 0 0 0 0 0 0 0 0 0 0 0 0 0 0 0 0 0 0 0 0 0 0 0 0 0 0 0
geno chr20.62269073 gbr  0 0 0 0 0 0 0 0 0 0 0 0 0 0 0 0 0 0 0 0 0 0 0 0 0 0 0 0 0 0 0 0 0 0 0 0 0 0 0 0 0 0 0 0 0 0 0 0 0 0 0 0 0 0 0 0 0 0 0 0 0 0 0 0 0 0 0 0 0 0 0 0 0 0 0 0 0 0 0 0 0 0 0 0
geno chr20.62269073 tsi  0 0 0 0 0 0 0 0 0 0 0 0 0 0 0 0 0 0 0 0 0 0 0 0 0 0 0 0 0 0 0 0 0 0 0 0 0 0 0 0 0 0 0 0 0 0 0 0 0 0 0 0 0 0 0 0 0 0 0 0 0 0 0 0 0 0 0 0 0 0 0 0 0 0 0 0 0 0 0 0 0 0 0 0 0 0 0 0 0 0 0 0
geno chr20.62269073 yri  1 1 1 0 1 1 0 0 0 0 0 0 1 1 0 0 2 2 2 0 1 1 1 1 1 1 1 0 2 1 0 0 1 1 0 1 0 1 0 1 0 1 2 1 0 2 0 1 1 1 0 1 0 2 1 0 0 0 1 0 0 1 1 0 0 1 0 1 1 0 1 2 1 1 0 2 1
geno chr20.62269259 ceu  0 0 0 0 0 0 0 0 0 0 0 0 0 0 0 0 1 0 0 0 0 0 0 0 0 0 0 0 0 0 0 0 0 0 0 0 0 0 0 0 0 0 0 0 0 1 0 0 0 0 0 1 0 0 0 0 0 0 0 0 0 0 0 0 0 0 0 0 0 0 0 0 0 0 0 0 0 0
geno chr20.62269259 fin  0 0 0 0 1 0 0 1 0 0 0 1 0 0 0 0 1 0 0 0 0 0 0 0 0 0 0 0 0 0 0 0 0 0 0 1 0 0 0 0 0 0 0 1 0 0 0 1 0 0 1 0 0 1 0 0 0 0 0 0 0 0 1 0 0 0 1 0 1 1 1 0 0 0 0 0 0 0 1 0 0 0 0 0 0 0 1 0 0
geno chr20.62269259 gbr  0 0 0 0 0 0 0 0 0 0 0 0 0 0 0 0 0 0 0 1 0 0 0 0 0 0 0 0 0 0 0 0 0 0 0 0 0 0 0 0 0 0 0 0 1 0 0 0 0 0 0 0 0 0 0 0 0 0 0 0 0 0 0 0 0 0 0 0 0 0 0 0 0 0 0 0 0 0 0 0 0 0 0 0
geno chr20.62269259 tsi  0 0 0 0 0 0 0 0 0 0 0 0 0 0 0 0 0 0 0 0 0 0 0 0 0 0 0 1 0 0 0 0 0 0 0 0 0 0 0 0 0 0 0 0 0 0 0 0 0 0 0 0 0 0 0 0 1 0 0 0 0 0 1 0 0 0 0 0 0 0 0 1 1 0 0 0 0 0 0 0 0 0 0 0 0 0 0 0 0 1 0 0
geno chr20.62269259 yri  1 1 1 0 1 1 1 0 1 1 0 0 1 2 1 1 2 2 2 1 2 1 1 1 1 1 2 0 2 2 1 0 1 1 0 2 0 1 0 1 0 2 2 1 0 2 1 1 1 2 2 1 0 1 2 0 1 0 0 0 0 1 1 0 0 1 0 0 1 0 1 2 0 1 1 2 1
geno chr20.62269338 ceu  1 1 0 2 0 2 0 0 1 0 1 1 0 1 1 1 0 0 0 2 1 0 0 2 1 0 0 1 1 1 1 0 1 1 0 1 1 1 1 0 1 1 2 0 2 1 0 0 0 1 0 0 0 1 0 2 1 1 0 1 2 2 0 0 2 1 1 0 0 2 0 0 0 2 0 1 0 1
geno chr20.62269338 fin  0 0 1 1 1 0 1 1 0 2 1 1 0 0 1 0 0 0 1 1 0 1 1 0 0 1 1 0 1 2 1 0 1 0 0 0 1 1 0 1 0 2 0 0 1 1 1 0 0 0 1 0 1 0 0 2 0 0 0 1 1 1 0 0 1 1 0 0 0 1 0 2 1 1 1 1 2 0 0 1 1 0 0 1 1 0 0 0 2
geno chr20.62269338 gbr  0 1 0 1 1 1 2 0 1 0 0 1 0 0 1 2 1 0 1 0 1 1 0 0 1 1 1 0 1 0 0 1 0 0 0 1 1 1 0 1 0 0 2 1 0 1 0 0 0 0 2 2 1 1 0 0 0 0 0 0 1 1 0 2 1 0 1 0 1 1 2 1 0 1 0 0 0 1 1 0 0 1 2 0
geno chr20.62269338 tsi  1 0 1 1 0 0 1 2 0 0 1 0 0 0 1 1 1 1 1 0 0 1 1 0 2 1 1 0 0 1 1 1 0 2 1 0 1 0 0 2 0 1 0 0 1 0 0 1 0 0 2 0 1 1 1 0 0 0 1 1 0 0 1 2 1 0 2 0 0 0 0 1 0 0 0 0 0 1 1 1 1 2 0 0 1 0 0 1 0 1 0 0
geno chr20.62269338 yri  0 0 0 0 0 0 0 0 0 0 0 0 0 0 0 0 0 0 0 0 0 0 0 0 0 0 0 0 0 0 0 0 0 0 0 0 0 0 0 0 0 0 0 0 0 0 0 0 0 0 0 0 0 0 0 0 0 1 1 0 0 0 0 0 0 0 0 0 0 0 0 0 0 0 0 0 0
geno chr20.62269343 ceu  0 0 0 0 0 0 0 0 0 0 0 0 0 0 0 0 1 0 1 0 0 0 0 1 1 0 1 0 0 0 1 0 0 0 0 0 1 0 0 0 0 1 0 0 0 1 1 0 0 0 0 2 0 0 1 0 0 0 0 0 0 0 0 0 0 0 0 0 0 0 0 0 0 0 0 0 1 0
geno chr20.62269343 fin  0 0 0 1 1 1 0 1 0 1 1 2 0 0 0 0 1 0 0 0 0 0 1 0 0 1 2 0 0 0 0 1 0 0 0 1 0 0 0 1 0 1 1 1 0 0 0 1 0 0 1 0 1 1 0 0 1 0 0 0 0 0 1 1 0 0 2 1 1 1 1 0 0 0 0 0 0 0 1 0 0 0 0 0 0 0 1 1 0
geno chr20.62269343 gbr  0 0 0 1 0 0 0 0 0 1 0 1 0 1 0 0 0 1 0 1 0 1 0 1 0 0 0 0 0 0 1 0 0 0 0 0 1 0 0 0 0 1 1 0 1 0 0 0 0 1 0 0 0 0 0 0 0 0 0 1 0 1 0 0 0 0 0 2 0 0 0 0 1 0 0 0 0 0 0 0 0 0 0 1
geno chr20.62269343 tsi  0 0 1 0 0 0 0 0 1 0 0 0 0 0 0 0 0 0 0 0 0 0 0 0 0 0 0 1 1 0 0 0 0 0 0 0 0 0 0 0 0 0 0 0 0 0 0 0 0 0 0 1 0 0 0 0 1 0 0 0 0 0 1 0 0 0 0 0 0 2 1 1 1 0 0 1 0 0 0 0 0 0 0 0 0 0 0 1 0 0 0 0
geno chr20.62269343 yri  0 0 0 0 0 0 0 0 0 0 0 0 0 1 1 1 0 0 0 2 0 0 1 0 1 0 0 0 0 1 1 2 1 1 0 0 0 0 0 0 0 0 0 0 0 0 0 0 0 1 1 1 0 1 0 0 1 1 1 0 0 0 1 1 1 1 1 1 0 1 0 0 0 0 0 0 1
geno chr20.62269354 ceu  1 2 2 0 2 1 2 1 1 2 1 1 1 2 1 1 0 2 0 1 2 2 2 0 0 2 0 1 2 2 1 2 1 2 2 1 1 2 2 2 2 0 0 2 0 0 2 2 2 1 2 0 2 1 2 0 1 2 2 1 0 1 2 2 0 0 1 2 2 2 2 2 1 0 1 1 0 1
geno chr20.62269354 fin  1 2 2 1 0 0 1 0 1 1 1 0 1 2 2 1 1 2 1 2 1 0 0 2 2 1 0 2 1 0 2 2 2 1 2 1 1 1 2 2 2 1 2 0 0 1 2 2 2 2 0 2 1 1 2 0 1 2 1 1 2 1 1 1 1 2 0 2 1 0 1 1 2 0 1 2 0 2 0 1 0 2 2 1 2 2 1 1 1
geno chr20.62269354 gbr  2 1 2 1 1 1 1 2 1 1 1 0 1 1 0 0 2 1 0 2 0 0 2 2 2 0 1 2 1 2 2 1 2 2 2 1 0 2 2 1 2 1 0 1 2 1 2 2 2 1 1 1 1 0 2 2 2 2 2 0 1 0 2 1 1 2 1 0 1 2 0 1 2 2 2 1 1 0 0 2 2 1 2 1
geno chr20.62269354 tsi  2 1 0 2 2 2 2 0 1 2 1 2 2 2 1 2 2 0 1 2 2 2 1 1 0 1 2 1 1 2 2 2 2 0 1 1 1 1 1 2 2 1 2 2 1 2 2 1 2 2 0 1 1 0 0 2 1 2 1 2 2 2 0 0 1 2 1 2 2 0 1 0 1 1 2 1 2 2 1 2 1 0 2 2 0 2 2 1 2 1 2 2
geno chr20.62269354 yri  0 1 0 0 0 0 2 0 1 2 0 2 0 0 2 1 0 0 0 0 1 0 0 0 0 0 0 0 0 0 1 0 0 0 2 0 1 1 1 0 1 1 0 0 1 0 2 1 0 0 1 0 0 0 1 1 0 0 1 0 0 0 0 1 0 0 0 1 1 2 1 0 1 0 1 0 0
geno chr20.62269361 ceu  1 2 2 0 2 1 2 1 1 2 1 1 1 2 1 1 0 2 0 1 2 2 2 0 0 2 0 1 2 2 1 2 1 2 2 1 1 2 2 2 2 0 0 2 0 0 2 2 2 1 2 0 2 1 2 0 1 2 2 1 1 1 2 2 0 0 1 2 2 2 2 2 1 1 1 1 0 1
geno chr20.62269361 fin  1 1 2 1 0 0 1 0 1 1 1 0 1 2 2 1 1 2 0 2 1 0 0 2 2 1 0 1 1 0 2 2 2 1 2 1 1 1 2 2 2 1 2 0 0 1 2 2 2 2 0 2 1 1 2 0 1 1 1 1 2 1 1 1 1 2 0 2 1 0 1 1 2 0 1 2 0 2 0 1 0 2 2 1 2 2 1 1 1
geno chr20.62269361 gbr  2 1 2 1 1 1 1 2 1 1 1 0 1 1 0 0 2 1 0 2 0 0 2 2 2 0 1 2 1 2 2 1 2 2 2 1 0 2 2 1 2 1 1 1 2 1 2 2 2 1 1 1 1 0 2 2 2 2 2 0 1 0 2 1 1 2 1 0 1 2 0 1 2 2 2 1 1 0 0 2 2 1 2 1
geno chr20.62269361 tsi  2 1 0 2 2 2 2 0 1 2 1 2 2 2 1 2 2 0 1 2 2 2 1 1 0 1 2 1 1 2 2 2 2 0 1 1 1 1 1 2 2 1 2 2 1 2 2 1 2 2 0 1 1 0 0 2 1 2 1 2 2 2 0 0 1 2 1 2 2 0 1 0 1 1 2 1 2 2 1 2 1 0 2 2 0 2 2 1 2 1 2 2
geno chr20.62269361 yri  0 1 0 0 0 0 2 0 1 2 0 2 0 0 2 1 0 0 0 0 1 0 0 0 0 0 0 0 0 0 1 0 0 0 2 0 1 1 1 0 1 1 0 0 1 0 2 1 0 0 1 0 0 0 1 1 0 0 1 0 0 0 0 1 0 0 0 1 1 2 1 0 1 0 1 0 0
geno chr20.62269362 ceu  1 2 2 0 2 1 2 1 1 2 1 1 1 2 1 1 0 2 0 1 2 2 2 0 0 2 0 1 2 2 1 2 1 2 2 1 1 2 2 2 2 0 0 2 0 0 2 2 2 1 2 0 2 1 2 0 1 2 2 1 0 1 2 2 0 0 1 2 2 2 2 2 1 0 1 1 0 1
geno chr20.62269362 fin  1 2 2 1 0 0 1 0 1 1 1 0 1 2 2 1 1 2 1 2 1 0 0 2 2 1 0 2 1 0 2 2 2 1 2 1 1 1 2 2 2 1 2 0 0 1 2 2 2 2 0 2 1 1 2 0 1 2 1 1 2 1 1 1 1 2 0 2 1 0 1 1 2 0 1 2 0 2 0 1 0 2 2 1 2 2 1 1 1
geno chr20.62269362 gbr  2 1 2 1 1 1 1 2 2 1 1 0 0 1 0 0 2 1 0 2 0 0 2 2 2 0 1 2 1 2 2 1 2 2 2 1 0 2 2 1 2 1 0 1 2 1 2 2 2 1 1 1 1 0 2 2 2 2 2 0 1 0 2 1 1 2 1 0 1 2 0 1 2 2 2 1 1 0 0 2 2 1 2 1
geno chr20.62269362 tsi  2 1 0 2 2 2 2 0 1 2 1 2 2 2 1 2 2 0 1 2 2 2 1 1 0 1 2 1 1 2 2 2 2 0 1 1 1 1 1 2 2 1 2 2 1 2 2 1 2 2 0 1 1 0 0 2 1 2 1 2 2 2 0 0 1 2 1 2 2 0 1 0 1 1 2 1 2 2 1 2 1 0 2 2 0 2 2 1 2 1 2 2
geno chr20.62269362 yri  0 1 0 0 0 0 2 0 1 2 0 2 0 0 2 1 0 0 0 0 1 0 0 0 0 0 0 0 0 0 1 0 0 0 2 0 1 1 1 0 1 1 0 0 1 0 2 1 0 0 1 0 0 0 1 1 0 0 1 0 0 0 0 1 0 0 0 1 1 2 1 0 1 0 1 0 0
geno chr20.62269363 ceu  1 2 2 0 2 1 2 1 1 2 1 1 1 2 1 1 0 2 0 1 2 2 2 0 0 2 0 1 2 2 1 2 1 2 2 1 1 2 2 2 2 0 0 2 0 0 2 2 2 1 2 0 2 1 2 0 1 2 2 1 0 1 2 2 0 0 1 2 2 2 2 2 1 0 1 1 0 1
geno chr20.62269363 fin  1 2 2 1 0 0 1 0 1 1 1 0 1 2 2 1 1 2 1 2 1 0 0 2 2 1 0 2 1 0 2 2 2 1 2 1 1 1 2 2 2 1 2 0 0 1 2 2 2 2 0 2 1 1 2 0 1 2 1 1 2 1 1 1 1 2 0 2 1 0 1 1 2 0 1 2 0 2 0 1 0 2 2 1 2 2 1 1 1
geno chr20.62269363 gbr  2 1 2 1 1 1 1 2 1 1 1 0 1 1 0 0 2 1 0 2 0 0 2 2 2 0 1 2 1 2 2 1 2 2 2 1 0 2 2 1 2 1 0 1 2 1 2 2 2 1 1 1 1 0 2 2 2 2 2 0 1 0 2 1 1 2 1 0 1 2 0 1 2 2 2 1 1 0 0 2 2 1 2 1
geno chr20.62269363 tsi  2 1 0 2 2 2 2 0 1 2 1 2 2 2 1 2 2 0 1 2 2 2 1 1 0 1 2 1 1 2 2 2 2 0 1 1 1 1 1 2 2 1 2 2 1 2 2 1 2 2 0 1 1 0 0 2 1 2 1 2 2 2 0 0 1 2 1 2 2 0 1 0 1 1 2 1 2 2 1 2 1 0 2 2 0 2 2 1 2 1 2 2
geno chr20.62269363 yri  0 1 0 0 0 0 2 0 1 2 0 2 0 0 2 1 0 0 0 0 1 0 0 0 0 0 0 0 0 0 1 0 0 0 2 0 1 1 1 0 1 1 0 0 1 0 2 1 0 0 1 0 0 0 1 1 0 0 1 0 0 0 0 1 0 0 0 1 1 2 1 0 1 0 1 0 0
geno chr20.62269364 ceu  1 1 2 0 2 1 2 1 1 1 1 1 1 1 0 1 0 1 0 1 1 2 1 0 0 2 0 1 1 1 0 1 1 2 2 1 0 2 1 2 1 0 0 1 0 0 2 1 2 1 2 0 1 1 2 0 1 2 2 1 0 0 1 1 0 0 0 1 1 1 1 1 1 0 1 0 0 1
geno chr20.62269364 fin  1 1 1 1 0 0 1 0 0 0 0 0 1 1 1 1 0 1 0 1 0 0 0 1 1 1 0 1 1 0 1 2 1 1 2 1 1 1 1 1 1 0 1 0 0 1 1 1 2 1 1 2 0 1 1 0 1 1 1 1 1 1 1 1 1 0 0 1 0 0 1 1 0 0 1 1 0 1 0 1 0 1 2 1 1 2 1 1 0
geno chr20.62269364 gbr  1 1 1 0 0 1 1 1 1 1 0 0 0 0 0 0 1 1 0 1 0 0 1 1 1 0 0 0 1 1 0 1 1 2 1 1 1 1 0 1 1 0 0 1 0 2 1 1 1 0 1 0 1 0 1 2 2 2 2 0 1 0 1 1 1 2 0 0 1 1 0 1 1 2 1 0 1 0 0 1 1 1 1 1
geno chr20.62269364 tsi  1 1 0 1 1 2 2 0 0 2 1 1 2 1 1 1 1 0 1 1 2 1 1 1 0 0 2 1 1 1 1 1 0 0 1 1 1 1 1 0 1 0 2 1 1 1 1 0 1 1 0 1 1 0 0 1 1 1 1 2 1 1 0 0 1 1 0 1 1 0 1 0 0 0 1 1 2 1 1 1 1 0 1 0 1 1 1 1 1 1 0 1
geno chr20.62269364 yri  0 0 0 0 0 0 1 0 1 2 0 2 0 0 1 1 0 0 0 0 1 0 1 0 0 0 0 0 0 0 1 0 0 0 1 0 1 1 1 0 1 1 0 0 1 0 1 1 0 0 1 0 0 0 1 1 0 0 1 0 0 0 0 1 0 0 0 1 1 1 1 0 0 0 1 0 0
geno chr20.62269607 ceu  1 2 2 0 2 1 2 2 1 2 1 1 1 2 1 1 1 2 0 1 2 2 2 0 0 2 0 1 2 2 1 2 1 2 2 1 2 2 2 1 1 0 0 2 1 0 1 2 2 1 1 0 1 1 2 0 1 2 2 1 1 1 2 2 0 0 1 2 2 1 2 1 1 1 1 1 1 1
geno chr20.62269607 fin  0 1 2 0 0 1 1 0 2 1 1 0 1 2 2 1 1 2 1 2 1 1 0 2 2 1 1 1 1 0 2 2 2 1 2 1 1 1 1 2 1 1 1 0 1 1 2 1 1 2 0 2 1 1 2 0 1 2 1 1 2 1 1 1 1 2 0 1 1 0 1 1 2 1 1 2 0 2 1 2 1 2 2 1 2 2 1 1 1
geno chr20.62269607 gbr  2 1 2 1 1 1 1 2 1 1 1 0 1 2 1 0 2 1 1 1 0 0 2 2 2 1 1 2 1 2 2 1 2 2 2 1 1 2 2 1 1 1 1 1 1 1 2 2 2 1 1 1 1 1 2 2 2 2 2 1 1 0 2 1 1 2 1 1 0 2 0 1 1 1 1 1 1 1 0 2 2 0 2 1
geno chr20.62269607 tsi  2 1 0 2 2 2 2 0 0 2 0 1 2 2 2 2 1 1 1 2 2 1 1 1 0 1 1 1 1 2 2 2 2 0 1 2 1 2 2 2 2 1 2 2 1 2 2 0 1 2 0 1 1 1 1 2 1 1 1 2 2 2 0 0 1 2 1 2 2 0 1 0 1 1 2 1 2 2 1 1 1 0 2 2 1 2 2 1 2 1 2 2
geno chr20.62269607 yri  0 1 1 0 0 0 2 0 1 2 1 2 0 0 1 1 0 0 0 0 1 0 1 0 0 0 0 0 0 0 1 0 0 0 2 0 1 1 1 0 2 1 0 0 1 0 2 1 0 0 1 0 0 0 1 1 0 1 1 0 0 0 0 1 1 0 0 1 1 1 1 0 1 0 1 0 0
geno chr20.62269731 ceu  2 2 2 2 2 2 2 2 2 2 2 2 1 2 1 2 2 2 2 2 2 2 2 2 2 2 2 2 2 2 2 2 2 2 2 2 2 2 2 2 2 2 2 2 2 2 2 2 2 2 2 2 2 2 2 2 2 2 2 2 2 2 2 2 2 1 2 2 2 2 2 2 1 2 2 2 2 2
geno chr20.62269731 fin  1 2 2 2 2 1 2 2 2 2 2 2 1 2 2 1 2 2 2 2 1 2 2 2 2 2 2 2 2 2 2 2 2 2 2 2 2 2 2 2 2 2 2 2 2 2 2 2 2 2 2 2 2 2 2 2 2 2 1 2 2 2 2 2 2 2 2 2 2 2 2 2 2 2 2 2 2 2 2 2 2 2 2 2 2 2 2 2 2
geno chr20.62269731 gbr  2 2 2 2 2 2 2 2 2 2 2 2 1 2 2 2 2 2 2 2 2 2 2 2 2 2 2 2 2 2 2 2 2 2 2 2 2 2 2 2 2 2 2 2 2 2 2 2 2 2 2 2 2 2 2 2 2 2 2 2 2 2 2 2 2 2 2 2 2 2 2 2 2 2 2 1 2 2 1 2 2 2 2 2
geno chr20.62269731 tsi  2 2 2 2 2 2 2 2 2 2 2 2 2 2 2 2 2 2 2 2 2 2 2 1 2 2 2 2 2 2 2 2 2 2 2 2 2 2 2 2 2 2 2 2 2 2 2 2 2 2 2 2 2 2 2 2 2 2 2 2 2 2 2 2 2 2 2 2 2 2 2 2 2 1 2 2 2 2 2 2 2 2 2 2 2 2 2 2 2 2 2 2
geno chr20.62269731 yri  1 2 2 0 1 2 2 1 1 2 1 2 1 2 2 2 2 2 2 2 2 1 2 1 2 1 2 1 2 2 2 2 2 1 2 2 1 2 1 1 2 2 2 1 1 2 2 1 1 2 2 2 1 2 2 1 2 2 2 0 0 2 2 1 2 1 1 2 2 2 2 2 2 1 1 2 2
geno chr20.62269750 ceu  0 0 0 0 0 0 0 0 0 0 0 0 0 0 0 0 1 0 1 0 0 0 0 0 1 0 1 0 0 0 1 0 0 0 0 0 0 0 0 0 0 1 0 0 0 1 0 0 0 0 0 2 0 0 0 0 0 0 0 0 0 0 0 0 0 0 0 0 0 0 0 0 0 0 0 0 1 0
geno chr20.62269750 fin  0 0 0 0 1 0 0 1 0 0 0 1 0 0 0 0 1 0 0 0 0 0 1 0 0 1 1 0 0 0 0 0 0 0 0 1 0 0 1 0 0 0 1 1 0 0 0 1 0 0 1 0 0 1 0 0 1 0 0 0 0 0 1 1 0 0 2 1 1 1 1 0 0 0 0 0 0 0 1 0 0 0 0 0 0 0 1 1 0
geno chr20.62269750 gbr  0 0 0 0 0 0 0 0 0 1 1 1 0 0 0 0 0 1 0 1 0 1 0 0 0 0 0 0 0 0 0 0 0 0 0 0 0 0 0 0 0 1 0 0 1 0 0 0 0 1 0 0 0 0 0 0 0 0 0 1 0 1 0 0 0 0 0 1 0 0 0 0 1 0 1 0 0 0 0 0 0 0 0 1
geno chr20.62269750 tsi  0 1 1 0 0 0 0 0 1 0 0 1 0 0 0 0 0 0 0 0 0 0 0 0 0 0 0 1 1 0 0 0 0 0 0 0 0 0 0 0 0 0 0 0 0 0 0 0 1 0 0 1 0 0 0 0 1 0 0 0 0 0 1 0 0 0 0 0 0 1 1 1 1 0 0 1 0 0 0 0 0 0 0 0 0 0 0 0 0 0 0 0
geno chr20.62269750 yri  0 0 0 0 0 0 0 0 0 0 0 0 0 1 1 0 0 0 0 2 0 0 1 0 1 0 0 0 0 0 1 2 1 0 0 0 0 0 0 0 0 0 0 0 0 0 0 0 0 1 0 1 0 0 0 0 1 1 1 0 0 0 1 0 1 0 1 1 0 0 0 0 0 0 0 0 1
geno chr20.62269839 ceu  2 2 2 2 2 2 2 2 2 2 2 2 1 2 1 2 2 2 1 2 2 2 2 2 2 2 1 2 2 2 2 2 2 2 2 2 2 2 2 2 2 2 2 2 2 2 2 2 2 2 2 2 2 2 2 2 2 2 2 2 2 2 2 2 2 1 2 2 2 2 2 2 1 2 1 2 2 2
geno chr20.62269839 fin  1 2 2 2 2 1 2 2 2 2 2 2 1 2 2 1 2 2 2 2 1 2 2 2 2 2 2 2 2 2 2 2 2 1 2 2 2 2 2 2 2 2 2 2 2 2 2 2 2 2 2 2 2 2 2 2 2 2 1 2 2 2 2 2 2 2 2 2 2 2 2 2 2 2 2 2 2 2 2 2 2 2 2 2 2 2 2 2 2
geno chr20.62269839 gbr  2 2 2 2 2 2 2 2 2 2 2 2 1 2 2 2 2 2 2 2 2 2 2 2 2 2 2 2 2 2 2 2 2 2 2 2 2 2 2 2 2 2 2 2 2 2 2 2 2 2 2 2 2 2 2 2 2 2 2 2 2 2 2 2 2 2 2 2 2 2 2 2 2 2 2 1 1 1 1 2 2 2 2 2
geno chr20.62269839 tsi  2 2 2 2 2 2 2 2 2 2 2 2 2 2 2 2 2 2 2 2 2 2 2 1 2 2 2 2 2 2 2 2 2 2 2 2 2 2 2 2 2 2 2 2 2 2 2 2 2 2 2 2 2 2 2 2 2 2 2 2 2 2 2 2 2 2 2 2 2 2 2 2 2 1 2 2 2 2 2 2 2 2 2 2 2 2 2 2 2 2 2 2
geno chr20.62269839 yri  1 2 2 0 1 2 2 1 1 2 1 2 1 2 2 2 2 2 2 2 2 1 2 1 2 1 2 1 2 2 2 2 2 1 2 2 1 2 1 1 2 2 2 1 1 2 2 1 1 2 2 2 1 2 2 1 2 2 2 0 0 2 2 1 2 1 1 2 2 2 2 2 2 1 1 2 2
geno chr20.62269942 ceu  1 1 2 0 2 0 2 2 1 2 1 1 1 1 0 1 1 2 0 0 1 2 2 0 0 2 0 1 1 1 0 2 1 1 2 1 1 1 1 2 1 0 0 2 1 0 2 2 2 1 2 0 2 1 2 0 1 1 2 1 0 0 2 2 0 0 1 2 2 0 2 2 1 0 1 1 1 1
geno chr20.62269942 fin  1 1 1 1 0 1 1 0 2 0 1 0 1 2 1 1 1 2 0 1 1 1 1 2 2 0 0 1 1 0 1 2 1 1 2 1 1 1 1 1 1 0 1 0 1 1 1 1 2 2 0 2 1 1 2 0 1 1 1 1 1 1 1 1 1 1 0 1 1 0 1 0 1 1 1 1 0 2 1 1 1 2 2 1 1 2 1 1 0
geno chr20.62269942 gbr  2 1 2 1 1 1 0 2 1 1 1 0 1 2 1 0 1 1 1 1 0 0 2 2 1 1 1 2 1 2 2 1 2 2 2 1 1 1 2 1 2 1 0 1 1 1 2 2 2 1 0 0 0 1 2 2 2 2 2 1 1 0 2 0 1 2 1 1 1 1 0 1 1 1 1 1 1 1 0 2 2 1 0 1
geno chr20.62269942 tsi  1 1 0 1 2 2 1 0 1 2 1 1 2 2 1 1 0 1 1 2 2 1 1 1 0 1 1 1 1 1 1 1 2 0 1 2 1 2 2 0 2 1 2 2 1 2 2 1 1 2 0 1 1 1 2 2 1 2 1 1 2 2 0 0 1 2 0 2 2 0 1 0 1 1 2 1 2 1 1 1 1 0 2 2 1 2 2 1 2 0 2 2
geno chr20.62269942 yri  0 1 0 0 0 0 1 0 0 0 1 2 0 0 0 1 0 0 0 0 0 0 1 0 0 0 0 0 0 0 0 0 0 0 1 0 1 0 0 0 2 0 0 0 1 0 1 0 0 0 0 0 0 0 0 1 0 1 0 0 0 0 0 1 1 0 0 1 1 0 0 0 1 0 0 0 0
geno chr20.62270078 ceu  2 2 2 2 2 2 2 2 2 2 2 2 1 2 1 2 2 2 2 2 2 2 2 2 2 2 2 2 2 2 2 2 2 2 2 2 2 2 2 2 2 2 2 2 2 2 2 2 2 2 2 2 2 2 2 2 2 2 2 2 2 2 2 2 2 1 2 2 2 2 2 2 1 2 2 2 2 2
geno chr20.62270078 fin  1 2 2 2 2 1 2 2 2 2 2 2 1 2 2 1 2 2 2 2 1 2 2 2 2 2 2 2 2 2 2 2 2 2 2 2 2 2 2 2 2 2 2 2 2 2 2 2 2 2 2 2 2 2 2 2 2 2 1 2 2 2 2 2 2 2 2 2 2 2 2 2 2 2 2 2 2 2 2 2 2 2 2 2 2 2 2 2 2
geno chr20.62270078 gbr  2 2 2 2 2 2 2 2 2 2 2 2 1 2 2 2 2 2 2 2 2 2 2 2 2 2 2 2 2 2 2 2 2 2 2 2 2 2 2 2 2 2 2 2 2 2 2 2 2 2 2 2 2 2 2 2 2 2 2 2 2 2 2 2 2 2 2 2 2 2 2 2 2 2 2 1 2 2 1 2 2 2 2 2
geno chr20.62270078 tsi  2 2 2 2 2 2 2 2 2 2 2 2 2 2 2 2 2 2 2 2 2 2 2 1 2 2 2 2 2 2 2 2 2 2 2 2 2 2 2 2 2 2 2 2 2 2 2 2 2 2 2 2 2 2 2 2 2 2 2 2 2 2 2 2 2 2 2 2 2 2 2 2 2 1 2 2 2 2 2 2 2 2 2 2 2 2 2 2 2 2 2 2
geno chr20.62270078 yri  1 2 2 0 1 2 2 1 1 2 1 2 1 2 2 2 2 2 2 2 2 1 2 1 2 1 2 1 2 2 2 2 2 1 2 2 1 2 1 1 2 2 2 1 1 2 2 1 1 2 2 2 1 2 2 1 2 2 2 0 0 2 2 1 2 1 1 2 2 2 2 2 2 1 1 2 2
geno chr20.62270487 ceu  2 2 2 2 2 2 2 2 2 2 2 2 1 2 1 2 2 2 2 2 2 2 2 2 2 2 2 2 2 2 2 2 2 2 2 2 2 2 2 2 2 2 2 2 2 2 2 2 2 2 2 2 2 2 2 2 2 2 2 2 2 2 2 2 2 1 2 2 2 2 2 2 1 2 2 2 2 2
geno chr20.62270487 fin  1 2 2 2 2 1 2 2 2 2 2 2 1 2 2 1 2 2 2 2 1 2 2 2 2 2 2 2 2 2 2 2 2 2 2 2 2 2 2 2 2 2 2 2 2 2 2 2 2 2 2 2 2 2 2 2 2 2 1 2 2 2 2 2 2 2 2 2 2 2 2 2 2 2 2 2 2 2 2 2 2 2 2 2 2 2 2 2 2
geno chr20.62270487 gbr  2 2 2 2 2 2 2 2 2 2 2 2 1 2 2 2 2 2 2 2 2 2 2 2 2 2 2 2 2 2 2 2 2 2 2 2 2 2 2 2 2 2 2 2 2 2 2 2 2 2 2 2 2 2 2 2 2 2 2 2 2 2 2 2 2 2 2 2 2 2 2 2 2 2 2 1 2 2 1 2 2 2 2 2
geno chr20.62270487 tsi  2 2 2 2 2 2 2 2 2 2 2 2 2 2 2 2 2 2 2 2 2 2 2 1 2 2 2 2 2 2 2 2 2 2 2 2 2 2 2 2 2 2 2 2 2 2 2 2 2 2 2 2 2 2 2 2 2 2 2 2 2 2 2 2 2 2 2 2 2 2 2 2 2 1 2 2 2 2 2 2 2 2 2 2 2 2 2 2 2 2 2 2
geno chr20.62270487 yri  1 2 2 0 1 2 2 1 1 2 1 2 1 2 2 2 2 2 2 2 2 1 2 1 2 1 2 1 2 2 2 2 2 1 2 2 1 2 1 1 2 2 2 1 1 2 2 1 1 2 2 2 1 2 2 1 2 2 2 0 0 2 2 1 2 1 1 2 2 2 2 2 2 1 1 2 2
geno chr20.62270637 ceu  1 0 0 2 0 1 0 0 1 0 1 1 0 0 0 1 0 0 1 1 0 0 0 2 1 0 1 1 0 0 0 0 1 0 0 1 0 0 0 0 1 1 2 0 1 1 0 0 0 1 0 0 0 1 0 2 1 0 0 1 1 1 0 0 2 1 1 0 0 0 0 0 0 1 1 1 0 1
geno chr20.62270637 fin  0 0 0 1 1 0 1 1 0 1 1 1 0 0 0 0 0 0 1 0 0 1 0 0 0 0 0 0 1 2 0 0 0 1 0 0 1 1 0 0 1 1 0 1 1 1 0 0 0 0 1 0 1 0 0 2 0 0 0 1 0 1 0 0 1 0 0 0 0 1 0 1 0 1 1 0 2 0 0 0 1 0 0 1 0 0 0 0 1
geno chr20.62270637 gbr  0 1 0 1 1 1 1 0 1 0 0 1 0 0 1 2 0 0 1 0 2 1 0 0 0 1 1 0 1 0 0 1 0 0 0 1 1 0 0 1 0 0 1 1 0 1 0 0 0 0 1 1 1 1 0 0 0 0 0 0 1 1 0 1 1 0 1 0 1 0 2 1 0 0 0 0 1 1 1 0 0 1 0 0
geno chr20.62270637 tsi  0 0 1 0 0 0 0 2 0 0 1 0 0 0 0 0 1 1 1 0 0 1 1 0 1 1 0 0 0 0 0 0 0 2 1 0 1 0 0 0 0 1 0 0 1 0 0 1 0 0 2 0 1 1 1 0 0 0 1 0 0 0 1 2 1 0 1 0 0 1 0 1 0 0 0 0 0 0 1 1 1 2 0 0 1 0 0 1 0 1 0 0
geno chr20.62270637 yri  0 0 0 0 0 0 0 0 0 0 0 0 0 0 0 0 0 0 0 0 0 0 0 0 0 0 0 0 0 0 0 0 0 0 0 0 0 0 0 0 0 0 0 0 0 0 0 0 0 0 0 0 0 0 0 0 0 0 0 0 0 0 0 0 0 0 0 0 0 0 0 0 0 0 0 0 0
geno chr20.62270905 ceu  2 2 2 2 2 2 2 2 2 2 2 2 1 2 1 2 2 2 2 2 2 2 2 2 2 2 2 2 2 2 2 2 2 2 2 2 2 2 2 2 2 2 2 2 2 2 2 2 2 2 2 2 2 2 2 2 2 2 2 2 2 2 2 2 2 1 2 2 2 2 2 2 1 2 2 2 2 2
geno chr20.62270905 fin  1 2 2 2 2 1 2 2 2 2 2 2 1 2 2 1 2 2 2 2 1 2 2 2 2 2 2 2 2 2 2 2 2 2 2 2 2 2 2 2 2 2 2 2 2 2 2 2 2 2 2 2 2 2 2 2 2 2 1 2 2 2 2 2 2 2 2 2 2 2 2 2 2 2 2 2 2 2 2 2 2 2 2 2 2 2 2 2 2
geno chr20.62270905 gbr  2 2 2 2 2 2 2 2 2 2 2 2 1 2 2 2 2 2 2 2 2 2 2 2 2 2 2 2 2 2 2 2 2 2 2 2 2 2 2 2 2 2 2 2 2 2 2 2 2 2 2 2 2 2 2 2 2 2 2 2 2 2 2 2 2 2 2 2 2 2 2 2 2 2 2 1 2 2 1 2 2 2 2 2
geno chr20.62270905 tsi  2 2 2 2 2 2 2 2 2 2 2 2 2 2 2 2 2 2 2 2 2 2 2 1 2 2 2 2 2 2 2 2 2 2 2 2 2 2 2 2 2 2 2 2 2 2 2 2 2 2 2 2 2 2 2 2 2 2 2 2 2 2 2 2 2 2 2 2 2 2 2 2 2 2 2 2 2 2 2 2 2 2 2 2 2 2 2 2 2 2 2 2
geno chr20.62270905 yri  1 2 2 1 1 2 2 2 1 2 1 2 2 2 2 2 2 2 2 2 2 1 2 1 2 1 2 2 2 2 2 2 2 2 2 2 1 2 1 1 2 2 2 2 2 2 2 1 2 2 2 2 1 2 2 1 2 2 2 0 2 2 2 2 2 2 1 2 2 2 2 2 2 1 2 2 2
geno chr20.62270930 ceu  1 0 0 2 0 1 0 0 1 0 1 1 0 0 0 1 0 0 1 1 0 0 0 2 1 0 1 1 0 0 0 0 1 0 0 1 0 0 0 0 1 1 2 0 1 1 0 0 0 1 0 0 0 1 0 2 1 0 0 1 1 1 0 0 2 1 1 0 0 0 0 0 0 1 1 1 0 1
geno chr20.62270930 fin  0 0 0 1 1 0 1 1 0 1 1 1 0 0 0 0 0 0 1 0 0 1 0 0 0 0 0 0 1 2 0 0 0 1 0 0 1 1 0 0 1 1 0 1 1 1 0 0 0 0 1 0 1 0 0 2 0 0 0 1 0 1 0 0 1 0 0 0 0 1 0 1 0 1 1 0 2 0 0 0 1 0 0 1 0 0 0 0 1
geno chr20.62270930 gbr  0 1 0 1 1 1 1 0 1 0 0 1 0 0 1 2 0 0 1 0 2 1 0 0 0 1 1 0 1 0 0 1 0 0 0 1 1 0 0 1 0 0 1 1 0 1 0 0 0 0 1 1 1 1 0 0 0 0 0 0 1 1 0 1 1 0 1 0 1 0 2 1 0 0 0 0 1 1 1 0 0 1 0 0
geno chr20.62270930 tsi  0 0 1 0 0 0 0 2 0 0 1 0 0 0 0 0 1 1 1 0 0 1 1 0 1 1 0 0 0 0 0 0 0 2 1 0 1 0 0 0 0 1 0 0 1 0 0 1 0 0 2 0 1 1 1 0 0 0 1 0 0 0 1 2 1 0 1 0 0 1 0 1 0 0 0 0 0 0 1 1 1 2 0 0 1 0 0 1 0 1 0 0
geno chr20.62270930 yri  0 0 0 0 0 0 0 0 0 0 0 0 0 0 0 0 0 0 0 0 0 0 0 0 0 0 0 0 0 0 0 0 0 0 0 0 0 0 0 0 0 0 0 0 0 0 0 0 0 0 0 0 0 0 0 0 0 0 0 0 0 0 0 0 0 0 0 0 0 0 0 0 0 0 0 0 0
geno chr20.62271380 ceu  2 2 2 2 2 2 2 2 2 2 2 2 1 2 1 2 2 2 2 2 2 2 2 2 2 2 2 2 2 2 2 2 2 2 2 2 2 2 2 2 2 2 2 2 2 2 2 2 2 2 2 2 2 2 2 2 2 2 2 2 2 2 2 2 2 1 2 2 2 2 2 2 1 2 2 2 2 2
geno chr20.62271380 fin  1 2 2 2 2 1 2 2 2 2 2 2 1 2 2 1 2 2 2 2 1 2 2 2 2 2 2 2 2 2 2 2 2 2 2 2 2 2 2 2 2 2 2 2 2 2 2 2 2 2 2 2 2 2 2 2 2 2 1 2 2 2 2 2 2 2 2 2 2 2 2 2 2 2 2 2 2 2 2 2 2 2 2 2 2 2 2 2 2
geno chr20.62271380 gbr  2 2 2 2 2 2 2 2 2 2 2 2 1 2 2 2 2 2 2 2 2 2 2 2 2 2 2 2 2 2 2 2 2 2 2 2 2 2 2 2 2 2 2 2 2 2 2 2 2 2 2 2 2 2 2 2 2 2 2 2 2 2 2 2 2 2 2 2 2 2 2 2 2 2 2 1 2 2 1 2 2 2 2 2
geno chr20.62271380 tsi  2 2 2 2 2 2 2 2 2 2 2 2 2 2 2 2 2 2 2 2 2 2 2 1 2 2 2 2 2 2 2 2 2 2 2 2 2 2 2 2 2 2 2 2 2 2 2 2 2 2 2 2 2 2 2 2 2 2 2 2 2 2 2 2 2 2 2 2 2 2 2 2 2 2 2 2 2 2 2 2 2 2 2 2 2 2 2 2 2 2 2 2
geno chr20.62271380 yri  1 2 2 1 1 1 2 1 1 1 1 2 2 1 1 2 2 2 2 1 2 1 2 1 1 1 2 1 2 2 2 2 1 2 1 2 1 1 0 1 2 2 2 2 2 2 2 1 2 2 2 2 0 1 2 1 1 2 2 0 2 1 2 2 2 2 0 2 2 1 1 2 2 1 2 1 2
geno chr20.62272248 ceu  0 0 0 0 0 0 0 0 0 0 0 0 0 0 0 0 1 0 2 0 0 0 0 0 1 0 2 0 0 0 1 0 0 0 0 0 0 0 0 0 0 1 0 0 0 1 0 0 0 0 0 2 0 0 0 0 0 0 0 0 0 0 0 0 0 1 0 0 0 0 0 0 0 0 1 1 1 0
geno chr20.62272248 fin  0 0 0 0 1 0 0 1 0 0 0 1 0 0 0 0 1 0 0 0 0 0 1 0 0 1 1 0 0 0 0 0 0 0 0 1 0 0 0 0 0 0 0 0 0 0 0 1 0 0 1 0 0 1 0 0 1 0 0 0 0 0 1 1 0 0 1 0 1 1 1 0 0 0 0 0 0 0 1 0 0 0 0 0 0 0 0 1 0
geno chr20.62272248 gbr  0 0 0 0 0 0 0 0 0 1 1 1 0 0 0 0 0 1 0 0 1 1 0 0 0 0 0 0 0 0 0 0 0 0 0 0 0 0 0 0 0 0 0 0 1 0 0 0 0 1 0 0 0 0 0 0 0 0 0 1 0 1 0 0 0 0 0 1 0 0 0 0 1 0 1 0 1 0 0 0 0 0 0 1
geno chr20.62272248 tsi  0 1 1 0 0 0 0 0 1 0 0 1 0 0 0 0 0 0 1 0 0 0 0 0 0 0 0 1 1 0 0 0 0 0 0 0 0 0 0 0 0 0 0 0 0 0 0 0 1 0 0 1 0 0 0 0 1 0 0 0 0 0 1 0 0 0 0 0 0 1 1 1 0 0 0 1 0 0 0 0 0 0 0 0 0 0 0 0 0 0 0 0
geno chr20.62272248 yri  0 0 1 1 0 0 0 0 0 0 1 0 1 1 0 0 0 0 0 2 0 0 0 0 0 0 0 0 0 0 1 1 1 0 0 1 0 0 0 0 0 0 0 0 0 0 0 0 0 1 0 0 0 1 0 0 0 1 2 0 1 0 0 0 0 0 1 1 0 0 0 0 0 0 0 0 1
geno chr20.62272373 ceu  0 2 2 0 1 1 0 1 0 1 0 0 0 2 1 0 1 2 0 1 2 1 0 0 0 2 0 0 2 2 1 1 1 2 2 2 2 2 1 1 0 0 0 0 1 0 2 2 2 1 1 0 2 1 2 0 0 2 2 1 1 1 1 0 0 0 0 2 0 2 1 1 0 1 0 1 1 1
geno chr20.62272373 fin  1 1 1 2 0 1 1 1 2 1 0 1 0 0 2 0 2 2 1 1 0 1 0 2 0 1 1 2 0 2 2 1 2 1 0 1 1 1 1 2 0 2 1 0 1 1 2 1 1 2 1 0 0 0 2 1 0 1 0 1 0 0 1 1 1 1 0 2 0 1 0 1 1 2 0 1 1 2 1 1 1 1 2 0 1 2 1 2 1
geno chr20.62272373 gbr  0 1 1 0 0 0 1 0 0 0 0 0 0 2 0 0 2 1 1 1 0 0 2 1 1 1 0 0 1 0 1 0 0 2 1 0 1 1 1 1 2 0 1 1 0 1 0 2 1 1 1 1 1 1 2 1 1 2 2 0 1 1 1 1 1 1 1 1 1 2 0 2 1 2 1 1 1 0 0 2 1 0 2 1
geno chr20.62272373 tsi  1 0 0 1 0 0 1 0 0 1 0 0 0 0 1 1 1 1 1 0 1 1 0 0 0 1 2 0 1 2 1 2 2 1 1 1 1 2 0 2 2 1 0 1 0 2 1 1 0 1 0 0 0 1 2 2 1 2 0 1 2 2 0 0 1 0 1 1 2 1 1 0 1 0 2 1 1 2 1 1 0 0 2 1 1 2 2 1 1 0 2 1
geno chr20.62272373 yri  0 1 0 0 0 1 0 0 0 0 0 1 0 0 0 1 0 0 0 1 0 0 1 0 0 0 0 0 0 0 0 0 0 0 0 0 0 0 0 0 0 0 0 0 0 0 0 0 0 1 0 0 0 0 0 1 0 1 0 0 0 1 0 0 0 0 0 0 1 0 0 0 1 0 0 0 0
geno chr20.62272411 ceu  1 0 0 2 0 1 0 0 1 0 1 1 1 0 1 1 1 0 2 1 0 0 0 2 2 0 2 1 0 0 1 0 1 0 0 0 0 0 0 0 1 2 2 0 1 1 0 0 0 0 0 1 0 1 0 2 1 0 0 1 1 1 0 1 2 2 1 0 0 0 0 1 1 1 1 1 1 1
geno chr20.62272411 fin  1 0 0 0 2 1 1 1 0 0 0 1 1 0 0 1 1 0 1 0 1 0 1 0 1 1 1 0 1 0 0 0 0 1 0 2 1 0 0 1 0 0 0 2 1 0 0 1 0 0 1 0 0 1 0 0 1 1 1 1 0 1 1 1 1 0 2 0 1 2 1 0 0 0 0 0 1 0 1 0 0 0 0 1 0 1 1 1 1
geno chr20.62272411 gbr  0 0 0 1 0 1 1 0 1 1 0 2 1 0 1 2 0 1 0 0 1 2 0 0 0 1 1 0 1 0 0 1 0 0 0 2 1 0 0 1 0 1 1 1 1 0 0 0 0 1 1 1 1 1 0 0 0 0 0 1 1 2 0 1 1 0 0 1 1 0 2 0 1 0 0 1 1 1 2 0 0 1 0 1
geno chr20.62272411 tsi  0 1 1 0 0 0 0 1 1 0 2 1 0 0 0 0 0 1 1 0 0 1 1 1 1 1 0 1 1 0 0 0 0 2 1 0 1 0 0 0 0 0 0 0 1 0 0 1 0 0 2 1 2 1 0 0 1 0 1 0 0 0 1 2 1 1 1 0 0 2 1 2 0 1 0 1 0 0 1 1 1 1 0 0 1 1 0 0 0 1 0 0
geno chr20.62272411 yri  2 1 0 1 1 1 0 1 0 0 2 1 1 0 1 1 0 1 0 2 1 1 0 2 2 1 1 1 2 1 0 0 1 1 0 1 0 0 2 0 0 1 0 2 1 2 1 2 1 1 1 0 1 0 1 1 0 1 0 2 1 1 0 1 1 2 2 1 0 0 2 1 1 2 1 1 1
geno chr20.62272583 ceu  1 2 2 0 2 2 2 2 1 2 1 1 1 2 2 1 2 2 2 1 2 2 2 1 1 2 2 1 1 2 2 2 1 2 2 1 2 2 2 2 1 1 0 2 1 2 2 2 2 1 2 2 2 1 2 0 1 2 2 1 1 1 2 2 0 2 1 2 2 2 2 2 1 1 2 1 2 1
geno chr20.62272583 fin  1 2 2 2 1 2 1 2 2 2 2 2 1 2 2 2 2 2 2 2 2 1 2 2 1 2 2 2 2 2 2 2 2 2 2 2 1 1 2 2 1 2 2 2 1 1 2 2 2 2 2 2 2 2 2 1 2 2 2 1 2 2 2 2 1 2 2 2 2 1 2 2 2 2 1 2 1 2 2 2 1 2 2 1 2 2 2 2 1
geno chr20.62272583 gbr  2 1 2 1 1 1 1 2 1 2 2 1 2 2 1 0 2 2 1 2 1 1 2 2 2 1 1 2 1 2 2 1 2 2 2 1 1 2 2 1 2 2 1 1 2 2 2 2 2 2 1 1 2 1 2 2 2 2 2 2 1 1 2 2 1 2 2 2 1 2 1 1 2 2 2 1 2 2 1 2 2 2 2 2
geno chr20.62272583 tsi  2 2 2 2 2 2 2 1 2 2 1 2 2 2 2 2 1 2 1 2 2 1 1 2 2 1 2 2 2 2 2 2 2 0 2 2 1 2 2 2 2 0 2 0 1 2 2 1 2 2 0 2 1 1 2 2 2 2 2 2 2 2 1 1 1 2 1 2 2 1 2 2 2 2 2 2 2 2 1 1 1 0 2 2 1 2 2 1 2 1 2 2
geno chr20.62272583 yri  2 1 1 2 2 2 2 2 2 1 2 1 2 1 1 2 1 1 1 2 1 2 2 2 1 1 0 2 1 1 2 2 2 1 0 1 1 1 2 1 1 1 1 2 2 1 2 2 2 1 1 2 2 2 2 2 2 2 1 2 2 2 2 2 2 2 2 2 2 0 1 1 1 1 2 1 2
geno chr20.62272658 ceu  2 2 2 1 2 2 2 2 1 2 2 2 1 2 2 1 2 2 0 2 2 1 2 1 2 2 1 1 2 2 2 2 1 2 2 2 2 2 2 2 1 2 2 2 1 2 2 2 2 2 2 2 2 2 2 0 2 2 2 1 1 1 2 2 1 2 1 2 2 2 2 2 2 2 2 1 2 2
geno chr20.62272658 fin  1 2 2 2 2 2 1 2 2 2 2 2 1 2 2 2 2 2 2 2 1 1 2 2 1 2 2 2 2 2 2 2 2 1 2 2 2 1 2 2 1 2 2 1 1 1 2 2 2 2 2 2 2 2 2 1 2 2 2 2 2 2 2 2 2 2 2 2 2 2 2 2 2 2 1 2 0 2 2 2 1 2 2 2 2 2 2 2 2
geno chr20.62272658 gbr  2 1 2 2 1 2 2 2 1 2 2 2 2 2 2 2 2 2 1 2 1 1 2 2 2 2 2 2 2 1 2 2 1 2 2 1 2 2 2 2 2 2 2 2 2 2 1 2 2 2 2 1 1 2 2 2 2 2 2 2 1 2 2 2 2 2 2 2 1 2 2 1 2 2 2 2 2 1 1 2 2 2 2 2
geno chr20.62272658 tsi  2 2 2 2 2 1 2 1 2 2 1 2 2 2 2 2 1 2 2 2 2 1 2 2 2 2 2 2 2 2 2 2 2 2 2 2 1 2 2 2 2 1 2 2 1 2 2 1 2 2 0 2 2 2 2 2 2 2 1 2 2 2 1 2 2 2 2 2 2 1 2 2 2 2 2 2 2 2 2 1 2 0 2 2 1 2 2 2 1 1 2 2
geno chr20.62272658 yri  2 2 2 2 2 2 2 2 2 2 2 2 2 2 2 2 2 2 2 2 2 2 2 2 2 2 2 2 2 2 2 2 2 2 2 2 2 2 2 2 2 2 2 2 2 2 2 2 2 2 2 2 2 2 2 2 2 2 2 2 2 2 2 2 2 2 2 2 2 2 2 2 2 2 2 2 2
geno chr20.62273130 ceu  1 1 2 0 1 0 1 1 0 2 0 0 1 1 0 1 2 2 0 0 1 1 1 1 0 2 0 0 1 1 0 1 1 1 2 1 1 1 1 1 1 0 0 1 1 2 2 2 2 1 2 1 2 1 2 0 1 1 2 1 0 0 2 1 0 0 1 2 1 0 1 2 1 0 1 1 1 1
geno chr20.62273130 fin  1 1 1 2 1 1 1 1 2 1 2 1 1 1 1 1 1 2 0 1 0 1 0 2 1 0 0 1 0 1 1 1 1 1 0 2 1 1 2 1 1 1 1 1 1 1 1 2 1 2 2 1 1 0 2 0 2 0 0 1 0 0 2 1 1 1 1 1 1 0 2 1 1 1 1 0 0 2 2 0 1 1 2 1 1 2 2 1 0
geno chr20.62273130 gbr  1 0 1 0 0 1 0 2 1 2 1 0 1 2 0 0 1 1 0 1 0 0 2 1 0 1 1 1 1 0 1 0 1 2 2 1 1 0 2 1 1 1 0 1 2 2 1 2 1 1 0 0 0 1 2 1 1 2 2 0 1 0 2 0 1 1 1 1 1 1 0 1 0 1 1 1 1 1 0 2 2 1 0 1
geno chr20.62273130 tsi  1 0 1 1 2 0 1 0 1 1 1 1 1 1 1 1 0 1 1 1 1 0 0 1 0 1 1 2 1 1 1 1 2 0 1 2 1 2 2 0 2 1 2 2 0 2 2 1 1 1 0 1 1 1 2 2 1 2 1 1 2 2 1 0 1 1 0 2 2 0 2 0 1 1 2 1 2 0 1 1 1 0 2 2 1 2 2 1 1 0 2 2
geno chr20.62273130 yri  1 1 2 1 2 0 0 0 1 0 0 0 1 0 0 1 2 1 1 1 0 1 0 2 0 1 2 0 1 1 0 0 0 1 1 2 2 0 1 2 2 1 1 0 0 1 0 1 1 0 1 0 0 1 0 1 0 2 1 0 1 0 0 0 1 1 0 2 2 1 2 1 2 0 0 0 0
geno chr20.62273236 ceu  1 0 0 0 0 0 1 0 1 0 0 0 0 0 1 2 0 1 0 0 0 0 0 2 0 0 0 0 1 0 1 1 0 0 1 0 0 0 0 0 0 0 0 0 0 0 0 0 0 0 0 1 0 0 0 2 0 0 0 0 0 0 0 1 0 0 1 1 1 0 0 0 0 0 1 0 0 0
geno chr20.62273236 fin  0 0 0 1 1 0 1 2 2 1 1 0 0 1 1 0 1 0 0 0 1 0 0 0 0 0 0 1 1 0 0 1 1 0 1 2 0 0 0 1 0 0 1 1 1 0 0 1 0 1 2 2 0 1 0 0 1 0 0 0 0 0 1 0 0 0 0 0 0 0 1 0 0 0 0 0 0 0 1 0 1 2 0 0 1 1 0 1 1
geno chr20.62273236 gbr  0 0 1 0 0 0 1 0 1 0 1 1 0 0 0 0 0 0 0 0 0 0 0 1 0 0 0 0 1 0 0 1 0 0 0 1 0 0 0 0 0 0 0 1 1 1 0 0 1 0 0 1 0 0 0 0 0 2 0 0 1 1 0 0 0 0 0 0 0 1 1 0 0 0 0 0 0 0 1 2 1 1 0 0
geno chr20.62273236 tsi  1 0 1 0 0 0 0 0 0 0 0 1 1 0 0 0 1 0 0 1 0 2 0 0 0 0 0 0 0 0 1 0 0 0 1 0 0 0 0 0 0 0 0 1 0 0 1 2 0 0 0 0 0 1 0 0 0 1 0 0 0 0 1 0 0 1 1 0 0 0 0 0 1 0 0 1 1 0 0 0 0 1 0 1 1 0 0 0 1 0 0 0
geno chr20.62273236 yri  0 0 0 0 0 1 1 1 0 0 0 0 1 0 0 1 0 0 1 1 0 0 0 0 0 0 0 1 0 0 0 0 0 1 0 0 0 0 0 0 0 0 0 0 0 0 0 0 0 1 1 0 1 0 0 0 1 0 0 0 0 1 0 0 0 0 0 0 0 0 0 0 0 0 0 1 1
geno chr20.62273248 ceu  0 0 0 0 0 1 1 0 0 0 0 0 0 0 0 0 1 1 0 0 0 0 0 0 0 0 0 0 0 0 0 1 0 1 0 0 0 0 0 0 0 0 0 0 0 1 0 0 1 0 0 1 1 0 0 0 0 0 0 0 0 0 0 1 0 0 0 0 1 0 0 0 1 0 0 0 0 0
geno chr20.62273248 fin  0 0 0 0 1 0 1 0 0 0 1 1 0 1 0 0 0 0 0 0 1 0 0 0 0 0 0 0 1 0 0 1 1 0 1 1 0 0 0 1 0 0 0 1 1 0 0 0 0 0 0 2 0 1 0 0 0 0 1 0 0 0 2 0 0 0 0 0 1 0 1 0 0 0 0 0 1 0 0 0 0 2 0 0 0 1 1 0 0
geno chr20.62273248 gbr  0 0 1 1 1 0 0 0 0 0 0 0 1 0 0 0 0 1 0 0 0 0 0 0 0 0 0 0 0 0 0 1 0 1 0 0 0 1 0 0 1 0 0 0 0 0 0 0 1 0 0 0 0 0 0 1 1 1 0 1 1 1 0 0 0 0 0 1 0 0 0 0 1 0 0 0 1 0 0 1 1 0 0 0
geno chr20.62273248 tsi  0 0 0 0 0 0 0 0 0 0 0 0 1 0 0 0 0 0 0 1 0 0 0 0 0 0 0 1 0 1 0 0 0 0 1 0 0 0 0 0 1 0 0 1 0 0 1 1 0 0 0 0 0 0 0 0 0 0 1 1 0 0 1 0 0 1 0 0 0 0 0 0 1 2 0 0 1 0 0 0 0 0 0 0 0 0 0 0 1 0 0 0
geno chr20.62273248 yri  0 0 0 0 0 1 1 0 0 0 0 0 1 0 0 1 0 0 1 0 0 0 0 0 0 0 1 0 0 0 0 1 1 1 0 1 0 0 0 0 0 0 0 0 0 0 0 1 1 0 1 1 0 0 0 0 0 0 0 0 1 0 0 0 0 1 1 0 0 0 0 0 0 0 1 0 0
geno chr20.62273280 ceu  0 0 0 0 0 0 0 0 0 1 1 0 1 0 1 0 0 0 0 1 0 0 0 0 0 0 0 1 1 0 0 1 0 0 0 0 0 0 0 0 1 0 0 0 0 0 0 0 1 0 0 1 0 0 0 0 0 0 0 0 0 0 0 2 0 1 0 0 0 0 0 1 0 0 0 0 0 0
geno chr20.62273280 fin  0 1 1 0 0 2 0 0 0 0 1 1 0 1 1 0 0 0 0 0 0 1 0 0 0 0 0 1 0 0 0 0 0 0 2 0 0 1 0 0 0 0 0 0 0 2 1 0 0 0 0 0 2 1 0 1 0 0 1 0 0 0 0 0 0 0 0 0 1 0 0 0 0 0 1 0 1 0 0 0 0 1 0 0 0 0 1 0 0
geno chr20.62273280 gbr  1 1 1 2 2 1 0 0 0 0 0 0 2 1 0 0 1 1 1 0 0 0 1 1 1 0 1 0 1 1 1 1 1 0 1 0 1 1 1 1 0 0 0 0 0 0 1 0 2 0 0 0 1 0 0 2 1 0 1 0 0 0 1 0 0 2 0 1 1 0 0 2 0 0 0 1 2 0 0 0 0 1 1 0
geno chr20.62273280 tsi  1 2 0 1 0 0 1 1 0 0 1 1 0 1 0 0 0 0 1 1 0 0 1 0 0 0 0 0 2 0 1 1 0 0 0 1 0 0 1 0 2 1 0 0 0 0 0 0 1 0 0 0 0 0 0 1 0 0 0 0 0 0 1 0 0 2 0 1 0 0 0 1 1 0 0 0 0 0 0 0 0 1 0 0 0 0 0 0 1 1 0 1
geno chr20.62273280 yri  1 1 0 0 2 0 0 0 1 0 1 0 2 1 0 0 0 0 1 0 0 1 0 1 0 1 2 1 1 1 0 2 1 2 2 2 2 1 0 0 0 1 0 0 0 0 1 1 0 0 1 1 0 0 0 0 0 0 1 0 0 0 0 0 1 2 1 1 1 2 0 0 0 0 1 1 1
geno chr20.62273285 ceu  1 0 0 0 0 1 0 0 0 0 0 0 0 0 0 0 1 0 0 0 0 1 1 0 0 0 1 0 0 0 0 0 0 0 0 0 0 1 0 0 0 0 0 0 1 2 0 0 1 0 0 1 0 1 0 0 0 0 0 0 0 0 0 0 0 0 0 0 0 0 0 0 0 0 0 0 0 0
geno chr20.62273285 fin  0 0 0 0 1 1 0 1 0 1 0 1 0 1 0 0 0 0 0 0 1 0 0 0 0 0 1 0 0 0 0 1 0 1 0 1 1 0 0 1 0 0 0 1 0 0 0 0 0 0 0 1 1 0 0 0 0 0 0 0 0 0 1 1 0 1 1 0 0 0 0 0 0 0 0 0 0 0 0 0 0 1 0 0 2 0 1 0 1
geno chr20.62273285 gbr  0 0 0 0 0 0 1 0 1 0 0 0 2 0 0 0 0 1 0 0 0 0 1 0 0 0 0 0 0 1 0 0 0 1 0 0 0 0 0 0 0 0 0 0 0 0 1 0 0 0 0 0 0 0 1 2 0 2 0 0 0 1 0 0 0 0 0 0 0 0 0 0 0 0 0 0 0 0 0 0 1 0 0 0
geno chr20.62273285 tsi  0 0 0 0 0 2 0 0 0 0 1 0 0 0 0 0 0 1 0 0 0 0 0 0 0 0 0 1 0 0 0 0 1 0 0 1 0 0 0 0 0 0 0 1 0 0 0 1 0 0 0 1 1 0 0 0 0 1 1 0 0 0 1 0 0 0 0 1 0 0 1 0 0 0 0 0 1 0 0 0 0 0 0 0 1 0 0 0 0 0 0 0
geno chr20.62273285 yri  0 1 0 0 0 0 0 0 0 0 0 0 0 0 0 0 0 0 1 0 0 0 0 0 1 0 1 0 0 0 0 0 0 1 0 0 0 0 0 0 0 1 0 0 0 0 0 0 0 0 0 0 0 0 0 0 0 0 1 0 0 0 0 0 0 0 0 0 1 0 0 0 0 0 0 0 0
geno chr20.62273319 ceu  0 0 0 0 0 0 0 0 0 0 0 0 0 0 1 0 0 0 0 0 0 0 0 1 0 0 0 0 0 0 1 0 0 0 0 0 0 0 0 0 0 0 0 0 0 0 0 0 0 0 0 0 0 0 0 0 0 0 0 0 0 0 0 0 0 0 0 0 0 0 0 1 0 0 0 0 0 0
geno chr20.62273319 fin  1 0 0 0 0 0 0 0 0 0 0 0 1 0 1 0 0 0 0 0 1 0 0 0 0 0 0 0 0 0 0 0 0 0 0 0 0 0 0 0 0 0 0 0 0 0 0 0 0 0 0 0 0 0 0 0 0 0 0 0 0 0 0 0 0 0 0 0 0 0 0 0 0 0 0 0 0 0 0 0 0 0 0 0 0 0 0 0 0
geno chr20.62273319 gbr  0 0 0 0 0 0 0 0 0 0 1 0 0 0 0 0 0 0 0 0 0 1 1 0 0 0 0 0 0 0 0 0 0 0 0 0 0 0 0 0 0 0 0 0 0 0 0 0 0 0 0 0 0 0 0 0 0 0 0 0 0 0 0 0 0 0 0 0 0 0 0 0 0 0 0 0 0 0 0 0 0 0 0 0
geno chr20.62273319 tsi  0 0 0 0 0 0 0 0 0 0 0 0 0 0 0 0 0 0 0 0 0 0 0 0 0 0 0 0 0 0 0 0 0 0 0 0 0 0 0 0 0 0 0 0 0 0 0 0 0 0 0 1 0 0 0 0 1 0 0 0 0 0 0 0 0 0 0 0 0 0 0 0 0 0 0 0 0 0 0 0 0 0 0 0 0 0 0 0 0 0 0 0
geno chr20.62273319 yri  0 0 1 0 0 1 0 0 0 0 0 0 0 1 0 0 0 0 1 0 1 0 1 0 0 0 1 0 0 0 0 1 0 0 0 0 0 0 1 0 0 0 0 0 0 1 0 0 0 0 0 1 0 0 0 0 1 0 1 0 0 0 0 0 0 0 0 0 0 0 1 0 1 0 0 1 0
geno chr20.62273331 ceu  0 0 0 0 0 0 0 0 0 0 0 1 0 0 0 0 0 0 0 0 0 0 0 0 0 0 0 0 0 0 0 0 0 0 0 0 0 0 0 0 0 0 0 0 0 0 0 0 0 0 1 0 0 0 0 0 1 1 0 0 0 0 0 0 0 0 0 0 0 0 1 0 0 0 0 0 0 0
geno chr20.62273331 fin  1 0 0 0 0 0 0 0 0 0 0 0 0 0 1 1 0 0 0 0 1 0 0 0 0 0 0 0 0 0 0 0 0 0 0 0 0 0 1 0 0 0 0 0 0 0 0 0 2 0 0 0 0 0 0 0 0 0 0 0 0 0 0 0 0 0 0 0 0 0 0 0 0 0 0 0 0 0 0 0 0 0 0 0 0 0 0 0 0
geno chr20.62273331 gbr  0 0 0 0 0 0 0 2 1 0 0 0 0 0 0 0 0 0 0 0 0 0 0 0 0 0 0 0 0 0 0 0 0 0 0 1 0 0 0 0 0 0 0 0 0 0 0 0 0 0 0 0 0 0 0 0 0 0 0 0 0 0 0 0 0 0 0 1 0 0 0 0 0 0 0 0 0 0 0 0 1 0 0 0
geno chr20.62273331 tsi  0 0 0 0 0 0 0 0 0 0 0 0 0 0 1 0 0 1 0 0 0 0 0 0 0 0 0 0 0 1 1 0 0 0 0 1 0 0 0 0 0 0 0 0 0 0 0 0 0 0 0 0 1 0 1 0 0 0 0 1 0 0 0 0 0 0 0 0 0 0 0 0 1 0 0 0 0 0 0 0 0 0 0 0 0 0 0 1 0 0 1 0
geno chr20.62273331 yri  0 0 1 0 0 0 0 1 1 0 0 0 0 0 0 0 0 0 0 1 0 1 0 0 0 0 0 0 0 0 0 0 0 0 0 0 0 0 0 0 0 0 0 0 0 0 0 0 0 1 0 0 0 0 0 1 0 0 1 0 0 0 1 0 0 0 0 0 0 0 0 0 0 0 0 0 0
geno chr20.62273435 ceu  1 1 2 0 1 0 1 2 0 2 0 0 1 1 0 1 2 2 0 0 1 1 2 1 0 2 0 0 1 1 0 1 1 1 2 1 1 1 1 1 1 0 0 1 1 2 2 2 2 1 2 1 2 1 2 0 1 1 2 1 0 0 2 1 0 0 1 2 1 0 1 2 1 0 1 1 1 1
geno chr20.62273435 fin  1 1 1 2 1 1 1 1 2 1 1 1 1 1 1 1 1 2 0 1 0 1 0 2 1 0 0 1 0 1 1 1 1 1 0 2 1 1 1 1 1 1 1 1 1 1 1 2 1 2 2 1 1 0 2 0 2 0 0 1 0 0 2 1 1 0 1 1 1 0 2 1 1 1 1 1 0 2 2 0 1 1 2 1 1 2 2 1 0
geno chr20.62273435 gbr  1 0 1 0 0 1 0 2 1 1 1 0 1 2 0 0 1 1 0 1 0 0 2 1 0 1 1 2 1 0 1 0 1 2 2 1 1 0 1 1 1 1 0 1 2 2 1 2 1 1 0 0 0 1 2 1 1 2 2 0 1 0 2 0 1 1 1 1 1 1 0 1 0 1 1 1 1 1 0 2 2 1 0 1
geno chr20.62273435 tsi  1 0 1 0 2 0 1 0 1 1 1 1 1 1 1 0 0 1 1 1 1 0 0 1 0 1 1 2 1 1 1 1 2 0 1 2 1 2 2 0 2 1 2 2 0 2 2 1 1 1 0 1 1 1 2 2 1 2 1 1 2 2 1 0 1 1 0 2 2 0 2 0 1 1 2 1 1 0 1 1 0 0 2 2 1 2 2 1 1 0 2 2
geno chr20.62273435 yri  1 1 1 1 2 0 0 0 1 0 0 0 2 0 0 1 2 1 1 0 0 1 0 1 0 2 2 0 1 1 0 0 0 1 1 1 2 0 1 2 1 1 1 0 0 2 0 1 1 0 1 0 0 0 1 1 0 1 0 0 1 1 0 0 1 1 0 2 2 1 2 1 2 0 0 0 0
geno chr20.62273935 ceu  1 1 2 0 1 0 1 2 0 2 0 0 1 1 0 1 2 2 0 0 1 1 2 1 0 2 0 0 1 1 0 1 1 1 2 1 1 1 1 1 1 0 0 1 1 2 2 2 2 1 2 1 2 1 2 0 1 1 2 1 0 0 2 1 0 0 1 2 1 0 1 2 1 0 1 1 1 1
geno chr20.62273935 fin  1 1 1 2 1 1 1 1 2 1 1 2 1 1 1 1 1 2 0 1 0 1 0 2 1 0 0 1 0 1 1 1 1 1 0 2 1 1 1 1 1 1 1 1 1 1 1 2 1 2 2 1 2 0 2 0 2 0 0 1 0 0 2 1 1 0 1 1 1 0 2 1 1 1 1 1 0 2 2 0 1 1 2 1 1 2 2 1 0
geno chr20.62273935 gbr  1 0 1 0 0 1 0 2 1 1 1 0 1 2 0 0 1 1 0 1 0 0 2 1 0 1 1 2 1 0 1 0 1 2 2 1 1 0 2 1 1 1 0 1 2 2 1 2 1 1 0 0 0 1 2 1 1 2 2 0 1 0 2 0 1 1 1 1 1 1 0 1 0 1 1 1 1 1 0 2 2 1 0 1
geno chr20.62273935 tsi  1 0 1 0 2 0 1 0 1 1 1 1 1 1 1 0 0 1 1 1 1 0 0 1 0 1 1 2 1 1 1 1 2 0 1 2 1 2 2 0 2 1 2 2 0 2 2 1 1 1 0 1 1 1 2 2 1 2 1 1 2 2 1 0 1 1 0 2 2 0 2 0 1 1 2 1 1 0 1 1 0 0 2 2 1 2 2 1 1 0 2 2
geno chr20.62273935 yri  1 1 2 1 2 0 0 0 1 0 0 0 2 0 0 1 2 1 1 0 0 1 0 1 0 2 2 0 1 1 0 0 0 1 1 1 2 0 1 2 1 1 1 0 0 1 0 1 1 0 1 0 0 0 1 1 0 1 1 0 1 1 0 0 1 1 0 2 2 1 2 1 2 0 0 0 0
geno chr20.62274317 ceu  0 1 0 0 1 2 1 0 0 0 1 1 1 1 2 0 0 0 1 1 1 1 0 0 1 0 1 1 1 1 2 1 0 1 0 0 1 1 1 1 0 1 1 0 0 0 0 0 0 0 0 1 0 0 0 0 0 1 0 0 1 1 0 1 0 2 0 0 1 2 1 0 1 1 0 0 1 0
geno chr20.62274317 fin  0 1 1 0 0 1 0 1 0 1 1 0 0 1 1 1 1 0 1 1 1 0 2 0 0 2 2 1 1 1 1 1 1 0 2 0 0 0 1 1 0 1 1 0 0 0 1 0 1 0 0 1 0 2 0 1 0 1 2 0 2 0 0 1 0 1 1 1 1 1 0 1 1 1 0 1 0 0 0 2 0 1 0 0 1 0 0 1 1
geno chr20.62274317 gbr  1 0 1 1 1 0 1 0 0 1 1 1 1 0 1 0 1 1 1 0 1 1 0 1 2 0 0 0 0 1 1 1 1 0 0 0 0 2 0 0 1 1 1 0 0 0 1 0 1 1 1 1 1 0 0 1 1 0 0 2 0 1 0 2 0 1 1 1 0 1 0 0 2 1 1 1 0 0 1 0 0 0 2 1
geno chr20.62274317 tsi  1 2 1 2 0 2 1 1 1 1 0 1 1 1 1 2 1 0 0 1 1 0 1 1 1 0 1 0 1 1 1 1 0 0 0 0 0 0 0 2 0 0 0 0 1 0 0 0 1 1 0 1 0 0 0 0 1 0 1 1 0 0 0 0 0 1 1 0 0 1 0 1 1 1 0 1 1 2 0 0 1 0 0 0 0 0 0 0 1 1 0 0
geno chr20.62274317 yri  1 1 0 1 0 2 2 1 1 2 2 2 0 2 2 1 0 1 1 2 2 1 2 1 2 0 0 1 1 1 2 2 2 1 1 1 0 2 1 0 1 1 1 2 2 1 2 1 1 2 1 2 1 2 1 1 1 1 1 2 1 1 2 2 1 1 2 0 0 1 0 1 0 2 2 2 2
geno chr20.62274548 ceu  1 1 2 0 1 0 1 2 0 2 0 0 1 1 0 1 2 2 0 0 1 1 2 1 0 2 0 0 1 1 0 1 1 1 2 1 1 1 1 1 1 0 0 1 1 2 2 2 2 1 2 1 2 1 2 0 1 1 2 1 0 0 2 1 0 0 1 2 1 0 1 2 1 0 1 1 1 1
geno chr20.62274548 fin  1 1 1 2 1 1 1 1 2 1 1 1 1 1 1 1 1 2 0 1 0 1 0 2 1 0 0 1 0 1 1 1 1 1 0 2 1 1 1 1 1 1 1 1 1 1 1 2 1 2 2 1 1 0 2 0 2 0 0 1 0 0 2 1 1 1 1 1 1 0 2 1 1 1 1 1 0 2 2 0 1 1 2 1 1 2 2 1 0
geno chr20.62274548 gbr  1 0 1 0 0 1 0 2 1 1 1 0 1 2 0 0 1 1 0 1 0 0 2 1 0 1 1 2 1 0 1 0 1 2 2 1 1 0 2 1 1 1 0 1 2 2 1 2 1 1 0 0 0 1 2 1 1 2 2 0 2 0 2 0 1 1 1 1 1 1 0 1 0 1 1 1 1 1 0 2 2 1 0 1
geno chr20.62274548 tsi  1 0 1 0 2 0 1 0 1 1 1 1 1 1 1 0 0 1 1 1 1 0 0 1 0 1 1 2 1 1 1 1 2 0 1 2 1 2 2 0 2 1 2 2 0 2 2 1 1 1 0 1 1 1 2 2 1 2 1 1 2 2 1 0 1 1 0 2 2 0 2 0 1 1 2 1 1 0 1 1 0 0 2 2 1 2 2 1 1 0 2 2
geno chr20.62274548 yri  1 1 2 1 2 0 0 0 1 0 0 0 2 0 0 1 2 1 1 0 0 1 0 1 0 2 2 0 1 1 0 0 0 1 1 1 2 0 1 2 1 1 1 0 0 1 0 1 1 0 1 0 0 0 1 1 0 1 1 0 1 1 0 0 1 1 0 2 2 1 2 1 2 0 0 0 0
