pheno ENSG00000130312 ceu -0.9399047 -2.210699 -1.838269 0.5962696 -2.101406 0.330594 -0.8099205 1.108243 -0.9124083 -0.9710249 -0.5892132 0.5903782 -0.5984254 0.64263 -0.1760026 -0.4581127 -0.6094638 -1.492085 1.134256 -0.6073428 -0.8038535 -0.7229073 -2.563984 0.8597563 -0.4111235 -1.035835 -2.400852 -2.200734 0.5152261 -0.2709913 -0.7039557 -0.2687319 -0.8233466 -0.9033394 -0.4510069 -0.03936709 0.4971316 1.256571 -1.787781 -0.0592647 -0.2847847 0.43416 0.5610088 -0.2108612 0.3646442 -0.8109593 -0.6538795 0.3395069 0.3107807 -1.848247 -0.7153778 0.8461568 0.1472863 -1.290742 0.3400373 0.8267234 -1.112209 0.04706584 1.655911 -0.2458914 -0.7776563 1.40881 0.3785878 1.083442 0.1692233 -0.5223939 1.959863 0.3019303 -1.421622 -2.70766 0.3171204 1.084059 -1.347983 1.677342 1.363498 0.6021562 -0.9994314 -0.4846543
pheno ENSG00000130312 fin 0.635547 -0.07106223 2.503644 0.6975863 -0.3454397 2.14538 -1.662689 2.130377 0.9912764 0.838635 0.3901461 2.342709 1.107956 1.151141 -1.424583 1.525413 0.7451047 1.801214 -0.1661002 2.804211 0.8724318 0.4161923 0.7528207 1.963571 -0.5597189 0.9407199 -0.7184793 2.524318 1.527856 -0.4138582 -0.3736617 1.142911 2.246284 -0.4573859 0.6933015 2.670818 1.091917 -0.46717 1.644324 1.055263 0.5425088 0.1634997 1.00309 0.6473726 1.636624 1.267059 -0.4133655 -0.1619318 -0.2741285 -0.4999182 1.362658 1.696021 -1.009934 1.643651 1.053218 0.9961303 1.1108 -0.9779379 1.365345 1.366969 0.6024145 0.7995885 1.067876 -0.4982954 1.375599 -1.119912 0.4117338 0.8063578 2.497035 1.655565 0.458984 1.903311 1.324838 -0.5927008 1.248977 1.054899 0.3576237 1.133925 1.435236 0.818955 -1.775858 1.224244 1.645132 1.517217 1.286464 0.4161393 1.835292 1.99512 0.8717874
pheno ENSG00000130312 gbr 1.137966 0.2428753 0.8070213 -1.006388 -0.4688519 2.304081 0.9235016 -0.06892668 0.06623427 0.5645297 0.3087135 0.401418 0.1964318 1.114412 -1.14873 -0.3250148 -0.3876895 0.05461666 -1.153523 0.5078545 0.7119904 -0.7489273 0.5969225 1.276649 1.561388 -0.6960828 -0.1130481 0.9090567 0.6310408 -0.02699149 0.5880219 -1.669331 1.298967 1.401903 1.351707 0.98371 0.9032688 2.092015 0.9952422 1.602982 1.136526 -0.7097129 -0.1591517 1.304495 -0.08666297 -0.2439227 0.206243 0.6797659 0.7116149 0.6258333 1.230164 0.7677662 1.023707 1.327852 0.3049435 1.444978 -0.7859462 -0.1193631 -0.04022032 0.381095 1.884047 -0.1606867 -0.04451658 -1.708761 1.153587 -0.5495141 -0.3108386 1.854098 -0.5368752 -0.6503004 -0.9976405 0.9337227 0.02926751 -0.07998959 0.2182311 2.422472 -0.407972 1.299669 -0.2496071 1.079477 2.298353 1.06058 0.7647906 0.770468
pheno ENSG00000130312 tsi 1.716481 0.7798892 -0.377364 1.556355 0.8548268 2.056217 1.360426 -0.6957653 1.666111 -1.353257 -0.3431452 -0.2834472 -0.78166 1.225162 0.4266303 -0.1398111 0.02158819 0.2259874 -1.649698 -1.862948 -0.3211057 0.3911762 -1.446652 0.2801855 3.031265 -1.49724 0.3307197 -0.5613418 0.6266085 -1.568868 1.169012 -0.3658752 -1.092855 1.393378 -0.4522721 0.9709042 -0.4058799 1.08422 -1.237371 -0.09465165 1.468348 0.5297871 -1.313654 1.066074 0.696194 -0.8213436 0.378007 0.6709245 0.858177 1.514184 -0.1443255 0.2765091 0.8037188 0.9351859 -1.008367 -0.9744311 1.211275 0.3074338 0.2393798 -1.064999 -0.1662765 0.5152272 1.918548 0.6533892 0.03036287 0.7140791 0.2242428 -0.7651752 -0.7248068 0.6726237 1.004283 0.9887347 -0.2074384 0.7086752 0.3242545 1.096594 0.821168 0.5037746 -2.300504 1.492964 -0.4107335 0.2966121 -0.3438883 2.192458 -0.04895377 0.6426057 1.660236 -0.09656046 -0.7310904 1.17489 -1.075273 -0.6787214
pheno ENSG00000130312 yri 2.396019 0.6610701 -0.4991697 -0.2484241 0.873386 -0.1774663 -0.4884948 -1.456827 -1.612968 0.4387206 -1.173335 0.5875781 -0.7925166 0.9098332 -1.630669 0.01638275 -0.125398 -0.7411236 -0.6460568 -1.264589 -0.7928702 -0.02084195 0.2690382 -0.5669029 1.83617 0.4942569 -0.6487079 0.300853 0.1356295 -0.7349994 -1.07626 1.523602 0.05144421 -2.523878 0.3834007 -0.6294302 -0.233433 0.5964762 0.5093977 2.446591 -1.283385 -0.6290175 -0.08799265 0.1819119 0.4294532 0.04527716 -0.05207316 0.6858478 -0.5405072 -1.276515 -0.7686872 -0.9502116 0.6950802 0.1404492 -1.034245 -0.1647404 -1.527812 1.178178 -1.455182 0.6696604 -0.082978 -0.05277213 -1.426429 0.1566958 0.5060334 -1.120537 -0.8762302 0.9293799 -0.8043246 0.2669093 1.264098 -0.4835353 0.1730002 -1.311284 -0.2384507 -0.2664278 -1.688776
geno chr19.17303460 ceu  0 2 1 0 2 0 1 1 0 2 1 1 2 0 0 0 1 0 1 0 0 1 0 0 0 1 2 1 1 2 1 0 0 1 0 1 1 2 2 1 1 1 1 1 0 1 2 1 2 1 1 1 0 0 1 2 0 1 1 0 1 1 0 2 1 1 1 1 0 1 0 0 0 0 1 0 0 2
geno chr19.17303460 fin  0 1 2 1 2 2 0 0 2 0 1 1 1 1 0 0 1 1 0 1 1 0 0 2 1 0 0 2 2 0 0 0 2 1 1 1 2 0 0 1 1 2 1 1 1 0 0 1 1 1 1 0 1 1 0 1 0 0 2 1 2 0 2 1 1 0 1 0 1 0 0 1 1 0 2 0 0 2 1 0 0 0 1 1 1 0 1 0 0
geno chr19.17303460 gbr  1 2 1 0 1 2 0 1 0 0 2 0 1 1 0 1 1 2 0 1 1 0 1 1 0 0 0 0 2 1 0 0 1 0 0 2 1 0 0 0 1 1 0 2 0 1 0 1 1 1 0 1 1 1 0 1 1 1 0 0 0 2 1 1 2 1 2 1 1 0 0 0 2 2 1 1 0 1 1 2 0 1 1 0
geno chr19.17303460 tsi  2 1 1 2 1 0 1 0 0 0 2 1 1 1 1 1 1 1 1 1 0 0 2 0 1 1 1 1 2 2 1 0 2 0 1 1 2 0 2 1 2 1 0 0 0 1 0 1 1 1 1 1 0 1 0 0 1 1 1 0 0 1 0 1 1 1 1 0 2 1 1 1 0 2 1 1 1 2 0 0 0 1 0 2 1 0 0 0 1 1 2 0
geno chr19.17303460 yri  2 2 2 2 2 2 2 2 1 1 2 2 2 1 2 2 1 2 1 1 2 1 2 1 2 1 2 2 2 1 1 2 2 2 2 1 2 2 1 2 1 2 1 2 2 2 2 2 1 1 1 1 1 1 2 2 1 2 2 2 1 2 2 2 1 2 2 0 1 2 2 2 2 2 1 1 2
geno chr19.17303774 ceu  0 2 1 0 2 0 1 1 0 2 1 1 2 0 0 0 1 0 1 0 0 1 0 0 0 1 2 1 1 2 1 0 0 1 0 1 1 2 2 1 1 1 1 1 0 1 2 1 2 1 1 1 0 0 1 2 0 1 1 0 1 1 0 2 1 1 1 1 0 1 0 0 0 0 1 0 0 2
geno chr19.17303774 fin  0 1 2 1 2 2 0 0 2 0 1 1 1 1 0 0 1 1 0 1 1 0 0 2 1 0 0 2 2 0 0 0 2 1 1 1 2 0 0 1 1 2 1 1 1 0 0 1 1 1 1 0 1 1 0 1 0 0 2 1 2 0 2 1 1 0 1 0 1 0 1 1 1 0 2 0 0 2 1 0 0 0 1 1 1 0 1 0 0
geno chr19.17303774 gbr  1 2 1 0 1 2 0 1 0 0 2 0 1 1 0 1 1 2 0 1 1 0 1 1 0 0 0 0 2 1 0 0 1 0 0 2 1 0 0 0 1 1 0 2 0 1 0 1 1 1 0 1 1 1 0 1 1 1 0 0 0 2 1 1 2 1 2 1 1 0 0 0 2 2 1 1 0 1 1 2 0 1 1 0
geno chr19.17303774 tsi  2 1 1 2 1 0 1 0 0 0 2 1 1 1 1 1 1 1 1 1 0 0 2 0 1 1 1 1 2 2 1 0 2 0 1 1 2 0 2 1 2 1 0 0 0 1 0 1 1 1 1 1 0 1 0 0 1 1 1 0 0 1 0 1 1 1 1 0 2 1 1 1 0 2 1 1 1 2 0 0 0 1 0 2 1 0 0 0 1 1 2 0
geno chr19.17303774 yri  2 2 2 2 2 2 2 2 1 1 2 2 2 1 2 2 1 2 1 1 2 1 2 1 2 1 2 2 2 1 1 2 2 2 2 1 2 2 1 2 1 2 1 2 2 2 2 2 1 1 1 1 1 1 2 2 1 2 2 2 1 2 2 2 1 2 2 0 1 2 2 2 2 2 1 1 2
geno chr19.17304236 ceu  0 2 0 0 1 0 1 1 0 2 1 1 2 0 0 0 0 0 1 0 0 0 0 0 0 1 2 0 1 1 1 0 0 1 0 1 1 2 2 1 1 1 1 1 0 1 2 1 2 1 1 1 0 0 0 2 0 1 1 0 0 1 0 1 1 1 1 1 0 0 0 0 0 0 1 0 0 2
geno chr19.17304236 fin  0 1 2 1 2 2 0 0 2 0 1 1 1 1 0 0 1 1 0 1 1 0 0 2 1 0 0 2 2 0 0 0 1 1 1 1 2 0 0 1 1 2 1 1 1 0 0 1 1 1 1 0 1 1 0 1 0 0 2 1 2 0 2 1 1 0 1 0 1 0 0 1 1 0 2 0 0 2 1 0 0 0 1 1 1 0 1 0 0
geno chr19.17304236 gbr  1 2 1 0 1 2 0 1 0 0 2 0 1 1 0 1 1 2 0 0 1 0 1 1 0 0 0 0 2 1 0 0 1 0 0 2 1 0 0 0 1 1 0 2 0 1 0 1 1 1 0 1 1 1 0 1 1 1 0 0 0 2 1 1 2 1 2 1 1 0 0 0 2 2 1 0 0 1 1 2 0 0 1 0
geno chr19.17304236 tsi  2 1 1 2 1 0 1 0 0 0 2 1 1 1 0 1 1 1 1 1 0 0 1 0 1 1 1 1 2 2 0 0 2 0 1 1 0 0 2 1 2 1 0 0 0 1 0 1 1 1 1 1 0 1 0 0 1 0 1 0 0 1 0 1 1 1 1 0 1 1 1 1 0 2 0 1 1 2 0 0 0 1 0 2 1 0 0 0 1 1 2 0
geno chr19.17304236 yri  1 1 1 2 0 1 1 1 0 1 2 2 0 0 2 1 1 2 1 1 2 0 2 0 2 1 1 2 0 1 1 1 0 2 2 1 2 1 1 2 1 2 1 2 2 2 1 1 1 1 1 1 1 0 2 2 1 0 2 1 1 0 1 1 1 2 1 0 1 2 1 2 1 1 0 1 2
geno chr19.17305440 ceu  0 2 1 0 2 0 1 1 0 2 1 1 2 0 0 0 1 0 1 0 0 1 0 0 0 1 2 1 1 2 1 0 0 1 0 1 1 2 2 1 1 1 1 1 0 1 2 1 2 1 1 1 0 0 1 2 0 1 1 0 1 1 0 2 1 1 1 1 0 1 0 0 0 0 1 0 0 2
geno chr19.17305440 fin  0 1 2 1 2 2 0 0 2 0 1 1 1 1 0 0 1 1 0 1 1 0 0 2 1 0 0 2 2 0 0 0 2 1 1 1 2 0 0 1 1 2 1 1 1 0 0 1 1 1 1 0 1 1 0 1 0 0 2 1 2 0 2 1 1 0 1 0 1 0 0 1 1 0 2 0 0 2 1 0 0 0 1 1 1 0 1 0 0
geno chr19.17305440 gbr  1 2 1 0 1 2 0 1 0 0 2 0 1 1 0 1 1 2 0 1 1 0 1 1 0 0 0 0 2 1 0 0 1 0 0 2 1 0 0 0 1 1 0 2 0 1 0 1 1 1 0 1 1 1 0 1 1 1 0 0 0 2 1 1 2 1 2 1 1 0 0 0 2 2 1 1 0 1 1 2 0 1 1 0
geno chr19.17305440 tsi  2 1 1 2 1 0 1 0 0 0 2 1 1 1 1 1 1 1 1 1 0 0 2 0 1 1 1 1 2 2 1 0 2 0 1 1 2 0 2 1 2 1 0 0 0 1 0 1 1 1 1 1 0 1 0 0 1 1 1 0 0 1 0 1 1 1 1 0 2 1 1 1 0 2 1 1 1 2 0 0 0 1 0 2 1 0 0 0 1 1 2 0
geno chr19.17305440 yri  2 2 2 2 2 2 2 2 1 1 2 2 2 1 2 2 1 2 1 1 2 1 2 1 2 1 2 2 2 1 1 2 2 2 2 1 2 2 1 2 1 2 1 2 2 2 2 2 1 1 1 1 1 1 2 2 1 2 2 2 1 2 2 2 1 2 2 0 1 2 2 2 2 2 1 1 2
geno chr19.17305781 ceu  0 0 1 0 1 0 0 0 0 0 0 0 0 0 0 0 1 0 0 0 0 1 0 0 0 0 0 1 0 1 0 0 0 0 0 0 0 0 0 0 0 0 0 0 0 0 0 0 0 0 0 0 0 0 1 0 0 0 0 0 1 0 0 1 0 0 0 0 0 1 0 0 0 0 0 0 0 0
geno chr19.17305781 fin  0 0 0 0 0 0 0 0 0 0 0 0 0 0 0 0 0 0 0 0 0 0 0 0 0 0 0 0 0 0 0 0 1 0 0 0 0 0 0 0 0 0 0 0 0 0 0 0 0 0 0 0 0 0 0 0 0 0 0 0 0 0 0 0 0 0 0 0 0 0 0 0 0 0 0 0 0 0 0 0 0 0 0 0 0 0 0 0 0
geno chr19.17305781 gbr  0 0 0 0 0 0 0 0 0 0 0 0 0 0 0 0 0 0 0 1 0 0 0 0 0 0 0 0 0 0 0 0 0 0 0 0 0 0 0 0 0 0 0 0 0 0 0 0 0 0 0 0 0 0 0 0 0 0 0 0 0 0 0 0 0 0 0 0 0 0 0 0 0 0 0 1 0 0 0 0 0 1 0 0
geno chr19.17305781 tsi  0 0 0 0 0 0 0 0 0 0 0 0 0 0 1 0 0 0 0 0 0 0 1 0 0 0 0 0 0 0 1 0 0 0 0 0 2 0 0 0 0 0 0 0 0 0 0 0 0 0 0 0 0 0 0 0 0 1 0 0 0 0 0 0 0 0 0 0 1 0 0 0 0 0 1 0 0 0 0 0 0 0 0 0 0 0 0 0 0 0 0 0
geno chr19.17305781 yri  1 0 1 0 2 1 1 1 1 0 0 0 2 1 0 1 0 0 0 0 0 1 0 1 0 0 0 0 2 0 0 1 2 0 0 0 0 1 0 0 0 0 0 0 0 0 1 1 0 0 0 0 0 1 0 0 0 2 0 1 0 2 1 1 0 0 1 0 0 0 1 0 1 1 1 0 0
geno chr19.17306031 ceu  0 2 2 1 2 0 1 1 1 2 2 2 2 1 1 1 1 2 2 0 0 2 0 0 1 2 2 1 1 2 1 2 2 2 0 1 2 2 2 1 2 1 1 1 0 1 2 2 2 2 1 1 1 0 1 2 0 1 1 1 1 2 1 2 1 1 1 2 0 1 1 0 2 0 1 0 0 2
geno chr19.17306031 fin  0 2 2 2 2 2 1 0 2 1 1 1 1 1 0 0 1 1 2 1 1 0 0 2 1 1 0 2 2 0 1 0 2 1 2 1 2 1 0 2 1 2 2 1 1 2 0 2 1 1 1 1 1 1 0 2 1 0 2 2 2 1 2 2 1 1 1 1 1 0 0 1 1 0 2 0 0 2 1 0 0 0 1 1 1 1 2 1 0
geno chr19.17306031 gbr  1 2 1 2 2 2 0 1 0 1 2 0 2 2 1 1 1 2 0 2 1 1 1 1 0 0 1 0 2 1 1 1 1 1 1 2 1 0 1 2 1 2 0 2 1 1 0 1 1 1 0 1 2 1 0 2 1 1 2 1 2 2 1 1 2 1 2 1 2 1 0 1 2 2 2 1 0 1 1 2 1 2 2 0
geno chr19.17306031 tsi  2 1 1 2 1 1 2 1 0 0 2 1 1 2 2 1 1 1 2 2 0 0 2 1 1 1 1 2 2 2 1 0 2 0 1 1 2 0 2 1 2 1 2 0 0 2 0 2 1 2 1 2 0 1 1 0 1 1 2 1 1 1 0 1 2 1 1 0 2 1 1 1 2 2 1 1 1 2 1 1 1 1 2 2 2 0 1 1 1 1 2 1
geno chr19.17306031 yri  2 2 2 2 2 2 2 2 2 2 2 2 2 2 2 2 2 2 2 2 2 2 2 2 2 2 2 2 2 2 2 2 2 2 2 2 2 2 2 2 1 2 2 2 2 2 2 2 2 2 2 2 2 2 2 2 2 2 2 2 2 2 2 2 2 2 2 2 2 2 2 2 2 2 2 2 2
geno chr19.17306397 ceu  0 0 1 0 1 0 0 0 0 0 0 0 0 0 0 0 1 0 0 0 0 1 0 0 0 0 0 1 0 1 0 0 0 0 0 0 0 0 0 0 0 0 0 0 0 0 0 0 0 0 0 0 0 0 1 0 0 0 0 0 1 0 0 1 0 0 0 0 0 1 0 0 0 0 0 0 0 0
geno chr19.17306397 fin  0 0 0 0 0 0 0 0 0 0 0 0 0 0 0 0 0 0 0 0 0 0 0 0 0 0 0 0 0 0 0 0 1 0 0 0 0 0 0 0 0 0 0 0 0 0 0 0 0 0 0 0 0 0 0 0 0 0 0 0 0 0 0 0 0 0 0 0 0 0 0 0 0 0 0 0 0 0 0 0 0 0 0 0 0 0 0 0 0
geno chr19.17306397 gbr  0 0 0 0 0 0 0 0 0 0 0 0 0 0 0 0 0 0 0 1 0 0 0 0 0 0 0 0 0 0 0 0 0 0 0 0 0 0 0 0 0 0 0 0 0 0 0 0 0 0 0 0 0 0 0 0 0 0 0 0 0 0 0 0 0 0 0 0 0 0 0 0 0 0 0 1 0 0 0 0 0 1 0 0
geno chr19.17306397 tsi  0 0 0 0 0 0 0 0 0 0 0 0 0 0 1 0 0 0 0 0 0 0 1 0 0 0 0 0 0 0 1 0 0 0 0 0 2 0 0 0 0 0 0 0 0 0 0 0 0 0 0 0 0 0 0 0 0 1 0 0 0 0 0 0 0 0 0 0 1 0 0 0 0 0 1 0 0 0 0 0 0 0 0 0 0 0 0 0 0 0 0 0
geno chr19.17306397 yri  0 0 1 0 2 1 1 1 1 0 0 0 2 1 0 1 0 0 0 0 0 1 0 1 0 0 0 0 2 0 0 1 2 0 0 0 0 1 0 0 0 0 0 0 0 0 1 1 0 0 0 0 0 1 0 0 0 2 0 1 0 2 1 1 0 0 1 0 0 0 1 0 1 1 1 0 0
geno chr19.17306531 ceu  0 1 0 0 1 0 0 0 0 1 0 0 0 0 0 0 0 0 0 0 0 0 0 0 0 1 1 0 0 1 1 0 0 1 0 1 1 1 1 0 0 0 0 0 0 1 1 1 0 1 1 0 0 0 0 0 0 0 1 0 0 0 0 0 1 0 1 1 0 0 0 0 0 0 0 0 0 0
geno chr19.17306531 fin  1 0 1 1 1 0 0 0 1 0 1 0 1 1 0 0 1 0 0 1 0 0 0 1 1 0 0 1 1 1 0 0 0 0 1 0 2 0 0 0 1 0 1 0 1 0 0 1 1 0 1 0 0 0 0 1 0 1 1 1 2 0 2 0 1 0 1 0 0 0 0 1 0 0 1 0 0 0 1 0 0 0 0 1 0 0 0 0 0
geno chr19.17306531 gbr  0 0 0 0 0 0 0 0 0 0 1 0 1 1 0 0 1 1 0 0 1 0 0 0 0 0 0 0 2 0 0 0 1 0 0 1 1 0 0 0 1 1 1 1 0 1 0 1 0 0 0 1 1 1 0 1 0 0 0 0 0 2 1 1 2 0 1 1 0 0 0 0 2 0 0 0 0 0 1 1 0 0 0 0
geno chr19.17306531 tsi  0 0 0 1 0 0 0 0 0 0 0 0 0 1 0 1 1 0 1 0 0 0 1 0 1 1 0 0 1 0 0 0 1 0 0 1 0 0 0 0 0 0 0 0 0 0 0 1 0 0 0 1 0 0 0 0 0 0 1 0 0 0 0 1 1 0 0 0 1 0 0 0 0 0 0 1 1 0 0 0 0 0 0 0 0 0 0 0 0 0 2 0
geno chr19.17306531 yri  0 0 0 0 0 0 0 0 0 0 0 0 0 0 0 0 0 1 0 0 0 0 0 0 0 0 0 0 0 0 0 1 0 0 0 0 0 0 0 0 0 0 1 1 0 0 0 0 0 0 0 0 0 0 0 0 0 0 0 0 0 0 1 0 0 0 0 0 0 0 0 0 0 0 0 0 0
geno chr19.17306660 ceu  0 0 1 0 1 0 0 0 0 0 0 0 0 0 0 0 1 0 0 0 0 1 0 0 0 0 0 1 0 1 0 0 0 0 0 0 0 0 0 0 0 0 0 0 0 0 0 0 0 0 0 0 0 0 1 0 0 0 0 1 1 0 0 1 0 0 0 0 0 1 0 0 0 0 0 0 0 0
geno chr19.17306660 fin  0 0 0 0 0 0 0 0 0 0 0 0 0 0 0 0 0 0 0 0 0 0 0 0 0 0 0 0 0 0 0 0 1 0 0 0 0 0 0 0 0 0 0 0 0 0 0 0 0 0 0 0 0 0 0 0 0 0 0 0 0 0 0 0 0 0 0 0 0 0 0 0 0 0 0 0 0 0 0 0 0 0 0 0 0 0 0 0 0
geno chr19.17306660 gbr  0 0 0 0 0 0 0 0 0 0 0 0 0 0 0 0 0 0 0 1 0 0 0 0 0 0 0 0 0 0 0 0 0 0 0 0 0 0 0 0 0 0 0 0 0 0 0 0 0 0 0 0 0 0 0 0 0 0 0 0 0 0 0 0 0 0 0 0 0 0 0 0 0 0 0 1 0 0 0 0 0 1 0 0
geno chr19.17306660 tsi  0 0 0 0 0 0 0 0 0 0 0 0 0 0 1 0 0 0 0 0 0 0 1 0 0 0 0 0 0 0 1 0 0 0 0 0 2 0 0 0 0 0 0 0 0 0 0 0 0 0 0 0 0 0 0 0 0 1 0 0 0 0 0 0 0 0 0 0 1 0 0 0 0 0 1 0 0 0 0 0 0 0 0 0 0 0 0 0 0 0 0 0
geno chr19.17306660 yri  1 0 1 0 2 1 1 1 1 0 0 0 2 1 0 1 0 0 0 0 0 0 0 1 0 0 0 0 2 0 0 1 2 0 0 0 0 1 0 0 0 0 0 0 0 0 1 1 0 0 0 0 0 1 0 0 0 2 0 0 0 2 1 1 0 0 1 0 0 0 1 0 1 1 1 0 0
geno chr19.17306797 ceu  0 0 1 0 1 0 0 0 0 0 0 0 0 0 0 0 1 0 0 0 0 1 0 0 0 0 0 1 0 1 0 0 0 0 0 0 0 0 0 0 0 0 0 0 0 0 0 0 0 0 0 0 0 0 1 0 0 0 0 1 1 0 0 1 0 0 0 0 0 1 0 0 0 0 0 0 0 0
geno chr19.17306797 fin  0 0 0 0 0 0 0 0 0 0 0 0 0 0 0 0 0 0 0 0 0 0 0 0 0 0 0 0 0 0 0 0 1 0 0 0 0 0 0 0 0 0 0 0 0 0 0 0 0 0 0 0 0 0 0 0 0 0 0 0 0 0 0 0 0 0 0 0 0 0 0 0 0 0 0 0 0 0 0 0 0 0 0 0 0 0 0 0 0
geno chr19.17306797 gbr  0 0 0 0 0 0 0 0 0 0 0 0 0 0 0 0 0 0 0 1 0 0 0 0 0 0 0 0 0 0 0 0 0 0 0 0 0 0 0 0 0 0 0 0 0 0 0 0 0 0 0 0 0 0 0 0 0 0 0 0 0 0 0 0 0 0 0 0 0 0 0 0 0 0 0 1 0 0 0 0 0 1 0 0
geno chr19.17306797 tsi  0 0 0 0 0 0 0 0 0 0 0 0 0 0 1 0 0 0 0 0 0 0 1 0 0 0 0 0 0 0 1 0 0 0 0 0 2 0 0 0 0 0 0 0 0 0 0 0 0 0 0 0 0 0 0 0 0 1 0 0 0 0 0 0 0 0 0 0 1 0 0 0 0 0 1 0 0 0 0 0 0 0 0 0 0 0 0 0 0 0 0 0
geno chr19.17306797 yri  1 0 1 0 2 1 1 1 1 0 0 0 2 1 0 1 0 0 0 0 0 1 0 1 0 0 0 0 2 0 0 1 2 0 0 0 0 1 0 0 0 0 0 0 0 0 1 1 0 0 0 0 0 1 0 0 0 2 0 1 0 2 1 1 0 0 1 0 0 0 1 0 1 1 1 0 0
geno chr19.17306916 ceu  0 0 1 0 1 0 0 0 0 0 0 0 0 0 0 0 1 0 0 0 0 1 0 0 0 0 0 1 0 1 0 0 0 0 0 0 0 0 0 0 0 0 0 0 0 0 0 0 0 0 0 0 0 0 1 0 0 0 0 0 1 0 0 1 0 0 0 0 0 1 0 0 0 0 0 0 0 0
geno chr19.17306916 fin  0 0 0 0 0 0 0 0 0 0 0 0 0 0 0 0 0 0 0 0 0 0 0 0 0 0 0 0 0 0 0 0 1 0 0 0 0 0 0 0 0 0 0 0 0 0 0 0 0 0 0 0 0 0 0 0 0 0 0 0 0 0 0 0 0 0 0 0 0 0 0 0 0 0 0 0 0 0 0 0 0 0 0 0 0 0 0 0 0
geno chr19.17306916 gbr  0 0 0 0 0 0 0 0 0 0 0 0 0 0 0 0 0 0 0 1 0 0 0 0 0 0 0 0 0 0 0 0 0 0 0 0 0 0 0 0 0 0 0 0 0 0 0 0 0 0 0 0 0 0 0 0 0 0 0 0 0 0 0 0 0 0 0 0 0 0 0 0 0 0 0 1 0 0 0 0 0 1 0 0
geno chr19.17306916 tsi  0 0 0 0 0 0 0 0 0 0 0 0 0 0 1 0 0 0 0 0 0 0 1 0 0 0 0 0 0 0 1 0 0 0 0 0 2 0 0 0 0 0 0 0 0 0 0 0 0 0 0 0 0 0 0 0 0 1 0 0 0 0 0 0 0 0 0 0 1 0 0 0 0 0 1 0 0 0 0 0 0 0 0 0 0 0 0 0 0 0 0 0
geno chr19.17306916 yri  1 0 1 0 2 1 1 1 1 0 0 0 2 1 0 1 0 0 0 0 0 1 0 1 0 0 0 0 2 0 0 1 2 0 0 0 0 1 0 0 0 0 0 0 0 0 1 1 0 0 0 0 0 1 0 0 0 2 0 1 0 2 1 1 0 0 1 0 0 0 1 0 1 1 1 0 0
geno chr19.17306950 ceu  0 2 0 1 1 0 1 1 0 2 2 1 1 0 0 1 0 2 1 0 1 1 0 0 0 1 2 1 1 1 1 2 2 1 0 1 2 2 2 1 1 1 0 1 0 2 2 1 1 1 1 0 1 1 0 1 0 1 1 0 0 1 0 1 1 1 2 1 0 0 0 1 0 0 1 1 0 2
geno chr19.17306950 fin  1 1 2 1 1 1 0 0 2 1 1 1 1 1 1 0 1 1 0 2 1 0 1 1 1 1 0 2 2 1 1 0 1 1 1 2 2 0 0 2 1 2 0 1 1 1 0 1 1 1 1 0 1 1 0 1 0 0 2 1 2 0 2 0 1 1 1 0 2 0 0 0 1 0 2 0 0 2 2 0 0 0 1 1 1 0 1 0 0
geno chr19.17306950 gbr  1 1 1 0 1 2 0 1 0 0 2 1 1 0 1 0 1 1 0 1 1 0 0 1 0 0 0 1 2 1 0 0 2 1 0 2 1 0 0 0 0 1 0 2 1 1 0 1 1 0 0 1 1 1 0 1 1 0 1 1 0 2 1 1 2 2 2 1 1 0 1 1 2 1 2 1 0 1 1 2 0 0 1 0
geno chr19.17306950 tsi  2 1 2 2 1 0 1 0 0 0 2 1 0 1 1 1 1 1 1 0 0 0 1 1 1 1 1 1 2 2 1 0 1 0 1 1 0 0 2 1 2 2 0 0 1 1 0 1 1 1 1 2 0 1 0 0 1 0 1 1 0 0 0 1 1 1 1 0 1 2 1 1 0 2 0 1 1 0 0 0 1 0 0 2 1 0 0 1 0 1 2 0
geno chr19.17306950 yri  1 2 1 1 0 1 1 1 1 1 2 1 0 1 0 1 1 2 2 0 2 1 1 0 2 1 1 2 0 1 1 2 0 2 2 1 2 2 1 2 1 2 1 1 2 1 1 1 0 1 1 2 1 0 2 2 1 0 2 2 1 0 1 1 1 2 1 0 1 2 1 0 1 1 2 1 1
geno chr19.17306978 ceu  0 2 0 0 1 0 1 1 0 2 1 1 2 0 0 0 0 0 1 0 1 0 1 0 0 1 2 0 1 1 1 0 0 1 0 1 1 2 2 1 1 0 1 1 0 1 2 1 2 1 1 1 0 0 0 2 0 1 1 0 0 1 0 1 1 1 1 1 0 0 0 0 0 0 1 0 0 2
geno chr19.17306978 fin  0 1 2 1 2 2 0 0 2 0 1 1 1 1 0 0 1 1 0 1 1 0 0 2 1 0 0 2 2 0 0 0 1 1 1 2 2 0 0 1 1 2 1 1 1 0 0 1 1 1 1 0 1 1 0 1 0 0 2 1 2 0 2 2 1 0 1 0 1 0 0 1 1 0 2 0 0 2 1 0 0 0 1 1 1 0 1 0 0
geno chr19.17306978 gbr  1 2 1 0 1 1 0 1 0 0 2 0 1 1 0 1 1 2 0 0 1 0 1 1 0 0 0 0 2 1 0 0 1 1 0 2 1 0 0 0 1 1 0 2 0 1 0 1 1 1 0 1 1 1 0 1 1 1 0 0 0 2 1 1 2 1 2 1 1 0 0 0 2 2 1 0 0 1 1 2 0 0 1 0
geno chr19.17306978 tsi  2 1 1 2 1 0 0 0 0 0 2 1 1 1 0 1 1 1 1 1 0 0 1 0 1 1 1 1 2 2 0 0 2 0 1 1 0 0 2 1 1 1 0 0 1 1 0 1 1 1 1 1 0 1 0 0 1 0 1 0 0 1 0 1 1 1 1 0 1 1 1 1 0 1 0 1 1 1 0 0 0 1 0 2 1 0 1 0 1 1 2 0
geno chr19.17306978 yri  1 2 1 2 0 1 1 1 0 1 2 2 0 0 2 1 1 2 1 1 2 0 2 0 2 0 2 2 0 1 1 1 0 2 2 1 2 1 1 1 1 2 1 2 2 2 1 1 1 1 1 1 1 0 2 2 1 0 2 1 1 1 1 1 1 2 1 0 1 2 1 2 0 1 0 1 2
geno chr19.17307182 ceu  0 2 0 0 1 0 1 1 0 2 1 1 2 0 0 0 0 0 1 0 0 0 0 0 0 1 2 0 1 1 1 0 0 1 0 1 1 2 2 1 1 1 1 1 0 1 2 1 2 1 1 1 0 0 0 2 0 1 1 0 0 1 0 1 1 1 1 1 0 0 0 0 0 0 1 0 0 2
geno chr19.17307182 fin  0 1 2 1 2 2 0 0 2 0 1 1 1 1 0 0 1 1 0 1 1 0 0 2 1 0 0 2 2 0 0 0 1 1 1 1 2 0 0 1 1 2 1 1 1 0 0 1 1 1 1 0 1 1 0 1 0 0 2 1 2 0 2 1 1 0 1 0 1 0 0 1 1 0 2 0 0 2 1 0 0 0 1 1 1 0 1 0 0
geno chr19.17307182 gbr  1 2 1 0 1 2 0 1 0 0 2 0 1 1 0 1 1 2 0 0 1 0 1 1 0 0 0 0 2 1 0 0 1 0 0 2 1 0 0 0 1 1 0 2 0 1 0 1 1 1 0 1 1 1 0 1 1 1 0 0 0 2 1 1 2 1 2 1 1 0 0 0 2 2 1 0 0 1 1 2 0 0 1 0
geno chr19.17307182 tsi  2 1 1 2 1 0 1 0 0 0 2 1 1 1 0 1 1 1 1 1 0 0 1 0 1 1 1 1 2 2 0 0 2 0 1 1 0 0 2 1 2 1 0 0 0 1 0 1 1 1 1 1 0 1 0 0 1 0 1 0 0 1 0 1 1 1 1 0 1 1 1 1 0 2 0 1 1 1 0 0 0 1 0 2 1 0 0 0 1 1 2 0
geno chr19.17307182 yri  1 2 1 2 0 1 1 1 0 1 2 2 0 0 2 1 1 2 1 1 2 0 2 0 2 1 2 2 0 1 1 1 0 2 2 1 2 1 1 1 1 2 1 2 2 2 1 1 1 1 1 0 1 0 2 2 1 0 2 1 1 0 1 1 1 2 1 0 1 2 1 2 1 1 0 1 2
geno chr19.17307523 ceu  0 2 1 0 2 0 1 1 0 2 1 1 2 0 0 0 1 0 1 0 0 1 0 0 0 1 2 1 1 2 1 0 0 1 0 1 1 2 2 1 1 1 1 1 0 1 2 1 2 1 1 1 0 0 1 2 0 1 1 0 1 1 0 2 1 1 1 1 0 1 0 0 0 0 1 0 0 2
geno chr19.17307523 fin  0 1 2 1 2 2 0 0 2 0 1 1 1 1 0 0 1 1 0 1 1 0 0 2 1 0 0 2 2 0 0 0 2 1 1 1 2 0 0 1 1 2 1 1 1 0 0 1 1 1 1 0 1 1 0 1 0 0 2 1 2 0 2 1 1 0 1 0 1 0 0 1 1 0 2 0 0 2 1 0 0 0 1 1 1 0 1 0 0
geno chr19.17307523 gbr  1 2 1 0 1 2 0 1 0 0 2 0 1 1 0 1 1 2 0 1 1 0 1 1 0 0 0 0 2 1 0 0 1 0 0 2 1 0 0 0 1 1 0 2 0 1 0 1 1 1 0 1 1 1 0 1 1 1 0 0 0 2 1 1 2 1 2 1 1 0 0 0 2 2 1 1 0 1 1 2 0 1 1 0
geno chr19.17307523 tsi  2 1 1 2 1 0 1 0 0 0 2 1 1 1 1 1 1 1 1 1 0 0 2 0 1 1 1 1 2 2 1 0 2 0 1 1 2 0 2 1 2 1 0 0 0 1 0 1 1 1 1 1 0 1 0 0 1 1 1 0 0 1 0 1 1 1 1 0 2 1 1 1 0 2 1 1 1 1 0 0 0 1 0 2 1 0 0 0 1 1 2 0
geno chr19.17307523 yri  2 2 2 2 2 2 2 2 1 1 2 2 2 1 2 2 1 2 1 1 2 1 2 1 2 1 2 2 2 1 1 2 2 2 2 1 2 2 1 1 1 2 1 2 2 2 2 2 1 1 1 0 1 1 2 2 1 2 2 2 1 2 2 2 1 2 2 0 1 2 2 2 2 2 1 1 2
geno chr19.17307813 ceu  0 1 0 0 0 0 0 0 0 0 0 0 1 0 0 0 0 0 0 0 0 0 0 0 0 0 0 0 0 0 0 0 0 0 0 0 0 0 0 0 0 0 0 0 0 0 1 0 1 0 0 0 0 0 0 1 0 1 0 0 0 1 0 0 0 0 0 0 0 0 0 0 0 0 1 0 0 0
geno chr19.17307813 fin  0 0 0 0 0 1 0 0 0 0 0 1 0 0 0 0 0 0 0 0 0 0 0 0 0 0 0 0 0 0 0 0 1 0 0 0 0 0 0 0 0 2 0 1 0 0 0 0 0 1 0 0 1 0 0 0 0 0 0 0 0 0 0 0 0 0 0 0 0 0 0 0 1 0 0 0 0 0 0 0 0 0 0 0 1 0 0 0 0
geno chr19.17307813 gbr  1 1 1 0 0 0 0 0 0 0 0 0 0 0 0 0 0 1 0 0 0 0 1 0 0 0 0 0 0 0 0 0 0 0 0 0 0 0 0 0 0 0 0 0 0 0 0 0 0 0 0 0 0 0 0 0 0 0 0 0 0 0 0 0 0 0 0 0 1 0 0 0 0 1 1 0 0 0 0 0 0 0 0 0
geno chr19.17307813 tsi  0 0 0 0 0 0 0 0 0 0 1 0 0 0 0 0 0 1 0 1 0 0 0 0 0 0 0 0 0 0 0 0 0 0 0 0 0 0 1 0 0 1 0 0 0 0 0 0 0 0 1 0 0 0 0 0 1 0 0 0 0 0 0 0 0 1 0 0 0 0 0 0 0 0 0 0 0 0 0 0 0 1 0 0 1 0 0 0 1 1 0 0
geno chr19.17307813 yri  0 0 0 0 0 0 0 0 0 0 0 0 0 0 0 0 0 0 0 0 0 0 0 0 0 0 0 0 0 0 0 0 0 0 0 0 0 0 0 0 0 1 0 0 0 0 0 0 0 0 0 0 0 0 0 0 0 0 0 0 0 0 0 0 0 0 0 0 0 0 0 0 0 0 0 0 0
geno chr19.17308105 ceu  0 2 0 0 2 0 1 1 0 2 1 1 2 0 0 0 1 0 1 0 0 1 0 0 0 1 2 0 1 2 1 0 0 1 0 1 1 2 2 1 1 1 1 1 0 1 2 1 2 1 1 1 0 0 1 2 0 1 1 0 1 1 0 2 1 1 1 1 0 1 0 0 0 0 1 0 0 2
geno chr19.17308105 fin  0 1 2 1 2 2 0 0 2 0 1 1 1 1 0 0 1 1 0 1 1 0 0 2 1 0 0 2 2 0 0 0 2 1 1 1 2 0 0 1 1 2 1 1 1 0 0 1 1 1 1 0 1 1 0 1 0 0 2 1 2 0 2 1 1 0 1 0 1 0 0 1 1 0 2 0 0 2 1 0 0 0 1 1 1 0 1 0 0
geno chr19.17308105 gbr  1 2 1 0 1 2 0 1 0 0 2 0 1 1 0 1 1 2 0 1 1 0 1 1 0 0 0 0 2 1 0 0 1 0 0 2 1 0 0 0 1 1 0 2 0 1 0 1 1 1 0 1 1 1 0 0 1 1 1 0 1 2 1 1 2 1 2 1 1 0 0 0 2 2 1 0 0 1 1 2 0 1 1 0
geno chr19.17308105 tsi  2 1 1 2 1 0 1 0 0 0 2 1 1 1 1 1 1 1 1 1 0 0 2 0 1 1 1 1 2 2 1 0 2 0 1 1 2 0 2 1 2 1 0 0 0 1 0 1 1 1 1 1 0 1 0 0 1 1 1 0 0 1 0 1 1 1 1 0 2 1 1 1 0 2 1 1 1 1 0 0 0 1 0 2 1 0 0 0 1 1 2 0
geno chr19.17308105 yri  2 2 2 2 2 2 2 2 1 1 2 2 2 1 2 2 1 2 1 1 2 1 2 1 2 1 2 2 2 1 1 2 2 2 2 1 2 2 2 1 1 2 1 2 2 2 2 2 1 1 1 0 1 2 2 2 1 2 2 2 1 2 2 2 1 2 2 0 1 2 1 2 2 2 1 1 2
geno chr19.17308204 ceu  0 2 0 0 1 0 1 1 0 2 1 1 2 0 0 0 0 0 1 0 0 0 0 0 0 1 2 0 1 1 1 0 0 1 0 1 1 1 2 1 1 1 1 1 0 1 2 1 2 1 1 1 0 0 0 2 0 1 1 0 0 1 0 1 1 1 1 1 0 0 0 0 0 0 1 0 0 2
geno chr19.17308204 fin  0 1 2 1 2 2 0 0 2 0 1 1 1 1 0 0 1 1 0 1 1 0 0 2 1 0 0 2 2 0 0 0 1 1 1 1 2 0 0 1 1 2 1 1 1 0 0 1 1 1 1 0 1 1 0 1 0 0 2 1 2 0 2 1 0 0 1 0 1 0 0 1 1 0 2 0 0 2 1 0 0 0 1 1 1 0 1 0 0
geno chr19.17308204 gbr  1 1 1 0 1 2 0 1 0 0 1 0 1 1 0 1 1 2 0 0 1 0 1 1 0 0 0 0 2 1 0 0 1 0 0 2 1 0 0 0 1 1 0 2 0 1 0 1 1 1 0 1 1 0 0 1 1 1 0 0 0 2 1 1 2 1 2 1 1 0 0 0 2 2 1 0 0 1 1 2 0 0 1 0
geno chr19.17308204 tsi  2 1 1 2 1 0 1 0 0 0 2 1 1 1 0 1 1 1 1 0 0 0 1 0 1 1 1 1 2 2 0 0 2 0 1 1 0 0 2 1 2 1 0 0 0 1 0 1 1 1 1 1 0 1 0 0 1 0 1 0 0 1 0 1 1 1 1 0 1 1 1 1 0 2 0 1 1 1 0 0 0 0 0 2 1 0 0 0 0 1 2 0
geno chr19.17308204 yri  1 2 1 2 0 1 1 1 0 1 2 2 0 0 2 1 1 2 1 1 2 0 2 0 2 1 2 2 0 1 1 1 0 2 2 1 2 1 1 1 1 2 1 2 2 2 1 1 1 1 1 0 1 0 2 2 1 0 2 1 1 0 1 1 1 2 1 0 1 2 1 1 1 1 0 1 2
geno chr19.17308211 ceu  0 2 0 0 1 0 1 1 0 1 2 1 1 0 0 0 0 0 1 0 0 0 0 0 0 0 2 0 1 1 1 0 0 1 0 1 1 1 2 1 1 1 1 1 0 0 2 1 2 1 1 0 0 0 0 2 0 1 1 0 0 1 0 1 1 1 1 1 0 0 0 0 0 0 1 0 0 2
geno chr19.17308211 fin  0 1 2 1 2 2 0 0 2 0 1 1 1 1 0 0 1 1 0 1 1 0 0 1 1 0 0 2 2 0 0 0 1 0 1 1 2 0 0 1 1 2 1 1 1 0 0 0 1 1 1 0 1 1 0 1 0 0 2 1 2 0 2 1 0 0 1 0 1 0 0 1 1 0 1 0 0 2 1 0 0 0 0 1 1 0 1 0 0
geno chr19.17308211 gbr  1 1 1 0 0 2 0 0 0 0 1 0 1 0 0 1 1 2 0 0 1 0 1 1 0 0 0 0 2 1 0 0 1 1 0 2 1 0 0 0 1 1 0 2 0 1 0 1 1 1 0 1 1 0 0 0 1 1 0 0 0 2 1 1 2 1 2 1 1 0 0 0 2 2 1 0 0 1 1 2 0 0 1 0
geno chr19.17308211 tsi  1 1 0 1 0 0 1 0 0 0 1 1 1 1 0 1 0 1 1 0 0 0 0 0 0 1 0 0 2 2 0 0 1 0 1 1 0 0 1 1 2 1 0 0 0 1 0 1 1 1 1 1 0 1 0 0 1 0 1 0 0 0 0 1 1 1 1 0 1 1 1 1 0 2 0 1 1 1 0 0 0 0 0 1 1 0 0 0 0 1 1 0
geno chr19.17308211 yri  1 1 0 1 0 0 1 1 0 1 1 1 0 0 1 0 1 1 1 0 1 0 1 0 1 1 1 2 0 0 1 0 0 1 2 1 1 1 1 1 0 1 1 2 1 1 1 1 0 1 0 0 1 0 2 2 1 0 2 1 0 0 1 1 1 1 0 0 1 2 1 1 1 1 0 1 0
geno chr19.17308254 ceu  0 0 1 0 1 0 0 0 0 0 0 0 0 0 0 0 1 0 0 0 0 1 0 0 0 0 0 1 0 1 0 0 0 0 0 0 0 0 0 0 0 0 0 0 0 0 0 0 0 0 0 0 0 0 1 0 0 0 0 0 1 0 0 1 0 0 0 0 0 1 0 0 0 0 0 0 0 0
geno chr19.17308254 fin  0 0 0 0 0 0 0 0 0 0 0 0 0 0 0 0 0 0 0 0 0 0 0 0 0 0 0 0 0 0 0 0 1 0 0 0 0 0 0 0 0 0 0 0 0 0 0 0 0 0 0 0 0 0 0 0 0 0 0 0 0 0 0 0 0 0 0 0 0 0 0 0 0 0 0 0 0 0 0 0 0 0 0 0 0 0 0 0 0
geno chr19.17308254 gbr  0 0 0 0 0 0 0 0 0 0 0 0 0 0 0 0 0 0 0 1 0 0 0 0 0 0 0 0 0 0 0 0 0 0 0 0 0 0 0 0 0 0 0 0 0 0 0 0 0 0 0 0 0 0 0 0 0 0 0 0 0 0 0 0 0 0 0 0 0 0 0 0 0 0 0 1 0 0 0 0 0 1 0 0
geno chr19.17308254 tsi  0 0 0 0 0 0 0 0 0 0 0 0 0 0 1 0 0 0 0 0 0 0 1 0 0 0 0 0 0 0 1 0 0 0 0 0 2 0 0 0 0 0 0 0 0 0 0 0 0 0 0 0 0 0 0 0 0 1 0 0 0 0 0 0 0 0 0 0 1 0 0 0 0 0 1 0 0 0 0 0 0 0 0 0 0 0 0 0 0 0 0 0
geno chr19.17308254 yri  1 0 1 0 1 1 1 1 1 0 0 0 1 1 0 1 0 0 0 0 0 1 0 1 0 0 0 0 1 0 0 1 1 0 0 0 0 1 0 0 0 0 0 0 0 0 1 1 0 0 0 0 0 1 0 0 0 2 0 1 0 1 1 1 0 0 1 0 0 0 1 0 1 1 1 0 0
geno chr19.17308292 ceu  0 0 1 1 0 0 0 0 1 0 1 1 0 1 1 1 0 2 1 0 0 1 0 0 1 1 0 0 0 0 0 2 2 1 0 0 1 0 0 0 1 0 0 0 0 0 0 1 0 1 0 0 1 0 0 0 0 0 0 1 0 1 1 0 0 0 0 1 0 0 1 0 2 0 0 0 0 0
geno chr19.17308292 fin  0 1 0 1 0 0 1 0 0 1 0 0 0 0 0 0 0 0 2 0 0 0 0 0 0 1 0 0 0 0 1 0 0 0 1 0 0 1 0 1 0 0 1 0 0 2 0 1 0 0 0 1 0 0 0 1 1 0 0 1 0 1 0 1 0 1 0 1 0 0 0 0 0 0 0 0 0 0 0 0 0 0 0 0 0 1 1 1 0
geno chr19.17308292 gbr  0 0 0 2 1 0 0 0 0 1 0 0 1 1 1 0 0 0 0 1 0 1 0 0 0 0 1 0 0 0 1 1 0 1 1 0 0 0 1 2 0 1 0 0 1 0 0 0 0 0 0 0 1 0 0 1 0 0 2 1 2 0 0 0 0 0 0 0 1 1 0 1 0 0 1 0 0 0 0 0 1 1 1 0
geno chr19.17308292 tsi  0 0 0 0 0 1 1 1 0 0 0 0 0 1 1 0 0 0 1 1 0 0 0 1 0 0 0 1 0 0 0 0 0 0 0 0 0 0 0 0 0 0 2 0 0 1 0 1 0 1 0 1 0 0 1 0 0 0 1 1 1 0 0 0 1 0 0 0 0 0 0 0 2 0 0 0 0 0 1 1 1 0 2 0 1 0 1 1 0 0 0 1
geno chr19.17308292 yri  0 0 0 0 0 0 0 0 1 1 0 0 0 1 0 0 1 0 1 1 0 1 0 1 0 1 0 0 0 1 1 0 0 0 0 1 0 0 0 1 0 0 1 0 0 0 0 0 1 1 1 2 1 0 0 0 1 0 0 0 1 0 0 0 1 0 0 2 1 0 0 0 0 0 1 1 0
geno chr19.17308734 ceu  0 2 2 1 2 0 1 1 1 2 2 2 2 1 1 1 1 2 2 0 0 2 0 0 1 2 2 1 1 2 1 2 2 2 0 1 2 2 2 1 2 1 1 1 0 1 2 2 2 2 1 1 1 0 1 2 0 1 1 1 1 2 1 2 1 1 1 2 0 1 1 0 2 0 1 0 0 2
geno chr19.17308734 fin  0 2 2 2 2 2 1 0 2 1 1 1 1 1 0 0 1 1 2 1 1 0 0 2 1 1 0 2 2 0 1 0 2 1 2 1 2 1 0 2 1 2 2 1 1 2 0 2 1 1 1 1 1 1 0 2 1 0 2 2 2 1 2 2 1 1 1 1 1 0 0 1 1 0 2 0 0 2 1 0 0 0 1 1 1 1 2 1 0
geno chr19.17308734 gbr  1 2 1 2 2 2 0 1 0 1 2 0 2 2 1 1 1 2 0 2 1 1 1 1 0 0 1 0 2 1 1 1 1 1 1 2 1 0 1 2 1 2 0 2 1 1 0 1 1 1 0 1 2 1 0 2 1 1 2 1 2 2 1 1 2 1 2 1 2 1 0 1 2 2 2 1 0 1 1 2 1 2 2 0
geno chr19.17308734 tsi  2 1 1 2 1 1 2 1 0 0 2 1 1 2 2 1 1 1 2 2 0 0 2 1 1 1 1 2 2 2 1 0 2 0 1 1 2 0 2 1 2 1 2 0 0 2 0 2 1 2 1 2 0 1 1 0 1 1 2 1 1 1 0 1 2 1 1 0 2 1 1 1 2 2 1 1 1 1 1 1 1 1 2 2 2 0 1 1 1 1 2 1
geno chr19.17308734 yri  2 2 2 2 2 2 2 2 2 2 2 2 2 2 2 2 2 2 2 2 2 2 2 2 2 2 2 2 2 2 2 2 2 2 2 2 2 2 2 2 1 2 2 2 2 2 2 2 2 2 2 2 2 2 2 2 2 2 2 2 2 2 2 2 2 2 2 2 2 2 2 2 2 2 2 2 2
geno chr19.17309577 ceu  0 0 0 0 0 1 0 0 0 0 0 0 0 0 0 0 0 0 0 1 0 0 1 0 0 0 0 0 0 0 0 0 0 0 1 0 0 0 0 0 0 1 0 0 0 1 0 0 0 0 0 0 0 1 0 0 1 0 0 0 0 0 0 0 0 0 1 0 0 0 0 1 0 0 0 0 1 0
geno chr19.17309577 fin  0 0 0 0 0 0 0 1 0 0 0 0 0 0 1 0 0 0 0 0 0 0 1 0 0 0 0 0 0 0 0 0 0 0 0 0 0 0 0 0 0 0 0 0 0 0 0 0 0 0 0 0 0 0 1 0 0 1 0 0 0 0 0 0 0 0 0 0 0 0 0 0 0 0 0 0 0 0 1 0 0 0 0 0 0 0 0 0 0
geno chr19.17309577 gbr  0 0 0 0 0 0 1 1 0 0 0 1 0 0 0 1 1 0 0 0 0 0 0 0 0 0 0 1 0 0 0 0 1 1 1 0 0 0 0 0 0 0 0 0 0 0 0 0 1 0 0 0 0 0 0 0 0 0 0 0 0 0 1 0 0 1 0 0 0 0 0 0 0 0 0 0 0 0 0 0 0 0 0 0
geno chr19.17309577 tsi  0 0 0 0 0 1 0 0 0 0 0 0 0 0 0 0 0 0 0 0 0 0 0 0 1 0 0 0 0 0 0 1 0 0 0 0 0 0 0 0 0 0 0 0 0 0 0 0 0 0 0 0 0 0 0 0 0 1 0 0 0 0 1 0 0 0 0 0 0 1 0 0 0 0 0 0 0 1 0 1 1 0 0 0 0 1 0 0 0 0 0 0
geno chr19.17309577 yri  0 0 0 0 0 0 0 0 0 0 0 0 0 0 0 0 0 0 0 0 0 0 0 0 0 0 0 0 0 0 0 0 0 0 0 0 0 0 0 0 0 0 0 0 0 0 0 0 0 0 0 0 0 0 0 0 0 0 0 0 0 0 0 0 0 0 0 0 0 0 0 0 0 0 0 0 0
geno chr19.17310392 ceu  0 2 2 1 2 0 1 1 1 2 2 2 2 1 1 1 1 2 2 0 0 2 0 0 1 2 2 1 1 2 1 2 2 2 0 1 2 2 2 1 2 1 1 1 0 1 2 2 2 2 1 1 1 0 1 1 0 1 1 1 1 2 1 2 1 1 1 2 0 1 1 0 2 0 1 0 0 2
geno chr19.17310392 fin  0 2 2 2 2 2 1 0 2 1 1 1 1 1 0 0 1 1 2 1 1 0 0 2 1 1 0 2 2 0 1 0 2 1 2 1 2 1 0 2 1 2 2 1 1 2 0 2 1 1 1 1 1 1 0 2 1 0 2 2 2 1 2 2 1 1 1 1 0 0 0 1 1 0 2 0 0 2 1 0 0 0 1 1 1 1 2 1 0
geno chr19.17310392 gbr  1 2 1 2 2 2 0 1 0 1 2 0 2 2 1 1 1 2 0 2 1 1 1 1 0 0 1 0 2 1 1 1 1 1 1 2 1 0 1 2 1 2 0 2 1 1 0 1 1 1 0 1 2 1 0 2 1 1 2 1 2 2 1 1 2 1 2 1 2 1 0 1 2 2 2 1 0 1 1 2 1 2 2 0
geno chr19.17310392 tsi  2 1 1 2 1 1 1 1 0 0 2 1 1 2 2 1 1 1 1 2 0 0 2 1 1 1 1 2 2 2 1 0 2 0 1 1 2 0 2 1 2 1 2 0 0 2 0 2 1 2 1 2 0 1 1 0 1 1 2 1 1 1 0 1 2 1 1 0 2 1 1 1 2 2 1 1 1 1 1 1 1 1 2 2 2 0 1 1 1 1 1 1
geno chr19.17310392 yri  2 2 2 2 2 2 2 2 2 2 2 2 2 2 2 2 2 2 2 2 2 2 2 2 2 2 2 2 2 2 2 2 2 2 2 2 2 2 2 2 1 2 2 2 2 2 2 2 2 2 2 2 2 2 2 2 2 2 2 2 2 2 2 2 2 2 2 2 2 2 2 2 2 2 2 2 2
geno chr19.17310499 ceu  0 1 0 0 1 0 1 1 0 2 2 1 2 0 1 0 0 0 1 0 0 0 0 0 1 1 2 0 1 1 1 0 2 1 0 1 1 2 2 1 1 0 1 1 0 1 1 1 1 2 1 1 1 0 0 0 0 1 1 0 1 2 0 1 1 1 0 2 0 0 0 0 0 0 1 0 0 2
geno chr19.17310499 fin  0 1 2 1 2 2 0 0 2 0 1 1 1 1 0 0 1 1 1 1 1 0 0 2 1 1 0 2 2 0 1 0 1 1 1 1 2 0 0 1 1 2 1 1 1 1 0 1 1 1 1 0 1 1 0 2 0 0 1 1 2 1 2 1 0 0 1 0 0 0 0 1 1 0 2 0 0 2 1 0 0 0 1 1 1 0 1 0 0
geno chr19.17310499 gbr  1 1 0 0 2 2 0 1 0 1 1 0 2 1 1 1 1 2 0 0 1 0 1 1 0 0 1 0 2 1 1 0 1 0 0 2 1 0 0 0 1 1 0 2 1 1 0 1 1 1 0 1 1 1 0 0 1 1 0 0 1 2 1 1 2 1 2 1 1 1 0 0 2 2 1 0 0 1 1 2 0 0 1 0
geno chr19.17310499 tsi  1 1 1 2 1 0 1 1 0 0 2 0 1 1 0 1 1 1 0 1 0 0 1 1 1 1 1 1 2 2 0 0 2 0 1 1 0 0 2 1 2 1 1 0 0 2 0 2 1 1 1 1 0 1 0 0 1 0 1 0 0 1 0 1 2 1 1 0 1 1 1 1 0 2 0 1 1 1 0 0 0 1 0 2 1 0 0 1 1 1 1 0
geno chr19.17310499 yri  1 2 0 1 0 1 1 1 0 1 1 2 0 0 1 1 1 1 1 1 2 1 2 0 2 1 2 2 0 1 1 1 0 1 2 1 1 2 2 1 1 2 1 1 1 2 1 0 1 1 1 0 1 0 1 2 1 0 1 1 0 0 1 1 1 1 1 0 1 2 1 2 0 0 0 0 1
geno chr19.17310508 ceu  1 1 0 0 1 0 1 1 0 2 1 1 2 0 1 0 0 0 1 0 1 0 1 0 0 1 2 0 1 2 1 0 2 1 0 1 1 2 2 1 1 0 1 1 0 1 1 1 1 2 1 1 0 0 0 0 0 1 1 0 0 2 0 1 1 1 1 2 0 0 0 0 0 0 2 0 0 2
geno chr19.17310508 fin  1 1 2 1 2 2 0 0 2 0 1 1 1 1 0 0 1 1 1 1 1 0 0 2 1 1 0 2 2 1 0 0 1 1 1 1 2 0 0 1 1 2 1 1 1 1 0 1 1 1 1 0 1 1 0 2 0 0 1 1 2 1 2 1 0 0 2 0 0 0 0 1 0 0 2 1 0 2 1 0 0 0 1 1 1 0 1 0 0
geno chr19.17310508 gbr  1 1 0 0 2 2 0 1 0 1 1 0 1 1 1 1 1 2 0 0 1 0 1 1 0 0 1 0 2 1 1 0 1 0 0 2 1 0 0 0 1 1 0 2 1 1 0 1 1 1 0 1 1 1 0 1 1 1 0 0 1 2 1 1 2 1 2 1 1 1 0 0 2 2 0 0 0 1 1 2 0 0 1 0
geno chr19.17310508 tsi  1 1 1 2 1 0 1 1 0 0 2 0 1 1 0 1 1 1 0 1 0 0 1 1 1 1 1 1 2 2 1 0 2 1 1 1 1 0 2 1 2 1 1 0 0 2 0 2 1 1 1 1 0 1 0 0 1 0 1 0 0 1 0 1 2 1 1 0 1 1 1 1 0 2 0 1 1 1 0 0 0 1 0 2 1 0 0 1 1 1 1 0
geno chr19.17310508 yri  1 2 0 1 1 1 1 1 0 1 1 2 0 0 1 1 1 1 1 1 2 1 2 0 2 1 2 2 0 2 1 1 0 1 2 1 1 2 2 1 1 2 1 1 1 2 1 1 1 1 1 0 0 1 1 2 1 0 1 2 0 0 1 1 1 1 1 1 1 2 1 2 0 1 1 0 2
geno chr19.17310651 ceu  0 0 1 0 1 0 0 0 0 0 0 0 0 0 0 0 1 0 0 0 0 1 0 0 0 0 0 1 0 1 0 0 0 0 0 0 0 0 0 0 0 0 0 0 0 0 0 0 0 0 0 0 0 0 1 0 0 0 0 0 1 0 0 1 0 0 0 0 0 1 0 0 0 0 0 0 0 0
geno chr19.17310651 fin  0 0 0 0 0 0 0 0 0 0 0 0 0 0 0 0 0 0 0 0 0 0 0 0 0 0 0 0 0 0 0 0 1 0 0 0 0 0 0 0 0 0 0 0 0 0 0 0 0 0 0 0 0 0 0 0 0 0 0 0 0 0 0 0 0 0 0 0 0 0 0 0 0 0 0 0 0 0 0 0 0 0 0 0 0 0 0 0 0
geno chr19.17310651 gbr  0 0 0 0 0 0 0 0 0 0 0 0 0 0 0 0 0 0 0 1 0 0 0 0 0 0 0 0 0 0 0 0 0 0 0 0 0 0 0 0 0 0 0 0 0 0 0 0 0 0 0 0 0 0 0 0 0 0 0 0 0 0 0 0 0 0 0 0 0 0 0 0 0 0 0 1 0 0 0 0 0 1 0 0
geno chr19.17310651 tsi  0 0 0 0 0 0 0 0 0 0 0 0 0 0 1 0 0 0 0 0 0 0 1 0 0 0 0 0 0 0 1 0 0 0 0 0 2 0 0 0 0 0 0 0 0 0 0 0 0 0 0 0 0 0 0 0 0 1 0 0 0 0 0 0 0 0 0 0 1 0 0 0 0 0 1 0 0 0 0 0 0 0 0 0 0 0 0 0 0 0 0 0
geno chr19.17310651 yri  0 0 0 0 2 1 1 1 1 0 0 0 1 1 0 1 0 0 0 0 0 0 0 0 0 0 0 0 2 0 0 0 1 0 0 0 0 0 0 0 0 0 0 0 0 0 0 1 0 0 0 0 0 0 0 0 0 1 0 0 0 1 1 0 0 0 1 0 0 0 0 0 1 1 1 0 0
geno chr19.17310998 ceu  0 0 0 0 0 0 0 0 0 0 0 1 0 0 0 0 0 0 0 0 0 1 0 0 1 0 0 0 0 0 0 0 0 1 0 0 0 0 0 0 0 0 0 0 0 0 0 1 0 0 0 0 0 0 0 0 0 0 0 1 0 0 1 0 0 0 0 0 0 0 1 0 1 0 0 0 0 0
geno chr19.17310998 fin  0 1 0 1 0 0 1 0 0 0 0 0 0 0 0 0 0 0 1 0 0 0 0 0 0 0 0 0 0 0 0 0 0 0 0 0 0 0 0 0 0 0 0 0 0 0 0 1 0 0 0 0 0 0 0 0 0 0 0 0 0 0 0 1 0 0 0 1 0 0 0 0 0 0 0 0 0 0 0 0 0 0 0 0 0 1 1 0 0
geno chr19.17310998 gbr  0 0 0 1 0 0 0 0 0 0 0 0 0 1 0 0 0 0 0 1 0 1 0 0 0 0 0 0 0 0 0 1 0 1 0 0 0 0 1 2 0 1 0 0 0 0 0 0 0 0 0 0 0 0 0 1 0 0 1 0 1 0 0 0 0 0 0 0 0 0 0 0 0 0 0 0 0 0 0 0 1 0 1 0
geno chr19.17310998 tsi  0 0 0 0 0 0 0 0 0 0 0 0 0 0 1 0 0 0 0 0 0 0 0 0 0 0 0 1 0 0 0 0 0 0 0 0 0 0 0 0 0 0 0 0 0 0 0 0 0 0 0 0 0 0 0 0 0 0 0 0 0 0 0 0 0 0 0 0 0 0 0 0 2 0 0 0 0 0 0 1 1 0 0 0 0 0 1 0 0 0 0 0
geno chr19.17310998 yri  0 0 0 0 0 0 0 0 0 0 0 0 0 0 0 0 0 0 0 0 0 0 0 0 0 0 0 0 0 0 0 0 0 0 0 0 0 0 0 1 0 0 0 0 0 0 0 0 0 0 0 1 0 0 0 0 0 0 0 0 0 0 0 0 0 0 0 0 0 0 0 0 0 0 0 0 0
geno chr19.17311226 ceu  0 0 0 0 0 0 0 0 0 0 0 0 0 0 0 1 0 0 0 0 2 0 0 0 0 0 0 0 0 0 0 0 0 0 0 0 0 0 0 0 0 0 0 0 0 0 0 0 0 0 0 0 0 0 0 0 0 0 0 0 0 0 1 0 0 0 0 0 0 0 0 0 0 1 1 0 0 0
geno chr19.17311226 fin  0 0 0 0 0 0 0 1 0 0 1 0 0 0 0 0 0 0 0 0 0 0 1 0 0 0 0 0 0 0 0 0 0 0 0 1 0 0 0 0 0 0 0 0 0 0 0 0 0 0 0 0 0 0 1 0 0 0 0 0 0 0 0 0 0 1 0 0 0 0 0 0 0 0 0 0 0 0 0 0 0 0 0 1 0 0 0 0 0
geno chr19.17311226 gbr  0 0 0 0 0 0 0 0 1 0 0 0 0 0 1 0 0 0 0 0 0 0 1 0 0 1 0 0 0 0 0 0 0 0 0 0 0 0 0 0 0 0 0 0 0 0 0 0 0 1 0 0 0 0 0 0 0 0 0 0 0 0 0 0 0 0 0 0 0 0 1 0 0 0 0 0 0 0 0 0 1 0 0 0
geno chr19.17311226 tsi  0 0 0 0 0 0 0 0 0 0 0 0 0 0 0 0 1 0 0 0 0 1 0 1 0 0 0 0 0 0 0 0 0 0 0 1 0 0 0 0 0 0 0 0 0 0 0 0 0 0 0 0 0 0 0 1 0 0 0 0 0 0 0 1 0 0 0 0 0 0 0 0 0 0 0 0 0 0 0 0 0 0 0 0 0 0 0 0 0 0 0 0
geno chr19.17311226 yri  0 0 0 0 0 0 0 0 0 0 0 0 0 0 0 0 0 0 0 0 0 0 0 0 0 0 0 0 0 0 0 0 0 0 0 0 0 0 0 0 0 0 0 0 0 0 0 0 0 0 0 0 0 0 0 0 0 0 0 0 0 0 0 0 0 0 0 0 0 0 0 0 0 0 0 0 0
geno chr19.17311308 ceu  0 0 1 1 0 0 0 0 1 0 0 0 0 1 0 1 0 2 1 0 0 0 0 0 0 1 0 0 0 0 0 2 0 0 0 0 1 0 0 0 1 0 0 0 0 0 0 0 0 0 0 0 0 0 0 0 0 0 0 0 0 0 0 0 0 0 0 0 0 0 0 0 1 0 0 0 0 0
geno chr19.17311308 fin  0 0 0 0 0 0 0 0 0 1 0 0 0 0 0 0 0 0 1 0 0 0 0 0 0 0 0 0 0 0 0 0 0 0 1 0 0 1 0 1 0 0 1 0 0 1 0 0 0 0 0 1 0 0 0 0 1 0 0 1 0 0 0 0 0 1 0 0 0 0 0 0 0 0 0 0 0 0 0 0 0 0 0 0 0 0 0 1 0
geno chr19.17311308 gbr  0 0 0 1 0 0 0 0 0 0 0 0 0 0 0 0 0 0 0 0 0 0 0 0 0 0 0 0 0 0 0 0 0 0 1 0 0 0 0 0 0 0 0 0 0 0 0 0 0 0 0 0 1 0 0 0 0 0 1 1 0 0 0 0 0 0 0 0 1 0 0 1 0 0 1 0 0 0 0 0 0 1 0 0
geno chr19.17311308 tsi  0 0 0 0 0 1 0 0 0 0 0 0 0 1 0 0 0 0 1 1 0 0 0 0 0 0 0 0 0 0 0 0 0 0 0 0 0 0 0 0 0 0 1 0 0 0 0 0 0 1 0 1 0 0 1 0 0 0 1 1 1 0 0 0 0 0 0 0 0 0 0 0 0 0 0 0 0 0 1 0 0 0 2 0 1 0 0 0 0 0 0 1
geno chr19.17311308 yri  0 0 0 0 0 0 0 0 1 1 0 0 0 1 0 0 1 0 1 1 0 1 0 1 0 1 0 0 0 1 1 0 0 0 0 1 0 0 0 0 0 0 1 0 0 0 0 0 1 1 1 1 1 0 0 0 1 0 0 0 1 0 0 0 1 0 0 2 1 0 0 0 0 0 1 1 0
geno chr19.17311442 ceu  0 2 0 0 1 0 1 1 0 2 1 1 2 0 0 0 0 0 1 0 0 0 0 0 0 1 2 0 1 1 1 0 0 1 0 1 1 2 2 1 1 1 1 1 0 1 2 1 2 1 1 1 0 0 0 1 0 1 1 0 0 1 0 1 1 1 1 1 0 0 0 0 0 0 1 0 0 2
geno chr19.17311442 fin  0 1 2 1 2 2 0 0 2 0 1 1 1 1 0 0 1 1 0 1 1 0 0 2 1 0 0 2 2 0 0 0 1 1 1 1 2 0 0 1 1 2 1 1 1 0 0 1 1 1 1 0 1 1 0 1 0 0 2 1 2 0 2 1 1 0 1 0 0 0 0 1 1 0 2 0 0 2 1 0 0 0 1 1 1 0 1 0 0
geno chr19.17311442 gbr  1 2 1 0 1 2 0 1 0 0 2 0 1 1 0 1 1 2 0 0 1 0 1 1 0 0 0 0 2 1 0 0 1 0 0 2 1 0 0 0 1 1 0 2 0 1 0 1 1 1 0 1 1 1 0 1 1 1 0 0 0 2 1 1 2 1 2 1 1 0 0 0 2 2 1 0 0 1 1 2 0 0 1 0
geno chr19.17311442 tsi  2 1 1 2 1 0 1 0 0 0 2 1 1 1 0 1 1 1 0 1 0 0 1 0 1 1 1 1 2 2 0 0 2 0 1 1 0 0 2 1 2 1 1 0 0 1 0 1 1 1 1 1 0 1 0 0 1 0 1 0 0 1 0 1 2 1 1 0 1 1 1 1 0 2 0 1 1 1 0 0 0 1 0 2 2 0 0 0 1 1 1 0
geno chr19.17311442 yri  1 1 1 2 0 1 1 1 1 1 2 2 0 1 2 1 1 2 2 1 2 0 2 1 2 1 0 2 0 1 1 2 0 2 2 2 2 2 1 1 1 2 1 2 2 1 2 0 1 2 1 1 1 0 2 2 1 0 2 1 1 0 1 1 1 2 1 0 2 2 1 2 1 1 0 2 2
geno chr19.17311791 ceu  0 2 0 0 1 0 1 1 0 2 2 1 2 0 1 0 0 0 1 0 0 0 0 0 0 1 2 0 1 1 1 0 2 1 0 1 1 2 2 1 1 1 1 1 0 1 2 1 2 2 1 1 1 0 0 1 0 1 1 0 0 2 0 1 1 1 1 2 0 0 0 0 0 0 1 0 0 2
geno chr19.17311791 fin  0 1 2 1 2 2 0 0 2 0 1 1 1 1 0 0 1 1 0 1 1 0 0 2 1 1 0 2 2 0 1 0 1 1 0 1 2 0 0 1 1 2 1 1 0 1 0 1 1 1 1 0 1 1 0 2 0 0 2 1 2 1 2 1 1 0 1 0 0 0 0 1 1 0 2 0 0 2 1 0 0 0 1 1 1 0 1 0 0
geno chr19.17311791 gbr  1 2 1 0 2 2 0 1 0 1 2 0 2 1 1 1 1 2 0 0 1 0 1 1 0 0 1 0 2 1 1 0 1 0 0 2 1 0 0 0 1 1 0 2 1 1 0 1 1 1 0 1 1 1 0 1 1 1 0 0 1 2 1 1 2 1 2 1 1 1 0 0 2 2 1 0 0 1 1 2 0 0 1 0
geno chr19.17311791 tsi  2 1 1 2 1 0 1 1 0 0 2 1 1 1 0 1 1 1 0 1 0 0 1 1 1 1 1 1 2 2 0 0 2 0 1 1 0 0 2 1 2 1 1 0 0 2 0 2 1 1 1 1 0 1 0 0 1 0 1 0 0 1 0 1 2 1 1 0 1 1 1 1 0 2 0 1 1 1 0 0 0 1 0 2 2 0 0 1 1 1 1 0
geno chr19.17311791 yri  2 2 1 2 0 1 1 1 1 1 2 2 1 1 2 1 1 2 2 1 2 1 2 2 2 1 2 2 0 1 1 2 1 2 2 2 2 2 2 1 1 2 1 2 2 2 2 0 1 2 1 1 1 1 2 2 1 1 2 2 1 0 1 1 1 2 1 0 2 2 1 2 1 1 0 2 2
geno chr19.17312212 ceu  0 0 1 0 1 0 0 0 0 0 0 0 0 0 0 0 1 0 0 0 0 1 0 0 0 0 0 1 0 1 0 0 0 0 0 0 0 0 0 0 0 0 0 0 0 0 0 0 0 0 0 0 0 0 1 0 0 0 0 0 1 0 0 1 0 0 0 0 0 1 0 0 0 0 0 0 0 0
geno chr19.17312212 fin  0 0 0 0 0 0 0 0 0 0 0 0 0 0 0 0 0 0 0 0 0 0 0 0 0 0 0 0 0 0 0 0 1 0 0 0 0 0 0 0 0 0 0 0 0 0 0 0 0 0 0 0 0 0 0 0 0 0 0 0 0 0 0 0 0 0 0 0 0 0 0 0 0 0 0 0 0 0 0 0 0 0 0 0 0 0 0 0 0
geno chr19.17312212 gbr  0 0 0 0 0 0 0 0 0 0 0 0 0 0 0 0 0 0 0 1 0 0 0 0 0 0 0 0 0 0 0 0 0 0 0 0 0 0 0 0 0 0 0 0 0 0 0 0 0 0 0 0 0 0 0 0 0 0 0 0 0 0 0 0 0 0 0 0 0 0 0 0 0 0 0 1 0 0 0 0 0 1 0 0
geno chr19.17312212 tsi  0 0 0 0 0 0 0 0 0 0 0 0 0 0 1 0 0 0 0 0 0 0 1 0 0 0 0 0 0 0 1 0 0 0 0 0 2 0 0 0 0 0 0 0 0 0 0 0 0 0 0 0 0 0 0 0 0 1 0 0 0 0 0 0 0 0 0 0 1 0 0 0 0 0 1 0 0 0 0 0 0 0 0 0 0 0 0 0 0 0 0 0
geno chr19.17312212 yri  0 0 0 0 1 1 0 0 1 0 0 0 1 0 0 1 0 0 0 0 0 0 0 0 0 0 0 0 2 0 0 0 0 0 0 0 0 0 0 0 0 0 0 0 0 0 0 0 0 0 0 0 0 0 0 0 0 0 0 0 0 0 1 0 0 0 0 0 0 0 0 0 0 0 0 0 0
geno chr19.17312992 ceu  0 2 0 0 1 0 1 1 0 2 2 1 2 0 1 0 0 0 1 0 0 0 0 0 0 1 2 0 1 1 1 0 2 1 0 1 1 2 2 1 1 1 1 1 0 1 2 1 2 2 1 1 1 0 0 1 0 1 1 0 0 2 0 1 1 1 1 2 0 0 0 0 0 0 1 0 0 2
geno chr19.17312992 fin  0 1 2 1 2 2 0 0 2 0 1 1 1 1 0 0 1 1 0 1 1 0 0 2 1 1 0 2 2 0 1 0 1 1 0 1 2 0 0 1 1 2 1 1 0 1 0 1 1 1 1 0 1 1 0 2 0 0 2 1 2 1 2 1 1 0 1 0 0 0 0 1 1 0 2 0 0 2 1 0 0 0 1 1 1 0 1 0 0
geno chr19.17312992 gbr  1 2 1 0 2 2 0 1 0 1 2 0 2 1 1 1 1 2 0 0 1 0 1 1 0 0 1 0 2 1 1 0 1 0 0 2 1 0 0 0 1 1 0 2 1 1 0 1 1 1 0 1 1 1 0 1 1 1 0 0 1 2 1 1 2 1 2 1 1 1 0 0 2 2 1 0 0 1 1 2 0 0 1 0
geno chr19.17312992 tsi  2 1 1 2 1 0 1 1 0 0 2 1 1 1 0 1 1 1 0 1 0 0 1 1 1 1 1 1 2 2 0 0 2 0 1 1 0 0 2 1 2 1 1 0 0 2 0 2 1 1 1 1 0 1 0 0 1 0 1 0 0 1 0 1 2 1 1 0 1 1 1 1 0 2 0 1 1 1 0 0 0 1 0 2 2 0 0 1 1 1 1 0
geno chr19.17312992 yri  2 1 1 2 0 1 1 1 1 1 2 2 0 1 2 1 1 2 2 1 2 0 2 1 2 1 0 2 0 1 1 2 0 2 2 2 2 2 2 1 1 2 1 2 2 1 2 0 1 2 1 1 1 1 2 2 1 0 2 1 1 0 1 1 1 2 1 0 2 2 1 2 1 1 0 2 2
geno chr19.17313177 ceu  0 2 0 0 1 0 1 1 0 2 2 1 2 0 1 0 0 0 1 0 0 0 0 0 0 1 2 0 1 1 1 0 2 1 0 1 1 2 2 1 1 1 1 1 0 1 2 1 2 2 1 1 1 0 0 1 0 1 1 0 0 2 0 1 1 1 1 2 0 0 0 0 0 0 1 0 0 2
geno chr19.17313177 fin  0 1 2 1 2 2 0 0 2 0 1 1 1 1 0 0 1 1 0 1 1 0 0 2 1 1 0 2 2 0 1 0 1 1 0 1 2 0 0 1 1 2 1 1 0 1 0 1 1 1 1 0 1 1 0 2 0 0 2 1 2 1 2 1 1 0 1 0 0 0 0 1 1 0 2 0 0 2 1 0 0 0 1 1 1 0 1 0 0
geno chr19.17313177 gbr  1 2 1 0 2 2 0 1 0 1 2 0 2 1 1 1 1 2 0 0 1 0 1 1 0 0 1 0 2 1 1 0 1 0 0 2 1 0 0 0 1 1 0 2 1 1 0 1 1 1 0 1 1 1 0 1 1 1 0 0 1 2 1 1 2 1 2 1 1 1 0 0 2 2 1 0 0 1 1 2 0 0 1 0
geno chr19.17313177 tsi  2 1 1 2 1 0 1 1 0 0 2 1 1 1 0 1 1 1 0 1 0 0 1 1 1 1 1 1 2 2 0 0 2 0 1 1 0 0 2 1 2 1 1 0 0 2 0 2 1 1 1 1 0 1 0 0 1 0 1 0 0 1 0 1 2 1 1 0 1 1 1 1 0 2 0 1 1 1 0 0 0 1 0 2 2 0 0 1 1 1 1 0
geno chr19.17313177 yri  2 1 2 2 0 1 1 1 1 1 2 2 1 1 2 1 1 2 2 1 2 1 2 2 2 1 0 2 0 1 1 2 1 2 2 2 2 2 2 1 1 2 1 2 2 1 2 1 1 2 1 1 1 2 2 2 1 1 2 2 1 1 1 2 1 2 1 0 2 2 2 2 1 1 0 2 2
geno chr19.17313619 ceu  0 2 0 0 1 0 1 1 0 2 2 1 2 0 1 0 0 0 1 0 0 0 0 0 0 1 2 0 1 1 1 0 2 1 0 1 1 2 2 1 1 1 1 1 0 1 2 1 2 2 1 1 1 0 0 1 0 1 1 0 0 2 0 1 1 1 1 2 0 0 0 0 0 0 1 0 0 2
geno chr19.17313619 fin  0 1 2 1 2 2 0 0 2 0 1 1 1 1 0 0 1 1 0 1 1 0 0 2 1 1 0 2 2 0 1 0 1 1 0 1 2 0 0 1 1 2 1 1 0 1 0 1 1 1 1 0 1 1 0 2 0 0 2 1 2 1 2 1 1 0 1 0 0 0 0 1 1 0 2 0 0 2 1 0 0 0 1 1 1 0 1 0 0
geno chr19.17313619 gbr  1 2 1 0 2 2 0 1 0 1 2 0 2 1 1 1 1 2 0 0 1 0 1 1 0 0 1 0 2 1 1 0 1 0 0 2 1 0 0 0 1 1 0 2 1 1 0 1 1 1 0 1 1 1 0 1 1 1 0 0 1 2 1 1 2 1 2 1 1 1 0 0 2 2 1 0 0 1 1 2 0 0 1 0
geno chr19.17313619 tsi  2 1 1 2 1 0 1 1 0 0 2 1 1 1 0 1 1 1 0 1 0 0 1 1 1 1 1 1 2 2 0 0 2 0 1 1 0 0 2 1 2 1 1 0 0 2 0 2 1 1 1 1 0 1 0 0 1 0 1 0 0 1 0 1 2 1 1 0 1 1 1 1 0 2 0 1 1 1 0 0 0 1 0 2 2 0 0 1 1 1 1 0
geno chr19.17313619 yri  2 1 2 2 0 1 1 1 1 1 2 2 0 1 2 1 1 2 2 1 2 0 2 1 2 1 0 2 0 1 1 2 0 2 2 2 2 2 2 1 1 2 1 2 2 1 2 1 1 2 1 1 1 2 2 2 1 0 2 1 1 1 1 2 1 2 1 0 2 2 2 2 1 1 0 2 2
geno chr19.17313833 ceu  0 2 0 0 1 0 1 1 0 2 2 1 2 0 1 0 0 0 1 0 0 0 0 0 0 1 2 0 1 1 1 0 2 1 0 1 1 2 2 1 1 1 1 1 0 1 2 1 2 2 1 1 1 0 0 1 0 1 1 0 0 2 0 1 1 1 1 2 0 0 0 0 0 0 1 0 0 2
geno chr19.17313833 fin  0 1 2 1 2 2 0 0 2 0 1 1 1 1 0 0 1 1 0 1 1 0 0 2 1 1 0 2 2 0 1 0 1 1 0 1 2 0 0 1 1 2 1 1 0 1 0 1 1 1 1 0 1 1 0 2 0 0 2 1 2 1 2 1 1 0 1 0 0 0 0 1 1 0 2 0 0 2 1 0 0 0 1 1 1 0 1 0 0
geno chr19.17313833 gbr  1 2 1 0 2 2 0 1 0 1 2 0 2 1 1 1 1 2 0 0 1 0 1 1 0 0 1 0 2 1 1 0 1 0 0 2 1 0 0 0 1 1 0 2 1 1 0 1 1 1 0 1 1 1 0 1 1 1 0 0 1 2 1 1 2 1 2 1 1 1 0 0 2 2 1 0 0 1 1 2 0 0 1 0
geno chr19.17313833 tsi  2 1 1 2 1 0 1 1 0 0 2 1 1 1 0 1 1 1 0 1 0 0 1 1 1 1 1 1 2 2 0 0 2 0 1 1 0 0 2 1 2 1 1 0 0 2 0 2 1 1 1 1 0 1 0 0 1 0 1 0 0 1 0 1 2 1 1 0 1 1 1 1 0 2 0 1 1 1 0 0 0 1 0 2 2 0 0 1 1 1 1 0
geno chr19.17313833 yri  2 1 2 2 0 1 1 1 1 1 2 2 0 1 2 1 1 2 2 1 2 0 2 1 2 1 0 2 0 1 1 2 0 2 2 2 2 2 2 1 1 2 1 2 2 1 2 1 1 2 1 1 1 2 2 2 1 0 2 1 1 1 1 2 1 2 1 0 2 2 2 2 1 1 0 2 2
geno chr19.17314189 ceu  0 2 0 0 1 0 1 1 0 2 2 1 2 0 1 0 0 0 1 0 0 0 0 0 0 1 2 0 1 1 1 0 2 1 0 1 1 2 2 1 1 1 1 1 0 1 2 1 2 2 1 1 1 0 0 1 0 1 1 0 0 2 0 1 1 1 1 2 0 0 0 0 0 0 1 0 0 2
geno chr19.17314189 fin  0 1 2 1 2 2 0 0 2 0 1 1 1 1 0 0 1 1 0 1 1 0 0 2 1 1 0 2 2 0 1 0 1 1 0 1 2 0 0 1 1 2 1 1 0 1 0 1 1 1 1 0 1 1 0 2 0 0 1 1 2 1 2 1 0 0 1 0 0 0 0 1 1 0 1 0 0 2 1 0 0 0 1 1 1 0 1 0 0
geno chr19.17314189 gbr  1 1 1 0 2 2 0 1 0 1 1 0 2 1 1 1 1 2 0 0 1 0 1 1 0 0 1 0 1 1 1 0 1 0 0 2 1 0 0 0 1 1 0 2 1 1 0 1 1 1 0 1 1 1 0 1 1 1 0 0 1 2 1 1 2 1 2 1 1 1 0 0 1 2 1 0 0 1 1 2 0 0 1 0
geno chr19.17314189 tsi  2 1 1 2 1 0 1 1 0 0 2 0 1 1 0 1 1 1 0 1 0 0 1 1 1 1 1 1 2 2 0 0 2 0 1 1 0 0 2 1 2 1 1 0 0 2 0 2 1 1 1 1 0 1 0 0 1 0 1 0 0 1 0 1 2 1 1 0 1 1 1 1 0 2 0 1 1 1 0 0 0 1 0 2 2 0 0 1 1 1 1 0
geno chr19.17314189 yri  1 1 2 2 0 0 1 1 1 1 2 2 0 1 2 1 1 2 2 1 2 0 2 1 2 1 0 2 0 1 1 1 0 2 2 2 2 2 2 1 1 2 1 1 2 1 2 1 1 1 1 1 0 2 2 2 1 0 1 1 1 1 1 2 1 2 1 0 2 2 2 2 1 1 0 2 2
geno chr19.17314254 ceu  0 2 0 0 1 0 1 1 0 2 1 1 2 0 1 0 0 0 1 0 0 0 0 0 0 1 2 0 1 1 1 0 2 1 0 1 1 2 2 1 1 1 1 1 0 1 2 1 2 2 1 1 0 0 0 1 0 1 1 0 0 2 0 1 1 1 1 2 0 0 0 0 0 0 1 0 0 2
geno chr19.17314254 fin  0 1 2 1 2 2 0 0 2 0 1 1 1 1 0 0 1 1 0 1 1 0 0 2 1 1 0 2 2 0 0 0 1 1 0 1 2 0 0 1 1 2 1 1 0 1 0 1 1 1 1 0 1 1 0 2 0 0 2 1 2 1 2 1 1 0 1 0 0 0 0 1 1 0 2 0 0 2 1 0 0 0 1 1 1 0 1 0 0
geno chr19.17314254 gbr  1 2 1 0 2 2 0 1 0 1 2 0 1 1 0 1 1 2 0 0 1 0 1 1 0 0 1 0 2 1 1 0 1 0 0 2 1 0 0 0 1 1 0 2 1 1 0 1 1 1 0 1 1 1 0 1 1 1 0 0 1 2 1 1 2 1 2 1 1 1 0 0 2 2 1 0 0 1 1 2 0 0 1 0
geno chr19.17314254 tsi  2 1 1 2 1 0 1 1 0 0 2 1 1 1 0 1 1 1 0 1 0 0 1 1 1 1 1 1 2 2 0 0 2 0 1 1 0 0 2 1 2 1 1 0 0 2 0 2 1 1 1 1 0 1 0 0 1 0 1 0 0 1 0 1 2 1 1 0 1 1 1 1 0 2 0 1 1 1 0 0 0 1 0 2 2 0 0 1 1 1 1 0
geno chr19.17314254 yri  1 1 2 2 0 1 1 1 1 1 2 2 1 1 2 1 1 2 2 1 2 1 2 2 2 1 0 2 0 1 1 2 1 2 2 2 2 2 2 1 1 2 1 2 2 1 2 1 1 2 1 1 1 2 2 2 1 1 2 2 1 1 1 2 1 2 1 0 2 2 2 2 1 1 0 2 2
geno chr19.17314483 ceu  0 2 0 0 1 0 1 1 0 2 2 1 2 0 1 0 0 0 1 0 0 0 0 0 0 1 2 0 1 1 1 0 2 1 0 1 1 2 2 1 1 1 1 1 0 1 2 1 2 2 1 1 1 0 0 1 0 1 1 0 0 2 0 1 1 1 1 2 0 0 0 0 0 0 1 0 0 2
geno chr19.17314483 fin  0 1 2 1 2 2 0 0 2 0 1 1 1 1 0 0 1 1 0 1 1 0 0 2 1 1 0 2 2 0 1 0 1 1 0 1 2 0 0 1 1 2 1 1 0 1 0 1 1 1 1 0 1 1 0 2 0 0 2 1 2 1 2 1 1 0 1 0 0 0 0 1 1 0 2 0 0 2 1 0 0 0 1 1 1 0 1 0 0
geno chr19.17314483 gbr  1 2 1 0 2 2 0 1 0 1 2 0 2 1 1 1 1 2 0 0 1 0 1 1 0 0 1 0 2 1 1 0 1 0 0 2 1 0 0 0 1 1 0 2 1 1 0 1 1 1 0 1 1 1 0 1 1 1 0 0 1 2 1 1 2 1 2 1 1 1 0 0 2 2 1 0 0 1 1 2 0 0 1 0
geno chr19.17314483 tsi  2 1 1 2 1 0 1 1 0 0 2 1 1 1 0 1 1 1 0 1 0 0 1 1 1 1 1 1 2 2 0 0 2 0 1 1 0 0 2 1 2 1 1 0 0 2 0 2 1 1 1 1 0 1 0 0 1 0 1 0 0 1 0 1 2 1 1 0 1 1 1 1 0 2 0 1 1 1 0 0 0 1 0 2 2 0 0 1 1 1 1 0
geno chr19.17314483 yri  1 1 1 2 0 1 1 1 1 1 2 2 0 1 2 1 1 2 2 1 2 0 2 1 2 1 0 2 0 1 1 2 0 2 2 2 2 2 1 1 1 2 1 2 2 1 2 0 1 2 1 1 1 0 2 2 1 0 2 1 1 0 1 1 1 2 1 0 2 2 1 2 1 1 0 2 2
geno chr19.17314600 ceu  0 0 1 0 0 0 0 0 1 0 0 0 0 1 0 0 0 2 1 0 0 0 0 0 0 1 0 0 0 0 0 2 0 0 0 0 1 0 0 0 1 0 0 0 0 0 0 0 0 0 0 0 0 0 0 0 0 0 0 0 0 0 0 0 0 0 0 0 0 0 0 0 0 0 0 0 0 0
geno chr19.17314600 fin  0 0 0 0 0 0 0 0 0 0 0 0 0 0 0 0 0 0 1 0 0 0 0 0 0 0 0 0 0 0 0 0 0 0 1 0 0 1 0 1 0 0 1 0 0 1 0 0 0 0 0 1 0 0 0 0 1 0 0 1 0 0 0 0 0 1 0 0 0 0 0 0 0 0 0 0 0 0 0 0 0 0 0 0 0 0 0 1 0
geno chr19.17314600 gbr  0 0 0 1 0 0 0 0 0 0 0 0 0 0 0 0 0 0 0 0 0 0 0 0 0 0 0 0 0 0 0 0 0 0 1 0 0 0 0 0 0 0 0 0 0 0 0 0 0 0 0 0 1 0 0 0 0 0 0 1 0 0 0 0 0 0 0 0 1 0 0 1 0 0 0 0 0 0 0 0 0 0 0 0
geno chr19.17314600 tsi  0 0 0 0 0 1 0 0 0 0 0 0 0 1 0 0 0 0 1 1 0 0 0 0 0 0 0 0 0 0 0 0 0 0 0 0 0 0 0 0 0 0 1 0 0 0 0 0 0 1 0 0 0 0 1 0 0 0 1 1 1 0 0 0 0 0 0 0 0 0 0 0 0 0 0 0 0 0 1 0 0 0 2 0 0 0 0 0 0 0 0 1
geno chr19.17314600 yri  0 0 0 0 0 0 0 0 0 0 0 0 0 0 0 0 0 0 0 0 0 0 0 0 0 0 0 0 0 0 0 0 0 0 0 0 0 0 0 0 0 0 0 0 0 0 0 0 0 0 0 0 0 0 0 0 0 0 0 0 0 0 0 0 0 0 0 0 0 0 0 0 0 0 0 0 0
geno chr19.17314874 ceu  0 2 0 0 1 0 1 1 0 2 2 1 2 0 1 0 0 0 1 0 0 0 0 0 0 1 2 0 1 1 1 0 2 1 0 1 1 2 2 1 1 1 1 1 0 1 2 1 2 2 1 1 1 0 0 1 0 1 1 0 0 2 0 1 1 1 1 2 0 0 0 0 0 0 1 0 0 2
geno chr19.17314874 fin  0 1 2 1 2 2 0 0 2 0 1 1 1 1 0 0 1 1 0 1 1 0 0 2 1 1 0 2 2 0 1 0 1 1 0 1 2 0 0 1 1 2 1 1 0 1 0 1 1 1 1 0 1 1 0 2 0 0 2 1 2 1 2 1 1 0 1 0 0 0 0 1 1 0 2 0 0 2 1 0 0 0 1 1 1 0 1 0 0
geno chr19.17314874 gbr  1 2 1 0 2 2 0 1 0 1 2 0 2 1 1 1 1 2 0 0 1 0 1 1 0 0 1 0 2 1 1 0 1 0 0 2 1 0 0 0 1 1 0 2 1 1 0 1 1 1 0 1 1 1 0 1 1 1 0 0 1 2 1 1 2 1 2 1 1 1 0 0 2 2 1 0 0 1 1 2 0 0 1 0
geno chr19.17314874 tsi  2 1 1 2 1 0 1 1 0 0 2 1 1 1 0 1 1 1 0 1 0 0 1 1 1 1 1 1 2 2 0 0 2 0 1 1 0 0 2 1 2 1 1 0 0 2 0 2 1 1 1 1 0 1 0 0 1 0 1 0 0 1 0 1 2 1 1 0 1 1 1 1 0 2 0 1 1 1 0 0 0 1 0 2 2 0 0 1 1 1 1 0
geno chr19.17314874 yri  2 1 2 2 0 1 1 1 1 1 2 2 1 1 2 1 1 2 2 1 2 1 2 2 2 1 0 2 0 1 1 2 1 2 2 2 2 2 2 1 1 2 1 2 2 1 2 1 1 2 1 1 1 2 2 2 1 1 2 2 1 1 1 2 1 2 1 0 2 2 2 2 1 1 0 2 2
geno chr19.17314961 ceu  0 0 1 1 0 0 0 0 1 0 0 0 0 1 0 1 0 2 1 0 0 0 0 0 0 1 0 0 0 0 0 2 0 0 0 0 1 0 0 0 1 0 0 0 0 0 0 0 0 0 0 0 0 0 0 0 0 0 0 0 0 0 0 0 0 0 0 0 0 0 0 0 1 0 0 0 0 0
geno chr19.17314961 fin  0 0 0 0 0 0 0 0 0 1 0 0 0 0 0 0 0 0 1 0 0 0 0 0 0 0 0 0 0 0 0 0 0 0 1 0 0 1 0 1 0 0 1 0 0 1 0 0 0 0 0 1 0 0 0 0 1 0 0 1 0 0 0 0 0 1 0 0 0 0 0 0 0 0 0 0 0 0 0 0 0 0 0 0 0 0 0 1 0
geno chr19.17314961 gbr  0 0 0 1 0 0 0 0 0 0 0 0 0 0 0 0 0 0 0 0 0 0 0 0 0 0 0 0 0 0 0 0 0 0 1 0 0 0 0 0 0 0 0 0 0 0 0 0 0 0 0 0 1 0 0 0 0 0 1 1 0 0 0 0 0 0 0 0 1 0 0 1 0 0 1 0 0 0 0 0 0 1 0 0
geno chr19.17314961 tsi  0 0 0 0 0 1 0 0 0 0 0 0 0 1 0 0 0 0 1 1 0 0 0 0 0 0 0 0 0 0 0 0 0 0 0 0 0 0 0 0 0 0 1 0 0 0 0 0 0 1 0 1 0 0 1 0 0 0 1 1 1 0 0 0 0 0 0 0 0 0 0 0 0 0 0 0 0 0 1 0 0 0 2 0 0 0 0 0 0 0 0 1
geno chr19.17314961 yri  0 0 0 0 0 0 0 0 0 1 0 0 0 0 0 0 1 0 0 1 0 1 0 0 0 1 0 0 0 1 1 0 0 0 0 0 0 0 0 0 0 0 1 0 0 0 0 0 1 0 1 0 1 0 0 0 1 0 0 0 1 0 0 0 1 0 0 2 0 0 0 0 0 0 1 0 0
geno chr19.17315730 ceu  0 1 0 0 1 0 1 1 0 2 1 1 1 0 0 0 0 0 1 0 0 0 0 0 0 1 2 0 1 1 1 0 0 1 0 1 1 2 2 1 1 1 1 1 0 1 1 1 1 1 1 1 0 0 0 0 0 0 1 0 0 0 0 1 1 1 1 1 0 0 0 0 0 0 0 0 0 2
geno chr19.17315730 fin  0 1 2 1 2 1 0 0 2 0 1 0 1 1 0 0 1 1 0 1 1 0 0 2 1 0 0 2 2 0 0 0 0 0 0 1 2 0 0 1 1 0 1 0 0 0 0 1 1 0 1 0 0 1 0 1 0 0 2 1 2 0 2 1 0 0 1 0 0 0 0 1 0 0 2 0 0 2 1 0 0 0 0 1 0 0 1 0 0
geno chr19.17315730 gbr  0 1 0 0 1 2 0 1 0 0 1 0 1 1 0 1 1 1 0 0 1 0 0 1 0 0 0 0 2 1 0 0 1 0 0 2 1 0 0 0 1 1 0 2 0 1 0 1 1 1 0 1 1 1 0 1 1 1 0 0 0 2 1 1 2 1 2 1 0 0 0 0 2 1 0 0 0 1 1 2 0 0 1 0
geno chr19.17315730 tsi  2 1 1 2 1 0 1 0 0 0 1 1 1 1 0 1 1 0 0 0 0 0 1 0 1 1 1 1 2 2 0 0 2 0 1 1 0 0 1 1 2 0 0 0 0 1 0 1 1 1 0 1 0 1 0 0 0 0 1 0 0 1 0 1 1 0 1 0 1 1 1 1 0 2 0 1 1 1 0 0 0 0 0 2 0 0 0 0 0 0 1 0
geno chr19.17315730 yri  1 1 1 2 0 1 1 1 0 1 2 2 0 0 2 1 1 2 1 1 2 0 2 0 2 1 0 2 0 1 1 0 0 2 2 1 2 1 1 1 1 1 0 1 2 1 1 0 1 1 1 0 1 0 2 2 1 0 2 1 1 0 1 1 1 2 1 0 1 2 1 2 1 1 0 1 2
geno chr19.17315895 ceu  0 1 0 0 1 0 1 1 0 2 1 1 1 0 0 0 0 0 1 0 0 0 0 0 0 1 2 0 1 1 1 0 0 1 0 1 1 2 2 1 1 1 1 1 0 1 1 1 1 1 1 1 0 0 0 0 0 0 1 0 0 0 0 1 1 1 1 1 0 0 0 0 0 0 0 0 0 2
geno chr19.17315895 fin  0 1 2 1 2 1 0 0 2 0 1 0 1 1 0 0 1 1 0 1 1 0 0 2 1 0 0 2 2 0 0 0 0 1 0 1 2 0 0 1 1 0 1 0 0 0 0 1 1 0 1 0 0 1 0 1 0 0 2 1 2 0 2 1 0 0 1 0 0 0 0 1 0 0 2 0 0 2 1 0 0 0 1 1 0 0 1 0 0
geno chr19.17315895 gbr  0 1 0 0 1 2 0 1 0 0 1 0 1 1 0 1 1 1 0 0 1 0 0 1 0 0 0 0 2 1 0 0 1 0 0 2 1 0 0 0 1 1 0 2 0 1 0 1 1 1 0 1 1 1 0 1 1 1 0 0 0 2 1 1 2 1 2 1 0 0 0 0 2 1 0 0 0 1 1 2 0 0 1 0
geno chr19.17315895 tsi  2 1 1 2 1 0 1 0 0 0 1 1 1 1 0 1 1 0 0 0 0 0 1 0 1 1 1 1 2 2 0 0 2 0 1 1 0 0 1 1 2 0 0 0 0 1 0 1 1 1 0 1 0 1 0 0 0 0 1 0 0 1 0 1 1 0 1 0 1 1 1 1 0 2 0 1 1 1 0 0 0 0 0 2 0 0 0 0 0 0 1 0
geno chr19.17315895 yri  1 1 1 2 0 1 1 1 0 1 2 2 0 0 2 1 1 2 1 1 2 0 2 0 2 1 0 2 0 1 1 0 0 2 2 1 2 1 1 1 1 1 0 1 2 1 1 0 1 1 1 0 1 0 2 2 1 0 2 1 1 0 1 1 1 2 1 0 1 2 1 2 1 1 0 1 2
geno chr19.17316253 ceu  0 2 0 0 1 0 1 1 0 2 2 1 2 0 1 0 0 0 1 0 0 0 0 0 0 1 2 0 1 1 1 0 2 1 0 1 1 2 2 1 1 1 1 1 0 1 2 1 2 2 1 1 1 0 0 1 0 1 1 0 0 2 0 1 1 1 1 2 0 0 0 0 0 0 1 0 0 2
geno chr19.17316253 fin  0 1 2 1 2 2 0 0 2 0 1 1 1 1 0 0 1 1 0 1 1 0 0 2 1 1 0 2 2 0 1 0 1 1 0 1 2 0 0 1 1 2 1 1 0 1 0 1 1 1 1 0 1 1 0 2 0 0 2 1 2 1 2 1 1 0 1 0 0 0 0 1 1 0 2 0 0 2 1 0 0 0 1 1 1 0 1 0 0
geno chr19.17316253 gbr  1 2 1 0 2 2 0 1 0 1 2 0 2 1 1 1 1 2 0 0 1 0 1 1 0 0 1 0 2 1 1 0 1 0 0 2 1 0 0 0 1 1 0 2 1 1 0 1 1 1 0 1 1 1 0 1 1 1 0 0 1 2 1 1 2 1 2 1 1 1 0 0 2 2 1 0 0 1 1 2 0 0 1 0
geno chr19.17316253 tsi  2 1 1 2 1 0 1 1 0 0 2 1 1 1 0 1 1 1 0 1 0 0 1 1 1 1 1 1 2 2 0 0 2 0 1 1 0 0 2 1 2 1 1 0 0 2 0 2 1 1 1 1 0 1 0 0 1 0 1 0 0 1 0 1 2 1 1 0 1 1 1 1 0 2 0 1 1 1 0 0 0 1 0 2 2 0 0 1 1 1 1 0
geno chr19.17316253 yri  2 2 2 2 0 1 1 1 1 1 2 2 1 1 2 1 1 2 2 1 2 0 2 2 2 1 2 2 0 1 1 2 1 2 2 2 2 2 2 1 1 2 1 2 2 2 2 1 1 2 1 1 1 2 2 2 1 1 2 1 1 1 1 2 1 2 1 0 2 2 2 2 1 1 0 2 2
geno chr19.17316261 ceu  0 0 1 0 1 0 0 0 0 0 0 0 0 0 0 0 1 0 0 0 0 1 0 0 0 0 0 1 0 1 0 0 0 0 0 0 0 0 0 0 0 0 0 0 0 0 0 0 0 0 0 0 0 0 1 0 0 0 0 0 1 0 0 1 0 0 0 0 0 1 0 0 0 0 0 0 0 0
geno chr19.17316261 fin  0 0 0 0 0 0 0 0 0 0 0 0 0 0 0 0 0 0 0 0 0 0 0 0 0 0 0 0 0 0 0 0 1 0 0 0 0 0 0 0 0 0 0 0 0 0 0 0 0 0 0 0 0 0 0 0 0 0 0 0 0 0 0 0 0 0 0 0 0 0 0 0 0 0 0 0 0 0 0 0 0 0 0 0 0 0 0 0 0
geno chr19.17316261 gbr  0 0 0 0 0 0 0 0 0 0 0 0 0 0 0 0 0 0 0 1 0 0 0 0 0 0 0 0 0 0 0 0 0 0 0 0 0 0 0 0 0 0 0 0 0 0 0 0 0 0 0 0 0 0 0 0 0 0 0 0 0 0 0 0 0 0 0 0 0 0 0 0 0 0 0 1 0 0 0 0 0 1 0 0
geno chr19.17316261 tsi  0 0 0 0 0 0 0 0 0 0 0 0 0 0 1 0 0 0 0 0 0 0 1 0 0 0 0 0 0 0 1 0 0 0 0 0 2 0 0 0 0 0 0 0 0 0 0 0 0 0 0 0 0 0 0 0 0 1 0 0 0 0 0 0 0 0 0 0 1 0 0 0 0 0 1 0 0 0 0 0 0 0 0 0 0 0 0 0 0 0 0 0
geno chr19.17316261 yri  0 0 0 0 2 1 1 1 1 0 0 0 1 1 0 1 0 0 0 0 0 0 0 0 0 0 0 0 2 0 0 0 1 0 0 0 0 0 0 0 0 0 0 0 0 0 0 1 0 0 0 0 0 0 0 0 0 1 0 0 0 1 1 0 0 0 1 0 0 0 0 0 1 1 1 0 0
geno chr19.17316697 ceu  2 0 2 2 1 2 1 1 2 0 0 1 0 2 1 2 2 2 1 2 2 2 2 2 2 1 0 2 1 1 1 2 0 1 2 1 1 0 0 1 1 1 1 1 2 1 0 1 0 0 1 1 1 2 2 1 2 1 1 2 2 0 2 1 1 1 1 0 2 2 2 2 2 2 1 2 2 0
geno chr19.17316697 fin  2 1 0 1 0 0 2 2 0 2 1 1 1 1 2 2 1 1 2 1 1 2 2 0 1 1 2 0 0 2 1 2 1 1 2 1 0 2 2 1 1 0 1 1 2 1 2 1 1 1 1 2 1 1 2 0 2 2 0 1 0 1 0 1 1 2 1 2 2 2 2 1 1 2 0 2 2 0 1 2 2 2 1 1 1 2 1 2 2
geno chr19.17316697 gbr  1 0 1 2 0 0 2 1 2 1 0 2 0 1 1 1 1 0 2 2 1 2 1 1 2 2 1 2 0 1 1 2 1 2 2 0 1 2 2 2 1 1 2 0 1 1 2 1 1 1 2 1 1 1 2 1 1 1 2 2 1 0 1 1 0 1 0 1 1 1 2 2 0 0 1 2 2 1 1 0 2 2 1 2
geno chr19.17316697 tsi  0 1 1 0 1 2 1 1 2 2 0 1 1 1 2 1 1 1 2 1 2 2 1 1 1 1 1 1 0 0 2 1 0 2 1 1 2 2 0 1 0 1 1 2 2 0 2 0 1 1 1 1 2 1 2 2 1 2 1 2 2 1 2 1 0 1 1 2 1 1 1 1 2 0 2 1 1 1 2 2 2 1 2 0 0 2 2 1 1 1 1 2
geno chr19.17316697 yri  0 0 1 0 2 1 1 1 1 1 0 0 2 1 0 1 1 0 0 1 0 2 0 1 0 1 0 0 2 1 1 0 2 0 0 0 0 0 0 1 1 0 1 0 0 0 0 2 1 0 1 1 1 1 0 0 1 2 0 1 1 2 1 1 1 0 1 2 0 0 1 0 1 1 2 0 0
geno chr19.17316782 ceu  0 2 0 0 1 0 1 1 0 2 2 1 2 0 1 0 0 0 1 0 0 0 0 0 0 1 2 0 1 1 1 0 2 1 0 1 1 2 2 1 1 1 1 1 0 1 2 1 2 2 1 1 1 0 0 1 0 1 1 0 0 2 0 1 1 1 1 2 0 0 0 0 0 0 1 0 0 2
geno chr19.17316782 fin  0 1 2 1 2 2 0 0 2 0 1 1 1 1 0 0 1 1 0 1 1 0 0 2 1 1 0 2 2 0 1 0 1 1 0 1 2 0 0 1 1 2 1 1 0 1 0 1 1 1 1 0 1 1 0 2 0 0 2 1 2 1 2 1 1 0 1 0 0 0 0 1 1 0 2 0 0 2 1 0 0 0 1 1 1 0 1 0 0
geno chr19.17316782 gbr  1 2 1 0 2 2 0 1 0 1 2 0 2 1 1 1 1 2 0 0 1 0 1 1 0 0 1 0 2 1 1 0 1 0 0 2 1 0 0 0 1 1 0 2 1 1 0 1 1 1 0 1 1 1 0 1 1 1 0 0 1 2 1 1 2 1 2 1 1 1 0 0 2 2 1 0 0 1 1 2 0 0 1 0
geno chr19.17316782 tsi  2 1 1 2 1 0 1 1 0 0 2 1 1 1 0 1 1 1 0 1 0 0 1 1 1 1 1 1 2 2 0 1 2 0 1 1 0 0 2 1 2 1 1 0 0 2 0 2 1 1 1 1 0 1 0 0 1 0 1 0 0 1 0 1 2 1 1 0 1 1 1 1 0 2 0 1 1 1 0 0 0 1 0 2 2 0 0 1 1 1 1 0
geno chr19.17316782 yri  2 2 2 2 0 1 1 1 1 1 2 2 1 1 2 1 1 2 2 1 2 0 2 2 2 1 2 2 0 1 1 2 1 2 2 2 2 2 2 1 1 2 1 2 2 2 2 1 1 2 1 1 1 2 2 2 1 1 2 1 1 1 1 2 1 2 1 0 2 2 2 2 1 1 0 2 2
geno chr19.17317252 ceu  0 1 0 0 1 0 1 1 0 2 1 1 1 0 0 0 0 0 1 0 0 0 0 0 0 1 2 0 1 1 1 0 0 1 0 1 1 2 2 1 1 1 1 1 0 1 1 1 1 1 1 1 0 0 0 0 0 0 1 0 0 0 0 1 1 1 1 1 0 0 0 0 0 0 0 0 0 2
geno chr19.17317252 fin  0 1 2 1 2 1 0 0 2 0 1 0 1 1 0 0 1 1 0 1 1 0 0 2 1 0 0 2 2 0 0 0 0 1 0 1 2 0 0 1 1 0 1 0 0 0 0 1 1 1 1 0 0 1 0 1 0 0 2 1 2 0 2 1 1 0 1 0 0 0 0 1 0 0 2 0 0 2 1 0 0 0 1 1 1 0 1 0 0
geno chr19.17317252 gbr  0 1 0 0 1 2 0 1 0 0 2 0 1 1 0 1 1 1 0 0 1 0 0 1 0 0 0 0 2 1 0 0 1 0 0 2 1 0 0 0 1 1 0 2 0 1 0 1 1 1 0 1 1 1 0 1 1 1 0 0 0 2 1 1 2 1 2 1 0 0 0 0 2 1 0 0 0 1 1 2 0 0 1 0
geno chr19.17317252 tsi  2 1 1 2 1 0 1 0 0 0 1 1 1 1 0 1 1 0 0 0 0 0 1 0 1 1 1 1 2 2 0 1 2 0 1 1 0 0 1 1 2 0 0 0 0 1 0 1 1 1 0 1 0 1 0 0 0 0 1 0 0 1 0 1 1 0 1 0 1 1 1 1 0 2 0 1 1 1 0 0 0 0 0 2 0 0 0 0 0 0 1 0
geno chr19.17317252 yri  1 1 1 2 0 1 1 1 0 1 2 2 0 0 2 1 1 2 1 1 2 0 2 0 2 1 1 2 0 1 1 0 0 2 2 1 2 1 1 1 1 1 0 1 2 2 1 0 1 1 1 0 1 0 2 2 1 0 2 0 1 0 1 1 1 1 1 0 0 2 1 2 1 1 0 1 2
