pheno ENSG00000103257 ceu 0.7173751 0.7959697 0.2806093 -0.6188673 0.2936655 -0.07469627 -1.542687 -0.6436195 -1.489519 1.530914 0.768669 -0.2256571 -0.2732486 1.195586 0.1457695 -2.73017 0.8705276 0.9783196 -0.2947519 0.7103442 -1.201321 -0.3381175 0.2109765 0.1587133 0.5970319 0.1604893 -0.8779794 0.7834822 -2.214906 -1.432447 0.9653436 -1.293479 -0.6818944 0.7046312 1.333533 -1.423107 -0.1985886 -0.0527902 -0.3904383 1.470016 0.2697781 0.2846123 -1.057551 -0.06762822 0.4065474 0.009931823 -0.2882143 -1.461889 0.9790639 0.2115429 0.7003411 -0.3275359 -0.05976691 -1.625202 -0.6389374 -2.522122 0.5573248 -1.120782 -0.4383026 -0.1100873 -1.467346 -1.217841 -0.5993301 -0.3043234 -0.5657149 0.7617566 -0.7194405 -0.9047566 0.3913161 -0.8715826 -0.3174521 0.08266181 -1.111162 -0.9453818 -0.1839515 -0.6088882 0.5465738 1.252811
pheno ENSG00000103257 fin -1.01115 0.8910477 -0.9995628 1.347663 0.1631323 -0.5281499 -2.345583 2.037709 -1.332115 0.0672601 -0.2833048 0.7552983 0.2248803 0.739934 -0.4949998 -0.5671967 -1.435634 -0.08403443 -0.07909395 -1.368581 1.034469 -0.1607251 -0.1982268 1.279395 -1.062312 -0.03351633 -0.6513555 0.8595032 -0.5526067 -0.6390135 2.456171 0.3098405 -0.2966796 -2.263923 -0.07321826 -0.3462243 -0.7702495 0.7425782 0.1655002 -0.7596631 -0.2691153 -0.5978662 0.8043822 -0.2462705 -0.9507318 0.411473 1.501863 0.5739514 -0.02455963 -2.270609 1.244964 0.5435217 -0.5772258 -0.2675243 1.295473 2.232413 0.4897593 -1.00286 -0.1280289 -0.7371357 -0.4689786 0.7348255 -0.8792104 -1.021595 -3.452 0.2388094 -0.012938 0.3051381 -0.1958103 1.619088 0.2595712 -1.218562 0.2139721 0.1155032 0.6502475 1.805772 0.2650089 -0.2550568 -0.3744939 0.3116777 -0.4841044 -0.04599358 -0.783486 -2.159768 -0.07787725 1.375778 -0.1374987 0.5832448 -1.119582
pheno ENSG00000103257 gbr -3.749973 -1.389553 -1.433121 -3.618814 -0.1642678 -1.920553 -2.157125 -0.6450007 -1.994226 -4.972393 -3.715831 -2.266125 -1.357897 -1.07484 -0.5380963 -2.552916 -4.75632 -2.021023 -1.898203 -2.380341 -1.846633 -1.901788 -2.782802 -3.458579 -1.998211 -2.410348 -2.31991 -2.798538 -1.167365 -3.285112 -1.50361 -3.377607 -0.7414567 -0.9741016 -1.071605 -2.783754 -2.278003 -2.14962 -1.963834 -1.943574 -2.288604 -0.2476363 -0.6368609 -3.339595 -3.335922 -2.744599 -6.483026 -1.977916 -0.4513284 -1.210223 -2.772097 -2.754516 -1.604203 -3.270118 -2.465578 -2.782021 -0.6061547 -4.96895 -4.138938 -3.332573 -2.689485 -2.014854 -1.289745 -2.679375 -1.608573 -1.836273 -4.481725 -1.567242 -3.367076 -0.6437957 -0.4317508 -1.183241 -2.067811 -1.357631 -2.441834 -2.613707 -2.661971 -2.789252 -2.387886 -2.224681 -4.017707 -1.490481 -0.8036745 -0.5809159
pheno ENSG00000103257 tsi 2.045905 1.880494 2.024376 2.649278 -0.2045588 -0.440781 -0.6641163 1.105867 1.110996 0.6835349 -1.309225 0.4772905 0.6706612 1.869764 -0.4477323 1.204847 -1.074202 1.670481 1.294396 1.510269 -0.1725386 0.9429697 -0.5644749 0.5909584 0.5028843 0.36585 1.381998 1.021017 -0.05949874 1.179615 1.54456 1.341628 0.3556747 0.7883035 2.51711 1.44763 -0.8360226 -0.6481008 1.629826 0.8125581 1.702549 -0.8438456 0.8366534 1.309771 1.276756 1.887817 0.9854179 -2.030471 -1.506019 1.653221 0.6237021 -1.30566 -0.8554372 2.478165 1.185556 0.6898859 0.4230801 0.968681 -0.4183971 1.247157 -0.3832668 0.466996 0.6121523 1.709401 0.5356742 -0.1981396 1.579229 1.143432 -0.3603746 0.5179953 0.1737732 1.061493 1.251602 0.927798 1.148937 0.200392 2.286026 0.8728541 1.821222 0.2121592 -0.8449898 0.04079903 0.7026471 -0.2106083 1.398088 2.199171 1.075201 1.608969 0.8549812 2.76213 0.07001707 3.520914
pheno ENSG00000103257 yri -1.023217 0.07483802 -0.7754987 0.1488775 -0.3624257 0.841112 -1.44331 0.2602115 -1.050676 -1.457314 0.1846504 0.3116665 -0.2408712 0.3874032 -0.02878207 -0.9463661 -0.3954491 1.831395 -0.4896206 1.472124 -0.9489483 -0.3843443 2.264003 -0.1335455 0.6467562 1.068839 -0.5748046 -0.4064868 1.268961 -0.3471186 1.066644 0.64248 -0.860969 0.871932 1.296916 -0.04611105 2.375346 -1.551061 2.213397 -0.01268721 0.3228091 -0.1641131 0.2369112 -0.7704534 -0.528094 -1.081553 -1.139093 -1.389376 2.163378 0.7705082 0.6062118 -0.4228242 0.7649073 0.271006 3.114475 -1.52961 -1.052705 -0.9640467 1.360689 0.8900946 -2.818155 0.7955994 0.8785614 -1.695763 0.8055067 -2.371782 1.622046 -1.556681 1.276438 -0.9203784 -0.2406027 -1.075662 -1.669848 2.500649 -0.01949046 0.8684149 -0.8433084
geno chr16.87803148 ceu  0 0 0 0 0 0 0 0 0 0 1 0 1 1 0 0 1 1 1 0 0 0 0 0 1 1 0 0 0 0 0 0 0 0 0 0 1 0 0 0 1 0 0 1 0 0 1 0 0 0 0 0 0 1 0 0 1 1 1 0 0 1 0 0 0 0 0 0 0 0 0 0 0 1 1 0 1 0
geno chr16.87803148 fin  1 0 0 0 1 1 0 0 0 0 0 0 1 1 1 0 0 0 0 0 0 0 0 0 0 0 0 1 0 0 0 0 0 0 0 0 0 0 0 0 0 1 0 0 1 0 0 1 1 0 1 1 0 1 0 0 0 1 1 0 0 0 0 0 1 1 1 0 1 0 0 0 2 1 0 1 0 0 0 0 0 0 0 1 0 2 0 0 1
geno chr16.87803148 gbr  2 0 1 1 1 0 1 1 0 0 0 1 0 1 2 1 1 0 1 0 0 0 1 1 0 1 0 0 0 0 0 0 0 0 0 0 0 0 1 0 1 1 0 1 0 0 0 0 0 0 0 0 0 0 0 0 0 1 0 0 1 0 1 1 2 0 0 0 0 0 0 0 0 1 1 0 0 0 0 1 0 0 1 0
geno chr16.87803148 tsi  0 0 0 1 0 0 0 0 0 0 0 0 0 0 0 0 0 0 0 1 0 0 0 0 0 0 0 0 0 1 0 0 0 0 0 0 0 1 1 0 1 0 0 0 0 0 1 0 0 0 0 0 0 0 1 0 0 1 0 1 0 0 0 2 0 0 1 2 1 0 0 0 0 0 0 0 1 0 0 0 0 0 0 1 0 0 1 1 1 0 1 1
geno chr16.87803148 yri  1 1 1 0 1 0 0 0 0 0 0 1 0 0 0 0 0 0 1 0 1 0 1 0 0 0 0 0 0 0 0 0 0 0 1 0 0 0 0 0 0 1 0 0 0 0 0 0 0 0 0 0 0 0 0 0 0 0 0 1 0 0 1 0 1 1 1 0 2 0 0 0 0 1 0 0 0
geno chr16.87803447 ceu  1 2 1 1 2 1 1 1 1 1 2 0 2 2 1 1 1 1 2 1 1 1 0 2 2 2 2 2 1 0 2 1 0 0 2 1 1 2 1 1 2 1 0 2 1 2 1 0 1 0 1 1 0 1 2 0 1 2 2 1 2 2 2 1 2 1 1 1 1 0 1 2 2 1 1 2 2 1
geno chr16.87803447 fin  2 0 0 2 2 1 0 1 1 1 1 2 2 1 1 1 1 1 1 2 1 2 2 2 2 2 1 2 1 0 2 1 0 1 1 1 0 1 2 1 0 2 1 2 2 1 1 2 2 0 2 2 0 2 2 2 1 1 1 1 1 0 1 1 1 1 2 2 2 2 2 2 2 1 1 1 1 2 0 1 0 0 1 2 1 2 1 1 1
geno chr16.87803447 gbr  2 1 2 2 1 1 2 2 1 1 1 2 1 2 2 2 1 1 1 1 1 1 1 1 2 2 1 2 2 2 0 1 2 2 1 1 2 1 1 2 1 2 2 2 2 2 0 1 2 2 1 1 2 1 1 0 2 2 1 1 1 1 2 2 2 0 1 2 2 2 2 2 2 1 1 1 1 1 1 2 1 1 1 1
geno chr16.87803447 tsi  2 2 1 2 2 2 1 0 2 1 1 2 2 2 2 1 1 1 0 2 1 1 0 1 2 2 1 2 1 1 1 1 1 2 1 2 2 1 1 1 1 1 1 2 2 2 2 0 1 2 1 0 0 1 2 1 0 2 0 1 1 2 2 2 2 1 2 2 1 1 2 2 1 1 1 2 2 2 0 2 1 1 2 1 1 1 2 2 2 2 2 2
geno chr16.87803447 yri  1 1 1 1 2 1 1 2 1 0 1 1 0 1 0 1 0 0 2 1 2 1 2 1 1 0 0 0 1 1 0 1 1 1 1 0 1 0 1 1 2 2 0 0 2 1 0 0 0 1 0 0 1 1 1 0 2 0 1 1 1 1 2 0 2 1 2 1 2 0 0 1 2 2 1 1 0
geno chr16.87803631 ceu  0 1 0 0 0 0 0 0 0 0 0 0 0 0 0 0 0 0 1 0 0 0 0 0 1 0 0 0 0 0 1 1 0 0 0 0 0 1 0 0 0 0 0 1 0 0 0 0 0 0 0 0 0 0 0 0 0 0 0 0 0 0 0 0 0 0 0 0 0 0 0 0 0 0 0 0 0 0
geno chr16.87803631 fin  0 0 0 1 0 0 0 0 0 0 0 0 0 0 0 0 0 0 0 0 0 0 1 0 1 0 0 0 1 0 1 0 0 0 0 0 0 0 1 0 0 0 1 0 0 0 0 1 0 0 0 0 0 0 1 0 0 0 0 0 0 0 0 0 0 0 0 0 0 0 0 0 0 0 0 0 0 0 0 0 0 0 0 1 0 0 0 0 0
geno chr16.87803631 gbr  0 0 0 1 0 0 0 0 0 0 0 0 0 0 0 0 0 0 0 0 0 0 0 0 0 0 0 0 0 0 0 0 1 0 0 0 0 0 0 0 0 0 1 0 0 0 0 0 0 0 0 0 0 0 0 0 0 0 0 0 0 0 0 0 0 0 0 0 0 0 1 1 0 0 0 0 0 0 0 0 0 1 0 0
geno chr16.87803631 tsi  0 0 0 0 0 0 0 0 0 0 0 0 0 0 0 0 0 0 0 1 0 0 0 0 0 0 0 0 0 0 0 0 0 0 1 0 0 0 0 0 0 0 0 0 0 0 0 0 0 0 0 0 0 0 0 0 0 0 0 0 0 1 0 0 1 0 0 0 0 0 0 0 0 0 0 0 0 0 0 0 0 0 1 0 1 0 0 0 0 0 0 0
geno chr16.87803631 yri  0 0 0 0 0 0 0 0 0 0 0 0 0 0 0 0 0 0 0 0 0 0 0 0 0 0 0 0 0 0 0 0 0 0 0 0 0 0 0 0 0 0 0 0 0 0 0 0 0 0 0 0 0 0 0 0 0 0 0 0 0 0 0 0 0 0 0 0 0 0 0 0 0 0 0 0 0
geno chr16.87804211 ceu  1 0 1 1 0 1 1 1 1 1 0 2 0 0 1 1 1 1 0 1 1 1 2 0 0 0 0 0 1 2 0 1 2 2 0 1 1 0 1 1 0 1 1 0 1 0 0 2 1 2 1 1 1 1 0 2 1 0 0 1 0 0 0 1 0 1 1 1 1 1 1 0 0 1 1 0 0 1
geno chr16.87804211 fin  0 1 2 0 0 1 2 1 1 1 1 0 0 1 1 1 1 1 1 0 1 0 0 0 0 0 1 0 1 2 0 1 2 1 1 1 2 1 0 1 2 0 1 0 0 1 1 0 0 2 0 0 2 0 0 0 1 1 1 1 1 1 0 1 1 1 0 0 0 0 0 0 0 1 1 1 1 0 1 1 2 2 1 0 1 0 1 1 1
geno chr16.87804211 gbr  0 1 0 0 1 0 0 0 1 1 1 0 1 0 0 0 1 1 0 1 1 1 1 1 0 0 1 0 0 0 2 1 0 0 1 1 0 1 1 0 1 0 0 0 0 0 2 1 0 0 1 1 0 0 1 2 0 0 1 1 1 1 0 0 0 1 1 0 0 0 0 0 0 1 1 1 1 1 1 0 1 1 1 1
geno chr16.87804211 tsi  0 0 0 0 0 0 1 1 0 1 1 0 0 0 0 1 1 1 2 0 1 1 2 1 0 0 1 0 1 1 1 0 1 0 1 0 0 1 0 1 1 0 1 0 0 0 0 2 1 0 1 1 2 1 0 1 2 0 2 1 1 0 0 0 0 1 0 0 1 1 0 0 0 0 1 0 0 0 1 0 1 1 0 1 1 1 0 0 0 0 0 0
geno chr16.87804211 yri  0 1 0 1 0 0 0 0 0 1 1 0 1 0 0 1 2 0 0 1 0 0 0 0 0 0 1 1 1 0 0 0 1 0 0 0 1 1 0 1 0 0 0 1 0 0 0 0 0 0 1 0 0 0 0 1 0 0 0 0 1 0 0 1 0 0 0 0 0 1 1 0 0 0 1 0 1
geno chr16.87804212 ceu  0 0 0 0 1 0 1 0 0 0 0 0 0 0 0 0 0 0 0 0 0 0 0 0 0 0 0 0 1 0 0 0 0 0 1 0 0 0 0 0 0 0 0 0 0 0 0 0 0 0 0 0 0 0 0 0 0 0 1 0 0 0 0 0 0 0 0 0 0 0 0 0 0 0 0 0 0 0
geno chr16.87804212 fin  0 0 0 0 0 0 0 0 0 0 0 0 0 0 0 0 0 0 0 0 0 0 0 1 0 0 0 0 0 0 0 0 0 0 0 0 0 0 0 0 0 0 0 0 0 0 0 0 0 0 0 0 0 0 0 0 0 0 0 0 0 0 0 0 0 0 0 0 0 0 0 0 0 0 0 0 0 0 0 0 0 0 0 0 0 0 0 0 0
geno chr16.87804212 gbr  0 0 0 0 0 0 0 0 0 0 0 0 0 0 0 0 0 0 0 1 1 0 0 0 0 0 0 1 0 0 0 0 0 1 0 0 1 0 0 0 0 0 0 0 0 0 0 0 0 0 0 0 0 0 0 0 0 0 0 0 0 0 0 0 0 0 0 1 0 1 0 0 0 0 0 0 0 1 0 0 0 0 0 0
geno chr16.87804212 tsi  0 0 0 0 0 0 0 0 0 0 0 1 0 0 0 0 0 0 0 0 0 0 0 0 1 0 0 0 0 0 0 0 0 1 0 0 0 0 0 0 0 0 1 0 0 1 0 0 0 0 0 0 0 0 0 1 0 1 0 0 0 0 0 0 1 0 0 0 0 0 0 1 0 0 0 0 0 0 0 0 0 1 0 0 0 0 1 0 0 1 0 0
geno chr16.87804212 yri  0 0 0 0 0 0 0 0 0 0 1 0 0 0 0 0 0 0 0 0 0 1 0 0 0 0 0 0 0 0 1 0 1 0 0 0 0 0 0 0 0 0 0 0 0 1 0 0 0 0 0 0 0 0 0 0 0 0 1 0 1 0 0 0 0 0 0 0 0 0 0 0 0 0 0 0 0
geno chr16.87804213 ceu  0 0 0 0 1 0 1 0 0 0 0 0 0 0 0 0 0 0 0 0 0 0 0 0 0 0 0 0 1 0 0 0 0 0 1 0 0 0 0 0 0 0 0 0 0 0 0 0 0 0 0 0 0 0 0 0 0 0 1 0 0 0 0 0 0 0 0 0 0 0 0 0 0 0 0 0 0 0
geno chr16.87804213 fin  0 0 0 0 0 0 0 0 0 0 1 0 0 0 0 0 0 0 0 0 0 0 0 1 0 0 0 0 0 1 0 0 0 0 0 0 0 0 0 0 0 0 0 0 0 0 0 0 0 0 0 0 0 0 0 0 0 0 0 0 0 0 0 0 0 0 0 0 0 0 0 0 0 0 0 0 0 0 0 0 0 0 0 0 0 0 0 0 0
geno chr16.87804213 gbr  0 0 0 0 0 0 0 0 0 0 0 0 0 0 0 0 0 0 0 1 0 0 0 0 0 0 0 1 0 0 0 0 0 1 0 0 1 0 0 0 0 0 0 0 0 0 0 0 0 0 0 0 0 0 0 0 0 0 0 0 0 0 0 1 0 0 0 1 0 1 0 0 0 0 0 0 0 1 0 0 0 0 0 0
geno chr16.87804213 tsi  0 0 0 0 0 0 0 0 0 0 0 1 0 0 0 0 0 0 0 0 0 0 0 0 1 0 0 0 0 0 0 0 0 1 0 0 0 0 0 0 0 0 1 0 0 1 0 0 0 0 0 0 0 0 0 1 0 1 0 0 0 0 0 0 1 0 0 0 0 0 0 1 0 0 0 0 0 0 0 0 0 1 0 0 0 0 1 0 0 1 0 0
geno chr16.87804213 yri  0 0 0 0 0 0 0 0 0 0 1 0 0 0 0 0 0 0 0 0 0 1 0 0 0 0 0 0 0 0 1 0 1 0 0 0 0 0 0 0 0 0 0 0 0 1 0 0 0 0 0 0 0 0 0 0 0 0 1 0 1 0 0 0 0 0 0 0 0 0 0 0 0 0 0 0 0
geno chr16.87804435 ceu  0 1 0 0 0 0 0 0 0 0 0 0 0 0 0 0 0 0 1 0 0 0 0 0 1 0 0 0 0 0 1 1 0 0 0 0 0 1 0 0 0 0 0 1 0 0 0 0 0 0 0 0 0 0 0 0 0 0 0 0 0 0 0 0 0 0 0 0 0 0 0 0 0 0 0 0 0 0
geno chr16.87804435 fin  0 0 0 1 0 0 0 0 0 0 0 0 0 0 0 0 0 0 0 0 0 0 1 0 1 0 0 0 1 0 1 0 0 0 0 0 0 0 1 0 0 0 1 0 0 0 0 1 0 0 0 0 0 0 1 0 0 0 0 0 0 0 0 0 0 0 0 0 0 0 0 0 0 0 0 0 0 0 0 0 0 0 0 1 0 0 0 0 0
geno chr16.87804435 gbr  0 0 0 1 0 0 0 0 0 0 0 0 0 0 0 0 0 0 0 0 0 0 0 0 0 0 0 0 0 0 0 0 1 0 0 0 0 0 0 0 0 0 1 0 0 0 0 0 0 0 0 0 0 0 0 0 0 0 0 0 0 0 0 0 0 0 0 0 0 0 1 1 0 0 0 0 0 0 0 0 0 1 0 0
geno chr16.87804435 tsi  0 0 0 0 0 0 0 0 0 0 0 0 0 0 0 0 0 0 0 1 0 0 0 0 0 0 0 0 0 0 0 0 0 0 1 0 0 0 0 0 0 0 0 0 0 0 0 0 0 0 0 0 0 0 0 0 0 0 0 0 0 1 0 0 1 0 0 0 0 0 0 0 0 0 0 0 0 0 0 0 0 0 1 0 1 0 0 0 0 0 0 0
geno chr16.87804435 yri  0 0 0 0 0 0 0 0 0 0 0 0 0 0 0 0 0 0 0 0 0 0 0 0 0 0 0 0 0 0 0 0 0 0 0 0 0 0 0 0 0 0 0 0 0 0 0 0 0 0 0 0 0 0 0 0 0 0 0 0 0 0 0 0 0 0 0 0 0 0 0 0 0 0 0 0 0
geno chr16.87804764 ceu  0 1 0 0 0 0 0 0 0 0 0 0 0 0 0 0 0 0 1 0 0 0 0 0 1 0 0 0 0 0 1 1 0 0 0 0 0 1 0 0 0 0 0 1 0 0 0 0 0 0 0 0 0 0 0 0 0 0 0 0 0 0 0 0 0 0 0 0 0 0 0 0 0 0 0 0 0 0
geno chr16.87804764 fin  0 0 0 1 0 0 0 0 0 0 0 0 0 0 0 0 0 0 0 0 0 0 1 0 1 0 0 0 1 0 1 0 0 0 0 0 0 0 1 0 0 0 1 0 0 0 0 1 0 0 0 0 0 0 1 0 0 0 0 0 0 0 0 0 0 0 0 0 0 0 0 0 0 0 0 0 0 0 0 0 0 0 0 1 0 0 0 0 0
geno chr16.87804764 gbr  0 0 0 1 0 0 0 0 0 0 0 0 0 0 0 0 0 0 0 0 0 0 0 0 0 0 0 0 0 0 0 0 1 0 0 0 0 0 0 0 0 0 1 0 0 0 0 0 0 0 0 0 0 0 0 0 0 0 0 0 0 0 0 0 0 0 0 0 0 0 1 1 0 0 0 0 0 0 0 0 0 1 0 0
geno chr16.87804764 tsi  0 0 0 0 0 0 0 0 0 0 0 0 0 0 0 0 0 0 0 1 0 0 0 0 0 0 0 0 0 0 0 0 0 0 1 0 0 0 0 0 0 0 0 0 0 0 0 0 0 0 0 0 0 0 0 0 0 0 0 0 0 1 0 0 1 0 0 0 0 0 0 0 0 0 0 0 0 0 0 0 0 0 1 0 1 0 0 0 0 0 0 0
geno chr16.87804764 yri  0 0 0 0 0 0 0 0 0 0 0 0 0 0 0 0 0 0 0 1 0 0 0 0 0 0 0 0 0 0 0 0 0 0 0 0 0 0 0 0 0 0 0 0 0 0 0 0 0 0 0 0 0 0 0 0 0 0 0 0 0 0 0 0 0 0 0 0 0 0 0 0 0 0 0 0 0
geno chr16.87805104 ceu  2 1 1 1 2 1 2 1 1 1 1 0 1 1 1 1 0 0 0 1 2 1 0 2 0 1 2 2 1 0 1 0 0 0 2 1 0 1 1 1 1 1 0 0 1 2 0 0 1 0 1 1 0 0 2 0 0 1 1 1 2 1 2 1 2 1 1 1 1 1 1 2 1 0 0 2 1 2
geno chr16.87805104 fin  1 0 0 1 1 0 0 1 1 1 1 2 1 0 0 1 1 1 1 2 1 2 1 2 1 2 1 1 0 0 1 1 0 1 1 1 0 2 1 1 0 1 0 2 1 1 1 0 1 0 1 1 0 1 1 2 2 0 0 1 1 0 1 1 0 0 1 2 1 2 2 2 0 0 1 0 1 2 0 1 0 0 1 0 1 0 1 1 0
geno chr16.87805104 gbr  0 1 1 0 0 1 1 1 1 1 1 1 1 1 0 1 0 1 0 1 1 1 0 0 2 1 1 2 2 2 0 1 1 2 1 1 2 1 0 2 0 1 1 1 2 2 0 1 2 2 1 1 2 1 1 0 2 1 1 1 0 1 1 1 0 0 1 2 2 2 1 1 2 0 0 1 1 1 1 1 1 0 0 1
geno chr16.87805104 tsi  2 2 1 1 2 2 1 1 2 1 1 2 2 2 2 1 1 1 0 0 1 1 0 1 2 2 1 2 1 0 1 1 1 2 0 2 2 0 0 1 0 1 1 2 2 2 1 0 1 2 1 1 0 1 1 1 0 1 0 0 1 1 2 0 1 1 1 0 0 1 2 2 1 1 1 2 1 2 1 2 1 1 1 0 0 1 1 1 1 2 1 1
geno chr16.87805104 yri  0 0 0 2 1 1 1 1 0 1 1 0 0 1 0 1 0 0 1 0 0 2 1 1 1 0 0 0 1 1 1 0 1 1 1 1 1 0 0 1 2 1 0 0 2 1 0 0 1 1 1 0 1 0 1 0 1 0 1 0 1 1 1 0 0 0 1 1 0 1 0 1 1 0 1 1 0
geno chr16.87805648 ceu  0 1 0 0 0 0 0 0 0 0 0 0 0 0 0 0 0 0 1 0 0 0 0 0 1 0 0 0 0 0 1 1 0 0 0 0 0 1 0 0 0 0 0 1 0 0 0 0 0 0 0 0 0 0 0 0 0 0 0 0 0 0 0 0 0 0 0 0 0 0 0 0 0 0 0 0 0 0
geno chr16.87805648 fin  0 0 0 1 0 0 0 0 0 0 0 0 0 0 0 0 0 0 0 0 0 0 1 0 1 0 0 0 1 0 1 0 0 0 0 0 0 0 1 0 0 0 1 0 0 0 0 1 0 0 0 0 0 0 1 0 0 0 0 0 0 0 0 0 0 0 0 0 0 0 0 0 0 0 0 0 0 0 0 0 0 0 0 1 0 0 0 0 0
geno chr16.87805648 gbr  0 0 0 1 0 0 0 0 0 0 0 0 0 0 0 0 0 0 0 0 0 0 0 0 0 0 0 0 0 0 0 0 1 0 0 0 0 0 0 0 0 0 1 0 0 0 0 0 0 0 0 0 0 0 0 0 0 0 0 0 0 0 0 0 0 0 0 0 0 0 1 1 0 0 0 0 0 0 0 0 0 1 0 0
geno chr16.87805648 tsi  0 0 0 0 0 0 0 0 0 0 0 0 0 0 0 0 0 0 0 1 0 0 0 0 0 0 0 0 0 0 0 0 0 0 1 0 0 0 0 0 0 0 0 0 0 0 0 0 0 0 0 0 0 0 0 0 0 0 0 0 0 1 0 0 1 0 0 0 0 0 0 0 0 0 0 0 0 0 0 0 0 0 1 0 1 0 0 0 0 0 0 0
geno chr16.87805648 yri  0 0 0 0 0 0 0 0 0 0 0 0 0 0 0 0 0 0 0 0 0 0 0 0 0 0 0 0 0 0 0 0 0 0 0 0 0 0 0 0 0 0 0 0 0 0 0 0 0 0 0 0 0 0 0 0 0 0 0 0 0 0 0 0 0 0 0 0 0 0 0 0 0 0 0 0 0
geno chr16.87806222 ceu  0 0 1 1 0 1 0 1 1 1 0 1 0 0 1 1 1 1 0 1 0 1 2 0 0 0 0 0 1 1 0 1 2 2 0 1 1 0 0 1 0 0 1 0 1 0 1 2 0 0 0 0 1 1 0 2 1 0 0 1 0 0 0 1 0 1 1 1 1 1 0 0 0 0 1 0 0 0
geno chr16.87806222 fin  0 2 2 0 0 1 2 1 1 1 1 0 0 0 1 1 1 0 1 0 1 0 0 0 0 0 1 0 1 2 0 0 1 1 0 1 2 0 0 1 2 0 1 0 0 1 1 0 0 1 0 0 2 0 0 0 0 1 1 1 1 2 1 1 1 1 0 0 0 0 0 0 0 1 1 1 0 0 2 1 2 1 1 0 1 0 1 0 1
geno chr16.87806222 gbr  0 1 0 0 1 0 0 0 1 1 1 0 1 0 0 0 0 1 1 1 1 1 1 1 0 0 1 0 0 0 2 1 0 0 1 1 0 1 0 0 0 0 0 0 0 0 2 1 0 0 1 0 0 0 1 2 0 0 1 1 1 1 0 0 0 2 0 0 0 0 0 0 0 1 0 0 1 1 1 0 1 0 1 1
geno chr16.87806222 tsi  0 0 1 0 0 0 1 0 0 1 1 0 0 0 0 1 1 1 1 0 1 1 2 1 0 0 1 0 0 1 1 1 1 0 0 0 0 1 1 1 1 1 0 0 0 0 0 2 1 0 1 1 1 1 0 1 1 0 2 1 0 0 0 0 0 1 0 0 1 1 0 0 0 1 0 0 0 0 1 0 1 1 0 0 1 0 0 0 0 0 0 0
geno chr16.87806222 yri  0 1 0 0 0 0 0 0 0 1 1 0 0 0 2 0 1 1 0 1 0 0 0 0 0 0 0 0 1 0 0 0 0 0 0 0 0 0 0 0 0 0 0 0 0 0 0 1 1 0 0 0 0 0 0 0 0 0 0 0 0 0 0 1 0 0 0 0 0 0 0 0 0 0 1 0 0
geno chr16.87806981 ceu  0 0 0 0 0 0 0 0 0 0 1 1 1 1 0 0 1 1 1 0 0 0 0 0 1 1 0 0 0 0 0 0 0 0 0 0 1 0 1 0 1 0 0 1 0 0 1 0 1 2 1 0 1 1 0 0 1 1 1 0 0 1 0 0 0 0 0 0 0 0 1 0 1 1 1 0 1 0
geno chr16.87806981 fin  1 0 0 0 1 1 0 0 0 0 0 0 1 1 1 0 0 0 0 0 0 0 0 0 0 0 0 1 0 0 0 1 0 0 0 0 0 0 0 0 0 1 0 0 1 0 0 1 1 0 1 1 0 1 0 0 0 1 1 0 0 0 0 0 1 1 1 0 1 0 0 0 2 1 0 1 1 0 0 0 0 1 0 1 0 2 0 0 1
geno chr16.87806981 gbr  2 0 1 1 1 0 1 1 0 0 0 1 0 1 2 1 1 0 1 0 0 0 1 1 0 1 0 0 0 0 0 0 0 0 0 0 0 0 1 0 2 1 0 1 0 0 0 0 0 0 0 0 0 0 0 0 0 1 0 0 1 0 1 1 2 0 0 0 0 0 0 0 0 1 1 0 0 0 0 1 0 1 1 0
geno chr16.87806981 tsi  0 0 0 1 0 0 0 0 0 0 0 0 0 0 0 0 0 0 0 1 0 0 0 0 0 0 0 0 1 1 0 0 0 0 0 0 0 1 1 0 1 0 1 0 0 0 1 0 0 0 0 0 0 0 1 0 0 1 0 1 0 0 0 2 0 0 1 2 1 0 0 0 0 0 0 0 1 0 0 0 0 0 0 2 0 1 1 1 1 0 1 1
geno chr16.87806981 yri  1 1 2 0 1 0 0 0 0 0 0 2 1 0 0 1 1 0 1 0 2 0 1 0 0 0 0 0 0 0 0 1 1 0 1 1 1 0 0 1 0 1 1 0 0 0 1 0 0 0 2 1 0 0 0 2 0 0 0 1 0 0 1 0 1 1 1 0 2 0 0 0 1 2 0 1 1
geno chr16.87807195 ceu  2 1 1 2 2 2 2 2 2 2 1 1 1 1 2 1 1 1 0 2 2 2 2 1 0 0 2 2 2 2 1 1 2 2 2 2 1 1 1 1 0 1 2 0 2 1 1 2 0 0 0 2 1 1 2 2 1 1 1 2 2 1 2 2 1 2 2 2 1 2 1 2 1 1 1 1 0 1
geno chr16.87807195 fin  0 2 2 1 1 1 2 1 2 2 2 1 1 1 1 2 2 2 2 2 2 1 1 2 0 2 1 1 1 2 1 1 1 2 2 2 2 2 1 2 2 1 1 2 0 2 2 0 1 2 1 1 2 1 1 1 2 1 1 2 1 2 2 1 1 1 1 2 1 1 2 2 0 1 1 1 1 2 2 2 2 1 2 0 2 0 2 2 1
geno chr16.87807195 gbr  0 2 1 0 1 2 0 0 2 2 1 1 2 1 0 1 1 2 1 2 2 2 1 1 2 1 2 2 1 1 2 2 1 2 1 2 2 2 0 1 0 1 1 1 2 2 2 2 2 2 2 1 1 1 2 2 2 0 2 2 1 1 1 1 0 2 2 2 0 2 1 0 2 1 0 1 1 2 2 0 2 0 1 2
geno chr16.87807195 tsi  1 2 2 1 1 2 2 2 0 2 2 2 2 2 2 2 2 2 2 0 2 2 2 2 2 1 2 2 1 1 2 1 2 1 1 2 1 1 1 2 1 2 1 1 2 2 1 2 2 2 1 2 2 2 1 2 1 1 2 1 2 0 0 0 1 2 1 0 1 2 2 2 2 1 2 0 1 2 2 2 2 2 1 0 1 1 1 1 0 2 0 1
geno chr16.87807195 yri  1 1 0 2 1 2 2 2 1 2 2 0 0 1 2 1 1 2 1 2 0 2 1 1 2 2 1 2 2 2 2 1 1 2 1 1 1 1 2 1 2 1 1 2 2 2 1 2 2 2 0 0 1 2 2 0 1 1 2 0 2 2 1 1 1 1 1 1 0 2 2 2 1 0 2 1 1
geno chr16.87807449 ceu  2 1 1 2 2 1 2 2 2 2 1 1 1 1 2 1 1 1 0 2 2 2 2 2 0 0 2 2 2 2 1 1 2 2 2 2 1 1 1 1 0 1 2 0 2 1 1 2 0 0 0 2 1 1 2 2 1 1 1 2 1 1 2 2 1 2 2 2 1 2 1 2 1 1 1 1 0 1
geno chr16.87807449 fin  0 2 2 1 1 1 2 1 2 2 2 1 1 1 1 2 2 2 2 2 2 1 1 2 0 2 1 1 1 2 1 1 1 2 2 2 2 2 1 2 2 1 1 2 0 2 2 0 1 2 1 1 2 1 1 1 2 1 1 2 1 2 2 1 1 1 1 2 1 1 2 2 0 1 1 1 1 2 2 2 2 1 2 0 2 0 2 2 1
geno chr16.87807449 gbr  0 2 1 0 1 2 0 0 2 2 1 1 2 1 0 1 1 2 1 2 2 2 1 1 2 1 2 2 1 1 2 2 1 2 1 2 2 2 0 1 0 1 1 1 2 2 2 2 2 2 2 1 1 1 2 2 2 0 2 2 1 1 1 1 0 2 2 2 0 2 1 0 2 1 0 1 1 2 2 0 2 0 1 2
geno chr16.87807449 tsi  1 2 2 1 1 2 2 2 0 2 2 2 2 2 2 2 2 2 2 0 2 2 2 2 2 1 2 2 1 1 2 1 2 1 1 2 1 1 1 2 1 2 1 1 2 2 1 2 2 2 1 2 2 2 1 2 1 1 2 1 2 0 0 0 1 2 1 0 1 2 2 2 2 1 1 0 1 2 2 2 2 2 1 0 1 1 1 1 0 2 0 1
geno chr16.87807449 yri  1 1 0 2 1 2 2 2 1 2 2 0 0 1 2 1 1 1 1 2 0 2 1 1 2 2 1 2 2 2 2 1 1 1 1 1 1 1 2 1 2 1 1 2 2 2 1 1 2 2 0 1 1 2 2 0 1 1 2 0 2 2 1 1 1 1 1 1 0 2 2 2 1 0 2 1 1
geno chr16.87808034 ceu  0 0 0 0 0 0 0 0 0 0 1 0 1 1 0 0 1 1 1 0 0 0 0 0 1 1 0 0 0 0 0 0 0 0 0 0 1 0 0 0 1 0 0 1 0 0 1 0 0 0 0 0 0 1 0 0 1 1 1 0 0 1 0 0 0 0 0 0 0 0 0 0 1 1 1 0 1 0
geno chr16.87808034 fin  1 0 0 0 1 1 0 0 0 0 0 0 1 1 1 0 0 0 0 0 0 0 0 0 0 0 0 1 0 0 0 0 0 0 0 0 0 0 0 0 0 1 0 0 1 0 0 1 1 0 1 1 0 1 0 0 0 1 1 0 0 0 0 0 1 1 1 0 1 0 0 0 2 1 0 1 0 0 0 0 0 0 0 1 0 2 0 0 1
geno chr16.87808034 gbr  2 0 1 1 1 0 1 1 0 0 0 1 0 1 2 1 1 0 1 0 0 0 1 1 0 1 0 0 0 0 0 0 0 0 0 0 0 0 1 0 1 1 0 1 0 0 0 0 0 0 0 0 0 0 0 0 0 1 0 0 1 0 1 1 2 0 0 0 0 0 0 0 0 1 1 0 0 0 0 1 0 0 1 0
geno chr16.87808034 tsi  0 0 0 1 0 0 0 0 0 0 0 0 0 0 0 0 0 0 0 1 0 0 0 0 0 0 0 0 0 1 0 0 0 0 0 0 0 1 1 0 1 0 0 0 0 0 1 0 0 0 0 0 0 0 1 0 0 1 0 1 0 0 0 2 0 0 1 2 1 0 0 0 0 0 0 0 1 0 0 0 0 0 0 1 0 0 1 1 1 0 1 1
geno chr16.87808034 yri  1 1 1 0 1 0 0 0 0 0 0 2 1 0 0 1 1 0 1 0 2 0 1 0 0 0 0 0 0 0 0 1 1 0 1 0 1 0 0 1 0 1 1 0 0 0 1 0 0 0 1 1 0 0 0 2 0 0 0 1 0 0 1 0 1 1 1 0 2 0 0 0 1 2 0 0 1
geno chr16.87808697 ceu  0 1 0 0 0 0 0 0 0 0 1 0 1 1 0 0 1 1 2 0 0 0 0 0 2 1 0 0 0 0 1 1 0 0 0 0 1 1 0 0 1 0 1 2 0 0 1 0 0 0 0 0 0 1 0 0 1 1 1 0 0 1 0 0 0 0 0 0 0 0 0 0 1 1 1 0 1 0
geno chr16.87808697 fin  1 0 0 1 1 1 0 0 0 0 0 0 1 1 1 0 0 0 0 0 0 0 1 0 1 0 0 1 1 0 1 0 0 0 0 0 0 0 1 0 0 1 1 0 1 0 0 2 1 0 1 1 0 1 1 0 0 1 1 0 0 0 0 0 1 1 1 0 1 0 0 0 2 1 0 1 0 0 0 0 0 0 0 2 0 2 0 0 1
geno chr16.87808697 gbr  2 0 1 2 1 0 1 1 0 0 0 1 0 1 2 1 1 0 1 0 0 0 1 1 0 1 0 0 0 0 0 0 1 0 0 0 0 0 1 0 1 1 1 1 0 0 0 0 0 0 0 0 0 0 0 0 0 1 0 0 1 0 1 1 2 0 0 0 0 0 1 1 0 1 1 0 0 0 0 1 0 1 1 0
geno chr16.87808697 tsi  0 0 0 1 0 0 0 0 0 0 0 0 0 0 0 0 0 0 0 2 0 0 0 0 0 0 0 0 0 1 0 0 0 0 1 0 0 1 1 0 1 0 0 0 0 0 1 0 0 0 0 0 0 0 1 0 0 1 0 1 0 1 0 2 1 0 1 2 1 0 0 0 0 0 0 0 1 0 0 0 0 0 1 1 1 0 1 1 1 0 1 1
geno chr16.87808697 yri  1 1 2 0 1 1 0 1 2 0 0 2 1 1 1 0 0 1 1 1 2 0 1 1 1 2 1 0 0 1 1 1 0 1 1 1 0 2 2 0 0 1 1 0 0 1 2 1 0 0 1 2 1 2 1 1 1 1 1 2 0 1 1 1 2 2 1 1 2 0 1 1 1 2 0 1 1
geno chr16.87809275 ceu  1 0 1 1 0 1 1 1 1 1 0 1 0 0 1 1 1 1 0 1 1 1 2 0 0 0 0 0 1 1 0 1 2 2 0 1 1 0 0 1 0 1 1 0 1 0 1 2 0 0 0 0 1 1 0 2 1 0 0 1 0 0 0 1 0 1 1 1 1 2 0 0 0 1 1 0 0 1
geno chr16.87809275 fin  0 2 2 0 0 1 2 1 1 1 1 0 0 1 1 1 1 1 1 1 1 0 0 0 0 0 1 0 1 2 0 0 2 1 1 1 2 1 0 1 2 0 1 0 0 1 1 0 0 1 0 0 2 0 0 0 1 1 1 1 1 2 1 1 1 1 0 0 0 0 0 0 0 1 1 1 0 0 2 1 2 1 1 0 1 0 1 1 1
geno chr16.87809275 gbr  0 1 0 0 1 1 0 0 1 1 1 0 1 0 0 0 0 1 1 1 1 1 1 1 0 0 1 0 0 0 2 1 0 0 1 1 0 1 1 0 0 0 0 0 0 0 2 1 0 0 1 1 0 1 1 2 0 0 1 1 1 1 0 0 0 2 1 0 0 0 0 0 0 1 1 1 1 1 1 0 1 0 1 1
geno chr16.87809275 tsi  0 0 1 0 0 0 1 2 0 1 1 0 0 0 0 1 1 1 2 0 1 1 2 1 0 0 1 0 0 1 1 1 1 0 1 0 0 1 1 1 1 1 0 0 0 0 0 2 1 0 1 2 2 1 0 1 2 0 2 1 1 0 0 0 0 1 0 0 1 1 0 0 1 1 1 0 0 0 1 0 1 1 0 0 1 1 0 0 0 0 0 0
geno chr16.87809275 yri  1 1 0 0 0 0 1 0 0 1 1 0 1 0 1 1 2 1 0 1 0 0 0 0 0 0 1 2 1 0 0 1 1 0 0 1 1 0 0 1 0 0 1 2 0 0 0 1 1 1 1 0 0 0 0 1 0 1 0 0 1 0 0 1 0 0 0 0 0 2 1 0 0 0 1 0 1
geno chr16.87809462 ceu  1 0 1 1 0 1 1 1 1 1 0 1 0 0 1 1 1 1 0 1 1 1 2 0 0 0 0 0 1 1 0 1 2 2 0 1 1 0 0 1 0 1 1 0 1 0 1 2 0 0 0 0 1 1 0 2 1 0 0 1 0 0 0 1 0 1 1 1 1 2 0 0 0 1 1 0 0 1
geno chr16.87809462 fin  0 2 2 0 0 1 2 1 1 1 1 0 0 1 1 1 1 1 1 1 1 0 0 0 0 0 1 0 1 2 0 0 2 1 1 1 2 1 0 1 2 0 1 0 0 1 1 0 0 1 0 0 2 0 0 0 1 1 1 1 1 2 1 1 1 1 0 0 0 0 0 0 0 1 1 1 0 0 2 1 2 1 1 0 1 0 1 1 1
geno chr16.87809462 gbr  0 1 0 0 1 1 0 0 1 1 1 0 1 0 0 0 0 1 1 1 1 1 1 1 0 0 1 0 0 0 2 1 0 0 1 1 0 1 1 0 0 0 0 0 0 0 2 1 0 0 1 1 0 1 1 2 0 0 1 1 1 1 0 0 0 2 1 0 0 0 0 0 0 1 1 1 1 1 1 0 1 0 1 1
geno chr16.87809462 tsi  0 0 1 0 0 0 1 2 0 1 1 0 0 0 0 1 1 1 2 0 1 1 2 1 0 0 1 0 0 1 1 1 1 0 1 0 0 1 1 1 1 1 0 0 0 0 0 2 0 0 1 2 2 1 0 1 2 0 2 1 1 0 0 0 0 1 0 0 1 1 0 0 1 1 1 0 0 0 1 0 1 1 0 0 1 1 0 0 0 0 0 0
geno chr16.87809462 yri  1 1 0 0 0 0 1 0 0 1 1 0 1 0 1 1 2 1 0 1 0 0 0 0 0 0 1 2 1 0 0 1 1 0 0 1 1 0 0 1 0 0 1 2 0 0 0 1 1 1 1 0 0 0 0 1 0 1 0 0 1 0 0 1 0 0 0 0 0 2 1 0 0 0 1 0 1
geno chr16.87810111 ceu  1 0 1 1 0 1 1 1 1 1 0 1 0 0 1 1 1 1 0 1 1 1 2 0 0 0 0 0 1 1 0 1 2 2 0 1 1 0 0 1 0 0 1 0 1 0 1 2 0 0 0 0 1 1 0 2 1 0 0 1 0 0 0 1 0 1 1 1 1 2 0 0 0 0 1 0 0 1
geno chr16.87810111 fin  0 2 2 0 0 1 2 1 1 1 1 0 0 0 1 1 1 0 1 1 1 0 0 0 0 0 1 0 1 2 0 0 1 1 0 1 2 1 0 1 2 0 1 0 0 1 1 0 0 1 0 0 2 0 0 0 1 1 1 1 1 2 1 1 1 1 0 0 0 0 0 0 0 1 1 1 0 0 2 1 2 1 1 0 1 0 1 0 1
geno chr16.87810111 gbr  0 1 0 0 1 1 0 0 1 1 1 0 1 0 0 0 0 1 1 1 1 1 1 1 0 0 1 0 0 0 2 1 0 0 0 1 0 1 0 0 0 0 0 0 0 0 2 1 0 0 1 0 0 1 1 2 0 0 1 1 1 1 0 0 0 2 0 0 0 0 0 0 0 1 0 0 1 1 1 0 1 0 1 1
geno chr16.87810111 tsi  0 0 1 0 0 0 1 2 0 1 1 0 0 0 0 1 1 1 1 0 1 1 2 1 0 0 1 0 0 1 1 1 1 0 0 0 0 1 1 1 1 1 0 0 0 0 0 2 0 0 1 2 1 1 0 1 1 0 2 1 0 0 0 0 0 1 0 0 1 1 0 0 1 1 0 0 0 0 1 0 1 1 0 0 1 1 0 0 0 0 0 0
geno chr16.87810111 yri  1 0 0 0 0 1 1 0 0 0 1 0 1 0 0 1 2 1 0 1 0 0 0 0 0 1 0 1 1 0 1 1 1 0 0 1 1 0 0 1 0 0 1 1 0 0 0 1 1 1 1 1 0 0 0 1 0 1 0 0 0 1 0 1 0 1 0 0 0 1 1 0 0 0 1 0 0
geno chr16.87810886 ceu  0 0 0 0 0 0 0 0 0 1 1 0 0 0 0 0 0 0 0 1 1 0 0 1 0 0 2 1 0 0 0 0 0 0 1 0 0 0 0 0 0 0 0 0 1 1 0 0 0 0 0 1 0 0 1 0 0 1 0 0 0 1 0 0 1 0 1 0 0 0 1 2 0 0 0 1 0 0
geno chr16.87810886 fin  0 0 0 0 0 0 0 0 0 1 1 0 0 0 0 0 0 1 0 1 1 0 1 1 0 0 0 0 0 0 1 1 0 0 0 0 0 0 0 0 0 1 0 1 0 0 1 0 1 0 1 1 0 0 0 1 1 0 0 0 0 0 0 0 0 0 0 0 1 1 1 0 0 0 0 0 1 2 0 0 0 0 0 0 1 0 0 0 0
geno chr16.87810886 gbr  0 0 0 0 0 1 0 0 1 0 0 0 0 0 0 0 0 0 0 0 0 1 0 0 2 0 1 0 0 0 0 1 0 0 0 1 1 0 0 1 0 1 1 0 1 1 0 0 1 1 0 0 0 0 1 0 2 0 1 0 0 0 1 0 0 0 0 1 0 0 1 0 1 0 0 1 0 0 1 0 1 0 0 1
geno chr16.87810886 tsi  0 1 0 1 0 1 0 0 0 1 0 0 0 0 1 0 1 1 0 0 0 0 0 1 1 1 1 2 0 0 0 0 0 0 0 2 1 0 0 1 0 1 0 0 1 1 1 0 1 1 0 0 0 1 0 0 0 1 0 0 0 0 0 0 0 0 0 0 0 0 1 1 1 0 1 0 0 1 0 1 0 0 0 0 0 1 0 1 0 0 0 1
geno chr16.87810886 yri  0 0 0 0 0 0 0 0 0 0 0 0 0 0 0 0 0 0 0 0 0 0 0 0 0 0 0 0 0 0 0 0 0 0 0 0 0 0 0 0 0 0 0 0 0 0 0 0 0 0 0 0 0 0 0 0 0 0 0 0 0 0 0 0 0 0 0 0 0 0 0 0 0 0 0 0 0
geno chr16.87811989 ceu  0 0 0 0 1 0 1 0 0 0 1 1 1 1 0 0 1 1 2 0 0 0 0 0 2 0 0 0 1 0 1 1 0 0 0 0 1 0 1 0 0 0 0 2 0 0 1 0 1 2 1 0 1 1 0 0 1 1 1 0 0 1 0 1 0 0 0 0 0 0 1 0 1 1 1 0 1 0
geno chr16.87811989 fin  1 0 0 0 1 1 0 0 0 0 1 0 1 1 1 0 0 0 1 0 0 0 1 1 1 0 1 1 0 0 1 1 0 0 0 0 0 0 1 0 0 1 0 0 0 1 0 2 1 0 1 0 0 1 1 0 0 1 1 0 0 0 0 0 1 0 1 0 0 0 0 0 2 1 0 1 1 0 0 0 0 1 1 2 0 2 0 0 1
geno chr16.87811989 gbr  2 0 1 2 1 0 0 0 0 0 0 1 0 1 2 1 1 0 1 0 0 0 1 0 0 0 0 0 0 0 0 0 1 0 0 0 1 0 1 0 2 1 1 1 1 0 0 0 0 0 0 1 0 0 0 0 0 1 0 0 0 0 1 2 2 0 0 0 0 1 1 1 0 1 1 0 0 0 0 1 0 2 1 0
geno chr16.87811989 tsi  0 0 0 1 0 0 0 0 0 0 0 0 0 0 0 0 0 0 0 1 0 0 0 0 1 0 1 0 1 1 0 0 0 0 0 0 0 1 1 0 1 0 0 1 0 0 1 0 1 0 0 0 0 0 0 1 0 1 0 0 0 1 0 2 1 0 1 2 0 0 0 1 0 0 1 0 0 0 1 0 0 1 1 2 1 0 1 0 1 1 0 1
geno chr16.87811989 yri  1 1 1 1 2 1 0 1 0 0 0 1 0 0 1 1 0 0 1 0 2 1 1 2 1 1 0 0 1 0 1 1 0 1 2 1 1 0 1 1 0 1 1 0 0 1 2 0 0 1 1 2 1 0 0 1 1 0 0 1 0 2 1 0 2 2 1 0 2 1 1 0 2 2 0 1 1
geno chr16.87812031 ceu  0 0 0 0 0 0 0 1 0 0 0 0 0 0 0 0 0 0 1 0 0 0 0 0 1 0 0 0 0 0 1 1 0 0 0 0 1 0 1 0 0 0 0 1 0 0 0 0 0 2 1 0 1 0 0 0 1 0 0 0 0 0 0 0 0 0 0 0 0 0 1 0 0 0 0 0 0 0
geno chr16.87812031 fin  1 0 1 0 1 0 0 0 0 0 1 0 1 1 1 0 0 0 1 0 0 0 1 0 1 0 1 0 0 0 1 1 0 0 0 1 0 1 0 0 1 1 0 0 0 1 0 2 0 0 1 0 0 0 1 0 0 0 0 0 0 0 0 1 0 1 1 0 0 0 0 0 0 1 0 1 1 0 0 1 0 1 1 2 0 1 0 0 1
geno chr16.87812031 gbr  1 0 1 0 1 0 0 0 0 0 0 0 1 2 1 1 1 0 1 0 0 0 0 0 0 1 0 0 0 1 0 0 1 0 0 0 0 0 1 1 2 1 1 0 1 1 0 0 0 0 1 1 0 0 1 0 0 1 0 1 0 0 1 1 1 0 1 0 1 0 1 0 0 0 0 0 0 0 0 0 0 2 1 0
geno chr16.87812031 tsi  0 0 0 1 0 0 0 0 1 0 0 0 0 1 0 0 0 0 0 0 0 0 0 0 0 0 1 0 1 1 1 0 0 0 0 0 0 0 1 0 1 0 0 1 0 0 0 0 1 0 0 0 0 0 0 0 0 0 0 0 0 0 0 1 0 0 1 0 0 0 0 0 0 0 0 0 0 0 0 0 0 0 0 2 0 1 0 0 0 0 0 1
geno chr16.87812031 yri  2 1 2 0 1 1 1 1 0 1 0 1 0 0 0 1 1 1 1 0 1 0 1 0 0 1 0 1 0 0 0 2 0 0 0 2 0 0 0 0 0 1 2 1 0 0 1 0 0 1 0 1 1 0 0 0 1 1 1 1 0 1 0 0 1 2 0 1 2 2 0 0 1 1 0 1 0
geno chr16.87812034 ceu  0 0 0 0 0 0 0 0 0 0 0 0 0 0 0 0 0 0 1 0 0 0 0 0 1 0 0 0 0 0 0 0 0 0 0 0 1 0 1 0 0 0 0 0 0 0 0 0 0 1 1 0 0 0 0 0 0 0 0 0 0 0 0 0 0 0 0 0 0 0 0 0 0 0 0 0 0 0
geno chr16.87812034 fin  1 0 0 0 1 0 0 0 0 0 2 0 0 0 0 0 0 0 1 0 0 0 1 0 0 0 1 0 0 0 1 1 0 0 0 1 0 0 0 0 0 1 0 0 0 1 0 2 0 0 0 0 0 0 1 0 0 0 0 0 0 0 0 0 0 1 0 0 0 0 0 0 0 0 0 0 1 0 0 0 0 1 1 1 0 1 0 0 1
geno chr16.87812034 gbr  1 0 1 0 1 0 0 0 0 0 0 0 0 1 1 0 1 0 1 0 0 0 0 0 0 0 0 0 0 0 0 0 0 0 0 0 0 0 1 0 2 1 0 1 1 0 0 0 0 0 1 1 0 0 1 0 0 0 0 0 0 0 0 1 1 0 0 0 0 0 0 0 0 0 0 0 0 0 0 0 0 2 0 0
geno chr16.87812034 tsi  0 0 0 0 0 0 0 0 0 0 0 0 0 0 0 0 0 0 0 0 0 0 0 0 0 0 0 0 0 0 0 0 0 0 0 0 0 0 1 0 1 0 0 1 0 0 0 0 1 0 0 0 0 0 0 0 0 0 0 0 0 0 0 1 0 0 0 0 0 0 0 0 0 0 0 0 0 0 0 0 0 0 0 1 0 0 0 0 0 0 0 0
geno chr16.87812034 yri  2 1 1 0 1 1 1 1 0 1 0 1 0 0 0 1 1 0 1 0 1 0 1 0 1 1 0 1 0 0 2 2 0 0 0 2 0 0 0 0 0 1 2 1 0 0 2 0 0 1 1 2 0 1 0 0 2 1 0 1 0 1 0 0 1 2 0 1 2 1 0 0 1 1 0 0 1
geno chr16.87812085 ceu  0 0 1 0 0 0 1 1 0 0 0 0 0 1 1 0 0 0 0 0 0 0 0 0 1 0 0 0 0 0 1 1 0 0 0 0 0 1 1 0 0 0 0 1 0 1 0 0 0 1 1 0 0 0 0 0 1 1 0 0 0 0 0 0 0 0 0 0 1 0 0 0 0 1 0 0 0 0
geno chr16.87812085 fin  1 0 1 1 0 0 1 0 1 1 0 1 0 1 1 0 1 0 0 0 1 0 0 0 1 0 0 0 0 0 0 0 1 0 0 1 0 0 0 0 0 1 0 0 0 0 0 0 0 0 1 0 0 0 0 0 0 1 0 1 0 0 0 0 1 0 0 0 1 0 0 0 0 1 0 0 0 1 0 0 1 1 0 1 0 0 0 0 0
geno chr16.87812085 gbr  0 0 0 0 1 1 0 0 1 0 0 1 0 0 0 0 1 0 0 0 1 1 0 0 1 0 0 0 0 1 0 1 1 0 1 0 1 0 1 0 0 0 1 0 1 0 0 0 0 0 0 1 1 0 0 0 0 0 0 0 1 0 1 1 1 0 1 0 0 0 1 0 0 0 2 1 0 0 0 0 0 1 0 1
geno chr16.87812085 tsi  1 0 0 0 0 0 0 1 0 0 0 0 0 0 0 1 0 0 0 0 0 0 0 0 0 0 1 0 0 1 0 0 0 0 0 0 0 0 0 0 0 0 0 0 0 0 1 0 0 0 0 0 0 0 0 0 0 0 0 0 1 0 0 0 1 0 1 0 0 0 0 1 0 0 1 1 0 0 0 0 0 0 1 1 1 1 0 0 0 0 1 0
geno chr16.87812085 yri  1 2 0 0 0 0 1 0 1 1 1 0 1 2 1 1 0 0 1 1 0 0 1 1 1 0 2 1 1 1 1 1 0 0 0 1 0 1 0 0 1 1 1 1 2 0 0 1 1 1 1 1 0 0 1 0 1 2 1 1 0 1 1 2 0 0 0 2 1 1 0 1 0 0 1 0 0
geno chr16.87812103 ceu  0 0 0 0 1 0 1 1 0 0 1 1 1 0 0 0 1 1 2 1 0 0 0 0 1 0 0 0 0 0 0 0 0 0 0 0 1 0 0 0 0 0 0 0 0 0 0 0 0 1 1 0 0 0 0 0 1 0 1 0 0 1 0 1 0 0 0 0 0 0 1 0 1 1 0 1 0 0
geno chr16.87812103 fin  0 0 0 1 0 1 0 1 0 0 0 0 1 0 0 0 0 0 0 0 1 0 1 1 0 0 0 1 0 0 1 0 0 0 0 1 0 1 0 0 0 1 0 0 0 0 1 1 0 0 1 0 0 1 1 0 0 1 1 0 0 0 0 0 0 1 1 0 1 0 0 0 1 0 0 0 1 0 0 0 0 0 0 0 0 2 0 0 1
geno chr16.87812103 gbr  1 0 1 1 0 1 0 0 0 0 0 0 0 1 2 1 1 0 1 0 0 0 1 0 1 0 0 0 0 0 0 0 0 0 0 0 1 0 1 0 1 1 1 0 0 0 0 0 0 0 0 0 0 0 0 0 0 0 0 0 0 0 1 1 1 0 0 0 0 0 0 0 0 0 1 0 0 0 0 1 0 0 1 0
geno chr16.87812103 tsi  0 0 0 0 0 0 1 0 0 0 0 0 0 0 0 0 0 0 0 1 0 0 0 0 1 0 0 0 0 1 0 0 0 0 0 0 0 0 1 0 1 0 0 1 0 0 1 0 0 0 0 0 0 0 0 0 0 1 0 0 0 0 0 2 0 0 1 2 0 0 0 1 0 0 1 0 0 0 1 0 0 1 0 1 0 0 1 0 1 0 0 0
geno chr16.87812103 yri  1 1 1 0 1 0 0 1 1 0 0 1 0 0 1 1 0 0 0 0 0 0 1 1 1 1 1 1 0 1 0 2 0 0 1 2 0 0 0 1 0 0 2 1 0 0 1 0 0 1 0 1 0 0 0 1 1 1 0 2 0 1 1 0 1 2 1 0 0 1 0 0 0 2 0 0 2
geno chr16.87812134 ceu  0 0 0 0 1 0 1 0 0 0 1 1 0 1 0 0 1 1 2 0 0 0 0 0 1 0 0 0 0 0 0 0 0 0 0 0 1 0 1 0 0 0 0 1 0 0 1 0 1 2 1 0 1 1 0 0 1 1 1 0 0 1 0 1 0 0 0 0 0 0 1 0 1 1 1 0 1 0
geno chr16.87812134 fin  1 0 0 1 0 1 0 0 0 0 0 0 1 0 1 0 0 0 0 0 0 0 1 1 0 0 0 1 0 0 1 1 0 0 0 0 0 0 0 0 0 1 0 0 0 0 0 2 1 0 1 0 0 1 1 0 0 1 1 0 0 0 0 0 1 0 1 0 0 0 0 0 2 1 0 1 1 0 0 0 0 1 1 2 1 2 0 0 1
geno chr16.87812134 gbr  2 0 1 1 1 0 0 0 0 0 0 1 0 1 2 1 1 0 1 0 0 0 1 0 0 0 0 0 0 0 0 0 0 0 0 0 1 0 1 0 2 1 0 1 0 0 0 0 0 0 0 1 0 0 0 0 0 1 0 0 0 0 1 2 1 0 0 0 0 1 0 0 0 1 1 0 0 0 0 1 0 1 1 0
geno chr16.87812134 tsi  0 0 0 1 0 0 0 0 0 0 0 0 0 0 0 0 0 0 0 1 0 0 0 0 1 0 1 0 1 1 0 0 0 0 0 0 0 1 1 0 1 0 0 1 0 0 1 0 1 0 0 0 0 0 0 0 0 1 0 0 0 0 0 2 0 0 1 2 0 0 0 1 0 0 1 0 0 0 1 0 0 0 0 2 0 0 1 0 1 1 0 1
geno chr16.87812134 yri  1 1 1 1 2 0 0 1 0 0 0 1 0 0 1 1 0 0 1 0 2 1 1 2 1 1 0 0 1 0 1 1 0 1 2 1 1 1 1 1 0 1 1 0 0 1 2 0 0 1 1 1 0 0 0 1 1 0 0 1 0 1 1 0 2 2 1 0 2 1 1 0 2 2 1 1 1
geno chr16.87812655 ceu  0 0 0 0 1 0 1 0 0 0 0 0 0 1 0 0 1 0 2 0 0 0 0 0 1 0 0 0 1 0 0 0 0 0 1 0 1 0 1 0 0 0 0 0 0 0 1 0 1 2 1 0 1 1 0 0 1 1 2 0 0 1 0 1 0 0 0 0 0 0 1 0 1 1 1 0 1 0
geno chr16.87812655 fin  1 0 0 1 1 0 0 0 0 0 0 0 1 0 1 0 0 0 0 0 0 0 1 1 0 0 0 1 0 0 1 1 0 0 0 0 0 0 0 0 0 1 0 0 0 0 0 1 1 1 1 0 0 1 1 0 0 1 1 0 0 0 0 0 1 1 1 0 0 0 0 0 2 0 0 1 1 0 0 0 0 1 1 1 0 2 0 0 1
geno chr16.87812655 gbr  2 0 1 0 1 0 0 0 0 0 0 1 0 1 1 1 1 0 1 1 1 0 1 0 0 0 0 0 0 0 0 0 0 1 0 0 2 0 1 0 2 0 0 0 0 0 0 0 0 0 0 1 0 0 0 0 0 1 0 0 0 0 1 2 2 0 0 1 0 1 0 0 0 1 1 0 0 1 0 1 0 1 1 0
geno chr16.87812655 tsi  0 0 0 0 0 0 0 0 0 0 0 1 0 0 0 0 0 0 0 0 0 0 0 0 1 0 1 0 1 1 0 0 0 1 0 0 0 1 1 0 1 0 0 1 0 1 2 0 0 0 1 0 0 0 1 1 0 0 0 0 0 0 0 2 1 0 1 2 0 0 0 1 0 0 1 0 0 0 0 0 0 1 0 2 0 0 0 0 1 1 0 1
geno chr16.87812655 yri  1 1 1 0 1 1 0 0 0 0 0 1 0 0 1 0 0 0 1 0 2 0 1 0 1 1 0 1 0 0 1 1 0 0 1 1 0 0 1 0 0 1 1 0 0 1 2 0 0 0 1 2 0 0 0 1 0 0 0 1 0 1 0 0 2 2 0 0 2 0 1 0 1 1 0 0 1
geno chr16.87812864 ceu  1 1 1 0 1 1 2 1 1 0 0 0 0 1 0 1 2 1 2 1 1 1 1 0 1 0 0 0 2 0 0 1 2 1 1 1 2 1 1 1 0 0 2 0 1 1 1 1 1 2 1 0 2 1 1 1 1 1 2 0 0 1 0 2 0 1 1 1 1 2 1 0 1 1 2 0 1 1
geno chr16.87812864 fin  1 2 2 1 1 0 2 1 1 0 0 0 1 1 2 0 1 0 0 1 1 0 1 1 0 0 0 1 2 1 1 1 1 0 0 1 2 1 0 1 2 1 2 0 1 0 1 2 1 2 1 1 1 1 1 0 1 1 2 0 1 2 1 0 2 1 2 0 1 0 0 0 2 1 1 2 1 0 2 1 2 2 1 2 1 2 1 0 1
geno chr16.87812864 gbr  2 1 2 0 1 0 1 1 1 1 1 1 0 1 1 1 2 1 2 2 1 1 2 2 0 0 0 0 0 0 2 1 0 1 1 1 2 1 2 0 2 1 0 1 0 0 2 1 0 0 1 2 0 0 0 0 0 1 1 2 2 1 1 2 2 1 0 1 0 1 0 0 0 1 2 1 1 1 0 2 1 1 1 1
geno chr16.87812864 tsi  1 0 1 0 0 0 1 1 0 0 0 1 0 0 0 1 1 1 1 0 1 1 1 1 1 1 2 0 1 2 0 0 0 1 1 0 0 2 2 0 2 1 1 1 0 1 2 1 0 0 2 1 2 0 2 2 2 0 2 1 0 0 0 2 1 1 1 2 2 0 0 1 0 1 0 1 1 0 0 0 0 2 0 2 1 1 0 1 1 1 1 1
geno chr16.87812864 yri  2 1 1 0 1 1 1 1 1 0 1 2 1 0 2 1 2 1 1 1 2 0 1 1 1 2 1 2 1 0 0 2 1 0 1 2 1 1 1 1 0 1 2 2 0 1 2 2 1 1 2 1 0 1 1 2 1 1 0 1 0 1 0 0 2 2 1 0 2 1 1 1 1 1 1 0 2
geno chr16.87813445 ceu  0 0 0 0 0 1 0 0 0 0 0 0 1 0 0 0 0 0 0 0 0 0 0 0 0 0 0 1 0 0 0 0 0 0 0 0 0 0 0 0 0 0 0 0 0 0 0 0 0 0 0 1 0 0 0 0 0 0 0 0 1 0 1 0 0 0 0 0 0 0 0 0 1 0 0 0 0 0
geno chr16.87813445 fin  0 0 0 1 1 0 0 0 0 0 0 0 0 0 0 0 1 0 0 0 0 0 0 0 0 0 0 0 0 0 0 0 0 0 0 0 0 0 0 1 0 0 0 0 0 1 0 0 0 0 0 0 0 1 0 0 0 0 0 0 0 0 0 0 0 0 0 0 0 0 0 0 0 0 0 0 0 0 0 1 0 0 0 0 0 0 0 0 0
geno chr16.87813445 gbr  0 0 0 0 0 0 0 0 0 0 0 1 0 1 0 1 0 1 0 0 0 0 0 0 0 1 0 0 0 0 0 0 0 0 0 0 0 0 0 0 0 0 0 0 0 0 0 1 0 1 0 0 0 0 0 0 0 0 0 0 0 0 0 0 0 0 0 0 0 0 0 0 0 0 0 0 0 0 0 0 0 0 0 0
geno chr16.87813445 tsi  0 0 0 0 0 0 0 0 0 0 0 0 1 0 0 0 0 0 0 0 0 0 0 0 0 0 0 0 0 0 0 0 0 0 0 0 0 0 0 0 0 0 0 0 0 0 0 0 0 0 0 0 0 0 0 0 0 0 0 0 0 0 0 0 0 0 0 0 0 1 0 0 0 0 0 0 1 0 0 1 0 0 0 0 0 0 0 0 0 0 0 0
geno chr16.87813445 yri  0 0 0 0 0 0 0 0 0 0 0 0 0 0 0 0 0 0 0 0 0 0 0 0 0 0 0 0 0 0 0 0 0 0 0 0 0 0 0 0 0 0 0 0 0 0 0 0 0 0 0 0 0 0 0 0 0 0 0 0 0 0 0 0 0 0 0 0 0 0 0 0 0 0 0 0 0
geno chr16.87813446 ceu  1 1 1 0 1 1 2 1 1 0 0 0 0 1 0 1 1 1 2 1 1 1 1 0 1 0 0 0 1 1 0 1 2 1 1 0 2 1 1 1 1 0 2 0 1 1 1 1 1 2 1 0 2 1 1 1 1 1 2 0 0 1 0 2 0 1 1 1 1 2 1 0 1 1 2 0 1 1
geno chr16.87813446 fin  1 2 2 1 1 0 2 1 1 0 0 0 1 1 2 0 1 0 0 1 1 0 1 1 0 0 0 1 2 1 1 1 1 0 0 1 2 1 0 1 2 1 2 0 1 0 0 2 1 2 1 1 1 1 1 0 1 1 2 0 1 2 1 0 2 1 2 0 1 0 0 0 2 2 1 2 1 0 2 1 2 2 1 2 1 2 1 0 1
geno chr16.87813446 gbr  2 1 2 0 1 0 1 1 1 0 0 1 0 1 1 1 2 0 2 2 1 1 2 2 0 0 0 0 0 0 2 1 0 1 1 0 2 1 2 0 2 1 0 1 0 0 1 1 0 0 1 2 0 0 0 0 0 1 1 2 2 1 1 2 2 1 0 1 0 1 0 0 0 1 2 1 1 1 0 2 1 1 1 1
geno chr16.87813446 tsi  0 0 0 1 0 0 1 2 0 0 0 1 0 0 0 1 0 1 1 1 1 1 1 1 1 1 2 0 1 2 0 0 0 1 1 0 0 2 2 0 2 1 1 1 0 1 2 1 0 0 2 1 0 0 2 2 2 0 1 0 0 0 0 2 1 1 1 2 2 0 0 1 1 1 1 1 1 0 0 0 0 2 0 2 1 1 0 1 1 1 1 1
geno chr16.87813446 yri  1 1 1 0 1 1 0 0 0 0 2 2 1 0 2 1 2 1 1 1 2 0 1 1 1 2 0 1 1 0 1 1 1 0 1 1 1 1 1 1 0 1 1 1 0 1 2 1 1 0 2 2 0 0 1 2 1 0 0 1 0 1 0 0 2 2 0 0 2 0 1 1 1 1 1 0 1
geno chr16.87813560 ceu  2 2 1 2 2 2 2 2 2 2 1 1 1 2 2 1 1 1 2 2 2 2 2 2 1 1 2 2 1 2 1 1 2 2 2 1 2 1 2 1 1 1 2 1 2 1 2 2 1 2 1 2 2 2 2 2 2 2 2 2 2 2 2 2 1 2 2 2 1 2 2 1 2 2 2 1 1 1
geno chr16.87813560 fin  1 2 2 2 2 1 2 1 2 2 1 1 2 2 2 2 2 1 1 2 2 1 2 2 0 2 0 2 2 2 2 2 2 2 2 2 2 2 1 2 2 2 2 2 1 1 1 2 2 2 2 2 2 2 2 1 2 2 2 2 1 2 2 1 2 2 2 2 2 1 2 2 2 2 1 2 2 2 2 2 2 2 2 2 2 2 2 2 2
geno chr16.87813560 gbr  2 2 2 0 2 2 1 1 2 1 1 2 2 2 1 2 2 1 2 2 2 2 2 2 2 2 1 2 1 1 2 2 1 2 1 1 2 2 2 1 2 2 1 2 2 2 2 2 2 2 2 2 1 1 2 1 2 1 2 2 2 1 2 2 2 2 2 2 0 2 1 0 2 2 2 2 1 2 2 2 2 1 2 2
geno chr16.87813560 tsi  1 2 2 2 1 2 2 2 0 2 1 2 2 2 2 2 1 2 2 1 2 2 2 2 2 2 2 2 2 2 2 1 1 1 2 2 1 2 2 2 2 2 2 2 2 2 2 2 1 2 2 2 1 2 2 2 2 1 1 1 1 0 0 2 1 2 2 2 2 2 2 2 2 1 2 1 2 2 1 2 2 2 1 2 1 2 1 2 1 2 1 2
geno chr16.87813560 yri  2 2 2 2 2 2 2 1 2 2 2 2 2 2 2 2 2 2 2 2 2 2 2 2 2 2 2 2 2 2 2 2 2 2 2 2 2 2 2 2 2 2 2 2 2 2 2 2 2 2 2 2 2 1 2 2 2 2 2 2 2 2 2 2 2 2 2 2 2 2 2 2 2 2 2 2 2
geno chr16.87813944 ceu  0 0 0 0 1 0 1 0 0 0 0 0 0 1 0 0 1 0 2 0 0 0 0 0 1 0 0 0 1 0 0 0 0 0 0 0 1 0 1 0 0 0 0 0 0 0 1 0 1 2 1 0 1 1 0 0 1 1 1 0 0 1 0 1 0 0 0 0 0 0 1 0 1 1 1 0 1 0
geno chr16.87813944 fin  1 0 0 1 1 0 0 0 0 0 0 0 1 0 1 0 0 0 0 0 0 0 1 1 0 0 0 1 0 0 1 1 0 0 0 0 0 0 0 0 0 1 0 0 0 0 0 1 1 0 1 0 0 1 1 0 0 1 1 0 0 0 0 0 1 1 1 0 0 0 0 0 2 0 0 1 1 0 0 0 0 1 1 1 0 2 0 0 1
geno chr16.87813944 gbr  2 0 1 0 1 0 0 0 0 0 0 1 0 1 1 1 1 0 1 0 0 0 1 0 0 0 0 0 0 0 0 0 0 0 0 0 2 0 1 0 2 0 0 0 0 0 1 0 0 0 0 1 0 0 0 0 0 1 0 0 0 0 1 2 2 0 1 0 0 1 0 0 0 1 1 0 0 0 0 1 0 1 1 0
geno chr16.87813944 tsi  0 0 0 0 0 0 0 0 0 0 0 0 0 0 0 0 0 0 0 0 0 0 0 0 1 0 1 0 1 1 0 0 0 0 0 0 0 1 1 0 1 0 1 1 0 0 2 0 0 0 1 0 0 0 1 1 0 0 0 0 0 0 0 2 1 0 1 2 0 0 0 1 0 0 1 0 0 0 0 0 0 1 0 2 0 0 0 0 1 1 0 1
geno chr16.87813944 yri  1 1 1 0 1 0 0 0 0 0 0 1 0 0 1 0 0 0 1 0 2 0 1 1 1 0 0 1 0 0 0 1 0 0 1 0 0 0 0 0 0 1 1 0 0 1 1 0 0 0 0 1 0 0 0 1 0 0 0 1 0 0 0 0 2 1 0 0 2 0 1 0 1 1 0 0 1
geno chr16.87814595 ceu  1 1 1 0 1 1 2 1 1 0 1 1 0 1 0 1 1 2 2 1 1 1 1 0 1 0 0 0 1 0 1 2 2 0 1 0 2 1 1 1 1 0 2 2 1 2 2 0 1 2 1 0 2 1 1 1 1 1 2 0 0 1 0 2 0 1 1 1 1 2 1 0 1 1 2 0 1 1
geno chr16.87814595 fin  1 2 2 1 1 1 2 1 1 0 1 0 1 1 2 0 1 0 1 1 1 0 1 1 1 0 1 1 2 1 1 1 1 0 0 2 2 1 1 1 2 1 2 0 1 1 0 2 1 2 1 1 1 1 1 0 1 1 2 0 1 2 1 0 2 1 2 0 1 0 0 0 2 2 1 2 1 0 2 1 2 2 1 2 1 2 0 0 1
geno chr16.87814595 gbr  2 1 2 2 2 1 1 1 1 0 0 1 0 1 2 1 2 0 2 2 1 1 2 2 0 0 0 1 0 0 2 1 1 1 1 0 2 1 2 0 2 1 1 1 0 0 2 1 0 0 1 2 0 1 1 0 0 1 1 2 2 1 1 2 2 2 1 1 0 1 1 1 0 1 2 1 1 1 0 2 0 2 1 1
geno chr16.87814595 tsi  0 0 0 1 0 0 1 2 0 0 0 1 0 0 0 1 0 1 1 2 1 1 1 1 1 1 2 0 1 1 0 0 0 1 1 0 0 2 2 0 2 1 1 1 0 1 2 1 1 0 2 1 0 0 2 2 2 1 1 1 0 1 0 2 2 1 1 2 2 0 0 1 2 1 2 1 1 0 1 0 0 2 1 2 2 1 2 1 1 1 1 1
geno chr16.87814595 yri  2 2 2 2 1 1 0 2 2 1 2 2 2 2 1 2 2 2 2 1 2 2 2 2 2 2 1 2 2 0 2 2 2 2 2 2 2 2 2 2 2 2 2 2 2 1 2 2 2 2 2 2 2 1 2 2 2 2 2 2 1 2 2 2 1 2 2 2 2 2 1 2 2 1 1 2 2
geno chr16.87814765 ceu  0 0 0 0 0 0 0 0 0 0 1 1 0 0 0 0 0 1 0 0 0 0 0 0 1 0 0 0 0 0 1 1 0 0 0 0 0 0 0 0 0 0 0 1 0 0 0 0 0 0 0 0 0 0 0 0 0 0 0 0 0 0 0 0 0 0 0 0 0 0 0 0 0 0 0 0 0 0
geno chr16.87814765 fin  0 0 0 0 0 1 0 0 0 0 1 0 0 0 0 0 0 0 1 0 0 0 0 0 1 0 1 0 0 0 0 0 0 0 0 0 0 0 1 0 0 0 0 0 0 1 0 0 0 0 0 0 0 0 0 0 0 0 0 0 0 0 0 0 0 0 0 0 0 0 0 0 0 0 0 0 0 0 0 0 0 0 0 0 0 0 0 0 0
geno chr16.87814765 gbr  0 0 0 2 0 0 0 0 0 0 0 0 0 0 1 0 0 0 0 0 0 0 0 0 0 0 0 0 0 0 0 0 1 0 0 0 0 0 0 0 0 0 1 0 0 0 0 0 0 0 0 0 0 0 0 0 0 0 0 0 0 0 0 0 0 0 0 0 0 0 1 1 0 0 0 0 0 0 0 0 0 1 0 0
geno chr16.87814765 tsi  0 0 0 0 0 0 0 0 0 0 0 0 0 0 0 0 0 0 0 1 0 0 0 0 0 0 0 0 0 0 0 0 0 0 0 0 0 0 0 0 0 0 0 0 0 0 0 0 1 0 0 0 0 0 0 0 0 1 0 0 0 1 0 0 1 0 0 0 0 0 0 0 0 0 0 0 0 0 1 0 0 0 1 0 1 0 1 0 0 0 0 0
geno chr16.87814765 yri  0 0 0 0 0 0 0 0 0 0 0 0 0 0 0 0 0 0 0 0 0 0 0 0 0 0 0 0 0 0 1 0 0 0 0 0 0 0 0 0 0 0 0 0 0 0 0 0 0 0 0 1 0 0 0 0 0 0 0 0 0 0 0 0 0 0 0 0 0 0 0 0 0 0 0 0 0
geno chr16.87815764 ceu  0 0 0 0 1 0 1 0 0 0 0 0 0 1 0 0 1 0 2 0 0 0 0 0 1 0 0 0 1 0 0 0 0 0 1 0 1 0 0 0 0 0 0 0 0 0 0 0 0 0 0 0 0 1 0 0 1 1 2 0 0 1 0 1 0 0 0 0 0 0 0 0 1 1 1 0 1 0
geno chr16.87815764 fin  1 0 0 1 1 0 0 0 0 0 0 0 1 1 1 0 0 0 0 0 0 0 1 1 0 0 0 1 0 0 0 0 0 0 0 0 0 0 0 0 0 1 0 0 0 0 0 1 1 1 1 0 0 1 1 0 0 1 1 0 0 0 0 0 1 1 1 0 0 0 0 0 2 0 0 1 0 0 0 0 0 0 1 1 0 2 0 0 1
geno chr16.87815764 gbr  2 0 1 0 1 0 0 0 0 0 0 1 0 1 1 1 1 0 1 1 1 0 1 0 0 0 0 0 0 0 0 0 0 1 0 0 2 0 1 0 1 0 0 0 0 0 1 0 0 0 0 1 0 0 0 0 0 1 0 0 0 0 1 2 2 0 0 1 0 1 0 0 0 1 1 0 0 1 0 1 0 0 1 0
geno chr16.87815764 tsi  0 0 0 0 0 0 0 0 0 0 0 1 0 0 0 0 0 0 0 0 0 0 0 0 1 0 1 0 0 1 0 0 0 1 0 0 0 1 1 0 1 0 1 1 0 1 2 0 0 0 1 0 0 0 1 1 0 0 0 0 0 0 0 2 1 0 1 2 0 0 0 1 0 0 1 0 0 0 0 0 0 1 0 1 0 0 0 0 1 1 0 1
geno chr16.87815764 yri  1 1 1 0 1 0 0 0 0 0 0 1 0 0 0 0 0 0 1 0 2 0 1 0 0 0 0 1 0 0 0 1 0 0 1 1 0 0 0 0 0 1 1 0 0 0 1 0 0 0 1 1 0 0 0 1 0 0 0 1 0 0 0 0 1 1 0 0 2 0 1 0 1 1 0 0 1
geno chr16.87815948 ceu  0 0 0 0 0 0 0 0 0 0 0 0 0 0 0 0 0 0 0 0 0 0 0 0 0 0 0 0 0 0 0 0 0 0 0 0 0 0 0 0 0 0 0 0 0 0 0 0 0 0 0 0 0 0 0 0 0 0 0 0 0 0 0 0 0 0 0 0 0 0 0 0 0 0 0 0 0 0
geno chr16.87815948 fin  0 0 0 0 0 0 0 0 0 0 0 0 0 0 0 0 0 0 0 0 0 0 0 0 0 0 0 0 0 0 0 0 0 0 0 0 0 0 0 0 0 0 0 0 0 0 0 0 0 0 0 0 0 0 0 0 0 0 0 0 0 0 0 0 0 0 0 0 0 0 0 0 0 0 0 0 0 0 0 0 0 0 0 0 0 0 0 0 0
geno chr16.87815948 gbr  0 0 0 0 0 0 0 0 0 0 0 0 0 0 0 0 0 0 0 0 0 0 0 0 0 0 0 0 0 0 0 0 0 0 0 0 0 0 0 0 0 0 0 0 0 0 0 0 0 0 0 0 0 0 0 0 0 0 0 0 0 0 0 0 0 0 0 0 0 0 0 0 0 0 0 0 0 0 0 0 0 0 0 0
geno chr16.87815948 tsi  0 0 0 0 0 0 0 0 0 0 0 0 0 0 0 0 0 0 0 0 0 0 0 0 0 0 0 0 0 0 0 0 0 0 0 0 0 0 0 0 0 0 0 0 0 0 0 0 0 0 0 0 0 0 0 0 0 0 0 0 0 0 0 0 0 0 0 0 0 0 0 0 0 0 0 0 0 0 0 0 0 0 0 0 0 0 0 0 0 0 0 0
geno chr16.87815948 yri  0 0 1 0 0 1 1 0 1 1 0 0 1 2 0 0 0 0 1 0 0 0 1 0 0 0 1 0 0 1 0 0 0 0 0 0 0 1 1 0 2 1 0 0 2 0 0 0 1 0 0 0 1 0 0 0 1 0 0 0 0 0 0 1 0 0 0 2 0 0 0 1 0 0 0 1 0
geno chr16.87816303 ceu  0 1 1 0 1 1 2 1 1 0 1 1 0 1 0 1 1 2 2 1 1 1 1 1 1 0 1 0 1 0 0 1 2 1 1 0 2 1 1 1 1 0 2 1 1 1 2 1 1 2 1 0 2 1 1 1 1 1 2 0 0 1 0 2 0 1 1 1 1 2 1 0 1 1 2 0 1 1
geno chr16.87816303 fin  1 2 2 1 1 1 2 1 1 0 1 0 1 1 2 0 1 0 1 1 1 0 1 1 1 0 1 1 2 1 1 1 1 0 0 2 2 1 0 1 2 1 2 0 1 1 0 2 1 2 1 1 1 1 1 0 1 1 2 0 1 2 1 0 2 1 2 0 1 0 0 0 2 2 1 2 1 0 2 1 2 2 1 2 1 2 1 0 1
geno chr16.87816303 gbr  2 1 2 1 2 1 1 1 1 0 0 1 0 1 2 1 2 0 2 2 1 1 2 2 0 0 0 1 0 0 2 1 1 1 0 0 2 1 2 0 2 1 0 1 0 0 2 1 0 0 0 2 0 1 1 0 0 1 1 2 2 1 1 2 2 2 1 1 0 1 1 0 0 1 2 1 1 1 0 2 1 1 1 1
geno chr16.87816303 tsi  0 0 1 1 0 0 1 2 0 0 0 0 0 0 0 1 0 1 1 2 1 1 1 1 1 1 2 0 1 2 1 0 0 1 1 0 0 2 2 0 2 1 1 0 0 1 2 1 1 0 1 1 0 0 2 2 2 1 0 1 0 0 0 2 1 1 1 2 2 0 0 1 2 1 2 1 1 0 1 0 0 2 1 2 2 1 2 1 1 1 1 1
geno chr16.87816303 yri  2 2 2 2 2 2 2 2 2 1 2 2 2 2 2 2 2 2 2 2 2 2 2 2 2 2 2 2 2 1 1 2 2 2 2 2 2 2 2 2 2 2 2 2 2 2 2 2 1 2 2 2 2 1 2 2 2 2 2 2 1 2 2 2 2 2 2 2 2 2 1 1 2 2 1 2 2
geno chr16.87816334 ceu  1 0 0 0 1 0 1 0 0 0 1 1 1 1 0 0 1 1 2 0 0 0 0 0 1 0 0 0 1 0 0 0 0 0 1 0 1 0 0 0 0 0 0 1 0 0 0 0 0 0 0 0 0 1 0 0 1 1 2 0 0 1 0 1 0 0 0 0 0 0 0 0 1 1 1 0 1 0
geno chr16.87816334 fin  1 0 0 1 1 1 0 0 0 0 1 0 1 1 1 0 0 0 1 0 0 0 1 1 1 0 1 1 0 0 0 0 0 0 0 0 0 0 0 0 0 1 0 0 0 1 0 1 1 1 1 0 0 1 1 0 0 1 1 0 0 0 0 0 1 1 1 0 0 0 0 0 2 0 0 1 0 0 0 0 0 0 1 1 0 2 0 0 1
geno chr16.87816334 gbr  2 0 1 1 1 0 0 0 0 0 0 1 0 1 2 1 1 0 1 1 1 0 1 0 0 0 0 0 0 0 0 0 1 1 0 0 2 0 1 0 1 0 0 0 0 0 1 0 0 0 0 1 0 0 0 0 0 1 0 0 0 0 1 2 2 0 0 1 0 1 1 0 0 1 1 0 0 1 0 1 0 0 1 0
geno chr16.87816334 tsi  0 0 0 0 0 0 0 0 0 0 0 0 0 0 0 0 0 0 0 1 0 0 0 0 1 0 1 0 0 1 0 0 0 1 0 0 0 1 1 0 1 0 1 0 0 1 2 0 1 0 0 0 0 0 1 1 0 1 0 0 0 0 0 2 1 0 1 2 0 0 0 1 0 0 1 0 0 0 1 0 0 1 1 1 1 0 1 0 1 1 0 1
geno chr16.87816334 yri  0 0 1 0 1 1 0 0 0 0 0 1 0 0 0 0 0 0 1 1 2 0 1 0 0 1 0 1 0 0 0 1 0 0 1 1 0 0 0 0 0 0 1 0 0 0 1 0 0 0 1 1 0 0 0 1 0 0 0 1 0 1 0 0 1 2 0 0 2 0 1 0 1 1 0 0 1
geno chr16.87816385 ceu  0 0 0 0 1 0 1 0 0 0 0 0 0 1 0 0 1 0 2 0 0 0 0 0 1 0 0 0 1 0 0 0 0 0 1 0 1 0 0 0 0 0 0 0 0 0 0 0 0 0 0 0 0 1 0 0 1 1 2 0 0 1 0 1 0 0 0 0 0 0 0 0 1 1 1 0 1 0
geno chr16.87816385 fin  1 0 0 1 1 0 0 0 0 0 0 0 1 1 1 0 0 0 0 0 0 0 1 1 0 0 0 1 0 0 0 0 0 0 0 0 0 0 0 0 0 1 0 0 0 0 0 0 1 1 1 0 0 1 1 0 0 1 1 0 0 0 0 0 1 1 1 0 0 0 0 0 2 0 0 1 0 0 0 0 0 0 1 1 0 2 0 0 1
geno chr16.87816385 gbr  2 0 1 0 1 0 0 0 0 0 0 1 0 1 1 1 1 0 1 1 1 0 1 0 0 0 0 0 0 0 0 0 0 1 0 0 2 0 1 0 1 0 0 0 0 0 1 0 0 0 0 1 0 0 0 0 0 1 0 0 0 0 1 2 2 0 0 1 0 1 0 0 0 1 1 0 0 1 0 1 0 0 1 0
geno chr16.87816385 tsi  0 0 0 0 0 0 0 0 0 0 0 0 0 0 0 0 0 0 0 0 0 0 0 0 1 0 1 0 0 1 0 0 0 1 0 0 0 1 1 0 1 0 1 0 0 1 2 0 0 0 0 0 0 0 1 1 0 0 0 0 0 0 0 2 1 0 1 2 0 0 0 1 0 0 1 0 0 0 0 0 0 1 0 1 0 0 0 0 1 1 0 1
geno chr16.87816385 yri  0 0 1 0 1 1 0 0 1 0 0 1 0 0 0 0 0 0 1 1 2 0 1 0 0 1 0 1 0 0 0 1 0 0 1 1 0 0 0 0 0 0 1 0 0 0 1 0 0 0 1 1 0 0 0 1 0 0 0 1 0 1 0 0 1 2 0 0 2 0 1 0 1 1 0 0 1
geno chr16.87816592 ceu  0 0 0 0 1 0 1 0 0 0 0 0 0 1 0 0 1 0 2 0 0 0 0 0 0 0 0 0 1 0 0 0 0 0 1 0 1 0 0 0 0 0 0 0 0 0 0 0 0 0 0 0 0 1 0 0 1 1 2 0 0 1 0 1 0 0 0 0 0 0 0 0 1 1 1 0 1 0
geno chr16.87816592 fin  1 0 0 1 1 0 0 0 0 0 0 0 1 1 1 0 0 0 0 0 0 0 1 1 0 0 0 1 0 0 0 0 0 0 0 0 0 0 0 0 0 1 0 0 0 0 0 0 1 1 1 0 0 1 1 0 0 1 1 0 0 0 0 0 1 1 1 0 0 0 0 0 2 0 0 1 0 0 0 0 0 0 1 1 0 2 0 0 1
geno chr16.87816592 gbr  2 0 1 0 1 0 0 0 0 0 0 1 0 1 1 1 1 0 1 1 1 0 1 0 0 0 0 0 0 0 0 0 0 1 0 0 2 0 1 0 1 0 0 0 0 0 1 0 0 0 0 1 0 0 0 0 0 1 0 0 0 0 1 2 2 0 0 1 0 1 0 0 0 1 1 0 0 1 0 1 0 0 1 0
geno chr16.87816592 tsi  0 0 0 0 0 0 0 0 0 0 0 0 0 0 0 0 0 0 0 0 0 0 0 0 1 0 1 0 0 1 0 0 0 1 0 0 0 1 1 0 1 0 1 1 0 1 2 0 0 0 0 0 0 0 1 1 0 0 0 0 0 0 0 2 1 0 1 2 0 0 0 1 0 0 1 0 0 0 0 0 0 1 0 1 0 0 0 0 1 1 0 1
geno chr16.87816592 yri  0 0 1 0 1 1 0 0 1 0 0 1 0 0 0 0 0 0 1 1 2 0 1 0 0 1 0 1 0 0 0 1 0 0 1 1 0 0 0 0 0 0 1 0 0 0 1 0 0 0 1 1 0 0 0 1 0 0 0 1 0 1 0 0 1 2 0 0 2 0 1 0 1 1 0 0 1
geno chr16.87816920 ceu  0 0 0 0 1 0 1 0 0 0 0 0 0 1 0 0 1 0 2 0 0 0 0 0 0 0 0 0 1 0 0 0 0 0 1 0 1 0 0 0 0 0 0 0 0 0 0 0 0 0 0 0 0 1 0 0 1 1 2 0 0 1 0 1 0 0 0 0 0 0 0 0 1 0 1 0 1 0
geno chr16.87816920 fin  1 0 0 1 1 0 0 0 0 0 0 0 1 1 1 0 0 0 0 0 0 0 1 1 0 0 0 1 0 0 0 0 0 0 0 0 0 0 0 0 0 1 0 0 0 0 0 0 1 1 1 0 0 1 1 0 0 1 1 0 0 0 0 0 1 1 1 0 0 0 0 0 2 0 0 1 0 0 0 0 0 0 1 1 0 2 0 0 1
geno chr16.87816920 gbr  2 0 1 0 1 0 0 0 0 0 0 1 0 1 1 1 1 0 1 1 1 0 1 0 0 0 0 0 0 0 0 0 0 1 0 0 2 0 1 0 1 0 0 0 0 0 1 0 0 0 0 1 0 0 0 0 0 1 0 0 0 0 0 1 2 0 0 1 0 1 0 0 0 1 1 0 0 1 0 1 0 0 1 0
geno chr16.87816920 tsi  0 0 0 0 0 0 0 0 0 0 0 0 0 0 0 0 0 0 0 0 0 0 0 0 1 0 1 0 0 1 0 0 0 1 0 0 0 1 1 0 1 0 1 1 0 1 2 0 0 0 0 0 0 0 1 1 0 0 0 0 0 0 0 2 1 0 2 1 0 0 0 1 0 0 1 0 0 0 0 0 0 1 0 1 0 0 0 0 1 1 0 1
geno chr16.87816920 yri  0 0 1 0 1 1 0 0 1 0 0 1 0 0 0 0 0 0 1 1 2 0 1 0 0 1 0 1 0 1 0 1 0 0 1 1 0 0 0 0 0 0 1 0 0 0 1 0 0 0 1 1 0 0 0 1 0 0 0 0 0 1 0 0 1 2 0 0 2 0 1 0 1 1 0 0 1
geno chr16.87817311 ceu  1 0 0 2 1 1 0 1 1 2 1 1 1 1 2 0 0 0 0 1 1 1 0 1 1 1 1 2 0 2 2 1 0 1 1 1 1 1 1 0 0 1 0 1 1 1 1 1 0 0 0 2 0 1 1 1 1 1 0 2 1 1 2 0 1 1 1 0 0 0 1 2 1 1 0 1 0 0
geno chr16.87817311 fin  0 0 0 1 1 1 0 0 1 2 1 0 0 1 0 2 1 2 1 1 1 1 1 1 0 1 0 1 0 1 1 1 1 2 2 0 0 1 2 1 0 1 0 2 0 1 1 1 1 0 1 1 1 1 1 1 1 1 0 0 0 0 1 1 0 1 0 2 1 1 1 2 0 0 0 0 1 2 0 1 0 0 1 0 1 0 1 1 1
geno chr16.87817311 gbr  0 1 0 1 0 1 0 0 1 1 1 1 2 1 0 1 0 1 0 0 1 1 0 0 2 2 1 0 1 1 0 1 1 1 1 1 0 1 1 1 0 1 2 1 2 2 0 1 2 2 0 0 1 0 1 1 2 0 1 0 0 0 1 0 1 0 1 1 0 1 1 1 2 1 0 1 0 1 2 0 1 1 1 1
geno chr16.87817311 tsi  1 2 1 1 1 1 1 0 0 2 1 2 2 2 2 1 1 1 1 0 1 1 1 1 1 0 0 2 1 0 1 1 2 0 1 2 1 0 0 2 1 1 1 1 2 1 0 1 1 2 0 1 1 2 0 0 0 1 1 0 2 1 1 0 1 1 0 0 0 2 2 1 0 0 0 0 1 2 1 2 2 0 1 0 0 1 0 1 0 0 0 1
geno chr16.87817311 yri  0 0 0 0 0 0 0 0 0 0 0 0 0 0 0 0 0 0 0 0 0 0 0 0 1 0 0 0 0 0 0 0 0 0 0 0 0 0 0 0 0 0 0 0 0 0 0 0 0 0 0 0 0 1 0 0 0 0 1 0 1 0 0 0 0 0 0 0 0 0 1 0 0 0 1 0 0
geno chr16.87817357 ceu  0 0 0 0 1 0 1 0 0 0 0 0 0 1 0 0 1 0 2 0 0 0 0 0 0 0 0 0 1 0 0 0 0 0 1 0 0 0 0 1 0 0 0 0 0 0 0 0 0 0 0 0 0 1 0 0 1 1 2 0 0 1 0 1 0 0 0 0 0 0 0 0 1 0 1 0 1 0
geno chr16.87817357 fin  1 0 0 1 1 0 0 0 0 0 0 0 1 1 1 0 0 0 0 0 0 0 1 1 0 0 0 1 1 0 0 0 0 0 0 0 0 0 0 0 0 1 0 0 0 0 0 0 1 1 1 0 0 1 1 0 0 1 1 0 0 1 0 0 1 1 1 0 0 0 0 0 2 0 0 1 0 0 0 0 0 0 1 1 0 2 0 0 1
geno chr16.87817357 gbr  2 0 1 0 1 0 0 0 0 0 0 1 0 1 1 1 1 0 1 1 1 0 1 0 0 0 0 0 0 0 0 0 0 1 0 0 2 0 0 0 1 0 0 0 0 0 1 0 0 0 0 1 0 0 0 0 0 1 0 0 0 0 0 1 1 0 0 1 0 1 0 0 0 1 1 0 0 1 0 1 0 0 1 0
geno chr16.87817357 tsi  0 0 0 0 0 0 0 0 0 0 0 0 0 0 0 0 0 0 0 0 0 0 0 0 1 0 2 0 0 1 0 0 0 1 0 0 0 1 1 0 0 0 1 1 0 1 2 0 0 0 0 0 0 0 1 1 0 0 0 0 0 0 0 2 1 0 2 1 0 0 0 1 0 0 1 0 0 0 0 0 0 1 0 1 0 0 0 0 1 1 0 1
geno chr16.87817357 yri  0 0 1 0 1 1 0 0 1 0 0 1 0 0 0 0 0 0 1 1 2 0 1 0 0 1 0 1 0 1 0 1 0 0 1 1 0 0 0 0 0 0 1 0 0 0 1 0 0 0 1 1 0 0 0 1 0 0 0 0 0 1 0 0 1 2 0 0 2 0 1 0 1 1 0 0 1
geno chr16.87818373 ceu  0 1 1 0 0 1 1 1 1 0 0 0 0 0 0 1 0 1 0 1 1 1 1 1 1 0 1 0 0 0 0 1 2 1 0 0 1 1 0 0 1 0 1 1 1 1 0 1 0 0 0 0 1 0 1 1 0 0 0 0 1 0 0 1 0 1 1 2 1 2 0 0 0 0 1 0 0 1
geno chr16.87818373 fin  0 2 2 0 0 0 2 1 1 0 0 1 0 0 1 0 1 0 0 1 1 0 0 0 0 1 0 0 1 1 1 0 0 0 0 2 2 1 0 1 2 0 2 0 1 0 0 1 0 1 0 1 1 0 0 0 1 0 1 2 1 1 1 0 1 0 1 0 0 0 0 0 0 2 1 1 0 0 2 1 2 1 0 1 0 0 1 0 0
geno chr16.87818373 gbr  0 1 1 0 1 0 1 1 1 0 0 0 0 0 0 0 0 0 1 1 0 1 1 1 0 0 0 2 0 0 2 1 0 0 0 0 0 1 0 0 0 1 0 1 0 0 1 1 0 0 1 0 0 0 1 0 0 0 1 2 1 1 0 0 0 1 0 0 0 0 0 0 0 0 0 0 1 0 0 1 1 0 0 1
geno chr16.87818373 tsi  0 0 1 1 0 0 1 2 0 0 0 0 0 0 0 1 0 1 1 1 1 1 1 1 0 1 0 0 0 1 1 0 0 0 1 0 0 1 1 0 1 1 0 0 0 0 0 1 0 0 0 1 0 0 1 1 1 0 0 1 0 0 0 0 0 1 0 0 1 0 0 0 2 1 1 1 1 0 0 0 0 1 0 0 1 0 1 1 0 1 1 0
geno chr16.87818373 yri  0 0 0 0 0 0 0 0 0 0 0 0 0 0 0 0 0 1 0 0 0 0 0 0 0 0 0 0 1 0 0 0 0 0 0 0 0 0 0 0 0 0 0 0 0 0 0 0 1 0 0 0 0 0 0 0 0 0 0 1 0 0 0 0 0 0 0 0 0 0 0 0 0 0 0 0 0
geno chr16.87818569 ceu  0 1 1 0 0 1 1 1 1 0 0 0 0 0 0 1 0 1 0 1 1 1 1 1 1 0 1 0 0 0 0 1 2 1 0 0 1 1 1 0 1 0 1 1 1 1 0 1 1 2 1 0 2 0 1 1 0 0 0 0 1 0 0 1 0 1 1 2 1 2 1 0 0 1 1 0 0 1
geno chr16.87818569 fin  0 2 2 0 0 0 2 1 1 0 0 1 0 0 1 0 1 0 0 1 1 0 0 0 0 1 0 0 1 1 1 1 1 0 0 2 2 1 0 1 2 0 2 0 1 0 0 1 0 1 0 1 1 0 0 0 1 0 1 2 1 1 1 0 1 0 1 0 1 0 0 0 0 2 1 1 1 0 2 1 2 2 0 1 1 0 1 0 0
geno chr16.87818569 gbr  0 1 1 0 1 0 1 1 1 0 0 0 0 0 0 0 0 0 1 1 0 1 1 2 0 0 0 2 0 0 2 1 0 0 0 0 0 1 1 0 1 1 0 1 0 0 1 1 0 0 1 1 0 0 1 0 0 0 1 2 2 1 1 1 0 1 1 0 0 0 0 0 0 0 1 1 1 0 0 1 1 1 0 1
geno chr16.87818569 tsi  0 0 1 1 0 0 1 2 0 0 0 0 0 0 0 1 0 1 1 1 1 1 1 1 0 1 0 0 1 1 1 0 0 0 1 0 0 1 1 0 1 1 0 0 0 0 0 1 0 0 1 1 0 0 1 1 2 0 0 1 0 0 0 0 0 1 0 1 2 0 0 0 2 1 1 1 1 0 0 0 0 1 0 1 1 1 1 1 0 1 1 0
geno chr16.87818569 yri  0 0 0 0 0 0 0 0 0 0 0 0 0 0 0 0 0 1 0 0 0 0 0 0 0 0 0 0 1 0 0 0 0 0 0 0 0 0 0 0 0 0 0 0 0 0 0 0 1 0 0 0 0 0 0 0 0 0 0 1 0 0 0 0 0 0 0 0 0 0 0 0 0 0 0 0 0
geno chr16.87818733 ceu  0 0 0 0 0 0 0 0 0 0 0 0 0 0 0 0 0 0 0 0 0 0 0 0 0 0 0 0 0 0 0 0 0 0 0 0 0 0 1 0 0 0 0 0 0 0 0 0 1 2 1 0 1 0 0 0 0 0 0 0 0 0 0 0 0 0 0 0 0 0 1 0 0 1 0 0 0 0
geno chr16.87818733 fin  0 0 0 0 0 0 0 0 0 0 0 0 0 0 0 0 0 0 0 0 0 0 0 0 0 0 0 0 0 0 0 1 1 0 0 0 0 0 0 0 0 0 0 0 0 0 0 0 0 0 0 0 0 0 0 0 0 0 0 0 0 0 0 0 0 0 0 0 1 0 0 0 0 0 0 0 1 0 0 0 0 1 0 0 0 0 0 0 0
geno chr16.87818733 gbr  0 0 0 0 0 0 0 0 0 0 0 0 0 0 0 0 0 0 0 0 0 0 0 1 0 0 0 0 0 0 0 0 0 0 0 0 0 0 1 0 1 0 0 0 0 0 0 0 0 0 0 1 0 0 0 0 0 0 0 0 1 0 1 1 0 0 1 0 0 0 0 0 0 0 1 1 0 0 0 0 0 1 0 0
geno chr16.87818733 tsi  0 0 0 0 0 0 0 0 0 0 0 0 0 0 0 0 0 0 0 0 0 0 0 0 0 0 0 0 1 0 0 0 0 0 0 0 0 0 0 0 0 0 0 0 0 0 0 0 0 0 1 0 0 0 0 0 1 0 0 0 0 0 0 0 0 0 0 1 1 0 0 0 0 0 0 0 0 0 0 0 0 0 0 1 0 1 0 0 0 0 0 0
geno chr16.87818733 yri  0 0 0 0 0 0 0 0 0 0 0 0 0 0 0 0 0 0 0 0 0 0 0 0 0 0 0 0 0 0 0 0 0 0 0 0 0 0 0 0 0 0 0 0 0 0 0 0 0 0 0 0 0 0 0 0 0 0 0 0 0 0 0 0 0 0 0 0 0 0 0 0 0 0 0 0 0
geno chr16.87819282 ceu  0 0 1 0 0 1 0 1 1 0 0 0 0 0 0 1 0 1 0 1 0 0 1 1 1 0 1 0 0 0 0 0 2 1 0 0 1 1 0 1 1 0 1 0 0 0 1 1 0 0 0 0 1 0 0 1 0 0 0 0 1 0 0 0 0 0 1 2 1 1 0 1 0 0 1 0 0 0
geno chr16.87819282 fin  0 2 2 0 0 0 2 1 1 0 0 1 0 0 1 0 1 1 0 1 1 0 0 0 0 1 0 0 1 1 1 0 0 0 0 1 2 0 0 1 2 0 0 0 1 0 0 1 0 1 0 1 1 0 0 0 0 0 1 2 1 1 1 0 1 0 0 1 0 0 0 0 0 2 1 1 0 0 2 1 2 1 0 0 0 0 1 0 0
geno chr16.87819282 gbr  0 0 1 0 0 1 1 0 1 0 0 0 0 0 0 0 0 0 1 0 0 0 1 1 0 0 0 1 0 0 2 1 0 0 0 0 0 1 0 0 0 2 0 1 0 0 1 1 0 0 1 0 0 1 0 0 0 0 1 1 1 1 0 0 0 2 0 0 0 0 0 0 0 0 0 0 0 0 0 1 1 1 0 1
geno chr16.87819282 tsi  0 0 0 1 0 0 1 0 0 0 0 0 0 0 0 0 0 0 0 1 0 1 0 0 0 0 0 0 0 1 0 0 0 0 0 0 0 1 0 0 1 1 0 0 0 0 0 1 0 0 0 0 0 0 1 0 1 0 0 0 0 0 0 0 0 1 0 0 1 0 0 0 1 1 0 1 1 0 0 0 0 1 0 0 1 0 0 1 0 1 0 0
geno chr16.87819282 yri  0 0 0 0 0 0 0 0 0 0 0 0 1 0 0 1 1 1 0 0 0 0 0 0 0 0 0 0 0 0 0 0 1 0 0 0 1 0 0 1 0 0 0 0 0 0 0 0 1 0 1 0 0 0 0 1 0 0 0 1 0 0 0 0 0 0 0 0 0 0 0 0 0 0 0 0 0
geno chr16.87820691 ceu  0 0 0 0 0 0 0 0 0 0 0 0 0 0 0 0 0 0 0 0 0 0 0 0 0 0 0 0 0 0 0 0 0 0 0 0 0 0 0 0 0 0 0 0 0 0 0 0 0 0 0 0 0 0 0 0 0 0 0 0 0 0 0 0 0 0 0 0 0 0 0 0 0 0 0 0 0 0
geno chr16.87820691 fin  0 0 0 0 0 0 0 0 0 0 0 0 0 0 0 0 0 0 0 0 0 0 0 0 0 0 0 0 0 0 0 0 0 0 0 0 0 0 0 0 0 0 0 0 0 0 0 0 0 0 0 0 0 0 0 0 0 0 0 0 0 0 0 0 0 0 0 0 0 0 0 0 0 0 0 0 0 0 0 0 0 0 0 0 0 0 0 0 0
geno chr16.87820691 gbr  0 0 0 0 0 0 0 0 0 0 0 0 0 0 0 0 0 0 0 0 0 0 0 0 0 0 0 0 0 0 0 0 0 0 0 0 0 0 0 0 0 0 0 0 0 0 0 0 0 0 0 0 0 0 0 0 0 0 0 0 0 0 0 0 0 0 0 0 0 0 0 0 0 0 0 0 0 0 0 0 0 0 0 0
geno chr16.87820691 tsi  0 0 0 0 0 0 0 0 0 0 0 0 0 0 0 0 0 0 0 0 0 0 0 0 0 0 0 0 0 0 0 0 0 0 0 0 0 0 0 0 0 0 0 0 0 0 0 0 0 0 0 0 0 0 0 0 0 0 0 0 0 0 0 0 0 0 0 0 0 0 0 0 0 0 0 0 0 0 0 0 0 0 0 0 0 0 0 0 0 0 0 0
geno chr16.87820691 yri  0 0 0 2 1 0 0 1 0 0 0 0 0 0 0 1 0 1 0 0 0 2 0 1 0 0 0 0 1 0 0 0 0 1 1 1 1 0 0 0 0 0 0 0 0 0 0 0 0 1 1 0 1 0 0 0 0 0 1 0 1 1 1 0 0 0 1 0 0 1 0 0 1 1 0 1 0
geno chr16.87820721 ceu  0 0 0 0 1 0 1 0 0 0 0 0 0 1 0 0 1 0 2 0 0 0 0 0 0 0 0 0 1 0 0 0 0 0 1 0 0 0 0 1 0 0 0 0 0 0 0 0 0 0 0 0 0 1 0 0 1 1 2 0 0 1 0 1 0 0 0 0 0 0 0 0 1 0 1 0 1 0
geno chr16.87820721 fin  1 0 0 1 1 0 0 0 0 0 0 0 1 1 1 0 0 0 0 0 0 0 1 1 0 0 0 1 1 0 0 0 0 0 0 0 0 0 0 0 0 2 0 0 0 0 0 1 1 1 1 0 0 1 1 0 0 1 1 0 0 1 0 0 1 1 1 0 0 0 0 0 2 0 0 1 0 0 0 0 0 0 1 1 0 2 0 0 1
geno chr16.87820721 gbr  2 0 1 0 1 0 0 0 0 0 0 1 0 1 1 1 1 0 1 1 1 0 1 0 0 0 0 0 0 0 0 0 0 1 0 0 2 0 0 0 1 0 0 0 0 0 1 0 0 0 0 1 0 0 0 0 0 1 0 0 0 0 0 1 1 0 0 1 0 1 0 0 0 0 1 0 0 1 0 1 0 0 1 0
geno chr16.87820721 tsi  0 0 0 0 0 0 0 0 0 0 0 0 0 0 0 0 0 0 0 0 0 0 0 0 1 0 2 0 0 1 0 0 0 1 0 0 0 1 1 0 0 0 1 1 0 1 2 0 0 0 0 0 0 0 1 1 0 0 0 0 0 0 0 2 1 0 2 1 0 0 0 1 0 0 1 0 0 0 0 0 0 1 0 1 0 0 0 0 1 1 0 1
geno chr16.87820721 yri  1 1 1 2 2 1 0 1 1 1 1 1 0 0 0 1 0 1 1 1 2 2 1 1 0 1 1 0 1 1 1 1 0 1 2 1 1 0 0 1 0 0 1 0 0 0 1 0 0 1 1 1 1 0 0 1 0 0 1 0 1 2 1 1 1 2 1 0 2 1 1 0 2 2 0 1 2
geno chr16.87821326 ceu  0 0 0 0 0 0 0 0 0 0 0 0 0 0 0 0 0 0 0 0 0 0 0 0 0 0 0 0 0 0 0 0 0 0 0 0 0 0 0 0 0 0 0 0 0 0 0 0 0 0 0 0 0 0 0 0 0 0 0 0 0 0 0 0 0 0 0 0 0 0 0 0 0 0 0 0 0 0
geno chr16.87821326 fin  0 0 0 0 0 0 0 0 0 0 0 0 0 0 0 0 0 0 0 0 0 0 0 0 0 0 0 0 0 0 0 0 0 0 0 0 0 0 0 0 0 0 0 0 0 0 0 0 0 0 0 0 0 0 0 0 0 0 0 0 0 0 0 0 0 0 0 0 0 0 0 0 0 0 0 0 0 0 0 0 0 0 0 0 0 0 0 0 0
geno chr16.87821326 gbr  0 0 0 0 0 0 0 0 0 0 0 0 0 0 0 0 0 0 0 0 0 0 0 0 0 0 0 0 0 0 0 0 0 0 0 0 0 0 0 0 0 0 0 0 0 0 0 0 0 0 0 0 0 0 0 0 0 0 0 0 0 0 0 0 0 0 0 0 0 0 0 0 0 0 0 0 0 0 0 0 0 0 0 0
geno chr16.87821326 tsi  0 0 0 0 0 0 0 0 0 0 0 0 0 0 0 0 0 0 0 0 0 0 0 0 0 0 0 0 0 0 0 0 0 0 0 0 0 0 0 0 0 0 0 0 0 0 0 0 0 0 0 0 0 0 0 0 0 0 0 0 0 0 0 0 0 0 0 0 0 0 0 0 0 0 0 0 0 0 0 0 0 0 0 0 0 0 0 0 0 0 0 0
geno chr16.87821326 yri  1 0 0 0 0 1 2 0 1 1 0 0 1 2 0 0 1 0 1 0 0 0 1 0 0 0 2 1 0 1 0 1 0 0 0 1 0 1 1 0 2 1 1 1 2 0 0 0 1 1 0 0 0 0 0 0 1 1 0 0 0 0 0 1 0 0 1 2 0 1 0 1 0 0 0 0 1
