pheno ENSG00000137310 ceu -0.4319533 2.081432 1.105164 1.931577 0.6744794 1.112678 1.016515 -0.1255706 -0.7059351 1.806116 -1.090817 -0.06322308 0.6618332 -0.6953401 1.949605 2.053615 -0.5173384 0.899282 -0.4305982 0.8237044 -1.091092 1.472957 0.8480683 1.302152 0.8204087 -0.4555184 0.2982365 -2.086645 -0.04934912 0.841473 -0.05213739 0.7304694 0.3157647 1.826003 0.09856051 0.7782488 -0.7209159 -0.04651735 -0.4030306 0.8485533 1.628606 1.035607 1.173668 -0.6227752 1.006963 -0.7300577 -0.6026144 0.8792207 1.188819 -0.4118066 0.009701057 0.1731412 1.733632 -0.1361142 -0.04198023 0.1482155 0.4844176 1.020543 0.7159739 2.696922 1.33555 0.3352091 -0.4329999 -1.841428 0.4789868 2.120052 1.584803 0.3499445 0.9379144 0.3113231 -0.4181278 0.6815728 0.6466804 -0.3008166 0.9776617 0.5144619 1.315563 0.2598614
pheno ENSG00000137310 fin -2.023873 0.1103868 -0.453031 -1.299497 -2.074877 -1.650772 -0.7425519 -1.317465 -2.122761 -0.2443134 -1.054563 -1.552105 -1.797182 -2.451775 -1.79503 -0.6336416 -0.13985 -1.549601 -1.597624 -2.080115 -0.124675 -3.141013 -1.335534 -1.02115 -1.18937 -0.6392576 -0.4700263 -2.458223 -1.243559 -1.936346 -1.460064 -0.7782916 -0.7089603 -0.4176933 -1.149037 -0.2495963 -1.963347 -1.314192 -2.958211 -1.561329 0.1910994 -0.4381838 0.7165053 -2.032102 0.841408 -0.2306807 -1.554427 -0.8268686 -1.402223 -1.988444 -1.72462 -2.35307 -1.588943 -2.143209 -2.008411 -0.5240685 -0.9504416 -0.3384073 -3.056136 -2.359077 -0.3459448 -0.06707433 0.6641711 -0.6771849 -1.254737 -2.747574 -1.503679 -3.194326 -2.351186 -1.121943 -1.347441 -0.707117 -2.117315 0.6351289 -0.1401069 -4.009989 -0.07455142 -2.38079 -2.389803 0.6899451 -3.112306 -2.765641 -2.319406 -0.2845935 -1.946666 -1.126414 -1.395165 -1.97776 -2.471727
pheno ENSG00000137310 gbr 0.4517831 -1.935119 -2.890559 1.874597 -0.6122982 -2.276232 -0.6692502 0.2165038 -0.3571065 -2.206548 -1.895832 -1.058914 -0.417626 -2.242222 -0.4759476 -1.657473 -1.11479 0.276682 -1.260964 -0.08473939 -0.1646425 1.21069 -3.304249 -1.845736 -2.020575 -3.020977 -2.430164 -1.422372 0.4131679 -2.258834 0.9724101 -2.039183 -0.5217185 -0.0245359 -0.4515747 -0.729518 -3.322608 -0.9157328 -0.6597748 -0.9029629 -0.9968203 -2.451539 -1.338451 -4.036361 -1.748215 0.1628899 -0.4997037 -3.169753 -0.5947649 0.2714321 -0.3612944 0.1592292 -1.326284 -1.936249 -2.237285 -0.9160294 -0.9553103 -1.344371 -2.130863 -2.61394 -1.051118 -0.9289314 0.2308146 0.3722401 -1.371364 -0.209148 0.3901682 0.1704797 -0.9913721 -1.744568 0.2613226 0.2845659 -0.7597389 -0.8738216 0.5014198 -0.8473224 -0.152361 -1.193263 -0.9873114 -1.120438 0.4172772 -0.8474259 -1.996614 0.1257152
pheno ENSG00000137310 tsi 1.217484 2.016805 0.6974944 1.766722 0.8455048 0.4206556 1.566585 -0.08337125 -0.03203806 0.2839216 1.28149 -0.1267823 1.596282 2.52851 0.9188617 1.619133 1.728612 1.162109 1.270949 1.041131 1.384546 0.4034752 1.107989 0.7933962 -0.200508 0.03342452 1.139518 0.805371 2.307975 2.239082 1.101009 0.8593789 0.9303475 1.357561 0.364745 1.281017 1.036506 1.377991 -0.1284641 0.7468808 -2.051512 1.856922 1.812959 1.136321 1.459087 -0.3387479 -0.01146797 -0.5117815 0.540089 0.5050029 1.598098 1.573388 1.547352 -0.2642378 0.9201678 -0.1092172 0.4213699 1.15563 2.112933 1.326728 -0.08734246 4.075023 0.1129458 0.9714605 2.126233 0.8969739 0.223938 0.2777027 1.296488 -1.536378 3.576698 -0.7293265 1.301547 2.685615 1.666892 -0.1273257 0.7715922 0.326442 1.111937 -0.6950838 0.2197736 1.266889 0.4443812 -0.987651 1.653477 0.8532254 -0.1697656 1.779122 2.820933 1.164569 -0.9621112 1.970039
pheno ENSG00000137310 yri 1.236551 1.536408 1.124859 0.2418891 2.449424 1.126488 0.08826874 1.869675 1.362917 0.3704946 1.045294 1.918071 0.728902 0.0369427 0.1612469 1.951124 2.268267 0.3741066 1.192415 -0.7577976 -0.09433575 1.576565 -0.3214315 1.370241 -0.7450075 0.5414866 0.7999945 1.91311 0.5146381 0.5622978 0.1122819 0.8645641 -0.325053 1.585694 1.150424 0.07718272 1.063227 -0.5733401 -1.701729 0.3103911 1.939435 0.4279108 1.409576 0.8715133 0.8736582 0.3401579 2.217541 -0.6665958 0.8377101 1.018588 0.2007688 0.5388418 1.705718 -0.1692862 0.9024049 -0.8607208 1.301931 -1.395221 2.518878 1.976185 -0.2399599 0.1255925 0.3866022 0.3385858 -0.1254317 0.336816 3.524531 0.197335 0.06536822 1.924262 0.7351513 0.9151117 0.8811945 -0.7600794 1.324889 -1.000459 -0.3016567
geno chr6.31026353 ceu  1 0 1 0 0 1 0 0 1 1 0 0 1 0 0 1 0 1 0 1 1 1 0 1 1 0 0 0 1 1 2 1 1 0 1 1 0 0 0 0 0 0 1 0 0 0 0 1 0 0 1 0 1 0 1 0 0 2 0 0 0 0 0 0 0 2 0 0 1 1 0 0 0 0 1 1 1 0
geno chr6.31026353 fin  1 0 1 1 0 0 1 1 2 0 1 0 0 0 0 1 0 0 1 0 0 1 1 1 2 0 1 1 2 0 0 0 0 2 0 1 1 1 0 0 1 0 0 1 1 0 1 1 1 0 1 1 1 1 1 0 2 0 0 1 1 0 1 0 0 1 0 1 0 0 1 1 1 1 2 1 0 1 0 0 0 0 0 0 0 0 1 1 1
geno chr6.31026353 gbr  1 0 0 0 0 1 0 1 1 1 1 0 0 0 0 0 0 1 0 0 0 1 0 1 0 0 0 1 1 0 1 1 0 2 1 1 0 1 0 0 1 1 0 1 0 0 1 0 1 0 0 1 1 0 2 1 1 1 1 1 0 1 0 0 0 2 0 2 0 0 0 0 0 0 1 0 0 0 0 1 0 1 0 1
geno chr6.31026353 tsi  1 2 0 1 0 0 1 1 0 1 0 0 1 1 1 0 1 0 0 0 0 1 0 0 2 0 1 0 0 0 1 0 1 1 0 1 1 0 0 0 0 0 1 0 1 0 0 0 0 0 0 0 2 1 0 1 0 1 0 2 0 0 0 2 0 0 1 0 0 0 0 1 0 1 0 0 1 0 0 0 0 0 1 0 0 1 2 1 1 1 0 1
geno chr6.31026353 yri  2 0 1 0 0 0 0 1 1 0 0 0 1 0 0 1 0 1 0 0 1 2 0 0 0 1 1 0 1 1 0 0 0 0 1 1 1 0 0 0 0 0 0 0 0 1 1 0 0 1 0 0 0 0 1 0 1 0 2 1 0 0 1 1 0 0 0 0 1 1 0 0 0 0 0 0 1
geno chr6.31026434 ceu  1 1 1 0 0 1 0 0 2 1 1 0 1 2 0 1 0 1 0 1 1 1 0 1 1 0 0 1 2 1 2 1 2 0 1 1 2 1 1 0 0 0 1 0 0 0 0 1 1 0 1 0 2 0 1 0 1 2 0 0 0 0 0 1 0 2 0 0 1 1 1 0 0 0 1 2 1 0
geno chr6.31026434 fin  1 0 2 1 0 0 1 1 2 0 1 0 1 1 0 1 1 1 1 0 0 1 1 1 2 1 1 1 2 0 0 1 0 2 0 1 1 1 1 1 1 0 1 2 1 0 1 1 1 0 1 1 1 1 1 0 2 0 0 1 1 0 1 2 0 1 1 2 0 0 1 1 1 1 2 2 0 1 1 0 1 0 1 1 0 0 1 1 1
geno chr6.31026434 gbr  1 1 0 0 0 1 0 1 1 1 1 1 2 0 0 0 0 2 0 0 1 1 1 2 1 1 1 1 1 0 2 1 0 2 1 1 0 1 0 0 1 1 0 1 1 1 2 1 1 1 0 1 2 0 2 2 1 1 1 1 1 1 0 0 0 2 0 2 0 0 0 1 0 1 1 0 0 2 0 2 1 1 0 2
geno chr6.31026434 tsi  1 2 0 1 1 0 1 1 0 1 1 1 1 1 1 0 2 1 1 0 0 2 0 0 2 1 1 1 0 0 1 1 2 1 1 1 2 1 1 0 1 0 2 0 2 1 2 0 1 0 0 1 2 2 0 1 0 1 2 2 0 0 2 2 2 0 1 2 1 1 0 1 0 2 0 0 1 1 0 1 1 0 2 1 2 2 2 1 1 2 1 1
geno chr6.31026434 yri  2 1 1 2 0 2 0 2 1 1 0 1 2 1 1 1 1 2 2 2 2 2 0 2 2 2 2 0 1 2 2 2 0 0 2 2 1 0 2 1 2 0 1 1 0 2 2 0 0 1 2 1 1 1 1 1 2 1 2 2 1 0 2 1 1 1 0 1 1 2 0 1 1 0 2 1 2
geno chr6.31026534 ceu  0 1 0 0 0 0 0 0 1 0 1 0 0 2 0 0 0 0 0 0 0 0 0 0 0 0 0 1 1 0 0 0 1 0 0 0 2 1 1 0 0 0 0 0 0 0 0 0 1 0 0 0 1 0 0 0 1 0 0 0 0 0 0 1 0 0 0 0 0 0 1 0 0 0 0 1 0 0
geno chr6.31026534 fin  0 0 1 0 0 0 0 0 0 0 0 0 1 1 0 0 0 1 0 0 0 0 0 0 0 1 0 0 0 0 0 1 0 0 0 0 0 0 1 1 0 0 1 1 0 0 0 0 0 0 0 0 0 0 0 0 0 0 0 0 0 0 0 2 0 0 1 1 0 0 0 0 0 0 0 1 0 0 1 0 1 0 1 1 0 0 0 0 0
geno chr6.31026534 gbr  0 1 0 0 0 0 0 0 0 0 0 1 2 0 0 0 0 1 0 0 1 0 1 1 1 1 1 0 0 0 1 0 0 0 0 0 0 0 0 0 0 0 0 0 0 0 1 1 0 1 0 0 1 0 0 1 0 0 0 0 1 0 0 0 0 0 0 0 0 0 0 1 0 1 0 0 0 2 0 1 0 0 0 1
geno chr6.31026534 tsi  0 0 0 0 1 0 0 0 0 0 1 1 0 0 0 0 1 1 1 0 0 1 0 0 0 1 0 1 0 0 0 1 0 0 1 0 1 1 1 0 1 0 1 0 1 1 2 0 1 0 0 1 0 1 0 0 0 0 0 0 0 0 2 0 2 0 0 2 1 1 0 0 0 1 0 0 0 1 0 1 1 0 1 1 1 1 0 0 0 1 1 0
geno chr6.31026534 yri  0 0 0 2 0 2 0 1 0 1 0 1 1 0 1 0 1 1 1 2 1 0 0 2 2 1 1 0 0 1 1 1 0 0 0 1 0 0 1 1 2 0 1 1 0 1 1 0 0 0 1 0 0 1 0 1 1 1 0 1 1 0 1 0 1 1 0 1 0 1 0 1 1 0 2 1 1
geno chr6.31026541 ceu  1 0 1 0 0 1 0 0 1 1 0 0 1 0 0 1 0 1 0 1 1 1 0 1 1 0 0 0 1 1 2 1 1 0 1 1 0 0 0 0 0 0 1 0 0 0 0 1 0 0 1 0 1 0 1 0 0 2 0 0 0 0 0 0 0 2 0 0 1 1 0 0 0 0 1 1 1 0
geno chr6.31026541 fin  1 0 1 1 0 0 1 1 2 0 1 0 0 0 0 1 0 0 1 0 0 1 1 1 2 0 1 1 2 0 0 0 0 2 0 1 1 1 0 0 1 0 0 1 1 0 1 1 1 0 1 1 1 1 1 0 2 0 0 1 1 0 1 0 0 1 0 1 0 0 1 1 1 1 2 1 0 1 0 0 0 0 0 0 0 0 1 1 1
geno chr6.31026541 gbr  1 0 0 0 0 1 0 1 1 1 1 0 0 0 0 0 0 1 0 0 0 1 0 1 0 0 0 1 1 0 1 1 0 2 1 1 0 1 0 0 1 1 0 1 0 0 1 0 1 0 0 1 1 0 2 1 1 1 1 1 0 1 0 0 0 2 0 2 0 0 0 0 0 0 1 0 0 0 0 1 0 1 0 1
geno chr6.31026541 tsi  1 2 0 1 0 0 1 1 0 1 0 0 1 1 1 0 1 0 0 0 0 1 0 0 2 0 1 0 0 0 1 0 1 1 0 1 1 0 0 0 0 0 1 0 1 0 0 0 0 0 0 0 2 1 0 1 0 1 0 2 0 0 0 2 0 0 1 0 0 0 0 1 0 1 0 0 1 0 0 0 0 0 1 0 0 1 2 1 1 1 0 1
geno chr6.31026541 yri  2 0 1 0 0 0 0 1 1 0 0 0 1 0 0 1 0 1 0 0 1 2 0 0 0 1 1 0 1 1 0 0 0 0 1 1 1 0 0 0 0 0 0 0 0 1 1 0 0 1 0 0 0 0 1 0 1 0 2 1 0 0 1 1 0 0 0 0 1 1 0 0 0 0 0 0 1
geno chr6.31026589 ceu  1 1 1 0 0 1 0 0 2 1 1 0 1 2 0 1 0 1 0 1 1 1 0 1 1 0 0 1 2 1 2 1 2 0 1 1 2 1 1 0 0 0 1 0 0 0 0 1 1 0 1 0 2 0 1 0 1 2 0 0 0 0 0 1 0 2 0 0 1 1 1 0 0 0 1 2 1 0
geno chr6.31026589 fin  1 0 2 1 0 0 1 1 2 0 1 0 1 1 0 1 1 1 1 0 0 1 1 1 2 1 1 1 2 0 0 1 0 2 0 1 1 1 1 1 1 0 1 2 1 0 1 1 1 0 1 1 1 1 1 0 2 0 0 1 1 0 1 2 0 1 1 2 0 0 1 1 1 1 2 2 0 1 1 0 1 0 1 1 0 0 1 1 1
geno chr6.31026589 gbr  1 1 0 0 0 1 0 1 1 1 1 1 2 0 0 0 0 2 0 0 1 1 1 2 1 1 1 1 1 0 2 1 0 2 1 1 0 1 0 0 1 1 0 1 1 1 2 1 1 1 0 1 2 0 2 2 1 1 1 1 1 1 0 0 0 2 0 2 0 0 0 1 0 1 1 0 0 2 0 2 1 1 0 2
geno chr6.31026589 tsi  1 2 0 1 1 0 1 1 0 1 1 1 1 1 1 0 2 1 1 0 0 2 0 0 2 1 1 1 0 0 1 1 2 1 1 1 2 1 1 0 1 0 2 0 2 1 2 0 1 0 0 1 2 2 0 1 0 1 2 2 0 0 2 2 2 0 1 2 1 1 0 1 0 2 0 0 1 1 0 1 1 0 2 1 2 2 2 1 1 2 1 1
geno chr6.31026589 yri  2 1 1 2 0 2 0 2 1 1 0 1 2 1 1 1 1 2 2 2 2 2 0 2 2 2 2 0 1 2 2 2 0 0 2 2 1 0 2 1 2 0 1 1 0 2 2 0 0 1 2 1 1 1 1 1 2 1 2 2 1 0 2 1 1 1 0 1 1 2 0 1 1 0 2 1 2
geno chr6.31026712 ceu  1 0 1 0 0 1 0 0 1 1 0 0 1 0 0 1 0 1 0 1 1 1 0 1 1 0 0 0 1 1 2 1 1 0 1 1 0 0 0 0 0 0 1 0 0 0 0 1 0 0 1 0 1 0 1 0 0 2 0 0 0 0 0 0 0 2 0 0 1 1 0 0 0 0 1 1 1 0
geno chr6.31026712 fin  1 0 1 1 0 0 1 1 2 0 1 0 0 0 0 1 0 0 1 0 0 1 1 1 2 0 1 1 2 0 0 0 0 2 0 1 1 1 0 0 1 0 0 1 1 0 1 1 1 0 1 1 1 1 1 0 2 0 0 1 1 0 1 0 0 1 0 1 0 0 1 1 1 1 2 1 0 1 0 0 0 0 0 0 0 0 1 1 1
geno chr6.31026712 gbr  1 0 0 0 0 1 0 1 1 1 1 0 0 0 0 0 0 1 0 0 0 1 0 1 0 0 0 1 1 0 1 1 0 2 1 1 0 1 0 0 1 1 0 1 0 0 1 0 1 0 0 1 1 0 2 1 1 1 1 1 0 1 0 0 0 2 0 2 0 0 0 0 0 0 1 0 0 0 0 1 0 1 0 1
geno chr6.31026712 tsi  1 2 0 1 0 0 1 1 0 1 0 0 1 1 1 0 1 0 0 0 0 1 0 0 2 0 1 0 0 0 1 0 1 1 0 1 1 0 0 0 0 0 1 0 1 0 0 0 0 0 0 0 2 1 0 1 0 1 0 2 0 0 0 2 0 0 1 0 0 0 0 1 0 1 0 0 1 0 0 0 0 0 1 0 0 1 2 1 1 1 0 1
geno chr6.31026712 yri  2 0 1 0 0 0 0 1 1 0 0 0 1 0 0 1 0 1 0 0 1 2 0 0 0 1 1 0 1 1 0 0 0 0 1 1 1 0 0 0 0 0 0 0 0 1 1 0 0 1 0 0 0 0 1 0 1 0 2 1 0 0 1 1 0 0 0 0 1 1 0 0 0 0 0 0 1
geno chr6.31026830 ceu  0 0 0 0 0 0 0 0 0 0 1 0 0 0 0 0 0 0 0 0 0 0 0 0 0 0 0 1 1 0 0 0 0 0 0 0 0 0 0 0 0 0 0 0 0 0 0 0 1 0 0 0 0 0 0 0 0 0 0 0 0 0 0 0 0 0 0 0 0 0 1 0 0 0 0 0 0 0
geno chr6.31026830 fin  0 0 1 0 0 0 0 0 0 0 0 0 0 1 0 0 0 1 0 0 0 0 0 0 0 0 0 0 0 0 0 0 0 0 0 0 0 0 1 0 0 0 1 0 0 0 0 0 0 0 0 0 0 0 0 0 0 0 0 0 0 0 0 0 0 0 1 0 0 0 0 0 0 0 0 1 0 0 0 0 1 0 0 0 0 0 0 0 0
geno chr6.31026830 gbr  0 0 0 0 0 0 0 0 0 0 0 0 0 0 0 0 0 1 0 0 0 0 1 0 1 1 0 0 0 0 0 0 0 0 0 0 0 0 0 0 0 0 0 0 0 0 1 0 0 0 0 0 0 0 0 1 0 0 0 0 0 0 0 0 0 0 0 0 0 0 0 1 0 0 0 0 0 0 0 0 0 0 0 0
geno chr6.31026830 tsi  0 0 0 0 1 0 0 0 0 0 0 0 0 0 0 0 0 0 0 0 0 0 0 0 0 1 0 0 0 0 0 0 0 0 0 0 0 0 1 0 1 0 0 0 1 0 1 0 0 0 0 0 0 0 0 0 0 0 0 0 0 0 0 0 1 0 0 2 0 0 0 0 0 0 0 0 0 0 0 0 1 0 1 1 1 1 0 0 0 0 1 0
geno chr6.31026830 yri  0 0 0 0 0 0 0 0 0 0 0 0 0 0 0 0 0 0 0 0 0 0 0 0 0 0 0 0 0 0 1 0 0 0 0 0 0 0 0 0 0 0 0 0 0 0 0 0 0 0 0 0 0 0 0 0 0 0 0 0 0 0 0 0 0 0 0 0 0 0 0 0 0 0 0 0 0
geno chr6.31026888 ceu  1 0 1 0 0 1 0 0 1 1 0 0 1 0 0 1 0 1 0 1 1 1 0 1 1 0 0 0 1 1 2 1 1 0 1 1 0 0 0 0 0 0 1 0 0 0 0 1 0 0 1 0 1 0 1 0 0 2 0 0 0 0 0 0 0 2 0 0 1 1 0 0 0 0 1 1 1 0
geno chr6.31026888 fin  1 0 1 1 0 0 1 1 2 0 1 0 0 0 0 1 0 0 1 0 0 1 1 1 2 0 1 1 2 0 0 0 0 2 0 1 1 1 0 0 1 0 0 1 1 0 1 1 1 0 1 1 1 1 1 0 2 0 0 1 1 0 1 0 0 1 0 1 0 0 1 1 1 1 2 1 0 1 0 0 0 0 0 0 0 0 1 1 1
geno chr6.31026888 gbr  1 0 0 0 0 1 0 1 1 1 1 0 0 0 0 0 0 1 0 0 0 1 0 1 0 0 0 1 1 0 1 1 0 2 1 1 0 1 0 0 1 1 0 1 0 0 1 0 1 0 0 1 1 0 2 1 1 1 1 1 0 1 0 0 0 2 0 2 0 0 0 0 0 0 1 0 0 0 0 1 0 1 0 1
geno chr6.31026888 tsi  1 2 0 1 0 0 1 1 0 1 0 0 1 1 1 0 1 0 0 0 0 1 0 0 2 0 1 0 0 0 1 0 1 1 0 1 1 0 0 0 0 0 1 0 1 0 0 0 0 0 0 0 2 1 0 1 0 1 0 2 0 0 0 2 0 0 1 0 0 0 0 1 0 1 0 0 1 0 0 0 0 0 1 0 0 1 2 1 1 1 0 1
geno chr6.31026888 yri  2 0 1 0 0 0 0 1 1 0 0 0 1 0 0 1 0 1 0 0 1 2 0 0 0 1 1 0 1 1 0 0 0 0 1 1 1 0 0 0 0 0 0 0 0 1 1 0 0 1 0 0 0 0 1 0 1 0 2 1 0 0 1 1 0 0 0 0 1 1 0 0 0 0 0 0 1
geno chr6.31027031 ceu  0 0 0 0 0 0 0 0 0 0 1 0 0 0 0 0 0 0 0 0 0 0 0 0 0 0 0 1 1 0 0 0 0 0 0 0 0 0 0 0 0 0 0 0 0 0 0 0 1 0 0 0 0 0 0 0 0 0 0 0 0 0 0 0 0 0 0 0 0 0 1 0 0 0 0 0 0 0
geno chr6.31027031 fin  0 0 1 0 0 0 0 0 0 0 0 0 0 1 0 0 0 1 0 0 0 0 0 0 0 0 0 0 0 0 0 0 0 0 0 0 0 0 0 0 0 0 1 0 0 0 0 0 0 0 0 0 0 0 0 0 0 0 0 0 0 0 0 0 0 0 1 0 0 0 0 0 0 0 0 1 0 0 0 0 0 0 0 0 0 0 0 0 0
geno chr6.31027031 gbr  0 0 0 0 0 0 0 0 0 0 0 0 0 0 0 0 0 1 0 0 0 0 1 0 1 1 0 0 0 0 0 0 0 0 0 0 0 0 0 0 0 0 0 0 0 0 1 0 0 0 0 0 0 0 0 1 0 0 0 0 0 0 0 0 0 0 0 0 0 0 0 1 0 0 0 0 0 0 0 0 0 0 0 0
geno chr6.31027031 tsi  0 0 0 0 1 0 0 0 0 0 0 0 0 0 0 0 0 0 0 0 0 0 0 0 0 1 0 0 0 0 0 0 0 0 0 0 0 0 1 0 1 0 0 0 0 0 1 0 0 0 0 0 0 0 0 0 0 0 0 0 0 0 0 0 1 0 0 2 0 0 0 0 0 0 0 0 0 0 0 0 1 0 1 1 1 1 0 0 0 0 1 0
geno chr6.31027031 yri  0 0 0 0 0 0 0 0 0 0 0 0 0 0 0 0 0 0 0 0 0 0 0 0 0 0 0 0 0 0 0 0 0 0 0 0 0 0 0 0 0 0 0 0 0 0 0 0 0 0 0 0 0 0 0 0 0 0 0 0 0 0 0 0 0 0 0 0 0 0 0 0 0 0 0 0 0
geno chr6.31027336 ceu  2 2 2 2 2 1 1 2 2 2 2 2 2 2 1 2 2 2 2 2 2 1 2 2 1 2 0 2 2 1 2 2 2 2 2 2 2 2 1 2 2 2 2 1 2 2 2 2 1 2 2 1 2 1 2 1 1 2 1 1 1 1 2 1 2 2 1 1 2 1 2 2 0 2 1 2 1 2
geno chr6.31027336 fin  2 2 2 2 2 1 1 2 2 2 2 2 2 2 1 2 2 1 2 2 2 1 2 1 2 1 2 2 2 1 2 2 2 2 1 2 2 1 2 2 2 2 2 2 2 2 2 2 2 2 2 1 2 2 2 0 2 2 2 2 2 0 2 2 2 2 1 2 2 2 2 1 2 1 2 2 1 2 2 2 2 2 2 2 2 2 1 2 2
geno chr6.31027336 gbr  1 2 2 2 1 2 2 2 2 2 2 2 2 1 1 2 1 2 2 1 2 2 2 2 2 2 2 2 2 2 2 2 0 2 2 2 2 2 2 1 2 2 2 2 2 2 2 2 2 1 1 2 2 1 2 2 0 1 2 2 2 2 2 2 2 2 2 2 2 2 2 1 2 2 2 2 2 2 2 2 1 2 2 2
geno chr6.31027336 tsi  1 2 2 2 2 2 2 2 2 2 2 1 2 2 1 2 2 2 2 2 1 2 2 1 2 2 2 1 2 2 2 1 2 2 1 2 2 2 2 0 2 2 2 2 2 2 2 2 2 2 1 2 2 2 2 2 2 2 2 2 1 2 2 2 2 1 2 2 1 2 1 2 2 2 2 2 2 2 2 1 2 1 2 2 2 2 2 2 2 2 2 2
geno chr6.31027336 yri  2 2 2 2 2 2 2 2 2 2 2 2 2 2 2 2 2 2 2 2 2 2 2 2 2 2 2 2 2 2 2 2 2 2 2 2 2 2 2 2 2 2 2 2 2 2 2 2 2 2 2 2 2 2 2 2 2 2 2 2 2 2 2 2 2 2 2 2 2 2 2 2 2 2 2 2 2
geno chr6.31027337 ceu  1 0 1 0 0 1 0 0 1 1 0 0 1 0 0 1 0 1 0 1 1 1 0 1 1 0 0 0 1 1 2 1 1 0 1 1 0 0 0 0 0 0 1 0 0 0 0 1 0 0 1 0 1 0 1 0 0 2 0 0 0 0 0 0 0 2 0 0 1 1 0 0 0 0 1 1 1 0
geno chr6.31027337 fin  1 0 1 1 0 0 1 1 2 0 1 0 0 0 0 1 0 0 1 0 0 1 1 1 2 0 1 1 2 0 0 0 0 2 0 1 1 1 0 0 1 0 0 1 1 0 1 1 1 0 1 1 1 1 1 0 2 0 0 1 1 0 1 0 0 0 0 1 0 0 0 0 1 1 2 1 0 1 0 0 0 0 0 0 0 0 1 1 0
geno chr6.31027337 gbr  1 0 0 0 0 1 0 1 1 1 1 0 0 0 0 0 0 1 0 0 0 1 0 1 0 0 0 0 1 0 1 1 0 2 1 1 0 1 0 0 1 1 0 1 0 0 1 0 1 0 0 1 1 0 2 1 0 1 1 1 0 1 0 0 0 2 0 2 0 0 0 0 0 0 1 0 0 0 0 1 0 1 0 1
geno chr6.31027337 tsi  1 2 0 1 0 0 1 1 0 1 0 0 1 1 1 0 1 0 0 0 0 1 0 0 2 0 1 0 0 0 1 0 1 1 0 1 1 0 0 0 0 0 1 0 1 0 0 0 0 0 0 0 2 1 0 1 0 1 0 2 0 0 0 2 0 0 1 0 0 0 0 1 0 1 0 0 1 0 0 0 0 0 1 0 0 1 2 1 1 1 0 1
geno chr6.31027337 yri  2 0 1 0 0 0 0 1 1 0 0 0 1 0 0 1 0 1 0 0 1 2 0 0 0 1 1 0 1 1 0 0 0 0 1 1 1 0 0 0 0 0 0 0 0 1 1 0 0 1 0 0 0 0 1 0 1 0 0 1 0 0 1 1 0 0 0 0 0 1 0 0 0 0 0 0 1
geno chr6.31027393 ceu  0 1 0 0 0 0 0 0 1 0 1 0 0 2 0 0 0 0 0 0 0 0 0 0 0 0 0 1 1 0 0 0 1 0 0 0 2 1 1 0 0 0 0 0 0 0 0 0 1 0 0 0 1 0 0 0 1 0 0 0 0 0 0 1 0 0 0 0 0 0 1 0 0 0 0 1 0 0
geno chr6.31027393 fin  0 0 1 0 0 0 0 0 0 0 0 0 1 1 0 0 0 1 0 0 0 0 0 0 0 1 0 0 0 0 0 1 0 0 0 0 0 0 1 1 0 0 1 1 0 0 0 0 0 0 0 0 0 0 0 0 0 0 0 0 0 0 0 2 0 0 1 1 0 0 0 0 0 0 0 1 0 0 1 0 1 0 1 1 0 0 0 0 0
geno chr6.31027393 gbr  0 1 0 0 0 0 0 0 0 0 0 1 2 0 0 0 0 1 0 0 1 0 1 1 1 1 1 0 0 0 1 0 0 0 0 0 0 0 0 0 0 0 0 0 0 0 1 1 0 1 0 0 1 0 0 1 0 0 0 0 1 0 0 0 0 0 0 0 0 0 0 1 0 1 0 0 0 2 0 1 0 0 0 1
geno chr6.31027393 tsi  0 0 0 0 1 0 0 0 0 0 1 1 0 0 0 0 1 1 1 0 0 1 0 0 0 1 0 1 0 0 0 1 0 0 1 0 1 1 1 0 1 0 1 0 1 1 2 0 1 0 0 1 0 1 0 0 0 0 0 0 0 0 2 0 2 0 0 2 1 1 0 0 0 1 0 0 0 1 0 1 1 0 1 1 1 1 0 0 0 1 1 0
geno chr6.31027393 yri  0 0 0 2 0 2 0 1 0 1 0 1 1 0 1 0 1 1 1 2 1 0 0 2 2 1 1 0 0 1 1 1 0 0 0 1 0 0 1 1 2 0 1 1 0 1 1 0 0 0 1 0 0 1 0 1 1 1 0 1 1 0 1 0 1 1 0 1 0 1 0 1 1 0 2 1 1
geno chr6.31027508 ceu  0 1 0 0 0 0 0 0 1 0 1 0 0 2 0 0 0 0 0 0 0 0 0 0 0 0 0 1 1 0 0 0 1 0 0 0 2 1 1 0 0 0 0 0 0 0 0 0 1 0 0 0 1 0 0 0 1 0 0 0 0 0 0 1 0 0 0 0 0 0 1 0 0 0 0 1 0 0
geno chr6.31027508 fin  0 0 1 0 0 0 0 0 0 0 0 0 1 1 0 0 0 1 0 0 0 0 0 0 0 1 0 0 0 0 0 1 0 0 0 0 0 0 1 1 0 0 1 1 0 0 0 0 0 0 0 0 0 0 0 0 0 0 0 0 0 0 0 2 0 0 1 1 0 0 0 0 0 0 0 1 0 0 1 0 1 0 1 1 0 0 0 0 0
geno chr6.31027508 gbr  0 1 0 0 0 0 0 0 0 0 0 1 2 0 0 0 0 1 0 0 1 0 1 1 1 1 1 0 0 0 1 0 0 0 0 0 0 0 0 0 0 0 0 0 0 0 1 1 0 1 0 0 1 0 0 1 0 0 0 0 1 0 0 0 0 0 0 0 0 0 0 1 0 1 0 0 0 2 0 1 0 0 0 1
geno chr6.31027508 tsi  0 0 0 0 1 0 0 0 0 0 1 1 0 0 0 0 1 1 1 0 0 1 0 0 0 1 0 1 0 0 0 1 0 0 1 0 1 1 1 0 1 0 1 0 1 1 2 0 1 0 0 1 0 1 0 0 0 0 0 0 0 0 2 0 2 0 0 2 1 1 0 0 0 1 0 0 0 1 0 1 1 0 1 1 1 1 0 0 0 1 1 0
geno chr6.31027508 yri  0 0 0 2 0 2 0 1 0 1 0 1 1 0 1 0 1 1 1 2 1 0 0 2 2 1 1 0 0 1 1 1 0 0 0 1 0 0 1 1 2 0 1 1 0 1 1 0 0 0 1 0 0 1 0 1 1 1 0 1 1 0 1 0 1 1 0 1 0 1 0 1 1 0 2 1 1
geno chr6.31027510 ceu  1 0 1 0 0 1 0 0 1 1 0 0 1 0 0 1 0 1 0 1 1 1 0 1 1 0 0 0 1 1 2 1 1 0 1 1 0 0 0 0 0 0 1 0 0 0 0 1 0 0 1 0 1 0 1 0 0 2 0 0 0 0 0 0 0 2 0 0 1 1 0 0 0 0 1 1 1 0
geno chr6.31027510 fin  1 0 1 1 0 0 1 1 2 0 1 0 0 0 0 1 0 0 1 0 0 1 1 1 2 0 1 1 2 0 0 0 0 2 0 1 1 1 0 0 1 0 0 1 1 0 1 1 1 0 1 1 1 1 1 0 2 0 0 1 1 0 1 0 0 1 0 1 0 0 1 1 1 1 2 1 0 1 0 0 0 0 0 0 0 0 1 0 1
geno chr6.31027510 gbr  1 0 0 0 0 1 0 1 1 1 1 0 0 0 0 0 0 1 0 0 0 1 0 1 0 0 0 1 1 0 1 1 0 1 1 1 0 1 0 0 1 1 0 1 0 0 1 0 1 0 0 1 1 0 2 1 1 1 1 1 0 1 0 0 0 2 0 2 0 0 0 0 0 0 1 0 0 0 0 1 0 1 0 1
geno chr6.31027510 tsi  1 2 0 1 0 0 1 0 0 1 0 0 1 1 1 0 1 0 0 0 0 1 0 0 2 0 1 0 0 0 1 0 1 1 0 1 1 0 0 0 0 0 1 0 1 0 0 0 0 0 0 0 2 0 0 1 0 1 0 2 0 0 0 1 0 0 1 0 0 0 0 1 0 1 0 0 1 0 0 0 0 0 1 0 0 1 2 1 1 1 0 1
geno chr6.31027510 yri  2 0 1 0 0 0 0 1 1 0 0 0 1 0 0 1 0 1 0 0 1 2 0 0 0 1 1 0 1 1 0 0 0 0 1 1 1 0 0 0 0 0 0 0 0 1 1 0 0 1 0 0 0 0 1 0 1 0 2 1 0 0 1 1 0 0 0 0 1 1 0 0 0 0 0 0 1
geno chr6.31027516 ceu  0 1 0 0 0 0 0 0 1 0 1 0 0 1 0 0 0 0 0 0 0 0 0 0 0 0 0 1 1 0 0 0 1 0 0 0 2 1 0 0 0 0 0 0 0 0 0 0 1 0 0 0 1 0 0 0 1 0 0 0 0 0 0 1 0 0 0 0 0 0 1 0 0 0 0 0 0 0
geno chr6.31027516 fin  0 0 1 0 0 0 0 0 0 0 0 0 1 1 0 0 0 1 0 0 0 0 0 0 0 1 0 0 0 0 0 1 0 0 0 0 0 0 1 1 0 0 1 1 0 0 0 0 0 0 0 0 0 0 0 0 0 0 0 0 0 0 0 1 0 0 1 1 0 0 0 0 0 0 0 1 0 0 1 0 1 0 0 1 0 0 0 0 0
geno chr6.31027516 gbr  0 1 0 0 0 0 0 0 0 0 0 1 1 0 0 0 0 1 0 0 0 0 1 1 1 1 1 0 0 0 1 0 0 0 0 0 0 0 0 0 0 0 0 0 0 0 1 0 0 1 0 0 1 0 0 1 0 0 0 0 0 0 0 0 0 0 0 0 0 0 0 1 0 0 0 0 0 2 0 1 0 0 0 1
geno chr6.31027516 tsi  0 0 0 0 1 0 0 0 0 0 0 1 0 0 0 0 1 0 1 0 0 1 0 0 0 1 0 0 0 0 0 0 0 0 1 0 1 0 1 0 1 0 1 0 1 0 2 0 1 0 0 1 0 1 0 0 0 0 0 0 0 0 1 0 2 0 0 2 0 1 0 0 0 1 0 0 0 1 0 1 1 0 1 1 1 1 0 0 0 1 1 0
geno chr6.31027516 yri  0 0 0 2 0 2 0 1 0 1 0 1 0 0 0 0 1 1 1 1 1 0 0 2 2 1 1 0 0 1 1 1 0 0 0 1 0 0 1 0 2 0 1 1 0 1 1 0 0 0 1 0 0 1 0 1 1 1 0 0 1 0 1 0 1 0 0 1 0 1 0 1 1 0 2 1 1
geno chr6.31027668 ceu  1 1 1 0 0 1 0 0 2 1 1 0 1 2 0 1 0 1 0 0 1 1 0 1 1 0 0 1 2 0 2 1 2 0 1 1 2 1 1 0 0 0 1 0 0 0 0 1 1 0 1 0 2 0 1 0 1 2 0 0 0 0 0 1 0 2 0 0 1 0 1 0 0 0 1 2 1 0
geno chr6.31027668 fin  1 0 2 1 0 0 1 1 2 0 1 0 1 1 0 1 1 1 1 0 0 1 1 1 2 1 1 1 2 0 0 1 0 2 0 1 1 1 1 1 1 0 1 2 1 0 1 1 1 0 1 1 1 1 1 0 2 0 0 1 1 0 1 2 0 0 0 2 1 0 1 0 0 1 1 2 0 1 1 0 1 0 1 1 0 0 1 1 0
geno chr6.31027668 gbr  1 1 0 0 0 1 0 1 1 1 1 1 2 0 0 0 0 2 0 0 1 1 1 2 1 1 0 0 1 0 2 0 0 2 1 1 0 1 0 0 1 1 0 1 1 1 2 1 1 1 0 1 2 0 2 2 0 1 1 1 1 1 0 0 0 2 0 2 0 0 0 1 0 1 1 0 0 2 0 2 1 1 0 2
geno chr6.31027668 tsi  1 2 0 1 1 0 1 1 0 1 1 1 1 1 1 0 2 1 1 0 0 2 0 0 1 1 1 1 0 0 1 1 1 1 1 1 2 1 1 0 1 0 2 0 2 1 2 0 1 0 0 1 2 1 0 1 0 1 1 2 0 0 2 2 2 0 1 2 1 1 0 1 0 2 0 0 1 1 0 1 1 0 2 1 2 2 2 1 1 2 1 1
geno chr6.31027668 yri  2 1 1 2 0 1 0 2 1 1 0 1 2 1 1 1 1 2 2 2 2 2 0 2 2 2 2 0 1 2 2 2 0 0 2 2 1 0 2 1 2 0 1 1 0 2 2 0 0 1 2 1 1 1 1 1 2 1 0 2 0 0 2 1 1 1 0 1 0 2 0 1 1 0 2 1 2
geno chr6.31027669 ceu  1 1 1 0 0 1 0 0 2 1 1 0 1 2 0 1 0 1 0 1 1 1 1 1 1 0 0 1 2 1 2 1 2 0 1 1 2 1 1 0 0 0 1 0 0 0 0 1 1 0 1 0 2 0 1 0 1 2 0 0 0 0 0 1 0 2 0 0 1 1 1 0 0 0 1 2 1 0
geno chr6.31027669 fin  1 0 2 1 0 0 1 1 2 0 1 0 1 1 0 1 1 1 1 0 0 1 1 1 2 1 1 1 2 0 0 1 0 2 0 1 1 1 1 1 1 0 1 2 1 0 1 1 1 0 1 1 1 1 1 0 2 0 0 1 1 0 1 2 0 0 1 2 0 0 0 0 1 1 2 2 0 1 1 0 1 0 1 1 0 0 1 1 0
geno chr6.31027669 gbr  1 1 0 0 0 1 0 1 1 0 1 1 2 0 0 0 0 2 0 0 1 1 1 2 1 1 0 0 1 0 2 1 0 2 1 1 0 1 0 0 1 1 0 1 1 1 2 1 1 1 0 1 2 0 2 1 0 1 1 1 1 1 0 0 0 2 0 2 0 0 0 1 0 1 1 0 0 2 0 2 1 1 0 2
geno chr6.31027669 tsi  1 2 0 1 1 0 1 1 0 1 1 1 1 1 1 0 2 1 1 0 0 2 0 0 2 1 1 1 0 0 1 1 2 1 1 1 2 1 1 0 1 0 2 0 2 1 2 0 1 0 0 1 2 2 0 1 0 1 2 2 0 0 2 2 2 0 1 2 1 1 0 1 0 2 0 0 1 1 0 1 1 0 2 1 2 2 2 1 1 2 1 1
geno chr6.31027669 yri  2 1 1 2 0 1 0 2 1 1 0 1 2 1 1 1 1 2 2 2 2 2 0 2 2 2 2 0 1 2 0 2 0 0 2 2 1 0 2 1 2 0 1 1 0 2 2 0 0 1 2 1 0 1 1 1 2 1 0 2 0 0 2 1 1 0 0 1 0 2 0 1 1 0 2 1 2
geno chr6.31027703 ceu  1 1 1 0 0 1 0 0 2 1 1 0 1 2 0 1 0 1 0 1 1 1 0 1 1 0 0 1 2 1 2 1 2 0 1 1 2 1 1 1 0 0 1 0 0 0 0 1 1 0 1 0 2 0 1 0 1 2 0 0 0 0 0 1 0 2 0 0 1 1 1 0 0 0 1 2 1 0
geno chr6.31027703 fin  1 0 2 1 0 0 1 1 2 0 1 0 1 1 0 1 0 1 1 0 0 1 1 1 2 1 1 1 2 0 0 1 0 2 0 1 1 1 1 1 1 0 1 2 1 0 1 1 1 0 1 1 1 1 1 0 2 0 0 1 1 0 1 2 0 1 1 2 0 0 1 1 1 1 2 2 0 1 1 0 1 0 1 1 0 0 1 1 1
geno chr6.31027703 gbr  1 1 0 0 0 1 0 1 1 1 1 1 2 0 0 0 0 2 0 0 1 1 1 2 1 1 1 1 1 0 2 1 0 2 1 1 0 1 0 0 1 1 0 1 0 0 2 1 1 1 0 1 2 0 2 2 1 1 1 1 1 1 0 0 0 2 0 2 0 0 0 1 0 1 1 0 0 2 0 2 0 1 0 2
geno chr6.31027703 tsi  1 2 0 1 1 0 1 1 0 1 1 1 1 1 1 0 2 1 1 0 0 2 0 0 2 1 1 1 0 0 1 1 1 1 1 1 2 1 1 0 1 0 2 0 2 1 2 0 1 0 0 1 2 2 0 1 0 1 0 2 0 0 2 2 2 0 1 2 1 1 0 1 0 2 0 0 1 1 0 1 1 0 2 1 1 2 2 1 1 2 1 1
geno chr6.31027703 yri  2 0 1 1 0 2 0 2 1 1 0 0 2 0 1 1 1 2 1 2 2 2 0 2 2 2 2 0 1 2 1 1 0 0 1 2 1 0 1 1 2 0 1 1 0 2 2 0 0 1 1 0 0 1 1 1 2 1 2 2 1 0 2 1 1 1 0 1 1 2 0 1 1 0 2 1 2
geno chr6.31027757 ceu  1 0 1 0 0 1 0 0 1 1 0 0 1 0 0 1 0 1 0 1 1 1 0 1 1 0 0 0 1 1 2 1 1 0 1 1 0 0 0 0 0 0 1 0 0 0 0 1 0 0 1 0 1 0 1 0 0 2 0 0 0 0 0 0 0 2 0 0 1 1 0 0 0 0 1 1 1 0
geno chr6.31027757 fin  1 0 1 1 0 0 1 1 2 0 1 0 0 0 0 1 0 0 1 0 0 1 1 1 2 0 1 1 2 0 0 0 0 2 0 1 1 1 0 0 1 0 0 1 1 0 1 1 1 0 1 1 1 1 1 0 2 0 0 1 1 0 1 0 0 1 0 1 0 0 1 1 1 1 2 1 0 1 0 0 0 0 0 0 0 0 1 1 1
geno chr6.31027757 gbr  1 0 0 0 0 1 0 1 1 1 1 0 0 0 0 0 0 1 0 0 0 1 0 1 0 0 0 1 1 0 1 1 0 2 1 1 0 1 0 0 1 1 0 1 0 0 1 0 1 0 0 1 1 0 2 1 1 1 1 1 0 1 0 0 0 2 0 2 0 0 0 0 0 0 1 0 0 0 0 1 0 1 0 1
geno chr6.31027757 tsi  1 2 0 1 0 0 1 1 0 1 0 0 1 1 1 0 1 0 0 0 0 1 0 0 2 0 1 0 0 0 1 0 1 1 0 1 1 0 0 0 0 0 1 0 1 0 0 0 0 0 0 0 2 1 0 1 0 1 0 2 0 0 0 2 0 0 1 0 0 0 0 1 0 1 0 0 1 0 0 0 0 0 1 0 0 1 2 1 1 1 0 1
geno chr6.31027757 yri  2 0 1 0 0 0 0 1 1 0 0 0 1 0 0 1 0 1 0 0 1 2 0 0 0 1 1 0 1 1 0 1 0 0 1 1 1 0 0 0 1 0 0 0 0 1 1 0 0 1 0 0 0 0 1 0 1 0 2 1 0 0 1 1 0 0 0 0 1 1 0 0 0 0 0 0 1
geno chr6.31027804 ceu  1 0 1 0 0 1 0 0 1 1 0 0 1 0 0 1 0 1 0 1 1 1 0 1 1 0 0 0 1 1 2 1 1 0 1 1 0 0 0 0 0 0 1 0 0 0 0 1 0 0 1 0 1 0 1 0 0 2 0 0 0 0 0 0 0 2 0 0 1 1 0 0 0 0 1 1 1 0
geno chr6.31027804 fin  1 0 1 1 0 0 1 1 2 0 1 0 0 0 0 1 0 0 1 0 0 1 1 1 2 0 1 1 2 0 0 0 0 2 0 1 1 1 0 0 1 0 0 1 1 0 1 1 1 0 1 1 1 1 1 0 2 0 0 1 1 0 1 0 0 0 0 1 0 0 0 0 1 1 2 1 0 1 0 0 0 0 0 0 0 0 1 1 0
geno chr6.31027804 gbr  1 0 0 0 0 1 0 1 1 1 1 0 0 0 0 0 0 1 0 0 0 1 0 1 0 0 0 0 1 0 1 1 0 2 1 1 0 1 0 0 1 1 0 1 0 0 1 0 1 0 0 1 1 0 2 1 0 1 0 1 0 1 0 0 0 2 0 2 0 0 0 0 0 0 1 0 0 0 0 1 0 1 0 1
geno chr6.31027804 tsi  1 2 0 1 0 0 1 1 0 1 0 0 1 1 1 0 1 0 0 0 0 1 0 0 2 0 1 0 0 0 1 0 1 1 0 1 1 0 0 0 0 0 1 0 1 0 0 0 0 0 0 0 2 1 0 1 0 1 0 2 0 0 0 2 0 0 1 0 0 0 0 1 0 1 0 0 1 0 0 0 0 0 1 0 0 1 2 1 1 1 0 1
geno chr6.31027804 yri  2 0 1 0 0 0 0 1 1 0 0 0 1 0 0 1 0 1 0 0 1 2 0 0 0 1 1 0 1 1 0 0 0 0 1 1 1 0 0 0 0 0 0 0 0 1 1 0 0 1 0 0 0 0 1 0 1 0 1 1 0 0 1 1 0 0 0 0 0 1 0 0 0 0 0 0 1
geno chr6.31027941 ceu  0 1 0 0 0 0 0 0 1 0 1 0 0 2 0 0 0 0 0 0 0 0 0 0 0 0 0 1 1 0 0 0 1 0 0 0 2 1 1 0 0 0 0 0 0 0 0 0 1 0 0 0 1 0 0 0 1 0 0 0 0 0 0 1 0 0 0 0 0 0 1 0 0 0 0 1 0 0
geno chr6.31027941 fin  0 0 1 0 0 0 0 0 0 0 0 0 1 1 0 0 0 1 0 0 0 0 0 0 0 1 0 0 0 0 0 1 0 0 0 0 0 0 1 1 0 0 1 1 0 0 0 0 0 0 0 0 0 0 0 0 0 0 0 0 0 0 0 2 0 0 1 1 0 0 0 0 0 0 0 1 0 0 1 0 1 0 1 1 0 0 0 0 0
geno chr6.31027941 gbr  0 1 0 0 0 0 0 0 0 0 0 1 2 0 0 0 0 1 0 0 1 0 1 1 1 1 1 0 0 0 1 0 0 0 0 0 0 0 0 0 0 0 0 0 0 0 1 1 0 1 0 0 1 0 0 1 0 0 0 0 1 0 0 0 0 0 0 0 0 0 0 1 0 1 0 0 0 2 0 1 0 0 0 1
geno chr6.31027941 tsi  0 0 0 0 1 0 0 0 0 0 1 1 0 0 0 0 1 1 1 0 0 1 0 0 0 1 0 1 0 0 0 1 0 0 1 0 1 1 1 0 1 0 1 0 1 1 2 0 1 0 0 1 0 1 0 0 0 0 0 0 0 0 2 0 2 0 0 2 1 1 0 0 0 1 0 0 0 1 0 1 1 0 1 1 1 1 0 0 0 1 1 0
geno chr6.31027941 yri  0 0 0 2 0 2 0 1 0 1 0 1 1 0 1 0 1 1 1 2 1 0 0 2 2 1 1 0 0 1 1 1 0 0 0 1 0 0 1 1 2 0 1 1 0 1 1 0 0 0 1 0 0 1 0 1 1 1 0 1 1 0 1 0 1 1 0 1 0 1 0 1 1 0 2 1 1
geno chr6.31028112 ceu  0 0 0 0 0 0 0 0 0 0 1 0 0 0 0 0 0 0 0 0 0 0 0 0 0 0 0 1 1 0 0 0 0 0 0 0 0 0 0 0 0 0 0 0 0 0 0 0 1 0 0 0 0 0 0 0 0 0 0 0 0 0 0 0 0 0 0 0 0 0 1 0 0 0 0 0 0 0
geno chr6.31028112 fin  0 0 1 0 0 0 0 0 0 0 0 0 0 1 0 0 0 1 0 0 0 0 0 0 0 0 0 0 0 0 0 0 0 0 0 0 0 0 1 0 0 0 1 0 0 0 0 0 0 0 0 0 0 0 0 0 0 0 0 0 0 0 0 0 0 0 1 0 0 0 0 0 0 0 0 1 0 0 0 0 1 0 0 0 0 0 0 0 0
geno chr6.31028112 gbr  0 0 0 0 0 0 0 0 0 0 0 0 0 0 0 0 0 1 0 0 0 0 1 0 1 1 0 0 0 0 0 0 0 0 0 0 0 0 0 0 0 0 0 0 0 0 1 0 0 0 0 0 0 0 0 1 0 0 0 0 0 0 0 0 0 0 0 0 0 0 0 1 0 0 0 0 0 0 0 0 0 0 0 0
geno chr6.31028112 tsi  0 0 0 0 1 0 0 0 0 0 0 0 0 0 0 0 0 0 0 0 0 0 0 0 0 1 0 0 0 0 0 0 0 0 0 0 0 0 1 0 1 0 0 0 1 0 1 0 0 0 0 0 0 0 0 0 0 0 0 0 0 0 0 0 1 0 0 2 0 0 0 0 0 0 0 0 0 0 0 0 1 0 1 1 1 1 0 0 0 0 1 0
geno chr6.31028112 yri  0 0 0 0 0 0 0 0 0 0 0 0 0 0 0 0 0 0 0 0 0 0 0 0 0 0 0 0 0 0 0 0 0 0 0 0 0 0 0 0 0 0 0 0 0 0 0 0 0 0 0 0 0 0 0 0 0 0 0 0 0 0 0 0 0 0 0 0 0 0 0 0 0 0 0 0 0
geno chr6.31028345 ceu  0 1 0 0 0 0 0 0 1 0 1 0 0 2 0 0 0 0 0 0 0 0 0 0 0 0 0 1 1 0 0 0 1 0 0 0 2 1 1 0 0 0 0 0 0 0 0 0 1 0 0 0 1 0 0 0 1 0 0 0 0 0 0 1 0 0 0 0 0 0 1 0 0 0 0 1 0 0
geno chr6.31028345 fin  0 0 1 0 0 0 0 0 0 0 0 0 1 1 0 0 0 1 0 0 0 0 0 0 0 1 0 0 0 0 0 1 0 0 0 0 0 0 1 1 0 0 1 1 0 0 0 0 0 0 0 0 0 0 0 0 0 0 0 0 0 0 0 2 0 0 1 1 0 0 0 0 0 0 0 1 0 0 1 0 1 0 1 1 0 0 0 0 0
geno chr6.31028345 gbr  0 1 0 0 0 0 0 0 0 0 0 1 2 0 0 0 0 1 0 0 1 0 1 1 1 1 1 0 0 0 1 0 0 0 0 0 0 0 0 0 0 0 0 0 0 0 1 1 0 1 0 0 1 0 0 1 0 0 0 0 1 0 0 0 0 0 0 0 0 0 0 1 0 1 0 0 0 2 0 1 0 0 0 1
geno chr6.31028345 tsi  0 0 0 0 1 0 0 0 0 0 1 1 0 0 0 0 1 1 1 0 0 1 0 0 0 1 0 1 0 0 0 1 0 0 1 0 1 1 1 0 1 0 1 0 1 1 2 0 1 0 0 1 0 1 0 0 0 0 0 0 0 0 2 0 2 0 0 2 1 1 0 0 0 1 0 0 0 1 0 1 1 0 1 1 1 1 0 0 0 1 1 0
geno chr6.31028345 yri  0 0 0 2 0 2 0 1 0 1 0 1 1 0 1 0 1 1 1 2 1 0 0 2 2 1 1 0 0 1 1 1 0 0 0 1 0 0 1 1 2 0 1 1 0 1 1 0 0 0 1 0 0 1 0 1 1 1 0 1 1 0 1 0 1 1 0 1 0 1 0 1 1 0 2 1 1
geno chr6.31028750 ceu  0 1 0 0 0 0 0 0 1 0 1 0 0 2 0 0 0 0 0 0 0 0 0 0 0 0 0 1 1 0 0 0 1 0 0 0 2 1 1 0 0 0 0 0 0 0 0 0 1 0 0 0 0 0 0 0 1 0 0 0 0 0 0 1 0 0 0 0 0 0 1 0 0 0 0 1 0 0
geno chr6.31028750 fin  0 0 1 0 0 0 0 0 0 0 0 0 1 1 0 0 0 1 0 0 0 0 0 0 0 1 0 0 0 0 0 1 0 0 0 0 0 0 1 1 0 0 1 1 0 0 0 0 0 0 0 0 0 0 0 0 0 0 0 0 0 0 0 2 0 0 0 1 0 0 0 0 0 0 0 1 0 0 1 0 1 0 1 1 0 0 0 0 0
geno chr6.31028750 gbr  1 1 0 0 0 0 0 0 0 0 0 1 2 0 0 0 0 1 0 0 1 0 1 1 1 1 1 0 0 0 1 0 0 0 0 0 0 0 0 0 0 0 0 0 0 0 1 1 0 1 0 0 1 0 0 1 0 0 0 0 1 0 0 0 0 0 0 0 0 0 0 1 0 1 0 0 0 2 0 1 0 0 0 1
geno chr6.31028750 tsi  0 0 0 0 1 0 0 0 0 0 1 1 0 0 0 0 1 1 0 0 0 1 0 0 0 1 0 1 0 0 0 1 0 0 1 0 1 1 1 0 1 0 1 0 1 1 2 0 1 0 0 1 0 1 0 0 0 0 0 0 0 0 2 0 2 0 0 2 1 1 0 0 0 1 0 0 0 1 0 1 1 0 1 1 1 1 0 0 0 0 1 0
geno chr6.31028750 yri  0 0 0 2 0 2 0 1 0 1 0 1 1 0 1 0 1 1 1 2 1 0 0 2 2 1 1 0 0 1 1 1 0 0 0 1 0 0 1 1 2 0 1 1 0 1 1 0 0 0 1 0 0 1 0 1 1 1 0 1 1 0 1 0 1 1 0 1 0 1 0 1 1 0 2 1 1
geno chr6.31028914 ceu  0 1 0 0 0 0 0 0 0 0 0 0 0 0 0 0 0 0 0 0 0 0 0 0 0 0 0 0 0 0 0 0 0 0 0 0 0 0 0 0 0 0 0 0 0 0 0 0 0 0 0 0 1 0 0 0 1 0 0 0 0 0 0 1 0 0 0 0 0 0 0 0 0 0 0 0 0 0
geno chr6.31028914 fin  0 0 0 0 0 0 0 0 0 0 0 0 0 0 0 0 0 0 0 0 0 0 0 0 0 1 0 0 0 0 0 0 0 0 0 0 0 0 0 1 0 0 0 0 0 0 0 0 0 0 0 0 0 0 0 0 0 0 0 0 0 0 0 1 0 0 0 1 0 0 0 0 0 0 0 0 0 0 0 0 0 0 0 1 0 0 0 0 0
geno chr6.31028914 gbr  0 0 0 0 0 0 0 0 0 0 0 0 0 0 0 0 0 0 0 0 0 0 0 0 0 0 0 0 0 0 0 0 0 0 0 0 0 0 0 0 0 0 0 0 0 0 0 0 0 1 0 0 0 0 0 0 0 0 0 0 0 0 0 0 0 0 0 0 0 0 0 0 0 0 0 0 0 2 0 1 0 0 0 0
geno chr6.31028914 tsi  0 0 0 0 0 0 0 0 0 0 0 0 0 0 0 0 0 0 1 0 0 1 0 0 0 0 0 0 0 0 0 0 0 0 0 0 0 0 0 0 0 0 0 0 0 0 0 0 1 0 0 1 0 1 0 0 0 0 0 0 0 0 1 0 1 0 0 0 0 0 0 0 0 1 0 0 0 0 0 1 0 0 0 0 0 0 0 0 0 1 0 0
geno chr6.31028914 yri  0 0 0 0 0 1 0 0 0 0 0 0 0 0 0 0 1 0 0 0 0 0 0 0 0 0 1 0 0 0 0 0 0 0 0 1 0 0 0 0 1 0 1 0 0 0 1 0 0 0 1 0 0 1 0 0 1 1 0 0 0 0 0 0 0 0 0 1 0 0 0 0 1 0 1 1 0
geno chr6.31028920 ceu  1 1 1 0 0 1 0 0 2 1 1 0 1 2 0 1 0 1 0 1 1 1 0 1 1 0 0 1 2 1 2 1 2 0 1 1 2 1 1 0 0 0 1 0 0 0 0 1 1 0 1 0 2 0 1 0 1 2 0 0 0 0 0 1 0 2 0 0 1 1 1 0 0 0 1 2 1 0
geno chr6.31028920 fin  1 0 2 1 0 0 1 1 2 0 1 0 1 1 0 1 1 1 1 0 0 1 1 1 2 1 1 1 2 0 0 1 0 2 0 1 1 1 1 1 1 0 1 2 1 0 1 1 1 0 1 1 1 1 1 0 2 0 0 1 1 0 1 2 0 1 1 2 0 0 1 1 1 1 2 2 0 1 1 0 1 0 1 1 0 0 1 1 1
geno chr6.31028920 gbr  1 1 0 0 0 1 0 1 1 1 1 1 2 0 0 0 0 2 0 0 1 1 1 2 1 1 1 1 1 0 2 1 0 2 1 1 0 1 0 0 1 1 0 1 1 1 2 1 1 1 0 1 2 0 2 2 1 1 1 1 1 1 0 0 0 2 0 2 0 0 0 1 0 1 1 0 0 2 0 2 1 1 0 2
geno chr6.31028920 tsi  1 2 0 1 1 0 1 1 0 1 1 1 1 1 1 0 2 1 1 0 0 2 0 0 2 1 1 1 0 0 1 1 2 1 1 1 2 1 1 0 1 0 2 0 2 1 2 0 1 0 0 1 2 2 0 1 0 1 2 2 0 0 2 2 2 0 1 2 1 1 0 1 0 2 0 0 1 1 0 1 1 0 2 1 2 2 2 1 1 2 1 1
geno chr6.31028920 yri  2 1 1 2 0 2 0 2 1 1 0 1 2 1 1 1 1 2 2 2 2 2 0 2 2 2 2 0 1 2 2 2 0 0 2 2 1 0 2 1 2 0 1 1 0 2 2 0 0 1 2 1 1 1 1 1 2 1 2 2 1 0 2 1 1 1 0 1 1 2 0 1 1 0 2 1 2
geno chr6.31029126 ceu  1 0 1 0 0 1 0 0 1 1 0 0 1 0 0 1 0 1 0 1 1 1 0 1 1 0 0 0 1 1 2 1 1 0 1 1 0 0 0 0 0 0 1 0 0 0 0 1 0 0 1 0 1 0 1 0 0 2 0 0 0 0 0 0 0 2 0 0 1 1 0 0 0 0 1 1 1 0
geno chr6.31029126 fin  1 0 1 1 0 0 1 1 2 0 1 0 0 0 0 1 0 0 1 0 0 1 1 1 2 0 1 1 2 0 0 0 0 2 0 1 1 1 0 0 1 0 0 1 1 0 1 1 1 0 1 1 1 1 1 0 2 0 0 1 1 0 1 0 0 0 0 1 0 0 0 0 1 1 2 1 0 1 0 0 0 0 0 0 0 0 1 1 0
geno chr6.31029126 gbr  1 0 0 0 0 1 0 1 1 1 1 0 0 0 0 0 0 1 0 0 0 1 0 1 0 0 0 0 1 0 1 1 0 2 1 1 0 1 0 0 1 1 0 1 0 0 1 0 1 0 0 1 1 0 2 1 1 1 1 1 0 1 0 0 0 2 0 2 0 0 0 0 0 0 1 0 0 0 0 1 0 1 0 1
geno chr6.31029126 tsi  1 2 0 1 0 0 1 1 0 1 0 0 1 1 1 0 1 0 0 0 0 1 0 0 2 0 1 0 0 0 1 0 1 1 0 1 1 0 0 0 0 0 1 0 1 0 0 0 0 0 0 0 2 1 0 1 0 1 0 2 0 0 0 2 0 0 1 0 0 0 0 1 0 1 0 0 1 0 0 0 0 0 1 0 0 1 2 1 1 1 0 1
geno chr6.31029126 yri  2 0 1 0 0 0 0 1 1 0 0 0 1 0 0 1 0 1 0 0 1 2 0 0 0 1 2 0 1 1 0 0 0 0 1 1 1 0 0 0 0 0 0 0 0 1 1 0 0 1 0 0 0 0 1 0 1 0 1 1 0 0 1 1 0 0 0 0 0 1 0 0 0 0 0 0 1
geno chr6.31029152 ceu  0 0 0 0 0 0 0 0 0 0 1 0 0 0 0 0 0 0 0 0 0 0 0 0 0 0 0 1 1 0 0 0 0 0 0 0 0 0 0 0 0 0 0 0 0 0 0 0 1 0 0 0 0 0 0 0 0 0 0 0 0 0 0 0 0 0 0 0 0 0 1 0 0 0 0 0 0 0
geno chr6.31029152 fin  0 0 1 0 0 0 0 0 0 0 0 0 0 1 0 0 0 1 0 0 0 0 0 0 0 0 0 0 0 0 0 0 0 0 0 0 0 0 0 0 0 0 1 0 0 0 0 0 0 0 0 0 0 0 0 0 0 0 0 0 0 0 0 0 0 0 1 0 0 0 0 0 0 0 0 1 0 0 0 0 0 0 0 0 0 0 0 0 0
geno chr6.31029152 gbr  0 0 0 0 0 0 0 0 0 0 0 0 0 0 0 0 0 1 0 0 0 0 1 0 1 1 0 0 0 0 0 0 0 0 0 0 0 0 0 0 0 0 0 0 0 0 1 0 0 0 0 0 0 0 0 1 0 0 0 0 0 0 0 0 0 0 0 0 0 0 0 1 0 0 0 0 0 0 0 0 0 0 0 0
geno chr6.31029152 tsi  0 0 0 0 1 0 0 0 0 0 0 0 0 0 0 0 0 0 0 0 0 0 0 0 0 1 0 0 0 0 0 0 0 0 0 0 0 0 1 0 1 0 0 0 0 0 1 0 0 0 0 0 0 0 0 0 0 0 0 0 0 0 0 0 1 0 0 2 0 0 0 0 0 0 0 0 0 0 0 0 1 0 1 1 1 1 0 0 0 0 1 0
geno chr6.31029152 yri  0 0 0 0 0 0 0 0 0 0 0 0 0 0 0 0 0 0 0 0 0 0 0 0 0 0 0 0 0 0 0 0 0 0 0 0 0 0 0 0 0 0 0 0 0 0 0 0 0 0 0 0 0 0 0 0 0 0 0 0 0 0 0 0 0 0 0 0 0 0 0 0 0 0 0 0 0
geno chr6.31029173 ceu  1 0 1 0 0 1 0 0 1 1 0 0 1 0 0 1 0 1 0 1 1 1 0 1 1 0 0 0 1 1 2 1 1 0 1 1 0 0 0 0 0 0 1 0 0 0 0 1 0 0 1 0 1 0 1 0 0 2 0 0 0 0 0 0 0 2 0 0 1 1 0 0 0 0 1 1 1 0
geno chr6.31029173 fin  1 0 1 1 0 0 1 1 2 0 1 0 0 0 0 1 0 0 1 0 0 1 1 1 2 0 1 1 2 0 0 0 0 2 0 1 1 1 0 0 1 0 0 1 1 0 1 1 1 0 1 1 1 1 1 0 2 0 0 1 1 0 1 0 0 1 0 1 0 0 1 1 1 1 2 1 0 1 0 0 0 0 0 0 0 0 1 1 1
geno chr6.31029173 gbr  1 0 0 0 0 1 0 1 1 1 1 0 0 0 0 0 0 1 0 0 0 1 0 1 0 0 0 1 1 0 1 1 0 2 1 1 0 1 0 0 1 1 0 1 0 0 1 0 1 0 0 1 1 0 2 1 1 1 1 1 0 1 0 0 0 2 0 2 0 0 0 0 0 0 1 0 0 0 0 1 0 1 0 1
geno chr6.31029173 tsi  1 2 0 1 0 0 1 1 0 1 0 0 1 1 1 0 1 0 0 0 0 1 0 0 2 0 1 0 0 0 1 0 1 1 0 1 1 0 0 0 0 0 1 0 1 0 0 0 0 0 0 0 2 1 0 1 0 1 0 2 0 0 0 2 0 0 1 0 0 0 0 1 0 1 0 0 1 0 0 0 0 0 1 0 0 1 2 1 1 1 0 1
geno chr6.31029173 yri  2 0 1 0 0 0 0 1 1 0 0 0 1 0 0 1 0 1 0 0 1 2 0 0 0 1 1 0 1 1 0 0 0 0 1 1 1 0 0 0 0 0 0 0 0 1 1 0 0 1 0 0 0 0 1 0 1 0 2 1 0 0 1 1 0 0 0 0 1 1 0 0 0 0 0 0 1
geno chr6.31029258 ceu  0 1 0 0 0 0 0 0 1 0 1 0 1 2 0 1 0 1 0 0 0 0 0 0 0 0 0 1 1 0 0 0 1 0 0 0 2 1 1 0 0 0 1 0 0 0 0 0 1 0 0 0 1 0 0 0 1 0 0 0 0 0 0 1 0 0 0 0 0 0 1 0 0 0 0 1 0 1
geno chr6.31029258 fin  0 0 1 0 0 0 0 0 0 0 0 0 1 1 0 0 0 1 0 0 0 0 0 0 0 1 0 0 0 0 0 2 0 0 0 0 0 0 1 1 0 1 1 1 0 0 0 0 0 0 1 0 0 0 0 0 0 0 0 0 0 0 0 2 0 1 1 1 0 0 0 0 0 0 0 1 0 0 1 0 1 0 1 1 0 1 0 0 0
geno chr6.31029258 gbr  0 1 0 0 0 0 0 0 0 0 0 1 2 0 0 0 0 1 0 0 1 0 1 1 1 1 1 0 0 0 1 0 0 0 0 0 0 0 0 0 0 0 0 0 0 0 1 1 0 1 0 0 1 0 0 1 0 0 0 0 1 0 0 1 0 0 0 0 0 0 0 1 0 1 0 0 0 2 0 1 0 0 0 1
geno chr6.31029258 tsi  0 0 0 0 1 0 0 0 0 0 1 1 0 0 0 0 1 1 1 0 0 1 0 0 0 1 0 1 0 0 0 1 0 0 1 0 1 1 1 0 1 0 1 0 1 1 2 0 1 0 0 1 0 1 0 0 0 0 0 0 0 0 2 0 2 0 0 2 1 1 0 0 0 1 0 0 0 1 0 1 1 0 1 1 1 1 0 0 0 1 1 0
geno chr6.31029258 yri  0 0 0 2 0 2 0 1 0 1 0 1 1 0 1 0 1 1 1 2 1 0 0 2 2 1 1 0 0 1 1 1 0 0 0 1 0 0 1 1 2 0 1 1 0 1 1 0 0 0 1 0 0 1 0 1 1 1 0 1 1 0 1 0 1 1 0 1 0 1 0 1 1 0 2 1 1
geno chr6.31029282 ceu  0 0 0 0 0 0 0 0 0 0 0 0 0 1 0 0 0 0 0 0 0 0 0 0 0 0 0 0 0 0 0 0 1 0 0 0 2 1 0 0 0 0 0 0 0 0 0 0 0 0 0 0 0 0 0 0 0 0 0 0 0 0 0 0 0 0 0 0 0 0 0 0 0 0 0 0 0 0
geno chr6.31029282 fin  0 0 0 0 0 0 0 0 0 0 0 0 1 0 0 0 0 0 0 0 0 0 0 0 0 0 0 0 0 0 0 1 0 0 0 0 0 0 0 0 0 0 0 1 0 0 0 0 0 0 0 0 0 0 0 0 0 0 0 0 0 0 0 0 0 0 0 0 0 0 0 0 0 0 0 0 0 0 1 0 0 0 0 0 0 0 0 0 0
geno chr6.31029282 gbr  0 1 0 0 0 0 0 0 0 0 0 0 1 0 0 0 0 0 0 0 0 0 0 1 0 0 1 0 0 0 1 0 0 0 0 0 0 0 0 0 0 0 0 0 0 0 0 0 0 0 0 0 1 0 0 0 0 0 0 0 0 0 0 0 0 0 0 0 0 0 0 0 0 0 0 0 0 0 0 0 0 0 0 1
geno chr6.31029282 tsi  0 0 0 0 0 0 0 0 0 0 0 0 0 0 0 0 0 0 0 0 0 0 0 0 0 0 0 0 0 0 0 0 0 0 1 0 1 0 0 0 0 0 0 0 0 0 0 0 0 0 0 0 0 0 0 0 0 0 0 0 0 0 0 0 0 0 0 0 0 1 0 0 0 0 0 0 0 0 0 0 0 0 0 0 0 0 0 0 0 0 0 0
geno chr6.31029282 yri  0 0 0 2 0 1 0 1 0 1 0 1 0 0 0 0 0 1 1 1 0 0 0 2 2 1 0 0 0 1 0 1 0 0 0 0 0 0 0 0 1 0 0 1 0 1 0 0 0 0 0 0 0 0 0 1 0 0 0 0 1 0 1 0 1 0 0 0 0 1 0 1 0 0 1 0 1
geno chr6.31029342 ceu  1 0 1 0 0 1 0 0 1 1 0 0 1 0 0 1 0 1 0 1 1 1 0 1 1 0 0 0 1 1 2 1 1 0 1 1 0 0 0 0 0 0 1 0 0 0 0 1 0 0 1 0 1 0 1 0 0 2 0 0 0 0 0 0 0 2 0 0 1 1 0 0 0 0 1 1 1 0
geno chr6.31029342 fin  1 0 1 1 0 0 1 1 2 0 1 0 0 0 0 1 0 0 1 0 0 1 1 1 2 0 1 1 2 0 0 0 0 2 0 1 1 1 0 0 1 0 0 1 1 0 1 1 1 0 1 1 1 1 1 0 2 0 0 1 1 0 1 0 0 1 0 1 0 0 1 1 1 1 2 1 0 1 0 0 0 0 0 0 0 0 1 1 1
geno chr6.31029342 gbr  1 0 0 0 0 1 0 1 1 1 1 0 0 0 0 0 0 1 0 0 0 1 0 1 0 0 0 1 1 0 1 1 0 2 1 1 0 1 0 0 1 1 0 1 0 0 1 0 1 0 0 1 1 0 2 1 1 1 1 1 0 1 0 0 0 2 0 2 0 0 0 0 0 0 1 0 0 0 0 1 0 1 0 1
geno chr6.31029342 tsi  1 2 0 1 0 0 1 1 0 1 0 0 1 1 1 0 1 0 0 0 0 1 0 0 2 0 1 0 0 0 1 0 1 1 0 1 1 0 0 0 0 0 1 0 1 0 0 0 0 0 0 0 2 1 0 1 0 1 0 2 0 0 0 2 0 0 1 0 0 0 0 1 0 1 0 0 1 0 0 0 0 0 1 0 0 1 2 1 1 1 0 1
geno chr6.31029342 yri  2 0 1 0 0 0 0 1 1 0 0 0 1 0 0 1 0 1 0 0 1 2 0 0 0 1 1 0 1 1 0 0 0 0 1 1 1 0 0 0 0 0 0 0 0 1 1 0 0 1 0 0 0 0 1 0 1 0 2 1 0 0 1 1 0 0 0 0 1 1 0 0 0 0 0 0 1
geno chr6.31029401 ceu  0 1 0 0 0 0 0 0 1 0 1 0 0 2 0 0 0 0 0 0 0 0 0 0 0 0 0 1 1 0 0 0 1 0 0 0 2 1 1 0 0 0 0 0 0 0 0 0 1 0 0 0 1 0 0 0 1 0 0 0 0 0 0 1 0 0 0 0 0 0 1 0 0 0 0 1 0 0
geno chr6.31029401 fin  0 0 1 0 0 0 0 0 0 0 0 0 1 1 0 0 0 1 0 0 0 0 0 0 0 1 0 0 0 0 0 1 0 0 0 0 0 0 1 1 0 0 1 1 0 0 0 0 0 0 0 0 0 0 0 0 0 0 0 0 0 0 0 2 0 0 1 1 0 0 0 0 0 0 0 1 0 0 1 0 1 0 1 1 0 0 0 0 0
geno chr6.31029401 gbr  0 1 0 0 0 0 0 0 0 0 0 1 2 0 0 0 0 1 0 0 1 0 1 1 1 1 1 0 0 0 1 0 0 0 0 0 0 0 0 0 0 0 0 0 0 0 1 1 0 1 0 0 1 0 0 1 0 0 0 0 1 0 0 0 0 0 0 0 0 0 0 1 0 1 0 0 0 2 0 1 0 0 0 1
geno chr6.31029401 tsi  0 0 0 0 1 0 0 0 0 0 1 1 0 0 0 0 1 1 1 0 0 1 0 0 0 1 0 1 0 0 0 1 0 0 1 0 1 1 1 0 1 0 1 0 1 1 2 0 1 0 0 1 0 1 0 0 0 0 0 0 0 0 2 0 2 0 0 2 1 1 0 0 0 1 0 0 0 1 0 1 1 0 1 1 1 1 0 0 0 1 1 0
geno chr6.31029401 yri  0 0 0 2 0 2 0 1 0 1 0 1 1 0 1 0 1 1 1 2 1 0 0 2 2 1 1 0 0 1 1 1 0 0 0 1 0 0 1 1 2 0 1 1 0 1 1 0 0 0 1 0 0 1 0 1 1 1 0 1 1 0 1 0 1 1 0 1 0 1 0 1 1 0 2 1 1
geno chr6.31029455 ceu  1 0 1 0 0 1 0 0 1 1 0 0 1 0 0 1 0 1 0 1 1 1 0 1 1 0 0 0 1 1 2 1 2 0 1 1 2 1 0 0 0 0 1 0 0 0 0 1 0 0 1 0 1 0 1 0 0 2 0 0 0 0 0 0 0 2 0 0 1 1 0 0 0 0 1 1 1 0
geno chr6.31029455 fin  1 0 1 1 0 0 1 1 2 0 1 0 1 0 0 1 0 0 1 0 0 1 1 1 2 0 1 1 2 0 0 1 0 2 0 1 1 1 0 0 1 0 0 2 1 0 1 1 1 0 1 1 1 1 1 0 2 0 0 1 1 0 1 0 0 1 0 1 0 0 1 1 1 1 2 1 0 1 1 0 0 0 0 0 0 0 1 1 1
geno chr6.31029455 gbr  1 1 0 0 0 1 0 1 1 1 1 0 0 0 0 0 0 1 0 0 0 1 0 1 0 0 0 1 1 0 1 1 0 2 1 1 0 1 0 0 1 1 0 1 0 0 1 0 1 0 0 1 2 0 2 1 1 1 1 1 0 1 0 0 0 2 0 2 0 0 0 0 0 0 1 0 0 0 0 1 0 1 0 2
geno chr6.31029455 tsi  1 2 0 1 0 0 1 1 0 1 0 0 1 1 1 0 1 0 0 0 0 1 0 0 2 0 1 0 0 0 1 0 1 1 0 1 1 0 0 0 0 0 1 0 1 0 0 0 0 0 0 0 2 1 0 1 0 1 0 2 0 0 0 2 0 0 1 0 0 0 0 1 0 1 0 0 1 0 0 0 0 0 1 0 0 1 2 1 1 1 0 1
geno chr6.31029455 yri  2 0 1 0 0 0 0 1 1 0 0 0 1 0 0 1 0 1 0 0 1 2 0 0 0 1 1 0 1 1 0 0 0 0 1 1 1 0 0 0 0 0 0 0 0 1 1 0 0 1 0 0 0 0 1 0 1 0 2 1 0 0 1 1 0 0 0 0 1 1 0 0 0 0 0 0 1
geno chr6.31029587 ceu  1 1 1 0 0 1 0 0 2 1 1 0 1 2 0 1 0 1 0 1 1 1 0 1 1 0 0 1 2 1 2 1 2 0 1 1 2 1 1 0 0 0 1 0 0 0 0 1 1 0 1 0 2 0 1 0 1 2 0 0 0 0 0 1 0 2 0 0 1 1 1 0 0 0 1 2 1 0
geno chr6.31029587 fin  1 0 2 1 0 0 1 1 2 0 1 0 1 1 0 1 1 1 1 0 0 1 1 1 2 1 1 1 2 0 0 1 0 2 0 1 1 1 1 1 1 0 1 2 1 0 1 1 1 0 1 1 1 1 1 0 2 0 0 1 1 0 1 2 0 1 1 2 0 0 1 1 1 1 2 2 0 1 1 0 1 0 1 1 0 0 1 1 1
geno chr6.31029587 gbr  1 1 0 0 0 1 0 1 1 1 1 1 2 0 0 0 0 2 0 0 1 1 1 2 1 1 1 1 1 0 2 1 0 2 1 1 0 1 0 0 1 1 0 1 1 1 2 1 1 1 0 1 2 0 2 2 1 1 1 1 1 1 0 0 0 2 0 2 0 0 0 1 0 1 1 0 0 2 0 2 1 1 0 2
geno chr6.31029587 tsi  1 2 0 1 1 0 1 1 0 1 1 1 1 1 1 0 2 1 1 0 0 2 0 0 2 1 1 1 0 0 1 1 2 1 1 1 2 1 1 0 1 0 2 0 2 1 2 0 1 0 0 1 2 2 0 1 0 1 2 2 0 0 2 2 2 0 1 2 1 1 0 1 0 2 0 0 1 1 0 1 1 0 2 1 2 2 2 1 1 2 1 1
geno chr6.31029587 yri  2 1 1 2 0 2 0 2 1 1 0 1 2 1 1 1 1 2 2 2 2 2 0 2 2 2 2 0 1 2 2 2 0 0 2 2 1 0 2 1 2 0 1 1 0 2 2 0 0 1 2 1 1 1 1 1 2 1 2 2 1 0 2 1 1 1 0 1 1 2 0 1 1 0 2 1 2
geno chr6.31029685 ceu  0 1 0 0 0 0 0 0 1 0 1 0 0 1 0 0 0 0 0 0 0 0 0 0 0 0 0 1 1 0 0 0 1 0 0 0 2 1 0 0 0 0 0 0 0 0 0 0 1 0 0 0 1 0 0 0 1 0 0 0 0 0 0 1 0 0 0 0 0 0 1 0 0 0 0 0 0 0
geno chr6.31029685 fin  0 0 1 0 0 0 0 0 0 0 0 0 1 1 0 0 0 1 0 0 0 0 0 0 0 1 0 0 0 0 0 1 0 0 0 0 0 0 1 1 0 0 1 1 0 0 0 0 0 0 0 0 0 0 0 0 0 0 0 0 0 0 0 1 0 0 1 1 0 0 0 0 0 0 0 1 0 0 1 0 1 0 0 1 0 0 0 0 0
geno chr6.31029685 gbr  0 1 0 0 0 0 0 0 0 0 0 1 1 0 0 0 0 1 0 0 0 0 1 1 1 1 1 0 0 0 1 0 0 0 0 0 0 0 0 0 0 0 0 0 0 0 1 0 0 1 0 0 1 0 0 1 0 0 0 0 0 0 0 0 0 0 0 0 0 0 0 1 0 0 0 0 0 2 0 1 0 0 0 1
geno chr6.31029685 tsi  0 0 0 0 1 0 0 0 0 0 0 1 0 0 0 0 1 0 1 0 0 1 0 0 0 1 0 0 0 0 0 0 0 0 1 0 1 0 1 0 1 0 1 0 1 0 2 0 1 0 0 1 0 1 0 0 0 0 0 0 0 0 1 0 2 0 0 2 0 1 0 0 0 1 0 0 0 1 0 1 1 0 1 1 1 1 0 0 0 1 1 0
geno chr6.31029685 yri  0 0 0 2 0 2 0 1 0 1 0 1 0 0 0 0 1 1 1 1 1 0 0 2 2 1 1 0 0 1 1 1 0 0 0 1 0 0 1 0 2 0 1 1 0 1 1 0 0 0 1 0 0 1 0 1 1 1 0 0 1 0 1 0 1 0 0 1 0 1 0 1 1 0 2 1 1
geno chr6.31029918 ceu  1 1 1 0 0 1 0 0 2 1 1 0 1 2 0 1 0 1 0 1 1 1 0 1 1 0 0 1 2 1 2 1 2 0 1 1 2 1 1 0 0 0 1 0 0 0 0 1 1 0 1 0 2 0 1 0 1 2 0 0 0 0 0 1 0 2 0 0 1 1 1 0 0 0 1 2 1 0
geno chr6.31029918 fin  1 0 2 1 0 0 1 1 2 0 1 0 1 1 0 1 1 1 1 0 0 1 1 1 2 1 1 1 2 0 0 1 0 2 0 1 1 1 1 1 1 0 1 2 1 0 1 1 1 0 1 1 1 1 1 0 2 0 0 1 1 0 1 2 0 1 1 2 0 0 1 1 1 1 2 2 0 1 1 0 1 0 1 1 0 0 1 1 1
geno chr6.31029918 gbr  1 1 0 0 0 1 0 1 1 1 1 1 2 0 0 0 0 2 0 0 1 1 1 2 1 1 1 1 1 0 2 1 0 2 1 1 0 1 0 0 1 1 0 1 1 1 2 1 1 1 0 1 2 0 2 2 1 1 1 1 1 1 0 0 0 2 0 2 0 0 0 1 0 1 1 0 0 2 0 2 1 1 0 2
geno chr6.31029918 tsi  1 2 0 1 1 0 1 1 0 1 1 1 1 1 1 0 2 1 1 0 0 2 0 0 2 1 1 1 0 0 1 1 2 1 1 1 2 1 1 0 1 0 2 0 2 1 2 0 1 0 0 1 2 2 0 1 0 1 2 2 0 0 2 2 2 0 1 2 1 1 0 1 0 2 0 0 1 1 0 1 1 0 2 1 2 2 2 1 1 2 1 1
geno chr6.31029918 yri  2 1 1 2 0 2 0 2 1 1 0 1 2 1 0 1 1 2 2 2 2 2 0 2 2 2 2 0 1 2 2 2 0 0 2 2 1 0 2 1 2 0 1 1 0 2 2 0 0 1 2 1 1 1 1 1 2 1 2 2 1 0 2 1 1 1 0 1 1 2 0 1 1 0 2 1 2
geno chr6.31030122 ceu  1 1 1 0 0 1 0 0 2 1 1 0 1 2 0 1 0 1 0 1 1 1 0 1 1 0 0 1 2 1 2 1 2 0 1 1 2 1 1 0 0 0 1 0 0 0 0 1 1 0 1 0 2 0 1 0 1 2 0 0 0 0 0 1 0 2 0 0 1 1 1 0 0 0 1 2 1 0
geno chr6.31030122 fin  1 0 2 1 0 0 1 1 2 0 1 0 1 1 0 1 1 1 1 0 0 1 1 1 2 1 1 1 2 0 0 1 0 2 0 1 1 1 1 1 1 0 1 2 1 0 1 1 1 0 1 1 1 1 1 0 2 0 0 1 1 0 1 2 0 1 1 2 0 0 1 1 1 1 2 2 0 1 1 0 1 0 1 1 0 0 1 1 1
geno chr6.31030122 gbr  1 1 0 0 0 1 0 1 1 1 1 1 2 0 0 0 0 2 0 0 1 1 1 2 1 1 1 1 1 0 2 1 0 2 1 1 0 1 0 0 1 1 0 1 1 1 2 1 1 1 0 1 2 0 2 2 1 1 1 1 1 1 0 0 0 2 0 2 0 0 0 1 0 1 1 0 0 2 0 2 1 1 0 2
geno chr6.31030122 tsi  1 2 0 1 1 0 1 1 0 1 1 1 1 1 1 0 2 1 1 0 0 2 0 0 2 1 1 1 0 0 1 1 2 1 1 1 2 1 1 0 1 0 2 0 2 1 2 0 1 0 0 1 2 2 0 1 0 1 2 2 0 0 2 2 2 0 1 2 1 1 0 1 0 2 0 0 1 1 0 1 1 0 2 1 2 2 2 1 1 2 1 1
geno chr6.31030122 yri  2 1 1 2 0 2 0 2 1 1 0 1 2 1 1 1 1 2 2 2 2 2 0 2 2 2 2 0 1 2 2 2 0 0 2 2 1 0 2 1 2 0 1 1 0 2 2 0 0 1 2 1 1 1 1 1 2 1 2 2 1 0 2 1 1 1 0 1 1 2 0 1 1 0 2 1 2
geno chr6.31030283 ceu  0 1 0 0 0 0 0 0 1 0 1 0 0 2 0 0 0 0 0 0 0 0 0 0 0 0 0 1 1 0 0 0 1 0 0 0 2 1 1 0 0 0 0 0 0 0 0 0 1 0 0 0 1 0 0 0 1 0 0 0 0 0 0 1 0 0 0 0 0 0 1 0 0 0 0 1 0 0
geno chr6.31030283 fin  0 0 1 0 0 0 0 0 0 0 0 0 1 1 0 0 0 1 0 0 0 0 0 0 0 1 0 0 0 0 0 1 0 0 0 0 0 0 1 1 0 0 1 1 0 0 0 0 0 0 0 0 0 0 0 0 0 0 0 0 0 0 0 2 0 0 1 1 0 0 0 0 0 0 0 1 0 0 1 0 1 0 1 1 0 0 0 0 0
geno chr6.31030283 gbr  0 1 0 0 0 0 0 0 0 0 0 1 2 0 0 0 0 1 0 0 1 0 1 1 1 1 1 0 0 0 1 0 0 0 0 0 0 0 0 0 0 0 0 0 0 0 1 1 0 1 0 0 1 0 0 1 0 0 0 0 1 0 0 0 0 0 0 0 0 0 0 1 0 1 0 0 0 2 0 1 0 0 0 1
geno chr6.31030283 tsi  0 0 0 0 1 0 0 0 0 0 1 1 0 0 0 0 1 1 1 0 0 1 0 0 0 1 0 1 0 0 0 1 0 0 1 0 1 1 1 0 1 0 1 0 1 1 2 0 1 0 0 1 0 1 0 0 0 0 0 0 0 0 2 0 2 0 0 2 1 1 0 0 0 1 0 0 0 1 0 1 1 0 1 1 1 1 0 0 0 1 1 0
geno chr6.31030283 yri  0 0 0 2 0 2 0 1 0 1 0 1 1 0 1 0 1 1 1 2 1 0 0 2 2 1 1 0 0 1 1 1 0 0 0 1 0 0 1 1 2 0 1 1 0 1 1 0 0 0 1 0 0 1 0 1 1 1 0 1 1 0 1 0 1 1 0 1 0 1 0 1 1 0 2 1 1
geno chr6.31030425 ceu  0 1 0 0 0 0 0 0 1 0 1 0 0 2 0 0 0 0 0 0 0 0 0 0 0 0 0 1 1 0 0 0 1 0 0 0 2 1 1 0 0 0 0 0 0 0 0 0 1 0 0 0 1 0 0 0 1 0 0 0 0 0 0 1 0 0 0 0 0 0 1 0 0 0 0 1 0 0
geno chr6.31030425 fin  0 0 1 0 0 0 0 0 0 0 0 0 1 1 0 0 0 1 0 0 0 0 0 0 0 1 0 0 0 0 0 1 0 0 0 0 0 0 1 1 0 0 1 1 0 0 0 0 0 0 0 0 0 0 0 0 0 0 0 0 0 0 0 2 0 0 1 1 0 0 0 0 0 0 0 1 0 0 1 0 1 0 1 1 0 0 0 0 0
geno chr6.31030425 gbr  0 1 0 0 0 0 0 0 0 0 0 1 2 0 0 0 0 1 0 0 1 0 1 1 1 1 1 0 0 0 1 0 0 0 0 0 0 0 0 0 0 0 0 0 0 0 1 1 0 1 0 0 1 0 0 1 0 0 0 0 1 0 0 0 0 0 0 0 0 0 0 1 0 1 0 0 0 2 0 1 0 0 0 1
geno chr6.31030425 tsi  0 0 0 0 1 0 0 0 0 0 1 1 0 0 0 0 1 1 1 0 0 1 0 0 0 1 0 1 0 0 0 1 0 0 1 0 1 1 1 0 1 0 1 0 1 1 2 0 1 0 0 1 0 1 0 0 0 0 0 0 0 0 2 0 2 0 0 2 1 1 0 0 0 1 0 0 0 1 0 1 1 0 1 1 1 1 0 0 0 1 1 0
geno chr6.31030425 yri  0 0 0 2 0 2 0 1 0 1 0 1 1 0 1 0 1 1 1 2 1 0 0 2 2 1 1 0 0 1 1 1 0 0 0 1 0 0 1 1 2 0 1 1 0 1 1 0 0 0 1 0 0 1 0 1 1 1 0 1 1 0 1 0 1 1 0 1 0 1 0 1 1 0 2 1 1
geno chr6.31030636 ceu  1 1 1 0 0 1 0 0 2 1 1 0 1 2 0 1 0 1 0 1 1 1 0 1 1 0 0 1 2 1 2 1 2 0 1 1 2 1 1 0 0 0 1 0 0 0 0 1 1 0 1 0 2 0 1 0 1 2 0 0 0 0 0 1 0 2 0 0 1 1 1 0 0 0 1 2 1 0
geno chr6.31030636 fin  1 0 2 1 0 0 1 1 2 0 1 0 1 1 0 1 0 1 1 0 0 1 1 1 2 1 1 1 2 0 0 1 0 2 0 1 1 1 1 1 1 0 1 2 1 0 1 1 1 0 1 1 1 1 1 0 2 0 0 1 1 0 1 2 0 1 1 2 0 0 1 1 1 1 2 2 0 1 1 0 1 0 1 1 0 0 1 1 1
geno chr6.31030636 gbr  1 1 0 0 0 1 0 1 1 1 1 1 2 0 0 0 0 2 0 0 1 1 1 2 1 1 1 1 1 0 2 1 0 2 1 1 0 1 0 0 1 1 0 1 0 0 2 1 1 1 0 1 2 0 2 2 1 1 1 1 1 1 0 0 0 2 0 2 0 0 0 1 0 1 1 0 0 2 0 2 0 1 0 2
geno chr6.31030636 tsi  1 2 0 1 1 0 1 1 0 1 1 1 1 1 1 0 2 1 1 0 0 2 0 0 2 1 1 1 0 0 1 1 1 1 1 1 2 1 1 0 1 0 2 0 2 1 2 0 1 0 0 1 2 2 0 1 0 1 0 2 0 0 2 2 2 0 1 2 1 1 0 1 0 2 0 0 1 1 0 1 1 0 2 1 1 2 2 1 1 2 1 1
geno chr6.31030636 yri  2 0 1 2 0 2 0 2 1 1 0 1 2 0 1 1 1 2 1 2 2 2 0 2 2 2 2 0 1 2 1 1 0 0 1 2 1 0 1 1 2 0 1 1 0 2 2 0 0 1 1 0 0 1 1 1 2 1 2 2 1 0 2 1 1 1 0 1 1 2 0 1 1 0 2 1 2
geno chr6.31030839 ceu  1 0 1 0 0 1 0 0 1 0 0 0 1 0 0 1 0 0 0 1 1 1 0 1 1 0 0 0 1 1 2 1 1 0 0 1 0 0 0 0 0 0 1 0 0 0 0 1 0 0 1 0 1 0 1 0 0 2 0 0 0 0 0 0 0 2 0 0 1 1 0 0 0 0 0 1 1 0
geno chr6.31030839 fin  1 0 1 1 0 0 1 0 2 0 1 0 0 0 0 1 0 0 1 0 0 1 1 1 2 0 1 1 2 0 0 1 0 2 0 1 1 1 0 0 1 0 0 2 1 0 1 1 1 0 1 1 1 1 1 0 2 0 0 1 1 0 1 0 0 1 0 1 0 0 1 1 1 1 2 1 0 1 0 0 0 0 0 0 0 0 1 1 1
geno chr6.31030839 gbr  1 0 0 0 0 1 0 1 1 1 1 0 1 0 0 0 0 1 0 0 0 1 0 2 0 0 0 1 1 0 1 1 0 2 1 1 0 1 0 0 1 1 0 1 0 0 1 0 1 0 0 1 1 0 2 1 0 0 1 1 0 1 0 0 0 2 0 2 0 0 0 0 0 0 1 0 0 0 0 1 0 1 0 1
geno chr6.31030839 tsi  1 2 0 1 0 0 0 1 0 1 0 0 1 1 1 0 1 0 0 0 0 1 0 0 2 0 1 0 0 0 1 0 1 1 0 0 1 0 0 0 0 0 1 0 1 0 0 0 0 0 0 0 2 1 0 1 0 1 0 2 0 0 0 2 0 0 1 0 0 0 0 0 0 1 0 0 1 0 0 0 0 0 1 0 0 1 2 1 1 1 0 1
geno chr6.31030839 yri  2 0 1 1 0 0 0 1 1 0 0 0 2 0 0 1 0 1 0 1 1 2 0 1 0 2 1 0 1 2 0 0 0 0 0 1 1 0 0 0 0 0 0 0 0 2 1 0 0 1 0 0 0 0 1 0 1 0 2 1 0 0 2 1 0 0 0 0 1 1 0 0 0 0 0 0 1
geno chr6.31030994 ceu  1 1 1 0 0 1 0 0 2 1 1 0 1 1 0 1 0 1 0 1 1 1 0 1 1 0 0 0 2 1 2 1 2 0 1 1 2 1 1 0 0 0 1 0 0 0 0 1 1 0 1 0 2 0 1 0 1 2 0 0 0 0 0 1 0 2 0 0 1 1 1 0 0 0 1 2 1 0
geno chr6.31030994 fin  1 0 2 1 0 0 1 1 2 0 1 0 1 1 0 1 0 1 1 0 0 1 1 1 2 1 1 1 2 0 0 1 0 2 0 1 1 1 1 1 1 0 1 2 1 0 1 1 1 0 1 1 1 1 1 0 2 0 0 1 1 0 1 2 0 0 1 2 0 0 0 0 1 1 1 2 0 1 1 0 1 0 1 1 0 0 1 1 0
geno chr6.31030994 gbr  1 1 0 0 0 1 0 1 1 1 1 1 2 0 0 0 0 2 0 0 1 0 1 2 1 1 1 0 1 0 2 1 0 2 1 1 0 1 0 0 1 1 0 1 0 0 2 1 1 1 0 1 2 0 2 2 1 1 0 1 1 1 0 0 0 2 0 2 0 0 0 1 0 1 1 0 0 2 0 2 0 1 0 2
geno chr6.31030994 tsi  1 2 0 1 1 0 1 1 0 1 1 1 1 1 1 0 2 1 1 0 0 1 0 0 2 1 1 1 0 0 1 1 1 1 0 1 1 1 1 0 1 0 2 0 2 1 2 0 1 0 0 1 1 2 0 1 0 1 0 2 0 0 2 2 2 0 1 2 1 1 0 1 0 2 0 0 1 1 0 1 1 0 2 1 1 2 2 1 1 2 1 1
geno chr6.31030994 yri  2 0 1 2 0 1 0 2 1 1 0 1 2 0 1 1 1 2 1 2 2 1 0 2 2 2 2 0 1 1 0 1 0 0 1 2 1 0 1 1 2 0 1 0 0 2 1 0 0 1 1 0 0 1 1 1 2 1 0 2 0 0 2 1 0 1 0 1 0 2 0 1 1 0 2 1 2
geno chr6.31031381 ceu  1 1 1 0 0 1 0 0 2 1 1 0 1 2 0 1 0 1 0 1 1 1 0 1 1 0 0 1 2 1 2 1 2 0 1 1 2 1 1 0 0 0 1 0 0 0 0 1 1 0 1 0 2 0 1 0 1 2 0 0 0 0 0 1 0 2 0 0 1 1 1 0 0 0 1 2 1 0
geno chr6.31031381 fin  1 0 2 1 0 0 1 1 2 0 1 0 1 1 0 1 1 1 1 0 0 1 1 1 2 1 1 1 2 0 0 1 0 2 0 1 1 1 1 1 1 0 1 2 1 0 1 1 1 0 1 1 1 1 1 0 2 0 0 1 1 0 1 2 0 1 1 2 0 0 1 1 1 1 2 2 0 1 1 0 1 0 1 1 0 0 1 1 1
geno chr6.31031381 gbr  1 1 0 0 0 1 0 1 1 1 1 1 2 0 0 0 0 2 0 0 1 1 1 2 1 1 1 1 1 0 2 1 0 2 1 1 0 1 0 0 1 1 0 1 0 1 2 1 1 1 0 1 2 0 2 2 1 1 1 1 1 1 0 0 0 2 0 2 0 0 0 1 0 1 1 0 0 2 0 2 1 1 0 2
geno chr6.31031381 tsi  1 2 0 1 1 0 1 1 0 1 1 1 1 1 1 0 2 1 1 0 0 2 0 0 2 1 1 1 0 0 1 1 1 1 1 1 2 1 1 0 1 0 2 0 2 1 2 0 1 0 0 1 2 2 0 1 0 1 0 2 0 0 2 2 2 0 1 2 1 1 0 1 0 2 0 0 1 1 0 1 1 0 2 1 2 2 2 1 1 2 1 1
geno chr6.31031381 yri  2 0 1 2 0 2 0 2 1 1 0 1 2 0 1 1 1 2 1 2 2 2 0 2 2 2 2 0 1 2 1 1 0 0 1 2 1 0 1 1 2 0 1 1 0 2 2 0 0 1 1 0 0 1 1 1 2 1 2 2 1 0 2 1 1 1 0 1 1 2 0 1 1 0 2 1 2
geno chr6.31031566 ceu  1 1 1 0 0 1 0 0 2 1 1 0 1 2 0 1 0 1 0 1 1 1 0 1 1 0 0 1 2 1 2 1 2 0 1 1 2 1 1 0 0 0 1 0 0 0 0 1 1 0 1 0 2 0 1 0 1 2 0 0 0 0 0 1 0 2 0 0 1 1 1 0 0 0 1 2 1 0
geno chr6.31031566 fin  1 0 2 1 0 0 1 1 2 0 1 0 1 1 0 1 1 1 1 0 0 1 1 1 2 1 1 1 2 0 0 1 0 2 0 1 1 1 1 1 1 0 1 2 1 0 1 1 1 0 1 1 1 1 1 0 2 0 0 1 1 0 1 2 0 1 1 2 0 0 1 1 1 1 2 2 0 1 1 0 1 0 1 1 0 0 1 1 1
geno chr6.31031566 gbr  1 1 0 0 0 1 0 1 1 1 1 1 2 0 0 0 0 2 0 0 1 1 1 2 1 1 1 1 1 0 2 1 0 2 1 1 0 1 0 0 1 1 0 1 0 1 2 1 1 1 0 1 2 0 2 2 1 1 1 1 1 1 0 0 0 2 0 2 0 0 0 1 0 1 1 0 0 2 0 2 1 1 0 2
geno chr6.31031566 tsi  1 2 0 1 1 0 1 1 0 1 1 1 1 1 1 0 2 1 1 0 0 2 0 0 2 1 1 1 0 0 1 1 1 1 1 1 2 1 1 0 1 0 2 0 2 1 2 0 1 0 0 1 2 2 0 1 0 1 0 2 0 0 2 2 2 0 1 2 1 1 0 1 0 2 0 0 1 1 0 1 1 0 2 1 2 2 2 1 1 2 1 1
geno chr6.31031566 yri  2 0 1 2 0 2 0 2 1 1 0 1 2 0 1 1 1 2 1 2 2 2 0 2 2 2 2 0 1 2 1 1 0 0 1 2 1 0 1 1 2 0 1 1 0 2 2 0 0 1 1 0 0 1 1 1 2 1 2 2 1 0 2 1 1 1 0 1 1 2 0 1 1 0 2 1 2
geno chr6.31031574 ceu  0 0 1 0 0 0 0 0 0 0 0 0 0 0 0 0 0 0 0 0 0 0 0 0 0 0 0 0 0 0 0 0 0 0 0 0 0 0 0 0 0 0 0 0 0 0 0 0 0 0 0 0 1 0 0 0 0 0 0 0 0 0 0 0 0 0 0 0 0 0 0 0 0 0 0 0 0 0
geno chr6.31031574 fin  0 0 0 0 0 0 0 0 0 0 0 0 0 0 0 0 0 0 0 0 0 0 0 0 0 1 0 0 0 0 0 0 0 0 0 0 0 0 0 0 0 0 0 0 0 0 0 0 1 0 0 0 0 0 0 0 0 0 0 0 0 1 0 0 0 0 0 0 0 0 0 0 0 0 0 0 0 0 0 0 0 0 0 0 0 0 0 0 0
geno chr6.31031574 gbr  0 0 0 0 0 0 0 0 0 0 0 0 0 0 0 0 0 0 0 0 0 0 0 0 0 0 1 0 0 0 1 0 0 0 0 0 0 0 0 0 0 0 1 1 1 0 0 0 1 0 0 0 0 0 0 0 0 0 0 0 0 0 0 0 0 0 0 0 0 0 0 0 0 0 0 0 0 1 0 0 0 1 0 0
geno chr6.31031574 tsi  0 0 0 1 0 0 0 0 0 0 0 0 0 0 0 0 0 0 0 0 0 0 0 0 0 0 0 0 0 0 0 0 1 0 1 0 0 0 0 0 0 0 0 0 0 1 0 0 0 0 0 0 0 1 0 0 0 0 2 0 0 0 0 0 0 0 0 0 0 0 0 0 0 0 0 0 0 0 1 0 1 0 0 0 0 0 0 0 0 0 0 0
geno chr6.31031574 yri  0 1 0 0 0 0 0 0 0 0 0 0 0 1 0 0 0 0 1 0 0 0 0 0 0 0 0 0 0 0 1 1 0 0 1 0 0 0 1 0 0 0 0 0 0 0 0 0 0 0 1 1 1 0 0 0 0 0 0 0 0 0 0 0 0 0 0 0 0 0 0 0 0 0 1 0 0
geno chr6.31031680 ceu  0 1 0 0 0 0 0 0 1 0 1 0 0 2 0 0 0 0 0 0 0 0 0 0 0 0 0 1 1 0 0 0 1 0 0 0 2 1 1 0 0 0 0 0 0 0 0 0 1 0 0 0 1 0 0 0 1 0 0 0 0 0 0 1 0 0 0 0 0 0 1 0 0 0 0 1 0 0
geno chr6.31031680 fin  0 0 1 0 0 0 0 0 0 0 0 0 1 1 0 0 1 1 0 0 0 0 0 0 0 1 0 0 0 0 0 1 0 0 0 0 0 0 1 1 0 0 1 1 0 0 0 0 0 0 0 0 0 0 0 0 0 0 0 0 0 0 0 2 0 0 1 1 0 0 0 0 0 0 0 1 0 0 1 0 1 0 1 1 0 0 0 0 0
geno chr6.31031680 gbr  0 1 0 0 0 0 0 0 0 0 0 1 2 0 0 0 0 1 0 0 1 0 1 1 1 1 1 0 0 0 1 0 0 0 0 0 0 0 0 0 0 0 0 0 0 1 1 1 0 1 0 0 1 0 0 1 0 0 0 0 1 0 0 0 0 0 0 0 0 0 0 1 0 1 0 0 0 2 0 1 1 0 0 1
geno chr6.31031680 tsi  0 0 0 0 1 0 0 0 0 0 1 1 0 0 0 0 1 1 1 0 0 1 0 0 0 1 0 1 0 0 0 1 0 0 1 0 1 1 1 0 1 0 1 0 1 1 2 0 1 0 0 1 0 1 0 0 0 0 0 0 0 0 2 0 2 0 0 2 1 1 0 0 0 1 0 0 0 1 0 1 1 0 1 1 2 1 0 0 0 1 1 0
geno chr6.31031680 yri  0 0 0 2 0 2 0 1 0 1 0 1 1 0 1 0 1 1 1 2 1 0 0 2 2 1 1 0 0 1 1 1 0 0 0 1 0 0 1 1 2 0 1 1 0 1 1 0 0 0 1 0 0 1 0 1 1 1 0 1 1 0 1 0 1 1 0 1 0 1 0 1 1 0 2 1 1
geno chr6.31031696 ceu  1 1 1 0 0 1 0 0 2 1 1 0 1 2 0 1 0 1 0 1 1 1 0 1 1 0 0 1 2 1 2 1 2 0 1 1 2 1 1 0 0 0 1 0 0 0 0 1 1 0 1 0 2 0 1 0 1 2 0 0 0 0 0 1 0 2 0 0 1 1 1 0 0 0 1 2 1 0
geno chr6.31031696 fin  1 0 2 1 0 0 1 1 2 0 1 0 1 1 0 1 1 1 1 0 0 1 1 1 2 1 1 1 2 0 0 1 0 2 0 1 1 1 1 1 1 0 1 2 1 0 1 1 1 0 1 1 1 1 1 0 2 0 0 1 1 0 1 2 0 1 1 2 0 0 1 1 1 1 2 2 0 1 1 0 1 0 1 1 0 0 1 1 1
geno chr6.31031696 gbr  1 1 0 0 0 1 0 1 1 1 1 1 2 0 0 0 0 2 0 0 1 1 1 2 1 1 1 1 1 0 2 1 0 2 1 1 0 1 0 0 1 1 0 1 1 1 2 1 1 1 0 1 2 0 2 2 1 1 1 1 1 1 0 0 0 2 0 2 0 0 0 1 0 1 1 0 0 2 0 2 1 1 0 2
geno chr6.31031696 tsi  1 2 0 1 1 0 1 1 0 1 1 1 1 1 1 0 2 1 1 0 0 2 0 0 2 1 1 1 0 0 1 1 2 1 1 1 2 1 1 0 1 0 2 0 2 1 2 0 1 0 0 1 2 2 0 1 0 1 2 2 0 0 2 2 2 0 1 2 1 1 0 1 0 2 0 0 1 1 0 1 1 0 2 1 2 2 2 1 1 2 1 1
geno chr6.31031696 yri  2 1 1 2 0 2 0 2 1 1 0 1 2 1 1 1 1 2 2 2 2 2 0 2 2 2 2 0 1 2 2 2 0 0 2 2 1 0 2 1 2 0 1 1 0 2 2 0 0 1 2 1 1 1 1 1 2 1 2 2 1 0 2 1 1 1 0 1 1 2 0 1 1 0 2 1 2
geno chr6.31031851 ceu  0 1 0 0 0 0 0 0 0 0 0 0 0 0 0 0 0 0 0 0 0 0 0 0 0 0 0 0 0 0 0 0 0 0 0 0 0 0 0 0 0 0 0 0 0 0 0 0 0 0 0 0 1 0 0 0 1 0 0 0 0 0 0 1 0 0 0 0 0 0 0 0 0 0 0 0 0 0
geno chr6.31031851 fin  0 0 0 0 0 0 0 0 0 0 0 0 0 0 0 0 0 0 0 0 0 0 0 0 0 1 0 0 0 0 0 0 0 0 0 0 0 0 0 1 0 0 0 0 0 0 0 0 0 0 0 0 0 0 0 0 0 0 0 0 0 0 0 1 0 0 0 1 0 0 0 0 0 0 0 0 0 0 0 0 0 0 0 1 0 0 0 0 0
geno chr6.31031851 gbr  0 0 0 0 0 0 0 0 0 0 0 0 0 0 0 0 0 0 0 0 0 0 0 0 0 0 0 0 0 0 0 0 0 0 0 0 0 0 0 0 0 0 0 0 0 0 0 0 0 1 0 0 0 0 0 0 0 0 0 0 0 0 0 0 0 0 0 0 0 0 0 0 0 0 0 0 0 2 0 1 0 0 0 0
geno chr6.31031851 tsi  0 0 0 0 0 0 0 0 0 0 0 0 0 0 0 0 0 0 1 0 0 1 0 0 0 0 0 0 0 0 0 0 0 0 0 0 0 0 0 0 0 0 0 0 0 0 0 0 1 0 0 1 0 1 0 0 0 0 0 0 0 0 1 0 1 0 0 0 0 0 0 0 0 1 0 0 0 0 0 1 0 0 0 0 0 0 0 0 0 1 0 0
geno chr6.31031851 yri  0 0 0 0 0 1 0 0 0 0 0 0 0 0 0 0 1 0 0 0 0 0 0 0 0 0 1 0 0 0 0 0 0 0 0 1 0 0 0 0 1 0 1 0 0 0 0 0 0 0 1 0 0 1 0 0 1 1 0 0 0 0 0 0 0 0 0 1 0 0 0 0 1 0 1 1 0
geno chr6.31031872 ceu  0 0 0 0 0 0 0 0 0 0 0 0 0 0 0 0 0 0 0 0 0 0 0 0 0 0 0 0 0 0 0 0 1 0 0 0 2 1 0 0 0 0 0 0 0 0 0 0 0 0 0 0 0 0 0 0 0 0 0 0 0 0 0 0 0 0 0 0 0 0 0 0 0 0 0 0 0 0
geno chr6.31031872 fin  0 0 0 0 0 0 0 0 0 0 0 0 1 0 0 0 0 0 0 0 0 0 0 0 0 0 0 0 0 0 0 1 0 0 0 0 0 0 0 0 0 0 0 1 0 0 0 0 0 0 0 0 0 0 0 0 0 0 0 0 0 0 0 0 0 0 0 0 0 0 0 0 0 0 0 0 0 0 1 0 0 0 0 0 0 0 0 0 0
geno chr6.31031872 gbr  0 1 0 0 0 0 0 0 0 0 0 0 0 0 0 0 0 0 0 0 0 0 0 0 0 0 0 0 0 0 1 0 0 0 0 0 0 0 0 0 0 0 0 0 0 0 0 0 0 0 0 0 1 0 0 0 0 0 0 0 0 0 0 0 0 0 0 0 0 0 0 0 0 0 0 0 0 0 0 0 0 0 0 1
geno chr6.31031872 tsi  0 0 0 0 0 0 0 0 0 0 0 0 0 0 0 0 0 0 0 0 0 0 0 0 0 0 0 0 0 0 0 0 0 0 0 0 0 0 0 0 0 0 0 0 0 0 0 0 0 0 0 0 0 0 0 0 0 0 0 0 0 0 0 0 0 0 0 0 0 0 0 0 0 0 0 0 0 0 0 0 0 0 0 0 0 0 0 0 0 0 0 0
geno chr6.31031872 yri  0 0 0 2 0 0 0 1 0 0 0 1 0 0 0 0 0 0 1 1 0 0 0 2 0 1 0 0 0 0 0 1 0 0 0 0 0 0 0 0 1 0 0 1 0 1 0 0 0 0 0 0 0 0 0 1 0 0 0 0 0 0 1 0 0 0 0 0 0 0 0 1 0 0 0 0 1
