pheno ENSG00000196353 ceu -0.6127996 0.3684391 1.55944 -0.07685545 1.257753 0.3669982 0.6418968 0.00399551 -1.754667 0.8799604 1.106808 0.3807367 1.872455 -1.878401 0.531677 1.833582 -0.739085 -0.2531455 -1.0081 -1.399701 1.27785 0.9807908 -0.5122808 0.1919488 1.984859 0.3963702 1.049089 0.6936106 0.3971909 0.5940137 -0.5499485 -0.8252604 0.8389762 0.6278665 2.095381 0.6844721 0.9753897 0.4779554 0.8221721 0.04482302 1.415158 0.2159402 -0.6170677 0.9475726 -0.4348812 0.7789835 -0.6901306 2.23017 -0.1319654 -0.7256713 2.565013 0.5257474 1.303341 0.8900037 -0.5767112 -0.1531671 0.4270218 -0.8716998 -0.6678099 1.514901 1.099508 0.9528197 0.4892819 0.4465204 1.414023 -0.5664651 -0.5632396 1.352906 1.316006 1.801326 0.8135781 0.49767 -1.051913 1.160808 2.176745 -0.521451 -1.538632 0.6399016
pheno ENSG00000196353 fin -0.02978725 -1.359024 -0.1648502 -0.6204006 -0.246592 -2.492868 -2.078663 -0.6727426 0.7313226 -2.039536 0.8922475 -4.614997 -2.013753 -0.2991667 0.5962204 1.356161 -1.758339 1.519981 -0.4126096 -2.969554 0.3191611 -2.396826 -0.1511534 -0.6251971 -0.6919961 -1.158421 -1.316195 -1.133622 -1.458671 -1.915255 -0.1688129 -1.34378 -0.4018804 -0.827425 -0.1412348 0.7831118 -1.714595 -1.563638 -1.147945 -0.6754269 -0.9934256 0.6560899 -0.8753838 -0.5084915 -1.272139 0.9360023 0.2976784 -0.6013487 -1.545737 -0.05273279 0.3073769 0.1037395 -1.172169 -1.772019 0.1479052 1.414541 0.7369657 -0.4653521 -0.0699275 -1.340975 -1.108189 -1.997102 -1.314333 0.2983229 2.886416 0.1539486 -2.515321 -0.8363704 0.2662289 -0.7476037 -1.40447 -0.4564244 0.03597766 -2.519204 -1.605576 -0.167013 -1.436624 -0.5439046 -1.574284 -2.476774 -0.9982061 0.6907086 0.1872134 -1.77836 -1.801784 -1.973874 -1.645779 -0.1083655 -1.308228
pheno ENSG00000196353 gbr 0.02308913 -0.4326301 2.730246 -0.3839403 1.381494 1.241922 1.656361 0.2870376 0.7191472 0.7944474 0.3872297 0.0753557 1.099824 1.142105 -0.3119739 1.552086 0.8666018 -1.076738 4.383194 -1.569555 -0.231522 -0.3073173 0.4743849 1.393638 -1.579601 0.8443295 1.212371 3.062756 0.1255143 0.8592374 -0.25717 0.9515988 3.189878 -0.3147463 -0.9215362 -0.08597813 1.286451 -0.5560157 0.2016436 0.8573631 1.837299 0.8442428 0.2094585 0.5439449 1.629236 0.550063 2.374632 1.984758 0.6981388 1.166125 0.9777702 1.546453 -2.08069 1.043655 0.7460315 0.2452245 1.034298 0.9529893 2.118414 0.8828511 -0.4630799 0.5369522 1.502323 1.196893 0.9632785 2.388429 -0.1404774 2.650527 0.5926068 0.08333293 2.39061 -0.2571624 0.864548 -1.462881 1.506534 0.6449014 0.8409495 1.810806 1.393868 0.5534656 -0.4333767 0.5122291 -0.4781662 0.4581738
pheno ENSG00000196353 tsi 1.507857 2.958447 2.557432 2.468282 -2.046945 3.427623 1.836904 3.279808 1.656814 0.7149848 1.457182 0.4763687 2.086545 3.431582 0.2624569 2.221454 3.905535 2.354769 -0.1744306 2.835742 2.194388 1.225159 1.812728 1.697636 0.6911841 0.9096466 1.087756 2.965783 1.901752 2.149762 1.292282 4.187178 0.9035531 2.134699 2.38583 0.4859122 3.261485 2.403821 1.182403 1.635594 2.967373 -0.9625152 1.256374 2.618932 -0.06130054 1.588117 4.537821 1.39228 1.79641 3.207637 1.634995 2.213395 -0.745895 1.120583 1.283654 2.194792 1.194872 1.354224 3.311102 0.9704695 1.282618 2.921735 2.958978 1.311513 1.241121 2.673792 -0.3455533 0.4220162 1.043941 3.341459 0.9818054 1.447255 2.463559 2.762536 2.928082 1.912933 1.580951 0.5135093 0.1229238 1.316173 2.219422 1.453885 2.607381 3.457072 2.295275 2.417222 1.019212 1.738137 4.192204 1.556043 2.354332 3.2437
pheno ENSG00000196353 yri 1.498584 -1.954318 1.890328 -1.849643 -0.6626814 0.7266938 0.2721018 1.500204 0.1666823 0.9921974 -0.1847346 0.4517898 -0.2005284 -0.5667745 -2.365202 0.4558868 -0.3381466 1.093017 -1.658798 0.9289829 -1.70128 -0.447253 -1.444219 0.5399036 -0.9950069 0.04464931 1.469692 0.2130538 -0.3114068 -1.30487 0.9407948 0.8089818 0.8684176 0.4836845 -2.342491 -0.4673338 -0.8584623 0.5213374 -0.5213904 -1.596206 -1.554756 0.9747393 0.08315608 0.6784759 -0.4770213 0.8055346 -0.1138656 0.3400491 -1.377999 -1.31785 -0.1871944 -0.398925 0.2357315 -0.02043324 -0.6295891 0.4765863 -0.5871876 0.2051795 -1.984584 -0.2606065 -1.810429 -1.582427 1.751768 -0.880502 -0.9205041 -2.149566 0.6221068 0.7057784 -3.118964 -0.2263632 0.2327457 -0.5865019 -2.368993 0.6033679 -0.9794587 1.294254 -0.1105943
geno chr3.131904422 ceu  0 0 0 1 0 1 0 1 1 0 0 1 1 0 0 1 0 1 0 0 0 0 1 0 0 1 0 1 1 1 1 1 0 1 1 0 1 0 0 0 0 0 1 0 1 1 0 1 1 0 0 0 1 0 0 1 0 0 2 0 2 1 1 0 1 1 0 2 0 1 2 0 0 0 0 2 1 0
geno chr3.131904422 fin  1 0 0 0 1 1 0 1 1 0 0 0 0 0 0 1 0 1 0 0 0 0 0 0 0 1 0 0 0 0 1 2 0 1 0 0 1 0 0 0 1 1 0 0 0 0 0 0 0 0 0 1 0 0 0 0 1 1 0 0 0 1 0 0 0 1 0 2 0 0 0 0 1 1 0 0 0 0 0 0 1 1 0 0 0 0 0 2 0
geno chr3.131904422 gbr  0 1 0 0 1 1 2 0 1 0 1 1 0 0 1 0 0 2 0 1 1 2 0 0 1 0 0 0 0 0 0 0 0 0 0 0 0 0 0 1 0 0 0 1 0 1 0 0 0 1 0 2 0 0 0 0 1 1 1 1 1 1 2 1 1 0 0 0 1 0 2 1 0 0 1 1 0 0 0 1 0 1 0 1
geno chr3.131904422 tsi  1 0 1 0 0 1 2 0 0 2 1 1 0 0 0 0 1 1 0 0 1 2 2 1 0 1 0 1 0 1 0 1 2 1 0 0 1 1 0 1 0 1 1 1 0 0 0 0 1 0 1 0 0 1 0 1 0 0 0 0 0 1 1 0 0 0 1 0 0 0 0 1 1 1 1 0 1 0 0 1 1 1 1 0 1 1 1 2 0 0 1 1
geno chr3.131904422 yri  1 0 0 0 0 0 1 0 0 0 1 0 0 0 0 0 1 1 0 0 0 0 0 1 0 1 0 0 0 0 0 1 0 0 0 0 0 0 0 1 0 1 0 0 1 0 0 0 0 0 1 0 0 1 0 0 0 0 0 0 0 1 0 1 0 0 0 0 0 0 0 1 0 0 0 1 1
geno chr3.131904449 ceu  0 0 0 0 0 0 0 0 0 0 0 0 0 0 0 0 0 0 0 0 0 0 0 0 0 0 0 0 0 0 0 0 0 0 0 0 0 0 0 0 0 0 0 0 0 0 0 0 0 0 0 0 0 0 0 0 0 0 0 0 0 0 0 0 0 0 0 0 0 0 0 0 0 0 0 0 0 0
geno chr3.131904449 fin  0 0 0 0 0 0 0 0 0 0 0 0 0 0 0 0 0 0 0 0 0 0 0 0 0 0 0 0 0 0 0 0 0 0 0 0 0 0 0 0 0 0 0 0 0 0 0 0 0 0 0 0 0 0 0 0 0 0 0 0 0 0 0 0 0 0 0 0 0 0 0 0 0 0 0 0 0 0 0 0 0 0 0 0 0 0 0 0 0
geno chr3.131904449 gbr  0 0 0 0 0 0 0 0 0 0 0 0 0 0 0 0 0 0 0 0 0 0 0 0 0 0 0 0 0 0 0 0 0 0 0 0 0 0 0 0 0 0 0 0 0 0 0 0 0 0 0 0 0 0 0 0 0 0 0 0 0 0 0 0 0 0 0 0 0 0 0 0 0 0 0 0 0 0 0 0 0 0 0 0
geno chr3.131904449 tsi  0 0 0 0 0 0 0 0 0 0 0 0 0 0 0 0 0 0 0 0 0 0 0 0 0 0 0 0 0 0 0 0 0 0 0 0 0 0 0 0 0 0 0 0 0 0 0 0 0 0 0 0 0 0 0 0 0 0 0 0 0 0 0 0 0 0 0 0 0 0 0 0 0 0 0 0 0 0 0 0 0 0 0 0 0 0 0 0 0 0 0 0
geno chr3.131904449 yri  0 1 2 0 0 0 1 0 0 0 0 1 1 0 0 2 0 0 1 2 0 1 1 0 0 0 1 0 0 0 0 0 0 0 0 0 0 0 0 0 0 1 0 1 0 1 0 0 0 0 0 0 1 0 0 0 1 1 0 1 0 0 0 1 1 0 0 0 0 0 1 0 1 0 2 0 1
geno chr3.131904518 ceu  2 0 2 2 2 2 2 2 1 1 2 2 2 0 2 2 2 2 0 1 2 2 2 2 1 2 2 2 1 2 2 1 1 2 2 2 2 2 1 0 2 2 2 2 2 2 0 2 1 0 2 0 1 2 2 2 1 1 2 1 2 2 2 1 2 2 2 2 2 2 2 2 1 2 2 2 2 2
geno chr3.131904518 fin  2 1 2 2 1 1 1 1 2 1 2 1 0 1 2 2 0 1 1 1 0 1 1 2 2 1 1 1 2 0 1 2 0 2 1 1 2 1 2 1 2 2 1 2 0 2 2 1 0 2 1 2 1 1 2 2 2 2 1 1 2 2 0 2 2 2 1 2 2 2 1 0 1 1 2 2 2 2 2 0 1 2 2 2 2 1 2 2 2
geno chr3.131904518 gbr  1 1 2 1 1 1 2 2 1 2 2 1 1 1 2 2 2 2 2 1 1 2 1 2 1 2 2 2 2 1 1 2 2 1 0 1 1 2 0 1 2 2 2 2 1 2 2 2 1 2 1 2 2 2 2 1 2 2 2 1 1 2 2 2 2 2 2 2 2 2 2 1 2 2 1 1 2 2 2 1 2 2 0 2
geno chr3.131904518 tsi  2 1 2 2 1 2 2 1 2 2 2 1 2 2 2 0 2 1 2 1 2 2 2 1 1 2 2 2 2 2 2 2 2 2 1 1 2 1 2 2 2 2 2 2 2 2 2 2 2 1 1 1 2 2 0 2 1 2 2 2 2 1 1 1 1 2 2 2 1 2 1 2 2 2 2 2 2 2 1 1 1 2 2 1 2 1 1 2 2 2 2 2
geno chr3.131904518 yri  2 2 2 0 1 1 2 1 1 2 1 2 1 1 0 2 2 2 1 2 0 1 1 2 2 1 2 2 1 0 1 1 1 0 1 0 1 1 1 1 0 2 1 1 2 2 2 1 0 1 2 1 2 1 2 1 1 1 0 1 0 2 2 2 2 0 2 2 0 1 1 1 2 1 2 2 2
geno chr3.131904694 ceu  0 1 0 0 0 0 0 0 0 0 0 0 0 2 0 0 0 0 0 1 0 0 0 0 1 0 0 0 0 0 0 1 0 0 0 0 0 0 0 2 0 0 0 0 0 0 1 0 0 1 0 1 1 0 0 0 1 1 0 1 0 0 0 1 0 0 0 0 0 0 0 0 0 0 0 0 0 0
geno chr3.131904694 fin  0 1 0 0 0 0 1 1 0 1 0 1 2 1 0 0 1 1 1 1 1 0 0 0 0 0 1 1 0 2 1 0 2 0 1 1 0 1 0 0 0 0 0 0 2 0 0 1 2 0 1 0 0 1 0 0 0 0 0 1 0 0 1 0 0 0 1 0 0 0 1 1 0 0 0 0 0 0 0 1 1 0 0 0 0 1 0 0 0
geno chr3.131904694 gbr  0 1 0 0 1 1 0 0 1 0 0 1 0 1 0 0 0 0 0 0 1 0 1 0 0 0 0 0 0 1 1 0 0 1 1 1 1 0 2 1 0 0 0 0 1 0 0 0 1 0 1 0 0 0 1 1 0 0 0 1 1 0 0 0 0 0 0 0 0 0 0 1 0 0 1 1 0 0 0 1 0 0 2 0
geno chr3.131904694 tsi  0 1 0 0 0 0 0 1 0 0 0 0 0 0 0 2 0 1 0 0 0 0 0 1 1 0 0 0 0 0 0 0 0 0 1 1 0 1 0 0 0 0 0 0 0 0 0 0 0 1 0 1 0 0 1 0 1 0 0 0 0 0 1 1 1 0 0 0 0 0 1 0 0 0 0 0 0 0 0 0 1 0 0 1 0 0 1 0 0 0 0 0
geno chr3.131904694 yri  0 0 0 0 0 0 0 0 0 0 1 0 0 0 1 0 0 0 0 0 1 0 0 1 0 1 0 0 1 1 0 0 0 0 0 0 0 0 1 0 0 0 0 0 0 0 0 0 1 1 0 0 0 0 0 0 0 1 0 0 1 0 0 0 0 0 0 0 0 0 0 0 0 0 0 0 0
geno chr3.131905182 ceu  0 0 0 1 0 1 0 1 1 0 0 1 1 0 0 1 0 1 0 0 0 0 1 0 0 1 0 1 1 1 1 1 0 1 1 0 1 0 0 0 0 0 1 0 1 1 0 1 1 0 0 0 1 0 0 1 0 0 2 0 2 1 1 0 1 1 0 2 0 1 2 0 0 0 0 2 1 0
geno chr3.131905182 fin  1 0 0 0 1 1 0 1 1 0 0 0 0 0 0 1 0 1 0 0 0 0 0 0 0 1 0 0 0 0 1 2 0 1 0 0 1 0 0 0 1 1 0 0 0 0 0 0 0 0 0 1 0 0 0 0 1 1 0 0 0 1 0 0 0 1 0 2 0 0 0 0 1 1 0 0 0 0 0 0 1 1 0 0 0 0 0 2 0
geno chr3.131905182 gbr  0 1 0 0 1 1 2 0 1 0 1 1 0 0 1 0 0 2 0 1 1 2 0 0 1 0 0 0 0 0 0 0 0 0 0 0 0 0 0 1 0 0 0 1 0 1 0 0 0 1 0 2 0 0 0 0 1 1 1 1 1 1 2 1 1 0 0 0 1 0 2 1 0 0 1 1 0 0 0 1 0 1 0 1
geno chr3.131905182 tsi  1 0 1 0 0 1 2 0 0 2 1 1 0 0 0 0 1 1 0 0 1 2 2 1 0 1 0 1 0 1 0 1 2 1 0 0 1 1 0 1 0 1 1 1 0 0 0 0 1 0 1 0 0 1 0 1 0 0 0 0 0 1 1 0 0 0 1 0 0 0 0 1 1 1 1 0 1 0 0 1 1 1 1 0 1 1 1 2 0 0 1 1
geno chr3.131905182 yri  1 0 0 0 0 0 1 0 0 0 1 0 0 0 0 0 1 1 0 0 0 0 0 1 0 1 0 0 0 0 0 1 0 0 0 0 0 0 0 1 0 1 0 0 1 0 0 0 0 0 1 0 0 1 0 0 0 0 0 0 0 1 0 1 0 0 0 0 0 0 0 1 0 0 0 1 1
geno chr3.131905202 ceu  2 0 2 2 2 2 2 2 1 1 2 2 2 0 2 2 2 2 0 1 2 2 2 2 1 2 2 2 1 1 2 1 1 2 2 2 2 2 1 0 2 2 2 2 2 2 0 2 1 0 2 0 1 2 2 2 1 1 2 1 2 2 2 1 2 2 2 2 2 2 2 2 1 2 2 2 2 2
geno chr3.131905202 fin  2 1 2 2 1 1 1 1 2 1 2 1 0 1 2 2 0 1 1 1 0 1 1 2 2 1 1 1 2 0 1 2 0 2 1 1 2 1 2 1 2 2 1 2 0 2 2 1 0 2 1 2 1 1 2 2 2 2 1 1 2 2 0 2 2 2 1 2 2 2 1 0 1 1 2 2 2 2 2 0 1 2 2 2 2 1 2 2 2
geno chr3.131905202 gbr  1 1 2 1 1 1 2 2 1 2 2 1 1 1 2 2 2 1 2 1 1 2 1 2 1 2 2 2 2 1 1 2 2 1 0 1 1 2 0 1 2 2 2 2 1 2 2 2 1 2 1 2 2 2 2 1 2 2 2 1 1 2 2 2 2 2 2 2 2 2 2 1 2 2 0 1 2 2 2 1 2 2 0 2
geno chr3.131905202 tsi  2 1 1 2 1 2 2 1 2 1 2 1 2 2 2 0 2 1 2 1 2 1 2 0 1 1 2 2 2 2 2 2 2 2 1 1 2 1 2 2 2 2 2 2 2 2 2 2 2 1 1 1 2 2 0 2 1 2 2 2 2 1 1 1 1 2 2 2 1 2 1 2 2 1 2 2 2 2 1 1 1 2 2 1 1 1 1 2 2 2 2 2
geno chr3.131905202 yri  2 2 2 0 1 1 2 1 1 2 1 2 1 1 0 2 2 2 1 2 0 1 1 2 2 1 2 2 1 0 1 1 1 0 1 0 1 1 1 1 0 2 1 1 2 2 2 1 0 1 2 1 2 1 2 1 1 1 0 1 0 2 2 2 2 0 2 2 0 1 1 1 2 1 2 2 2
geno chr3.131905353 ceu  1 0 0 0 2 0 1 0 0 1 1 1 1 0 0 1 1 1 0 1 1 1 0 1 1 0 2 1 0 1 0 0 1 1 1 2 0 1 1 0 2 0 1 2 0 1 0 1 0 0 2 0 0 1 1 0 0 1 0 1 0 1 1 0 1 1 1 0 0 0 0 2 0 1 2 0 0 2
geno chr3.131905353 fin  0 0 1 0 0 0 0 0 1 1 0 0 0 1 1 0 0 0 1 0 0 0 0 2 0 0 1 1 0 0 0 0 0 0 0 0 1 1 0 0 0 1 1 1 0 1 1 0 0 0 1 0 1 0 1 1 0 0 0 0 0 0 0 2 2 0 0 0 1 1 0 0 0 0 1 1 0 1 1 0 0 1 1 0 1 1 0 0 1
geno chr3.131905353 gbr  0 0 1 0 0 0 0 0 0 1 1 0 1 1 1 2 2 0 2 0 0 0 1 2 0 1 1 2 1 1 1 2 2 1 0 1 0 1 0 0 2 1 1 0 1 0 2 2 0 1 1 0 0 1 0 1 1 1 0 0 0 0 0 1 0 2 1 2 0 0 0 0 1 0 0 0 1 1 1 0 1 0 0 0
geno chr3.131905353 tsi  0 1 1 1 0 1 0 1 0 0 0 0 1 2 1 0 1 0 1 1 1 0 0 0 1 0 1 0 1 0 1 1 0 1 0 1 0 0 1 1 1 0 0 1 1 1 2 1 1 0 0 0 0 1 0 0 0 1 2 0 1 0 0 1 0 1 0 1 1 2 0 0 0 1 1 1 0 1 0 0 0 0 1 1 1 0 0 0 1 0 1 1
geno chr3.131905353 yri  0 0 0 0 0 0 0 0 1 0 0 0 0 0 0 0 0 0 0 0 0 0 0 0 0 0 0 0 0 0 0 0 0 0 0 0 0 0 0 0 0 0 0 0 0 0 0 0 0 0 0 0 0 0 0 0 0 0 0 0 0 0 0 0 0 0 0 0 0 0 0 0 0 0 0 0 0
geno chr3.131905629 ceu  1 0 2 1 0 1 1 1 0 0 1 0 0 0 2 0 1 0 0 0 1 1 1 1 0 1 0 0 0 0 1 0 0 0 0 0 1 1 0 0 0 2 0 0 1 0 0 0 0 0 0 0 0 1 1 1 1 0 0 0 0 0 0 1 0 0 1 0 2 1 0 0 1 1 0 0 1 0
geno chr3.131905629 fin  1 1 1 2 0 0 1 0 0 0 2 1 0 0 1 1 0 0 0 1 0 1 1 0 2 0 0 0 2 0 0 0 0 1 1 1 0 0 2 1 1 0 0 1 0 1 1 1 0 2 0 1 0 1 1 1 1 1 1 1 2 1 0 0 0 1 1 0 1 1 1 0 0 0 1 1 2 1 1 0 0 0 1 2 1 0 2 0 1
geno chr3.131905629 gbr  1 0 1 1 0 0 0 2 0 1 0 0 0 0 0 0 0 0 0 0 0 0 0 0 0 1 1 0 1 0 0 0 0 0 0 0 1 1 0 0 0 1 1 1 0 1 0 0 1 0 0 0 2 1 2 0 0 0 1 0 0 1 0 0 1 0 1 0 1 2 0 0 1 2 0 0 1 1 1 0 1 1 0 1
geno chr3.131905629 tsi  1 0 0 1 1 0 0 0 2 0 1 0 1 0 1 0 0 0 1 0 0 0 0 0 0 1 1 1 1 1 1 0 0 0 1 0 1 0 1 0 1 1 1 0 1 1 0 1 0 1 0 1 2 0 0 1 1 1 0 2 1 0 0 0 1 1 1 1 0 0 1 1 1 0 0 1 1 1 1 0 0 1 0 0 0 0 0 0 1 2 0 0
geno chr3.131905629 yri  0 0 0 0 0 0 0 0 0 0 0 0 0 0 0 0 0 0 0 0 0 0 0 0 0 0 0 0 0 0 0 0 0 0 0 0 0 0 0 0 0 0 0 0 0 0 0 0 0 0 0 0 0 0 0 0 0 0 0 0 0 0 0 0 0 0 0 0 0 0 0 0 0 0 0 0 0
geno chr3.131905876 ceu  2 0 2 1 2 1 2 1 0 1 2 1 0 0 2 1 2 1 0 1 2 2 1 2 1 1 2 0 0 1 1 0 1 1 1 2 1 2 1 0 2 2 1 2 1 1 0 1 0 0 2 0 0 2 2 1 1 1 0 1 0 1 0 1 1 1 2 0 2 1 0 2 1 2 2 0 1 2
geno chr3.131905876 fin  1 1 2 2 0 0 1 0 1 1 2 1 0 1 2 1 0 0 1 1 0 1 1 2 2 0 1 1 2 0 0 0 0 1 1 1 0 1 2 1 1 1 1 2 0 2 2 1 0 2 1 1 1 1 2 2 1 1 1 1 2 1 0 2 2 1 1 0 2 1 1 0 0 0 2 2 2 2 2 0 0 1 2 2 2 1 2 0 1
geno chr3.131905876 gbr  1 0 2 1 0 0 0 2 0 2 1 0 1 1 1 2 2 0 2 0 0 0 1 2 0 2 2 2 1 1 1 1 2 1 0 1 1 2 0 0 2 2 2 1 1 1 2 2 1 1 1 0 2 2 2 1 1 0 1 0 0 1 0 1 1 2 2 2 1 2 0 0 2 2 0 0 2 2 2 0 2 1 0 1
geno chr3.131905876 tsi  1 1 1 2 1 1 0 1 2 0 1 0 2 2 2 0 1 0 2 1 1 0 0 0 1 1 2 1 2 1 2 1 0 1 1 1 1 0 2 1 2 1 1 1 2 2 2 2 1 1 0 1 2 1 0 1 1 2 2 2 2 0 1 1 1 2 1 2 1 2 1 1 1 1 1 2 1 2 1 0 0 1 1 1 1 0 0 0 2 2 1 1
geno chr3.131905876 yri  1 2 2 0 1 1 1 1 1 2 0 2 1 1 0 2 1 1 1 2 0 1 1 1 2 0 2 2 1 0 1 0 1 0 1 0 1 1 1 0 0 1 1 1 1 2 2 1 0 1 1 1 2 0 2 1 1 1 0 1 0 1 2 1 2 0 2 2 0 1 1 0 2 1 2 1 1
geno chr3.131906594 ceu  2 0 2 1 2 1 2 1 0 1 2 1 1 0 2 1 2 1 0 1 2 2 1 2 1 1 2 1 0 1 1 0 1 1 1 2 1 2 1 0 2 2 1 2 1 1 0 1 0 0 2 0 0 2 2 1 1 1 0 1 0 1 1 1 1 1 2 0 2 1 0 2 1 2 2 0 1 2
geno chr3.131906594 fin  1 1 2 2 0 0 1 0 1 1 2 1 0 1 2 1 0 0 1 1 0 1 1 2 2 0 1 1 2 0 0 0 0 1 1 1 1 1 2 1 1 1 1 2 0 2 2 1 0 2 1 1 1 1 2 2 1 1 1 1 2 1 0 2 2 1 1 0 2 2 1 0 0 0 2 2 2 2 2 0 0 1 2 2 2 1 2 0 2
geno chr3.131906594 gbr  1 0 2 1 0 0 0 2 0 2 1 0 1 1 1 2 2 0 2 0 0 0 1 2 0 2 2 2 2 1 1 2 2 1 0 1 1 2 0 0 2 2 2 1 1 1 2 2 1 1 1 0 2 2 2 1 1 1 1 0 0 1 0 1 1 2 2 2 1 2 0 0 2 2 0 0 2 2 2 0 2 1 0 1
geno chr3.131906594 tsi  1 1 1 2 1 1 0 1 2 0 1 0 2 2 2 0 1 0 2 1 1 0 0 0 1 1 2 1 2 1 2 1 0 1 1 1 1 0 2 1 2 1 1 1 2 2 2 2 1 1 0 1 2 1 0 1 1 2 2 2 2 0 0 1 1 2 1 2 1 2 1 1 1 1 1 2 1 2 1 0 0 1 1 1 1 0 0 0 2 2 1 1
geno chr3.131906594 yri  1 2 2 0 1 1 1 1 1 2 0 2 1 1 0 2 1 1 1 2 0 1 1 1 2 0 2 2 1 0 1 0 1 0 1 0 1 1 1 0 0 1 1 1 1 2 2 1 0 1 1 1 2 0 2 1 1 1 0 1 0 1 2 1 2 0 2 2 0 1 1 0 2 1 2 1 1
geno chr3.131907065 ceu  2 0 2 1 2 1 2 1 0 1 2 1 1 0 2 1 2 1 0 1 2 2 1 2 1 1 2 1 0 1 1 0 1 1 1 2 1 2 1 0 2 2 1 2 1 1 0 1 0 0 2 0 0 2 2 1 1 1 0 1 0 1 1 1 1 1 2 0 2 1 0 2 1 2 2 0 1 2
geno chr3.131907065 fin  1 1 2 2 0 0 1 0 1 1 2 1 0 1 2 1 0 0 1 1 0 1 1 2 2 0 1 1 2 0 0 0 0 1 1 1 1 1 2 1 1 1 1 2 0 2 2 1 0 2 1 1 1 1 2 2 1 1 1 1 2 1 0 2 2 1 1 0 2 2 1 0 0 0 2 2 2 2 2 0 0 1 2 2 2 1 2 0 2
geno chr3.131907065 gbr  1 0 2 1 0 0 0 2 0 2 1 0 1 1 1 2 2 0 2 0 0 0 1 2 0 2 2 2 2 1 1 2 2 1 0 1 1 2 0 0 2 2 2 1 1 1 2 2 1 1 1 0 2 2 2 1 1 1 1 0 0 1 0 1 1 2 2 2 1 2 0 0 2 2 0 0 2 2 2 0 2 1 0 1
geno chr3.131907065 tsi  1 1 1 2 1 1 0 1 2 0 1 0 2 2 2 0 1 0 2 1 1 0 0 0 1 1 2 1 2 1 2 1 0 1 1 1 1 0 2 1 2 1 1 1 2 2 2 2 1 1 0 1 2 1 0 1 1 2 2 2 2 0 0 1 1 2 1 2 1 2 1 1 1 1 1 2 1 2 1 0 0 1 1 1 1 0 0 0 2 2 1 1
geno chr3.131907065 yri  1 2 2 1 2 1 1 1 1 2 0 2 1 1 0 2 1 1 2 2 0 1 1 1 2 0 2 2 1 0 1 0 1 1 1 0 1 1 1 1 0 1 1 1 1 2 2 1 0 1 1 1 2 0 2 2 1 1 0 1 0 1 2 1 2 0 2 2 0 1 1 0 2 1 2 1 1
geno chr3.131907558 ceu  2 2 2 1 2 1 2 1 1 2 2 1 1 2 2 1 2 1 1 2 2 2 1 2 2 1 2 1 1 1 1 1 1 1 1 2 1 2 2 2 2 2 1 2 1 1 2 1 1 2 2 2 1 2 2 1 2 2 0 2 0 1 1 2 1 1 2 0 2 1 0 2 2 2 2 0 1 2
geno chr3.131907558 fin  1 2 2 2 1 0 2 1 1 2 2 2 2 2 2 1 2 1 2 2 1 1 1 2 2 1 2 2 2 2 1 0 2 1 2 2 1 2 2 2 1 1 2 2 2 2 2 2 2 2 2 1 1 2 2 2 1 1 2 2 2 1 2 2 2 1 2 0 2 2 2 1 1 0 2 2 2 2 2 2 1 1 2 2 2 2 2 0 2
geno chr3.131907558 gbr  2 1 2 2 1 1 0 2 1 2 1 1 1 2 1 2 2 0 2 0 1 0 2 2 1 2 2 1 2 1 2 2 2 2 2 2 2 2 2 1 2 2 2 1 2 1 2 2 2 1 2 0 2 2 2 2 1 1 1 1 1 1 0 1 1 2 2 2 1 2 0 1 2 2 1 1 2 2 2 1 2 1 2 1
geno chr3.131907558 tsi  1 2 1 2 1 1 0 2 2 0 1 0 2 2 2 2 1 1 2 2 1 0 0 1 2 1 2 1 2 1 2 1 0 1 2 2 1 1 2 1 2 1 1 1 2 2 2 2 1 2 1 2 2 1 1 1 2 2 2 2 2 1 1 2 2 2 1 2 2 2 2 1 1 1 1 2 1 2 2 1 1 1 1 1 1 1 1 0 2 2 1 1
geno chr3.131907558 yri  1 2 2 2 2 1 1 1 2 2 1 2 1 2 2 2 1 1 2 2 1 2 1 1 2 1 2 2 2 1 2 1 1 2 1 0 1 1 2 1 0 1 2 1 1 2 2 2 1 2 1 2 2 1 2 2 1 2 0 2 1 1 2 1 2 0 2 2 0 2 2 0 2 1 2 1 1
geno chr3.131907899 ceu  2 0 2 1 2 1 2 1 0 1 2 1 1 0 2 1 2 1 0 1 2 2 1 2 1 1 2 1 0 1 1 0 1 1 1 2 1 2 1 0 2 2 1 2 1 1 0 1 0 0 2 0 0 2 2 1 1 1 0 1 0 1 1 1 1 1 2 0 2 1 0 2 1 2 2 0 1 2
geno chr3.131907899 fin  1 1 2 2 0 0 1 0 1 1 2 1 0 1 2 1 0 0 1 1 0 1 1 2 2 0 1 1 2 0 0 0 0 1 1 1 1 1 2 1 1 1 1 2 0 2 2 1 0 2 1 1 1 1 2 2 1 1 1 1 2 1 0 2 2 1 1 0 2 2 1 0 0 0 2 2 2 2 2 0 0 1 2 2 2 1 2 0 2
geno chr3.131907899 gbr  1 0 2 1 0 0 0 2 0 2 1 0 1 1 1 2 2 0 2 0 0 0 1 2 0 2 2 2 2 1 1 2 2 1 0 1 1 2 0 0 2 2 2 1 1 1 2 2 1 1 1 0 2 2 2 1 1 1 1 0 0 1 0 1 1 2 2 2 1 2 0 0 2 2 0 0 2 2 2 0 2 1 0 1
geno chr3.131907899 tsi  1 1 1 2 1 1 0 1 2 0 1 0 2 2 2 0 1 0 2 1 1 0 0 0 1 1 2 1 2 1 2 1 0 1 1 1 1 0 2 1 2 1 1 1 2 2 2 2 1 1 0 1 2 1 0 1 1 2 2 2 2 0 0 1 1 2 1 2 1 2 1 1 1 1 1 2 1 2 1 0 0 1 1 1 1 0 0 0 2 2 1 1
geno chr3.131907899 yri  1 2 2 1 1 1 1 2 1 2 0 2 1 1 0 2 1 2 2 2 0 1 1 1 2 0 2 2 1 0 1 1 1 1 1 1 1 1 1 1 0 1 1 1 1 2 2 1 0 1 1 1 2 0 2 2 1 1 0 1 0 2 2 1 2 0 2 2 0 1 1 1 2 1 2 1 1
geno chr3.131907938 ceu  0 2 0 0 0 0 0 0 0 0 0 0 0 1 0 0 0 0 1 0 0 0 0 0 0 0 0 0 0 0 0 1 0 0 0 0 0 0 0 1 0 0 0 0 0 0 1 0 0 2 0 2 1 0 0 0 1 1 0 1 0 0 0 1 0 0 0 0 0 0 0 0 0 0 0 0 0 0
geno chr3.131907938 fin  0 0 0 0 1 0 1 0 0 0 0 1 1 0 0 0 2 0 1 1 1 0 0 0 0 1 1 0 0 1 1 0 2 0 1 0 0 0 0 0 0 0 1 0 0 0 0 1 1 0 0 0 0 0 0 0 0 0 1 0 0 0 1 0 0 0 1 0 0 0 0 1 1 0 0 0 0 0 0 1 1 0 0 0 0 1 0 0 0
geno chr3.131907938 gbr  1 0 0 0 0 0 0 0 0 0 0 0 0 1 0 0 0 0 0 0 0 0 1 0 1 0 0 0 0 1 0 0 0 0 2 0 1 0 1 0 0 0 0 0 1 0 0 0 0 0 1 0 0 0 0 1 0 0 0 1 0 0 0 0 0 0 0 0 0 0 0 0 0 0 0 1 0 0 0 1 0 0 0 0
geno chr3.131907938 tsi  0 0 0 0 0 0 0 0 0 0 0 0 0 0 0 2 0 1 0 1 0 0 0 0 0 0 0 0 0 0 0 0 0 0 1 0 0 0 0 0 0 0 0 0 0 0 0 0 0 0 0 1 0 0 1 0 1 0 0 0 0 0 1 0 1 0 0 0 1 0 1 0 0 0 0 0 0 0 0 1 1 0 0 0 0 0 0 0 0 0 0 0
geno chr3.131907938 yri  0 0 0 1 0 0 0 0 1 0 1 0 0 1 2 0 0 0 0 0 1 1 0 0 0 1 0 0 1 1 1 1 0 1 0 0 0 0 1 0 0 0 1 1 0 0 0 1 1 1 0 1 0 1 0 0 0 1 0 1 1 0 0 0 0 0 0 0 0 1 1 0 0 0 0 0 0
geno chr3.131907977 ceu  1 0 2 1 0 1 1 1 0 0 1 0 0 0 2 0 1 0 0 0 1 1 1 1 0 1 0 0 0 0 1 0 0 0 0 0 1 1 0 0 0 2 0 0 1 0 0 0 0 0 0 0 0 1 1 1 1 0 0 0 0 0 0 1 0 0 1 0 2 1 0 0 1 1 0 0 1 0
geno chr3.131907977 fin  1 1 1 2 0 0 1 0 0 0 2 1 0 0 1 1 0 0 0 1 0 1 1 0 2 0 0 0 2 0 0 0 0 1 1 1 0 0 2 1 1 0 0 1 0 1 1 1 0 2 0 1 0 1 1 1 1 1 1 1 2 1 0 0 0 1 1 0 1 1 1 0 0 0 1 1 2 1 1 0 0 0 1 2 1 0 2 0 1
geno chr3.131907977 gbr  1 0 1 1 0 0 0 2 0 1 0 0 0 0 0 0 0 0 0 0 0 0 0 0 0 1 1 0 1 0 0 0 0 0 0 0 1 1 0 0 0 1 1 1 0 1 0 0 1 0 0 0 2 1 2 0 0 0 1 0 0 1 0 0 1 0 1 0 1 2 0 0 1 2 0 0 1 1 1 0 1 1 0 1
geno chr3.131907977 tsi  1 0 0 1 1 0 0 0 2 0 1 0 1 0 1 0 0 0 1 0 0 0 0 0 0 1 1 1 1 1 1 0 0 0 1 0 1 0 1 0 1 1 1 0 1 1 0 1 0 1 0 1 2 0 0 1 1 1 0 2 1 0 0 0 1 1 1 1 0 0 1 1 1 0 0 1 1 1 1 0 0 1 0 0 0 0 0 0 1 2 0 0
geno chr3.131907977 yri  0 0 0 0 0 0 0 0 0 0 0 0 0 0 0 0 0 0 0 0 0 0 0 0 0 0 0 0 0 0 0 0 0 0 0 0 0 0 0 0 0 0 0 0 0 0 0 0 0 0 0 0 0 0 0 0 0 0 0 0 0 0 0 0 0 0 0 0 0 0 0 0 0 0 0 0 0
geno chr3.131908305 ceu  2 0 2 1 2 1 2 1 0 1 2 1 1 0 2 1 2 1 0 1 2 2 1 2 1 1 2 1 0 1 1 0 1 1 1 2 1 2 1 0 2 2 1 2 1 1 0 1 0 0 2 0 0 2 2 1 1 1 0 1 0 1 1 1 1 1 2 0 2 1 0 2 1 2 2 0 1 2
geno chr3.131908305 fin  1 1 2 2 0 0 1 0 1 1 2 1 0 1 2 1 0 0 1 1 0 1 1 2 2 0 1 1 2 0 0 0 0 1 1 1 1 1 2 1 1 1 1 2 0 2 2 1 0 2 1 1 1 1 2 2 1 1 1 1 2 1 0 2 2 1 1 0 2 1 1 0 0 0 2 2 2 2 2 0 0 1 2 2 2 1 2 0 2
geno chr3.131908305 gbr  1 0 2 1 0 0 0 2 0 2 1 0 1 1 1 2 2 0 2 0 0 0 1 2 0 2 2 2 2 1 1 2 2 1 0 1 1 2 0 0 2 2 2 1 1 1 2 2 1 1 1 0 2 2 2 1 1 1 1 0 0 1 0 1 1 2 2 2 1 2 0 0 2 2 0 0 2 2 2 0 2 1 0 1
geno chr3.131908305 tsi  1 1 1 2 1 1 0 1 2 0 1 0 1 2 2 0 1 0 2 1 1 0 0 0 1 1 2 1 2 1 2 1 0 1 1 1 1 0 2 1 2 1 1 1 2 2 2 1 1 1 0 1 2 1 0 1 1 2 2 2 2 0 0 1 1 2 1 2 1 2 1 1 1 1 1 2 1 2 1 0 0 1 1 1 1 0 0 0 2 2 1 1
geno chr3.131908305 yri  1 2 2 1 2 1 1 2 1 2 0 2 1 1 0 2 1 2 2 2 0 1 1 1 2 0 2 2 1 0 1 1 1 1 1 1 1 1 1 2 0 1 1 1 1 2 2 1 0 1 1 1 2 0 2 2 1 1 0 1 0 2 2 1 2 0 2 2 0 1 1 1 2 1 2 1 1
geno chr3.131908620 ceu  2 0 2 1 2 1 2 1 0 1 2 1 1 0 2 1 2 1 0 1 2 2 1 2 1 1 2 1 0 1 1 0 1 1 1 2 1 2 1 0 2 2 1 2 1 1 0 1 0 0 2 0 0 2 2 1 1 1 0 1 0 1 1 1 1 1 2 0 2 1 0 2 1 2 2 0 1 2
geno chr3.131908620 fin  1 1 2 2 0 0 1 0 1 1 2 1 0 1 2 1 0 0 1 1 0 1 1 2 2 0 1 1 2 0 0 0 0 1 1 1 1 1 2 1 1 1 1 2 0 2 2 1 0 2 1 1 1 1 2 2 1 1 1 1 2 1 0 2 2 1 1 0 2 2 1 0 0 0 2 2 2 2 2 0 0 1 2 2 2 1 2 0 2
geno chr3.131908620 gbr  1 0 2 1 0 0 0 2 0 2 1 0 1 1 1 2 2 0 2 0 0 0 1 2 0 2 2 2 2 1 1 2 2 1 0 1 1 2 0 0 2 2 2 1 1 1 2 2 1 1 1 0 2 2 2 1 1 1 1 0 0 1 0 1 1 2 2 2 1 2 0 0 2 2 0 0 2 2 2 0 2 1 0 1
geno chr3.131908620 tsi  1 1 1 2 1 1 0 1 2 0 1 0 1 2 2 0 1 0 2 1 1 0 0 0 1 1 2 1 2 1 2 1 0 1 1 1 1 0 2 1 2 1 1 1 2 2 2 1 1 1 0 1 2 1 0 1 1 2 2 2 2 0 0 1 1 2 1 2 1 2 1 1 1 1 1 2 1 2 1 0 0 1 1 1 1 0 0 0 2 2 1 1
geno chr3.131908620 yri  1 2 2 1 2 1 1 1 1 2 0 2 1 1 0 2 1 2 2 2 0 1 1 1 2 0 2 2 1 0 1 1 1 1 1 0 1 1 1 1 0 1 1 1 1 2 2 1 0 1 1 1 2 0 2 2 1 1 0 1 0 2 2 1 2 0 2 2 0 1 1 1 2 1 2 1 1
geno chr3.131908828 ceu  2 0 2 1 2 1 2 1 0 1 2 1 1 0 2 1 2 1 0 1 2 2 1 2 1 1 2 1 0 1 1 0 1 1 1 2 1 2 1 0 2 2 1 2 1 1 0 1 0 0 2 0 0 2 2 1 1 1 0 1 0 1 1 1 1 1 2 0 2 1 0 2 1 2 2 0 1 2
geno chr3.131908828 fin  1 1 2 2 0 0 1 0 1 1 2 1 0 1 2 1 0 0 1 1 0 1 1 2 2 0 1 1 2 0 0 0 0 1 1 1 1 1 2 1 1 1 1 2 0 2 2 1 0 2 1 1 1 1 2 2 1 1 1 1 2 1 0 2 2 1 1 0 2 2 1 0 0 0 2 2 2 2 2 0 0 1 2 2 2 1 2 0 2
geno chr3.131908828 gbr  1 0 2 1 0 0 0 2 0 2 1 0 1 1 1 2 2 0 2 0 0 0 1 2 0 2 2 2 2 1 1 2 2 1 0 1 1 2 0 0 2 2 2 1 1 1 2 2 1 1 1 0 2 2 2 1 1 1 1 0 0 1 0 1 1 2 2 2 1 2 0 0 2 2 0 0 2 2 2 0 2 1 0 1
geno chr3.131908828 tsi  1 1 1 2 1 1 0 1 2 0 1 0 1 2 2 0 1 0 2 1 1 0 0 0 1 1 2 1 2 1 2 1 0 1 1 1 1 0 2 1 2 1 1 1 2 2 2 1 1 1 0 1 2 1 0 1 1 2 2 2 2 0 0 1 1 2 1 2 1 2 1 1 1 1 1 2 1 2 1 0 0 1 1 1 1 0 0 0 2 2 1 1
geno chr3.131908828 yri  1 2 2 1 1 1 1 1 1 2 0 2 1 1 0 2 1 1 2 2 0 1 1 1 2 0 2 2 1 0 1 0 1 1 1 0 1 1 1 1 0 1 1 1 1 2 2 1 0 1 1 1 2 0 2 2 1 1 0 1 0 1 2 1 2 0 2 2 0 1 1 0 2 1 2 1 1
geno chr3.131909761 ceu  2 0 2 1 2 1 2 1 0 1 2 1 1 0 2 1 2 1 0 1 2 2 1 2 1 1 2 1 0 1 1 0 1 1 1 2 1 2 1 0 2 2 1 2 1 1 0 1 0 0 2 0 0 2 2 1 1 1 0 1 0 1 1 1 1 1 2 0 2 1 0 2 1 2 2 0 1 2
geno chr3.131909761 fin  1 1 2 2 0 0 1 0 1 1 2 1 0 1 2 1 0 0 1 1 0 1 1 2 2 0 1 1 2 0 0 0 0 1 1 1 1 1 2 1 1 1 1 2 0 2 2 1 0 2 1 1 1 1 2 2 1 1 1 1 2 1 0 2 2 1 1 0 2 2 1 0 0 0 2 2 2 2 2 0 0 1 2 2 2 1 2 0 2
geno chr3.131909761 gbr  1 0 2 1 0 0 0 2 0 2 1 0 1 1 1 2 2 0 2 0 0 0 1 2 0 2 2 2 2 1 1 2 2 1 0 1 1 2 0 0 2 2 2 1 1 1 2 2 1 1 1 0 2 2 2 1 1 1 1 0 0 1 0 1 1 2 2 2 1 2 0 0 2 2 0 0 2 2 2 0 2 1 0 1
geno chr3.131909761 tsi  1 1 1 2 1 1 0 1 2 0 1 0 1 2 2 0 1 0 2 1 1 0 0 0 1 1 2 1 2 1 2 1 0 1 1 1 1 0 2 1 2 1 1 1 2 2 2 1 1 1 0 1 2 1 0 1 1 2 2 2 2 0 0 1 1 2 1 2 1 2 1 1 1 1 1 2 1 2 1 0 0 1 1 1 1 0 0 0 2 2 1 1
geno chr3.131909761 yri  1 2 2 1 1 1 1 1 1 2 0 2 1 1 0 2 1 2 2 2 0 1 1 1 1 0 2 2 1 0 1 1 1 1 1 0 1 1 1 1 0 1 1 1 1 2 2 2 0 1 1 1 2 0 2 2 1 1 0 1 0 2 2 1 2 0 2 2 0 1 1 1 2 1 2 1 1
geno chr3.131910161 ceu  0 2 0 0 0 0 0 0 0 0 0 0 0 1 0 0 0 0 1 0 0 0 0 0 0 0 0 0 0 0 0 1 0 0 0 0 0 0 0 1 0 0 0 0 0 0 1 0 0 2 0 2 1 0 0 0 1 1 0 1 0 0 0 1 0 0 0 0 0 0 0 0 0 0 0 0 0 0
geno chr3.131910161 fin  0 0 0 0 1 0 1 0 0 0 0 1 1 0 0 0 2 0 1 1 1 0 0 0 0 1 1 0 0 1 1 0 2 0 1 0 0 0 0 0 0 0 1 0 0 0 0 1 1 0 0 0 0 0 0 0 0 0 1 0 0 0 1 0 0 0 1 0 0 0 0 1 1 0 0 0 0 0 0 1 1 0 0 0 0 1 0 0 0
geno chr3.131910161 gbr  1 0 0 0 0 0 0 0 0 0 0 0 0 1 0 0 0 0 0 0 0 0 1 0 1 0 0 0 0 1 0 0 0 0 2 0 1 0 1 0 0 0 0 0 1 0 0 0 0 0 1 0 0 0 0 1 0 0 0 1 0 0 0 0 0 0 0 0 0 0 0 0 0 0 0 1 0 0 0 1 0 0 0 0
geno chr3.131910161 tsi  0 0 0 0 0 0 0 0 0 0 0 0 0 0 0 2 0 1 0 1 0 0 0 0 0 0 0 0 0 0 0 0 0 0 1 0 0 0 0 0 0 0 0 0 0 0 0 0 0 0 0 1 0 0 1 0 1 0 0 0 0 0 1 0 1 0 0 0 1 0 1 0 0 0 0 0 0 0 0 1 1 0 0 0 0 0 0 0 0 0 0 0
geno chr3.131910161 yri  0 0 0 1 0 0 0 0 1 0 1 0 0 1 2 0 0 0 0 0 1 1 0 0 0 1 0 0 1 1 1 1 0 1 0 0 0 0 1 0 0 0 1 1 0 0 0 0 1 1 0 1 0 1 0 0 0 1 0 1 1 0 0 0 0 0 0 0 0 1 1 0 0 0 0 0 0
geno chr3.131911430 ceu  1 0 0 0 2 0 1 0 0 1 1 1 1 0 0 1 1 1 0 1 1 1 0 1 1 0 2 1 0 1 0 0 1 1 1 2 0 1 1 0 2 0 1 2 0 1 0 1 0 0 2 0 0 1 1 0 0 1 0 1 0 1 1 0 1 1 1 0 0 0 0 2 0 1 2 0 0 2
geno chr3.131911430 fin  0 0 1 0 0 0 0 0 1 1 0 0 0 1 1 0 0 0 1 0 0 0 0 2 0 0 1 1 0 0 0 0 0 0 0 0 1 1 0 0 0 1 1 1 0 1 1 0 0 0 1 0 1 0 1 1 0 0 0 0 0 0 0 2 2 0 0 0 1 1 0 0 0 0 1 1 0 1 1 0 0 1 1 0 1 1 0 0 1
geno chr3.131911430 gbr  0 0 1 0 0 0 0 0 0 1 1 0 1 1 1 2 2 0 2 0 0 0 1 2 0 1 1 2 1 1 1 2 2 1 0 1 0 1 0 0 2 1 1 0 1 0 2 2 0 1 1 0 0 1 0 1 1 1 0 0 0 0 0 1 0 2 1 2 0 0 0 0 1 0 0 0 1 1 1 0 1 0 0 0
geno chr3.131911430 tsi  0 1 1 1 0 1 0 1 0 0 0 0 0 2 1 0 1 0 1 1 1 0 0 0 1 0 1 0 1 0 1 1 0 1 0 1 0 0 1 1 1 0 0 1 1 1 2 0 1 0 0 0 0 1 0 0 0 1 2 0 1 0 0 1 0 1 0 1 1 2 0 0 0 1 1 1 0 1 0 0 0 0 1 1 1 0 0 0 1 0 1 1
geno chr3.131911430 yri  0 0 0 0 0 0 0 0 1 0 0 0 0 0 0 0 0 0 0 0 0 0 0 0 0 0 0 0 0 0 0 0 0 0 0 0 0 0 0 0 0 0 0 0 0 0 0 0 0 0 0 0 0 0 0 0 1 0 0 0 0 0 0 0 0 0 0 0 1 0 0 0 0 0 0 0 0
geno chr3.131911666 ceu  0 0 0 1 0 0 0 1 0 0 0 0 0 0 0 0 0 1 0 0 0 0 1 0 0 1 0 1 1 1 1 1 0 0 1 0 1 0 0 0 0 0 0 0 0 0 0 1 0 0 0 0 1 0 0 1 0 0 0 0 2 1 1 0 1 1 0 2 0 0 1 0 0 0 0 0 1 0
geno chr3.131911666 fin  1 0 0 0 0 0 0 1 1 0 0 0 0 0 0 1 0 0 0 0 0 0 0 0 0 1 0 0 0 0 1 1 0 1 0 0 1 0 0 0 1 1 0 0 0 0 0 0 0 0 0 1 0 0 0 0 0 1 0 0 0 1 0 0 0 1 0 2 0 0 0 1 1 0 0 0 0 0 0 0 0 0 0 0 0 0 0 2 0
geno chr3.131911666 gbr  0 0 0 0 0 1 1 0 1 0 0 0 0 0 1 0 0 1 0 0 0 0 0 0 0 0 0 0 0 0 0 0 0 0 0 0 0 0 0 1 0 0 0 0 0 0 0 0 0 1 0 2 0 0 0 0 1 1 0 1 0 0 2 1 0 0 0 0 0 0 1 1 0 0 1 1 0 0 0 1 0 1 0 1
geno chr3.131911666 tsi  0 0 1 0 0 0 1 0 0 1 0 1 0 0 0 0 0 1 0 0 0 1 1 1 0 1 0 1 0 0 0 0 0 0 0 0 0 1 0 0 0 0 0 1 0 0 0 0 1 0 1 0 0 0 0 0 0 0 0 0 0 0 1 0 0 0 0 0 0 0 0 1 1 1 0 0 1 0 0 0 1 0 0 0 1 0 0 0 0 0 0 0
geno chr3.131911666 yri  0 0 0 0 0 0 0 0 0 0 0 0 0 0 0 0 0 0 0 0 0 0 0 0 0 0 0 0 0 0 0 0 0 0 0 0 0 0 0 0 0 0 0 0 0 0 0 0 0 0 0 0 0 0 0 0 0 0 0 0 0 0 0 0 0 0 0 0 0 0 0 0 0 0 0 0 0
geno chr3.131911771 ceu  0 2 0 0 0 0 0 0 0 0 0 0 0 1 0 0 0 0 1 0 0 0 0 0 0 0 0 0 0 0 0 1 0 0 0 0 0 0 0 1 0 0 0 0 0 0 1 0 0 2 0 2 1 0 0 0 1 1 0 1 0 0 0 1 0 0 0 0 0 0 0 0 0 0 0 0 0 0
geno chr3.131911771 fin  0 0 0 0 1 0 1 0 0 0 0 1 1 0 0 0 2 0 1 1 1 0 0 0 0 1 1 0 0 1 1 0 2 0 1 0 0 0 0 0 0 0 1 0 0 0 0 1 1 0 0 0 0 0 0 0 0 0 1 0 0 0 1 0 0 0 1 0 0 0 0 1 1 0 0 0 0 0 0 1 1 0 0 0 0 1 0 0 0
geno chr3.131911771 gbr  1 0 0 0 0 0 0 0 0 0 0 0 0 1 0 0 0 0 0 0 0 0 1 0 1 0 0 0 0 1 0 0 0 0 1 0 1 0 1 0 0 0 0 0 1 0 0 0 0 0 1 0 0 0 0 1 0 0 0 1 0 0 0 0 0 0 0 0 0 0 0 0 0 0 0 1 0 0 0 1 0 0 0 0
geno chr3.131911771 tsi  0 0 0 0 0 0 0 0 0 0 0 0 0 0 0 2 0 1 0 1 0 0 0 0 0 0 0 0 0 0 0 0 0 0 1 0 0 0 0 0 0 0 0 0 0 0 0 0 0 0 0 1 0 0 1 0 1 0 0 0 0 0 1 0 1 0 0 0 1 0 1 0 0 0 0 0 0 0 0 1 1 0 0 0 0 0 0 0 0 0 0 0
geno chr3.131911771 yri  0 0 0 0 0 0 0 0 0 0 0 0 0 0 0 0 0 0 0 0 0 0 0 0 0 0 0 0 0 0 0 0 0 0 0 0 0 0 1 0 0 0 0 0 0 0 0 0 0 0 0 0 0 0 0 0 0 1 0 0 0 0 0 0 0 0 0 0 0 0 0 0 0 0 0 0 0
geno chr3.131912013 ceu  0 2 0 0 0 0 0 0 0 0 0 0 0 1 0 0 0 0 1 0 1 0 0 0 0 0 0 0 0 0 0 1 0 0 0 1 0 0 0 1 0 0 0 0 0 1 1 0 0 2 0 2 1 0 0 0 1 1 0 1 0 0 0 1 0 0 1 0 0 0 0 0 0 0 0 0 0 0
geno chr3.131912013 fin  0 0 0 0 1 0 1 0 0 0 0 1 1 0 0 0 2 0 1 1 1 0 0 0 0 1 1 0 0 1 0 0 2 0 1 0 0 0 0 0 0 0 1 0 0 0 0 1 1 0 0 0 0 0 0 0 0 0 1 0 0 0 1 0 0 0 1 0 0 0 0 1 1 0 0 0 0 0 0 1 1 0 0 0 0 1 0 0 1
geno chr3.131912013 gbr  1 0 0 0 0 0 0 0 0 0 0 0 0 1 0 0 0 0 0 0 0 0 1 0 1 0 0 0 0 1 0 0 0 1 2 0 1 0 1 0 0 0 0 0 1 0 0 0 0 0 1 0 0 0 0 1 0 0 0 1 0 0 0 0 0 0 0 0 0 0 0 0 0 0 0 1 0 0 0 1 0 0 0 0
geno chr3.131912013 tsi  0 0 0 0 0 0 0 0 0 0 0 0 0 0 0 2 0 1 0 1 0 0 0 0 0 0 0 0 0 0 0 0 0 0 1 0 0 0 0 0 0 0 0 0 0 0 0 0 0 0 0 1 0 0 1 0 1 0 0 0 0 0 1 0 1 0 0 0 1 0 1 0 0 0 0 0 0 0 0 1 1 0 0 0 0 0 0 0 0 0 0 0
geno chr3.131912013 yri  0 0 0 1 0 0 0 0 1 0 1 0 0 1 2 0 0 0 0 0 1 1 0 0 0 1 0 0 1 1 1 1 0 1 0 0 0 0 1 0 0 0 1 1 0 0 0 0 1 1 0 1 0 1 0 0 0 1 0 1 1 0 0 0 0 0 0 0 0 1 1 0 0 0 0 0 0
geno chr3.131912230 ceu  2 0 2 1 2 1 2 1 0 1 2 1 1 0 2 1 2 1 0 1 2 2 1 2 1 1 2 1 0 1 1 0 1 1 1 2 1 2 1 0 2 2 1 2 1 1 0 1 0 0 2 0 0 2 2 1 1 1 0 1 0 1 1 1 1 1 2 0 2 1 0 2 1 2 2 0 1 2
geno chr3.131912230 fin  1 1 2 2 0 0 1 0 1 1 2 1 0 1 2 1 0 0 1 1 0 1 1 2 2 0 1 1 2 0 0 0 0 1 1 1 1 1 2 1 1 1 1 2 0 2 2 1 0 2 1 1 1 1 2 2 1 1 1 1 2 1 0 2 2 1 1 0 2 2 1 0 0 0 2 2 2 2 2 0 0 1 2 2 2 1 2 0 2
geno chr3.131912230 gbr  1 0 2 1 0 0 0 2 0 2 1 0 1 1 1 2 2 0 2 0 0 0 1 2 0 2 2 2 2 1 1 2 2 1 0 1 1 2 0 0 2 2 2 1 1 1 2 2 1 1 1 0 2 2 2 1 1 1 1 0 0 1 0 1 1 2 2 2 1 2 0 0 2 2 0 0 2 2 2 0 2 1 0 1
geno chr3.131912230 tsi  1 1 1 2 1 1 0 1 2 0 1 0 1 2 2 0 1 0 2 1 1 0 0 0 1 1 2 1 2 1 2 1 0 1 1 1 1 0 2 1 2 1 1 1 2 2 2 1 1 1 0 1 2 1 0 1 1 2 2 2 2 0 0 1 1 2 1 2 1 2 1 1 1 1 1 2 1 2 1 0 0 1 1 1 1 0 0 0 2 2 1 1
geno chr3.131912230 yri  1 2 2 1 1 1 1 2 1 2 0 2 1 1 0 2 1 2 2 2 0 1 1 1 1 0 2 2 1 0 1 1 1 1 1 1 1 1 1 1 0 1 1 1 1 2 2 2 0 1 1 1 2 0 2 2 1 1 0 1 0 2 2 1 2 0 2 2 0 1 1 1 2 1 2 1 1
geno chr3.131912818 ceu  0 0 0 0 0 0 0 0 0 0 0 0 0 0 0 0 0 0 0 0 0 0 0 0 0 0 0 0 0 0 0 0 0 0 0 0 0 0 0 0 0 0 0 0 0 0 0 0 0 0 0 0 0 0 0 0 0 0 0 0 0 0 0 0 0 0 0 0 0 0 0 0 0 0 0 0 0 0
geno chr3.131912818 fin  0 0 0 0 0 0 0 0 0 0 0 0 0 0 0 0 0 0 0 0 0 0 0 0 0 0 0 0 0 0 0 0 0 0 0 0 0 0 0 0 0 0 0 0 0 0 0 0 0 0 0 0 0 0 0 0 0 0 0 0 0 0 0 0 0 0 0 0 0 0 0 0 0 0 0 0 0 0 0 0 0 0 0 0 0 0 0 0 0
geno chr3.131912818 gbr  0 0 0 0 0 0 0 0 0 0 0 0 0 0 0 0 0 0 0 0 0 0 0 0 0 0 0 0 0 0 0 0 0 0 0 0 0 0 0 0 0 0 0 0 0 0 0 0 0 0 0 0 0 0 0 0 0 0 0 0 0 0 0 0 0 0 0 0 0 0 0 0 0 0 0 0 0 0 0 0 0 0 0 0
geno chr3.131912818 tsi  0 0 0 0 0 0 0 0 0 0 0 0 0 0 0 0 0 0 0 0 0 0 0 0 0 0 0 0 0 0 0 0 0 0 0 0 0 0 0 0 0 0 0 0 0 0 0 0 0 0 0 0 0 0 0 0 0 0 0 0 0 0 0 0 0 0 0 0 0 0 0 0 0 0 0 0 0 0 0 0 0 0 0 0 0 0 0 0 0 0 0 0
geno chr3.131912818 yri  0 1 2 0 0 0 1 0 0 0 0 1 1 0 0 2 0 1 1 2 0 1 1 0 0 0 1 1 0 0 0 0 0 0 0 0 1 0 1 0 0 1 0 1 0 1 0 0 0 0 0 0 1 0 0 0 1 1 0 1 0 0 0 1 1 0 1 0 0 0 1 0 1 0 2 0 1
geno chr3.131912890 ceu  2 2 2 1 2 1 2 1 1 2 2 1 1 2 2 1 2 1 1 2 2 2 1 2 2 1 2 1 1 1 1 1 1 1 1 2 1 2 2 2 2 2 1 2 1 1 2 1 1 2 2 2 1 2 2 1 2 2 0 2 0 1 1 2 1 1 2 0 2 1 0 2 2 2 2 0 1 2
geno chr3.131912890 fin  1 2 2 2 1 0 2 1 1 2 2 2 2 2 2 1 2 1 2 2 1 1 1 2 2 1 2 2 2 2 1 0 2 1 2 2 1 2 2 2 1 1 2 2 2 2 2 2 2 2 2 1 1 2 2 2 1 1 2 2 2 1 2 2 2 1 2 0 2 2 2 1 1 0 2 2 2 2 2 2 1 1 2 2 2 2 2 0 2
geno chr3.131912890 gbr  2 1 2 2 1 1 0 2 1 2 1 1 1 2 1 2 2 0 2 0 1 0 2 2 1 2 2 2 2 2 2 2 2 2 2 2 2 2 2 1 2 2 2 1 2 1 2 2 2 1 2 0 2 2 2 2 1 1 1 1 1 1 0 1 1 2 2 2 1 2 0 1 2 2 1 1 2 2 2 1 2 1 2 1
geno chr3.131912890 tsi  1 2 1 2 1 1 0 2 2 0 1 0 2 2 2 2 1 1 2 2 1 0 0 1 2 1 2 1 2 1 2 1 0 1 2 2 1 1 2 1 2 1 1 1 2 2 2 2 1 2 1 2 2 1 1 1 2 2 2 2 2 1 1 2 2 2 1 2 2 2 2 1 1 1 1 2 1 2 2 1 1 1 1 1 1 1 1 0 2 2 1 1
geno chr3.131912890 yri  1 2 2 2 2 1 1 2 2 2 1 2 1 2 2 2 1 2 2 2 1 2 1 1 1 1 2 2 2 1 2 2 1 2 1 1 1 1 2 1 0 1 2 2 1 2 2 2 1 2 1 2 2 1 2 2 1 2 0 2 1 2 2 1 2 0 2 2 0 2 2 1 2 1 2 1 1
geno chr3.131913095 ceu  1 0 0 0 2 0 1 0 0 1 1 1 1 0 0 1 1 1 0 1 1 1 0 1 1 0 2 1 0 1 0 0 1 1 1 2 0 1 1 0 2 0 1 2 0 1 0 1 0 0 2 0 0 1 1 0 0 1 0 1 0 1 1 0 1 1 1 0 0 0 0 2 0 1 2 0 0 2
geno chr3.131913095 fin  0 0 1 0 0 0 0 0 1 1 0 0 0 1 1 0 0 0 1 0 0 0 0 2 0 0 1 1 0 0 0 0 0 0 0 0 1 1 0 0 0 1 1 1 0 1 1 0 0 0 1 0 1 0 1 1 0 0 0 0 0 0 0 2 2 0 0 0 1 1 0 0 0 0 1 1 0 1 1 0 0 1 1 0 1 1 0 0 1
geno chr3.131913095 gbr  0 0 1 0 0 0 0 0 0 1 1 0 1 1 1 2 2 0 2 0 0 0 1 2 0 1 1 2 1 1 1 2 2 1 0 1 0 1 0 0 2 1 1 0 1 0 2 2 0 1 1 0 0 1 0 1 1 1 0 0 0 0 0 1 0 2 1 2 0 0 0 0 1 0 0 0 1 1 1 0 1 0 0 0
geno chr3.131913095 tsi  0 1 1 1 0 1 0 1 0 0 0 0 0 2 1 0 1 0 1 1 1 0 0 0 1 0 1 0 1 0 1 1 0 1 0 1 0 0 1 1 1 0 0 1 1 1 2 0 1 0 0 0 0 1 0 0 0 1 2 0 1 0 0 1 0 1 0 1 1 2 0 0 0 1 1 1 0 1 0 0 0 0 1 1 1 0 0 0 1 0 1 1
geno chr3.131913095 yri  1 2 2 1 1 1 1 2 1 2 0 2 1 1 0 2 1 1 2 2 0 1 1 1 1 0 2 2 1 0 1 0 1 1 1 1 1 1 1 1 0 1 1 1 1 2 2 2 0 1 1 1 2 0 2 2 1 1 0 1 0 1 2 1 2 0 2 2 0 1 1 0 2 1 2 1 1
geno chr3.131913313 ceu  1 0 0 0 2 0 1 0 0 1 1 1 1 0 0 1 1 1 0 1 1 1 0 1 1 0 2 1 0 1 0 0 1 1 1 2 0 1 1 0 2 0 1 2 0 1 0 1 0 0 2 0 0 1 1 0 0 1 0 1 0 0 1 0 1 1 1 0 0 0 0 2 0 1 2 0 0 2
geno chr3.131913313 fin  0 0 1 0 0 0 0 0 1 1 0 0 0 1 1 0 0 0 1 0 0 0 0 2 0 0 1 1 0 0 0 0 0 0 0 0 1 1 0 0 0 1 1 1 0 0 1 0 0 0 1 0 1 0 1 1 0 0 0 0 0 0 0 2 2 0 0 0 1 1 0 0 0 0 1 1 0 1 1 0 0 1 1 0 1 1 0 0 1
geno chr3.131913313 gbr  0 0 1 0 0 0 0 0 0 1 1 0 1 1 0 2 2 0 2 0 0 0 0 2 0 1 1 2 1 1 1 2 2 1 0 1 0 1 0 0 2 1 1 0 1 0 2 2 0 1 1 0 0 1 0 1 1 1 0 0 0 0 0 1 0 2 1 2 0 0 0 0 1 0 0 0 1 1 1 0 1 0 0 0
geno chr3.131913313 tsi  0 1 1 1 0 1 0 1 0 0 0 0 0 2 1 0 1 0 1 1 1 0 0 0 1 0 1 0 1 0 1 1 0 1 0 1 0 0 1 1 1 0 0 1 1 1 2 0 1 0 0 0 0 1 0 0 0 1 2 0 1 0 0 1 0 1 0 1 1 2 0 0 0 1 1 1 0 1 0 0 0 0 0 1 1 0 0 0 1 0 1 1
geno chr3.131913313 yri  1 2 2 1 1 1 1 2 1 2 0 2 1 1 0 2 1 1 2 2 0 1 1 1 1 0 2 2 1 0 1 0 1 1 1 1 1 1 1 1 0 1 1 1 1 2 2 2 0 1 1 1 2 0 2 2 1 1 0 1 0 1 2 1 2 0 2 2 0 1 1 0 2 1 2 1 1
geno chr3.131913527 ceu  0 0 0 0 0 0 0 0 0 0 0 0 0 0 0 0 0 0 0 0 0 0 0 0 0 0 0 0 0 0 0 0 0 0 0 0 0 0 0 0 0 0 0 0 0 0 0 0 0 0 0 0 0 0 0 0 0 0 0 0 0 0 0 0 0 0 0 0 0 0 0 0 0 0 0 0 0 0
geno chr3.131913527 fin  0 0 0 0 0 0 0 0 0 0 0 0 0 0 0 0 0 0 0 0 0 0 0 0 0 0 0 0 0 0 0 0 0 0 0 0 0 0 0 0 0 0 0 0 0 0 0 0 0 0 0 0 0 0 0 0 0 0 0 0 0 0 0 0 0 0 0 0 0 0 0 0 0 0 0 0 0 0 0 0 0 0 0 0 0 0 0 0 0
geno chr3.131913527 gbr  0 0 0 0 0 0 0 0 0 0 0 0 0 0 0 0 0 0 0 0 0 0 0 0 0 0 0 0 0 0 0 0 0 0 0 0 0 0 0 0 0 0 0 0 0 0 0 0 0 0 0 0 0 0 0 0 0 0 0 0 0 0 0 0 0 0 0 0 0 0 0 0 0 0 0 0 0 0 0 0 0 0 0 0
geno chr3.131913527 tsi  0 0 0 0 0 0 0 0 0 0 0 0 0 0 0 0 0 0 0 0 0 0 0 0 0 0 0 0 0 0 0 0 0 0 0 0 0 0 0 0 0 0 0 0 0 0 0 0 0 0 0 0 0 0 0 0 0 0 0 0 0 0 0 0 0 0 0 0 0 0 0 0 0 0 0 0 0 0 0 0 0 0 0 0 0 0 0 0 0 0 0 0
geno chr3.131913527 yri  0 1 2 0 0 0 1 0 0 0 0 1 1 0 0 2 0 1 1 2 0 1 1 0 0 0 1 1 0 0 0 0 0 0 0 0 1 0 1 0 0 1 0 1 0 1 0 0 0 0 0 0 1 0 0 0 1 1 0 1 0 0 0 1 1 0 1 0 0 0 1 0 1 0 2 0 1
geno chr3.131913735 ceu  0 2 0 0 0 0 0 0 0 0 0 0 0 1 0 0 0 0 1 0 0 0 0 0 0 0 0 0 0 0 0 1 0 0 0 0 0 0 0 1 0 0 0 0 0 0 1 0 0 2 0 2 1 0 0 0 1 1 0 1 0 0 0 1 0 0 0 0 0 0 0 0 0 0 0 0 0 0
geno chr3.131913735 fin  0 0 0 0 1 0 1 0 0 0 0 1 1 0 0 0 2 0 1 1 1 0 0 0 0 1 1 0 0 1 1 0 2 0 1 0 0 0 0 0 0 0 1 0 0 0 0 1 1 0 0 0 0 0 0 0 0 0 1 0 0 0 1 1 0 0 1 0 0 0 0 1 1 0 0 0 0 0 0 1 1 0 0 0 0 1 0 0 0
geno chr3.131913735 gbr  1 0 0 0 0 0 0 0 0 0 0 0 0 1 0 0 0 0 0 0 0 0 1 0 1 0 1 0 0 1 0 0 0 0 2 0 1 0 1 0 0 0 0 0 1 0 0 0 0 0 1 0 0 0 0 1 0 0 0 1 0 0 0 0 0 0 0 0 0 0 0 0 0 0 0 1 0 0 0 1 0 0 0 0
geno chr3.131913735 tsi  0 0 0 0 0 0 0 0 0 0 0 0 0 0 0 2 0 1 0 1 0 0 0 0 0 0 0 0 0 0 0 0 0 0 1 0 0 0 0 0 0 0 0 0 0 0 0 0 0 0 0 1 0 0 1 0 1 0 0 0 0 0 1 0 1 0 0 0 1 0 1 0 0 0 0 0 0 0 0 1 1 0 0 0 0 0 0 0 0 0 0 0
geno chr3.131913735 yri  0 0 0 1 0 0 0 0 1 0 1 0 0 1 1 0 0 0 0 0 1 1 0 0 0 1 0 0 1 1 1 1 0 1 0 0 0 0 1 0 0 0 1 1 0 0 0 0 0 1 0 1 0 1 0 0 0 1 0 1 1 0 0 0 0 0 0 0 0 1 1 0 0 0 0 0 0
geno chr3.131914282 ceu  2 2 2 1 2 1 2 1 1 2 2 1 1 2 2 1 2 1 1 2 2 2 1 2 2 1 2 1 1 1 1 1 1 1 1 2 1 2 2 2 2 2 1 2 1 1 2 1 1 2 2 2 1 2 2 1 2 2 0 2 0 1 1 2 1 1 2 0 2 1 0 2 2 2 2 0 1 2
geno chr3.131914282 fin  1 2 2 2 1 0 2 1 1 2 2 2 2 2 2 1 2 1 2 2 1 1 1 2 2 1 2 2 2 2 1 0 2 1 2 2 1 2 2 2 1 1 2 2 2 2 2 2 2 2 2 1 1 2 2 2 1 1 2 2 2 1 2 2 2 1 2 0 2 2 2 1 1 0 2 2 2 2 2 2 1 1 2 2 2 2 2 0 2
geno chr3.131914282 gbr  2 1 2 2 1 1 0 2 1 2 1 1 1 2 1 2 2 0 2 0 1 0 2 2 1 2 2 2 2 2 2 2 2 2 2 2 2 2 2 1 2 2 2 1 2 1 2 2 2 1 2 0 2 2 2 2 1 1 1 1 1 1 0 1 1 2 2 2 1 2 0 1 2 2 1 1 2 2 2 1 2 1 2 1
geno chr3.131914282 tsi  1 2 1 2 1 1 0 2 2 0 1 0 2 2 2 2 1 1 2 2 1 0 0 1 2 1 2 1 2 1 2 1 0 1 2 2 1 1 2 1 2 1 1 1 2 2 2 2 1 2 1 2 2 1 1 1 2 2 2 2 2 1 1 2 2 2 1 2 2 2 2 1 1 1 1 2 1 2 2 1 1 1 1 1 1 1 1 0 2 2 1 1
geno chr3.131914282 yri  1 2 2 2 1 1 1 2 2 2 1 2 1 2 2 2 1 1 2 2 1 2 1 1 1 1 2 2 2 1 2 1 1 2 1 1 1 1 2 1 0 1 2 2 1 2 2 2 1 2 1 2 2 1 2 2 1 2 0 2 1 1 2 1 2 0 2 2 0 2 2 0 2 1 2 1 1
geno chr3.131914533 ceu  0 0 0 0 0 0 0 0 1 1 0 0 0 1 0 0 0 0 0 1 0 0 0 0 1 0 0 0 1 0 0 0 0 0 0 0 0 0 1 1 0 0 0 0 0 0 1 0 1 0 0 0 0 0 0 0 0 0 0 0 0 0 0 0 0 0 0 0 0 0 0 0 1 0 0 0 0 0
geno chr3.131914533 fin  0 1 0 0 0 0 0 1 0 1 0 0 1 1 0 0 0 1 0 0 0 0 0 0 0 0 0 1 0 1 0 0 0 0 0 1 0 1 0 1 0 0 0 0 2 0 0 0 1 0 1 0 0 1 0 0 0 0 0 1 0 0 1 0 0 0 0 0 0 0 1 0 0 0 0 0 0 0 0 1 0 0 0 0 0 0 0 0 0
geno chr3.131914533 gbr  0 1 0 1 1 1 0 0 1 0 0 1 0 0 0 0 0 0 0 0 1 0 0 0 0 0 0 0 0 0 1 0 0 1 0 1 0 0 1 1 0 0 0 0 0 0 0 0 1 0 0 0 0 0 0 0 0 0 0 0 1 0 0 0 0 0 0 0 0 0 0 1 0 0 1 0 0 0 0 0 0 0 2 0
geno chr3.131914533 tsi  0 1 0 0 0 0 0 1 0 0 0 0 1 0 0 0 0 0 0 0 0 0 0 1 1 0 0 0 0 0 0 0 0 0 0 1 0 1 0 0 0 0 0 0 0 0 0 1 0 1 1 0 0 0 0 0 0 0 0 0 0 1 0 1 0 0 0 0 0 0 0 0 0 0 0 0 0 0 1 0 0 0 0 0 0 1 1 0 0 0 0 0
geno chr3.131914533 yri  0 0 0 0 0 0 0 0 0 0 0 0 0 0 0 0 0 0 0 0 0 0 0 0 0 0 0 0 0 0 0 0 0 0 0 0 0 0 0 0 0 0 0 0 0 0 0 0 0 0 0 0 0 0 0 0 0 0 0 0 0 0 0 0 0 0 0 0 0 0 0 0 0 0 0 0 0
geno chr3.131914545 ceu  1 0 2 1 0 1 1 1 0 0 1 0 0 0 1 0 1 1 0 0 1 1 1 1 0 1 0 0 0 0 1 0 0 0 0 0 1 1 0 0 0 2 0 0 1 0 0 0 0 0 0 0 0 1 1 1 1 0 0 0 0 0 0 1 0 0 1 0 2 1 0 0 1 1 0 0 1 0
geno chr3.131914545 fin  1 1 1 2 0 0 1 0 0 0 2 1 0 0 1 1 0 0 0 1 0 1 1 0 2 0 0 0 2 0 0 0 0 1 1 1 0 0 2 1 1 0 0 1 0 1 1 1 0 2 0 1 0 1 1 1 1 1 1 1 2 1 0 0 0 1 1 0 1 1 1 0 0 0 1 1 2 1 1 0 0 0 1 2 1 0 2 0 1
geno chr3.131914545 gbr  1 0 1 1 0 0 0 2 0 1 0 0 0 0 0 0 0 0 0 0 0 0 0 0 0 1 1 0 1 0 0 0 0 0 0 0 1 1 0 0 0 1 1 1 0 1 0 0 1 0 0 0 2 1 2 0 0 0 1 0 0 1 0 0 1 0 1 0 1 2 0 0 1 2 0 0 1 1 1 0 1 1 0 1
geno chr3.131914545 tsi  1 0 0 1 1 0 0 0 2 0 1 0 1 0 1 0 0 0 1 0 0 0 0 0 0 1 1 1 1 1 1 0 0 0 1 0 1 0 1 0 1 1 1 0 1 1 0 1 0 1 0 1 2 0 0 1 1 1 0 2 1 0 0 0 1 1 1 1 0 0 1 1 1 0 0 1 1 1 1 0 0 1 0 0 0 0 0 0 1 2 0 0
geno chr3.131914545 yri  0 0 0 0 0 0 0 0 0 0 0 0 0 0 0 0 0 0 0 0 0 0 0 0 0 0 0 0 0 0 0 0 0 0 0 0 0 0 0 0 0 0 0 0 0 0 0 0 0 0 0 0 0 0 0 0 0 0 0 0 0 0 0 0 0 0 0 0 0 0 0 0 0 0 0 0 0
geno chr3.131914861 ceu  2 0 2 1 2 1 2 1 0 1 2 1 1 0 2 1 2 1 0 1 2 2 1 2 1 1 2 1 0 1 1 0 1 1 1 2 1 2 1 0 2 2 1 2 1 1 0 1 0 0 2 0 0 2 2 1 1 1 0 1 0 1 1 1 1 1 2 0 2 1 0 2 1 2 2 0 1 2
geno chr3.131914861 fin  1 1 2 2 0 0 1 0 1 1 2 1 0 1 2 1 0 0 1 1 0 1 1 2 2 0 1 1 2 0 0 0 0 1 1 1 1 1 2 1 1 1 1 2 0 2 2 1 0 2 1 1 1 1 2 2 1 1 1 1 2 1 0 2 2 1 1 0 2 2 1 0 0 0 2 2 2 2 2 0 0 1 2 2 2 1 2 0 2
geno chr3.131914861 gbr  1 0 2 1 0 0 0 2 0 2 1 0 1 1 1 2 2 0 2 0 0 0 1 2 0 2 2 2 2 1 1 2 2 1 0 1 1 2 0 0 2 2 2 1 1 1 2 2 1 1 1 0 2 2 2 1 1 1 1 0 0 1 0 1 1 2 2 2 1 2 0 0 2 2 0 0 2 2 2 0 2 1 0 1
geno chr3.131914861 tsi  1 1 1 2 1 1 0 1 2 0 1 0 1 2 2 0 1 0 2 1 1 0 0 0 1 1 2 1 2 1 2 1 0 1 1 1 1 0 2 1 2 1 1 1 2 2 2 1 1 1 0 1 2 1 0 1 1 2 2 2 2 0 0 1 1 2 1 2 1 2 1 1 1 1 1 2 1 2 1 0 0 1 1 1 1 0 0 0 2 2 1 1
geno chr3.131914861 yri  1 2 2 1 2 1 1 2 1 2 0 2 1 1 0 2 1 1 2 2 0 1 1 1 1 0 2 2 1 0 1 0 1 1 1 1 1 1 1 1 0 1 1 1 1 2 2 2 0 1 1 1 2 0 2 2 1 1 0 1 0 1 2 1 2 0 2 2 0 1 1 0 2 1 2 1 1
geno chr3.131914938 ceu  1 0 0 0 2 0 1 0 0 1 1 1 1 0 0 1 1 1 0 1 1 1 0 1 1 0 2 1 0 1 0 0 1 1 1 2 0 1 1 0 2 0 1 2 0 1 0 1 0 0 2 0 0 1 1 0 0 1 0 1 0 1 1 0 1 1 1 0 0 0 0 2 0 1 2 0 0 2
geno chr3.131914938 fin  0 0 1 0 0 0 0 0 1 1 0 0 0 1 1 0 0 0 1 0 0 0 0 2 0 0 1 1 0 0 0 0 0 0 0 0 1 1 0 0 0 1 1 1 0 1 1 0 0 0 1 0 1 0 1 1 0 0 0 0 0 0 0 2 2 0 0 0 1 1 0 0 0 0 1 1 0 1 1 0 0 1 1 0 1 1 0 0 1
geno chr3.131914938 gbr  0 0 1 0 0 0 0 0 0 1 1 0 1 1 1 2 2 0 2 0 0 0 1 2 0 1 1 2 1 1 1 2 2 1 0 1 0 1 0 0 2 1 1 0 1 0 2 2 0 1 1 0 0 1 0 1 1 1 0 0 0 0 0 1 0 2 1 2 0 0 0 0 1 0 0 0 1 1 1 0 1 0 0 0
geno chr3.131914938 tsi  0 1 1 1 0 1 0 1 0 0 0 0 0 2 1 0 1 0 1 1 1 0 0 0 1 0 1 0 1 0 1 1 0 1 0 1 0 0 1 1 1 0 0 1 1 1 2 0 1 0 0 0 0 1 0 0 0 1 2 0 1 0 0 1 0 1 0 1 1 2 0 0 0 1 1 1 0 1 0 0 0 0 1 1 1 0 0 0 1 0 1 1
geno chr3.131914938 yri  0 1 0 0 0 0 0 1 1 0 0 0 0 1 0 0 0 0 0 0 0 0 0 0 0 0 0 0 0 0 0 0 0 0 0 0 0 1 0 0 0 0 0 0 0 0 1 1 0 0 0 1 0 0 0 1 0 0 0 0 0 0 1 0 1 0 0 0 0 1 0 0 0 1 0 0 0
geno chr3.131915429 ceu  0 0 0 1 0 0 0 1 0 0 0 0 0 0 0 0 0 1 0 0 0 0 1 0 0 1 0 1 1 1 1 1 0 0 1 0 1 0 0 0 0 0 0 0 0 0 0 1 0 0 0 0 1 0 0 1 0 0 0 0 2 1 1 0 1 1 0 2 0 0 1 0 0 0 0 0 1 0
geno chr3.131915429 fin  1 0 0 0 0 0 0 1 1 0 0 0 0 0 0 1 0 0 0 0 0 0 0 0 0 1 0 0 0 0 1 1 0 1 0 0 1 0 0 0 1 1 0 0 0 0 0 0 0 0 0 1 0 0 0 0 0 1 0 0 0 1 0 0 0 1 0 2 0 0 0 1 1 0 0 0 0 0 0 0 0 0 0 0 0 0 0 2 0
geno chr3.131915429 gbr  0 0 0 0 0 1 1 0 1 0 0 0 0 0 1 0 0 1 0 0 0 0 0 0 0 0 0 0 0 0 0 0 0 0 0 0 0 0 0 1 0 0 0 0 0 0 0 0 0 1 0 2 0 0 0 0 1 1 0 1 0 0 2 1 0 0 0 0 0 0 1 1 0 0 1 1 0 0 0 1 0 1 0 1
geno chr3.131915429 tsi  0 0 1 0 0 0 1 0 0 1 0 1 0 0 0 0 0 1 0 0 0 1 1 1 0 1 0 1 0 0 0 0 0 0 0 0 0 1 0 0 0 0 0 1 0 0 0 0 1 0 1 0 0 0 0 0 0 0 0 0 0 0 1 0 0 0 0 0 0 0 0 1 1 1 0 0 1 0 0 0 1 0 0 0 1 0 0 0 0 0 0 0
geno chr3.131915429 yri  0 0 0 0 0 0 0 0 0 0 0 0 0 0 0 0 0 0 0 0 0 0 0 0 0 0 0 0 0 0 0 0 0 0 0 0 0 0 0 0 0 0 0 0 0 0 0 0 0 0 0 0 0 0 0 0 0 0 0 0 0 0 0 0 0 0 0 0 0 0 0 0 0 0 0 0 0
geno chr3.131915904 ceu  2 2 2 1 2 1 2 1 1 2 2 1 1 2 2 1 2 1 1 2 2 2 1 2 2 1 2 1 1 1 1 1 1 1 1 2 1 2 2 2 2 2 1 2 1 1 2 1 1 2 2 2 1 2 2 1 2 2 0 2 0 1 1 2 1 1 2 0 2 1 0 2 2 2 2 0 1 2
geno chr3.131915904 fin  1 2 2 2 1 0 2 1 1 2 2 2 2 2 2 1 2 1 2 2 1 1 1 2 2 1 2 2 2 2 1 0 2 1 2 2 1 2 2 2 1 1 2 2 2 2 2 2 2 2 2 1 1 2 2 2 1 1 2 2 2 1 2 2 2 1 2 0 2 2 2 1 1 0 2 2 2 2 2 2 1 1 2 2 2 2 2 0 2
geno chr3.131915904 gbr  2 1 2 2 1 1 0 2 1 2 1 1 1 2 1 2 2 0 2 0 1 0 2 2 1 2 2 2 2 2 2 2 2 2 2 2 2 2 2 1 2 2 2 1 2 1 2 2 2 1 2 0 2 2 2 2 1 1 1 1 1 1 0 1 1 2 2 2 1 2 0 1 2 2 1 1 2 2 2 1 2 1 2 1
geno chr3.131915904 tsi  1 2 1 2 1 1 0 2 2 0 1 0 2 2 2 2 1 1 2 2 1 0 0 1 2 1 2 1 2 1 2 1 0 1 2 2 1 1 2 1 2 1 1 1 2 2 2 2 1 2 1 2 2 1 1 1 2 2 2 2 2 1 1 2 2 2 1 2 2 2 2 1 1 1 1 2 1 2 2 1 1 1 1 1 1 1 1 0 2 2 1 1
geno chr3.131915904 yri  1 2 2 2 2 1 1 2 2 2 1 2 1 2 2 2 1 2 2 2 1 2 1 1 1 1 2 2 2 1 2 2 1 2 1 1 1 1 2 1 0 1 2 2 1 2 2 2 1 2 1 2 2 1 2 2 1 2 0 2 1 2 2 1 2 0 2 2 0 2 2 1 2 1 2 1 1
geno chr3.131915922 ceu  1 0 2 1 0 1 1 1 0 0 1 0 0 0 2 0 1 0 0 0 1 1 1 1 0 1 0 0 0 0 1 0 0 0 0 0 1 1 0 0 0 2 0 0 1 0 0 0 0 0 0 0 0 1 1 1 1 0 0 0 0 0 0 1 0 0 1 0 2 1 0 0 1 1 0 0 1 0
geno chr3.131915922 fin  1 1 1 2 0 0 1 0 0 0 2 1 0 0 1 1 0 0 0 1 0 1 1 0 2 0 0 0 2 0 0 0 0 1 1 1 0 0 2 1 1 0 0 1 0 1 1 1 0 2 0 1 0 1 1 1 1 1 1 1 2 1 0 0 0 1 1 0 1 1 1 0 0 0 1 1 2 1 1 0 0 0 1 2 1 0 2 0 1
geno chr3.131915922 gbr  1 0 1 1 0 0 0 2 0 1 0 0 0 0 0 0 0 0 0 0 0 0 0 0 0 1 1 0 1 0 0 0 0 0 0 0 1 1 0 0 0 1 1 1 0 1 0 0 1 0 0 0 2 1 2 0 0 0 1 0 0 1 0 0 1 0 1 0 1 2 0 0 1 2 0 0 1 1 1 0 1 1 0 1
geno chr3.131915922 tsi  1 0 0 1 1 0 0 0 2 0 1 0 1 0 1 0 0 0 1 0 0 0 0 0 0 1 1 1 1 1 1 0 0 0 1 0 1 0 1 0 1 1 1 0 1 1 0 1 0 1 0 1 2 0 0 1 1 1 0 2 1 0 0 0 1 1 1 1 0 0 1 1 1 0 0 1 1 1 1 0 0 1 0 0 0 0 0 0 1 2 0 0
geno chr3.131915922 yri  0 0 0 0 0 0 0 0 0 0 0 0 0 0 0 0 0 0 0 0 0 0 0 0 0 0 0 0 0 0 0 0 0 0 0 0 0 0 0 0 0 0 0 0 0 0 0 0 0 0 0 0 0 0 0 0 0 0 0 0 0 0 0 0 0 0 0 0 0 0 0 0 0 0 0 0 0
geno chr3.131916022 ceu  1 0 0 0 2 0 1 0 0 1 1 1 1 0 0 1 1 1 0 1 1 1 0 1 1 0 2 1 0 1 0 0 1 1 1 2 0 1 1 0 2 0 1 2 0 1 0 1 0 0 2 0 0 1 1 0 0 1 0 1 0 1 1 0 1 1 1 0 0 0 0 2 0 1 2 0 0 2
geno chr3.131916022 fin  0 0 1 0 0 0 0 0 1 1 0 0 0 1 1 0 0 0 1 0 0 0 0 2 0 0 1 1 0 0 0 0 0 0 0 0 1 1 0 0 0 1 1 1 0 1 1 0 0 0 1 0 1 0 1 1 0 0 0 0 0 0 0 2 2 0 0 0 1 1 0 0 0 0 0 1 0 1 1 0 0 1 1 0 1 1 0 0 1
geno chr3.131916022 gbr  0 0 1 0 0 0 0 0 0 1 1 0 1 1 1 2 2 0 2 0 0 0 1 2 0 1 1 2 1 1 1 2 2 1 0 1 0 1 0 0 2 1 1 0 1 0 2 2 0 1 1 0 0 1 0 1 1 1 0 0 0 0 0 1 0 2 1 2 0 0 0 0 1 0 0 0 1 1 1 0 1 0 0 0
geno chr3.131916022 tsi  0 1 1 1 0 1 0 1 0 0 0 0 0 2 1 0 1 0 1 1 1 0 0 0 1 0 1 0 1 0 1 1 0 1 0 1 0 0 1 1 1 0 0 1 1 1 2 0 1 0 0 0 0 1 0 0 0 1 2 0 1 0 0 1 0 1 0 1 1 2 0 0 0 1 1 1 0 1 0 0 0 0 1 1 1 0 0 0 1 0 1 1
geno chr3.131916022 yri  0 0 0 0 0 0 0 0 1 0 0 0 0 0 0 0 0 0 0 0 0 0 0 0 0 0 0 0 0 0 0 0 0 0 0 0 0 0 0 0 0 0 0 0 0 0 0 0 0 0 0 0 0 0 0 0 0 0 0 0 0 0 0 0 0 0 0 0 0 0 0 0 0 0 0 0 0
geno chr3.131916052 ceu  1 0 0 0 2 0 1 0 0 1 1 1 1 0 0 1 1 1 0 1 1 1 0 1 1 0 2 1 0 1 0 0 1 1 1 2 0 1 1 0 2 0 1 2 0 1 0 1 0 0 2 0 0 1 1 0 0 1 0 1 0 1 1 0 1 1 1 0 0 0 0 2 0 1 2 0 0 2
geno chr3.131916052 fin  0 0 1 0 0 0 0 0 1 1 0 0 0 1 1 0 0 0 1 0 0 0 0 2 0 0 1 1 0 0 0 0 0 0 0 0 1 1 0 0 0 1 1 1 0 1 1 0 0 0 1 0 1 0 1 1 0 0 0 0 0 0 0 2 2 0 0 0 1 1 0 0 0 0 1 1 0 1 1 0 0 1 1 0 1 1 0 0 1
geno chr3.131916052 gbr  0 0 1 0 0 0 0 0 0 1 1 0 1 1 1 2 2 0 2 0 0 0 1 2 0 1 1 2 1 1 1 2 2 1 0 1 0 1 0 0 2 1 1 0 1 0 2 2 0 1 1 0 0 1 0 1 1 1 0 0 0 0 0 1 0 2 1 2 0 0 0 0 1 0 0 0 1 1 1 0 1 0 0 0
geno chr3.131916052 tsi  0 1 1 1 0 1 0 1 0 0 0 0 0 2 1 0 1 0 1 1 1 0 0 0 1 0 1 0 1 0 1 1 0 1 0 1 0 0 1 1 1 0 0 1 1 1 2 0 1 0 0 0 0 1 0 0 0 1 2 0 1 0 0 1 0 1 0 1 1 2 0 0 0 1 1 1 0 1 0 0 0 0 1 1 1 0 0 0 1 0 1 1
geno chr3.131916052 yri  1 1 0 1 0 0 0 2 1 1 0 0 0 1 0 0 0 0 1 0 0 0 0 0 0 0 0 1 0 0 0 0 1 1 0 1 0 1 0 1 0 0 0 0 0 0 1 1 0 1 1 1 0 0 0 2 0 0 0 0 0 1 1 0 1 0 1 1 0 1 0 0 0 1 0 0 0
geno chr3.131916272 ceu  0 2 0 0 0 0 0 0 1 1 0 0 0 2 0 0 0 0 1 1 0 0 0 0 1 0 0 0 1 0 0 1 0 0 0 0 0 0 1 2 0 0 0 0 0 0 2 0 1 2 0 2 1 0 0 0 1 1 0 1 0 0 0 1 0 0 0 0 0 0 0 0 1 0 0 0 0 0
geno chr3.131916272 fin  0 1 0 0 1 0 1 1 0 1 0 1 2 1 0 0 2 1 1 1 1 0 0 0 0 1 1 1 0 2 1 0 2 0 1 1 0 1 0 1 0 0 1 0 2 0 0 1 2 0 1 0 0 1 0 0 0 0 1 1 0 0 2 0 0 0 1 0 0 0 1 1 1 0 0 0 0 0 0 2 1 0 0 0 0 1 0 0 0
geno chr3.131916272 gbr  1 1 0 1 1 1 0 0 1 0 0 1 0 1 0 0 0 0 0 0 1 0 1 0 1 0 0 0 0 1 1 0 0 1 2 1 1 0 2 1 0 0 0 0 1 0 0 0 1 0 1 0 0 0 0 1 0 0 0 1 1 0 0 0 0 0 0 0 0 0 0 1 0 0 1 1 0 0 0 1 0 0 2 0
geno chr3.131916272 tsi  0 1 0 0 0 0 0 1 0 0 0 0 1 0 0 2 0 1 0 1 0 0 0 1 1 0 0 0 0 0 0 0 0 0 1 1 0 1 0 0 0 0 0 0 0 0 0 1 0 1 1 1 0 0 1 0 1 0 0 0 0 1 1 1 1 0 0 0 1 0 1 0 0 0 0 0 0 0 1 1 1 0 0 0 0 1 1 0 0 0 0 0
geno chr3.131916272 yri  0 0 0 1 0 0 0 0 1 0 1 0 0 1 2 0 0 1 0 0 1 1 0 0 0 1 0 0 1 1 1 2 0 1 0 0 0 0 1 0 0 0 1 1 0 0 0 0 1 1 0 1 0 1 0 0 0 1 0 1 1 1 0 0 0 0 0 0 0 1 1 1 0 0 0 0 0
geno chr3.131916308 ceu  0 0 0 0 0 0 0 0 0 0 0 0 0 0 0 0 0 0 0 0 0 0 0 0 0 0 0 0 0 0 0 0 0 0 0 0 0 0 0 0 0 0 0 0 0 0 0 0 0 0 0 0 0 0 0 0 0 0 0 0 0 0 0 0 0 0 0 0 0 0 0 0 0 0 0 0 0 0
geno chr3.131916308 fin  0 0 0 0 0 0 0 0 0 0 0 0 0 0 0 0 0 0 0 0 0 0 0 0 0 0 0 0 0 0 0 0 0 0 0 0 0 0 0 0 0 0 0 0 0 0 0 0 0 0 0 0 0 0 0 0 0 0 0 0 0 0 0 0 0 0 0 0 0 0 0 0 0 0 0 0 0 0 0 0 0 0 0 0 0 0 0 0 0
geno chr3.131916308 gbr  0 0 0 0 0 0 0 0 0 0 0 0 0 0 0 0 0 0 0 0 0 0 0 0 0 0 0 0 0 0 0 0 0 0 0 0 0 0 0 0 0 0 0 0 0 0 0 0 0 0 0 0 0 0 0 0 0 0 0 0 0 0 0 0 0 0 0 0 0 0 0 0 0 0 0 0 0 0 0 0 0 0 0 0
geno chr3.131916308 tsi  0 0 0 0 0 0 0 0 0 0 0 0 0 0 0 0 0 0 0 0 0 0 0 0 0 0 0 0 0 0 0 0 0 0 0 0 0 0 0 0 0 0 0 0 0 0 0 0 0 0 0 0 0 0 0 0 0 0 0 0 0 0 0 0 0 0 0 0 0 0 0 0 0 0 0 0 0 0 0 0 0 0 0 0 0 0 0 0 0 0 0 0
geno chr3.131916308 yri  0 1 2 0 0 0 1 0 0 0 0 1 1 0 0 2 0 0 1 2 0 1 1 0 0 0 1 0 0 0 0 0 0 0 0 0 0 0 0 0 0 1 0 1 0 1 0 0 0 0 0 0 1 0 0 0 1 1 0 1 0 0 0 1 1 0 0 0 0 0 1 0 1 0 2 0 1
geno chr3.131916525 ceu  1 0 2 1 0 1 1 1 0 0 1 0 0 0 2 0 1 1 0 0 1 1 1 1 0 1 0 0 0 0 1 0 0 0 0 0 1 1 0 0 0 2 0 0 1 0 0 0 0 0 0 0 0 1 1 1 1 0 0 0 0 0 0 1 0 0 1 0 2 1 0 0 1 1 0 0 1 0
geno chr3.131916525 fin  1 1 1 2 0 0 1 0 0 0 2 1 0 0 1 1 0 0 0 1 0 1 1 0 2 0 0 0 2 0 0 0 0 1 1 1 0 0 2 1 1 0 0 1 0 1 1 1 0 2 0 1 0 1 1 1 1 1 1 1 2 1 0 0 0 1 1 0 1 1 1 0 0 0 1 1 2 1 1 0 0 0 1 2 1 0 2 0 1
geno chr3.131916525 gbr  1 0 1 1 0 0 0 2 0 1 0 0 0 0 0 0 0 0 0 0 0 0 0 0 0 1 1 0 1 0 0 0 0 0 0 0 1 1 0 0 0 1 1 1 0 1 0 0 1 0 0 0 2 1 2 0 0 0 1 0 0 1 0 0 1 0 1 0 1 2 0 0 1 2 0 0 1 1 1 0 1 1 0 1
geno chr3.131916525 tsi  1 0 0 1 1 0 0 0 2 0 1 0 1 0 1 0 0 0 1 0 0 0 0 0 0 1 1 1 1 1 1 0 0 0 1 0 1 0 1 0 1 1 1 0 1 1 0 1 0 1 0 1 2 0 0 1 1 1 0 2 1 0 0 0 1 1 1 1 0 0 1 1 1 0 0 1 1 1 1 0 0 1 0 0 0 0 0 0 1 2 0 0
geno chr3.131916525 yri  0 0 0 0 0 0 0 1 0 0 0 0 0 0 0 0 0 0 0 0 0 0 0 0 0 0 0 0 0 0 0 0 0 0 0 1 0 0 0 0 0 0 0 0 0 0 0 0 0 0 0 0 0 0 0 0 0 0 0 0 0 0 0 0 0 0 0 0 0 0 0 0 0 0 0 0 0
geno chr3.131916996 ceu  1 2 0 0 2 0 1 0 1 2 1 1 1 2 0 1 1 1 1 2 1 1 0 1 2 0 2 1 1 1 0 1 1 1 1 2 0 1 2 2 2 0 1 2 0 1 2 1 1 2 2 2 1 1 1 0 1 2 0 2 0 1 1 1 1 1 1 0 0 0 0 2 1 1 2 0 0 2
geno chr3.131916996 fin  0 1 1 0 1 0 1 1 1 2 0 1 2 2 1 0 2 1 2 1 1 0 0 2 0 1 2 2 0 2 1 0 2 0 1 1 1 2 0 1 0 1 2 1 2 1 1 1 2 0 2 0 1 1 1 1 0 0 1 1 0 0 2 2 2 0 1 0 1 1 1 1 1 0 1 1 0 1 1 2 1 1 1 0 1 2 0 0 1
geno chr3.131916996 gbr  1 1 1 1 1 1 0 0 1 1 1 1 1 2 1 2 2 0 2 0 1 0 2 2 1 1 1 2 1 2 2 2 2 2 2 2 1 1 2 1 2 1 1 0 2 0 2 2 1 1 2 0 0 1 0 2 1 1 0 1 1 0 0 1 0 2 1 2 0 0 0 1 1 0 1 1 1 1 1 1 1 0 2 0
geno chr3.131916996 tsi  0 2 1 1 0 1 0 2 0 0 0 0 1 2 1 2 1 1 1 2 1 0 0 1 2 0 1 0 1 0 1 1 0 1 1 2 0 1 1 1 1 0 0 1 1 1 2 1 1 1 1 1 0 1 1 0 1 1 2 0 1 1 1 2 1 1 0 1 2 2 1 0 0 1 1 1 0 1 1 1 1 0 1 1 1 1 1 0 1 0 1 1
geno chr3.131916996 yri  1 1 0 2 1 0 0 1 2 1 1 0 0 2 2 0 0 1 1 0 1 1 0 0 0 1 0 1 1 1 1 2 1 2 0 0 0 1 1 1 0 0 1 1 0 0 1 1 1 2 1 2 0 1 0 2 0 1 0 1 1 2 1 0 1 0 1 1 0 2 1 1 0 1 0 0 0
geno chr3.131917221 ceu  0 0 0 1 0 1 0 1 1 0 0 1 1 0 0 1 0 1 0 0 0 0 1 0 0 1 0 1 1 1 1 1 0 1 1 0 1 0 0 0 0 0 1 0 1 1 0 1 1 0 0 0 1 0 0 1 0 0 2 0 2 1 1 0 1 1 0 2 0 1 2 0 0 0 0 2 1 0
geno chr3.131917221 fin  1 0 0 0 1 1 0 1 1 0 0 0 0 0 0 1 0 1 0 0 0 0 0 0 0 1 0 0 0 0 1 2 0 1 0 0 1 0 0 0 1 1 0 0 0 0 0 0 0 0 0 1 0 0 0 0 1 1 0 0 0 1 0 0 0 1 0 2 0 0 0 1 1 1 0 0 0 0 0 0 1 1 0 0 0 0 0 2 0
geno chr3.131917221 gbr  0 1 0 0 1 1 2 0 1 0 1 1 0 0 1 0 0 2 0 1 1 2 0 0 1 0 0 0 0 0 0 0 0 0 0 0 0 0 0 1 0 0 0 1 0 1 0 0 0 1 0 2 0 0 0 0 1 1 1 1 1 1 2 1 1 0 0 0 1 0 2 1 0 0 1 1 0 0 0 1 0 1 0 1
geno chr3.131917221 tsi  1 0 1 0 0 1 2 0 0 2 1 1 0 0 0 0 1 1 0 0 1 2 2 1 0 1 0 1 0 1 0 1 2 1 0 0 1 1 0 1 0 1 1 1 0 0 0 0 1 0 1 0 0 1 0 1 0 0 0 0 0 1 1 0 0 0 1 0 0 0 0 1 1 1 1 0 1 0 0 1 1 1 1 1 1 1 1 2 0 0 1 1
geno chr3.131917221 yri  1 0 0 0 0 0 1 0 0 0 1 0 0 0 0 0 1 0 0 0 0 0 0 1 1 1 0 0 0 0 0 0 0 0 0 0 0 0 0 0 0 1 0 0 1 0 0 0 0 0 1 0 0 1 0 0 0 0 0 0 0 0 0 1 0 0 0 0 0 0 0 0 0 0 0 1 1
geno chr3.131918713 ceu  0 0 0 0 0 0 0 0 1 1 0 0 0 1 0 0 0 0 0 1 0 0 0 0 1 0 0 0 1 0 0 0 0 0 0 0 0 0 1 1 0 0 0 0 0 0 1 0 1 0 0 0 0 0 0 0 0 0 0 0 0 0 0 0 0 0 0 0 0 0 0 0 1 0 0 0 0 0
geno chr3.131918713 fin  0 1 0 0 0 0 0 1 0 1 0 0 1 1 0 0 0 1 0 0 0 0 0 0 0 0 0 1 0 1 0 0 0 0 0 1 0 1 0 1 0 0 0 0 2 0 0 0 1 0 1 0 0 1 0 0 0 0 0 1 0 0 1 0 0 0 0 0 0 0 1 0 0 0 0 0 0 0 0 1 0 0 0 0 0 0 0 0 0
geno chr3.131918713 gbr  0 1 0 1 1 1 0 0 1 0 0 1 0 0 0 0 0 0 0 0 1 0 0 0 0 0 0 0 0 0 1 0 0 1 0 1 0 0 1 1 0 0 0 0 0 0 0 0 1 0 0 0 0 0 0 0 0 0 0 0 1 0 0 0 0 0 0 0 0 0 0 1 0 0 1 0 0 0 0 0 0 0 2 0
geno chr3.131918713 tsi  0 1 0 0 0 0 0 1 0 0 0 0 1 0 0 0 0 0 0 0 0 0 0 1 1 0 0 0 0 0 0 0 0 0 0 1 0 1 0 0 0 0 0 0 0 0 0 1 0 1 1 0 0 0 0 0 0 0 0 0 0 1 0 1 0 0 0 0 0 0 0 0 0 0 0 0 0 0 1 0 0 0 0 0 0 1 1 0 0 0 0 0
geno chr3.131918713 yri  0 0 0 0 0 0 0 0 0 0 0 0 0 0 0 0 0 0 0 0 0 0 0 0 0 0 0 0 0 0 0 0 0 0 0 0 0 0 0 0 0 0 0 0 0 0 0 0 0 0 0 0 0 0 0 0 0 0 0 0 0 0 0 0 0 0 0 0 0 0 0 0 0 0 0 0 0
geno chr3.131919210 ceu  1 0 2 1 0 1 1 1 0 0 1 0 0 0 2 0 1 0 0 0 1 1 1 1 0 1 0 0 0 0 1 0 0 0 0 0 1 1 0 0 0 2 0 0 1 0 0 0 0 0 0 0 0 1 1 1 1 0 0 0 0 0 0 1 0 0 1 0 2 1 0 0 1 1 0 0 1 0
geno chr3.131919210 fin  1 1 1 2 0 0 1 0 0 0 2 1 0 0 1 1 0 0 0 1 0 1 1 0 2 0 0 0 2 0 0 0 0 1 1 1 0 0 2 1 1 0 0 1 0 1 1 1 0 2 0 1 0 1 1 1 1 1 1 1 2 1 0 0 0 1 1 0 1 1 1 0 0 0 1 1 2 1 1 0 0 0 1 2 1 0 2 0 1
geno chr3.131919210 gbr  1 0 1 1 0 0 0 2 0 1 0 0 0 0 0 0 0 0 0 0 0 0 0 0 0 1 1 0 1 0 0 0 0 0 0 0 1 1 0 0 0 1 1 1 0 1 0 0 1 0 0 0 2 1 2 0 0 0 1 0 0 1 0 0 1 0 1 0 1 2 0 0 1 2 0 0 1 1 1 0 1 1 0 1
geno chr3.131919210 tsi  1 0 0 1 1 0 0 0 2 0 1 0 1 0 1 0 0 0 1 0 0 0 0 0 0 1 1 1 1 1 1 0 0 0 1 0 1 0 1 0 1 1 1 0 1 1 0 1 0 1 0 1 2 0 0 1 1 1 0 2 1 0 0 0 1 1 1 1 0 0 1 1 1 0 0 1 1 1 1 0 0 1 0 0 0 0 0 0 1 2 0 0
geno chr3.131919210 yri  0 0 0 0 0 0 0 0 0 0 0 0 0 0 0 0 0 0 0 0 0 0 0 0 0 0 0 0 0 0 0 0 0 0 0 0 0 0 0 0 0 0 0 0 0 0 0 0 0 0 0 0 0 0 0 0 0 0 0 0 0 0 0 0 0 0 0 0 0 0 0 0 0 0 0 0 0
geno chr3.131919339 ceu  1 0 2 1 0 1 1 1 0 0 1 0 0 0 2 0 1 0 0 0 1 1 1 1 0 1 0 0 0 0 1 0 0 0 0 0 1 1 0 0 0 2 0 0 1 0 0 0 0 0 0 0 0 1 1 1 1 0 0 0 0 0 0 1 0 0 1 0 2 1 0 0 1 1 0 0 1 0
geno chr3.131919339 fin  1 1 1 2 0 0 1 0 0 0 2 1 0 0 1 1 0 0 0 1 0 1 1 0 2 0 0 0 2 0 0 0 0 1 1 1 0 0 2 1 1 0 0 1 0 1 1 1 0 2 0 1 0 1 1 1 1 1 1 1 2 1 0 0 0 1 1 0 1 1 1 0 0 0 1 1 2 1 1 0 0 0 1 2 1 0 2 0 1
geno chr3.131919339 gbr  1 0 1 1 0 0 0 2 0 1 0 0 0 0 0 0 0 0 0 0 0 0 0 0 0 1 1 0 1 0 0 0 0 0 0 0 1 1 0 0 0 1 1 1 0 1 0 0 1 0 0 1 2 1 2 0 0 0 1 0 0 1 0 0 1 0 1 0 1 2 0 0 1 2 0 0 1 1 1 0 1 1 0 1
geno chr3.131919339 tsi  1 0 0 1 1 0 0 0 2 0 1 0 1 0 1 0 0 0 1 0 0 0 0 0 0 1 1 1 1 1 1 0 0 0 1 0 1 0 1 0 1 1 1 0 1 1 0 1 0 1 0 1 2 0 0 1 1 1 0 2 1 0 0 0 1 1 1 1 0 0 1 1 1 0 0 1 1 1 1 0 0 1 0 0 0 0 0 0 1 2 0 0
geno chr3.131919339 yri  0 0 0 0 0 0 0 0 0 0 0 0 0 0 0 0 0 0 0 0 0 0 0 0 0 0 0 0 0 0 0 0 0 0 0 0 0 0 0 0 0 0 0 0 0 0 0 0 0 0 0 0 0 0 0 0 0 0 0 0 0 0 0 0 0 0 0 0 0 0 0 0 0 0 0 0 0
geno chr3.131919483 ceu  1 0 0 0 2 0 1 0 0 1 1 1 1 0 0 1 1 1 0 1 1 1 0 1 1 0 2 1 0 1 0 0 1 1 1 2 0 1 1 0 2 0 1 2 0 1 0 1 0 0 2 0 0 1 1 0 0 1 0 1 0 1 1 0 1 1 1 0 0 0 0 2 0 1 2 0 0 2
geno chr3.131919483 fin  0 0 1 0 0 0 0 0 1 1 0 0 0 1 1 0 0 0 1 0 0 0 0 2 0 0 1 1 0 0 0 0 0 0 0 0 1 1 0 0 0 1 1 1 0 1 1 0 0 0 1 0 1 0 1 1 0 0 0 0 0 0 0 2 2 0 0 0 1 1 0 0 0 0 1 1 0 1 1 0 0 1 1 0 1 1 0 0 1
geno chr3.131919483 gbr  0 0 1 0 0 0 0 0 0 1 1 0 1 1 1 2 2 0 2 0 0 0 1 2 0 1 1 2 1 1 1 2 2 1 0 1 0 1 0 0 2 1 1 0 1 0 2 2 0 1 1 0 0 1 0 1 1 1 0 0 0 0 0 1 0 2 1 2 0 0 0 0 1 0 0 0 1 1 1 0 1 0 0 0
geno chr3.131919483 tsi  0 1 1 1 0 1 0 1 0 0 0 0 0 2 1 0 1 0 1 1 1 0 0 0 1 0 1 0 1 0 1 1 0 1 0 1 0 0 1 1 1 0 0 1 1 1 2 0 1 0 0 0 0 1 0 0 0 1 2 0 1 0 0 1 0 1 0 1 1 2 0 0 0 1 1 1 0 1 0 0 0 0 1 1 1 0 0 0 1 0 1 1
geno chr3.131919483 yri  0 1 0 0 0 0 0 1 1 0 0 0 0 1 0 0 0 0 0 0 0 0 0 0 0 0 0 0 0 0 0 0 0 0 0 0 0 1 0 0 0 0 0 0 0 0 1 1 0 0 0 1 0 0 0 1 0 0 0 0 0 0 1 0 1 0 0 0 0 1 0 0 0 1 0 0 0
