pheno ENSG00000256632 ceu -2.704606 -0.067921 -1.390426 -1.417174 -0.700254 -2.880618 0.8630086 -1.892878 -1.501712 -0.9302999 -1.448758 -1.452205 0.1834018 0.1531998 0.4149576 -0.9349416 -1.989577 -0.7699688 -0.1364858 -0.9428402 -2.025765 -0.9157241 -0.4135428 -2.416642 -0.9584755 -1.156715 -1.748845 -0.4469367 -1.517326 -0.9249893 -1.23789 -0.7852621 -2.081495 -1.210582 -1.839194 -0.8710423 -1.687585 -1.738826 -1.828643 -2.719624 -2.765296 -1.680664 -1.473652 -1.605715 -0.2126147 -1.666809 -0.4849895 -1.807742 -2.241829 -0.7603287 -1.332315 -0.618779 -0.6199273 -0.058752 -3.111077 -2.084171 -2.08651 -1.138306 0.7444592 0.04605052 -0.38244 -2.061871 -3.077064 -0.828456 -0.9617793 -1.146183 -2.413143 -1.593366 -1.61626 -0.3178614 -1.601989 -1.703933 -1.921034 -1.85302 -1.42407 -2.72196 -1.043327 -2.060487
pheno ENSG00000256632 fin -1.313642 -1.666669 -0.5914117 -2.74217 -0.4827458 -2.584084 -2.620372 -0.9730765 -1.153146 -2.909372 -0.8930744 -1.93306 -2.478123 -0.5061417 -1.435392 -0.9238906 -1.625912 -1.217286 -1.866549 -2.457881 -0.5876265 -2.375868 -0.9694471 -1.032422 -1.814324 -1.597674 -1.840537 -2.043055 -3.464647 -1.103535 0.1620467 -2.791786 -2.389664 0.1095087 -2.103601 -2.028274 -0.5024435 -1.639101 -2.567566 -0.9094593 -2.502198 -1.913458 -2.324335 -2.203384 -0.5246357 -0.2825087 -1.060498 -1.619063 -0.8036443 -2.398846 -0.989145 -1.588555 -1.005044 -2.004215 -2.156974 -3.688253 -0.1292171 -1.238444 -0.393473 -0.9238073 -0.8452288 -1.375845 -0.8749021 -0.3950634 -2.495074 -1.253825 -2.386403 -3.668895 -1.792525 -1.12027 -2.843712 -1.80338 -2.505941 -3.067089 -0.5256506 -0.7572378 -1.284953 -2.472654 -1.902643 -0.1949723 -2.166408 -1.925112 -3.015598 -2.740723 -0.911199 -1.533245 -0.4947224 -0.2679567 -2.932516
pheno ENSG00000256632 gbr 3.545017 2.719598 2.450949 0.432324 2.873902 3.090067 1.712242 2.907156 2.816721 1.446754 1.762951 2.717788 1.784572 2.55741 2.269283 1.724661 1.670622 2.428819 2.576688 3.183636 1.354028 1.409619 0.1275084 2.59489 1.556834 2.03064 3.385812 -0.14722 2.496901 -1.501801 2.341742 0.9605889 2.540391 2.722448 1.589792 2.604881 -0.05639546 1.774632 1.476849 2.057158 0.7519554 3.312364 1.378758 1.326204 0.4841272 0.8620603 0.2261325 4.532207 1.996435 2.110739 0.2290904 2.716967 1.129547 4.084085 2.256343 2.195314 1.672239 2.723444 2.490127 0.8781465 0.6904776 1.820466 2.701796 2.602017 -0.7147969 3.026991 2.509299 2.514386 1.783505 2.300648 2.481803 1.948256 1.181786 1.852335 1.842836 1.092058 1.942963 2.786241 1.907832 0.9587429 3.006707 3.525743 1.224649 -0.07602859
pheno ENSG00000256632 tsi -1.834165 -2.316629 -1.02793 -1.317504 -1.922231 -2.569758 -1.559874 -1.429959 -2.92887 -4.08566 -4.742845 -1.541622 -2.138351 -2.352525 -1.694647 -1.152315 -0.9789015 -1.160334 -2.300126 -3.080246 -0.1008809 -1.191292 -3.897006 -1.816907 -0.4451334 -2.471181 -0.03422472 -1.096972 -2.534686 -2.083186 -2.699227 -1.606453 -3.705586 -2.653666 -1.379302 -1.767164 -2.131493 -0.6955372 -0.4318862 -1.352107 -0.5422909 -1.074779 -1.62992 -0.07347986 -1.630339 -1.451059 -0.8139189 -2.638456 -2.413669 -2.584334 -1.490908 -0.9917004 -2.430334 -2.487613 -2.151104 -1.15966 -2.78501 -1.419906 -0.378715 -3.305163 -0.8734995 -0.3392232 -1.717112 -1.959604 -1.095357 -0.5309187 -1.33065 -1.491165 -3.401291 -2.466136 -2.494824 -0.830815 -1.335613 -2.610831 -0.9712555 -1.356908 -0.9089493 -0.7129532 -2.129605 0.6490372 -0.7343903 -2.123307 -2.341599 -1.567829 -2.710777 -1.598597 -0.7644542 -3.523697 -1.604241 -1.668271 -1.289745 -2.144963
pheno ENSG00000256632 yri -1.431182 -2.115625 -2.440946 -3.121124 -1.245649 -1.282822 -1.339315 0.1260852 -1.591439 -0.2986486 -2.418963 -1.897194 -1.638511 -2.200684 -1.397041 -0.8915125 -1.313618 -0.8555273 -0.9104646 -1.157116 0.02269603 -0.2472887 -0.3295983 -0.9537732 1.840872 0.6764656 -0.856463 0.3127668 -0.6843857 -0.4195243 -1.843772 -1.480065 -0.5736882 -1.293539 -0.1464754 0.374535 -0.1290637 -4.270024 0.5701173 -0.8552968 -1.116316 0.04625676 -1.870268 -2.118463 -1.6176 -0.2993381 -3.143562 -2.198605 0.3268147 -0.8228049 -1.998607 -0.5881964 -0.4234786 -0.9663824 -0.427252 0.7755583 -0.3735173 -0.2284333 -1.134931 0.02344567 0.60821 -0.4279099 -0.9986017 -0.3716561 -0.4270512 -0.2381503 -0.8774255 -0.1860226 -0.6206019 -1.221344 -0.6802158 1.356178 -0.2627156 0.6781747 -1.528246 1.259059 0.1903961
geno chr12.133164690 ceu  2 2 2 2 2 1 2 2 2 2 1 2 1 1 1 2 2 2 2 1 1 2 2 0 2 1 1 1 1 1 1 2 2 1 1 2 2 2 1 1 2 2 2 2 2 2 1 1 2 1 2 2 2 2 1 1 2 1 2 1 2 2 2 1 2 2 1 2 2 2 1 2 1 2 1 0 2 1
geno chr12.133164690 fin  2 2 1 2 2 1 2 1 2 1 2 2 1 2 2 2 1 2 2 2 2 2 1 2 1 2 2 2 2 1 2 1 1 1 1 0 2 1 2 2 2 2 2 2 2 1 1 1 2 2 2 2 0 1 1 2 1 1 2 2 1 2 1 1 2 2 1 2 2 1 1 2 1 1 2 2 1 2 0 2 2 2 2 0 1 2 2 2 1
geno chr12.133164690 gbr  2 2 2 2 2 2 2 1 1 1 1 2 2 2 1 1 1 1 2 1 2 1 2 0 2 2 2 2 2 2 2 2 1 1 2 1 2 2 2 2 1 2 2 2 1 1 2 1 1 2 2 2 1 2 2 0 2 2 2 2 2 2 1 1 2 2 2 2 2 2 1 2 2 2 1 2 2 1 2 1 2 2 2 0
geno chr12.133164690 tsi  2 2 2 1 2 1 2 1 1 2 2 2 2 2 2 2 2 2 1 2 1 2 2 2 2 2 2 2 1 2 1 2 2 2 2 2 2 1 2 2 2 0 2 1 1 2 2 1 1 2 2 2 2 1 2 1 1 1 2 2 2 2 1 2 2 1 2 1 2 1 2 2 2 2 2 2 2 2 2 2 1 2 2 2 2 1 1 1 2 2 2 1
geno chr12.133164690 yri  2 2 2 2 2 2 1 2 2 2 2 2 2 2 2 2 2 2 2 2 2 2 2 2 2 1 2 2 2 2 2 2 2 2 2 2 2 1 2 2 2 2 1 2 2 1 2 2 2 2 2 2 2 2 2 2 2 2 2 2 2 2 2 2 2 1 2 2 1 2 2 2 2 2 2 2 2
geno chr12.133164905 ceu  0 0 1 0 0 0 0 1 0 0 0 0 0 1 0 0 0 0 0 0 0 1 1 0 0 0 0 0 0 0 0 0 0 0 0 0 2 0 0 1 0 1 1 0 0 1 0 0 1 0 1 1 0 0 0 0 1 1 1 0 1 1 0 0 0 1 0 1 0 0 1 0 0 0 0 0 0 1
geno chr12.133164905 fin  0 0 0 0 1 0 0 0 1 0 0 1 0 1 1 0 0 0 0 1 1 0 0 0 0 1 0 0 0 0 0 0 0 0 0 0 0 1 0 0 0 0 0 0 0 0 0 1 1 0 0 0 0 0 0 1 1 0 0 0 0 0 1 0 0 1 0 0 1 0 0 0 0 0 0 0 0 0 0 0 0 1 1 0 0 0 0 0 1
geno chr12.133164905 gbr  0 0 0 0 0 1 1 0 0 0 1 1 0 1 0 0 0 0 1 0 1 0 0 0 0 0 1 1 0 0 1 1 0 0 0 0 0 0 0 0 0 0 0 0 0 0 0 0 0 1 0 0 0 0 0 0 0 0 1 0 0 0 0 1 0 0 0 0 1 0 0 0 0 1 0 1 0 0 0 0 0 0 0 0
geno chr12.133164905 tsi  2 1 0 0 0 1 2 0 0 0 0 0 0 1 0 1 0 1 0 0 0 0 0 1 0 1 0 1 0 0 0 1 0 1 0 1 0 0 1 0 1 0 0 0 1 0 1 1 0 1 1 1 1 0 1 0 0 0 0 1 0 0 0 0 0 0 1 0 0 0 0 1 0 0 0 1 0 0 0 0 0 0 0 0 0 0 0 0 0 0 2 0
geno chr12.133164905 yri  1 0 1 1 1 1 1 0 0 2 0 2 1 0 1 1 0 1 0 0 1 1 0 1 2 0 0 0 2 0 1 1 0 1 0 0 1 0 1 1 0 0 1 1 1 0 1 1 0 0 1 2 1 0 0 1 1 1 1 1 1 1 2 1 1 0 2 0 0 0 1 0 1 0 0 0 1
geno chr12.133164999 ceu  0 0 1 0 0 0 0 1 0 0 0 0 0 1 0 0 0 0 0 0 0 1 1 0 0 0 0 0 0 0 0 0 0 0 0 0 2 0 0 1 0 1 1 0 0 1 0 0 1 0 1 1 0 0 0 0 1 1 1 0 1 1 0 0 0 1 0 1 0 0 1 0 0 0 0 0 1 1
geno chr12.133164999 fin  0 0 0 0 1 0 0 0 1 0 0 1 0 1 1 0 0 0 0 1 1 0 0 0 0 1 0 1 0 0 0 1 0 0 0 0 0 1 0 0 0 0 0 0 0 0 0 1 1 0 0 0 0 0 0 1 1 0 0 0 0 0 1 0 1 1 0 0 1 0 0 0 0 0 0 0 0 0 0 0 0 1 1 0 0 0 0 0 1
geno chr12.133164999 gbr  0 0 0 0 0 1 1 0 0 0 1 1 0 1 0 0 0 0 1 0 1 0 0 0 0 0 1 1 0 0 1 1 0 0 0 0 0 0 0 0 0 0 0 0 0 1 0 0 0 1 1 0 0 0 0 0 0 0 1 0 0 0 0 1 0 0 1 0 1 0 0 0 1 1 0 1 0 0 0 0 0 0 0 0
geno chr12.133164999 tsi  2 1 0 0 0 1 2 0 0 0 0 0 0 1 0 1 0 1 0 0 0 0 0 1 0 1 0 1 0 0 0 1 0 1 0 1 0 0 1 0 1 0 0 0 1 0 1 1 0 1 1 1 1 0 1 0 0 0 0 1 0 0 0 0 0 0 1 0 1 0 0 1 0 0 0 1 0 0 0 0 0 0 0 0 0 0 0 0 0 0 2 0
geno chr12.133164999 yri  1 0 1 1 1 1 1 0 0 2 0 2 1 0 1 1 0 1 0 0 1 1 0 1 2 0 0 0 2 0 1 1 0 1 0 0 1 0 1 1 0 0 1 1 1 0 1 1 0 0 1 2 1 0 0 1 1 1 1 1 1 1 2 1 1 0 2 0 0 0 1 0 1 0 0 0 1
geno chr12.133165124 ceu  0 0 1 0 0 0 0 1 0 0 0 0 0 1 0 0 0 0 0 0 0 1 1 0 0 0 0 0 0 0 0 0 0 0 0 0 2 0 0 1 0 1 1 0 0 1 0 0 1 0 1 1 0 0 0 0 1 1 1 0 1 1 0 0 0 1 0 1 0 0 1 0 0 0 0 0 1 1
geno chr12.133165124 fin  0 0 0 0 1 0 0 0 1 0 0 1 0 1 1 0 0 0 0 1 1 0 0 0 0 1 0 1 0 0 0 1 0 0 0 0 0 1 0 0 0 0 0 0 0 0 0 1 1 0 0 0 0 0 0 1 1 0 0 0 0 0 1 0 1 1 0 0 1 0 0 0 0 0 0 0 0 0 0 0 0 1 1 0 0 0 0 0 1
geno chr12.133165124 gbr  0 0 0 0 0 1 1 0 0 0 1 1 0 1 0 0 0 0 1 0 1 0 0 0 0 0 1 1 0 0 1 1 0 0 0 0 0 0 0 0 0 0 0 0 0 1 0 0 0 1 1 0 0 0 0 0 0 0 1 0 0 0 0 1 0 0 1 0 1 0 0 0 1 1 0 1 0 0 0 0 0 0 0 0
geno chr12.133165124 tsi  2 1 0 0 0 1 2 0 0 0 0 0 0 1 0 1 0 1 0 0 0 0 0 1 0 1 0 1 0 0 0 1 0 1 0 1 0 0 1 0 1 0 0 0 1 0 1 1 0 1 1 1 1 0 1 0 0 0 0 1 0 0 0 0 0 0 1 0 1 0 0 1 0 0 0 1 0 0 0 0 0 0 0 0 0 0 0 0 0 0 2 0
geno chr12.133165124 yri  1 0 1 1 1 1 1 0 0 2 0 2 1 0 1 1 0 1 0 0 1 1 0 1 2 0 0 0 2 0 1 1 0 1 0 0 1 0 1 1 0 0 1 1 1 0 1 1 0 0 1 2 1 0 0 1 1 1 1 1 1 1 2 1 1 0 2 0 0 0 1 0 1 0 0 0 1
geno chr12.133165170 ceu  0 0 1 0 0 0 0 1 0 0 0 0 0 1 0 0 0 0 0 0 0 1 1 0 0 0 0 0 0 0 0 0 0 0 0 0 2 0 0 1 0 1 1 0 0 1 0 0 1 0 1 1 0 0 0 0 1 1 1 0 1 1 0 0 0 1 0 1 0 0 1 0 0 0 0 0 1 1
geno chr12.133165170 fin  0 0 0 0 1 0 0 0 1 0 0 1 0 1 1 0 0 0 0 1 1 0 0 0 0 1 0 1 0 0 0 1 0 0 0 0 0 1 0 0 0 0 0 0 0 0 0 1 1 0 0 0 0 0 0 1 1 0 0 0 0 0 1 0 1 1 0 0 1 0 0 0 0 0 0 0 0 0 0 0 0 1 1 0 0 0 0 0 1
geno chr12.133165170 gbr  0 0 0 0 0 1 1 0 0 0 1 1 0 1 0 0 0 0 1 0 1 0 0 0 0 0 1 1 0 0 1 1 0 0 0 0 0 0 0 0 0 0 0 0 0 1 0 0 0 1 1 0 0 0 0 0 0 0 1 0 0 0 0 1 0 0 1 0 1 0 0 0 1 1 0 1 0 0 0 0 0 0 0 0
geno chr12.133165170 tsi  2 1 0 0 0 1 2 0 0 0 0 0 0 1 0 1 0 1 0 0 0 0 0 1 0 1 0 1 0 0 0 1 0 1 0 1 0 0 1 0 1 0 0 0 1 0 1 1 0 1 1 1 1 0 1 0 0 0 0 1 0 0 0 0 0 0 1 0 1 0 0 1 0 0 0 1 0 0 0 0 0 0 0 0 0 0 0 0 0 0 2 0
geno chr12.133165170 yri  1 0 1 1 1 1 1 0 0 2 0 2 1 0 1 1 0 1 0 0 1 1 0 1 2 0 0 0 2 0 1 1 0 1 0 0 1 0 1 1 0 0 1 1 1 0 1 1 0 0 1 2 1 0 0 1 1 1 1 1 1 1 2 1 1 0 2 0 0 0 1 0 1 0 0 0 1
geno chr12.133165378 ceu  0 0 1 0 0 0 0 1 0 0 0 0 0 1 0 0 0 0 0 0 0 1 1 0 0 0 0 0 0 0 0 0 0 0 0 0 2 0 0 1 0 1 1 0 0 1 0 0 1 0 1 1 0 0 0 0 1 1 1 0 1 1 0 0 0 1 0 1 0 0 1 0 0 0 0 0 1 1
geno chr12.133165378 fin  0 0 0 0 1 0 0 0 1 0 0 1 0 1 1 0 0 0 0 1 1 0 0 0 0 1 0 1 0 0 0 1 0 0 0 0 0 1 0 0 0 0 0 0 0 0 0 1 1 0 0 0 0 0 0 1 1 0 0 0 0 0 1 0 1 1 0 0 1 0 0 0 0 0 0 0 0 0 0 0 0 1 1 0 0 0 0 0 1
geno chr12.133165378 gbr  0 0 0 0 0 1 1 0 0 0 1 1 0 1 0 0 0 0 1 0 1 0 0 0 0 0 1 1 0 0 1 1 0 0 0 0 0 0 0 0 0 0 0 0 0 1 0 0 0 1 1 0 0 0 0 0 0 0 1 0 0 0 0 1 0 0 1 0 1 0 0 0 1 1 0 1 0 0 0 0 0 0 0 0
geno chr12.133165378 tsi  2 1 0 0 0 1 2 0 0 0 0 0 0 1 0 1 0 1 0 0 0 0 0 1 0 1 0 1 0 0 0 1 0 1 0 1 0 0 1 0 1 0 0 0 1 0 1 1 0 1 1 1 1 0 1 0 0 0 0 1 0 0 0 0 0 0 1 0 1 0 0 1 0 0 0 1 0 0 0 0 0 0 0 0 0 0 0 0 0 0 2 0
geno chr12.133165378 yri  1 0 1 1 1 1 1 0 0 2 0 2 1 0 1 1 0 1 0 0 1 1 0 1 2 0 0 0 2 0 1 1 0 1 0 0 1 0 1 1 0 0 1 1 1 0 1 1 0 0 1 2 1 0 0 1 1 1 1 1 1 1 2 1 1 0 2 0 0 0 1 0 1 0 0 0 1
geno chr12.133165457 ceu  0 0 1 0 0 0 0 1 0 0 0 0 0 1 0 0 0 0 0 0 0 1 1 0 0 0 0 0 0 0 0 0 0 0 0 0 2 0 0 1 0 1 1 0 0 1 0 0 1 0 1 1 0 0 0 0 1 1 1 0 1 1 0 0 0 1 0 1 0 0 1 0 0 0 0 0 1 1
geno chr12.133165457 fin  0 0 0 0 1 0 0 0 1 0 0 1 0 1 1 0 0 0 0 1 1 0 0 0 0 1 0 1 0 0 0 1 0 0 0 0 0 1 0 0 0 0 0 0 0 0 0 1 1 0 0 0 0 0 0 1 1 0 0 0 0 0 1 0 1 1 0 0 1 0 0 0 0 0 0 0 0 0 0 0 0 1 1 0 0 0 0 0 1
geno chr12.133165457 gbr  0 0 0 0 0 1 1 0 0 0 1 1 0 1 0 0 0 0 1 0 1 0 0 0 0 0 1 1 0 0 1 1 0 0 0 0 0 0 0 0 0 0 0 0 0 1 0 0 0 1 1 0 0 0 0 0 0 0 1 0 0 0 0 1 0 0 1 0 1 0 0 0 1 1 0 1 0 0 0 0 0 0 0 0
geno chr12.133165457 tsi  2 1 0 0 0 1 2 0 0 0 0 0 0 1 0 1 0 1 0 0 0 0 0 1 0 1 0 1 0 0 0 1 0 1 0 1 0 0 1 0 1 0 0 0 1 0 1 1 0 1 1 1 1 0 1 0 0 0 0 1 0 0 0 0 0 0 1 0 1 0 0 1 0 0 0 1 0 0 0 0 0 0 0 0 0 0 0 0 0 0 2 0
geno chr12.133165457 yri  1 0 1 1 1 1 1 0 0 2 0 2 1 0 1 1 0 1 0 0 1 1 0 1 2 0 0 0 2 0 1 1 0 1 0 0 1 0 1 1 0 0 1 1 1 0 1 1 0 0 1 2 1 0 0 1 1 1 1 1 1 1 2 1 1 0 2 0 0 0 1 0 1 0 0 0 1
geno chr12.133165526 ceu  0 0 1 0 0 0 0 1 0 0 0 0 0 1 0 0 0 0 0 0 0 1 1 0 0 0 0 0 0 0 0 0 0 0 0 0 2 0 0 1 0 1 1 0 0 1 0 0 1 0 1 1 0 0 0 0 1 1 1 0 1 1 0 0 0 1 0 1 0 0 1 0 0 0 0 0 1 1
geno chr12.133165526 fin  0 0 0 0 1 0 0 0 1 0 0 1 0 1 1 0 0 0 0 1 1 0 0 0 0 1 0 1 0 0 0 1 0 0 0 0 0 1 0 0 0 0 0 0 0 0 0 1 1 0 0 0 0 0 0 1 1 0 0 0 0 0 1 0 1 1 0 0 1 0 0 0 0 0 0 0 0 0 0 0 0 1 1 0 0 0 0 0 1
geno chr12.133165526 gbr  0 0 0 0 0 1 1 0 0 0 1 1 0 1 0 0 0 0 1 0 1 0 0 0 0 0 1 1 0 0 1 1 0 0 0 0 0 0 0 0 0 0 0 0 0 1 0 0 0 1 1 0 0 0 0 0 0 0 1 0 0 0 0 1 0 0 1 0 1 0 0 0 1 1 0 1 0 0 0 0 0 0 0 0
geno chr12.133165526 tsi  2 1 0 0 0 1 2 0 0 0 0 0 0 1 0 1 0 1 0 0 0 0 0 1 0 1 0 1 0 0 0 1 0 1 0 1 0 0 1 0 1 0 0 0 1 0 1 1 0 1 1 1 1 0 1 0 0 0 0 1 0 0 0 0 0 0 1 0 1 0 0 1 0 0 0 1 0 0 0 0 0 0 0 0 0 0 0 0 0 0 2 0
geno chr12.133165526 yri  1 0 1 1 1 1 1 0 0 2 0 2 1 0 1 1 0 1 0 0 1 1 0 1 2 0 0 0 2 0 1 1 0 1 0 0 1 0 1 1 0 0 1 1 1 0 1 1 0 0 1 2 1 0 0 1 1 1 1 1 1 1 2 1 1 0 2 0 0 0 1 0 1 0 0 0 1
geno chr12.133165554 ceu  0 0 1 0 0 0 0 1 0 0 0 0 0 1 0 0 0 0 0 0 0 1 1 0 0 0 0 0 0 0 0 0 0 0 0 0 2 0 0 1 0 1 1 0 0 1 0 0 1 0 1 1 0 0 0 0 1 1 1 0 1 1 0 0 0 1 0 1 0 0 1 0 0 0 0 0 1 1
geno chr12.133165554 fin  0 0 0 0 1 0 0 0 1 0 0 1 0 1 1 0 0 0 0 1 1 0 0 0 0 1 0 1 0 0 0 1 0 0 0 0 0 1 0 0 0 0 0 0 0 0 0 1 1 0 0 0 0 0 0 1 1 0 0 0 0 0 1 0 1 1 0 0 1 0 0 0 0 0 0 0 0 0 0 0 0 1 1 0 0 0 0 0 1
geno chr12.133165554 gbr  0 0 0 0 0 1 1 0 0 0 1 1 0 1 0 0 0 0 1 0 1 0 0 0 0 0 1 1 0 0 1 1 0 0 0 0 0 0 0 0 0 0 0 0 0 1 0 0 0 1 1 0 0 0 0 0 0 0 1 0 0 0 0 1 0 0 1 0 1 0 0 0 1 1 0 1 0 0 0 0 0 0 0 0
geno chr12.133165554 tsi  2 1 0 0 0 1 2 0 0 0 0 0 0 1 0 1 0 1 0 0 0 0 0 1 0 1 0 1 0 0 0 1 0 1 0 1 0 0 1 0 1 0 0 0 1 0 1 1 0 1 1 1 1 0 1 0 0 0 0 1 0 0 0 0 0 0 1 0 1 0 0 1 0 0 0 1 0 0 0 0 0 0 0 0 0 0 0 0 0 0 2 0
geno chr12.133165554 yri  1 0 1 1 1 1 1 0 0 2 0 2 1 0 1 1 0 1 0 0 1 1 0 1 2 0 0 0 2 0 1 1 0 1 0 0 1 0 1 1 0 0 1 1 1 0 1 1 0 0 1 2 1 0 0 1 1 1 1 1 1 1 2 1 1 0 2 0 0 0 1 0 1 0 0 0 1
geno chr12.133165564 ceu  0 1 1 2 1 1 0 1 1 2 0 1 1 0 0 1 1 1 1 0 0 1 0 0 2 0 1 1 0 1 0 2 1 0 0 1 0 0 1 0 1 0 0 0 1 0 0 1 0 1 0 1 1 1 0 0 1 0 1 0 0 0 1 1 1 0 1 1 0 1 0 2 1 0 0 0 0 0
geno chr12.133165564 fin  2 0 1 0 0 0 0 0 0 1 0 0 1 1 1 2 1 1 1 0 0 0 0 1 0 0 2 0 0 0 1 0 0 0 0 0 2 0 1 2 2 1 1 0 0 1 0 0 0 2 0 0 0 1 1 1 0 1 0 1 1 1 0 0 1 0 0 1 1 1 0 2 0 0 0 0 1 1 0 1 0 1 1 0 1 0 0 1 0
geno chr12.133165564 gbr  1 0 0 1 0 1 1 1 0 1 0 0 1 1 0 1 1 1 1 0 1 1 2 0 2 2 0 1 0 2 0 1 0 1 2 1 1 2 0 1 1 0 1 2 1 0 1 1 0 0 1 1 1 1 2 0 1 1 0 1 0 0 0 0 1 2 0 0 0 1 0 0 1 1 1 1 1 0 2 0 1 1 0 0
geno chr12.133165564 tsi  0 1 0 1 1 0 0 1 1 1 1 1 1 0 1 0 1 0 0 2 0 0 1 1 2 1 1 1 1 1 1 0 1 1 2 0 0 1 1 2 1 0 0 0 0 2 0 0 1 1 1 1 0 1 0 1 0 1 1 0 1 2 0 1 0 0 1 0 0 1 0 1 1 2 0 0 1 1 2 2 1 2 1 0 2 1 1 1 1 2 0 1
geno chr12.133165564 yri  0 0 0 0 0 0 0 0 0 0 0 0 0 0 0 0 0 0 0 0 0 0 0 0 0 0 0 1 0 0 0 0 0 0 0 0 0 0 0 0 0 0 0 0 0 0 0 0 0 0 0 0 0 0 0 0 0 0 0 0 0 0 0 0 0 0 0 0 0 0 1 0 0 0 0 0 0
geno chr12.133165581 ceu  0 0 1 0 0 0 0 1 0 0 0 0 0 1 0 0 0 0 0 0 0 1 1 0 0 0 0 0 0 0 0 0 0 0 0 0 2 0 0 1 0 1 1 0 0 1 0 0 1 0 1 1 0 0 0 0 1 1 1 0 1 1 0 0 0 1 0 1 0 0 1 0 0 0 0 0 1 1
geno chr12.133165581 fin  0 0 0 0 1 0 0 0 1 0 0 1 0 1 1 0 0 0 0 1 1 0 0 0 0 1 0 1 0 0 0 1 0 0 0 0 0 1 0 0 0 0 0 0 0 0 0 1 1 0 0 0 0 0 0 1 1 0 0 0 0 0 1 0 1 1 0 0 1 0 0 0 0 0 0 0 0 0 0 0 0 1 1 0 0 0 0 0 1
geno chr12.133165581 gbr  0 0 0 0 0 1 1 0 0 0 1 1 0 1 0 0 0 0 1 0 1 0 0 0 0 0 1 1 0 0 1 1 0 0 0 0 0 0 0 0 0 0 0 0 0 1 0 0 0 1 1 0 0 0 0 0 0 0 1 0 0 0 0 1 0 0 1 0 1 0 0 0 1 1 0 1 0 0 0 0 0 0 0 0
geno chr12.133165581 tsi  2 1 0 0 0 1 2 0 0 0 0 0 0 1 0 1 0 1 0 0 0 0 0 1 0 1 0 1 0 0 0 1 0 1 0 1 0 0 1 0 1 0 0 0 1 0 1 1 0 1 1 1 1 0 1 0 0 0 0 1 0 0 0 0 0 0 1 0 1 0 0 1 0 0 0 1 0 0 0 0 0 0 0 0 0 0 0 0 0 0 2 0
geno chr12.133165581 yri  1 0 1 1 1 1 1 0 0 2 0 2 1 0 1 1 0 1 0 0 1 1 0 1 2 0 0 0 2 0 1 1 0 1 0 0 1 0 1 1 0 0 1 1 1 0 1 1 0 0 1 2 1 0 0 1 1 1 1 1 1 1 2 1 1 0 2 0 0 0 1 0 1 0 0 0 1
geno chr12.133165650 ceu  0 0 1 0 0 0 0 1 0 0 0 0 0 1 0 0 0 0 0 0 0 1 1 0 0 0 0 0 0 0 0 0 0 0 0 0 2 0 0 1 0 1 1 0 0 1 0 0 1 0 1 1 0 0 0 0 1 1 1 0 1 1 0 0 0 1 0 1 0 0 1 0 0 0 0 0 1 1
geno chr12.133165650 fin  0 0 0 0 1 0 0 0 1 0 0 1 0 1 1 0 0 0 0 1 1 0 0 0 0 1 0 1 0 0 0 1 0 0 0 0 0 1 0 0 0 0 0 0 0 0 0 1 1 0 0 0 0 0 0 1 1 0 0 0 0 0 1 0 1 1 0 0 1 0 0 0 0 0 0 0 0 0 0 0 0 1 1 0 0 0 0 0 1
geno chr12.133165650 gbr  0 0 0 0 0 1 1 0 0 0 1 1 0 1 0 0 0 0 1 0 1 0 0 0 0 0 1 1 0 0 1 1 0 0 0 0 0 0 0 0 0 0 0 0 0 1 0 0 0 1 1 0 0 0 0 0 0 0 1 0 0 0 0 1 0 0 1 0 1 0 0 0 1 1 0 1 0 0 0 0 0 0 0 0
geno chr12.133165650 tsi  2 1 0 0 0 1 2 0 0 0 0 0 0 1 0 1 0 1 0 0 0 0 0 1 0 1 0 1 0 0 0 1 0 1 0 1 0 0 1 0 1 0 0 0 1 0 1 1 0 1 1 1 1 0 1 0 0 0 0 1 0 0 0 0 0 0 1 0 1 0 0 1 0 0 0 1 0 0 0 0 0 0 0 0 0 0 0 0 0 0 2 0
geno chr12.133165650 yri  1 0 1 1 1 1 1 0 0 2 0 2 1 0 1 1 0 1 0 0 1 1 0 1 2 0 0 0 2 0 1 1 0 1 0 0 1 0 1 1 0 0 1 1 1 0 1 1 0 0 1 2 1 0 0 1 1 1 1 1 1 1 2 1 1 0 2 0 0 0 1 0 1 0 0 0 1
geno chr12.133165721 ceu  0 0 1 0 0 0 0 1 0 0 0 0 0 1 0 0 0 0 0 0 0 1 1 0 0 0 0 0 0 0 0 0 0 0 0 0 2 0 0 1 0 1 1 0 0 1 0 0 1 0 1 1 0 0 0 0 1 1 1 0 1 1 0 0 0 1 0 1 0 0 1 0 0 0 0 0 1 1
geno chr12.133165721 fin  0 0 0 0 1 0 0 0 1 0 0 1 0 1 1 0 0 0 0 1 1 0 0 0 0 1 0 1 0 0 0 1 0 0 0 0 0 1 0 0 0 0 0 0 0 0 0 1 1 0 0 0 0 0 0 1 1 0 0 0 0 0 1 0 1 1 0 0 1 0 0 0 0 0 0 0 0 0 0 0 0 1 1 0 0 0 0 0 1
geno chr12.133165721 gbr  0 0 0 0 0 1 1 0 0 0 1 1 0 1 0 0 0 0 1 0 1 0 0 0 0 0 1 1 0 0 1 1 0 0 0 0 0 0 0 0 0 0 0 0 0 1 0 0 0 1 1 0 0 0 0 0 0 0 1 0 0 0 0 1 0 0 1 0 1 0 0 0 1 1 0 1 0 0 0 0 0 0 0 0
geno chr12.133165721 tsi  2 1 0 0 0 1 2 0 0 0 0 0 0 1 0 1 0 1 0 0 0 0 0 1 0 1 0 1 0 0 0 1 0 1 0 1 0 0 1 0 1 0 0 0 1 0 1 1 0 1 1 1 1 0 1 0 0 0 0 1 0 0 0 0 0 0 1 0 1 0 0 1 0 0 0 1 0 0 0 0 0 0 0 0 0 0 0 0 0 0 2 0
geno chr12.133165721 yri  1 0 1 1 1 1 1 0 0 2 0 2 1 0 1 1 0 1 0 0 1 1 0 1 2 0 0 0 2 0 1 1 0 1 0 0 1 0 1 1 0 0 1 1 1 0 1 1 0 0 1 2 1 0 0 1 1 1 1 1 1 1 2 1 1 0 2 0 0 0 1 0 1 0 0 0 1
geno chr12.133165732 ceu  0 0 1 0 0 0 0 1 0 0 0 0 0 1 0 0 0 0 0 0 0 1 1 0 0 0 0 0 0 0 0 0 0 0 0 0 2 0 0 1 0 1 1 0 0 1 0 0 1 0 1 1 0 0 0 0 1 1 1 0 1 1 0 0 0 1 0 1 0 0 1 0 0 0 0 0 1 1
geno chr12.133165732 fin  0 0 0 0 1 0 0 0 1 0 0 1 0 1 1 0 0 0 0 1 1 0 0 0 0 1 0 1 0 0 0 1 0 0 0 0 0 1 0 0 0 0 0 0 0 0 0 1 1 0 0 0 0 0 0 1 1 0 0 0 0 0 1 0 1 1 0 0 1 0 0 0 0 0 0 0 0 0 0 0 0 1 1 0 0 0 0 0 1
geno chr12.133165732 gbr  0 0 0 0 0 1 1 0 0 0 1 1 0 1 0 0 0 0 1 0 1 0 0 0 0 0 1 1 0 0 1 1 0 0 0 0 0 0 0 0 0 0 0 0 0 1 0 0 0 1 1 0 0 0 0 0 0 0 1 0 0 0 0 1 0 0 1 0 1 0 0 0 1 1 0 1 0 0 0 0 0 0 0 0
geno chr12.133165732 tsi  2 1 0 0 0 1 2 0 0 0 0 0 0 1 0 1 0 1 0 0 0 0 0 1 0 1 0 1 0 0 0 1 0 1 0 1 0 0 1 0 1 0 0 0 1 0 1 1 0 1 1 1 1 0 1 0 0 0 0 1 0 0 0 0 0 0 1 0 1 0 0 1 0 0 0 1 0 0 0 0 0 0 0 0 0 0 0 0 0 0 2 0
geno chr12.133165732 yri  1 0 1 1 1 1 1 0 0 2 0 2 1 0 1 1 0 1 0 0 1 1 0 1 2 0 0 0 2 0 1 1 0 1 0 0 1 0 1 1 0 0 1 1 1 0 1 1 0 0 1 2 1 0 0 1 1 1 1 1 1 1 2 1 1 0 2 0 0 0 1 0 1 0 0 0 1
geno chr12.133165924 ceu  0 0 1 0 0 0 0 1 0 0 0 0 0 1 0 0 0 0 0 0 0 1 1 0 0 0 0 0 0 0 0 0 0 0 0 0 2 0 0 1 0 1 1 0 0 1 0 0 1 0 1 1 0 0 0 0 1 1 1 0 1 1 0 0 0 1 0 1 0 0 1 0 0 0 0 0 1 1
geno chr12.133165924 fin  0 0 0 0 1 0 0 0 1 0 0 1 0 1 1 0 0 0 0 1 1 0 0 0 0 1 0 1 0 0 0 1 0 0 0 0 0 1 0 0 0 0 0 0 0 0 0 1 1 0 0 0 0 0 0 1 1 0 0 0 0 0 1 0 1 1 0 0 1 0 0 0 0 0 0 0 0 0 0 0 0 1 1 0 0 0 0 0 1
geno chr12.133165924 gbr  0 0 0 0 0 1 1 0 0 0 1 1 0 1 0 0 0 0 1 0 1 0 0 0 0 0 1 1 0 0 1 1 0 0 0 0 0 0 0 0 0 0 0 0 0 1 0 0 0 1 1 0 0 0 0 0 0 0 1 0 0 0 0 1 0 0 1 0 1 0 0 0 1 1 0 1 0 0 0 0 0 0 0 0
geno chr12.133165924 tsi  2 1 0 0 0 1 2 0 0 0 0 0 0 1 0 1 0 1 0 0 0 0 0 1 0 1 0 1 0 0 0 1 0 1 0 1 0 0 1 0 1 0 0 0 1 0 1 1 0 1 1 1 1 0 1 0 0 0 0 1 0 0 0 0 0 0 1 0 1 0 0 1 0 0 1 1 0 0 0 0 0 0 0 0 0 0 0 0 0 0 2 0
geno chr12.133165924 yri  1 0 1 1 1 1 1 0 0 2 0 2 1 0 1 1 0 1 0 0 1 1 0 1 2 0 0 0 2 0 1 1 0 1 0 0 1 0 1 1 0 0 1 1 1 0 1 1 0 0 1 2 1 0 0 1 1 1 1 1 1 1 2 1 1 0 2 0 0 0 1 0 1 0 0 0 1
geno chr12.133166161 ceu  0 0 0 0 0 0 0 0 0 0 0 0 0 0 0 0 0 0 0 0 0 0 0 0 0 0 0 0 0 0 0 0 0 0 0 0 0 0 0 0 0 0 0 0 0 0 0 0 0 0 0 0 0 0 0 0 0 0 0 0 0 0 0 0 0 0 0 0 0 0 0 0 0 0 0 0 1 0
geno chr12.133166161 fin  0 0 0 0 0 0 0 0 0 0 0 0 0 0 0 0 0 0 0 0 0 0 0 0 0 0 0 1 0 0 0 1 0 0 0 0 0 0 0 0 0 0 0 0 0 0 0 0 0 0 0 0 0 0 0 0 0 0 0 0 0 0 0 0 1 0 0 0 0 0 0 0 0 0 0 0 0 0 0 0 0 0 0 0 0 0 0 0 0
geno chr12.133166161 gbr  0 0 0 0 0 0 0 0 0 0 0 0 0 0 0 0 0 0 0 0 0 0 0 0 0 0 0 0 0 0 0 0 0 0 0 0 0 0 0 0 0 0 0 0 0 1 0 0 0 0 1 0 0 0 0 0 0 0 0 0 0 0 0 0 0 0 1 0 0 0 0 0 1 0 0 0 0 0 0 0 0 0 0 0
geno chr12.133166161 tsi  0 0 0 0 0 0 0 0 0 0 0 0 0 0 0 0 0 0 0 0 0 0 0 0 0 0 0 0 0 0 0 0 0 0 0 0 0 0 0 0 0 0 0 0 0 0 0 0 0 0 0 0 0 0 0 0 0 0 0 0 0 0 0 0 0 0 0 0 1 0 0 0 0 0 0 0 0 0 0 0 0 0 0 0 0 0 0 0 0 0 0 0
geno chr12.133166161 yri  1 0 1 1 1 1 0 0 0 0 0 2 1 0 0 0 0 1 0 0 0 1 0 1 0 0 0 0 2 0 1 1 2 1 0 0 0 0 0 1 0 0 1 0 0 0 0 0 0 0 1 1 0 0 0 0 0 0 0 0 1 0 1 1 0 0 1 0 0 0 0 0 1 0 0 0 0
geno chr12.133166317 ceu  1 1 0 0 1 0 2 0 1 0 0 1 0 0 1 1 0 1 1 1 1 0 1 0 0 1 0 0 1 0 1 0 1 1 0 0 0 1 0 0 1 1 1 1 0 0 1 0 0 0 1 0 1 1 1 1 0 0 0 1 1 1 1 0 1 1 0 1 2 1 0 0 0 2 1 0 1 0
geno chr12.133166317 fin  0 0 0 1 0 1 1 1 0 0 2 1 0 0 0 0 0 1 1 1 1 1 1 0 1 1 0 1 2 1 1 0 0 1 1 0 0 0 1 0 0 1 1 1 1 0 1 0 1 1 2 2 0 0 0 0 0 0 2 0 0 0 0 1 0 1 0 0 0 0 0 0 1 1 1 1 0 0 0 1 2 0 0 0 0 0 2 0 0
geno chr12.133166317 gbr  1 1 2 1 2 0 1 0 1 0 0 1 0 0 1 0 0 0 0 1 0 0 0 0 0 0 0 0 0 0 1 1 0 0 0 0 1 0 2 1 0 1 1 0 0 0 1 0 1 1 0 0 0 1 0 0 0 1 0 1 2 2 1 0 1 0 1 2 0 1 1 1 0 0 0 0 1 0 0 0 1 1 2 0
geno chr12.133166317 tsi  1 0 1 0 1 0 0 0 0 0 1 0 0 0 1 0 1 1 1 0 0 2 1 0 0 0 0 0 0 1 0 1 1 0 0 1 2 0 0 0 0 0 0 0 0 0 0 0 0 0 0 0 1 0 1 0 0 0 1 0 1 0 1 1 2 0 0 1 1 0 0 0 1 0 2 1 0 0 0 0 0 0 1 1 0 0 0 0 1 0 0 0
geno chr12.133166317 yri  0 0 1 0 1 0 0 0 0 0 0 0 0 0 0 0 0 0 1 0 0 1 0 0 0 0 1 1 0 0 0 0 0 0 0 0 1 0 0 1 0 1 0 0 0 0 0 0 0 0 0 0 1 0 1 0 0 0 0 0 0 0 0 0 0 0 0 0 1 0 0 0 0 0 0 0 1
geno chr12.133166824 ceu  2 2 2 2 1 2 2 2 2 2 2 2 0 2 1 2 2 2 2 2 1 2 2 1 2 1 0 1 1 1 1 2 2 1 2 2 2 2 2 0 2 2 2 2 2 2 2 1 2 1 2 1 2 2 1 2 2 1 2 2 2 2 1 1 2 2 2 2 2 1 2 2 2 1 2 0 2 1
geno chr12.133166824 fin  2 2 1 2 2 1 2 1 2 1 2 2 2 2 2 2 2 0 2 2 2 2 1 2 1 2 2 2 2 2 1 0 2 1 1 0 2 2 1 2 2 2 2 2 2 0 1 2 2 2 2 2 0 1 2 1 1 1 2 2 1 2 0 2 1 2 1 2 2 2 1 2 1 1 2 2 1 2 1 2 2 2 2 0 1 2 2 2 2
geno chr12.133166824 gbr  2 2 2 1 2 2 2 0 1 0 1 2 2 2 2 1 1 1 2 1 2 1 2 0 1 2 2 2 2 2 2 2 1 1 1 1 2 2 2 2 2 2 2 2 0 1 2 0 1 1 2 2 1 2 1 1 2 2 1 2 2 2 2 2 2 2 2 2 2 1 1 2 1 2 1 2 2 2 2 1 2 1 2 1
geno chr12.133166824 tsi  1 1 2 2 2 1 1 1 2 2 2 2 2 2 2 2 2 2 2 1 2 2 2 2 2 2 2 2 1 2 2 2 2 1 2 2 2 1 2 2 2 1 2 2 0 1 1 2 2 1 2 2 2 1 1 1 2 0 1 2 2 2 2 2 2 1 2 2 2 1 2 2 2 1 2 2 2 2 2 2 2 2 1 2 2 2 2 1 2 2 2 1
geno chr12.133166824 yri  1 1 2 0 1 2 1 2 1 2 2 1 1 0 0 2 2 1 2 0 2 2 1 1 0 2 2 2 2 2 1 2 2 2 2 2 1 2 1 2 0 2 2 0 0 2 1 2 2 1 2 1 2 1 2 2 2 0 1 2 2 2 2 2 2 2 2 1 2 2 2 1 2 1 2 0 2
geno chr12.133167187 ceu  2 2 2 2 1 2 2 2 2 2 2 2 0 2 1 2 2 2 2 2 1 2 2 1 2 1 0 1 1 1 1 2 2 1 2 2 2 2 2 0 2 2 2 2 2 2 2 1 2 0 2 2 2 2 1 2 2 1 2 2 1 2 1 1 2 2 2 1 2 1 2 2 2 2 2 0 2 1
geno chr12.133167187 fin  2 2 1 2 2 1 2 1 2 1 2 2 2 2 2 2 2 0 2 2 2 2 1 2 1 2 2 2 2 2 1 1 1 1 1 0 2 2 1 2 2 2 2 2 2 0 1 2 2 2 2 2 0 1 2 1 1 1 2 2 1 2 0 2 0 2 1 2 2 2 1 2 1 1 2 2 1 2 1 2 2 2 2 1 1 2 2 1 2
geno chr12.133167187 gbr  2 2 2 1 2 2 1 0 1 0 1 2 2 2 2 1 1 1 2 1 2 1 2 0 1 2 1 2 2 2 2 1 1 1 1 1 2 2 2 2 2 2 2 2 1 1 2 0 1 2 2 2 1 2 1 1 2 2 1 2 2 2 2 2 2 2 2 2 2 1 1 1 1 2 1 2 2 2 2 1 2 1 2 1
geno chr12.133167187 tsi  2 0 2 2 2 1 1 1 2 2 2 2 2 2 2 2 2 2 2 1 2 2 2 2 2 2 2 1 1 2 2 2 2 1 2 1 2 1 2 2 2 1 2 2 0 1 2 2 2 1 2 2 2 1 1 1 2 0 0 2 2 2 2 2 2 1 2 2 2 1 2 2 2 1 2 2 2 2 2 2 2 2 1 2 2 2 2 1 2 2 2 1
geno chr12.133167187 yri  2 2 2 1 2 1 2 2 2 2 2 1 1 1 1 1 2 1 2 1 2 1 2 1 2 2 2 2 2 2 0 1 2 1 1 2 2 2 2 2 2 2 1 2 2 2 2 2 2 2 2 2 2 2 2 2 2 1 1 2 1 2 1 1 2 2 1 2 2 2 1 2 2 2 2 2 2
geno chr12.133167193 ceu  2 2 2 2 1 2 1 2 2 2 2 2 0 2 1 2 2 2 2 1 1 2 2 1 2 1 0 1 1 1 1 2 2 1 2 2 2 2 2 0 2 2 2 2 2 2 2 1 2 0 2 2 2 2 1 2 2 1 2 2 0 2 1 1 2 2 2 1 2 1 2 2 2 2 2 0 2 1
geno chr12.133167193 fin  2 2 1 2 2 1 2 1 2 1 2 2 2 2 2 2 2 0 2 2 2 2 1 2 1 2 2 2 2 2 1 1 1 1 1 0 2 2 1 2 2 2 2 1 1 0 1 2 2 2 2 2 0 1 2 1 1 1 2 2 1 2 0 2 0 2 1 2 1 2 1 2 1 1 2 2 1 2 1 2 2 2 2 1 1 1 2 1 2
geno chr12.133167193 gbr  2 2 1 1 2 2 1 0 1 0 1 2 2 2 2 1 1 1 2 1 2 1 2 0 1 2 1 2 2 2 2 1 1 1 1 1 2 2 2 2 2 2 2 2 1 1 2 0 1 2 2 2 1 2 1 1 2 2 1 2 2 2 2 2 2 2 2 2 2 1 1 1 1 2 1 2 2 2 2 1 2 1 2 1
geno chr12.133167193 tsi  2 0 2 2 2 1 1 1 2 2 2 2 2 2 2 2 2 2 2 1 2 2 2 2 2 2 2 1 1 2 2 2 2 1 2 1 2 1 2 2 2 1 2 2 0 1 2 2 2 1 2 2 2 1 1 1 2 0 0 2 2 2 2 2 2 1 2 2 2 1 2 2 2 1 2 2 2 2 2 2 2 2 1 2 2 2 2 1 2 2 2 1
geno chr12.133167193 yri  2 2 2 1 2 1 2 2 2 2 2 1 1 1 0 1 2 1 2 1 2 1 2 1 2 2 2 2 2 2 0 1 2 1 1 2 2 2 2 2 2 2 1 2 2 2 1 2 2 2 2 1 2 2 2 2 2 0 1 2 2 1 1 1 2 2 1 2 2 2 1 2 2 2 2 2 2
geno chr12.133167247 ceu  2 2 2 2 1 2 2 2 2 2 2 2 0 2 1 2 2 2 2 2 1 2 2 1 2 1 0 1 1 1 1 2 2 1 2 2 2 2 2 0 2 2 2 2 2 2 2 1 2 0 2 2 2 2 1 2 2 1 2 2 2 2 1 1 2 2 2 2 2 1 2 2 2 2 2 0 2 1
geno chr12.133167247 fin  2 2 1 2 2 1 2 1 2 1 2 2 2 2 2 2 2 0 2 2 2 2 1 2 1 2 2 2 2 2 1 1 1 1 1 0 2 2 1 2 2 2 2 2 2 0 1 2 2 2 2 2 0 1 2 1 1 1 2 2 1 2 0 2 1 2 1 2 2 2 1 2 1 1 2 2 1 2 1 2 2 2 2 1 1 2 2 2 2
geno chr12.133167247 gbr  2 2 1 1 2 2 2 1 1 0 1 2 2 2 2 1 1 1 2 1 2 1 2 0 1 2 2 2 1 2 2 2 2 1 1 1 2 2 2 2 2 2 2 2 1 1 2 1 1 2 2 2 1 2 1 1 2 2 1 2 2 2 2 2 2 2 2 2 2 1 1 1 1 2 1 2 2 2 2 1 2 1 2 1
geno chr12.133167247 tsi  2 1 2 2 2 1 1 1 2 2 2 2 2 2 2 2 2 2 2 1 2 2 2 2 2 2 2 1 1 2 2 2 2 1 2 2 2 1 2 2 2 1 2 2 0 1 2 2 2 1 2 2 2 1 1 1 2 0 1 2 2 2 2 2 2 1 2 2 2 1 2 2 2 1 2 2 2 2 2 2 2 2 1 2 2 2 2 1 2 2 2 1
geno chr12.133167247 yri  2 2 2 2 2 2 2 2 2 2 2 2 2 2 2 2 2 2 2 2 2 2 2 2 2 2 2 2 2 2 2 2 2 2 2 2 2 2 2 2 2 2 2 2 2 2 2 2 2 2 2 2 2 2 2 2 2 2 2 2 2 2 2 2 2 2 2 2 2 2 2 2 2 2 2 2 2
geno chr12.133167429 ceu  2 2 2 2 1 2 2 2 2 2 2 2 0 2 1 2 2 2 2 2 1 2 2 1 2 1 0 1 1 1 1 2 2 1 2 2 2 2 2 0 2 2 2 2 2 2 2 1 2 0 2 2 2 2 1 2 2 1 2 2 2 2 1 1 2 2 2 2 2 1 2 2 2 2 2 0 2 1
geno chr12.133167429 fin  2 2 1 2 2 1 2 1 2 1 2 2 2 2 2 2 2 0 2 2 2 2 1 2 1 2 2 2 2 2 1 1 1 1 1 0 2 2 1 2 2 2 2 2 2 0 1 2 2 2 2 2 0 1 2 1 1 1 2 2 1 2 0 2 1 2 1 2 2 2 1 2 1 1 2 2 1 2 1 2 2 2 2 1 1 2 2 2 2
geno chr12.133167429 gbr  2 2 1 1 2 2 2 1 1 0 1 2 2 2 2 1 1 1 2 1 2 1 2 0 1 2 2 2 2 2 2 2 2 1 1 1 2 2 2 2 2 2 2 2 1 1 2 1 1 2 2 2 1 2 1 1 2 2 1 2 2 2 2 2 2 2 2 2 2 1 1 1 1 2 1 2 2 2 2 1 2 1 2 1
geno chr12.133167429 tsi  2 1 2 2 2 1 1 1 2 2 2 2 2 2 2 2 2 2 2 1 2 2 2 2 2 2 2 1 1 2 2 2 2 1 2 2 2 1 2 2 2 1 2 2 0 1 2 2 2 1 2 2 2 1 1 1 2 0 1 2 2 2 2 2 2 1 2 2 2 1 2 2 2 1 2 2 2 2 2 2 2 2 1 2 2 2 2 1 2 2 2 1
geno chr12.133167429 yri  2 2 2 1 2 1 2 1 2 2 1 1 1 1 1 1 1 1 2 1 2 1 2 1 2 2 2 2 2 2 1 1 2 1 1 2 2 2 2 2 2 2 1 2 2 2 2 2 2 2 2 2 2 2 2 2 2 1 1 1 1 1 1 1 2 2 2 2 2 2 1 2 2 2 2 2 2
geno chr12.133167476 ceu  2 2 2 2 1 2 2 2 2 2 2 2 0 2 1 2 2 2 2 2 1 2 2 1 2 1 0 1 1 1 1 2 2 1 2 2 2 2 2 0 2 2 2 2 2 2 2 1 2 0 2 2 2 2 1 2 2 1 2 2 2 2 1 1 2 2 2 2 2 1 2 2 2 2 2 0 2 1
geno chr12.133167476 fin  2 2 1 2 2 1 2 1 2 1 2 2 2 2 2 2 2 0 2 2 2 2 1 2 1 2 2 2 2 2 1 1 1 1 1 0 2 2 1 2 2 2 2 2 2 1 1 2 2 2 2 2 0 1 2 1 1 1 2 2 1 2 0 2 1 2 1 2 2 2 1 2 1 1 2 2 1 2 1 2 2 2 2 1 1 2 2 2 2
geno chr12.133167476 gbr  2 2 1 1 2 2 2 1 1 0 1 2 2 2 2 1 1 1 2 1 2 1 2 0 1 2 2 2 2 2 2 2 2 1 1 1 2 2 2 2 2 2 2 2 1 1 2 1 1 2 2 2 1 2 1 1 2 2 1 2 2 2 2 2 2 2 2 2 2 1 1 1 1 2 1 2 2 2 2 1 2 1 2 1
geno chr12.133167476 tsi  2 1 2 2 2 1 1 1 2 2 2 2 2 2 2 2 2 2 2 1 2 2 2 2 2 2 2 1 1 2 2 2 2 1 2 2 2 1 2 2 2 1 2 2 0 1 2 2 2 1 2 2 2 1 1 1 2 0 1 2 2 2 2 2 2 1 2 2 2 1 2 2 2 1 2 2 2 2 2 2 2 2 1 2 2 2 2 1 2 2 2 1
geno chr12.133167476 yri  2 2 2 1 2 1 2 1 2 2 1 1 1 1 1 1 1 1 2 1 2 1 2 1 2 2 2 2 2 2 1 1 2 1 1 2 2 2 2 2 2 2 1 2 2 2 2 2 2 2 2 2 2 2 2 2 2 1 1 1 1 1 1 1 2 2 2 2 2 2 1 2 2 2 2 2 2
geno chr12.133167503 ceu  2 2 2 2 1 2 2 2 2 2 2 2 0 2 1 2 2 2 2 2 1 2 2 1 2 1 0 1 1 1 1 2 2 1 2 2 2 2 2 0 2 2 2 2 2 2 2 1 2 0 2 2 2 2 1 2 2 1 2 2 2 2 1 1 2 2 2 2 2 1 2 2 2 2 2 0 2 1
geno chr12.133167503 fin  2 2 1 2 2 1 2 1 2 1 2 2 2 2 2 2 2 0 2 2 2 2 1 2 1 2 2 2 2 2 1 1 1 1 1 0 2 2 1 2 2 2 2 2 2 1 1 2 2 2 2 2 0 1 2 1 1 1 2 2 1 2 0 2 1 2 1 2 2 2 1 2 1 1 2 2 1 2 1 2 2 2 2 1 1 2 2 2 2
geno chr12.133167503 gbr  2 2 1 1 2 2 2 1 1 0 1 2 2 2 2 1 1 1 2 1 2 1 2 0 1 2 2 2 2 2 2 2 2 1 1 1 2 2 2 2 2 2 2 2 1 1 2 1 1 2 2 2 1 2 1 1 2 2 1 2 2 2 2 2 2 2 2 2 2 1 1 1 1 2 1 2 2 2 2 1 2 1 2 1
geno chr12.133167503 tsi  2 1 2 2 2 1 1 1 2 2 2 2 2 2 2 2 2 2 2 1 2 2 2 2 2 2 2 1 1 2 2 2 2 1 2 2 2 1 2 2 2 1 2 2 0 1 2 2 2 1 2 2 2 1 1 1 2 0 1 2 2 2 2 2 2 1 2 2 2 1 2 2 2 1 2 2 2 2 2 2 2 2 1 2 2 2 2 1 2 2 2 1
geno chr12.133167503 yri  2 2 2 2 2 2 2 2 2 2 2 2 2 2 2 2 2 2 2 2 2 2 2 2 2 2 2 2 2 2 2 2 2 2 2 2 2 2 2 2 2 2 2 2 2 2 2 2 2 2 2 2 2 2 2 2 2 2 2 2 2 2 2 2 2 2 2 2 2 2 2 2 2 2 2 2 2
geno chr12.133167844 ceu  0 0 0 0 0 0 0 0 0 0 0 0 0 0 0 0 0 0 0 0 0 0 0 0 0 0 0 0 0 0 0 0 0 0 0 0 0 0 0 0 0 0 0 0 0 0 0 0 0 0 0 0 0 0 0 0 0 0 0 0 0 0 0 0 0 0 0 0 0 0 0 0 0 0 0 0 0 0
geno chr12.133167844 fin  0 0 0 0 0 0 0 0 0 0 0 0 0 0 0 0 0 0 0 0 0 0 0 0 0 0 0 0 0 0 0 0 0 0 0 0 0 0 0 0 0 0 0 0 0 0 0 0 0 0 0 0 0 0 0 0 0 0 0 0 0 0 0 0 0 0 0 0 0 0 0 0 0 0 0 0 0 0 0 0 0 0 0 0 0 0 0 0 0
geno chr12.133167844 gbr  0 0 0 0 0 0 0 0 0 0 0 0 0 0 0 0 0 0 0 0 0 0 0 0 0 0 0 0 0 0 0 0 0 0 0 0 0 0 0 0 0 0 0 0 0 0 0 0 0 0 0 0 0 0 0 0 0 0 0 0 0 0 0 0 0 0 0 0 0 0 0 0 0 0 0 0 0 0 0 0 0 0 0 0
geno chr12.133167844 tsi  0 0 0 0 0 0 0 0 0 0 0 0 0 0 0 0 0 0 0 0 0 0 0 0 0 0 0 0 0 0 0 0 0 0 0 0 0 0 0 0 0 0 0 0 0 0 0 0 0 0 0 0 0 0 0 0 0 0 0 0 0 0 0 0 0 0 0 0 0 0 0 0 0 0 0 0 0 0 0 0 0 0 0 0 0 0 0 0 0 0 0 0
geno chr12.133167844 yri  0 0 0 1 0 1 0 1 0 0 0 1 1 1 1 1 1 1 0 1 0 1 0 1 0 0 0 0 0 0 1 1 0 1 1 0 0 0 0 0 0 0 1 0 0 0 0 0 0 0 0 1 0 0 0 0 0 1 1 1 1 0 1 1 0 0 0 0 0 0 1 0 0 0 0 0 0
geno chr12.133168145 ceu  2 2 0 0 2 1 2 0 2 2 1 1 1 1 1 1 1 1 2 2 1 1 1 1 0 1 0 1 1 1 1 0 1 1 1 1 0 2 1 0 1 1 1 2 0 1 2 2 1 1 2 1 1 2 1 2 0 0 2 2 1 1 1 0 2 1 0 0 2 1 1 2 1 2 1 0 1 0
geno chr12.133168145 fin  2 0 1 1 1 1 1 1 0 0 2 1 1 1 1 0 2 0 0 1 1 2 0 1 0 2 2 2 2 1 2 0 0 1 1 0 2 1 1 1 1 1 2 2 2 0 1 0 1 2 2 2 0 1 1 1 0 1 1 1 1 0 0 1 1 1 0 1 0 1 1 1 1 1 2 2 0 2 0 2 2 1 1 0 1 1 2 2 0
geno chr12.133168145 gbr  0 1 1 1 2 0 0 0 1 0 0 1 1 2 1 1 1 0 2 1 1 1 0 0 0 0 2 0 2 1 0 1 1 0 1 0 0 0 2 2 1 0 2 2 0 0 0 2 1 2 0 1 1 2 1 2 2 2 1 1 2 2 2 1 2 1 1 2 1 2 1 1 0 1 0 1 1 2 2 1 1 0 0 1
geno chr12.133168145 tsi  1 0 1 0 1 0 0 1 1 1 1 1 1 1 2 1 2 1 2 1 2 1 1 0 1 1 1 1 0 0 1 2 1 0 0 0 0 0 0 1 1 1 2 2 0 2 1 2 1 1 1 1 2 0 1 1 0 1 0 1 2 0 0 2 2 1 2 1 1 0 1 1 1 1 2 1 2 0 1 2 1 2 0 1 1 2 1 0 0 1 1 0
geno chr12.133168145 yri  2 0 0 1 1 0 0 1 1 0 0 0 1 1 0 0 1 1 1 1 0 1 1 1 0 1 1 1 2 2 1 1 1 0 0 0 2 0 1 2 1 0 1 1 1 1 1 1 1 1 0 1 1 2 0 0 1 0 0 0 0 0 0 1 1 0 2 1 2 1 0 1 2 1 0 1 2
geno chr12.133168650 ceu  1 0 0 0 0 1 0 0 0 0 1 0 0 1 0 0 0 0 0 0 0 0 0 1 0 0 0 0 0 0 0 0 0 0 0 0 0 1 0 0 0 0 0 1 0 0 0 1 1 0 0 0 0 0 0 1 0 0 0 0 0 0 0 0 0 0 0 0 0 0 0 0 0 0 0 0 0 0
geno chr12.133168650 fin  0 0 0 0 0 0 0 0 0 0 0 0 0 0 0 0 1 0 0 0 0 0 0 1 0 0 0 0 0 0 0 0 0 0 0 0 0 1 0 0 0 0 0 0 0 0 0 0 0 0 0 0 0 0 0 0 0 1 0 1 0 0 0 0 0 0 0 0 0 1 0 0 0 0 1 0 0 0 0 0 0 0 0 0 0 0 0 0 0
geno chr12.133168650 gbr  0 1 0 0 0 0 1 0 0 0 0 0 0 0 0 0 0 0 0 0 0 0 0 0 0 0 1 0 1 0 0 1 1 0 0 0 0 0 0 1 0 0 1 0 0 0 0 0 0 0 0 1 0 0 0 0 1 0 0 0 0 0 0 1 0 0 0 0 1 0 0 0 0 0 0 0 0 1 1 0 0 0 0 1
geno chr12.133168650 tsi  0 0 1 0 0 0 0 0 0 1 0 1 0 1 0 1 0 0 1 0 1 0 0 0 0 0 1 0 0 0 1 0 0 0 0 0 0 0 0 0 0 1 1 2 0 0 0 0 1 1 0 0 0 0 0 0 0 0 0 1 1 0 0 0 0 1 0 0 0 0 1 0 0 0 0 0 1 0 0 0 1 0 0 0 0 1 0 0 0 0 0 0
geno chr12.133168650 yri  1 0 0 1 0 0 0 1 1 0 1 0 1 1 0 0 0 1 0 0 0 1 1 1 0 0 0 0 1 1 0 0 0 0 0 0 0 0 1 1 1 0 0 0 0 0 0 1 1 0 0 0 0 2 0 0 0 0 0 0 0 0 0 1 0 0 0 1 0 0 0 1 1 1 0 1 1
geno chr12.133168656 ceu  2 2 2 2 1 2 2 2 2 1 2 2 0 2 1 2 2 2 2 2 1 2 2 1 2 1 0 0 0 1 1 2 2 1 2 2 2 2 2 0 2 2 2 2 2 2 2 1 2 0 2 2 2 2 1 2 2 1 2 2 2 2 1 1 2 2 2 2 2 1 2 1 2 2 2 0 2 1
geno chr12.133168656 fin  2 2 1 2 2 1 2 1 2 1 2 2 2 2 2 2 2 0 2 2 2 1 1 2 1 2 1 2 2 2 1 1 1 1 1 0 2 2 1 1 2 2 2 2 2 1 1 2 2 2 2 2 0 1 2 1 1 1 2 2 1 2 0 2 1 2 1 2 2 2 1 1 1 1 2 2 1 2 1 2 2 2 2 0 1 2 2 2 2
geno chr12.133168656 gbr  2 1 1 1 2 2 2 1 0 0 1 2 2 1 2 0 1 1 2 1 2 1 2 0 1 2 2 2 0 2 2 2 2 1 1 1 2 2 2 2 1 2 2 2 0 1 1 1 1 2 2 2 1 2 1 1 1 1 1 2 2 2 2 2 2 2 2 1 2 1 1 0 1 2 0 2 2 2 2 1 2 0 2 1
geno chr12.133168656 tsi  2 1 2 1 2 1 1 0 1 2 2 1 2 2 1 1 2 1 2 1 2 2 2 1 1 1 2 1 1 2 1 2 2 0 2 2 2 1 2 2 2 1 2 2 0 1 2 2 2 1 1 2 2 1 1 0 2 0 1 2 2 1 2 2 2 0 2 2 2 1 2 2 2 0 2 2 1 2 1 1 1 0 1 2 1 2 2 1 2 1 2 1
geno chr12.133168656 yri  2 1 2 1 1 1 0 1 1 0 0 1 2 2 1 1 2 1 1 2 1 2 1 2 0 1 0 1 2 2 1 2 1 2 1 0 1 0 2 2 1 1 2 1 1 1 1 1 2 2 0 2 1 2 2 0 1 1 1 1 1 0 1 2 1 1 1 1 0 1 1 0 2 1 0 2 2
geno chr12.133168665 ceu  0 1 0 0 0 0 0 0 0 1 0 0 0 0 0 0 1 0 1 0 0 0 0 0 0 0 0 1 0 0 0 1 0 1 1 0 0 0 1 0 0 0 1 0 0 1 0 0 0 0 0 0 0 0 0 0 0 0 2 1 0 0 0 0 1 0 0 0 0 0 0 2 0 0 0 0 0 0
geno chr12.133168665 fin  2 0 1 0 1 0 1 0 0 0 0 0 1 0 1 0 1 0 0 0 0 1 0 0 0 0 2 1 0 0 0 0 1 0 0 0 2 0 0 0 1 0 1 1 1 0 0 0 0 2 0 0 0 1 1 0 0 0 0 0 1 0 0 0 0 0 0 1 0 0 0 1 0 0 0 0 0 2 0 2 0 1 0 0 0 1 0 2 0
geno chr12.133168665 gbr  0 0 0 0 0 0 0 0 0 0 0 0 1 0 0 0 1 0 1 0 1 1 1 0 0 0 0 0 0 1 0 1 0 0 0 0 0 0 0 0 0 0 0 1 0 0 0 0 0 1 0 0 0 0 1 1 0 1 1 0 0 1 0 0 1 1 0 0 0 0 0 0 0 1 0 0 0 1 1 0 0 0 0 0
geno chr12.133168665 tsi  0 0 0 0 0 0 0 0 1 0 0 0 1 0 1 0 0 0 0 1 0 0 0 0 1 1 0 0 0 0 0 1 0 0 0 0 0 0 0 1 1 0 1 0 0 0 0 0 0 0 0 1 1 0 0 1 0 0 0 0 0 0 0 1 0 0 1 0 0 0 0 1 0 1 1 0 0 0 0 0 0 0 0 0 0 1 0 0 0 0 0 0
geno chr12.133168665 yri  0 0 0 0 0 0 0 0 0 0 0 0 0 0 0 0 0 0 0 0 0 0 0 0 0 0 0 0 0 0 0 0 0 0 0 0 0 0 0 0 0 0 0 0 0 0 0 0 0 0 0 0 1 0 0 0 0 0 0 0 0 0 0 0 0 0 1 0 1 1 0 0 0 0 0 0 0
geno chr12.133168713 ceu  0 0 2 2 0 1 0 2 0 0 0 0 0 0 0 1 1 1 0 0 0 1 1 0 2 0 0 0 0 0 0 1 1 0 1 2 2 0 0 0 0 1 1 0 2 1 0 0 1 0 0 1 1 0 0 0 2 1 0 0 1 1 0 1 0 1 1 2 0 1 1 0 1 0 1 0 1 1
geno chr12.133168713 fin  0 2 0 1 1 0 1 0 2 1 0 1 1 1 1 1 0 0 2 1 1 0 1 1 1 0 0 0 0 1 0 0 0 0 0 0 0 1 0 0 1 1 0 0 0 1 0 2 1 0 0 0 0 0 0 0 1 0 1 1 0 1 0 1 0 1 1 1 2 1 0 0 0 0 0 0 0 0 1 0 0 1 1 0 1 1 0 0 2
geno chr12.133168713 gbr  2 1 0 0 0 2 1 1 0 0 1 1 0 0 2 0 0 1 0 0 1 0 1 0 0 2 0 2 0 1 2 0 1 1 1 1 1 1 0 1 1 2 1 0 0 1 2 0 0 0 2 1 0 0 0 0 0 0 0 1 0 0 0 1 0 1 1 0 1 0 0 0 1 1 0 1 1 0 0 0 1 1 2 0
geno chr12.133168713 tsi  1 1 1 2 1 0 1 0 1 0 1 1 1 1 0 1 0 1 0 0 0 1 1 2 1 1 1 0 1 2 1 0 1 1 2 2 2 1 2 1 1 0 0 0 0 0 2 0 1 0 1 1 0 1 1 0 2 0 1 1 0 2 2 0 0 0 0 1 1 1 1 1 0 0 0 1 0 2 1 1 1 0 1 1 1 0 2 1 2 1 1 1
geno chr12.133168713 yri  0 0 0 0 0 0 0 0 0 0 0 0 0 0 0 0 0 0 0 0 1 0 0 0 0 0 0 0 0 0 0 0 0 0 0 0 0 0 1 0 0 0 0 0 0 0 0 0 1 0 0 0 0 0 1 0 0 0 0 0 0 0 0 0 0 1 0 0 0 0 0 0 0 0 0 0 0
geno chr12.133168727 ceu  1 1 2 2 1 1 2 2 1 1 1 1 1 0 1 1 2 2 2 0 1 2 0 0 2 1 0 1 0 1 0 2 1 1 2 2 2 0 2 0 2 2 1 1 2 2 0 0 1 0 2 2 2 0 0 1 2 1 2 1 2 2 0 1 1 2 2 2 2 1 2 2 0 2 2 0 2 1
geno chr12.133168727 fin  2 2 1 2 2 1 2 0 2 1 1 2 2 1 2 2 1 0 2 2 2 1 1 1 1 2 2 2 2 1 1 1 1 1 0 0 2 1 1 2 2 2 2 2 2 1 1 2 1 2 2 1 0 1 1 1 1 0 2 1 1 2 0 1 0 2 1 2 2 1 1 1 0 1 1 2 1 2 1 2 2 2 1 0 1 2 2 2 2
geno chr12.133168727 gbr  2 1 1 0 2 1 1 1 0 0 0 2 2 2 2 1 1 1 2 1 1 1 2 0 1 2 1 2 0 2 2 0 1 1 1 1 2 2 2 1 2 2 1 2 0 1 2 1 0 2 2 1 0 1 1 1 0 2 1 2 2 2 0 1 2 2 2 1 1 1 0 0 1 2 0 2 2 1 1 0 2 1 2 0
geno chr12.133168727 tsi  2 1 1 1 2 0 1 0 1 1 2 1 2 1 0 1 1 2 1 1 0 2 2 2 2 1 1 0 1 1 1 2 2 1 2 2 2 1 2 2 2 0 1 0 0 1 2 1 1 0 0 2 2 1 1 1 1 0 1 1 0 2 2 2 2 0 2 2 2 1 1 2 2 1 2 2 0 2 1 1 1 0 1 2 1 1 2 1 2 2 2 1
geno chr12.133168727 yri  0 0 0 1 0 0 0 0 1 0 0 0 0 1 0 0 0 0 0 0 1 1 1 0 0 1 0 0 0 1 0 0 0 0 0 0 1 0 1 1 1 0 0 0 0 0 0 0 1 0 0 0 1 1 2 0 1 0 0 0 0 0 0 0 0 1 1 0 1 0 0 0 0 1 0 0 1
geno chr12.133168731 ceu  1 1 0 0 1 0 1 0 0 1 0 0 0 0 0 0 1 1 2 0 1 1 1 0 0 1 0 0 0 1 0 1 0 1 1 0 0 0 1 0 1 1 1 1 0 1 0 0 0 0 2 0 1 0 0 1 0 0 2 1 1 1 0 0 0 1 0 0 2 0 1 2 0 2 1 0 1 0
geno chr12.133168731 fin  2 0 1 1 1 1 1 1 0 0 1 1 1 0 0 0 1 0 0 1 0 1 0 0 0 2 2 2 2 0 1 0 1 0 0 0 2 0 1 0 0 1 2 2 2 0 1 0 1 2 2 1 0 1 1 1 0 0 1 0 1 0 0 0 0 1 0 1 0 0 1 0 0 1 1 1 0 2 0 2 2 1 1 0 0 1 1 2 0
geno chr12.133168731 gbr  0 0 1 0 2 0 0 0 0 0 0 0 1 2 0 1 1 0 2 1 1 1 1 0 0 0 1 0 0 1 0 0 0 0 0 0 0 0 2 1 1 0 1 2 0 0 0 0 0 2 0 0 1 1 1 1 0 2 0 1 1 2 0 0 2 1 1 1 0 1 0 0 0 1 0 1 1 1 1 0 1 0 0 0
geno chr12.133168731 tsi  1 0 0 0 1 0 0 0 1 0 1 0 1 0 0 0 1 1 1 1 0 1 1 0 1 1 0 0 0 0 0 2 1 0 0 0 0 0 0 1 1 0 1 0 0 0 0 1 0 0 1 1 2 0 0 1 0 0 0 0 0 0 0 2 2 0 2 1 1 0 0 1 1 1 2 1 0 0 0 0 0 0 0 0 0 1 0 0 0 0 1 0
geno chr12.133168731 yri  0 0 0 0 0 0 0 0 0 0 0 0 0 0 0 0 0 0 0 0 0 1 0 0 0 1 0 0 0 0 0 1 0 0 0 0 1 0 0 1 0 0 0 0 0 0 0 0 0 1 0 0 1 0 0 0 0 0 0 0 0 0 0 0 0 0 1 0 1 0 0 0 0 0 0 0 1
geno chr12.133168739 ceu  1 1 0 0 1 0 1 0 1 1 0 0 0 0 0 0 1 1 2 0 1 1 0 0 0 1 0 0 0 1 0 1 0 1 1 0 0 0 1 0 1 1 1 1 0 1 0 0 0 0 2 0 1 0 0 1 0 0 2 1 1 1 0 0 1 1 0 0 2 0 1 1 0 2 1 0 1 0
geno chr12.133168739 fin  2 0 1 1 1 1 1 0 0 0 1 1 1 0 1 0 1 0 0 1 1 1 0 0 0 2 2 2 2 0 1 0 1 0 0 0 2 0 1 0 1 1 2 2 2 0 1 0 1 2 2 1 0 0 1 1 0 0 1 0 1 0 0 0 1 1 0 1 0 0 1 1 0 1 1 1 0 2 0 2 2 0 1 0 0 1 1 2 0
geno chr12.133168739 gbr  0 0 1 0 2 0 0 0 0 0 0 0 1 2 0 1 1 0 2 1 2 1 1 0 0 0 1 0 0 1 0 0 0 0 0 0 0 0 2 0 0 0 1 2 0 0 0 0 0 2 0 0 1 2 1 1 0 2 1 1 1 2 0 0 2 1 1 1 0 1 0 0 0 1 0 1 1 1 1 0 1 0 0 0
geno chr12.133168739 tsi  1 0 0 0 1 0 0 1 1 0 1 0 1 0 0 0 1 1 1 0 0 0 1 0 1 0 0 0 0 0 0 2 1 0 0 0 0 0 0 1 1 0 1 0 0 1 0 1 0 0 1 1 2 0 0 1 0 0 0 0 0 0 0 2 2 0 2 1 1 0 0 1 1 1 2 1 0 0 0 0 0 0 0 0 0 1 0 0 0 0 1 0
geno chr12.133168739 yri  0 1 2 0 1 0 0 0 0 0 1 1 0 0 0 0 0 0 0 0 1 1 0 0 0 1 0 0 0 0 0 0 0 0 0 0 1 0 0 1 0 1 0 0 0 0 0 0 0 1 0 0 1 0 0 0 1 0 0 0 0 0 0 0 0 0 1 0 1 0 0 0 0 0 0 1 1
geno chr12.133168763 ceu  0 0 2 2 0 1 0 1 0 0 0 0 0 0 0 1 1 1 0 0 0 1 0 0 2 0 0 0 0 0 0 1 1 0 1 2 2 0 1 0 1 1 1 0 2 1 0 0 1 0 0 1 1 0 0 0 2 1 0 0 1 1 0 1 0 1 2 2 0 1 1 0 1 0 1 0 1 1
geno chr12.133168763 fin  0 2 0 1 1 0 1 0 2 1 0 1 1 1 1 2 0 0 2 1 1 0 1 1 1 0 0 0 0 1 0 1 0 0 0 0 0 1 0 1 1 1 0 0 0 1 0 2 0 0 0 0 0 0 0 0 1 0 1 1 0 2 0 1 0 1 1 1 2 1 0 0 0 0 0 0 1 0 1 0 0 1 1 0 1 1 0 0 2
geno chr12.133168763 gbr  2 0 0 0 0 1 1 1 0 0 0 1 1 0 0 0 0 1 0 0 0 0 1 0 1 2 0 2 0 1 2 0 1 1 1 1 2 2 0 1 1 2 1 0 0 1 2 0 0 0 2 1 0 0 0 0 0 0 0 1 0 1 0 1 0 1 1 0 1 0 0 0 1 1 0 1 1 0 0 0 1 1 2 0
geno chr12.133168763 tsi  1 1 1 2 1 0 1 0 1 1 1 1 1 1 0 1 0 1 0 0 0 1 1 2 1 0 1 0 1 1 1 0 1 1 2 1 2 1 2 1 1 0 0 0 0 0 2 0 1 0 0 1 0 1 1 0 2 0 1 1 0 2 2 0 0 0 0 1 1 1 1 1 1 0 0 1 0 2 1 1 1 0 1 1 1 0 2 1 2 1 1 1
geno chr12.133168763 yri  0 0 0 0 0 0 0 0 0 0 0 0 0 0 0 0 0 0 0 0 1 0 0 0 0 0 0 0 0 0 0 0 0 0 0 0 0 0 1 0 0 0 0 0 0 0 0 0 1 0 0 0 0 0 1 0 0 0 0 0 0 0 0 0 0 1 0 0 0 0 0 0 0 0 0 0 0
geno chr12.133168900 ceu  0 0 0 0 0 0 0 0 0 0 0 0 0 0 0 0 0 0 0 1 0 0 0 0 0 0 0 0 0 0 0 0 0 0 0 0 0 0 0 0 0 0 0 0 0 0 1 0 0 0 0 0 0 0 0 0 0 0 1 1 0 0 0 0 0 0 0 0 0 0 0 0 0 0 1 0 0 0
geno chr12.133168900 fin  0 0 0 0 0 1 0 0 0 0 0 0 0 0 0 0 0 0 0 0 0 0 0 0 0 0 0 0 1 0 0 0 0 0 0 0 0 0 0 0 0 0 0 0 0 0 0 0 0 0 0 0 0 0 0 0 0 0 0 0 0 1 0 1 0 0 0 0 0 0 0 0 0 0 0 0 0 0 0 0 1 0 0 0 0 0 0 0 0
geno chr12.133168900 gbr  0 0 0 0 0 0 0 0 0 0 0 0 0 0 0 0 0 0 0 0 0 0 0 0 0 0 0 0 0 0 0 0 0 0 1 0 0 0 0 0 0 0 0 0 0 1 0 0 0 0 1 0 1 0 0 0 0 0 0 0 0 1 1 0 1 0 1 0 1 0 0 0 0 0 0 0 0 0 0 0 0 0 0 0
geno chr12.133168900 tsi  0 0 0 0 0 0 0 0 0 0 0 0 1 0 0 0 0 0 0 0 0 0 0 0 0 0 0 0 0 0 1 0 1 0 0 0 0 0 0 0 1 0 0 0 0 1 0 1 0 0 0 0 0 0 0 1 0 0 0 0 0 0 0 0 1 0 1 0 0 0 0 1 0 0 0 0 0 0 0 0 0 0 0 0 0 1 0 0 0 0 1 0
geno chr12.133168900 yri  0 0 0 1 0 0 0 1 0 0 0 0 0 0 2 0 0 0 0 1 1 0 1 0 0 0 0 0 1 0 2 0 0 0 0 0 0 0 0 0 1 0 0 0 1 0 1 0 0 0 0 0 0 1 0 0 0 0 0 0 0 0 0 0 0 0 1 0 0 0 0 0 1 0 0 1 0
geno chr12.133168901 ceu  2 2 2 2 1 2 2 2 2 2 2 1 0 2 1 2 2 2 2 2 1 2 2 1 2 1 0 1 1 1 1 2 2 1 2 2 2 2 2 0 2 2 2 2 2 2 2 1 2 0 2 2 2 2 1 2 2 1 2 2 2 2 1 1 2 2 2 2 2 1 2 2 2 2 2 0 2 1
geno chr12.133168901 fin  2 2 1 2 2 1 2 1 2 1 2 2 2 2 1 2 2 0 2 2 2 2 1 2 1 2 2 2 2 2 1 1 1 1 1 0 2 2 1 2 2 2 2 2 2 1 1 2 2 2 2 2 0 1 2 1 1 1 2 2 1 2 0 2 1 2 1 2 2 2 1 2 1 1 2 2 1 2 1 2 2 2 2 0 1 2 2 2 2
geno chr12.133168901 gbr  2 2 2 1 2 2 2 1 1 0 1 2 2 2 2 1 1 1 2 1 2 1 2 0 1 2 2 2 2 2 2 2 2 1 1 1 2 2 2 2 2 2 2 2 1 1 2 1 1 2 2 2 1 2 1 1 2 2 1 2 2 2 2 2 2 2 2 2 2 1 1 1 1 2 0 2 2 2 2 1 2 1 2 1
geno chr12.133168901 tsi  2 1 2 2 2 1 1 1 2 2 2 2 2 2 2 2 2 2 2 1 2 2 2 2 2 2 2 1 1 2 2 2 2 1 2 2 2 1 2 2 2 1 2 2 0 1 2 2 2 1 2 2 2 1 1 1 2 0 1 2 2 2 2 2 2 1 2 2 2 1 2 2 2 1 2 2 2 2 2 2 2 1 1 2 1 2 2 1 2 2 2 1
geno chr12.133168901 yri  2 2 2 2 2 2 2 2 2 2 2 2 2 2 2 1 2 2 2 2 2 2 2 2 0 2 2 2 2 2 2 2 2 2 2 2 2 2 2 2 1 2 2 1 2 2 2 1 2 2 1 2 2 2 2 1 2 2 2 1 2 2 2 2 2 2 2 2 2 2 2 2 2 2 2 2 2
geno chr12.133168916 ceu  0 0 2 2 0 1 0 1 0 0 0 0 0 0 0 1 1 1 0 0 0 1 0 0 2 0 0 0 0 0 0 1 1 0 0 2 2 0 0 0 1 1 1 0 1 1 0 0 1 0 0 1 1 0 0 0 2 1 0 0 1 1 0 1 0 1 2 1 0 1 0 0 1 0 1 0 1 1
geno chr12.133168916 fin  0 0 0 1 1 0 1 0 1 1 0 1 1 1 1 2 0 0 2 1 1 0 1 1 1 0 0 0 0 1 0 0 0 0 0 0 0 1 0 1 1 1 0 0 0 1 0 2 0 0 0 0 0 0 0 0 1 0 1 1 0 1 0 1 0 1 1 0 2 1 0 0 0 0 0 0 1 0 1 0 0 1 1 0 1 1 0 0 2
geno chr12.133168916 gbr  2 0 0 0 0 1 1 1 0 0 0 1 0 0 0 0 0 1 0 0 0 0 1 0 1 2 0 2 0 1 2 0 1 1 1 1 2 2 0 1 1 2 1 0 0 1 2 0 0 0 2 1 0 0 0 0 0 0 0 1 0 0 0 1 0 1 1 0 1 0 0 0 1 1 0 1 1 0 0 0 0 1 2 0
geno chr12.133168916 tsi  1 1 1 2 1 0 1 0 1 1 1 1 1 1 0 1 0 1 0 0 0 1 1 2 1 0 1 0 1 1 1 0 1 1 2 1 2 1 2 1 1 0 0 0 0 0 1 0 1 0 0 1 0 1 1 0 2 0 1 1 0 1 2 0 0 0 0 1 1 1 0 1 0 0 0 1 0 2 0 1 1 0 1 0 1 0 2 1 2 1 1 1
geno chr12.133168916 yri  0 0 0 0 0 0 0 0 0 0 0 0 0 0 0 0 0 0 0 0 0 0 0 0 0 0 0 0 0 0 0 0 0 0 0 0 0 0 1 0 0 0 0 0 0 0 0 0 0 0 0 0 0 0 0 0 0 0 0 0 0 0 0 0 0 1 0 0 0 0 0 0 0 0 0 0 0
geno chr12.133168919 ceu  0 0 0 0 0 0 0 0 0 0 0 0 0 0 0 0 0 0 0 0 0 0 0 0 0 0 0 0 0 0 0 0 0 0 0 0 1 0 0 0 0 0 0 0 0 0 0 0 0 0 0 0 0 0 0 0 0 0 0 0 0 0 0 0 0 0 0 0 0 0 0 0 0 0 0 0 0 0
geno chr12.133168919 fin  0 0 0 0 0 0 0 0 0 0 0 0 0 0 0 0 0 0 0 0 0 0 0 0 0 0 0 0 0 0 0 0 0 0 0 0 0 0 0 0 0 0 0 0 0 0 0 0 0 0 0 0 0 0 0 0 0 0 0 0 0 0 0 0 0 0 0 0 0 0 0 0 0 0 0 0 0 0 0 0 0 0 0 0 0 0 0 0 0
geno chr12.133168919 gbr  0 0 0 0 0 0 0 0 0 0 0 1 0 0 0 0 0 0 0 0 0 0 0 0 0 0 0 0 0 0 0 0 0 0 0 0 0 0 0 0 0 0 0 0 0 0 0 0 0 0 0 0 0 0 0 0 0 0 0 0 0 0 0 0 0 0 0 0 0 0 0 0 0 0 0 0 0 0 0 0 0 0 0 0
geno chr12.133168919 tsi  1 0 0 0 0 0 0 0 0 0 0 0 0 0 0 0 0 0 0 0 0 0 0 0 0 0 0 0 0 0 0 0 0 0 0 0 0 0 0 0 0 0 0 0 0 0 0 0 0 0 0 0 0 0 0 0 0 0 0 0 0 0 0 0 0 0 0 0 0 0 0 0 0 0 0 0 0 0 0 0 0 0 0 0 0 0 0 0 0 0 0 0
geno chr12.133168919 yri  0 0 2 1 0 1 0 0 0 0 0 2 1 1 1 1 0 1 0 0 0 1 0 1 0 0 0 0 0 0 1 1 0 2 1 0 0 0 0 0 0 1 1 0 0 0 0 0 0 1 0 1 0 0 0 0 0 0 0 0 1 0 1 1 0 0 0 0 0 0 1 0 0 0 0 0 0
geno chr12.133169007 ceu  0 0 2 2 0 1 0 1 0 0 0 0 0 0 0 1 1 1 0 0 0 1 0 0 2 0 0 0 0 0 0 1 1 0 1 2 2 0 1 0 1 1 1 0 2 1 0 0 1 0 0 1 1 0 0 0 2 1 0 0 1 1 0 1 0 1 2 1 0 1 1 0 1 0 1 0 1 1
geno chr12.133169007 fin  0 2 0 1 1 0 1 0 2 1 0 1 1 1 1 2 0 0 2 1 1 0 1 1 1 0 0 0 0 1 0 1 0 0 0 0 0 1 0 1 1 1 0 0 0 1 0 2 0 0 0 0 0 0 0 0 1 0 1 1 0 2 0 1 0 1 1 1 2 1 0 0 0 0 0 0 1 0 1 0 0 1 1 0 1 1 0 0 2
geno chr12.133169007 gbr  2 0 1 0 0 1 1 1 0 0 0 1 1 0 0 0 0 1 0 0 0 0 1 0 1 2 0 2 0 1 2 0 1 1 1 1 2 2 0 1 1 2 1 0 0 1 2 0 0 0 2 1 0 0 0 0 0 0 0 1 0 0 0 1 0 1 1 0 1 0 0 0 1 1 0 1 1 0 0 0 1 1 2 0
geno chr12.133169007 tsi  1 1 1 2 1 0 1 0 1 1 1 1 1 1 0 1 0 1 0 0 0 1 1 2 1 0 1 0 1 1 1 0 1 1 2 1 2 1 2 1 1 0 0 0 0 0 1 0 1 0 0 1 0 1 1 0 2 0 1 1 0 2 2 0 0 0 0 1 1 1 1 1 1 0 0 1 0 2 1 1 1 0 1 1 1 0 2 1 2 1 1 1
geno chr12.133169007 yri  0 1 0 0 0 0 0 0 0 0 0 0 0 0 0 0 0 0 0 0 1 0 0 0 0 0 0 0 0 0 0 0 0 0 0 0 0 0 1 0 0 0 0 0 0 0 0 0 1 0 0 0 0 0 1 0 0 1 0 0 0 0 0 0 0 1 0 0 0 0 0 0 0 0 0 0 0
geno chr12.133169281 ceu  2 2 0 0 1 1 2 1 2 2 2 1 0 2 1 1 1 1 2 2 1 1 2 1 0 1 0 1 1 1 1 1 1 1 1 0 0 2 1 0 1 1 1 2 0 1 2 1 1 0 2 1 1 2 1 2 0 0 2 2 1 1 1 0 2 1 0 1 2 0 1 2 1 2 1 0 1 0
geno chr12.133169281 fin  2 0 1 1 1 1 1 1 0 0 2 1 1 1 1 0 2 0 0 1 1 2 0 1 0 2 2 2 2 1 1 0 1 1 1 0 2 1 1 1 1 1 2 2 2 0 1 0 2 2 2 2 0 1 2 1 0 1 1 1 1 0 0 1 1 1 0 1 0 1 1 2 1 1 2 2 0 2 0 2 2 1 1 0 0 1 2 2 0
geno chr12.133169281 gbr  0 2 1 1 2 1 1 0 1 0 1 1 1 2 2 1 1 0 2 1 2 1 1 0 0 0 2 0 2 1 0 2 1 0 0 0 0 0 2 1 1 0 1 2 1 0 0 1 1 2 0 1 1 2 1 1 2 2 1 1 2 2 2 1 2 1 1 2 1 1 1 1 0 1 0 1 1 2 2 1 1 0 0 1
geno chr12.133169281 tsi  1 0 1 0 1 1 0 1 1 1 1 1 1 1 2 1 2 1 2 1 2 1 1 0 1 2 1 1 0 1 1 2 1 0 0 1 0 0 0 1 1 1 2 2 0 1 1 2 1 1 2 1 2 0 0 1 0 0 0 1 2 0 0 2 2 1 2 1 1 0 1 1 1 1 2 1 2 0 1 1 1 1 0 1 0 2 0 0 0 1 1 0
geno chr12.133169281 yri  2 0 0 2 1 1 0 2 1 0 1 1 2 2 1 1 2 2 1 2 0 2 1 2 0 1 1 1 2 2 2 2 1 2 1 0 2 0 1 2 1 0 2 1 1 1 1 1 1 2 0 2 1 2 1 0 1 0 1 1 1 0 1 2 1 0 2 1 2 1 1 1 2 1 0 2 2
geno chr12.133169397 ceu  2 2 0 0 1 1 2 1 2 2 2 1 0 2 1 1 1 1 2 2 1 1 2 1 0 1 0 1 1 1 1 1 1 1 1 0 0 2 1 0 1 1 1 2 0 1 2 1 1 0 2 1 1 2 1 2 0 0 2 2 1 1 1 0 2 1 0 1 2 0 1 2 1 2 1 0 1 0
geno chr12.133169397 fin  2 0 1 1 1 1 1 1 0 0 2 1 1 1 1 0 2 0 0 1 1 2 0 1 0 2 2 2 2 1 1 0 1 1 1 0 2 1 1 1 1 1 2 2 2 0 1 0 2 2 2 2 0 1 2 1 0 1 1 1 1 0 0 1 1 1 0 1 0 1 1 2 1 1 2 2 0 2 0 2 2 1 1 0 0 1 2 2 0
geno chr12.133169397 gbr  0 2 1 1 2 1 1 0 1 0 1 1 1 2 2 1 1 0 2 1 2 1 1 0 0 0 2 0 2 1 0 2 1 0 0 0 0 0 2 1 1 0 1 2 1 0 0 1 1 2 0 1 1 2 1 1 2 2 1 1 2 2 2 1 2 1 1 2 1 1 1 1 0 1 0 1 1 2 2 1 1 0 0 1
geno chr12.133169397 tsi  1 0 1 0 1 1 0 1 1 1 1 1 1 1 2 1 2 1 2 1 2 1 1 0 1 2 1 1 0 1 1 2 1 0 0 1 0 0 0 1 1 1 2 2 0 1 1 2 1 1 2 1 2 0 0 1 0 0 0 1 2 0 0 2 2 1 2 1 1 0 1 1 1 1 2 1 2 0 1 1 1 1 0 1 0 2 0 0 0 1 1 0
geno chr12.133169397 yri  2 0 0 2 1 1 0 2 1 0 1 1 2 2 1 1 2 2 1 2 0 2 1 2 1 1 1 1 2 2 2 2 1 2 1 0 2 0 1 2 1 0 2 1 2 1 1 1 1 1 0 2 1 2 1 0 1 0 1 1 1 0 1 2 1 0 2 1 2 1 1 1 2 1 0 2 2
geno chr12.133170118 ceu  2 2 0 0 1 1 2 1 2 2 2 1 0 2 1 1 1 1 2 2 1 1 2 1 0 1 0 1 1 1 1 1 1 1 1 0 0 2 1 0 1 1 1 2 0 1 2 1 1 0 2 1 1 2 1 2 0 0 2 2 1 1 1 0 2 1 0 1 2 0 1 2 1 2 1 0 1 0
geno chr12.133170118 fin  2 0 1 1 1 1 1 1 0 0 2 1 1 1 1 0 2 0 0 1 1 2 0 1 0 2 2 2 2 1 1 0 1 1 1 0 2 1 1 1 1 1 2 2 2 0 1 0 2 2 2 2 0 1 2 1 0 1 1 1 1 0 0 1 1 1 0 1 0 1 1 2 1 1 2 2 0 2 0 2 2 1 1 0 0 1 2 2 0
geno chr12.133170118 gbr  0 2 1 1 2 1 1 0 1 0 1 1 1 2 2 1 1 0 2 1 2 1 1 0 0 0 2 0 2 1 0 2 1 0 0 0 0 0 2 1 1 0 1 2 1 0 0 1 1 2 0 1 1 2 1 1 2 2 1 1 2 2 2 1 2 1 1 2 1 1 1 1 0 1 0 1 1 2 2 1 1 0 0 1
geno chr12.133170118 tsi  1 0 1 0 1 1 0 1 1 1 1 1 1 1 2 1 2 1 2 1 2 1 1 0 1 2 1 1 0 1 1 2 1 0 0 1 0 0 0 1 1 1 2 2 0 1 1 2 1 1 2 1 2 0 0 1 0 0 0 1 2 0 0 2 2 1 2 1 1 0 1 1 1 1 2 1 2 0 1 1 1 1 0 1 0 2 0 0 0 1 1 0
geno chr12.133170118 yri  2 0 0 1 0 0 0 1 1 0 1 0 1 1 0 0 1 1 1 2 0 1 1 1 0 1 0 1 2 2 1 1 1 0 0 0 2 0 1 2 1 0 1 1 2 1 0 1 1 1 0 1 1 2 1 0 0 0 1 0 0 0 0 1 0 0 2 1 2 1 0 1 2 1 0 1 2
geno chr12.133170308 ceu  2 2 0 0 1 1 2 1 2 2 2 1 0 2 1 1 1 1 2 2 1 1 2 1 0 1 0 1 1 1 1 1 1 1 1 0 0 2 1 1 1 1 1 2 0 1 2 1 1 0 2 1 1 2 1 2 0 0 2 2 1 1 1 0 2 1 0 1 2 0 1 2 1 2 1 0 1 0
geno chr12.133170308 fin  2 0 1 1 1 1 1 1 0 0 2 1 1 1 1 0 2 0 0 1 1 2 0 1 0 2 2 2 2 1 1 0 1 1 1 0 2 1 1 1 1 1 2 2 2 0 1 0 2 2 2 2 0 1 2 1 0 1 1 1 1 0 0 1 1 1 0 1 0 1 1 2 1 1 2 2 0 2 0 2 2 1 1 0 0 1 2 2 0
geno chr12.133170308 gbr  0 2 1 1 2 1 1 0 1 0 1 1 1 2 2 1 1 0 2 1 2 1 1 0 0 0 2 0 2 1 0 2 1 0 0 0 0 0 2 1 1 0 1 2 1 0 0 1 1 2 0 1 1 2 1 1 2 2 1 1 2 2 2 1 2 1 1 2 1 1 1 1 0 1 0 1 1 2 2 1 1 0 0 1
geno chr12.133170308 tsi  1 0 1 0 1 1 0 1 1 1 1 1 1 1 2 1 2 1 2 1 2 1 1 0 1 2 1 1 0 1 1 2 1 0 0 1 0 0 0 1 1 1 2 2 0 1 1 2 1 1 2 1 2 0 0 1 0 0 0 1 2 0 0 2 2 1 2 1 1 0 1 1 1 1 2 1 2 0 1 1 1 1 0 1 0 2 0 0 0 1 1 0
geno chr12.133170308 yri  2 0 0 1 1 0 0 1 1 0 0 0 1 1 0 0 1 1 1 2 0 1 1 1 2 1 1 1 2 2 1 1 1 0 0 0 2 0 1 2 2 0 1 2 2 1 0 1 1 2 0 1 1 2 1 0 0 0 1 0 0 0 0 1 0 0 2 1 2 1 0 1 2 1 0 1 2
geno chr12.133170654 ceu  2 2 0 0 1 1 2 1 2 2 2 1 0 2 1 1 1 1 2 2 1 1 2 1 0 1 0 1 1 1 1 1 1 1 1 0 0 2 1 1 1 1 1 2 0 1 2 1 1 0 2 1 1 2 1 2 0 0 2 2 1 1 1 0 2 1 0 0 2 0 1 2 1 2 1 0 1 0
geno chr12.133170654 fin  2 0 1 1 1 1 1 1 0 0 2 1 1 1 1 0 2 0 0 1 1 2 0 1 0 2 2 2 2 1 1 0 1 1 1 0 2 1 1 1 1 1 2 2 2 0 1 0 2 1 2 2 0 1 2 1 0 1 0 1 1 0 0 1 1 1 0 1 0 1 1 2 1 1 2 2 0 2 0 2 2 1 1 0 0 1 2 2 0
geno chr12.133170654 gbr  0 2 1 1 2 1 1 0 1 0 1 1 1 2 2 1 1 0 2 1 2 1 1 0 0 0 2 0 2 1 0 2 1 0 0 0 0 0 2 1 1 0 1 2 1 0 0 1 1 1 0 1 1 2 1 1 2 2 1 1 2 2 2 1 2 1 1 2 1 1 1 1 0 1 0 1 1 2 2 1 1 0 0 1
geno chr12.133170654 tsi  1 0 1 0 1 1 0 1 1 1 1 1 1 1 1 1 2 1 2 1 2 1 1 0 1 2 1 1 0 1 1 2 1 0 0 1 0 0 0 1 1 1 2 2 0 1 1 2 1 1 2 1 1 0 0 1 0 0 0 1 2 1 0 2 2 1 2 1 1 0 1 1 1 1 2 1 2 0 1 1 1 1 0 1 0 2 0 0 0 1 1 0
geno chr12.133170654 yri  2 0 2 2 1 1 0 2 1 0 1 2 2 2 1 2 2 2 1 2 0 2 1 2 2 1 1 1 2 2 2 2 1 2 1 0 2 0 1 2 2 1 2 2 2 1 0 1 1 1 1 2 1 2 1 1 0 0 1 2 1 0 1 2 0 0 2 1 2 1 1 1 2 1 0 2 2
geno chr12.133170806 ceu  0 0 0 0 0 0 0 0 0 0 0 0 0 0 0 0 0 0 0 0 0 0 0 0 0 0 0 0 0 0 0 0 0 0 0 0 0 0 0 0 0 0 0 0 0 0 0 0 0 0 0 0 0 0 0 0 0 0 0 0 0 0 0 0 0 0 0 0 0 0 0 0 0 0 0 0 0 0
geno chr12.133170806 fin  0 0 0 0 0 0 0 0 0 0 0 0 0 0 0 0 0 0 0 0 0 0 0 0 0 0 0 0 0 0 0 0 0 0 0 0 0 0 0 0 0 0 0 0 0 0 0 0 0 0 0 0 0 0 0 0 0 0 0 0 0 0 0 0 0 0 0 0 0 0 0 0 0 0 0 0 0 0 0 0 0 0 0 0 0 0 0 0 0
geno chr12.133170806 gbr  0 0 0 0 0 0 0 0 0 0 0 0 0 0 0 0 0 0 0 0 0 0 0 0 0 0 0 0 0 0 0 0 0 0 0 0 0 0 0 0 0 0 0 0 0 0 0 0 0 0 0 0 0 0 0 0 0 0 0 0 0 0 0 0 0 0 0 0 0 0 0 0 0 0 0 0 0 0 0 0 0 0 0 0
geno chr12.133170806 tsi  0 0 0 0 0 0 0 0 0 0 0 0 0 0 0 0 0 0 0 0 0 0 0 0 0 0 0 0 0 0 0 0 0 0 0 0 0 0 0 0 0 0 0 0 0 0 0 0 0 0 0 0 0 0 0 0 0 0 0 0 0 0 0 0 0 0 0 0 0 0 0 0 0 0 0 0 0 0 0 0 0 0 0 0 0 0 0 0 0 0 0 0
geno chr12.133170806 yri  0 0 2 1 0 1 0 0 0 0 0 2 1 1 1 2 0 1 0 0 0 1 0 1 0 0 0 0 0 0 1 1 0 2 1 0 0 0 0 0 0 1 1 0 0 0 0 0 0 0 1 1 0 0 0 1 0 0 0 1 1 0 1 1 0 0 0 0 0 0 1 0 0 0 0 0 0
geno chr12.133170821 ceu  1 0 0 0 0 1 0 1 0 0 1 0 0 2 0 0 0 0 0 1 0 0 1 1 0 0 0 0 0 0 0 0 0 0 0 0 0 1 0 1 0 0 0 1 0 0 1 1 1 0 0 0 0 0 0 1 0 0 0 1 0 0 0 0 0 0 0 1 0 0 0 0 0 0 0 0 0 0
geno chr12.133170821 fin  0 0 0 0 0 0 0 0 0 0 0 0 0 0 0 0 1 0 0 0 0 0 0 1 0 0 0 0 0 0 0 0 0 0 0 0 0 1 0 0 0 0 0 0 0 0 0 0 1 0 0 0 0 0 1 0 0 1 0 1 0 0 0 1 0 0 0 0 0 1 0 0 0 0 1 0 0 0 0 0 0 0 0 0 0 0 0 0 0
geno chr12.133170821 gbr  0 2 0 0 0 1 1 0 0 0 1 0 0 0 2 0 0 0 0 0 1 0 0 0 0 0 1 0 2 0 0 1 1 0 0 0 0 0 0 0 0 0 0 0 0 0 0 0 0 0 0 1 0 0 0 0 1 0 0 0 0 0 1 1 0 0 0 0 1 0 0 0 0 0 0 0 0 1 1 1 0 0 0 1
geno chr12.133170821 tsi  0 0 1 0 0 0 0 0 0 1 0 1 0 1 0 1 0 0 1 0 1 0 0 0 0 1 1 0 0 1 1 0 0 0 0 1 0 0 0 0 0 1 1 2 0 0 1 1 1 1 1 0 0 0 0 0 0 0 0 1 1 0 0 0 0 1 0 0 0 0 1 0 0 0 0 0 1 0 0 0 1 0 0 0 0 1 0 0 0 0 0 0
geno chr12.133170821 yri  1 0 0 1 0 0 0 1 1 0 0 0 1 1 0 0 0 0 1 0 0 0 1 0 0 0 0 0 1 1 0 0 0 0 0 0 0 0 1 1 1 0 0 0 0 0 0 1 1 0 0 0 0 2 0 0 0 0 0 0 0 0 0 0 0 0 1 1 1 0 0 1 1 1 0 1 1
geno chr12.133170950 ceu  0 0 0 0 0 0 0 0 0 0 0 0 0 0 0 0 0 0 0 0 0 0 0 0 0 0 0 0 0 0 0 0 0 0 0 0 0 0 0 0 0 0 0 0 0 0 0 0 0 0 0 0 0 0 0 0 0 0 0 0 0 0 0 0 0 0 0 0 0 0 0 0 0 0 0 0 0 0
geno chr12.133170950 fin  0 0 0 0 0 0 0 0 0 0 0 0 0 0 0 0 0 0 0 0 0 0 0 0 0 0 0 0 0 0 0 0 0 0 0 0 0 0 0 0 0 0 0 0 0 0 0 0 0 0 0 0 0 0 0 0 0 0 0 0 0 0 0 0 0 0 0 0 0 0 0 0 0 0 0 0 0 0 0 0 0 0 0 0 0 0 0 0 0
geno chr12.133170950 gbr  0 0 0 0 0 0 0 0 0 0 0 0 0 0 0 0 0 0 0 0 0 0 0 0 0 0 0 0 0 0 0 0 0 0 0 0 0 0 0 0 0 0 0 0 0 0 0 0 0 0 0 0 0 0 0 0 0 0 0 0 0 0 0 0 0 0 0 0 0 0 0 0 0 0 0 0 0 0 0 0 0 0 0 0
geno chr12.133170950 tsi  0 0 0 0 0 0 0 0 0 0 0 0 0 0 0 0 0 0 0 0 0 0 0 0 0 0 0 0 0 0 0 0 0 0 0 0 0 0 0 0 0 0 0 0 0 0 0 0 0 0 0 0 0 0 0 0 0 0 0 0 0 0 0 0 0 0 0 0 0 0 0 0 0 0 0 0 0 0 0 0 0 0 0 0 0 0 0 0 0 0 0 0
geno chr12.133170950 yri  0 0 0 1 0 1 0 0 0 0 1 1 1 1 1 1 0 1 0 0 0 1 0 1 2 0 0 0 0 0 1 1 0 2 1 0 0 0 0 0 1 0 1 1 0 0 0 0 0 1 0 1 0 0 0 0 0 0 0 0 1 0 1 1 0 0 0 0 0 0 1 0 0 0 0 0 0
geno chr12.133170957 ceu  0 0 0 0 0 0 0 0 0 0 0 0 0 0 0 0 0 0 0 0 0 0 0 0 0 0 0 0 0 0 0 0 0 0 0 0 0 0 0 0 0 0 0 0 0 0 0 0 0 0 0 0 0 0 0 0 0 0 0 0 0 0 0 0 0 0 0 0 0 0 0 0 0 0 0 0 0 0
geno chr12.133170957 fin  0 0 0 0 0 0 0 0 0 0 0 0 0 0 0 0 0 0 0 0 0 0 0 0 0 0 0 0 0 0 0 0 0 0 0 0 0 0 0 0 0 0 0 0 0 0 0 0 0 0 0 0 0 0 0 0 0 0 0 0 0 0 0 0 0 0 0 0 0 0 0 0 0 0 0 0 0 0 0 0 0 0 0 0 0 0 0 0 0
geno chr12.133170957 gbr  0 0 0 0 0 0 0 0 0 0 0 0 0 0 0 0 0 0 0 0 0 0 0 0 0 0 0 0 0 0 0 0 0 0 0 0 0 0 0 0 0 0 0 0 0 0 0 0 0 0 0 0 0 0 0 0 0 0 0 0 0 0 0 0 0 0 0 0 0 0 0 0 0 0 0 0 0 0 0 0 0 0 0 0
geno chr12.133170957 tsi  0 0 0 0 0 0 0 0 0 0 0 0 0 0 0 0 0 0 0 0 0 0 0 0 0 0 0 0 0 0 0 0 0 0 0 0 0 0 0 0 0 0 0 0 0 0 0 0 0 0 0 0 0 0 0 0 0 0 0 0 0 0 0 0 0 0 0 0 0 0 0 0 0 0 0 0 0 0 0 0 0 0 0 0 0 0 0 0 0 0 0 0
geno chr12.133170957 yri  0 0 0 1 0 1 0 0 0 0 1 1 1 1 1 1 0 1 0 0 0 1 0 1 2 0 0 0 0 0 1 1 0 2 1 0 0 0 0 0 1 0 1 1 0 0 0 0 0 1 0 1 0 0 0 0 0 0 0 0 1 0 1 1 0 0 0 0 0 0 1 0 0 0 0 0 0
geno chr12.133171120 ceu  1 0 0 0 0 1 0 1 0 0 1 0 0 2 0 0 0 0 0 1 0 0 1 1 0 0 0 0 0 0 0 0 0 0 0 0 0 1 0 1 0 0 0 1 0 0 1 1 1 0 0 0 0 0 0 1 0 0 0 1 0 0 0 0 0 0 0 1 0 0 0 0 0 0 0 0 0 0
geno chr12.133171120 fin  0 0 0 0 0 0 0 0 0 0 0 0 0 0 0 0 1 0 0 0 0 0 0 1 0 0 0 0 0 0 0 0 0 0 0 0 0 1 0 0 0 0 0 0 0 0 0 0 1 0 0 0 0 0 1 0 0 1 0 1 0 0 0 1 0 0 0 0 0 1 0 0 0 0 1 0 0 0 0 0 0 0 0 0 0 0 0 0 0
geno chr12.133171120 gbr  0 2 0 0 0 1 1 0 0 0 1 0 0 0 2 0 0 0 0 0 1 0 0 0 0 0 1 0 2 0 0 1 1 0 0 0 0 0 0 0 0 0 0 0 0 0 0 0 0 0 0 1 0 0 0 0 1 0 0 0 0 0 1 1 0 0 0 0 1 0 0 0 0 0 0 0 0 1 1 1 0 0 0 1
geno chr12.133171120 tsi  0 0 1 0 0 0 0 0 0 1 0 1 0 1 0 1 0 0 1 0 1 0 0 0 0 1 1 0 0 1 1 0 0 0 0 1 0 0 0 0 0 1 1 2 0 0 1 1 1 1 1 0 0 0 0 0 0 0 0 1 1 0 0 0 0 1 0 0 0 0 1 0 0 0 0 0 1 0 0 0 1 0 0 0 0 1 0 0 0 0 0 0
geno chr12.133171120 yri  1 0 0 1 0 0 0 1 1 0 0 0 1 1 0 0 0 0 1 0 0 0 1 0 0 0 0 0 1 1 0 0 0 0 0 0 0 0 1 1 1 0 0 0 0 0 0 1 1 0 0 0 0 2 0 0 0 0 0 0 0 0 0 0 0 0 1 1 1 0 0 1 1 1 0 1 1
geno chr12.133171372 ceu  1 0 0 0 0 1 0 1 0 0 1 0 0 2 0 0 0 0 0 1 0 0 1 1 0 0 0 0 0 0 0 0 0 0 0 0 0 1 0 1 0 0 0 1 0 0 1 1 1 0 0 0 0 0 0 1 0 0 0 1 0 0 0 0 0 0 0 1 0 0 0 0 0 0 0 0 0 0
geno chr12.133171372 fin  0 0 0 0 0 0 0 0 0 0 0 0 0 0 0 0 1 0 0 0 0 0 0 1 0 0 0 0 0 0 0 0 0 0 0 0 0 1 0 0 0 0 0 0 0 0 0 0 1 0 0 0 0 0 1 0 0 1 0 1 0 0 0 1 0 0 0 0 0 1 0 0 0 0 1 0 0 0 0 0 0 0 0 0 0 0 0 0 0
geno chr12.133171372 gbr  0 2 0 0 0 1 1 0 0 0 1 0 0 0 2 0 0 0 0 0 1 0 0 0 0 0 1 0 2 0 0 1 1 0 0 0 0 0 0 0 0 0 0 0 0 0 0 0 0 0 0 1 0 0 0 0 1 0 0 0 0 0 1 1 0 0 0 0 1 0 0 0 0 0 0 0 0 1 1 1 0 0 0 1
geno chr12.133171372 tsi  0 0 1 0 0 0 0 0 0 1 0 1 0 1 0 1 0 0 1 0 1 0 0 0 0 1 1 0 0 1 1 0 0 0 0 1 0 0 0 0 0 1 1 2 0 0 1 1 1 1 1 0 0 0 0 0 0 0 0 1 1 0 0 0 0 1 0 0 0 0 1 0 0 0 0 0 1 0 0 0 1 0 0 0 0 1 0 0 0 0 0 0
geno chr12.133171372 yri  1 0 0 1 0 0 0 1 1 0 0 0 1 1 0 0 0 0 1 0 0 0 1 0 0 0 0 0 1 1 0 0 0 0 0 0 0 0 1 1 1 0 0 0 0 0 0 1 1 0 0 0 0 2 0 0 0 0 0 0 0 0 0 0 0 0 1 1 1 0 0 1 1 1 0 1 1
