pheno ENSG00000130489 ceu -1.016954 -2.615047 -1.166221 -1.050278 -1.863893 0.02636416 -1.33706 -0.6428563 -2.349397 -0.3236745 0.6941084 -0.4474991 -1.106002 -1.891724 0.531827 -0.5815375 -2.012512 -1.184432 0.03947041 -0.6100402 -2.74979 -0.07206226 -2.280425 0.3411467 0.05789972 -1.011929 -0.04536539 -1.379608 -0.07957082 -1.64031 -0.7581236 -1.30287 -0.3760739 -0.524612 -0.8955639 -0.2745184 -1.174199 -1.245932 -1.86947 -1.881358 -0.5046125 -0.5406613 -1.296606 -2.770133 0.264521 -2.144537 -2.51079 -1.44691 -0.8940262 -0.196462 -1.806713 -1.199192 -2.41754 -1.027203 -1.554415 -0.56163 -2.576975 -0.3943886 -1.551782 -4.090426 0.5324715 -1.180925 -2.123778 -1.3214 -0.1438564 -0.8863131 -2.097636 -2.403996 -0.8042378 -1.844956 -0.8568938 -1.33338 -0.02488766 -3.739345 -1.484184 0.1316698 -1.302111 -1.589141
pheno ENSG00000130489 fin -1.124061 -0.7537354 -0.4199615 0.1924331 0.4235774 -2.697828 -2.245005 -0.4838497 -1.004944 -1.488363 -0.4548038 -1.526052 -1.272749 0.5773832 0.04036793 -0.4220664 -1.326977 0.1478311 -0.834625 0.6867641 1.469935 -1.617131 -1.636038 0.3369544 -1.153223 -1.6032 -2.045534 -0.3919255 -1.662182 -1.316216 -1.701597 -2.087877 -0.7300522 0.3855925 -0.4975121 0.2811979 -0.4831972 -1.231317 -1.19868 -3.001159 0.005556272 -1.482032 0.1019219 -1.577739 1.594838 -0.7452702 -1.599099 0.422769 1.051737 -2.4738 -1.34866 -0.6436067 -1.900951 -0.9531923 1.130981 0.3818011 -2.263484 1.287283 -2.992258 -0.8121535 0.03428709 0.1087731 -1.449214 -1.763654 0.2690994 -1.938643 0.5104061 -0.5067293 -0.7341229 0.1822467 -2.797905 -1.7792 -1.413694 -1.091513 -1.515334 0.8594004 -0.4671741 0.01138243 -0.9641201 -2.37429 -1.341089 -0.2606398 -1.598701 0.0362211 -0.6828051 0.7688069 0.1815376 -0.6821212 -2.975907
pheno ENSG00000130489 gbr 0.217495 -0.6228234 -0.2546979 -1.674244 -0.9733566 -0.09026272 -0.5178971 -0.1266598 -1.023709 0.4976684 -1.487489 -1.428132 0.712209 -0.3256113 -0.2979565 0.1635707 -1.429261 0.2642642 -1.467336 -1.437025 -2.146869 -2.982346 -1.047446 0.07414631 -2.154205 0.06077485 -2.177132 0.7302405 -1.033762 1.445911 -0.9358476 -0.1561259 -1.281163 0.912214 -0.8275904 0.2234092 -1.540412 -2.191001 -3.726345 -0.2152748 -0.3673133 0.7267712 0.3599861 -0.3861034 -0.200905 -0.9823085 -0.03274214 0.161865 -0.3247218 -1.287862 -1.65581 0.5848689 -0.6989977 -0.2785799 -1.280542 -0.3860589 -1.268965 -0.6201896 0.6618942 -1.28735 0.4579807 0.3547142 -0.3910561 -0.8539522 -2.489383 -2.020518 -1.400909 -0.1322953 -1.430435 -0.1269382 -2.789625 -0.3629192 -1.225254 -0.3286922 -0.8706825 0.2449814 0.5669497 0.3369672 -1.533174 -0.07839568 -0.9362982 -1.353976 -0.9427527 -4.01436
pheno ENSG00000130489 tsi -0.3502159 -2.225365 -1.078103 -0.6324206 -1.831591 -1.124476 0.008926934 -0.8837319 -0.7027764 -2.148787 0.5579185 -2.079598 -0.5972238 -2.012589 -0.5214157 -0.7620309 -1.024093 0.1641562 -0.9060233 -1.843571 -1.547036 -0.7524683 -0.04775831 -0.6346516 0.005225953 -1.57926 -2.046451 -1.867279 -1.798586 -0.3140723 -0.5301259 -1.49817 0.4927375 0.9240533 -1.932199 -0.6698841 -0.2187997 -0.4090494 -0.8449232 1.039448 -0.03918292 2.451897 -1.033943 1.955472 -0.9644766 -0.4186942 -1.718354 -1.871856 -0.4766379 -1.325675 -0.3374694 -0.7475208 -0.5482133 -0.6995585 -0.09806197 0.2881236 -1.016624 0.0307672 -0.348374 -1.173555 -2.401046 -0.06308748 -0.3620459 -1.113898 -1.259633 -0.3908682 -0.1737483 0.07846733 -0.9780727 -1.460403 -1.073686 0.585591 -2.190689 -0.01412199 -0.2354354 -0.8374279 -0.8980442 -1.186949 -0.4206674 -2.389396 -1.927063 -1.465184 -2.14054 1.701385 -0.9345353 -0.9076595 -1.343823 -1.444347 0.078851 -1.300709 0.4923714 -0.1030984
pheno ENSG00000130489 yri -0.9549025 -0.634145 -2.087612 -2.605616 -1.974146 -1.187814 -0.9518833 -1.83668 -0.2088164 0.3046205 -1.719348 -2.416889 1.492013 -1.674672 -1.280114 -2.005146 0.5007715 0.3355266 -0.6442674 0.06556276 -0.84195 -1.226527 0.2053222 -2.748234 -1.719439 -0.9262453 0.05914511 -1.162984 -0.6839687 -1.173174 0.4738355 -0.5068001 0.8328895 0.376353 -0.5036758 -0.5510819 -0.9512812 -0.4876131 1.247789 -1.253923 0.2329625 -0.4261438 -0.3703845 -0.8642862 0.1471191 -1.028434 -1.226019 -0.1163726 0.1251579 -1.270961 -1.310964 -1.344554 -0.5904294 -0.2537098 -1.19172 -0.7999192 -1.982908 -1.053637 -0.03663029 -0.3888024 0.6343616 -0.1898932 0.5389197 0.8371997 -1.15771 -2.096857 0.5537858 -1.088787 -0.9313104 -0.9778519 -0.752672 -0.451007 -0.228086 -1.587728 -0.9636514 0.1611935 0.770419
geno chr22.50864874 ceu  0 1 0 1 0 0 1 0 2 0 0 0 2 1 0 1 0 0 0 1 1 1 2 2 0 1 0 1 0 0 1 1 0 1 1 0 1 1 2 1 1 1 0 0 0 0 1 1 0 1 1 2 0 1 1 1 1 0 1 0 0 0 1 1 0 0 0 1 0 0 0 1 1 0 0 1 1 1
geno chr22.50864874 fin  1 2 0 1 1 1 1 0 0 1 1 2 1 1 1 0 0 0 1 0 1 2 1 1 2 1 1 2 1 1 0 0 1 0 0 1 2 2 2 1 2 1 1 2 2 1 2 0 1 2 1 1 0 1 1 0 1 1 1 0 0 1 1 0 1 0 1 0 0 1 1 0 1 1 1 0 1 0 1 1 0 0 1 1 1 1 0 0 1
geno chr22.50864874 gbr  0 1 1 0 1 0 0 0 1 1 1 0 0 0 0 0 0 0 0 0 1 0 1 0 0 1 0 0 1 1 2 0 1 1 1 0 1 1 0 1 0 0 0 0 0 1 0 1 1 1 1 0 1 0 0 1 1 2 1 0 0 0 1 0 2 0 1 1 0 2 0 1 1 2 1 1 0 1 0 1 2 1 0 0
geno chr22.50864874 tsi  0 2 1 0 1 1 1 1 1 1 0 0 0 2 0 0 0 2 1 0 0 0 0 0 2 1 1 2 0 0 0 0 1 1 2 0 0 0 1 1 0 0 0 0 0 0 0 1 1 0 0 1 1 1 0 1 1 1 0 1 1 0 0 0 0 1 1 0 2 0 0 0 2 0 1 0 1 1 0 0 0 1 1 0 1 1 1 0 1 1 1 1
geno chr22.50864874 yri  1 1 1 0 0 0 2 1 1 1 1 1 0 2 1 0 0 1 0 2 1 2 0 2 1 0 1 1 2 1 0 1 1 0 1 1 1 2 1 0 1 0 2 1 1 1 1 1 0 0 1 1 1 1 1 0 0 0 1 1 0 1 1 1 1 2 1 0 2 1 2 0 1 1 1 1 1
geno chr22.50865095 ceu  0 1 1 2 1 2 1 0 2 1 0 2 2 1 1 1 2 2 0 2 1 1 2 2 0 2 2 1 2 1 1 2 2 2 1 1 2 2 2 1 1 2 0 0 2 1 2 2 0 1 2 2 2 1 0 1 1 1 1 0 0 1 1 1 1 0 2 2 1 1 0 1 2 0 2 2 2 1
geno chr22.50865095 fin  2 2 2 2 1 1 1 1 2 2 2 2 1 1 1 0 1 1 2 1 2 2 2 2 2 1 1 2 2 1 2 1 1 1 1 2 2 2 2 2 2 1 1 2 2 1 2 1 1 2 2 1 1 1 2 1 2 2 2 0 1 2 1 0 2 1 2 0 1 1 2 1 2 2 1 1 2 1 2 1 1 0 1 1 2 1 2 0 1
geno chr22.50865095 gbr  1 1 1 0 1 1 1 0 2 2 1 0 0 1 0 1 1 1 0 0 2 1 1 2 1 1 1 2 2 2 2 1 1 2 2 0 2 2 1 2 2 1 1 1 1 1 0 1 1 1 2 0 2 2 1 2 2 2 2 0 1 2 1 2 2 1 1 1 0 2 1 2 2 2 2 1 1 2 2 2 2 1 0 2
geno chr22.50865095 tsi  0 2 2 0 2 2 1 2 2 1 2 1 2 2 2 2 0 2 1 2 2 0 2 2 2 2 1 2 1 0 2 1 1 2 2 2 2 0 2 2 2 1 1 1 1 1 1 2 1 1 1 1 2 1 2 1 2 2 1 2 1 0 0 1 2 2 2 2 2 2 1 2 2 1 2 1 2 2 2 0 1 2 1 1 2 1 2 2 1 2 1 1
geno chr22.50865095 yri  1 1 1 0 1 1 2 1 2 2 1 1 0 2 2 2 1 1 1 2 2 2 1 2 1 0 2 2 2 2 2 1 2 1 1 1 1 2 2 1 1 0 2 2 2 2 1 2 0 1 2 2 1 1 2 1 0 2 1 1 1 2 1 1 2 2 2 1 2 2 2 2 1 2 2 2 2
geno chr22.50865133 ceu  0 1 0 1 0 0 1 0 2 0 0 0 2 1 0 1 0 0 0 1 1 1 2 2 0 1 0 1 0 0 1 1 0 1 1 0 1 1 2 1 1 1 0 0 0 0 1 1 0 1 1 2 0 1 1 1 1 0 1 0 0 0 1 1 0 0 0 1 0 0 0 1 1 0 0 1 1 1
geno chr22.50865133 fin  1 2 0 1 1 1 1 0 0 1 1 2 1 1 1 0 0 0 1 0 1 2 1 1 2 1 1 2 1 1 0 0 1 0 0 1 2 2 2 1 2 1 1 2 2 1 2 0 1 2 1 1 0 1 1 0 1 1 1 0 0 1 1 0 1 0 1 0 0 1 1 0 1 1 1 0 1 0 1 0 0 0 1 1 1 1 0 0 1
geno chr22.50865133 gbr  0 1 1 0 1 0 0 0 1 1 1 0 0 0 0 0 0 0 0 0 1 0 1 0 0 1 0 0 1 1 2 0 1 1 1 0 1 1 0 1 0 0 0 0 0 1 0 1 1 1 1 0 1 0 0 1 1 2 1 0 0 0 1 0 2 0 1 1 0 2 0 1 1 2 1 1 0 1 0 1 2 1 0 0
geno chr22.50865133 tsi  0 2 1 0 1 1 1 1 1 1 0 0 0 2 0 0 0 2 1 0 0 0 0 0 2 1 1 2 0 0 0 0 1 1 1 0 0 0 1 1 0 0 0 0 0 0 0 1 1 0 0 1 1 1 0 1 1 1 0 1 1 0 0 0 0 1 1 0 2 0 0 0 2 0 1 0 1 1 0 0 0 1 1 0 1 1 1 0 1 1 1 1
geno chr22.50865133 yri  1 1 1 0 0 0 2 1 1 1 1 1 0 2 1 0 0 1 0 2 1 2 0 2 1 0 2 1 2 1 0 1 1 0 1 1 1 1 1 0 1 0 2 1 1 1 1 1 0 0 1 1 1 1 1 0 0 0 1 1 0 1 1 1 1 2 1 0 2 1 2 0 1 1 1 1 1
geno chr22.50865338 ceu  0 1 0 1 0 0 1 0 2 0 0 0 2 1 0 1 0 0 0 1 1 1 2 2 0 1 0 1 0 0 1 1 0 1 1 0 1 1 2 1 1 1 0 0 0 0 1 1 0 1 1 2 0 1 1 1 1 0 1 0 0 0 1 1 0 0 0 1 0 0 0 1 1 0 0 1 1 1
geno chr22.50865338 fin  1 2 0 1 1 1 1 0 0 1 1 2 1 1 1 0 0 0 1 0 1 2 1 1 2 1 1 2 1 1 0 0 1 0 0 1 2 2 2 1 2 1 1 2 2 1 2 0 1 2 1 1 0 1 1 0 1 1 1 0 0 1 1 0 1 0 1 0 0 1 1 0 1 1 1 0 1 0 1 1 0 0 1 1 1 1 0 0 1
geno chr22.50865338 gbr  0 1 1 0 2 0 0 0 1 1 1 0 0 0 0 0 0 0 0 0 1 0 1 0 0 1 0 0 1 1 2 0 1 1 1 0 1 1 0 1 0 0 0 0 0 1 0 1 1 1 1 0 1 0 0 1 1 2 1 0 0 0 1 0 2 0 1 1 0 2 0 1 1 2 1 1 0 1 0 1 2 1 0 0
geno chr22.50865338 tsi  0 2 1 0 1 1 1 1 1 1 0 0 0 2 0 0 0 2 1 0 0 0 0 0 2 1 1 2 0 0 0 0 1 1 2 0 0 0 1 1 0 0 0 0 0 0 0 1 1 0 0 1 1 1 0 1 1 1 0 1 1 0 0 0 0 1 1 0 2 0 0 0 2 0 1 0 1 1 0 0 0 1 1 0 1 1 1 0 1 1 1 1
geno chr22.50865338 yri  1 1 1 0 0 0 2 1 1 1 1 1 0 2 1 0 0 1 0 2 1 2 0 2 1 0 1 1 2 1 0 1 1 0 1 1 1 2 1 0 1 0 2 1 1 1 1 1 0 0 1 1 1 1 1 0 0 0 1 1 0 1 1 1 1 2 1 0 0 1 2 0 1 1 1 1 1
geno chr22.50865434 ceu  0 1 0 1 0 0 1 0 2 0 0 0 2 1 0 1 0 0 0 1 1 1 2 2 0 1 0 1 0 0 1 1 0 1 1 0 1 0 2 1 1 1 0 0 0 0 1 1 0 1 1 2 0 1 1 1 1 0 1 0 0 0 1 1 0 0 0 1 0 0 0 1 1 0 0 1 0 1
geno chr22.50865434 fin  1 2 0 1 1 1 1 0 0 1 1 2 1 1 1 0 0 0 1 0 1 2 1 1 2 1 1 2 1 1 0 0 1 0 0 1 2 2 2 1 2 1 1 2 2 1 2 0 1 2 1 1 0 1 1 0 1 1 1 0 0 1 1 0 1 0 1 0 0 1 1 0 1 1 1 0 1 0 1 1 0 0 1 1 1 1 0 0 1
geno chr22.50865434 gbr  0 1 1 0 1 0 0 0 1 1 1 0 0 0 0 0 0 0 0 0 1 0 1 0 0 1 0 0 1 1 2 0 1 1 1 0 1 1 0 1 0 0 0 0 0 0 0 1 0 0 1 0 1 0 0 1 1 2 0 0 0 0 1 0 2 0 1 1 0 2 0 1 1 2 1 1 0 1 0 1 2 1 0 0
geno chr22.50865434 tsi  0 2 1 0 1 1 1 1 1 1 0 0 0 2 0 0 0 2 0 0 0 0 0 0 2 1 1 1 0 0 0 0 1 1 2 0 0 0 1 1 0 0 0 0 0 0 0 1 1 0 0 1 1 1 0 1 1 1 0 1 1 0 0 0 0 1 0 0 2 0 0 0 2 0 1 0 1 1 0 0 0 1 1 0 1 1 1 0 1 1 1 1
geno chr22.50865434 yri  1 1 1 0 0 0 2 1 1 1 1 1 0 2 1 0 0 1 0 2 1 2 0 2 1 0 1 1 2 1 0 1 1 0 1 1 1 2 1 0 1 0 2 1 1 1 1 1 0 0 1 1 1 1 1 0 0 0 1 1 0 1 1 1 1 2 1 0 0 1 2 0 1 1 1 1 1
geno chr22.50865863 ceu  0 1 0 1 0 0 1 0 2 0 0 0 2 1 0 1 0 0 0 1 1 1 2 2 0 1 0 1 0 0 1 1 0 1 1 0 1 1 2 1 1 1 0 0 0 0 1 1 0 1 1 2 0 1 1 1 1 0 1 0 0 0 1 1 0 0 0 1 0 0 0 1 1 0 0 1 1 1
geno chr22.50865863 fin  1 2 0 1 1 1 1 0 0 1 1 2 1 1 1 0 0 0 1 0 1 2 1 1 2 1 1 2 1 1 0 0 1 0 0 1 2 2 2 1 2 1 1 2 2 1 2 0 1 2 1 1 0 1 1 0 1 1 1 0 0 1 1 0 1 0 1 0 0 1 1 0 1 1 1 0 1 1 1 1 0 0 1 1 1 1 0 0 1
geno chr22.50865863 gbr  0 1 1 0 1 0 0 0 1 1 1 0 0 0 0 0 0 0 0 0 1 0 1 0 0 1 0 0 1 1 2 0 1 1 1 0 1 1 0 1 0 0 0 0 0 1 0 1 1 1 1 0 1 0 0 1 1 2 1 0 0 0 1 0 2 0 1 1 0 2 0 1 1 2 1 1 0 1 0 1 2 1 0 0
geno chr22.50865863 tsi  0 2 1 0 1 1 1 1 1 1 0 0 0 2 0 0 0 2 1 0 0 0 0 0 2 1 1 2 0 0 0 0 1 1 2 0 0 0 1 1 0 0 0 0 0 0 0 1 1 0 0 1 1 1 0 1 1 1 0 1 1 0 0 0 0 1 1 0 2 0 0 0 2 0 1 0 1 1 0 0 0 1 1 0 1 1 1 0 1 1 1 1
geno chr22.50865863 yri  1 1 1 0 0 0 2 1 1 1 1 1 0 2 1 0 0 1 0 2 1 2 0 2 1 0 1 1 2 1 0 1 1 0 1 1 1 2 1 0 1 0 2 1 1 1 1 1 0 0 1 1 1 1 1 0 0 0 1 1 0 1 1 1 1 2 1 0 2 1 2 0 1 1 1 1 1
geno chr22.50866161 ceu  0 1 0 1 0 1 1 0 2 0 0 0 2 0 0 1 0 0 0 1 1 1 1 1 0 1 0 1 0 0 1 0 0 1 1 0 0 0 1 1 1 1 0 0 0 0 1 0 0 1 1 1 0 0 1 1 0 0 1 0 0 0 1 0 0 0 0 1 0 0 0 1 0 0 0 0 0 1
geno chr22.50866161 fin  0 2 0 1 1 0 0 0 0 0 1 1 0 0 1 0 0 0 1 0 1 1 1 1 1 1 0 2 0 0 0 0 1 0 0 1 1 2 2 1 1 0 1 1 1 1 2 0 0 1 1 0 0 1 1 0 1 0 0 0 0 0 1 0 1 0 0 0 0 0 0 0 0 1 1 0 1 1 1 1 0 0 1 0 0 0 0 0 1
geno chr22.50866161 gbr  0 0 0 0 1 0 0 0 1 0 1 0 0 0 0 0 0 0 0 0 0 0 1 0 0 1 0 0 1 1 2 0 1 0 1 0 0 1 0 0 0 0 0 0 0 0 0 1 0 1 1 0 1 0 0 0 0 2 0 0 0 0 1 0 2 0 0 0 0 1 0 1 1 2 0 0 0 1 0 1 2 0 0 1
geno chr22.50866161 tsi  0 0 1 0 0 0 1 0 1 0 0 0 0 1 0 0 1 0 0 0 0 0 0 0 2 1 1 1 0 0 0 0 1 0 2 0 0 0 1 1 0 0 0 0 0 0 0 1 0 0 0 1 1 0 0 0 1 1 0 1 0 0 0 0 0 1 0 0 1 0 0 0 2 0 0 0 1 0 0 0 0 1 0 0 1 0 1 0 1 1 1 0
geno chr22.50866161 yri  0 0 1 0 0 1 1 0 1 0 0 1 0 0 0 0 0 0 0 1 0 1 0 0 0 0 0 0 2 1 0 0 0 0 0 0 0 0 0 0 0 0 0 0 0 0 0 0 0 0 0 0 1 0 0 0 0 0 1 1 0 1 0 0 0 0 0 0 0 0 0 0 0 0 0 0 0
geno chr22.50866306 ceu  0 1 0 1 0 0 1 0 2 0 0 0 2 1 0 1 0 0 0 1 1 1 2 2 0 1 0 1 0 0 1 1 0 1 1 0 1 1 2 1 1 1 0 0 0 0 1 1 0 1 1 2 0 1 1 1 1 0 1 0 0 1 1 1 0 0 0 1 0 0 0 1 1 0 0 1 1 1
geno chr22.50866306 fin  1 2 0 1 1 1 1 0 0 1 1 2 1 1 1 0 0 0 1 0 1 2 1 1 2 1 1 2 1 1 0 0 1 0 0 1 2 2 2 1 2 0 1 2 2 1 2 0 1 2 1 1 0 1 1 0 1 0 1 0 0 1 1 0 1 0 0 0 0 1 1 0 0 1 1 0 1 0 1 1 0 0 1 1 1 1 0 0 1
geno chr22.50866306 gbr  0 1 1 0 1 0 0 0 1 1 1 0 0 0 0 0 0 0 0 0 1 0 1 0 0 1 0 0 1 1 2 0 1 1 1 0 1 1 0 1 0 0 0 0 0 1 0 1 1 1 1 0 1 0 0 1 0 1 1 0 0 0 1 0 2 0 1 1 0 2 0 1 1 2 1 1 0 1 0 1 2 1 0 0
geno chr22.50866306 tsi  0 2 1 0 1 1 1 1 1 1 0 0 0 2 0 0 0 1 1 0 0 0 0 0 2 1 1 1 0 0 0 0 1 1 2 0 0 1 1 1 0 0 0 0 0 0 0 1 1 0 0 1 1 1 0 1 1 1 0 1 1 0 0 0 0 1 1 0 2 0 0 0 2 0 1 0 1 1 0 0 0 1 1 0 1 1 1 0 1 1 1 1
geno chr22.50866306 yri  0 1 1 0 0 0 1 0 1 1 1 1 0 1 1 0 0 1 0 1 0 1 0 0 0 0 0 0 2 1 0 0 1 0 1 0 0 0 0 0 0 0 1 1 1 0 0 0 0 0 0 1 1 0 0 0 0 0 1 1 0 1 0 0 0 1 0 0 0 0 0 0 1 0 0 1 0
geno chr22.50866353 ceu  0 1 0 1 0 0 0 0 1 0 0 0 1 1 0 1 0 1 0 1 0 1 2 1 0 0 0 1 0 0 1 1 0 1 1 0 1 0 2 1 1 0 0 0 0 0 1 1 0 0 0 1 0 1 0 1 2 0 1 0 0 0 1 0 1 0 0 0 0 0 0 0 1 0 0 1 1 1
geno chr22.50866353 fin  0 2 0 2 1 1 1 0 0 1 0 2 1 1 1 0 0 0 1 0 1 2 1 1 2 1 1 1 0 0 0 0 1 0 0 1 2 2 2 1 1 1 2 2 1 1 2 0 1 2 1 1 0 0 0 0 0 1 1 0 0 1 1 0 1 0 0 0 0 1 1 0 0 1 1 0 1 0 1 1 0 0 0 0 0 0 0 0 1
geno chr22.50866353 gbr  0 1 1 0 0 0 0 0 1 1 0 0 0 0 0 0 0 1 0 0 1 0 1 0 0 1 0 0 0 1 2 0 1 1 1 0 1 1 0 1 0 0 0 0 0 1 0 0 1 1 1 0 1 0 0 1 1 1 1 1 0 0 1 0 1 1 1 0 0 2 0 1 1 0 1 1 0 1 0 0 1 1 0 0
geno chr22.50866353 tsi  0 0 1 0 0 0 1 1 0 1 1 0 0 1 0 0 0 0 0 0 0 0 0 0 2 0 0 1 0 0 1 0 0 1 2 0 0 1 1 0 0 0 0 0 0 0 0 1 0 0 0 2 1 0 0 0 1 1 0 1 1 0 1 0 0 1 0 0 2 0 0 0 1 0 1 0 1 2 0 0 0 1 0 0 0 1 1 1 0 1 1 0
geno chr22.50866353 yri  1 1 1 0 0 0 1 0 1 2 0 2 0 2 1 0 0 1 1 2 1 1 0 2 1 1 1 2 2 1 0 1 2 0 1 1 1 1 0 1 1 0 2 1 1 1 2 0 0 0 1 1 1 0 1 0 0 0 0 1 0 1 1 1 1 2 1 2 1 1 2 1 1 2 1 1 1
geno chr22.50866356 ceu  0 0 0 0 0 0 0 0 0 0 0 0 0 0 0 0 0 0 0 0 0 0 1 1 0 0 0 0 0 0 0 1 0 0 0 0 1 0 1 0 0 0 0 0 0 0 0 1 0 0 0 1 0 1 0 0 1 0 0 0 0 0 0 1 0 0 0 0 0 0 0 0 1 0 0 0 0 0
geno chr22.50866356 fin  1 0 0 0 0 1 1 0 0 1 0 1 1 1 0 0 0 0 0 0 0 1 0 0 1 0 1 0 0 1 0 0 0 0 0 0 1 0 0 0 1 0 0 1 1 0 0 0 1 1 0 1 0 0 0 0 0 0 1 0 0 1 0 0 0 0 0 0 0 1 1 0 0 0 0 0 0 0 0 0 0 0 0 0 0 0 0 0 0
geno chr22.50866356 gbr  0 1 1 0 0 0 0 0 0 1 0 0 0 0 0 0 0 0 0 0 1 0 0 0 0 0 0 0 0 0 0 0 0 1 0 0 1 0 0 1 0 0 0 0 0 0 0 0 0 0 0 0 0 0 0 1 1 0 0 0 0 0 0 0 0 0 1 1 0 1 0 0 0 0 1 1 0 0 0 0 0 1 0 0
geno chr22.50866356 tsi  0 0 0 0 1 1 0 1 0 1 0 0 0 0 0 0 0 0 0 0 0 0 0 0 0 0 0 0 0 0 0 0 0 1 0 0 0 1 0 0 0 0 0 0 0 0 0 0 0 0 0 0 0 0 0 1 0 0 0 0 1 0 0 0 0 0 0 0 1 0 0 0 0 0 0 0 0 1 0 0 0 0 0 0 0 0 0 0 0 0 0 1
geno chr22.50866356 yri  0 0 0 0 0 0 0 0 0 1 0 0 0 1 0 0 0 0 0 0 0 0 0 0 0 0 0 0 0 0 0 0 1 0 0 0 0 0 0 0 0 0 0 0 0 0 0 0 0 0 0 0 0 0 0 0 0 0 0 0 0 0 0 0 0 0 0 0 0 0 0 0 0 0 0 0 0
geno chr22.50866439 ceu  0 0 0 0 0 0 0 0 0 1 0 0 0 0 0 0 0 0 0 0 0 0 1 1 0 0 0 1 0 0 0 1 0 0 0 0 1 0 1 1 0 0 0 0 0 0 0 1 0 0 0 1 0 1 0 0 1 0 0 0 0 0 0 1 0 0 0 0 0 0 0 0 1 0 0 0 0 0
geno chr22.50866439 fin  1 0 0 0 0 1 1 0 0 1 0 1 1 1 0 0 0 0 0 0 0 1 0 0 1 0 2 0 1 1 0 0 0 0 0 0 1 0 0 0 1 0 1 1 0 0 0 0 1 1 0 1 0 0 0 0 0 0 1 0 0 1 0 0 0 0 1 1 0 0 1 0 0 0 0 0 0 0 0 0 0 0 0 1 0 0 0 0 0
geno chr22.50866439 gbr  0 1 1 0 0 0 0 0 0 1 0 0 0 0 0 1 0 0 1 0 1 0 0 0 0 0 0 0 0 0 0 0 0 1 0 0 1 0 0 1 0 0 0 0 0 0 0 0 0 0 0 1 0 0 0 1 1 0 0 0 0 0 0 0 0 0 1 1 0 1 0 0 0 0 1 1 0 0 0 0 0 1 0 0
geno chr22.50866439 tsi  0 2 0 0 1 1 0 1 0 1 0 0 0 1 0 0 0 2 0 0 0 0 0 0 0 0 0 0 0 0 0 0 0 1 0 0 0 0 0 0 0 0 0 0 0 0 0 0 1 0 0 0 0 2 0 1 0 0 1 0 1 0 0 0 0 0 0 0 1 0 0 0 0 0 1 0 0 1 0 0 0 0 1 0 0 1 0 0 0 0 0 1
geno chr22.50866439 yri  0 0 0 0 0 0 0 0 0 1 0 0 0 1 0 0 0 0 0 0 0 0 0 0 0 0 0 0 0 0 0 0 1 0 0 0 0 0 0 0 0 0 0 0 0 0 0 0 0 0 0 0 0 0 0 0 0 0 0 0 0 0 0 0 0 0 0 0 0 0 0 0 0 0 0 0 0
geno chr22.50866559 ceu  0 1 0 1 0 0 1 0 2 0 0 0 2 1 0 2 0 0 0 1 1 1 2 2 0 1 0 2 0 0 1 1 0 1 1 0 1 1 2 2 1 1 0 0 0 0 1 1 0 1 1 2 0 1 1 1 1 0 1 0 0 0 1 1 0 0 0 1 0 0 0 1 1 0 0 1 1 1
geno chr22.50866559 fin  1 2 0 1 1 1 1 0 0 1 1 2 1 1 1 0 0 0 1 0 1 2 1 1 2 1 1 2 1 1 0 0 1 0 0 1 2 2 2 1 2 1 2 2 2 1 2 0 1 2 1 1 0 1 1 0 1 1 1 0 0 0 1 0 1 0 1 1 0 1 1 0 1 1 1 0 1 0 1 1 0 0 1 1 0 1 0 0 1
geno chr22.50866559 gbr  0 1 1 0 1 0 0 0 1 1 1 0 0 0 0 1 0 0 1 0 1 0 1 0 0 1 0 0 1 1 2 0 1 1 1 0 1 1 0 1 0 0 0 0 0 1 0 1 1 1 1 1 1 0 0 1 1 2 1 0 0 0 1 0 2 0 1 1 0 2 0 1 1 2 1 1 0 1 0 1 2 1 0 0
geno chr22.50866559 tsi  0 2 1 0 1 1 1 1 1 1 0 0 0 2 0 0 0 1 1 0 0 0 0 0 2 1 1 2 0 0 0 0 1 1 2 0 0 0 1 1 0 0 0 0 0 0 0 1 1 0 0 1 1 2 0 1 1 1 1 1 1 0 0 0 0 1 1 0 2 0 0 0 2 0 1 0 1 1 0 0 0 1 1 0 1 1 1 0 1 1 1 1
geno chr22.50866559 yri  1 1 1 0 0 0 2 0 1 1 1 1 0 1 1 0 0 1 0 1 0 0 0 1 0 0 0 1 2 1 0 0 1 0 1 0 0 0 0 0 0 0 1 1 1 0 0 0 0 0 0 1 1 0 0 0 0 0 1 1 0 1 0 0 0 1 0 0 2 0 0 0 1 0 0 1 0
geno chr22.50867093 ceu  0 0 0 0 0 0 0 0 0 0 0 0 0 0 0 0 0 0 0 0 0 0 1 1 0 0 0 0 0 0 0 1 0 0 0 0 1 0 1 0 0 0 0 0 0 0 0 1 0 0 0 1 0 1 0 0 1 0 0 0 0 0 0 1 0 0 0 0 0 0 0 0 1 0 0 0 0 0
geno chr22.50867093 fin  1 0 0 0 0 1 1 0 0 1 0 1 1 1 0 0 0 0 0 0 0 1 0 0 1 0 1 0 1 1 0 0 0 0 0 0 1 0 0 0 1 0 0 1 1 0 0 0 1 1 0 1 0 0 0 0 0 0 1 0 0 1 0 0 0 0 1 0 0 1 1 0 1 0 0 0 0 0 0 0 0 0 0 1 0 0 0 0 0
geno chr22.50867093 gbr  0 1 1 0 0 0 0 0 0 1 0 0 0 0 0 0 0 0 0 0 1 0 0 0 0 0 0 0 0 0 0 0 0 1 0 0 1 0 0 1 0 0 0 0 0 0 0 0 0 0 0 0 0 0 0 1 1 0 0 0 0 0 0 0 0 0 1 1 0 1 0 0 0 0 1 1 0 0 0 0 0 1 0 0
geno chr22.50867093 tsi  0 2 0 0 1 1 0 1 0 1 0 0 0 1 0 0 0 2 0 0 0 0 0 0 0 0 0 0 0 0 0 0 0 1 0 0 0 0 0 0 0 0 0 0 0 0 0 0 1 0 0 0 0 1 0 1 0 0 0 0 1 0 0 0 0 0 0 0 1 0 0 0 0 0 1 0 0 1 0 0 0 0 1 0 0 1 0 0 0 0 0 1
geno chr22.50867093 yri  1 1 0 0 0 0 1 0 0 1 1 0 0 1 1 0 0 1 0 0 0 0 0 1 0 0 0 1 0 0 0 0 1 0 1 0 0 1 0 0 0 0 1 1 1 0 0 0 0 0 0 1 0 0 0 0 0 0 0 0 0 0 0 0 0 1 0 0 0 0 0 0 1 0 0 1 0
geno chr22.50867136 ceu  0 0 0 0 0 0 0 0 0 0 0 0 0 0 0 0 0 0 0 0 0 0 1 1 0 0 0 0 0 0 0 1 0 0 0 0 1 1 1 0 0 0 0 0 0 0 0 1 0 0 0 1 0 1 0 0 1 0 0 0 0 0 0 1 0 0 0 0 0 0 0 0 1 0 0 0 1 0
geno chr22.50867136 fin  1 0 0 0 0 1 1 0 0 1 0 1 1 1 0 0 0 0 0 0 0 1 0 0 1 0 1 0 1 1 0 0 0 0 0 0 1 0 0 0 1 0 0 1 1 0 0 0 1 1 0 1 0 0 0 0 0 0 1 0 0 1 0 0 0 0 1 0 0 1 1 0 1 0 0 0 0 0 0 0 0 0 0 1 0 0 0 0 0
geno chr22.50867136 gbr  0 1 1 0 0 0 0 0 0 1 0 0 0 0 0 0 0 0 0 0 1 0 0 0 0 0 0 0 0 0 1 0 0 1 0 0 1 0 0 1 0 0 0 0 0 1 0 0 1 0 0 0 0 0 0 1 1 0 1 0 0 0 0 0 0 0 1 1 0 1 0 0 0 0 1 1 0 0 0 0 0 1 0 0
geno chr22.50867136 tsi  0 2 0 0 1 1 0 1 0 1 0 0 0 1 0 0 0 2 1 0 0 0 0 0 0 0 0 1 0 0 0 0 0 1 0 0 0 0 0 0 0 0 0 0 0 0 0 0 1 0 0 0 0 1 0 1 0 0 0 0 1 0 0 0 0 0 1 0 1 0 0 0 0 0 1 0 0 1 0 0 0 0 1 0 0 1 0 0 0 0 0 1
geno chr22.50867136 yri  1 1 0 0 0 0 1 0 0 1 1 0 0 1 1 0 0 1 0 0 0 0 0 1 0 0 0 1 0 0 0 0 1 0 1 0 0 1 0 0 0 0 1 1 1 0 0 0 0 0 0 1 0 0 0 0 0 0 0 0 0 0 0 0 0 1 0 0 2 0 0 0 1 0 0 1 0
geno chr22.50867139 ceu  0 0 0 0 1 0 0 0 0 0 0 0 0 0 0 0 0 0 0 0 0 0 1 1 0 0 0 0 0 0 0 1 0 0 0 0 1 1 1 0 0 0 0 0 0 0 0 1 0 0 1 1 0 1 0 0 1 0 0 0 0 0 0 1 0 0 0 0 0 0 0 0 1 0 0 0 1 0
geno chr22.50867139 fin  1 0 0 0 0 1 1 0 0 1 0 1 1 1 0 0 0 0 0 0 0 1 0 0 1 0 1 0 1 1 0 0 0 0 0 0 1 0 0 0 1 0 0 1 1 0 0 0 1 1 0 1 0 0 0 0 0 0 1 0 0 0 0 0 0 0 1 0 0 1 1 0 1 0 0 0 0 0 0 0 0 0 0 1 0 0 0 0 0
geno chr22.50867139 gbr  0 1 1 0 0 0 0 0 0 1 0 0 0 0 0 0 0 0 0 0 1 0 0 0 0 0 0 0 0 0 0 0 0 1 0 0 1 0 0 1 0 0 0 0 0 1 0 0 1 0 0 0 0 0 0 1 1 0 1 0 0 0 0 0 0 0 1 1 0 1 0 0 0 0 1 1 0 0 0 0 0 1 0 0
geno chr22.50867139 tsi  0 2 0 0 1 1 0 1 0 1 0 0 0 1 0 0 0 2 1 0 0 0 0 0 0 0 0 1 0 0 0 0 0 1 0 0 0 0 0 0 0 0 0 0 0 0 0 0 1 0 0 0 0 1 0 1 0 0 0 0 1 0 0 0 0 0 1 0 1 0 0 0 0 0 1 0 0 1 0 0 0 0 1 0 0 1 0 0 0 0 0 1
geno chr22.50867139 yri  1 1 0 0 0 0 1 0 0 1 1 0 0 1 1 0 0 1 0 0 0 0 0 1 0 0 0 1 0 0 0 0 1 0 1 0 0 1 0 0 0 0 1 1 1 0 0 0 0 0 0 1 0 0 0 0 0 0 0 0 0 0 0 0 0 1 0 0 2 0 0 0 1 0 0 1 0
geno chr22.50867147 ceu  0 0 0 0 0 0 0 0 1 0 0 0 0 0 0 0 0 0 0 0 0 0 0 0 0 0 0 0 0 0 0 0 0 0 0 0 0 0 1 0 0 0 0 0 0 0 0 0 0 0 0 0 0 0 0 0 0 0 0 0 0 0 0 0 0 0 0 1 0 0 0 0 0 2 0 0 0 0
geno chr22.50867147 fin  1 0 0 0 0 0 0 0 0 0 0 0 0 1 0 0 0 0 0 0 0 0 0 0 0 0 0 0 0 1 0 0 0 0 0 0 0 0 0 0 0 0 0 0 0 0 0 0 0 0 0 0 0 0 0 0 0 0 0 0 0 0 0 0 0 0 0 0 0 0 0 0 0 0 0 0 0 0 0 0 0 0 0 0 0 0 0 0 0
geno chr22.50867147 gbr  0 0 0 0 0 0 0 0 1 0 0 0 0 0 0 0 0 0 0 0 0 0 0 0 0 0 0 0 0 0 0 0 0 0 0 0 0 0 0 0 0 0 0 0 0 0 0 1 0 0 1 0 0 0 0 0 0 0 1 0 1 0 0 0 0 0 0 0 0 1 0 0 0 1 0 0 0 0 0 0 0 0 0 0
geno chr22.50867147 tsi  0 0 0 0 0 0 0 0 0 0 1 0 0 0 0 1 0 0 0 0 0 0 1 0 0 1 0 0 0 0 0 0 0 0 0 0 0 0 0 0 0 0 0 0 0 0 0 0 0 0 0 0 0 1 0 0 0 0 0 0 0 0 0 0 0 1 0 0 0 0 0 0 0 0 0 0 0 0 0 0 0 0 1 0 0 1 1 1 0 0 0 0
geno chr22.50867147 yri  0 0 0 0 1 0 0 0 0 1 0 0 0 0 1 0 0 0 0 0 0 0 0 0 0 0 0 0 0 1 1 0 0 0 0 0 0 1 0 0 0 0 0 0 0 0 0 0 0 0 0 1 0 0 0 0 0 0 0 0 0 0 0 0 0 0 0 0 0 0 0 0 1 0 1 0 0
geno chr22.50867268 ceu  0 1 0 0 0 0 1 0 2 0 0 0 2 1 0 1 0 0 0 1 1 1 2 2 0 1 0 1 0 0 1 1 0 1 1 0 1 1 2 1 1 1 0 0 0 0 1 1 0 1 1 2 0 1 1 1 1 0 1 0 0 0 1 1 0 0 0 1 0 0 0 1 1 0 0 1 1 1
geno chr22.50867268 fin  1 2 0 1 1 1 1 0 0 1 1 2 1 1 1 0 0 0 1 0 1 2 1 1 2 1 1 2 1 1 0 0 1 0 0 1 2 2 2 1 2 1 1 2 2 1 2 0 1 2 1 1 0 1 1 0 1 1 1 0 0 1 1 0 1 0 1 0 0 1 1 0 1 1 1 0 1 0 1 0 0 0 1 1 1 1 0 0 1
geno chr22.50867268 gbr  0 1 1 0 1 0 0 0 1 1 1 0 0 0 0 0 0 0 0 0 1 0 1 0 0 1 0 0 1 1 2 0 1 1 1 0 1 1 0 1 0 0 0 0 0 1 0 1 1 1 1 0 1 0 0 1 1 2 1 0 0 0 1 0 2 0 1 1 0 2 0 1 1 2 1 1 0 1 0 1 2 1 0 0
geno chr22.50867268 tsi  0 2 1 0 1 1 1 1 1 1 0 0 0 2 0 0 0 2 1 0 0 0 0 0 2 1 1 2 0 0 0 0 1 1 1 0 0 0 1 1 0 0 0 0 0 0 0 1 1 0 0 1 1 1 0 1 1 1 0 1 1 0 0 0 0 1 1 0 2 0 0 0 2 0 1 0 1 1 0 0 0 1 1 0 1 1 1 0 1 1 1 1
geno chr22.50867268 yri  1 1 1 0 0 0 2 0 1 1 1 1 0 1 1 0 0 1 0 1 0 1 0 1 0 0 0 1 2 1 0 0 1 0 1 0 0 1 0 0 0 0 1 1 1 0 0 0 0 0 0 1 1 0 0 0 0 0 1 1 0 1 0 0 0 1 0 0 2 0 0 0 1 0 0 1 0
geno chr22.50867711 ceu  1 0 1 0 1 0 0 1 0 0 0 0 0 1 0 0 0 0 0 0 1 0 0 0 0 0 0 0 0 1 0 0 0 0 0 0 0 0 0 0 0 0 0 1 0 0 0 0 0 0 0 0 0 1 0 0 1 0 0 1 0 0 0 1 1 1 0 0 0 0 0 0 0 0 0 0 0 0
geno chr22.50867711 fin  0 0 0 0 0 0 0 0 0 0 0 0 0 0 0 1 0 0 0 0 0 0 0 0 0 0 0 0 0 0 0 1 0 0 0 0 0 0 0 0 0 0 0 0 0 0 0 0 1 0 0 0 0 0 0 0 0 0 0 1 1 0 0 0 0 0 0 1 0 0 0 0 0 0 1 0 0 0 0 0 1 1 0 0 0 0 0 0 0
geno chr22.50867711 gbr  0 0 0 1 0 0 0 2 0 0 0 1 0 1 1 0 0 0 1 0 0 0 1 0 0 1 0 0 0 0 0 0 0 0 0 1 0 0 0 0 0 0 1 0 0 0 1 0 1 0 0 0 0 0 0 0 0 0 0 1 0 0 0 0 0 0 0 0 0 0 0 0 0 0 0 0 0 0 0 0 0 0 1 0
geno chr22.50867711 tsi  1 0 0 0 0 0 0 0 0 1 0 1 0 0 0 0 0 0 0 0 0 0 0 0 0 0 0 0 1 0 0 0 0 0 0 0 0 1 0 0 0 0 0 0 0 0 1 0 1 1 1 1 0 0 0 0 0 0 0 0 0 0 0 0 0 0 0 0 0 0 0 0 0 1 0 0 0 0 0 0 0 0 0 0 0 0 0 0 0 0 0 1
geno chr22.50867711 yri  0 0 0 0 0 0 0 0 0 0 0 0 0 0 0 0 0 0 0 0 0 0 0 0 0 0 0 0 0 0 0 0 0 0 0 0 0 0 0 0 0 0 0 0 0 0 0 0 0 0 0 0 0 0 0 0 0 0 0 0 0 0 0 0 0 0 0 0 0 0 0 0 0 0 0 0 0
geno chr22.50868013 ceu  0 1 1 2 1 2 1 0 2 1 0 2 2 1 1 1 2 2 0 2 1 1 2 2 0 2 2 1 2 1 1 2 2 2 1 1 2 2 2 1 1 2 0 0 2 1 2 2 0 1 2 2 2 1 1 1 1 1 1 1 0 1 1 1 1 0 2 2 1 1 0 1 2 0 2 2 2 1
geno chr22.50868013 fin  2 2 2 2 1 1 1 1 2 2 2 2 1 1 1 0 1 1 2 1 2 2 2 2 2 1 1 2 2 1 2 1 1 1 1 2 2 2 2 2 2 1 1 2 2 1 2 1 1 2 2 1 1 1 2 1 2 2 2 0 1 2 1 1 2 1 2 0 1 1 2 1 2 2 1 1 2 1 2 1 1 0 1 1 2 1 2 0 1
geno chr22.50868013 gbr  1 1 1 0 1 1 1 0 2 2 1 0 0 1 0 0 0 1 0 0 2 1 1 2 1 1 1 2 2 2 2 1 1 2 2 0 2 2 1 2 2 1 1 1 1 1 0 1 1 1 2 0 2 2 1 2 2 2 2 0 1 2 1 2 2 1 1 1 0 2 1 2 2 2 2 1 1 2 2 2 2 1 0 2
geno chr22.50868013 tsi  0 2 2 0 2 2 1 2 2 1 2 1 2 2 2 2 0 2 1 2 2 0 2 2 2 2 1 2 1 0 2 1 1 2 2 2 2 0 2 2 2 1 1 1 1 1 1 2 1 1 1 1 2 1 2 1 2 2 1 2 1 0 0 1 2 2 2 2 2 2 1 2 2 1 2 1 2 2 2 0 1 2 1 1 2 1 2 2 1 2 1 1
geno chr22.50868013 yri  1 1 1 0 1 1 2 1 2 2 1 1 0 2 2 2 1 1 1 2 2 2 1 2 1 0 2 2 2 2 2 1 2 1 1 1 1 2 2 1 1 0 2 2 2 2 1 2 0 1 2 2 1 1 2 1 0 2 1 1 1 2 1 1 2 2 2 1 2 2 2 2 1 2 2 2 2
geno chr22.50868240 ceu  0 0 0 0 1 0 0 0 0 1 0 0 0 0 0 0 0 0 0 0 0 0 0 0 0 0 0 0 0 0 0 0 0 0 0 0 0 0 0 0 0 0 0 0 0 0 1 0 0 0 1 0 0 0 0 0 0 0 0 0 0 0 0 0 0 0 0 1 0 0 0 0 0 0 0 0 0 0
geno chr22.50868240 fin  0 0 0 0 0 0 0 0 0 0 0 0 0 0 0 0 0 1 0 0 0 0 0 1 0 0 0 0 0 0 0 0 0 0 0 0 0 0 0 0 0 0 0 0 0 0 0 1 0 0 0 0 0 0 0 0 0 0 1 0 0 0 0 0 0 0 0 0 0 0 1 0 0 1 0 0 0 0 0 0 0 0 0 0 0 0 0 0 0
geno chr22.50868240 gbr  0 0 0 0 0 0 0 0 0 1 0 0 0 0 0 0 0 0 0 0 0 0 0 0 0 0 0 0 0 0 0 0 0 0 0 0 0 0 0 0 0 0 0 0 0 0 0 0 0 0 0 0 0 0 0 0 0 0 0 0 0 0 0 0 0 0 0 0 0 0 0 0 0 0 0 0 0 0 0 0 0 0 0 0
geno chr22.50868240 tsi  0 0 0 0 0 0 0 0 1 0 0 0 0 0 0 0 0 0 0 1 0 0 0 0 0 0 0 0 0 0 0 0 0 0 0 0 0 0 0 0 0 0 0 0 0 0 0 0 0 0 0 0 0 0 0 0 0 0 0 0 0 0 0 0 0 1 0 0 0 0 0 0 0 0 0 0 0 0 0 0 0 0 0 0 0 0 0 1 0 0 0 0
geno chr22.50868240 yri  0 0 0 0 0 0 0 0 0 0 0 0 0 0 1 1 0 0 1 0 1 0 0 0 0 0 1 0 0 1 1 0 0 0 0 0 0 0 0 1 0 0 0 1 0 0 0 0 0 0 0 0 0 0 0 1 0 1 0 0 1 0 0 0 0 0 1 0 0 0 0 0 0 0 0 0 1
geno chr22.50868669 ceu  0 1 0 1 0 0 1 0 2 0 0 0 2 1 0 1 0 0 0 1 1 2 2 2 0 1 0 1 0 0 1 1 0 1 1 1 1 1 2 1 1 1 0 1 0 0 1 1 0 1 1 2 0 1 1 1 1 0 2 0 0 0 1 1 0 0 0 1 0 0 0 1 1 1 0 1 1 1
geno chr22.50868669 fin  1 2 0 1 1 1 1 0 0 1 1 2 1 2 2 0 0 0 1 0 1 2 1 1 2 1 1 2 1 2 0 0 2 0 0 1 2 2 2 1 2 1 1 2 2 1 2 0 1 2 1 1 0 1 1 0 1 1 1 0 0 1 1 0 1 0 1 0 0 1 0 0 1 1 1 0 1 0 1 1 0 0 1 1 1 1 0 0 1
geno chr22.50868669 gbr  0 2 2 1 1 0 1 0 1 1 2 0 0 0 0 0 1 0 0 0 1 0 1 0 0 1 0 0 1 1 2 0 2 1 1 0 1 1 0 1 0 0 0 0 0 1 0 1 1 1 1 0 1 0 0 1 1 2 1 1 1 0 2 0 2 1 1 1 0 2 1 1 1 2 1 1 1 1 0 1 2 2 1 0
geno chr22.50868669 tsi  0 2 1 0 1 1 2 1 1 1 0 0 0 2 0 0 1 1 1 0 0 1 0 0 2 1 1 2 0 1 0 1 1 1 2 0 0 0 1 1 0 0 0 1 0 1 0 1 1 0 0 1 1 1 0 1 1 1 0 1 1 0 0 0 0 1 1 0 2 0 0 0 2 0 1 0 1 1 0 0 1 1 1 0 1 1 1 0 1 1 1 1
geno chr22.50868669 yri  1 1 1 0 0 0 2 0 1 1 1 1 0 1 1 0 0 1 0 1 0 1 0 1 0 0 0 1 2 1 0 0 1 0 1 0 0 1 0 0 0 0 1 1 1 0 0 0 0 0 0 1 1 0 0 0 0 0 1 1 0 1 0 0 0 1 0 0 2 0 0 0 1 0 0 1 0
geno chr22.50868789 ceu  0 0 0 0 0 0 0 0 0 0 0 0 0 0 0 0 0 0 0 0 0 0 1 1 0 0 0 0 0 0 0 1 0 0 0 0 1 0 1 0 0 0 0 0 0 0 0 1 0 0 0 1 0 1 0 0 1 0 0 0 0 0 0 1 0 0 0 0 0 0 0 0 1 0 0 0 0 0
geno chr22.50868789 fin  1 0 0 0 0 1 1 0 0 1 0 1 1 1 0 0 0 0 0 0 0 1 0 0 1 0 1 0 1 1 0 0 0 0 0 0 1 0 0 0 1 0 0 1 1 0 0 0 1 1 0 1 0 0 0 0 0 0 1 0 0 1 0 0 0 0 1 0 0 1 1 0 1 0 0 0 0 0 0 0 0 0 0 1 0 0 0 0 0
geno chr22.50868789 gbr  0 1 1 0 0 0 0 0 0 1 0 0 0 0 0 0 0 0 0 0 1 0 0 0 0 0 0 0 0 0 0 0 0 1 0 0 1 0 0 1 0 0 0 0 0 0 0 0 0 0 0 0 0 0 0 1 1 0 0 0 0 0 0 0 0 0 1 1 0 1 0 0 0 0 1 1 0 0 0 0 0 1 0 0
geno chr22.50868789 tsi  0 2 0 0 1 1 0 1 0 1 0 0 0 1 0 0 0 2 0 0 0 0 0 0 0 0 0 0 0 0 0 0 0 1 0 0 0 0 0 0 0 0 0 0 0 0 0 0 1 0 0 0 0 1 0 1 0 0 0 0 1 0 0 0 0 0 0 0 1 0 0 0 0 0 1 0 0 1 0 0 0 0 1 0 0 1 0 0 0 0 0 1
geno chr22.50868789 yri  0 0 0 0 0 0 0 0 0 1 0 0 0 1 0 0 0 0 0 0 0 0 0 0 0 0 0 0 0 0 0 0 1 0 0 0 0 0 0 0 0 0 0 0 0 0 0 0 0 0 0 0 0 0 0 0 0 0 0 0 0 0 0 0 0 0 0 0 0 0 0 0 0 0 0 0 0
geno chr22.50868925 ceu  0 1 0 1 0 0 1 0 2 0 0 0 2 1 0 1 0 0 0 1 1 1 2 2 0 1 0 1 0 0 1 1 0 1 1 0 1 0 2 1 1 1 0 0 0 0 1 1 0 1 1 2 0 1 1 1 1 0 1 0 0 0 1 1 0 0 1 1 0 0 0 1 1 0 0 1 0 1
geno chr22.50868925 fin  1 2 0 1 1 1 1 0 0 1 1 2 1 1 1 0 0 0 1 0 1 2 1 1 2 1 1 2 1 1 0 0 1 0 0 1 2 2 2 1 2 1 1 2 2 1 2 0 1 2 1 1 0 1 1 0 1 1 1 0 0 1 1 0 1 0 1 0 0 1 1 0 1 1 1 0 1 0 1 1 0 0 1 1 1 1 0 0 1
geno chr22.50868925 gbr  0 1 1 0 1 0 0 0 1 1 1 0 0 0 0 0 0 0 0 0 1 0 1 0 0 1 0 0 1 1 2 0 1 1 1 0 1 1 0 1 0 0 0 0 0 0 0 1 0 1 1 0 1 0 0 1 1 2 0 0 0 0 1 0 2 0 1 1 0 2 0 1 1 2 1 1 0 1 0 1 2 1 0 0
geno chr22.50868925 tsi  0 2 1 0 1 1 1 1 1 1 0 0 0 2 0 0 0 2 0 0 0 0 0 0 2 1 1 1 0 0 0 0 1 1 2 0 0 0 1 1 1 0 0 0 0 0 0 1 1 0 0 1 1 1 0 1 1 1 0 1 1 0 0 0 0 1 0 0 2 0 0 0 2 0 1 0 1 1 0 0 0 1 1 0 1 1 1 0 1 1 1 1
geno chr22.50868925 yri  1 1 1 0 0 0 2 1 1 1 1 1 0 2 1 0 0 1 0 2 1 2 0 2 1 0 1 1 2 1 0 1 1 0 1 1 1 2 1 0 1 0 2 1 1 1 1 1 0 0 1 1 1 1 1 0 0 0 1 1 0 1 1 1 1 2 1 0 0 1 2 0 1 1 1 1 1
geno chr22.50869915 ceu  0 1 0 1 0 0 1 0 2 0 0 0 2 1 0 1 0 0 0 1 1 1 2 2 0 1 0 1 0 0 1 1 0 1 1 0 1 1 2 1 1 1 0 0 0 0 1 1 0 1 1 2 0 1 1 1 1 0 1 0 0 0 1 1 0 0 0 1 0 0 0 1 1 0 0 1 1 1
geno chr22.50869915 fin  1 2 0 1 1 1 1 0 0 1 1 2 1 1 1 0 0 0 1 0 1 2 1 1 2 1 1 2 1 1 0 0 1 0 0 1 2 2 2 1 2 1 1 2 2 1 2 0 1 2 1 1 0 1 1 0 1 1 1 0 0 1 1 0 1 0 1 0 0 1 1 0 1 1 1 0 1 0 1 1 0 0 1 1 1 1 0 0 1
geno chr22.50869915 gbr  0 1 1 0 1 0 0 0 1 1 1 0 0 0 0 0 0 0 0 0 1 0 1 0 0 1 0 0 1 1 2 0 1 1 1 0 1 1 0 1 0 0 0 0 0 1 0 1 1 1 1 0 1 0 0 1 1 2 1 0 0 0 1 0 2 0 1 1 0 2 0 1 1 2 1 1 0 1 0 1 2 1 0 0
geno chr22.50869915 tsi  0 2 1 0 1 1 1 1 1 1 0 0 0 2 0 0 0 2 1 0 0 0 0 0 2 1 1 2 0 0 0 0 1 1 2 0 0 0 1 1 0 0 0 0 0 0 0 1 1 0 0 1 1 1 0 1 1 1 0 1 1 0 0 0 0 1 1 0 2 0 0 0 2 0 1 0 1 1 0 1 0 1 1 0 1 1 1 0 1 1 1 1
geno chr22.50869915 yri  1 1 1 0 0 0 2 0 1 1 1 1 0 1 1 0 0 1 0 1 0 1 0 1 0 0 0 1 2 1 0 0 1 0 1 0 0 1 0 0 0 0 1 1 1 0 0 0 0 0 0 1 1 0 0 0 0 0 1 1 0 1 0 0 0 1 0 0 2 0 0 0 1 0 0 1 0
geno chr22.50870222 ceu  0 0 0 0 0 0 0 0 0 0 0 0 0 0 0 0 0 0 0 0 0 0 0 0 0 0 0 0 0 0 0 0 0 0 0 0 0 0 0 0 0 0 0 0 0 0 0 0 0 0 0 0 0 0 0 0 0 0 0 0 0 0 0 0 0 0 0 0 0 0 0 0 0 0 0 0 0 0
geno chr22.50870222 fin  0 0 0 0 0 0 0 0 0 0 0 0 0 0 0 0 0 0 0 0 0 0 0 0 0 0 0 0 0 0 0 0 0 0 0 0 0 0 0 0 0 0 0 0 0 0 0 0 0 0 0 0 0 0 0 0 0 0 0 0 0 0 0 0 0 0 0 0 0 0 0 0 0 0 0 0 0 0 0 0 0 0 0 0 0 0 0 0 0
geno chr22.50870222 gbr  0 0 0 0 0 0 0 0 0 0 0 0 0 0 0 0 0 0 0 0 0 0 0 0 0 0 0 0 0 0 0 0 0 0 0 0 0 0 0 0 0 0 0 0 0 0 0 0 0 0 0 0 0 0 0 0 0 0 0 0 0 0 0 0 0 0 0 0 0 0 0 0 0 0 0 0 0 0 0 0 0 0 0 0
geno chr22.50870222 tsi  0 0 0 0 0 0 0 0 0 0 0 0 0 0 0 0 0 0 0 0 0 0 0 0 0 0 0 0 0 0 0 0 0 0 0 0 0 0 0 0 0 0 0 0 0 0 0 0 0 0 0 0 0 0 0 0 0 0 0 0 0 0 0 0 0 0 0 0 0 0 0 0 0 0 0 0 0 0 0 0 0 0 0 0 0 0 0 0 0 0 0 0
geno chr22.50870222 yri  0 0 0 0 0 0 0 1 0 0 0 0 0 1 0 0 0 0 0 1 1 1 0 1 1 0 1 0 0 0 0 1 0 0 0 1 1 1 1 0 1 0 1 0 0 1 1 1 0 0 1 0 0 1 1 0 0 0 0 0 0 0 1 1 1 1 1 0 0 1 2 0 0 1 1 0 1
geno chr22.50870546 ceu  0 0 1 1 0 0 0 0 0 0 0 0 0 0 0 0 1 0 0 0 0 0 0 0 0 1 1 0 1 0 0 0 0 0 0 0 0 0 0 0 0 0 0 0 0 0 0 0 0 0 0 0 0 0 0 0 0 0 0 1 0 1 0 0 0 0 1 0 1 0 0 0 0 0 2 0 0 0
geno chr22.50870546 fin  0 0 0 0 0 0 0 0 0 0 1 0 0 0 0 0 0 0 0 0 0 0 1 0 0 0 0 0 1 0 0 0 0 0 0 0 0 0 0 1 0 0 0 0 0 0 0 0 0 0 0 0 0 0 1 0 0 0 0 0 1 1 0 1 0 1 0 0 1 0 0 0 0 0 0 1 0 1 0 0 0 0 0 0 0 0 1 0 0
geno chr22.50870546 gbr  1 0 0 0 0 1 0 0 0 0 0 0 0 1 0 0 0 0 0 0 0 0 0 2 0 0 0 0 1 0 0 1 0 1 1 0 0 0 0 0 0 0 0 1 0 0 0 0 0 0 0 0 0 0 0 1 0 0 0 0 0 1 0 0 0 0 0 0 0 0 0 0 1 0 0 0 0 1 0 0 0 0 0 2
geno chr22.50870546 tsi  0 0 0 0 0 0 0 1 0 0 0 1 0 0 0 0 0 0 0 0 1 0 0 1 0 0 0 0 0 0 0 0 0 0 0 0 0 0 0 0 1 0 0 0 1 1 0 0 0 0 0 0 1 0 0 0 0 0 0 0 0 0 0 0 0 0 0 0 0 0 0 0 0 0 0 0 0 0 1 0 0 1 0 0 0 0 0 0 0 0 0 0
geno chr22.50870546 yri  0 0 0 0 0 0 0 0 0 0 0 0 0 0 0 0 0 0 0 0 0 0 0 0 0 0 0 0 0 0 0 0 0 0 0 0 0 0 0 0 0 0 0 0 0 0 0 0 0 0 0 0 0 0 0 0 0 0 0 0 0 0 0 0 0 0 0 0 0 0 0 0 0 0 0 0 0
geno chr22.50870620 ceu  0 1 0 1 0 0 1 0 2 0 0 0 2 1 0 1 0 0 0 1 1 1 2 2 0 1 0 1 0 0 1 1 0 1 1 0 1 0 2 1 1 1 0 0 0 0 1 1 0 1 1 2 0 1 1 1 1 0 1 0 0 0 1 1 0 0 0 1 0 0 0 1 1 0 0 1 0 1
geno chr22.50870620 fin  1 2 0 1 1 1 1 0 0 1 1 2 1 1 1 0 0 0 1 0 1 2 1 1 2 1 1 2 1 1 0 0 1 0 0 1 2 2 2 1 2 1 1 2 2 1 2 0 1 2 1 1 0 1 1 0 1 1 1 0 0 1 1 0 1 0 1 0 0 1 1 0 1 1 1 0 1 0 1 1 0 0 1 1 1 1 0 0 1
geno chr22.50870620 gbr  0 1 1 0 1 0 0 0 1 1 1 0 0 0 0 0 0 0 0 0 1 0 1 0 0 1 0 0 1 1 2 0 1 1 1 0 1 1 0 1 0 0 0 0 0 0 0 1 0 1 1 0 1 0 0 1 1 2 0 0 0 0 1 0 2 0 1 1 0 2 0 1 1 2 1 1 0 1 0 1 2 1 0 0
geno chr22.50870620 tsi  0 2 1 0 1 1 1 1 1 1 0 0 0 2 0 0 0 2 0 0 0 0 0 0 2 1 1 1 0 0 0 0 1 1 2 0 0 0 1 1 0 0 0 0 0 0 0 1 1 0 0 1 1 1 0 1 1 1 0 1 1 0 0 0 0 1 0 0 2 0 0 0 2 0 1 0 1 1 0 1 0 1 1 0 1 1 1 0 1 1 1 1
geno chr22.50870620 yri  1 1 1 0 0 0 2 0 1 1 1 1 0 1 1 0 0 1 0 1 0 1 0 1 0 0 0 1 2 1 0 0 1 0 1 0 0 1 0 0 0 0 1 1 1 0 0 0 0 0 0 1 1 0 0 0 0 0 1 1 0 1 0 0 0 1 0 0 0 0 0 0 1 0 0 1 0
geno chr22.50871249 ceu  0 0 0 0 0 0 0 0 0 0 0 0 0 0 0 0 0 0 0 0 0 0 1 1 0 0 0 0 0 0 0 1 0 0 0 0 1 0 1 0 0 0 0 0 0 0 0 1 0 0 0 1 0 1 0 0 1 0 0 0 0 0 0 1 0 0 0 0 0 0 0 0 1 0 0 0 0 0
geno chr22.50871249 fin  1 0 0 0 0 1 1 0 0 1 0 1 1 1 0 0 0 0 0 0 0 1 0 0 1 0 1 0 1 1 0 0 0 0 0 0 1 0 0 0 1 0 0 1 1 0 0 0 1 1 0 1 0 0 0 0 0 0 1 0 0 1 0 0 0 0 1 0 0 1 1 0 1 0 0 0 0 0 0 0 0 0 0 1 0 0 0 0 0
geno chr22.50871249 gbr  0 1 1 0 0 0 0 0 0 1 0 0 0 0 0 0 0 0 0 0 1 0 0 0 0 0 0 0 0 0 0 0 0 1 0 0 1 0 0 1 0 0 0 0 0 0 0 0 0 0 0 0 0 0 0 1 1 0 0 0 0 0 0 0 0 0 1 1 0 1 0 0 0 0 1 1 0 0 0 0 0 1 0 0
geno chr22.50871249 tsi  0 2 0 0 1 1 0 1 0 1 0 0 0 1 0 0 0 2 0 0 0 0 0 0 0 0 0 0 0 0 0 0 0 1 0 0 0 0 0 0 0 0 0 0 0 0 0 0 1 0 0 0 0 1 0 1 0 0 0 0 1 0 0 0 0 0 0 0 1 0 0 0 0 0 1 0 0 1 0 1 0 0 1 0 0 1 0 0 0 0 0 1
geno chr22.50871249 yri  0 0 0 0 0 0 0 0 0 0 0 0 0 0 0 0 0 0 0 0 0 0 0 0 0 0 0 0 0 0 0 0 0 0 0 0 0 0 0 0 0 0 0 0 0 0 0 0 0 0 0 0 0 0 0 0 0 0 0 0 0 0 0 0 0 0 0 0 0 0 0 0 0 0 0 0 0
geno chr22.50871492 ceu  0 1 0 1 0 0 1 0 2 0 0 0 2 1 0 1 0 1 0 1 1 1 2 2 0 1 0 1 0 0 1 1 0 1 1 0 1 0 2 1 1 1 0 0 0 0 1 1 0 1 1 2 0 1 1 1 1 0 1 0 0 0 1 1 1 0 0 1 0 0 0 1 1 0 0 1 0 1
geno chr22.50871492 fin  1 2 0 2 1 1 1 0 0 1 1 2 1 1 1 0 0 0 1 0 1 2 1 1 2 1 1 2 1 1 0 0 1 0 0 1 2 2 2 1 2 1 1 2 2 1 2 0 1 2 1 1 0 1 1 0 1 1 1 0 0 1 1 0 1 0 1 0 0 1 1 0 1 1 1 0 1 0 1 1 0 0 1 1 1 1 0 0 1
geno chr22.50871492 gbr  0 1 1 0 1 0 0 0 1 1 1 0 0 0 0 0 0 1 0 0 1 0 1 0 0 1 0 0 1 1 2 0 1 1 1 0 1 1 0 1 0 0 0 0 0 0 0 1 0 1 1 0 1 0 0 1 1 2 0 0 0 0 1 0 2 1 1 1 0 2 0 1 1 2 1 1 0 1 0 1 2 1 0 0
geno chr22.50871492 tsi  0 2 1 0 1 1 1 1 1 1 1 0 0 2 0 0 0 2 0 0 0 0 0 0 2 1 1 1 0 0 1 0 1 1 2 0 0 0 1 1 0 0 0 0 0 0 0 1 1 1 0 1 1 1 0 1 1 1 0 1 1 0 0 0 0 1 0 0 2 0 0 0 2 0 1 0 1 2 0 1 0 1 1 0 1 1 2 1 1 1 1 1
geno chr22.50871492 yri  1 1 1 0 0 0 2 1 1 1 1 1 0 2 1 0 0 1 0 2 1 2 0 2 1 0 1 1 2 1 0 1 1 0 1 1 1 2 1 0 1 0 2 1 1 1 1 1 0 0 1 2 1 1 1 0 0 0 1 1 0 1 1 1 1 2 1 0 0 1 2 0 1 1 1 1 1
geno chr22.50871772 ceu  0 0 0 0 0 1 0 0 0 0 0 0 0 0 0 1 0 0 0 0 0 0 0 0 0 0 0 1 1 0 0 1 1 1 0 1 1 0 1 0 0 1 0 0 0 0 0 0 0 0 0 0 1 0 0 0 0 1 0 0 0 0 0 0 0 0 0 0 0 0 0 0 1 0 0 0 1 0
geno chr22.50871772 fin  1 0 1 0 0 1 0 1 0 0 0 0 0 0 0 0 0 0 0 0 0 0 0 1 0 0 0 0 0 0 1 0 0 0 1 1 0 0 0 0 0 0 1 0 1 0 0 0 0 0 1 0 0 0 0 0 0 0 0 0 0 1 0 0 0 0 0 1 0 1 0 0 0 0 0 0 1 0 0 0 1 0 0 0 2 1 1 0 0
geno chr22.50871772 gbr  0 0 1 0 0 0 0 0 0 1 0 0 0 0 0 1 0 0 1 0 0 1 0 0 0 0 1 0 0 1 0 0 0 0 0 0 0 0 0 1 1 0 0 0 0 0 0 0 0 0 0 1 1 0 0 0 0 0 0 0 0 0 0 1 0 0 1 0 0 0 0 1 0 0 1 0 0 0 1 0 0 0 0 0
geno chr22.50871772 tsi  0 0 0 0 1 1 0 0 0 0 0 0 0 0 1 0 0 0 0 0 1 0 2 0 0 1 0 0 0 0 0 0 0 1 0 1 1 0 0 0 0 0 0 0 0 0 0 0 0 0 0 1 0 1 1 0 0 0 1 1 0 0 0 0 0 0 0 0 0 0 1 1 0 0 0 1 0 0 1 0 1 0 0 1 1 0 0 0 0 0 0 0
geno chr22.50871772 yri  0 0 0 0 0 0 0 0 0 0 0 0 0 0 0 0 0 0 0 0 0 0 0 0 0 0 0 0 0 0 0 0 0 0 0 0 0 0 0 0 0 0 0 0 0 0 0 0 0 0 0 1 0 0 0 0 0 0 0 0 0 0 0 0 0 0 0 0 0 0 1 0 0 0 0 0 1
geno chr22.50871795 ceu  0 0 1 1 0 2 0 0 0 0 0 2 0 0 0 0 2 1 0 1 0 0 0 0 0 1 2 0 1 1 0 1 2 1 0 1 1 1 0 0 0 1 0 0 2 1 0 1 0 0 0 0 2 0 0 0 0 1 0 1 0 1 0 0 0 0 2 0 1 1 0 0 1 0 1 1 1 0
geno chr22.50871795 fin  1 1 1 0 0 0 0 1 2 1 1 0 0 0 0 0 1 0 1 1 1 0 1 0 0 0 0 1 1 0 2 1 0 1 1 1 0 1 0 1 0 0 0 1 0 0 1 0 0 0 1 0 1 0 1 1 1 1 0 1 1 1 0 2 2 0 1 0 1 0 0 1 1 0 0 1 1 1 1 0 1 0 0 0 1 0 1 0 0
geno chr22.50871795 gbr  1 0 0 0 0 1 1 0 1 0 0 0 0 1 0 0 0 0 0 0 1 1 0 1 1 1 1 2 1 1 0 1 0 1 0 0 1 1 1 1 2 1 1 1 1 0 0 0 0 0 1 0 1 2 1 1 1 0 0 0 0 1 0 2 0 0 0 0 0 0 1 1 1 0 1 0 1 1 2 1 0 0 0 2
geno chr22.50871795 tsi  0 0 1 0 1 1 0 1 0 0 1 1 2 0 2 2 0 0 0 1 1 0 2 2 0 1 0 0 1 0 1 1 0 1 0 2 2 0 1 1 2 1 1 1 1 1 1 1 0 0 1 0 1 0 2 0 1 1 1 1 0 0 0 1 2 0 1 2 0 1 1 2 0 1 1 1 1 0 1 0 1 1 0 1 1 0 0 0 0 1 0 0
geno chr22.50871795 yri  0 0 0 0 1 1 0 0 0 0 0 0 0 0 0 1 0 0 0 0 0 0 0 0 0 0 0 0 0 0 1 0 0 1 0 0 0 0 1 0 0 0 0 0 1 0 0 1 0 1 0 0 0 0 0 0 0 1 0 0 0 1 0 0 0 0 0 0 0 1 0 1 0 0 1 1 0
geno chr22.50871930 ceu  0 0 1 1 0 0 0 0 0 0 0 0 0 0 0 0 1 0 0 0 0 0 1 0 0 1 1 0 1 1 0 0 0 0 0 0 0 0 0 0 0 0 0 0 0 0 1 0 0 1 0 1 0 0 0 0 0 0 0 0 0 1 0 0 0 0 1 1 1 0 0 0 0 1 2 0 0 0
geno chr22.50871930 fin  0 0 1 0 0 1 0 0 0 0 1 0 0 1 1 0 0 0 0 0 0 0 2 0 1 0 0 0 1 0 0 0 0 0 0 0 0 1 0 1 1 0 0 0 1 1 0 0 1 0 0 0 0 0 1 0 0 0 0 0 1 2 0 0 0 1 1 0 1 1 0 0 1 0 0 1 0 1 0 0 0 0 0 0 0 0 1 0 0
geno chr22.50871930 gbr  0 0 0 0 0 1 0 0 0 0 0 0 0 1 0 0 0 0 0 0 0 0 0 2 0 1 0 0 1 0 0 1 0 1 1 0 0 0 0 0 0 0 0 1 0 0 0 0 0 0 0 0 0 0 0 1 0 0 0 0 0 1 0 0 0 0 0 0 0 1 1 0 1 0 0 0 0 1 0 0 0 0 0 2
geno chr22.50871930 tsi  0 0 0 0 0 0 0 1 0 0 0 1 1 0 0 0 0 0 0 0 1 0 0 1 0 0 0 0 0 0 0 0 0 0 0 0 0 0 0 0 1 0 0 0 1 1 0 0 0 0 0 0 1 0 0 0 0 0 0 0 0 0 0 0 0 1 0 0 1 1 0 0 0 0 0 0 0 0 1 0 0 2 0 0 0 0 0 0 0 0 0 0
geno chr22.50871930 yri  1 0 0 0 0 0 1 0 0 0 2 0 0 0 0 0 0 0 0 0 0 1 0 1 1 0 0 0 0 0 0 1 0 0 0 0 0 0 0 0 0 0 0 0 0 0 0 0 0 0 0 0 1 0 0 0 0 0 1 0 0 0 0 0 1 0 0 0 0 0 0 0 0 0 0 0 0
geno chr22.50872179 ceu  1 1 0 0 0 2 0 0 0 1 0 1 2 1 1 1 0 2 0 1 0 0 1 1 0 0 0 0 1 1 1 2 1 1 0 1 1 0 1 0 1 2 0 0 0 1 1 1 0 1 0 1 1 1 1 0 1 1 0 0 0 0 0 1 1 0 2 1 1 0 0 0 2 0 1 1 1 0
geno chr22.50872179 fin  2 0 2 1 0 1 0 0 2 1 0 1 1 1 0 0 1 1 1 1 1 1 1 1 1 1 1 0 2 1 2 0 1 0 1 2 1 0 1 2 2 0 0 0 1 0 0 1 0 1 1 1 1 0 1 0 1 1 2 0 0 1 1 0 1 1 1 0 1 1 2 0 1 2 0 0 2 1 1 0 1 0 0 1 1 0 2 0 1
geno chr22.50872179 gbr  1 1 1 0 0 0 0 0 1 2 1 0 0 1 0 0 0 0 0 0 0 1 0 2 1 1 1 1 0 2 1 1 0 1 2 0 1 1 1 2 1 1 1 0 0 0 0 0 0 0 1 0 1 2 1 1 1 1 0 0 0 2 1 2 0 1 1 1 0 1 0 1 2 1 2 0 1 1 1 1 0 1 1 1
geno chr22.50872179 tsi  0 2 1 1 1 2 0 1 1 1 1 0 0 1 2 2 0 1 0 1 1 0 2 1 0 2 0 1 1 0 1 1 0 1 0 2 1 0 1 0 2 0 1 1 0 0 0 0 0 1 1 0 2 1 2 1 1 0 0 1 1 0 0 1 0 1 0 1 1 1 1 1 2 0 2 0 0 1 2 1 1 2 1 1 1 2 1 2 0 0 0 1
geno chr22.50872179 yri  0 0 0 0 1 0 0 1 1 1 1 0 0 1 1 2 1 1 0 1 1 0 1 1 1 0 1 1 0 0 1 1 1 1 0 1 0 1 2 1 1 0 0 0 1 2 1 2 0 2 2 2 0 1 1 0 0 1 0 0 0 1 0 0 2 0 1 1 2 2 2 2 0 2 2 2 1
geno chr22.50873081 ceu  0 0 0 0 0 0 0 0 0 0 0 0 0 0 0 1 0 0 0 0 0 0 1 1 0 0 0 0 0 0 0 0 0 0 0 0 0 0 0 0 0 0 0 0 0 0 0 0 0 0 0 1 0 0 0 0 1 0 0 0 0 0 0 0 0 0 0 0 0 0 0 0 1 0 0 0 0 0
geno chr22.50873081 fin  1 0 0 0 0 0 1 0 0 0 0 0 0 0 0 0 0 0 0 0 0 1 0 0 1 0 1 0 0 0 0 0 0 0 0 0 1 1 1 0 0 0 0 2 0 0 1 0 1 1 0 1 0 0 0 0 0 0 0 0 0 0 0 0 0 0 0 0 0 0 1 0 0 0 0 0 0 0 0 0 0 0 0 0 0 0 0 0 0
geno chr22.50873081 gbr  0 1 0 0 1 0 0 0 0 0 0 0 0 0 0 0 0 0 0 0 1 0 0 0 0 1 0 0 0 1 1 0 0 0 0 0 0 0 0 0 0 0 0 0 0 0 0 0 0 1 0 0 0 0 0 1 1 0 0 0 0 0 0 0 0 0 0 0 0 2 0 0 1 0 1 0 0 0 0 0 0 0 0 0
geno chr22.50873081 tsi  0 0 0 0 0 0 0 0 0 0 0 0 0 1 0 0 0 0 0 0 0 0 0 0 0 0 0 0 0 0 0 0 0 0 0 0 0 0 0 0 0 0 0 0 0 0 0 0 0 0 0 0 0 1 0 0 0 0 0 0 0 0 0 0 0 0 0 0 1 0 0 0 0 0 1 0 0 1 0 1 0 1 0 0 0 1 0 0 0 0 0 0
geno chr22.50873081 yri  0 0 0 0 0 0 0 0 0 0 0 1 0 0 1 0 0 0 1 0 0 0 0 0 0 0 0 0 1 0 0 0 0 0 0 0 0 1 0 0 0 0 0 0 0 0 0 0 0 0 0 0 0 0 0 0 0 0 0 1 0 0 0 0 0 1 0 0 0 0 0 0 1 0 0 0 0
geno chr22.50873101 ceu  0 0 0 0 0 0 1 0 0 0 0 0 1 0 1 0 0 0 0 0 0 0 2 0 0 1 0 0 0 0 0 0 0 0 1 0 0 0 1 1 1 1 1 0 0 0 0 0 0 1 0 1 0 1 0 0 1 0 0 0 1 0 0 0 0 0 0 0 0 0 0 0 1 0 0 0 0 0
geno chr22.50873101 fin  0 0 1 1 0 1 0 0 0 1 0 1 0 0 0 0 0 0 0 0 0 1 0 0 1 0 1 2 0 0 0 0 0 0 0 0 1 2 2 1 1 0 0 1 1 0 1 0 1 2 1 1 0 0 0 0 1 1 0 0 0 1 0 0 1 0 0 0 0 1 0 0 0 0 0 0 0 0 0 0 0 0 0 0 0 0 0 0 0
geno chr22.50873101 gbr  0 1 1 0 0 0 0 0 0 1 0 1 0 0 0 0 0 0 0 0 1 1 1 0 0 1 0 0 0 1 2 0 0 0 0 0 0 0 1 0 0 0 0 0 0 0 0 0 0 1 1 1 0 0 0 1 1 0 0 0 0 0 0 0 1 0 1 1 0 0 1 1 0 1 0 0 0 0 1 0 0 1 0 0
geno chr22.50873101 tsi  0 0 1 0 0 1 1 0 0 0 0 0 1 1 0 0 0 1 0 0 1 0 0 0 2 1 0 0 0 0 0 0 0 0 1 0 0 0 1 0 0 0 0 0 0 0 0 1 1 0 0 0 1 0 0 0 0 0 0 0 0 0 0 0 0 1 0 0 0 0 0 0 1 0 0 0 0 1 0 0 0 1 0 0 1 0 0 0 0 0 0 0
geno chr22.50873101 yri  0 0 0 0 0 0 1 1 1 0 0 0 0 1 0 0 0 0 0 0 0 1 0 0 0 0 1 0 1 1 0 0 0 0 0 1 0 0 0 0 0 0 0 0 0 0 1 1 0 0 0 0 0 0 0 0 0 0 2 1 0 1 0 0 0 0 0 0 0 0 0 0 0 0 0 0 0
geno chr22.50873106 ceu  0 1 0 0 0 0 0 0 0 0 0 0 0 0 0 0 0 0 0 0 0 0 1 0 0 0 0 0 0 0 1 0 0 0 0 0 0 0 0 0 1 0 0 0 0 0 0 0 0 0 0 1 0 0 0 0 0 0 0 0 0 0 0 0 0 0 0 0 0 0 0 0 1 0 0 0 0 0
geno chr22.50873106 fin  0 0 0 0 0 0 1 0 0 0 0 0 0 0 0 0 0 0 0 0 0 2 0 0 1 0 1 0 0 0 0 0 0 0 0 0 1 0 1 1 0 0 0 0 0 0 0 0 0 1 0 0 0 0 0 0 1 0 0 0 0 0 1 0 0 1 0 0 0 0 0 0 0 0 0 0 0 0 0 0 0 0 0 0 0 0 0 0 0
geno chr22.50873106 gbr  0 0 0 0 0 0 0 0 0 0 0 0 0 0 0 0 0 0 0 0 0 0 0 0 0 0 1 0 0 1 1 0 0 0 0 0 0 0 0 0 0 0 0 0 0 0 0 0 0 1 0 0 0 0 0 0 0 0 0 0 0 0 0 0 0 0 0 0 0 0 1 0 1 0 1 0 0 0 0 0 0 0 0 0
geno chr22.50873106 tsi  0 0 0 0 0 0 0 0 0 0 0 0 0 0 0 0 0 0 0 0 0 0 0 0 0 0 0 0 0 0 1 0 0 0 0 0 0 0 0 0 0 0 0 0 0 0 0 0 0 1 0 0 0 0 0 0 0 0 0 0 0 0 0 0 0 0 0 0 0 0 0 0 0 0 0 0 1 1 0 0 0 0 0 0 0 0 0 0 0 0 0 0
geno chr22.50873106 yri  0 1 0 0 0 0 1 1 0 0 0 0 0 1 0 0 0 0 0 1 0 1 0 0 0 0 1 0 0 0 1 0 0 0 0 0 0 2 0 0 0 1 0 0 0 1 1 0 0 0 0 0 0 0 0 0 0 0 0 0 0 1 0 1 0 1 0 0 0 0 0 0 0 1 0 0 0
geno chr22.50873262 ceu  0 0 0 0 0 0 0 0 0 0 0 0 0 0 0 0 0 0 0 0 0 0 0 0 0 0 0 0 0 0 0 0 0 0 0 0 0 0 0 0 0 0 0 0 0 0 0 0 0 0 0 0 0 0 0 0 0 0 0 0 0 0 0 0 0 0 0 0 0 0 0 0 0 0 0 0 0 0
geno chr22.50873262 fin  0 0 0 0 0 0 0 0 0 0 0 0 0 0 0 0 0 0 0 0 0 0 0 0 0 0 0 0 0 0 0 0 0 0 0 0 0 0 0 0 0 0 0 0 0 0 0 0 0 0 0 0 0 0 0 0 0 0 0 0 0 0 0 0 0 0 0 0 0 0 0 0 0 0 0 0 0 0 0 0 0 0 0 0 0 0 0 0 0
geno chr22.50873262 gbr  0 0 0 0 0 0 0 0 0 0 0 0 0 0 0 0 0 0 0 0 0 0 0 0 0 0 0 0 0 0 0 0 0 0 0 0 0 0 0 0 0 0 0 0 0 0 0 0 0 0 0 0 0 0 0 0 0 0 0 0 0 0 0 0 0 0 0 0 0 0 0 0 0 0 0 0 0 0 0 0 0 0 0 0
geno chr22.50873262 tsi  0 0 0 0 0 0 0 0 0 0 0 0 0 0 0 0 0 0 0 0 0 0 0 0 0 0 0 0 0 0 0 0 0 0 0 0 0 0 0 0 0 0 0 0 0 0 0 0 0 0 0 0 0 0 0 0 0 0 0 0 0 0 0 0 0 0 0 0 0 0 0 0 0 0 0 0 0 0 0 0 0 0 0 0 0 0 0 0 0 0 0 0
geno chr22.50873262 yri  0 0 0 0 0 0 0 0 0 0 0 0 0 1 0 0 0 0 0 1 1 1 0 1 1 0 1 0 0 0 0 1 0 0 0 1 1 1 0 0 1 0 1 0 0 1 1 0 0 0 1 0 0 1 1 0 0 0 0 0 0 0 1 1 1 1 1 0 0 0 2 0 0 1 1 0 1
geno chr22.50873267 ceu  0 0 0 0 0 0 0 0 0 0 0 0 0 0 0 0 0 0 0 0 0 0 0 0 0 0 0 0 0 0 0 0 0 0 0 0 0 0 0 0 0 0 0 0 0 0 0 0 0 0 0 0 0 0 0 0 0 0 0 0 0 0 0 0 0 0 0 0 0 0 0 0 0 0 0 0 0 0
geno chr22.50873267 fin  0 0 0 0 0 0 0 0 0 0 0 0 0 0 0 0 0 0 0 0 0 0 0 0 0 0 0 0 0 0 0 0 0 0 0 0 0 0 0 0 0 0 0 0 0 0 0 0 0 0 0 0 0 0 0 0 0 0 0 0 0 0 0 0 0 0 0 0 0 0 0 0 0 0 0 0 0 0 0 0 0 0 0 0 0 0 0 0 0
geno chr22.50873267 gbr  0 0 0 0 0 0 0 0 0 0 0 0 0 0 0 0 0 0 0 0 0 0 0 0 0 0 0 0 0 0 0 0 0 0 0 0 0 0 0 0 0 0 0 0 0 0 0 0 0 0 0 0 0 0 0 0 0 0 0 0 0 0 0 0 0 0 0 0 0 0 0 0 0 0 0 0 0 0 0 0 0 0 0 0
geno chr22.50873267 tsi  0 0 0 0 0 0 0 0 0 0 0 0 0 0 0 0 0 0 0 0 0 0 0 0 0 0 0 0 0 0 0 0 0 0 0 0 0 0 0 0 0 0 0 0 0 0 0 0 0 0 0 0 0 0 0 0 0 0 0 0 0 0 0 0 0 0 0 0 0 0 0 0 0 0 0 0 0 0 0 0 0 0 0 0 0 0 0 0 0 0 0 0
geno chr22.50873267 yri  0 0 0 0 0 0 0 0 0 0 0 0 0 1 0 0 0 0 0 1 1 1 0 1 1 0 1 0 0 0 0 1 0 0 0 1 1 1 0 0 1 0 1 0 0 1 1 0 0 0 1 1 0 1 1 0 0 0 0 0 0 0 1 1 1 1 1 0 0 0 2 0 0 1 1 0 1
geno chr22.50873497 ceu  0 0 0 0 0 2 0 0 0 0 0 1 0 0 0 0 0 1 0 0 0 0 0 0 0 0 0 0 1 1 0 1 1 1 0 1 0 1 0 0 0 1 0 0 1 1 0 1 0 0 0 0 1 0 0 0 0 1 0 0 0 0 0 0 0 0 0 0 0 1 0 0 1 0 0 1 1 0
geno chr22.50873497 fin  1 0 1 0 0 0 0 1 0 0 0 0 0 0 0 0 1 0 0 1 0 0 0 0 0 0 0 0 0 0 2 0 0 0 1 1 0 0 0 0 0 0 0 0 0 0 0 0 0 0 1 0 0 0 0 0 0 1 0 0 0 0 0 0 0 0 0 0 0 0 0 1 0 0 0 0 1 0 1 0 1 0 0 0 1 0 1 0 0
geno chr22.50873497 gbr  0 0 0 0 0 0 0 0 0 0 0 0 0 0 0 0 0 0 0 0 0 1 0 0 1 0 1 0 0 1 0 0 0 0 0 0 0 1 1 0 2 1 0 0 1 0 0 0 0 0 0 0 1 2 1 0 0 0 0 0 0 1 0 1 0 0 0 0 0 0 1 1 0 0 1 0 1 0 1 1 0 0 0 0
geno chr22.50873497 tsi  0 0 1 0 1 1 0 0 0 0 1 0 1 0 1 1 0 0 0 0 1 0 2 1 0 1 0 0 1 0 0 0 0 0 0 1 2 0 0 0 0 0 1 1 0 0 0 1 0 0 0 0 0 0 1 0 0 0 1 1 0 0 0 1 2 0 0 2 0 0 1 1 0 0 0 1 0 0 1 0 1 0 0 1 1 0 0 0 0 1 0 0
geno chr22.50873497 yri  0 0 0 0 0 0 0 0 0 0 0 0 0 0 0 0 0 0 0 0 0 0 0 0 0 0 0 0 0 0 0 0 0 0 0 0 0 0 0 0 0 0 0 0 0 0 0 0 0 0 0 0 0 0 0 0 0 0 0 0 0 0 0 0 0 0 0 0 0 0 0 0 0 0 0 0 0
geno chr22.50873546 ceu  0 1 0 1 0 0 1 0 2 0 0 0 2 1 0 1 0 1 0 1 1 1 1 1 0 1 0 1 0 0 1 0 0 1 1 0 0 0 1 1 1 1 0 0 0 0 1 0 0 1 1 1 0 0 1 1 0 0 1 0 0 0 1 0 1 0 0 1 0 0 0 1 0 0 0 1 0 1
geno chr22.50873546 fin  0 2 0 2 1 0 0 0 0 0 1 1 0 0 1 0 0 0 1 0 1 1 1 1 1 1 0 2 0 0 0 0 1 0 0 1 1 2 2 1 1 1 1 1 1 1 2 0 0 1 1 0 0 1 1 0 1 1 0 0 0 0 1 0 1 0 0 0 0 0 0 0 0 1 1 0 1 0 1 1 0 0 1 0 1 1 0 0 1
geno chr22.50873546 gbr  0 0 0 0 1 0 0 0 1 0 1 0 0 0 0 0 0 1 0 0 0 0 1 0 0 1 0 0 1 1 2 0 1 0 1 0 0 1 0 0 0 0 0 0 0 0 0 1 0 1 1 0 1 0 0 0 0 2 0 0 0 0 1 0 2 1 0 0 0 1 0 1 1 2 0 0 0 1 0 1 2 0 0 0
geno chr22.50873546 tsi  0 0 1 0 0 0 1 0 1 0 1 0 0 1 0 0 0 0 0 0 0 0 0 0 2 1 1 1 0 0 1 0 1 0 2 0 0 0 1 1 0 0 0 0 0 0 0 1 0 1 0 1 1 0 0 0 1 1 0 1 0 0 0 0 0 1 0 0 1 0 0 0 2 0 0 0 1 1 0 0 0 1 0 0 1 0 2 1 1 1 1 0
geno chr22.50873546 yri  0 1 1 0 0 0 2 0 1 0 1 1 0 0 1 0 0 1 0 1 0 1 0 0 0 0 0 0 2 1 0 0 0 0 1 0 0 1 0 0 0 0 1 1 1 0 0 0 0 0 0 2 1 0 0 0 0 0 1 1 0 1 0 0 0 1 0 0 0 0 0 0 1 0 0 1 0
geno chr22.50873557 ceu  0 1 0 1 0 0 1 0 2 0 0 0 2 1 0 1 0 1 0 1 1 1 1 1 0 1 0 1 0 0 1 0 0 1 1 0 0 0 1 1 1 1 0 0 0 0 1 0 0 1 1 1 0 0 1 1 0 0 1 0 0 0 1 0 1 0 0 1 0 0 0 1 0 0 0 1 0 1
geno chr22.50873557 fin  0 2 0 2 1 0 0 0 0 0 1 1 0 0 1 0 0 0 1 0 1 1 1 1 1 1 0 2 0 0 0 0 1 0 0 1 1 2 2 1 1 1 1 1 1 1 2 0 0 1 1 0 0 1 1 0 1 1 0 0 0 0 1 0 1 0 0 0 0 0 0 0 0 1 1 0 1 0 1 1 0 0 1 0 1 1 0 0 1
geno chr22.50873557 gbr  0 0 0 0 1 0 0 0 1 0 1 0 0 0 0 0 0 1 0 0 0 0 1 0 0 1 0 0 1 1 2 0 1 0 1 0 0 1 0 0 0 0 0 0 0 0 0 1 0 1 1 0 1 0 0 0 0 2 0 0 0 0 1 0 2 1 0 0 0 1 0 1 1 2 0 0 0 1 0 1 2 0 0 0
geno chr22.50873557 tsi  0 0 1 0 0 0 1 0 1 0 1 0 0 1 0 0 0 0 0 0 0 0 0 0 2 1 1 1 0 0 1 0 1 0 2 0 0 0 1 1 0 0 0 0 0 0 0 1 0 1 0 1 1 0 0 0 1 1 0 1 0 0 0 0 0 1 0 0 1 0 0 0 2 0 0 0 1 1 0 0 0 1 0 0 1 0 2 1 1 1 1 0
geno chr22.50873557 yri  0 1 1 0 0 0 2 0 1 0 1 1 0 0 1 0 0 1 0 1 0 1 0 0 0 0 0 0 2 1 0 0 0 0 1 0 0 1 0 0 0 0 1 1 1 0 0 0 0 0 0 2 1 0 0 0 0 0 1 1 0 1 0 0 0 1 0 0 0 0 0 0 1 0 0 1 0
geno chr22.50873561 ceu  0 1 0 1 0 0 1 0 2 0 0 0 2 1 0 1 0 1 0 1 1 1 1 1 0 1 0 1 0 0 1 0 0 1 1 0 0 0 1 1 1 1 0 0 0 0 1 0 0 1 1 1 0 0 1 1 0 0 1 0 0 0 1 0 1 0 0 1 0 0 0 1 0 0 0 1 0 1
geno chr22.50873561 fin  0 2 0 2 1 0 0 0 0 0 1 1 0 0 1 0 0 0 1 0 1 1 1 1 1 1 0 2 0 0 0 0 1 0 0 1 1 2 2 1 1 1 1 1 1 1 2 0 0 1 1 0 0 1 1 0 1 1 0 0 0 0 1 0 1 0 0 0 0 0 0 0 0 1 1 0 1 0 1 1 0 0 1 0 1 1 0 0 1
geno chr22.50873561 gbr  0 0 0 0 1 0 0 0 1 0 1 0 0 0 0 0 0 1 0 0 0 0 1 0 0 1 0 0 1 1 2 0 1 0 1 0 0 1 0 0 0 0 0 0 0 0 0 1 0 1 1 0 1 0 0 0 0 2 0 0 0 0 1 0 2 1 0 0 0 1 0 1 1 2 0 0 0 1 0 1 2 0 0 0
geno chr22.50873561 tsi  0 0 1 0 0 0 1 0 1 0 1 0 0 1 0 0 0 0 0 0 0 0 0 0 2 1 1 1 0 0 1 0 1 0 2 0 0 0 1 1 0 0 0 0 0 0 0 1 0 1 0 1 1 0 0 0 1 1 0 1 0 0 0 0 0 1 0 0 1 0 0 0 2 0 0 0 1 1 0 0 0 1 0 0 1 0 2 1 1 1 1 0
geno chr22.50873561 yri  0 1 1 0 0 0 2 0 1 0 1 1 0 0 1 0 0 1 0 1 0 1 0 0 0 0 0 0 2 1 0 0 0 0 1 0 0 1 0 0 0 0 1 1 1 0 0 0 0 0 0 2 1 0 0 0 0 0 1 1 0 1 0 0 0 1 0 0 0 0 0 0 1 0 0 1 0
geno chr22.50873618 ceu  0 0 0 0 0 0 0 0 0 0 0 0 0 0 0 0 0 0 0 0 0 0 1 1 0 0 0 0 0 0 0 1 0 0 0 0 1 0 1 0 0 0 0 0 0 0 0 1 0 0 0 1 0 1 0 0 1 0 0 0 0 0 0 1 0 0 0 0 0 0 0 0 1 0 0 0 0 0
geno chr22.50873618 fin  1 0 0 0 0 1 1 0 0 1 0 1 1 1 0 0 0 0 0 0 0 1 0 0 1 0 1 0 1 1 0 0 0 0 0 0 1 0 0 0 1 0 0 1 1 0 0 0 1 1 0 1 0 0 0 0 0 0 1 0 0 1 0 0 0 0 1 0 0 1 1 0 1 0 0 0 0 0 0 0 0 0 0 1 0 0 0 0 0
geno chr22.50873618 gbr  0 1 1 0 0 0 0 0 0 1 0 0 0 0 0 0 0 0 0 0 1 0 0 0 0 0 0 0 0 0 0 0 0 1 0 0 1 0 0 1 0 0 0 0 0 0 0 0 0 0 0 0 0 0 0 1 1 0 0 0 0 0 0 0 0 0 1 1 0 1 0 0 0 0 1 1 0 0 0 0 0 1 0 0
geno chr22.50873618 tsi  0 2 0 0 1 1 0 1 0 1 0 0 0 1 0 0 0 2 0 0 0 0 0 0 0 0 0 0 0 0 0 0 0 1 0 0 0 0 0 0 0 0 0 0 0 0 0 0 1 0 0 0 0 1 0 1 0 0 0 0 1 0 0 0 0 0 0 0 1 0 0 0 0 0 1 0 0 1 0 1 0 0 1 0 0 1 0 0 0 0 0 1
geno chr22.50873618 yri  0 0 0 0 0 0 0 0 0 0 0 0 0 0 0 0 0 0 0 0 0 0 0 0 0 0 0 0 0 0 0 0 0 0 0 0 0 0 0 0 0 0 0 0 0 0 0 0 0 0 0 0 0 0 0 0 0 0 0 0 0 0 0 0 0 0 0 0 0 0 0 0 0 0 0 0 0
geno chr22.50873644 ceu  0 1 0 1 0 0 1 0 2 0 0 0 2 1 0 1 0 0 0 1 1 1 1 1 0 1 0 1 0 0 1 0 0 1 1 0 0 0 1 1 1 1 0 0 0 0 1 0 0 1 1 1 0 0 1 1 0 0 1 0 0 0 1 0 0 0 0 1 0 0 0 1 0 0 0 1 0 1
geno chr22.50873644 fin  0 2 0 1 1 0 0 0 0 0 1 1 0 0 1 0 0 0 1 0 1 1 1 1 1 1 0 2 0 0 0 0 1 0 0 1 1 2 2 1 1 1 1 1 1 1 2 0 0 1 1 0 0 1 1 0 1 1 0 0 0 0 1 0 1 0 0 0 0 0 0 0 0 1 1 0 1 0 1 1 0 0 1 0 1 1 0 0 1
geno chr22.50873644 gbr  0 0 0 0 1 0 0 0 1 0 1 0 0 0 0 0 0 0 0 0 0 0 1 0 0 1 0 0 1 1 2 0 1 0 1 0 0 1 0 0 0 0 0 0 0 0 0 1 0 1 1 0 1 0 0 0 0 2 0 0 0 0 1 0 2 0 0 0 0 1 0 1 1 2 0 0 0 1 0 1 2 0 0 0
geno chr22.50873644 tsi  0 0 1 0 0 0 1 0 1 0 0 0 0 1 0 0 0 0 0 0 0 0 0 0 2 1 1 1 0 0 0 0 1 0 2 0 0 0 1 1 0 0 0 0 0 0 0 1 0 0 0 1 1 0 0 0 1 1 0 1 0 0 0 0 0 1 0 0 1 0 0 0 2 0 0 0 1 0 0 0 0 1 0 0 1 0 1 0 1 1 1 0
geno chr22.50873644 yri  0 0 1 0 0 0 1 0 1 0 0 1 0 0 0 0 0 0 0 1 0 1 0 0 0 0 0 0 2 1 0 0 0 0 0 0 0 0 0 0 0 0 0 0 0 0 0 0 0 0 0 0 1 0 0 0 0 0 1 1 0 1 0 0 0 0 0 0 0 0 0 0 0 0 0 0 0
geno chr22.50873694 ceu  0 1 0 1 0 0 1 0 2 0 0 0 2 1 0 1 0 1 0 1 1 1 2 2 0 1 0 1 0 0 1 1 0 1 1 0 1 0 2 1 1 1 0 0 0 0 1 1 0 1 1 2 0 1 1 1 1 0 1 0 0 0 1 1 1 0 0 1 0 0 0 1 1 0 0 1 0 1
geno chr22.50873694 fin  1 2 0 2 1 1 1 0 0 1 1 2 1 1 1 0 0 0 1 0 1 2 1 1 2 1 1 2 1 1 0 0 1 0 0 1 2 2 2 1 2 1 1 2 2 1 2 0 1 2 1 1 0 1 1 0 1 1 1 0 0 1 1 0 1 0 1 0 0 1 1 0 1 1 1 0 1 0 1 1 0 0 1 1 1 1 0 0 1
geno chr22.50873694 gbr  0 1 1 0 1 0 0 0 1 1 1 0 0 0 0 0 0 1 0 0 1 0 1 0 0 1 0 0 1 1 2 0 1 1 1 0 1 1 0 1 0 0 0 0 0 0 0 1 0 1 1 0 1 0 0 1 1 2 0 0 0 0 1 0 2 1 1 1 0 2 0 1 1 2 1 1 0 1 0 1 2 1 0 0
geno chr22.50873694 tsi  0 2 1 0 1 1 1 1 1 1 1 0 0 2 0 0 0 2 0 0 0 0 0 0 2 1 1 1 0 0 1 0 1 1 2 0 0 0 1 1 0 0 0 0 0 0 0 1 1 1 0 1 1 1 0 1 1 1 0 1 1 0 0 0 0 1 0 0 2 0 0 0 2 0 1 0 1 2 0 1 0 1 1 0 1 1 2 1 1 1 1 1
geno chr22.50873694 yri  1 1 1 0 0 0 2 1 1 1 1 1 0 2 1 0 0 1 0 2 1 2 0 2 1 0 1 1 2 1 0 1 1 0 1 1 1 2 1 0 1 0 2 1 1 1 1 1 0 0 1 2 1 1 1 0 0 0 1 1 0 1 1 1 1 2 1 0 2 1 2 0 1 1 1 1 1
geno chr22.50873761 ceu  0 1 0 1 0 0 1 0 2 0 0 0 2 1 0 1 0 1 0 1 1 1 2 2 0 1 0 1 0 0 1 1 0 1 1 0 1 1 2 1 1 1 0 0 0 0 1 1 0 1 1 2 0 1 1 1 1 0 1 0 0 0 1 1 1 0 0 1 0 0 0 1 1 0 0 1 1 1
geno chr22.50873761 fin  1 2 0 2 1 1 1 0 0 1 1 2 1 1 1 0 0 0 1 0 1 2 1 1 2 1 1 2 1 1 0 0 1 0 0 1 2 2 2 1 2 1 1 2 2 1 2 0 1 2 1 1 0 1 1 0 1 1 1 0 0 1 1 0 1 0 1 0 0 1 1 0 1 1 1 0 1 0 1 1 0 0 1 1 1 1 0 0 1
geno chr22.50873761 gbr  0 1 1 0 1 0 0 0 1 1 1 0 0 0 0 0 0 1 0 0 1 0 1 0 0 1 0 0 1 1 2 0 1 1 1 0 1 1 0 1 0 0 0 0 0 1 0 1 1 1 1 0 1 0 0 1 1 2 1 0 0 0 1 0 2 1 1 1 0 2 0 1 1 2 1 1 0 1 0 1 2 1 0 0
geno chr22.50873761 tsi  0 2 1 0 1 1 1 1 1 1 1 0 0 2 0 0 0 2 1 0 0 0 0 0 2 1 1 2 0 0 1 0 1 1 2 0 0 0 1 1 0 0 0 0 0 0 0 1 1 1 0 1 1 1 0 1 1 1 0 1 1 0 0 0 0 1 1 0 2 0 0 0 2 0 1 0 1 2 0 1 0 1 1 0 1 1 2 1 1 1 1 1
geno chr22.50873761 yri  1 1 1 0 0 0 2 1 1 1 1 1 0 2 1 0 0 1 0 2 1 2 0 2 1 0 1 1 2 1 0 1 1 0 1 1 1 2 1 0 1 0 2 1 1 1 1 1 0 0 1 2 1 1 1 0 0 0 1 1 0 1 1 1 1 2 1 0 2 1 2 0 1 1 1 1 1
geno chr22.50874352 ceu  0 1 1 2 0 2 1 0 2 0 0 2 2 1 1 1 2 2 0 2 1 1 2 2 0 2 2 1 2 1 1 2 2 2 1 1 2 2 2 1 1 2 0 0 2 1 1 2 0 1 1 2 2 1 1 1 1 1 1 1 0 1 1 1 1 0 2 1 1 1 0 1 2 0 2 2 2 1
geno chr22.50874352 fin  2 2 2 2 1 1 1 1 2 2 2 2 1 1 1 0 1 0 2 1 2 2 2 1 2 1 1 2 2 1 2 1 1 1 1 2 2 2 2 2 2 1 1 2 2 1 2 0 1 2 2 1 1 1 2 1 2 2 1 0 1 2 1 1 2 1 2 0 1 1 1 1 2 1 1 1 2 1 2 1 1 0 1 1 2 1 2 0 1
geno chr22.50874352 gbr  1 1 1 0 1 1 1 0 2 1 1 0 0 1 0 0 0 1 0 0 2 1 1 2 1 1 1 2 2 2 2 1 1 2 2 0 2 2 1 2 2 1 1 1 1 1 0 1 1 1 2 0 2 2 1 2 2 2 1 0 0 2 1 2 2 1 1 1 0 2 1 2 2 2 2 1 1 2 2 2 2 1 0 2
geno chr22.50874352 tsi  0 2 2 0 2 2 1 2 1 1 2 1 2 2 2 2 0 2 1 1 2 0 2 2 2 2 1 2 1 0 2 1 1 2 2 2 2 0 2 2 2 1 1 1 1 1 1 2 1 1 1 1 2 1 2 1 2 2 1 2 1 0 0 1 2 1 2 2 2 2 1 2 2 1 2 1 2 2 2 1 1 2 1 1 2 1 2 1 1 2 1 1
geno chr22.50874352 yri  1 1 1 0 1 1 2 1 2 2 1 1 0 2 1 1 1 1 0 2 1 2 1 2 1 0 1 2 2 1 1 1 2 1 1 1 1 2 2 0 1 0 2 1 2 2 1 2 0 1 2 2 1 1 2 0 0 1 1 1 0 2 1 1 2 2 1 1 0 2 2 2 1 2 2 2 1
geno chr22.50874614 ceu  0 1 1 2 0 2 1 0 2 0 0 2 2 1 1 1 2 2 0 2 1 1 2 2 0 2 2 1 2 1 1 2 2 2 1 1 2 1 2 1 1 2 0 0 2 1 1 2 0 1 1 2 2 1 1 1 1 1 1 1 0 1 1 1 1 0 2 1 1 1 0 1 2 0 2 2 1 1
geno chr22.50874614 fin  2 2 2 2 1 1 1 1 2 2 2 2 1 1 1 0 1 0 2 1 2 2 2 1 2 1 1 2 2 1 2 1 1 1 1 2 2 2 2 2 2 1 1 2 2 1 2 0 1 2 2 1 1 1 2 1 2 2 1 0 1 2 1 1 2 1 2 0 1 1 1 1 2 1 1 1 2 1 2 1 1 0 1 1 2 1 2 0 1
geno chr22.50874614 gbr  1 1 1 0 1 1 1 0 2 1 1 0 0 1 0 0 0 1 0 0 2 1 1 2 1 1 1 2 2 2 2 1 1 2 2 0 2 2 1 2 2 1 1 1 1 0 0 1 0 1 2 0 2 2 1 2 2 2 0 0 0 2 1 2 2 1 1 1 0 2 1 2 2 2 2 1 1 2 2 2 2 1 0 2
geno chr22.50874614 tsi  0 2 2 0 2 2 1 2 1 1 2 1 2 2 2 2 0 2 0 1 2 0 2 2 2 2 1 1 1 0 2 1 1 2 2 2 2 0 2 2 2 1 1 1 1 1 1 2 1 1 1 1 2 1 2 1 2 2 1 2 1 0 0 1 2 1 1 2 2 2 1 2 2 1 2 1 2 2 2 1 1 2 1 1 2 1 2 1 1 2 1 1
geno chr22.50874614 yri  1 1 1 0 1 1 2 1 2 2 1 1 0 2 1 1 1 1 0 2 1 2 1 2 1 0 1 2 2 1 1 1 2 1 1 1 1 2 2 0 1 0 2 1 2 2 1 2 0 1 2 2 1 1 2 0 0 1 1 1 0 2 1 1 2 2 1 1 0 2 2 2 1 2 2 2 1
geno chr22.50874893 ceu  0 0 1 1 0 2 0 0 0 0 0 2 0 0 1 0 2 1 0 1 0 0 0 0 0 1 2 0 2 1 0 1 2 1 0 1 1 1 0 0 0 1 0 0 2 1 0 1 0 0 0 0 2 0 0 0 0 1 0 1 0 1 0 0 0 0 2 0 1 1 0 0 1 0 2 1 1 0
geno chr22.50874893 fin  1 0 2 0 0 0 0 1 2 1 1 0 0 0 0 0 1 0 1 1 1 0 1 0 0 0 0 0 1 0 2 1 0 1 1 1 0 0 0 1 0 0 0 0 0 0 0 0 0 0 1 0 1 0 1 1 1 1 0 0 1 1 0 1 1 1 1 0 1 0 0 1 1 0 0 1 1 1 1 0 1 0 0 0 1 0 2 0 0
geno chr22.50874893 gbr  1 0 0 0 0 1 1 0 1 0 0 0 0 1 0 0 0 0 0 0 1 1 0 2 1 0 1 2 1 1 0 1 0 1 1 0 1 1 1 1 2 1 1 1 1 0 0 0 0 0 1 0 1 2 1 1 1 0 0 0 0 2 0 2 0 0 0 0 0 0 1 1 1 0 1 0 1 1 2 1 0 0 0 2
geno chr22.50874893 tsi  0 0 1 0 1 1 0 1 0 0 1 1 2 0 2 2 0 0 0 1 2 0 2 2 0 1 0 0 1 0 1 1 0 1 0 2 2 0 1 1 2 1 1 1 1 1 1 1 0 0 1 0 1 0 2 0 1 1 1 1 0 0 0 1 2 0 1 2 0 2 1 2 0 1 1 1 1 0 2 0 1 1 0 1 1 0 0 0 0 1 0 0
geno chr22.50874893 yri  0 0 0 0 1 1 0 0 1 1 0 0 0 0 0 1 1 0 0 0 0 0 1 0 0 0 0 1 0 0 1 0 1 1 0 0 0 0 1 0 0 0 0 0 1 1 0 1 0 1 1 0 0 0 1 0 0 1 0 0 0 1 0 0 1 0 0 1 0 1 0 2 0 1 1 1 0
geno chr22.50875745 ceu  0 0 1 1 0 2 0 0 0 0 0 2 0 0 1 0 2 1 0 1 0 0 0 0 0 1 2 0 2 1 0 1 2 1 0 1 1 1 0 0 0 1 0 0 2 1 0 1 0 0 0 0 2 0 0 0 0 1 0 1 0 1 0 0 0 0 2 0 1 1 0 0 1 0 2 1 1 0
geno chr22.50875745 fin  1 0 2 0 0 0 0 1 2 1 1 0 0 0 0 0 1 0 1 1 1 0 1 0 0 0 0 0 1 0 2 1 0 1 1 1 0 0 0 1 0 0 0 0 0 0 0 0 0 0 1 0 1 0 1 1 1 1 0 0 1 1 0 1 1 1 1 0 1 0 0 1 1 0 0 1 1 1 1 0 1 0 0 0 1 0 2 0 0
geno chr22.50875745 gbr  1 0 0 0 0 1 1 0 1 0 0 0 0 1 0 0 0 0 0 0 1 1 0 2 1 0 1 2 1 1 0 1 0 1 1 0 1 1 1 1 2 1 1 1 1 0 0 0 0 0 1 0 1 2 1 1 1 0 0 0 0 2 0 2 0 0 0 0 0 0 1 1 1 0 1 0 1 1 2 1 0 0 0 2
geno chr22.50875745 tsi  0 0 1 0 1 1 0 1 0 0 1 1 2 0 2 2 0 0 0 1 2 0 2 2 0 1 0 0 1 0 1 1 0 1 0 2 2 0 1 1 2 1 1 1 1 1 1 1 0 0 1 0 1 0 2 0 1 1 1 1 0 0 0 1 2 0 1 2 0 2 1 2 0 1 1 1 1 0 2 0 1 1 0 1 1 0 0 0 0 1 0 0
geno chr22.50875745 yri  0 0 0 0 1 1 0 0 1 1 0 0 0 0 0 1 1 0 0 0 0 0 1 0 0 0 0 1 0 0 1 0 1 1 0 0 0 0 1 0 0 0 0 0 1 1 0 1 0 1 1 0 0 0 1 0 0 1 0 0 0 1 0 0 1 0 0 1 0 1 0 2 0 1 1 1 0
