pheno ENSG00000143228 ceu 1.608781 1.267742 1.698987 2.801623 1.258394 2.865607 0.6827706 2.715642 0.436814 3.552026 2.384064 3.541852 3.010585 2.85025 -0.5972358 1.054102 3.093598 0.7915024 3.814931 1.548585 2.736466 3.243388 1.002288 1.136987 2.167522 3.164598 2.880775 1.412244 1.872557 1.000648 2.031904 2.214507 1.536548 1.977296 2.03585 1.233429 0.6788249 0.4557297 3.423596 2.279931 0.2274094 2.776441 2.177093 2.232288 1.03428 2.993517 -0.3860909 1.205645 0.1600459 1.730663 3.601562 1.743201 2.927725 0.9445432 2.026702 1.836989 2.24192 1.619635 1.401693 0.03056649 1.852579 0.866012 3.831322 1.996079 2.233961 2.992181 3.820721 1.097637 0.7708296 1.432059 2.409695 2.839811 1.030922 1.969098 1.488742 1.690407 1.028309 1.988776
pheno ENSG00000143228 fin 0.2998298 -0.6025664 -0.4060286 -3.019222 -2.579055 -0.7122967 -1.397492 -2.066931 -1.645922 -2.493937 -0.02061551 -1.779641 -2.508639 -3.040637 -2.211879 -1.567841 -1.414364 -0.1777072 -2.527208 -2.770207 -2.046466 -2.587626 -1.259375 -1.466042 -2.262875 -0.8415137 -1.713043 -1.681141 -1.14585 -2.287692 -0.7707595 -1.563988 -2.734821 -1.381976 -1.93086 -2.462822 -0.7354914 -2.268972 -1.290389 -1.108718 -1.938152 -1.763822 -3.515171 -1.845348 -1.158794 -1.481602 -3.165165 0.17559 -0.4631718 -1.211261 -0.4873776 -0.693731 -0.4658562 -1.148154 -1.317137 -1.878496 -2.091244 0.2459088 0.6828519 -0.05791591 -1.920324 -2.201077 -0.4585642 -2.205557 -1.580314 -1.049929 -1.312873 -2.044152 -2.168363 -2.363484 -1.817711 -1.511614 -2.350328 -1.845746 -2.234747 -2.480262 -0.8389956 -0.1223217 -1.747627 -0.2746926 -3.402844 -1.875911 -2.132076 -0.1906207 -0.9550866 -1.937718 -2.649587 -0.9350305 -1.80345
pheno ENSG00000143228 gbr 0.9443513 0.7094882 -0.3924435 3.931253 1.289249 2.082753 1.986782 0.5387883 2.902254 2.642397 1.022159 2.428273 2.259974 2.261773 2.175678 1.506386 0.8399795 0.5092985 1.47292 2.038712 1.634265 1.103411 3.050188 1.983 1.728817 2.707066 2.693013 0.639544 3.209694 1.298445 3.558674 0.8258157 3.048363 0.3848491 0.7691671 2.443638 2.059014 1.194282 0.9154671 2.333931 0.7162511 1.403147 1.47 1.223945 2.5975 1.594206 1.938624 1.996885 2.958046 3.806158 2.249486 3.398413 1.953543 0.9091751 1.834353 0.7575986 1.865039 1.249907 1.196084 2.324489 1.244891 1.415505 1.823002 2.172967 0.8932665 0.9587482 2.154303 0.4265787 2.002872 2.866518 2.863541 3.403367 0.9600373 0.9324821 1.996753 3.401188 3.116315 3.638694 0.570359 1.144339 3.36254 2.30254 3.9234 1.317581
pheno ENSG00000143228 tsi 1.047768 1.298729 0.5026753 1.927621 1.65209 0.1543325 2.200793 0.8783501 1.095458 0.7500354 0.9961967 1.967961 1.555349 1.43552 2.03309 2.579526 2.211104 2.979504 3.054755 0.7009242 1.460002 2.565822 2.915708 3.495772 2.063052 3.054934 2.237698 3.083268 1.576555 2.309877 1.607015 3.413666 1.815772 1.698553 2.03481 2.741235 1.194962 1.797302 2.472022 2.02355 1.34305 2.517283 0.03847367 1.969332 2.50295 2.640128 0.7541096 1.214129 1.98616 0.8460494 3.035998 1.136174 2.019845 0.3863684 2.32281 1.48711 -0.1830398 0.8800546 0.3941503 1.881852 0.3686474 1.654754 1.08733 1.464088 1.26868 1.536532 1.904271 3.286484 3.0044 1.742137 0.7279491 1.197511 2.899161 2.491622 1.734018 -0.7803958 2.935304 1.857292 1.239673 2.513773 1.895187 3.906797 1.347408 3.13178 2.291665 2.540189 2.329575 1.970228 0.9533497 1.503368 3.400232 2.04714
pheno ENSG00000143228 yri 2.983776 2.068957 3.19254 1.983681 1.197629 1.544098 2.868522 1.93224 1.730757 2.021529 4.673746 2.438388 2.683883 -0.01420136 3.187785 1.558739 1.241879 1.452062 1.885803 0.6527746 0.3587563 2.17736 1.954577 1.055359 2.324246 1.866808 2.583766 1.327232 1.786973 0.06876084 0.7368178 2.824415 1.639548 0.7856803 2.087311 2.032692 2.310028 1.04351 1.418858 1.426224 2.071453 0.9729738 2.670235 0.8424224 3.19238 2.540172 2.314673 1.945058 1.126811 2.10876 1.111043 1.50519 2.006235 1.700611 1.765986 1.942688 2.819148 1.60825 1.354438 1.490667 2.393006 0.2281586 2.224303 2.262194 2.456169 1.68737 0.2732913 1.304563 2.752068 2.286103 2.95228 2.590445 1.093806 0.631964 3.996324 2.681856 1.254355
geno chr1.163136535 ceu  1 2 1 1 0 2 2 0 1 1 2 1 2 1 1 2 2 1 1 2 1 2 2 0 0 0 2 1 2 1 2 2 2 1 2 1 1 0 2 2 2 2 1 2 1 1 1 1 1 2 2 0 2 0 0 2 1 0 1 1 2 1 1 0 1 1 1 2 0 2 1 1 1 1 2 2 2 1
geno chr1.163136535 fin  0 2 2 2 2 2 2 1 1 2 2 2 2 1 2 2 2 1 2 2 2 1 1 2 1 1 2 2 2 1 2 1 2 1 0 1 2 2 2 2 1 1 1 2 2 2 2 2 1 0 1 1 0 1 2 2 2 2 2 2 1 1 1 2 2 1 2 1 1 1 2 2 2 1 2 1 1 1 2 2 2 0 0 2 2 1 2 2 1
geno chr1.163136535 gbr  2 2 1 1 1 0 0 2 1 1 2 1 2 1 1 0 1 1 1 1 2 1 1 0 1 1 2 2 2 2 1 1 1 2 2 2 0 2 1 1 1 1 1 1 2 1 2 2 0 1 0 1 2 1 1 1 1 1 2 0 2 2 1 0 1 1 1 2 2 1 0 0 2 2 0 0 1 1 2 1 1 2 1 1
geno chr1.163136535 tsi  1 1 1 1 0 1 1 2 2 1 2 2 1 0 1 2 1 0 1 1 2 1 0 1 1 1 0 2 1 2 2 1 1 1 2 2 2 1 2 1 2 1 0 2 1 1 2 1 2 1 2 0 1 1 1 1 2 2 1 1 1 0 1 2 0 0 1 2 2 2 0 2 1 1 2 2 1 2 1 2 1 2 1 2 2 1 1 1 1 2 1 1
geno chr1.163136535 yri  0 0 0 1 0 1 1 1 0 0 0 0 0 0 0 0 0 2 2 0 0 0 1 1 0 0 1 1 0 2 0 0 0 1 0 1 1 0 0 0 0 0 1 0 0 0 0 0 0 0 0 1 1 0 2 0 0 0 1 0 1 0 0 0 0 0 0 0 0 1 0 0 0 0 0 1 0
geno chr1.163136607 ceu  0 0 1 1 0 0 0 0 0 0 0 1 0 0 0 0 0 0 0 0 0 0 0 1 0 1 0 0 0 1 0 0 0 0 0 0 0 0 0 0 0 0 0 0 0 0 0 0 0 0 0 0 0 0 0 0 0 0 0 0 0 0 0 1 0 0 0 0 0 0 0 0 0 1 0 0 0 1
geno chr1.163136607 fin  1 0 0 0 0 0 0 1 1 0 0 0 0 0 0 0 0 0 0 0 0 1 0 0 0 0 0 0 0 0 0 0 0 0 0 0 0 0 0 0 0 0 0 0 0 0 0 0 1 0 0 1 0 0 0 0 0 0 0 0 0 0 1 0 0 0 0 1 0 0 0 0 0 0 0 0 0 0 0 0 0 0 1 0 0 0 0 0 0
geno chr1.163136607 gbr  0 0 0 0 0 2 1 0 0 1 0 0 0 0 0 2 1 0 0 0 0 0 0 0 0 0 0 0 0 0 1 0 0 0 0 0 0 0 1 0 0 1 0 0 0 0 0 0 0 0 0 0 0 0 0 0 1 0 0 0 0 0 0 0 1 0 0 0 0 0 0 0 0 0 0 0 0 0 0 0 0 0 0 0
geno chr1.163136607 tsi  0 0 1 0 0 0 0 0 0 0 0 0 0 0 0 0 0 1 0 0 0 0 1 0 0 0 0 0 1 0 0 0 0 0 0 0 0 0 0 0 0 0 0 0 0 0 0 0 0 0 0 2 0 0 0 0 0 0 1 0 0 0 0 0 0 0 0 0 0 0 0 0 0 0 0 0 0 0 0 0 0 0 0 0 0 0 0 0 0 0 0 0
geno chr1.163136607 yri  0 0 0 0 0 0 0 0 0 0 0 0 0 0 0 0 0 0 0 0 0 0 0 0 0 0 0 0 0 0 0 0 0 0 0 0 0 0 0 0 0 0 0 0 0 0 0 0 0 0 0 0 0 0 0 0 0 0 0 0 0 0 0 0 0 0 0 0 0 0 0 0 0 0 0 0 0
geno chr1.163136741 ceu  0 0 1 0 0 0 0 0 0 0 1 0 0 0 0 0 0 0 0 0 0 2 0 0 0 0 0 0 0 0 0 0 0 0 0 0 0 0 0 0 0 0 0 0 0 0 0 0 0 0 0 0 0 0 0 1 0 0 0 0 0 0 0 0 0 0 0 0 0 0 0 0 0 0 0 0 0 0
geno chr1.163136741 fin  0 0 0 0 0 0 0 1 1 1 0 0 0 0 1 0 0 0 0 0 0 0 0 1 1 0 0 1 0 0 0 0 1 0 0 0 1 0 1 0 0 0 1 1 0 1 1 0 0 0 0 0 0 0 0 0 0 1 0 0 0 0 0 0 0 0 0 0 0 0 0 0 0 0 1 0 0 0 0 0 0 0 0 0 0 0 0 0 0
geno chr1.163136741 gbr  0 0 0 0 0 0 0 0 0 0 0 0 0 0 0 0 0 0 0 1 0 0 0 0 0 0 0 0 1 0 0 0 0 0 0 0 0 1 0 0 0 1 0 0 0 0 0 1 0 0 0 0 0 0 0 0 1 0 0 0 1 0 0 0 1 0 0 0 1 0 0 0 2 0 0 0 0 0 0 0 1 0 0 0
geno chr1.163136741 tsi  0 0 0 0 0 0 1 1 0 0 0 0 1 0 0 0 0 0 0 0 0 0 0 0 0 0 0 0 0 0 0 0 0 0 0 0 0 1 0 0 0 0 0 0 0 0 1 0 1 0 0 0 0 0 0 0 0 0 0 0 0 0 0 0 0 0 0 0 0 0 0 0 0 0 0 1 0 0 0 1 0 0 0 0 0 0 0 0 0 1 0 0
geno chr1.163136741 yri  0 0 0 0 0 0 0 0 0 0 0 0 0 0 0 0 0 0 0 0 0 0 0 0 0 0 0 0 0 0 0 0 0 0 0 0 0 0 0 0 0 0 0 0 0 0 0 0 0 0 0 0 0 0 0 0 0 0 0 0 0 0 0 0 0 0 0 0 0 0 0 0 0 0 0 0 0
geno chr1.163137589 ceu  0 1 1 0 0 2 0 0 0 0 1 1 1 0 0 2 1 0 0 1 0 2 0 0 0 0 1 0 1 0 1 1 0 1 0 0 0 0 1 1 0 0 0 0 1 0 0 0 0 0 0 0 1 0 0 1 0 0 0 0 0 0 0 0 1 0 0 0 0 0 1 0 0 0 0 0 0 0
geno chr1.163137589 fin  0 0 0 0 0 1 0 1 1 2 1 0 0 0 1 0 0 1 0 1 0 0 0 1 1 0 0 1 1 0 2 0 1 0 0 0 1 1 1 0 0 0 1 1 1 1 2 1 0 0 0 0 0 1 0 0 0 1 0 0 1 0 0 0 0 0 0 0 0 0 0 0 0 0 2 0 0 0 0 1 1 0 0 0 1 0 0 1 0
geno chr1.163137589 gbr  0 0 0 0 0 0 0 0 0 0 0 0 0 1 0 0 0 0 0 1 1 0 0 0 0 0 0 0 1 0 0 0 0 0 1 0 0 1 0 0 0 1 0 0 0 0 0 1 0 0 0 1 0 0 0 0 1 0 1 0 2 0 1 0 1 0 0 0 1 0 0 0 2 0 0 0 0 1 0 0 1 0 0 0
geno chr1.163137589 tsi  0 1 1 1 0 1 1 2 0 1 1 0 1 0 0 0 0 0 0 0 0 0 0 0 0 0 0 0 0 0 0 0 0 0 1 0 1 1 0 0 0 0 0 0 0 0 1 1 1 0 1 0 0 1 1 0 2 0 0 0 0 0 1 0 0 0 1 0 1 0 0 0 0 0 0 1 0 0 0 1 0 0 0 0 0 1 0 0 0 1 0 0
geno chr1.163137589 yri  0 0 0 1 0 1 0 0 0 0 0 0 0 0 0 0 0 0 0 0 0 0 0 1 0 0 0 0 0 1 0 0 0 0 0 0 0 0 0 0 0 0 0 0 0 0 0 0 0 0 0 0 0 0 0 0 0 0 0 0 0 0 0 0 0 0 0 0 0 0 0 0 0 0 0 1 0
geno chr1.163137907 ceu  0 0 1 1 0 0 0 0 0 0 0 1 0 0 0 0 0 0 0 0 0 0 0 1 0 1 0 0 0 1 0 0 0 0 0 0 0 0 0 0 0 0 0 0 0 0 1 0 0 0 0 0 0 1 0 0 0 0 0 0 0 0 0 1 0 0 0 0 0 0 0 0 0 1 0 0 0 1
geno chr1.163137907 fin  1 0 0 0 0 0 0 1 1 0 0 0 0 0 0 0 0 0 0 0 0 1 0 0 0 0 0 0 0 1 0 0 0 0 1 0 0 0 0 0 0 0 0 0 0 0 0 0 1 1 1 1 0 0 0 0 0 0 0 0 1 0 1 0 0 1 0 1 0 0 0 0 0 0 0 0 0 0 0 0 0 1 1 0 0 0 0 0 1
geno chr1.163137907 gbr  0 0 0 0 0 2 1 0 0 1 0 0 0 0 1 2 1 0 0 0 0 0 0 0 0 0 0 0 0 0 1 0 0 0 0 0 0 0 1 0 0 1 0 0 0 0 0 0 0 0 0 1 0 0 0 0 1 0 0 0 0 0 1 0 1 0 0 0 0 0 0 0 0 0 0 0 0 0 0 1 0 0 0 1
geno chr1.163137907 tsi  0 0 1 0 1 1 1 0 0 0 0 0 0 0 0 0 0 1 1 0 0 0 1 0 0 0 0 0 1 0 0 0 0 0 0 0 0 1 0 0 0 0 1 0 0 0 0 0 0 0 0 2 0 0 0 0 0 0 1 0 0 0 0 0 0 0 0 0 0 0 0 0 0 0 0 0 0 0 0 0 0 0 0 0 0 0 1 0 0 0 0 0
geno chr1.163137907 yri  2 2 1 1 2 0 1 1 1 2 0 0 2 0 2 0 1 0 0 1 1 1 0 1 1 2 1 1 1 0 1 1 2 1 1 1 1 1 2 1 1 1 1 2 2 1 2 0 2 1 0 1 0 1 0 2 2 2 0 2 1 2 1 1 1 0 0 2 2 0 1 1 0 2 1 1 1
geno chr1.163138501 ceu  1 1 1 1 0 1 2 0 1 1 2 1 2 1 1 1 1 1 1 1 1 1 2 0 0 0 2 1 2 0 1 1 2 1 2 1 1 0 1 2 2 2 0 2 0 1 1 1 1 2 1 0 2 0 0 1 1 0 1 1 2 1 1 0 1 1 1 2 0 2 1 1 1 1 2 2 2 1
geno chr1.163138501 fin  0 2 1 2 2 1 1 1 1 2 2 2 2 1 2 2 2 1 2 1 2 0 1 2 1 1 1 1 1 1 1 1 2 1 0 1 2 1 1 2 1 0 0 2 1 1 2 1 1 0 1 1 0 1 2 2 1 1 2 1 1 1 1 2 2 1 2 1 1 1 2 2 2 1 2 1 1 1 2 2 2 0 0 2 1 1 1 2 1
geno chr1.163138501 gbr  2 2 1 1 1 0 0 2 1 1 1 1 2 1 1 0 1 1 1 1 2 1 1 0 1 1 2 2 2 2 1 1 1 1 1 1 0 2 1 1 1 1 1 0 2 1 1 1 0 1 0 1 2 1 1 1 1 1 2 0 2 2 1 0 1 0 1 2 2 1 0 0 2 1 0 0 1 0 1 0 1 2 1 0
geno chr1.163138501 tsi  1 1 1 2 0 0 1 2 2 1 2 2 1 0 1 1 1 0 1 1 2 1 0 1 1 1 0 2 1 2 2 1 1 1 1 2 1 1 2 1 2 1 0 2 1 1 1 1 1 1 2 0 1 1 1 1 1 2 1 1 1 0 1 2 0 0 1 1 2 2 0 1 1 0 1 1 0 2 1 2 1 2 1 2 2 1 1 1 1 1 1 1
geno chr1.163138501 yri  0 0 0 1 0 1 1 1 1 0 0 2 0 1 0 0 0 2 2 0 0 0 1 1 0 0 1 1 0 2 1 1 0 1 0 1 1 0 0 0 0 0 1 0 0 0 0 0 0 0 0 1 1 0 2 0 0 0 1 0 1 0 0 0 1 0 0 0 0 1 0 0 0 0 0 1 0
geno chr1.163138568 ceu  1 0 0 0 0 0 1 0 0 0 0 0 0 0 0 0 0 0 0 0 1 0 0 0 0 0 0 0 0 0 0 0 0 0 0 0 0 0 0 0 1 0 0 1 0 0 0 0 0 1 0 0 0 0 0 1 0 0 0 0 0 0 0 0 0 0 0 0 0 0 0 1 0 0 0 0 0 0
geno chr1.163138568 fin  0 1 0 0 0 0 0 0 0 0 0 0 0 0 0 0 0 0 0 0 0 0 0 0 0 0 0 0 0 1 0 0 0 0 0 0 0 0 0 1 0 0 0 0 0 0 0 1 0 0 0 0 0 0 0 0 0 0 0 0 0 0 0 0 0 0 1 0 0 0 0 1 0 1 0 0 0 0 0 0 0 0 0 0 0 0 0 1 0
geno chr1.163138568 gbr  0 0 0 0 0 0 0 0 0 0 1 1 0 0 0 0 0 0 0 0 1 1 0 0 0 0 0 0 0 0 0 0 0 0 0 0 0 0 0 0 0 0 0 0 0 0 0 0 0 0 0 0 0 0 0 0 0 0 0 0 0 0 0 0 0 0 0 0 0 0 0 0 0 0 0 0 1 0 0 1 0 0 0 0
geno chr1.163138568 tsi  0 0 0 0 0 0 0 0 0 0 1 0 0 0 0 1 0 0 0 0 1 0 0 0 0 0 0 0 0 1 0 0 0 1 0 0 0 0 0 0 0 0 0 0 0 0 0 0 0 0 0 0 0 0 0 0 0 0 0 0 0 0 0 0 0 0 0 1 0 1 0 1 0 0 1 0 0 1 0 0 0 1 0 0 0 0 0 0 0 0 0 0
geno chr1.163138568 yri  0 0 0 0 0 0 0 0 0 0 0 0 0 0 0 0 0 0 0 0 0 0 0 0 0 0 0 0 0 0 0 0 0 0 0 0 0 0 0 0 0 0 0 0 0 0 0 0 0 0 0 0 0 0 0 0 0 0 0 0 0 0 0 0 0 0 0 0 0 0 0 0 0 0 0 0 0
geno chr1.163138753 ceu  0 0 1 1 0 0 0 0 0 0 0 1 0 0 0 0 0 0 0 0 0 0 0 1 0 1 0 0 0 1 0 0 0 0 0 0 0 0 0 0 0 0 0 0 0 0 1 0 0 0 0 0 0 1 0 0 0 0 0 0 0 0 0 1 0 0 0 0 0 0 0 0 0 1 0 0 0 1
geno chr1.163138753 fin  1 0 0 0 0 0 0 1 1 0 0 0 0 0 0 0 0 0 0 0 0 1 0 0 0 0 0 0 0 1 0 0 0 0 1 0 0 0 0 0 0 0 0 0 0 0 0 0 1 1 1 1 0 0 0 0 0 0 0 0 1 0 1 0 0 1 0 1 0 0 0 0 0 0 0 0 0 0 0 0 0 1 1 0 0 0 0 0 1
geno chr1.163138753 gbr  0 0 0 0 0 2 1 0 0 1 0 0 0 0 1 2 1 0 0 0 0 0 0 0 0 0 0 0 0 0 1 0 0 0 0 0 0 0 1 0 0 1 0 0 0 0 0 0 0 0 0 1 0 0 0 0 1 0 0 0 0 0 1 0 1 0 0 0 0 0 0 0 0 0 0 0 0 0 0 1 0 0 0 1
geno chr1.163138753 tsi  0 0 1 0 1 1 1 0 0 0 0 0 0 0 0 0 0 1 1 0 0 0 1 0 0 0 0 0 1 0 0 0 0 0 0 0 0 1 0 0 0 0 1 0 0 0 0 0 0 0 0 2 0 0 0 0 0 0 1 0 0 0 0 0 0 0 0 0 0 0 0 0 0 0 0 0 0 0 0 0 0 0 0 0 0 0 1 0 0 0 0 0
geno chr1.163138753 yri  2 2 1 1 2 0 1 1 1 2 0 0 2 0 2 0 1 0 0 1 1 1 0 1 1 2 1 1 1 0 1 1 2 1 1 1 1 1 2 1 1 1 1 2 2 1 2 0 2 1 0 1 0 1 0 2 2 2 0 2 1 2 1 1 1 1 0 2 2 0 1 1 0 2 1 1 1
geno chr1.163138922 ceu  0 0 1 1 0 0 0 0 0 0 0 0 0 0 0 0 0 0 0 0 0 0 0 1 0 1 0 0 0 1 0 0 0 0 0 0 0 0 0 0 0 0 0 0 0 0 1 0 0 0 0 0 0 1 0 0 0 0 0 0 0 0 0 1 0 0 0 0 0 0 0 0 0 1 0 0 0 1
geno chr1.163138922 fin  1 0 0 0 0 0 0 1 1 0 0 0 0 0 0 0 0 0 0 0 0 1 0 0 0 0 0 0 0 1 0 0 0 0 1 0 0 0 0 0 0 0 0 0 0 0 0 0 1 1 1 1 0 0 0 0 0 0 0 0 1 0 1 0 0 1 0 0 0 0 0 0 0 0 0 0 0 0 0 0 0 1 1 0 0 0 0 0 1
geno chr1.163138922 gbr  0 0 0 0 0 1 1 0 0 1 0 0 0 0 1 1 1 0 0 0 0 0 0 0 0 0 0 0 0 0 0 0 0 0 0 0 0 0 1 0 0 1 0 0 0 0 0 0 0 0 0 1 0 0 0 0 1 0 0 0 0 0 1 0 1 0 0 0 0 0 0 0 0 0 0 0 0 0 0 1 0 0 0 1
geno chr1.163138922 tsi  0 0 1 0 1 1 1 0 0 0 0 0 0 0 0 0 0 1 1 0 0 0 1 0 0 0 0 0 1 0 0 0 0 0 0 0 0 1 0 0 0 0 1 0 0 0 0 0 0 0 0 2 0 0 0 0 0 0 1 0 0 0 0 0 0 0 0 0 0 0 0 0 0 0 0 0 0 0 0 0 0 0 0 0 0 0 1 0 0 0 0 0
geno chr1.163138922 yri  2 2 1 1 2 0 1 1 1 2 0 0 2 0 2 0 1 0 0 1 1 1 0 1 1 2 1 1 1 0 1 1 2 1 1 1 1 1 2 1 1 1 1 2 2 1 2 0 2 1 0 1 0 1 0 2 2 2 0 2 1 2 1 1 1 1 0 2 2 0 1 1 0 2 1 1 1
geno chr1.163139804 ceu  1 1 0 0 0 0 1 0 0 0 0 0 0 0 0 0 0 0 0 0 1 0 0 0 0 0 0 0 0 0 0 0 0 0 0 0 0 0 0 0 1 0 0 1 0 0 0 0 0 1 0 0 0 0 0 1 0 0 0 0 0 0 0 0 0 0 0 0 0 0 0 1 0 0 0 0 1 0
geno chr1.163139804 fin  0 1 1 0 0 0 0 0 0 0 0 0 0 0 0 1 0 0 0 0 0 0 0 0 0 0 0 0 0 1 0 0 0 0 0 0 0 0 0 1 0 0 0 0 0 0 0 1 0 0 0 0 0 0 0 0 0 0 0 0 0 0 0 0 0 0 1 0 0 0 0 1 0 1 0 0 0 0 0 0 0 0 0 0 0 0 0 1 0
geno chr1.163139804 gbr  1 0 0 0 0 0 0 0 0 0 1 1 0 0 0 0 0 0 0 0 1 1 0 0 0 0 1 0 0 0 0 0 0 1 0 0 0 0 0 0 0 0 0 0 0 0 0 0 0 0 0 0 0 0 0 1 0 0 0 0 0 0 0 0 0 1 1 0 0 0 0 0 0 0 0 0 1 0 0 1 0 1 0 0
geno chr1.163139804 tsi  0 0 0 0 0 0 0 0 0 0 1 0 0 0 0 1 0 0 0 0 1 0 0 0 0 0 0 0 0 1 0 0 0 1 0 0 0 0 0 0 0 0 0 0 1 0 0 0 0 0 0 0 0 0 0 0 0 0 1 0 0 0 0 0 0 0 0 1 0 1 0 1 0 0 1 0 0 1 0 0 0 1 0 0 0 0 0 0 0 0 0 0
geno chr1.163139804 yri  0 0 0 0 0 0 0 0 0 0 0 0 0 0 0 0 0 0 0 0 0 0 0 0 0 0 0 0 0 0 0 0 0 0 0 0 0 0 0 0 0 0 0 0 0 0 0 0 0 0 0 0 0 0 0 0 0 0 0 0 0 0 0 0 0 0 0 0 0 0 0 0 0 0 0 0 0
geno chr1.163139984 ceu  1 2 1 1 0 2 2 0 1 1 2 1 1 0 0 2 2 1 0 1 1 2 2 0 0 0 2 0 2 1 2 2 2 1 2 1 1 0 2 2 2 1 1 2 1 1 1 1 1 2 2 0 2 0 0 2 1 0 0 1 2 1 1 0 1 1 1 2 0 1 1 1 1 1 2 2 2 0
geno chr1.163139984 fin  0 2 2 1 2 2 2 1 1 2 2 2 1 1 1 2 2 1 2 1 2 1 0 2 1 1 2 2 2 1 2 1 2 1 0 0 2 2 2 2 1 1 1 1 2 1 2 2 1 0 1 0 0 1 1 2 1 2 2 2 1 1 1 1 2 0 2 1 1 1 2 2 2 1 2 1 0 1 1 1 2 0 0 2 2 1 2 2 1
geno chr1.163139984 gbr  2 1 1 1 1 0 0 1 1 0 2 1 2 1 0 0 1 1 1 1 2 1 1 0 1 1 2 2 2 1 1 1 1 2 2 1 0 2 1 1 1 1 0 1 2 1 2 2 0 1 0 1 2 1 1 1 1 1 2 0 2 2 1 0 1 1 1 1 1 1 0 0 2 2 0 0 1 1 1 1 1 2 0 1
geno chr1.163139984 tsi  1 1 1 1 0 1 1 2 1 1 2 1 1 0 1 2 0 0 0 1 1 1 0 0 1 1 0 2 1 2 1 0 1 1 1 2 2 1 2 1 2 1 0 2 1 0 2 1 2 1 2 0 1 1 1 0 2 2 1 0 0 0 1 0 0 1 1 2 1 2 0 2 1 1 2 2 1 2 0 1 1 2 1 1 2 1 1 1 1 2 0 1
geno chr1.163139984 yri  0 0 0 1 0 2 0 1 1 0 1 2 0 1 0 2 0 1 1 0 1 0 2 1 1 0 0 1 0 1 1 1 0 1 1 0 1 0 0 0 1 1 1 0 0 0 0 1 0 0 2 1 2 0 2 0 1 0 1 0 1 0 1 0 1 0 2 0 0 1 1 0 0 0 0 1 0
geno chr1.163140159 ceu  1 2 2 2 0 2 2 0 1 1 2 2 1 0 0 2 2 1 0 1 1 2 2 1 0 1 2 0 2 2 2 2 2 1 2 1 1 0 2 2 2 1 1 2 1 1 2 1 1 2 2 0 2 1 0 2 1 0 0 1 2 1 1 1 1 1 1 2 0 1 1 1 1 2 2 2 2 1
geno chr1.163140159 fin  1 2 2 1 2 2 2 2 2 2 2 2 1 1 1 2 2 1 2 1 2 2 0 2 1 1 2 2 2 2 2 1 2 1 1 0 2 2 2 2 1 1 1 1 2 1 2 2 2 1 2 1 0 1 1 2 1 2 2 2 2 1 2 1 2 1 2 2 1 1 2 2 2 1 2 1 0 1 1 1 2 1 1 2 2 1 2 2 2
geno chr1.163140159 gbr  2 1 1 1 1 2 1 1 1 1 2 1 2 1 1 2 2 1 1 1 2 1 1 0 1 1 2 2 2 1 2 1 1 2 2 1 0 2 2 1 1 2 0 1 2 1 2 2 0 1 0 2 2 1 1 1 2 1 2 0 2 2 2 0 2 1 1 1 1 1 0 0 2 2 0 0 1 1 1 2 1 2 0 2
geno chr1.163140159 tsi  1 1 2 1 1 2 2 2 1 1 2 1 1 0 1 2 0 1 1 1 1 1 1 0 1 1 0 2 2 2 1 0 1 1 1 2 2 2 2 1 2 1 1 2 1 0 2 1 2 1 2 2 1 1 1 0 2 2 2 0 0 0 1 0 0 1 1 2 1 2 0 2 1 1 2 2 1 2 0 1 1 2 1 1 2 1 2 1 1 2 0 1
geno chr1.163140159 yri  2 2 1 2 2 2 1 2 2 2 1 2 2 1 2 2 1 1 1 1 2 1 2 2 2 2 1 2 1 1 2 2 2 2 2 1 2 1 2 1 2 2 2 2 2 1 2 1 2 1 1 2 2 1 2 2 2 2 1 2 2 2 2 1 2 1 1 2 2 1 2 1 0 2 1 2 1
geno chr1.163140333 ceu  0 1 1 0 0 2 0 0 0 0 1 1 1 0 0 2 1 0 0 1 0 2 0 0 0 0 1 0 1 0 1 1 0 1 0 0 0 0 1 1 0 0 0 0 1 0 0 0 0 0 0 0 1 0 0 1 0 0 0 0 0 0 0 0 1 0 0 0 0 0 1 0 0 0 0 0 0 0
geno chr1.163140333 fin  0 0 0 0 0 1 0 1 1 2 1 0 0 0 1 0 0 1 0 1 0 0 0 1 1 0 0 1 1 0 2 0 1 0 0 0 1 1 1 0 0 0 1 1 1 1 2 1 0 0 0 0 0 1 0 0 0 1 0 0 1 0 0 0 0 0 0 0 0 0 0 0 0 0 2 0 0 0 0 1 1 0 0 0 1 0 0 1 0
geno chr1.163140333 gbr  0 0 0 0 0 0 0 0 0 0 0 0 0 1 0 0 0 0 0 1 1 0 0 0 0 0 0 0 1 0 0 0 0 0 1 0 0 1 0 0 0 1 0 0 0 0 0 1 0 0 0 1 0 0 0 0 1 0 1 0 2 0 1 0 1 0 0 0 1 0 0 0 2 0 0 0 0 1 0 0 1 0 0 0
geno chr1.163140333 tsi  0 1 1 1 0 1 1 2 0 1 1 0 1 0 0 0 0 0 0 0 0 0 0 0 0 0 0 0 0 0 0 0 0 0 1 0 1 1 0 0 0 0 0 0 0 0 1 1 1 0 1 0 0 1 1 0 2 0 0 0 0 0 1 0 0 0 1 0 1 0 0 0 0 0 0 1 0 0 0 1 0 0 0 0 0 1 0 0 0 1 0 0
geno chr1.163140333 yri  0 0 0 0 0 1 0 0 0 0 0 0 0 0 0 0 0 0 0 0 0 0 0 0 0 0 0 0 0 0 0 0 0 0 0 0 0 0 0 0 0 0 0 0 0 0 0 0 0 0 0 0 0 0 0 0 0 0 0 0 0 0 0 0 0 0 0 0 0 0 0 0 0 0 0 0 0
geno chr1.163140761 ceu  0 1 2 1 0 2 0 0 0 0 1 2 1 0 0 2 1 0 0 1 0 2 0 1 0 1 1 0 1 1 1 1 0 1 0 0 0 0 1 1 0 0 0 0 1 0 1 0 0 0 0 0 1 1 0 1 0 0 0 0 0 0 0 1 1 0 0 0 0 0 1 0 0 1 0 0 0 1
geno chr1.163140761 fin  1 0 0 0 0 1 0 2 2 2 1 0 0 0 1 0 0 1 0 1 0 1 0 1 1 0 0 1 1 1 2 0 1 0 1 0 1 1 1 0 0 0 1 1 1 1 2 1 1 1 1 1 0 1 0 0 0 1 0 0 2 0 1 0 0 1 0 1 0 0 0 0 0 0 2 0 0 0 0 1 1 1 1 0 1 0 0 1 1
geno chr1.163140761 gbr  0 0 0 0 0 2 1 0 0 1 0 0 0 1 1 2 1 0 0 1 1 0 0 0 0 0 0 0 1 0 1 0 0 0 1 0 0 1 1 0 0 2 0 0 0 0 0 1 0 0 0 2 0 0 0 0 2 0 1 0 2 0 2 0 2 0 0 0 1 0 0 0 2 0 0 0 0 1 0 1 1 0 0 1
geno chr1.163140761 tsi  0 1 2 1 1 2 2 2 0 1 1 0 1 0 0 0 0 1 1 0 0 0 1 0 0 0 0 0 1 0 0 0 0 0 1 0 1 2 0 0 0 0 1 0 0 0 1 1 1 0 1 2 0 1 1 0 2 0 1 0 0 0 1 0 0 0 1 0 1 0 0 0 0 0 0 1 0 0 0 1 0 0 0 0 0 1 1 0 0 1 0 0
geno chr1.163140761 yri  2 2 1 2 2 2 1 1 2 2 1 2 2 1 2 2 1 0 0 1 2 1 1 2 2 2 1 1 1 1 2 1 2 1 2 1 1 1 2 1 2 2 1 2 2 1 2 1 2 1 1 1 1 1 0 2 2 2 0 2 1 2 2 1 2 1 1 2 2 0 2 1 0 2 1 2 1
geno chr1.163141491 ceu  0 0 0 1 0 0 1 0 1 1 1 0 0 0 0 0 1 0 0 0 0 0 1 0 0 0 1 0 1 1 1 1 1 0 2 1 1 0 0 1 1 1 1 1 0 1 1 1 1 1 2 0 0 0 0 0 1 0 0 1 2 0 1 0 0 1 1 2 0 1 0 0 1 1 2 2 1 0
geno chr1.163141491 fin  0 1 1 1 1 1 2 0 0 0 1 2 1 1 0 1 2 0 2 0 2 1 0 1 0 1 2 1 1 0 0 1 1 1 0 0 1 0 1 1 1 1 0 0 1 0 0 0 1 0 0 0 0 0 1 2 0 0 1 1 0 1 1 1 2 0 1 1 1 1 2 1 2 0 0 1 0 1 1 0 1 0 0 2 1 1 2 0 1
geno chr1.163141491 gbr  1 1 1 1 1 0 0 1 1 0 1 0 2 0 0 0 1 1 1 0 0 0 1 0 1 1 1 2 0 1 1 1 1 1 1 1 0 1 1 1 1 0 0 0 2 1 2 1 0 1 0 0 2 0 1 0 0 1 1 0 0 2 0 0 0 0 0 1 0 1 0 0 0 2 0 0 0 0 1 0 0 1 0 0
geno chr1.163141491 tsi  1 0 0 0 0 0 0 0 1 0 0 1 0 0 1 1 0 0 0 1 0 1 0 0 1 1 0 2 1 1 0 0 1 0 0 2 1 0 2 1 2 1 0 2 0 0 1 0 1 1 1 0 1 0 0 0 0 2 0 0 0 0 0 0 0 0 0 1 0 1 0 1 1 1 1 1 1 1 0 0 1 1 1 1 1 0 1 1 0 1 0 1
geno chr1.163141491 yri  0 0 0 0 0 0 0 0 0 0 0 0 0 0 0 0 0 0 0 0 0 0 0 0 0 0 0 0 0 0 0 0 0 0 0 0 0 0 0 0 0 0 0 0 0 0 0 0 0 0 0 0 0 0 0 0 0 0 0 0 0 0 0 0 0 0 0 0 0 0 0 0 0 0 0 0 0
geno chr1.163141545 ceu  0 0 1 1 0 0 0 0 0 0 0 1 0 0 0 0 0 0 0 0 0 0 0 1 0 1 0 0 0 1 0 0 0 0 0 0 0 0 0 0 0 0 0 0 0 0 1 0 0 0 0 0 0 1 0 0 0 0 0 0 0 0 0 1 0 0 0 0 0 0 0 0 0 1 0 0 0 1
geno chr1.163141545 fin  1 0 0 0 0 0 0 1 1 0 0 0 0 0 0 0 0 0 0 0 0 1 0 0 0 0 0 0 0 1 0 0 0 0 1 0 0 0 0 0 0 0 0 0 0 0 0 0 1 1 1 1 0 0 0 0 0 0 0 0 1 0 1 0 0 1 0 1 0 0 0 0 0 0 0 0 0 0 0 0 0 1 1 0 0 0 0 0 1
geno chr1.163141545 gbr  0 0 0 0 0 2 1 0 0 1 0 0 0 0 1 2 1 0 0 0 0 0 0 0 0 0 0 0 0 0 1 0 0 0 0 0 0 0 1 0 0 1 0 0 0 0 0 0 0 0 0 1 0 0 0 0 1 0 0 0 0 0 1 0 1 0 0 0 0 0 0 0 0 0 0 0 0 0 0 1 0 0 0 1
geno chr1.163141545 tsi  0 0 1 0 1 1 1 0 0 0 0 0 0 0 0 0 0 1 1 0 0 0 1 0 0 0 0 0 1 0 0 0 0 0 0 0 0 1 0 0 0 0 1 0 0 0 0 0 0 0 0 2 0 0 0 0 0 0 1 0 0 0 0 0 0 0 0 0 0 0 0 0 0 0 0 0 0 0 0 0 0 0 0 0 0 0 1 0 0 0 0 0
geno chr1.163141545 yri  2 2 1 1 2 0 1 1 2 2 0 2 2 1 2 1 1 0 0 1 1 1 0 1 2 2 1 1 1 0 2 2 2 1 2 1 1 1 2 1 1 2 1 2 2 1 2 0 2 1 2 1 1 1 0 2 2 2 0 2 1 2 1 1 2 1 2 2 2 0 1 1 0 2 1 1 1
geno chr1.163141826 ceu  0 0 1 1 0 0 0 0 0 0 0 1 0 0 0 0 0 0 0 0 0 0 0 1 0 1 0 0 0 1 0 0 0 0 0 0 0 0 0 0 0 0 0 0 0 0 1 0 0 0 0 0 0 1 0 0 0 0 0 0 0 0 0 1 0 0 0 0 0 0 0 0 0 1 0 0 0 1
geno chr1.163141826 fin  1 0 0 0 0 0 0 1 1 0 0 0 0 0 0 0 0 0 0 0 0 1 0 0 0 0 0 0 0 0 0 0 0 0 1 0 0 0 0 0 0 0 0 0 0 0 0 0 1 1 1 1 0 0 0 0 0 0 0 0 1 0 1 0 0 1 0 1 0 0 0 0 0 0 0 0 0 0 0 0 0 1 1 0 0 0 0 0 1
geno chr1.163141826 gbr  0 0 0 0 0 2 1 0 0 1 0 0 0 0 1 2 1 0 0 0 0 0 0 0 0 0 0 0 0 0 1 0 0 0 0 0 0 0 1 0 0 1 0 0 0 0 0 0 0 0 0 1 0 0 0 0 1 0 0 0 0 0 1 0 1 0 0 0 0 0 0 0 0 0 0 0 0 0 0 1 0 0 0 1
geno chr1.163141826 tsi  0 0 1 0 1 1 1 0 0 0 0 0 0 0 0 0 0 1 1 0 0 0 1 0 0 0 0 0 1 0 0 0 0 0 0 0 0 1 0 0 0 0 1 0 0 0 0 0 0 0 0 2 0 0 0 0 0 0 1 0 0 0 0 0 0 0 0 0 0 0 0 0 0 0 0 0 0 0 0 0 0 0 0 0 0 0 1 0 0 0 0 0
geno chr1.163141826 yri  2 2 1 1 2 0 1 1 1 2 0 2 2 1 2 1 1 0 0 1 1 1 0 1 2 2 1 1 1 0 1 1 2 1 2 1 1 1 2 0 1 2 1 2 2 1 2 0 2 1 1 1 1 1 0 2 2 2 0 2 1 1 1 1 2 1 1 2 2 0 1 1 0 2 1 1 1
geno chr1.163142168 ceu  0 1 1 1 0 0 1 1 1 0 1 0 0 0 0 0 1 0 0 0 0 0 1 0 0 0 1 0 1 0 1 1 1 0 2 1 0 0 0 1 1 1 1 1 0 0 0 1 1 1 2 0 0 0 0 0 1 0 0 0 1 0 0 0 0 0 1 2 0 1 0 0 1 1 2 0 1 0
geno chr1.163142168 fin  0 1 1 1 1 1 2 0 1 0 1 1 1 1 0 1 2 0 1 0 2 0 0 1 0 1 2 0 0 0 0 0 1 1 0 0 1 0 1 2 0 1 0 0 1 0 0 1 1 0 0 0 0 0 1 1 0 0 1 1 0 1 1 1 2 0 1 1 1 0 1 0 2 0 0 1 1 1 1 0 1 0 0 2 1 2 2 0 0
geno chr1.163142168 gbr  1 1 2 2 1 0 1 1 0 0 1 0 2 0 0 0 1 1 2 0 0 0 1 1 1 1 1 2 0 1 1 2 1 0 1 1 0 1 1 1 1 1 0 0 2 1 2 1 0 0 0 0 2 0 1 0 0 1 1 0 0 2 0 0 0 1 0 1 0 1 0 0 0 2 0 0 1 0 0 0 0 1 0 0
geno chr1.163142168 tsi  1 0 0 0 0 0 0 0 1 0 0 1 2 0 1 1 1 0 0 1 0 1 0 0 1 1 0 1 0 1 0 0 1 2 0 2 0 0 1 1 1 1 0 2 1 0 2 0 2 1 1 0 0 0 0 0 0 2 0 0 0 0 0 0 0 0 0 1 0 1 0 1 1 1 1 1 1 1 0 0 1 1 1 0 0 0 1 1 0 1 0 1
geno chr1.163142168 yri  0 0 0 0 0 1 0 0 0 0 1 0 0 0 0 1 1 0 0 0 1 0 1 0 0 0 0 0 1 0 0 0 0 0 1 0 0 0 0 0 1 0 0 1 0 0 0 1 0 1 0 0 0 0 0 0 0 0 0 0 0 0 1 0 0 0 0 0 1 0 1 0 0 1 0 0 0
geno chr1.163142537 ceu  0 1 2 2 1 0 1 1 0 0 2 1 0 0 0 0 1 0 1 0 1 1 2 1 1 1 0 0 0 1 2 1 0 0 1 2 1 1 0 0 1 0 0 2 1 1 0 1 2 0 1 1 0 0 1 1 1 0 0 0 1 1 2 1 0 0 0 0 0 2 2 2 1 2 2 0 2 1
geno chr1.163142537 fin  1 2 2 1 0 2 2 1 1 0 2 1 1 0 1 2 2 2 1 0 2 0 0 2 0 1 1 1 1 2 0 0 2 1 0 0 1 1 0 1 1 2 0 0 2 0 0 1 2 0 0 1 0 0 1 2 0 0 1 2 1 1 2 1 2 0 2 2 1 1 0 1 2 1 0 1 1 1 1 0 1 0 2 2 1 2 2 0 0
geno chr1.163142537 gbr  2 1 1 1 1 2 1 2 1 1 2 1 1 1 0 2 2 1 2 0 2 2 0 0 1 1 2 2 0 1 2 2 1 2 2 1 1 0 2 1 1 2 0 0 2 0 1 2 1 0 2 0 2 0 1 0 1 0 2 1 2 2 0 1 1 2 2 1 0 1 1 2 0 2 0 2 2 0 0 0 0 1 0 0
geno chr1.163142537 tsi  2 0 1 1 0 1 1 0 2 1 1 0 2 1 0 2 2 1 0 0 1 1 0 0 1 2 1 1 0 1 0 1 0 1 0 2 0 0 1 0 0 1 0 1 1 1 2 2 1 1 1 2 1 0 1 1 0 1 2 1 0 1 0 0 1 0 0 2 1 2 2 2 1 0 1 1 1 1 0 0 1 1 1 0 0 0 0 0 0 1 0 1
geno chr1.163142537 yri  0 0 1 0 0 0 0 0 0 0 0 0 0 0 0 0 0 0 0 0 0 0 0 0 0 0 0 0 0 0 0 0 0 0 0 0 0 0 0 0 0 0 0 0 0 0 0 0 0 0 0 1 0 1 0 0 0 0 0 0 0 0 0 0 0 0 0 0 0 0 0 0 0 0 0 0 0
geno chr1.163142555 ceu  0 1 2 2 1 0 1 1 0 0 1 1 0 0 0 0 1 0 1 0 1 1 2 1 0 1 0 0 0 1 1 1 0 0 0 1 0 0 0 0 1 0 0 2 1 0 0 1 1 0 1 1 0 0 0 1 0 0 0 0 1 1 2 1 0 0 0 0 0 1 0 1 1 2 1 0 2 1
geno chr1.163142555 fin  1 2 2 1 0 2 2 1 1 0 2 1 1 0 1 1 2 0 1 0 2 0 0 2 0 1 1 1 1 2 0 0 2 1 1 0 0 1 0 1 1 1 1 1 1 0 0 1 2 0 0 1 0 0 0 2 0 0 1 2 0 0 2 1 2 1 1 2 1 1 0 1 2 1 1 1 1 1 1 0 1 0 2 2 1 2 2 0 0
geno chr1.163142555 gbr  2 1 1 1 1 2 1 2 1 1 2 0 1 0 0 2 2 0 2 0 2 2 0 0 1 1 2 2 1 1 2 2 1 2 2 1 0 1 2 1 1 2 0 0 2 0 1 1 0 0 0 0 2 0 0 0 2 0 2 0 2 2 0 1 2 2 1 1 1 1 0 1 0 2 0 1 2 0 0 0 0 1 0 0
geno chr1.163142555 tsi  1 0 1 0 0 1 1 0 2 1 1 0 2 1 0 2 1 1 0 0 1 1 1 0 1 2 0 1 0 1 0 0 0 1 0 2 0 0 1 0 0 1 0 1 1 1 2 0 1 1 1 2 0 0 1 0 0 1 2 0 0 1 0 0 1 0 0 2 1 2 0 2 1 0 1 0 0 1 0 0 1 1 1 0 0 0 0 0 0 2 0 0
geno chr1.163142555 yri  0 0 1 0 0 0 0 0 0 0 0 0 0 1 0 1 0 0 0 0 0 0 0 0 0 1 0 0 0 0 0 0 0 0 1 0 0 0 0 0 0 1 0 0 0 0 0 0 0 0 1 1 0 1 0 0 0 0 0 1 0 0 1 0 1 0 2 0 0 0 0 0 0 0 0 0 0
geno chr1.163143028 ceu  1 0 2 0 0 0 0 0 0 0 1 1 1 0 0 0 0 0 0 0 0 0 0 0 0 1 0 0 0 0 0 0 0 0 1 0 1 1 0 0 0 0 0 1 0 0 0 0 0 0 1 0 0 0 0 0 0 0 0 0 0 0 1 0 0 1 0 0 0 0 0 0 0 1 0 0 0 1
geno chr1.163143028 fin  2 1 0 0 0 0 0 1 0 0 0 1 0 0 1 0 0 0 0 0 0 0 0 1 0 0 0 1 0 1 0 0 0 0 0 0 0 0 0 0 0 0 1 1 0 0 0 0 1 0 0 1 0 0 0 0 0 0 0 0 0 0 1 0 0 0 1 1 0 0 0 0 0 0 1 1 0 0 0 0 0 0 1 0 0 0 0 0 0
geno chr1.163143028 gbr  0 1 0 0 1 1 1 0 1 0 1 0 0 0 0 2 1 0 0 0 1 1 0 0 0 0 0 0 1 0 1 0 0 0 0 0 0 1 1 0 1 1 1 0 0 0 0 1 0 0 0 0 0 0 0 0 2 0 0 1 1 0 0 1 1 0 0 0 1 1 0 2 0 0 1 2 0 1 0 0 1 0 0 0
geno chr1.163143028 tsi  0 0 1 0 1 0 1 0 0 0 0 0 0 0 0 0 0 0 0 0 0 0 0 0 0 0 0 0 0 0 0 0 0 0 0 0 0 1 0 0 0 1 0 0 0 0 0 0 0 0 0 2 0 0 1 0 0 0 0 0 0 0 0 0 0 0 0 0 0 1 0 1 0 0 1 0 0 0 0 0 1 0 0 1 0 0 0 0 0 1 0 0
geno chr1.163143028 yri  0 0 0 0 0 0 0 0 0 0 0 0 0 0 0 0 0 0 0 0 0 0 0 0 0 0 0 0 0 0 0 0 0 0 0 0 0 0 0 0 0 0 0 0 0 0 0 0 0 0 0 0 0 0 0 0 0 0 0 0 0 0 0 0 0 0 0 0 0 0 0 0 0 0 0 0 0
geno chr1.163145003 ceu  0 2 0 1 0 1 2 0 0 1 0 0 0 0 1 1 0 0 0 0 0 0 0 1 1 1 0 0 0 0 0 1 0 0 0 1 0 1 1 1 0 1 0 0 1 0 1 0 0 0 1 1 0 1 1 0 1 1 0 0 2 0 0 0 1 1 1 0 0 2 1 0 0 1 0 2 1 0
geno chr1.163145003 fin  0 1 1 2 1 1 2 0 1 1 0 1 2 0 0 2 2 0 2 0 1 0 0 1 0 1 1 1 1 0 1 0 2 1 0 1 0 0 0 2 1 2 0 1 1 1 0 0 1 1 1 0 0 1 0 2 0 0 1 1 1 1 0 1 2 0 0 1 1 1 2 1 2 2 1 1 0 0 0 2 2 0 0 1 0 1 2 0 1
geno chr1.163145003 gbr  0 0 1 0 0 0 0 2 0 1 1 2 0 0 0 0 0 0 0 1 1 0 0 1 1 1 0 2 0 1 1 1 1 1 1 0 0 0 1 1 0 1 1 0 1 0 1 0 0 2 0 2 1 1 0 0 0 0 1 1 0 2 1 0 1 1 1 1 0 1 0 0 0 2 1 0 0 1 2 1 0 0 0 1
geno chr1.163145003 tsi  1 1 1 0 0 0 0 1 1 0 1 1 1 1 1 2 0 0 1 1 0 1 0 1 1 1 0 1 2 0 2 2 1 0 1 0 0 0 1 0 0 0 0 0 1 1 1 0 1 2 1 0 0 0 1 1 2 1 0 0 0 0 0 1 0 0 0 0 0 0 1 0 1 0 0 0 0 0 1 0 0 1 2 0 1 0 1 1 1 1 0 1
geno chr1.163145003 yri  0 0 1 1 0 0 0 0 0 0 0 0 0 0 0 0 0 0 1 0 0 0 0 0 0 0 0 0 0 0 0 0 0 0 0 1 1 1 0 0 0 0 0 2 0 0 1 0 0 0 0 0 0 0 1 0 0 0 0 1 0 0 0 0 0 0 0 0 0 0 1 0 0 1 0 0 0
geno chr1.163145390 ceu  0 2 0 1 0 1 2 0 0 1 0 0 0 0 1 1 0 0 0 0 0 0 0 1 1 1 0 0 0 0 0 1 0 0 0 1 0 1 1 1 0 1 0 0 1 0 1 0 0 0 1 1 0 1 1 0 1 1 0 0 2 0 0 0 1 1 1 0 0 2 1 0 0 1 0 2 1 0
geno chr1.163145390 fin  0 1 1 2 1 1 2 0 1 1 0 1 2 0 0 2 2 0 2 0 1 0 0 1 0 1 1 1 1 0 1 0 2 1 1 1 0 0 0 2 1 2 0 1 1 1 0 0 1 1 1 0 0 1 0 2 0 0 1 1 1 1 0 1 2 1 0 1 1 1 2 1 2 2 1 1 0 0 0 2 2 0 0 1 0 1 2 0 1
geno chr1.163145390 gbr  0 0 1 0 0 0 0 2 0 1 1 2 0 0 0 0 0 0 0 1 1 0 0 1 1 1 0 2 0 1 1 1 1 1 1 0 0 0 1 1 0 1 1 0 1 0 1 0 0 2 0 2 1 1 0 0 0 0 1 1 0 2 1 0 1 1 1 1 0 1 0 0 0 2 1 0 0 1 2 1 0 0 0 1
geno chr1.163145390 tsi  1 1 1 0 0 0 0 1 1 0 1 1 1 1 1 2 0 0 1 1 0 1 0 1 1 1 0 1 2 0 2 2 1 0 1 0 0 0 1 0 0 0 0 0 1 1 1 0 1 2 1 0 0 0 1 1 2 1 0 0 0 0 0 1 0 0 0 0 0 0 1 0 1 0 0 0 0 0 1 0 0 1 2 0 1 0 1 1 1 1 0 1
geno chr1.163145390 yri  0 0 1 1 0 0 0 0 0 1 0 0 0 0 0 0 1 0 1 0 0 0 0 0 0 1 0 0 0 0 0 0 1 0 0 1 1 1 0 0 0 0 1 2 0 0 1 0 0 1 0 0 0 0 1 0 0 0 0 1 0 0 0 0 1 0 0 0 0 0 1 0 0 2 0 0 0
geno chr1.163145664 ceu  0 0 0 1 1 1 0 0 1 0 0 0 0 1 0 0 0 2 1 1 2 1 1 0 1 0 0 1 1 1 0 0 1 1 1 0 1 1 1 1 0 1 1 0 0 0 0 0 0 1 0 0 1 1 0 1 0 1 1 0 0 1 0 1 0 0 1 0 1 0 0 0 1 0 2 0 0 0
geno chr1.163145664 fin  0 0 0 0 0 0 0 1 0 0 0 0 0 1 0 0 0 1 0 0 0 0 2 0 1 0 1 0 0 0 0 0 0 0 1 0 1 1 1 0 1 0 0 0 0 1 0 0 0 1 1 0 1 1 0 0 0 1 1 1 0 0 0 0 0 0 0 0 0 0 0 1 0 0 0 0 0 1 0 0 0 0 0 0 0 0 0 0 1
geno chr1.163145664 gbr  0 1 0 0 1 0 1 0 0 1 0 0 2 1 0 0 1 0 0 0 0 0 0 0 0 1 1 0 1 0 0 0 0 0 0 0 0 0 1 1 1 0 0 2 0 1 0 0 1 0 0 0 0 1 1 0 0 1 0 0 0 0 0 0 0 0 0 0 0 0 0 0 1 0 1 0 0 0 0 0 1 1 0 1
geno chr1.163145664 tsi  0 0 0 1 1 0 0 0 0 1 0 0 1 1 1 0 0 0 0 0 0 0 0 1 0 1 1 0 0 2 0 0 0 0 1 2 1 0 1 2 0 1 1 1 1 1 0 1 0 0 1 0 1 0 0 1 0 1 0 0 1 1 1 0 1 1 1 2 1 0 0 1 0 1 0 1 2 1 1 0 1 0 0 1 1 2 0 1 1 0 1 0
geno chr1.163145664 yri  0 0 1 0 0 0 1 1 0 0 0 2 0 1 0 0 0 0 0 1 0 1 0 1 1 0 1 1 2 1 1 0 0 0 0 0 0 0 1 0 0 0 0 0 0 0 0 0 1 0 0 1 1 1 0 1 1 1 1 0 0 1 1 0 0 1 1 0 0 0 0 0 0 0 0 0 0
geno chr1.163145696 ceu  1 0 0 0 0 0 0 1 0 0 0 1 1 0 1 1 1 0 1 0 0 0 1 0 0 0 1 0 0 1 0 0 0 1 0 0 0 0 0 0 1 0 0 0 0 1 1 1 0 0 0 0 0 0 0 0 0 0 1 2 0 0 0 1 0 0 0 1 0 0 1 1 0 0 0 0 1 0
geno chr1.163145696 fin  1 0 1 0 0 1 0 0 1 1 0 0 0 0 0 0 0 0 0 1 0 1 0 0 1 0 0 0 0 1 1 1 0 0 1 0 1 0 1 0 0 0 0 0 1 0 2 0 0 0 0 1 0 0 1 0 1 1 0 0 1 0 0 0 0 1 1 0 1 0 0 0 0 0 0 0 0 0 0 0 0 0 1 0 1 0 0 0 0
geno chr1.163145696 gbr  0 0 0 1 1 1 0 0 1 0 0 0 0 1 0 0 0 1 1 0 0 1 0 0 1 0 0 0 0 0 0 1 1 1 0 0 0 0 0 0 0 1 0 0 1 0 0 0 0 0 0 0 1 0 0 2 0 0 0 0 0 0 0 0 0 0 0 0 1 0 0 0 1 0 0 1 1 0 0 1 0 1 1 0
geno chr1.163145696 tsi  0 0 0 0 0 1 0 1 1 1 0 0 0 0 0 0 1 1 0 0 2 0 0 0 0 0 0 0 0 0 0 0 1 0 0 0 1 1 0 0 0 0 1 1 0 0 0 1 1 0 0 0 0 1 0 0 0 0 1 2 0 0 1 1 1 0 0 0 0 0 0 0 1 1 1 0 0 0 0 2 1 0 0 1 0 0 1 0 0 0 0 1
geno chr1.163145696 yri  0 0 0 0 2 1 1 0 0 1 2 0 0 1 1 1 1 1 0 1 1 0 0 0 0 1 0 0 0 0 1 1 1 2 0 0 0 1 0 1 0 0 1 0 0 1 0 0 0 1 1 0 0 1 0 1 1 0 0 0 0 0 1 1 1 1 1 0 1 1 0 0 1 0 0 1 1
geno chr1.163146529 ceu  0 0 0 1 1 1 0 0 1 0 0 0 0 1 0 0 0 2 1 1 2 1 1 0 1 0 0 1 1 1 0 0 1 1 1 0 1 1 1 1 0 1 1 0 0 0 0 0 0 1 0 0 1 1 0 1 0 1 1 0 0 1 0 1 0 0 1 0 1 0 0 0 1 0 2 0 0 0
geno chr1.163146529 fin  0 0 0 0 0 0 0 1 0 0 0 0 0 1 0 0 0 1 0 0 0 0 2 0 1 0 1 0 0 0 0 0 0 0 1 0 1 1 1 0 1 0 0 0 0 1 0 0 0 1 1 0 1 1 0 0 0 1 1 1 0 0 0 0 0 0 0 0 0 0 0 1 0 0 0 0 0 1 0 0 0 0 0 0 0 0 0 0 1
geno chr1.163146529 gbr  0 1 0 0 1 0 1 0 0 1 0 0 2 1 0 0 1 0 0 0 0 0 0 0 0 1 1 0 1 0 0 0 0 0 0 0 0 0 1 1 1 0 0 2 0 1 0 0 1 0 0 0 0 1 1 0 0 1 0 0 0 0 0 0 0 0 0 0 0 0 0 0 1 0 1 0 0 0 0 0 1 1 0 1
geno chr1.163146529 tsi  0 0 0 1 1 0 0 0 0 1 0 0 1 1 1 0 0 0 0 0 0 0 0 1 0 1 1 0 0 2 0 0 0 0 1 2 1 0 1 2 0 1 1 1 1 1 0 1 0 0 1 0 1 0 0 1 0 1 0 0 1 1 1 0 1 1 1 2 1 0 0 1 0 1 0 1 2 1 1 0 1 0 0 1 1 2 0 1 1 0 1 0
geno chr1.163146529 yri  0 0 0 0 0 0 0 0 0 0 0 0 0 0 0 0 0 0 0 0 0 0 0 0 0 0 0 0 0 0 0 0 0 0 0 0 0 0 0 0 0 0 0 0 0 0 0 0 0 0 0 0 0 0 0 0 0 0 0 0 0 0 0 0 0 0 0 0 0 0 0 0 0 0 0 0 0
geno chr1.163147143 ceu  1 0 0 0 0 0 0 1 0 0 0 0 0 0 0 0 0 0 1 0 0 0 0 0 0 0 1 0 0 1 0 0 0 1 0 0 0 0 0 0 1 0 0 0 0 1 0 0 0 0 0 0 0 0 0 0 0 0 0 2 0 0 0 0 0 0 0 1 0 0 1 1 0 0 0 0 1 0
geno chr1.163147143 fin  0 0 1 0 0 1 0 0 1 1 0 0 0 0 0 0 0 0 0 1 0 1 0 0 1 0 0 0 0 0 1 1 0 0 0 0 1 0 1 0 0 0 0 0 1 0 2 0 0 0 0 0 0 0 1 0 0 1 0 0 1 0 0 0 0 0 1 0 1 0 0 0 0 0 0 0 0 0 0 0 0 0 1 0 1 0 0 0 0
geno chr1.163147143 gbr  0 0 0 0 0 1 0 0 1 0 0 0 0 1 0 0 0 1 0 0 0 1 0 0 1 0 0 0 0 0 0 1 0 0 0 0 0 0 0 0 0 1 0 0 1 0 0 0 0 0 0 0 1 0 0 1 0 0 0 0 0 0 0 0 0 0 0 0 0 0 0 0 1 0 0 0 1 0 0 1 0 1 0 0
geno chr1.163147143 tsi  0 0 0 0 0 1 0 1 1 1 0 0 0 0 0 0 0 0 0 0 2 0 0 0 0 0 0 0 0 0 0 0 0 0 0 0 1 1 0 0 0 0 1 1 0 0 0 1 1 0 0 0 0 0 0 0 0 0 1 1 0 0 1 0 1 0 0 0 0 0 0 0 1 0 1 0 0 0 0 2 1 0 0 0 0 0 0 0 0 0 0 1
geno chr1.163147143 yri  0 0 0 0 1 1 0 0 0 0 0 0 0 0 0 0 0 1 0 0 0 0 0 0 0 0 0 0 0 0 1 0 0 1 0 0 0 0 0 0 0 0 0 0 0 0 0 0 0 1 1 0 0 1 0 1 1 0 0 0 0 0 1 0 0 1 0 0 0 1 0 0 0 0 0 1 0
geno chr1.163147481 ceu  1 0 2 0 0 0 0 0 0 0 1 1 1 0 0 0 0 0 0 1 0 0 0 1 0 1 0 0 1 0 0 0 0 0 1 0 1 0 0 0 0 0 1 1 1 0 0 0 0 0 1 0 0 0 1 0 0 0 0 0 0 0 1 0 1 1 0 0 0 0 0 0 0 1 0 0 0 1
geno chr1.163147481 fin  1 1 0 0 0 0 0 1 0 0 0 1 0 0 1 0 0 0 0 0 0 0 0 1 0 0 0 1 0 1 0 0 0 0 0 1 0 0 0 0 0 0 2 1 0 0 0 0 1 0 0 1 1 0 1 0 0 0 0 0 0 0 1 0 0 0 1 1 0 1 0 0 0 0 1 1 0 0 0 0 0 1 1 0 0 0 0 0 0
geno chr1.163147481 gbr  0 0 0 0 0 1 1 0 1 0 1 0 0 0 1 2 1 0 0 1 1 1 0 0 0 0 0 0 1 0 1 0 0 0 1 0 1 1 0 0 1 0 0 0 0 0 0 1 0 0 0 0 0 0 0 0 2 0 1 1 2 0 0 1 1 0 0 0 1 0 1 2 0 0 0 1 0 1 0 0 0 0 1 0
geno chr1.163147481 tsi  0 0 1 0 0 0 1 0 0 0 0 0 0 0 0 0 0 0 0 0 0 0 2 0 0 0 0 0 0 0 0 0 0 1 0 0 0 1 0 0 0 0 0 0 0 0 0 0 0 0 0 2 0 0 1 0 0 0 0 0 1 0 0 0 0 0 1 0 0 1 0 1 0 0 1 0 0 0 0 0 0 1 0 0 0 0 0 0 0 1 0 0
geno chr1.163147481 yri  0 0 0 0 0 0 0 0 0 0 0 0 0 0 0 0 0 0 0 0 0 0 0 0 0 0 0 0 0 0 0 0 0 0 0 0 0 0 0 0 0 0 0 0 0 0 0 0 0 0 0 0 0 0 0 0 0 0 0 0 0 0 0 0 0 0 0 0 0 0 0 0 0 0 0 0 0
geno chr1.163147575 ceu  0 2 0 1 0 1 2 0 0 1 0 0 0 0 1 1 0 0 0 0 0 0 0 1 1 1 0 0 0 0 0 1 0 0 0 1 0 1 1 1 0 1 0 0 1 0 1 0 0 0 1 1 0 1 1 0 1 1 0 0 2 0 0 0 1 1 1 0 0 2 1 0 0 1 0 2 1 0
geno chr1.163147575 fin  0 1 1 2 1 1 2 0 1 1 0 1 2 0 0 2 2 0 2 0 1 0 0 1 0 1 1 1 1 0 1 0 2 1 1 1 0 0 0 2 1 2 0 1 1 1 0 0 1 1 1 0 0 1 0 2 0 0 1 1 1 1 0 1 2 1 0 1 1 1 2 1 2 2 1 1 0 0 0 2 2 0 0 1 0 1 2 0 1
geno chr1.163147575 gbr  0 0 1 0 0 0 0 2 0 1 1 2 0 0 0 0 0 0 0 1 1 0 0 1 1 1 0 2 0 1 1 1 1 1 1 0 0 0 1 1 0 1 1 0 1 0 1 0 0 2 0 2 1 1 0 0 0 0 1 1 0 2 1 0 1 1 1 1 0 1 0 0 0 2 1 0 0 1 2 1 0 0 0 1
geno chr1.163147575 tsi  1 1 1 0 0 0 0 1 1 0 1 1 1 1 1 2 0 0 1 1 0 1 0 1 1 1 0 1 2 0 2 2 1 0 1 0 0 0 1 0 0 0 0 0 1 1 1 0 1 2 1 0 0 0 1 1 2 1 0 0 0 0 0 1 0 0 0 0 0 0 1 0 1 0 0 0 0 0 1 0 0 1 2 0 1 0 1 1 1 1 0 1
geno chr1.163147575 yri  0 0 1 1 0 0 0 0 0 1 0 0 0 0 0 0 0 0 1 0 0 0 0 0 0 1 0 0 0 0 0 0 1 0 0 1 1 1 0 0 0 0 0 2 0 0 1 0 0 0 0 0 0 0 1 0 0 0 0 1 0 0 0 0 0 0 0 0 0 0 1 0 0 1 0 0 0
geno chr1.163147616 ceu  1 0 0 0 0 0 0 1 0 0 0 0 0 0 0 0 0 0 1 0 0 0 0 0 0 0 1 0 0 1 0 0 0 1 0 0 0 0 0 0 1 0 0 0 0 1 0 0 0 0 0 0 0 0 0 0 0 0 0 2 0 0 0 0 0 0 0 1 0 0 1 1 0 0 0 0 1 0
geno chr1.163147616 fin  0 0 1 0 0 1 0 0 1 1 0 0 0 0 0 0 0 0 0 1 0 1 0 0 1 0 0 0 0 0 1 1 0 0 0 0 1 0 1 0 0 0 0 0 1 0 2 0 0 0 0 0 0 0 1 0 0 1 0 0 1 0 0 0 0 0 1 0 1 0 0 0 0 0 0 0 0 0 0 0 0 0 1 0 1 0 0 0 0
geno chr1.163147616 gbr  0 0 0 0 0 1 0 0 1 0 0 0 0 1 0 0 0 1 0 0 0 1 0 0 1 0 0 0 0 0 0 1 0 0 0 0 0 0 0 0 0 1 0 0 1 0 0 0 0 0 0 0 1 0 0 1 0 0 0 0 0 0 0 0 0 0 0 0 0 0 0 0 1 0 0 0 1 0 0 1 0 1 0 0
geno chr1.163147616 tsi  0 0 0 0 0 1 0 1 1 1 0 0 0 0 0 0 0 0 0 0 2 0 0 0 0 0 0 0 0 0 0 0 0 0 0 0 1 1 0 0 0 0 1 1 0 0 0 1 1 0 0 0 0 0 0 0 0 0 1 1 0 0 1 0 1 0 0 0 0 0 0 0 1 0 1 0 0 0 0 2 1 0 0 0 0 0 0 0 0 0 0 1
geno chr1.163147616 yri  0 0 0 0 1 1 0 0 0 0 0 0 0 0 0 0 0 1 0 0 0 0 0 0 0 0 0 0 0 0 1 0 0 1 0 0 0 0 0 0 0 0 0 0 0 0 0 0 0 1 1 0 0 1 0 1 1 0 0 0 0 0 1 0 0 1 0 0 0 1 0 0 0 0 0 1 0
geno chr1.163147657 ceu  0 2 0 1 0 1 2 0 0 1 0 0 0 0 1 1 0 0 0 0 0 0 0 1 1 1 0 0 0 0 0 1 0 0 0 1 0 1 1 1 0 1 0 0 1 0 1 0 0 0 1 1 0 1 1 0 1 1 0 0 2 0 0 0 1 1 1 0 0 2 1 0 0 1 0 2 1 0
geno chr1.163147657 fin  0 1 1 2 1 1 2 0 1 1 0 1 2 0 0 2 2 0 2 0 1 0 0 1 0 1 1 1 1 0 1 0 2 1 1 1 0 0 0 2 1 2 0 1 1 1 0 0 1 1 1 0 0 1 0 2 0 0 1 1 1 1 0 1 2 1 0 1 1 1 2 1 2 2 1 1 0 0 0 2 2 0 0 1 0 1 2 0 1
geno chr1.163147657 gbr  0 0 1 0 0 0 0 2 0 1 1 2 0 0 0 0 0 0 0 1 1 0 0 1 1 1 0 2 0 1 1 1 1 1 1 0 0 0 1 1 0 1 1 0 1 0 1 0 0 2 0 2 1 1 0 0 0 0 1 1 0 2 1 0 1 1 1 1 0 1 0 0 0 2 1 0 0 1 2 1 0 0 0 1
geno chr1.163147657 tsi  1 1 1 0 0 0 0 1 1 0 1 1 1 1 1 2 0 0 1 1 0 1 0 1 1 1 0 1 2 0 2 2 1 0 1 0 0 0 1 0 0 0 0 0 1 1 1 0 1 2 1 0 0 0 1 1 2 1 0 0 0 0 0 1 0 0 0 0 0 0 1 0 1 0 0 0 0 0 1 0 0 1 2 0 1 0 1 1 1 1 0 1
geno chr1.163147657 yri  0 0 1 1 0 0 0 0 0 1 0 0 0 0 0 0 1 0 1 0 0 0 0 0 0 1 0 0 0 0 0 0 1 0 0 1 1 1 0 0 0 0 1 2 0 0 1 0 0 1 0 0 0 0 1 0 0 0 0 1 0 0 0 0 1 0 0 0 0 0 1 0 0 2 0 0 0
geno chr1.163148295 ceu  0 0 0 0 0 0 0 0 0 0 0 0 0 0 0 0 0 0 0 0 0 0 0 0 0 0 0 0 0 0 0 0 0 0 0 0 0 0 0 0 0 0 0 0 0 0 0 0 0 0 0 0 0 0 0 0 0 0 0 0 0 0 0 0 0 0 0 0 0 0 0 0 0 0 0 0 0 0
geno chr1.163148295 fin  0 0 0 0 0 0 0 0 0 0 0 0 0 0 0 0 0 0 0 0 0 0 0 0 0 0 0 0 0 0 0 0 0 0 0 0 0 0 0 0 0 0 0 0 0 0 0 0 0 0 0 0 0 0 0 0 0 0 0 0 0 0 0 0 0 0 0 0 0 0 0 0 0 0 0 0 0 0 0 0 0 0 0 0 0 0 0 0 0
geno chr1.163148295 gbr  0 0 0 0 0 0 0 0 0 0 0 0 0 0 0 0 0 0 0 0 0 0 0 0 0 0 0 0 0 0 0 0 1 0 0 0 0 0 0 0 0 0 0 0 0 0 0 0 0 0 0 0 0 0 0 0 0 0 0 0 0 0 0 0 0 0 0 0 0 0 0 0 0 0 0 0 0 0 0 0 0 0 1 0
geno chr1.163148295 tsi  0 0 0 0 0 0 0 0 0 0 0 0 0 0 0 0 0 0 0 0 0 0 0 0 0 0 0 0 0 0 0 0 1 0 0 0 0 0 0 0 0 0 0 0 0 0 0 0 0 0 0 0 0 0 0 0 0 0 0 0 0 0 0 0 0 0 0 0 0 0 0 0 0 0 0 0 0 0 0 0 0 0 0 0 0 0 0 0 0 0 0 0
geno chr1.163148295 yri  0 0 0 0 1 0 1 0 0 1 2 0 0 1 1 1 1 0 0 1 1 0 0 0 0 1 0 0 0 0 0 0 1 1 0 0 0 1 0 1 0 0 0 0 0 1 0 0 0 0 0 0 0 0 0 0 0 0 0 0 0 0 0 1 1 0 1 0 1 0 0 0 1 0 0 0 1
geno chr1.163148728 ceu  0 2 0 1 0 1 2 0 0 1 0 0 0 0 1 1 0 0 0 0 0 0 0 1 1 0 0 0 0 0 0 1 0 0 0 1 0 1 1 1 0 1 0 0 1 0 1 0 0 0 1 1 0 1 1 0 1 1 0 0 2 0 0 0 1 1 1 0 0 2 1 0 0 1 0 2 1 0
geno chr1.163148728 fin  0 1 1 2 1 1 2 0 1 1 0 1 2 0 0 2 2 0 2 0 1 0 0 1 0 1 1 1 1 0 1 0 2 1 1 1 0 0 0 2 1 2 0 1 1 1 0 0 1 1 1 0 0 1 0 2 0 0 1 1 1 0 0 1 2 1 0 1 1 1 2 1 2 2 1 1 0 0 0 1 2 0 0 1 0 1 2 0 1
geno chr1.163148728 gbr  0 0 1 0 0 0 0 2 0 1 1 2 0 0 0 0 0 0 0 1 1 0 0 1 1 1 0 2 0 1 1 1 1 1 1 0 0 0 1 1 0 1 1 0 1 0 1 0 0 2 0 2 1 1 0 0 0 0 1 1 0 2 1 0 1 1 1 1 0 1 0 0 0 2 1 0 0 1 2 1 0 0 0 1
geno chr1.163148728 tsi  1 1 1 0 0 0 0 1 1 0 1 0 1 1 1 2 0 0 1 0 0 1 0 1 1 1 0 1 2 0 2 2 1 0 1 0 0 0 1 0 0 0 0 0 1 1 1 0 1 2 1 0 0 0 1 1 2 1 0 0 0 0 0 1 0 0 0 0 0 0 1 0 1 0 0 0 0 0 1 0 0 1 2 0 1 0 1 1 1 1 0 0
geno chr1.163148728 yri  0 0 1 1 0 0 0 0 0 1 0 0 0 0 0 0 0 0 1 0 0 0 0 0 0 0 0 0 0 0 0 0 0 0 0 1 1 1 0 0 0 1 0 2 0 0 1 0 0 0 0 0 0 0 1 0 0 0 0 1 0 0 0 0 0 0 0 0 0 0 1 0 0 1 0 0 0
geno chr1.163148999 ceu  0 0 0 0 0 0 0 0 0 0 0 1 1 0 1 1 1 0 0 0 0 0 1 0 0 0 0 0 0 0 0 0 0 0 0 0 0 0 0 0 0 0 0 0 0 0 1 1 0 0 0 0 0 0 0 0 0 0 1 0 0 0 0 1 0 0 0 0 0 0 0 0 0 0 0 0 0 0
geno chr1.163148999 fin  1 0 0 0 0 0 0 0 0 0 0 0 0 0 0 0 0 0 0 0 0 0 0 0 0 0 0 0 0 1 0 0 0 0 0 0 0 0 0 0 0 0 0 0 0 0 0 0 0 0 0 1 0 0 0 0 1 0 0 0 0 0 0 0 0 0 0 0 0 0 0 0 0 0 0 0 0 0 0 0 0 0 0 0 0 0 0 0 0
geno chr1.163148999 gbr  0 0 0 1 1 0 0 0 0 0 0 0 0 0 0 0 0 0 1 0 0 0 0 0 0 0 0 0 0 0 0 0 0 1 0 0 0 0 0 0 0 0 0 0 0 0 0 0 0 0 0 0 0 0 0 1 0 0 0 0 0 0 0 0 0 0 0 0 1 0 0 0 0 0 0 1 0 0 0 0 0 0 0 0
geno chr1.163148999 tsi  0 0 0 0 0 0 0 0 0 0 0 0 0 0 0 0 1 1 0 0 0 0 0 0 0 0 0 0 0 0 0 0 0 0 0 0 0 0 0 0 0 0 0 0 0 0 0 0 0 0 0 0 0 1 0 0 0 0 0 1 0 0 0 1 0 0 0 0 0 0 0 0 0 1 0 0 0 0 0 0 0 0 0 1 0 0 0 0 0 0 0 0
geno chr1.163148999 yri  0 0 0 0 0 0 0 0 0 0 0 0 0 0 0 0 0 0 0 0 0 0 0 0 0 0 0 0 0 0 0 1 0 0 0 0 0 0 0 0 0 0 1 0 0 0 0 0 0 0 0 0 0 0 0 0 0 0 0 0 0 0 0 0 0 0 0 0 0 0 0 0 0 0 0 0 0
geno chr1.163149026 ceu  1 0 0 0 0 0 0 1 0 0 0 1 1 0 1 1 1 0 1 0 0 0 1 0 0 0 1 0 0 1 0 0 0 1 0 0 0 0 0 0 1 0 0 0 0 1 1 1 0 0 0 0 0 0 0 0 0 0 1 2 0 0 0 1 0 0 0 1 0 0 1 1 0 0 0 0 1 0
geno chr1.163149026 fin  1 0 1 0 0 1 0 0 1 1 0 0 0 0 0 0 0 0 0 1 0 1 0 0 1 0 0 0 0 1 1 1 0 0 0 0 1 0 1 0 0 0 0 0 1 0 2 0 0 0 0 1 0 0 1 0 1 1 0 0 1 0 0 0 0 0 1 0 1 0 0 0 0 0 0 0 0 0 0 0 0 0 1 0 1 0 0 0 0
geno chr1.163149026 gbr  0 0 0 1 1 1 0 0 1 0 0 0 0 1 0 0 0 1 1 0 0 1 0 0 1 0 0 0 0 0 0 1 1 1 0 0 0 0 0 0 0 1 0 0 1 0 0 0 0 0 0 0 1 0 0 2 0 0 0 0 0 0 0 0 0 0 0 0 1 0 0 0 1 0 0 1 1 0 0 1 0 1 1 0
geno chr1.163149026 tsi  0 0 0 0 0 0 0 1 1 1 0 0 0 0 0 0 1 1 0 0 2 0 0 0 0 0 0 0 0 0 0 0 1 0 0 0 1 1 0 0 0 0 0 1 0 0 0 1 1 0 0 0 0 1 0 0 0 0 1 2 0 0 1 1 1 0 0 0 0 0 0 0 1 1 1 0 0 0 0 2 1 0 0 1 0 0 1 0 0 0 0 1
geno chr1.163149026 yri  0 0 0 0 2 1 1 1 0 1 2 0 1 1 2 1 1 1 0 1 1 0 0 0 0 1 0 0 0 0 1 1 1 2 0 0 0 1 1 1 0 0 1 0 0 1 0 1 0 1 1 0 0 1 0 1 1 0 0 1 0 0 1 1 1 1 1 0 1 1 0 1 1 0 0 1 1
geno chr1.163149312 ceu  1 0 0 0 0 0 0 1 0 0 0 1 1 0 1 1 1 0 1 0 0 0 1 0 0 0 1 0 0 1 0 0 0 1 0 0 0 0 0 0 1 0 0 0 0 1 1 1 0 0 0 0 0 0 0 0 0 0 1 2 0 0 0 1 0 0 0 1 0 0 1 1 0 0 0 0 1 0
geno chr1.163149312 fin  1 0 1 0 0 1 0 0 1 1 0 0 0 0 0 0 0 0 0 1 0 1 0 0 1 0 0 0 0 1 1 1 0 0 0 0 1 0 1 0 0 0 0 0 1 0 2 0 0 0 0 1 0 0 1 0 1 1 0 0 1 0 0 0 0 0 1 0 1 0 0 0 0 0 0 0 0 0 0 0 0 0 1 0 1 0 0 0 0
geno chr1.163149312 gbr  0 0 0 1 1 1 0 0 1 0 0 0 0 1 0 0 0 1 1 0 0 1 0 0 1 0 0 0 0 0 0 1 1 1 0 0 0 0 0 0 0 1 0 0 1 0 0 0 0 0 0 0 1 0 0 2 0 0 0 0 0 0 0 0 0 0 0 0 1 0 0 0 1 0 0 1 1 0 0 1 0 1 1 0
geno chr1.163149312 tsi  0 0 0 0 0 1 0 1 1 1 0 0 0 0 0 0 1 1 0 0 2 0 0 0 0 0 0 0 0 0 0 0 1 0 0 0 1 1 0 0 0 0 1 1 0 0 0 1 1 0 0 0 0 1 0 0 0 0 1 2 0 0 1 1 1 0 0 0 0 0 0 0 1 1 1 0 0 0 0 2 1 0 0 1 0 0 1 0 0 0 0 1
geno chr1.163149312 yri  0 0 0 0 2 1 1 1 0 1 2 0 1 1 2 1 1 1 0 1 1 0 0 0 0 1 0 0 0 0 1 1 1 2 0 0 0 1 1 1 0 0 1 0 0 1 0 1 0 1 1 0 0 1 0 1 1 0 0 1 0 0 1 1 1 1 1 0 1 1 0 1 1 0 0 1 1
geno chr1.163149325 ceu  0 0 0 1 1 1 0 0 1 0 0 0 0 1 0 0 0 2 1 1 2 1 1 0 1 1 0 1 1 1 0 0 1 1 1 0 1 1 1 1 0 1 1 0 0 0 0 0 0 1 0 0 1 1 0 1 0 1 1 0 0 1 0 1 0 0 1 0 1 0 0 0 1 0 2 0 0 0
geno chr1.163149325 fin  0 0 0 0 0 0 0 1 0 0 0 0 0 1 0 0 0 1 0 0 0 0 2 0 1 0 1 0 0 0 0 0 0 0 1 0 1 1 1 0 1 0 0 0 0 1 0 0 0 1 1 0 1 1 0 0 0 1 1 1 0 1 0 0 0 0 0 0 0 0 0 1 0 0 0 0 0 1 0 1 0 0 0 0 0 0 0 0 1
geno chr1.163149325 gbr  0 1 0 0 1 0 1 0 0 1 0 0 2 1 0 0 1 0 0 0 0 0 0 0 0 1 1 0 1 0 0 0 0 0 0 0 0 0 1 1 1 0 0 2 0 1 0 0 1 0 0 0 0 1 1 0 0 1 0 0 0 0 0 0 0 0 0 0 0 0 0 0 1 0 1 0 0 0 0 0 1 1 0 1
geno chr1.163149325 tsi  0 0 0 1 1 0 0 0 0 1 0 1 1 1 1 0 0 0 0 1 0 0 0 1 0 1 1 0 0 2 0 0 0 0 1 2 1 0 1 2 0 1 1 1 1 1 0 1 0 0 1 0 1 0 0 1 0 1 0 0 1 1 1 0 1 1 1 2 1 0 0 1 0 1 0 1 2 1 1 0 1 0 0 1 1 2 0 1 1 0 1 1
geno chr1.163149325 yri  0 0 1 0 0 0 1 1 0 0 0 2 0 1 0 0 0 0 0 1 0 1 0 1 1 0 1 1 2 1 1 0 0 0 0 0 0 0 1 0 0 0 0 0 0 0 0 0 1 0 0 1 1 1 0 1 1 1 1 0 0 1 1 0 0 1 1 0 0 0 0 0 0 0 0 0 0
geno chr1.163149497 ceu  0 0 0 1 1 1 0 0 1 0 0 0 0 1 0 0 0 2 1 1 2 1 1 0 1 1 0 1 1 1 0 0 1 1 1 0 1 1 1 1 0 1 1 0 0 0 0 0 0 1 0 0 1 1 0 1 0 1 1 0 0 1 0 1 0 0 1 0 1 0 0 0 1 0 2 0 0 0
geno chr1.163149497 fin  0 0 0 0 0 0 0 1 0 0 0 0 0 1 0 0 0 1 0 0 0 0 2 0 1 0 1 0 0 0 0 0 0 0 1 0 1 1 1 0 1 0 0 0 0 1 0 0 0 1 1 0 1 1 0 0 0 1 1 1 0 1 0 0 0 0 0 0 0 0 0 1 0 0 0 0 0 1 0 1 0 0 0 0 0 0 0 0 1
geno chr1.163149497 gbr  0 1 0 0 1 0 1 0 0 1 0 0 2 1 0 0 1 0 0 0 0 0 0 0 0 1 1 0 1 0 0 0 0 0 0 0 0 0 1 1 1 0 0 2 0 1 0 0 1 0 0 0 0 1 1 0 0 1 0 0 0 0 0 0 0 0 0 0 0 0 0 0 1 0 1 0 0 0 0 0 1 1 0 1
geno chr1.163149497 tsi  0 0 0 1 1 0 0 0 0 1 0 1 1 1 1 0 0 0 0 1 0 0 0 1 0 1 1 0 0 2 0 0 0 0 1 2 1 0 1 2 0 1 1 1 1 1 0 1 0 0 1 0 1 0 0 1 0 1 0 0 1 1 1 0 1 1 1 2 1 0 0 1 0 1 0 1 2 1 1 0 1 0 0 1 1 2 0 1 1 0 1 1
geno chr1.163149497 yri  0 0 1 0 0 0 1 1 0 0 0 2 0 1 0 0 0 0 0 1 0 1 0 1 1 0 1 1 2 1 1 0 0 0 0 0 0 0 1 0 0 0 0 0 0 0 0 0 1 0 0 1 1 1 0 1 1 1 1 0 0 1 1 0 0 1 1 0 0 0 0 0 0 0 0 0 0
geno chr1.163149809 ceu  1 0 0 0 0 0 0 1 0 0 0 0 0 0 0 0 0 0 1 0 0 0 0 0 0 0 1 0 0 1 0 0 0 1 0 0 0 0 0 0 1 0 0 0 0 1 0 0 0 0 0 0 0 0 0 0 0 0 0 2 0 0 0 0 0 0 0 1 0 0 1 1 0 0 0 0 1 0
geno chr1.163149809 fin  0 0 1 0 0 1 0 0 1 1 0 0 0 0 0 0 0 0 0 1 0 1 0 0 1 0 0 0 0 0 1 1 0 0 0 0 1 0 1 0 0 0 0 0 1 0 2 0 0 0 0 0 0 0 1 0 0 1 0 0 1 0 0 0 0 0 1 0 1 0 0 0 0 0 0 0 0 0 0 0 0 0 1 0 1 0 0 0 0
geno chr1.163149809 gbr  0 0 0 0 0 1 0 0 1 0 0 0 0 1 0 0 0 1 0 0 0 1 0 0 1 0 0 0 0 0 0 1 0 0 0 0 0 0 0 0 0 1 0 0 1 0 0 0 0 0 0 0 1 0 0 1 0 0 0 0 0 0 0 0 0 0 0 0 0 0 0 0 1 0 0 0 1 0 0 1 0 1 0 0
geno chr1.163149809 tsi  0 0 0 0 0 1 0 1 1 1 0 0 0 0 0 0 0 0 0 0 2 0 0 0 0 0 0 0 0 0 0 0 0 0 0 0 1 1 0 0 0 0 1 1 0 0 0 1 1 0 0 0 0 0 0 0 0 0 1 1 0 0 1 0 1 0 0 0 0 0 0 0 1 0 1 0 0 0 0 2 1 0 0 0 0 0 0 0 0 0 0 1
geno chr1.163149809 yri  0 0 0 0 1 1 0 0 0 0 0 0 0 0 0 0 0 1 0 0 0 0 0 0 0 0 0 0 0 0 1 0 0 1 0 0 0 0 0 0 0 0 0 0 0 0 0 0 0 1 1 0 0 1 0 1 1 0 0 0 0 0 1 0 0 1 0 0 0 1 0 0 0 0 0 1 0
geno chr1.163149879 ceu  2 2 2 2 1 2 2 1 2 1 1 2 2 1 2 2 1 2 2 2 2 1 2 2 2 2 1 1 2 2 0 1 1 2 2 1 2 2 2 2 1 2 2 1 2 1 2 1 0 1 2 1 1 2 2 1 2 2 2 2 2 1 1 2 2 2 1 1 1 2 2 1 1 2 2 2 2 1
geno chr1.163149879 fin  2 2 2 2 2 2 2 2 2 2 0 2 2 2 1 2 2 1 2 1 1 1 2 2 2 1 2 2 1 2 2 1 2 1 2 2 2 1 2 2 2 2 2 2 2 2 2 0 2 2 2 2 2 2 2 2 1 2 2 2 2 1 1 1 2 1 2 2 2 2 1 2 2 2 2 2 0 1 0 2 2 1 2 1 1 1 2 0 2
geno chr1.163149879 gbr  0 1 1 1 2 2 2 2 2 2 2 2 2 2 1 2 2 1 1 2 2 2 0 1 2 2 1 2 2 1 2 2 2 2 2 0 1 2 2 2 2 2 1 2 2 1 1 1 1 2 0 2 2 2 1 2 2 1 2 2 2 2 1 1 2 1 1 1 2 1 1 2 2 2 2 2 1 2 2 2 1 2 2 2
geno chr1.163149879 tsi  1 1 2 1 1 1 1 2 2 2 1 1 2 2 2 2 1 1 1 1 2 1 2 2 1 2 1 1 2 2 2 2 2 1 2 2 2 2 2 2 1 1 2 2 2 2 1 2 2 2 2 2 1 1 2 2 2 2 1 2 2 1 2 2 2 1 2 2 1 1 1 2 2 2 2 1 2 1 2 2 2 2 2 2 2 2 2 2 2 2 2 2
geno chr1.163149879 yri  0 0 2 1 2 1 2 2 0 2 2 2 1 2 2 1 2 1 1 2 1 1 0 1 1 2 1 1 2 1 2 1 2 2 0 2 1 2 2 1 0 1 2 2 0 1 1 1 1 2 1 1 1 2 1 2 2 1 1 2 0 1 2 1 2 2 2 0 1 1 1 1 1 2 0 1 1
geno chr1.163150408 ceu  0 0 0 0 1 0 0 1 0 1 1 0 0 1 0 0 1 0 0 0 0 1 0 0 0 0 1 1 0 0 2 1 1 1 0 1 0 0 0 0 1 0 0 1 0 1 0 1 2 1 0 1 1 1 0 1 0 0 0 0 0 1 1 0 0 0 0 1 1 0 0 1 1 0 0 0 0 1
geno chr1.163150408 fin  0 0 0 0 0 0 0 0 0 0 2 0 0 0 1 0 0 1 0 1 1 1 0 0 0 1 0 0 1 0 0 1 0 1 0 0 0 1 0 0 0 0 0 0 0 0 0 2 0 0 0 0 0 0 0 0 1 0 0 0 0 1 1 1 0 1 0 0 0 0 0 0 0 0 0 0 2 1 2 0 0 1 0 1 1 1 0 2 0
geno chr1.163150408 gbr  2 1 1 1 0 0 0 0 0 0 0 0 0 0 1 0 0 1 1 0 0 0 2 1 0 0 1 0 0 1 0 0 0 0 0 2 1 0 0 0 0 0 1 0 0 1 1 1 1 0 2 0 0 0 1 0 0 1 0 0 0 0 0 1 0 1 1 1 0 1 1 0 0 0 0 0 1 0 0 0 1 0 0 0
geno chr1.163150408 tsi  1 1 0 1 1 1 0 0 0 0 1 1 0 0 0 0 1 1 1 1 0 1 0 0 1 0 1 1 0 0 0 0 0 1 0 0 0 0 0 0 1 1 0 0 0 0 1 0 0 0 0 0 1 1 0 0 0 0 1 0 0 1 0 0 0 1 0 0 1 1 1 0 0 0 0 1 0 1 0 0 0 0 0 0 0 0 0 0 0 0 0 0
geno chr1.163150408 yri  1 0 0 0 0 0 0 0 1 0 0 0 1 0 0 0 0 0 0 0 1 0 0 0 0 0 0 0 0 0 0 0 0 0 0 0 0 0 0 0 0 0 0 0 1 0 0 0 0 0 0 0 0 0 0 0 0 0 1 0 0 0 0 0 0 0 0 1 1 0 0 1 0 0 0 0 0
geno chr1.163150508 ceu  0 1 0 0 0 0 0 0 0 0 0 0 0 0 0 0 0 0 0 0 1 0 0 1 1 0 0 0 0 0 0 0 0 0 0 1 0 0 1 0 0 0 0 0 0 0 0 0 0 0 0 0 0 0 0 0 1 0 0 0 0 0 0 0 1 0 0 0 0 0 0 0 0 0 0 0 0 0
geno chr1.163150508 fin  0 0 0 0 0 0 0 0 0 1 0 0 1 0 0 0 0 0 0 0 0 0 0 0 0 0 0 0 0 0 1 0 0 0 0 0 0 0 0 1 0 0 0 0 0 1 0 0 0 0 0 0 0 1 0 1 0 0 0 0 0 0 0 0 0 0 0 1 0 0 0 0 0 0 1 0 0 0 0 0 2 0 0 1 0 1 2 0 0
geno chr1.163150508 gbr  0 0 0 0 0 0 0 0 0 0 0 0 0 0 0 0 0 0 0 0 0 0 0 0 0 1 0 0 0 0 0 0 0 0 0 0 0 0 0 0 0 0 0 0 0 0 0 0 0 0 0 0 0 0 0 0 0 0 0 0 0 1 1 0 0 0 0 0 0 0 0 0 0 0 0 0 0 0 0 0 0 0 0 0
geno chr1.163150508 tsi  1 0 0 0 0 0 0 0 1 0 0 0 0 0 0 0 0 0 0 0 0 0 0 0 0 0 0 0 0 0 0 0 0 0 0 0 0 0 0 0 0 0 1 0 0 0 0 0 0 1 1 0 0 0 0 0 1 0 0 0 0 0 0 0 0 0 0 0 0 0 0 0 0 0 0 0 0 0 0 0 0 1 0 0 0 0 0 1 0 0 0 0
geno chr1.163150508 yri  0 0 0 0 0 0 0 0 0 0 0 0 0 0 0 0 0 0 0 0 0 0 0 0 0 0 0 0 0 0 0 0 0 0 0 0 0 0 0 0 0 0 0 0 0 0 0 0 0 0 0 0 0 0 0 0 0 0 0 0 0 0 0 0 0 0 0 0 0 0 0 0 0 0 0 0 0
geno chr1.163150618 ceu  2 2 2 2 2 2 2 2 2 2 2 2 2 2 2 2 2 2 2 2 2 2 2 2 2 2 2 2 2 2 2 2 2 2 2 2 2 2 2 2 2 2 2 2 2 2 2 2 2 2 2 2 2 2 2 2 2 2 2 2 2 2 2 2 2 2 2 2 2 2 2 2 2 2 2 2 2 2
geno chr1.163150618 fin  2 2 2 2 2 2 2 2 2 2 2 2 2 2 2 2 2 2 2 2 2 2 2 2 2 2 2 2 2 2 2 2 2 2 2 2 2 2 2 2 2 2 2 2 2 2 2 2 2 2 2 2 2 2 2 2 2 2 2 2 2 2 2 2 2 2 2 2 2 2 2 2 2 2 2 2 2 2 2 2 2 2 2 2 2 2 2 2 2
geno chr1.163150618 gbr  2 2 2 2 2 2 2 2 2 2 2 2 2 2 2 2 2 2 2 2 2 2 2 2 2 2 2 2 2 2 2 2 2 2 2 2 2 2 2 2 2 2 2 2 2 2 2 2 2 2 2 2 2 2 2 2 2 2 2 2 2 2 1 2 2 2 2 2 2 2 2 2 2 2 2 2 2 2 2 2 2 2 2 2
geno chr1.163150618 tsi  2 2 2 2 2 2 1 2 2 2 2 2 2 2 2 2 2 2 2 2 2 2 2 2 2 2 2 2 2 2 2 2 2 2 2 2 2 2 2 2 2 2 2 2 2 2 2 2 2 2 2 2 2 2 2 2 2 2 2 2 2 2 2 2 2 2 2 2 2 2 2 2 2 2 2 2 2 2 2 2 2 2 2 2 2 2 2 2 2 2 2 2
geno chr1.163150618 yri  1 0 2 1 2 2 2 2 0 2 2 2 2 2 2 1 2 1 0 2 2 1 1 1 1 2 1 1 2 1 2 1 2 2 1 2 0 2 2 2 0 1 2 2 2 1 1 1 1 2 1 1 1 2 1 2 2 2 2 2 0 1 2 1 2 2 2 1 1 1 1 2 1 2 1 1 1
geno chr1.163150714 ceu  1 0 0 0 0 0 0 1 0 0 0 1 1 0 1 1 1 0 1 0 0 0 1 0 0 0 1 0 0 1 0 0 0 1 0 0 0 0 0 0 1 0 0 0 0 1 1 1 0 0 0 0 0 0 0 0 0 0 1 2 0 0 0 1 0 0 0 1 0 0 1 1 0 0 0 0 1 0
geno chr1.163150714 fin  1 0 1 0 0 1 0 0 1 1 0 0 0 0 0 0 0 0 0 1 0 1 0 0 1 0 0 0 0 1 1 1 0 0 0 0 1 0 1 0 0 0 0 0 1 0 2 0 0 0 0 1 0 0 1 0 1 1 0 0 1 0 0 0 0 0 1 0 1 0 0 0 0 0 0 0 0 0 0 0 0 0 1 0 1 0 0 0 0
geno chr1.163150714 gbr  0 0 0 1 1 1 0 0 1 0 0 0 0 1 0 0 0 1 1 0 0 1 0 0 1 0 0 0 0 0 0 0 1 1 0 0 0 0 0 0 0 1 0 0 1 0 0 0 0 0 0 0 1 0 0 2 0 0 0 0 0 0 0 0 0 0 0 0 1 0 0 0 1 0 0 1 1 0 0 0 0 1 1 0
geno chr1.163150714 tsi  0 0 0 0 0 0 0 1 1 1 0 0 0 0 0 0 1 1 0 0 2 0 0 0 0 0 0 0 0 0 0 0 1 0 0 0 1 1 0 0 0 0 0 1 0 0 0 1 1 0 0 0 0 1 0 0 0 0 1 2 0 0 1 1 1 0 0 0 0 0 0 0 1 1 1 0 0 0 0 2 1 0 0 1 0 0 1 0 0 0 0 1
geno chr1.163150714 yri  0 0 0 0 2 1 1 1 0 1 2 0 1 1 2 1 2 1 0 1 1 0 0 0 0 1 0 0 0 0 1 1 1 2 0 0 0 1 1 1 0 0 2 0 0 1 0 1 0 2 1 0 0 1 0 1 1 0 0 1 0 0 1 1 2 1 1 0 1 1 0 1 1 1 0 1 1
geno chr1.163150736 ceu  1 0 0 0 0 0 0 1 0 0 0 1 1 0 1 1 1 0 1 0 0 0 1 0 0 0 1 0 0 1 0 0 0 1 0 0 0 0 0 0 1 0 0 0 0 1 1 1 0 0 0 0 0 0 0 0 0 0 1 2 0 0 0 1 0 0 0 1 0 0 1 1 0 0 0 0 1 0
geno chr1.163150736 fin  1 0 1 0 0 1 0 0 1 1 0 0 0 0 0 0 0 0 0 1 0 1 0 0 1 0 0 0 0 1 1 1 0 0 0 0 1 0 1 0 0 0 0 0 1 0 2 0 0 0 0 1 0 0 1 0 1 1 0 0 1 0 0 0 0 0 1 0 1 0 0 0 0 0 0 0 0 0 0 0 0 0 1 0 1 0 0 0 0
geno chr1.163150736 gbr  0 0 0 1 1 1 0 0 1 0 0 0 0 1 0 0 0 1 1 0 0 1 0 0 1 0 0 0 0 0 0 0 1 1 0 0 0 0 0 0 0 1 0 0 1 0 0 0 0 0 0 0 1 1 0 2 0 0 0 0 0 0 0 0 0 0 0 0 1 0 0 0 1 0 0 1 1 0 0 0 0 1 1 0
geno chr1.163150736 tsi  0 0 0 0 0 1 0 1 1 1 0 0 0 0 0 0 1 1 0 0 2 0 0 0 0 0 0 0 0 0 0 0 1 0 0 0 1 1 0 0 0 0 1 1 0 0 0 1 1 0 0 0 0 1 0 0 0 0 1 2 0 0 1 1 1 0 0 0 0 0 0 0 1 1 1 0 0 0 0 2 1 0 0 1 0 0 1 0 0 0 0 1
geno chr1.163150736 yri  0 0 0 0 2 1 1 1 0 1 2 0 1 1 2 1 2 1 0 1 1 0 0 0 0 1 0 0 0 0 1 1 1 2 0 0 0 1 1 1 0 0 2 0 0 1 0 1 0 2 1 0 0 1 0 1 1 0 0 1 0 0 1 1 2 1 1 0 1 1 0 1 1 1 0 1 1
geno chr1.163150975 ceu  1 0 0 1 1 1 0 1 1 0 0 1 1 1 1 1 1 2 2 1 2 1 2 0 1 1 1 1 1 2 0 0 1 2 1 0 1 1 1 1 1 1 1 0 0 1 1 1 0 1 0 0 1 1 0 1 0 1 2 2 0 1 0 2 0 0 1 1 1 0 1 1 1 0 2 0 1 0
geno chr1.163150975 fin  1 0 1 0 0 1 0 1 1 1 0 0 0 1 0 0 0 1 0 1 0 1 2 0 2 0 1 0 0 1 1 1 0 0 1 0 2 1 2 0 1 0 0 0 1 1 2 0 0 1 1 1 1 1 1 0 1 2 1 1 1 1 0 0 0 0 1 0 1 0 0 1 0 0 0 0 0 1 0 1 0 0 1 0 1 0 0 0 1
geno chr1.163150975 gbr  0 1 0 1 2 1 1 0 1 1 0 0 2 2 0 0 1 1 1 0 0 1 0 0 1 1 1 0 1 0 0 1 1 1 0 0 0 0 1 1 1 1 0 2 1 1 0 0 1 0 0 0 1 1 1 2 0 1 0 0 0 0 0 0 0 0 0 0 1 0 0 0 2 0 1 1 1 0 0 1 1 2 1 1
geno chr1.163150975 tsi  0 0 0 1 1 1 0 1 1 2 0 1 1 1 1 0 1 1 0 1 2 0 0 1 0 1 1 0 0 2 0 0 1 0 1 2 2 1 1 2 0 1 2 2 1 1 0 2 1 0 1 0 1 1 0 1 0 1 1 2 1 1 2 1 2 1 1 2 1 0 0 1 1 2 1 1 2 1 1 2 2 0 0 2 1 2 1 1 1 0 1 2
geno chr1.163150975 yri  0 0 0 0 2 1 2 2 0 1 2 1 1 2 2 1 2 1 1 1 1 0 0 1 1 1 0 1 1 1 2 1 1 2 0 0 1 1 2 1 0 0 2 0 0 1 0 1 1 2 1 0 0 1 0 2 2 1 0 1 0 1 2 1 2 2 2 0 1 1 0 1 1 1 0 1 1
geno chr1.163151399 ceu  1 0 2 0 0 0 0 0 0 0 1 1 1 0 0 0 0 0 0 1 0 0 0 1 0 1 0 0 1 0 0 0 0 0 1 0 1 0 0 0 0 0 1 1 1 0 0 0 0 0 1 0 0 0 1 0 0 0 0 0 0 0 1 0 1 1 0 0 0 0 0 0 0 1 0 0 0 1
geno chr1.163151399 fin  1 1 0 0 0 0 0 1 0 0 0 1 0 0 1 0 0 0 0 0 0 0 0 1 0 0 0 1 0 1 0 0 0 0 0 1 0 0 0 0 0 0 2 1 0 0 0 0 1 0 0 1 1 0 1 0 0 0 0 0 0 0 1 0 0 0 1 1 0 1 0 0 0 0 1 1 0 0 0 0 0 1 1 0 0 0 0 0 0
geno chr1.163151399 gbr  0 0 0 0 0 1 1 0 1 0 1 0 0 0 1 2 1 0 0 1 1 1 0 0 0 0 0 0 1 0 1 0 0 0 1 0 1 1 0 0 1 0 0 0 0 0 0 1 0 0 0 0 0 0 0 0 2 0 1 1 2 0 0 1 1 0 0 0 1 0 1 2 0 0 0 1 0 1 0 0 0 0 1 0
geno chr1.163151399 tsi  0 0 1 0 0 0 1 0 0 0 0 0 0 0 0 0 0 0 0 0 0 0 2 0 0 0 0 0 0 0 0 0 0 1 0 0 0 1 0 0 0 0 0 0 0 0 0 0 0 0 0 2 0 0 1 0 0 0 0 0 1 0 0 0 0 0 1 0 0 1 0 1 0 0 1 0 0 0 0 0 0 1 0 0 0 0 0 0 0 1 0 0
geno chr1.163151399 yri  0 0 0 0 0 0 0 0 0 0 0 0 0 0 0 0 0 0 0 0 0 0 0 0 0 0 0 0 0 0 0 0 0 0 0 0 0 0 0 0 0 0 0 0 0 0 0 0 0 0 0 0 0 0 0 0 0 0 0 0 0 0 0 0 0 0 0 0 0 0 0 0 0 0 0 0 0
geno chr1.163151841 ceu  0 2 0 2 1 2 2 0 1 1 0 0 0 1 1 1 0 2 1 1 2 1 1 1 2 1 0 1 1 1 0 1 1 1 1 1 1 2 2 2 0 2 1 0 1 0 1 0 0 1 1 1 1 2 1 1 1 2 1 0 1 1 0 1 1 1 2 0 1 2 1 0 1 1 2 2 1 0
geno chr1.163151841 fin  0 1 1 2 1 1 2 1 1 1 0 1 2 1 0 2 2 1 2 0 1 0 2 1 1 1 2 1 1 0 1 0 2 1 1 1 1 1 1 2 2 2 0 1 1 2 0 0 1 2 2 0 1 2 0 2 0 1 2 2 1 1 0 1 2 0 0 1 1 1 2 2 2 2 1 1 0 1 0 2 2 0 0 1 0 1 2 0 2
geno chr1.163151841 gbr  0 1 1 0 1 0 1 2 0 2 1 2 2 1 0 0 1 0 0 1 1 0 0 1 1 2 1 2 1 1 1 1 1 1 1 0 0 0 2 2 1 1 1 2 1 1 1 0 1 2 0 2 1 2 1 0 0 1 1 1 0 2 1 0 1 1 1 1 0 1 0 0 1 2 2 0 0 1 2 1 1 1 0 2
geno chr1.163151841 tsi  1 1 1 1 1 0 0 1 1 1 1 1 2 2 2 2 0 0 1 1 0 1 0 2 1 1 1 1 2 2 2 2 1 0 2 1 1 0 2 2 0 1 1 0 2 2 1 1 1 2 2 0 1 0 1 2 2 2 0 0 1 1 1 1 1 1 1 2 1 0 1 1 1 1 0 1 2 1 2 0 1 1 2 1 2 2 1 2 2 1 1 1
geno chr1.163151841 yri  0 0 1 1 0 0 1 1 0 0 0 2 0 1 0 0 0 0 1 1 0 1 0 1 1 0 0 1 1 1 1 0 0 0 0 1 1 1 1 0 0 1 0 2 0 0 1 0 1 0 0 0 1 0 1 1 1 1 1 1 0 1 1 0 0 1 1 0 0 0 1 0 0 1 0 0 0
geno chr1.163151897 ceu  1 0 0 0 0 0 0 1 0 0 0 1 1 0 1 1 0 0 1 0 0 0 1 0 0 0 1 0 0 1 0 0 0 1 0 0 0 0 0 0 1 0 0 0 0 1 1 1 0 0 0 0 0 0 0 0 0 0 1 2 0 0 0 1 0 0 0 1 0 0 1 1 0 0 0 0 1 0
geno chr1.163151897 fin  1 0 1 0 0 1 0 0 1 1 0 0 0 0 0 0 0 0 0 1 0 1 0 0 1 1 0 0 0 1 1 1 0 0 1 0 1 0 1 0 0 0 0 0 1 0 2 0 0 0 0 1 0 0 1 0 1 1 0 0 1 0 0 0 0 1 1 0 1 0 0 0 0 0 0 0 0 0 0 0 0 0 1 0 1 0 0 0 0
geno chr1.163151897 gbr  0 0 0 1 1 1 0 0 1 0 0 0 0 1 0 0 0 1 1 0 0 1 0 0 1 0 0 0 0 0 0 1 1 1 0 0 0 0 0 0 0 1 0 0 1 0 0 0 0 0 0 0 1 0 0 2 0 0 0 0 0 0 0 0 0 0 0 0 1 0 0 0 1 0 0 1 1 0 0 1 0 1 1 0
geno chr1.163151897 tsi  0 0 0 0 0 1 0 1 1 1 0 0 0 0 0 0 1 1 0 0 2 0 0 0 0 1 0 0 0 0 0 0 1 0 0 0 1 1 0 0 0 0 1 1 0 0 0 1 1 0 0 0 0 1 0 0 0 0 1 2 0 0 1 1 1 0 0 0 0 0 0 0 1 1 1 0 0 0 0 2 1 0 0 1 0 0 0 0 0 0 0 1
geno chr1.163151897 yri  0 0 0 0 2 1 1 1 0 2 1 0 0 1 2 1 2 1 0 0 1 0 0 0 0 2 0 0 0 0 1 1 2 2 0 0 0 0 1 0 0 0 2 0 0 1 0 1 0 2 1 0 0 1 0 1 1 0 0 1 0 0 1 0 2 1 1 0 1 1 0 1 1 1 0 1 1
geno chr1.163152174 ceu  1 0 0 0 0 0 0 1 0 0 0 1 1 0 1 1 0 0 1 0 0 0 1 0 0 0 1 0 0 1 0 0 0 1 0 0 0 0 0 0 1 0 0 0 0 1 1 1 0 0 0 0 0 0 0 0 0 0 1 2 0 0 0 1 0 0 0 1 0 0 1 1 0 0 0 0 1 0
geno chr1.163152174 fin  1 0 1 0 0 1 0 0 1 1 0 0 0 0 0 0 0 0 0 1 0 1 0 0 1 1 0 0 0 1 1 1 0 0 1 0 1 0 1 0 0 0 0 0 1 0 2 0 0 0 0 1 0 0 1 0 1 1 0 0 1 0 0 0 0 1 1 0 1 0 0 0 0 0 0 0 0 0 0 0 0 0 1 0 1 0 0 0 0
geno chr1.163152174 gbr  0 0 0 1 1 1 0 0 1 0 0 0 0 1 0 0 0 1 1 0 0 1 0 0 1 0 0 0 0 0 0 1 1 1 0 0 0 0 0 0 0 1 0 0 1 0 0 0 0 0 0 0 1 0 0 2 0 0 0 0 0 0 0 0 0 0 0 0 1 0 0 0 1 0 0 1 1 0 0 1 0 1 1 0
geno chr1.163152174 tsi  0 0 0 0 0 1 0 1 1 1 0 0 0 0 0 0 1 1 0 0 2 0 0 0 0 1 0 0 0 0 0 0 1 0 0 0 1 1 0 0 0 0 1 1 0 0 0 1 1 0 0 0 0 1 0 0 0 0 1 2 0 0 1 1 1 0 0 0 0 0 0 0 1 1 1 0 0 0 0 2 1 0 0 1 0 0 1 0 0 0 0 1
geno chr1.163152174 yri  0 0 0 0 2 1 1 1 0 2 1 0 0 1 2 1 2 1 0 0 1 0 0 0 0 2 0 0 0 0 1 1 2 2 0 0 0 0 1 0 0 0 2 0 0 1 0 1 0 2 1 0 0 1 0 1 1 0 0 1 0 0 1 0 2 1 1 0 1 1 0 1 1 1 0 1 1
