pheno ENSG00000186827 ceu 1.105044 -0.9103247 -0.4931186 0.1104911 0.6787837 1.01438 1.122384 -1.821672 0.06051978 -0.2004487 0.5490364 -1.505813 0.3072209 0.8567582 1.398 1.847637 0.06991364 -0.3531877 -0.6812356 1.083759 -0.8112624 -0.2761503 0.02473785 -0.3277024 0.402852 -0.8620043 -0.3839858 -0.4763577 1.86102 1.357612 -0.4709666 2.000494 0.8970904 1.148364 -0.24671 0.8706126 1.226648 -0.20748 0.4402713 -0.7923293 -1.634708 0.7563984 -0.2693629 0.7487282 0.01090458 -1.036247 0.3031843 0.03273464 0.6091676 0.2307065 0.2285725 -1.566016 0.04024251 2.046591 -0.4346234 0.8150913 0.2319917 -0.2565869 -0.1435411 -1.769897 1.11365 1.346495 0.6723271 -1.55881 0.4513657 0.3379108 0.1376548 0.003034126 2.285814 0.6152764 -0.2487193 2.92216 1.599404 1.664959 -0.7965337 1.032818 -0.2740639 -0.6618273
pheno ENSG00000186827 fin -1.223072 0.01649412 -0.08267199 -1.965352 -0.04148442 -0.09743914 -2.089666 -2.106662 -0.8302359 0.1125072 -1.293313 -0.9050865 0.4842764 -0.8318671 -1.949044 -0.6835129 -1.435072 0.3705587 -1.931746 -0.5548507 -1.264886 1.000086 -2.274569 -1.892729 -1.05083 -0.6165902 0.5405783 -1.343834 0.9849666 -0.3982615 -1.154846 -0.5531296 -0.8796219 -1.210101 -1.669539 -1.711285 -0.1751232 0.3952971 -2.786552 -1.112505 -0.6919076 -1.56044 -2.159302 0.1893128 0.9811663 -1.908249 0.7336945 0.5804702 -0.7101055 -0.4270759 -2.094084 -0.5793497 0.702821 -0.821541 1.857758 -0.5479867 0.2044875 -2.146431 -0.7242817 0.007345954 -2.070042 -1.349891 0.8680597 0.1336329 -1.37343 -0.9150623 -0.4931956 -0.4166557 0.515256 -0.8694558 0.2885984 1.170996 0.6556582 -0.1781275 -1.406393 -2.03687 -0.4919073 -0.5485227 0.6315153 -0.3866031 -0.2783131 -0.2072558 0.2261114 -0.1440541 -1.230249 -0.9323 -0.4469183 -0.1489144 -2.483414
pheno ENSG00000186827 gbr 1.398089 2.66799 0.1390401 0.06512756 1.676437 1.699614 1.023148 2.563358 1.927568 1.184344 1.639203 1.119486 -0.05545112 2.200869 1.820368 1.488071 -0.1413807 1.919609 1.160197 1.779103 1.450598 1.288163 1.315358 1.432675 1.356135 0.1949146 0.5244142 -0.6614523 1.064584 -0.318502 -0.6490838 0.607139 3.073279 0.1806104 1.099062 1.51899 0.4228089 0.9421403 1.23686 1.676919 -0.3176691 -1.315428 2.464226 0.2329437 0.35578 0.08307006 -0.5776973 2.561249 1.857025 0.6167477 -0.2547456 1.948954 0.1927539 -0.6277314 0.8482776 1.155612 -0.1916621 1.779827 1.252846 -0.02588469 0.9142481 -1.55723 1.751939 1.954388 0.2087595 0.1535511 0.9612661 1.043464 0.3264468 0.2350639 -0.2209829 1.035163 2.206968 0.9509908 0.4048443 1.708961 -0.08885058 0.003066822 -0.7292252 1.791193 0.1250454 1.005265 1.106419 -0.2227034
pheno ENSG00000186827 tsi 0.8421066 1.748159 -0.7567784 0.1323014 0.6364722 0.1258471 0.7526547 -0.226696 -0.03362618 1.572004 1.0131 0.01440424 0.5019807 1.540987 -0.6240418 1.131296 1.151516 0.6534901 -0.01486543 1.227941 1.212019 0.9379809 -0.7027402 -0.5079807 2.865338 1.26938 1.302007 1.539221 0.1638759 0.7663018 1.556182 1.42399 -1.073722 0.4051465 -0.2863303 1.112005 2.308599 1.609728 -1.865014 0.5202146 -0.5093173 0.3100585 0.2641281 1.491002 0.4841383 0.2132761 0.8252277 -0.4060427 0.1993156 1.709257 0.3884193 -0.1967123 -0.07178514 0.6074332 1.147898 0.4862796 -0.8487055 -0.1581323 1.603812 1.914575 0.09843789 0.7105701 -0.2038616 2.605956 0.2268836 -1.517536 1.003942 1.388625 -0.3547091 0.170342 1.65299 1.249204 0.1976888 1.826293 -0.4851213 1.511658 -1.628537 0.368691 0.6924297 -0.1283708 -0.1769798 -0.1049842 1.804519 0.0622336 -0.01047885 1.400926 -1.801075 1.073794 -0.01839579 -2.437711 2.184178 -0.6429334
pheno ENSG00000186827 yri 0.5369598 -1.747802 0.2361354 -0.1008885 -0.12914 -0.225373 0.1461827 -0.3580559 0.8700326 2.066733 0.329405 -1.124709 -2.643864 0.2696365 2.458283 0.2188808 -0.134338 -0.8495462 0.05836091 1.195369 -1.525459 1.729175 0.5474657 1.274234 0.8068364 1.617431 -1.109369 -0.2480309 0.3795697 -0.3262536 1.641414 1.843799 -1.331099 0.8194436 1.492635 -0.07760286 -0.5683826 0.271556 0.6156553 -0.03281844 -0.3600202 -1.754412 0.5816408 0.1543154 0.1447313 0.2103191 1.320321 -0.7550466 -0.05863771 0.8814828 1.006862 0.7012862 0.1900288 -0.11577 -0.4217489 0.09277388 -1.880646 1.319224 0.5154775 1.069816 0.1696823 -0.6144505 -0.6840104 0.7452622 -0.1966015 0.7539087 -0.3726995 1.480115 0.1328959 0.8420822 0.8360385 -0.4328716 0.4662336 0.9314089 0.1966835 -0.7514024 1.631995
geno chr1.1049523 ceu  0 0 0 0 0 0 0 0 0 0 0 0 0 0 0 0 0 1 0 0 0 0 0 0 0 0 0 0 0 0 0 0 0 0 0 0 0 0 0 0 0 0 0 0 0 0 0 0 0 0 0 0 0 0 0 0 0 0 0 0 0 0 0 0 0 0 0 0 0 1 0 0 0 0 0 0 0 0
geno chr1.1049523 fin  0 1 0 0 0 0 0 0 0 0 0 0 0 0 0 0 0 0 0 0 0 0 0 0 0 0 0 0 0 0 0 0 0 0 0 0 0 0 0 1 0 1 0 0 0 1 1 1 0 0 0 0 0 0 0 0 0 0 0 0 0 0 0 0 1 0 0 0 0 0 0 0 0 0 0 0 1 0 0 0 0 0 1 0 0 0 0 0 1
geno chr1.1049523 gbr  0 0 0 1 0 0 0 0 0 0 0 0 0 0 0 0 0 0 0 0 0 0 0 0 0 0 0 0 1 0 0 0 0 0 0 0 1 0 0 0 0 0 0 0 0 0 0 0 0 0 0 0 0 0 0 1 0 0 0 0 0 0 0 0 0 0 0 0 0 0 0 0 0 0 0 0 0 0 0 0 0 0 0 0
geno chr1.1049523 tsi  0 0 0 0 0 0 0 0 0 0 0 0 0 0 0 1 0 0 0 1 0 0 0 0 0 0 0 0 0 0 0 0 0 0 0 0 0 0 0 0 0 0 0 0 1 0 0 0 0 0 0 0 0 0 0 0 0 0 1 0 0 0 0 0 0 0 0 0 0 0 0 0 0 0 0 0 0 0 0 0 0 1 0 0 0 0 0 0 0 0 0 0
geno chr1.1049523 yri  1 1 1 0 0 2 2 0 0 2 1 0 0 1 1 2 1 0 1 1 1 2 2 2 2 1 1 1 1 0 2 2 1 1 0 1 1 2 2 0 0 2 1 2 2 0 1 2 1 0 2 1 1 1 1 0 1 0 1 1 0 1 1 1 0 1 0 0 1 1 1 1 0 0 0 1 1
geno chr1.1049950 ceu  1 1 0 1 0 0 0 0 0 0 0 0 0 0 0 0 0 2 0 0 0 0 0 0 1 0 0 0 0 0 0 0 0 0 0 0 0 0 0 0 1 0 0 0 0 1 0 1 1 0 1 0 0 0 0 0 1 2 0 0 0 0 0 0 1 0 0 0 0 1 0 0 0 1 0 0 0 0
geno chr1.1049950 fin  0 1 0 1 0 0 0 0 0 1 0 0 0 0 0 0 0 0 0 0 0 0 0 0 0 1 0 0 0 0 1 0 0 0 0 0 0 0 0 1 0 1 0 1 0 1 1 1 0 0 0 0 0 0 0 0 0 0 0 0 0 0 0 0 1 0 0 0 0 0 0 0 0 0 0 0 1 0 0 0 1 0 1 0 0 0 1 0 1
geno chr1.1049950 gbr  0 0 1 1 0 0 0 0 0 0 0 0 0 0 1 0 0 0 0 0 0 0 0 0 0 0 0 0 1 0 0 1 1 1 0 1 1 0 0 0 0 0 0 0 0 0 1 0 0 0 1 1 0 1 0 1 0 0 0 0 0 0 0 0 0 0 0 0 0 0 0 0 0 0 0 0 0 0 2 0 0 0 0 0
geno chr1.1049950 tsi  0 1 0 0 0 0 1 0 1 0 1 0 0 0 1 1 0 0 1 1 0 1 0 1 1 0 0 2 1 0 0 1 0 0 0 0 0 1 0 0 1 0 0 1 1 0 0 0 0 1 0 0 0 1 0 0 0 0 1 0 0 0 1 0 0 0 0 1 0 0 2 1 1 0 0 1 0 0 0 0 0 1 0 0 1 0 0 0 0 1 0 0
geno chr1.1049950 yri  1 1 1 1 1 2 2 1 0 2 1 1 0 1 2 2 1 1 2 1 1 2 2 2 2 1 1 1 2 0 2 2 1 1 0 1 2 2 2 2 0 2 1 2 2 0 1 2 1 1 2 1 2 1 1 1 1 0 1 1 0 1 1 1 0 1 0 0 1 1 1 2 0 1 0 1 1
geno chr1.1050149 ceu  0 0 0 0 0 0 0 0 0 0 0 0 0 0 0 0 0 1 0 0 0 0 0 0 0 0 0 0 0 0 0 0 0 0 0 0 0 0 0 0 0 0 0 0 0 0 0 0 0 0 0 0 0 0 0 0 0 0 0 0 0 0 0 0 0 0 0 0 0 1 0 0 0 0 0 0 0 0
geno chr1.1050149 fin  0 1 0 0 0 0 0 0 0 0 0 0 0 0 0 0 0 0 0 0 0 0 0 0 0 0 0 0 0 0 0 0 0 0 0 0 0 0 0 1 0 1 0 0 0 1 1 1 0 0 0 0 0 0 0 0 0 0 0 0 0 0 0 0 1 0 0 0 0 0 0 0 0 0 0 0 1 0 0 0 0 0 1 0 0 0 0 0 1
geno chr1.1050149 gbr  0 0 0 1 0 0 0 0 0 0 0 0 0 0 0 0 0 0 0 0 0 0 0 0 0 0 0 0 1 0 0 0 0 0 0 0 1 0 0 0 0 0 0 0 0 0 0 0 0 0 0 0 0 0 0 1 0 0 0 0 0 0 0 0 0 0 0 0 0 0 0 0 0 0 0 0 0 0 0 0 0 0 0 0
geno chr1.1050149 tsi  0 0 0 0 0 0 0 0 0 0 0 0 0 0 0 1 0 0 0 1 0 0 0 0 0 0 0 0 0 0 0 0 0 0 0 0 0 0 0 0 0 0 0 0 1 0 0 0 0 0 0 0 0 0 0 0 0 0 1 0 0 0 0 0 0 0 0 0 0 0 0 0 0 0 0 0 0 0 0 0 0 1 0 0 0 0 0 0 0 0 0 0
geno chr1.1050149 yri  0 0 0 0 0 2 1 0 0 2 1 0 0 0 0 2 1 0 1 0 0 0 2 2 2 0 1 1 1 0 2 1 0 1 0 1 1 1 1 0 0 1 1 2 2 0 1 1 1 0 2 1 1 1 0 0 1 0 1 1 0 1 1 0 0 0 0 0 1 0 1 1 0 0 0 1 0
geno chr1.1050654 ceu  1 1 0 1 0 0 0 0 0 0 0 0 0 0 0 0 0 2 0 0 0 0 0 0 1 0 0 0 0 0 0 0 0 0 0 0 0 0 0 0 1 0 0 0 0 1 0 1 1 0 1 0 0 0 0 0 1 2 0 0 0 0 0 0 1 0 0 0 0 1 0 0 0 1 0 0 0 0
geno chr1.1050654 fin  0 1 0 1 0 0 0 0 0 1 0 0 0 0 0 0 0 0 0 0 0 0 0 0 0 1 0 0 0 0 1 0 0 0 0 0 0 0 0 1 0 1 0 1 0 1 1 1 0 0 0 0 0 0 0 0 0 0 0 0 0 0 0 0 1 0 0 0 0 0 0 0 0 0 0 0 1 0 0 0 1 0 1 0 0 0 1 0 1
geno chr1.1050654 gbr  0 0 1 1 0 0 0 0 0 0 0 0 0 0 1 0 0 0 0 0 0 0 0 0 0 0 0 0 1 0 0 1 1 1 0 1 1 0 0 0 0 0 0 0 0 0 1 0 0 0 1 1 0 1 0 1 0 0 0 0 0 0 0 0 0 0 0 0 0 0 0 0 0 0 0 0 0 0 2 0 0 0 0 0
geno chr1.1050654 tsi  0 1 0 0 0 0 1 0 1 0 1 0 0 0 1 1 0 0 1 1 0 1 0 1 1 0 0 2 1 0 0 1 0 0 0 0 0 1 0 0 1 0 0 1 1 0 0 0 0 1 0 0 0 1 0 0 0 0 1 0 0 0 1 0 0 0 0 1 0 0 2 1 1 0 0 1 0 0 0 0 0 1 0 0 1 0 0 0 0 1 0 0
geno chr1.1050654 yri  1 1 1 1 1 2 2 1 0 2 1 1 0 1 2 2 1 1 1 1 1 2 2 2 2 1 1 1 2 0 2 2 1 1 0 1 2 2 2 2 0 2 1 2 2 0 1 2 1 1 2 1 2 1 1 1 1 0 1 1 0 1 1 1 0 1 0 0 1 1 1 2 0 1 0 1 1
geno chr1.1050701 ceu  0 0 0 0 0 0 0 0 0 0 0 0 0 0 0 0 0 1 0 0 0 0 0 0 0 0 0 0 0 0 0 0 0 0 0 0 0 0 0 0 0 0 0 0 0 0 0 0 0 0 0 0 0 0 0 0 0 0 0 0 0 0 0 0 0 0 0 0 0 1 0 0 0 0 0 0 0 0
geno chr1.1050701 fin  0 1 0 0 0 0 0 0 0 0 0 0 0 0 0 0 0 0 0 0 0 0 0 0 0 0 0 0 0 0 0 0 0 0 0 0 0 0 0 1 0 1 0 0 0 1 1 1 0 0 0 0 0 0 0 0 0 0 0 0 0 0 0 0 1 0 0 0 0 0 0 0 0 0 0 0 1 0 0 0 0 0 1 0 0 0 0 0 1
geno chr1.1050701 gbr  0 0 0 1 0 0 0 0 0 0 0 0 0 0 0 0 0 0 0 0 0 0 0 0 0 0 0 0 1 0 0 0 0 0 0 0 1 0 0 0 0 0 0 0 0 0 0 0 0 0 0 0 0 0 0 1 0 0 0 0 0 0 0 0 0 0 0 0 0 0 0 0 0 0 0 0 0 0 0 0 0 0 0 0
geno chr1.1050701 tsi  0 0 0 0 0 0 0 0 0 0 0 0 0 0 0 1 0 0 0 1 0 0 0 0 0 0 0 0 0 0 0 0 0 0 0 0 0 0 0 0 0 0 0 0 0 0 0 0 0 0 0 0 0 0 0 0 0 0 1 0 0 0 0 0 0 0 0 0 0 0 0 0 0 0 0 0 0 0 0 0 0 1 0 0 0 0 0 0 0 0 0 0
geno chr1.1050701 yri  0 0 0 0 0 2 0 0 0 1 1 0 0 0 0 1 0 0 1 0 0 0 2 2 1 0 0 1 1 0 2 1 0 1 0 1 0 1 1 0 0 0 1 2 2 0 1 0 1 0 2 0 1 1 0 0 1 0 1 1 0 1 1 0 0 0 0 0 1 0 1 0 0 0 0 1 0
geno chr1.1051684 ceu  0 0 0 0 0 0 0 0 0 0 0 0 0 0 0 0 0 1 0 0 0 0 0 0 0 0 0 0 0 0 0 0 0 0 0 0 0 0 0 0 0 0 0 0 0 0 0 0 0 0 0 0 0 0 0 0 0 0 0 0 0 0 0 0 0 0 0 0 0 0 0 0 0 0 0 0 0 0
geno chr1.1051684 fin  0 0 0 0 0 0 0 0 0 0 0 0 0 0 0 0 0 0 0 0 0 0 0 0 0 0 0 0 0 0 0 0 0 0 0 0 0 0 0 1 0 1 0 0 0 0 1 1 0 0 0 0 0 0 0 0 0 0 0 0 0 0 0 0 1 0 0 0 0 0 0 0 0 0 0 0 1 0 0 0 0 0 1 0 0 0 0 0 1
geno chr1.1051684 gbr  0 0 0 1 0 0 0 0 0 0 0 0 0 0 0 0 0 0 0 0 0 0 0 0 0 0 0 0 1 0 0 0 0 0 0 0 0 0 0 0 0 0 0 0 0 0 0 0 0 0 0 0 0 0 0 1 0 0 0 0 0 0 0 0 0 0 0 0 0 0 0 0 0 0 0 0 0 0 0 0 0 0 0 0
geno chr1.1051684 tsi  0 0 0 0 0 0 0 0 0 0 0 0 0 0 0 1 0 0 0 1 0 0 0 0 0 0 0 0 0 0 0 0 0 0 0 0 0 0 0 0 0 0 0 0 1 0 0 0 0 0 0 0 0 0 0 0 0 0 1 0 0 0 0 0 0 0 0 0 0 0 0 0 0 0 0 0 0 0 0 0 0 1 0 0 0 0 0 0 0 0 0 0
geno chr1.1051684 yri  0 0 1 0 0 2 1 0 0 2 1 0 0 0 2 2 1 0 1 0 0 2 2 2 2 1 1 1 1 0 2 2 1 1 0 1 1 1 1 0 0 2 1 2 2 0 1 1 1 0 2 1 1 1 0 0 1 0 1 1 0 1 1 1 0 1 0 0 1 1 1 1 0 0 0 1 1
geno chr1.1051869 ceu  0 0 0 0 0 0 0 0 0 0 0 0 0 0 0 0 0 1 0 0 0 0 0 0 0 0 0 0 0 0 0 0 0 0 0 0 0 0 0 0 0 0 0 0 0 0 0 0 0 0 0 0 0 0 0 0 0 0 0 0 0 0 0 0 0 0 0 0 0 1 0 0 0 0 0 0 0 0
geno chr1.1051869 fin  0 1 0 0 0 0 0 0 0 0 0 0 0 0 0 0 0 0 0 0 0 0 0 0 0 0 0 0 0 0 0 0 0 0 0 0 0 0 0 0 0 1 0 0 0 1 1 0 0 0 0 0 0 0 0 0 0 0 0 0 0 0 0 0 1 0 0 0 0 0 0 0 0 0 0 0 0 0 0 0 0 0 0 0 0 0 0 0 1
geno chr1.1051869 gbr  0 0 0 1 0 0 0 0 0 0 0 0 0 0 0 0 0 0 0 0 0 0 0 0 0 0 0 0 0 0 0 0 0 0 0 0 1 0 0 0 0 0 0 0 0 0 0 0 0 0 0 0 0 0 0 1 0 0 0 0 0 0 0 0 0 0 0 0 0 0 0 0 0 0 0 0 0 0 0 0 0 0 0 0
geno chr1.1051869 tsi  0 0 0 0 0 0 0 0 0 0 0 0 0 0 0 1 0 0 0 1 0 0 0 0 0 0 0 0 0 0 0 0 0 0 0 0 0 0 0 0 0 0 0 0 0 0 0 0 0 0 0 0 0 0 0 0 0 0 1 0 0 0 0 0 0 0 0 0 0 0 0 0 0 0 0 0 0 0 0 0 0 1 0 0 0 0 0 0 0 0 0 0
geno chr1.1051869 yri  0 0 0 0 0 2 0 0 0 1 1 0 0 0 0 1 0 0 1 0 0 0 2 2 1 0 0 1 1 0 2 1 0 1 0 1 0 1 1 0 0 0 1 2 2 0 1 0 1 0 1 0 1 1 0 0 1 0 1 1 0 1 1 0 0 0 0 0 1 0 1 0 0 0 0 1 0
geno chr1.1052108 ceu  0 0 0 0 0 0 0 0 0 0 0 0 0 0 0 0 0 1 0 0 0 0 0 0 0 0 0 0 0 0 0 0 0 0 0 0 0 0 0 0 0 0 0 0 0 0 0 0 0 0 0 0 0 0 0 0 0 0 0 0 0 0 0 0 0 0 0 0 0 1 0 0 0 0 0 0 0 0
geno chr1.1052108 fin  0 1 0 0 0 0 0 0 0 0 0 0 0 0 0 0 0 0 0 0 0 0 0 0 0 0 0 0 0 0 0 0 0 0 0 0 0 0 0 1 0 1 0 0 0 1 1 1 0 0 0 0 0 0 0 0 0 0 0 0 0 0 0 0 1 0 0 0 0 0 0 0 0 0 0 0 1 0 0 0 0 0 1 0 0 0 0 0 1
geno chr1.1052108 gbr  0 0 0 1 0 0 0 0 0 0 0 0 0 0 0 0 0 0 0 0 0 0 0 0 0 0 0 0 1 0 0 0 0 0 0 0 1 0 0 0 0 0 0 0 0 0 0 0 0 0 0 0 0 0 0 1 0 0 0 0 0 0 0 0 0 0 0 0 0 0 0 0 0 0 0 0 0 0 0 0 0 0 0 0
geno chr1.1052108 tsi  0 0 0 0 0 0 0 0 0 0 0 0 0 0 0 1 0 0 0 1 0 0 0 0 0 0 0 0 0 0 0 0 0 0 0 0 0 0 0 0 0 0 0 0 1 0 0 0 0 0 0 0 0 0 0 0 0 0 1 0 0 0 0 0 0 0 0 0 0 0 0 0 0 0 0 0 0 0 0 0 0 1 0 0 0 0 0 0 0 0 0 0
geno chr1.1052108 yri  0 0 0 0 0 2 1 0 0 2 1 0 0 0 0 2 1 0 1 0 0 0 2 2 2 0 1 1 1 0 2 1 0 1 0 1 1 1 1 0 0 1 1 2 2 0 1 1 1 0 2 1 1 1 0 0 1 0 1 1 0 1 1 0 0 0 0 0 1 0 1 1 0 0 0 1 0
geno chr1.1052372 ceu  0 0 0 0 0 0 0 0 0 0 0 0 0 0 0 0 0 1 0 0 0 0 0 0 0 0 0 0 0 0 0 0 0 0 0 0 0 0 0 0 0 0 0 0 0 0 0 0 0 0 0 0 0 0 0 0 0 0 0 0 0 0 0 0 0 0 0 0 0 1 0 0 0 0 0 0 0 0
geno chr1.1052372 fin  0 1 0 0 0 0 0 0 0 0 0 0 0 0 0 0 0 0 0 0 0 0 0 0 0 0 0 0 0 0 0 0 0 0 0 0 0 0 0 1 0 1 0 0 0 1 1 1 0 0 0 0 0 0 1 0 0 0 0 0 0 0 0 0 1 0 0 0 0 0 0 0 0 0 0 0 1 0 0 0 0 0 1 0 0 0 0 0 1
geno chr1.1052372 gbr  0 0 0 1 0 0 0 0 0 0 0 0 0 0 0 0 0 0 0 0 0 0 0 0 0 0 0 0 1 0 0 0 0 0 0 0 1 0 0 0 0 0 0 0 0 0 0 0 0 0 0 0 0 0 0 1 0 0 0 0 0 0 0 0 0 0 0 0 0 0 0 1 0 0 0 0 0 0 0 0 0 0 0 0
geno chr1.1052372 tsi  0 0 0 0 0 0 0 0 0 0 0 0 0 0 0 1 0 0 0 1 0 0 0 0 0 0 0 0 0 0 0 0 0 0 0 0 0 0 0 0 0 0 0 0 1 0 0 0 0 0 0 0 0 0 0 0 0 0 1 0 0 0 0 0 0 0 0 0 0 0 0 0 0 0 0 0 0 0 0 0 0 1 1 0 0 0 0 0 0 0 0 0
geno chr1.1052372 yri  1 1 1 0 0 2 2 0 0 2 1 0 0 1 2 2 1 0 2 1 0 2 2 2 2 1 1 1 1 0 2 2 1 1 0 1 1 2 2 0 0 2 1 2 2 0 1 1 1 0 2 1 1 1 0 0 1 0 1 1 0 1 1 1 0 1 0 0 1 1 1 2 0 0 0 1 1
geno chr1.1052946 ceu  1 1 0 1 0 0 0 0 0 0 0 0 0 0 0 0 0 1 0 0 0 0 0 0 1 0 0 0 0 0 0 0 0 0 0 0 0 0 0 0 1 0 0 0 0 1 0 1 1 0 1 0 0 0 0 0 1 2 0 0 0 0 0 0 1 0 0 0 0 0 0 0 0 1 0 0 0 0
geno chr1.1052946 fin  0 0 0 1 0 0 0 0 0 1 0 0 0 0 0 0 0 0 0 0 0 0 0 0 0 1 0 0 0 0 1 0 0 0 0 0 0 0 0 0 0 0 0 1 0 0 0 0 0 0 0 0 0 0 0 0 0 0 0 0 0 0 0 0 0 0 0 0 0 0 0 0 0 0 0 0 0 0 0 0 1 0 0 0 0 0 1 0 0
geno chr1.1052946 gbr  0 0 1 0 0 0 0 0 0 0 0 0 0 0 1 0 0 0 0 0 0 0 0 0 0 0 0 0 0 0 0 1 1 1 0 1 0 0 0 0 0 0 0 0 0 0 1 0 0 0 1 1 0 1 0 0 0 0 0 0 0 0 0 0 0 0 0 0 0 0 0 0 0 0 0 0 0 0 2 0 0 0 0 0
geno chr1.1052946 tsi  0 1 0 0 0 0 1 0 1 0 1 0 0 0 1 0 0 0 1 0 0 1 0 1 1 0 0 2 1 0 0 1 0 0 0 0 0 1 0 0 1 0 0 1 0 0 0 0 0 1 0 0 0 1 0 0 0 0 0 0 0 0 1 0 0 0 0 1 0 0 2 1 1 0 0 1 0 0 0 0 0 0 0 0 1 0 0 0 0 1 0 0
geno chr1.1052946 yri  0 0 0 1 0 0 0 1 0 0 0 1 0 0 0 0 0 1 0 0 1 0 0 0 0 0 0 0 1 0 0 0 0 0 0 0 1 0 0 2 0 0 0 0 0 0 0 0 0 0 0 0 1 0 1 1 0 0 0 0 0 0 0 0 0 0 0 0 0 0 0 1 0 1 0 0 0
geno chr1.1053385 ceu  1 1 0 2 1 0 1 0 1 0 0 1 2 2 1 1 0 2 1 1 0 0 0 1 2 1 1 0 1 1 1 0 1 2 0 1 0 2 1 0 1 0 0 0 0 1 0 2 2 0 1 2 2 1 0 2 1 2 1 2 1 1 1 2 1 1 1 2 0 1 0 1 2 2 0 2 1 0
geno chr1.1053385 fin  0 1 2 1 0 1 1 1 0 2 2 1 0 2 1 1 0 0 0 2 1 2 0 1 1 2 2 1 2 1 1 2 2 0 0 1 0 1 1 2 2 1 2 1 0 2 2 1 0 0 2 2 0 1 1 1 0 1 2 1 1 2 2 1 1 1 0 2 0 2 1 0 0 1 1 0 2 1 1 0 2 1 1 0 1 1 1 1 2
geno chr1.1053385 gbr  1 1 1 2 2 1 0 0 1 1 1 0 1 0 1 1 0 1 2 0 0 0 2 1 1 1 0 0 1 0 1 2 2 1 1 2 2 1 1 1 2 1 0 2 0 2 1 0 0 0 2 2 2 1 1 1 2 0 1 1 0 0 0 0 0 2 0 0 1 1 0 1 1 1 1 0 0 0 2 0 0 0 1 0
geno chr1.1053385 tsi  1 1 0 0 1 0 1 0 1 2 1 1 2 0 1 1 1 1 1 2 2 2 1 2 1 2 2 2 2 1 1 1 1 0 1 0 1 1 2 1 1 1 1 2 2 0 1 0 1 1 1 0 2 1 1 0 2 1 1 0 1 1 1 2 2 1 0 1 0 1 2 1 1 1 2 2 1 2 1 1 1 2 2 2 1 2 1 2 0 1 2 0
geno chr1.1053385 yri  2 2 2 2 2 2 2 2 2 2 2 2 2 2 2 2 2 2 2 2 2 2 2 2 2 2 2 2 2 1 2 2 2 2 2 2 2 2 2 2 1 2 2 2 2 2 2 2 2 2 2 2 2 2 2 2 2 2 2 2 1 2 2 2 2 2 1 2 2 2 2 2 2 2 2 2 2
geno chr1.1053452 ceu  1 1 0 1 0 0 0 0 0 0 0 0 0 0 0 0 0 1 0 0 0 0 0 0 1 0 0 0 0 0 0 0 0 0 0 0 0 0 0 0 1 0 0 0 0 1 0 1 1 0 1 0 0 0 0 0 1 2 0 0 0 0 0 0 1 0 0 0 0 0 0 0 0 1 0 0 0 0
geno chr1.1053452 fin  0 0 0 1 0 0 0 0 0 1 0 0 0 0 0 0 0 0 0 0 0 0 0 0 0 1 0 0 0 0 1 0 0 0 0 0 0 0 0 0 0 0 0 1 0 0 0 0 0 0 0 0 0 0 0 0 0 0 0 0 0 0 0 0 0 0 0 0 0 0 0 0 0 0 0 0 0 0 0 0 1 0 0 0 0 0 1 0 0
geno chr1.1053452 gbr  0 0 1 0 0 0 0 0 0 0 0 0 0 0 1 0 0 0 0 0 0 0 0 0 0 0 0 0 0 0 0 1 1 1 0 1 0 0 0 0 0 0 0 0 0 0 1 0 0 0 1 1 0 1 0 0 0 0 0 0 0 0 0 0 0 0 0 0 0 0 0 0 0 0 0 0 0 0 2 0 0 0 0 0
geno chr1.1053452 tsi  0 1 0 0 0 0 1 0 1 0 1 0 0 0 1 0 0 0 1 0 0 1 0 1 1 0 0 2 1 0 0 1 0 0 0 0 0 1 0 0 1 0 0 1 0 0 0 0 0 1 0 0 0 1 0 0 0 0 0 0 0 0 1 0 0 0 0 1 0 0 2 1 1 0 0 1 0 0 0 0 0 0 0 0 1 0 0 0 0 1 0 0
geno chr1.1053452 yri  0 0 0 1 0 0 0 1 0 0 0 1 0 0 0 0 0 1 0 0 0 0 0 0 0 0 0 0 1 0 0 0 0 0 0 0 0 0 0 2 0 0 0 0 0 0 0 0 0 0 0 0 1 0 0 1 0 0 0 0 0 0 0 0 0 0 0 0 0 0 0 1 0 1 0 0 0
geno chr1.1053670 ceu  1 1 0 1 0 0 0 0 0 0 0 0 0 0 0 0 0 2 0 0 0 0 0 0 1 0 0 0 0 0 0 0 0 0 0 0 0 0 0 0 1 0 0 0 0 1 0 1 1 0 1 0 0 0 0 0 1 2 0 0 0 0 0 0 1 0 0 0 0 1 0 0 0 1 0 0 0 0
geno chr1.1053670 fin  0 1 0 1 0 0 0 0 0 1 0 0 0 0 0 0 0 0 0 0 0 0 0 0 0 1 0 0 0 0 1 0 0 0 0 0 0 0 0 1 0 1 0 1 0 1 1 1 0 0 0 0 0 0 0 0 0 0 0 0 0 0 0 0 1 0 0 0 0 0 0 0 0 0 0 0 1 0 0 0 1 0 1 0 0 0 1 0 1
geno chr1.1053670 gbr  0 0 1 1 0 0 0 0 0 0 0 0 0 0 1 0 0 0 0 0 0 0 0 0 0 0 0 0 1 0 0 1 1 1 0 1 1 0 0 0 0 0 0 0 0 0 1 0 0 0 1 1 0 1 0 1 0 0 0 0 0 0 0 0 0 0 0 0 0 0 0 0 0 0 0 0 0 0 2 0 0 0 0 0
geno chr1.1053670 tsi  0 1 0 0 0 0 1 0 1 0 1 0 0 0 1 1 0 0 1 1 0 1 0 1 1 0 0 2 1 0 0 1 0 0 0 0 0 1 0 0 1 0 0 1 1 0 0 0 0 1 0 0 0 1 0 0 0 0 1 0 0 0 1 0 0 0 0 1 0 0 2 1 1 0 0 1 0 0 0 0 0 1 0 0 1 0 0 0 0 1 0 0
geno chr1.1053670 yri  0 0 1 1 1 2 2 1 0 2 1 1 0 0 2 2 1 1 1 0 1 2 2 2 2 1 1 1 2 0 2 2 1 1 0 1 2 1 2 2 0 2 1 2 2 0 1 2 1 1 2 1 2 1 1 1 1 0 1 1 0 1 1 1 0 1 0 0 1 1 1 2 0 1 0 1 1
geno chr1.1053724 ceu  1 1 0 1 0 0 0 0 0 0 0 0 0 0 0 0 0 2 0 0 0 0 0 0 1 0 0 0 0 0 0 0 0 0 0 0 0 0 0 0 1 0 0 0 0 1 0 1 1 0 1 0 0 0 0 0 1 2 0 0 0 0 0 0 1 0 0 0 0 1 0 0 0 1 0 0 0 0
geno chr1.1053724 fin  0 1 0 1 0 0 0 0 0 1 0 0 0 0 0 0 0 0 0 0 0 0 0 0 0 1 0 0 0 0 1 0 0 0 0 0 0 0 0 1 0 1 0 1 0 1 1 1 0 0 0 0 0 0 0 0 0 0 0 0 0 0 0 0 1 0 0 0 0 0 0 0 0 0 0 0 1 0 0 0 1 0 1 0 0 0 1 0 1
geno chr1.1053724 gbr  0 0 1 1 0 0 0 0 0 0 0 0 0 0 1 0 0 0 0 0 0 0 0 0 0 0 0 0 1 0 0 1 1 1 0 1 1 0 0 0 0 0 0 0 0 0 1 0 0 0 1 1 0 1 0 1 0 0 0 0 0 0 0 0 0 0 0 0 0 0 0 0 0 0 0 0 0 0 2 0 0 0 0 0
geno chr1.1053724 tsi  0 1 0 0 0 0 1 0 1 0 1 0 0 0 1 1 0 0 1 1 0 1 0 1 1 0 0 2 1 0 0 1 0 0 0 0 0 1 0 0 1 0 0 1 1 0 0 0 0 1 0 0 0 1 0 0 0 0 1 0 0 0 1 0 0 0 0 1 0 0 2 1 1 0 0 1 0 0 0 0 0 1 0 0 1 0 0 0 0 1 0 0
geno chr1.1053724 yri  0 0 1 1 1 2 1 1 0 2 1 1 0 0 2 2 1 1 1 0 1 2 2 2 2 1 1 1 2 0 2 2 1 1 0 1 2 1 1 2 0 2 1 2 2 0 1 1 1 1 2 1 2 1 1 1 1 0 1 1 0 1 1 1 0 1 0 0 1 1 1 2 0 1 0 1 1
geno chr1.1053827 ceu  1 1 0 1 0 0 0 0 0 0 0 0 0 0 0 0 0 1 0 0 0 0 0 0 1 0 0 0 0 0 0 0 0 0 0 0 0 0 0 0 1 0 0 0 0 1 0 1 1 0 1 0 0 0 0 0 1 2 0 0 0 0 0 0 1 0 0 0 0 0 0 0 0 1 0 0 0 0
geno chr1.1053827 fin  0 0 0 1 0 0 0 0 0 1 0 0 0 0 0 0 0 0 0 0 0 0 0 0 0 1 0 0 0 0 1 0 0 0 0 0 0 0 0 0 0 0 0 1 0 0 0 0 0 0 0 0 0 0 0 0 0 0 0 0 0 0 0 0 0 0 0 0 0 0 0 0 0 0 0 0 0 0 0 0 1 0 0 0 0 0 1 0 0
geno chr1.1053827 gbr  0 0 1 0 0 0 0 0 0 0 0 0 0 0 1 0 0 0 0 0 0 0 0 0 0 0 0 0 0 0 0 1 1 1 0 1 0 0 0 0 0 0 0 0 0 0 1 0 0 0 1 1 0 1 0 0 0 0 0 0 0 0 0 0 0 0 0 0 0 0 0 0 0 0 0 0 0 0 2 0 0 0 0 0
geno chr1.1053827 tsi  0 1 0 0 0 0 1 0 1 0 1 0 0 0 1 0 0 0 1 0 0 1 0 1 1 0 0 2 1 0 0 1 0 0 0 0 0 1 0 0 1 0 0 1 0 0 0 0 0 1 0 0 0 1 0 0 0 0 0 0 0 0 1 0 0 0 0 1 0 0 2 1 1 0 0 1 0 0 0 0 0 0 0 0 1 0 0 0 0 1 0 0
geno chr1.1053827 yri  0 0 0 1 0 0 0 1 0 0 0 1 0 0 0 0 0 2 0 0 1 0 0 1 0 0 0 0 1 0 0 0 1 0 0 0 1 0 0 2 0 0 0 0 0 0 0 0 0 0 0 0 1 0 1 1 0 0 0 0 0 0 0 1 0 0 0 0 0 0 0 1 0 1 0 0 0
geno chr1.1053871 ceu  0 0 0 0 0 0 0 0 0 0 0 0 0 0 0 0 0 1 0 0 0 0 0 0 0 0 0 0 0 0 0 0 0 0 0 0 0 0 0 0 0 0 0 0 0 0 0 0 0 0 0 0 0 0 0 0 0 0 0 0 0 0 0 0 0 0 0 0 0 1 0 0 0 0 0 0 0 0
geno chr1.1053871 fin  0 1 0 0 0 0 0 0 0 0 0 0 0 0 0 0 0 0 0 0 0 0 0 0 0 0 0 0 0 0 0 0 0 0 0 0 0 0 0 1 0 1 0 0 0 1 1 1 0 0 0 0 0 0 0 0 0 0 0 0 0 0 0 0 1 0 0 0 0 0 0 0 0 0 0 0 1 0 0 0 0 0 1 0 0 0 0 0 1
geno chr1.1053871 gbr  0 0 0 1 0 0 0 0 0 0 0 0 0 0 0 0 0 0 0 0 0 0 0 0 0 0 0 0 1 0 0 0 0 0 0 0 1 0 0 0 0 0 0 0 0 0 0 0 0 0 0 0 0 0 0 1 0 0 0 0 0 0 0 0 0 0 0 0 0 0 0 0 0 0 0 0 0 0 0 0 0 0 0 0
geno chr1.1053871 tsi  0 0 0 0 0 0 0 0 0 0 0 0 0 0 0 1 0 0 0 1 0 0 0 0 0 0 0 0 0 0 0 0 0 0 0 0 0 0 0 0 0 0 0 0 1 0 0 0 0 0 0 0 0 0 0 0 0 0 1 0 0 0 0 0 0 0 0 0 0 0 0 0 0 0 0 0 0 0 0 0 0 1 0 0 0 0 0 0 0 0 0 0
geno chr1.1053871 yri  0 0 0 0 1 2 1 0 0 2 1 0 0 0 0 2 1 0 1 0 0 0 2 2 2 0 1 1 1 0 2 1 0 1 0 1 1 1 1 0 0 1 1 2 2 0 1 1 1 1 2 1 1 1 0 0 1 0 1 1 0 1 1 0 0 0 0 0 1 0 1 1 0 0 0 1 0
geno chr1.1054076 ceu  1 1 0 1 0 0 0 0 0 0 0 0 0 0 0 0 0 2 0 0 0 0 0 0 1 0 0 0 0 0 0 0 0 0 0 0 0 0 0 0 1 0 0 0 0 1 0 1 1 0 1 0 0 0 0 0 1 2 0 0 0 0 0 0 1 0 0 0 0 1 0 0 0 1 0 0 0 0
geno chr1.1054076 fin  0 1 0 1 0 0 0 0 0 1 0 0 0 0 0 0 0 0 0 0 0 0 0 0 0 1 0 0 0 0 1 0 0 0 0 0 0 0 0 1 0 1 0 1 0 1 1 1 0 0 0 0 0 0 0 0 0 0 0 0 0 0 0 0 1 0 0 0 0 0 0 0 0 0 0 0 1 0 0 0 1 0 1 0 0 0 1 0 1
geno chr1.1054076 gbr  0 0 1 1 0 0 0 0 0 0 0 0 0 0 1 0 0 0 0 0 0 0 0 0 0 0 0 0 1 0 0 1 1 1 0 1 1 0 0 0 0 0 0 0 0 0 1 0 0 0 1 1 0 1 0 1 0 0 0 0 0 0 0 0 0 0 0 0 0 0 0 0 0 0 0 0 0 0 2 0 0 0 0 0
geno chr1.1054076 tsi  0 1 0 0 0 0 1 0 1 0 1 0 0 0 1 1 0 0 1 1 0 1 0 1 1 0 0 2 1 0 0 1 0 0 0 0 0 1 0 0 1 0 0 1 1 0 0 0 0 1 0 0 0 1 0 0 0 0 1 0 0 0 1 0 0 0 0 1 0 0 2 1 1 0 0 1 0 0 0 0 0 1 0 0 1 0 0 0 0 1 0 0
geno chr1.1054076 yri  0 0 1 1 1 2 2 1 0 2 1 1 0 0 2 2 1 1 1 0 1 2 2 2 2 1 1 1 2 0 2 2 1 1 0 1 2 1 1 2 0 2 1 2 2 0 1 2 1 1 2 1 2 1 1 1 1 0 1 1 0 1 1 1 0 1 0 0 1 1 1 2 0 1 0 1 1
geno chr1.1054157 ceu  0 0 0 0 0 0 0 0 0 0 0 0 0 0 0 0 0 1 0 0 0 0 0 0 0 0 0 0 0 0 0 0 0 0 0 0 0 0 0 0 0 0 0 0 0 0 0 0 0 0 0 0 0 0 0 0 0 0 0 0 0 0 0 0 0 0 0 0 0 1 0 0 0 0 0 0 0 0
geno chr1.1054157 fin  0 1 0 0 0 0 0 0 0 0 0 0 0 0 0 0 0 0 0 0 0 0 0 0 0 0 0 0 0 0 0 0 0 0 0 0 0 0 0 1 0 1 0 0 0 1 1 1 0 0 0 0 0 0 0 0 0 0 0 0 0 0 0 0 1 0 0 0 0 0 0 0 0 0 0 0 1 0 0 0 0 0 1 0 0 0 0 0 1
geno chr1.1054157 gbr  0 0 0 1 0 0 0 0 0 0 0 0 0 0 0 0 0 0 0 0 0 0 0 0 0 0 0 0 1 0 0 0 0 0 0 0 1 0 0 0 0 0 0 0 0 0 0 0 0 0 0 0 0 0 0 1 0 0 0 0 0 0 0 0 0 0 0 0 0 0 0 0 0 0 0 0 0 0 0 0 0 0 0 0
geno chr1.1054157 tsi  0 0 0 0 0 0 0 0 0 0 0 0 0 0 0 1 0 0 0 1 0 0 0 0 0 0 0 0 0 0 0 0 0 0 0 0 0 0 0 0 0 0 0 0 1 0 0 0 0 0 0 0 0 0 0 0 0 0 1 0 0 0 0 0 0 0 0 0 0 0 0 0 0 0 0 0 0 0 0 0 0 1 0 0 0 0 0 0 0 0 0 0
geno chr1.1054157 yri  0 0 1 0 1 2 1 0 0 2 1 0 0 0 2 2 1 0 1 0 1 2 2 2 2 1 1 1 1 0 2 2 1 1 0 1 2 1 1 0 0 2 1 2 2 0 1 1 1 1 2 1 1 1 1 0 1 0 1 1 0 1 1 1 0 1 0 0 1 1 1 1 0 0 0 1 1
geno chr1.1054159 ceu  0 0 0 0 0 0 0 0 0 0 0 0 0 0 0 0 0 1 0 0 0 0 0 0 0 0 0 0 0 0 0 0 0 0 0 0 0 0 0 0 0 0 0 0 0 0 0 0 0 0 0 0 0 0 0 0 0 0 0 0 0 0 0 0 0 0 0 0 0 1 0 0 0 0 0 0 0 0
geno chr1.1054159 fin  0 1 0 0 0 0 0 0 0 0 0 0 0 0 0 0 0 0 0 0 0 0 0 0 0 0 0 0 0 0 0 0 0 0 0 0 0 0 0 1 0 1 0 0 0 1 1 1 0 0 0 0 0 0 0 0 0 0 0 0 0 0 0 0 1 0 0 0 0 0 0 0 0 0 0 0 1 0 0 0 0 0 1 0 0 0 0 0 1
geno chr1.1054159 gbr  0 0 0 1 0 0 0 0 0 0 0 0 0 0 0 0 0 0 0 0 0 0 0 0 0 0 0 0 1 0 0 0 0 0 0 0 1 0 0 0 0 0 0 0 0 0 0 0 0 0 0 0 0 0 0 1 0 0 0 0 0 0 0 0 0 0 0 0 0 0 0 0 0 0 0 0 0 0 0 0 0 0 0 0
geno chr1.1054159 tsi  0 0 0 0 0 0 0 0 0 0 0 0 0 0 0 1 0 0 0 1 0 0 0 0 0 0 0 0 0 0 0 0 0 0 0 0 0 0 0 0 0 0 0 0 1 0 0 0 0 0 0 0 0 0 0 0 0 0 1 0 0 0 0 0 0 0 0 0 0 0 0 0 0 0 0 0 0 0 0 0 0 1 0 0 0 0 0 0 0 0 0 0
geno chr1.1054159 yri  0 0 1 0 1 2 1 0 0 2 1 0 0 0 2 2 1 0 1 0 0 2 2 2 2 1 1 1 1 0 2 2 1 1 0 1 1 1 1 0 0 2 1 2 2 0 1 1 1 1 2 1 1 1 0 0 1 0 1 1 0 1 1 1 0 1 0 0 1 1 1 1 0 0 0 1 1
geno chr1.1054212 ceu  0 0 0 0 0 0 0 0 0 0 0 0 0 0 0 0 0 1 0 0 0 0 0 0 0 0 0 0 0 0 0 0 0 0 0 0 0 0 0 0 0 0 0 0 0 0 0 0 0 0 0 0 0 0 0 0 0 0 0 0 0 0 0 0 0 0 0 0 0 1 0 0 0 0 0 0 0 0
geno chr1.1054212 fin  0 1 0 0 0 0 0 0 0 0 0 0 0 0 0 0 0 0 0 0 0 0 0 0 0 0 0 0 0 0 0 0 0 0 0 0 0 0 0 1 0 1 0 0 0 1 1 1 0 0 0 0 0 0 0 0 0 0 0 0 0 0 0 0 1 0 0 0 0 0 0 0 0 0 0 0 1 0 0 0 0 0 1 0 0 0 0 0 1
geno chr1.1054212 gbr  0 0 0 1 0 0 0 0 0 0 0 0 0 0 0 0 0 0 0 0 0 0 0 0 0 0 0 0 1 0 0 0 0 0 0 0 1 0 0 0 0 0 0 0 0 0 0 0 0 0 0 0 0 0 0 1 0 0 0 0 0 0 0 0 0 0 0 0 0 0 0 0 0 0 0 0 0 0 0 0 0 0 0 0
geno chr1.1054212 tsi  0 0 0 0 0 0 0 0 0 0 0 0 0 0 0 1 0 0 0 1 0 0 0 0 0 0 0 0 0 0 0 0 0 0 0 0 0 0 0 0 0 0 0 0 1 0 0 0 0 0 0 0 0 0 0 0 0 0 1 0 0 0 0 0 0 0 0 0 0 0 0 0 0 0 0 0 0 0 0 0 0 1 0 0 0 0 0 0 0 0 0 0
geno chr1.1054212 yri  0 0 0 0 1 2 1 0 0 2 1 0 0 0 0 2 1 0 1 0 0 0 2 2 2 0 1 1 1 0 2 1 0 1 0 1 1 1 1 0 0 1 1 2 2 0 1 1 1 1 2 1 1 1 0 0 1 0 1 1 0 1 1 0 0 0 0 0 1 0 1 1 0 0 0 1 0
geno chr1.1054215 ceu  0 0 0 0 0 0 0 0 0 0 0 0 0 0 0 0 0 1 0 0 0 0 0 0 0 0 0 0 0 0 0 0 0 0 0 0 0 0 0 0 0 0 0 0 0 0 0 0 0 0 0 0 0 0 0 0 0 0 0 0 0 0 0 0 0 0 0 0 0 1 0 0 0 0 0 0 0 0
geno chr1.1054215 fin  0 1 0 0 0 0 0 0 0 0 0 0 0 0 0 0 0 0 0 0 0 0 0 0 0 0 0 0 0 0 0 0 0 0 0 0 0 0 0 1 0 1 0 0 0 1 1 1 0 0 0 0 0 0 0 0 0 0 0 0 0 0 0 0 1 0 0 0 0 0 0 0 0 0 0 0 1 0 0 0 0 0 1 0 0 0 0 0 1
geno chr1.1054215 gbr  0 0 0 1 0 0 0 0 0 0 0 0 0 0 0 0 0 0 0 0 0 0 0 0 0 0 0 0 1 0 0 0 0 0 0 0 1 0 0 0 0 0 0 0 0 0 0 0 0 0 0 0 0 0 0 1 0 0 0 0 0 0 0 0 0 0 0 0 0 0 0 0 0 0 0 0 0 0 0 0 0 0 0 0
geno chr1.1054215 tsi  0 0 0 0 0 0 0 0 0 0 0 0 0 0 0 1 0 0 0 1 0 0 0 0 0 0 0 0 0 0 0 0 0 0 0 0 0 0 0 0 0 0 0 0 1 0 0 0 0 0 0 0 0 0 0 0 0 0 1 0 0 0 0 0 0 0 0 0 0 0 0 0 0 0 0 0 0 0 0 0 0 1 0 0 0 0 0 0 0 0 0 0
geno chr1.1054215 yri  0 0 1 0 1 2 1 0 0 2 1 0 0 0 2 2 1 0 1 0 0 2 2 2 2 1 1 1 1 0 2 2 1 1 0 1 1 1 1 0 0 2 1 2 2 0 1 1 1 1 2 1 1 1 0 0 1 0 1 1 0 1 1 1 0 1 0 0 1 1 1 1 0 0 0 1 1
geno chr1.1054552 ceu  1 1 0 1 0 0 0 0 0 0 0 0 0 0 0 0 0 1 0 0 0 0 0 0 1 0 0 0 0 0 0 0 0 0 0 0 0 0 0 0 1 0 0 0 0 1 0 1 1 0 1 0 0 0 0 0 1 2 0 0 0 0 0 0 1 0 0 0 0 0 0 0 0 1 0 0 0 0
geno chr1.1054552 fin  0 0 0 1 0 0 0 0 0 1 0 0 0 0 0 0 0 0 0 0 0 0 0 0 0 1 0 0 0 0 1 0 0 0 0 0 0 0 0 0 0 0 0 1 0 0 0 0 0 0 0 0 0 0 0 0 0 0 0 0 0 0 0 0 0 0 0 0 0 0 0 0 0 0 0 0 0 0 0 0 0 0 0 0 0 0 1 0 0
geno chr1.1054552 gbr  0 0 1 0 0 0 0 0 0 0 0 0 0 0 1 0 0 0 0 0 0 0 0 0 0 0 0 0 0 0 0 1 1 1 0 1 0 0 0 0 0 0 0 0 0 0 1 0 0 0 1 1 0 1 0 0 0 0 0 0 0 0 0 0 0 0 0 0 0 0 0 0 0 0 0 0 0 0 2 0 0 0 0 0
geno chr1.1054552 tsi  0 1 0 0 0 0 1 0 1 0 1 0 0 0 1 0 0 0 1 0 0 1 0 1 1 0 0 2 1 0 0 1 0 0 0 0 0 1 0 0 1 0 0 1 0 0 0 0 0 1 0 0 0 1 0 0 0 0 0 0 0 0 1 0 0 0 0 1 0 0 2 1 1 0 0 1 0 0 0 0 0 0 0 0 1 0 0 0 0 1 0 0
geno chr1.1054552 yri  0 0 0 1 0 0 0 1 0 0 0 1 0 0 0 0 0 1 0 0 0 0 0 0 0 0 0 0 1 0 0 0 0 0 0 0 0 0 0 2 0 0 0 0 0 0 0 0 0 0 0 0 1 0 0 1 0 0 0 0 0 0 0 0 0 0 0 0 0 0 0 1 0 1 0 0 0
geno chr1.1054743 ceu  0 0 0 0 0 0 0 0 0 0 0 0 0 0 0 0 0 1 0 0 0 0 0 0 0 0 0 0 0 0 0 0 0 0 0 0 0 0 0 0 0 0 0 0 0 0 0 0 0 0 0 0 0 0 0 0 0 0 0 0 0 0 0 0 0 0 0 0 0 1 0 0 0 0 0 0 0 0
geno chr1.1054743 fin  0 1 0 0 0 0 0 0 0 0 0 0 0 0 0 0 0 0 0 0 0 0 0 0 0 0 0 0 0 0 0 0 0 0 0 0 0 0 0 1 0 1 0 0 0 1 1 1 0 0 0 0 0 0 0 0 0 0 0 0 0 0 0 0 1 0 0 0 0 0 0 0 0 0 0 0 1 0 0 0 0 0 1 0 0 0 0 0 1
geno chr1.1054743 gbr  0 0 0 1 0 0 0 0 0 0 0 0 0 0 0 0 0 0 0 0 0 0 0 0 0 0 0 0 1 0 0 0 0 0 0 0 1 0 0 0 0 0 0 0 0 0 0 0 0 0 0 0 0 0 0 1 0 0 0 0 0 0 0 0 0 0 0 0 0 0 0 0 0 0 0 0 0 0 0 0 0 0 0 0
geno chr1.1054743 tsi  0 0 0 0 0 0 0 0 0 0 0 0 0 0 0 1 0 0 0 1 0 0 0 0 0 0 0 0 0 0 0 0 0 0 0 0 0 0 0 0 0 0 0 0 1 0 0 0 0 0 0 0 0 0 0 0 0 0 1 0 0 0 0 0 0 0 0 0 0 0 0 0 0 0 0 0 0 0 0 0 0 1 0 0 0 0 0 0 0 0 0 0
geno chr1.1054743 yri  0 0 1 0 1 2 1 0 0 2 1 0 0 0 2 2 1 0 1 0 0 2 2 2 2 1 1 1 1 0 2 2 1 1 0 1 1 1 1 0 0 2 1 2 2 0 1 1 1 1 2 1 1 1 0 0 1 0 1 1 0 1 1 1 0 1 0 0 1 1 1 1 0 0 0 1 1
geno chr1.1054893 ceu  1 1 0 1 0 0 0 0 0 0 0 0 0 0 0 0 0 2 0 0 0 0 0 0 1 0 0 0 0 0 0 0 0 0 0 0 0 0 0 0 1 0 0 0 0 1 0 1 1 0 1 0 0 0 0 0 1 2 0 0 0 0 0 0 1 0 0 0 0 1 0 0 0 1 0 0 0 0
geno chr1.1054893 fin  0 1 0 1 0 0 0 0 0 1 0 0 0 0 0 0 0 0 0 0 0 0 0 0 0 1 0 0 0 0 1 0 0 0 0 0 0 0 0 1 0 1 0 1 0 1 1 1 0 0 0 0 0 0 0 0 0 0 0 0 0 0 0 0 1 0 0 0 0 0 0 0 0 0 0 0 1 0 0 0 0 0 1 0 0 0 1 0 1
geno chr1.1054893 gbr  0 0 1 1 0 0 0 0 0 0 0 0 0 0 1 0 0 0 0 0 0 0 0 0 0 0 0 0 1 0 0 1 1 1 0 1 1 0 0 0 0 0 0 0 0 0 1 0 0 0 1 1 0 1 0 1 0 0 0 0 0 0 0 0 0 0 0 0 0 0 0 0 0 0 0 0 0 0 2 0 0 0 0 0
geno chr1.1054893 tsi  0 1 0 0 0 0 1 0 1 0 1 0 0 0 1 1 0 0 1 1 0 1 0 1 1 0 0 2 1 0 0 1 0 0 0 0 0 1 0 0 1 0 0 1 1 0 0 0 0 1 0 0 0 1 0 0 0 0 1 0 0 0 1 0 0 0 0 1 0 0 2 1 1 0 0 1 0 0 0 0 0 1 0 0 1 0 0 0 0 1 0 0
geno chr1.1054893 yri  1 1 1 1 1 2 2 1 0 2 1 1 0 1 2 2 1 1 1 1 1 2 2 2 2 1 1 1 2 0 2 2 1 1 0 1 2 2 2 2 0 2 1 2 2 0 1 2 1 1 2 1 2 1 1 1 1 0 1 1 0 1 1 1 0 1 0 0 1 1 1 2 0 1 0 1 1
geno chr1.1054894 ceu  0 0 0 0 0 0 0 0 0 0 0 0 0 0 0 0 0 1 0 0 0 0 0 0 0 0 0 0 0 0 0 0 0 0 0 0 0 0 0 0 0 0 0 0 0 0 0 0 0 0 0 0 0 0 0 0 0 0 0 0 0 0 0 0 0 0 0 0 0 1 0 0 0 0 0 0 0 0
geno chr1.1054894 fin  0 1 0 0 0 0 0 0 0 0 0 0 0 0 0 0 0 0 0 0 0 0 0 0 0 0 0 0 0 0 0 0 0 0 0 0 0 0 0 1 0 1 0 0 0 1 1 1 0 0 0 0 0 0 0 0 0 0 0 0 0 0 0 0 1 0 0 0 0 0 0 0 0 0 0 0 1 0 0 0 0 0 1 0 0 0 0 0 1
geno chr1.1054894 gbr  0 0 0 1 0 0 0 0 0 0 0 0 0 0 0 0 0 0 0 0 0 0 0 0 0 0 0 0 1 0 0 0 0 0 0 0 1 0 0 0 0 0 0 0 0 0 0 0 0 0 0 0 0 0 0 1 0 0 0 0 0 0 0 0 0 0 0 0 0 0 0 0 0 0 0 0 0 0 0 0 0 0 0 0
geno chr1.1054894 tsi  0 0 0 0 0 0 0 0 0 0 0 0 0 0 0 1 0 0 0 1 0 0 0 0 0 0 0 0 0 0 0 0 0 0 0 0 0 0 0 0 0 0 0 0 1 0 0 0 0 0 0 0 0 0 0 0 0 0 1 0 0 0 0 0 0 0 0 0 0 0 0 0 0 0 0 0 0 0 0 0 0 1 0 0 0 0 0 0 0 0 0 0
geno chr1.1054894 yri  0 0 0 0 1 2 1 0 0 2 1 0 0 0 0 2 1 0 1 0 0 0 2 2 2 0 1 1 1 0 2 1 0 1 0 1 1 1 1 0 0 1 1 2 2 0 1 1 1 1 2 1 1 1 0 0 1 0 1 1 0 1 1 0 0 0 0 0 1 0 1 1 0 0 0 1 0
geno chr1.1055442 ceu  0 0 0 0 0 0 0 0 0 0 0 0 0 0 0 0 0 1 0 0 0 0 0 0 0 0 0 0 0 0 0 0 0 0 0 0 0 0 0 0 0 0 0 0 0 0 0 0 0 0 0 0 0 0 0 0 0 0 0 0 0 0 0 0 0 0 0 0 0 1 0 0 0 0 0 0 0 0
geno chr1.1055442 fin  0 1 0 0 0 0 0 0 0 0 0 0 0 0 0 0 0 0 0 0 0 0 0 0 0 0 0 0 0 0 0 0 0 0 0 0 0 0 0 1 0 1 0 0 0 1 1 1 0 0 0 0 0 0 0 0 0 0 0 0 0 0 0 0 1 0 0 0 0 0 0 0 0 0 0 0 1 0 0 0 0 0 1 0 0 0 0 0 1
geno chr1.1055442 gbr  0 0 0 1 0 0 0 0 0 0 0 0 0 0 0 0 0 0 0 0 0 0 0 0 0 0 0 0 1 0 0 0 0 0 0 0 1 0 0 0 0 0 0 0 0 0 0 0 0 0 0 0 0 0 0 1 0 0 0 0 0 0 0 0 0 0 0 0 0 0 0 0 0 0 0 0 0 0 0 0 0 0 0 0
geno chr1.1055442 tsi  0 0 0 0 0 0 0 0 0 0 0 0 0 0 0 1 0 0 0 1 0 0 0 0 0 0 0 0 0 0 0 0 0 0 0 0 0 0 0 0 0 0 0 0 1 0 0 0 0 0 0 0 0 0 0 0 0 0 1 0 0 0 0 0 0 0 0 0 0 0 0 0 0 0 0 0 0 0 0 0 0 1 0 0 0 0 0 0 0 0 0 0
geno chr1.1055442 yri  0 0 1 0 1 1 1 0 0 2 1 0 0 0 1 2 1 0 1 0 0 2 2 1 2 1 1 1 1 0 2 2 1 1 0 1 1 1 1 0 0 2 1 2 2 0 0 1 1 1 2 1 1 1 0 0 1 0 1 1 0 1 0 1 0 1 0 0 1 1 1 1 0 0 0 1 1
geno chr1.1055653 ceu  1 1 0 1 0 0 0 0 0 0 0 0 0 0 0 0 0 1 0 0 0 0 0 0 1 0 0 0 0 0 0 0 0 0 0 0 0 0 0 0 1 0 0 0 0 1 0 1 1 0 1 0 0 0 0 0 1 2 0 0 0 0 0 0 1 0 0 0 0 0 0 0 0 1 0 0 0 0
geno chr1.1055653 fin  0 0 0 1 0 0 0 0 0 1 0 0 0 0 0 0 0 0 0 0 0 0 0 0 0 1 0 0 0 0 1 0 0 0 0 0 0 0 0 0 0 0 0 1 0 0 0 0 0 0 0 0 0 0 0 0 0 0 0 0 0 0 0 0 0 0 0 0 0 0 0 0 0 0 0 0 0 0 0 0 0 0 0 0 0 0 1 0 0
geno chr1.1055653 gbr  0 0 1 0 0 0 0 0 0 0 0 0 0 0 1 0 0 0 0 0 0 0 0 0 0 0 0 0 0 0 0 1 1 1 0 1 0 0 0 0 0 0 0 0 0 0 1 0 0 0 1 1 0 1 0 0 0 0 0 0 0 0 0 0 0 0 0 0 0 0 0 0 0 0 0 0 0 0 2 0 0 0 0 0
geno chr1.1055653 tsi  0 1 0 0 0 0 1 0 1 0 1 0 0 0 1 0 0 0 1 0 0 1 0 1 1 0 0 2 1 0 0 1 0 0 0 0 0 1 0 0 1 0 0 1 0 0 0 0 0 1 0 0 0 1 0 0 0 0 0 0 0 0 1 0 0 0 0 1 0 0 2 1 1 0 0 1 0 0 0 0 0 0 0 0 1 0 0 0 0 1 0 0
geno chr1.1055653 yri  0 0 0 1 0 0 0 1 0 0 0 1 0 0 0 0 0 1 0 0 1 0 0 0 0 0 0 0 1 0 0 0 0 0 0 0 1 0 0 2 0 0 0 0 0 0 0 0 0 0 0 0 1 0 1 1 0 0 0 0 0 0 0 0 0 0 0 0 0 0 0 1 0 1 0 0 0
geno chr1.1055797 ceu  1 1 0 1 0 0 0 0 0 0 0 0 0 0 0 0 0 1 0 0 0 0 0 0 1 0 0 0 0 0 0 0 0 0 0 0 0 0 0 0 1 0 0 0 0 1 0 1 1 0 1 0 0 0 0 0 1 2 0 0 0 0 0 0 1 0 0 0 0 0 0 0 0 1 0 0 0 0
geno chr1.1055797 fin  0 0 0 1 0 0 0 0 0 1 0 0 0 0 0 0 0 0 0 0 0 0 0 0 0 1 0 0 0 0 1 0 0 0 0 0 0 0 0 0 0 0 0 1 0 0 0 0 0 0 0 0 0 0 0 0 0 0 0 0 0 0 0 0 0 0 0 0 0 0 0 0 0 0 0 0 0 0 0 0 0 0 0 0 0 0 1 0 0
geno chr1.1055797 gbr  0 0 1 0 0 0 0 0 0 0 0 0 0 0 1 0 0 0 0 0 0 0 0 0 0 0 0 0 0 0 0 1 1 1 0 1 0 0 0 0 0 0 0 0 0 0 1 0 0 0 1 1 0 1 0 0 0 0 0 0 0 0 0 0 0 0 0 0 0 0 0 0 0 0 0 0 0 0 2 0 0 0 0 0
geno chr1.1055797 tsi  0 1 0 0 0 0 1 0 1 0 1 0 0 0 1 0 0 0 1 0 0 1 0 1 1 0 0 2 1 0 0 1 0 0 0 0 0 1 0 0 1 0 0 1 0 0 0 0 0 1 0 0 0 1 0 0 0 0 0 0 0 0 1 0 0 0 0 1 0 0 2 1 1 0 0 1 0 0 0 0 0 0 0 0 1 0 0 0 0 1 0 0
geno chr1.1055797 yri  1 1 0 1 0 0 1 1 0 0 0 1 0 1 0 0 0 1 0 1 1 0 0 0 0 0 0 0 1 0 0 0 0 0 0 0 1 1 1 2 0 0 0 0 0 0 0 1 0 0 0 0 1 0 1 1 0 0 0 0 0 0 0 0 0 0 0 0 0 0 0 1 0 1 0 0 0
geno chr1.1055901 ceu  1 1 0 1 0 0 0 0 0 0 0 0 0 0 0 0 0 1 0 0 0 0 0 0 1 0 0 0 0 0 0 0 0 0 0 0 0 0 0 0 1 0 0 0 0 1 0 1 1 0 1 0 0 0 0 0 1 2 0 0 0 0 0 0 1 0 0 0 0 0 0 0 0 1 0 0 0 0
geno chr1.1055901 fin  0 0 0 1 0 0 0 0 0 1 0 0 0 0 0 0 0 0 0 0 0 0 0 0 0 1 0 0 0 0 1 0 0 0 0 0 0 0 0 0 0 0 0 1 0 0 0 0 0 0 0 0 0 0 0 0 0 0 0 0 0 0 0 0 0 0 0 0 0 0 0 0 0 0 0 0 0 0 0 0 0 0 0 0 0 0 1 0 0
geno chr1.1055901 gbr  0 0 1 0 0 0 0 0 0 0 0 0 0 0 1 0 0 0 0 0 0 0 0 0 0 0 0 0 0 0 0 1 1 1 0 1 0 0 0 0 0 0 0 0 0 0 1 0 0 0 1 1 0 1 0 0 0 0 0 0 0 0 0 0 0 0 0 0 0 0 0 0 0 0 0 0 0 0 2 0 0 0 0 0
geno chr1.1055901 tsi  0 1 0 0 0 0 1 0 1 0 1 0 0 0 1 0 0 0 1 0 0 1 0 1 1 0 0 2 1 0 0 1 0 0 0 0 0 1 0 0 1 0 0 1 0 0 0 0 0 1 0 0 0 1 0 0 0 0 0 0 0 0 1 0 0 0 0 1 0 0 2 1 1 0 0 1 0 0 0 0 0 0 0 0 1 0 0 0 0 1 0 0
geno chr1.1055901 yri  0 0 0 1 0 0 0 1 0 0 0 1 0 0 0 0 0 1 0 0 1 0 0 0 0 0 0 0 1 0 0 0 0 0 0 0 1 0 0 2 0 0 0 0 0 0 0 0 0 0 0 0 1 0 1 1 0 0 0 0 0 0 0 0 0 0 0 0 0 0 0 1 0 1 0 0 0
geno chr1.1056006 ceu  0 0 0 0 0 0 0 0 0 0 0 0 0 0 0 0 0 1 0 0 0 0 0 0 0 0 0 0 0 0 0 0 0 0 0 0 0 0 0 0 0 0 0 0 0 0 0 0 0 0 0 0 0 0 0 0 0 0 0 0 0 0 0 0 0 0 0 0 0 1 0 0 0 0 0 0 0 0
geno chr1.1056006 fin  0 1 0 0 0 0 0 0 0 0 0 0 0 0 0 0 0 0 0 0 0 0 0 0 0 0 0 0 0 0 0 0 0 0 0 0 0 0 0 1 0 1 0 0 0 1 1 1 0 0 0 0 0 0 0 0 0 0 0 0 0 0 0 0 1 0 0 0 0 0 0 0 0 0 0 0 1 0 0 0 0 0 1 0 0 0 0 0 1
geno chr1.1056006 gbr  0 0 0 1 0 0 0 0 0 0 0 0 0 0 0 0 0 0 0 0 0 0 0 0 0 0 0 0 1 0 0 0 0 0 0 0 1 0 0 0 0 0 0 0 0 0 0 0 0 0 0 0 0 0 0 1 0 0 0 0 0 0 0 0 0 0 0 0 0 0 0 0 0 0 0 0 0 0 0 0 0 0 0 0
geno chr1.1056006 tsi  0 0 0 0 0 0 0 0 0 0 0 0 0 0 0 1 0 0 0 1 0 0 0 0 0 0 0 0 0 0 0 0 0 0 0 0 0 0 0 0 0 0 0 0 1 0 0 0 0 0 0 0 0 0 0 0 0 0 1 0 0 0 0 0 0 0 0 0 0 0 0 0 0 0 0 0 0 0 0 0 0 1 0 0 0 0 0 0 0 0 0 0
geno chr1.1056006 yri  0 0 0 0 1 1 1 0 0 2 1 0 0 0 0 2 1 0 1 0 0 0 2 2 2 0 1 1 1 0 2 1 0 1 0 1 1 1 1 0 0 1 1 2 2 0 0 1 1 1 2 1 1 1 0 0 1 0 1 1 0 1 0 0 0 0 0 0 1 0 1 1 0 0 0 1 0
geno chr1.1056151 ceu  0 0 0 0 0 0 0 0 0 0 0 0 0 0 0 0 0 1 0 0 0 0 0 0 0 0 0 0 0 0 0 0 0 0 0 0 0 0 0 0 0 0 0 0 0 0 0 0 0 0 0 0 0 0 0 0 0 0 0 0 0 0 0 0 0 0 0 0 0 1 0 0 0 0 0 0 0 0
geno chr1.1056151 fin  0 1 0 0 0 0 0 0 0 0 0 0 0 0 0 0 0 0 0 0 0 0 0 0 0 0 0 0 0 0 0 0 0 0 0 0 0 0 0 1 0 1 0 0 0 1 1 1 0 0 0 0 0 0 0 0 0 0 0 0 0 0 0 0 1 0 0 0 0 0 0 0 0 0 0 0 1 0 0 0 0 0 1 0 0 0 0 0 1
geno chr1.1056151 gbr  0 0 0 1 0 0 0 0 0 0 0 0 0 0 0 0 0 0 0 0 0 0 0 0 0 0 0 0 1 0 0 0 0 0 0 0 1 0 0 0 0 0 0 0 0 0 0 0 0 0 0 0 0 0 0 1 0 0 0 0 0 0 0 0 0 0 0 0 0 0 0 0 0 0 0 0 0 0 0 0 0 0 0 0
geno chr1.1056151 tsi  0 0 0 0 0 0 0 0 0 0 0 0 0 0 0 1 0 0 0 1 0 0 0 0 0 0 0 0 0 0 0 0 0 0 0 0 0 0 0 0 0 0 0 0 1 0 0 0 0 0 0 0 0 0 0 0 0 0 1 0 0 0 0 0 0 0 0 0 0 0 0 0 0 0 0 0 0 0 0 0 0 1 0 0 0 0 0 0 0 0 0 0
geno chr1.1056151 yri  0 0 0 0 1 2 1 0 0 2 1 0 0 0 0 2 1 0 1 0 0 0 2 2 2 0 1 1 1 0 2 1 0 1 0 1 1 1 1 0 0 1 1 1 2 0 1 1 1 1 2 1 1 1 0 0 1 0 1 1 0 1 0 0 0 0 0 0 1 0 1 1 0 0 0 1 0
geno chr1.1056201 ceu  0 0 0 0 0 0 0 0 0 0 0 0 0 0 0 0 0 1 0 0 0 0 0 0 0 0 0 0 0 0 0 0 0 0 0 0 0 0 0 0 0 0 0 0 0 0 0 0 0 0 0 0 0 0 0 0 0 0 0 0 0 0 0 0 0 0 0 0 0 1 0 0 0 0 0 0 0 0
geno chr1.1056201 fin  0 1 0 0 0 0 0 0 0 0 0 0 0 0 0 0 0 0 0 0 0 0 0 0 0 0 0 0 0 0 0 0 0 0 0 0 0 0 0 1 0 1 0 0 0 1 1 1 0 0 0 0 0 0 0 0 0 0 0 0 0 0 0 0 1 0 0 0 0 0 0 0 0 0 0 0 1 0 0 0 0 0 1 0 0 0 0 0 1
geno chr1.1056201 gbr  0 0 0 1 0 0 0 0 0 0 0 0 0 0 0 0 0 0 0 0 0 0 0 0 0 0 0 0 1 0 0 0 0 0 0 0 1 0 0 0 0 0 0 0 0 0 0 0 0 0 0 0 0 0 0 1 0 0 0 0 0 0 0 0 0 0 0 0 0 0 0 0 0 0 0 0 0 0 0 0 0 0 0 0
geno chr1.1056201 tsi  0 0 0 0 0 0 0 0 0 0 0 0 0 0 0 1 0 0 0 1 0 0 0 0 0 0 0 0 0 0 0 0 0 0 0 0 0 0 0 0 0 0 0 0 1 0 0 0 0 0 0 0 0 0 0 0 0 0 1 0 0 0 0 0 0 0 0 0 0 0 0 0 0 0 0 0 0 0 0 0 0 1 0 0 0 0 0 0 0 0 0 0
geno chr1.1056201 yri  0 0 0 0 1 1 1 0 0 2 1 0 0 0 0 2 1 0 1 0 0 0 2 2 2 0 1 1 1 0 2 1 0 1 0 1 1 1 1 0 0 1 1 2 2 0 1 1 1 1 2 1 1 1 0 0 1 0 0 1 0 1 0 0 0 0 0 0 1 0 1 1 0 0 0 1 0
geno chr1.1056269 ceu  1 1 0 1 0 0 0 0 0 0 0 0 0 0 0 0 0 1 0 0 0 0 0 0 1 0 0 0 0 0 0 0 0 0 0 0 0 0 0 0 1 0 0 0 0 1 0 1 1 0 1 0 0 0 0 0 1 2 0 0 0 0 0 0 1 0 0 0 0 0 0 0 0 1 0 0 0 0
geno chr1.1056269 fin  0 0 0 1 0 0 0 0 0 1 0 0 0 0 0 0 0 0 0 0 0 0 0 0 0 1 0 0 0 0 1 0 0 0 0 0 0 0 0 0 0 0 0 1 0 0 0 0 0 0 0 0 0 0 0 0 0 0 0 0 0 0 0 0 0 0 0 0 0 0 0 0 0 0 0 0 0 0 0 0 0 0 0 0 0 0 1 0 0
geno chr1.1056269 gbr  0 0 1 0 0 0 0 0 0 0 0 0 0 0 1 0 0 0 0 0 0 0 0 0 0 0 0 0 0 0 0 1 1 1 0 1 0 0 0 0 0 0 0 0 0 0 1 0 0 0 1 1 0 1 0 0 0 0 0 0 0 0 0 0 0 0 0 0 0 0 0 0 0 0 0 0 0 0 2 0 0 0 0 0
geno chr1.1056269 tsi  0 1 0 0 0 0 1 0 1 0 1 0 0 0 1 0 0 0 1 0 0 1 0 1 1 0 0 2 1 0 0 1 0 0 0 0 0 1 0 0 1 0 0 1 0 0 0 0 0 1 0 0 0 1 0 0 0 0 0 0 0 0 1 0 0 0 0 1 0 0 2 1 1 0 0 1 0 0 0 0 0 0 0 0 1 0 0 0 0 1 0 0
geno chr1.1056269 yri  1 1 0 1 0 0 1 1 0 0 0 1 0 1 0 0 0 1 0 1 1 0 0 0 0 0 0 0 1 0 0 0 0 0 0 0 1 1 1 2 0 0 0 0 0 0 0 1 0 0 0 0 1 0 1 1 0 0 0 0 0 0 0 0 0 0 0 0 0 0 0 1 0 1 0 0 0
geno chr1.1056348 ceu  1 1 0 1 0 0 0 0 0 0 0 0 0 0 0 0 0 2 0 0 0 0 0 0 1 0 0 0 0 0 0 0 0 0 0 0 0 0 0 0 1 0 0 0 0 1 0 1 1 0 1 0 0 0 0 0 1 2 0 0 0 0 0 0 1 0 0 0 0 1 0 0 0 1 0 0 0 0
geno chr1.1056348 fin  0 1 0 1 0 0 0 0 0 1 0 0 0 0 0 0 0 0 0 0 0 0 0 0 0 1 0 0 0 0 1 0 0 0 0 0 0 0 0 1 0 1 0 1 0 1 1 1 0 0 0 0 0 0 0 0 0 0 0 0 0 0 0 0 1 0 0 0 0 0 0 0 0 0 0 0 1 0 0 0 0 0 1 0 0 0 1 0 1
geno chr1.1056348 gbr  0 0 1 1 0 0 0 0 0 0 0 0 0 0 1 0 0 0 0 0 0 0 0 0 0 0 0 0 1 0 0 1 1 1 0 1 1 0 0 0 0 0 0 0 0 0 1 0 0 0 1 1 0 1 0 1 0 0 0 0 0 0 0 0 0 0 0 0 0 0 0 0 0 0 0 0 0 0 2 0 0 0 0 0
geno chr1.1056348 tsi  0 1 0 0 0 0 1 0 1 0 1 0 0 0 1 1 0 0 1 1 0 1 0 1 1 0 0 2 1 0 0 1 0 0 0 0 0 1 0 0 1 0 0 1 1 0 0 0 0 1 0 0 0 1 0 0 0 0 1 0 0 0 1 0 0 0 0 1 0 0 2 1 1 0 0 1 0 0 0 0 0 1 0 0 1 0 0 0 0 1 0 0
geno chr1.1056348 yri  1 1 0 1 1 2 2 1 0 2 1 1 0 1 0 2 1 1 1 1 1 0 2 2 2 0 1 1 2 0 2 1 0 1 0 1 2 2 2 2 0 1 1 2 2 0 1 2 1 1 2 1 2 1 1 1 1 0 1 1 0 1 0 0 0 0 0 0 1 0 1 2 0 1 0 1 0
geno chr1.1056715 ceu  1 1 0 1 0 0 0 0 0 0 0 0 0 0 0 0 0 2 0 0 0 0 0 0 1 0 0 0 0 0 0 0 0 0 0 0 0 0 0 0 1 0 0 0 0 1 0 1 1 0 1 0 0 0 0 0 1 2 0 0 0 0 0 0 1 0 0 0 0 1 0 0 0 1 0 0 0 0
geno chr1.1056715 fin  0 1 0 1 0 0 0 0 0 1 0 0 0 0 0 0 0 0 0 0 0 0 0 0 0 1 0 0 0 0 1 0 0 0 0 0 0 0 0 1 0 1 0 1 0 1 1 1 0 0 0 0 0 0 0 0 0 0 0 0 0 0 0 0 1 0 0 0 0 0 0 0 0 0 0 0 1 0 0 0 0 0 1 0 0 0 1 0 1
geno chr1.1056715 gbr  0 0 1 1 0 0 0 0 0 0 0 0 0 0 1 0 0 0 0 0 0 0 0 0 0 0 0 0 1 0 0 1 1 1 0 1 1 0 0 0 0 0 0 0 0 0 1 0 0 0 1 1 0 1 0 1 0 0 0 0 0 0 0 0 0 0 0 0 0 0 0 0 0 0 0 0 0 0 2 0 0 0 0 0
geno chr1.1056715 tsi  0 1 0 0 0 0 1 0 1 0 1 0 0 0 1 1 0 0 1 1 0 1 0 1 1 0 0 2 1 0 0 1 0 0 0 0 0 1 0 0 1 0 0 1 1 0 0 0 0 1 0 0 0 1 0 0 0 0 1 0 0 0 1 0 0 0 0 1 0 0 2 1 1 0 0 1 0 0 0 0 0 1 0 0 1 0 0 0 0 1 0 0
geno chr1.1056715 yri  1 1 1 1 1 2 2 1 0 2 1 1 0 1 2 2 1 1 1 1 1 2 2 2 2 1 1 1 2 0 2 2 1 1 0 1 2 2 2 2 0 2 1 2 2 0 1 2 1 1 2 1 2 1 1 1 1 0 1 1 0 1 0 1 0 1 0 0 1 1 1 2 0 1 0 1 1
geno chr1.1056939 ceu  1 1 0 1 0 0 0 0 0 0 0 0 0 0 0 0 0 1 0 0 0 0 0 0 1 0 0 0 0 0 0 0 0 0 0 0 0 0 0 0 1 0 0 0 0 1 0 1 1 0 1 0 0 0 0 0 1 2 0 0 0 0 0 0 1 0 0 0 0 0 0 0 0 1 0 0 0 0
geno chr1.1056939 fin  0 0 0 1 0 0 0 0 0 1 0 0 0 0 0 0 0 0 0 0 0 0 0 0 0 1 0 0 0 0 1 0 0 0 0 0 0 0 0 0 0 0 0 1 0 0 0 0 0 0 0 0 0 0 0 0 0 0 0 0 0 0 0 0 0 0 0 0 0 0 0 0 0 0 0 0 0 0 0 0 0 0 0 0 0 0 1 0 0
geno chr1.1056939 gbr  0 0 1 0 0 0 0 0 0 0 0 0 0 0 1 0 0 0 0 0 0 0 0 0 0 0 0 0 0 0 0 1 1 1 0 1 0 0 0 0 0 0 0 0 0 0 1 0 0 0 1 1 0 1 0 0 0 0 0 0 0 0 0 0 0 0 0 0 0 0 0 0 0 0 0 0 0 0 2 0 0 0 0 0
geno chr1.1056939 tsi  0 1 0 0 0 0 1 0 1 0 1 0 0 0 1 0 0 0 1 0 0 1 0 1 1 0 0 2 1 0 0 1 0 0 0 0 0 1 0 0 1 0 0 1 0 0 0 0 0 1 0 0 0 1 0 0 0 0 0 0 0 0 1 0 0 0 0 1 0 0 2 1 1 0 0 1 0 0 0 0 0 0 0 0 1 0 0 0 0 1 0 0
geno chr1.1056939 yri  0 0 0 1 0 0 0 1 0 0 0 1 0 0 0 0 0 1 0 0 1 0 0 0 0 0 0 0 1 0 0 0 0 0 0 0 1 0 0 2 0 0 0 0 0 0 0 0 0 0 0 0 1 0 1 1 0 0 0 0 0 0 0 0 0 0 0 0 0 0 0 1 0 1 0 0 0
geno chr1.1057422 ceu  1 1 0 1 0 0 0 0 0 0 0 0 0 0 0 0 0 1 0 0 0 0 0 0 1 0 0 0 0 0 0 0 0 0 0 0 0 0 0 0 1 0 0 0 0 1 0 1 1 0 1 0 0 0 0 0 1 2 0 0 0 0 0 0 1 0 0 0 0 0 0 0 0 1 0 0 0 0
geno chr1.1057422 fin  0 0 0 1 0 0 0 0 0 1 0 0 0 0 0 0 0 0 0 0 0 0 0 0 0 1 0 0 0 0 1 0 0 0 0 0 0 0 0 0 0 0 0 1 0 0 0 0 0 0 0 0 0 0 0 0 0 0 0 0 0 0 0 0 0 0 0 0 0 0 0 0 0 0 0 0 0 0 0 0 0 0 0 0 0 0 1 0 0
geno chr1.1057422 gbr  0 0 1 0 0 0 0 0 0 0 0 0 0 0 1 0 0 0 0 0 0 0 0 0 0 0 0 0 0 0 0 1 1 1 0 1 0 0 0 0 0 0 0 0 0 0 1 0 0 0 1 1 0 1 0 0 0 0 0 0 0 0 0 0 0 0 0 0 0 0 0 0 0 0 0 0 0 0 2 0 0 0 0 0
geno chr1.1057422 tsi  0 1 0 0 0 0 1 0 1 0 1 0 0 0 1 0 0 0 1 0 0 1 0 1 1 0 0 2 1 0 0 1 0 0 0 0 0 1 0 0 1 0 0 1 0 0 0 0 0 1 0 0 0 1 0 0 0 0 0 0 0 0 1 0 0 0 0 1 0 0 2 1 1 0 0 1 0 0 0 0 0 0 0 0 1 0 0 0 0 1 0 0
geno chr1.1057422 yri  1 1 0 1 0 0 1 1 0 0 0 1 0 1 0 0 0 1 0 1 1 0 0 0 0 0 0 0 1 0 0 0 0 0 0 0 1 1 1 2 0 0 0 0 0 0 0 1 0 0 0 0 1 0 1 1 0 0 0 0 0 0 0 0 0 0 0 0 0 0 0 1 0 1 0 0 0
geno chr1.1057508 ceu  1 1 0 1 0 0 0 0 0 0 0 0 0 0 0 0 0 1 0 0 0 0 0 0 1 0 0 0 0 0 0 0 0 0 0 0 0 0 0 0 1 0 0 0 0 1 0 1 1 0 1 0 0 0 0 0 1 2 0 0 0 0 0 0 1 0 0 0 0 0 0 0 0 1 0 0 0 0
geno chr1.1057508 fin  0 0 0 1 0 0 0 0 0 1 0 0 0 0 0 0 0 0 0 0 0 0 0 0 0 1 0 0 0 0 1 0 0 0 0 0 0 0 0 0 0 0 0 1 0 0 0 0 0 0 0 0 0 0 0 0 0 0 0 0 0 0 0 0 0 0 0 0 0 0 0 0 0 0 0 0 0 0 0 0 0 0 0 0 0 0 1 0 0
geno chr1.1057508 gbr  0 0 1 0 0 0 0 0 0 0 0 0 0 0 1 0 0 0 0 0 0 0 0 0 0 0 0 0 0 0 0 1 1 1 0 1 0 0 0 0 0 0 0 0 0 0 1 0 0 0 1 1 0 1 0 0 0 0 0 0 0 0 0 0 0 0 0 0 0 0 0 0 0 0 0 0 0 0 2 0 0 0 0 0
geno chr1.1057508 tsi  0 1 0 0 0 0 1 0 1 0 1 0 0 0 1 0 0 0 1 0 0 1 0 1 1 0 0 2 1 0 0 1 0 0 0 0 0 1 0 0 1 0 0 1 0 0 0 0 0 1 0 0 0 1 0 0 0 0 0 0 0 0 1 0 0 0 0 1 0 0 2 1 1 0 0 1 0 0 0 0 0 0 0 0 1 0 0 0 0 1 0 0
geno chr1.1057508 yri  0 0 0 1 0 0 0 1 0 0 0 1 0 0 0 0 0 1 0 0 1 0 0 0 0 0 0 0 1 0 0 0 0 0 0 0 1 0 0 2 0 0 0 0 0 0 0 0 0 0 0 0 1 0 1 1 0 0 0 0 0 0 0 0 0 0 0 0 0 0 0 1 0 1 0 0 0
geno chr1.1057524 ceu  1 1 0 1 0 0 0 0 0 0 0 0 0 0 0 0 0 1 0 0 0 0 0 0 1 0 0 0 0 0 0 0 0 0 0 0 0 0 0 0 1 0 0 0 0 1 0 1 1 0 1 0 0 0 0 0 1 2 0 0 0 0 0 0 1 0 0 0 0 0 0 0 0 1 0 0 0 0
geno chr1.1057524 fin  0 0 0 1 0 0 0 0 0 1 0 0 0 0 0 0 0 0 0 0 0 0 0 0 0 1 0 0 0 0 1 0 0 0 0 0 0 0 0 0 0 0 0 1 0 0 0 0 0 0 0 0 0 0 0 0 0 0 0 0 0 0 0 0 0 0 0 0 0 0 0 0 0 0 0 0 0 0 0 0 0 0 0 0 0 0 1 0 0
geno chr1.1057524 gbr  0 0 1 0 0 0 0 0 0 0 0 0 0 0 1 0 0 0 0 0 0 0 0 0 0 0 0 0 0 0 0 1 1 1 0 1 0 0 0 0 0 0 0 0 0 0 1 0 0 0 1 1 0 1 0 0 0 0 0 0 0 0 0 0 0 0 0 0 0 0 0 0 0 0 0 0 0 0 2 0 0 0 0 0
geno chr1.1057524 tsi  0 1 0 0 0 0 1 0 1 0 1 0 0 0 1 0 0 0 1 0 0 1 0 1 1 0 0 2 1 0 0 1 0 0 0 0 0 1 0 0 1 0 0 1 0 0 0 0 0 1 0 0 0 1 0 0 0 0 0 0 0 0 1 0 0 0 0 1 0 0 2 1 1 0 0 1 0 0 0 0 0 0 0 0 1 0 0 0 0 1 0 0
geno chr1.1057524 yri  0 0 0 1 0 0 0 1 0 0 0 1 0 0 0 0 0 1 0 0 1 0 0 0 0 0 0 0 1 0 0 0 0 0 0 0 1 0 0 2 0 0 0 0 0 0 0 0 0 0 0 0 1 0 1 1 0 0 0 0 0 0 0 0 0 0 0 0 0 0 0 1 0 1 0 0 0
geno chr1.1058029 ceu  1 1 0 1 0 0 0 0 0 0 0 0 0 0 0 0 0 1 0 0 0 0 0 0 1 0 0 0 0 0 0 0 0 0 0 0 0 0 0 0 1 0 0 0 0 1 0 1 1 0 1 0 0 0 0 0 1 2 0 0 0 0 0 0 1 0 0 0 0 0 0 0 0 1 0 0 0 0
geno chr1.1058029 fin  0 0 0 1 0 0 0 0 0 1 0 0 0 0 0 0 0 0 0 0 0 0 0 0 0 1 0 0 0 0 1 0 0 0 0 0 0 0 0 0 0 0 0 1 0 0 0 0 0 0 0 0 0 0 0 0 0 0 0 0 0 0 0 0 0 0 0 0 0 0 0 0 0 0 0 0 0 0 0 0 0 0 0 0 0 0 1 0 0
geno chr1.1058029 gbr  0 0 1 0 0 0 0 0 0 0 0 0 0 0 1 0 0 0 0 0 0 0 0 0 0 0 0 0 0 0 0 1 1 1 0 1 0 0 0 0 0 0 0 0 0 0 1 0 0 0 1 1 0 1 0 0 0 0 0 0 0 0 0 0 0 0 0 0 0 0 0 0 0 0 0 0 0 0 2 0 0 0 0 0
geno chr1.1058029 tsi  0 1 0 0 0 0 1 0 1 0 1 0 0 0 1 0 0 0 1 0 0 1 0 1 1 0 0 2 1 0 0 1 0 0 0 0 0 1 0 0 1 0 0 1 0 0 0 0 0 1 0 0 0 1 0 0 0 0 0 0 0 0 1 0 0 0 0 1 0 0 2 1 1 0 0 1 0 0 0 0 0 0 0 0 1 0 0 0 0 1 0 0
geno chr1.1058029 yri  1 0 0 1 0 0 1 1 0 0 0 1 0 1 0 0 0 1 0 0 1 0 0 0 0 0 0 0 1 0 0 0 0 0 0 0 1 0 1 2 0 0 0 0 0 0 0 1 0 0 0 0 1 0 1 1 0 0 0 0 0 0 0 0 0 0 0 0 0 0 0 1 0 1 0 0 0
geno chr1.1058635 ceu  1 1 0 1 0 0 0 0 0 0 0 0 0 0 0 0 0 1 0 0 0 0 0 0 1 0 0 0 0 0 0 0 0 0 0 0 0 0 0 0 1 0 0 0 0 1 0 1 1 0 1 0 0 0 0 0 1 2 0 0 0 0 0 0 1 0 0 0 0 0 0 0 0 1 0 0 0 0
geno chr1.1058635 fin  0 0 0 1 0 0 0 0 0 1 0 0 0 0 0 0 0 0 0 0 0 0 0 0 0 1 0 0 0 0 1 0 0 0 0 0 0 0 0 0 0 0 0 1 0 0 0 0 0 0 0 0 0 0 0 0 0 0 0 0 0 0 0 0 0 0 0 0 0 0 0 0 0 0 0 0 0 0 0 0 0 0 0 0 0 0 1 0 0
geno chr1.1058635 gbr  0 0 1 0 0 0 0 0 0 0 0 0 0 0 1 0 0 0 0 0 0 0 0 0 0 0 0 0 0 0 0 1 1 1 0 1 0 0 0 0 0 0 0 0 0 0 1 0 0 0 1 1 0 1 0 0 0 0 0 0 0 0 0 0 0 0 0 0 0 0 0 0 0 0 0 0 0 0 2 0 0 0 0 0
geno chr1.1058635 tsi  0 1 0 0 0 0 1 0 1 0 1 0 0 0 1 0 0 0 1 0 0 1 0 1 1 0 0 2 1 0 0 1 0 0 0 0 0 1 0 0 1 0 0 1 0 0 0 0 0 1 0 0 0 1 0 0 0 0 0 0 0 0 1 0 0 0 0 1 0 0 2 1 1 0 0 1 0 0 0 0 0 0 0 0 1 0 0 0 0 1 0 0
geno chr1.1058635 yri  0 0 0 1 0 0 0 1 0 0 0 1 0 0 0 0 0 1 0 0 0 0 0 0 0 0 0 0 1 0 0 0 0 0 0 0 0 0 0 2 0 0 0 0 0 0 0 0 0 0 0 0 1 0 0 1 0 0 0 0 0 0 0 0 0 0 0 0 0 0 0 1 0 1 0 0 0
geno chr1.1058889 ceu  1 1 0 1 0 0 0 0 0 0 0 0 0 0 0 0 0 1 0 0 0 0 0 0 1 0 0 0 0 0 0 0 0 0 0 0 0 0 0 0 1 0 0 0 0 1 0 1 1 0 1 0 0 0 0 0 1 2 0 0 0 0 0 0 1 0 0 0 0 0 0 0 0 1 0 0 0 0
geno chr1.1058889 fin  0 0 0 1 0 0 0 0 0 1 0 0 0 0 0 0 0 0 0 0 0 0 0 0 0 1 0 0 0 0 1 0 0 0 0 0 0 0 0 0 0 0 0 1 0 0 0 0 0 0 0 0 0 0 0 0 0 0 0 0 0 1 0 0 0 0 0 0 0 0 0 0 0 0 0 0 0 0 0 0 0 0 0 0 0 0 1 0 0
geno chr1.1058889 gbr  0 0 1 0 0 0 0 0 0 1 0 0 0 0 1 0 0 0 0 0 1 0 0 0 0 0 0 1 0 0 0 1 1 1 0 1 0 0 0 0 0 0 0 0 0 0 1 0 0 0 1 1 0 1 0 0 0 0 0 0 0 0 0 0 0 0 0 0 0 0 0 0 0 0 0 0 0 0 2 0 0 0 0 0
geno chr1.1058889 tsi  0 1 0 0 0 0 1 0 1 0 1 0 0 0 1 0 0 0 1 0 0 1 0 1 1 0 0 2 1 0 0 1 0 0 0 0 0 1 0 0 1 0 0 1 0 0 0 0 0 1 0 0 0 1 0 0 0 0 0 0 0 0 1 0 0 0 0 1 0 0 2 1 1 0 0 1 0 0 0 0 0 0 0 0 1 0 0 0 0 1 0 0
geno chr1.1058889 yri  1 1 0 1 0 0 0 1 0 0 0 1 0 1 0 0 0 1 0 1 1 0 0 0 0 0 0 0 1 0 0 0 0 0 0 0 0 1 0 2 0 0 0 0 0 0 0 0 0 0 0 0 1 0 1 1 0 0 0 0 0 0 0 0 0 0 0 0 0 0 0 1 0 1 0 0 0
geno chr1.1058961 ceu  0 0 0 0 0 0 0 0 0 0 0 0 0 0 0 0 0 1 0 0 0 0 0 0 0 0 0 0 0 0 0 0 0 0 0 0 0 0 0 0 0 0 0 0 0 0 0 0 0 0 0 0 0 0 0 0 0 0 0 0 0 0 0 0 0 0 0 0 0 0 0 0 0 0 0 0 0 0
geno chr1.1058961 fin  0 0 0 0 0 0 0 0 0 0 0 0 0 0 0 0 0 0 0 0 0 0 0 0 0 0 0 0 0 0 0 0 1 0 0 0 0 0 0 0 0 1 0 0 0 1 1 0 0 0 0 0 0 0 0 0 0 0 0 0 0 0 0 0 0 0 0 0 0 0 0 0 0 0 0 0 0 0 0 0 0 0 0 0 0 0 0 1 0
geno chr1.1058961 gbr  0 0 0 0 0 0 0 0 0 0 0 0 0 0 0 0 0 0 0 0 0 0 0 0 0 0 0 0 0 0 0 0 0 0 0 0 0 0 0 0 0 0 0 0 0 0 0 0 0 0 0 0 0 0 0 0 0 0 0 0 0 0 0 0 0 0 0 0 0 0 0 0 0 0 0 0 0 0 0 0 0 0 0 0
geno chr1.1058961 tsi  0 0 0 0 0 0 0 0 0 0 0 0 0 0 0 0 0 0 0 1 0 0 0 0 0 0 0 0 0 0 0 0 0 0 0 0 0 0 0 0 0 0 0 0 0 0 0 0 0 0 0 0 0 0 0 0 0 0 1 0 0 0 0 0 0 0 0 0 0 0 0 0 0 0 0 0 0 0 0 0 0 0 0 0 0 0 0 0 0 0 1 0
geno chr1.1058961 yri  0 0 0 0 1 1 0 0 0 0 0 0 0 0 0 1 0 0 0 0 0 0 1 1 0 0 0 1 1 0 0 0 0 0 0 0 0 1 0 0 0 0 1 2 0 0 0 0 0 1 2 0 0 1 0 0 1 0 1 1 0 1 0 0 0 0 0 0 0 0 0 0 0 0 0 0 0
geno chr1.1058978 ceu  0 0 0 0 0 0 0 0 0 0 0 0 0 0 0 0 0 1 0 0 0 0 0 0 0 0 0 0 0 0 0 0 0 0 0 0 0 0 0 0 0 0 0 0 0 0 0 0 0 0 0 0 0 0 0 0 0 0 0 0 0 0 0 0 0 0 0 0 0 1 0 0 0 0 0 0 0 0
geno chr1.1058978 fin  0 1 0 0 0 0 0 0 0 0 0 0 0 0 0 0 0 0 0 0 0 0 0 0 0 0 0 0 0 0 0 0 0 0 0 0 0 0 0 1 0 1 0 0 0 1 1 1 0 0 0 0 0 0 0 0 0 0 0 0 0 0 0 0 1 0 0 0 0 0 0 0 0 0 0 0 1 0 0 0 0 0 1 0 0 0 0 0 1
geno chr1.1058978 gbr  0 0 0 1 0 0 0 0 0 0 0 0 0 0 0 0 0 0 0 0 0 0 0 0 0 0 0 0 1 0 0 0 0 0 0 0 1 0 0 0 0 0 0 0 0 0 0 0 0 0 0 0 0 0 0 1 0 0 0 0 0 0 0 0 0 0 0 0 0 0 0 0 0 0 0 0 0 0 0 0 0 0 0 0
geno chr1.1058978 tsi  0 0 0 0 0 0 0 0 0 0 0 0 0 0 0 1 0 0 0 1 0 0 0 0 0 0 0 0 0 0 0 0 0 0 0 0 0 0 0 0 0 0 0 0 0 0 0 0 0 0 0 0 0 0 0 0 0 0 1 0 0 0 0 0 0 0 0 0 0 0 0 0 0 0 0 0 0 0 0 0 0 1 0 0 0 0 0 0 0 0 0 0
geno chr1.1058978 yri  0 0 0 0 1 1 0 0 0 1 1 0 0 0 0 1 0 0 1 0 0 0 2 2 1 0 0 0 1 0 2 1 0 1 0 1 0 1 1 0 0 0 1 2 1 0 0 0 0 1 2 0 1 1 0 0 1 0 1 1 0 1 0 0 0 0 0 0 1 0 0 0 0 0 0 1 0
geno chr1.1059269 ceu  1 1 0 1 0 0 0 0 0 0 0 0 0 0 0 0 0 1 0 0 0 0 0 0 1 0 0 0 0 0 0 0 0 0 0 0 0 0 0 0 1 0 0 0 0 1 0 1 1 0 1 0 0 0 0 0 1 2 0 0 0 0 0 0 1 0 0 0 0 0 0 0 0 1 0 0 0 0
geno chr1.1059269 fin  0 0 0 1 0 0 0 0 0 1 0 0 0 0 0 0 0 0 0 0 0 0 0 0 0 1 0 0 0 0 1 0 0 0 0 0 0 0 0 0 0 0 0 1 0 0 0 0 0 0 0 0 0 0 0 0 0 0 0 0 0 0 0 0 0 0 0 0 0 0 0 0 0 0 0 0 0 0 0 0 0 0 0 0 0 0 1 0 0
geno chr1.1059269 gbr  0 0 1 0 0 0 0 0 0 0 0 0 0 0 1 0 0 0 0 0 0 0 0 0 0 0 0 0 0 0 0 1 1 1 0 1 0 0 0 0 0 0 0 0 0 0 1 0 0 0 1 1 0 1 0 0 0 0 0 0 0 0 0 0 0 0 0 0 0 0 0 0 0 0 0 0 0 0 2 0 0 0 0 0
geno chr1.1059269 tsi  0 1 0 0 0 0 1 0 1 0 1 0 0 0 1 0 0 0 1 0 0 1 0 1 1 0 0 2 1 0 0 1 0 0 0 0 0 1 0 0 1 0 0 1 0 0 0 0 0 1 0 0 0 1 0 0 0 0 0 0 0 0 1 0 0 0 0 1 0 0 2 1 1 0 0 1 0 0 0 0 0 0 0 0 1 0 0 0 0 1 0 0
geno chr1.1059269 yri  0 0 0 1 0 0 0 1 0 0 0 1 0 0 0 0 0 1 0 0 1 0 0 0 0 0 0 0 1 0 0 0 0 0 0 0 0 0 0 2 0 0 0 0 0 0 0 0 0 0 0 0 1 0 1 1 0 0 0 0 0 0 0 0 0 0 0 0 0 0 0 1 0 1 0 0 0
geno chr1.1059270 ceu  0 0 0 0 0 0 0 0 0 0 0 0 0 0 0 0 0 1 0 0 0 0 0 0 0 0 0 0 0 0 0 0 0 0 0 0 0 0 0 0 0 0 0 0 0 0 0 0 0 0 0 0 0 0 0 0 0 0 0 0 0 0 0 0 0 0 0 0 0 1 0 0 0 0 0 0 0 0
geno chr1.1059270 fin  0 1 0 0 0 0 0 0 0 0 0 0 0 0 0 0 0 0 0 0 0 0 0 0 0 0 0 0 0 0 0 0 0 0 0 0 0 0 0 1 0 1 0 0 0 1 1 1 0 0 0 0 0 0 0 0 0 0 0 0 0 0 0 0 1 0 0 0 0 0 0 0 0 0 0 0 1 0 0 0 0 0 1 0 0 0 0 0 1
geno chr1.1059270 gbr  0 0 0 1 0 0 0 0 0 0 0 0 0 0 0 0 0 0 0 0 0 0 0 0 0 0 0 0 1 0 0 0 0 0 0 0 1 0 0 0 0 0 0 0 0 0 0 0 0 0 0 0 0 0 0 1 0 0 0 0 0 0 0 0 0 0 1 0 0 0 0 0 0 0 0 0 0 0 0 0 0 0 0 0
geno chr1.1059270 tsi  0 0 0 0 0 0 0 0 0 0 0 0 0 0 0 1 0 0 0 1 0 0 0 0 0 0 0 0 0 0 0 0 0 0 0 0 0 0 0 0 0 0 0 0 0 0 0 0 0 0 0 0 0 0 0 0 0 0 1 0 0 0 0 0 0 0 0 0 0 0 0 0 0 0 0 0 0 0 0 0 0 1 0 0 0 0 0 0 0 0 0 0
geno chr1.1059270 yri  0 0 0 0 1 2 0 0 0 1 1 0 0 0 0 1 0 0 2 0 0 0 2 2 1 0 0 1 1 0 2 1 0 1 0 1 0 1 1 0 0 0 1 2 1 0 1 0 0 1 2 0 1 1 0 0 1 0 1 1 0 1 0 0 0 0 0 0 1 0 0 0 0 0 0 1 0
geno chr1.1060043 ceu  1 1 0 1 0 0 0 0 0 0 0 0 0 0 0 0 0 1 0 0 0 0 0 0 1 0 0 0 0 0 0 0 0 0 0 0 0 0 0 0 1 0 0 0 0 1 0 1 1 0 1 0 0 0 0 0 1 2 0 0 0 0 0 0 1 0 0 0 0 0 0 0 0 1 0 0 0 0
geno chr1.1060043 fin  0 0 0 1 0 0 0 0 0 1 0 0 0 0 0 0 0 0 0 0 0 0 0 0 0 1 0 0 0 0 1 0 0 0 0 0 0 0 0 0 0 0 0 1 0 0 0 0 0 0 0 0 0 0 0 0 0 0 0 0 0 0 0 0 0 0 0 0 0 0 0 0 0 0 0 0 0 0 0 0 0 0 0 0 0 0 1 0 0
geno chr1.1060043 gbr  0 0 1 0 0 0 0 0 0 0 0 0 0 0 1 0 0 0 0 0 0 0 0 0 0 0 0 0 0 0 0 1 1 1 0 1 0 0 0 0 0 0 0 0 0 0 1 0 0 0 1 1 0 1 0 0 0 0 0 0 0 0 0 0 0 0 0 0 0 0 0 0 0 0 0 0 0 0 2 0 0 0 0 0
geno chr1.1060043 tsi  0 1 0 0 0 0 1 0 1 0 1 0 0 0 1 0 0 0 1 0 0 1 0 1 1 0 0 2 1 0 0 1 0 0 0 0 0 1 0 0 1 0 0 1 0 0 0 0 0 1 0 0 0 1 0 0 0 0 0 0 0 0 1 0 0 0 0 1 0 0 2 1 1 0 0 1 0 0 0 0 0 0 0 0 1 0 0 0 0 1 0 0
geno chr1.1060043 yri  0 0 0 1 0 0 0 1 0 0 0 1 0 0 0 0 0 1 0 0 0 0 0 0 0 0 0 0 1 0 0 0 0 0 0 0 0 0 0 2 0 0 0 0 0 0 0 0 0 0 0 0 1 0 0 1 0 0 0 0 0 0 0 0 0 0 0 0 0 0 0 1 0 1 0 0 0
geno chr1.1060148 ceu  1 1 0 1 0 0 0 0 0 0 0 0 0 0 0 0 0 1 0 0 0 0 0 0 1 0 0 0 0 0 0 0 0 0 0 0 0 0 0 0 1 0 0 0 0 1 0 1 1 0 1 0 0 0 0 0 1 2 0 0 0 0 0 0 1 0 0 0 0 0 0 0 0 1 0 0 0 0
geno chr1.1060148 fin  0 0 0 1 0 0 0 0 0 1 0 0 0 0 0 0 0 0 0 0 0 0 0 0 0 1 0 0 0 0 1 0 0 0 0 0 0 0 0 0 0 0 0 1 0 0 0 0 0 0 0 0 0 0 0 0 0 0 0 0 0 0 0 0 0 0 0 0 0 0 0 0 0 0 0 0 0 0 0 0 0 0 0 0 0 0 1 0 0
geno chr1.1060148 gbr  0 0 1 0 0 0 0 0 0 0 0 0 0 0 1 0 0 0 0 0 0 0 0 0 0 0 0 0 0 0 0 1 1 1 0 1 0 0 0 0 0 0 0 0 0 0 1 0 0 0 1 1 0 1 0 0 0 0 0 0 0 0 0 0 0 0 0 0 0 0 0 0 0 0 0 0 0 0 2 0 0 0 0 0
geno chr1.1060148 tsi  0 1 0 0 0 0 1 0 1 0 1 0 0 0 1 0 0 0 1 0 0 1 0 1 1 0 0 2 1 0 0 1 0 0 0 0 0 1 0 0 1 0 0 1 0 0 0 0 0 1 0 0 0 1 0 0 0 0 0 0 0 0 1 0 0 0 0 1 0 0 2 1 1 0 0 1 0 0 0 0 0 0 0 0 1 0 0 0 0 1 0 0
geno chr1.1060148 yri  0 0 0 1 0 0 0 1 0 0 0 1 0 0 0 0 0 1 0 0 0 0 0 0 0 0 0 0 1 0 0 0 0 0 0 0 0 0 0 2 0 0 0 0 0 0 0 0 0 0 0 0 1 0 0 1 0 0 0 0 0 0 0 0 0 0 0 0 0 0 0 1 0 1 0 0 0
geno chr1.1060174 ceu  0 0 0 1 1 0 1 0 1 0 0 1 1 1 1 1 0 1 0 0 0 0 0 1 1 0 0 0 0 1 1 0 1 1 0 1 0 2 0 0 0 0 0 0 0 0 0 1 1 0 0 1 1 1 0 2 0 0 1 2 1 1 1 2 0 1 1 2 0 1 0 1 1 0 0 1 0 0
geno chr1.1060174 fin  0 1 2 0 0 0 1 1 0 0 1 1 0 0 0 1 0 0 0 2 1 1 0 1 1 1 0 1 0 1 0 1 2 0 0 1 0 0 1 2 1 1 2 0 0 1 1 1 0 0 2 2 0 1 1 1 0 1 2 0 1 1 1 0 1 1 0 1 0 1 0 0 0 0 0 0 1 1 1 0 2 0 1 0 0 1 0 1 2
geno chr1.1060174 gbr  1 0 0 2 2 0 0 0 1 1 1 0 0 0 0 0 0 1 2 0 0 0 1 1 1 0 0 0 1 0 0 1 1 0 0 1 2 1 1 0 2 1 0 1 0 2 0 0 0 0 0 1 0 0 0 1 1 0 0 1 0 0 0 0 0 2 0 0 1 1 0 1 1 1 1 0 0 0 0 0 0 0 0 0
geno chr1.1060174 tsi  1 0 0 0 1 0 0 0 0 2 0 1 1 0 0 1 0 1 0 2 2 1 2 1 0 1 1 0 0 1 0 0 1 0 1 0 0 0 1 1 0 1 1 1 1 0 1 0 1 0 1 0 2 0 1 0 0 1 1 0 1 1 0 2 1 0 0 0 0 1 0 0 0 1 2 1 1 1 0 0 1 1 2 2 0 2 1 1 0 0 2 0
geno chr1.1060174 yri  0 0 0 0 1 1 0 1 0 0 0 0 0 1 0 1 0 2 1 1 0 0 2 1 1 0 0 1 1 0 0 0 1 1 0 1 0 1 0 0 0 0 1 1 1 0 0 0 1 1 1 0 1 1 0 0 1 0 1 1 0 1 0 1 0 0 0 0 0 0 1 0 0 0 0 0 0
geno chr1.1060175 ceu  1 1 0 2 1 0 1 0 1 0 0 1 1 1 1 1 0 2 0 0 0 0 0 1 2 0 0 0 0 1 1 0 1 1 0 1 0 2 0 0 1 0 0 0 0 1 0 2 2 0 1 1 1 1 0 2 1 2 1 2 1 1 1 2 1 1 1 2 0 1 0 1 1 1 0 1 1 0
geno chr1.1060175 fin  0 1 2 1 0 0 1 1 0 1 1 1 0 0 0 1 0 0 0 2 1 1 0 1 1 2 0 1 0 1 1 1 2 0 0 1 0 0 1 2 1 1 2 1 0 1 1 1 0 1 2 2 0 1 1 1 0 1 2 0 1 1 1 0 1 1 0 1 0 1 0 0 0 0 0 0 1 1 1 0 2 0 1 0 0 1 1 1 2
geno chr1.1060175 gbr  1 0 1 2 2 1 0 0 1 1 0 0 0 0 1 0 0 1 2 0 0 0 1 1 1 0 0 0 1 0 0 2 2 1 0 2 2 1 1 1 2 1 0 2 0 2 1 0 0 0 1 2 0 1 1 1 1 0 0 1 0 0 0 0 0 2 0 0 1 1 0 1 1 1 1 0 0 0 2 0 0 0 0 0
geno chr1.1060175 tsi  1 1 0 0 1 0 1 0 1 2 1 1 1 0 1 1 0 1 1 2 2 2 2 2 1 1 1 2 1 1 0 1 1 0 1 0 0 1 1 1 1 1 1 2 2 0 1 0 1 1 1 0 2 1 1 0 0 1 1 0 1 1 1 2 1 1 0 1 0 1 2 1 1 1 2 2 1 2 0 0 1 2 2 2 1 2 1 2 0 1 2 0
geno chr1.1060175 yri  2 2 1 1 2 1 2 2 1 2 2 2 2 2 2 2 2 2 2 2 2 2 2 2 2 2 1 2 2 1 2 2 2 1 2 2 2 2 2 2 1 2 2 2 2 2 1 2 2 2 2 1 2 2 2 2 2 2 1 1 1 2 2 2 1 2 0 2 1 2 2 2 1 2 2 2 2
