pheno ENSG00000204516 ceu 0.06336929 -1.712411 -0.603957 -0.1545791 -0.303553 -0.7616477 -2.543812 -0.1878551 0.4465953 -0.361134 0.1509151 -1.632353 -0.4471095 -2.817676 -0.1219978 -0.5287483 0.1817364 -2.186682 1.130883 -0.01687536 -0.3576268 -1.818396 0.1558024 -1.457025 -2.493639 0.04039084 -1.68613 -2.22161 -0.7494878 -0.2849894 -0.4814266 0.7589654 -2.032129 -0.1026458 -0.07093372 -0.6027929 -0.1447619 -0.6056343 0.9038575 -1.247664 1.306615 0.1149884 -0.1290385 1.372473 -1.735864 0.5359021 0.9333592 -0.4291476 0.3835771 -1.270242 -0.2551511 0.1444926 0.7987329 -1.348419 -0.8323921 -1.189929 -0.0006597887 0.5609389 1.310429 -0.2661272 0.5746225 -0.1657807 -0.4916323 -2.036303 -1.908619 -0.1867408 0.1245244 -0.2112957 -0.8168841 -1.709303 -0.2222818 -0.008781773 -0.9334543 -1.693541 -0.2002598 0.6006893 0.5964717 0.9379629
pheno ENSG00000204516 fin -2.868771 -2.304731 -2.027774 -0.175563 -1.514497 -1.018038 -1.603301 -1.790016 -1.48717 -0.1461135 -1.309543 -0.1615994 -1.938662 -3.127064 -1.494008 -3.922513 -1.941747 -2.808432 -0.02518785 -3.548761 -2.388189 -0.3950702 -1.677149 -2.418595 -1.416978 -2.12861 -2.199101 -1.6885 -2.200249 -2.170577 -0.2315962 -2.890761 -0.6077584 -2.092312 -1.688071 -2.158424 -2.600727 -2.077784 -2.446178 -2.322357 -1.569337 -0.9721028 -1.149673 -1.556684 -1.65458 -1.523464 -0.4296637 -3.380643 -2.187763 -1.912116 -3.433779 -2.004193 -3.892124 -1.724731 -1.334643 -2.798258 -0.5617405 -2.764632 -2.613549 -1.0404 -1.73171 -2.071812 -3.357361 -1.615622 -1.015563 -3.965342 -1.405732 -1.118377 -1.839421 -0.2088794 0.4895668 -1.613682 -2.724369 -1.164979 -0.4945253 -1.75957 -1.730376 -1.088943 -1.352899 -3.005088 -1.978878 -2.91881 -2.102239 -1.955881 -3.000385 -1.473954 -1.590256 -1.23975 -1.733794
pheno ENSG00000204516 gbr 0.08464745 -0.1309599 -0.817781 0.158772 -0.3836248 -0.4053396 2.148317 -0.4136076 0.6497381 0.7405054 1.42795 0.2864869 -1.518994 0.3237051 -1.365647 1.657294 0.1353419 0.5040682 -2.959246 -0.5426997 0.3513709 -0.1291023 -1.073841 0.3560729 -0.833561 0.2897413 -0.1841728 -0.6185989 -0.3729186 0.5679276 1.093092 -0.1425298 -0.7333795 -0.7087746 -1.08699 -0.1396806 2.202082 0.1139889 0.8389526 -1.330078 -0.1791742 1.16868 0.491628 1.864503 -2.325274 0.7423232 0.8921968 -0.7517057 -0.5697339 -0.1184273 0.08366736 -0.07776223 -0.204571 -0.3983302 -0.717547 -0.1571976 -0.06196302 1.221162 -0.7859705 0.07456242 -2.107777 -1.277242 -0.06660357 1.236246 -0.5302477 -0.7472999 -1.324936 0.2134646 -0.1214976 -1.712925 1.329566 0.1013919 -1.533098 0.5561058 0.7097858 -0.8486636 1.24327 -0.9569835 -0.6951783 -0.3553777 0.314583 -0.5986499 0.8589352 0.1476547
pheno ENSG00000204516 tsi 1.669966 0.8048994 0.7511168 1.286172 -0.01903228 -0.2193347 -0.1288713 2.695916 0.1402074 -0.8720214 -0.2897894 1.108913 2.013846 -0.6621629 -0.2351303 0.932589 0.4718171 -0.0888367 0.7545307 0.8787767 1.658094 -0.07262153 -0.278354 -0.8985099 0.670296 2.460178 -0.4657461 -0.2307279 0.7000881 0.8977967 2.531497 -0.3810861 -0.1216296 0.5302681 3.295904 -0.1479237 -0.06412506 0.142535 1.404301 -0.3192545 0.06632129 0.4142839 0.3614168 -0.1982821 1.676988 -0.2041842 1.330901 1.459464 1.060832 -0.133518 0.3972769 0.6494627 0.8949598 1.485321 0.856479 3.128087 0.924146 1.291434 1.235853 1.464277 1.447674 1.27766 0.01809884 0.4919079 1.728886 -1.757535 1.419903 0.7027228 1.120161 0.2005452 1.288676 0.9365867 -0.452352 -0.3987541 0.8333724 0.94065 1.716337 2.351543 0.4796783 2.130996 1.951741 1.004625 1.732458 0.8904762 1.873019 -0.1622333 1.030232 2.731244 0.6524133 0.3111584 2.951427 0.7936654
pheno ENSG00000204516 yri -1.852189 1.389101 -0.8629545 0.1140953 0.5387623 0.4698143 2.263034 -0.1279059 1.088281 0.5502075 0.3358191 1.035746 -0.9609303 0.3536296 0.6251776 1.191779 -0.7953094 -1.31285 1.508656 0.7997459 -0.2937985 2.411676 1.175096 0.2700997 1.668397 -0.8401093 0.5773277 -1.128228 0.2969385 -0.08937709 0.1298328 -0.3721157 -1.146377 -0.0922828 -0.1990318 1.039871 1.689016 -0.7364036 -0.6700051 0.3865957 -0.6575799 -0.2715428 1.135898 1.026199 2.274838 1.87983 0.474155 1.257813 0.5509721 -0.5115171 -0.1558439 -0.1231549 0.115145 0.9035914 2.178989 0.09120492 0.1676922 1.939413 0.5021454 1.742438 0.7729982 2.444787 1.238376 -0.6660877 -0.9130553 0.440748 0.0572593 0.5935002 0.7265999 0.8130029 -0.3555606 0.6811464 1.286229 1.383284 0.7096186 0.7540179 1.549906
geno chr6.31362698 ceu  1 0 1 0 0 0 0 0 0 1 0 0 0 0 0 0 0 0 1 0 0 0 0 0 0 0 0 0 1 0 0 0 0 0 0 0 0 0 0 0 1 1 0 0 0 0 0 2 0 0 0 0 0 0 0 0 0 0 0 0 0 0 0 0 1 0 0 1 1 0 0 0 0 0 0 0 0 0
geno chr6.31362698 fin  0 0 0 0 0 0 0 0 0 0 0 1 1 0 0 0 1 0 0 1 0 1 0 0 1 0 0 0 1 0 0 0 1 1 0 0 1 1 1 0 0 0 0 0 2 1 0 0 0 1 1 0 0 0 0 0 1 1 0 0 2 0 0 0 0 0 1 0 0 0 0 1 0 1 0 0 0 0 0 1 1 0 0 0 0 0 0 1 0
geno chr6.31362698 gbr  0 0 0 2 0 1 0 0 0 0 0 1 0 0 1 0 0 2 1 0 1 1 0 0 0 0 2 0 0 1 1 0 0 0 0 1 0 0 0 1 0 0 0 0 0 0 2 1 0 1 0 0 0 0 0 0 0 0 1 0 1 2 0 0 0 0 1 0 1 0 0 1 0 1 0 0 0 1 2 0 0 1 0 0
geno chr6.31362698 tsi  0 2 1 0 0 1 0 0 1 1 0 0 0 1 0 0 0 0 0 0 0 0 1 0 1 0 0 0 0 0 0 1 0 1 1 0 0 1 2 0 0 0 0 0 2 0 1 1 0 1 0 1 0 0 0 0 0 0 0 0 0 0 0 0 2 0 1 0 0 1 0 0 0 0 0 1 1 0 0 0 0 0 0 1 0 0 2 1 0 0 1 0
geno chr6.31362698 yri  0 0 0 2 2 0 1 1 1 0 0 2 0 0 1 1 0 0 0 2 0 0 0 2 1 0 0 0 0 1 0 2 0 0 0 0 0 0 1 1 1 1 0 2 0 2 1 0 0 0 1 0 0 1 0 0 0 0 0 1 0 0 2 0 0 0 0 1 0 0 0 0 0 0 0 0 0
geno chr6.31362705 ceu  0 0 1 0 0 0 0 0 0 0 0 0 0 0 0 0 0 0 1 0 0 0 0 0 0 0 0 0 0 0 0 0 0 0 0 0 0 0 0 0 0 0 0 0 0 0 0 0 0 0 0 0 0 0 0 0 0 0 0 0 0 0 0 0 1 0 0 1 0 0 0 0 0 0 0 0 0 0
geno chr6.31362705 fin  0 0 0 0 0 0 0 0 0 0 0 1 1 0 0 0 0 0 0 1 0 0 0 0 0 0 0 0 0 0 0 0 1 1 0 0 1 0 1 0 0 0 0 0 0 0 0 0 0 0 0 0 0 0 0 0 0 1 0 0 0 0 0 0 0 0 0 0 0 0 1 0 0 0 1 0 0 0 0 1 1 0 0 0 0 0 0 1 0
geno chr6.31362705 gbr  0 0 0 1 0 0 0 0 0 0 0 1 0 0 0 0 0 0 1 0 0 0 0 0 0 0 1 0 0 0 0 0 0 0 0 0 0 0 0 0 0 0 0 0 0 0 0 0 0 1 0 0 0 1 0 0 0 0 0 0 0 2 0 0 0 0 0 0 0 0 0 0 0 0 0 0 0 0 0 0 0 1 0 0
geno chr6.31362705 tsi  0 0 0 0 0 0 0 0 0 1 0 0 0 0 0 0 0 0 0 0 0 0 1 0 0 0 0 0 0 0 0 0 0 0 0 0 0 0 0 0 0 0 0 0 0 0 0 0 0 0 0 0 0 0 0 0 0 0 0 0 0 0 0 0 0 0 0 0 0 0 0 0 0 0 0 0 0 0 0 0 0 0 0 0 0 0 0 0 0 0 0 0
geno chr6.31362705 yri  0 0 0 0 0 0 0 0 0 0 0 0 0 0 0 0 0 0 0 0 0 0 0 0 0 0 0 0 0 0 0 0 0 0 0 0 0 0 0 0 0 0 0 0 0 0 0 0 0 0 0 0 0 0 0 0 0 0 0 0 0 0 0 0 0 0 0 0 0 0 0 0 0 0 0 0 0
geno chr6.31362770 ceu  1 2 1 0 0 0 0 1 0 0 0 0 0 1 0 0 1 0 1 1 0 0 0 1 0 1 0 0 2 0 1 0 0 0 0 0 0 1 0 0 1 1 0 0 1 0 0 2 1 1 0 0 1 1 1 0 1 1 0 0 0 0 1 1 1 0 0 1 1 0 0 0 0 0 1 0 0 1
geno chr6.31362770 fin  0 0 1 1 0 0 1 0 1 1 0 1 1 2 0 0 1 0 1 1 0 1 0 0 1 1 1 1 1 0 1 0 1 2 0 0 1 1 1 1 1 0 0 0 2 1 0 0 0 1 1 1 1 0 0 0 1 1 1 0 2 0 1 0 0 0 0 0 1 0 1 1 0 1 1 2 0 1 1 1 1 0 0 0 1 0 0 1 1
geno chr6.31362770 gbr  0 0 1 2 0 1 1 0 1 0 0 2 0 0 0 1 0 2 1 0 1 2 1 0 2 2 2 1 1 1 1 1 0 0 0 0 2 0 2 1 1 0 1 1 0 0 2 1 1 1 1 1 0 1 0 0 0 1 1 0 1 2 1 0 0 0 1 0 1 1 1 1 2 0 0 0 0 0 1 1 0 1 0 0
geno chr6.31362770 tsi  0 2 1 0 0 2 1 0 1 1 0 0 1 2 1 0 1 1 2 0 0 1 1 0 0 2 0 0 0 1 0 1 0 1 1 0 0 1 2 0 0 0 0 0 2 1 1 1 1 1 0 2 1 1 0 1 0 0 2 1 1 0 0 0 2 0 0 0 0 1 0 1 1 0 0 2 1 0 1 0 0 1 0 2 0 0 2 0 0 1 0 1
geno chr6.31362770 yri  1 1 1 2 2 1 1 0 2 0 1 1 1 1 2 1 1 1 2 2 0 0 0 2 1 1 1 1 0 2 0 2 0 1 0 0 0 0 2 1 1 0 2 2 0 2 0 1 1 0 1 0 1 0 0 1 2 0 0 1 1 0 2 0 0 0 0 2 1 0 1 1 1 1 1 1 1
geno chr6.31362819 ceu  1 0 0 0 0 0 0 1 0 0 0 0 0 1 0 0 0 0 1 1 0 0 0 0 0 1 0 0 2 0 0 0 1 0 0 0 0 1 0 0 1 1 0 0 0 0 0 2 1 0 0 0 1 1 0 0 0 1 0 0 0 0 0 0 1 0 0 1 1 0 1 0 0 0 1 0 0 0
geno chr6.31362819 fin  0 0 1 0 0 0 1 0 1 1 0 1 1 1 0 0 1 0 0 1 0 1 0 0 1 1 1 1 1 0 1 0 0 2 0 0 1 1 1 1 1 0 0 1 2 1 0 1 0 1 1 1 1 1 0 0 1 1 1 0 2 0 0 0 1 0 1 0 1 0 1 1 1 1 1 2 0 0 1 1 1 0 0 0 1 0 0 1 1
geno chr6.31362819 gbr  0 0 1 2 0 1 0 0 0 0 1 2 0 0 1 0 0 2 1 0 1 1 1 0 1 1 2 1 0 1 1 1 0 0 0 0 0 0 1 1 1 0 0 1 0 0 2 1 1 1 1 1 0 0 0 0 0 1 1 0 1 2 0 0 0 1 1 0 1 1 0 1 0 0 0 0 0 0 2 0 0 1 0 0
geno chr6.31362819 tsi  1 2 2 0 0 0 1 0 1 1 1 0 0 1 1 0 0 0 0 0 0 0 1 0 0 0 0 0 0 1 0 0 0 1 1 1 1 1 2 0 0 0 0 0 2 0 0 0 0 0 0 2 1 0 0 0 0 0 0 0 1 0 0 0 2 0 0 1 0 1 0 1 0 0 0 1 1 0 1 0 0 0 1 2 0 0 2 0 0 0 0 0
geno chr6.31362819 yri  0 0 0 2 2 0 1 1 1 0 0 2 0 0 1 1 0 0 0 2 0 1 0 2 1 1 0 0 1 1 0 2 0 0 0 0 0 0 1 1 1 0 1 2 0 2 1 0 0 0 1 0 0 0 0 1 1 1 0 1 0 0 2 0 0 0 0 2 0 0 0 0 0 0 0 0 1
geno chr6.31362825 ceu  1 0 0 0 0 0 0 1 0 0 0 0 0 1 0 0 0 0 1 1 0 0 0 0 0 0 0 0 2 0 0 0 1 0 0 0 0 1 0 0 1 1 0 0 0 0 0 2 0 0 0 0 0 1 0 0 0 0 0 0 0 0 0 0 1 0 0 1 1 0 1 0 0 0 1 0 0 0
geno chr6.31362825 fin  0 0 1 0 0 0 1 0 1 1 0 1 1 1 0 0 1 0 0 1 0 1 0 0 1 1 1 1 1 0 1 0 0 2 0 0 1 1 1 1 1 0 0 1 2 1 0 1 0 1 1 0 1 1 0 0 1 1 1 0 2 0 0 0 1 0 0 0 0 0 0 0 0 1 1 1 0 0 1 1 1 0 0 0 0 0 0 1 0
geno chr6.31362825 gbr  0 0 1 2 0 1 0 0 0 0 0 2 0 0 1 0 0 2 1 0 0 1 1 0 1 1 1 0 0 1 1 0 0 0 0 0 0 0 1 1 1 0 0 1 0 0 2 1 1 1 1 1 0 0 0 0 0 0 0 0 0 2 0 0 0 1 1 0 1 1 0 1 0 0 0 0 0 0 2 0 0 1 0 0
geno chr6.31362825 tsi  0 2 2 0 0 0 0 0 0 1 0 0 0 1 1 0 0 0 0 0 0 0 1 0 0 0 0 0 0 1 0 0 0 1 1 1 0 1 2 0 0 0 0 0 2 0 0 0 0 0 0 2 0 0 0 0 0 0 0 0 0 0 0 0 2 0 0 1 0 1 0 0 0 0 0 1 1 0 1 0 0 0 1 2 0 0 2 0 0 0 0 0
geno chr6.31362825 yri  0 0 0 2 2 0 1 0 1 0 0 2 0 0 0 1 0 0 0 2 0 0 0 2 1 1 0 0 1 1 0 1 0 0 0 0 0 0 0 1 0 0 1 0 0 1 0 0 0 0 1 0 0 0 0 1 1 0 0 1 0 0 2 0 0 0 0 2 0 0 0 0 0 0 0 0 1
geno chr6.31362826 ceu  1 0 0 0 0 0 0 1 0 0 0 0 0 1 0 0 0 0 1 1 0 0 0 0 0 0 0 0 2 0 0 0 1 0 0 0 0 1 0 0 1 1 0 0 0 0 0 2 0 0 0 0 0 1 0 0 0 0 0 0 0 0 0 0 1 0 0 1 1 0 1 0 0 0 1 0 0 0
geno chr6.31362826 fin  0 0 1 0 0 0 1 0 1 1 0 1 1 1 0 0 1 0 0 1 0 1 0 0 1 1 1 1 1 0 1 0 0 2 0 0 1 1 1 1 1 0 0 1 2 1 0 1 0 1 1 0 1 1 0 0 1 1 1 0 2 0 0 0 1 0 0 0 0 0 0 0 0 1 1 2 0 0 1 1 1 0 0 0 0 0 0 1 0
geno chr6.31362826 gbr  0 0 1 2 0 1 0 0 0 0 0 2 0 0 1 0 0 2 1 0 0 1 1 0 1 1 1 0 0 1 1 0 0 0 0 0 0 0 1 1 1 0 0 1 0 0 2 1 1 1 1 1 0 0 0 0 0 0 0 0 0 2 0 0 0 1 1 0 1 1 0 1 0 0 0 0 0 0 2 0 0 1 0 0
geno chr6.31362826 tsi  0 2 2 0 0 0 0 0 0 1 0 0 0 1 1 0 0 0 0 0 0 0 1 0 0 0 0 0 0 1 0 0 0 1 1 1 0 1 2 0 0 0 0 0 2 0 0 0 0 0 0 2 0 0 0 0 0 0 0 0 0 0 0 0 2 0 0 1 0 1 0 0 0 0 0 1 1 0 1 0 0 0 1 2 0 0 2 0 0 0 0 0
geno chr6.31362826 yri  0 0 0 2 2 0 1 0 1 0 0 2 0 0 1 1 0 0 0 2 0 0 0 2 1 1 0 0 1 1 0 2 0 0 0 0 0 0 1 1 0 0 1 2 0 2 0 0 0 0 1 0 0 0 0 1 1 0 0 1 0 0 2 0 0 0 0 2 0 0 0 0 0 0 0 0 1
geno chr6.31362850 ceu  1 0 0 0 0 0 0 0 0 1 0 0 0 1 0 0 0 0 1 1 0 0 1 0 0 0 0 0 2 0 0 0 0 0 0 0 0 1 0 0 1 1 0 0 0 0 0 2 0 0 0 0 0 1 0 0 0 1 0 0 0 0 0 0 1 0 0 1 1 0 1 0 0 0 1 0 0 0
geno chr6.31362850 fin  0 0 1 0 0 0 1 0 1 1 0 1 1 1 0 1 1 0 0 1 0 1 0 0 1 1 1 1 1 0 1 0 0 2 0 0 1 1 1 1 1 0 0 1 2 1 0 1 0 1 1 0 1 1 0 0 1 1 0 0 2 0 0 0 0 0 0 0 0 0 0 0 0 1 1 2 0 0 1 1 1 0 0 0 0 0 0 1 0
geno chr6.31362850 gbr  0 0 1 2 0 1 0 0 0 0 0 2 1 0 1 0 0 2 1 0 1 1 1 1 1 1 1 0 0 1 1 0 0 0 0 0 0 0 1 1 1 0 0 1 0 0 2 1 1 1 0 1 0 0 0 0 0 1 0 0 0 2 0 0 0 1 1 0 0 1 0 1 0 0 0 0 0 0 2 0 0 1 0 0
geno chr6.31362850 tsi  0 2 2 0 0 0 0 0 0 1 0 0 1 1 1 0 1 0 0 0 0 0 1 0 1 0 1 0 0 0 0 0 0 0 1 1 1 1 2 0 0 0 0 0 2 0 0 1 0 0 0 1 0 0 0 0 0 0 0 0 0 0 0 0 2 0 0 1 0 1 0 0 0 0 0 1 1 0 1 0 0 0 1 1 0 0 2 0 0 0 0 0
geno chr6.31362850 yri  0 0 0 2 2 1 1 0 1 0 0 2 0 0 1 1 0 0 0 2 0 0 0 2 1 1 0 0 1 1 0 2 0 0 0 0 0 0 1 1 0 0 1 2 0 2 0 0 0 0 1 0 0 0 0 1 1 0 0 1 0 0 2 0 1 0 0 2 0 0 0 0 0 0 0 0 1
geno chr6.31362879 ceu  0 0 0 0 0 0 0 0 0 1 0 0 0 1 0 0 0 0 1 1 0 0 1 0 0 0 0 0 1 0 0 0 0 0 0 0 0 1 0 0 1 1 0 0 0 0 0 2 1 0 0 0 1 0 0 0 0 1 0 0 0 0 0 0 1 0 0 1 1 0 1 0 0 0 1 0 0 0
geno chr6.31362879 fin  0 0 1 0 0 0 1 0 1 1 0 1 1 1 0 1 1 0 1 1 0 1 0 0 1 1 1 1 1 0 1 0 0 2 0 0 1 1 1 1 1 0 0 1 2 0 0 1 0 1 1 0 1 1 0 0 1 1 0 0 2 0 0 0 1 0 0 0 0 0 0 0 0 1 1 2 0 0 1 1 1 0 0 0 0 0 0 1 0
geno chr6.31362879 gbr  0 0 1 1 0 1 0 0 0 0 0 2 0 0 1 0 0 2 1 0 1 1 1 1 1 1 1 0 0 1 1 0 0 0 0 1 0 0 1 1 1 0 0 1 0 0 2 1 0 1 0 0 0 0 0 0 0 1 0 0 0 2 0 0 0 1 1 0 1 1 0 1 0 0 0 0 0 0 2 0 0 1 0 0
geno chr6.31362879 tsi  0 2 2 0 0 0 0 0 0 1 0 0 1 1 1 0 1 0 0 0 0 0 1 0 1 0 1 0 0 0 0 0 0 0 1 1 0 1 2 0 0 0 0 0 2 0 0 1 0 0 0 1 0 0 0 0 0 0 0 0 0 0 0 0 2 0 0 1 0 1 0 0 0 0 0 1 1 0 1 0 0 0 1 1 0 0 2 1 0 0 0 0
geno chr6.31362879 yri  0 0 0 2 2 0 1 0 1 0 0 2 0 0 1 1 0 0 0 2 0 0 0 2 1 0 0 0 1 2 0 2 0 0 0 0 0 0 1 1 1 0 1 2 1 2 0 0 1 0 1 0 0 0 0 1 1 0 0 1 0 0 2 0 0 0 0 2 0 0 0 0 0 0 0 0 1
geno chr6.31362891 ceu  0 2 2 1 1 0 1 2 0 2 1 1 1 1 1 1 1 1 2 0 0 0 2 1 0 1 0 1 2 0 1 0 1 1 1 0 0 1 0 1 2 1 1 1 1 2 0 2 1 1 0 0 1 0 1 1 1 0 1 1 1 1 1 1 1 0 0 2 1 0 1 1 0 2 1 0 0 2
geno chr6.31362891 fin  0 0 2 2 0 1 1 1 1 1 0 2 2 2 1 2 2 0 1 1 2 1 2 1 1 1 1 2 2 0 2 1 2 2 1 0 1 1 0 1 2 1 0 1 2 0 1 2 1 2 2 0 2 2 2 0 1 0 0 0 2 0 2 0 2 2 0 0 2 1 2 0 0 1 0 1 1 0 0 1 1 0 0 0 0 2 0 0 0
geno chr6.31362891 gbr  0 1 2 1 1 1 1 1 0 1 0 1 1 1 1 2 0 2 1 0 1 2 1 1 2 2 0 0 1 1 1 0 0 0 1 1 2 2 2 1 2 0 1 0 2 2 2 1 1 1 0 1 0 1 0 0 0 1 0 0 0 1 1 2 0 1 2 0 1 2 1 1 2 1 1 0 0 0 2 1 1 0 2 0
geno chr6.31362891 tsi  0 2 2 0 1 2 1 0 2 1 0 0 1 2 1 0 1 1 2 1 0 2 2 0 0 2 1 0 2 1 0 0 0 2 0 2 0 1 2 0 1 1 0 0 2 1 0 2 1 2 1 1 0 1 2 1 0 0 2 1 0 1 1 0 2 0 2 1 0 0 1 2 1 0 1 2 1 0 1 1 0 1 1 2 1 0 2 1 1 0 1 1
geno chr6.31362891 yri  2 2 2 2 0 1 0 2 1 1 2 2 2 1 2 1 2 1 2 1 2 2 2 2 2 2 2 2 2 2 1 1 1 1 1 0 1 1 2 1 2 2 2 1 1 2 2 1 1 0 0 2 2 0 1 2 2 1 2 2 2 2 2 1 0 2 1 2 2 2 1 1 2 2 2 1 2
geno chr6.31362930 ceu  1 2 0 0 0 0 0 1 0 1 0 0 0 1 0 0 1 0 1 1 0 0 1 1 0 1 0 0 2 0 1 0 1 0 0 0 0 1 0 0 1 1 0 0 1 0 0 2 1 1 0 0 2 1 1 0 1 1 0 0 0 0 1 1 1 0 0 1 1 0 1 0 0 0 1 0 0 1
geno chr6.31362930 fin  0 0 1 1 0 0 1 0 1 1 0 1 1 2 0 1 1 0 1 1 0 1 1 0 1 1 1 0 1 0 1 0 1 2 0 0 1 1 1 1 1 0 0 1 2 1 0 1 0 1 1 1 1 1 1 0 1 1 1 0 2 0 1 0 1 0 1 0 1 0 1 1 1 1 1 2 0 1 1 1 1 0 0 0 1 1 0 1 1
geno chr6.31362930 gbr  0 0 1 2 0 1 1 0 1 0 1 2 1 0 1 1 0 2 1 0 1 2 1 1 2 2 2 1 1 1 1 1 0 0 0 1 2 1 2 1 1 0 1 1 1 0 2 1 1 1 0 1 0 1 1 0 0 1 1 0 1 2 1 1 0 1 1 0 1 1 1 1 2 0 0 0 0 0 2 1 0 1 0 0
geno chr6.31362930 tsi  1 2 2 0 0 2 1 0 1 1 1 0 1 2 1 0 1 1 2 0 0 1 1 0 1 2 1 0 0 1 0 0 0 1 1 1 1 1 2 0 0 0 0 0 2 1 1 1 1 1 0 1 1 1 1 1 0 0 2 1 1 0 0 0 2 0 1 1 0 1 0 1 1 0 0 2 1 0 1 0 0 1 1 2 0 0 2 1 0 1 1 1
geno chr6.31362930 yri  1 1 1 2 2 1 1 1 2 0 1 2 1 1 2 1 1 1 2 2 0 1 0 2 1 1 1 1 1 2 0 2 0 1 0 0 0 0 2 1 2 1 2 2 1 2 1 1 1 0 1 0 1 0 0 1 2 1 0 1 1 0 2 0 0 0 0 2 1 0 1 1 1 1 1 1 1
geno chr6.31363026 ceu  0 0 2 1 1 0 1 1 0 1 1 1 1 0 1 1 0 1 1 0 0 0 1 0 0 1 0 1 0 0 0 0 0 1 1 0 0 0 0 1 1 0 1 1 0 2 0 0 0 0 0 0 0 0 0 1 0 0 1 1 1 1 0 0 0 0 0 1 0 0 0 1 0 2 0 0 0 1
geno chr6.31363026 fin  0 0 1 1 0 1 0 1 0 0 0 1 1 0 1 1 1 0 0 1 2 0 1 1 0 0 0 1 1 0 1 1 1 0 1 0 0 0 0 0 1 1 0 0 0 0 1 1 1 1 1 0 1 1 1 0 0 0 0 0 0 0 1 0 1 2 0 0 1 1 2 0 0 0 0 0 1 0 0 0 1 0 0 0 0 1 0 0 0
geno chr6.31363026 gbr  0 1 1 0 1 0 0 1 0 1 0 0 0 1 0 1 0 0 1 0 0 0 0 0 0 0 0 0 0 0 0 0 0 0 1 0 0 1 0 0 1 0 0 0 1 2 0 0 0 0 0 0 0 0 0 0 0 0 0 0 0 0 0 1 0 0 1 0 0 1 0 0 0 1 1 0 0 0 0 0 1 0 2 0
geno chr6.31363026 tsi  0 0 0 0 1 0 1 0 1 0 0 0 0 0 0 0 0 0 0 1 0 1 1 0 0 0 1 0 2 1 0 0 0 1 0 1 0 0 0 0 1 1 0 0 0 0 0 1 0 1 1 0 0 0 1 0 0 0 0 0 0 1 1 0 0 0 1 0 0 0 1 1 0 0 1 0 0 0 0 0 0 0 0 0 1 0 0 0 1 0 0 0
geno chr6.31363026 yri  1 1 1 0 0 0 0 1 0 1 1 0 1 0 0 0 1 0 0 0 2 1 2 0 1 1 1 1 1 0 1 0 1 0 1 0 1 1 0 0 0 1 0 0 0 0 1 0 0 0 0 2 1 0 1 1 0 1 2 1 1 2 0 1 0 2 1 0 1 2 0 0 1 1 1 0 1
geno chr6.31363090 ceu  1 2 0 0 0 0 0 1 0 1 0 0 0 1 0 0 1 0 1 1 0 0 1 1 0 1 0 0 2 0 1 0 1 0 0 0 0 1 0 0 1 1 0 0 1 0 0 2 1 1 0 0 2 0 1 0 1 1 0 0 0 0 1 1 1 0 0 1 1 0 1 0 0 0 1 1 0 1
geno chr6.31363090 fin  0 0 1 1 0 0 1 0 1 1 0 1 1 2 0 1 1 0 0 1 0 1 1 0 1 1 1 1 1 0 1 0 1 2 0 0 1 1 1 1 1 0 0 1 2 1 0 1 0 1 1 1 1 1 1 0 1 1 1 0 2 0 1 0 1 0 0 0 1 0 0 1 1 1 1 2 0 1 1 1 1 0 0 0 1 1 0 1 1
geno chr6.31363090 gbr  0 0 1 2 0 1 1 0 1 0 1 2 1 0 1 1 0 2 1 0 1 2 1 1 2 2 2 1 1 1 1 1 0 0 0 1 2 1 2 1 1 0 1 1 1 0 2 1 1 1 1 1 0 1 1 0 0 1 1 0 1 2 1 1 0 1 1 0 1 1 1 1 2 0 0 0 0 0 2 1 0 1 0 0
geno chr6.31363090 tsi  0 2 2 1 0 2 1 0 1 1 1 0 1 2 1 0 1 1 2 0 0 1 1 0 1 2 1 0 0 1 0 1 0 1 1 1 1 1 2 0 0 0 0 0 2 1 1 1 1 0 0 2 1 1 1 1 0 0 2 1 1 0 0 0 2 0 1 1 0 1 0 1 1 0 0 2 1 0 1 0 0 1 1 2 0 0 2 1 0 1 1 1
geno chr6.31363090 yri  1 1 1 2 2 1 1 1 2 0 1 1 1 1 2 1 1 1 2 2 0 1 0 2 1 1 1 1 1 1 0 2 0 1 0 0 0 0 2 1 1 1 2 2 1 2 1 1 1 0 1 0 1 1 0 1 2 1 0 1 1 0 2 0 1 0 0 2 1 0 1 1 1 1 1 1 1
geno chr6.31363297 ceu  0 0 0 0 0 0 0 0 0 1 0 0 0 0 0 0 0 0 0 1 0 0 0 0 0 0 0 0 1 0 0 0 0 0 0 0 0 1 0 0 1 1 0 0 0 0 0 1 0 0 0 0 0 1 0 0 0 0 0 0 0 0 0 0 1 0 0 1 1 0 1 0 0 1 1 0 0 0
geno chr6.31363297 fin  0 0 1 0 0 0 1 0 1 1 0 1 1 1 0 0 1 0 0 1 0 1 0 0 0 1 1 0 1 0 1 0 0 2 0 0 1 1 1 0 0 0 0 0 2 0 0 1 0 0 0 0 1 0 0 0 0 1 0 0 2 0 0 0 0 0 0 0 0 0 0 0 0 0 0 1 0 0 1 1 1 0 0 0 0 0 0 0 0
geno chr6.31363297 gbr  0 0 1 1 0 0 0 0 0 0 0 1 1 0 1 0 0 1 1 0 0 1 1 1 0 0 1 0 0 0 1 0 0 0 0 0 0 0 0 0 0 0 0 1 0 0 2 1 1 0 1 1 0 1 0 0 0 0 0 0 0 1 0 0 0 1 1 0 0 1 0 0 0 0 0 0 0 0 1 0 0 1 0 0
geno chr6.31363297 tsi  1 1 2 0 0 0 0 0 0 1 1 0 1 1 0 0 1 0 0 0 0 0 1 0 1 0 0 0 0 0 0 1 0 0 0 1 0 0 1 0 0 0 0 0 2 0 1 1 0 1 0 1 0 0 0 0 0 0 0 0 0 0 0 0 0 0 0 0 0 0 0 1 0 0 0 1 0 0 1 0 0 0 1 0 0 0 2 1 0 0 1 0
geno chr6.31363297 yri  0 0 0 2 1 1 1 0 1 0 0 1 1 0 1 1 0 0 0 1 0 0 0 1 1 0 0 0 0 1 0 0 0 0 0 0 0 0 1 1 0 1 0 0 1 2 0 0 0 0 1 0 0 0 0 1 1 0 0 1 0 0 2 0 0 0 0 2 0 0 0 0 0 0 0 0 0
geno chr6.31363312 ceu  0 0 0 0 0 0 0 0 0 0 0 0 0 0 0 0 0 0 0 1 0 0 0 0 0 0 0 0 0 0 0 0 0 0 0 0 0 0 0 0 0 0 0 0 0 0 0 0 0 0 0 0 0 0 0 0 0 0 0 0 0 0 0 0 0 0 0 1 0 0 0 0 0 0 0 0 0 1
geno chr6.31363312 fin  0 0 0 0 0 0 0 0 0 1 0 1 1 0 0 0 0 0 0 1 0 0 0 0 0 1 0 0 0 0 0 0 1 1 0 0 1 0 1 0 0 0 0 0 0 0 0 1 0 0 0 0 0 0 0 0 0 1 0 0 0 0 0 0 0 0 0 0 0 0 0 0 1 0 0 0 0 0 1 1 1 0 0 0 0 0 0 1 0
geno chr6.31363312 gbr  0 0 0 1 0 1 0 0 0 0 0 1 0 0 0 0 0 1 1 0 0 0 0 0 0 0 1 0 0 0 0 0 0 0 0 0 0 0 0 0 0 0 0 1 0 0 0 0 0 1 1 0 0 1 0 0 0 0 0 0 0 2 0 0 0 0 0 0 0 0 0 0 0 0 0 0 0 0 1 0 0 1 0 0
geno chr6.31363312 tsi  0 0 1 0 0 0 0 0 0 1 1 0 0 0 0 0 0 0 0 0 0 0 1 0 0 0 0 0 0 0 0 0 1 0 0 0 0 0 1 0 0 0 0 0 0 0 0 0 0 0 0 1 1 0 0 1 0 1 0 1 0 0 0 0 1 0 0 0 0 0 0 0 0 0 0 0 0 0 0 0 0 0 0 0 0 0 0 0 0 0 0 1
geno chr6.31363312 yri  0 0 0 0 0 0 0 0 0 0 0 0 0 1 0 0 0 0 0 0 0 0 0 0 0 0 0 0 0 0 0 0 0 0 0 0 0 0 0 0 1 0 0 0 0 0 0 0 0 0 0 0 0 0 0 0 0 0 0 0 0 0 0 0 0 0 0 0 0 0 0 0 0 0 0 1 0
geno chr6.31363360 ceu  1 0 0 0 0 0 0 1 0 1 0 0 0 1 0 0 0 0 1 1 0 0 1 0 0 1 0 0 2 0 1 0 1 0 0 0 0 1 0 0 1 1 0 0 0 0 0 2 1 0 0 0 1 1 0 0 0 1 0 0 0 0 0 0 1 0 0 1 1 0 1 0 0 1 1 1 0 0
geno chr6.31363360 fin  0 0 1 1 0 0 1 0 1 1 0 1 1 1 0 1 1 0 1 1 0 0 1 0 1 1 1 0 1 0 1 0 1 2 0 0 1 1 1 1 1 0 0 1 2 1 0 1 0 1 1 1 1 1 1 0 1 1 1 0 2 0 1 0 1 0 1 0 0 0 0 1 1 1 1 2 0 1 1 1 1 0 0 0 0 1 0 1 1
geno chr6.31363360 gbr  0 0 1 2 0 1 0 0 1 0 1 2 1 0 1 1 0 2 1 0 1 1 1 1 1 1 2 1 0 1 1 1 0 0 0 1 0 1 1 1 1 0 0 1 0 0 2 1 1 1 1 1 0 1 1 0 0 1 1 0 1 2 0 1 0 1 1 0 1 1 0 1 0 0 0 0 0 0 2 0 0 1 0 0
geno chr6.31363360 tsi  1 2 2 0 0 1 1 0 1 1 1 0 1 1 1 0 1 0 0 0 0 0 1 0 1 1 1 0 0 1 0 0 0 1 1 1 1 1 2 0 0 0 0 0 2 0 1 1 0 1 0 2 1 0 1 0 0 0 0 0 1 0 0 0 2 0 1 1 0 1 0 1 0 0 0 1 1 0 1 0 0 0 1 2 0 0 2 1 0 0 1 0
geno chr6.31363360 yri  0 0 0 2 2 1 1 1 1 0 0 2 1 0 1 1 0 0 1 2 0 1 0 2 1 1 0 0 1 2 0 2 0 0 0 0 0 0 1 1 1 1 1 2 1 2 1 0 1 0 1 0 0 0 0 1 1 1 0 1 0 0 2 0 0 0 0 2 0 0 0 0 0 0 0 0 1
geno chr6.31363412 ceu  1 0 1 0 0 0 0 1 0 1 0 0 0 1 0 0 0 0 1 1 0 0 1 0 0 1 0 0 2 0 1 0 1 0 0 0 0 1 0 0 1 1 0 0 0 0 0 2 1 0 0 0 1 1 0 0 0 1 0 0 0 0 0 0 1 0 0 1 1 0 1 0 0 1 1 1 0 0
geno chr6.31363412 fin  0 0 1 1 0 0 1 0 1 1 0 1 1 1 0 1 1 0 1 1 0 0 1 0 1 1 1 1 1 0 1 0 1 2 0 0 1 1 1 1 1 0 0 1 2 1 0 1 0 1 1 1 1 1 1 0 1 1 1 0 2 0 1 0 1 0 1 0 0 0 0 1 1 1 1 2 0 1 1 1 1 0 0 0 0 1 0 1 1
geno chr6.31363412 gbr  0 0 1 2 0 1 0 0 1 0 1 2 1 0 1 1 0 2 1 0 1 1 1 1 1 1 2 1 0 1 1 1 0 0 0 0 0 1 1 1 1 0 0 1 1 0 2 1 1 1 1 1 0 1 1 0 0 1 1 0 1 2 0 1 0 1 1 0 1 1 0 1 0 0 0 0 0 0 2 0 0 1 0 0
geno chr6.31363412 tsi  1 2 2 0 0 1 1 0 1 1 1 0 1 1 1 0 1 0 0 0 0 0 1 0 1 1 1 0 0 1 0 1 0 1 1 1 1 1 2 0 0 0 0 0 2 0 1 1 0 1 0 2 1 0 1 0 0 0 0 0 1 0 0 0 2 0 1 1 0 1 0 1 0 0 0 1 1 0 1 0 0 0 1 2 0 0 2 1 0 1 1 0
geno chr6.31363412 yri  0 0 0 2 2 1 1 0 1 0 0 2 1 0 0 1 0 0 1 2 0 0 0 2 1 1 0 0 1 2 0 2 0 0 0 0 0 0 0 1 1 1 1 2 1 1 0 0 1 0 1 0 0 0 0 1 1 1 0 1 0 0 2 0 1 0 0 2 0 0 0 0 0 0 0 0 1
geno chr6.31363431 ceu  0 0 0 1 0 0 0 1 0 1 1 1 0 0 1 0 0 0 1 0 0 0 1 0 0 1 0 0 0 0 0 0 0 1 1 0 0 0 0 1 0 0 0 1 0 2 0 0 0 0 0 0 0 0 0 1 0 0 0 1 1 1 0 0 0 0 0 1 0 0 0 1 0 1 0 0 0 0
geno chr6.31363431 fin  0 0 0 0 0 1 0 0 0 0 0 0 0 0 1 1 0 0 0 1 1 0 0 0 0 0 0 1 0 0 1 0 1 0 0 0 0 0 0 0 0 0 0 0 0 0 1 0 0 0 0 0 0 0 1 0 0 0 0 0 0 0 1 0 1 0 0 0 1 1 2 0 0 0 0 0 0 0 0 0 0 0 0 0 0 0 0 0 0
geno chr6.31363431 gbr  0 1 1 0 1 0 0 1 0 1 0 0 0 1 0 1 0 0 1 0 0 0 0 0 0 0 0 0 0 0 0 0 0 0 1 0 0 0 0 0 1 0 0 0 1 0 0 0 0 0 0 0 0 0 0 0 0 0 0 0 0 0 0 0 0 0 0 0 0 1 0 0 0 0 1 0 0 0 0 0 0 0 1 0
geno chr6.31363431 tsi  0 0 0 0 1 0 0 0 0 0 0 0 0 0 0 0 0 0 0 1 0 0 0 0 0 0 0 0 1 1 0 0 0 1 0 1 0 0 0 0 1 1 0 0 0 0 0 1 0 0 0 0 0 0 0 0 0 0 0 0 0 0 0 0 0 0 0 0 0 0 1 0 0 0 1 0 0 0 0 0 0 0 0 0 0 0 0 0 0 0 0 0
geno chr6.31363431 yri  0 0 0 0 0 0 0 0 0 0 0 0 0 0 0 0 0 0 0 0 1 0 1 0 0 0 0 0 0 0 0 0 0 0 0 0 0 0 0 0 0 0 0 0 0 0 0 0 0 0 0 0 0 0 0 0 0 0 0 0 0 0 0 0 0 1 0 0 0 0 0 0 0 0 0 0 0
geno chr6.31363458 ceu  1 2 1 0 0 0 0 1 0 1 0 0 0 1 0 1 1 0 1 1 0 0 1 1 0 1 0 0 2 0 1 0 1 0 0 0 0 1 0 0 1 1 0 0 1 0 0 2 1 0 0 0 2 1 1 0 1 1 0 0 0 0 1 1 1 0 0 1 1 0 1 0 0 1 1 1 0 1
geno chr6.31363458 fin  0 0 2 1 0 0 1 0 0 1 0 1 1 2 0 1 1 0 1 1 0 1 1 0 1 1 1 1 1 0 1 0 1 2 0 0 1 1 1 1 1 0 0 1 2 1 0 1 0 0 1 1 1 1 1 0 1 1 1 0 2 0 1 0 0 0 0 0 1 0 0 0 1 1 1 2 1 1 1 1 1 0 1 0 0 0 0 1 1
geno chr6.31363458 gbr  0 0 1 2 0 1 1 0 1 0 1 2 0 0 1 1 0 2 1 0 1 2 1 1 2 2 2 1 1 1 1 1 0 0 0 1 2 1 2 1 1 0 1 1 1 0 2 1 1 0 1 1 0 1 0 0 0 1 1 0 1 2 2 1 0 1 1 0 0 1 1 1 2 0 0 0 0 0 2 1 0 1 0 0
geno chr6.31363458 tsi  1 2 2 1 0 2 1 0 1 1 1 0 1 2 1 0 1 1 2 0 0 1 1 0 1 2 1 0 0 1 0 1 0 1 1 1 0 1 2 0 0 0 0 0 2 1 0 1 1 1 0 2 1 1 1 1 0 0 2 1 1 0 0 0 2 0 1 1 0 0 0 1 1 0 0 2 1 0 1 0 0 1 1 2 0 0 2 1 0 1 1 1
geno chr6.31363458 yri  1 1 1 2 2 1 0 1 2 0 0 2 1 1 2 1 1 1 2 2 0 1 0 2 0 1 0 1 1 2 0 2 1 1 0 0 0 0 2 1 2 1 2 2 1 2 1 1 1 0 0 0 1 0 1 0 2 1 0 1 1 0 2 0 1 0 0 2 1 0 1 1 1 1 1 1 0
geno chr6.31363489 ceu  0 2 0 0 0 0 0 0 0 0 0 0 0 0 0 0 1 0 0 0 0 0 0 1 0 0 0 0 0 0 0 0 0 0 0 0 0 0 0 0 0 0 0 0 1 0 0 0 0 1 0 0 1 0 1 0 1 0 0 0 0 0 1 1 0 0 0 0 0 0 0 0 0 0 0 0 0 1
geno chr6.31363489 fin  0 0 0 0 0 0 0 0 0 0 0 0 0 1 0 0 0 0 0 0 0 0 0 0 0 0 0 0 0 0 0 0 0 0 0 0 0 0 0 0 0 0 0 0 0 0 0 0 0 0 0 0 0 0 0 0 0 0 0 0 0 0 0 0 0 0 0 0 1 0 0 0 0 0 0 0 0 0 0 0 0 0 0 0 0 0 0 0 0
geno chr6.31363489 gbr  0 0 0 0 0 0 1 0 0 0 0 0 0 0 0 0 0 0 0 0 0 1 0 0 1 1 0 0 1 0 0 0 0 0 0 0 2 0 1 0 0 0 1 0 0 0 0 0 0 0 0 0 0 0 0 0 0 0 0 0 0 0 1 0 0 0 0 0 0 0 1 0 2 0 0 0 0 0 0 1 0 0 0 0
geno chr6.31363489 tsi  0 0 0 0 0 1 0 0 0 0 0 0 0 1 0 0 0 1 2 0 0 1 0 0 0 1 0 0 0 0 0 0 0 0 0 0 0 0 0 0 0 0 0 0 0 1 0 0 1 0 0 0 0 1 0 1 0 0 2 1 0 0 0 0 0 0 0 0 0 0 0 0 1 0 0 1 0 0 0 0 0 1 0 0 0 0 0 0 0 0 0 1
geno chr6.31363489 yri  1 1 1 0 0 0 0 0 1 0 1 0 0 1 1 0 1 1 1 0 0 0 0 0 0 0 0 1 0 0 0 0 0 1 0 0 0 0 1 0 1 0 1 0 0 0 0 1 0 0 0 0 1 0 0 0 1 0 0 0 1 0 0 0 0 0 0 0 1 0 1 1 1 1 1 1 0
geno chr6.31363501 ceu  0 2 1 0 0 0 0 1 0 1 0 0 0 1 0 0 1 0 1 1 0 0 1 1 0 1 0 0 2 0 1 0 1 0 0 0 0 1 0 0 1 1 0 0 1 0 0 2 1 1 0 0 2 1 1 0 1 1 0 0 0 0 1 1 1 0 0 1 1 0 1 0 0 1 1 1 0 1
geno chr6.31363501 fin  0 0 1 1 0 0 1 0 1 1 0 1 2 2 0 1 1 0 1 1 0 1 1 0 1 1 1 1 1 0 1 0 1 2 0 0 1 1 1 1 1 0 0 1 2 0 0 1 0 1 1 1 1 1 1 0 1 1 1 0 2 0 1 0 1 0 0 0 1 0 1 1 1 1 1 2 0 1 1 1 1 0 0 0 0 0 0 1 1
geno chr6.31363501 gbr  0 0 1 2 0 1 1 0 1 0 1 2 0 0 1 1 0 2 1 0 1 2 1 1 2 2 2 1 1 1 1 1 0 0 0 1 2 1 2 1 1 0 1 1 1 0 2 1 0 1 1 1 0 1 0 0 0 1 1 0 1 2 1 1 0 1 1 0 0 1 1 1 2 0 0 0 0 0 2 1 0 0 0 0
geno chr6.31363501 tsi  1 2 2 1 0 2 1 0 1 1 1 0 1 2 1 0 1 1 2 0 0 1 1 0 1 2 1 0 0 1 0 1 0 1 1 1 1 1 2 0 0 0 0 0 2 1 1 1 1 1 0 2 1 1 1 1 0 0 2 1 1 0 0 0 2 0 1 1 0 1 0 1 1 0 0 2 1 0 1 0 0 1 1 2 0 0 2 1 0 0 1 1
geno chr6.31363501 yri  1 1 1 2 2 1 1 1 2 0 1 2 1 1 2 1 1 1 2 2 0 1 0 2 0 1 0 1 1 2 0 2 0 1 0 0 0 0 2 1 2 1 2 2 1 2 1 1 1 0 1 0 1 0 0 0 2 1 0 1 1 0 2 0 1 0 0 2 1 0 1 1 1 1 1 1 1
geno chr6.31363510 ceu  2 0 0 0 1 1 0 0 2 0 1 1 1 0 0 1 0 1 0 1 0 1 0 1 1 0 0 1 0 0 1 2 1 1 1 2 2 1 0 0 0 0 1 0 1 0 1 0 0 1 2 1 0 0 1 0 0 1 0 0 0 0 1 0 1 2 0 0 0 1 1 1 0 0 0 1 1 0
geno chr6.31363510 fin  1 2 0 0 1 0 0 0 1 0 1 0 0 0 0 0 0 1 0 0 0 0 0 0 1 0 1 0 0 1 0 1 0 0 0 1 1 0 0 0 0 1 2 1 0 2 1 0 1 0 0 0 0 0 0 0 1 0 1 1 0 0 0 2 0 0 0 2 0 1 0 0 1 0 1 0 0 0 1 1 0 1 2 2 2 0 1 1 0
geno chr6.31363510 gbr  0 1 0 0 0 1 0 1 1 1 1 0 2 0 0 0 1 0 0 1 0 0 1 1 0 0 0 0 0 0 1 1 0 2 1 1 0 0 0 0 0 2 0 1 0 0 0 0 2 0 0 0 2 0 2 2 1 0 0 1 1 0 1 0 2 1 0 0 2 0 0 0 0 0 0 2 1 2 0 1 0 1 0 2
geno chr6.31363510 tsi  0 0 0 1 1 0 0 1 0 1 1 1 1 0 0 1 1 0 0 1 0 0 0 0 1 0 0 1 0 0 2 0 2 0 0 0 1 1 0 0 1 1 2 1 0 1 1 0 1 0 1 0 1 1 0 1 1 2 0 1 0 0 1 2 0 0 0 1 1 0 0 0 0 2 1 0 1 2 1 0 1 0 1 0 1 1 0 1 1 1 0 1
geno chr6.31363510 yri  0 0 0 0 0 0 0 0 0 0 0 0 0 1 0 0 0 0 0 0 0 0 0 0 0 0 0 0 0 0 0 0 1 0 1 0 1 1 0 0 0 0 0 0 0 0 0 0 0 0 1 0 0 2 1 0 0 0 0 0 0 0 0 0 1 0 1 0 0 0 0 0 0 0 0 0 0
geno chr6.31363518 ceu  0 0 0 0 0 0 0 0 0 0 0 0 0 0 0 0 0 0 0 0 0 0 0 0 0 0 0 0 0 0 0 0 0 0 0 0 0 0 0 0 0 0 0 0 0 0 0 0 0 0 0 0 0 0 0 0 0 0 0 0 0 0 0 0 0 0 0 0 0 0 0 0 0 0 0 0 0 0
geno chr6.31363518 fin  0 0 0 0 0 0 0 1 0 0 0 0 0 0 0 0 1 0 0 0 0 0 0 0 0 0 0 0 0 0 0 0 0 0 0 0 0 0 0 0 0 0 0 0 0 0 0 0 0 0 0 0 0 0 0 0 0 0 0 0 0 0 0 0 0 0 0 0 0 0 0 0 0 0 0 0 0 0 0 0 0 0 0 0 0 0 0 0 0
geno chr6.31363518 gbr  0 0 0 0 0 0 0 0 0 0 0 0 0 0 0 0 0 0 0 0 0 0 0 0 0 0 0 0 0 0 0 0 0 0 0 0 0 0 0 0 0 0 0 0 0 1 0 0 0 0 0 0 0 0 0 0 0 0 0 0 0 0 0 0 0 0 0 0 0 0 0 0 0 0 0 0 0 0 0 0 1 0 0 0
geno chr6.31363518 tsi  0 0 0 0 0 0 1 0 0 0 0 0 0 0 0 0 0 0 0 0 0 1 0 0 0 0 0 0 0 0 0 0 0 0 0 0 0 0 0 0 0 0 0 0 0 0 0 0 0 0 0 0 0 0 0 0 0 0 0 0 0 0 0 0 0 0 0 0 0 0 0 0 0 0 0 0 0 0 0 0 0 0 0 0 1 0 0 0 0 0 0 0
geno chr6.31363518 yri  1 0 1 0 0 0 0 1 0 1 1 0 1 0 0 0 1 0 0 0 1 1 0 0 2 1 2 1 0 0 0 0 1 0 1 0 1 0 0 0 0 1 0 0 0 0 1 0 0 0 0 2 1 0 1 1 0 0 2 1 1 0 0 1 0 0 1 0 1 2 0 0 1 1 1 0 1
geno chr6.31363522 ceu  0 0 1 0 0 0 0 1 0 1 0 0 0 1 0 0 0 0 1 1 0 0 1 0 0 1 0 0 2 0 1 0 1 0 0 0 0 1 0 0 1 1 0 0 0 0 0 2 1 0 0 0 1 1 0 0 0 1 0 0 0 0 0 0 0 0 0 1 1 0 1 0 0 1 1 1 0 0
geno chr6.31363522 fin  0 0 1 1 0 0 1 0 1 1 0 1 2 1 0 1 1 0 1 0 0 0 1 0 0 1 1 1 1 0 1 0 1 2 0 0 1 1 1 0 1 0 0 1 2 0 0 1 0 1 1 1 1 0 1 0 1 1 1 0 2 0 1 0 0 0 0 0 0 0 1 1 1 1 1 2 0 1 1 1 1 0 0 0 0 0 0 1 1
geno chr6.31363522 gbr  0 0 1 2 0 1 0 0 1 0 1 2 0 0 1 1 0 2 0 0 1 1 1 1 1 1 2 1 0 1 1 1 0 0 0 1 0 1 1 1 1 0 0 1 1 0 2 1 0 1 1 1 0 1 0 0 0 1 1 0 1 2 0 1 0 1 1 0 0 1 0 1 0 0 0 0 0 0 2 0 0 1 0 0
geno chr6.31363522 tsi  1 2 2 1 0 0 1 0 0 0 1 0 1 1 1 0 1 0 0 0 0 0 1 0 1 1 0 0 0 1 0 1 0 1 1 1 1 1 2 0 0 0 0 0 2 0 1 1 0 1 0 2 1 0 1 0 0 0 0 0 1 0 0 0 2 0 1 1 0 1 0 1 0 0 0 1 1 0 1 0 0 0 1 2 0 0 2 1 0 0 1 0
geno chr6.31363522 yri  0 0 0 2 2 1 1 1 1 0 0 2 1 0 1 1 0 0 1 2 0 1 0 2 0 0 0 0 1 2 0 2 0 0 0 0 0 0 1 1 1 1 1 2 1 2 1 0 1 0 1 0 0 0 0 0 1 1 0 1 0 0 2 0 0 0 0 2 0 0 0 0 0 0 0 0 1
geno chr6.31363540 ceu  0 0 1 0 0 0 0 1 0 1 0 0 0 1 0 0 0 0 1 1 0 0 1 0 0 1 0 0 2 0 1 0 1 0 0 0 0 1 0 0 1 1 0 0 0 0 0 2 1 0 0 0 1 1 0 0 0 1 0 0 0 0 0 0 0 0 0 1 1 0 1 0 0 1 1 1 0 0
geno chr6.31363540 fin  0 0 1 1 0 0 1 0 1 1 0 1 2 1 0 1 1 0 1 0 0 0 1 0 0 1 0 1 1 0 1 0 1 2 1 0 1 1 1 0 1 0 0 1 2 0 0 1 1 1 1 1 1 0 1 0 1 1 1 0 2 0 1 0 0 0 0 0 0 0 1 1 0 1 1 2 0 1 0 0 1 0 0 0 0 0 0 1 1
geno chr6.31363540 gbr  0 0 1 2 0 1 0 0 1 0 1 2 1 0 1 1 0 2 0 0 1 1 1 1 1 1 2 1 0 1 1 1 0 0 0 1 0 1 1 1 1 0 0 0 1 0 2 1 0 1 1 1 0 1 0 0 0 1 1 0 1 2 0 1 0 1 1 0 0 1 0 1 0 1 0 0 0 0 2 0 0 1 0 0
geno chr6.31363540 tsi  1 2 2 1 0 0 1 0 0 0 1 0 1 1 1 0 1 0 0 0 0 0 1 0 1 1 0 0 0 1 0 1 0 1 1 1 1 1 2 0 0 0 0 0 2 0 1 1 0 1 0 2 1 0 0 0 0 0 0 0 1 0 0 0 2 0 1 1 0 1 0 1 0 0 0 1 1 0 1 0 0 0 1 2 0 0 2 1 0 0 1 0
geno chr6.31363540 yri  0 0 0 2 2 1 1 1 1 0 0 2 1 0 1 1 0 0 1 2 0 1 0 2 0 0 0 0 1 2 0 2 0 0 0 0 0 0 1 1 1 1 1 2 1 2 1 0 0 0 1 0 0 0 0 0 1 1 0 1 0 0 2 0 0 0 0 2 0 0 0 0 0 0 0 0 1
geno chr6.31363571 ceu  1 0 1 0 0 0 0 0 0 1 0 0 0 1 0 0 0 0 1 1 0 0 1 0 0 0 0 0 2 0 1 0 1 0 0 0 0 1 0 0 1 1 0 0 0 0 0 2 0 0 0 0 1 1 0 0 0 0 0 0 0 0 0 0 1 0 0 1 0 0 1 0 0 1 1 1 0 0
geno chr6.31363571 fin  0 0 1 1 0 0 0 0 0 1 0 1 2 1 0 0 1 0 1 0 0 0 0 0 0 1 0 1 1 0 1 0 1 2 0 0 1 1 1 0 1 0 0 1 2 1 0 1 0 0 0 0 1 1 1 0 1 1 0 0 2 0 1 0 0 0 1 0 0 0 0 1 0 1 0 2 0 1 0 1 1 0 0 0 1 0 0 1 0
geno chr6.31363571 gbr  0 0 1 2 0 1 0 0 1 0 0 2 1 0 1 1 0 2 0 0 1 1 1 0 1 1 2 0 0 1 1 0 0 0 0 0 0 0 1 0 0 0 0 0 1 0 2 0 0 1 1 1 0 1 1 0 0 0 0 0 0 2 0 1 0 0 1 0 0 1 0 1 0 0 0 0 0 0 2 0 0 1 0 0
geno chr6.31363571 tsi  1 2 2 1 0 0 0 0 0 1 1 0 0 0 0 0 0 0 0 0 0 0 0 0 1 1 1 0 0 0 0 1 0 1 1 1 1 1 2 0 0 0 0 0 2 0 1 1 0 1 0 2 0 0 0 0 0 0 0 0 1 0 0 0 2 0 1 1 0 0 0 1 0 0 0 0 1 0 1 0 0 0 1 1 0 0 2 0 0 0 1 0
geno chr6.31363571 yri  0 0 0 2 2 1 1 0 1 0 0 2 1 0 0 1 0 0 1 2 0 0 0 2 0 0 0 0 1 2 0 2 0 0 0 0 0 0 0 1 0 1 0 1 1 0 0 0 0 0 1 0 0 1 0 0 1 0 0 1 0 0 2 0 0 0 0 2 0 0 0 0 0 0 0 0 0
geno chr6.31363575 ceu  1 0 1 0 0 0 0 0 0 1 0 0 0 1 0 0 0 0 1 1 0 0 1 0 0 0 0 0 2 0 1 0 1 0 0 0 0 1 0 0 1 1 0 0 0 0 0 2 0 0 0 0 1 1 0 0 0 0 0 0 0 0 0 0 1 0 0 1 0 0 1 0 0 1 1 1 0 0
geno chr6.31363575 fin  0 0 1 1 0 0 0 0 0 1 0 1 2 1 0 0 1 0 1 0 0 0 0 0 0 1 0 1 1 0 1 0 1 2 0 0 1 1 1 0 1 0 0 1 2 1 0 1 0 0 0 0 1 1 1 0 1 1 0 0 2 0 1 0 0 0 1 0 0 0 0 1 0 1 0 2 0 1 0 1 1 0 0 0 1 0 0 1 0
geno chr6.31363575 gbr  0 0 1 2 0 1 0 0 1 0 0 2 1 0 1 1 0 2 0 0 1 1 1 0 1 1 2 0 0 1 1 0 0 0 0 1 0 0 1 0 0 0 0 0 1 0 2 0 0 1 1 1 0 1 1 0 0 0 1 0 0 2 0 1 0 0 1 0 0 1 0 1 0 0 0 0 0 0 2 0 0 1 0 0
geno chr6.31363575 tsi  1 2 2 1 0 0 0 0 0 1 1 0 0 0 0 0 0 0 0 0 0 0 0 0 1 1 1 0 0 0 0 1 0 1 1 1 1 1 2 0 0 0 0 0 2 0 1 1 0 1 0 2 0 0 0 0 0 0 0 0 1 0 0 0 2 0 1 1 0 0 0 1 0 0 0 0 1 0 1 0 0 0 1 1 0 0 2 0 0 0 1 0
geno chr6.31363575 yri  0 0 0 2 2 1 1 0 1 0 0 2 1 0 0 1 0 0 1 2 0 0 0 2 0 0 0 0 1 2 0 2 0 0 0 0 0 0 0 1 1 1 0 2 1 0 0 0 0 0 1 0 0 1 0 0 1 0 0 1 0 0 2 0 0 0 0 2 0 0 0 0 0 0 0 0 0
geno chr6.31363584 ceu  1 0 1 0 0 0 0 1 0 1 0 0 0 1 0 0 0 0 1 1 0 0 1 0 0 1 0 0 2 0 1 0 1 0 0 0 0 1 0 0 1 1 0 0 0 0 0 2 0 0 0 0 1 1 0 0 0 1 0 0 0 0 0 0 1 0 0 1 1 0 1 0 0 1 1 1 0 0
geno chr6.31363584 fin  0 0 1 1 0 0 0 0 0 1 0 1 2 1 0 0 1 0 1 0 0 1 1 0 0 1 1 1 1 0 1 0 1 2 0 0 1 1 1 0 1 0 0 1 2 1 0 1 0 0 1 1 1 1 1 0 1 1 1 0 2 0 1 0 1 0 1 0 0 0 1 1 0 1 0 2 0 1 0 1 1 0 0 0 1 0 0 1 1
geno chr6.31363584 gbr  0 0 1 2 0 1 0 0 1 0 1 2 1 0 1 1 0 2 0 0 1 1 1 0 1 1 2 1 0 1 1 1 0 0 0 1 0 1 1 1 1 0 0 0 1 0 2 1 0 1 1 1 0 1 1 0 0 0 1 0 1 2 0 1 0 0 1 0 0 1 0 1 1 0 0 0 0 0 2 0 0 1 0 0
geno chr6.31363584 tsi  1 2 2 1 0 1 1 0 1 1 1 0 1 0 1 0 1 0 0 0 0 0 1 0 1 1 1 0 0 1 0 1 0 1 1 1 1 1 2 0 0 0 0 0 2 0 1 1 0 1 0 2 1 0 0 0 0 0 0 0 1 0 0 0 2 0 1 1 0 0 0 1 0 0 0 0 1 0 1 0 0 0 1 2 0 0 2 1 0 0 1 0
geno chr6.31363584 yri  0 0 0 2 2 1 1 1 1 0 0 2 1 0 0 1 0 0 1 2 0 1 0 2 0 0 0 0 1 2 0 2 0 0 0 0 0 0 0 1 1 1 0 2 1 1 1 0 0 0 1 0 0 1 0 0 1 1 0 1 0 0 2 0 1 0 0 2 0 0 0 0 0 0 0 0 1
geno chr6.31363606 ceu  1 0 1 0 0 0 0 1 0 1 0 0 0 1 0 0 0 0 1 1 0 0 1 0 0 1 0 0 2 0 1 0 1 0 0 0 0 1 0 0 1 1 0 0 0 0 0 2 1 0 0 0 1 1 0 0 0 1 0 0 0 0 0 0 1 0 0 1 1 0 1 0 0 1 1 1 0 0
geno chr6.31363606 fin  0 0 1 1 0 0 1 0 1 1 0 1 2 1 0 1 1 0 1 0 0 1 0 0 0 1 1 1 1 0 1 0 1 2 0 0 1 1 1 1 1 0 0 1 2 1 0 1 0 1 1 1 1 1 1 0 1 1 1 0 2 0 1 0 1 0 1 0 0 0 1 1 1 1 1 2 0 1 0 1 1 0 0 0 1 0 0 1 1
geno chr6.31363606 gbr  0 0 1 2 0 1 0 0 1 0 1 2 1 0 1 1 0 2 0 0 1 1 1 1 1 1 2 1 0 1 1 1 0 0 0 1 0 0 1 1 1 0 0 0 1 0 2 1 0 1 1 1 0 1 1 0 0 1 1 0 1 2 0 1 0 1 1 0 0 1 0 1 1 0 0 0 0 0 2 0 0 1 0 0
geno chr6.31363606 tsi  1 2 2 1 0 1 1 0 1 1 1 0 1 1 1 0 1 0 0 0 0 0 1 0 1 1 1 0 0 1 0 1 0 1 1 1 1 1 2 0 0 0 0 0 2 0 1 1 0 1 0 2 1 0 1 0 0 0 0 0 1 0 0 0 2 0 1 1 0 0 0 1 0 0 0 1 1 0 1 0 0 0 1 2 0 0 2 1 0 0 1 0
geno chr6.31363606 yri  0 0 0 2 2 1 1 1 1 0 0 2 1 0 0 1 0 0 1 2 0 1 0 2 1 0 0 0 1 2 0 2 0 0 0 0 0 0 0 1 1 1 0 2 1 1 1 0 0 0 1 0 0 1 0 0 1 1 0 1 0 0 2 0 1 0 0 2 0 0 0 0 0 0 0 0 1
geno chr6.31363680 ceu  1 2 1 0 0 0 0 1 0 1 0 0 0 1 0 0 1 0 1 1 0 0 1 1 0 1 0 0 2 0 1 0 1 0 0 0 0 1 0 0 1 1 0 0 1 0 0 2 1 1 0 0 2 0 1 0 1 0 0 0 0 0 1 1 1 0 0 1 1 0 1 0 0 1 0 1 0 1
geno chr6.31363680 fin  0 0 1 1 0 0 1 0 1 1 0 1 1 2 0 1 1 0 1 1 0 0 1 0 1 1 1 1 1 0 1 0 1 2 0 0 1 1 0 1 1 0 0 1 2 1 0 1 0 1 0 0 1 1 1 0 0 1 1 0 2 0 1 0 1 0 1 0 1 0 1 1 0 1 1 2 0 1 0 1 1 0 0 0 1 0 0 1 0
geno chr6.31363680 gbr  0 0 1 2 0 1 1 0 1 0 0 2 1 0 1 1 0 2 1 0 1 2 1 1 2 2 2 0 1 1 1 1 0 0 0 1 2 1 2 1 1 0 1 0 1 0 2 1 0 1 1 1 0 1 1 0 0 1 1 0 1 2 1 1 0 1 1 0 0 1 1 1 2 0 0 0 0 0 2 1 0 1 0 0
geno chr6.31363680 tsi  1 2 2 1 0 2 1 0 1 1 1 0 1 2 1 0 1 1 2 0 0 1 1 0 1 2 1 0 0 1 0 1 0 1 1 1 1 1 2 0 0 0 0 0 2 1 1 1 1 1 0 2 0 1 1 1 0 0 2 1 1 0 0 0 2 0 1 0 0 1 0 1 1 0 0 2 1 0 1 0 0 1 1 2 0 0 2 1 0 0 1 1
geno chr6.31363680 yri  1 1 1 2 2 1 1 1 2 0 1 2 1 1 2 1 1 1 2 2 0 1 0 2 1 1 1 1 1 2 0 2 0 1 0 0 0 0 2 1 2 1 2 2 1 2 1 1 0 0 1 0 1 1 0 0 2 1 0 0 1 0 2 0 1 0 0 2 1 0 1 1 1 1 1 1 1
geno chr6.31363688 ceu  1 0 1 0 0 0 0 1 0 1 0 0 0 1 0 0 0 0 1 1 0 0 1 0 0 1 0 0 2 0 1 0 1 0 0 0 0 1 0 0 1 1 0 0 0 0 0 2 1 0 0 0 1 0 0 0 0 0 0 0 0 0 0 0 0 0 0 1 1 0 1 0 0 1 0 1 0 0
geno chr6.31363688 fin  0 0 1 1 0 0 1 0 1 1 0 1 1 1 0 1 1 0 1 1 0 0 1 0 1 1 1 1 1 0 1 0 1 2 0 0 1 1 0 1 1 0 0 1 2 1 0 1 0 1 0 0 1 1 1 0 0 1 1 0 2 0 1 0 1 0 1 0 0 0 1 1 0 1 0 2 0 1 0 1 1 0 0 0 1 0 0 1 0
geno chr6.31363688 gbr  0 0 1 2 0 1 0 0 1 0 0 2 1 0 1 1 0 2 1 0 1 1 1 1 1 1 2 0 0 1 1 1 0 0 0 1 0 1 1 1 1 0 0 0 1 0 2 1 0 1 1 1 0 1 1 0 0 1 0 0 0 2 0 1 0 1 1 0 0 1 0 1 1 0 0 0 0 0 2 0 0 1 0 0
geno chr6.31363688 tsi  1 2 2 1 0 1 1 0 1 1 1 0 1 1 1 0 1 0 0 0 0 0 1 0 1 1 1 0 0 1 0 1 0 1 1 1 1 1 2 0 0 0 0 0 2 0 1 1 0 1 0 2 0 0 1 0 0 0 0 0 1 0 0 0 2 0 1 0 0 1 0 1 0 0 0 1 1 0 1 0 0 0 1 2 0 0 2 1 0 0 0 0
geno chr6.31363688 yri  0 0 0 2 2 1 1 1 1 0 0 2 1 0 1 1 0 0 1 2 0 1 0 2 1 1 0 0 1 2 0 2 0 0 0 0 0 0 1 1 1 0 1 2 1 2 1 0 1 0 1 0 0 1 0 0 1 1 0 0 0 0 2 0 1 0 0 2 0 0 0 0 0 0 0 0 1
geno chr6.31363697 ceu  1 0 1 0 0 0 0 1 0 1 0 0 0 1 0 0 0 0 1 1 0 0 1 0 0 1 0 0 2 0 1 0 1 0 0 0 0 1 0 0 1 1 0 0 0 0 0 2 1 0 0 0 1 0 0 0 0 0 0 0 0 0 0 0 0 0 0 1 1 0 1 0 0 1 0 1 0 0
geno chr6.31363697 fin  0 0 1 1 0 0 1 0 1 1 0 1 1 1 0 1 1 0 1 1 0 0 1 0 1 1 1 1 1 0 1 0 1 2 0 0 1 1 0 1 1 0 0 1 2 1 0 1 0 1 0 0 1 1 1 0 0 1 1 0 2 0 1 0 1 0 1 0 0 0 1 1 0 1 0 2 0 1 0 1 1 0 0 0 1 0 0 1 0
geno chr6.31363697 gbr  0 0 1 2 0 1 0 0 1 0 0 2 1 0 1 1 0 2 1 0 1 1 1 1 1 1 2 0 0 1 1 1 0 0 0 1 0 1 1 1 1 0 0 0 1 0 2 1 0 1 1 1 0 1 1 0 0 1 0 0 0 2 0 1 0 1 1 0 0 1 0 1 1 0 0 0 0 0 2 0 0 1 0 0
geno chr6.31363697 tsi  1 2 2 1 0 1 1 0 1 1 1 0 1 1 1 0 1 0 0 0 0 0 1 0 1 1 1 0 0 1 0 1 0 1 1 1 1 1 2 0 0 0 0 0 2 0 1 1 0 1 0 2 0 0 1 0 0 0 0 0 1 0 0 0 2 0 1 0 0 1 0 1 0 0 0 1 1 0 1 0 0 0 1 2 0 0 2 1 0 0 0 0
geno chr6.31363697 yri  0 0 0 2 2 1 1 1 1 0 0 2 1 0 0 1 0 0 1 2 0 0 0 2 1 1 0 0 1 2 0 2 0 0 0 0 0 0 0 1 1 0 1 2 1 1 0 0 1 0 1 0 0 1 0 0 1 1 0 0 0 0 2 0 1 0 0 2 0 0 0 0 0 0 0 0 1
geno chr6.31363712 ceu  1 2 1 0 0 0 0 1 0 1 0 0 0 1 0 0 1 0 1 1 0 0 1 1 0 1 0 0 2 0 1 0 1 0 0 0 0 1 0 0 1 1 0 0 1 0 0 2 1 1 0 0 2 0 1 0 1 0 0 0 0 0 1 1 0 0 0 1 1 0 1 0 0 1 0 1 0 1
geno chr6.31363712 fin  0 0 1 1 0 0 1 0 1 1 0 1 1 2 0 1 1 0 1 1 0 0 1 0 1 1 1 1 1 0 1 0 1 2 0 0 1 1 0 1 1 0 0 1 2 1 0 1 0 1 0 0 1 0 1 0 0 1 1 0 2 0 1 0 1 0 0 0 1 0 1 1 1 1 0 2 0 1 0 1 1 0 0 0 1 0 0 1 0
geno chr6.31363712 gbr  0 0 1 2 0 1 1 0 1 0 0 2 1 0 0 1 0 2 1 0 0 2 1 1 2 2 2 0 1 1 1 1 0 0 0 1 2 1 2 1 1 0 1 0 1 0 2 1 0 1 1 1 0 1 1 0 0 1 0 0 0 2 1 1 0 1 1 0 0 1 1 1 2 0 0 0 0 0 2 1 0 1 0 0
geno chr6.31363712 tsi  1 2 2 1 0 2 1 0 1 1 1 0 1 2 1 0 1 1 2 0 0 1 1 0 1 2 0 0 0 1 0 1 0 1 1 1 1 1 2 0 0 0 0 0 2 1 1 1 1 1 0 2 0 1 1 1 0 0 2 1 1 0 0 0 2 0 1 0 0 1 0 1 1 0 0 2 1 0 1 0 0 1 1 2 0 0 2 1 0 0 0 1
geno chr6.31363712 yri  1 1 1 2 2 1 1 1 2 0 1 2 1 1 2 1 1 1 2 2 0 0 0 2 1 1 1 1 1 2 0 2 0 1 0 0 0 0 2 1 2 0 2 2 1 2 0 1 1 0 1 0 1 1 0 0 2 1 0 0 1 0 2 0 1 0 0 2 1 0 1 1 1 1 1 1 1
geno chr6.31363770 ceu  0 2 1 0 0 0 0 0 0 1 0 0 0 1 0 0 1 0 0 1 0 0 0 1 0 1 0 0 2 0 0 0 1 0 0 0 0 1 0 0 1 1 0 0 1 0 0 1 0 1 0 0 2 1 1 0 1 0 0 0 0 0 1 1 1 0 0 1 1 0 1 0 0 1 1 0 0 1
geno chr6.31363770 fin  0 0 1 0 0 0 1 0 1 1 0 1 0 2 0 0 1 0 1 1 0 1 1 0 0 1 1 1 1 0 1 0 0 2 0 0 1 1 0 1 1 0 0 0 2 1 0 1 0 1 1 0 1 1 1 0 0 0 0 0 2 0 0 0 0 0 0 0 1 0 0 0 0 1 0 2 0 1 0 0 1 0 0 0 0 0 0 0 0
geno chr6.31363770 gbr  0 0 1 1 0 1 1 0 1 0 0 2 1 0 0 0 0 1 1 0 0 2 1 1 2 2 1 0 0 1 1 0 0 0 0 0 2 1 2 0 1 0 0 0 1 0 2 0 0 1 1 1 0 0 1 0 0 1 0 0 0 2 1 1 0 1 1 0 0 1 1 0 2 0 0 0 0 0 2 1 0 0 0 0
geno chr6.31363770 tsi  1 1 2 1 0 2 1 0 1 0 1 0 1 2 1 0 1 1 2 0 0 1 1 0 1 2 1 0 0 0 0 1 0 0 1 1 1 1 1 0 0 0 0 0 2 1 1 1 1 1 0 2 0 1 1 1 0 0 2 0 1 0 0 0 1 0 1 1 0 1 0 1 1 0 0 2 0 0 1 0 0 1 1 0 0 0 2 0 0 1 1 1
geno chr6.31363770 yri  1 1 1 2 1 1 1 1 1 0 1 2 1 1 2 1 1 1 1 2 0 1 0 2 1 1 1 1 1 2 0 2 0 1 0 0 0 0 2 1 2 0 1 2 1 2 1 1 1 0 1 0 1 1 0 0 2 0 0 0 1 0 2 0 1 0 0 2 1 0 1 1 1 0 1 1 1
geno chr6.31363789 ceu  0 2 1 0 0 0 0 0 0 1 0 0 0 1 0 0 1 0 0 1 0 0 1 1 0 1 0 0 2 0 0 0 1 0 0 0 0 1 0 0 1 1 0 0 1 0 0 1 1 1 0 0 2 1 1 0 1 0 0 0 0 0 1 1 1 0 0 1 1 0 1 0 0 0 1 0 0 1
geno chr6.31363789 fin  0 0 1 0 0 0 1 0 1 1 0 1 0 2 0 0 1 0 1 1 0 1 1 0 0 1 0 1 1 0 1 0 0 2 0 0 1 1 0 1 1 0 0 0 2 1 0 1 0 1 1 0 1 1 1 0 0 0 0 0 2 0 0 0 0 0 0 0 0 0 0 0 0 1 0 2 0 1 0 0 1 0 0 0 0 0 0 0 0
geno chr6.31363789 gbr  0 0 1 1 0 1 0 0 1 0 0 2 1 0 0 0 0 1 1 0 0 2 1 1 2 2 1 0 0 1 1 0 0 0 0 0 2 1 2 1 1 0 0 0 1 0 2 1 0 1 1 0 0 0 1 0 0 1 0 0 0 2 1 1 0 1 1 0 0 1 1 0 2 0 0 0 0 0 2 1 0 0 0 0
geno chr6.31363789 tsi  1 1 2 1 0 2 1 0 1 0 1 0 1 2 1 0 1 1 2 0 0 1 1 0 1 2 0 0 0 0 0 1 0 0 1 1 1 1 1 0 0 0 0 0 2 1 1 1 1 1 0 1 0 1 1 1 0 0 2 0 1 0 0 0 1 0 1 1 0 1 0 1 1 0 0 2 0 0 1 0 0 1 1 0 0 0 2 0 0 1 0 1
geno chr6.31363789 yri  1 1 1 1 1 1 1 1 1 0 1 2 1 1 1 1 1 1 1 1 0 1 0 2 1 1 1 1 1 2 0 1 0 1 0 0 0 0 1 1 1 0 1 1 1 1 1 1 0 0 1 0 1 1 0 0 2 0 0 0 1 0 2 0 1 0 0 2 1 0 1 1 1 0 1 1 1
geno chr6.31363794 ceu  0 2 1 0 0 0 0 0 0 1 0 0 0 1 0 0 0 0 0 1 0 0 1 1 0 1 0 0 2 0 0 0 1 0 0 0 0 1 0 0 1 1 0 0 1 0 0 1 1 1 0 0 2 1 1 0 0 0 0 0 0 0 1 1 1 0 0 1 1 0 1 0 0 0 1 0 0 0
geno chr6.31363794 fin  0 0 1 0 0 0 1 0 1 1 0 1 0 2 0 0 1 0 1 1 0 1 0 0 0 1 0 1 1 0 1 0 0 2 0 0 1 1 0 1 1 0 0 0 2 1 0 1 0 1 1 0 1 1 1 0 0 0 0 0 2 0 0 0 0 0 0 0 0 0 0 0 0 0 0 1 0 1 0 0 1 0 0 0 0 0 0 0 0
geno chr6.31363794 gbr  0 0 1 1 0 1 0 0 1 0 0 2 1 0 0 0 0 1 1 0 0 2 1 1 2 2 1 0 0 1 1 0 0 0 0 0 2 0 2 1 1 0 0 0 1 0 2 1 0 1 1 1 0 0 1 0 0 1 0 0 0 2 1 1 0 1 1 0 0 1 1 0 2 0 0 0 0 0 2 1 0 0 0 0
geno chr6.31363794 tsi  1 1 2 1 0 2 1 0 1 0 1 0 1 2 0 0 1 1 2 0 0 1 1 0 1 1 0 0 0 0 0 1 0 0 1 1 1 1 1 0 0 0 0 0 2 1 1 1 1 1 0 1 0 0 1 1 0 0 1 0 1 0 0 0 1 0 1 1 0 1 0 1 1 0 0 2 0 0 1 0 0 1 1 0 0 0 2 0 0 1 0 0
geno chr6.31363794 yri  1 1 1 1 1 1 1 1 1 0 1 2 1 1 2 1 1 1 1 1 0 1 0 2 1 1 1 1 1 2 0 1 0 1 0 0 0 0 2 1 1 0 1 1 1 2 1 1 0 0 1 0 0 1 0 0 2 0 0 0 1 0 2 0 0 0 0 2 0 0 1 1 1 0 1 0 1
geno chr6.31363796 ceu  0 2 1 0 0 0 0 0 0 1 0 0 0 1 0 0 0 0 0 1 0 0 1 1 0 1 0 0 2 0 0 0 1 0 0 0 0 1 0 0 1 1 0 0 1 0 0 1 1 1 0 0 2 1 1 0 0 0 0 0 0 0 1 1 1 0 0 1 1 0 1 0 0 0 1 0 0 0
geno chr6.31363796 fin  0 0 1 0 0 0 1 0 1 1 0 1 0 2 0 0 1 0 1 1 0 1 0 0 0 1 0 1 1 0 1 0 0 2 0 0 1 1 0 1 1 0 0 0 2 1 0 1 0 1 1 0 1 1 1 0 0 0 0 0 2 0 0 0 0 0 0 0 0 0 0 0 0 0 0 1 0 1 0 0 1 0 0 0 0 0 0 0 0
geno chr6.31363796 gbr  0 0 1 1 0 1 0 0 1 0 0 2 1 0 0 0 0 1 1 0 0 2 1 1 2 2 1 0 0 1 1 0 0 0 0 0 2 0 2 1 1 0 0 0 1 0 2 1 0 1 1 1 0 0 1 0 0 1 0 0 0 2 1 1 0 1 1 0 0 1 1 0 2 0 0 0 0 0 2 1 0 0 0 0
geno chr6.31363796 tsi  1 1 2 1 0 2 1 0 1 0 1 0 1 2 0 0 1 1 2 0 0 1 1 0 1 1 0 0 0 0 0 1 0 0 1 1 1 1 1 0 0 0 0 0 2 1 1 1 1 1 0 1 0 0 1 1 0 0 1 0 1 0 0 0 1 0 1 1 0 1 0 1 1 0 0 2 0 0 1 0 0 1 1 0 0 0 2 0 0 1 0 0
geno chr6.31363796 yri  1 1 1 1 1 1 1 1 1 0 1 2 1 1 1 1 1 1 1 1 0 1 0 2 1 1 1 1 1 2 0 1 0 1 0 0 0 0 1 1 1 0 1 1 1 1 1 1 0 0 1 0 0 1 0 0 2 0 0 0 1 0 2 0 0 0 0 2 0 0 1 1 1 0 1 0 1
geno chr6.31363798 ceu  0 2 1 0 0 0 0 0 0 1 0 0 0 1 0 0 0 0 0 1 0 0 1 1 0 1 0 0 2 0 0 0 1 0 0 0 0 1 0 0 1 1 0 0 1 0 0 1 1 1 0 0 2 1 1 0 0 0 0 0 0 0 1 1 1 0 0 1 1 0 1 0 0 0 1 0 0 0
geno chr6.31363798 fin  0 0 1 0 0 0 1 0 1 1 0 1 0 2 0 0 1 0 1 1 0 1 0 0 0 1 0 1 1 0 1 0 0 2 0 0 1 1 0 1 1 0 0 0 2 1 0 1 0 1 1 0 1 1 1 0 0 0 0 0 2 0 0 0 0 0 0 0 0 0 0 0 0 0 0 1 0 1 0 0 1 0 0 0 0 0 0 0 0
geno chr6.31363798 gbr  0 0 1 1 0 1 0 0 1 0 0 2 1 0 0 0 0 1 1 0 0 2 1 1 2 2 1 0 0 1 1 0 0 0 0 0 2 0 2 1 1 0 0 0 1 0 2 1 0 1 1 1 0 0 1 0 0 1 0 0 0 2 1 1 0 1 1 0 0 1 1 0 2 0 0 0 0 0 2 1 0 0 0 0
geno chr6.31363798 tsi  1 1 2 1 0 2 1 0 1 0 1 0 1 2 0 0 1 1 2 0 0 1 1 0 1 1 0 0 0 0 0 1 0 0 1 1 1 1 1 0 0 0 0 0 2 1 1 1 1 1 0 1 0 0 1 1 0 0 1 0 1 0 0 0 1 0 1 1 0 1 0 1 1 0 0 2 0 0 1 0 0 1 1 0 0 0 2 0 0 1 0 0
geno chr6.31363798 yri  1 1 1 1 1 1 1 1 1 0 1 2 1 1 2 1 1 1 1 1 0 1 0 2 1 1 1 1 1 2 0 1 0 1 0 0 0 0 2 1 1 0 1 1 1 2 1 1 0 0 1 0 0 1 0 0 2 0 0 0 1 0 2 0 0 0 0 2 0 0 1 1 1 0 1 0 1
geno chr6.31363805 ceu  0 2 1 0 0 0 0 0 0 1 0 0 0 1 0 0 0 0 0 1 0 0 1 1 0 1 0 0 2 0 0 0 1 0 0 0 0 1 0 0 1 1 0 0 1 0 0 1 1 1 0 0 2 1 1 0 0 0 0 0 0 0 1 1 1 0 0 1 1 0 1 0 0 0 1 1 0 0
geno chr6.31363805 fin  0 0 1 0 0 0 1 0 1 1 0 1 1 2 0 0 1 0 1 1 0 1 1 0 0 1 0 1 1 0 1 0 0 2 0 0 1 1 0 1 1 0 0 0 2 1 0 1 0 1 1 0 1 1 1 0 1 0 0 0 2 0 0 0 0 0 0 0 1 0 0 0 0 1 0 1 0 1 0 0 1 0 0 0 0 0 0 0 0
geno chr6.31363805 gbr  0 0 1 1 0 1 1 0 1 0 0 2 1 0 0 1 0 1 1 0 0 2 1 1 2 2 1 0 0 1 1 0 0 0 0 0 2 1 2 1 1 0 0 0 1 0 2 1 0 1 1 1 0 0 1 0 0 1 0 0 0 2 1 1 0 1 1 0 0 1 1 0 2 0 0 0 0 0 2 1 0 0 0 0
geno chr6.31363805 tsi  1 1 2 1 0 2 1 0 1 0 1 0 1 2 1 0 1 1 2 0 0 1 1 0 1 1 0 0 0 0 0 1 0 1 1 1 1 1 1 0 0 0 0 0 2 1 1 1 1 1 0 1 0 0 1 1 0 0 1 0 1 0 0 0 1 0 1 1 0 1 0 1 1 0 0 2 0 0 1 0 0 1 1 0 0 0 2 0 0 1 0 0
geno chr6.31363805 yri  1 1 1 2 1 1 1 1 1 0 1 2 1 1 2 1 1 1 1 1 0 1 0 2 1 1 1 1 1 2 0 1 0 1 0 0 0 0 2 1 1 0 1 1 1 2 1 1 0 0 1 0 0 1 0 0 2 0 0 0 1 0 2 0 1 0 0 2 0 0 1 1 1 0 1 0 1
geno chr6.31363840 ceu  2 2 2 2 2 1 1 2 2 2 2 2 2 1 1 2 1 2 2 2 0 1 2 2 1 2 0 2 2 0 2 2 2 2 2 2 2 2 0 2 2 1 2 1 2 2 2 2 1 2 2 1 2 1 2 1 1 2 1 1 1 1 2 1 2 2 0 2 2 1 2 2 0 2 1 2 1 2
geno chr6.31363840 fin  1 2 2 2 1 1 1 2 2 2 2 2 2 2 1 2 2 1 1 2 2 0 2 1 2 1 2 2 2 1 2 2 2 2 1 1 2 1 1 1 2 2 2 2 2 2 2 2 2 2 2 1 2 2 2 0 2 2 2 1 2 0 2 2 2 2 1 2 2 2 2 0 2 1 2 2 1 2 2 2 2 1 2 2 2 2 1 2 2
geno chr6.31363840 gbr  0 2 2 2 1 2 2 2 2 2 2 2 2 1 1 2 1 2 2 1 0 2 2 2 2 2 2 1 0 2 2 2 0 2 2 2 2 2 2 1 2 2 1 2 2 2 2 1 2 1 1 1 2 1 2 2 1 1 1 2 2 2 2 2 2 2 2 0 2 2 2 1 2 1 2 2 1 2 2 2 1 2 2 2
geno chr6.31363840 tsi  1 2 2 2 2 2 2 1 2 2 2 1 2 2 1 1 2 1 2 2 0 2 2 0 2 2 2 1 2 2 2 1 2 2 1 2 2 2 2 0 2 2 2 1 2 2 2 2 2 2 2 2 2 2 2 2 1 2 2 2 1 1 2 2 2 1 2 2 1 1 1 2 2 2 2 2 2 2 2 1 1 1 2 2 2 1 2 2 2 2 1 2
geno chr6.31363840 yri  2 2 2 2 2 1 1 2 2 1 2 2 2 2 2 1 2 1 2 2 2 2 2 2 2 2 2 2 2 2 1 2 2 1 2 0 2 2 2 1 2 2 2 2 1 2 2 1 1 0 2 2 2 2 2 2 2 2 2 2 2 2 2 1 2 2 2 2 2 2 1 1 2 2 2 1 2
geno chr6.31363847 ceu  1 2 1 0 0 0 0 1 0 1 0 0 0 1 0 0 1 0 1 1 0 0 1 1 0 1 0 0 2 0 1 0 1 0 0 0 0 1 0 1 1 1 0 0 1 0 0 2 1 1 0 0 2 1 1 0 1 1 0 0 0 0 1 1 1 0 0 1 1 0 1 0 0 1 1 1 0 1
geno chr6.31363847 fin  0 0 1 1 0 0 1 0 1 1 0 1 1 2 0 1 1 0 1 1 0 0 1 0 1 1 1 1 1 1 1 1 1 2 0 0 1 1 1 1 1 0 0 1 2 1 0 1 0 1 1 1 1 1 1 0 1 1 1 0 2 0 1 1 1 0 1 0 1 0 1 1 1 1 0 2 0 1 1 0 1 0 0 0 1 1 0 1 2
geno chr6.31363847 gbr  0 0 1 2 0 1 1 0 1 0 0 2 1 0 1 1 0 2 1 0 0 2 1 1 2 2 2 1 0 1 1 1 0 0 0 1 2 1 2 1 1 0 1 1 1 0 2 1 1 1 1 1 0 0 1 0 0 1 1 0 1 2 1 1 0 0 2 0 0 1 1 1 2 0 0 0 0 0 2 1 0 1 0 0
geno chr6.31363847 tsi  1 2 2 1 0 2 1 0 1 0 1 0 1 2 1 0 1 1 2 0 0 1 1 0 1 2 1 0 0 1 0 1 1 1 1 1 1 1 2 0 0 0 0 0 2 1 1 1 1 1 1 2 1 1 1 1 0 1 2 1 1 0 0 1 2 0 1 1 0 1 0 1 1 0 0 2 1 0 1 0 1 1 1 2 0 0 2 1 0 1 1 1
geno chr6.31363847 yri  1 1 1 2 2 1 1 1 2 1 1 2 1 1 2 1 1 1 2 2 0 1 0 2 1 1 1 1 1 2 0 2 0 1 0 0 0 0 2 1 2 0 2 2 1 2 1 1 1 0 1 0 1 1 0 0 2 1 0 1 1 0 2 0 1 0 0 2 1 0 1 1 1 1 1 1 1
geno chr6.31363880 ceu  0 0 0 1 0 0 0 0 0 0 1 0 0 0 0 0 0 0 0 0 0 0 0 0 0 0 0 1 0 0 0 0 0 0 0 0 0 0 0 0 0 0 0 0 0 0 1 0 0 0 0 0 0 0 0 0 0 0 0 0 0 0 0 0 0 0 0 0 0 0 0 0 0 0 0 0 0 0
geno chr6.31363880 fin  0 0 0 0 0 0 0 2 0 1 1 0 0 0 0 0 1 1 0 0 0 0 0 0 0 0 0 0 0 0 0 0 0 0 0 0 0 0 0 0 0 0 1 0 0 0 0 0 0 0 0 0 0 0 0 0 0 1 0 0 0 0 0 1 0 0 0 1 0 1 0 0 0 0 0 0 0 0 0 0 0 0 0 0 0 1 0 1 1
geno chr6.31363880 gbr  0 0 0 0 0 0 0 0 0 0 0 0 0 0 0 0 0 0 0 0 0 0 0 0 0 0 0 0 0 0 0 0 0 1 0 0 0 0 0 0 0 1 0 0 0 1 0 0 0 0 0 0 0 0 0 1 0 0 0 0 0 0 0 0 0 0 0 0 0 0 1 0 0 0 1 0 0 1 0 0 1 0 0 0
geno chr6.31363880 tsi  0 0 0 0 1 0 1 0 0 0 0 0 1 0 0 0 1 0 0 0 0 1 0 0 0 0 0 0 0 0 0 0 1 0 0 0 0 0 0 0 1 0 0 0 0 0 0 0 0 0 0 0 0 1 0 0 0 0 0 0 0 0 0 1 0 0 0 1 0 0 0 0 0 0 0 0 0 0 0 0 0 0 0 0 2 0 0 0 0 0 0 0
geno chr6.31363880 yri  0 0 0 0 0 0 0 0 0 1 0 0 0 0 0 0 0 0 0 0 0 0 0 0 1 0 0 0 0 0 0 0 0 0 0 0 0 0 0 0 0 0 0 0 0 0 0 0 0 0 0 0 0 0 0 0 0 0 0 0 0 0 0 0 0 0 0 0 0 1 0 0 0 0 0 0 0
geno chr6.31363945 ceu  1 0 1 0 0 0 0 1 0 1 0 0 0 0 0 0 0 0 1 1 0 0 1 0 0 1 0 0 2 0 1 0 1 0 0 0 0 1 0 0 1 1 0 0 0 0 0 2 1 0 0 0 1 1 0 0 0 1 0 0 0 0 0 0 1 0 0 1 1 0 1 0 0 1 1 1 0 0
geno chr6.31363945 fin  0 0 1 1 0 0 1 0 1 1 0 1 1 1 0 1 1 0 1 1 0 0 1 0 1 1 1 1 1 0 1 0 1 2 0 0 1 1 1 1 1 0 0 1 2 1 0 1 0 1 1 1 1 1 1 0 1 1 1 0 2 0 1 0 1 0 1 0 0 0 1 1 1 1 0 2 0 1 0 1 1 0 0 0 1 0 0 1 1
geno chr6.31363945 gbr  0 0 1 2 0 1 0 0 1 0 0 2 1 0 1 1 0 1 1 0 0 1 1 1 1 1 2 1 0 1 1 1 0 0 0 1 0 1 1 1 1 0 0 0 1 0 2 1 1 1 1 1 0 1 1 0 0 1 1 0 1 2 0 1 0 0 1 0 0 1 0 1 1 0 0 0 0 0 2 0 0 1 0 0
geno chr6.31363945 tsi  1 2 2 1 0 1 1 0 1 1 1 0 1 1 1 0 1 0 0 0 0 0 1 0 1 1 1 0 0 1 0 1 0 1 1 1 1 1 2 0 0 0 0 0 2 0 1 1 0 1 0 2 1 0 1 0 1 0 0 0 1 0 0 0 1 0 1 1 0 1 0 1 0 0 0 1 1 0 1 0 0 0 1 2 0 0 2 1 0 1 1 0
geno chr6.31363945 yri  0 0 0 2 2 1 1 1 1 0 0 2 1 0 0 1 0 0 1 2 0 1 0 2 1 1 0 0 1 2 0 2 0 0 0 0 0 0 0 1 1 0 1 2 1 1 1 0 1 0 1 0 0 1 0 1 1 1 0 1 0 0 2 0 1 0 0 2 0 0 0 0 0 0 0 0 1
geno chr6.31363948 ceu  1 2 1 0 0 0 0 1 0 1 0 0 0 0 0 0 1 0 1 1 0 0 1 1 0 1 0 0 2 0 1 0 1 0 0 0 0 1 0 0 1 1 0 0 1 0 0 2 1 1 0 0 2 1 1 0 1 1 0 0 0 0 1 1 1 0 0 1 1 0 1 0 0 1 1 1 0 1
geno chr6.31363948 fin  0 0 1 1 0 0 1 0 1 1 0 1 1 2 0 1 1 0 1 1 0 0 0 0 1 1 1 1 1 0 1 0 1 2 0 0 1 1 1 1 1 0 0 1 2 1 0 1 0 1 1 1 1 1 1 0 1 1 1 0 2 0 1 0 1 0 1 0 1 0 1 1 1 1 0 2 0 1 0 1 1 0 0 0 1 0 0 1 1
geno chr6.31363948 gbr  0 0 1 2 0 1 1 0 1 0 0 2 1 0 1 1 0 1 1 0 0 2 1 1 2 2 2 1 1 1 1 1 0 0 0 1 2 0 2 1 1 0 1 0 1 0 2 1 1 1 1 1 0 1 1 0 0 1 1 0 1 2 1 1 0 0 1 0 0 1 1 1 2 0 0 0 0 0 2 1 0 1 0 0
geno chr6.31363948 tsi  1 2 2 1 0 2 1 0 1 1 1 0 1 2 1 0 1 1 2 0 0 1 1 0 1 2 1 0 0 1 0 1 0 1 1 1 1 1 2 0 0 0 0 0 2 1 1 1 1 1 0 2 1 1 1 1 1 0 2 1 1 0 0 0 1 0 1 1 0 1 0 1 1 0 0 2 1 0 1 0 0 1 1 2 0 0 2 1 0 1 1 1
geno chr6.31363948 yri  1 1 1 2 2 1 1 1 2 0 1 2 1 1 1 1 1 1 2 2 0 1 0 2 1 1 1 1 1 2 0 2 0 1 0 0 0 0 1 1 2 0 2 2 1 1 1 1 1 0 1 0 1 1 0 1 2 1 0 1 1 0 2 0 1 0 0 2 1 0 1 1 1 1 1 1 1
geno chr6.31364035 ceu  1 0 1 0 1 0 1 1 0 1 0 1 0 0 0 0 0 0 1 1 0 0 1 0 0 1 0 0 2 0 1 1 1 1 0 1 0 1 0 0 1 1 0 0 1 0 1 2 1 1 0 1 1 1 0 0 0 1 0 0 0 0 1 0 2 0 0 1 1 0 2 1 0 1 1 1 0 0
geno chr6.31364035 fin  0 1 1 1 1 0 1 0 1 1 0 1 1 1 0 1 1 0 1 1 0 0 1 0 1 1 1 1 1 1 1 1 1 2 0 0 1 1 1 1 1 1 1 2 2 2 0 1 0 1 1 1 1 1 1 0 1 1 2 0 2 0 1 0 0 0 1 0 0 1 1 0 0 1 0 2 0 1 1 2 1 1 1 0 2 1 0 1 1
geno chr6.31364035 gbr  0 0 1 2 0 2 0 0 2 0 1 2 1 0 1 1 1 2 1 1 0 1 2 1 1 1 2 1 0 1 1 0 0 0 0 1 0 0 1 1 1 1 0 1 1 0 2 1 1 1 1 1 0 1 1 0 0 1 1 0 1 2 0 1 2 0 1 0 2 1 0 1 1 0 0 2 1 0 2 0 0 1 0 0
geno chr6.31364035 tsi  1 2 2 1 0 1 1 0 2 1 1 0 1 1 1 0 1 0 0 0 0 0 1 0 1 1 1 0 1 1 0 1 0 1 1 1 1 1 2 0 0 0 0 0 2 0 1 1 0 1 1 2 1 0 1 0 0 1 0 0 1 1 0 0 2 0 1 1 0 1 0 1 0 0 1 1 1 0 1 0 0 0 1 2 0 0 2 1 0 1 1 0
geno chr6.31364035 yri  0 0 0 2 2 1 1 1 1 0 0 2 1 0 0 1 0 0 1 2 0 1 0 2 1 1 0 0 1 2 0 2 0 0 0 0 0 0 0 1 1 0 1 2 1 1 1 0 1 0 1 0 0 1 0 1 1 1 0 1 0 0 2 0 1 0 0 2 0 0 0 0 0 0 0 0 1
geno chr6.31364076 ceu  1 2 1 0 1 0 1 1 0 1 0 1 0 1 0 0 1 0 1 1 0 0 1 1 0 1 0 0 2 0 1 1 1 1 0 1 0 1 0 0 1 1 0 0 2 0 1 2 1 2 0 1 2 1 1 0 1 1 0 0 0 0 2 1 2 0 0 1 1 0 2 1 0 1 1 1 0 1
geno chr6.31364076 fin  0 1 1 1 1 0 1 0 1 1 0 1 1 2 0 1 1 0 1 1 0 1 1 0 1 1 1 1 1 1 1 1 1 2 0 0 1 1 1 1 1 1 1 2 2 2 0 1 0 1 1 1 1 1 1 0 1 1 2 0 2 0 1 0 1 0 1 0 1 1 1 1 1 1 1 2 0 1 1 2 1 1 1 0 2 1 0 1 1
geno chr6.31364076 gbr  0 0 1 2 0 2 1 0 2 0 1 2 1 0 1 1 1 2 1 1 0 2 2 1 2 2 2 1 1 1 1 1 0 0 0 1 2 1 2 1 1 1 1 1 1 1 2 1 1 1 1 1 0 1 1 0 0 1 1 0 1 2 1 1 2 1 1 0 2 1 1 1 2 0 0 2 1 0 2 1 0 1 0 0
geno chr6.31364076 tsi  1 2 2 1 0 2 1 0 1 1 1 0 1 2 1 0 1 1 2 0 0 1 1 0 1 2 1 0 0 1 0 1 0 1 1 1 1 1 2 0 0 0 0 0 2 1 1 1 1 1 0 2 1 1 1 1 0 1 2 1 1 0 0 0 2 0 1 1 0 1 0 1 1 0 1 2 1 0 1 0 0 1 1 2 0 0 2 1 0 1 1 1
geno chr6.31364076 yri  1 1 1 2 2 1 1 1 2 0 1 2 1 1 2 1 1 1 2 2 0 1 0 2 1 1 1 1 1 2 0 2 0 1 0 0 0 0 2 1 2 0 2 2 1 2 1 1 1 0 1 0 1 1 0 1 2 1 0 1 1 0 2 0 1 0 0 2 1 0 1 1 1 1 1 1 1
geno chr6.31364083 ceu  0 2 0 0 0 0 0 0 0 0 0 0 0 0 0 0 1 0 0 0 0 0 0 1 0 0 0 0 0 0 0 0 0 0 0 0 0 0 0 0 0 0 0 0 1 0 0 0 0 1 0 0 1 0 1 0 1 0 0 0 0 0 1 1 0 0 0 0 0 0 0 0 0 0 0 0 0 1
geno chr6.31364083 fin  0 0 0 0 0 0 0 0 0 0 0 0 0 1 0 0 0 0 0 0 0 0 0 0 0 0 0 0 0 0 0 0 0 0 0 0 0 0 0 0 0 0 0 0 0 0 0 0 0 0 0 0 0 0 0 0 0 0 0 0 0 0 0 0 0 0 0 0 1 0 0 0 0 0 0 0 0 0 0 0 0 0 0 0 0 0 0 0 0
geno chr6.31364083 gbr  0 0 0 0 0 0 1 0 0 0 0 0 0 0 0 0 0 0 0 0 0 1 0 0 1 1 0 0 1 0 0 0 0 0 0 0 2 0 1 0 0 0 1 0 0 0 0 0 0 0 0 0 0 0 0 0 0 0 0 0 0 0 1 0 0 0 0 0 0 0 1 0 1 0 0 0 0 0 0 1 0 0 0 0
geno chr6.31364083 tsi  0 0 0 0 0 1 0 0 0 0 0 0 0 1 0 0 0 1 2 0 0 1 0 0 0 1 0 0 0 0 0 0 0 0 0 0 0 0 0 0 0 0 0 0 0 1 0 0 1 0 0 0 0 1 0 1 0 0 2 1 0 0 0 0 0 0 0 0 0 0 0 0 1 0 0 1 0 0 0 0 0 1 0 0 0 0 0 0 0 0 0 1
geno chr6.31364083 yri  1 1 1 0 0 0 0 0 1 0 1 0 0 1 1 0 1 1 1 0 0 0 0 0 0 0 1 1 0 0 0 0 0 1 0 0 0 0 1 0 1 0 1 0 0 0 0 1 0 0 0 0 1 0 0 0 1 0 0 0 1 0 0 0 0 0 0 0 1 0 1 1 1 1 1 1 0
geno chr6.31364105 ceu  0 2 0 0 0 0 0 0 0 0 0 0 0 0 0 0 1 0 0 0 0 0 0 1 0 0 0 0 0 0 0 0 0 0 0 0 0 0 0 0 0 0 0 0 1 0 0 0 0 1 0 0 1 0 1 0 1 0 0 0 0 0 1 1 0 0 0 0 0 0 0 0 0 0 0 0 0 1
geno chr6.31364105 fin  0 0 0 0 0 0 0 0 0 0 0 0 0 1 0 0 0 0 0 0 0 0 0 0 0 0 0 0 0 0 0 0 0 0 0 0 0 0 0 0 0 0 0 0 0 0 0 0 0 0 0 0 0 0 0 0 0 0 0 0 0 0 0 0 0 0 0 0 1 0 0 0 0 0 0 0 0 0 0 0 0 0 0 0 0 0 0 0 0
geno chr6.31364105 gbr  0 0 0 0 0 0 1 0 0 0 0 0 0 0 0 0 0 0 0 0 0 1 0 0 1 1 0 0 1 0 0 0 0 0 0 0 2 0 1 0 0 0 1 0 0 0 0 0 0 0 0 0 0 0 0 0 0 0 0 0 0 0 1 0 0 0 0 0 0 0 1 0 1 0 0 0 0 0 0 1 0 0 0 0
geno chr6.31364105 tsi  0 0 0 0 0 1 0 0 0 0 0 0 0 1 0 0 0 1 2 0 0 1 0 0 0 1 0 0 0 0 0 0 0 0 0 0 0 0 0 0 0 0 0 0 0 1 0 0 1 0 0 0 0 1 0 1 0 0 2 1 0 0 0 0 0 0 0 0 0 0 0 0 1 0 0 1 0 0 0 0 0 1 0 0 0 0 0 0 0 0 0 1
geno chr6.31364105 yri  1 1 1 0 0 0 0 0 1 0 1 0 0 1 1 0 1 1 1 0 0 0 0 0 0 0 1 1 0 0 0 0 0 1 0 0 0 0 1 0 1 0 1 0 0 0 0 1 0 0 0 0 1 0 0 0 1 0 0 0 1 0 0 0 0 0 0 0 1 0 1 1 1 1 1 1 0
geno chr6.31364207 ceu  1 2 1 0 0 0 0 1 0 1 0 0 0 1 0 0 1 0 1 1 0 0 1 1 0 1 0 0 2 0 0 0 1 0 0 0 0 1 0 0 1 1 0 0 1 0 0 2 1 1 0 0 2 1 1 0 1 1 0 0 0 0 1 1 1 0 0 1 1 0 1 0 0 1 1 1 0 1
geno chr6.31364207 fin  0 0 1 1 0 0 1 0 1 1 0 1 2 2 0 1 1 0 1 1 0 1 1 0 1 1 1 1 1 0 1 0 1 2 0 0 1 1 1 1 1 0 0 1 2 1 0 1 0 1 1 1 1 1 1 0 1 1 0 0 2 0 1 0 1 0 1 0 1 0 1 1 1 1 1 2 0 1 1 1 1 0 0 0 1 1 0 1 1
geno chr6.31364207 gbr  0 0 1 2 0 1 1 0 1 0 1 2 0 0 1 1 0 2 1 0 1 2 1 1 2 2 2 1 1 1 1 1 0 0 0 1 2 1 2 1 1 0 1 1 1 0 2 1 1 1 1 1 0 1 2 0 0 1 1 0 1 2 1 1 0 1 1 0 1 1 1 1 2 0 0 0 0 0 2 1 0 1 0 0
geno chr6.31364207 tsi  1 2 2 1 0 2 1 0 1 1 1 0 1 2 1 0 1 1 2 0 0 1 1 0 1 2 1 0 0 0 0 1 0 1 1 1 1 1 2 0 0 0 0 0 2 1 1 1 1 1 0 2 1 1 1 1 0 0 2 1 1 0 0 0 2 0 1 1 0 1 0 1 0 0 0 2 1 0 1 0 0 1 1 2 0 0 2 1 0 1 1 1
geno chr6.31364207 yri  1 1 1 2 2 0 1 1 2 0 1 2 1 1 2 1 1 1 2 2 0 1 0 2 1 1 1 1 1 2 0 2 0 1 0 0 0 0 2 1 2 0 2 2 1 2 1 1 1 0 1 0 1 1 0 1 2 0 0 1 1 0 2 0 1 0 0 2 1 0 1 1 1 1 1 1 1
geno chr6.31364236 ceu  1 2 1 0 0 0 0 1 0 1 0 0 0 1 0 0 1 0 1 1 0 0 1 1 0 1 0 0 2 0 0 0 1 0 0 0 0 1 0 0 1 1 0 0 1 0 0 2 1 1 0 0 2 1 1 0 1 1 0 0 0 0 1 1 1 0 0 1 1 0 1 0 0 1 1 1 0 1
geno chr6.31364236 fin  0 0 1 1 0 0 1 0 1 1 0 1 2 2 0 1 1 0 1 1 0 1 1 0 1 1 1 1 1 0 1 0 1 2 0 0 1 1 1 1 1 0 0 1 2 1 0 1 0 1 1 1 1 1 1 0 1 1 0 0 2 0 1 0 1 0 1 0 1 0 1 1 1 1 1 2 0 1 0 1 1 0 0 0 1 1 0 1 1
geno chr6.31364236 gbr  0 0 1 2 0 1 1 0 1 0 1 2 0 0 1 1 0 2 1 0 1 2 1 1 2 2 2 1 1 1 1 0 0 0 0 1 2 1 2 1 1 0 1 1 1 0 2 1 1 1 1 1 0 1 2 0 0 1 1 0 1 2 1 1 0 1 1 0 1 1 1 1 2 0 0 0 0 0 2 1 0 1 0 0
geno chr6.31364236 tsi  1 2 2 1 0 2 1 0 1 1 1 0 1 2 1 0 1 1 2 0 0 1 1 0 1 2 1 0 0 0 0 1 0 1 1 1 1 1 2 0 0 0 0 0 2 1 1 1 1 1 0 2 1 1 1 1 0 0 2 1 1 0 0 0 2 0 1 1 0 1 0 1 0 0 0 2 1 0 0 0 0 1 1 2 0 0 2 1 0 1 1 1
geno chr6.31364236 yri  1 1 1 2 2 0 1 1 2 0 1 2 1 1 2 1 1 1 2 2 0 1 0 2 1 1 1 1 1 2 0 2 0 1 0 0 0 0 2 1 2 0 2 2 0 2 1 1 1 0 1 0 1 1 0 1 2 0 0 1 1 0 2 0 1 0 0 2 1 0 1 1 1 1 1 1 1
geno chr6.31364242 ceu  1 2 1 0 0 0 0 1 0 1 0 0 0 1 0 0 1 0 1 1 0 0 1 1 0 1 0 0 2 0 0 0 1 0 0 0 0 1 0 0 1 1 0 0 1 0 0 2 1 1 0 0 2 1 1 0 1 1 0 0 0 0 1 1 1 0 0 1 1 0 1 0 0 1 1 1 0 1
geno chr6.31364242 fin  0 0 1 1 0 0 1 0 1 1 0 1 2 2 0 1 1 0 1 1 0 1 1 0 1 1 1 1 1 0 1 0 1 2 0 0 1 1 1 1 1 0 0 1 2 1 0 1 0 1 1 1 1 1 1 0 1 1 0 0 2 0 1 0 1 0 1 0 1 0 1 1 1 1 1 2 0 1 0 1 1 0 0 0 1 1 0 1 1
geno chr6.31364242 gbr  0 0 1 2 0 1 1 0 1 0 1 2 0 0 1 1 0 2 1 0 1 2 1 1 2 2 2 1 1 1 1 0 0 0 0 1 2 1 2 1 1 0 1 1 1 0 2 1 1 1 1 1 0 1 2 0 0 1 1 0 1 2 1 1 0 1 1 0 1 1 1 1 2 0 0 0 0 0 2 1 0 1 0 0
geno chr6.31364242 tsi  1 2 2 1 0 2 1 0 1 1 1 0 1 2 1 0 1 1 2 0 0 1 1 0 1 2 1 0 0 0 0 1 0 1 1 1 1 1 2 0 0 0 0 0 2 1 1 1 1 1 0 2 1 1 1 1 0 0 2 1 1 0 0 0 2 0 1 1 0 1 0 1 0 0 0 2 1 0 0 0 0 1 1 2 0 0 2 1 0 1 1 1
geno chr6.31364242 yri  1 1 1 2 2 0 1 1 2 0 1 2 1 1 2 1 1 1 2 2 0 1 0 2 1 1 1 1 1 2 0 2 0 1 0 0 0 0 2 1 2 0 2 2 0 2 1 1 1 0 1 0 1 1 0 1 2 0 0 1 1 0 2 0 1 0 0 2 1 0 1 1 1 1 1 1 1
