pheno ENSG00000168826 ceu -0.945359 -1.007182 -1.463723 0.4950569 -0.9790168 -1.45093 1.04831 -0.9953907 -0.1760273 -0.6288004 -1.149878 -0.1879491 -0.06840065 -2.224604 0.212751 0.2183368 -1.491996 -0.1279043 0.3833054 -0.5299417 -0.4368673 -1.469771 -0.7988668 0.2383865 -0.7036647 0.6635917 0.8354138 -0.5313147 0.08357214 -1.781877 -2.357105 -0.1533679 0.7309405 -0.3431948 0.2678026 -0.03212631 0.0143185 -0.1091746 -2.771018 -0.6112863 0.1470897 0.1909434 -0.6862426 -2.283139 -0.2806899 0.8335863 0.7863228 0.7973335 -0.4572868 -1.422762 -0.7815367 -1.648684 -1.281664 -0.9957671 -2.243109 0.1073315 -2.153225 -0.5634399 -1.347919 -0.4549813 -0.1425733 0.6374214 -1.191956 -0.08371443 0.6174983 -0.1149201 -1.488605 -0.001522485 -0.002239915 0.2623322 -2.698069 1.187407 -0.6787246 -1.865326 -0.6201402 0.5645784 -1.865264 -0.9018116
pheno ENSG00000168826 fin -1.726252 -0.478042 0.6716504 -0.8205479 -0.07681039 -1.405663 0.7335881 -0.4113142 -1.25132 0.1974854 -1.223939 -1.647388 -1.479177 0.9407093 -1.008196 -0.6509995 -1.974376 -2.73142 -1.139648 -1.749884 0.2688591 0.5962661 0.6295588 -0.2613615 -1.463986 -0.5383489 -0.9200441 -1.101702 0.4672013 -0.6139911 -0.4587434 0.1218012 -0.8803356 -0.6086543 -1.425418 0.7488269 -0.2946345 0.5172804 0.259056 -1.285566 -0.7866592 -0.163512 0.8731971 -0.6969416 1.432121 0.9064159 -1.211942 -0.79923 -0.2406282 -0.183561 1.480568 -0.3936841 -3.120804 -0.3602898 0.007212671 1.774289 0.2055796 0.1938078 1.284545 -2.316992 -0.6050165 0.07250247 0.741454 -1.747992 -0.7326061 -0.1954048 -0.6181206 0.2952343 -1.963451 -0.6834612 -1.854882 -0.114738 -0.7754996 -0.2725154 -0.6446823 -1.557634 -2.719277 1.175843 -0.2574935 -1.138795 -0.287072 -0.8901004 -0.76371 1.376459 -2.719239 0.7997652 -0.8390774 -1.090902 -1.553915
pheno ENSG00000168826 gbr 0.4938629 1.112768 2.63183 2.163594 1.921379 1.302391 1.503892 0.9378302 -0.6848496 2.226769 1.644964 1.502897 0.2642895 2.071686 2.005944 2.284243 3.394087 0.03307906 0.1000146 0.5466383 0.1622467 2.29037 1.443891 1.140897 1.817246 0.7972669 1.666872 -0.2559116 1.939472 1.027318 2.76432 2.569487 0.92345 2.136979 0.8630634 2.645356 2.507699 3.901345 2.11724 1.882269 1.516115 0.6244861 1.482349 1.168724 0.4248716 2.683302 1.464375 1.223451 1.913646 -0.1955542 0.4559762 2.248662 2.283902 2.348434 2.123305 1.529265 2.625445 2.09888 2.13603 1.458527 0.992178 2.085128 2.729798 2.586906 1.491025 0.3029765 -0.1762031 2.805501 2.477542 0.3672028 2.445664 1.276388 0.881313 0.6145877 1.650829 1.867055 2.059242 0.5193653 2.885382 2.271396 1.51663 2.36114 1.130752 2.010358
pheno ENSG00000168826 tsi -2.356305 -1.961462 -1.116309 0.1607085 -1.569574 0.09143706 0.8710295 -1.586366 -2.771655 -1.599318 -1.460932 -0.1894604 -1.13775 -0.8527297 1.232524 0.879973 -0.3879297 -1.276173 -1.976141 -1.955661 0.365009 -2.093762 -1.436984 -0.9127202 0.3554032 2.022527 -0.9244641 -1.070183 -1.110435 -0.9953774 -1.641193 -1.872822 -2.660274 0.7364437 0.4989901 -0.4520882 0.3765823 -2.43831 -0.6180854 -0.9033529 0.07931852 0.1409977 -2.328803 -0.1417353 -0.7108629 -0.03193614 -1.409602 -0.3773351 -0.9297128 -0.3535452 -1.910096 -0.8027247 -2.096868 -2.391228 0.9555404 -2.763615 -0.4154953 -0.07050139 -1.559771 -0.8022021 -1.263253 -1.477129 -1.705647 -1.347623 -1.335716 0.4510815 0.1860208 0.04848701 -0.6442418 -0.9640274 -2.389387 -1.355536 -1.206425 0.3296395 -1.950441 0.08058122 -2.338786 -2.473745 -1.583049 2.190061 -1.602995 -0.9281646 -0.2210348 -1.465501 0.447936 -0.249927 0.2476089 -0.5775085 -0.833994 -1.514484 -0.6663003 -0.787528
pheno ENSG00000168826 yri 0.1945115 0.08847883 0.4963204 1.418194 0.8067271 0.4235037 0.1488337 1.695082 0.3884866 0.9922303 0.8277295 2.695325 0.1647147 0.5569918 0.9990023 -1.249826 0.9621886 0.8706354 -0.1817472 2.051256 0.8002922 1.306178 -0.4476284 1.213653 1.940992 0.9954193 -0.4816715 1.574421 0.1405983 -0.1308604 0.3790432 -0.5622731 0.4042271 -0.4374846 2.07312 1.798331 -0.1117762 -0.02670073 0.05514171 0.05776561 1.710131 1.104189 1.613887 1.45653 1.270415 0.6526788 0.2195821 0.5832439 0.5313471 0.5399606 -0.4113205 1.183777 0.5797303 1.785818 0.9700281 1.29841 0.5578549 0.4005451 0.1570893 -0.363626 -0.3402542 2.239756 2.207127 1.193765 0.191621 0.7315802 1.711471 1.354801 0.6573761 2.180026 1.400152 -0.218486 2.048013 -0.1865649 1.499445 0.147485 -0.2610332
geno chr4.4191946 ceu  0 1 0 1 2 2 1 1 0 1 1 0 1 2 0 0 0 0 1 1 1 1 0 1 0 1 1 0 0 0 2 1 2 0 0 0 0 0 1 0 0 0 1 0 1 0 1 0 0 0 0 1 0 0 0 0 0 0 1 1 2 0 0 1 2 2 1 0 1 1 0 1 0 1 0 1 0 0
geno chr4.4191946 fin  0 1 1 0 0 0 2 1 1 0 2 1 0 1 1 0 1 1 1 0 1 0 1 0 1 1 0 0 1 0 0 0 1 0 0 1 1 0 0 1 0 0 0 1 0 0 1 1 1 1 0 1 1 0 0 1 1 2 0 0 0 2 1 1 1 0 0 0 1 1 1 0 1 0 1 0 0 1 0 1 1 0 1 1 0 1 1 0 0
geno chr4.4191946 gbr  1 1 1 0 0 1 1 1 1 0 1 0 0 0 0 0 2 0 0 0 1 1 0 0 0 0 0 0 0 0 1 1 0 1 0 0 2 0 1 0 1 1 0 1 1 0 1 1 0 0 0 1 0 1 0 1 1 0 0 1 1 1 1 1 1 0 1 0 1 1 0 1 1 0 0 0 0 0 0 0 0 1 0 0
geno chr4.4191946 tsi  0 0 0 1 1 1 1 0 0 0 0 0 1 0 0 1 1 1 1 0 1 0 1 0 0 0 1 0 0 1 1 1 0 0 1 0 1 0 0 0 0 1 0 0 0 1 0 0 2 0 1 0 0 0 1 0 1 0 0 0 2 0 0 1 0 0 0 0 1 1 0 0 0 0 1 0 1 1 0 0 1 0 0 1 1 0 1 1 1 0 1 1
geno chr4.4191946 yri  0 0 1 1 2 0 1 2 0 0 1 2 1 1 0 0 0 1 1 2 2 0 1 1 0 0 2 1 2 1 0 0 1 1 1 1 0 0 2 1 1 1 2 2 0 1 1 0 1 1 1 1 0 1 0 0 0 1 0 1 0 1 0 1 0 1 1 0 1 2 2 0 1 1 0 1 1
geno chr4.4191986 ceu  0 0 0 0 2 2 1 1 0 1 1 0 1 1 0 0 0 0 1 1 1 1 0 1 0 1 0 0 0 0 2 1 2 0 0 0 0 0 1 0 0 0 1 0 1 0 1 0 0 0 0 1 0 0 0 0 0 0 1 1 1 0 0 1 2 2 1 0 1 1 0 1 0 1 0 1 0 0
geno chr4.4191986 fin  0 1 1 0 0 0 2 0 0 0 1 1 0 1 1 0 1 1 0 0 1 0 1 0 1 0 0 0 1 0 0 0 1 0 0 1 0 0 0 1 0 0 0 1 0 0 0 1 1 1 0 1 1 0 0 1 1 2 0 0 0 1 1 1 1 0 0 0 1 1 1 0 1 0 0 0 0 0 0 1 1 0 1 1 0 1 1 0 0
geno chr4.4191986 gbr  1 0 1 0 0 1 0 0 1 0 0 0 0 0 0 0 1 0 0 0 1 0 0 0 0 0 0 0 0 0 0 1 0 1 0 0 1 0 1 0 1 0 0 1 0 0 1 1 0 0 0 1 0 0 0 1 1 0 0 1 1 1 0 1 1 0 1 0 1 1 0 1 1 0 0 0 0 0 0 0 0 1 0 0
geno chr4.4191986 tsi  0 0 0 1 1 0 1 0 0 0 0 0 0 0 0 1 1 0 0 0 1 0 0 0 0 0 1 0 0 1 1 1 0 0 1 0 1 0 0 0 0 0 0 0 0 1 0 0 2 0 1 0 0 0 1 0 0 0 0 0 2 0 0 1 0 0 0 0 1 1 0 0 0 0 0 0 1 0 0 0 1 0 0 1 1 0 1 1 0 0 1 1
geno chr4.4191986 yri  0 0 0 0 0 0 0 0 0 0 0 0 0 0 0 0 0 0 0 0 0 0 0 0 0 0 0 0 0 0 0 0 0 0 0 0 0 0 0 0 0 0 0 0 0 0 0 0 0 0 0 0 0 0 0 0 0 0 0 0 0 0 0 0 0 0 0 0 0 0 0 0 0 0 0 0 0
geno chr4.4192066 ceu  0 0 0 0 0 0 0 0 0 0 0 0 0 0 0 0 0 0 0 0 0 0 0 0 0 0 0 0 0 0 0 0 0 0 0 0 0 0 0 0 0 0 0 0 0 0 0 0 0 0 0 0 0 0 0 0 0 0 0 0 0 0 0 0 0 0 0 0 0 0 0 0 0 0 0 0 0 0
geno chr4.4192066 fin  0 0 0 0 0 0 0 0 0 0 0 0 0 0 0 0 0 0 0 0 0 0 0 0 0 0 0 0 0 0 0 0 0 0 0 0 0 0 0 0 0 0 0 0 0 0 0 0 0 0 0 0 0 0 0 0 0 0 0 0 0 0 0 0 0 0 0 0 0 0 0 0 0 0 0 0 0 0 0 0 0 0 0 0 0 0 0 0 0
geno chr4.4192066 gbr  0 0 0 0 0 0 0 0 0 0 0 0 0 0 0 0 0 0 0 0 0 0 0 0 0 0 0 0 0 0 0 0 0 0 0 0 0 0 0 0 0 0 0 0 0 0 0 0 0 0 0 0 0 1 0 0 0 0 0 0 0 0 0 0 0 0 0 0 0 0 0 0 0 0 0 0 0 0 0 0 0 0 0 0
geno chr4.4192066 tsi  0 0 0 0 0 1 0 0 0 0 0 0 0 0 0 0 0 0 1 0 0 0 0 0 0 0 0 0 0 0 0 0 0 0 0 0 0 0 0 0 0 0 0 0 0 0 0 0 0 0 0 0 0 0 0 0 0 0 0 0 0 0 0 0 0 0 0 0 0 0 0 0 0 0 0 0 0 0 0 0 0 0 0 0 0 0 0 0 0 0 0 0
geno chr4.4192066 yri  0 0 0 0 0 0 0 1 0 0 0 1 1 0 0 0 0 0 0 1 2 0 0 0 0 0 1 0 1 0 0 0 0 0 0 1 0 0 2 0 1 1 2 1 0 1 0 0 0 1 0 1 0 0 0 0 0 0 0 0 0 0 0 1 0 1 1 0 1 0 1 0 1 0 0 0 1
geno chr4.4192252 ceu  1 2 1 2 2 2 2 1 1 2 1 1 1 2 0 2 0 2 1 1 1 1 0 2 2 2 2 2 1 2 2 2 2 1 0 2 2 2 1 2 2 0 2 1 1 2 2 1 2 2 2 2 2 1 0 2 1 1 2 1 2 0 1 2 2 2 2 1 2 2 2 2 2 2 2 2 1 1
geno chr4.4192252 fin  1 1 1 1 0 2 2 2 1 1 2 1 1 1 1 0 1 1 1 1 1 1 1 1 2 2 2 2 2 2 1 2 2 1 1 2 1 2 1 1 2 1 2 1 1 1 2 2 2 2 2 2 2 1 1 2 2 2 1 1 1 2 1 2 2 1 1 2 2 2 2 2 1 1 2 0 2 2 2 1 2 1 2 2 0 1 1 1 2
geno chr4.4192252 gbr  2 1 2 1 1 2 1 2 2 2 2 2 1 2 1 1 2 1 2 2 2 2 2 0 0 2 2 2 2 0 1 1 1 2 2 1 2 2 1 0 2 2 1 1 2 1 1 1 2 2 2 1 2 2 2 1 2 2 2 1 1 1 2 1 1 1 2 1 1 1 2 2 2 2 1 1 1 1 0 2 1 1 1 1
geno chr4.4192252 tsi  1 1 1 2 2 2 2 2 2 1 1 1 1 2 2 2 1 1 2 2 1 2 2 2 1 2 1 1 2 1 2 1 1 2 2 1 1 2 1 1 1 2 1 1 2 1 1 2 2 0 1 2 2 2 2 2 2 1 0 1 2 0 1 2 0 0 1 0 2 2 1 0 2 0 2 2 1 2 0 1 2 1 1 1 2 2 2 2 1 1 1 2
geno chr4.4192252 yri  2 2 2 2 2 2 2 2 2 2 2 2 2 2 2 2 2 2 2 2 2 2 2 2 2 2 2 2 2 2 2 2 2 2 2 2 2 2 2 2 2 2 2 2 2 2 2 2 1 2 2 2 2 2 2 2 2 2 2 1 2 2 2 2 1 2 2 2 2 2 2 2 2 2 2 2 2
geno chr4.4192706 ceu  0 0 0 0 0 0 0 0 0 0 0 0 0 0 0 0 0 0 0 0 0 0 0 1 1 1 0 1 0 0 0 0 0 0 0 0 0 0 0 0 1 0 0 0 0 0 0 0 0 1 0 1 1 0 0 1 0 1 1 0 0 0 0 0 0 0 0 0 0 1 1 1 0 1 1 0 0 1
geno chr4.4192706 fin  0 0 0 1 0 0 0 0 0 0 0 0 0 0 0 0 0 0 0 0 0 0 0 0 0 0 0 0 0 0 1 0 0 0 0 0 0 0 1 0 2 0 0 0 0 0 0 1 0 0 2 0 0 0 0 0 1 0 1 0 0 0 0 1 0 0 0 0 1 0 0 0 0 0 0 0 0 0 0 0 0 1 0 0 0 0 0 0 0
geno chr4.4192706 gbr  0 0 0 0 0 0 0 0 0 0 0 0 0 0 0 0 0 1 1 1 1 0 1 0 0 1 2 0 0 0 0 0 0 1 1 0 0 0 0 0 0 0 0 0 0 0 0 0 1 0 0 0 0 0 0 0 0 0 1 0 0 0 0 0 0 0 1 0 0 0 0 0 0 1 1 0 0 0 0 1 0 0 0 0
geno chr4.4192706 tsi  0 0 0 0 0 0 0 0 0 0 0 0 0 0 0 1 0 0 0 0 0 0 0 0 0 0 0 1 1 0 0 0 0 0 0 0 0 0 0 1 0 0 0 0 0 0 0 0 0 0 0 0 0 0 0 0 0 0 0 0 0 0 0 1 0 0 0 0 0 0 0 0 0 0 0 0 0 0 0 0 1 0 1 0 0 0 0 0 0 0 0 0
geno chr4.4192706 yri  1 0 1 0 0 0 1 0 1 0 0 0 0 1 1 1 2 0 0 0 0 0 0 0 1 0 0 1 0 0 0 0 0 0 0 0 0 1 0 1 0 0 0 0 0 1 1 1 0 1 0 0 0 0 1 0 1 0 1 0 1 0 1 1 0 0 0 0 1 0 0 1 1 0 1 0 1
geno chr4.4192829 ceu  0 1 0 1 2 2 1 1 0 1 1 0 1 2 0 0 0 0 1 1 1 1 0 1 0 1 1 0 0 0 2 1 2 0 0 0 0 0 1 0 0 0 1 0 1 0 1 0 0 0 0 1 0 0 0 0 0 0 1 1 1 0 0 1 2 2 1 0 1 1 0 1 0 1 0 1 0 0
geno chr4.4192829 fin  0 1 1 0 0 0 2 1 1 0 2 1 0 1 1 0 1 1 1 0 1 0 1 0 1 1 0 0 1 0 0 0 1 0 0 1 1 0 0 1 0 0 0 1 0 0 1 1 1 1 0 1 1 0 0 1 1 2 0 0 0 2 1 1 1 0 0 0 1 1 1 0 1 0 1 0 0 1 0 1 1 0 1 1 0 1 1 0 0
geno chr4.4192829 gbr  1 1 1 0 0 1 1 1 1 0 2 0 0 0 0 0 2 0 0 0 1 1 0 0 0 0 0 0 0 0 1 1 0 1 0 0 2 0 1 0 1 1 0 1 1 0 1 1 0 0 0 1 0 1 0 1 1 0 0 1 1 1 1 1 1 0 1 0 1 1 0 1 1 0 0 0 0 0 0 0 0 1 0 0
geno chr4.4192829 tsi  0 0 0 1 1 1 1 0 0 0 0 0 1 0 0 1 1 1 1 0 1 0 1 0 0 0 1 0 0 1 1 1 0 0 1 0 1 0 0 0 0 1 0 0 0 1 0 0 2 0 1 0 0 0 1 0 1 0 0 0 2 0 0 1 0 0 0 0 1 1 0 0 0 0 1 0 1 1 0 0 1 0 0 1 1 0 1 1 1 0 1 1
geno chr4.4192829 yri  0 0 0 1 0 0 1 1 0 0 0 2 1 0 0 0 0 1 0 1 2 0 0 0 0 0 2 1 1 0 0 0 0 0 0 1 0 0 2 0 1 1 2 1 0 1 0 0 0 1 1 1 0 0 0 0 0 0 0 1 0 0 0 1 0 1 1 0 1 0 1 0 1 0 0 0 1
geno chr4.4192832 ceu  0 0 0 0 0 0 0 0 0 0 0 0 0 0 0 0 0 0 0 0 0 0 0 0 0 0 0 0 0 0 0 0 0 0 0 0 0 0 0 0 0 0 0 0 0 0 0 0 0 0 0 0 0 0 0 0 0 0 0 0 0 0 0 0 0 0 0 0 0 0 0 0 0 0 0 0 0 0
geno chr4.4192832 fin  0 0 0 0 0 0 0 0 0 0 0 0 0 0 0 0 0 0 0 0 0 0 0 0 0 0 0 0 0 0 0 0 0 0 0 0 0 0 0 0 0 0 0 0 0 0 0 0 0 0 0 0 0 0 0 0 0 0 0 0 0 0 0 0 0 0 0 0 0 0 0 0 0 0 0 0 0 0 0 0 0 0 0 0 0 0 0 0 0
geno chr4.4192832 gbr  0 0 0 0 0 0 0 0 0 0 0 0 0 0 0 0 0 0 0 0 0 0 0 0 0 0 0 0 0 0 0 0 0 0 0 0 0 0 0 0 0 0 0 0 0 0 0 0 0 0 0 0 0 1 0 0 0 0 0 0 0 0 0 0 0 0 0 0 0 0 0 0 0 0 0 0 0 0 0 0 0 0 0 0
geno chr4.4192832 tsi  0 0 0 0 0 1 0 0 0 0 0 0 0 0 0 0 0 0 1 0 0 0 0 0 0 0 0 0 0 0 0 0 0 0 0 0 0 0 0 0 0 0 0 0 0 0 0 0 0 0 0 0 0 0 0 0 0 0 0 0 0 0 0 0 0 0 0 0 0 0 0 0 0 0 0 0 0 0 0 0 0 0 0 0 0 0 0 0 0 0 0 0
geno chr4.4192832 yri  0 0 0 0 0 0 0 1 0 0 0 1 1 0 0 0 0 0 0 1 2 0 0 0 0 0 1 0 1 0 0 0 0 0 0 1 0 0 2 0 1 1 2 1 0 1 0 0 0 1 0 1 0 0 0 0 0 0 0 0 0 0 0 1 0 1 1 0 1 0 1 0 1 0 0 0 1
geno chr4.4193025 ceu  0 1 0 1 2 2 1 1 0 1 1 0 1 2 0 0 0 0 1 1 1 1 0 1 0 1 1 0 0 0 2 1 2 0 0 0 0 0 1 0 0 0 1 0 1 0 1 0 0 0 0 1 0 0 0 0 0 0 1 1 1 0 0 1 2 2 1 0 1 1 0 1 0 1 0 1 0 0
geno chr4.4193025 fin  0 1 1 0 0 0 2 1 1 0 2 1 0 1 1 0 1 1 1 0 1 0 1 0 1 1 0 0 1 0 0 0 1 0 0 1 1 0 0 1 0 0 0 1 0 0 1 1 1 1 0 2 1 0 0 1 1 2 0 0 0 2 1 1 1 0 0 0 1 1 2 0 1 0 1 0 0 1 0 1 1 0 1 1 0 1 1 0 1
geno chr4.4193025 gbr  2 1 1 0 0 1 1 1 1 0 2 0 0 0 0 0 2 0 0 0 1 1 0 0 0 0 0 0 0 0 1 1 0 1 0 0 2 0 1 0 1 1 0 1 1 0 1 1 0 0 0 1 0 1 0 1 1 0 0 1 1 1 1 1 1 0 1 0 1 1 0 1 1 0 0 0 0 0 0 0 0 1 0 0
geno chr4.4193025 tsi  0 0 0 1 1 1 1 0 0 0 0 0 1 0 0 1 1 1 1 0 1 0 1 0 0 0 1 0 0 1 1 1 0 0 1 0 1 0 0 0 0 1 0 0 0 1 0 0 2 0 1 0 0 0 1 0 1 0 0 0 2 0 0 1 0 0 0 0 1 1 0 0 0 0 1 0 1 1 0 0 1 0 0 1 1 0 1 1 1 0 1 1
geno chr4.4193025 yri  0 1 0 1 0 0 1 1 0 1 1 2 1 0 0 1 0 2 1 1 2 0 0 1 0 1 2 1 1 0 2 1 0 0 1 2 1 0 2 0 1 2 2 1 2 1 0 0 0 1 1 1 1 1 0 2 0 1 1 1 1 0 0 1 1 2 1 0 1 0 1 1 1 1 1 1 1
geno chr4.4193060 ceu  1 2 1 2 2 2 2 1 1 2 1 1 1 2 0 2 0 2 1 1 1 1 0 2 2 2 2 2 1 2 2 2 2 0 0 2 2 2 1 2 2 0 2 1 1 2 2 1 2 2 2 2 2 1 0 2 1 1 2 1 2 0 1 2 2 2 2 1 2 2 2 2 2 2 2 2 1 1
geno chr4.4193060 fin  1 1 1 1 0 2 2 2 1 1 2 1 1 1 1 0 1 1 1 1 1 1 1 1 2 2 2 2 2 2 1 2 2 1 1 2 1 2 1 1 2 1 2 1 1 1 2 2 2 2 2 2 2 1 1 2 2 2 1 1 1 2 1 2 2 1 1 2 2 2 2 2 1 1 2 0 2 2 2 1 2 1 2 2 1 1 1 1 2
geno chr4.4193060 gbr  2 1 2 1 1 2 1 2 2 2 2 1 1 2 1 1 2 1 2 2 2 2 2 0 0 2 2 2 1 0 1 1 1 2 2 1 2 2 1 0 2 2 1 1 2 1 1 1 2 2 2 1 2 2 2 1 2 2 2 1 1 1 2 1 1 1 2 1 1 1 2 2 2 2 1 1 1 1 0 2 1 1 1 1
geno chr4.4193060 tsi  1 1 1 1 2 2 2 2 2 1 1 1 1 2 2 2 1 1 2 2 1 2 2 2 1 2 1 1 2 1 2 1 1 2 2 1 1 1 1 1 1 2 1 1 2 1 1 2 2 0 1 2 2 2 2 1 2 1 0 1 2 0 1 2 0 0 1 0 2 2 1 0 2 0 2 1 1 2 0 1 2 1 1 1 2 2 2 2 1 1 1 2
geno chr4.4193060 yri  2 1 2 1 2 2 2 2 2 2 2 2 2 2 1 2 2 2 2 2 2 1 1 2 2 2 2 2 2 2 2 2 2 2 2 2 2 1 2 2 2 2 2 2 2 2 2 2 1 2 2 2 2 2 1 2 2 2 2 1 2 2 2 2 1 2 2 1 2 2 2 2 2 2 2 2 2
geno chr4.4193276 ceu  0 0 0 0 0 0 0 0 0 0 0 1 0 0 0 0 0 1 0 0 0 0 0 0 0 0 1 0 0 0 0 0 0 0 0 0 1 1 0 1 1 0 0 0 0 1 0 0 1 0 0 0 0 0 0 0 1 0 0 0 0 0 0 0 0 0 0 1 0 0 0 0 0 0 0 0 0 0
geno chr4.4193276 fin  1 0 0 0 0 0 0 0 0 0 0 0 0 0 0 0 0 0 0 1 0 0 0 0 0 0 0 0 1 0 0 1 1 0 0 1 0 1 0 0 0 0 1 0 0 1 0 0 0 0 0 0 1 0 0 0 0 0 0 0 0 0 0 0 0 1 0 0 0 0 0 1 0 1 0 0 0 0 1 0 1 0 0 0 0 0 0 1 0
geno chr4.4193276 gbr  0 0 0 0 1 0 0 1 1 0 0 0 0 0 0 0 0 0 0 0 0 0 1 0 0 0 0 0 0 0 0 0 0 0 0 0 0 1 0 0 0 0 1 0 0 0 0 0 0 1 1 0 0 0 0 0 0 0 0 0 0 0 1 0 0 1 0 0 0 0 1 1 0 0 0 0 0 0 0 0 0 0 0 0
geno chr4.4193276 tsi  0 1 0 0 0 0 0 1 1 0 0 0 0 1 1 0 0 0 0 0 0 0 0 1 0 0 0 0 0 0 0 0 0 0 0 0 0 0 0 0 0 0 0 0 0 0 0 0 0 0 0 1 0 0 1 0 0 0 0 0 0 0 0 0 0 0 0 0 1 0 1 0 0 0 0 1 0 0 0 1 0 0 0 0 0 1 0 0 0 0 0 0
geno chr4.4193276 yri  0 0 0 0 0 0 0 0 0 0 0 0 0 0 0 0 0 0 0 0 0 0 0 0 0 0 0 0 0 0 0 0 0 0 0 0 0 0 0 0 0 0 0 0 0 0 0 0 0 0 0 0 0 0 0 0 0 0 0 0 0 0 0 0 0 0 0 0 0 0 1 0 0 0 0 0 0
geno chr4.4193377 ceu  0 1 0 1 2 2 1 1 0 1 1 0 1 2 0 0 0 0 1 1 1 1 0 1 0 1 1 0 0 0 2 1 2 0 0 0 0 0 1 0 0 0 1 0 1 0 1 0 0 0 0 1 0 0 0 0 0 0 1 1 1 0 0 1 2 2 1 0 1 1 0 1 0 1 0 1 0 0
geno chr4.4193377 fin  0 1 1 0 0 0 2 1 1 0 2 1 0 1 1 0 1 1 1 0 1 0 1 0 1 1 0 0 1 0 0 0 1 0 0 1 1 0 0 1 0 0 0 1 0 0 1 1 1 1 0 2 1 0 0 1 1 2 0 0 0 2 1 1 1 0 0 0 1 1 2 0 1 0 1 0 0 1 0 1 1 0 1 1 0 1 1 0 1
geno chr4.4193377 gbr  2 1 1 0 0 1 1 1 1 0 2 0 0 0 0 0 2 0 0 0 1 1 0 0 0 0 0 0 0 0 1 1 0 1 0 0 2 0 1 0 1 1 0 1 1 0 1 1 0 0 0 1 0 0 0 1 1 0 0 1 1 1 1 1 1 0 1 0 1 1 0 1 1 0 0 0 0 0 0 0 0 1 0 0
geno chr4.4193377 tsi  0 0 0 1 1 0 1 0 0 0 0 0 1 0 0 1 1 1 0 0 1 0 1 0 0 0 1 0 0 1 1 1 0 0 1 0 1 0 0 0 0 1 0 0 0 1 0 0 2 0 1 0 0 0 1 0 1 0 0 0 2 0 0 1 0 0 0 0 1 1 0 0 0 0 1 0 1 1 0 0 1 0 0 1 1 0 1 1 1 0 1 1
geno chr4.4193377 yri  2 0 1 1 1 1 2 0 0 0 0 1 0 0 0 0 0 1 0 0 0 0 0 0 0 0 1 1 0 0 0 1 0 0 0 0 0 0 0 1 0 0 0 0 0 0 0 0 0 1 1 0 0 0 1 0 1 0 1 1 0 0 0 1 0 0 0 0 0 0 0 0 1 0 0 0 0
geno chr4.4193481 ceu  0 0 0 0 0 0 0 0 0 0 0 1 0 0 0 0 0 1 0 0 0 0 0 0 0 0 1 0 0 0 0 0 0 0 0 0 1 1 0 1 1 0 0 0 0 1 1 0 1 0 0 0 0 0 0 0 1 0 0 0 0 0 0 0 0 0 0 1 0 0 0 0 0 0 0 0 0 0
geno chr4.4193481 fin  1 0 0 0 0 0 0 0 0 0 0 0 0 0 0 0 0 0 0 1 0 1 0 0 0 0 0 0 1 0 0 1 1 0 0 1 0 2 0 0 0 0 1 0 0 1 0 0 0 0 0 0 1 0 0 0 0 0 0 0 0 0 0 0 0 1 0 0 0 0 0 1 0 1 0 0 0 0 1 0 1 0 0 0 0 0 0 1 0
geno chr4.4193481 gbr  0 0 0 0 1 0 0 1 1 0 0 0 0 0 0 0 0 0 0 0 0 0 0 0 0 0 0 0 0 0 0 0 0 0 0 0 0 1 0 0 0 0 1 0 0 0 0 0 0 2 2 0 0 0 0 0 0 0 0 0 0 0 1 0 0 1 0 0 0 0 1 1 0 0 0 0 0 0 0 0 0 0 0 0
geno chr4.4193481 tsi  0 1 0 0 0 0 0 1 1 0 0 0 0 1 1 0 0 0 0 0 0 0 0 1 0 0 0 0 0 0 0 0 0 0 0 0 0 0 0 0 0 0 0 0 0 0 0 0 0 0 0 1 0 0 1 0 0 0 0 0 0 0 0 0 0 0 0 0 1 0 1 0 0 0 0 1 0 0 0 1 0 0 0 0 0 1 0 0 0 0 0 0
geno chr4.4193481 yri  0 0 0 0 0 0 0 0 0 0 0 0 0 0 0 0 0 0 0 0 0 0 0 0 0 0 0 0 0 0 0 0 0 0 0 0 0 0 0 0 0 0 0 0 0 0 0 0 0 0 0 0 0 0 0 0 0 0 0 0 0 0 0 0 0 0 0 0 0 0 0 0 0 0 0 0 0
geno chr4.4193573 ceu  0 0 0 0 0 0 0 0 0 0 0 0 0 0 0 0 0 0 0 0 0 0 0 1 1 1 0 1 0 0 0 0 0 0 0 0 0 0 0 0 1 0 0 0 0 0 0 0 0 1 0 1 1 0 0 1 0 1 1 0 0 0 0 0 0 0 0 0 0 1 1 1 0 1 1 0 0 1
geno chr4.4193573 fin  0 0 0 1 0 0 0 0 0 0 0 0 0 0 0 0 0 0 0 0 0 0 0 0 0 0 0 0 0 0 1 0 0 0 0 0 0 0 1 0 2 0 0 0 0 0 0 1 0 0 2 0 0 0 0 0 1 0 1 0 0 0 0 1 0 0 0 0 1 0 0 0 0 0 0 0 0 0 0 0 0 1 0 0 0 0 0 0 0
geno chr4.4193573 gbr  0 0 0 0 0 0 0 0 0 0 0 0 0 0 0 0 0 1 1 0 1 0 1 0 0 1 2 0 0 0 0 0 0 1 1 0 0 0 0 0 0 0 0 0 0 0 0 0 1 0 0 0 0 0 0 0 0 0 1 0 0 0 0 0 0 0 1 0 0 0 0 0 0 1 1 0 0 0 0 1 0 0 0 0
geno chr4.4193573 tsi  0 0 0 0 0 0 0 0 0 0 0 0 0 0 0 1 0 0 0 0 0 0 0 0 0 0 0 1 1 0 0 0 0 0 0 0 0 0 0 1 0 0 0 0 0 0 0 0 0 0 0 0 0 0 0 0 0 0 0 0 0 0 0 1 0 0 0 0 0 0 0 0 0 0 0 0 0 0 0 0 1 0 1 0 0 0 0 0 0 0 0 0
geno chr4.4193573 yri  0 0 0 0 0 0 0 0 1 0 0 0 0 0 0 1 1 0 0 0 0 0 0 0 1 0 0 0 0 0 0 0 0 0 0 0 0 0 0 0 0 0 0 0 0 1 1 0 0 0 0 0 0 0 0 0 0 0 0 0 1 0 1 0 0 0 0 0 1 0 0 1 0 0 1 0 1
geno chr4.4194004 ceu  1 1 1 1 0 0 1 0 1 1 0 0 0 0 0 2 0 1 0 0 0 0 0 0 0 0 0 1 1 2 0 1 0 0 0 2 1 1 0 0 0 0 1 1 0 1 0 1 0 1 2 0 1 1 0 1 0 0 0 0 0 0 1 1 0 0 1 0 1 0 1 0 2 1 1 1 1 0
geno chr4.4194004 fin  1 0 0 1 0 2 0 1 0 1 0 0 1 0 0 0 0 0 0 0 0 0 0 1 1 1 2 2 0 2 0 1 0 1 1 0 0 1 0 0 0 1 1 0 0 0 1 0 1 1 0 1 0 1 1 1 0 0 0 0 1 0 0 0 1 0 0 2 1 1 1 1 1 0 1 1 1 1 1 0 0 0 1 1 1 0 0 0 2
geno chr4.4194004 gbr  1 1 1 1 0 1 1 0 0 2 0 1 1 2 1 1 1 0 1 2 0 1 1 0 0 1 1 2 1 0 0 1 1 0 1 0 0 1 0 0 1 1 0 0 1 1 0 0 1 0 0 0 2 1 2 0 1 2 2 0 0 0 0 1 0 0 0 1 0 0 0 0 1 1 0 1 1 1 0 1 1 0 1 1
geno chr4.4194004 tsi  1 0 1 0 1 1 0 1 1 1 1 1 0 1 1 0 0 0 1 2 0 2 1 1 1 2 0 0 1 1 1 0 1 2 1 1 0 1 1 0 1 1 1 1 2 0 1 2 0 0 0 1 1 1 0 1 1 1 0 1 0 0 1 1 0 0 1 0 0 1 0 1 2 0 1 0 0 1 0 0 0 1 0 0 1 1 1 1 0 1 0 1
geno chr4.4194004 yri  0 0 0 0 0 0 0 0 0 0 0 0 1 0 0 0 0 0 0 0 0 0 0 0 0 1 0 0 0 0 0 0 0 0 0 0 1 0 0 1 1 1 0 1 0 0 0 0 0 0 1 1 1 0 0 0 1 1 1 0 0 1 1 0 0 0 0 1 0 1 0 0 1 0 0 0 0
geno chr4.4194166 ceu  1 1 1 1 2 2 2 1 1 2 1 0 1 1 0 2 0 1 0 1 1 1 0 2 2 2 0 2 1 2 2 2 2 0 0 2 1 1 1 1 1 0 2 1 1 1 1 1 1 2 2 2 2 1 0 2 0 1 2 1 2 0 1 2 2 2 2 0 2 2 2 2 2 2 2 2 1 1
geno chr4.4194166 fin  0 1 1 1 0 2 2 1 0 1 1 1 1 1 1 0 1 1 0 0 1 0 1 1 2 1 2 2 1 2 1 1 1 1 1 1 0 0 1 1 2 1 1 1 1 0 1 2 2 2 2 1 1 1 1 2 2 2 1 1 1 1 1 2 2 0 1 2 1 2 1 1 1 0 1 0 1 1 1 1 1 1 1 2 0 1 1 0 1
geno chr4.4194166 gbr  1 0 2 1 0 2 0 0 1 1 1 1 1 2 1 1 1 1 2 2 2 1 2 0 0 2 1 2 1 0 0 1 1 2 2 1 1 1 1 0 2 1 0 1 1 1 1 1 2 0 0 1 2 2 2 1 2 2 1 1 1 1 0 1 1 0 2 1 1 1 1 1 2 2 1 1 1 1 0 2 1 1 1 1
geno chr4.4194166 tsi  1 0 1 1 2 2 2 1 1 1 1 1 0 1 1 2 1 0 2 2 1 2 1 1 1 2 1 1 2 1 2 1 1 2 2 1 1 1 1 1 1 1 1 1 2 1 1 2 2 0 1 1 2 2 1 1 1 1 0 1 2 0 1 2 0 0 1 0 1 2 0 0 2 0 1 0 1 1 0 0 2 1 1 1 2 1 2 2 0 1 1 2
geno chr4.4194166 yri  0 1 1 1 1 1 1 2 2 2 2 1 2 2 1 2 2 1 2 2 2 1 1 2 2 2 1 1 2 2 1 1 2 2 2 2 2 1 2 1 2 2 2 2 2 2 2 2 1 2 1 2 2 2 0 2 2 2 1 1 2 2 2 1 1 2 2 1 2 2 2 2 1 2 2 2 2
geno chr4.4194262 ceu  1 1 1 1 2 2 2 1 1 2 1 0 1 1 0 2 0 1 0 1 1 1 0 2 2 2 0 2 1 2 2 2 2 0 0 2 1 1 1 1 1 0 2 1 1 1 1 1 1 2 2 2 2 1 0 2 0 1 2 1 2 0 1 2 2 2 2 0 2 2 2 2 2 2 2 2 1 1
geno chr4.4194262 fin  0 1 1 1 0 2 2 1 0 1 1 1 1 1 1 0 1 1 0 0 1 0 1 1 2 1 2 2 1 2 1 1 1 1 1 1 0 0 1 1 2 1 1 1 1 0 1 2 2 2 2 2 1 1 1 2 2 2 1 1 1 1 1 2 2 0 1 2 2 2 2 1 1 0 1 1 1 1 1 1 1 1 2 2 1 1 1 0 1
geno chr4.4194262 gbr  2 0 2 1 0 2 1 0 1 2 1 1 1 2 1 1 1 1 2 2 2 1 2 0 0 2 2 2 1 0 0 1 1 2 2 1 1 1 1 0 2 1 0 1 1 1 1 1 2 0 0 1 2 2 2 1 2 2 2 1 1 1 0 1 1 0 2 1 1 1 1 1 2 2 1 1 1 1 0 2 1 1 1 1
geno chr4.4194262 tsi  1 0 1 1 2 2 2 1 1 1 1 1 0 1 1 2 1 0 2 2 1 2 1 1 1 2 1 1 2 1 2 1 1 2 2 1 1 1 1 1 1 1 1 1 2 1 1 2 2 0 1 1 2 2 1 1 1 1 0 1 2 0 1 2 0 0 1 0 1 2 0 0 2 0 1 0 1 1 0 0 2 1 1 1 2 1 2 2 0 1 1 2
geno chr4.4194262 yri  0 1 1 1 1 1 1 2 2 2 2 1 2 2 1 2 2 1 2 2 2 1 1 2 2 2 1 1 2 2 2 1 2 2 2 2 2 1 2 1 2 2 2 2 2 2 2 2 1 2 1 2 2 2 0 2 2 2 1 1 2 2 2 1 1 2 2 1 2 2 2 2 1 2 2 2 2
geno chr4.4194383 ceu  1 1 1 1 2 2 2 1 1 2 1 1 1 1 0 2 0 2 0 1 1 1 0 2 2 2 1 2 1 2 2 1 2 0 0 2 2 2 1 2 2 0 2 1 1 2 2 1 2 2 2 2 2 1 0 2 1 1 2 1 2 0 1 2 2 2 2 1 2 2 2 2 2 2 2 2 1 1
geno chr4.4194383 fin  1 1 1 1 0 2 2 1 0 1 1 1 1 1 1 0 1 1 0 1 1 1 1 1 2 1 2 2 2 2 1 2 2 1 1 2 0 2 1 1 2 1 2 1 1 1 1 2 2 2 2 1 2 1 1 2 2 2 1 1 1 1 1 2 1 1 1 2 1 1 1 1 1 1 1 0 2 1 2 1 2 1 1 2 0 1 1 1 1
geno chr4.4194383 gbr  1 0 2 1 1 2 0 1 2 1 1 1 1 2 1 1 1 1 2 1 2 1 2 0 0 2 1 1 1 0 0 1 1 2 2 1 1 2 1 0 2 1 1 1 1 1 1 1 2 2 2 1 2 2 2 1 1 2 1 1 1 1 1 1 1 1 2 1 1 1 2 2 1 2 1 1 1 1 0 2 1 1 1 1
geno chr4.4194383 tsi  1 1 1 1 2 2 2 2 2 1 1 1 0 2 2 2 1 0 2 2 1 2 1 2 1 2 1 1 2 1 2 1 1 2 2 1 1 1 1 1 1 1 1 1 2 1 1 2 2 0 1 2 2 2 2 1 1 1 0 1 2 0 1 2 0 0 1 0 2 2 1 0 2 0 1 1 1 1 0 1 2 1 1 1 2 2 2 2 0 1 1 2
geno chr4.4194383 yri  2 1 2 1 2 2 1 2 2 2 2 1 2 2 1 2 1 1 2 2 2 1 1 2 2 2 1 1 2 2 1 1 2 2 2 2 2 1 2 2 1 1 2 1 2 2 2 2 1 1 1 1 1 2 1 2 2 1 1 1 2 2 2 2 1 2 2 1 2 2 2 1 2 2 2 2 2
geno chr4.4194462 ceu  1 1 1 1 2 2 2 1 1 2 1 1 1 1 0 2 0 2 0 1 1 1 0 2 2 2 1 2 1 2 2 2 2 0 0 2 2 2 1 2 2 0 2 1 1 2 2 1 2 2 2 2 2 1 0 2 1 1 2 1 2 0 1 2 2 2 2 1 2 2 2 2 2 2 2 2 1 1
geno chr4.4194462 fin  1 1 1 1 0 2 2 1 0 1 1 1 1 1 1 0 1 1 0 1 1 1 1 1 2 1 2 2 2 2 1 2 2 1 1 2 0 2 1 1 2 1 2 1 1 1 1 2 2 2 2 1 2 1 1 2 2 2 1 1 1 1 1 2 1 1 1 2 1 1 1 1 1 1 1 0 2 1 2 1 2 1 1 2 0 1 1 1 1
geno chr4.4194462 gbr  1 0 2 1 0 2 0 1 2 1 1 1 1 2 1 1 1 1 2 1 2 1 2 0 0 2 1 1 0 0 0 1 1 2 2 1 1 2 1 0 2 1 1 1 1 1 1 1 2 2 2 1 2 2 2 1 1 2 1 1 1 1 1 1 1 1 2 1 1 1 2 2 1 2 1 1 1 1 0 2 1 1 1 1
geno chr4.4194462 tsi  1 1 1 1 2 2 2 2 2 1 1 1 0 2 2 2 1 0 2 2 1 2 1 2 1 2 1 1 2 1 2 1 1 2 2 1 1 1 1 1 1 1 1 1 2 1 1 2 2 0 1 2 2 2 2 1 1 1 0 1 2 0 1 2 0 0 1 0 2 2 1 0 2 0 1 1 1 1 0 1 2 1 1 1 2 2 2 2 0 1 1 2
geno chr4.4194462 yri  0 1 1 1 1 1 1 2 2 2 2 1 2 2 1 2 2 1 2 2 2 1 1 2 2 2 1 1 2 2 1 1 2 2 2 2 2 1 2 1 1 2 2 1 2 2 2 2 1 1 1 1 2 2 0 2 2 1 1 1 2 2 2 1 1 2 2 1 1 2 2 2 1 2 2 2 2
geno chr4.4194579 ceu  1 1 1 1 2 1 2 1 1 2 1 1 1 1 0 2 0 2 0 1 1 1 0 1 2 1 1 1 1 2 2 2 1 0 0 2 2 2 1 1 2 0 2 1 1 2 2 1 2 2 2 2 1 1 0 2 1 1 2 1 1 0 1 2 2 2 2 1 2 1 1 1 1 2 2 2 1 1
geno chr4.4194579 fin  1 1 1 1 0 2 2 1 0 1 1 1 1 1 1 0 1 1 0 1 1 1 1 1 2 1 2 2 2 2 1 2 2 1 1 2 0 2 1 1 2 1 2 1 1 1 1 2 2 2 2 1 2 1 1 2 2 2 1 0 1 1 1 2 1 0 0 2 0 1 1 1 0 1 1 0 2 1 2 1 2 1 1 2 0 1 1 0 1
geno chr4.4194579 gbr  1 0 2 0 0 2 0 1 2 0 1 1 1 2 1 1 1 1 2 1 2 1 2 0 0 2 1 1 0 0 0 1 1 2 2 1 1 2 1 0 2 1 1 0 1 1 1 1 2 2 2 1 2 2 2 1 1 2 1 1 1 1 1 1 1 1 2 1 1 1 1 2 1 2 1 1 1 1 0 2 1 1 1 1
geno chr4.4194579 tsi  0 1 1 1 2 2 2 1 2 1 1 1 0 2 2 1 1 0 2 1 1 2 1 2 1 2 1 1 1 1 2 1 1 2 2 1 1 1 1 1 1 1 1 1 2 1 1 2 2 0 1 2 2 2 2 1 1 1 0 1 2 0 1 2 0 0 1 0 2 2 1 0 2 0 1 1 1 1 0 1 2 1 1 1 2 2 2 2 0 1 1 2
geno chr4.4194579 yri  0 1 1 1 1 1 1 1 2 1 1 1 2 1 1 2 2 1 2 1 2 1 1 2 1 2 1 1 2 1 1 0 2 2 2 2 2 0 2 1 0 0 2 1 1 2 2 2 1 1 1 1 1 2 0 2 2 1 0 1 2 2 2 1 1 1 2 1 1 2 2 2 1 2 2 2 1
geno chr4.4194591 ceu  0 0 0 0 2 1 1 1 0 1 1 1 1 1 0 0 0 1 0 1 1 1 0 0 1 1 1 0 0 0 2 1 2 0 0 0 1 1 1 1 1 0 1 0 1 1 2 0 2 0 0 1 0 0 0 0 1 0 1 1 2 0 0 1 2 2 1 1 1 1 0 1 0 1 0 1 0 0
geno chr4.4194591 fin  1 1 1 0 0 0 2 0 0 0 1 1 0 1 1 0 1 1 0 1 1 1 1 0 1 0 0 0 2 0 0 1 2 0 0 2 0 2 0 1 0 0 1 1 0 1 0 1 1 1 0 1 2 0 0 1 1 2 0 0 0 1 1 1 1 1 0 0 0 1 1 0 0 1 0 0 1 0 1 1 2 0 1 1 0 1 1 0 0
geno chr4.4194591 gbr  1 0 1 0 0 1 0 1 2 0 1 0 0 0 0 0 1 0 0 0 1 0 0 0 0 0 0 0 0 0 0 1 0 1 0 0 1 1 1 0 1 0 1 1 0 0 1 1 0 2 2 1 0 0 0 1 0 0 0 1 1 1 1 1 1 1 1 0 1 1 1 2 0 0 0 0 0 0 0 0 0 1 0 0
geno chr4.4194591 tsi  0 1 0 1 1 0 1 1 1 0 0 0 0 1 1 1 1 0 0 0 1 0 0 1 0 0 1 0 0 1 1 1 0 0 1 0 1 0 0 0 0 0 0 0 0 1 0 0 2 0 1 1 1 1 2 0 0 0 0 0 2 0 0 1 0 0 0 0 2 1 1 0 0 0 0 1 1 0 0 1 1 0 0 1 1 1 1 1 0 0 1 1
geno chr4.4194591 yri  0 1 0 1 1 0 1 1 1 2 1 0 1 1 0 1 0 1 2 1 0 1 1 2 1 1 0 0 1 2 1 0 2 2 2 1 1 0 0 1 0 0 0 0 1 0 1 1 1 1 0 0 1 2 0 2 2 1 0 1 1 1 1 0 1 2 1 0 0 2 1 1 0 2 1 2 0
geno chr4.4194661 ceu  1 1 1 1 1 2 2 1 1 1 1 0 1 1 0 2 0 2 0 1 1 1 0 1 1 0 0 1 1 1 2 2 1 0 0 2 2 2 1 1 1 0 2 1 0 2 1 1 2 1 2 1 0 1 0 1 1 0 1 1 1 0 1 1 1 2 2 1 1 1 1 1 1 1 1 2 1 0
geno chr4.4194661 fin  1 0 1 0 0 2 1 1 0 1 1 1 1 1 0 0 1 1 0 1 1 1 1 1 2 1 2 2 2 2 0 2 2 1 1 2 0 2 0 1 0 1 2 1 1 1 1 1 2 2 0 1 2 1 1 1 1 1 0 1 1 1 1 1 1 1 1 2 1 1 1 1 1 1 1 0 2 1 2 1 2 0 1 2 0 1 1 1 1
geno chr4.4194661 gbr  1 1 2 1 1 2 0 1 2 2 0 1 1 2 1 1 1 0 1 1 1 1 1 0 0 1 0 1 1 0 0 1 1 1 1 1 1 2 1 0 2 1 1 1 1 1 1 1 1 1 2 1 2 2 2 1 1 2 1 1 1 1 0 0 1 1 1 1 1 1 1 2 1 1 0 1 1 1 0 1 1 1 1 1
geno chr4.4194661 tsi  1 1 1 1 2 1 2 1 1 1 1 1 0 1 1 1 1 0 1 1 1 1 1 1 1 1 1 0 1 1 1 1 1 1 2 0 1 1 1 0 1 1 1 1 2 0 1 2 1 0 1 2 2 2 2 1 1 1 0 1 2 0 0 1 0 0 1 0 1 2 1 0 1 0 1 1 0 1 0 1 1 1 0 1 1 2 1 1 0 1 1 1
geno chr4.4194661 yri  0 1 1 1 1 1 0 1 1 1 1 1 2 1 1 1 1 0 1 2 2 1 1 1 1 2 1 1 2 1 1 1 0 2 1 2 1 1 1 1 1 1 1 1 1 1 1 1 1 1 1 1 1 1 0 2 2 1 1 1 1 1 1 0 1 1 1 1 1 2 1 1 1 2 1 1 1
geno chr4.4194678 ceu  0 0 0 0 1 2 1 1 0 1 1 0 1 1 0 0 0 0 0 1 1 1 0 1 1 1 0 0 0 0 2 1 1 0 0 0 0 0 1 0 0 0 1 0 1 0 1 0 1 0 0 1 0 0 0 0 0 0 1 1 1 0 0 1 1 2 1 0 1 1 0 1 0 1 0 1 0 0
geno chr4.4194678 fin  0 1 1 0 0 0 2 0 0 0 1 1 0 1 1 0 1 1 0 0 1 0 1 0 1 0 0 0 1 0 0 0 1 0 0 1 0 0 0 1 0 0 0 1 0 0 0 1 1 1 0 1 1 0 0 1 1 2 0 0 0 1 1 1 1 0 0 0 1 1 1 0 1 0 0 0 0 0 0 1 1 0 1 1 0 1 1 0 0
geno chr4.4194678 gbr  1 0 1 0 0 1 0 0 1 0 0 0 0 0 0 0 1 0 0 0 1 0 0 0 0 0 0 0 0 0 0 1 0 1 0 0 1 0 1 0 1 0 0 1 0 0 1 1 0 0 0 1 0 0 0 1 1 0 0 1 1 1 0 1 1 0 1 0 1 1 0 1 1 0 0 0 0 0 0 0 0 1 0 0
geno chr4.4194678 tsi  0 0 0 1 1 0 1 0 0 0 0 0 0 0 0 1 1 0 0 0 1 0 0 0 0 0 1 0 0 1 1 1 0 0 1 0 1 0 0 0 0 0 0 0 0 1 0 0 1 0 1 0 1 1 1 0 0 0 0 0 2 0 0 1 0 0 0 0 1 1 0 0 0 0 0 0 1 0 0 0 1 0 0 1 1 0 1 1 0 0 1 1
geno chr4.4194678 yri  0 0 0 1 0 0 0 0 0 0 0 0 0 0 0 0 0 0 0 0 0 0 0 0 0 0 0 0 0 0 0 0 0 0 0 0 0 0 0 0 0 0 0 0 0 0 0 0 0 0 0 0 0 0 0 0 0 0 0 1 0 0 0 0 0 0 0 0 0 0 0 0 0 0 0 0 0
geno chr4.4194707 ceu  1 1 1 1 2 2 2 1 1 2 1 1 1 1 0 2 0 2 0 1 1 1 0 1 1 2 1 1 1 2 2 2 2 0 0 2 2 2 1 2 2 0 2 1 1 2 2 1 1 2 2 2 2 1 0 2 1 1 2 1 2 0 1 2 2 2 2 1 2 2 1 2 2 2 2 2 1 1
geno chr4.4194707 fin  1 1 1 1 0 2 2 1 0 1 1 1 1 1 1 0 1 1 0 1 1 1 1 1 2 1 2 2 2 2 1 2 2 1 1 2 0 2 1 1 2 1 2 1 1 1 1 2 2 2 2 1 2 1 1 2 2 2 1 1 1 1 1 2 1 1 1 2 1 1 1 1 1 1 1 0 2 1 2 1 2 1 1 2 0 1 1 0 1
geno chr4.4194707 gbr  1 0 2 1 0 2 0 1 2 1 1 1 1 2 1 1 1 1 2 1 2 1 2 0 0 2 1 1 1 0 0 1 1 2 2 1 1 2 1 0 2 1 1 1 1 1 1 1 2 2 2 1 2 1 2 1 1 2 1 1 1 1 1 1 1 1 2 1 1 1 2 2 1 2 1 1 1 1 0 2 1 1 1 1
geno chr4.4194707 tsi  1 1 1 1 2 1 2 2 2 1 1 1 0 2 2 2 1 0 1 2 1 2 1 2 1 1 1 1 2 1 2 1 1 2 2 1 1 1 1 1 1 1 1 1 2 1 1 2 2 0 1 2 2 2 2 1 1 1 0 1 2 0 1 2 0 0 1 0 1 2 1 0 2 0 1 1 1 1 0 1 2 1 1 1 2 2 2 2 0 1 1 2
geno chr4.4194707 yri  0 1 1 1 1 1 1 1 2 2 2 0 1 2 1 2 2 1 1 2 0 1 1 2 2 2 0 0 1 2 1 1 2 2 2 1 2 1 0 1 1 1 0 1 2 1 2 2 1 2 1 1 2 2 0 2 2 1 1 1 2 2 2 0 1 2 1 1 1 2 1 2 0 2 2 1 1
geno chr4.4195400 ceu  0 1 0 1 2 2 1 1 0 1 1 0 1 2 0 0 0 0 1 1 1 1 0 1 1 1 1 0 0 0 1 1 2 0 0 0 0 0 1 0 0 0 1 0 1 0 1 0 1 0 0 1 0 0 0 0 0 0 1 1 1 0 0 1 2 2 1 0 1 1 0 1 0 1 0 1 0 0
geno chr4.4195400 fin  0 1 1 0 0 0 2 1 1 0 2 1 0 1 1 0 1 1 1 0 1 0 1 0 1 1 0 0 1 0 0 0 1 0 0 1 1 0 0 1 0 0 0 1 0 0 1 1 1 1 0 2 1 0 0 1 1 2 0 0 0 2 1 1 1 0 0 0 1 1 2 0 1 0 1 0 0 1 0 1 1 0 1 1 0 1 1 0 1
geno chr4.4195400 gbr  2 1 1 0 0 1 1 1 1 0 2 0 0 0 0 0 2 0 0 0 1 1 0 0 0 0 0 0 0 0 1 1 0 1 0 0 2 0 1 0 1 1 0 1 1 0 1 1 0 0 0 1 0 0 0 1 1 0 0 1 1 1 1 1 1 0 1 0 1 1 0 1 1 0 0 0 0 0 0 0 0 1 0 0
geno chr4.4195400 tsi  0 0 0 1 1 0 1 0 0 0 0 0 1 0 0 1 1 1 0 0 1 0 1 0 0 0 1 0 0 1 1 1 0 0 1 0 1 0 0 0 0 1 0 0 0 1 0 0 2 0 1 0 1 1 1 0 1 0 0 0 2 0 0 1 0 0 0 0 1 1 0 0 0 0 1 0 1 1 0 0 1 0 0 1 1 0 1 1 1 0 1 1
geno chr4.4195400 yri  0 0 0 1 0 1 1 0 0 0 0 1 0 0 0 0 0 1 0 0 0 0 0 0 0 0 1 1 0 0 0 0 0 0 0 0 0 0 0 0 0 0 0 0 0 0 0 0 0 0 1 0 0 0 0 0 0 0 0 1 0 0 0 0 0 0 0 0 0 0 0 0 0 0 0 0 0
geno chr4.4195624 ceu  0 1 0 1 0 0 0 0 0 0 0 0 0 1 0 0 0 0 0 0 0 0 0 0 0 0 1 0 0 0 0 0 0 0 0 0 0 0 0 0 0 0 0 0 0 0 0 0 0 0 0 0 0 0 0 0 0 0 0 0 0 0 0 0 0 0 0 0 0 0 0 0 0 0 0 0 0 0
geno chr4.4195624 fin  0 0 0 0 0 0 0 1 1 0 1 0 0 0 0 0 0 0 1 0 0 0 0 0 0 1 0 0 0 0 0 0 0 0 0 0 1 0 0 0 0 0 0 0 0 0 1 0 0 0 0 0 0 0 0 0 0 0 0 0 0 1 0 0 0 0 0 0 0 0 0 0 0 0 1 0 0 1 0 0 0 0 0 0 0 0 0 0 1
geno chr4.4195624 gbr  0 1 1 0 0 0 1 1 0 0 1 0 0 0 0 0 1 0 0 0 0 1 0 0 0 0 0 0 0 0 1 0 0 0 0 0 1 0 0 0 0 1 0 1 1 0 0 0 0 0 0 0 0 0 0 0 0 0 0 0 0 0 1 0 0 0 0 0 0 0 0 0 0 1 0 0 0 0 0 0 0 0 0 0
geno chr4.4195624 tsi  0 0 0 0 0 0 0 0 0 0 0 0 1 0 0 0 0 1 0 0 0 0 1 0 0 0 0 0 0 0 0 0 0 0 0 0 0 0 0 0 0 1 0 0 0 0 0 0 0 0 0 0 0 0 0 0 1 0 0 0 0 0 0 0 0 0 0 0 0 0 0 0 0 0 1 0 0 1 0 0 0 0 0 0 0 0 0 0 1 0 0 0
geno chr4.4195624 yri  0 0 0 0 0 0 1 0 0 0 0 1 0 0 0 0 0 1 0 0 0 0 0 0 0 0 1 1 0 0 0 0 0 0 0 0 0 0 0 0 0 0 0 0 0 0 0 0 0 0 1 0 0 0 0 0 0 0 0 0 0 0 0 0 0 0 0 0 0 0 0 0 0 0 0 0 0
geno chr4.4195656 ceu  1 1 1 1 0 0 1 0 1 1 0 1 0 0 0 2 0 2 0 0 0 0 0 1 1 1 1 2 1 2 1 1 0 0 0 2 2 2 0 2 2 0 1 1 0 2 1 1 1 2 2 1 2 1 0 2 1 1 1 0 0 0 1 1 0 0 1 1 1 1 2 1 2 1 2 1 1 1
geno chr4.4195656 fin  1 0 0 1 0 2 0 1 0 1 0 0 1 0 0 0 0 0 0 1 0 1 0 1 1 1 2 2 1 2 1 2 1 1 1 1 0 2 1 0 2 1 2 0 1 1 1 1 1 1 2 1 1 1 1 1 1 0 1 1 1 0 0 1 1 1 1 2 1 1 0 2 0 1 1 0 2 1 2 0 1 1 1 1 0 0 0 1 1
geno chr4.4195656 gbr  1 0 0 1 0 1 0 1 1 2 0 1 1 2 1 1 0 1 2 1 1 1 2 0 0 2 2 2 1 0 0 0 1 1 2 1 0 2 0 0 1 1 1 0 1 1 0 0 2 2 2 0 2 2 2 0 1 2 2 0 0 0 1 0 0 1 1 1 0 0 2 1 1 2 1 1 1 1 0 2 1 0 1 1
geno chr4.4195656 tsi  1 1 1 0 1 2 1 2 2 1 1 1 0 2 2 1 0 0 2 2 0 2 1 2 1 2 0 1 2 0 1 0 1 2 1 1 0 1 1 1 1 1 1 1 2 0 1 2 0 0 0 2 1 1 1 1 1 1 0 1 0 0 1 1 0 0 1 0 1 1 1 0 2 0 1 1 0 1 0 1 1 1 1 0 1 2 1 1 0 1 0 1
geno chr4.4195656 yri  0 0 1 0 1 0 1 2 1 0 1 1 2 0 0 1 1 1 2 1 2 0 1 0 2 1 1 0 1 1 0 1 0 0 1 1 1 0 2 0 1 1 2 1 0 2 2 0 0 1 1 1 2 1 0 0 2 0 0 0 2 2 2 1 0 2 1 1 2 0 1 1 1 0 1 1 2
geno chr4.4195808 ceu  0 0 0 0 2 2 1 1 0 1 1 0 1 1 0 0 0 0 1 1 1 1 0 1 1 1 0 0 0 0 1 1 2 0 0 0 0 0 1 0 0 0 1 0 1 0 1 0 1 0 0 1 0 0 0 0 0 0 1 1 1 0 0 1 2 2 1 0 1 1 0 1 0 1 0 1 0 0
geno chr4.4195808 fin  0 1 1 0 0 0 2 0 0 0 1 1 0 1 1 0 1 1 0 0 1 0 1 0 1 0 0 0 1 0 0 0 1 0 0 1 0 0 0 1 0 0 0 1 0 0 0 1 1 1 0 1 1 0 0 1 1 2 0 0 0 1 1 1 1 0 0 0 1 1 1 0 1 0 0 0 0 0 0 1 1 0 1 1 0 1 1 0 0
geno chr4.4195808 gbr  1 0 1 0 0 1 0 0 1 0 1 0 0 0 0 0 1 0 0 0 1 0 0 0 0 0 0 0 0 0 0 1 0 1 0 0 1 0 1 0 1 0 0 1 0 0 1 1 0 0 0 1 0 0 0 1 1 0 0 1 1 1 0 1 1 0 1 0 1 1 0 1 1 0 0 0 0 0 0 0 0 1 0 0
geno chr4.4195808 tsi  0 0 0 1 1 0 1 0 0 0 0 0 0 0 0 1 1 0 0 0 1 0 0 0 0 0 1 0 0 1 1 1 0 0 1 0 1 0 0 0 0 0 0 0 0 1 0 0 2 0 1 0 1 1 1 0 0 0 0 0 2 0 0 1 0 0 0 0 1 1 0 0 0 0 0 0 1 0 0 0 1 0 0 1 1 0 1 1 0 0 1 1
geno chr4.4195808 yri  0 0 0 1 0 0 0 0 0 0 0 0 0 0 0 0 0 0 0 0 0 0 0 0 0 0 0 0 0 0 0 0 0 0 1 0 0 0 0 0 0 0 0 0 0 0 0 0 0 0 0 0 0 0 0 0 0 0 0 1 0 0 0 0 0 0 0 0 0 0 0 0 0 0 0 0 0
geno chr4.4195885 ceu  1 2 1 2 2 2 2 1 1 2 1 1 1 2 0 2 0 2 1 1 1 1 0 2 2 2 2 2 1 2 2 2 2 0 0 2 2 2 1 2 2 0 2 1 1 2 2 1 2 2 2 2 2 1 0 2 1 1 2 1 2 0 1 2 2 2 2 1 2 2 2 2 2 2 2 2 1 1
geno chr4.4195885 fin  1 1 1 1 0 2 2 2 1 1 2 1 1 1 1 0 1 1 1 1 1 1 1 1 2 2 2 2 2 2 1 2 2 1 1 2 1 2 1 1 2 1 2 1 1 1 2 2 2 2 2 1 2 1 1 2 2 2 1 1 1 2 1 2 1 1 1 2 1 1 1 1 1 1 1 0 2 2 2 1 2 1 1 2 0 1 1 1 2
geno chr4.4195885 gbr  1 1 2 1 0 2 1 2 2 2 2 1 1 2 1 1 2 1 2 1 2 2 2 0 0 2 1 1 1 0 1 1 1 2 2 1 2 2 1 0 2 2 1 1 2 1 1 1 2 2 2 1 2 2 2 1 1 2 1 1 1 1 2 1 1 1 2 1 1 1 2 2 1 2 1 1 1 1 0 2 1 1 1 1
geno chr4.4195885 tsi  1 1 1 1 2 2 2 2 2 1 1 1 1 2 2 2 1 1 2 2 1 2 2 2 1 2 1 1 2 1 2 1 1 2 2 1 1 1 1 1 1 2 1 1 2 1 1 2 2 0 1 2 2 2 2 1 2 1 0 1 2 0 1 2 0 0 1 0 2 2 1 0 2 0 2 1 1 2 0 1 2 1 1 1 2 2 2 2 1 1 1 2
geno chr4.4195885 yri  2 1 1 1 2 2 1 2 2 2 2 2 2 1 0 2 1 2 2 2 2 1 1 2 2 2 2 1 2 2 1 2 2 2 2 2 2 0 2 2 1 2 2 2 2 2 2 1 1 0 2 1 2 2 1 2 1 1 2 1 2 2 2 2 1 2 2 1 1 2 2 2 2 2 2 2 2
geno chr4.4196028 ceu  0 0 0 0 2 2 1 1 0 1 1 0 1 1 0 0 0 0 1 1 1 1 0 1 1 1 0 0 0 0 1 1 2 0 0 0 0 0 1 0 0 0 1 0 1 0 1 0 1 0 0 1 0 0 0 0 0 0 1 1 1 0 0 1 2 2 1 0 1 1 0 1 0 1 0 1 0 0
geno chr4.4196028 fin  0 1 1 0 0 0 2 0 0 0 1 1 0 1 1 0 1 1 0 0 1 0 1 0 1 0 0 0 1 0 0 0 1 0 0 1 0 0 0 1 0 0 0 1 0 0 0 1 1 1 0 2 1 0 0 1 1 2 0 0 0 1 1 1 1 0 0 0 1 1 2 0 1 0 0 0 0 0 0 1 1 0 1 1 0 1 1 0 0
geno chr4.4196028 gbr  2 0 1 0 0 1 0 0 1 0 1 0 0 0 0 0 1 0 0 0 1 0 0 0 0 0 0 0 0 0 0 1 0 1 0 0 1 0 1 0 1 0 0 1 0 0 1 1 0 0 0 1 0 0 0 1 1 0 0 1 1 1 0 1 1 0 1 0 1 1 0 1 1 0 0 0 0 0 0 0 0 1 0 0
geno chr4.4196028 tsi  0 0 0 1 1 0 1 0 0 0 0 0 0 0 0 1 1 0 0 0 1 0 0 0 0 0 1 0 0 1 1 1 0 0 1 0 1 0 0 0 0 0 0 0 0 1 0 0 2 0 1 0 1 1 1 0 0 0 0 0 2 0 0 1 0 0 0 0 1 1 0 0 0 0 0 0 1 0 0 0 1 0 0 1 1 0 1 1 0 0 1 1
geno chr4.4196028 yri  0 0 0 1 0 1 0 0 0 0 0 0 0 0 0 0 0 0 0 0 0 0 0 0 0 0 0 0 0 0 0 0 0 0 0 0 0 0 0 0 0 0 0 0 0 0 0 0 0 0 0 0 0 0 0 0 0 0 0 1 0 0 0 0 0 0 0 0 0 0 0 0 0 0 0 0 0
geno chr4.4196042 ceu  1 2 1 2 2 2 2 1 1 2 1 1 1 2 0 2 0 2 1 1 1 1 0 2 2 2 2 2 1 2 2 2 2 0 0 2 2 2 1 2 2 0 2 1 1 2 2 1 2 2 2 2 2 1 0 2 1 1 2 1 2 0 1 2 2 2 2 1 2 2 2 2 2 2 2 2 1 1
geno chr4.4196042 fin  1 1 1 1 0 2 2 2 1 1 2 1 1 1 1 0 1 1 1 1 1 1 1 1 2 2 2 2 2 2 1 2 2 1 1 2 1 2 1 1 2 1 2 1 1 1 2 2 2 2 2 2 2 1 1 2 2 2 1 1 1 2 1 2 2 1 1 2 2 2 2 2 1 1 2 0 2 2 2 1 2 1 2 2 0 1 1 1 2
geno chr4.4196042 gbr  2 1 2 1 1 2 1 2 2 2 2 1 1 2 1 1 2 1 2 1 2 2 2 0 0 2 2 2 1 0 1 1 1 2 2 1 2 2 1 0 2 2 1 1 2 1 1 1 2 2 2 1 2 1 2 1 2 2 2 1 1 1 2 1 1 1 2 1 1 1 2 2 2 2 1 1 1 1 0 2 1 1 1 1
geno chr4.4196042 tsi  1 1 1 1 2 1 2 2 2 1 1 1 1 2 2 2 1 1 1 2 1 2 2 2 1 2 1 1 2 1 2 1 1 2 2 1 1 1 1 1 1 2 1 1 2 1 1 2 2 0 1 2 2 2 2 1 2 1 0 1 2 0 1 2 0 0 1 0 2 2 1 0 2 0 2 1 1 2 0 1 2 1 1 1 2 2 2 2 1 1 1 2
geno chr4.4196042 yri  2 1 2 1 2 2 1 1 2 2 2 1 1 2 1 2 2 2 2 2 0 1 1 2 2 2 1 2 1 2 1 2 2 2 2 1 2 1 0 2 1 1 0 1 2 1 2 2 1 1 2 1 2 2 1 2 1 2 2 1 2 2 2 1 1 2 1 1 1 2 1 2 1 2 2 2 1
geno chr4.4196045 ceu  1 2 1 2 2 2 2 1 1 2 1 1 1 2 0 2 0 2 1 1 1 1 0 2 2 2 2 2 1 2 2 2 2 0 0 2 2 2 1 2 2 0 2 1 1 2 2 1 2 2 2 2 2 1 0 2 1 1 2 1 2 0 1 2 2 2 2 1 2 2 2 2 2 2 2 2 1 1
geno chr4.4196045 fin  1 1 1 1 0 2 2 2 1 1 2 1 1 1 1 0 1 1 1 1 1 1 1 1 2 2 2 2 2 2 1 2 2 1 1 2 1 2 1 1 2 1 2 1 1 1 2 2 2 2 2 2 2 1 1 2 2 2 1 1 1 2 1 2 2 1 1 2 2 2 2 2 1 1 2 0 2 2 2 1 2 1 2 2 0 1 1 1 2
geno chr4.4196045 gbr  2 1 2 1 1 2 1 2 2 2 2 1 1 2 1 1 2 1 2 1 2 2 2 0 0 2 2 2 1 0 1 1 1 2 2 1 2 2 1 0 2 2 1 1 2 1 1 1 2 2 2 1 2 1 2 1 2 2 2 1 1 1 2 1 1 1 2 1 1 1 2 2 2 2 1 1 1 1 0 2 1 1 1 1
geno chr4.4196045 tsi  1 1 1 1 2 1 2 2 2 1 1 1 1 2 2 2 1 1 1 2 1 2 2 2 1 2 1 1 2 1 2 1 1 2 2 1 1 1 1 1 1 2 1 1 2 1 1 2 2 0 1 2 2 2 2 1 2 1 0 1 2 0 1 2 0 0 1 0 2 2 1 0 2 0 2 1 1 2 0 1 2 1 1 1 2 2 2 2 1 1 1 2
geno chr4.4196045 yri  2 1 2 1 2 2 1 1 2 2 2 1 1 2 1 2 2 2 2 2 0 1 1 2 2 2 1 2 1 2 1 2 2 2 2 1 2 1 0 2 1 1 0 1 2 1 2 2 1 1 2 1 2 2 1 2 1 2 2 1 2 2 2 1 1 2 1 1 1 2 1 2 1 2 2 2 1
geno chr4.4196383 ceu  1 1 1 1 2 2 2 1 1 2 1 1 1 1 0 2 0 2 1 1 1 1 0 2 2 2 1 2 1 2 2 2 2 0 0 2 2 2 1 2 2 0 2 1 1 2 2 1 2 2 2 2 2 1 0 2 1 1 2 1 1 0 1 2 2 2 2 1 2 2 2 2 2 2 2 2 1 1
geno chr4.4196383 fin  1 2 1 1 0 2 2 1 0 1 1 1 1 1 1 0 1 1 0 1 1 0 1 1 2 1 2 2 2 2 1 2 2 1 1 2 0 1 1 1 2 1 1 1 1 1 1 2 2 2 2 1 2 1 1 2 2 2 1 1 1 1 2 2 1 1 1 2 2 1 1 1 1 1 1 0 2 1 2 2 2 1 1 2 0 1 1 1 1
geno chr4.4196383 gbr  1 0 1 1 1 2 0 1 2 1 1 1 1 2 1 1 1 1 2 1 2 1 2 0 0 2 1 1 1 0 0 1 1 2 2 1 1 2 1 0 2 1 1 1 1 1 1 1 2 2 2 1 2 2 2 1 1 2 1 1 1 1 1 1 1 1 2 1 1 1 2 2 1 2 1 1 1 1 0 2 1 1 1 1
geno chr4.4196383 tsi  1 1 1 1 2 2 2 2 2 1 1 1 0 2 2 2 1 0 2 2 1 2 1 2 1 2 1 1 2 1 2 1 1 2 2 1 1 1 1 1 1 1 1 1 2 1 1 2 2 0 1 2 2 2 2 1 1 1 0 1 2 0 1 2 0 0 1 0 2 2 1 0 2 0 1 1 1 1 0 1 2 1 1 1 2 2 2 2 0 1 1 2
geno chr4.4196383 yri  1 0 1 1 0 1 1 1 1 0 1 1 1 1 1 1 2 0 0 0 2 0 0 0 1 1 1 1 1 0 0 0 0 0 0 1 1 1 2 1 1 1 2 1 0 2 1 1 0 1 1 1 0 0 1 0 1 0 1 1 1 1 1 2 0 0 1 1 1 0 1 1 2 0 1 0 2
geno chr4.4196385 ceu  1 1 1 1 2 2 2 1 1 2 1 1 1 1 0 2 0 2 1 1 1 1 0 2 2 2 1 2 1 2 2 2 2 0 0 2 2 2 1 2 2 0 2 1 1 2 2 1 2 2 2 2 2 1 0 2 1 1 2 1 1 0 1 2 2 2 2 1 2 2 2 2 2 2 2 2 1 1
geno chr4.4196385 fin  1 2 1 1 0 2 2 1 0 1 1 1 1 1 1 0 1 1 0 1 1 1 1 1 2 1 2 2 2 2 1 2 2 1 1 2 0 2 1 1 2 1 2 1 1 0 1 2 2 2 2 2 2 1 1 2 2 2 1 0 1 1 2 2 2 0 1 2 2 2 2 2 1 1 1 1 2 1 2 2 2 1 2 2 1 1 1 1 1
geno chr4.4196385 gbr  2 1 1 1 1 2 1 1 2 2 1 1 1 2 1 1 1 1 2 1 2 1 2 0 0 2 2 2 1 0 0 1 1 2 2 1 1 2 1 0 2 1 1 1 1 1 1 1 2 2 2 1 2 2 2 1 2 2 2 1 1 1 1 1 1 1 2 1 1 1 2 2 2 2 1 1 1 1 0 2 1 1 1 1
geno chr4.4196385 tsi  1 1 1 1 2 2 2 2 2 1 1 1 0 2 2 2 1 0 2 2 1 2 1 2 1 2 1 1 2 1 2 1 1 2 2 1 1 1 1 1 1 1 1 1 2 1 1 2 2 0 1 2 2 2 2 1 1 1 0 1 2 0 1 2 0 0 1 0 2 2 1 0 2 0 1 1 1 1 0 1 2 1 1 1 2 2 2 2 0 1 1 2
geno chr4.4196385 yri  1 0 1 1 0 1 1 1 1 0 1 1 1 1 1 1 2 0 0 0 2 0 0 0 1 1 1 1 1 0 0 0 0 0 0 1 1 1 2 1 2 1 2 1 0 2 1 1 0 2 1 2 0 0 1 0 1 1 1 1 1 1 1 2 0 0 1 1 2 0 1 1 2 0 1 0 2
geno chr4.4196446 ceu  1 1 1 1 2 2 2 1 1 2 1 1 1 1 0 2 0 2 1 1 1 1 0 2 2 2 1 2 1 2 2 2 2 0 0 2 2 2 1 2 2 0 2 1 1 2 2 1 2 2 2 2 2 1 0 2 1 1 2 1 1 0 1 2 2 2 2 1 2 2 2 2 2 2 2 2 1 1
geno chr4.4196446 fin  1 2 1 1 0 2 2 1 0 1 1 1 1 1 1 0 1 1 0 1 1 1 1 1 2 1 2 2 2 2 1 2 2 1 1 2 0 2 1 1 2 1 2 1 1 1 1 2 2 2 2 2 2 1 1 2 2 2 1 1 1 1 2 2 2 1 1 2 2 2 2 2 1 1 1 0 2 1 2 2 2 1 2 2 0 1 1 1 1
geno chr4.4196446 gbr  2 0 1 1 1 2 0 1 2 2 1 1 1 2 1 1 1 1 2 1 2 1 2 0 0 2 2 2 1 0 0 1 1 2 2 1 1 2 1 0 2 1 1 1 1 1 1 1 2 2 2 1 2 2 2 1 2 2 2 1 1 1 1 1 1 1 2 1 1 1 2 2 2 2 1 1 1 1 0 2 1 1 1 1
geno chr4.4196446 tsi  1 1 1 1 2 2 2 2 2 1 1 1 0 2 2 2 1 0 2 2 1 2 1 2 1 2 1 1 2 1 2 1 1 2 2 1 1 1 1 1 1 1 1 1 2 1 1 2 2 0 1 2 2 2 2 1 1 1 0 1 2 0 1 2 0 0 1 0 2 2 1 0 2 0 1 1 1 1 0 1 2 1 1 1 2 2 2 2 0 1 1 2
geno chr4.4196446 yri  1 0 1 1 0 1 1 1 1 0 1 1 1 1 1 1 2 0 0 0 2 0 0 0 1 1 1 1 1 0 0 0 0 0 0 1 1 1 2 1 1 1 2 1 0 2 1 1 0 1 1 1 0 0 1 0 1 0 1 1 1 1 1 2 0 0 1 1 2 0 1 1 2 0 1 0 2
geno chr4.4196562 ceu  1 1 1 1 2 2 2 1 1 2 1 1 1 1 0 2 0 2 1 1 1 1 0 2 2 2 1 2 1 2 2 2 2 0 0 2 2 2 1 2 2 0 2 1 1 2 2 1 2 2 2 2 2 1 0 2 1 1 2 1 1 0 1 2 2 2 2 1 2 2 2 2 2 2 2 2 1 1
geno chr4.4196562 fin  1 2 1 1 0 2 2 1 0 1 1 1 1 1 1 0 1 1 0 1 1 2 1 1 2 1 2 2 2 2 1 2 2 1 1 2 0 2 1 1 2 1 2 1 1 1 1 2 2 2 2 2 2 1 1 2 2 2 1 1 1 1 2 2 2 1 1 2 2 2 2 2 1 1 1 0 2 1 2 2 2 1 2 2 0 1 1 1 1
geno chr4.4196562 gbr  2 0 1 1 1 2 0 1 2 2 1 1 1 2 1 1 1 1 2 1 2 1 2 0 0 2 2 1 1 0 0 1 1 2 2 1 1 2 1 0 2 1 1 1 1 1 1 1 2 2 2 1 2 2 2 1 1 2 1 1 1 1 1 1 1 1 2 1 1 1 2 2 2 2 1 1 1 1 0 2 1 1 1 1
geno chr4.4196562 tsi  1 1 1 1 2 2 2 2 2 1 1 1 0 2 2 2 1 0 2 2 1 2 1 2 1 2 1 1 2 1 2 1 1 2 2 1 1 1 1 1 1 1 1 1 2 1 1 2 2 0 1 2 2 2 2 1 1 1 0 1 2 0 1 2 0 0 1 0 2 2 1 0 2 0 1 1 1 1 0 1 2 1 1 1 2 2 2 2 0 1 1 2
geno chr4.4196562 yri  1 0 1 1 0 1 1 1 1 0 1 1 1 1 1 1 2 0 0 0 2 0 0 0 1 1 1 1 1 0 0 0 0 0 0 1 1 1 2 1 1 1 2 1 0 2 1 1 0 1 1 1 0 0 1 0 1 0 1 1 1 1 1 2 0 0 1 1 1 0 1 1 2 0 1 0 2
geno chr4.4196765 ceu  1 1 1 1 2 2 2 1 1 2 1 1 1 1 0 2 0 2 1 1 1 1 0 2 2 2 1 2 1 2 2 2 2 0 0 2 2 2 1 2 2 0 2 1 1 2 2 1 2 2 2 2 2 1 0 2 1 1 2 1 1 0 1 2 2 2 2 1 2 2 2 2 2 2 2 2 1 1
geno chr4.4196765 fin  1 2 1 1 0 2 2 1 0 1 1 1 1 1 1 0 1 1 0 1 1 1 1 1 2 1 2 2 2 2 1 2 2 1 1 2 0 2 1 1 2 1 2 1 1 1 1 2 2 2 2 2 2 1 1 2 2 2 1 1 1 1 2 2 2 1 1 2 2 2 2 2 1 1 1 1 2 1 2 2 2 1 2 2 1 1 1 1 1
geno chr4.4196765 gbr  2 0 1 1 1 2 1 1 2 2 1 1 1 2 1 1 1 1 2 1 2 1 2 0 0 2 2 2 1 0 0 1 1 2 2 1 1 2 1 0 2 1 1 1 1 1 1 1 2 2 2 1 2 2 2 1 2 2 2 1 1 1 1 1 1 1 2 1 1 1 2 2 2 2 1 1 1 1 0 2 1 1 1 1
geno chr4.4196765 tsi  1 1 1 1 2 2 2 2 2 1 1 1 0 2 2 2 1 0 2 2 1 2 1 2 1 2 1 1 2 1 2 1 1 2 2 1 1 1 1 1 1 1 1 1 2 1 1 2 2 0 1 2 2 2 2 1 1 1 0 1 2 0 1 2 0 0 1 0 2 2 1 0 2 0 1 1 1 1 0 1 2 1 1 1 2 2 2 2 0 1 1 2
geno chr4.4196765 yri  1 0 1 1 0 1 1 1 1 0 1 1 1 1 1 1 2 0 0 0 2 0 0 0 1 1 1 1 1 0 1 1 0 0 0 1 1 1 2 1 2 1 2 1 0 2 1 1 0 2 1 2 1 0 1 0 1 1 1 1 1 1 1 2 0 0 1 1 2 0 1 1 2 0 1 0 2
geno chr4.4196803 ceu  1 1 1 1 2 2 2 1 1 2 1 1 1 1 0 2 0 2 1 1 1 1 0 2 2 2 1 2 1 2 2 2 2 0 0 2 2 2 1 2 2 0 2 1 1 2 2 1 2 2 2 2 2 1 0 2 1 1 2 1 1 0 1 2 2 2 2 1 2 2 2 2 2 2 2 2 1 1
geno chr4.4196803 fin  1 2 1 1 0 2 2 1 0 1 1 1 1 1 1 0 1 1 0 1 1 1 1 1 2 1 2 2 2 2 2 2 2 1 1 2 0 2 1 1 2 1 2 1 1 1 1 2 2 2 2 1 2 1 1 2 2 2 1 1 1 1 2 2 1 1 1 2 1 1 1 1 1 1 1 0 2 1 2 2 2 1 1 2 0 1 1 1 1
geno chr4.4196803 gbr  1 0 1 1 1 2 0 1 2 1 1 1 1 2 1 1 1 1 2 1 2 1 2 0 0 2 1 1 1 0 0 1 1 2 2 1 1 2 1 0 2 1 1 1 1 1 1 1 2 2 2 1 2 2 2 1 1 2 1 1 1 1 1 1 1 1 2 1 1 1 2 2 1 2 1 1 1 1 0 2 1 1 1 1
geno chr4.4196803 tsi  2 1 1 1 2 2 2 2 2 1 1 1 1 2 2 2 1 0 2 2 1 2 1 2 1 2 1 1 2 1 2 1 1 2 2 1 1 1 1 1 2 1 1 1 2 1 1 2 2 0 1 2 2 2 2 1 1 1 0 1 2 0 1 2 0 0 1 0 2 2 1 1 2 0 1 1 1 1 0 1 2 1 1 1 2 2 2 2 0 1 0 2
geno chr4.4196803 yri  1 0 1 1 0 1 1 1 1 0 1 1 1 1 1 1 2 0 0 0 2 0 0 0 1 1 1 1 1 0 0 0 0 0 0 1 1 1 2 1 1 1 2 1 0 2 1 1 0 1 1 1 0 0 1 0 1 0 1 1 1 1 1 2 0 0 1 1 1 0 1 1 2 0 1 0 2
geno chr4.4197076 ceu  0 0 0 0 0 0 0 0 0 0 0 0 0 0 0 0 0 0 0 0 0 0 0 0 0 0 0 0 0 0 0 0 0 0 0 0 0 0 0 0 0 0 0 0 0 0 0 0 0 0 0 0 0 0 0 0 0 0 0 0 0 0 0 0 0 0 0 0 0 0 0 0 0 0 0 0 0 0
geno chr4.4197076 fin  0 0 0 0 0 0 0 0 0 0 0 0 0 0 0 0 0 0 0 0 0 0 0 0 0 0 0 0 0 0 0 0 0 0 0 0 0 0 0 0 0 0 0 0 0 0 0 0 0 0 0 0 0 0 0 0 0 0 0 0 0 0 0 0 0 0 0 0 0 0 0 0 0 0 0 0 0 0 0 0 0 0 0 0 0 0 0 0 0
geno chr4.4197076 gbr  0 0 0 0 0 0 0 0 0 0 0 0 0 0 0 0 0 0 0 0 0 0 0 0 0 0 0 0 0 0 0 0 0 0 0 0 0 0 0 0 0 0 0 0 0 0 0 0 0 0 0 0 0 1 0 0 0 0 0 0 0 0 0 0 0 0 0 0 0 0 0 0 0 0 0 0 0 0 0 0 0 0 0 0
geno chr4.4197076 tsi  0 0 0 0 0 1 0 0 0 0 0 0 0 0 0 0 0 0 1 0 0 0 0 0 0 0 0 0 0 0 0 0 0 0 0 0 0 0 0 0 0 0 0 0 0 0 0 0 0 0 0 0 0 0 0 0 0 0 0 0 0 0 0 0 0 0 0 0 0 0 0 0 0 0 0 0 0 0 0 0 0 0 0 0 0 0 0 0 0 0 0 0
geno chr4.4197076 yri  0 0 0 0 0 0 0 1 0 0 0 1 1 0 0 0 0 0 0 0 2 0 0 0 0 0 1 0 1 0 0 0 0 0 0 1 0 0 2 0 1 1 2 1 0 1 0 0 0 0 0 1 0 0 0 0 0 0 0 0 0 0 0 1 0 0 1 0 1 0 1 0 1 0 1 0 1
geno chr4.4197376 ceu  1 2 1 2 2 2 2 1 1 2 1 1 1 2 0 2 0 2 1 1 1 1 0 2 2 2 2 2 1 2 2 2 2 0 0 2 2 2 1 2 2 0 2 1 1 2 2 1 2 2 2 2 2 1 0 2 1 1 2 1 2 0 1 2 2 2 2 1 2 2 2 2 2 2 2 2 1 1
geno chr4.4197376 fin  1 2 1 1 0 2 2 2 1 1 2 1 1 1 1 0 1 1 1 1 1 1 1 1 2 2 2 2 2 2 1 2 2 1 1 2 1 2 1 1 2 1 2 1 1 1 2 2 2 2 2 2 2 1 1 2 2 2 1 1 1 2 2 2 2 1 1 2 2 2 2 2 1 1 2 0 2 2 2 2 2 1 2 2 1 1 1 1 2
geno chr4.4197376 gbr  2 1 2 1 1 2 1 2 2 2 2 2 1 2 1 1 2 1 2 1 2 2 2 0 0 2 2 2 2 0 1 1 1 2 2 1 2 2 1 0 2 2 1 1 2 1 1 1 2 2 2 1 2 2 2 1 2 2 2 1 1 1 2 1 1 1 2 1 1 1 2 2 2 2 1 1 1 1 0 2 1 1 1 1
geno chr4.4197376 tsi  1 1 1 1 2 2 2 2 2 1 1 1 1 2 2 2 1 1 2 2 1 2 2 2 1 2 1 1 2 1 2 1 1 2 2 1 1 2 1 1 1 2 1 1 2 1 1 2 2 0 1 2 2 2 2 2 2 1 0 1 2 0 1 2 0 0 1 0 2 2 1 0 2 0 2 2 1 2 0 1 2 1 1 1 2 2 2 2 1 1 1 2
geno chr4.4197376 yri  2 2 2 2 2 2 2 2 2 2 2 2 2 2 2 2 2 2 2 2 2 2 2 2 2 2 2 2 2 2 2 2 2 2 2 2 2 2 2 2 2 2 2 2 2 2 2 2 2 2 2 2 2 2 2 2 2 2 2 2 2 2 2 2 2 2 2 2 2 2 2 2 2 2 2 2 2
geno chr4.4197624 ceu  1 1 1 1 2 2 2 1 1 2 1 0 1 1 0 2 0 1 1 1 1 1 0 2 2 1 0 2 1 2 2 2 2 0 0 1 1 1 1 1 1 0 2 1 1 1 1 1 1 1 2 2 2 1 0 2 0 1 2 1 1 0 1 2 2 2 2 0 2 2 1 2 2 1 2 2 1 1
geno chr4.4197624 fin  0 2 1 1 0 2 2 1 0 1 1 1 1 1 1 0 1 1 0 0 1 0 1 1 2 1 2 2 1 2 0 1 1 1 1 1 0 0 0 1 2 1 1 1 1 0 1 1 2 2 2 1 1 1 1 2 2 2 0 1 1 1 2 2 1 0 1 2 1 1 1 0 1 0 1 0 1 1 2 2 1 0 1 2 0 1 1 0 0
geno chr4.4197624 gbr  1 0 1 1 0 2 0 0 1 1 1 1 1 2 0 1 1 1 2 1 2 1 2 0 0 2 1 1 1 0 0 1 1 2 2 1 1 1 1 0 2 1 0 1 1 1 1 1 1 0 0 1 2 2 2 1 1 2 1 1 1 1 0 1 1 0 2 1 1 1 1 1 1 1 0 1 1 1 0 2 1 1 1 1
geno chr4.4197624 tsi  1 0 1 1 2 2 2 1 1 1 1 1 0 1 1 1 1 0 2 2 1 1 1 1 0 2 1 1 1 1 2 1 1 2 1 1 1 1 1 1 1 1 1 1 2 1 1 2 2 0 1 1 2 2 1 1 1 1 0 1 2 0 1 2 0 0 1 0 1 2 0 0 2 0 1 0 1 1 0 0 2 1 1 1 1 1 2 2 0 1 0 2
geno chr4.4197624 yri  0 0 1 1 0 1 1 1 1 0 1 1 1 1 1 1 2 0 0 0 2 0 0 0 1 1 1 1 1 0 0 0 0 0 0 1 1 1 1 0 1 1 2 1 0 2 1 1 0 1 1 1 0 0 0 0 1 0 0 1 1 1 1 1 0 0 1 1 1 0 1 1 1 0 1 0 2
geno chr4.4197653 ceu  0 0 0 0 2 2 1 1 0 1 1 0 1 1 0 0 0 0 1 1 1 1 0 1 1 1 0 0 0 0 1 1 2 0 0 0 0 0 1 0 0 0 1 0 1 0 1 0 1 0 0 1 0 0 0 0 0 0 1 1 1 0 0 1 2 2 1 0 1 1 0 1 0 1 0 1 0 0
geno chr4.4197653 fin  0 1 1 0 0 0 2 0 0 0 1 1 0 1 1 0 1 1 0 0 1 0 1 0 1 0 0 0 1 0 0 0 1 0 0 1 0 0 0 1 0 0 0 1 0 0 0 1 1 1 0 1 1 0 0 1 1 2 0 0 0 1 1 1 1 0 0 0 1 1 1 0 1 0 0 0 0 0 0 1 1 0 1 1 0 1 1 0 0
geno chr4.4197653 gbr  1 0 1 0 0 1 0 0 1 0 1 0 0 0 0 0 1 0 0 0 1 0 0 0 0 0 0 0 0 0 0 1 0 1 0 1 1 0 1 0 1 0 0 1 0 0 1 1 0 0 0 1 0 0 0 1 1 0 0 1 1 1 0 1 1 0 1 0 1 1 0 1 0 0 0 0 0 0 0 0 0 1 0 0
geno chr4.4197653 tsi  0 0 0 1 1 0 1 0 0 0 0 0 0 0 0 1 1 0 0 0 1 0 0 0 0 0 1 0 0 1 1 1 0 0 1 0 1 0 0 0 0 0 0 0 0 1 0 0 2 0 1 0 1 1 1 0 0 0 0 0 2 0 0 1 0 0 0 0 1 1 0 0 0 0 0 0 1 0 0 0 1 0 0 1 1 0 1 1 0 0 0 1
geno chr4.4197653 yri  0 0 1 1 0 1 0 0 0 0 0 0 0 1 1 0 1 0 0 0 0 0 0 0 0 0 0 1 0 0 0 0 0 0 0 0 0 1 0 0 0 0 0 0 0 0 0 1 0 1 0 0 0 0 0 0 0 0 0 1 0 0 0 0 0 0 0 0 0 0 0 0 0 0 0 0 0
geno chr4.4197913 ceu  1 1 1 1 0 0 1 0 1 1 0 0 0 0 0 2 0 1 0 0 0 0 0 1 1 0 0 2 1 2 1 1 0 0 0 1 1 1 0 1 1 0 1 1 0 1 0 1 0 1 2 1 2 1 0 2 0 1 1 0 0 0 1 1 0 0 1 0 1 1 2 1 2 0 2 1 1 1
geno chr4.4197913 fin  0 0 0 1 0 2 0 1 0 1 0 0 1 0 0 0 0 0 0 0 0 0 0 1 1 1 2 2 0 2 0 1 0 1 1 0 0 0 0 0 2 1 1 0 1 0 1 0 1 1 2 0 0 1 1 1 1 0 0 1 1 0 1 1 1 0 1 2 0 1 0 1 0 0 1 0 1 1 1 1 0 0 1 1 0 0 0 0 0
geno chr4.4197913 gbr  0 0 0 1 0 1 0 0 0 2 0 1 1 2 0 1 0 1 2 1 1 1 2 0 0 2 2 2 1 0 0 0 1 1 2 0 0 1 0 0 1 1 0 0 1 1 0 0 1 0 0 0 2 1 2 0 1 2 2 0 0 0 0 0 0 0 1 1 0 0 1 0 1 1 0 1 1 1 0 2 1 0 1 1
geno chr4.4197913 tsi  1 0 1 0 1 1 1 1 1 1 1 1 0 1 1 0 0 0 1 2 0 2 1 1 0 2 0 1 2 0 1 0 1 2 0 1 0 1 1 1 1 1 1 1 2 0 1 2 0 0 0 1 1 1 0 1 1 1 0 1 0 0 1 1 0 0 1 0 0 1 0 0 2 0 1 0 0 1 0 0 1 1 1 0 0 1 1 1 0 1 0 1
geno chr4.4197913 yri  0 0 0 0 0 0 0 0 1 0 1 0 0 0 0 1 1 0 0 0 0 0 0 0 1 1 0 0 0 0 0 0 0 0 0 0 1 0 0 0 0 0 0 0 0 1 1 0 0 0 1 0 0 0 0 0 0 0 0 0 1 1 1 0 0 0 0 1 1 0 0 1 0 0 0 0 1
geno chr4.4198076 ceu  0 0 0 0 0 0 0 0 0 0 0 1 0 0 0 0 0 1 0 0 0 0 0 0 0 1 1 0 0 0 0 0 0 0 0 1 1 1 0 1 1 0 0 0 0 1 1 0 1 1 0 0 0 0 0 0 1 0 0 0 0 0 0 0 0 0 0 1 0 0 0 0 0 1 0 0 0 0
geno chr4.4198076 fin  1 0 0 0 0 0 0 0 0 0 0 0 0 0 0 0 0 0 0 1 0 1 0 0 0 0 0 0 1 0 1 1 1 0 0 1 0 2 1 0 0 0 1 0 0 1 0 1 0 0 0 0 1 0 0 0 0 0 1 0 0 0 0 0 0 1 0 0 1 0 0 1 0 1 0 0 1 0 1 0 1 1 0 0 0 0 0 1 1
geno chr4.4198076 gbr  0 0 0 0 1 0 0 1 1 0 0 0 0 0 1 0 0 0 0 0 0 0 0 0 0 0 1 0 0 0 0 0 0 0 0 0 0 1 0 0 0 0 1 0 0 0 0 0 1 2 2 0 0 0 0 0 0 0 1 0 0 0 1 0 0 1 0 0 0 0 1 1 0 1 1 0 0 0 0 0 0 0 0 0
geno chr4.4198076 tsi  0 1 0 0 0 0 0 1 1 0 0 0 0 1 1 1 0 0 0 0 0 0 0 1 1 0 0 0 0 0 0 0 0 0 1 0 0 0 0 0 0 0 0 0 0 0 0 0 0 0 0 1 0 0 1 0 0 0 0 0 0 0 0 0 0 0 0 0 1 0 1 0 0 0 0 1 0 0 0 1 0 0 0 0 1 1 0 0 0 0 0 0
geno chr4.4198076 yri  0 0 1 0 1 0 0 0 0 0 0 0 0 0 0 0 0 0 0 0 0 0 0 0 0 0 0 0 0 0 0 0 0 0 0 0 0 0 0 0 0 0 0 0 0 0 0 0 0 0 0 0 0 0 0 0 0 0 0 0 0 0 0 0 0 0 0 0 0 0 0 0 0 0 0 0 0
geno chr4.4198234 ceu  0 0 0 0 0 0 0 0 0 0 0 1 0 0 0 0 0 1 0 0 0 0 0 0 0 1 1 0 0 0 0 0 0 0 0 1 1 1 0 1 1 0 0 0 0 1 1 0 1 1 0 0 0 0 0 0 1 0 0 0 0 0 0 0 0 0 0 1 0 0 0 0 0 1 0 0 0 0
geno chr4.4198234 fin  1 0 0 0 0 0 0 0 0 0 0 0 0 0 0 0 0 0 0 1 0 1 0 0 0 0 0 0 1 0 1 1 1 0 0 1 0 2 1 0 0 0 1 0 0 1 0 1 0 0 0 0 1 0 0 0 0 0 1 0 0 0 0 0 0 1 0 0 1 0 0 1 0 1 0 0 1 0 1 0 1 1 0 0 0 0 0 1 1
geno chr4.4198234 gbr  0 0 0 0 1 0 0 1 1 0 0 0 0 0 1 0 0 0 0 0 0 0 0 0 0 0 1 0 0 0 0 0 0 0 0 0 0 1 0 0 0 0 1 0 0 0 0 0 1 2 2 0 0 0 0 0 0 0 1 0 0 0 1 0 0 1 0 0 0 0 1 1 0 1 1 0 0 0 0 0 0 0 0 0
geno chr4.4198234 tsi  0 1 0 0 0 0 0 1 1 0 0 0 0 1 1 1 0 0 0 0 0 0 0 1 1 0 0 0 0 0 0 0 0 0 1 0 0 0 0 0 0 0 0 0 0 0 0 0 0 0 0 1 0 0 1 0 0 0 0 0 0 0 0 0 0 0 0 0 1 0 1 0 0 0 0 1 0 0 0 1 0 0 0 0 1 1 0 0 0 0 0 0
geno chr4.4198234 yri  0 0 1 0 1 0 0 0 0 0 0 0 0 0 0 0 0 0 0 0 0 0 0 0 0 0 0 0 0 0 0 0 0 0 0 0 0 0 0 0 0 0 0 0 0 0 0 0 0 0 0 0 0 0 0 0 0 0 0 0 0 0 0 0 0 0 0 0 0 0 0 0 0 0 0 0 0
geno chr4.4198815 ceu  0 0 0 0 0 0 0 0 0 0 0 1 0 0 0 0 0 1 0 0 0 0 0 0 0 1 1 0 0 0 0 0 0 0 0 1 1 1 0 1 1 0 0 0 0 1 1 0 1 1 0 0 0 0 0 0 1 0 0 0 0 0 0 0 0 0 0 1 0 0 0 0 0 1 0 0 0 0
geno chr4.4198815 fin  1 0 0 0 0 0 0 0 0 0 0 0 0 0 0 0 0 0 0 1 0 1 0 0 0 0 0 0 1 0 1 1 1 0 0 1 0 2 1 0 0 0 1 0 0 1 0 1 0 0 0 0 1 0 0 0 0 0 1 0 0 0 0 0 0 1 0 0 1 0 0 1 0 1 0 0 1 0 1 0 1 1 0 0 0 0 0 1 1
geno chr4.4198815 gbr  0 0 0 0 1 0 0 1 1 0 0 0 0 0 1 0 0 0 0 0 0 0 0 0 0 0 1 0 0 0 0 0 0 0 0 0 0 1 0 0 0 0 1 0 0 0 0 0 1 2 2 0 0 0 0 0 0 0 1 0 0 0 1 0 0 1 0 0 0 0 1 1 0 1 1 0 0 0 0 0 0 0 0 0
geno chr4.4198815 tsi  0 1 0 0 0 0 0 1 1 0 0 0 0 1 1 1 0 0 0 0 0 0 0 1 1 0 0 0 0 0 0 0 0 0 1 0 0 0 0 0 0 0 0 0 0 0 0 0 0 0 0 1 0 0 1 0 0 0 0 0 0 0 0 0 0 0 0 0 1 0 1 0 0 0 0 1 0 0 0 1 0 0 0 0 1 1 0 0 0 0 0 0
geno chr4.4198815 yri  0 0 1 0 1 0 0 0 0 0 0 0 0 0 0 0 0 0 0 0 0 0 0 0 0 0 0 0 0 0 0 0 0 0 0 0 0 0 0 0 0 0 0 0 0 0 0 0 0 0 0 0 0 0 0 0 0 0 0 0 0 0 0 0 0 0 0 0 0 0 0 0 0 0 0 0 0
geno chr4.4198947 ceu  0 1 0 0 0 0 0 0 0 0 0 0 0 1 0 0 0 0 0 0 0 0 0 0 0 0 1 0 0 0 0 0 0 0 0 0 0 0 0 0 0 0 0 0 0 0 0 0 0 0 0 0 0 0 0 0 1 0 0 0 0 0 0 0 0 0 0 0 0 0 0 0 0 0 0 0 0 0
geno chr4.4198947 fin  0 0 0 0 0 0 0 1 1 0 1 0 0 0 0 0 0 0 1 0 0 0 0 0 0 1 0 0 0 0 0 0 0 0 0 0 1 0 0 0 0 0 0 0 0 0 1 0 0 0 0 0 0 0 0 0 0 0 0 0 0 1 0 0 0 0 0 0 0 0 0 0 0 0 1 0 0 1 0 0 0 0 0 0 0 0 0 0 1
geno chr4.4198947 gbr  0 0 1 0 0 0 0 1 0 0 1 0 0 0 0 0 1 0 0 0 0 1 0 0 0 0 0 0 0 0 0 0 0 0 0 0 1 0 0 0 0 1 0 0 1 0 0 0 0 0 0 0 0 0 0 0 0 0 0 0 0 0 1 0 0 0 0 0 0 0 0 0 0 0 0 0 0 0 0 0 0 0 0 0
geno chr4.4198947 tsi  0 0 0 0 0 0 0 0 0 0 0 0 0 0 0 0 0 0 0 0 0 0 1 0 0 0 0 0 0 0 0 0 0 0 0 0 0 0 0 0 0 1 0 0 0 0 0 0 0 0 0 0 0 0 0 0 1 0 0 0 0 0 0 0 0 0 0 0 0 0 0 0 0 0 1 0 0 1 0 0 0 0 0 0 0 0 0 0 0 0 0 0
geno chr4.4198947 yri  1 1 0 0 0 1 1 0 0 0 1 1 1 0 0 1 0 1 0 0 0 0 0 0 1 0 1 1 0 1 0 1 0 0 0 0 0 0 0 0 0 0 0 0 0 0 0 0 0 0 1 0 1 0 0 0 1 0 0 0 0 0 1 0 0 0 0 0 0 0 0 0 0 0 0 0 0
geno chr4.4198948 ceu  0 1 0 0 0 0 0 0 0 0 0 0 0 1 0 0 0 0 0 0 0 0 0 0 0 0 1 0 0 0 0 0 0 0 0 0 0 0 0 0 0 0 0 0 0 0 0 0 0 0 0 0 0 0 0 0 1 0 0 0 0 0 0 0 0 0 0 0 0 0 0 0 0 0 0 0 0 0
geno chr4.4198948 fin  0 0 0 0 0 0 0 1 1 0 1 0 0 0 0 0 0 0 1 0 0 0 0 0 0 1 0 0 0 0 0 0 0 0 0 0 1 0 0 0 0 0 0 0 0 0 1 0 0 0 0 0 0 0 0 0 0 0 0 0 0 1 0 0 0 0 0 0 0 0 0 0 0 0 1 0 0 1 0 0 0 0 0 0 0 0 0 0 1
geno chr4.4198948 gbr  0 0 1 0 0 0 1 1 0 0 1 0 0 0 0 0 1 0 0 0 0 1 0 0 0 0 0 0 0 0 0 0 0 0 0 0 1 0 0 0 0 1 0 0 1 0 0 0 0 0 0 0 0 0 0 0 0 0 0 0 0 0 1 0 0 0 0 0 0 0 0 0 0 0 0 0 0 0 0 0 0 0 0 0
geno chr4.4198948 tsi  0 0 0 0 0 0 0 0 0 0 0 0 0 0 0 0 0 0 0 0 0 0 1 0 0 0 0 0 0 0 0 0 0 0 0 0 0 0 0 0 0 1 0 0 0 0 0 0 0 0 0 0 0 0 0 0 1 0 0 0 0 0 0 0 0 0 0 0 0 0 0 0 0 0 1 0 0 1 0 0 0 0 0 0 0 0 0 0 0 0 0 0
geno chr4.4198948 yri  1 1 0 0 0 1 1 0 0 0 1 1 1 0 0 1 0 1 0 0 0 0 0 0 1 0 1 1 0 1 0 1 0 0 0 0 0 0 0 0 0 0 0 0 0 0 0 0 0 0 1 0 1 0 0 0 1 0 0 0 0 0 1 0 0 0 0 0 0 0 0 0 0 0 0 0 0
geno chr4.4199083 ceu  0 0 0 0 0 0 0 0 0 0 0 1 0 0 0 0 0 1 0 0 0 0 0 0 0 1 1 0 0 0 0 0 0 0 0 1 1 1 0 1 1 0 0 0 0 1 1 0 1 1 0 0 0 0 0 0 1 0 0 0 0 0 0 0 0 0 0 1 0 0 0 0 0 1 0 0 0 0
geno chr4.4199083 fin  1 0 0 0 0 0 0 0 0 0 0 0 0 0 0 0 0 0 0 1 0 1 0 0 0 0 0 0 1 0 1 1 1 0 0 1 0 2 1 0 0 0 1 0 0 1 0 1 0 0 0 0 1 0 0 0 0 0 1 0 0 0 0 0 0 1 0 0 1 0 0 1 0 1 0 0 1 0 1 0 1 1 0 0 0 0 0 1 1
geno chr4.4199083 gbr  0 0 0 0 1 0 0 1 1 0 0 0 0 0 1 0 0 0 0 0 0 0 0 0 0 0 1 0 0 0 0 0 0 0 0 0 0 1 0 0 0 0 1 0 0 0 0 0 1 2 2 0 0 0 0 0 0 0 1 0 0 0 1 0 0 1 0 0 0 0 1 1 0 1 1 0 0 0 0 0 0 0 0 0
geno chr4.4199083 tsi  0 1 0 0 0 0 0 1 1 0 0 0 0 1 1 1 0 0 0 0 0 0 0 1 1 0 0 0 0 0 0 0 0 0 1 0 0 0 0 0 0 0 0 0 0 0 0 0 0 0 0 1 0 0 1 0 0 0 0 0 0 0 0 0 0 0 0 0 1 0 1 0 0 0 0 1 0 0 0 1 0 0 0 0 1 1 0 0 0 0 0 0
geno chr4.4199083 yri  0 0 1 0 1 0 0 0 0 0 0 0 0 0 0 0 0 0 0 0 0 0 0 0 0 0 0 0 0 0 0 0 0 0 0 0 0 0 0 0 0 0 0 0 0 0 0 0 0 0 0 0 0 0 0 0 0 0 0 0 0 0 0 0 0 0 0 0 0 0 0 0 0 0 0 0 0
geno chr4.4199634 ceu  1 1 0 1 2 2 2 1 1 2 1 1 1 1 0 2 0 2 1 1 1 1 0 2 2 2 1 2 1 2 2 2 2 0 0 2 2 2 1 2 2 0 2 1 1 2 2 1 2 2 2 2 2 1 0 2 1 1 2 1 2 0 2 2 2 2 1 1 2 2 2 2 2 2 2 2 1 1
geno chr4.4199634 fin  1 2 1 1 0 2 2 1 0 1 1 1 1 1 1 0 1 0 0 2 1 1 1 1 2 1 2 2 2 2 2 2 2 1 1 2 0 2 1 1 2 1 2 1 1 1 1 2 2 2 2 2 2 1 1 2 2 2 1 1 1 1 2 2 2 1 1 2 2 2 2 2 1 1 1 0 2 1 2 2 2 1 2 2 0 2 1 1 1
geno chr4.4199634 gbr  2 0 1 1 1 2 0 1 2 2 1 1 1 2 1 1 1 1 2 2 2 1 2 0 0 2 2 2 1 0 0 1 1 2 2 1 1 2 1 0 2 1 1 1 1 1 1 1 2 2 2 1 2 1 2 1 2 2 2 1 1 1 1 1 1 1 2 1 1 1 2 2 2 1 1 1 1 1 0 2 1 1 1 1
geno chr4.4199634 tsi  1 1 1 1 2 1 2 2 2 1 1 1 0 2 2 2 1 0 1 2 1 2 1 2 1 2 1 1 2 1 2 1 1 2 2 1 1 1 1 1 1 1 1 1 2 1 1 2 2 0 1 2 2 2 2 1 1 1 0 1 2 0 1 2 0 0 1 0 2 2 1 1 2 0 1 1 1 1 0 1 2 1 1 2 2 2 2 2 0 1 1 2
geno chr4.4199634 yri  2 1 1 1 1 1 0 1 2 1 2 0 1 2 1 2 2 1 1 1 0 1 0 1 2 1 0 1 1 2 0 2 2 2 1 0 1 1 0 2 2 1 0 1 0 1 2 2 1 2 1 1 2 2 1 0 1 1 2 1 2 2 2 1 0 1 1 1 1 1 1 1 1 1 0 0 1
geno chr4.4199760 ceu  0 0 0 0 2 2 1 1 0 1 1 0 1 1 0 0 0 0 1 1 1 1 0 1 1 1 0 0 0 0 1 1 2 0 0 0 0 0 1 0 0 0 1 0 1 0 1 0 1 0 0 1 0 0 0 0 0 0 1 1 1 0 0 1 2 2 1 0 1 1 0 1 0 1 0 1 0 0
geno chr4.4199760 fin  0 1 1 0 0 0 2 0 0 0 1 1 0 1 1 0 1 0 0 0 1 0 1 0 1 0 0 0 1 0 0 0 1 0 0 1 0 0 0 1 0 0 0 1 0 0 0 1 1 1 0 2 1 0 0 1 1 2 0 0 0 1 1 1 1 0 0 0 1 1 2 0 1 0 0 0 0 0 0 1 1 0 1 1 0 1 1 0 0
geno chr4.4199760 gbr  2 0 1 0 0 1 0 0 1 0 1 0 0 0 0 0 1 0 0 0 1 0 0 0 0 0 0 0 0 0 0 1 0 1 0 1 1 0 1 0 1 0 0 0 0 0 1 1 0 0 0 1 0 0 0 1 1 0 0 1 1 1 0 1 1 0 1 0 1 1 0 1 1 0 0 0 0 0 0 0 0 1 0 0
geno chr4.4199760 tsi  0 0 0 1 1 0 1 0 0 0 0 0 0 0 0 1 1 0 0 0 1 0 0 0 0 0 1 0 0 1 1 1 0 0 1 0 1 0 0 0 0 0 0 0 0 1 0 0 2 0 1 0 1 1 1 0 0 0 0 0 2 0 0 1 0 0 0 0 1 1 0 0 0 0 0 0 1 0 0 0 1 0 0 0 1 0 1 1 0 0 1 1
geno chr4.4199760 yri  0 0 0 1 0 0 0 0 0 0 0 0 0 0 0 0 0 0 0 0 0 0 0 0 0 0 0 0 0 0 0 0 0 0 0 0 0 0 0 0 0 0 0 0 0 0 0 0 0 0 0 0 0 0 0 0 0 0 0 1 0 0 0 0 0 0 0 0 0 0 0 0 0 0 0 0 0
