pheno ENSG00000099958 ceu 2.244695 2.095615 1.711086 1.555428 1.794658 1.606079 0.3991592 0.02174084 2.325911 1.119591 1.39 -0.100937 0.7133439 -1.00048 1.997647 2.378896 1.773219 2.546575 0.617058 2.15228 2.402213 1.716597 2.187698 3.306333 2.740719 2.092148 1.320419 1.280021 2.218102 1.909266 1.098045 2.759803 2.284502 0.4970662 2.525403 1.54598 3.304626 2.324732 -0.09379748 0.3369635 1.375284 2.265887 2.313397 -0.2606347 0.8042259 0.7272891 0.2425041 2.807222 0.3380103 1.789364 0.5785098 1.693803 1.169549 -0.01613045 1.375942 0.9175584 0.03481532 2.258232 2.23098 0.6293179 2.655227 2.401141 1.813894 0.1286041 2.09004 2.830943 0.1566353 1.588357 1.417513 0.9170019 2.931177 2.307239 0.2390323 3.345599 0.5782762 2.148115 0.9249714 1.134785
pheno ENSG00000099958 fin 0.4519134 1.50439 1.064261 0.4353849 -1.025568 0.4532507 2.324275 1.196315 1.02899 -0.7864286 2.607795 0.4744441 1.216187 0.3260393 1.43944 2.197873 0.56813 0.03573041 2.780442 0.2887528 0.1412076 2.057781 1.750612 -0.5820444 2.056451 1.9031 -0.6813215 2.316048 1.513421 -0.3099225 0.8947577 1.787158 1.659537 1.121037 0.8568355 0.9008201 2.082724 1.274943 -0.4244334 1.139917 -0.7860552 1.961015 2.2829 2.490018 -0.08326879 1.723382 1.305464 0.7821091 0.9702933 1.866314 1.636555 2.395419 1.702107 0.08780555 0.3765301 0.1765904 -0.2214048 0.7811577 1.76503 0.2683972 0.4722702 -0.188633 -0.220297 -0.7951284 1.157039 -0.5893804 1.675131 0.8728592 0.9699814 -0.5660471 0.2657635 2.09973 0.9683963 3.425013 1.500503 0.9114368 1.58125 0.3108576 1.173871 2.102274 0.06096489 0.1772754 0.5002056 1.411879 0.4104066 1.608353 1.033099 2.731387 1.794432
pheno ENSG00000099958 gbr -0.5673868 -1.785246 -1.94646 -1.65512 -2.248852 -2.5584 -1.945243 -2.522059 -1.229959 -2.610721 -1.008876 -2.5945 -2.430273 -1.159117 -2.770974 -2.069712 -2.326715 -1.154716 -1.183234 -1.02798 -2.681001 0.1849843 -2.239832 -0.2166587 -1.695315 -2.572773 -1.53224 -2.11046 -1.536979 -0.2408535 -3.004072 -1.158614 -1.147583 -1.514848 -2.05457 -0.953557 -1.995921 -1.667417 -2.331346 -2.596584 -0.3388388 -1.159274 -2.03007 -2.095155 -2.434393 -2.682514 -2.248337 -2.38986 -0.1188981 -1.536476 -1.279999 -1.919366 -1.593471 -0.8323685 -1.850788 -0.2981609 -2.035654 0.2910951 -1.388172 -1.394253 -2.651145 -3.3144 -0.9663704 -1.227847 -0.7476031 -2.019045 -1.402243 0.5078012 -3.912108 -2.880214 -1.238007 -1.538821 -2.670913 -2.381455 -1.27602 -0.2896604 -1.824723 -3.497761 -0.4775558 -2.292754 -0.7407461 -1.895566 -0.6579602 -1.309489
pheno ENSG00000099958 tsi -0.04358282 -0.108498 0.7280691 0.1721481 1.559997 1.009949 0.9278816 -0.4586884 -1.254707 -0.7466731 -0.7143575 -0.471248 1.381888 0.1079631 2.086329 -1.404551 -1.164097 0.6209254 -0.2474572 0.5097623 1.606603 1.023437 0.3534933 0.2081198 1.562361 1.167077 -0.6732619 0.241579 -0.3276055 -0.3040412 0.2462979 -0.1478902 -0.151321 -0.1430051 -0.8720275 -0.6360388 0.5551801 -0.0481036 1.49079 -0.3606176 -2.751707 -1.918555 -0.7043065 1.254313 -2.276543 -1.007408 0.5384698 0.05587473 0.9146983 -1.137383 1.198094 -0.3704523 -0.3730143 0.06595945 0.3390813 1.332248 0.4017773 1.672038 0.6457159 0.3551573 0.2563894 -0.8515931 -1.202739 0.2828528 -1.561161 -1.691375 0.8595335 -0.9089567 0.5173858 -1.230591 0.6219684 -0.2719854 0.9343462 1.517211 -1.135174 -0.478213 -0.1262222 -0.9224231 0.8046687 1.00474 1.835733 -0.2978369 -0.9795632 1.604039 1.02276 -1.627076 -0.4117644 -1.369692 0.6006678 0.1153061 0.3005757 1.484698
pheno ENSG00000099958 yri -0.6367359 2.08841 0.7256816 1.735695 1.39244 2.085068 2.758897 1.370604 2.452004 1.381919 0.182615 3.199426 1.475468 0.9518192 0.8457879 1.286677 1.266952 0.4693634 1.399366 1.816029 0.4414308 1.203917 0.5589049 0.8218055 0.7588777 0.4717927 1.908318 1.66112 0.4585292 0.5101075 1.962996 0.3100991 0.8712824 3.73056 0.8947615 3.14427 -0.7037749 1.436026 1.608637 1.293473 2.008181 1.912413 3.037985 2.104561 0.2162003 1.813042 1.391516 2.572587 0.1002105 1.59429 2.855954 1.936228 0.476615 2.319394 2.419959 1.397924 1.440681 1.355477 2.549885 0.9404495 0.4468177 0.8408583 1.244998 2.39342 1.73871 1.46923 2.666785 1.55676 0.9244558 -0.6925813 0.3297275 3.026362 2.859379 1.053063 0.4495438 1.904897 1.168516
geno chr22.24081473 ceu  0 0 0 0 0 0 1 0 0 0 0 0 0 0 1 0 0 1 0 0 0 0 0 0 0 0 0 1 1 0 0 1 0 0 1 0 0 0 0 0 0 0 0 0 0 0 0 0 0 0 0 0 0 0 0 0 0 0 0 0 0 1 0 0 0 1 0 0 0 0 0 0 0 0 0 0 0 0
geno chr22.24081473 fin  1 0 0 0 0 1 0 0 0 0 0 1 1 0 0 0 0 0 1 0 1 0 1 0 0 0 1 1 0 0 1 1 0 0 0 0 2 1 0 0 0 1 0 0 2 0 1 0 0 0 0 0 0 0 0 0 0 0 0 0 0 0 0 1 0 0 0 0 0 0 1 0 1 1 0 0 0 0 0 1 0 1 0 0 1 0 0 0 0
geno chr22.24081473 gbr  0 0 1 0 0 1 0 0 0 1 0 0 0 0 0 0 1 1 0 0 0 0 1 0 0 0 1 0 0 0 0 0 0 0 0 0 0 0 0 0 0 0 0 0 1 0 0 0 0 0 0 0 0 0 1 1 0 0 0 0 2 0 0 0 0 1 1 0 0 0 0 0 1 0 1 0 0 0 0 0 0 0 0 0
geno chr22.24081473 tsi  0 1 0 0 0 0 0 0 0 0 0 0 0 0 0 0 0 0 0 0 0 1 0 0 0 0 0 0 0 0 0 0 0 0 0 1 1 0 0 0 0 0 0 0 0 0 0 0 0 0 0 0 0 0 0 0 0 0 0 0 0 0 0 0 0 1 0 1 0 0 0 0 0 0 0 0 0 0 0 0 0 0 0 0 0 0 0 0 1 1 0 0
geno chr22.24081473 yri  1 0 1 1 1 1 1 1 2 0 1 1 0 1 1 2 0 0 0 2 0 0 1 1 0 1 1 2 1 1 1 1 1 1 1 1 2 0 0 1 0 0 0 1 0 1 0 0 1 0 1 1 0 1 1 2 1 2 0 1 1 0 1 1 0 2 0 1 1 1 1 0 0 0 1 1 0
geno chr22.24081474 ceu  0 0 0 0 0 0 1 0 0 0 0 0 0 0 1 0 0 2 0 1 0 0 0 0 1 0 0 1 1 0 0 1 0 0 1 0 0 0 0 0 0 0 0 0 0 0 0 0 0 1 0 0 0 0 0 0 0 0 0 0 0 1 0 1 0 1 0 0 0 0 1 0 0 1 0 0 0 1
geno chr22.24081474 fin  1 0 0 0 0 1 0 0 0 0 1 1 1 0 0 0 0 0 1 1 1 0 2 0 1 1 1 1 0 1 1 1 0 0 0 1 2 2 0 0 0 1 1 0 1 0 1 0 0 1 0 0 0 0 0 0 0 1 0 0 1 0 1 1 1 0 0 0 0 0 0 0 1 1 1 0 0 0 0 1 0 1 0 1 1 0 0 0 0
geno chr22.24081474 gbr  0 0 1 0 0 1 0 1 1 0 0 0 0 0 0 0 1 1 0 0 0 0 1 0 0 0 1 0 1 0 0 0 0 1 1 0 0 1 0 0 0 0 0 0 1 0 0 0 0 1 0 0 0 0 1 1 0 0 0 0 2 0 0 0 0 1 1 1 0 0 0 0 1 1 1 0 0 0 0 0 0 0 0 0
geno chr22.24081474 tsi  0 1 0 0 0 1 0 0 0 0 0 0 1 0 0 0 0 0 0 0 0 0 0 0 0 0 0 0 0 0 0 0 0 0 0 1 1 0 1 0 0 0 0 0 0 0 0 0 0 0 2 0 0 0 0 0 0 0 0 0 0 0 0 0 0 0 1 1 0 0 1 0 0 0 0 0 0 0 0 0 0 0 0 0 0 0 0 0 1 1 0 0
geno chr22.24081474 yri  0 0 0 1 0 0 1 0 0 1 0 0 1 0 0 1 0 1 0 0 0 0 0 0 0 0 0 0 1 0 1 1 1 0 0 0 0 0 0 0 0 1 1 0 1 0 1 1 0 0 0 0 1 0 1 0 1 1 0 1 0 0 0 0 0 0 1 1 1 0 0 0 0 1 0 0 0
geno chr22.24081705 ceu  0 0 0 0 0 0 0 0 0 0 0 0 0 0 0 0 1 0 0 0 0 0 1 0 0 0 0 1 0 0 0 0 0 0 0 0 0 0 0 0 0 0 0 0 0 0 0 0 1 0 0 0 0 0 0 0 0 0 0 0 0 0 1 0 1 0 0 0 0 0 0 0 0 0 0 0 0 0
geno chr22.24081705 fin  0 0 0 0 0 0 0 0 0 0 0 0 0 0 0 0 0 0 0 0 0 0 0 1 0 0 0 0 0 0 0 0 0 0 0 0 0 0 1 0 0 0 0 2 0 0 0 0 0 0 0 0 0 0 0 0 0 0 0 0 0 0 0 0 0 0 0 0 0 0 0 1 0 0 0 1 0 0 1 0 0 0 0 0 1 0 0 0 1
geno chr22.24081705 gbr  0 2 0 0 0 0 0 1 0 0 1 1 0 1 1 0 1 0 0 1 0 0 0 0 0 0 0 0 0 0 0 1 0 1 0 0 0 0 0 1 1 0 0 0 0 0 1 0 0 0 0 0 0 0 0 0 0 1 0 1 0 0 1 0 0 0 0 0 0 0 0 0 0 0 1 0 1 0 0 0 0 0 0 0
geno chr22.24081705 tsi  0 0 1 0 0 0 0 0 0 0 0 1 0 0 0 0 0 0 0 0 0 0 0 0 0 1 0 0 0 0 0 0 0 0 0 0 0 0 0 0 0 0 1 0 1 0 0 0 0 0 0 0 0 1 0 1 1 0 1 0 0 0 0 0 0 0 0 0 0 1 0 1 1 0 0 0 0 0 0 0 1 1 0 0 0 1 0 0 1 0 0 0
geno chr22.24081705 yri  0 0 0 0 0 0 1 1 0 0 0 1 0 0 0 0 0 0 0 0 1 0 0 0 0 1 0 0 0 0 0 0 0 0 0 0 0 0 1 1 2 1 0 0 0 1 0 0 0 0 1 0 1 1 0 0 0 0 2 0 0 2 0 0 0 0 0 0 0 0 0 1 0 0 0 0 0
geno chr22.24082058 ceu  0 0 0 0 0 0 1 0 0 0 0 0 0 0 2 0 0 2 0 1 0 0 0 0 1 0 0 1 0 0 0 1 0 0 1 0 0 0 0 0 0 0 0 0 0 0 0 0 0 1 0 0 0 0 0 0 0 0 0 0 0 1 0 1 0 1 0 0 0 0 0 0 0 1 0 0 0 1
geno chr22.24082058 fin  1 0 0 0 0 1 0 0 0 0 1 1 1 0 0 0 0 0 1 1 1 0 2 0 1 1 1 1 0 1 2 0 0 0 0 1 2 2 0 0 0 1 1 0 2 0 1 0 0 1 0 0 0 0 0 0 0 1 0 0 0 0 0 1 1 0 0 0 0 0 1 0 1 1 1 0 0 0 0 1 0 1 0 1 1 0 0 0 0
geno chr22.24082058 gbr  0 0 1 0 0 1 0 1 1 1 0 0 1 0 0 0 1 1 0 0 0 1 1 0 0 0 1 0 0 0 0 0 0 1 0 0 0 1 0 0 0 0 0 0 1 0 0 0 0 1 0 0 0 0 1 1 0 0 0 0 2 0 0 0 0 1 1 1 0 0 0 0 1 1 1 0 0 0 0 0 0 0 0 0
geno chr22.24082058 tsi  0 1 0 0 0 0 0 0 0 0 0 0 1 0 0 0 0 1 0 0 0 1 0 0 0 0 0 0 0 0 0 0 0 0 0 1 1 0 1 0 0 0 0 0 0 0 0 0 0 0 1 0 0 0 0 0 0 0 0 0 0 0 0 0 0 0 1 1 0 0 0 0 0 0 0 0 0 0 0 0 0 0 0 0 0 0 0 0 1 1 0 0
geno chr22.24082058 yri  0 0 0 1 0 0 1 0 0 1 0 0 1 0 0 1 0 1 0 0 0 1 0 0 0 0 0 0 0 0 1 1 1 0 0 0 0 0 0 0 0 1 1 0 1 0 1 1 0 0 0 0 1 0 0 0 1 1 0 1 0 0 0 0 0 0 2 1 1 0 0 0 0 1 0 0 0
geno chr22.24082086 ceu  0 0 0 1 1 1 1 0 1 0 2 1 1 0 0 1 0 0 0 0 1 1 0 1 0 0 0 0 0 0 0 0 1 0 0 0 1 0 1 0 1 0 0 0 1 0 0 0 1 0 1 1 1 2 1 0 1 0 1 0 1 0 0 0 0 1 0 1 0 1 0 0 0 0 0 0 0 0
geno chr22.24082086 fin  0 0 0 0 0 0 0 0 0 0 1 0 0 0 0 0 0 0 0 0 0 0 0 0 0 0 0 0 1 0 0 0 0 0 0 0 0 0 1 0 0 0 0 0 0 1 1 0 0 0 0 0 0 0 0 0 1 1 0 0 0 0 0 0 0 0 0 0 0 1 0 0 0 1 0 0 0 0 1 0 0 0 1 0 0 0 0 0 0
geno chr22.24082086 gbr  1 0 0 0 0 0 0 0 1 1 0 0 1 0 0 1 0 0 0 0 1 1 1 0 1 0 0 0 0 0 1 1 1 0 0 1 1 0 0 0 0 0 0 0 1 0 1 0 0 0 0 1 0 0 0 0 2 0 1 0 0 0 0 0 0 1 0 0 1 0 0 1 1 0 0 0 0 0 1 2 1 0 1 0
geno chr22.24082086 tsi  0 0 1 0 0 0 1 0 1 0 1 0 0 0 1 0 0 0 1 1 0 0 2 1 1 0 1 1 0 0 0 1 1 2 1 1 0 0 0 2 0 1 0 1 0 1 0 0 0 0 0 0 0 0 1 0 1 1 0 0 1 1 1 1 0 1 0 0 0 0 0 0 1 0 0 1 0 0 0 1 0 0 0 0 0 0 1 0 0 1 0 1
geno chr22.24082086 yri  0 0 0 0 0 1 0 0 0 0 1 0 0 1 0 0 0 1 0 0 0 0 0 0 0 0 0 0 0 0 0 0 0 0 0 0 0 0 0 0 0 0 0 0 0 1 0 0 0 0 0 0 0 0 0 0 0 0 0 0 0 0 1 0 0 0 0 0 0 0 0 0 0 0 0 1 0
geno chr22.24082112 ceu  0 0 0 1 1 1 2 0 1 0 2 1 1 0 2 1 1 2 0 1 1 1 1 1 1 0 0 2 0 0 0 1 1 0 1 0 1 0 1 0 1 0 0 0 1 0 0 0 2 1 1 1 1 2 1 0 1 0 1 0 1 1 1 1 1 2 0 1 0 1 0 0 0 1 0 0 0 1
geno chr22.24082112 fin  1 0 0 0 0 1 0 0 0 0 2 1 1 0 0 0 0 0 1 1 1 0 2 1 1 1 1 1 1 1 2 0 0 0 0 1 2 2 2 0 0 1 1 2 2 1 2 0 0 1 0 0 0 0 0 0 1 2 0 0 0 0 0 1 1 0 0 0 0 1 1 1 1 2 1 1 0 0 2 1 0 1 1 1 2 0 0 0 1
geno chr22.24082112 gbr  1 2 1 0 0 1 0 2 2 2 1 1 1 1 1 1 2 1 0 1 1 1 2 0 1 0 1 0 0 0 1 2 1 2 0 1 1 1 0 1 1 0 0 0 2 0 2 0 0 1 0 1 0 0 1 1 2 1 1 1 2 0 1 0 0 2 1 1 1 0 0 1 2 1 2 0 1 0 1 2 1 0 1 0
geno chr22.24082112 tsi  0 1 2 0 0 0 1 0 1 0 1 1 1 0 1 0 0 1 1 1 0 1 2 1 1 1 1 1 0 0 0 1 1 2 1 2 1 0 1 2 0 1 1 1 1 1 0 0 0 0 1 0 0 1 1 1 2 1 1 0 1 1 1 1 0 2 1 1 0 1 0 1 2 0 0 1 0 0 0 1 1 1 0 0 0 1 1 0 2 2 0 1
geno chr22.24082112 yri  2 2 1 2 1 2 2 2 2 1 2 2 2 2 1 2 0 2 0 2 2 1 1 2 2 2 1 2 2 1 2 2 2 1 1 0 2 0 2 2 2 2 2 1 1 2 1 2 1 1 2 2 2 2 2 2 2 2 2 1 2 2 2 1 1 2 2 2 2 2 1 1 2 1 2 2 0
geno chr22.24082332 ceu  0 0 0 0 0 0 1 0 0 0 0 0 0 0 2 0 0 2 0 1 0 0 0 0 1 0 0 1 0 0 0 1 0 0 1 0 0 0 0 0 0 0 0 0 0 0 0 0 0 1 0 0 0 0 0 0 0 0 0 0 0 1 0 1 0 1 0 0 0 0 0 0 0 1 0 0 0 1
geno chr22.24082332 fin  1 0 0 0 0 1 0 0 0 0 1 1 1 0 0 0 0 0 1 1 1 0 2 0 1 1 1 1 0 1 2 0 0 0 0 1 2 2 0 0 0 1 1 0 2 0 1 0 0 1 0 0 0 0 0 0 0 1 0 0 0 0 0 1 1 0 0 0 0 0 1 0 1 1 1 0 0 0 0 1 0 1 0 1 1 0 0 0 0
geno chr22.24082332 gbr  0 0 1 0 0 1 0 1 1 1 0 0 0 0 0 0 1 1 0 0 0 0 1 0 0 0 1 0 0 0 0 0 0 1 0 0 0 1 0 0 0 0 0 0 1 0 0 0 0 1 0 0 0 0 1 1 0 0 0 0 2 0 0 0 0 1 1 1 0 0 0 0 1 1 1 0 0 0 0 0 0 0 0 0
geno chr22.24082332 tsi  0 1 0 0 0 0 0 0 0 0 0 0 1 0 0 0 0 1 0 0 0 1 0 0 0 0 0 0 0 0 0 0 0 0 0 1 1 0 1 0 0 0 0 0 0 0 0 0 0 0 1 0 0 0 0 0 0 0 0 0 0 0 0 0 0 0 1 1 0 0 0 0 0 0 0 0 0 0 0 0 0 0 0 0 0 0 0 0 1 1 0 0
geno chr22.24082332 yri  0 0 0 0 0 0 0 0 0 0 0 0 0 0 0 0 0 0 0 0 0 0 0 0 0 0 0 0 0 0 1 0 0 0 0 0 0 0 0 0 0 0 0 0 1 0 0 1 0 0 0 0 0 0 0 0 0 0 0 0 0 0 0 0 0 0 0 0 0 0 0 0 0 0 0 0 0
geno chr22.24082815 ceu  0 0 0 1 1 1 2 0 1 0 2 1 1 0 2 1 1 2 0 1 1 1 1 1 1 0 0 2 0 0 0 1 1 0 1 0 1 0 1 0 1 0 0 0 1 0 0 0 2 1 1 1 1 2 1 0 1 0 1 0 1 1 1 1 1 2 0 1 0 1 0 0 0 1 0 0 0 1
geno chr22.24082815 fin  1 0 0 0 0 1 0 0 0 0 2 1 1 0 0 0 0 0 1 1 1 0 2 1 1 1 1 1 1 1 2 0 0 0 0 1 2 2 2 0 0 1 1 2 2 1 2 0 0 1 0 0 0 0 0 0 1 2 0 0 0 0 0 1 1 0 0 0 0 1 1 1 1 2 1 1 0 0 2 1 0 1 1 1 2 0 0 0 1
geno chr22.24082815 gbr  1 2 1 0 0 1 0 2 2 2 1 1 1 1 1 1 2 1 0 1 1 1 2 0 1 0 1 0 0 0 1 2 1 2 0 1 1 1 0 1 1 0 0 0 2 0 2 0 0 1 0 1 0 0 1 1 2 1 1 1 2 0 1 0 0 2 1 1 1 0 0 1 2 1 2 0 1 0 1 2 1 0 1 0
geno chr22.24082815 tsi  0 1 2 0 0 0 1 0 1 0 1 1 1 0 1 0 0 1 1 1 0 1 2 1 1 1 1 1 0 0 0 1 1 2 1 2 1 0 1 2 0 1 1 1 1 1 0 0 0 0 1 0 0 1 1 1 2 1 1 0 1 1 1 1 0 1 1 1 0 1 0 1 2 0 0 1 0 0 0 1 1 1 0 0 0 1 1 0 2 2 0 1
geno chr22.24082815 yri  0 0 0 1 0 1 2 1 0 1 1 1 1 1 0 1 0 2 0 0 1 1 0 0 0 1 0 0 0 0 1 1 1 0 0 0 0 0 1 1 2 1 1 0 1 2 1 1 0 0 1 0 2 1 0 0 1 1 2 1 0 2 1 0 0 0 2 1 1 0 0 1 0 1 0 1 0
geno chr22.24082978 ceu  0 0 0 0 0 0 1 0 0 0 0 0 0 0 2 0 0 2 0 1 0 0 0 0 1 0 0 1 0 0 0 1 0 0 1 0 0 0 0 0 0 0 0 0 0 0 0 0 0 1 0 0 0 0 0 0 0 0 0 0 0 1 0 1 0 1 0 0 0 0 0 0 0 1 0 0 0 1
geno chr22.24082978 fin  1 0 0 0 0 1 0 0 0 0 1 1 1 0 0 0 0 0 1 1 1 0 2 0 1 1 1 1 0 1 2 0 0 0 0 1 2 2 0 0 0 1 1 0 2 0 1 0 0 1 0 0 0 0 0 0 0 1 0 0 0 0 0 1 1 0 0 0 0 0 1 0 1 1 1 0 0 0 0 1 0 1 0 1 1 0 0 0 0
geno chr22.24082978 gbr  0 0 1 0 0 1 0 1 1 1 0 0 0 0 0 0 1 1 0 0 0 0 1 0 0 0 1 0 0 0 0 0 0 1 0 0 0 1 0 0 0 0 0 0 1 0 0 0 0 1 0 0 0 0 1 1 0 0 0 0 2 0 0 0 0 1 1 1 0 0 0 0 1 1 1 0 0 0 0 0 0 0 0 0
geno chr22.24082978 tsi  0 1 0 0 0 0 0 0 0 0 0 0 1 0 0 0 0 0 0 0 0 1 0 0 0 0 0 0 0 0 0 0 0 0 0 1 1 0 1 0 0 0 0 0 0 0 0 0 0 0 1 0 0 0 0 0 0 0 0 0 0 0 0 0 0 0 1 1 0 0 0 0 0 0 0 0 0 0 0 0 0 0 0 0 0 0 0 0 1 1 0 0
geno chr22.24082978 yri  0 0 0 0 0 0 0 0 0 0 0 0 0 0 0 0 0 0 0 0 0 0 0 0 0 0 0 0 0 0 1 0 0 0 0 0 0 0 0 0 0 0 0 0 1 0 0 1 0 0 0 0 0 0 0 0 0 0 0 0 0 0 0 0 0 0 0 0 0 0 0 0 0 0 0 0 0
geno chr22.24083873 ceu  0 0 0 0 0 0 0 0 0 0 0 0 0 0 0 0 1 0 0 0 0 0 1 0 0 0 0 1 0 0 0 0 0 0 0 0 0 0 0 0 0 0 0 0 0 0 0 0 1 0 0 0 0 0 0 0 0 0 0 0 0 0 1 0 1 0 0 0 0 0 0 0 0 0 0 0 0 0
geno chr22.24083873 fin  0 0 0 0 0 0 0 0 0 0 0 0 0 0 0 0 0 0 0 0 0 0 0 1 0 0 0 0 0 0 0 0 0 0 0 0 0 0 1 0 0 0 0 2 0 0 0 0 0 0 0 0 0 0 0 0 0 0 0 0 0 0 0 0 0 0 0 0 0 0 0 1 0 0 0 1 0 0 1 0 0 0 0 0 1 0 0 0 1
geno chr22.24083873 gbr  0 2 0 0 0 0 0 1 0 0 1 1 0 1 1 0 1 0 0 1 0 0 0 0 0 0 0 0 0 0 0 1 0 1 0 0 0 0 0 1 1 0 0 0 0 0 1 0 0 0 0 0 0 0 0 0 0 1 0 1 0 0 1 0 0 0 0 0 0 0 0 0 0 0 1 0 1 0 0 0 0 0 0 0
geno chr22.24083873 tsi  0 0 1 0 0 0 0 0 0 0 0 1 0 0 0 0 0 0 0 0 0 0 0 0 0 1 0 0 0 0 0 0 0 0 0 0 0 0 0 0 0 0 1 0 1 0 0 0 0 0 0 0 0 1 0 1 1 0 1 0 0 0 0 0 0 0 0 0 0 1 0 1 1 0 0 0 0 0 0 0 1 1 0 0 0 1 0 0 1 0 0 0
geno chr22.24083873 yri  0 0 0 0 0 0 0 1 0 0 0 0 0 0 0 0 0 0 0 0 0 0 0 0 0 0 0 0 0 0 0 0 0 0 0 0 0 0 1 0 0 0 0 0 0 0 0 0 0 0 0 0 1 0 0 0 0 0 1 0 0 1 0 0 0 0 0 0 0 0 0 0 0 0 0 0 0
geno chr22.24085247 ceu  0 0 0 0 0 0 0 0 0 0 0 0 0 0 2 0 0 2 0 1 0 0 0 0 1 0 0 1 0 0 0 1 0 0 1 0 0 0 0 0 0 0 0 0 0 0 0 0 0 1 0 0 0 0 0 0 0 0 0 0 0 1 0 1 0 1 0 0 0 0 0 0 0 1 0 0 0 1
geno chr22.24085247 fin  1 0 0 0 0 1 0 0 0 0 1 1 1 0 0 0 0 0 1 1 1 0 2 0 1 1 1 1 0 1 2 0 0 0 0 1 1 2 0 0 0 1 1 0 2 0 1 0 0 1 0 0 0 0 0 0 0 1 0 0 0 0 0 1 1 0 0 0 0 0 1 0 1 1 1 0 0 0 0 1 0 1 0 1 1 0 0 0 0
geno chr22.24085247 gbr  0 0 1 0 0 1 0 1 1 1 0 0 0 0 0 0 1 1 0 0 0 0 1 0 0 0 1 0 0 0 0 0 0 1 0 0 0 1 0 0 0 0 0 0 1 0 0 0 0 1 0 0 0 0 1 1 0 0 0 0 2 0 0 0 0 1 1 1 0 0 0 0 1 1 1 0 0 0 0 0 0 0 0 0
geno chr22.24085247 tsi  0 1 0 0 0 0 0 0 0 0 0 0 1 0 0 0 0 1 0 0 0 1 0 0 0 0 0 0 0 0 0 0 0 0 0 1 1 0 1 0 0 0 0 0 0 0 0 0 0 0 1 0 0 0 0 0 0 0 0 0 0 0 0 0 0 0 1 1 0 0 0 0 0 0 0 0 0 0 0 0 0 0 0 0 0 0 0 0 1 1 0 0
geno chr22.24085247 yri  0 2 0 1 0 0 1 0 0 1 0 0 1 0 0 1 0 1 0 0 1 1 0 0 0 0 0 0 0 0 1 1 1 0 0 0 0 0 0 0 0 0 1 0 1 0 1 1 0 0 0 0 1 0 0 0 1 1 0 1 0 0 0 0 0 0 2 1 1 0 0 0 0 1 0 0 0
geno chr22.24085252 ceu  0 0 0 1 1 1 1 0 1 0 2 1 1 0 0 1 0 0 0 0 1 1 0 1 0 0 0 0 0 0 0 0 1 0 0 0 1 0 1 0 1 0 0 0 1 0 0 0 1 0 1 1 1 2 1 0 1 0 1 0 1 0 0 0 0 1 0 1 0 1 0 0 0 0 0 0 0 0
geno chr22.24085252 fin  0 0 0 0 0 0 0 0 0 0 1 0 0 0 0 0 0 0 0 0 0 0 0 0 0 0 0 0 1 0 0 0 0 0 0 0 1 0 1 0 0 0 0 0 0 1 1 0 0 0 0 0 0 0 0 0 1 1 0 0 0 0 0 0 0 0 0 0 0 1 0 0 0 1 0 0 0 0 1 0 0 0 1 0 0 0 0 0 0
geno chr22.24085252 gbr  1 0 0 0 0 0 0 0 1 1 0 0 1 0 0 1 0 0 0 0 1 1 1 0 1 0 0 0 0 0 1 1 1 0 0 1 1 0 0 0 0 0 0 0 1 0 1 0 0 0 0 1 0 0 0 0 2 0 1 0 0 0 0 0 0 1 0 0 1 0 0 1 1 0 0 0 0 0 1 2 1 0 1 0
geno chr22.24085252 tsi  0 0 1 0 0 0 1 0 1 0 1 0 0 0 1 0 0 0 1 1 0 0 2 1 1 0 1 1 0 0 0 1 1 2 1 1 0 0 0 2 0 1 0 1 0 1 0 0 0 0 0 0 0 0 1 0 1 1 0 0 1 1 1 1 0 1 0 0 0 0 0 0 1 0 0 1 0 0 0 1 0 0 0 0 0 0 1 0 0 1 0 1
geno chr22.24085252 yri  0 0 0 0 0 1 0 0 0 0 1 0 0 1 0 0 0 1 0 0 0 0 0 0 0 0 0 0 0 0 0 0 0 0 0 0 0 0 0 0 0 0 0 0 0 1 0 0 0 0 0 0 0 0 0 0 0 0 0 0 0 0 1 0 0 0 0 0 0 0 0 0 0 0 0 1 0
geno chr22.24085854 ceu  0 0 0 0 0 0 0 0 0 0 0 0 0 0 0 0 1 0 0 0 0 0 1 0 0 0 0 1 0 0 0 0 0 0 0 0 0 0 0 0 0 0 0 0 0 0 0 0 1 0 0 0 0 0 0 0 0 0 0 0 0 0 1 0 1 0 0 0 0 0 0 0 0 0 0 0 0 0
geno chr22.24085854 fin  0 0 0 0 0 0 0 0 0 0 0 0 0 0 0 0 0 0 0 0 0 0 0 1 0 0 0 0 0 0 0 0 0 0 0 0 0 0 1 0 0 0 0 2 0 0 0 0 0 0 0 0 0 0 0 0 0 0 0 0 0 0 0 0 0 0 0 0 0 0 0 1 0 0 0 1 0 0 1 0 0 0 0 0 1 0 0 0 1
geno chr22.24085854 gbr  0 2 0 0 0 0 0 1 0 0 1 1 0 1 1 0 1 0 0 1 0 0 0 0 0 0 0 0 0 0 0 1 0 1 0 0 0 0 0 1 1 0 0 0 0 0 1 0 0 0 0 0 0 0 0 0 0 1 0 1 0 0 1 0 0 0 0 0 0 0 0 0 0 0 1 0 1 0 0 0 0 0 0 0
geno chr22.24085854 tsi  0 0 1 0 0 0 0 0 0 0 0 1 0 0 0 0 0 0 0 0 0 0 0 0 0 1 0 0 0 0 0 0 0 0 0 0 0 0 0 0 0 0 1 0 1 0 0 0 0 0 0 0 0 1 0 1 1 0 1 0 0 0 0 0 0 0 0 0 0 1 0 1 1 0 0 0 0 0 0 0 1 1 0 0 0 1 0 0 1 0 0 0
geno chr22.24085854 yri  0 0 0 0 0 0 0 1 0 0 0 0 0 0 0 0 0 0 0 0 0 0 0 0 0 0 0 0 0 0 0 0 0 0 0 0 0 0 1 0 0 0 0 0 0 0 0 0 0 0 0 0 1 0 0 0 0 0 1 0 0 1 0 0 0 0 0 0 0 0 0 0 0 0 0 0 0
geno chr22.24085867 ceu  0 0 0 1 1 1 1 0 1 0 2 1 1 0 0 1 0 0 0 0 1 1 0 1 0 0 0 0 0 0 0 0 1 0 0 0 1 0 1 0 1 0 0 0 1 0 0 0 1 0 1 1 1 2 1 0 1 0 1 0 1 0 0 0 0 1 0 1 0 1 0 0 0 0 0 0 0 0
geno chr22.24085867 fin  0 0 0 0 0 0 0 0 0 0 1 0 0 0 0 0 0 0 0 0 0 0 0 0 0 0 0 0 1 0 0 0 0 0 0 0 1 0 1 0 0 0 0 0 0 1 1 0 0 0 0 0 0 0 0 0 1 1 0 0 0 0 0 0 0 0 0 0 0 1 0 0 0 1 0 0 0 0 1 0 0 0 1 0 0 0 0 0 0
geno chr22.24085867 gbr  1 0 0 0 0 0 0 0 1 1 0 0 1 0 0 1 0 0 0 0 1 1 1 0 1 0 0 0 0 0 1 1 1 0 0 1 1 0 0 0 0 0 0 0 1 0 1 0 0 0 0 1 0 0 0 0 2 0 1 0 0 0 0 0 0 1 0 0 1 0 0 1 1 0 0 0 0 0 1 2 1 0 1 0
geno chr22.24085867 tsi  0 0 1 0 0 0 1 0 1 0 1 0 0 0 1 0 0 0 1 1 0 0 2 1 1 0 1 1 0 0 0 1 1 2 1 1 0 0 0 2 0 1 0 1 0 1 0 0 0 0 0 0 0 0 1 0 1 1 0 0 1 1 1 1 0 1 0 0 0 0 0 0 1 0 0 1 0 0 0 1 0 0 0 0 0 0 1 0 0 1 0 1
geno chr22.24085867 yri  0 0 0 0 0 1 0 0 0 0 1 0 0 1 0 0 0 1 0 0 0 0 0 0 0 0 0 0 0 0 0 0 0 0 0 0 0 0 0 0 0 0 0 0 0 1 0 0 0 0 0 0 0 0 0 0 0 0 0 0 0 0 1 0 0 0 0 0 0 0 0 0 0 0 0 1 0
geno chr22.24086107 ceu  0 0 0 1 1 1 1 0 1 0 2 1 1 0 2 1 1 2 0 1 1 1 1 1 1 0 0 2 0 0 0 1 1 0 1 0 1 0 1 0 1 0 0 0 1 0 0 0 2 1 1 1 1 2 1 0 1 0 1 0 1 1 1 1 1 2 0 1 0 1 0 0 0 1 0 0 0 1
geno chr22.24086107 fin  1 0 0 0 0 1 0 0 0 0 2 1 1 0 0 0 0 0 1 1 1 0 2 1 1 1 1 1 1 1 2 0 0 0 0 1 2 2 2 0 0 1 1 2 2 1 2 0 0 1 0 0 0 0 0 0 1 2 0 0 0 0 0 1 1 0 0 0 0 1 1 1 1 2 1 1 0 0 2 1 0 1 1 1 2 0 0 0 1
geno chr22.24086107 gbr  1 2 1 0 0 1 0 2 2 2 1 1 1 1 1 1 2 1 0 1 1 1 2 0 1 0 1 0 0 0 1 2 1 2 0 1 1 1 0 1 1 0 0 0 2 0 2 0 0 1 0 1 0 0 1 1 2 1 1 1 2 0 1 0 0 2 1 1 1 0 0 1 2 1 2 0 1 0 1 2 1 0 1 0
geno chr22.24086107 tsi  0 1 2 0 0 0 1 0 1 0 1 1 1 0 1 0 0 1 1 1 0 1 2 1 1 1 1 1 0 0 0 1 1 2 1 2 1 0 1 2 0 1 1 1 1 1 0 0 0 0 1 0 0 1 1 1 2 1 1 0 1 1 1 1 0 2 1 1 0 1 0 1 2 0 0 1 0 0 0 1 1 1 0 0 0 1 1 0 2 2 0 1
geno chr22.24086107 yri  2 2 1 2 1 2 2 2 2 1 2 2 2 2 1 2 0 2 1 2 2 1 1 2 2 2 1 2 2 1 2 2 2 2 1 1 2 0 2 2 2 2 2 1 1 2 1 2 1 1 2 2 2 2 2 2 2 2 2 1 2 2 2 1 1 2 2 2 2 2 1 1 2 1 2 2 1
geno chr22.24087319 ceu  0 0 0 0 0 0 0 0 0 0 0 0 0 0 2 0 0 2 0 1 0 0 0 0 1 0 0 1 0 0 0 1 0 0 1 0 0 0 0 0 0 0 0 0 0 0 0 0 0 1 0 0 0 0 0 0 0 0 0 0 0 1 0 1 0 1 0 0 0 0 0 0 0 1 0 0 0 1
geno chr22.24087319 fin  1 0 0 0 0 1 0 0 0 0 1 1 1 0 0 0 0 0 1 1 1 0 2 0 1 1 1 1 0 1 2 0 0 0 0 1 1 2 0 0 0 1 1 0 2 0 1 0 0 1 0 0 0 0 0 0 0 1 0 0 0 0 0 1 1 0 0 0 0 0 1 0 1 1 1 0 0 0 0 1 0 1 0 1 1 0 0 0 0
geno chr22.24087319 gbr  0 0 1 0 0 1 0 1 1 1 0 0 0 0 0 0 1 1 0 0 0 0 1 0 0 0 1 0 0 0 0 0 0 1 0 0 0 1 0 0 0 0 0 0 1 0 0 0 0 1 0 0 0 0 1 1 0 0 0 0 2 0 0 0 0 1 1 1 0 0 0 0 1 1 1 0 0 0 0 0 0 0 0 0
geno chr22.24087319 tsi  0 1 0 0 0 0 0 0 0 0 0 0 1 0 0 0 0 0 0 0 0 1 0 0 0 0 0 0 0 0 0 0 0 0 0 1 1 0 1 0 0 0 0 0 0 0 0 0 0 0 1 0 0 0 0 0 0 0 0 0 0 0 0 0 0 0 1 1 0 0 0 0 0 0 0 0 0 0 0 0 0 0 0 0 0 0 0 0 1 1 0 0
geno chr22.24087319 yri  0 2 0 1 0 0 1 0 0 1 0 0 1 0 0 1 0 1 0 0 1 0 0 0 0 0 0 0 0 0 1 1 1 0 0 0 0 0 0 0 0 0 1 0 1 0 1 1 0 0 0 0 1 0 0 0 1 1 0 1 0 0 0 0 0 0 1 1 0 0 0 0 0 1 0 0 0
geno chr22.24087914 ceu  0 0 0 0 0 0 0 0 0 0 0 0 0 0 0 0 1 0 0 0 0 0 1 0 0 0 0 1 0 0 0 0 0 0 0 0 0 0 0 0 0 0 0 0 0 0 0 0 1 0 0 0 0 0 0 0 0 0 0 0 0 0 1 0 1 0 0 0 0 0 0 0 0 0 0 0 0 0
geno chr22.24087914 fin  0 0 0 0 0 0 0 0 0 0 0 0 0 0 0 0 0 0 0 0 0 0 0 1 0 0 0 0 0 0 0 0 0 0 0 0 0 0 1 0 0 0 0 2 0 0 0 0 0 0 0 0 0 0 0 0 0 0 0 0 0 0 0 0 0 0 0 0 0 0 0 1 0 0 0 1 0 0 1 0 0 0 0 0 1 0 0 0 1
geno chr22.24087914 gbr  0 2 0 0 0 0 0 1 0 0 1 1 0 1 1 0 1 0 0 1 0 0 0 0 0 0 0 0 0 0 0 1 0 1 0 0 0 0 0 1 1 0 0 0 0 0 1 0 0 0 0 0 0 0 0 0 0 1 0 1 0 0 1 0 0 0 0 0 0 0 0 0 0 0 1 0 1 0 0 0 0 0 0 0
geno chr22.24087914 tsi  0 0 1 0 0 0 0 0 0 0 0 1 0 0 0 0 0 0 0 0 0 0 0 0 0 1 0 0 0 0 0 0 0 0 0 0 0 0 0 0 0 0 1 0 1 0 0 0 0 0 0 0 0 1 0 1 1 0 1 0 0 0 0 0 0 0 0 0 0 1 0 1 1 0 0 0 0 0 0 0 1 1 0 0 0 1 0 0 1 0 0 0
geno chr22.24087914 yri  0 0 0 0 0 0 1 1 0 0 0 1 0 0 0 0 0 0 1 0 1 0 0 0 0 1 0 0 0 0 0 0 0 1 0 0 0 0 1 1 2 1 0 0 0 1 0 0 0 0 1 0 1 1 0 0 0 0 2 0 0 2 0 0 0 0 0 0 0 0 0 1 0 0 0 0 1
geno chr22.24088160 ceu  0 0 0 0 0 0 0 0 0 0 0 0 0 0 0 0 0 0 0 0 0 0 0 0 0 0 0 0 0 0 0 0 0 0 0 0 0 0 0 0 0 0 0 0 0 0 0 0 0 0 0 0 0 0 0 0 0 0 0 0 0 0 0 0 0 0 0 0 0 0 0 0 0 0 0 0 0 0
geno chr22.24088160 fin  0 0 0 0 0 0 0 0 0 0 0 0 0 0 0 0 0 0 0 0 0 0 0 0 0 0 0 0 0 0 0 0 0 0 0 0 0 0 0 0 0 0 0 0 0 0 0 0 0 0 0 0 0 0 0 0 0 0 0 0 0 0 0 0 0 0 0 0 0 0 0 0 0 0 0 0 0 0 0 0 0 0 0 0 0 0 0 0 0
geno chr22.24088160 gbr  0 0 0 0 0 0 0 0 0 0 0 0 0 0 0 0 0 0 0 0 0 0 0 0 0 0 0 0 0 0 0 0 0 0 0 0 0 0 0 0 0 0 0 0 0 0 0 0 0 0 0 0 0 0 0 0 0 0 0 0 0 0 0 0 0 0 0 0 0 0 0 0 0 0 0 0 0 0 0 0 0 0 0 0
geno chr22.24088160 tsi  0 0 0 0 0 0 0 0 0 0 0 0 0 0 0 0 0 0 0 0 0 0 0 0 0 0 0 0 0 0 0 0 0 0 0 0 0 0 0 0 0 0 0 0 0 0 0 0 0 0 0 0 0 0 0 0 0 0 0 0 0 0 0 0 0 1 0 0 0 0 0 0 0 0 0 0 0 0 0 0 0 0 0 0 0 0 0 0 0 0 0 0
geno chr22.24088160 yri  1 0 1 1 1 1 0 1 2 0 1 1 0 1 1 1 0 0 0 2 0 0 1 1 1 1 1 2 1 1 1 1 0 1 1 1 2 0 0 1 0 0 0 1 0 0 0 0 1 0 1 2 0 1 1 2 0 1 0 0 1 0 1 1 0 2 0 1 1 1 1 0 0 0 1 1 0
geno chr22.24088324 ceu  0 0 0 1 1 1 1 0 1 0 2 1 1 0 2 1 1 2 0 1 1 1 1 1 1 0 0 2 0 0 0 1 1 0 1 0 1 0 1 0 1 0 0 0 1 0 0 0 2 1 1 1 1 2 1 0 1 0 1 0 1 1 1 1 1 2 0 1 0 1 0 0 0 1 0 0 0 1
geno chr22.24088324 fin  1 0 0 0 0 1 0 0 0 0 2 1 1 0 0 0 0 0 1 1 1 0 2 1 1 1 1 1 1 1 2 0 0 0 0 1 2 2 2 0 0 1 1 2 2 1 2 0 0 1 0 0 0 0 0 0 1 2 0 0 0 0 0 1 1 0 0 0 0 1 1 1 1 2 1 1 0 0 2 1 0 1 1 1 2 0 0 0 1
geno chr22.24088324 gbr  1 2 1 0 0 1 0 2 2 2 1 1 1 1 1 1 2 1 0 1 1 1 2 0 1 0 1 0 0 0 1 2 1 2 0 1 1 1 0 1 1 0 0 0 2 0 2 0 0 1 0 1 0 0 1 1 2 1 1 1 2 0 1 0 0 2 1 1 1 0 0 1 2 1 2 0 1 0 1 2 1 0 1 0
geno chr22.24088324 tsi  0 1 2 0 0 0 1 0 1 0 1 1 1 0 1 0 0 0 1 1 0 1 2 1 1 1 1 1 0 0 0 1 1 2 1 2 1 0 1 2 0 1 1 1 1 1 0 0 0 0 1 0 0 1 1 1 2 1 1 0 1 1 1 1 0 1 1 1 0 1 0 1 2 0 0 1 0 0 0 1 1 1 0 0 0 1 1 0 2 2 0 1
geno chr22.24088324 yri  0 2 0 1 0 1 2 1 0 1 1 1 1 1 0 1 0 2 0 0 2 0 0 0 0 1 0 0 0 0 1 1 1 0 0 0 0 0 1 1 2 1 1 0 1 2 1 1 0 0 1 0 2 1 0 0 1 1 2 1 0 2 1 0 0 0 1 1 0 0 0 1 0 1 0 1 0
geno chr22.24088624 ceu  0 0 0 1 1 1 1 0 1 0 2 0 1 0 2 1 1 2 0 1 1 1 1 1 1 0 0 2 0 0 0 1 1 0 1 0 1 0 1 0 1 0 0 0 1 0 0 0 2 1 1 1 0 2 1 0 1 0 1 0 1 1 1 1 1 2 0 1 0 1 0 0 0 1 0 0 0 1
geno chr22.24088624 fin  1 0 0 0 0 1 0 0 0 0 2 1 1 0 0 0 0 0 1 1 1 0 2 1 1 1 1 1 1 1 2 0 0 0 0 1 2 2 2 0 0 1 1 2 2 1 2 0 0 1 0 0 0 0 0 0 1 2 0 0 0 0 0 1 1 0 1 0 0 1 1 1 1 2 1 1 0 0 2 1 0 1 1 1 2 0 0 0 1
geno chr22.24088624 gbr  1 1 1 0 0 1 0 2 2 2 1 1 1 1 1 1 2 1 0 1 1 1 2 0 1 0 1 0 0 0 1 1 1 2 0 1 1 1 0 1 1 0 0 0 2 0 2 0 0 1 0 1 0 0 1 1 2 1 1 1 1 0 1 0 0 2 1 1 1 0 0 1 1 1 2 0 1 0 1 2 1 0 1 0
geno chr22.24088624 tsi  0 1 2 0 0 0 1 0 1 0 1 1 1 0 1 0 0 1 0 1 0 1 1 1 1 1 1 1 0 0 0 1 1 2 1 2 1 0 1 2 0 1 1 0 1 1 0 0 0 0 1 0 0 1 1 1 2 1 1 0 1 1 1 1 0 2 1 1 0 1 0 1 2 0 0 1 0 0 0 1 1 1 0 0 0 1 1 0 2 2 0 1
geno chr22.24088624 yri  1 2 1 2 1 2 2 2 2 1 2 2 1 2 1 2 0 2 1 2 2 1 1 1 1 2 1 2 1 0 2 1 1 2 1 1 2 0 1 2 0 0 1 1 1 2 1 1 1 0 2 1 2 2 1 2 1 1 2 1 1 2 2 1 0 2 2 2 2 1 1 1 0 1 1 2 1
geno chr22.24089070 ceu  0 0 0 1 1 1 1 0 1 0 2 1 1 0 0 1 1 0 0 0 1 1 1 1 0 0 0 1 0 0 0 0 1 0 0 0 1 0 1 0 1 0 0 0 1 0 0 0 2 0 1 1 1 2 1 0 1 0 1 0 1 0 1 0 1 1 0 1 0 1 0 0 0 0 0 0 0 0
geno chr22.24089070 fin  0 0 0 0 0 0 0 0 0 0 1 0 0 0 0 0 0 0 0 0 0 0 0 1 0 0 0 0 1 0 0 0 0 0 0 0 1 0 2 0 0 0 0 2 0 1 1 0 0 0 0 0 0 0 0 0 1 1 0 0 0 0 0 0 0 0 0 0 0 1 0 1 0 1 0 1 0 0 2 0 0 0 1 0 1 0 0 0 1
geno chr22.24089070 gbr  1 2 0 0 0 0 0 1 1 1 1 1 1 1 1 1 1 0 0 1 1 1 1 0 1 0 0 0 0 0 1 2 1 1 0 1 1 0 0 1 1 0 0 0 1 0 2 0 0 0 0 1 0 0 0 0 2 1 1 1 0 0 1 0 0 1 0 0 1 0 0 1 1 0 1 0 1 0 1 2 1 0 1 0
geno chr22.24089070 tsi  0 0 2 0 0 0 1 0 1 0 1 1 0 0 1 0 0 0 1 1 0 0 2 1 1 1 1 1 0 0 0 1 1 2 1 1 0 0 0 2 0 1 1 1 1 1 0 0 0 0 0 0 0 1 1 1 2 1 1 0 1 1 1 1 0 1 0 0 0 1 0 1 2 0 0 1 0 0 0 1 1 1 0 0 0 1 1 0 1 1 0 1
geno chr22.24089070 yri  0 0 0 0 0 1 1 1 0 0 1 1 0 1 0 0 0 1 0 0 1 0 0 0 0 1 0 0 0 0 0 0 0 0 0 0 0 0 1 1 2 1 0 0 0 2 0 0 0 0 1 0 1 1 0 0 0 0 2 0 0 2 1 0 0 0 0 0 0 0 0 1 0 0 0 1 0
geno chr22.24089990 ceu  0 0 0 1 1 1 1 0 1 0 2 1 1 0 2 1 1 2 0 1 1 1 1 1 1 0 0 2 0 0 0 1 1 0 1 0 1 0 1 0 1 0 0 0 1 0 0 0 2 1 1 1 1 2 1 0 1 0 1 0 1 1 1 1 1 2 0 1 0 1 0 0 0 1 0 0 0 1
geno chr22.24089990 fin  1 0 0 0 0 1 0 0 0 0 2 1 1 0 0 0 0 0 1 1 1 0 2 1 1 1 1 1 1 1 2 0 0 0 0 1 2 2 2 0 0 1 1 2 2 1 2 0 0 1 0 0 0 0 0 0 1 2 0 0 0 0 0 1 1 0 0 0 0 1 1 1 1 2 1 1 0 0 2 1 0 1 1 1 2 0 0 0 1
geno chr22.24089990 gbr  1 1 1 0 0 1 0 2 2 2 1 1 1 1 1 1 2 1 0 1 1 1 2 0 1 0 1 0 0 0 1 1 1 2 0 1 1 1 0 1 1 0 0 0 2 0 2 0 0 1 0 1 0 0 1 1 2 1 1 1 2 0 1 0 0 2 1 1 1 0 0 1 2 1 2 0 1 0 1 2 1 0 1 0
geno chr22.24089990 tsi  0 1 2 0 0 0 1 0 1 0 1 1 1 0 1 0 0 1 1 1 0 1 2 1 1 1 1 1 0 0 0 1 1 2 1 2 1 0 1 2 0 1 1 1 1 1 0 0 0 0 1 0 0 1 1 1 2 1 1 0 1 1 1 1 0 2 1 1 0 1 0 1 2 0 0 1 0 0 0 1 1 1 0 0 0 1 1 0 2 2 0 1
geno chr22.24089990 yri  1 2 1 2 1 2 2 2 2 1 2 2 1 2 1 2 0 2 1 2 2 1 1 1 1 2 1 2 1 1 2 2 1 1 1 1 2 0 1 2 2 1 1 1 1 2 1 1 0 0 2 2 2 2 1 2 1 1 1 1 1 2 2 1 0 2 2 2 2 1 1 1 0 0 1 2 1
geno chr22.24090347 ceu  0 0 0 0 0 0 0 0 0 0 0 0 0 0 0 0 0 0 0 0 0 0 0 0 0 0 0 0 0 0 0 0 0 0 0 0 0 0 0 0 0 0 0 0 0 0 0 0 0 0 0 0 0 0 0 0 0 0 0 0 0 0 0 0 0 0 0 0 0 0 0 0 0 0 0 0 0 0
geno chr22.24090347 fin  0 0 0 0 0 0 0 0 0 0 0 0 0 0 0 0 0 0 0 0 0 0 0 0 0 0 0 0 0 0 0 0 0 0 0 0 0 0 0 0 0 0 0 0 0 0 0 0 0 0 0 0 0 0 0 0 0 0 0 0 0 0 0 0 0 0 0 0 0 0 0 0 0 0 0 0 0 0 0 0 0 0 0 0 0 0 0 0 0
geno chr22.24090347 gbr  0 0 0 0 0 0 0 0 0 0 0 0 0 0 0 0 0 0 0 0 0 0 0 0 0 0 0 0 0 0 0 0 0 0 0 0 0 0 0 0 0 0 0 0 0 0 0 0 0 0 0 0 0 0 0 0 0 0 0 0 0 0 0 0 0 0 0 0 0 0 0 0 0 0 0 0 0 0 0 0 0 0 0 0
geno chr22.24090347 tsi  0 0 0 0 0 0 0 0 0 0 0 0 0 0 0 0 0 1 0 0 0 0 0 0 0 0 0 0 0 0 0 0 0 0 0 0 0 0 0 0 0 0 0 0 0 0 0 0 0 0 0 0 0 0 0 0 0 0 0 0 0 0 0 0 0 1 0 0 0 0 0 0 0 0 0 0 0 0 0 0 0 0 0 0 0 0 0 0 0 0 0 0
geno chr22.24090347 yri  1 0 1 1 1 1 0 1 2 0 1 1 0 1 1 1 0 0 1 2 0 1 1 1 1 1 1 2 1 1 1 1 0 2 1 1 2 0 0 1 0 0 0 1 0 0 0 0 1 0 1 2 0 1 1 2 0 1 0 0 1 0 1 1 0 2 1 1 2 1 1 0 0 0 1 1 1
geno chr22.24090420 ceu  0 0 0 0 0 0 0 0 0 0 0 0 0 0 0 0 0 0 0 0 0 0 0 0 0 0 0 0 0 0 0 0 0 0 0 0 0 0 0 0 0 0 0 0 0 0 0 0 0 0 0 0 0 0 0 0 0 0 0 0 0 0 0 0 0 0 0 0 0 0 0 0 0 0 0 0 0 0
geno chr22.24090420 fin  0 0 0 0 0 0 0 0 0 0 0 0 0 0 0 0 0 0 0 0 0 0 0 0 0 0 0 0 0 0 0 0 0 0 0 0 0 0 0 0 0 0 0 0 0 0 0 0 0 0 0 0 0 0 0 0 0 0 0 0 0 0 0 0 0 0 0 0 0 0 0 0 0 0 0 0 0 0 0 0 0 0 0 0 0 0 0 0 0
geno chr22.24090420 gbr  0 0 0 0 0 0 0 0 0 0 0 0 0 0 0 0 0 0 0 0 0 0 0 0 0 0 0 0 0 0 0 0 0 0 0 0 0 0 0 0 0 0 0 0 0 0 0 0 0 0 0 0 0 0 0 0 0 0 0 0 0 0 0 0 0 0 0 0 0 0 0 0 0 0 0 0 0 0 0 0 0 0 0 0
geno chr22.24090420 tsi  0 0 0 0 0 0 0 0 0 0 0 0 0 0 0 0 0 1 0 0 0 0 0 0 0 0 0 0 0 0 0 0 0 0 0 0 0 0 0 0 0 0 0 0 0 0 0 0 0 0 0 0 0 0 0 0 0 0 0 0 0 0 0 0 0 1 0 0 0 0 0 0 0 0 0 0 0 0 0 0 0 0 0 0 0 0 0 0 0 0 0 0
geno chr22.24090420 yri  1 0 1 1 1 1 0 1 2 0 1 1 0 1 1 1 0 0 1 2 0 1 1 1 1 1 1 2 1 1 1 1 0 2 1 1 2 0 0 1 0 0 0 1 0 0 0 0 1 0 1 2 0 1 1 2 0 1 0 0 1 0 1 1 0 2 1 1 2 1 1 0 0 0 1 1 1
geno chr22.24090587 ceu  0 0 0 0 0 0 0 0 0 0 0 0 0 0 2 0 0 2 0 1 0 0 0 0 1 0 0 1 0 0 0 1 0 0 1 0 0 0 0 0 0 0 0 0 0 0 0 0 0 1 0 0 0 0 0 0 0 0 0 0 0 1 0 1 0 1 0 0 0 0 0 0 0 1 0 0 0 1
geno chr22.24090587 fin  1 0 0 0 0 1 0 0 0 0 1 1 1 0 0 0 0 0 1 1 1 0 2 0 1 1 1 1 0 1 2 0 0 0 0 1 1 2 0 0 0 1 1 0 2 0 1 0 0 1 0 0 0 0 0 0 0 1 0 0 0 0 0 1 1 0 0 0 0 0 1 0 1 1 1 0 0 0 0 1 0 1 0 1 1 0 0 0 0
geno chr22.24090587 gbr  0 0 1 0 0 1 0 1 1 1 0 0 0 0 0 0 1 1 0 0 0 0 1 0 0 0 1 0 0 0 0 0 0 1 0 0 0 1 0 0 0 0 0 0 1 0 0 0 0 1 0 0 0 0 1 1 0 0 0 0 2 0 0 0 0 1 1 1 0 0 0 0 1 1 1 0 0 0 0 0 0 0 0 0
geno chr22.24090587 tsi  0 1 0 0 0 0 0 0 0 0 0 0 1 0 0 0 0 0 0 0 0 1 0 0 0 0 0 0 0 0 0 0 0 0 0 1 1 0 1 0 0 0 0 0 0 0 0 0 0 0 1 0 0 0 0 0 0 0 0 0 0 0 0 0 0 0 1 1 0 0 0 0 0 0 0 0 0 0 0 0 0 0 0 0 0 0 0 0 1 1 0 0
geno chr22.24090587 yri  0 0 0 0 0 0 0 0 0 0 0 0 0 0 0 0 0 0 0 0 0 0 0 0 0 0 0 0 0 0 1 0 0 0 0 0 0 0 0 0 0 0 0 0 1 0 0 1 0 0 0 0 0 0 0 0 0 0 0 0 0 0 0 0 0 0 0 0 0 0 0 0 0 0 0 0 0
geno chr22.24090794 ceu  0 0 0 1 1 1 1 0 1 0 2 1 1 0 0 1 1 0 0 0 1 1 1 1 0 0 0 1 0 0 0 0 1 0 0 0 1 0 1 0 1 0 0 0 1 0 0 0 2 0 1 1 1 2 1 0 1 0 1 0 1 0 1 0 1 1 0 1 0 1 0 0 0 0 0 0 0 0
geno chr22.24090794 fin  0 0 0 0 0 0 0 0 0 0 1 0 0 0 0 0 0 0 0 0 0 0 0 1 0 0 0 0 1 0 0 0 0 0 0 0 1 0 2 0 0 0 0 2 0 1 1 0 0 0 0 0 0 0 0 0 1 1 0 0 0 0 0 0 0 0 0 0 0 1 0 1 0 1 0 1 0 0 2 0 0 0 1 0 1 0 0 0 1
geno chr22.24090794 gbr  1 1 0 0 0 0 0 1 1 1 1 1 1 1 1 1 1 0 0 1 1 1 1 0 1 0 0 0 0 0 1 1 1 1 0 1 1 0 0 1 1 0 0 0 1 0 2 0 0 0 0 1 0 0 0 0 2 1 1 1 0 0 1 0 0 1 0 0 1 0 0 1 1 0 1 0 1 0 1 2 1 0 1 0
geno chr22.24090794 tsi  0 0 2 0 0 0 1 0 1 0 1 1 0 0 1 0 0 0 1 1 0 0 2 1 1 1 1 1 0 0 0 1 1 2 1 1 0 0 0 2 0 1 1 1 1 1 0 0 0 0 0 0 0 1 1 1 2 1 1 0 1 1 1 1 0 1 0 0 0 1 0 1 2 0 0 1 0 0 0 1 1 1 0 0 0 1 1 0 1 1 0 1
geno chr22.24090794 yri  0 0 0 0 0 1 1 1 0 0 1 1 0 1 0 0 0 1 0 0 1 0 0 0 0 1 0 0 0 0 0 0 0 0 0 0 0 0 1 1 2 1 0 0 0 2 0 0 0 0 1 0 1 1 0 0 0 0 1 0 0 2 1 0 0 0 0 0 0 0 0 1 0 0 0 1 0
geno chr22.24091137 ceu  0 0 0 0 0 0 0 0 0 0 0 0 0 0 0 0 0 0 0 0 0 0 0 0 0 0 0 0 0 0 0 0 0 0 0 0 0 0 0 0 0 0 0 0 0 0 0 0 0 0 0 0 0 0 0 0 0 0 0 0 0 0 0 0 0 0 0 0 0 0 0 0 0 0 0 0 0 0
geno chr22.24091137 fin  0 0 0 0 0 0 0 0 0 0 0 0 0 0 0 0 0 0 0 0 0 0 0 0 0 0 0 0 0 0 0 0 0 0 0 0 0 0 0 0 0 0 0 0 0 0 0 0 0 0 0 0 0 0 0 0 0 0 0 0 0 0 0 0 0 0 0 0 0 0 0 0 0 0 0 0 0 0 0 0 0 0 0 0 0 0 0 0 0
geno chr22.24091137 gbr  0 0 0 0 0 0 0 0 0 0 0 0 0 0 0 0 0 0 0 0 0 0 0 0 0 0 0 0 0 0 0 0 0 0 0 0 0 0 0 0 0 0 0 0 0 0 0 0 0 0 0 0 0 0 0 0 0 0 0 0 0 0 0 0 0 0 0 0 0 0 0 0 0 0 0 0 0 0 0 0 0 0 0 0
geno chr22.24091137 tsi  0 0 0 0 0 0 0 0 0 0 0 0 0 0 0 0 0 1 0 0 0 0 0 0 0 0 0 0 0 0 0 0 0 0 0 0 0 0 0 0 0 0 0 0 0 0 0 0 0 0 0 0 0 0 0 0 0 0 0 0 0 0 0 0 0 1 0 0 0 0 0 0 0 0 0 0 0 0 0 0 0 0 0 0 0 0 0 0 0 0 0 0
geno chr22.24091137 yri  1 0 1 1 1 1 0 1 2 0 1 1 0 1 1 1 0 0 1 2 0 1 1 1 1 1 1 2 1 1 1 1 0 2 1 1 2 0 0 1 0 0 0 1 0 0 0 0 1 0 1 2 0 1 1 2 0 1 0 0 1 0 1 1 0 2 1 1 2 1 1 0 0 0 1 1 1
geno chr22.24091299 ceu  0 0 0 0 0 0 0 0 0 0 0 0 0 0 0 0 1 0 0 0 0 0 1 0 0 0 0 1 0 0 0 0 0 0 0 0 0 0 0 0 0 0 0 0 0 0 0 0 1 0 0 0 0 0 0 0 0 0 0 0 0 0 1 0 1 0 0 0 0 0 0 0 0 0 0 0 0 0
geno chr22.24091299 fin  0 0 0 0 0 0 0 0 0 0 0 0 0 0 0 0 0 0 0 0 0 0 0 1 0 0 0 0 0 0 0 0 0 0 0 0 0 0 1 0 0 0 0 2 0 0 0 0 0 0 0 0 0 0 0 0 0 0 0 0 0 0 0 0 0 0 0 0 0 0 0 1 0 0 0 1 0 0 1 0 0 0 0 0 1 0 0 0 1
geno chr22.24091299 gbr  0 1 0 0 0 0 0 1 0 0 1 1 0 1 1 0 1 0 0 1 0 0 0 0 0 0 0 0 0 0 0 0 0 1 0 0 0 0 0 1 1 0 0 0 0 0 1 0 0 0 0 0 0 0 0 0 0 1 0 1 0 0 1 0 0 0 0 0 0 0 0 0 0 0 1 0 1 0 0 0 0 0 0 0
geno chr22.24091299 tsi  0 0 1 0 0 0 0 0 0 0 0 1 0 0 0 0 0 0 0 0 0 0 0 0 0 1 0 0 0 0 0 0 0 0 0 0 0 0 0 0 0 0 1 0 1 0 0 0 0 0 0 0 0 1 0 1 1 0 1 0 0 0 0 0 0 0 0 0 0 1 0 1 1 0 0 0 0 0 0 0 1 1 0 0 0 1 0 0 1 0 0 0
geno chr22.24091299 yri  0 0 0 0 0 0 1 1 0 0 0 1 0 0 0 0 0 0 0 0 1 0 0 0 0 1 0 0 0 0 0 0 0 0 0 0 0 0 1 1 2 1 0 0 0 1 0 0 0 0 1 0 1 1 0 0 0 0 1 0 0 2 0 0 0 0 0 0 0 0 0 1 0 0 0 0 0
geno chr22.24091676 ceu  0 0 0 0 0 0 0 0 0 0 0 0 0 0 0 0 1 0 0 0 0 0 1 0 0 0 0 1 0 0 0 0 0 0 0 0 0 0 0 0 0 0 0 0 0 0 0 0 1 0 0 0 0 0 0 0 0 0 0 0 0 0 1 0 1 0 0 0 0 0 0 0 0 0 0 0 0 0
geno chr22.24091676 fin  0 0 0 0 0 0 0 0 0 0 0 0 0 0 0 0 0 0 0 0 0 0 0 1 0 0 0 0 0 0 0 0 0 0 0 0 0 0 1 0 0 0 0 2 0 0 0 0 0 0 0 0 0 0 0 0 0 0 0 0 0 0 0 0 0 0 0 0 0 0 0 1 0 0 0 1 0 0 1 0 0 0 0 0 1 0 0 0 1
geno chr22.24091676 gbr  0 2 0 0 0 0 0 1 0 0 1 1 0 1 1 0 1 0 0 1 0 0 0 0 0 0 0 0 0 0 0 1 0 1 0 0 0 0 0 1 1 0 0 0 0 0 1 0 0 0 0 0 0 0 0 0 0 1 0 1 0 0 1 0 0 0 0 0 0 0 0 0 0 0 1 0 1 0 0 0 0 0 0 0
geno chr22.24091676 tsi  0 0 1 0 0 0 0 0 0 0 0 1 0 0 0 0 0 0 0 0 0 0 0 0 0 1 0 0 0 0 0 0 0 0 0 0 0 0 0 0 0 0 1 0 1 0 0 0 0 0 0 0 0 1 0 1 1 0 1 0 0 0 0 0 0 0 0 0 0 1 0 1 1 0 0 0 0 0 0 0 1 1 0 0 0 1 0 0 1 0 0 0
geno chr22.24091676 yri  0 0 0 0 0 0 1 1 0 0 0 1 0 0 0 0 0 0 0 0 1 0 0 0 0 1 0 0 0 0 0 0 0 0 0 0 0 0 1 1 2 1 0 0 0 1 0 0 0 0 1 0 1 1 0 0 0 0 2 0 0 2 0 0 0 0 0 0 0 0 0 1 0 0 0 0 0
geno chr22.24091760 ceu  0 0 0 1 1 1 1 0 1 0 2 1 1 1 2 1 1 2 0 1 2 1 1 1 1 0 0 2 0 0 0 1 1 0 1 0 1 0 1 0 1 0 0 0 1 0 0 0 2 1 2 1 1 2 1 0 1 0 1 0 1 1 1 1 1 2 0 1 0 1 0 1 0 1 0 2 1 1
geno chr22.24091760 fin  1 0 0 0 0 1 1 0 0 1 2 1 1 0 0 0 0 0 1 1 1 0 2 1 1 2 1 1 1 1 2 0 0 0 0 1 2 2 2 1 0 1 1 2 2 1 2 0 0 1 0 0 0 0 0 0 1 2 0 0 0 0 1 1 2 0 0 0 0 1 1 1 1 2 1 1 0 0 2 1 0 1 1 1 2 0 0 0 1
geno chr22.24091760 gbr  1 2 1 0 0 1 0 2 2 2 1 1 1 1 1 1 2 1 0 1 1 1 2 0 1 0 1 0 0 0 1 2 1 2 0 1 1 1 0 1 1 0 0 0 2 0 2 0 0 1 0 1 0 0 1 1 2 1 1 1 2 0 1 0 0 2 1 1 1 0 0 1 2 1 2 0 1 0 1 2 1 0 1 0
geno chr22.24091760 tsi  0 1 2 1 0 0 1 0 1 0 1 1 1 0 1 0 0 1 1 2 0 1 2 1 1 1 1 1 0 1 0 1 2 2 1 2 2 1 1 2 0 1 1 1 1 1 0 0 0 0 1 0 0 1 1 1 2 1 1 0 1 1 1 1 0 2 0 1 0 1 1 1 2 1 0 1 0 0 0 1 1 1 0 0 0 1 1 1 2 2 0 2
geno chr22.24091760 yri  1 2 1 2 1 2 2 2 2 1 2 2 1 2 1 2 0 2 1 2 2 1 1 1 1 2 1 2 1 1 2 2 1 2 1 1 2 0 1 2 2 1 1 1 1 2 1 1 1 0 2 2 2 2 1 2 1 2 2 1 2 2 2 1 0 2 2 2 2 1 1 1 0 1 1 2 1
geno chr22.24091763 ceu  0 0 0 0 0 0 0 0 0 0 0 0 0 0 0 0 0 0 0 0 0 0 0 0 0 0 0 0 0 0 0 0 0 0 0 0 0 0 0 0 0 0 0 0 0 0 0 0 0 0 0 0 0 0 0 0 0 0 0 0 0 0 0 0 0 0 0 0 0 0 0 0 0 0 0 0 0 0
geno chr22.24091763 fin  0 0 0 0 0 0 0 0 0 0 0 0 0 0 0 0 0 0 0 0 0 0 0 0 0 0 0 0 0 0 0 0 0 0 0 0 0 0 0 0 0 0 0 0 0 0 0 0 0 0 0 0 0 0 0 0 0 0 0 0 0 0 0 0 0 0 0 0 0 0 0 0 0 0 0 0 0 0 0 0 0 0 0 0 0 0 0 0 0
geno chr22.24091763 gbr  0 0 0 0 0 0 0 0 0 0 0 0 0 0 0 0 0 0 0 0 0 0 0 0 0 0 0 0 0 0 0 0 0 0 0 0 0 0 0 0 0 0 0 0 0 0 0 0 0 0 0 0 0 0 0 0 0 0 0 0 0 0 0 0 0 0 0 0 0 0 0 0 0 0 0 0 0 0 0 0 0 0 0 0
geno chr22.24091763 tsi  0 0 0 0 0 0 0 0 0 0 0 0 0 0 0 0 0 1 0 0 0 0 0 0 0 0 0 0 0 0 0 0 0 0 0 0 0 0 0 0 0 0 0 0 0 0 0 0 0 0 0 0 0 0 0 0 0 0 0 0 0 0 0 0 0 1 0 0 0 0 0 0 0 0 0 0 0 0 0 0 0 0 0 0 0 0 0 0 0 0 0 0
geno chr22.24091763 yri  1 0 1 2 1 1 1 1 2 1 1 1 1 1 1 2 0 1 1 2 0 1 1 1 1 1 1 2 1 1 1 2 1 2 1 1 2 0 0 1 0 0 1 1 0 0 1 0 1 0 1 2 0 1 1 2 1 2 0 1 1 0 1 1 0 2 2 2 2 1 1 0 0 1 1 1 1
geno chr22.24092597 ceu  2 1 2 1 2 1 2 0 1 1 2 1 1 1 1 1 1 2 2 2 2 0 2 1 1 1 1 1 1 0 1 1 2 1 2 2 2 2 1 1 2 2 1 0 2 2 2 1 2 2 2 1 2 2 2 0 2 1 2 0 1 1 2 1 2 2 0 1 0 0 1 2 1 2 1 1 1 2
geno chr22.24092597 fin  1 2 1 2 1 1 2 1 0 2 2 2 2 1 1 2 1 2 1 2 2 2 2 1 1 2 2 1 2 1 2 2 0 1 2 2 2 2 1 1 1 1 2 2 2 2 2 0 1 1 2 1 1 2 2 1 2 2 2 0 1 2 2 2 2 1 2 2 1 2 2 1 2 2 1 1 2 2 2 2 1 2 2 2 1 1 1 0 1
geno chr22.24092597 gbr  0 1 2 2 1 1 1 1 2 2 2 1 2 2 1 1 2 1 0 1 1 1 2 0 1 1 1 0 1 1 2 2 2 2 1 1 1 1 1 1 1 1 2 2 2 0 2 1 2 2 2 2 1 2 2 2 2 0 2 0 2 2 1 1 1 2 2 2 1 1 1 2 2 1 2 0 2 2 1 2 1 1 1 0
geno chr22.24092597 tsi  0 1 2 2 0 2 1 2 2 1 1 1 2 2 1 2 1 1 2 2 1 2 2 1 2 2 1 2 1 2 2 1 2 2 1 2 2 2 1 2 0 1 1 2 1 2 1 2 1 1 2 0 1 2 1 2 2 2 2 2 1 1 1 1 2 2 0 1 1 1 2 2 2 1 2 2 0 1 1 2 1 1 2 1 1 2 2 2 2 2 0 2
geno chr22.24092597 yri  2 2 2 2 2 2 2 2 2 2 2 2 2 2 2 2 2 2 2 2 2 2 2 2 2 2 2 2 2 2 2 2 2 2 2 2 2 1 2 2 2 2 2 2 2 2 2 2 2 2 2 2 2 2 2 2 2 2 2 2 2 2 2 2 1 2 2 2 2 2 2 2 2 2 2 2 2
geno chr22.24093139 ceu  0 0 0 1 0 0 0 0 0 0 0 0 0 0 1 0 0 2 0 1 0 0 0 0 1 0 0 1 0 0 0 1 0 0 1 0 0 0 0 0 0 0 0 0 1 0 1 0 0 2 0 0 0 0 0 1 0 0 0 0 0 1 0 1 0 1 0 0 0 0 0 0 0 1 1 0 0 0
geno chr22.24093139 fin  1 2 0 0 0 1 0 0 1 0 1 1 2 0 0 0 0 0 1 1 2 1 2 0 1 1 1 1 0 1 2 0 0 0 0 0 1 1 0 0 0 1 1 0 1 0 1 0 1 1 0 0 0 0 0 0 0 1 0 0 0 0 0 0 1 0 0 1 0 0 0 0 1 1 0 0 0 1 0 1 0 2 0 1 0 0 0 0 0
geno chr22.24093139 gbr  1 0 1 0 0 1 1 1 0 0 1 0 0 0 1 0 1 2 1 0 0 0 1 0 0 0 1 0 0 0 0 0 0 0 0 0 0 2 0 0 1 0 1 0 1 0 0 0 0 1 0 0 0 0 1 1 0 0 0 0 2 0 0 0 0 0 1 1 0 0 0 0 1 0 1 0 0 0 0 0 0 0 0 0
geno chr22.24093139 tsi  0 1 0 0 0 0 0 0 0 0 0 0 0 0 0 0 0 0 0 0 0 0 0 0 0 1 0 0 0 0 0 0 0 0 0 1 1 0 0 0 0 0 0 0 0 0 0 0 0 0 1 0 0 0 0 0 0 0 1 0 0 0 1 0 0 0 0 1 0 0 0 0 0 0 0 0 0 1 0 0 0 0 1 0 0 0 0 0 1 1 1 0
geno chr22.24093139 yri  0 0 0 1 0 0 0 1 0 1 0 0 0 0 0 0 0 0 0 0 0 0 0 0 0 0 0 0 1 1 0 1 0 0 1 1 0 0 0 0 0 0 0 0 1 0 0 0 0 0 1 1 0 1 0 0 0 0 0 0 1 0 0 0 0 0 0 0 0 0 0 0 0 0 1 0 0
geno chr22.24093425 ceu  0 0 1 0 1 0 0 0 2 0 1 1 1 1 1 1 0 2 0 1 2 0 0 0 1 0 0 1 0 0 0 1 1 0 2 1 1 1 0 0 1 0 0 1 0 0 1 0 1 2 1 0 1 1 0 0 1 0 1 0 0 1 0 1 0 2 0 1 0 0 0 1 0 1 1 1 0 0
geno chr22.24093425 fin  1 1 0 0 0 1 1 0 1 1 1 1 2 0 0 0 0 1 1 1 1 1 2 0 1 2 1 1 1 1 2 0 0 0 0 0 2 1 1 1 0 1 1 0 1 1 2 0 1 1 0 0 0 0 0 0 1 1 0 0 0 0 0 0 2 0 1 1 1 0 0 0 1 2 0 0 0 1 1 1 0 1 1 1 0 0 0 0 0
geno chr22.24093425 gbr  1 0 1 0 0 1 1 1 1 1 1 0 0 0 1 0 1 2 1 0 1 0 2 0 1 0 1 0 0 0 1 0 1 0 0 1 1 1 1 0 1 0 1 1 2 0 1 0 0 1 0 0 0 0 1 1 0 0 0 0 2 0 0 0 0 1 1 1 1 0 0 1 2 0 1 0 0 0 1 2 1 0 1 0
geno chr22.24093425 tsi  0 1 1 0 0 0 1 0 1 0 1 0 0 1 1 0 0 0 1 2 0 0 2 1 1 1 1 1 0 0 0 1 1 2 1 2 1 0 0 2 0 1 0 1 1 0 0 0 0 0 1 0 0 0 1 0 0 1 1 0 1 1 1 1 0 1 0 1 0 1 0 0 1 0 0 0 0 1 0 1 0 0 1 0 0 0 1 0 1 1 0 0
geno chr22.24093425 yri  1 2 2 2 1 2 1 1 2 1 2 1 1 2 1 2 1 2 0 2 2 0 1 1 0 2 1 2 0 1 2 2 0 1 1 1 2 0 0 2 1 0 2 1 1 2 1 0 1 0 1 2 2 2 0 2 1 2 1 1 1 0 2 1 0 2 1 2 0 1 1 2 0 1 1 2 0
geno chr22.24093789 ceu  1 0 1 0 1 0 0 0 2 0 1 1 1 1 0 1 0 0 0 0 2 0 0 0 0 1 0 0 0 0 0 0 1 0 1 1 1 1 0 0 1 1 0 1 0 1 0 0 1 0 1 0 1 1 0 0 1 0 1 0 0 0 0 0 0 1 0 1 0 0 0 1 1 0 0 1 0 0
geno chr22.24093789 fin  0 0 0 0 0 0 1 0 0 1 0 0 0 0 0 0 0 1 0 0 0 0 0 0 0 1 0 0 1 1 0 0 0 0 0 0 1 0 1 1 0 0 0 0 0 1 1 0 0 0 0 0 0 0 0 0 1 0 0 0 0 0 0 0 1 0 1 0 1 0 0 0 0 1 0 0 0 0 1 0 0 0 1 0 0 0 0 0 0
geno chr22.24093789 gbr  0 0 0 0 0 0 0 0 1 1 0 0 0 0 0 0 0 0 0 0 1 0 1 0 1 1 0 0 0 0 1 0 1 0 0 1 2 0 1 0 0 0 0 1 1 0 1 0 0 0 0 0 0 0 1 0 0 0 0 0 0 1 0 0 0 1 0 0 1 0 0 1 1 0 0 0 0 0 1 2 1 0 1 0
geno chr22.24093789 tsi  0 0 1 0 0 1 1 0 1 0 1 0 0 1 1 0 0 0 1 2 0 0 2 1 1 0 1 1 0 0 0 0 1 2 1 1 0 0 0 2 0 1 0 2 1 1 0 0 0 0 0 0 0 0 1 1 0 2 0 0 1 1 0 1 0 1 0 0 0 1 0 0 1 0 0 0 0 0 1 1 0 0 0 0 0 0 1 0 0 0 1 0
geno chr22.24093789 yri  1 0 0 1 0 1 0 0 1 0 2 1 0 2 0 1 0 0 0 1 0 1 1 0 0 1 1 1 0 0 0 0 0 1 0 0 1 0 0 0 0 0 0 0 0 1 0 0 1 0 0 0 1 1 0 2 0 1 1 0 0 0 1 0 0 1 1 1 1 0 0 1 0 0 0 1 0
geno chr22.24093998 ceu  0 0 0 0 0 0 0 0 0 0 0 0 0 0 0 0 1 0 0 0 0 0 1 0 0 0 0 1 0 0 0 0 0 1 0 0 0 0 0 0 0 0 0 0 1 0 0 0 1 0 0 0 0 0 0 0 0 0 0 0 0 0 1 0 2 0 0 0 0 0 0 0 0 0 0 0 0 0
geno chr22.24093998 fin  0 1 0 1 0 0 0 0 0 0 0 0 0 0 0 0 0 0 0 0 1 0 0 1 0 0 0 0 1 0 0 0 0 0 0 0 0 0 1 0 0 0 0 2 0 0 0 0 0 0 0 0 0 0 0 0 0 1 0 0 0 0 0 0 0 0 0 0 0 1 0 1 0 0 0 1 0 0 1 0 0 1 0 0 1 0 0 0 1
geno chr22.24093998 gbr  1 2 0 0 0 0 0 1 0 0 0 1 0 1 1 0 1 0 0 0 0 0 0 0 0 0 0 0 0 0 0 1 0 1 0 0 0 0 0 1 1 0 0 0 0 0 1 0 0 1 0 0 0 0 0 0 0 1 0 1 0 0 1 0 0 0 0 0 0 0 0 0 0 0 1 0 1 0 0 0 0 1 0 0
geno chr22.24093998 tsi  0 0 0 0 0 0 0 0 0 1 0 1 0 0 0 0 0 0 0 0 0 0 0 0 0 0 0 0 0 0 0 0 0 0 0 0 0 0 0 0 0 0 1 0 1 0 0 0 0 0 0 0 0 1 1 1 1 0 1 0 0 0 0 0 0 1 0 0 0 1 0 1 1 0 0 0 0 0 0 0 1 1 0 0 0 1 0 0 1 0 0 1
geno chr22.24093998 yri  0 2 2 0 1 1 1 1 1 0 0 0 1 0 1 1 1 2 0 1 2 0 0 1 0 1 0 1 0 0 2 1 0 0 0 0 1 0 1 0 0 0 2 1 0 0 1 0 0 0 0 1 0 0 0 0 1 1 1 1 0 1 1 1 0 1 1 1 0 1 1 0 0 1 0 1 0
geno chr22.24094158 ceu  0 0 0 1 0 0 0 0 0 0 0 0 0 0 1 0 0 2 0 1 0 0 0 0 1 0 0 1 0 0 0 1 0 0 1 0 0 0 0 0 0 0 0 0 0 0 1 0 0 2 0 0 0 0 0 1 0 0 0 0 0 1 0 1 0 1 0 0 0 0 0 0 0 1 1 0 0 0
geno chr22.24094158 fin  1 1 0 0 0 1 0 0 1 0 1 1 2 0 0 0 0 0 1 1 1 1 2 0 0 1 1 1 0 0 1 0 0 0 0 0 1 1 0 0 0 1 1 0 1 0 1 0 1 1 0 0 0 0 0 0 0 1 0 0 0 0 0 0 1 0 0 1 0 0 0 0 1 1 0 0 0 1 0 1 0 1 0 1 0 0 0 0 0
geno chr22.24094158 gbr  1 0 1 0 0 1 1 1 0 0 1 0 0 0 1 0 1 2 1 0 0 0 1 0 0 0 1 0 0 0 0 0 0 0 0 0 0 1 0 0 1 0 1 0 1 0 0 0 0 1 0 0 0 0 1 1 0 0 0 0 2 0 0 0 0 0 1 1 0 0 0 0 1 0 1 0 0 1 0 0 0 0 0 0
geno chr22.24094158 tsi  0 1 0 0 0 0 0 0 0 0 0 0 0 0 0 0 0 0 0 0 0 0 0 0 0 1 0 0 0 0 0 0 0 0 0 1 1 0 0 0 0 0 0 0 0 0 0 0 0 0 1 0 0 0 0 0 0 0 0 0 0 0 1 0 0 0 0 1 0 0 0 0 0 0 0 0 0 1 0 0 0 0 1 0 0 0 0 0 1 1 1 0
geno chr22.24094158 yri  0 0 0 0 0 0 0 0 0 0 0 0 0 0 0 0 0 0 0 0 0 0 0 0 0 0 0 0 0 0 0 0 0 0 0 0 0 0 0 0 0 0 0 0 0 0 0 0 0 0 0 0 0 0 0 0 0 0 0 0 0 0 0 0 0 0 0 0 0 0 0 0 0 0 0 0 0
geno chr22.24094215 ceu  0 0 1 0 1 1 0 0 2 0 1 1 1 1 0 1 1 0 0 0 2 0 1 0 1 0 0 1 0 0 0 0 1 1 1 1 1 1 0 0 1 0 0 1 1 0 0 0 2 0 1 0 1 1 0 0 1 0 1 0 0 0 1 0 2 1 0 1 0 0 0 1 0 0 0 1 0 0
geno chr22.24094215 fin  0 1 0 1 0 0 1 0 0 1 0 0 0 0 0 0 0 1 0 0 1 0 0 1 0 1 0 0 2 1 0 0 1 0 0 0 1 0 2 1 0 0 0 2 0 1 1 0 0 0 0 0 0 0 0 0 1 1 0 0 0 0 0 0 1 0 1 0 1 1 0 1 0 1 0 1 0 0 2 0 0 1 1 0 1 0 0 0 2
geno chr22.24094215 gbr  1 2 0 0 0 0 0 1 1 1 0 1 0 1 1 0 1 0 0 0 1 0 1 0 1 0 0 0 0 0 1 1 1 1 0 1 1 0 1 1 1 0 0 1 1 0 2 0 0 1 0 0 0 0 0 0 0 1 0 1 0 0 1 0 0 1 0 0 1 0 0 1 1 0 1 0 1 0 1 2 1 1 1 0
geno chr22.24094215 tsi  0 0 1 0 0 0 1 0 1 1 1 1 0 1 1 0 0 0 1 2 0 0 2 1 1 0 1 1 0 0 0 0 1 2 1 1 0 0 0 2 0 1 1 1 2 0 0 0 0 0 0 0 0 1 1 1 1 1 1 0 1 1 0 1 0 1 0 0 0 2 0 1 2 0 0 0 0 0 0 1 1 1 0 0 0 1 1 0 1 0 0 1
geno chr22.24094215 yri  1 2 2 1 1 2 1 1 2 0 2 1 1 2 1 2 1 2 0 2 2 0 1 1 0 2 1 2 0 0 2 1 0 0 0 0 2 0 1 0 0 0 2 1 0 1 1 0 0 0 0 1 1 1 0 2 1 1 2 1 0 1 2 1 0 2 1 2 0 1 1 1 0 1 0 2 0
geno chr22.24094295 ceu  1 0 0 0 0 0 0 0 0 0 0 0 0 0 0 0 0 0 0 0 0 0 0 0 0 1 0 0 0 0 0 0 0 0 0 0 0 0 0 0 0 1 0 0 0 1 0 0 0 0 0 0 0 0 0 0 0 0 0 0 0 0 0 0 0 0 0 0 0 0 0 0 0 0 0 0 0 0
geno chr22.24094295 fin  0 0 0 0 0 0 0 0 0 0 0 0 0 0 0 0 0 0 0 0 0 0 0 0 0 0 0 0 0 0 0 0 0 0 0 0 0 0 0 0 0 0 0 0 0 0 0 0 0 0 0 0 0 0 0 0 0 0 0 0 0 0 0 0 0 0 0 0 0 0 0 0 0 0 0 0 0 0 0 0 0 0 0 0 0 0 0 0 0
geno chr22.24094295 gbr  0 0 0 0 0 0 0 0 0 0 0 0 0 0 0 0 0 0 0 0 0 0 0 0 0 1 0 0 0 0 0 0 0 0 0 0 0 0 0 0 0 0 0 0 0 0 0 0 0 0 0 0 0 0 0 0 0 0 0 0 0 1 0 0 0 0 0 0 0 0 0 0 0 0 0 0 0 0 0 0 0 0 0 0
geno chr22.24094295 tsi  0 0 0 0 0 1 0 0 0 0 0 0 0 0 0 0 0 0 0 0 0 0 0 0 0 0 0 0 0 0 0 0 0 0 0 0 0 0 0 0 0 0 0 1 0 0 0 0 0 0 0 0 0 0 0 1 0 1 0 0 0 0 0 0 0 0 0 0 0 0 0 0 0 0 0 0 0 0 0 0 0 0 0 0 0 0 0 0 0 0 0 0
geno chr22.24094295 yri  1 0 0 0 0 0 1 0 0 1 0 1 1 0 0 0 0 0 1 0 0 1 1 1 1 0 1 0 2 0 0 0 1 1 0 0 0 0 1 1 2 2 0 0 0 1 0 1 0 2 1 0 1 0 2 0 1 0 0 1 1 1 0 0 0 0 1 0 2 1 0 1 2 0 1 0 2
geno chr22.24094337 ceu  0 0 1 1 1 0 0 0 1 0 0 0 1 0 1 0 0 2 0 1 1 0 1 0 1 0 0 2 0 0 0 1 0 0 1 1 0 0 0 0 1 0 0 1 1 0 1 0 1 2 1 0 0 0 0 1 0 0 0 0 0 1 0 1 1 1 0 1 0 0 0 0 0 1 1 1 0 0
geno chr22.24094337 fin  1 2 0 0 0 1 0 0 1 0 0 1 2 0 0 0 0 0 1 1 2 1 2 0 0 2 1 1 0 0 1 0 0 0 0 0 1 1 1 0 0 1 1 1 1 0 1 0 1 1 0 0 0 0 0 0 1 1 0 0 0 0 0 0 1 0 0 1 0 1 0 0 1 2 0 1 0 1 1 1 0 2 1 1 0 0 0 0 0
geno chr22.24094337 gbr  1 0 1 0 0 1 1 1 0 0 1 0 0 0 1 0 1 2 0 0 0 0 1 0 0 0 1 0 0 0 0 0 0 0 0 0 0 1 0 0 1 0 1 0 1 0 0 0 0 1 0 0 0 0 1 1 0 0 0 0 2 1 1 0 0 1 1 1 0 0 0 0 2 0 2 0 0 1 0 0 0 0 0 0
geno chr22.24094337 tsi  0 1 1 0 0 0 0 0 0 0 0 0 0 0 1 0 0 0 0 1 2 0 0 0 0 1 0 0 0 0 0 0 1 0 0 2 1 0 0 0 0 0 1 1 1 0 0 0 0 0 1 0 0 0 0 0 1 0 0 0 0 0 1 0 0 1 0 1 0 0 0 0 1 0 0 0 0 1 0 0 0 1 1 0 0 0 0 0 2 1 1 0
geno chr22.24094337 yri  1 1 0 1 0 0 1 1 1 1 1 1 0 0 0 1 1 0 0 0 1 0 1 0 0 0 0 0 1 1 0 1 0 1 1 1 0 0 0 0 0 1 1 0 1 0 1 0 1 1 2 1 0 1 1 0 2 2 0 2 1 1 0 0 0 0 1 1 0 0 0 0 0 1 1 0 1
geno chr22.24094476 ceu  1 0 1 1 1 1 0 0 2 0 1 1 1 1 1 1 1 2 0 1 2 0 1 0 2 1 0 2 0 0 0 1 1 1 2 1 1 1 0 0 1 1 0 1 1 1 1 0 2 2 1 0 1 1 0 1 1 0 1 0 0 1 1 1 2 2 0 1 0 0 0 1 0 1 1 1 0 0
geno chr22.24094476 fin  1 2 0 1 0 1 1 0 1 1 1 1 2 0 0 0 0 1 1 1 2 1 2 1 0 2 1 1 2 1 1 0 1 0 0 0 2 1 2 1 0 1 1 2 1 1 2 0 1 1 0 0 0 0 0 0 1 2 0 0 0 0 0 0 2 0 1 1 1 1 0 1 1 2 0 1 0 1 2 1 0 2 1 1 1 0 0 0 2
geno chr22.24094476 gbr  2 2 1 0 0 1 1 2 1 1 1 1 0 1 2 0 2 2 1 0 1 0 2 0 1 1 1 0 0 0 1 1 1 1 0 1 1 1 1 1 2 0 1 1 2 0 2 0 0 2 0 0 0 0 1 1 0 1 0 1 2 1 1 0 0 1 1 1 1 0 0 1 2 0 2 0 1 1 1 2 1 1 1 0
geno chr22.24094476 tsi  0 1 1 0 0 1 1 0 1 1 1 1 0 1 1 0 0 0 1 2 1 0 2 1 1 1 1 1 0 0 0 0 1 2 1 2 1 0 0 2 0 1 1 2 2 1 0 0 0 0 1 0 0 1 1 2 1 2 1 0 1 1 1 1 0 2 0 1 0 2 0 1 2 0 0 0 0 1 0 1 1 1 1 0 0 1 1 0 2 1 1 1
geno chr22.24094476 yri  2 2 2 2 1 2 2 2 2 2 2 2 2 2 1 2 1 2 1 2 2 1 2 2 1 2 2 2 2 1 2 2 1 2 1 1 2 0 2 1 2 2 2 1 1 2 1 1 1 2 2 2 2 2 2 2 2 2 2 2 2 2 2 1 0 2 2 2 2 2 1 2 2 1 2 2 2
geno chr22.24094485 ceu  0 0 0 1 0 0 0 0 0 0 0 0 0 0 1 0 0 2 0 1 0 0 0 0 1 0 0 1 0 0 0 1 0 0 1 0 0 0 0 0 0 0 0 0 0 0 1 0 0 2 0 0 0 0 0 1 0 0 0 0 0 1 0 1 0 1 0 0 0 0 0 0 0 1 1 0 0 0
geno chr22.24094485 fin  1 1 0 0 0 1 0 0 1 0 1 1 2 0 0 0 0 0 1 1 1 1 2 0 0 1 1 1 0 0 1 0 0 0 0 0 1 1 0 0 0 1 1 0 1 0 1 0 1 1 0 0 0 0 0 0 0 1 0 0 0 0 0 0 1 0 0 1 0 0 0 0 1 1 0 0 0 1 0 1 0 1 0 1 0 0 0 0 0
geno chr22.24094485 gbr  1 0 1 0 0 1 1 1 0 0 1 0 0 0 1 0 1 2 1 0 0 0 1 0 0 0 1 0 0 0 0 0 0 0 0 0 0 1 0 0 1 0 1 0 1 0 0 0 0 1 0 0 0 0 1 1 0 0 0 0 2 0 0 0 0 0 1 1 0 0 0 0 1 0 1 0 0 1 0 0 0 0 0 0
geno chr22.24094485 tsi  0 1 0 0 0 0 0 0 0 0 0 0 0 0 0 0 0 0 0 0 1 0 0 0 0 1 0 0 0 0 0 0 0 0 0 1 1 0 0 0 0 0 0 0 0 0 0 0 0 0 1 0 0 0 0 0 0 0 0 0 0 0 1 0 0 0 0 1 0 0 0 0 0 0 0 0 0 1 0 0 0 0 1 0 0 0 0 0 1 1 1 0
geno chr22.24094485 yri  0 0 0 1 0 0 0 1 0 1 0 0 0 0 0 0 0 0 0 0 0 0 0 0 0 0 0 0 0 1 0 1 0 0 1 1 0 0 0 0 0 0 0 0 1 0 0 0 0 0 1 1 0 1 0 0 0 0 0 0 1 0 0 0 0 0 0 0 0 0 0 0 0 0 1 0 0
geno chr22.24094836 ceu  0 0 0 1 0 0 0 0 0 0 0 0 0 0 1 0 0 2 0 1 0 0 0 0 1 0 0 1 0 0 0 1 0 0 1 0 0 0 0 0 0 0 0 0 0 0 1 0 0 2 0 0 0 0 0 1 0 0 0 0 0 1 0 1 0 1 0 0 0 0 0 0 0 1 1 0 0 0
geno chr22.24094836 fin  1 1 0 0 0 1 0 0 1 0 1 1 2 0 0 0 0 0 1 1 1 1 2 0 0 1 1 1 0 0 1 0 0 0 0 0 1 1 0 0 0 1 1 0 1 0 1 0 1 1 0 0 0 0 0 0 0 1 0 0 0 0 0 0 1 0 0 1 0 0 0 0 1 1 0 0 0 1 0 1 0 1 0 1 0 0 0 0 0
geno chr22.24094836 gbr  1 0 1 0 0 1 1 1 0 0 1 0 0 0 1 0 1 2 1 0 0 0 1 0 0 0 1 0 0 0 0 0 0 0 0 0 0 1 0 0 1 0 0 0 1 0 0 0 0 1 0 0 0 0 1 1 0 0 0 0 2 0 0 0 0 0 1 1 0 0 0 0 1 0 1 0 0 1 0 0 0 0 0 0
geno chr22.24094836 tsi  0 1 0 0 0 0 0 0 0 0 0 0 0 0 0 0 0 0 0 0 1 0 0 0 0 1 0 0 0 0 0 0 0 0 0 1 1 0 0 0 0 0 0 0 0 0 0 0 0 0 1 0 0 0 0 0 0 0 0 0 0 0 1 0 0 0 0 1 0 0 0 0 0 0 0 0 0 1 0 0 0 0 1 0 0 0 0 0 1 1 1 0
geno chr22.24094836 yri  0 0 0 1 0 0 0 1 0 1 0 0 0 0 0 0 0 0 0 0 0 0 0 0 0 0 0 0 0 1 0 1 0 0 1 1 0 0 0 0 0 0 0 0 1 0 0 0 0 0 1 1 0 1 0 0 0 0 0 0 1 0 0 0 0 0 0 0 0 0 0 0 0 0 1 0 0
geno chr22.24094912 ceu  1 0 1 1 1 1 0 0 2 0 1 1 1 1 1 1 1 2 0 1 2 0 1 0 2 1 0 2 0 0 1 1 1 1 2 1 1 1 0 0 1 1 0 1 1 1 1 0 2 2 1 0 1 1 0 1 1 0 1 0 0 1 1 1 2 2 0 1 0 0 0 1 0 1 1 1 0 0
geno chr22.24094912 fin  1 2 0 1 0 1 1 0 1 1 1 1 2 0 0 0 0 1 1 1 2 1 2 1 0 2 1 1 2 1 1 0 1 0 0 0 2 1 2 1 0 1 1 2 1 1 2 0 1 1 0 0 0 0 0 0 1 2 0 0 0 0 0 0 2 0 1 1 1 1 0 1 1 2 0 1 0 1 2 1 0 2 1 1 1 0 0 0 2
geno chr22.24094912 gbr  2 2 1 0 0 1 1 2 1 1 1 1 0 1 2 0 2 2 1 0 1 0 2 0 1 1 1 0 0 0 1 1 1 1 0 1 1 1 1 1 2 0 0 1 2 0 2 0 0 2 0 0 0 0 1 1 0 1 0 1 2 1 1 0 0 1 1 1 1 0 0 1 2 0 2 0 1 1 1 2 1 1 1 0
geno chr22.24094912 tsi  0 1 1 0 0 1 1 0 1 1 1 1 0 1 1 0 0 0 1 2 1 0 2 1 1 1 1 1 0 0 0 0 1 2 1 2 1 0 0 2 0 1 1 2 2 1 0 0 0 0 1 0 0 1 1 2 1 2 1 0 1 1 1 1 0 2 0 1 0 2 0 1 2 0 0 0 0 1 0 1 1 1 1 0 0 1 1 0 2 1 1 1
geno chr22.24094912 yri  2 2 2 2 1 2 2 2 2 2 2 2 2 2 1 2 1 2 1 2 2 1 2 2 2 2 2 2 2 1 2 2 2 2 1 1 2 0 2 1 2 2 2 1 1 2 1 1 1 2 2 2 2 2 2 2 2 2 2 2 2 2 2 1 0 2 2 2 2 2 1 2 2 1 2 2 2
geno chr22.24096133 ceu  1 0 0 1 1 1 0 0 2 0 1 1 1 1 1 1 1 2 0 1 2 0 1 0 2 1 0 2 0 0 1 1 1 0 2 1 1 1 0 0 1 1 0 1 1 1 1 0 2 2 1 0 1 1 0 1 1 0 1 0 0 1 1 1 2 2 0 1 0 0 0 1 0 1 1 1 0 0
geno chr22.24096133 fin  1 2 0 1 0 1 1 0 1 1 1 1 2 0 0 0 0 1 1 1 2 1 2 1 0 2 1 1 2 1 1 0 1 0 0 0 2 1 2 1 0 1 1 2 1 1 2 0 1 1 0 0 0 0 0 0 1 2 0 0 0 0 0 0 1 0 1 1 1 1 0 1 1 2 0 1 0 1 2 1 0 2 1 1 1 0 0 0 2
geno chr22.24096133 gbr  1 1 1 0 0 1 1 2 1 1 1 1 0 1 2 0 2 2 1 0 1 0 2 0 1 1 1 0 0 0 1 1 1 1 0 1 1 1 1 1 2 0 0 1 2 0 2 0 0 2 0 0 0 0 1 1 0 1 0 1 1 1 1 0 0 1 1 1 1 0 0 1 1 0 2 0 1 1 1 2 1 1 1 0
geno chr22.24096133 tsi  0 1 1 0 0 1 1 0 1 1 1 1 0 1 1 0 0 0 1 2 1 0 2 1 1 1 0 1 0 0 0 0 0 2 1 2 1 0 0 2 0 1 1 2 2 1 0 0 0 0 1 0 0 1 1 2 1 2 1 0 1 1 1 1 0 2 0 1 0 2 0 1 2 0 0 0 0 1 0 1 1 1 1 0 0 1 1 0 2 1 1 1
geno chr22.24096133 yri  2 2 2 2 1 2 2 2 2 2 2 2 2 2 1 2 1 2 1 2 2 1 2 2 2 2 2 2 2 0 2 2 2 1 1 2 2 0 2 1 2 2 2 0 1 2 1 1 1 2 1 2 1 2 2 2 2 2 2 2 1 2 2 1 0 2 2 2 2 2 1 2 2 1 2 2 1
geno chr22.24096190 ceu  1 0 1 1 1 1 0 0 2 0 1 1 1 1 1 1 1 2 0 1 2 0 1 0 2 1 0 2 0 0 1 1 1 1 2 1 1 1 0 0 1 1 0 1 1 1 1 0 2 2 1 0 1 1 0 1 1 0 1 0 0 1 1 1 2 2 0 1 0 0 0 1 0 1 1 1 0 0
geno chr22.24096190 fin  1 2 0 1 0 1 1 0 1 1 1 1 2 0 0 0 0 1 1 1 2 1 2 1 0 2 1 1 2 1 1 0 1 0 0 0 2 1 2 1 0 1 1 2 1 1 2 0 1 1 0 0 0 0 0 0 1 2 0 0 0 0 0 0 2 0 1 1 1 1 0 1 1 2 0 1 0 1 2 1 0 2 1 1 1 0 0 0 2
geno chr22.24096190 gbr  2 2 1 0 0 1 1 2 1 1 1 1 0 1 2 0 2 2 1 0 1 0 2 0 1 1 1 0 0 0 1 1 1 1 0 1 1 1 1 1 2 0 0 1 2 0 2 0 0 2 0 0 0 0 1 1 0 1 0 1 2 1 1 0 0 1 1 1 1 0 0 1 2 0 2 0 1 1 1 2 1 1 1 0
geno chr22.24096190 tsi  0 1 1 0 0 1 1 0 1 1 1 1 0 1 1 0 0 0 1 2 1 0 2 1 1 1 1 1 0 0 0 0 1 2 1 2 1 0 0 2 0 1 1 2 2 1 0 0 0 0 1 0 0 1 1 2 1 2 1 0 1 1 1 1 0 2 0 1 0 2 0 1 2 0 0 0 0 1 0 1 1 1 1 0 0 1 1 0 2 1 1 1
geno chr22.24096190 yri  2 2 2 1 1 2 2 1 2 2 2 2 2 2 1 2 1 2 1 2 2 1 2 2 2 2 2 2 2 0 2 1 2 2 1 2 2 0 2 1 2 2 2 1 1 2 1 2 1 2 1 2 1 2 2 2 2 2 2 2 1 2 2 1 0 2 2 2 1 2 1 2 2 1 2 2 2
geno chr22.24096227 ceu  1 0 1 1 1 1 0 0 2 0 1 1 1 1 1 1 1 2 0 1 2 0 1 0 2 1 0 2 0 0 1 1 1 1 2 1 1 1 0 0 1 1 0 1 1 1 1 0 2 2 1 0 1 1 0 1 1 0 1 0 0 1 1 1 2 2 0 1 0 0 0 1 0 1 1 1 0 0
geno chr22.24096227 fin  1 2 0 1 0 1 1 0 1 1 1 1 2 0 0 0 0 1 1 1 2 1 2 1 0 2 1 1 2 1 1 0 1 0 0 0 2 1 2 1 0 1 1 2 1 1 2 0 1 1 0 0 0 0 0 0 1 2 0 0 0 0 0 0 2 0 1 1 1 1 0 1 1 2 0 1 0 1 2 1 0 2 1 1 1 0 0 0 2
geno chr22.24096227 gbr  2 2 1 0 0 1 1 2 1 1 1 1 0 1 2 0 2 2 1 0 1 0 2 0 1 1 1 0 0 0 1 1 1 1 0 1 1 1 1 1 2 0 0 1 2 0 2 0 0 2 0 0 0 0 1 1 0 1 0 1 2 1 1 0 0 1 1 1 1 0 0 1 2 0 2 0 1 1 1 2 1 1 1 0
geno chr22.24096227 tsi  0 1 1 0 0 1 1 0 1 1 1 1 0 1 1 0 0 0 1 2 1 0 2 1 1 1 1 1 0 0 0 0 1 2 1 2 1 0 0 2 0 1 1 2 2 1 0 0 0 0 1 0 0 1 1 2 1 2 1 0 1 1 1 1 0 2 0 1 0 2 0 1 2 0 0 0 0 1 0 1 1 1 1 0 0 1 1 0 2 1 1 1
geno chr22.24096227 yri  2 2 2 2 1 2 2 2 2 2 2 2 2 2 1 2 1 2 1 2 2 1 2 2 1 2 2 2 2 1 2 2 1 2 1 1 2 0 2 1 2 2 2 1 1 2 1 1 1 2 2 2 1 2 2 2 2 2 2 2 2 2 2 1 0 2 2 2 2 2 1 2 2 1 2 2 2
geno chr22.24096268 ceu  0 0 1 1 1 1 0 0 2 0 1 1 1 1 1 1 1 2 0 1 2 0 1 0 2 0 0 2 0 0 1 1 1 1 2 1 1 1 0 0 1 0 0 1 1 0 1 0 2 2 1 0 1 1 0 1 1 0 1 0 0 1 1 1 2 2 0 1 0 0 0 1 0 1 1 1 0 0
geno chr22.24096268 fin  1 2 0 1 0 1 1 0 1 1 1 1 2 0 0 0 0 1 1 1 2 1 2 1 0 2 1 1 2 1 1 0 1 0 0 0 2 1 2 1 0 1 1 2 1 1 2 0 1 1 0 0 0 0 0 0 1 2 0 0 0 0 0 0 2 0 1 1 1 1 0 1 1 2 0 1 0 1 2 1 0 2 1 1 1 0 0 0 2
geno chr22.24096268 gbr  2 2 1 0 0 1 1 2 1 1 1 1 0 1 2 0 2 2 1 0 1 0 2 0 1 0 1 0 0 0 1 1 1 1 0 1 1 1 1 1 2 0 0 1 2 0 2 0 0 2 0 0 0 0 1 1 0 1 0 1 2 0 1 0 0 1 1 1 1 0 0 1 2 0 2 0 1 1 1 2 1 1 1 0
geno chr22.24096268 tsi  0 1 1 0 0 0 1 0 1 1 1 1 0 1 1 0 0 0 1 2 1 0 2 1 1 1 1 1 0 0 0 0 1 2 1 2 1 0 0 2 0 1 1 1 2 1 0 0 0 0 1 0 0 1 1 1 1 1 1 0 1 1 1 1 0 2 0 1 0 2 0 1 2 0 0 0 0 1 0 1 1 1 1 0 0 1 1 0 2 1 1 1
geno chr22.24096268 yri  1 2 2 2 1 2 1 2 2 1 2 1 1 2 1 2 1 2 0 2 2 0 1 1 0 1 1 2 0 1 2 2 0 1 1 1 2 0 1 0 0 0 2 1 1 1 1 0 1 0 1 2 0 1 0 2 1 2 1 1 1 1 2 1 0 2 1 2 0 1 1 0 0 1 1 2 0
geno chr22.24096400 ceu  0 0 0 0 0 1 0 0 0 0 0 0 0 0 0 0 1 0 0 0 0 0 1 0 0 0 0 1 0 0 0 0 0 1 0 0 0 0 0 0 0 0 0 0 1 0 0 0 1 0 0 0 0 0 0 0 0 0 0 0 0 0 1 0 2 0 0 0 0 0 0 0 0 0 0 0 0 0
geno chr22.24096400 fin  0 1 0 1 0 0 0 0 0 0 0 0 0 0 0 0 0 0 0 0 1 0 0 1 0 0 0 0 1 0 0 0 0 0 0 0 0 0 1 0 0 0 0 2 0 0 0 0 0 0 0 0 0 0 0 0 0 1 0 0 0 0 0 0 0 0 0 0 0 1 0 1 0 0 0 1 0 0 1 0 0 1 0 0 1 0 0 0 1
geno chr22.24096400 gbr  1 2 0 0 0 0 0 1 0 0 0 1 0 1 1 0 1 0 0 0 0 0 0 0 0 0 0 0 0 0 0 1 0 1 0 0 0 0 0 1 1 0 0 0 0 0 1 0 0 1 0 0 0 0 0 0 0 1 0 1 0 0 1 0 0 0 0 0 0 0 0 0 0 0 1 0 1 0 0 0 0 1 0 0
geno chr22.24096400 tsi  0 0 0 0 0 0 0 0 0 1 0 1 0 0 0 0 0 0 0 0 0 0 0 0 0 0 0 0 0 0 0 0 0 0 0 0 0 0 0 0 0 0 1 0 1 0 0 0 0 0 0 0 0 1 1 1 1 0 1 0 0 0 0 0 0 1 0 0 0 1 0 1 1 0 0 0 0 0 0 0 1 1 0 0 0 1 0 0 1 0 0 1
geno chr22.24096400 yri  0 2 2 0 1 1 1 1 1 0 0 0 1 0 1 1 1 2 0 1 2 0 0 1 0 1 0 1 0 0 2 1 0 0 0 0 1 0 1 0 0 0 2 1 0 0 1 0 0 0 0 1 0 0 0 0 1 1 1 1 0 1 1 1 0 1 1 1 0 1 1 0 0 1 0 1 0
geno chr22.24096464 ceu  0 0 1 0 1 0 0 0 2 0 1 1 1 1 0 1 0 0 0 0 2 0 0 0 1 0 0 0 0 0 1 0 1 0 1 1 1 1 0 0 1 0 0 1 0 0 0 0 1 0 1 0 1 1 0 0 1 0 1 0 0 0 0 0 0 1 0 1 0 0 0 1 0 0 0 1 0 0
geno chr22.24096464 fin  0 0 0 0 0 0 1 0 0 1 0 0 0 0 0 0 0 1 0 0 0 0 0 0 0 1 0 0 1 1 0 0 1 0 0 0 1 0 1 1 0 0 0 0 0 1 1 0 0 0 0 0 0 0 0 0 1 0 0 0 0 0 0 0 1 0 1 0 1 0 0 0 0 1 0 0 0 0 1 0 0 0 1 0 0 0 0 0 1
geno chr22.24096464 gbr  0 0 0 0 0 0 0 0 1 1 0 0 0 0 0 0 0 0 0 0 1 0 1 0 1 0 0 0 0 0 1 0 1 0 0 1 1 0 1 0 0 0 0 1 1 0 1 0 0 0 0 0 0 0 0 0 0 0 0 0 0 0 0 0 0 1 0 0 1 0 0 1 1 0 0 0 0 0 1 2 1 0 1 0
geno chr22.24096464 tsi  0 0 1 0 0 0 1 0 1 0 1 0 0 1 1 0 0 0 1 2 0 0 2 1 1 0 1 1 0 0 0 0 1 2 1 1 0 0 0 2 0 1 0 1 1 1 0 0 0 0 0 0 0 0 0 0 0 1 0 0 1 1 0 1 0 1 0 0 0 1 0 0 1 0 0 0 0 0 0 1 0 0 0 0 0 0 1 0 0 0 0 0
geno chr22.24096464 yri  0 0 0 0 0 1 0 0 0 0 1 0 0 1 0 0 0 0 0 0 0 0 0 0 0 0 0 0 0 0 0 0 0 0 0 0 0 0 0 0 0 0 0 0 0 1 0 0 0 0 0 0 0 0 0 0 0 0 0 0 0 0 1 0 0 0 0 0 0 0 0 0 0 0 0 0 0
