pheno ENSG00000111913 ceu 0.5154086 2.193474 1.256524 2.462775 0.6299307 0.8151546 0.1114804 1.516596 0.6183629 0.7301304 1.164007 -0.2544828 -0.335396 -0.07797311 1.506453 1.341584 0.6290673 4.517015 2.151245 -0.5068039 2.257887 0.6123216 -0.3737672 0.2136199 1.046456 0.7161722 0.7660916 0.6122629 1.760984 0.08057828 2.382951 1.255833 0.5084192 -0.7937526 0.5661488 3.597554 1.513161 0.918939 -0.3543416 -0.4140441 2.193805 0.448898 0.1632545 -0.09324507 0.652449 1.45027 0.5880631 0.6948183 -0.5022983 1.48568 2.012778 1.683383 0.5588972 1.42258 0.3954329 -0.6427409 0.03394104 2.624394 2.014956 -0.3382126 1.927103 2.890878 3.283273 0.5445231 0.4751565 0.05331878 1.96154 0.1166029 0.6108972 0.2410545 -0.4859299 1.285566 2.346129 1.875897 -0.8951941 1.459859 1.694554 -0.3023225
pheno ENSG00000111913 fin 0.1235576 0.6669934 -0.5531021 0.7090117 0.7248997 0.6257691 -0.508074 2.412154 0.07564611 -0.4709615 1.746377 -0.9702711 1.367961 1.244271 0.3299917 1.435078 1.738416 2.436887 1.408466 0.09572657 1.57928 -0.1559049 -0.4369615 0.8153743 2.380701 3.454386 2.232025 -0.2056349 1.005088 0.2728519 -0.5652014 3.351718 1.475258 1.295408 -0.6072128 1.064499 -0.7029243 1.385692 2.914892 3.29058 3.241988 2.078104 1.291672 2.414663 0.7075782 2.339939 2.9326 1.805156 0.8988833 1.626247 2.317185 1.586222 -0.08687213 -0.3149378 3.961735 1.896463 0.1259094 1.374996 1.68218 -0.5351519 2.388285 -0.4108209 1.119664 1.089774 1.796786 2.07543 0.7918521 1.068469 2.528062 3.577952 1.781979 -0.03713903 1.578211 1.385001 2.050371 -0.1141774 2.9788 -0.467766 1.072176 2.505209 -0.4643725 0.5931585 0.7242093 2.292457 0.6176902 -1.347587 1.649838 -0.4102804 0.8620806
pheno ENSG00000111913 gbr 2.461591 2.239696 2.758721 2.880096 3.52271 4.619166 0.1306408 3.038769 -0.5003957 3.17052 3.163025 3.102354 1.831235 4.063432 3.377432 3.4442 0.5091061 0.2787634 1.270349 1.348572 3.340016 -0.08387906 1.104398 3.987002 0.287774 0.9500746 1.602129 3.233789 1.899106 0.8936316 2.492927 1.905524 2.208435 -0.1402937 2.129265 2.872642 2.007283 2.463926 3.876736 3.316283 1.323679 3.552204 1.412423 0.3841236 2.248803 1.194878 1.234385 2.879395 2.297418 0.7008514 1.909311 3.710465 1.441597 0.4324024 3.250107 1.411812 2.040392 3.643274 1.86576 1.827103 0.0008382532 3.077006 2.249515 0.002212778 2.365327 3.395794 2.464382 3.114349 0.5251029 1.589949 1.199253 2.386439 0.7528283 2.587167 3.591485 -0.2404346 3.009887 3.157434 3.317913 1.527626 1.510354 1.112432 2.775427 2.92116
pheno ENSG00000111913 tsi 2.100855 0.2853407 1.83557 4.017528 2.780901 2.216122 1.720458 1.746968 1.22921 1.302693 -1.023067 1.68362 4.071616 1.864158 1.662777 2.036881 0.9996985 3.399125 1.393176 0.4101804 1.23173 2.404336 -0.8942595 2.246392 1.826765 2.733992 1.605935 -0.264133 2.802625 0.6617001 3.011 1.285768 0.3352003 1.751439 0.6610172 1.155756 0.6734419 0.8319276 0.6925502 1.948466 0.4333872 1.00174 1.523239 1.674935 1.407348 0.08348258 1.619704 2.312341 3.325718 2.542454 0.916158 -0.8960258 2.894478 -0.2166188 0.4646118 3.927775 1.963404 2.53917 0.9576224 0.9203328 0.7915187 1.661342 1.606098 -0.04419016 -0.2317901 -0.01443474 1.203652 -0.3094049 -0.8779943 2.69747 0.6419222 2.844561 1.782579 -0.2692647 2.279287 1.950508 0.3848011 0.765206 1.135607 2.487252 2.639431 0.8143527 -0.01903788 1.94851 1.82578 1.449468 0.8866991 1.998523 -0.3280425 1.992487 1.972278 0.9500448
pheno ENSG00000111913 yri -2.155263 -1.428484 -0.9622772 -2.505671 -2.386416 -2.509711 -0.477454 -2.049938 -3.626009 -2.261678 -0.4783052 -1.683993 -2.133387 -0.6722222 -2.529294 -2.518669 -0.7713095 -0.3858402 -0.8379114 -1.640621 -1.058701 -0.8600722 0.7849671 -1.24452 -2.036237 -1.494863 -0.4368105 -1.409322 -3.010961 -1.352363 -0.9340799 -1.46128 -1.85099 0.05295187 -0.6666379 0.078403 -2.70201 -0.6095809 -1.221878 -2.234883 -2.260549 -3.547378 -1.557457 -0.460048 -1.172834 -2.060716 -0.9166734 -1.078563 -1.370236 -2.79862 -1.851553 -2.116186 -2.11389 -2.493219 -1.612247 -0.9231532 -2.579701 -2.042655 -1.922854 -1.316774 -1.435451 -2.197479 -0.4379594 -2.881041 -1.943011 -2.688244 -1.912587 -2.479884 -3.230556 -1.430251 -2.296313 -1.135533 -1.950844 -1.135947 -1.974011 -2.259623 -2.160732
geno chr6.24942506 ceu  0 0 0 1 0 0 1 0 0 1 1 0 0 1 1 0 0 0 0 1 0 0 0 0 0 0 0 0 1 1 0 1 0 0 1 0 0 0 1 0 0 0 0 0 0 0 0 0 0 0 0 0 0 0 0 1 2 1 0 1 1 0 0 0 0 0 1 0 2 1 0 1 0 0 0 0 1 1
geno chr6.24942506 fin  1 0 0 0 0 0 0 0 0 0 0 0 0 0 1 0 1 0 0 2 0 0 0 0 0 0 0 1 0 1 0 0 2 1 0 0 0 0 2 0 0 0 0 0 0 0 0 0 0 0 2 0 0 1 1 0 0 0 1 0 0 0 0 0 0 0 0 1 0 0 1 0 1 1 0 0 0 1 1 1 0 0 0 0 0 0 1 1 1
geno chr6.24942506 gbr  0 0 0 1 1 0 0 0 0 0 0 0 1 0 0 0 0 0 1 0 1 0 0 0 0 0 1 0 0 0 0 0 1 0 0 0 0 0 0 0 0 0 0 1 0 0 0 0 1 1 0 0 0 0 0 0 1 0 0 1 1 0 0 1 0 2 0 0 0 2 0 0 0 0 0 0 0 0 0 0 0 2 0 1
geno chr6.24942506 tsi  0 0 0 0 0 0 0 0 0 0 1 0 0 0 0 0 1 0 0 0 1 1 0 0 0 0 0 0 0 1 1 1 0 0 1 0 0 0 0 1 0 0 0 0 0 0 0 0 0 2 1 1 0 0 1 0 0 1 0 1 1 1 0 0 1 0 1 1 2 0 0 0 0 0 0 1 0 1 0 0 0 0 1 0 0 0 1 0 1 0 0 1
geno chr6.24942506 yri  0 0 0 0 1 1 0 1 0 0 0 0 0 0 0 2 0 0 0 0 0 1 0 0 0 0 1 0 0 0 0 0 0 0 0 0 0 0 0 0 0 0 0 0 0 0 0 0 0 0 0 0 0 0 0 0 0 0 0 1 1 0 1 0 0 0 1 1 0 0 0 0 0 0 1 0 1
geno chr6.24943227 ceu  0 0 0 1 0 0 1 0 0 1 1 0 0 1 1 0 0 0 0 2 0 0 0 0 0 0 0 0 1 1 0 1 0 0 1 0 0 0 1 0 0 0 0 0 0 0 0 0 0 0 0 0 0 0 0 1 2 1 0 2 1 0 0 0 0 0 1 0 2 1 0 1 0 0 0 0 1 1
geno chr6.24943227 fin  1 0 0 0 0 0 0 0 0 0 0 0 0 0 1 0 1 0 0 2 0 0 0 0 0 0 0 1 0 1 1 0 2 1 0 0 0 0 2 0 0 0 0 0 0 0 0 0 0 0 2 0 0 1 1 0 0 0 1 0 0 0 0 0 0 0 0 1 0 0 1 0 1 1 0 0 0 1 1 1 0 0 0 0 0 0 1 1 1
geno chr6.24943227 gbr  0 0 0 1 1 0 1 0 0 0 0 0 1 0 0 0 0 0 1 0 1 0 0 0 0 0 1 0 0 0 0 0 1 0 0 0 0 0 0 0 1 0 0 1 0 0 0 0 1 1 0 0 0 0 0 0 1 0 0 1 1 0 1 1 0 2 0 0 0 2 0 0 0 0 0 0 0 0 0 0 0 2 0 1
geno chr6.24943227 tsi  0 0 0 0 0 0 0 0 0 0 1 0 0 0 0 0 1 0 0 0 1 1 0 0 0 0 0 0 1 1 1 1 1 0 1 0 0 0 0 1 0 0 0 0 0 0 0 0 0 2 1 1 0 0 1 0 0 1 0 1 1 1 0 0 1 0 1 1 2 0 0 0 0 0 0 1 0 1 0 0 0 1 1 0 0 0 1 0 1 0 0 1
geno chr6.24943227 yri  0 0 0 0 1 1 0 1 0 0 0 0 0 0 0 2 0 0 0 0 0 1 0 0 0 0 1 0 0 0 0 1 1 1 0 0 0 0 0 0 0 0 0 0 0 0 0 0 0 0 0 0 0 0 0 0 1 0 0 1 1 0 1 1 0 0 2 1 0 0 0 1 0 0 1 1 1
geno chr6.24943454 ceu  0 0 0 1 0 0 1 0 0 1 1 0 0 1 1 0 0 0 0 2 0 0 0 0 0 0 0 0 1 1 0 1 0 0 1 0 0 0 1 0 0 0 0 0 0 0 0 0 0 0 0 0 0 0 0 1 2 1 0 2 1 0 0 0 0 0 1 0 2 1 0 1 0 0 0 0 1 1
geno chr6.24943454 fin  1 0 0 0 0 0 0 0 0 0 0 0 0 0 1 0 1 0 0 2 0 0 0 0 0 0 0 1 0 1 1 0 2 1 0 0 0 0 2 0 0 0 0 0 0 0 0 0 0 0 2 0 0 1 1 0 0 0 1 0 0 0 0 0 0 0 0 1 0 0 1 0 1 1 0 0 0 1 1 1 0 0 0 0 0 0 1 1 1
geno chr6.24943454 gbr  0 0 0 1 1 0 1 0 0 0 0 0 1 0 0 0 0 0 1 0 1 0 0 0 0 0 1 0 0 0 0 0 1 0 0 0 0 0 0 0 1 0 0 1 0 0 0 0 1 1 0 0 0 0 0 0 1 0 0 1 1 0 1 1 0 2 0 0 0 2 0 0 0 0 0 0 0 0 0 0 0 2 0 1
geno chr6.24943454 tsi  0 0 0 0 0 0 0 0 0 0 1 0 0 0 0 0 1 0 0 0 1 1 0 0 0 0 0 0 1 1 1 1 1 0 1 0 0 0 0 1 0 0 0 0 0 0 0 0 0 2 1 1 0 0 1 0 0 1 0 1 1 1 0 0 1 0 1 1 2 0 0 0 0 0 0 1 0 1 0 0 0 1 1 0 0 0 1 0 1 0 0 1
geno chr6.24943454 yri  0 0 0 0 1 1 0 1 0 0 0 0 0 0 0 2 0 0 0 0 0 1 0 0 0 0 1 0 0 0 0 1 1 1 0 0 0 0 0 0 0 0 0 0 0 0 0 0 0 0 0 0 0 0 0 0 1 0 0 1 1 0 1 1 0 0 2 1 0 0 0 1 0 0 1 1 1
geno chr6.24943666 ceu  0 0 0 1 0 0 1 0 0 1 1 0 0 1 1 0 0 0 0 2 0 0 0 0 0 0 0 0 1 1 0 1 0 0 1 0 0 0 1 0 0 0 0 0 0 0 0 0 0 0 0 0 0 0 0 1 2 1 0 2 1 0 0 0 0 0 1 0 2 1 0 1 0 0 0 0 1 1
geno chr6.24943666 fin  1 0 0 0 0 0 0 0 0 0 0 0 0 0 1 0 1 0 0 2 0 0 0 0 0 0 0 1 0 1 1 0 2 1 0 0 0 0 2 0 0 0 0 0 0 0 0 0 0 0 2 1 0 1 1 0 0 0 1 0 0 0 0 0 1 0 0 1 0 0 1 1 1 1 0 0 0 1 1 1 0 0 0 0 0 0 1 1 1
geno chr6.24943666 gbr  0 0 0 1 1 0 1 0 0 0 0 0 1 0 0 0 0 0 1 0 1 0 0 0 0 0 1 0 0 0 0 0 1 0 0 0 0 0 0 0 1 0 0 1 0 0 0 0 1 1 0 0 0 0 0 0 1 0 0 1 1 0 1 1 0 2 0 0 0 2 0 0 0 0 0 0 0 0 0 0 0 2 0 1
geno chr6.24943666 tsi  0 0 0 0 0 0 0 0 0 0 1 0 0 0 0 0 1 0 0 0 1 1 0 0 0 0 0 0 1 1 1 1 1 0 1 0 0 0 0 1 0 0 0 0 0 0 0 0 0 2 1 1 0 0 1 0 0 1 0 1 1 1 0 0 1 0 1 1 2 0 0 0 0 0 0 1 0 1 0 0 0 1 1 0 0 0 1 0 1 0 0 1
geno chr6.24943666 yri  0 0 0 0 1 1 0 1 0 0 0 0 0 0 0 2 0 0 0 0 0 1 0 0 0 0 1 0 0 0 0 1 1 1 0 0 0 0 0 0 0 0 0 0 0 0 0 0 0 0 0 0 0 0 0 0 1 1 0 1 1 0 1 1 0 0 2 1 0 0 0 1 0 0 1 1 1
geno chr6.24943696 ceu  0 0 0 1 0 0 1 0 0 0 1 0 0 1 1 0 0 0 0 1 0 0 0 0 0 0 0 0 1 1 0 1 0 0 1 0 0 0 1 0 0 0 0 0 0 0 0 0 0 0 0 0 0 0 0 1 2 1 0 1 1 0 0 0 0 0 1 0 2 1 0 1 0 0 0 0 1 1
geno chr6.24943696 fin  1 0 0 0 0 0 0 0 0 0 0 0 0 0 1 0 1 0 0 2 0 0 0 0 0 0 0 1 0 1 0 0 2 1 0 0 0 0 2 0 0 0 0 0 0 0 0 0 0 0 2 0 0 1 1 0 0 0 1 0 0 0 0 0 0 0 0 1 0 0 1 0 0 1 0 0 0 1 1 1 0 0 0 0 0 0 0 1 1
geno chr6.24943696 gbr  0 0 0 1 1 0 0 0 0 0 0 0 1 0 0 0 0 0 1 0 1 0 0 0 0 0 1 0 0 0 0 0 1 0 0 0 0 0 0 0 0 0 0 1 0 0 0 0 1 1 0 0 0 0 0 0 1 0 0 1 1 0 0 1 0 2 0 0 0 2 0 0 0 0 0 0 0 0 0 0 0 2 0 1
geno chr6.24943696 tsi  0 0 0 0 0 0 0 0 0 0 1 0 0 0 0 0 1 0 0 0 1 1 0 0 0 0 0 0 0 1 0 1 0 0 1 0 0 0 0 0 0 0 0 0 0 0 0 0 0 2 0 1 0 0 1 0 0 1 0 1 1 0 0 0 1 0 1 1 2 0 0 0 0 0 0 1 0 1 0 0 0 0 1 0 0 0 1 0 0 0 0 1
geno chr6.24943696 yri  0 0 0 0 1 0 0 0 0 0 0 0 0 0 0 1 0 0 0 0 0 1 0 0 0 0 0 0 0 0 0 0 0 0 0 0 0 0 0 0 0 0 0 0 0 0 0 0 0 0 0 0 0 0 0 0 0 0 0 0 0 0 1 0 0 0 0 1 0 0 0 0 0 0 0 0 0
geno chr6.24943775 ceu  0 0 0 1 0 0 1 0 0 1 1 0 0 1 1 0 0 0 0 2 0 0 0 0 0 0 0 0 1 1 0 1 0 0 1 0 0 0 1 0 0 0 0 0 0 0 0 0 0 0 0 0 0 0 0 1 2 1 0 2 1 0 0 0 0 0 1 0 2 1 0 1 0 0 0 0 1 1
geno chr6.24943775 fin  1 0 0 0 0 0 0 0 0 0 0 0 0 0 1 0 1 0 0 2 0 0 0 0 0 0 0 1 0 1 1 0 2 1 0 0 0 0 2 0 0 0 0 0 0 0 0 0 0 0 2 0 0 1 1 0 0 0 1 0 0 0 0 0 0 0 0 1 0 0 1 0 1 1 0 0 0 1 1 1 0 0 0 0 0 0 1 1 1
geno chr6.24943775 gbr  0 0 0 1 1 0 1 0 0 0 0 0 1 0 0 0 0 0 1 0 1 0 0 0 0 0 1 0 0 0 0 0 1 0 0 0 0 0 0 0 1 0 0 1 0 0 0 0 1 1 0 0 0 0 0 0 1 0 0 1 1 0 1 1 0 2 0 0 0 2 0 0 0 0 0 0 0 0 0 0 0 2 0 1
geno chr6.24943775 tsi  0 0 0 0 0 0 0 0 0 0 1 0 0 0 0 0 1 0 0 0 1 1 0 0 0 0 0 0 1 1 1 1 1 0 1 0 0 0 0 1 0 0 0 0 0 0 0 0 0 2 1 1 0 0 1 0 0 1 0 1 1 1 0 0 1 0 1 1 2 0 0 0 0 0 0 1 0 1 0 0 0 1 1 0 0 0 1 0 1 0 0 1
geno chr6.24943775 yri  0 0 0 0 1 1 0 1 0 0 0 0 0 0 0 2 0 0 0 0 0 1 0 0 0 0 1 0 0 0 0 1 1 1 0 0 0 0 0 0 0 0 0 0 0 0 0 0 0 0 0 0 0 0 0 0 1 0 0 1 1 0 1 1 0 0 2 1 0 0 0 1 0 0 1 1 1
geno chr6.24943790 ceu  0 0 0 1 0 0 1 0 0 1 1 0 0 1 1 0 0 0 0 2 0 0 0 0 0 0 0 0 1 1 0 1 0 0 1 0 0 0 1 0 0 0 0 0 0 0 0 0 0 0 0 0 0 0 0 1 2 1 0 2 1 0 0 0 0 0 1 0 2 1 0 1 0 0 0 0 1 1
geno chr6.24943790 fin  1 0 0 0 0 0 0 0 0 0 0 0 0 0 1 0 1 0 0 2 0 0 0 0 0 0 0 1 0 1 1 0 2 1 0 0 0 0 2 0 0 0 0 0 0 0 0 0 0 0 2 0 0 1 1 0 0 0 1 0 0 0 0 0 0 0 0 1 0 0 1 0 1 1 0 0 0 1 1 1 0 0 0 0 0 0 1 1 1
geno chr6.24943790 gbr  0 0 0 1 1 0 1 0 0 0 0 0 1 0 0 0 0 0 1 0 1 0 0 0 0 0 1 0 0 0 0 0 1 0 0 0 0 0 0 0 1 0 0 1 0 0 0 0 1 1 0 0 0 0 0 0 1 0 0 1 1 0 1 1 0 2 0 0 0 2 0 0 0 0 0 0 0 0 0 0 0 2 0 1
geno chr6.24943790 tsi  0 0 0 0 0 0 0 0 0 0 1 0 0 0 0 0 1 0 0 0 1 1 0 0 0 0 0 0 1 1 1 1 1 0 1 0 0 0 0 1 0 0 0 0 0 0 0 0 0 2 1 1 0 0 1 0 0 1 0 1 1 1 0 0 1 0 1 1 2 0 0 0 0 0 0 1 0 1 0 0 0 1 1 0 0 0 1 0 1 0 0 1
geno chr6.24943790 yri  0 0 0 0 1 1 0 1 0 0 0 0 0 0 0 2 0 0 0 0 0 1 0 0 0 0 1 0 0 0 0 1 1 1 0 0 0 0 0 0 0 0 0 0 0 0 0 0 0 0 0 0 0 0 0 0 1 0 0 1 1 0 1 1 0 0 2 1 0 0 0 1 0 0 1 1 1
geno chr6.24943831 ceu  0 0 1 1 0 2 0 0 0 0 1 0 0 0 0 0 1 0 0 0 2 0 1 0 0 1 0 1 1 0 0 0 0 0 1 0 0 0 0 0 1 0 0 0 0 0 0 0 0 1 0 1 0 1 1 0 0 1 0 0 0 0 1 0 1 1 1 0 0 0 0 0 0 0 0 0 1 0
geno chr6.24943831 fin  1 0 0 0 0 0 0 2 0 0 0 0 0 0 0 0 0 0 0 0 0 0 0 0 0 2 0 0 0 0 0 0 0 0 0 0 0 0 0 1 0 1 1 1 0 1 1 0 1 0 0 0 0 0 0 1 0 0 0 0 0 0 0 0 0 1 0 0 0 0 0 0 0 0 0 0 0 0 0 0 0 0 0 0 0 0 0 0 0
geno chr6.24943831 gbr  0 1 1 1 0 0 0 0 0 1 1 1 1 1 1 0 0 0 0 0 1 0 0 1 0 0 1 1 0 1 0 1 0 0 0 2 0 1 1 0 1 1 0 0 1 1 1 0 0 0 1 0 0 0 0 0 0 0 0 0 0 0 0 0 0 0 0 0 0 0 0 1 0 0 1 0 0 0 1 0 1 0 2 0
geno chr6.24943831 tsi  1 0 1 1 1 1 0 1 0 0 0 1 1 0 1 1 0 2 0 0 0 1 0 2 0 1 1 0 1 0 1 0 0 2 0 1 0 0 0 0 1 0 1 0 0 1 1 1 0 0 0 0 0 0 0 1 1 1 1 0 0 1 0 1 0 1 1 0 0 1 1 1 1 0 1 1 0 1 1 0 1 1 0 0 1 1 1 1 0 0 1 0
geno chr6.24943831 yri  0 0 0 0 0 0 0 0 0 0 0 0 0 0 0 0 0 0 0 0 0 0 0 0 0 0 0 0 0 0 0 0 0 0 0 0 0 0 0 0 0 0 0 0 0 0 0 0 0 0 0 0 0 0 0 0 0 0 0 0 0 0 0 0 0 0 0 0 0 0 0 0 0 0 0 0 0
geno chr6.24943843 ceu  0 0 0 1 0 0 1 0 0 1 1 0 0 1 1 0 0 0 0 2 0 0 0 0 0 0 0 0 1 1 0 1 0 0 1 0 0 0 1 0 0 0 0 0 0 0 0 0 0 0 0 0 0 0 0 1 2 1 0 2 1 0 0 0 0 0 1 0 2 1 0 1 0 0 0 0 1 1
geno chr6.24943843 fin  1 0 0 0 0 0 0 0 0 0 0 0 0 0 1 0 1 0 0 2 0 0 0 0 0 0 0 1 0 1 1 0 2 1 0 0 0 0 2 0 0 0 0 0 0 0 0 0 0 0 2 0 0 1 1 0 0 0 1 0 0 0 0 0 0 0 0 1 0 0 1 0 1 1 0 0 0 1 1 1 0 0 0 0 0 0 1 1 1
geno chr6.24943843 gbr  0 0 0 1 1 0 1 0 0 0 0 0 1 0 0 0 0 0 1 0 1 0 0 0 0 0 1 0 0 0 0 0 1 0 0 0 0 0 0 0 1 0 0 1 0 0 0 0 1 1 0 0 0 0 0 0 1 0 0 1 1 0 1 1 0 2 0 0 0 2 0 0 0 0 0 0 0 0 0 0 0 2 0 1
geno chr6.24943843 tsi  0 0 0 0 0 0 0 0 0 0 1 0 0 0 0 0 1 0 0 0 1 1 0 0 0 0 0 0 1 1 1 1 1 0 1 0 0 0 0 1 0 0 0 0 0 0 0 0 0 2 1 1 0 0 1 0 0 1 0 1 1 1 0 0 1 0 1 1 2 0 0 0 0 0 0 1 0 1 0 0 0 1 1 0 0 0 1 0 1 0 0 1
geno chr6.24943843 yri  0 0 0 0 1 1 0 1 0 0 0 0 0 0 0 2 0 0 0 0 0 1 0 0 0 0 1 0 0 0 0 1 1 1 0 0 0 0 0 0 0 0 0 0 0 0 0 0 0 0 0 0 0 0 0 0 1 0 0 1 1 0 1 1 0 0 2 1 0 0 0 1 0 0 1 1 1
geno chr6.24943892 ceu  0 1 0 0 0 0 0 0 0 0 0 0 0 0 0 0 0 0 0 0 0 0 0 0 0 0 0 1 0 0 0 0 0 1 0 0 0 0 0 0 0 0 0 0 0 0 0 0 0 0 0 0 0 0 0 0 0 0 0 0 0 1 0 0 0 0 0 0 0 0 0 0 0 1 0 0 0 0
geno chr6.24943892 fin  0 0 0 0 0 0 0 0 0 0 0 0 0 1 0 0 0 0 0 0 0 0 0 0 0 0 1 0 0 0 0 0 0 0 0 0 1 0 0 0 0 0 0 0 0 0 0 0 0 0 0 0 0 0 0 0 0 0 0 1 0 0 0 0 0 0 0 0 0 0 0 0 0 0 0 0 0 0 0 0 0 0 0 0 0 0 0 0 0
geno chr6.24943892 gbr  0 0 0 0 0 0 0 1 0 1 0 0 0 0 0 0 0 1 0 0 0 0 0 0 0 1 0 0 0 0 0 0 0 0 0 0 0 0 1 0 0 0 0 0 0 0 0 0 0 0 0 0 1 0 0 0 0 1 0 0 0 0 0 0 0 0 0 1 0 0 0 1 0 0 0 1 0 0 0 0 0 0 0 0
geno chr6.24943892 tsi  0 0 0 0 0 0 0 0 0 0 0 0 0 0 0 0 1 0 0 1 1 0 1 0 0 0 0 1 0 0 0 0 0 0 0 0 1 0 0 0 0 0 0 0 0 0 0 0 0 0 0 0 0 0 0 0 0 0 0 0 0 0 0 0 0 0 0 0 0 0 0 0 0 0 0 0 1 0 0 0 0 0 0 0 0 0 0 0 0 1 0 0
geno chr6.24943892 yri  0 0 0 0 0 0 0 0 0 0 0 0 0 0 0 0 1 0 1 1 1 0 0 0 0 1 1 2 1 1 2 0 0 0 1 0 0 1 0 1 0 0 1 0 0 0 1 1 2 1 0 1 0 0 0 0 0 1 1 0 0 1 0 1 1 0 0 0 1 1 0 0 0 0 0 0 0
geno chr6.24943900 ceu  0 0 0 1 0 0 1 0 0 1 1 0 0 1 1 0 0 0 0 2 0 0 0 0 0 0 0 0 1 1 0 1 0 0 1 0 0 0 1 0 0 0 0 0 0 0 0 0 0 0 0 0 0 0 0 1 2 1 0 2 1 0 0 0 0 0 1 0 2 1 0 1 0 0 0 0 1 1
geno chr6.24943900 fin  1 0 0 0 0 0 0 0 0 0 0 0 0 0 1 0 1 0 0 2 0 0 0 0 0 0 0 1 0 1 1 0 2 1 0 0 0 0 2 0 0 0 0 0 0 0 0 0 0 0 2 0 0 1 1 0 0 0 1 0 0 0 0 0 0 0 0 1 0 0 1 0 1 1 0 0 0 1 1 1 0 0 0 0 0 0 1 1 1
geno chr6.24943900 gbr  0 0 0 1 1 0 1 0 0 0 0 0 1 0 0 0 0 0 1 0 1 0 0 0 0 0 1 0 0 0 0 0 1 0 0 0 0 0 0 0 1 0 0 1 0 0 0 0 1 1 0 0 0 0 0 0 1 0 0 1 1 0 1 1 0 2 0 0 0 2 0 0 0 0 0 0 0 0 0 0 0 2 0 1
geno chr6.24943900 tsi  0 0 0 0 0 0 0 0 0 0 1 0 0 0 0 0 1 0 0 0 1 1 0 0 0 0 0 0 1 1 1 1 1 0 1 0 0 0 0 1 0 0 0 0 0 0 0 0 0 2 1 1 0 0 1 0 0 1 0 1 1 1 0 0 1 0 1 1 2 0 0 0 0 0 0 1 0 1 0 0 0 1 1 0 0 0 1 0 1 0 0 1
geno chr6.24943900 yri  0 0 0 0 1 1 0 1 0 0 0 0 0 0 0 2 0 0 0 0 0 1 0 0 0 0 1 0 0 0 0 1 1 1 0 0 0 0 0 0 0 0 0 0 0 0 0 0 0 0 0 0 0 0 0 0 1 0 0 1 1 0 1 1 0 0 2 1 0 0 0 1 0 0 1 1 1
geno chr6.24944039 ceu  0 1 0 0 0 0 0 0 0 0 0 0 0 0 0 0 0 0 0 0 0 0 0 0 0 0 0 1 0 0 0 0 0 1 0 0 0 0 0 0 0 0 0 0 0 0 0 0 0 0 0 0 0 0 0 0 0 0 0 0 0 1 0 0 0 0 0 0 0 0 0 0 0 1 0 0 0 0
geno chr6.24944039 fin  0 0 0 0 0 0 0 0 0 0 0 0 0 1 0 0 0 0 0 0 0 0 0 0 0 0 1 0 0 0 0 0 0 0 0 0 1 0 0 0 0 0 0 0 0 0 0 0 0 0 0 0 0 0 0 0 0 0 0 1 0 0 0 0 0 0 0 0 0 0 0 0 0 0 0 0 0 0 0 0 0 0 0 0 0 0 0 0 0
geno chr6.24944039 gbr  0 0 0 0 0 0 0 1 0 1 0 0 0 0 0 0 0 1 0 0 0 0 0 0 0 1 0 0 0 0 0 0 0 0 0 0 0 0 0 0 0 0 0 0 0 0 0 0 0 0 0 0 1 0 0 0 0 1 0 0 0 0 0 0 0 0 0 1 0 0 0 1 0 0 0 1 0 0 0 0 0 0 0 0
geno chr6.24944039 tsi  0 0 0 0 0 0 0 0 0 0 0 0 0 0 0 0 1 0 0 1 1 0 1 0 0 0 0 1 0 0 0 0 0 0 0 0 1 0 0 0 0 0 0 0 0 0 0 0 0 0 0 0 0 0 0 0 0 0 0 0 0 0 0 0 0 0 0 0 0 0 0 0 0 0 0 0 1 0 0 0 0 0 0 0 0 0 0 0 0 1 0 0
geno chr6.24944039 yri  0 0 0 0 0 0 0 0 0 0 0 0 0 0 0 0 0 0 0 0 0 0 0 0 0 0 0 0 0 0 0 0 0 0 0 0 0 0 0 0 0 0 0 0 0 0 0 0 0 0 0 0 0 0 0 0 0 0 0 0 0 0 0 0 0 0 0 0 0 0 0 0 0 0 0 0 0
geno chr6.24944109 ceu  0 0 0 1 0 0 1 0 0 1 1 0 0 1 1 0 0 0 0 2 0 0 0 0 0 0 0 0 1 1 0 1 0 0 1 0 0 0 1 0 0 0 0 0 0 0 0 0 0 0 0 0 0 0 0 1 2 1 0 2 1 0 0 0 0 0 1 0 2 1 0 1 0 0 0 0 1 1
geno chr6.24944109 fin  1 0 0 0 0 0 0 0 0 0 0 0 0 0 1 0 1 0 0 2 0 0 0 0 0 0 0 1 0 1 1 0 2 1 0 0 0 0 2 0 0 0 0 0 0 0 0 0 0 0 2 0 0 1 1 0 0 0 1 0 0 0 0 0 0 0 0 1 0 0 1 0 1 1 0 0 0 1 1 1 0 0 0 0 0 0 1 1 1
geno chr6.24944109 gbr  0 0 0 1 1 0 1 0 0 0 0 0 1 0 0 0 0 0 1 0 1 0 0 0 0 0 1 0 0 0 0 0 1 0 0 0 0 0 0 0 1 0 0 1 0 0 0 0 1 1 0 0 0 0 0 0 1 0 0 1 1 0 1 1 0 2 0 0 0 2 0 0 0 0 0 0 0 0 0 0 0 2 0 1
geno chr6.24944109 tsi  0 0 0 0 0 0 0 0 0 0 1 0 0 0 0 0 1 0 0 0 1 1 0 0 0 0 0 0 1 1 1 1 1 0 1 0 0 0 0 1 0 0 0 0 0 0 0 0 0 2 1 1 0 0 1 0 0 1 0 1 1 1 0 0 1 0 1 1 2 0 0 0 0 0 0 1 0 1 0 0 0 1 1 0 0 0 1 0 1 0 0 1
geno chr6.24944109 yri  0 0 0 0 1 1 0 1 0 0 0 0 0 0 0 2 0 0 0 0 0 1 0 0 0 0 1 0 0 0 0 1 1 1 0 0 0 0 0 0 0 0 0 0 0 0 0 0 0 0 0 0 0 0 0 0 1 0 0 1 1 0 1 1 0 0 2 1 0 0 0 1 0 0 1 1 1
geno chr6.24944217 ceu  0 0 0 1 0 0 1 0 0 1 1 0 0 1 1 0 0 0 0 2 0 0 0 0 0 0 0 0 1 1 0 1 0 0 1 0 0 0 1 0 0 0 0 0 0 0 0 0 0 0 0 0 0 0 0 1 2 1 0 2 1 0 0 0 0 0 1 0 2 1 0 1 0 0 0 0 1 1
geno chr6.24944217 fin  1 0 0 0 0 0 0 0 0 0 0 0 0 0 1 0 1 0 0 2 0 0 0 0 0 0 0 1 0 1 1 0 2 1 0 0 0 0 2 0 0 0 0 0 0 0 0 0 0 0 2 0 0 1 1 0 0 0 1 0 0 0 0 0 0 0 0 1 0 0 1 0 1 1 0 0 0 1 1 1 0 0 0 0 0 0 1 1 1
geno chr6.24944217 gbr  0 0 0 1 1 0 1 0 0 0 0 0 1 0 0 0 0 0 1 0 1 0 0 0 0 0 1 0 0 0 0 0 1 0 0 0 0 0 0 0 1 0 0 1 0 0 0 0 1 1 0 0 0 0 0 0 1 0 0 1 1 0 1 1 0 2 0 0 0 2 0 0 0 0 0 0 0 0 0 0 0 2 0 1
geno chr6.24944217 tsi  0 0 0 0 0 0 0 0 0 0 1 0 0 0 0 0 1 0 0 0 1 1 0 0 0 0 0 0 1 1 1 1 1 0 1 0 0 0 0 1 0 0 0 0 0 0 0 0 0 2 1 1 0 0 1 0 0 1 0 1 1 1 0 0 1 0 1 1 2 0 0 0 0 0 0 1 0 1 0 0 0 1 1 0 0 0 1 0 1 0 0 1
geno chr6.24944217 yri  0 0 0 0 1 1 0 1 0 0 0 0 0 0 0 2 0 0 0 0 0 1 0 0 0 0 1 0 0 0 0 1 1 1 0 0 0 0 0 0 0 0 0 0 0 0 0 0 0 0 0 0 0 0 0 0 1 0 0 1 1 0 1 1 0 0 2 1 0 0 0 1 0 0 1 1 1
geno chr6.24944253 ceu  0 0 0 1 0 0 1 0 0 1 1 0 0 1 1 0 0 0 0 2 0 0 0 0 0 0 0 0 1 1 0 1 0 0 1 0 0 0 1 0 0 0 0 0 0 0 0 0 0 0 0 0 0 0 0 1 2 1 0 2 1 0 0 0 0 0 1 0 2 1 0 1 0 0 0 0 1 1
geno chr6.24944253 fin  1 0 0 0 0 0 0 0 0 0 0 0 0 0 1 0 1 0 0 2 0 0 0 0 0 0 0 1 0 1 1 0 2 1 0 0 0 0 2 0 0 0 0 0 0 0 0 0 0 0 2 0 0 1 1 0 0 0 1 0 0 0 0 0 0 0 0 1 0 0 1 0 1 1 0 0 0 1 1 1 0 0 0 0 0 0 1 1 1
geno chr6.24944253 gbr  0 0 0 1 1 0 1 0 0 0 0 0 1 0 0 0 0 0 1 0 1 0 0 0 0 0 1 0 0 0 0 0 1 0 0 0 0 0 0 0 1 0 0 1 0 0 0 0 1 1 0 0 0 0 0 0 1 0 0 1 1 0 1 1 0 2 0 0 0 2 0 0 0 0 0 0 0 0 0 0 0 2 0 1
geno chr6.24944253 tsi  0 0 0 0 0 0 0 0 0 0 1 0 0 0 0 0 1 0 0 0 1 1 0 0 0 0 0 0 1 1 1 1 1 0 1 0 0 0 0 1 0 0 0 0 0 0 0 0 0 2 1 1 0 0 1 0 0 1 0 1 1 1 0 0 1 0 1 1 2 0 0 0 0 0 0 1 0 1 0 0 0 1 1 0 0 0 1 0 1 0 0 1
geno chr6.24944253 yri  0 0 0 0 1 1 0 1 0 0 0 0 0 0 0 2 0 0 0 0 0 1 0 0 0 0 1 0 0 0 0 1 1 1 0 0 0 0 0 0 0 0 0 0 0 0 0 0 0 0 0 0 0 0 0 0 1 0 0 1 1 0 1 1 0 0 2 1 0 0 0 1 0 0 1 1 1
geno chr6.24944359 ceu  0 0 0 1 0 0 1 0 0 1 1 0 0 1 1 0 0 0 0 2 0 0 0 0 0 0 0 0 1 1 0 1 0 0 1 0 0 0 1 0 0 0 0 0 0 0 0 0 0 0 0 0 0 0 0 1 2 1 0 2 1 0 0 0 0 0 1 0 2 1 0 1 0 0 0 0 1 1
geno chr6.24944359 fin  1 0 0 0 0 0 0 0 0 0 0 0 0 0 1 0 1 0 0 2 0 0 0 0 0 0 0 1 0 1 1 0 2 1 0 0 0 0 2 0 0 0 0 0 0 0 0 0 0 0 2 0 0 1 1 0 0 0 1 0 0 0 0 0 0 0 0 1 0 0 1 0 1 1 0 0 0 1 1 1 0 0 0 0 0 0 1 1 1
geno chr6.24944359 gbr  0 0 0 1 1 0 1 0 0 0 0 0 1 0 0 0 0 0 1 0 1 0 0 0 0 0 1 0 0 0 0 0 1 0 0 0 0 0 0 0 1 0 0 1 0 0 0 0 1 1 0 0 0 0 0 0 1 0 0 1 1 0 1 1 0 2 0 0 0 2 0 0 0 0 0 0 0 0 0 0 0 2 0 1
geno chr6.24944359 tsi  0 0 0 0 0 0 0 0 0 0 1 0 0 0 0 0 1 0 0 0 1 1 0 0 0 0 0 0 1 1 1 1 1 0 1 0 0 0 0 1 0 0 0 0 0 0 0 0 0 2 1 1 0 0 1 0 0 1 0 1 1 1 0 0 1 0 1 1 2 0 0 0 0 0 0 1 0 1 0 0 0 1 1 0 0 0 1 0 1 0 0 1
geno chr6.24944359 yri  0 0 0 0 1 1 0 1 0 0 0 0 0 0 0 2 0 0 0 0 0 1 0 0 0 0 1 0 0 0 0 1 1 1 0 0 0 0 0 0 0 0 0 0 0 0 0 0 0 0 0 0 0 0 0 0 1 0 0 1 1 0 1 1 0 0 2 1 0 0 0 1 0 0 1 1 1
geno chr6.24944442 ceu  0 0 0 1 0 0 1 0 0 1 1 0 0 1 1 0 0 0 0 2 0 0 0 0 0 0 0 0 1 1 0 1 0 0 1 0 0 0 1 0 0 0 0 0 0 0 0 0 0 0 0 0 0 0 0 1 2 1 0 2 1 0 0 0 0 0 1 0 2 1 0 1 0 0 0 0 1 1
geno chr6.24944442 fin  1 0 0 0 0 0 0 0 0 0 0 0 0 0 1 0 1 0 0 2 0 0 0 0 0 0 0 1 0 1 1 0 2 1 0 0 0 0 2 0 0 0 0 0 0 0 0 0 0 0 2 0 0 1 1 0 0 0 1 0 1 0 0 0 0 0 0 1 0 0 1 0 1 2 0 0 0 1 1 1 0 0 0 0 0 0 1 1 1
geno chr6.24944442 gbr  0 0 0 1 1 0 1 0 0 0 0 0 1 0 0 0 0 0 1 0 1 0 0 0 0 0 1 0 0 0 0 0 1 0 0 0 0 0 0 0 1 0 0 1 0 0 0 0 1 1 0 0 0 0 0 0 1 0 0 1 1 0 1 1 0 2 0 0 0 2 0 0 0 0 0 0 0 0 0 0 0 2 0 1
geno chr6.24944442 tsi  0 0 0 0 0 0 0 0 0 0 1 0 0 0 0 0 1 0 0 0 1 1 0 0 0 0 0 0 1 1 1 1 1 0 1 0 0 0 0 1 0 0 0 0 0 0 0 0 0 2 1 1 0 0 1 0 0 1 0 1 1 1 0 0 1 0 1 1 2 0 0 0 0 0 0 1 0 1 0 0 0 1 1 0 0 0 1 0 1 0 0 1
geno chr6.24944442 yri  0 0 0 0 1 1 0 1 0 0 0 0 0 0 0 2 0 0 0 0 0 1 0 0 0 0 1 0 0 0 0 1 1 1 0 0 0 0 0 0 0 0 0 0 0 0 0 0 0 0 0 0 0 0 0 0 1 0 0 1 1 0 1 1 0 0 2 1 0 0 0 1 0 0 1 1 1
geno chr6.24944839 ceu  1 1 1 1 0 2 0 1 0 0 1 0 0 0 2 0 1 1 1 0 2 0 1 1 0 1 1 1 1 0 1 0 1 0 0 2 1 1 1 1 2 0 0 0 0 0 0 0 1 1 2 1 0 2 1 0 0 1 1 0 0 1 1 1 1 1 1 0 0 1 0 0 2 1 0 1 1 0
geno chr6.24944839 fin  1 0 0 0 1 1 0 2 0 0 0 0 1 1 0 2 0 1 0 0 1 0 0 0 1 2 1 0 1 0 0 0 0 0 0 0 0 0 0 1 1 1 1 1 0 1 1 0 1 0 0 0 0 0 1 2 0 0 0 0 1 0 0 0 0 1 0 1 1 2 0 0 0 1 1 0 1 0 0 0 0 0 0 1 0 0 0 0 0
geno chr6.24944839 gbr  1 1 1 1 1 2 1 0 0 1 1 1 1 1 1 0 0 0 1 0 1 0 0 2 0 0 1 1 0 1 1 1 0 0 0 2 0 1 1 1 1 1 2 0 1 1 1 0 0 0 1 2 0 0 1 0 0 1 0 0 0 1 0 0 0 0 1 0 0 0 0 1 0 2 2 0 2 1 2 0 1 0 2 1
geno chr6.24944839 tsi  2 0 1 1 1 2 1 1 1 0 0 1 1 0 1 1 0 2 0 0 0 1 0 2 1 1 1 0 1 0 1 0 1 2 0 2 0 1 0 0 2 0 1 1 1 1 2 1 1 0 0 0 1 0 0 1 1 1 1 1 0 1 2 1 0 1 1 0 0 1 1 2 1 0 1 1 0 1 1 2 1 1 0 1 2 1 1 1 0 0 2 0
geno chr6.24944839 yri  0 1 1 0 0 0 1 0 0 1 2 1 0 0 1 0 1 0 0 0 1 0 1 0 0 0 0 0 0 0 0 0 0 0 1 0 0 0 0 0 0 0 1 1 0 0 0 0 0 0 0 0 0 0 1 0 0 0 0 1 1 0 0 0 0 0 0 0 0 0 1 0 0 0 0 0 0
geno chr6.24944848 ceu  0 1 0 1 0 0 1 0 0 1 1 0 0 1 0 0 0 0 0 2 0 0 0 0 0 0 0 1 1 1 0 1 0 1 1 0 0 0 1 0 0 0 0 0 0 0 1 0 0 0 0 0 0 0 0 1 2 1 0 2 1 1 0 0 0 0 1 0 2 1 0 1 0 1 0 0 1 1
geno chr6.24944848 fin  1 0 0 0 0 0 0 0 0 0 1 0 0 1 1 0 1 1 0 2 0 0 0 0 0 0 1 1 0 1 1 0 2 1 0 0 1 0 2 0 0 0 0 0 0 0 0 0 0 0 2 0 0 1 1 0 0 0 1 1 0 0 0 0 0 0 0 1 0 0 1 0 1 1 0 0 0 1 1 1 0 0 0 0 0 0 1 1 1
geno chr6.24944848 gbr  0 0 0 1 1 0 1 1 0 1 0 0 1 0 0 0 0 1 1 0 1 0 0 0 0 1 1 0 0 0 0 0 1 0 0 0 0 0 1 0 1 0 0 1 0 0 0 0 1 1 0 0 1 0 0 0 1 1 0 1 1 0 1 1 0 2 0 1 0 2 0 1 1 0 0 1 0 0 0 0 0 2 0 1
geno chr6.24944848 tsi  0 0 0 0 0 0 0 0 0 0 1 0 0 0 1 0 2 0 0 2 2 1 1 0 0 0 0 1 1 1 1 1 1 0 1 0 1 0 0 1 0 0 0 0 0 0 0 0 0 2 1 1 0 0 1 0 0 1 0 1 1 1 0 0 1 0 1 1 2 0 0 0 0 0 0 1 1 1 0 0 0 1 1 0 0 0 1 0 1 1 0 1
geno chr6.24944848 yri  0 0 0 1 2 1 0 1 0 0 0 0 0 0 1 2 1 0 1 1 1 1 0 1 1 1 2 2 1 2 2 1 1 2 1 0 0 1 0 2 1 1 1 0 0 0 1 1 2 1 1 1 1 1 0 0 1 1 1 1 1 1 1 2 1 1 2 1 2 1 0 2 1 0 1 1 1
geno chr6.24945037 ceu  0 0 0 1 0 0 1 0 0 1 1 0 0 1 0 0 0 0 0 2 0 0 0 0 0 0 0 0 1 1 0 1 0 0 1 0 0 0 1 0 0 0 0 0 0 0 0 0 0 0 0 0 0 0 0 1 2 1 0 2 1 0 0 0 0 0 1 0 2 1 0 1 0 0 0 0 1 1
geno chr6.24945037 fin  1 0 0 0 0 0 0 0 0 0 0 0 0 0 1 0 1 0 0 2 0 0 0 0 0 0 0 1 0 1 1 0 2 1 0 0 0 0 2 0 0 0 0 0 0 0 0 0 0 0 2 0 0 1 1 0 0 0 1 0 0 0 0 0 0 0 0 1 0 0 1 0 1 1 0 0 0 1 1 1 0 0 0 0 0 0 1 1 1
geno chr6.24945037 gbr  0 0 0 1 1 0 1 0 0 0 0 0 1 0 0 0 0 0 1 0 1 0 0 0 0 0 1 0 0 0 0 0 1 0 0 0 0 0 0 0 1 0 0 1 0 0 0 0 1 1 0 0 0 0 0 0 1 0 0 1 1 0 1 1 0 2 0 0 0 2 0 0 0 0 0 0 0 0 0 0 0 2 0 1
geno chr6.24945037 tsi  0 0 0 0 0 0 0 0 0 0 1 0 0 0 0 0 1 0 0 0 1 1 0 0 0 0 0 0 1 1 1 1 1 0 1 0 0 0 0 1 0 0 0 0 0 0 0 0 0 2 1 1 0 0 1 0 0 1 0 1 1 1 0 0 1 0 1 1 2 0 0 0 0 0 0 1 0 1 0 0 0 1 1 0 0 0 1 0 1 0 0 1
geno chr6.24945037 yri  0 0 0 0 1 1 0 1 0 0 0 0 0 0 0 2 0 0 0 0 0 1 0 0 0 0 1 0 0 0 0 1 1 1 0 0 0 0 0 0 0 0 0 0 0 0 0 0 0 0 0 0 0 0 0 0 1 0 0 1 1 0 1 1 0 0 2 1 0 0 0 1 0 0 1 1 1
geno chr6.24945077 ceu  0 0 0 1 0 0 1 0 0 1 1 0 0 1 0 0 0 0 0 2 0 0 0 0 0 0 0 0 1 1 0 1 0 0 1 0 0 0 1 0 0 0 0 0 0 0 0 0 0 0 0 0 0 0 0 1 2 1 0 2 1 0 0 0 0 0 1 0 2 1 0 1 0 0 0 0 1 1
geno chr6.24945077 fin  1 0 0 0 0 0 0 0 0 0 0 0 0 0 1 0 1 0 0 2 0 0 0 0 0 0 0 1 0 1 1 0 2 1 0 0 0 0 2 0 0 0 0 0 0 0 0 0 0 0 2 0 0 1 1 0 0 0 1 0 0 0 0 0 0 0 0 1 0 0 1 0 1 1 0 0 0 1 1 1 0 0 0 0 0 0 1 1 1
geno chr6.24945077 gbr  0 0 0 1 1 0 1 0 0 0 0 0 1 0 0 0 0 0 1 0 1 0 0 0 0 0 1 0 0 0 0 0 1 0 0 0 0 0 0 0 1 0 0 1 0 0 0 0 1 1 0 0 0 0 0 0 1 0 0 1 1 0 1 1 0 2 0 0 0 2 0 0 0 0 0 0 0 0 0 0 0 2 0 1
geno chr6.24945077 tsi  0 0 0 0 0 0 0 0 0 0 1 0 0 0 0 0 1 0 0 0 1 1 0 0 0 0 0 0 1 1 1 1 1 0 1 0 0 0 0 1 0 0 0 0 0 0 0 0 0 2 1 1 0 0 1 0 0 1 0 1 1 1 0 0 1 0 1 1 2 0 0 0 0 0 0 1 0 1 0 0 0 1 1 0 0 0 1 0 1 0 0 1
geno chr6.24945077 yri  0 0 0 0 1 1 0 1 0 0 0 0 0 0 0 2 0 0 0 0 0 1 0 0 0 0 1 0 0 0 0 1 1 1 0 0 0 0 0 0 0 0 0 0 0 0 0 0 0 0 0 0 0 0 0 0 1 0 0 1 1 0 1 1 0 0 2 1 0 0 0 1 0 0 1 1 1
geno chr6.24945232 ceu  0 0 0 0 0 0 0 0 0 0 0 0 0 0 0 0 0 0 0 0 0 0 0 0 0 0 0 0 0 0 0 0 0 0 0 0 0 0 0 0 0 0 0 0 0 0 0 0 0 0 0 0 0 0 0 0 0 0 0 0 0 0 0 0 0 0 0 0 0 0 0 0 0 0 0 0 0 0
geno chr6.24945232 fin  0 0 0 0 0 0 0 0 0 0 0 0 0 0 0 0 0 0 0 0 0 0 0 0 0 0 0 0 0 0 0 0 0 0 0 0 0 0 0 0 0 0 0 0 0 0 0 0 0 0 0 0 0 0 0 0 0 0 0 0 0 0 0 0 0 0 0 0 0 0 0 0 0 0 0 0 0 0 0 0 0 0 0 0 0 0 0 0 0
geno chr6.24945232 gbr  0 0 0 0 0 0 0 0 0 0 0 0 0 0 0 0 0 0 0 0 0 0 0 0 0 0 0 0 0 0 0 0 0 0 0 0 0 0 1 0 0 0 0 0 0 0 0 0 0 0 0 0 0 0 0 0 0 0 0 0 0 0 0 0 0 0 0 0 0 0 0 0 0 0 0 0 0 0 0 0 0 0 0 0
geno chr6.24945232 tsi  0 0 0 0 0 0 0 0 0 0 0 0 0 0 0 0 0 0 0 0 0 0 0 0 0 0 0 0 0 0 0 0 0 0 0 0 0 0 0 0 0 0 0 0 0 0 0 0 0 0 0 0 0 0 0 0 0 0 0 0 0 0 0 0 0 0 0 0 0 0 0 0 0 0 0 0 0 0 0 0 0 0 0 0 0 0 0 0 0 0 0 0
geno chr6.24945232 yri  0 0 0 0 0 0 0 0 0 0 0 0 0 0 0 0 1 0 1 1 0 0 0 0 0 1 1 2 1 1 2 0 0 0 1 0 0 1 0 0 0 0 1 0 0 0 1 1 2 1 0 1 0 0 0 0 0 1 0 0 0 1 0 0 1 0 0 0 1 1 0 0 0 0 0 0 0
geno chr6.24945252 ceu  0 0 0 1 0 0 1 0 0 1 1 0 0 1 0 0 0 0 0 2 0 0 0 0 0 0 0 0 1 1 0 1 0 0 1 0 0 0 1 0 0 0 0 0 0 0 0 0 0 0 0 0 0 0 0 1 2 1 0 2 1 0 0 0 0 0 1 0 2 1 0 1 0 0 0 0 1 1
geno chr6.24945252 fin  1 0 0 0 0 0 0 0 0 0 0 0 0 0 1 0 1 0 0 2 0 0 0 0 0 0 0 1 0 1 1 0 2 1 0 0 0 0 2 0 0 0 0 0 0 0 0 0 0 0 2 0 0 1 1 0 0 0 1 0 0 0 0 0 0 0 0 1 0 0 1 0 1 1 0 0 0 1 1 1 0 0 0 0 0 0 1 1 1
geno chr6.24945252 gbr  0 0 0 1 1 0 1 0 0 0 0 0 1 0 0 0 0 0 1 0 1 0 0 0 0 0 1 0 0 0 0 0 1 0 0 0 0 0 0 0 1 0 0 1 0 0 0 0 1 1 0 0 0 0 0 0 1 0 0 1 1 0 1 1 0 2 0 0 0 2 0 0 0 0 0 0 0 0 0 0 0 2 0 1
geno chr6.24945252 tsi  0 0 0 0 0 0 0 0 0 0 1 0 0 0 0 0 1 0 0 0 1 1 0 0 0 0 0 0 1 1 1 1 1 0 1 0 0 0 0 1 0 0 0 0 0 0 0 0 0 2 1 1 0 0 1 0 0 1 0 1 1 1 0 0 1 0 1 1 2 0 0 0 0 0 0 1 0 1 0 0 0 1 1 0 0 0 1 0 1 0 0 1
geno chr6.24945252 yri  0 0 0 0 1 1 0 1 0 0 0 0 0 0 0 2 0 0 0 0 0 1 0 0 0 0 1 0 0 0 0 1 1 1 0 0 0 0 0 0 0 0 0 0 0 0 0 0 0 0 0 0 0 0 0 0 1 0 0 1 1 0 1 1 0 0 2 1 0 0 0 1 0 0 1 1 1
geno chr6.24945447 ceu  0 0 0 1 0 0 1 0 0 0 1 0 0 1 0 0 0 0 0 1 0 0 0 0 0 0 0 0 1 1 0 1 0 0 1 0 0 0 1 0 0 0 0 0 0 0 0 0 0 0 0 0 0 0 0 1 2 1 0 1 1 0 0 0 0 0 1 0 2 1 0 1 0 0 0 0 1 1
geno chr6.24945447 fin  1 0 0 0 0 0 0 0 0 0 0 0 0 0 1 0 1 0 0 2 0 0 0 0 0 0 0 1 0 1 0 0 2 1 0 0 0 0 2 0 0 0 0 0 0 0 0 0 0 0 2 0 0 1 1 0 0 0 1 0 0 0 0 0 0 0 0 1 0 0 1 0 0 1 0 0 0 1 1 1 0 0 0 0 0 0 0 1 1
geno chr6.24945447 gbr  0 0 0 1 1 0 0 0 0 0 0 0 1 0 0 0 0 0 1 0 1 0 0 0 0 0 1 0 0 0 0 0 1 0 0 0 0 0 0 0 0 0 0 1 0 0 0 0 1 1 0 0 0 0 0 0 1 0 0 1 1 0 0 1 0 2 0 0 0 2 0 0 0 0 0 0 0 0 0 0 0 2 0 1
geno chr6.24945447 tsi  0 0 0 0 0 0 0 0 0 0 1 0 0 0 0 0 1 0 0 0 1 1 0 0 0 0 0 0 0 1 0 1 0 0 1 0 0 0 0 0 0 0 0 0 0 0 0 0 0 2 0 1 0 0 1 0 0 1 0 1 1 0 0 0 1 0 1 1 2 0 0 0 0 0 0 1 0 1 0 0 0 0 1 0 0 0 1 0 0 0 0 1
geno chr6.24945447 yri  0 0 0 0 1 0 0 0 0 0 0 0 0 0 0 1 0 0 0 0 0 1 0 0 0 0 0 0 0 0 0 0 0 0 0 0 0 0 0 0 0 0 0 0 0 0 0 0 0 0 0 0 0 0 0 0 0 0 0 0 0 0 1 0 0 0 0 1 0 0 0 0 0 0 0 0 0
geno chr6.24945851 ceu  0 0 0 0 0 0 0 0 0 1 0 0 0 0 0 0 0 0 0 1 0 0 0 0 0 0 0 0 0 0 0 0 0 0 0 0 0 0 0 0 0 0 0 0 0 0 0 0 0 0 0 0 0 0 0 0 0 0 0 1 0 0 0 0 0 0 0 0 0 0 0 0 0 0 0 0 0 0
geno chr6.24945851 fin  0 0 0 0 0 0 0 0 0 0 0 0 0 0 0 0 0 0 0 0 0 0 0 0 0 0 0 0 0 0 1 0 0 0 0 0 0 0 0 0 0 0 0 0 0 0 0 0 0 0 0 0 0 0 0 0 0 0 0 0 0 0 0 0 0 0 0 0 0 0 0 0 1 0 0 0 0 0 0 0 0 0 0 0 0 0 1 0 0
geno chr6.24945851 gbr  0 0 0 0 0 0 1 0 0 0 0 0 0 0 0 0 0 0 0 0 0 0 0 0 0 0 0 0 0 0 0 0 0 0 0 0 0 0 0 0 1 0 0 0 0 0 0 0 0 0 0 0 0 0 0 0 0 0 0 0 0 0 1 0 0 0 0 0 0 0 0 0 0 0 0 0 0 0 0 0 0 0 0 0
geno chr6.24945851 tsi  0 0 0 0 0 0 0 0 0 0 0 0 0 0 0 0 0 0 0 0 0 0 0 0 0 0 0 0 1 0 1 0 1 0 0 0 0 0 0 1 0 0 0 0 0 0 0 0 0 0 1 0 0 0 0 0 0 0 0 0 0 1 0 0 0 0 0 0 0 0 0 0 0 0 0 0 0 0 0 0 0 1 0 0 0 0 0 0 1 0 0 0
geno chr6.24945851 yri  0 0 0 0 0 1 0 1 0 0 0 0 0 0 0 1 0 0 0 0 0 0 0 0 0 0 1 0 0 1 0 1 1 1 0 0 0 0 0 0 0 0 0 0 0 0 0 0 0 0 0 0 0 0 0 0 1 0 0 1 1 0 0 1 0 0 2 0 0 0 0 1 0 0 1 1 1
geno chr6.24945894 ceu  0 0 0 0 0 0 0 0 0 1 0 0 0 0 0 0 0 0 0 1 0 0 0 0 0 0 0 0 0 0 0 0 0 0 0 0 0 0 0 0 0 0 0 0 0 0 0 0 0 0 0 0 0 0 0 0 0 0 0 1 0 0 0 0 0 0 0 0 0 0 0 0 0 0 0 0 0 0
geno chr6.24945894 fin  0 0 0 0 0 0 0 0 0 0 0 0 0 0 0 0 0 0 0 0 0 0 0 0 0 0 0 0 0 0 1 0 0 0 0 0 0 0 0 0 0 0 0 0 0 0 0 0 0 0 0 0 0 0 0 0 0 0 0 0 0 0 0 0 0 0 0 0 0 0 0 0 1 0 0 0 0 0 0 0 0 0 0 0 0 0 1 0 0
geno chr6.24945894 gbr  0 0 0 0 0 0 1 0 0 0 0 0 0 0 0 0 0 0 0 0 0 0 0 0 0 0 0 0 0 0 0 0 0 0 0 0 0 0 0 0 1 0 0 0 0 0 0 0 0 0 0 0 0 0 0 0 0 0 0 0 0 0 1 0 0 0 0 0 0 0 0 0 0 0 0 0 0 0 0 0 0 0 0 0
geno chr6.24945894 tsi  0 0 0 0 0 0 0 0 0 0 0 0 0 0 0 0 0 0 0 0 0 0 0 0 0 0 0 0 1 0 1 0 1 0 0 0 0 0 0 1 0 0 0 0 0 0 0 0 0 0 1 0 0 0 0 0 0 0 0 0 0 1 0 0 0 0 0 0 0 0 0 0 0 0 0 0 0 0 0 0 0 1 0 0 0 0 0 0 1 0 0 0
geno chr6.24945894 yri  0 0 0 0 0 1 0 1 0 0 0 0 0 0 0 1 0 0 0 0 0 0 0 1 0 0 1 0 0 0 0 1 1 1 0 0 0 0 0 0 0 0 0 0 0 0 0 0 0 0 0 0 0 0 0 0 1 0 0 1 1 0 0 1 0 0 2 0 0 0 0 1 0 0 1 1 1
geno chr6.24946024 ceu  0 0 0 1 0 0 1 0 0 0 1 0 0 1 0 0 0 0 0 1 0 0 0 0 0 0 0 0 1 1 0 1 0 0 1 0 0 0 1 0 0 0 0 0 0 0 0 0 0 0 0 0 0 0 0 1 2 1 0 1 1 0 0 0 0 0 1 0 2 1 0 1 0 0 0 0 1 1
geno chr6.24946024 fin  1 0 0 0 0 0 0 0 0 0 0 0 0 0 1 0 1 0 0 2 0 0 0 0 0 0 0 1 0 1 0 0 2 1 0 0 0 0 2 0 0 0 0 0 0 0 0 0 0 0 2 0 0 1 1 0 0 0 1 0 0 0 0 0 0 0 0 1 0 0 1 0 0 1 0 0 0 1 1 1 0 0 0 0 0 0 0 1 1
geno chr6.24946024 gbr  0 0 0 1 1 0 0 0 0 0 0 0 1 0 0 0 0 0 1 0 1 0 0 0 0 0 1 0 0 0 0 0 1 0 0 0 0 0 0 0 0 0 0 1 0 0 0 0 1 1 0 0 0 0 0 0 1 0 0 1 1 0 0 1 0 2 0 0 0 2 0 0 0 0 0 0 0 0 0 0 0 2 0 1
geno chr6.24946024 tsi  0 0 0 0 0 0 0 0 0 0 1 0 0 0 0 0 1 0 0 0 1 1 0 0 0 0 0 0 0 1 0 1 0 0 1 0 0 0 0 0 0 0 0 0 0 0 0 0 0 2 0 1 0 0 1 0 0 1 0 1 1 0 0 0 1 0 1 1 2 0 0 0 0 0 0 1 0 1 0 0 0 0 1 0 0 0 1 0 0 0 0 1
geno chr6.24946024 yri  0 0 0 0 1 0 0 0 0 0 0 0 0 0 0 1 0 0 0 0 0 1 0 0 0 0 0 0 0 0 0 0 0 0 0 0 0 0 0 0 0 0 0 0 0 0 0 0 0 0 0 0 0 0 0 0 0 0 0 0 0 0 1 0 0 0 0 1 0 0 0 0 0 0 0 0 0
geno chr6.24946083 ceu  0 0 0 1 0 0 1 0 0 0 1 0 0 1 0 0 0 0 0 1 0 0 0 0 0 0 0 0 1 1 0 1 0 0 1 0 0 0 1 0 0 0 0 0 0 0 0 0 0 0 0 0 0 0 0 1 2 1 0 1 1 0 0 0 0 0 1 0 2 1 0 1 0 0 0 0 1 1
geno chr6.24946083 fin  1 0 0 0 0 0 0 0 0 0 0 0 0 0 1 0 1 0 0 2 0 0 0 0 0 0 0 1 0 1 0 0 2 1 0 0 0 0 2 0 0 0 0 0 0 0 0 0 0 0 2 0 0 1 1 0 0 0 1 0 0 0 0 0 0 0 0 1 0 0 1 0 0 1 0 0 0 1 1 1 0 0 0 0 0 0 0 1 1
geno chr6.24946083 gbr  0 0 0 1 1 0 0 0 0 0 0 0 1 0 0 0 0 0 1 0 1 0 0 0 0 0 1 0 0 0 0 0 1 0 0 0 0 0 0 0 0 0 0 1 0 0 0 0 1 1 0 0 0 0 0 0 1 0 0 1 1 0 0 1 0 2 0 0 0 2 0 0 0 0 0 0 0 0 0 0 0 2 0 1
geno chr6.24946083 tsi  0 0 0 0 0 0 0 0 0 0 1 0 0 0 0 0 1 0 0 0 1 1 0 0 0 0 0 0 0 1 0 1 0 0 1 0 0 0 0 0 0 0 0 0 0 0 0 0 0 2 0 1 0 0 1 0 0 1 0 1 1 0 0 0 1 0 1 1 2 0 0 0 0 0 0 1 0 1 0 0 0 0 1 0 0 0 1 0 0 0 0 1
geno chr6.24946083 yri  0 0 0 0 1 0 0 0 0 0 0 0 0 0 0 1 0 0 0 0 0 1 0 0 0 0 0 0 0 0 0 0 0 0 0 0 0 0 0 0 0 0 0 0 0 0 0 0 0 0 0 0 0 0 0 0 0 0 0 0 0 0 1 0 0 0 0 1 0 0 0 0 0 0 0 0 0
geno chr6.24946228 ceu  0 0 0 0 0 0 0 0 0 1 0 0 0 0 0 0 0 0 0 1 0 0 0 0 0 0 0 0 0 0 0 0 0 0 0 0 0 0 0 0 0 0 0 0 0 0 0 0 0 0 0 0 0 0 0 0 0 0 0 1 0 0 0 0 0 0 0 0 0 0 0 0 0 0 0 0 0 0
geno chr6.24946228 fin  0 0 0 0 0 0 0 0 0 0 0 0 0 0 0 0 0 0 0 0 0 0 0 0 0 0 0 0 0 0 1 0 0 0 0 0 0 0 0 0 0 0 0 0 1 0 0 0 1 0 0 0 0 0 0 0 0 0 0 0 0 0 0 0 0 0 0 0 0 0 0 0 1 0 0 0 0 0 0 0 0 0 0 0 0 0 1 0 0
geno chr6.24946228 gbr  0 0 0 0 0 0 1 0 0 0 0 0 0 0 0 0 0 0 0 0 0 0 0 0 0 0 0 0 0 0 0 0 0 0 0 0 0 0 0 0 1 0 0 0 0 0 0 0 0 0 0 0 0 0 0 0 0 0 0 0 0 0 1 0 0 0 0 0 0 0 0 0 0 0 0 0 0 0 0 1 0 0 0 0
geno chr6.24946228 tsi  0 0 0 0 0 0 0 0 0 0 0 0 0 0 0 0 0 0 0 0 0 0 0 0 0 0 0 0 1 0 1 0 1 0 0 0 0 0 0 1 0 0 0 0 0 0 0 0 0 0 1 0 0 0 0 0 0 0 0 0 0 1 0 0 0 0 0 0 0 0 0 0 0 0 0 0 0 0 0 0 0 1 0 0 0 0 0 0 1 0 0 0
geno chr6.24946228 yri  0 0 0 0 0 1 0 1 0 0 0 0 0 0 0 1 0 0 0 0 0 0 0 0 0 0 1 0 0 0 0 1 1 1 0 0 0 0 0 0 0 0 0 0 0 0 0 0 0 0 0 0 0 0 0 0 1 0 0 1 1 0 0 1 0 0 2 0 0 0 0 1 0 0 1 1 1
geno chr6.24946341 ceu  0 0 0 0 0 0 0 0 0 1 0 0 0 0 0 0 0 0 0 1 0 0 0 0 0 0 0 0 0 0 0 0 0 0 0 0 0 0 0 0 0 0 0 0 0 0 0 0 0 0 0 0 0 0 0 0 0 0 0 1 0 0 0 0 0 0 0 0 0 0 0 0 0 0 0 0 0 0
geno chr6.24946341 fin  0 0 0 0 0 0 0 0 0 0 0 0 0 0 0 0 0 0 0 0 0 0 0 0 0 0 0 0 0 0 1 0 0 0 0 0 0 0 0 0 0 0 0 0 0 0 0 0 0 0 0 0 0 0 0 0 0 0 0 0 0 0 0 0 0 0 0 0 0 0 0 0 1 0 0 0 0 0 0 0 0 0 0 0 0 0 1 0 0
geno chr6.24946341 gbr  0 0 0 0 0 0 1 0 0 0 0 0 0 0 0 0 0 0 0 0 0 0 0 0 0 0 0 0 0 0 0 0 0 0 0 0 0 0 0 0 1 0 0 0 0 0 0 0 0 0 0 0 0 0 0 0 0 0 0 0 0 0 1 0 0 0 0 0 0 0 0 0 0 0 0 0 0 0 0 0 0 0 0 0
geno chr6.24946341 tsi  0 0 0 0 0 0 0 0 0 0 0 0 0 0 0 0 0 0 0 0 0 0 0 0 0 0 0 0 1 0 0 0 1 0 0 0 0 0 0 1 0 0 0 0 0 0 0 0 0 0 0 0 0 0 0 0 0 0 0 0 0 1 0 0 0 0 0 0 0 0 0 0 0 0 0 0 0 0 0 0 0 1 0 0 0 0 0 0 1 0 0 0
geno chr6.24946341 yri  0 0 0 0 0 1 1 1 0 0 0 0 0 0 0 1 0 0 0 0 0 0 0 0 0 0 1 1 0 1 0 1 1 1 0 0 0 0 0 0 0 0 0 0 1 0 0 0 0 0 0 0 0 0 0 0 1 0 0 1 1 0 0 1 0 0 2 0 0 0 0 1 0 0 1 1 1
geno chr6.24946438 ceu  0 0 0 0 0 0 0 0 0 1 0 0 0 0 0 0 0 0 0 1 0 0 0 0 0 0 0 0 0 0 0 0 0 0 0 0 0 0 0 0 0 0 0 0 0 0 0 0 0 0 0 0 0 0 0 0 0 0 0 1 0 0 0 0 0 0 0 0 0 0 0 0 0 0 0 0 0 0
geno chr6.24946438 fin  0 0 0 0 0 0 0 0 0 0 0 0 0 0 0 0 0 0 0 0 0 0 0 0 0 0 0 0 0 0 1 0 0 0 0 0 0 0 0 0 0 0 0 0 0 0 0 0 0 0 0 0 0 0 0 0 0 0 0 0 0 0 0 0 0 0 0 0 0 0 0 0 1 0 0 0 0 0 0 0 0 0 0 0 0 0 1 0 0
geno chr6.24946438 gbr  0 0 0 0 0 0 1 0 0 0 0 0 0 0 0 0 0 0 0 0 0 0 0 0 0 0 0 0 0 0 0 0 0 0 0 0 0 0 0 0 1 0 0 0 0 0 0 0 0 0 0 0 0 0 0 0 0 0 0 0 0 0 1 0 0 0 0 0 0 0 0 0 0 0 0 0 0 0 0 0 0 0 0 0
geno chr6.24946438 tsi  0 0 0 0 0 0 0 0 0 0 0 0 0 0 0 0 0 0 0 0 0 0 0 0 0 0 0 0 1 0 1 0 1 0 0 0 0 0 0 1 0 0 0 0 0 0 0 0 0 0 1 0 0 0 0 0 0 0 0 0 0 1 0 0 0 0 0 0 0 0 0 0 0 0 0 0 0 0 0 0 0 1 0 0 0 0 0 0 1 0 0 0
geno chr6.24946438 yri  0 0 0 0 0 1 0 1 0 0 0 0 0 0 0 1 0 0 0 0 0 0 0 0 0 0 1 0 0 0 0 1 1 1 0 0 0 0 0 0 0 0 0 0 0 0 0 0 0 0 0 0 0 0 0 0 1 0 0 1 1 0 0 1 0 0 2 0 0 0 0 1 0 0 1 1 1
geno chr6.24946671 ceu  0 0 0 0 0 0 0 0 0 1 0 0 0 0 0 0 0 0 0 1 0 0 0 0 0 0 0 0 0 0 0 0 0 0 0 0 0 0 0 0 0 0 0 0 0 0 0 0 0 0 0 0 0 0 0 0 0 0 0 1 0 0 0 0 0 0 0 0 0 0 0 0 0 0 0 0 0 0
geno chr6.24946671 fin  0 0 0 0 0 0 0 0 0 0 0 0 0 0 0 0 0 0 0 0 0 0 0 0 0 0 0 0 0 0 1 0 0 0 0 0 0 0 0 0 0 0 0 0 0 0 0 0 0 0 0 0 0 0 0 0 0 0 0 0 0 0 0 0 0 0 0 0 0 0 0 0 1 0 0 0 0 0 0 0 0 0 0 0 0 0 1 0 0
geno chr6.24946671 gbr  0 0 0 0 0 0 1 0 0 0 0 0 0 0 0 0 0 0 0 0 0 0 0 0 0 0 0 0 0 0 0 0 0 0 0 0 0 0 0 0 1 0 0 0 0 0 0 0 0 0 0 0 0 0 0 0 0 0 0 0 0 0 1 0 0 0 0 0 0 0 0 0 0 0 0 0 0 0 0 0 0 0 0 0
geno chr6.24946671 tsi  0 0 0 0 0 0 0 0 0 0 0 0 0 0 0 0 0 0 0 0 0 0 0 0 0 0 0 0 1 0 1 0 1 0 0 0 0 0 0 1 0 0 0 0 0 0 0 0 0 0 1 0 0 0 0 0 0 0 0 0 0 1 0 0 0 0 0 0 0 0 0 0 0 0 0 0 0 0 0 0 0 1 0 0 0 0 0 0 1 0 0 0
geno chr6.24946671 yri  0 0 0 0 0 1 0 1 0 0 0 0 0 0 0 1 0 0 0 0 0 0 0 0 0 0 1 0 0 0 0 1 1 1 0 0 0 0 0 0 0 0 0 0 0 0 0 0 0 0 0 0 0 0 0 0 1 0 0 1 1 0 0 1 0 0 2 0 0 0 0 1 0 0 1 1 1
geno chr6.24946758 ceu  0 0 0 0 0 0 0 0 0 1 0 0 0 0 0 0 0 0 0 1 0 0 0 0 0 0 0 0 0 0 0 0 0 0 0 0 0 0 0 0 0 0 0 0 0 0 0 0 0 0 0 0 0 0 0 0 0 0 0 1 0 0 0 0 0 0 0 0 0 0 0 0 0 0 0 0 0 0
geno chr6.24946758 fin  0 0 0 0 0 0 0 0 0 0 0 0 0 0 0 0 0 0 0 0 0 0 0 0 0 0 0 0 0 0 1 0 0 0 0 0 0 0 0 0 0 0 0 0 0 0 0 0 0 0 0 0 0 0 0 0 0 0 0 0 0 0 0 0 0 0 0 0 0 0 0 0 1 0 0 0 0 0 0 0 0 0 0 0 0 0 1 0 0
geno chr6.24946758 gbr  0 0 0 0 0 0 1 0 0 0 0 0 0 0 0 0 0 0 0 0 0 0 0 0 0 0 0 0 0 0 0 0 0 0 0 0 0 0 0 0 1 0 0 0 0 0 0 0 0 0 0 0 0 0 0 0 0 0 0 0 0 0 1 0 0 0 0 0 0 0 0 0 0 0 0 0 0 0 0 0 0 0 0 0
geno chr6.24946758 tsi  0 0 0 0 0 0 0 0 0 0 0 0 0 0 0 0 0 0 0 0 0 0 0 0 0 0 0 0 1 0 1 0 1 0 0 0 0 0 0 1 0 0 0 0 0 0 0 0 0 0 1 0 0 0 0 0 0 0 0 0 0 1 0 0 0 0 0 0 0 0 0 0 0 0 0 0 0 0 0 0 0 1 0 0 0 0 0 0 1 0 0 0
geno chr6.24946758 yri  0 0 0 0 0 1 0 1 0 0 0 0 0 0 0 1 0 0 0 0 0 0 0 0 0 0 1 0 0 0 0 1 1 1 0 0 0 0 0 0 0 0 0 0 0 0 0 0 0 0 0 0 0 0 0 0 1 0 0 1 1 0 0 1 0 0 2 0 0 0 0 1 0 0 1 1 1
geno chr6.24946868 ceu  0 0 0 0 0 0 0 0 0 1 0 0 0 0 0 0 0 0 0 1 0 0 0 0 0 0 0 0 0 0 0 0 0 0 0 0 0 0 0 0 0 0 0 0 0 0 0 0 0 0 0 0 0 0 0 0 0 0 0 1 0 0 0 0 0 0 0 0 0 0 0 0 0 0 0 0 0 0
geno chr6.24946868 fin  0 0 0 0 0 0 0 0 0 0 0 0 0 0 0 0 0 0 0 0 0 0 0 0 0 0 0 0 0 0 1 0 0 0 0 0 0 0 0 0 0 0 0 0 0 0 0 0 0 0 0 0 0 0 0 0 0 0 0 0 0 0 0 0 0 0 0 0 0 0 0 0 1 0 0 0 0 0 0 0 0 0 0 0 0 0 1 0 0
geno chr6.24946868 gbr  0 0 0 0 0 0 1 0 0 0 0 0 0 0 0 0 0 0 0 0 0 0 0 0 0 0 0 0 0 0 0 0 0 0 0 0 0 0 0 0 1 0 0 0 0 0 0 0 0 0 0 0 0 0 0 0 0 0 0 0 0 0 1 0 0 0 0 0 0 0 0 0 0 0 0 0 0 0 0 0 0 0 0 0
geno chr6.24946868 tsi  0 0 0 0 0 0 0 0 0 0 0 0 0 0 0 0 0 0 0 0 0 0 0 0 0 0 0 0 1 0 1 0 1 0 0 0 0 0 0 1 0 0 0 0 0 0 0 0 0 0 1 0 0 0 0 0 0 0 0 0 0 1 0 0 0 0 0 0 0 0 0 0 0 0 0 0 0 0 0 0 0 1 0 0 0 0 0 0 1 0 0 0
geno chr6.24946868 yri  0 0 0 0 0 1 0 1 0 0 0 0 0 0 0 1 0 0 0 0 0 0 0 0 0 0 1 0 0 0 0 1 1 1 0 0 0 0 0 0 0 0 0 0 0 0 0 0 0 0 0 0 0 0 0 0 1 0 0 1 1 0 0 1 0 0 2 0 0 0 0 1 0 0 1 1 1
geno chr6.24946970 ceu  0 0 0 0 0 0 0 0 0 1 0 0 0 0 0 0 0 0 0 1 0 0 0 0 0 0 0 0 0 0 0 0 0 0 0 0 0 0 0 0 0 0 0 0 0 0 0 0 0 0 0 0 0 0 0 0 0 0 0 1 0 0 0 0 0 0 0 0 0 0 0 0 0 0 0 0 0 0
geno chr6.24946970 fin  0 0 0 0 0 0 0 0 0 0 0 0 0 0 0 0 0 0 0 0 0 0 0 0 0 0 0 0 0 0 1 0 0 0 0 0 0 0 0 0 0 0 0 0 0 0 0 0 0 0 0 0 0 0 0 0 0 0 0 0 0 0 0 0 0 0 0 0 0 0 0 0 1 0 0 0 0 0 0 0 0 0 0 0 0 0 1 0 0
geno chr6.24946970 gbr  0 0 0 0 0 0 1 0 0 0 0 0 0 0 0 0 0 0 0 0 0 0 0 0 0 0 0 0 0 0 0 0 0 0 0 0 0 0 0 0 1 0 0 0 0 0 0 0 0 0 0 0 0 0 0 0 0 0 0 0 0 0 1 0 0 0 0 0 0 0 0 0 0 0 0 0 0 0 0 0 0 0 0 0
geno chr6.24946970 tsi  0 0 0 0 0 0 0 0 0 0 0 0 0 0 0 0 0 0 0 0 0 0 0 0 0 0 0 0 1 0 1 0 1 0 0 0 0 0 0 1 0 0 0 0 0 0 0 0 0 0 1 0 0 0 0 0 0 0 0 0 0 1 0 0 0 0 0 0 0 0 0 0 0 0 0 0 0 0 0 0 0 1 0 0 0 0 0 0 1 0 0 0
geno chr6.24946970 yri  0 0 0 0 0 1 0 1 0 0 0 0 0 0 0 1 0 0 0 0 0 0 0 0 0 0 0 0 0 0 0 1 1 1 0 0 0 0 0 0 0 0 0 0 0 0 0 0 0 0 0 0 0 0 0 0 1 0 0 1 1 0 0 1 0 0 2 0 0 0 0 1 0 0 0 1 1
geno chr6.24946983 ceu  0 0 0 0 0 0 0 0 0 1 0 0 0 0 0 0 0 0 0 1 0 0 0 0 0 0 0 0 0 0 0 0 0 0 0 0 0 0 0 0 0 0 0 0 0 0 0 0 0 0 0 0 0 0 0 0 0 0 0 1 0 0 0 0 0 0 0 0 0 0 0 0 0 0 0 0 0 0
geno chr6.24946983 fin  0 0 0 0 0 0 0 0 0 0 0 0 0 0 0 0 0 0 0 0 0 0 0 0 0 0 0 0 0 0 1 0 0 0 0 0 0 0 0 0 0 0 0 0 0 0 0 0 0 0 0 0 0 0 0 0 0 0 0 0 0 0 0 0 0 0 0 0 0 0 0 0 1 0 0 0 0 0 0 0 0 0 0 0 0 0 1 0 0
geno chr6.24946983 gbr  0 0 0 0 0 0 1 0 0 0 0 0 0 0 0 0 0 0 0 0 0 0 0 0 0 0 0 0 0 0 0 0 0 0 0 0 0 0 0 0 1 0 0 0 0 0 0 0 0 0 0 0 0 0 0 0 0 0 0 0 0 0 1 0 0 0 0 0 0 0 0 0 0 0 0 0 0 0 0 0 0 0 0 0
geno chr6.24946983 tsi  0 0 0 0 0 0 0 0 0 0 0 0 0 0 0 0 0 0 0 0 0 0 0 0 0 0 0 0 1 0 1 0 1 0 0 0 0 0 0 1 0 0 0 0 0 0 0 0 0 0 1 0 0 0 0 0 0 0 0 0 0 1 0 0 0 0 0 0 0 0 0 0 0 0 0 0 0 0 0 0 0 1 0 0 0 0 0 0 1 0 0 0
geno chr6.24946983 yri  0 0 0 0 0 1 0 1 0 0 0 0 0 0 0 1 0 0 0 0 0 0 0 0 0 0 0 0 0 0 0 1 1 0 0 0 0 0 0 0 0 0 0 0 0 0 0 0 0 0 0 0 0 0 0 0 1 0 0 1 1 0 0 1 0 0 2 0 0 0 0 1 0 0 0 1 1
geno chr6.24946989 ceu  0 0 0 0 0 0 0 0 0 1 0 0 0 0 0 0 0 0 0 1 0 0 0 0 0 0 0 0 0 0 0 0 0 0 0 0 0 0 0 0 0 0 0 0 0 0 0 0 0 0 0 0 0 0 0 0 0 0 0 1 0 0 0 0 0 0 0 0 0 0 0 0 0 0 0 0 0 0
geno chr6.24946989 fin  0 0 0 0 0 0 0 0 0 0 0 0 0 0 0 0 0 0 0 0 0 0 0 0 0 0 0 0 0 0 1 0 0 0 0 0 0 0 0 0 0 0 0 0 0 0 0 0 0 0 0 0 0 0 0 0 0 0 0 0 0 0 0 0 0 0 0 0 0 0 0 0 1 0 0 0 0 0 0 0 0 0 0 0 0 0 1 0 0
geno chr6.24946989 gbr  0 0 0 0 0 0 1 0 0 0 0 0 0 0 0 0 0 0 0 0 0 0 0 0 0 0 0 0 0 0 0 0 0 0 0 0 0 0 0 0 1 0 0 0 0 0 0 0 0 0 0 0 0 0 0 0 0 0 0 0 0 0 1 0 0 0 0 0 0 0 0 0 0 0 0 0 0 0 0 0 0 0 0 0
geno chr6.24946989 tsi  0 0 0 0 0 0 0 0 0 0 0 0 0 0 0 0 0 0 0 0 0 0 0 0 0 0 0 0 1 0 1 0 1 0 0 0 0 0 0 1 0 0 0 0 0 0 0 0 0 0 1 0 0 0 0 0 0 0 0 0 0 1 0 0 0 0 0 0 0 0 0 0 0 0 0 0 0 0 0 0 0 1 0 0 0 0 0 0 1 0 0 0
geno chr6.24946989 yri  0 0 0 0 0 1 0 1 0 0 0 0 0 0 0 1 0 0 0 0 0 0 0 0 0 0 0 0 0 0 0 1 1 0 0 0 0 0 0 0 0 0 0 0 0 0 0 0 0 0 0 0 0 0 0 0 1 0 0 1 1 0 0 1 0 0 2 0 0 0 0 1 0 0 0 1 1
geno chr6.24947147 ceu  0 1 0 0 0 0 0 0 0 0 0 0 0 0 0 0 0 0 0 0 0 0 0 0 0 0 0 1 0 0 0 0 0 1 0 0 0 0 0 0 0 0 0 0 0 0 0 0 0 0 0 0 0 0 0 0 0 0 0 0 0 1 0 0 0 0 0 0 0 0 0 0 0 1 0 0 0 0
geno chr6.24947147 fin  0 0 0 0 0 0 0 0 0 0 0 0 0 1 0 0 0 0 0 0 0 0 0 0 0 0 1 0 0 0 0 0 0 0 0 0 1 0 0 0 0 0 0 0 0 0 0 0 0 0 0 0 0 0 0 0 0 0 0 1 0 0 0 0 0 0 0 0 0 0 0 0 0 0 0 0 0 0 0 0 0 0 0 0 0 0 0 0 0
geno chr6.24947147 gbr  0 0 0 0 0 0 0 1 0 1 0 0 0 0 0 0 0 1 0 0 0 0 0 0 0 1 0 0 0 0 0 0 0 0 0 0 0 0 0 0 0 0 0 0 0 0 0 0 0 0 0 0 1 0 0 0 0 1 0 0 0 0 0 0 0 0 0 1 0 0 0 1 0 0 0 1 0 0 0 0 0 0 0 0
geno chr6.24947147 tsi  0 0 0 0 0 0 0 0 0 0 0 0 0 0 0 0 1 0 0 1 1 0 1 0 0 0 0 1 0 0 0 0 0 0 0 0 1 0 0 0 0 0 0 0 0 0 0 0 0 0 0 0 0 0 0 0 0 0 0 0 0 0 0 0 0 0 0 0 0 0 0 0 0 0 0 0 1 0 0 0 0 0 0 0 0 0 0 0 0 1 0 0
geno chr6.24947147 yri  0 0 0 0 0 0 0 0 0 0 0 0 0 0 0 0 0 0 0 0 0 0 0 0 0 0 0 0 0 0 0 0 0 0 0 0 0 0 0 0 0 0 0 0 0 0 0 0 0 0 0 0 0 0 0 0 0 0 0 0 0 0 0 0 0 0 0 0 0 0 0 0 0 0 0 0 0
geno chr6.24947302 ceu  0 0 0 1 0 0 1 0 0 0 1 0 0 1 0 0 0 0 0 1 0 0 0 0 0 0 0 0 1 1 0 1 0 0 1 0 0 0 1 0 0 0 0 0 0 0 0 0 0 0 0 0 0 0 0 1 2 1 0 1 1 0 0 0 0 0 1 0 2 1 0 1 0 0 0 0 1 1
geno chr6.24947302 fin  1 0 0 0 0 0 0 0 0 0 0 0 0 0 1 0 1 0 0 2 0 0 0 0 0 0 0 1 0 1 0 0 2 1 0 0 0 0 2 0 0 0 0 0 0 0 0 0 0 0 2 0 0 1 1 0 0 0 1 0 0 0 0 0 0 0 0 1 0 0 1 0 0 1 0 0 0 1 1 1 0 0 0 0 0 0 0 1 1
geno chr6.24947302 gbr  0 0 0 1 1 0 0 0 0 0 0 0 1 0 0 0 0 0 1 0 1 0 0 0 0 0 1 0 0 0 0 0 1 0 0 0 0 0 0 0 0 0 0 1 0 0 0 0 1 1 0 0 0 0 0 0 1 0 0 1 1 0 0 1 0 2 0 0 0 2 0 0 0 0 0 0 0 0 0 0 0 2 0 1
geno chr6.24947302 tsi  0 0 0 0 0 0 0 0 0 0 1 0 0 0 0 0 1 0 0 0 1 1 0 0 0 0 0 0 0 1 0 1 0 0 1 0 0 0 0 0 0 0 0 0 0 0 0 0 0 2 0 1 0 0 1 0 0 1 0 1 1 0 0 0 1 0 1 1 2 0 0 0 0 0 0 1 0 1 0 0 0 0 1 0 0 0 1 0 0 0 0 1
geno chr6.24947302 yri  0 0 0 0 1 0 0 0 0 0 0 0 0 0 0 1 0 0 0 0 0 1 0 0 0 0 0 0 0 0 0 0 0 0 0 0 0 0 0 0 0 0 0 0 0 0 0 0 0 0 0 0 0 0 0 0 0 0 0 0 0 0 1 0 0 0 0 1 0 0 0 0 0 0 0 0 0
geno chr6.24947307 ceu  0 0 0 1 0 0 1 0 0 0 1 0 0 1 0 0 0 0 0 1 0 0 0 0 0 0 0 0 1 1 0 1 0 0 1 0 0 0 1 0 0 0 0 0 0 0 0 0 0 0 0 0 0 0 0 1 2 1 0 1 1 0 0 0 0 0 1 0 2 1 0 1 0 0 0 0 1 1
geno chr6.24947307 fin  1 0 0 0 0 0 0 0 0 0 0 0 0 0 1 0 1 0 0 2 0 0 0 0 0 0 0 1 0 1 0 0 2 1 0 0 0 0 2 0 0 0 0 0 0 0 0 0 0 0 2 0 0 1 1 0 0 0 1 0 0 0 0 0 0 0 0 1 0 0 1 0 0 1 0 0 0 1 1 1 0 0 0 0 0 0 0 1 1
geno chr6.24947307 gbr  0 0 0 1 1 0 0 0 0 0 0 0 1 0 0 0 0 0 1 0 1 0 0 0 0 0 1 0 0 0 0 0 1 0 0 0 0 0 0 0 0 0 0 1 0 0 0 0 1 1 0 0 0 0 0 0 1 0 0 1 1 0 0 1 0 2 0 0 0 2 0 0 0 0 0 0 0 0 0 0 0 2 0 1
geno chr6.24947307 tsi  0 0 0 0 0 0 0 0 0 0 1 0 0 0 0 0 1 0 0 0 1 1 0 0 0 0 0 0 0 1 0 1 0 0 1 0 0 0 0 0 0 0 0 0 0 0 0 0 0 2 0 1 0 0 1 0 0 1 0 1 1 0 0 0 1 0 1 1 2 0 0 0 0 0 0 1 0 1 0 0 0 0 1 0 0 0 1 0 0 0 0 1
geno chr6.24947307 yri  0 0 0 0 1 0 0 0 0 0 0 0 0 0 0 1 0 0 0 0 0 1 0 0 0 0 0 0 0 0 0 0 0 0 0 0 0 0 0 0 0 0 0 0 0 0 0 0 0 0 0 0 0 0 0 0 0 0 0 0 0 0 1 0 0 0 0 1 0 0 0 0 0 0 0 0 0
geno chr6.24947541 ceu  1 1 1 1 0 2 0 1 1 0 1 0 0 0 1 0 1 1 1 0 2 0 1 1 0 1 1 1 1 0 2 0 1 0 0 1 1 1 0 1 2 0 0 0 0 0 0 0 1 1 2 1 0 2 1 0 0 1 1 0 0 1 1 1 1 1 1 0 0 1 0 0 2 1 0 1 1 0
geno chr6.24947541 fin  1 0 0 0 1 1 0 2 0 0 0 0 1 1 0 2 0 1 0 0 1 0 0 0 1 2 1 0 1 0 0 0 0 0 0 0 0 0 0 1 1 1 1 1 0 1 1 0 1 0 0 0 0 0 1 2 0 0 0 0 1 0 0 0 0 1 0 1 1 2 0 0 0 1 1 0 1 0 0 0 0 0 0 1 0 0 0 0 0
geno chr6.24947541 gbr  1 1 1 1 1 2 1 0 0 1 1 1 1 1 1 0 0 0 1 0 1 0 0 2 0 0 1 1 0 1 1 1 0 0 0 2 0 1 1 1 1 1 2 0 1 1 1 0 0 0 1 2 0 0 1 0 0 1 0 0 0 1 0 0 0 0 0 0 0 0 0 1 0 2 2 0 2 1 2 0 1 0 2 1
geno chr6.24947541 tsi  2 0 1 1 1 2 1 1 1 0 0 1 1 0 1 1 0 2 0 0 0 1 0 2 1 1 1 0 1 0 1 0 1 2 0 2 0 0 0 0 2 0 1 1 1 1 2 1 1 0 0 0 1 0 0 2 1 1 1 1 0 1 2 1 0 1 1 0 0 1 1 2 1 0 1 1 0 1 1 2 1 1 0 1 2 1 1 1 1 0 2 0
geno chr6.24947541 yri  0 0 1 0 0 0 1 0 0 2 1 0 0 0 1 0 0 0 0 0 1 0 1 0 0 0 0 0 0 0 0 0 0 0 1 0 0 0 0 0 0 0 0 0 0 0 0 0 0 0 0 0 0 0 0 0 0 0 0 1 0 0 0 0 0 0 0 0 0 1 0 0 1 2 0 0 0
geno chr6.24947634 ceu  0 0 0 0 0 0 0 0 0 1 0 0 0 0 0 0 0 0 0 1 0 0 0 0 0 0 0 0 0 0 0 0 0 0 0 0 0 0 0 0 0 0 0 0 0 0 0 0 0 0 0 0 0 0 0 0 0 0 0 1 0 0 0 0 0 0 0 0 0 0 0 0 0 0 0 0 0 0
geno chr6.24947634 fin  0 0 0 0 0 0 0 0 0 0 0 0 0 0 0 0 0 0 0 0 0 0 0 0 0 0 0 0 0 0 1 0 0 0 0 0 0 0 0 0 0 0 0 0 0 0 0 0 0 0 0 0 0 0 0 0 0 0 0 0 0 0 0 0 0 0 0 0 0 0 0 0 1 0 0 0 0 0 0 0 0 0 0 0 0 0 1 0 0
geno chr6.24947634 gbr  0 0 0 0 0 0 1 0 0 0 0 0 0 0 0 0 0 0 0 0 0 0 0 0 0 0 0 0 0 0 0 0 0 0 0 0 0 0 0 0 1 0 0 0 0 0 0 0 0 0 0 0 0 0 0 0 0 0 0 0 0 0 1 0 0 0 0 0 0 0 0 0 0 0 0 0 0 0 0 0 0 0 0 0
geno chr6.24947634 tsi  0 0 0 0 0 0 0 0 0 0 0 0 0 0 0 0 0 0 0 0 0 0 0 0 0 0 0 0 1 0 1 0 1 0 0 0 0 0 0 1 0 0 0 0 0 0 0 0 0 0 1 0 0 0 0 0 0 0 0 0 0 1 0 0 0 0 0 0 0 0 0 0 0 0 0 0 0 0 0 0 0 1 0 0 0 0 0 0 1 0 0 0
geno chr6.24947634 yri  0 1 0 0 0 1 1 1 0 0 1 0 0 0 0 1 1 0 1 0 0 0 0 0 0 0 2 0 0 0 0 1 1 1 0 0 0 0 0 0 0 0 0 1 1 0 0 0 0 1 0 2 0 0 1 0 1 0 0 1 1 0 0 1 2 0 2 0 0 0 1 1 0 0 1 1 1
geno chr6.24947636 ceu  0 0 0 0 0 0 0 0 0 1 0 0 0 0 0 0 0 0 0 1 0 0 0 0 0 0 0 0 0 0 0 0 0 0 0 0 0 0 0 0 0 0 0 0 0 0 0 0 0 0 0 0 0 0 0 0 0 0 0 1 0 0 0 0 0 0 0 0 0 0 0 0 0 0 0 0 0 0
geno chr6.24947636 fin  0 0 0 0 0 0 0 0 0 0 0 0 0 0 0 0 0 0 0 0 0 0 0 0 0 0 0 0 0 0 1 0 0 0 0 0 0 0 0 0 0 0 0 0 0 0 0 0 0 0 0 0 0 0 0 0 0 0 0 0 0 0 0 0 0 0 0 0 0 0 0 0 1 0 0 0 0 0 0 0 0 0 0 0 0 0 1 0 0
geno chr6.24947636 gbr  0 0 0 0 0 0 1 0 0 0 0 0 0 0 0 0 0 0 0 0 0 0 0 0 0 0 0 0 0 0 0 0 0 0 0 0 0 0 0 0 1 0 0 0 0 0 0 0 0 0 0 0 0 0 0 0 0 0 0 0 0 0 1 0 0 0 0 0 0 0 0 0 0 0 0 0 0 0 0 0 0 0 0 0
geno chr6.24947636 tsi  0 0 0 0 0 0 0 0 0 0 0 0 0 0 0 0 0 0 0 0 0 0 0 0 0 0 0 0 1 0 1 0 1 0 0 0 0 0 0 1 0 0 0 0 0 0 0 0 0 0 1 0 0 0 0 0 0 0 0 0 0 1 0 0 0 0 0 0 0 0 0 0 0 0 0 0 0 0 0 0 0 1 0 0 0 0 0 0 1 0 0 0
geno chr6.24947636 yri  0 1 0 0 0 1 1 1 0 0 1 0 0 0 0 1 1 0 1 0 0 0 0 0 0 0 2 0 0 0 0 1 1 1 0 0 0 0 0 0 0 0 0 1 1 0 0 0 0 1 0 2 0 0 1 0 1 0 0 1 1 0 0 1 2 0 2 0 0 0 1 1 0 0 1 1 1
geno chr6.24947772 ceu  0 0 0 1 0 0 1 0 0 0 1 0 0 1 0 0 0 0 0 1 0 0 0 0 0 0 0 0 1 1 0 1 0 0 1 0 0 0 1 0 0 0 0 0 0 0 0 0 0 0 0 0 0 0 0 1 2 1 0 1 1 0 0 0 0 0 1 0 2 1 0 1 0 0 0 0 1 1
geno chr6.24947772 fin  1 0 0 0 0 0 0 1 0 0 0 0 0 0 1 0 1 0 0 2 0 0 0 0 0 0 0 1 0 1 0 0 2 1 0 0 0 0 2 0 0 0 0 0 0 0 0 0 0 0 2 0 0 1 1 0 0 0 1 0 0 0 0 0 0 0 0 1 0 0 1 0 0 1 0 0 0 1 1 1 0 0 0 0 0 0 0 1 1
geno chr6.24947772 gbr  0 0 0 1 1 0 0 0 0 0 0 0 1 0 0 0 0 0 1 0 1 0 0 0 0 0 1 0 0 0 0 0 1 0 0 0 0 0 0 0 0 0 0 1 0 0 0 0 1 1 0 0 0 0 0 0 1 0 0 1 1 0 0 1 0 2 0 0 0 2 0 0 0 0 0 0 0 0 0 0 0 2 0 1
geno chr6.24947772 tsi  0 0 0 0 0 0 0 0 0 0 1 0 0 0 0 0 1 0 0 0 1 1 0 0 0 0 0 0 0 1 0 1 0 0 1 0 0 0 0 0 0 0 0 0 0 0 0 0 0 2 0 1 0 0 1 0 0 1 0 1 1 0 0 0 1 0 1 1 2 0 0 0 0 0 0 1 0 1 0 0 0 0 1 0 0 0 1 0 1 0 0 1
geno chr6.24947772 yri  0 0 0 0 1 0 0 0 0 0 0 0 0 0 0 1 0 0 0 0 0 1 0 0 0 0 0 0 0 0 0 0 0 0 0 0 0 0 0 0 0 0 0 0 0 0 0 0 0 0 0 0 0 0 0 0 0 0 0 0 0 0 1 0 0 0 0 1 0 0 0 0 0 0 0 0 0
geno chr6.24947816 ceu  0 0 0 0 0 0 0 0 0 1 0 0 0 0 0 0 0 0 0 1 0 0 0 0 0 0 0 0 0 0 0 0 0 0 0 0 0 0 0 0 0 0 0 0 0 0 0 0 0 0 0 0 0 0 0 0 0 0 0 1 0 0 0 0 0 0 0 0 0 0 0 0 0 0 0 0 0 0
geno chr6.24947816 fin  0 0 0 0 0 0 0 0 0 0 0 0 0 0 0 0 0 0 0 0 0 0 0 0 0 0 0 0 0 0 1 0 0 0 0 0 0 0 0 0 0 0 0 0 0 0 0 0 0 0 0 0 0 0 0 0 0 0 0 0 0 0 0 0 0 0 0 0 0 0 0 0 1 0 0 0 0 0 0 0 0 0 0 0 0 0 1 0 0
geno chr6.24947816 gbr  0 0 0 0 0 0 1 0 0 0 0 0 0 0 0 0 0 0 0 0 0 0 0 0 0 0 0 0 0 0 0 0 0 0 0 0 0 0 0 0 1 0 0 0 0 0 0 0 0 0 0 0 0 0 0 0 0 0 0 0 0 0 1 0 0 0 0 0 0 0 0 0 0 0 0 0 0 0 0 0 0 0 0 0
geno chr6.24947816 tsi  0 0 0 0 0 0 0 0 0 0 0 0 0 0 0 0 0 0 0 0 0 0 0 0 0 0 0 0 1 0 1 0 1 0 0 0 0 0 0 1 0 0 0 0 0 0 0 0 0 0 1 0 0 0 0 0 0 0 0 0 0 1 0 0 0 0 0 0 0 0 0 0 0 0 0 0 0 0 0 0 0 1 0 0 0 0 0 0 1 0 0 0
geno chr6.24947816 yri  0 1 0 0 0 0 1 0 0 0 1 0 0 0 0 0 1 0 1 0 0 0 0 0 0 0 0 0 0 0 0 1 0 0 0 0 0 0 0 0 0 0 0 1 1 0 0 0 0 1 0 1 0 0 1 0 1 0 0 0 0 0 0 1 2 0 1 0 0 0 1 1 0 0 0 1 0
geno chr6.24948101 ceu  0 0 0 0 0 0 0 0 0 1 0 1 0 0 0 0 0 0 1 0 0 0 0 0 0 0 0 0 0 0 0 0 0 0 0 0 0 0 0 0 0 0 0 1 0 0 0 0 0 0 0 0 0 0 0 0 0 0 0 0 0 0 1 0 0 0 0 0 0 0 0 0 0 0 0 0 0 0
geno chr6.24948101 fin  0 0 0 0 0 0 0 0 0 0 0 0 0 0 0 0 0 0 0 0 0 0 0 0 0 0 0 0 0 0 0 0 0 0 0 0 0 0 0 0 0 0 0 0 0 0 0 0 0 0 0 0 0 0 0 0 0 0 0 0 0 0 0 0 0 0 0 0 0 0 0 0 1 0 0 0 0 0 0 0 0 0 0 0 0 0 1 0 0
geno chr6.24948101 gbr  0 0 0 0 0 0 0 0 0 0 0 0 0 0 0 1 0 0 0 0 0 0 0 0 0 0 0 0 0 1 0 0 1 0 1 0 0 0 1 0 0 0 0 0 0 0 0 0 0 0 0 0 0 0 0 0 0 0 0 0 0 0 0 0 0 0 0 0 0 0 0 0 0 0 0 0 0 0 0 0 0 0 0 0
geno chr6.24948101 tsi  0 0 0 0 1 0 0 0 0 0 0 0 0 0 0 0 0 0 0 0 0 0 0 0 0 0 0 0 0 0 1 0 0 0 0 0 0 0 0 1 0 0 0 0 0 0 0 0 0 0 1 0 0 0 0 0 0 0 0 0 0 1 0 0 0 0 0 0 0 0 0 0 0 0 0 0 0 0 0 0 0 0 0 0 0 0 0 0 1 0 0 0
geno chr6.24948101 yri  1 0 1 0 0 1 0 1 0 0 1 0 0 0 1 1 1 1 1 0 0 0 0 1 0 0 2 0 1 0 1 1 0 0 0 0 0 2 0 0 1 1 1 1 0 0 1 0 2 1 0 2 2 1 0 0 1 0 0 1 1 1 0 0 1 0 1 0 0 0 1 0 1 0 1 0 1
geno chr6.24948146 ceu  1 2 2 2 1 2 1 1 2 2 2 2 2 2 2 1 1 2 2 2 2 1 1 1 0 1 1 2 2 1 2 1 1 1 1 2 1 2 2 2 2 1 2 2 0 2 0 2 2 2 2 2 1 2 1 1 2 2 1 2 1 2 2 1 1 2 2 2 2 2 0 1 2 2 1 2 2 1
geno chr6.24948146 fin  2 2 1 1 1 2 0 2 0 0 0 2 2 2 1 2 1 1 0 2 1 1 2 1 1 2 2 1 1 2 1 0 2 1 1 0 2 0 2 1 1 1 1 1 1 1 1 0 2 2 2 0 1 2 2 2 0 0 1 1 1 1 0 0 2 1 0 2 2 2 1 0 1 2 1 1 2 1 2 2 0 0 0 2 0 1 1 1 1
geno chr6.24948146 gbr  2 2 2 2 2 2 2 1 0 2 2 2 2 1 2 1 1 1 2 0 2 0 0 2 2 1 2 1 1 2 1 2 2 2 2 2 0 1 2 1 2 1 2 1 2 1 2 0 1 1 1 2 1 2 1 0 1 2 2 2 2 1 2 1 1 2 2 2 0 2 0 2 1 2 2 2 2 1 2 2 2 2 2 2
geno chr6.24948146 tsi  2 0 2 2 2 2 2 1 2 0 1 1 1 1 1 2 2 2 1 1 2 2 1 2 1 1 1 1 2 2 2 2 2 2 2 2 2 1 0 2 2 1 2 1 2 2 2 1 2 2 1 1 1 1 1 1 1 2 1 1 2 2 2 1 2 2 2 1 2 1 2 2 1 2 1 2 1 2 1 2 1 2 1 1 2 1 2 2 2 1 2 1
geno chr6.24948146 yri  2 2 1 2 2 2 2 1 1 2 2 2 2 2 2 2 2 2 2 2 2 1 1 2 2 2 2 2 2 2 2 2 2 2 2 1 1 2 2 2 2 2 2 2 2 1 2 1 2 1 2 2 2 2 2 2 2 1 2 2 2 2 2 2 2 2 2 2 2 2 2 2 2 2 1 2 1
geno chr6.24948280 ceu  1 2 2 2 1 2 1 1 2 2 2 2 2 2 2 1 1 2 2 2 2 1 1 1 0 1 1 2 2 1 2 1 1 1 2 2 1 2 2 2 2 1 2 2 0 2 0 2 2 2 2 2 1 2 1 1 2 2 1 2 1 2 2 1 1 2 2 2 2 2 0 1 2 2 1 2 2 1
geno chr6.24948280 fin  2 2 1 1 1 2 0 2 0 0 0 2 2 2 1 2 1 1 0 2 1 1 2 1 1 2 2 1 1 2 1 0 2 1 1 0 2 0 2 1 1 1 1 1 1 1 1 0 2 2 2 0 1 2 2 2 0 0 1 1 1 1 0 0 2 1 0 2 2 2 1 0 1 2 1 1 2 1 2 2 0 0 0 2 0 1 1 1 1
geno chr6.24948280 gbr  2 2 2 2 2 2 2 1 0 2 2 2 2 1 2 1 1 1 2 0 2 0 0 2 2 1 2 1 1 2 1 2 2 2 2 2 0 1 2 1 2 1 2 1 2 1 2 0 1 1 1 2 1 2 1 0 1 2 2 2 2 1 2 1 1 2 2 2 0 2 0 2 1 2 2 2 2 1 2 2 2 2 2 2
geno chr6.24948280 tsi  2 0 2 2 2 2 2 1 2 0 1 1 1 1 1 2 2 2 1 1 2 2 1 2 1 1 1 1 2 2 2 2 2 2 2 2 2 1 0 2 2 1 2 1 2 2 2 1 2 2 1 1 1 1 1 1 1 2 1 1 2 2 2 1 2 2 2 1 2 1 2 2 1 2 1 2 1 2 1 2 1 2 1 1 2 1 2 2 2 1 2 1
geno chr6.24948280 yri  2 2 1 2 2 2 2 1 1 2 2 2 2 2 2 2 2 2 2 2 2 1 1 2 2 2 2 2 2 2 2 2 2 2 2 1 1 2 2 2 2 2 2 2 2 1 2 1 2 1 2 2 2 2 2 2 2 1 2 2 2 2 2 2 2 2 2 2 2 2 2 2 2 2 1 2 1
geno chr6.24948508 ceu  1 2 2 2 1 2 1 1 2 2 2 2 2 2 2 1 1 2 2 2 2 1 1 1 0 1 1 2 2 1 2 1 1 1 2 2 1 2 2 2 2 1 2 2 0 2 1 2 2 2 2 2 1 2 1 1 2 2 1 2 1 2 2 1 1 2 2 2 2 2 0 1 2 2 1 2 2 1
geno chr6.24948508 fin  2 2 1 1 1 2 0 2 0 0 1 2 2 2 1 2 1 2 0 2 1 1 2 1 1 2 2 1 1 2 1 0 2 1 1 0 2 0 2 1 1 1 1 1 1 1 1 0 2 2 2 0 1 2 2 2 0 0 1 1 1 1 0 0 2 1 0 2 2 2 1 0 1 2 1 1 2 1 2 2 0 0 0 2 0 1 1 1 1
geno chr6.24948508 gbr  2 2 2 2 2 2 2 1 0 2 2 2 2 1 2 1 1 1 2 0 2 0 0 2 2 1 2 1 1 2 1 2 2 2 2 2 0 1 2 1 2 1 2 1 2 1 2 0 1 1 1 2 1 2 1 0 1 2 2 2 2 1 2 1 1 2 2 2 0 2 0 2 1 2 2 2 2 1 2 2 2 2 2 2
geno chr6.24948508 tsi  2 0 2 2 2 2 2 1 2 0 1 1 1 1 2 2 2 2 1 2 2 2 1 2 1 1 1 1 2 2 2 2 2 2 2 2 2 1 0 2 2 1 2 1 2 2 2 1 2 2 1 1 1 1 1 1 1 2 2 1 2 2 2 1 2 2 2 1 2 1 2 2 1 2 1 2 1 2 1 2 1 2 1 1 2 1 2 2 2 1 2 1
geno chr6.24948508 yri  2 2 1 2 2 2 2 1 2 2 2 2 2 2 2 2 2 2 2 1 2 1 1 2 2 1 2 0 2 1 2 2 2 2 1 1 1 2 2 2 2 2 2 2 2 1 2 0 2 1 2 2 2 2 2 2 2 1 2 2 2 2 2 2 2 2 2 2 1 1 2 2 2 2 1 2 1
geno chr6.24948790 ceu  1 2 2 1 1 2 0 1 2 2 1 2 2 1 1 1 1 2 2 0 2 1 1 1 0 1 1 2 1 0 2 0 1 0 1 1 1 2 1 2 2 1 2 2 0 2 0 2 2 2 2 2 1 2 1 0 0 1 1 0 0 2 2 1 1 2 1 2 0 1 0 0 2 1 1 2 1 0
geno chr6.24948790 fin  1 2 1 1 1 2 0 1 0 0 0 2 2 2 0 2 0 1 0 0 1 1 2 1 1 2 2 0 1 1 0 0 0 0 1 0 1 0 0 1 1 1 1 1 0 1 1 0 1 2 0 0 1 1 1 2 0 0 0 0 1 1 0 0 2 1 0 1 2 2 0 0 1 1 1 1 2 0 1 1 0 0 0 2 0 1 1 0 0
geno chr6.24948790 gbr  2 2 2 1 1 2 1 0 0 2 2 2 1 1 2 1 1 1 1 0 1 0 0 2 2 0 1 1 1 2 1 2 1 2 2 2 0 1 1 1 1 1 2 0 2 1 2 0 0 0 1 2 1 2 1 0 0 2 2 1 1 1 1 1 1 0 1 1 0 0 0 2 0 2 2 2 2 1 2 1 2 0 2 1
geno chr6.24948790 tsi  2 0 2 2 2 2 2 1 2 0 0 1 1 1 1 2 1 2 1 1 1 1 1 2 1 1 1 1 1 1 2 1 1 2 1 2 2 0 0 2 2 1 2 1 2 2 2 1 2 0 1 0 1 1 0 1 1 1 1 0 1 2 2 0 1 1 1 0 0 1 2 2 1 2 1 1 0 1 1 2 1 1 1 1 2 1 2 2 1 1 2 0
geno chr6.24948790 yri  2 1 1 1 0 1 0 0 1 1 1 1 1 2 2 0 1 2 2 0 0 0 1 1 1 1 1 0 2 0 0 1 1 0 0 1 1 2 1 0 2 2 2 1 1 0 2 0 2 1 1 1 2 1 0 1 1 0 1 0 0 2 1 0 1 1 0 1 0 1 2 0 2 2 0 0 0
