pheno ENSG00000151849 ceu 0.1758426 1.919995 0.5387347 0.4050756 0.6432914 1.245448 0.3119064 0.2906707 -0.3357033 1.917386 -1.046653 1.175017 0.734387 1.311186 0.933905 1.061132 0.1205654 -0.03870538 -0.04452622 -0.92613 1.686682 0.2130195 -0.1305636 1.119473 1.396515 0.7197498 1.601112 -0.0325914 -0.04059369 1.781877 0.8636222 1.010926 1.040966 1.608197 0.9544148 1.535815 0.8838227 -0.3403868 1.280226 2.136349 0.2116844 -0.1338295 1.351879 0.3481996 -1.18185 1.451485 1.100623 1.556673 0.2321869 0.9300516 1.049771 -0.02618019 2.166982 0.8601372 0.6645297 1.078428 2.80084 0.9989607 -0.2276847 0.1629467 2.014592 0.5090778 0.150325 -0.2531875 0.7553497 -0.4539904 -0.4276771 2.339574 1.261389 2.858062 0.7680018 0.8190894 1.924336 2.458103 2.07284 1.689789 2.000107 0.1903574
pheno ENSG00000151849 fin -2.102046 -1.836505 -1.874206 -0.5610948 -3.318451 -2.798795 0.1876845 -1.400704 -2.383364 0.8246418 -0.5335984 -0.1967401 -0.1394435 -3.642482 -0.4087813 -2.593529 -2.142808 -1.97931 -1.718907 0.002919781 -2.860479 -1.780682 -1.575524 -3.006345 -0.3158242 -0.07528853 -1.349197 -1.230728 -2.365145 -0.4785521 -2.477408 -0.7922761 -1.959828 -2.423758 -2.103454 -1.942579 -2.229061 -1.894853 -1.841599 -2.616207 -0.3205774 -1.72329 -0.4369158 -2.349378 -1.697075 -0.838879 -1.619884 -2.919252 -3.020206 -2.848161 -2.897309 -2.192718 -3.338348 -2.528483 -2.393437 -1.373864 0.8065957 -0.8505804 -0.9480446 2.113931 -1.841257 -1.536497 0.4367351 -1.102952 -1.913603 -1.419963 -1.053384 -1.265062 -1.333447 -4.758757 -2.002825 -0.8157124 -2.631771 -0.491843 -1.120521 -1.791363 -1.483609 -0.8106674 -1.939022 -0.5447572 -2.612437 -0.9284593 -2.344348 -2.908522 -0.8887451 -0.4290745 -1.704832 -0.7739369 -1.489869
pheno ENSG00000151849 gbr -0.8338534 3.763542 0.4153088 0.6887128 1.150297 1.519457 1.56539 -0.9387541 -1.256367 -0.3314992 -0.1403899 -0.2275607 1.054316 1.571889 0.7561786 0.3621973 1.609869 2.085607 -0.4212265 0.3079025 -0.3528047 0.3849393 1.649295 0.1530363 1.777536 2.075361 0.7652923 0.06572395 -1.346414 1.066779 -0.6348411 -0.2973987 0.7887278 0.3870346 0.4093267 1.068026 -0.2759469 0.6477887 -0.9795191 -0.601422 1.645057 0.9557238 1.590952 1.791153 -1.388797 0.3650843 1.608588 -0.9596681 -1.252266 -0.6536771 -1.040038 -0.3461141 0.7106139 2.063683 -0.5685536 -1.426774 1.45723 -1.820543 -0.07867802 0.2313482 0.6365718 0.0810436 1.464949e-07 2.736134 -0.6779139 -0.2548882 1.892733 0.8861293 0.8413688 2.131147 0.5251774 2.026465 1.640345 0.7110493 -0.3625787 1.588457 0.5292198 -0.5042792 1.207153 -1.562753 -0.2410248 2.15652 0.7127143 -0.1706315
pheno ENSG00000151849 tsi -3.853056 -2.581994 -1.880283 -2.365142 -2.876019 -3.61801 -3.016715 -2.059986 -3.476015 -3.771097 -1.451111 -2.640251 -0.7715236 -1.682106 -2.55623 -0.03819111 -2.065776 -1.525663 -3.421157 -0.8443601 -0.8923379 -2.166834 -0.4878048 -2.886488 -3.585713 -1.831917 -1.123872 -2.886371 -3.09601 -2.177237 -1.630988 -1.770741 -1.834352 -1.998897 -3.205876 -0.4980755 -0.8130123 -1.145981 -1.800829 -0.6188336 -0.3366072 0.4692868 -2.811647 -2.039719 -0.8451608 -3.487094 -2.385527 -0.8721724 -2.098149 -2.780922 -2.635568 -3.410167 -1.037425 -1.121785 -2.578095 -3.368627 -2.091699 -1.971872 -1.943221 -0.4065914 -1.247375 -0.6245964 -0.7874888 -1.794093 -1.769193 -1.822691 -4.278787 -1.874568 -2.911909 -2.29032 -2.656533 -2.223131 -2.585147 -2.763894 -0.5274278 -1.513838 -1.887763 -2.580098 -3.538241 -1.187965 -1.589362 -0.34176 -2.075532 -0.5162927 -2.751721 -1.238251 -3.64606 -1.198974 -2.282021 -2.08082 -0.9991858 -2.977623
pheno ENSG00000151849 yri 1.510614 2.202249 0.6902576 -0.1291409 2.678892 0.7304891 -2.016028 0.05357103 -0.7205789 -0.1418689 1.027291 -1.904889 -0.2137188 1.456456 0.86448 1.959571 1.37224 0.2269691 -0.2443181 -0.1324327 -0.9928759 0.9628832 -0.425842 0.04655028 -0.04488274 -0.6778764 1.121539 -1.553265 1.207901 0.1802882 0.7247427 0.9632834 -1.531365 0.3221285 -0.8005705 1.698886 0.7936078 -1.191403 0.05155765 -0.09758338 -0.04844828 0.2403778 1.202887 1.36009 2.322184 3.990954 2.127749 2.821424 1.276172 -0.1317741 2.464807 2.640311 -1.670563 1.387343 -0.03608654 0.3236589 1.350014 -0.7389732 0.9701768 0.3555646 -1.285799 -0.2545516 2.235783 0.5969288 -0.674074 -0.9438069 0.3403166 0.9676759 1.026478 0.4981182 0.08407045 1.076979 1.567376 1.209749 0.8614089 0.7341667 1.424009
geno chr13.25397400 ceu  1 0 1 0 0 0 2 0 1 0 0 1 1 0 1 1 0 0 0 0 0 0 2 0 0 1 1 0 0 0 0 1 0 0 0 0 0 1 1 1 1 0 1 0 0 0 2 0 0 0 1 1 1 0 1 1 0 0 0 0 0 0 0 0 1 1 0 1 1 0 0 1 0 2 1 0 0 1
geno chr13.25397400 fin  1 0 0 0 0 2 1 0 1 2 0 1 0 1 1 2 0 0 1 0 1 2 0 0 0 1 0 0 1 0 0 1 0 1 1 0 1 1 1 1 1 1 0 0 1 0 0 0 0 0 0 1 1 0 1 0 1 0 1 0 2 0 0 1 1 2 1 1 0 1 0 0 0 1 1 0 0 1 0 1 1 2 1 1 0 1 1 0 0
geno chr13.25397400 gbr  1 0 0 1 0 1 1 0 1 0 1 1 0 0 0 1 1 0 1 1 0 0 0 2 1 2 1 0 0 0 0 1 2 0 0 0 0 0 0 0 0 1 1 0 0 0 0 0 0 0 1 1 0 0 1 1 2 1 0 0 0 0 0 0 1 0 1 1 0 0 0 0 1 1 0 0 0 0 2 1 1 1 0 0
geno chr13.25397400 tsi  1 0 0 0 1 1 0 1 0 1 0 0 0 0 0 1 0 0 0 1 0 0 1 0 0 0 0 0 0 0 0 0 1 0 1 0 0 0 1 1 0 0 1 0 0 1 0 0 0 0 0 0 0 0 0 0 0 0 0 1 1 0 0 0 0 0 0 0 2 0 0 0 0 0 0 0 1 1 0 0 0 0 1 0 0 0 0 0 1 0 0 0
geno chr13.25397400 yri  0 0 0 0 0 0 0 0 0 0 1 0 1 1 0 1 0 1 0 0 0 0 0 0 0 0 0 0 0 0 0 0 0 1 0 0 1 0 0 0 0 0 0 0 0 0 0 1 0 0 0 0 1 0 0 0 1 0 0 0 0 0 0 0 0 0 0 0 0 0 0 0 0 2 0 0 0
geno chr13.25397586 ceu  2 2 1 0 1 0 2 1 1 2 1 1 1 0 1 1 0 1 0 1 0 1 2 0 0 1 1 1 0 1 1 2 0 0 0 0 0 2 1 1 1 1 1 1 0 2 2 0 0 1 1 1 1 0 2 2 0 0 0 1 0 0 0 0 1 1 1 1 1 0 0 1 0 2 2 1 0 1
geno chr13.25397586 fin  2 0 0 0 1 2 1 0 2 2 0 1 1 1 1 2 1 0 1 0 1 2 2 0 0 1 0 0 1 0 0 1 0 1 1 1 1 1 1 1 1 1 0 0 1 0 0 0 0 1 0 1 2 0 2 1 1 1 1 0 2 0 0 1 1 2 1 1 0 1 2 0 1 1 1 1 0 1 0 2 2 2 1 1 0 2 1 1 0
geno chr13.25397586 gbr  2 0 0 1 1 1 2 1 1 0 1 1 0 0 0 2 1 0 2 2 1 0 0 2 2 2 1 1 0 0 0 1 2 0 1 0 1 0 1 1 1 2 1 0 0 0 0 1 0 0 1 2 0 0 1 2 2 1 0 1 0 1 0 1 1 0 1 1 1 1 0 1 1 2 1 1 0 0 2 1 2 1 1 0
geno chr13.25397586 tsi  1 0 0 0 2 1 1 1 0 1 0 1 1 2 1 1 0 0 0 2 0 0 1 2 0 1 1 1 0 2 0 0 1 1 1 1 1 1 1 1 0 0 1 0 0 1 2 0 2 0 0 0 1 2 1 0 0 0 0 1 1 1 1 0 0 0 0 0 2 0 0 2 2 0 1 0 2 1 0 0 1 0 1 1 0 1 1 0 1 1 0 0
geno chr13.25397586 yri  0 2 2 2 0 2 1 2 1 1 1 1 1 1 0 2 1 2 2 1 2 0 1 1 2 1 1 0 1 2 1 1 1 2 0 1 2 2 2 2 2 1 2 0 1 0 1 2 0 0 1 2 1 2 0 1 1 1 1 1 1 1 1 1 0 1 1 0 1 1 0 1 1 2 0 0 0
geno chr13.25397951 ceu  2 2 1 0 1 0 2 1 1 2 1 1 1 0 1 1 0 1 0 1 0 1 2 0 0 1 1 1 0 1 1 2 0 0 0 0 0 2 1 1 1 1 1 1 0 2 2 0 0 1 1 1 1 0 2 2 0 0 0 1 0 0 0 0 1 1 1 1 1 0 0 1 0 2 2 1 0 1
geno chr13.25397951 fin  2 0 0 0 1 2 1 0 2 2 0 1 1 1 1 2 1 0 1 0 1 2 2 0 0 1 0 0 1 0 0 1 0 1 1 1 1 1 1 1 1 1 0 0 1 0 0 0 0 1 0 1 2 0 2 1 1 1 1 0 2 0 0 1 1 2 1 1 0 1 2 0 1 1 1 1 0 1 0 2 2 2 1 1 0 2 1 1 0
geno chr13.25397951 gbr  2 0 0 1 1 1 2 1 1 0 1 1 0 0 0 2 1 0 2 2 1 0 0 2 2 2 1 1 0 0 0 1 2 0 1 0 1 0 1 1 1 2 1 0 0 0 0 1 0 0 1 2 0 0 1 2 2 1 0 1 0 1 0 1 1 0 1 1 1 1 0 1 1 2 1 1 0 0 2 1 2 1 1 0
geno chr13.25397951 tsi  1 0 0 0 2 1 1 1 0 1 0 1 1 2 1 1 0 0 0 2 0 0 1 2 0 1 1 1 0 2 0 0 1 1 1 1 1 1 1 1 0 0 1 0 0 1 2 0 2 0 0 0 1 2 1 0 0 0 0 1 1 1 1 0 0 0 0 0 2 0 0 2 2 0 1 0 2 1 0 0 1 0 1 1 0 1 1 0 1 1 0 0
geno chr13.25397951 yri  0 2 2 2 0 2 1 2 1 1 1 1 1 1 0 2 1 2 2 1 2 0 1 1 2 1 1 0 1 2 1 1 1 2 0 1 2 2 2 2 2 1 2 0 1 0 1 2 0 0 1 2 1 2 0 1 1 1 1 1 1 1 1 1 0 1 1 0 1 1 0 1 1 2 0 0 0
geno chr13.25398709 ceu  0 0 1 0 1 1 0 1 0 0 0 1 1 1 0 0 2 1 1 0 1 0 0 0 2 0 1 0 0 0 1 0 1 1 1 1 1 0 1 0 1 0 1 1 0 0 0 0 0 0 1 0 1 1 0 0 0 0 1 0 0 1 0 0 0 0 0 0 0 1 0 0 0 0 0 0 1 0
geno chr13.25398709 fin  0 0 1 0 0 0 0 0 0 0 0 1 1 0 0 0 0 0 0 0 0 0 0 1 1 1 1 1 0 2 1 0 1 1 0 1 0 1 0 0 0 1 1 0 0 0 1 0 0 1 2 0 0 0 0 0 0 0 0 0 0 0 0 0 0 0 1 0 1 1 0 1 0 0 0 0 0 0 0 0 0 0 0 0 0 0 0 0 0
geno chr13.25398709 gbr  0 0 1 0 0 1 0 0 0 0 0 0 1 1 1 0 1 1 0 0 1 1 0 0 0 0 0 0 0 0 0 0 0 0 0 0 1 1 0 0 1 0 0 2 1 0 0 0 0 1 1 0 2 2 0 0 0 0 0 1 0 0 0 0 0 0 1 0 1 0 1 1 0 0 0 0 0 0 0 0 0 0 0 1
geno chr13.25398709 tsi  0 1 2 1 0 0 0 0 1 0 2 0 1 0 0 0 0 2 0 0 0 1 0 0 1 1 0 0 1 0 0 2 1 1 0 1 1 0 0 0 1 0 0 1 0 0 0 2 0 1 1 2 0 0 1 1 0 1 1 0 0 0 1 1 1 0 0 2 0 1 1 0 0 0 1 2 0 0 1 0 1 0 0 0 0 0 0 1 0 0 1 1
geno chr13.25398709 yri  1 0 0 0 2 0 1 0 0 0 0 0 1 1 0 0 0 0 0 1 0 1 1 1 0 1 0 2 1 0 1 0 0 0 2 0 0 0 0 0 0 0 0 1 1 2 0 0 1 1 1 0 1 0 0 1 0 1 0 1 0 1 0 1 1 0 0 0 0 1 1 0 0 0 0 0 1
geno chr13.25399445 ceu  1 0 0 0 0 0 0 0 1 0 0 0 0 0 0 1 0 0 0 0 0 0 0 0 0 0 0 0 0 0 0 0 0 0 0 0 0 0 0 0 0 0 0 0 0 0 2 0 0 0 0 0 1 0 0 0 0 0 0 0 0 0 0 0 0 1 0 0 0 0 0 1 0 0 1 0 0 0
geno chr13.25399445 fin  0 0 0 0 0 0 0 0 0 1 0 1 0 0 0 1 0 0 0 0 1 1 0 0 0 0 0 0 0 0 0 1 0 0 1 0 0 0 0 0 0 0 0 0 0 0 0 0 0 0 0 1 0 0 1 0 0 0 1 0 0 0 0 0 0 0 1 1 0 0 0 0 0 0 0 0 0 0 0 0 1 1 0 0 0 0 0 0 0
geno chr13.25399445 gbr  1 0 0 1 0 0 0 0 0 0 1 1 0 0 0 1 1 0 0 1 0 0 0 1 0 2 0 0 0 0 0 0 0 0 0 0 0 0 0 0 0 0 0 0 0 0 0 0 0 0 0 0 0 0 0 1 0 0 0 0 0 0 0 0 1 0 0 1 0 0 0 0 0 0 0 0 0 0 1 0 0 1 0 0
geno chr13.25399445 tsi  1 0 0 0 0 0 0 0 0 0 0 0 0 0 0 0 0 0 0 0 0 0 1 0 0 0 0 0 0 0 0 0 0 0 0 0 0 0 1 0 0 0 1 0 0 0 0 0 0 0 0 0 0 0 0 0 0 0 0 0 1 0 0 0 0 0 0 0 1 0 0 0 0 0 0 0 1 0 0 0 0 0 0 0 0 0 0 0 1 0 0 0
geno chr13.25399445 yri  0 0 0 1 0 1 0 0 0 0 0 0 0 0 0 0 0 1 1 0 0 0 0 0 0 0 0 0 0 0 0 0 0 0 0 0 0 0 0 0 0 0 0 0 0 0 0 0 0 0 0 0 0 0 0 0 0 0 0 0 0 0 0 0 0 0 0 0 0 0 0 0 0 0 0 0 0
geno chr13.25399677 ceu  2 2 1 0 1 0 2 1 1 2 1 1 1 0 1 1 0 1 0 1 0 1 2 0 0 1 1 1 0 1 1 2 0 0 0 0 0 2 1 1 1 1 1 1 0 2 2 0 0 1 1 1 1 0 2 2 0 0 0 1 0 0 0 0 1 1 1 1 1 0 0 1 0 2 2 1 0 1
geno chr13.25399677 fin  2 0 0 0 1 2 1 0 2 2 0 1 0 1 1 2 1 0 1 0 1 2 2 0 0 1 0 0 1 0 0 1 0 1 1 0 1 1 1 1 1 1 0 0 1 0 0 0 0 1 0 1 2 0 2 1 1 1 1 0 2 0 0 1 1 2 1 1 0 1 2 0 1 1 1 1 0 1 0 2 2 2 1 1 0 2 1 1 0
geno chr13.25399677 gbr  2 0 0 1 1 1 2 1 1 0 1 1 0 0 0 2 1 0 2 2 1 0 0 2 2 2 1 1 0 0 0 1 2 0 1 0 1 0 1 1 1 2 1 0 0 0 0 1 0 0 1 2 0 0 1 2 2 1 0 1 0 1 0 1 1 0 1 1 1 1 0 1 1 2 1 1 0 0 2 1 2 1 1 0
geno chr13.25399677 tsi  1 0 0 0 2 1 1 1 0 1 0 1 1 2 1 1 0 0 0 2 0 0 1 2 0 1 1 1 0 2 0 0 1 1 1 1 1 1 1 1 0 0 1 0 0 1 2 0 2 0 0 0 1 2 1 0 0 0 0 1 1 1 1 0 0 0 0 0 2 0 0 2 2 0 1 0 2 1 0 0 1 0 1 1 0 1 1 0 1 1 0 0
geno chr13.25399677 yri  0 2 2 1 0 1 1 2 1 1 1 1 1 1 0 2 1 1 1 1 2 0 1 1 2 1 1 0 1 2 1 1 1 2 0 1 2 2 2 2 2 1 2 0 1 0 1 2 0 0 1 2 1 2 0 1 1 1 1 1 1 1 1 1 0 1 1 0 1 1 0 1 1 2 0 0 0
geno chr13.25399702 ceu  0 0 1 0 1 1 0 1 0 0 0 1 1 1 0 0 2 1 1 0 1 0 0 0 2 0 1 0 0 0 1 0 1 1 1 1 1 0 1 0 1 0 1 1 0 0 0 0 1 0 1 0 1 1 0 0 0 0 1 0 0 1 0 0 0 0 0 0 0 1 0 0 0 0 0 0 1 0
geno chr13.25399702 fin  0 0 1 0 0 0 0 0 0 0 0 1 1 0 0 0 0 0 0 0 0 0 0 1 1 1 1 1 0 2 1 0 1 1 0 1 0 1 0 0 0 1 1 0 0 0 1 0 0 1 2 0 0 0 0 0 0 0 0 0 0 0 0 0 0 0 1 0 1 1 0 1 0 0 0 0 0 0 0 0 0 0 0 0 0 0 0 0 0
geno chr13.25399702 gbr  0 0 1 0 0 1 0 0 0 0 0 0 1 1 1 0 1 1 0 0 1 1 0 0 0 0 0 0 0 0 0 0 0 0 0 0 1 1 0 0 1 0 0 2 1 0 0 0 0 1 1 0 2 2 0 0 0 0 0 1 0 0 0 0 0 0 1 0 1 0 1 1 0 0 0 0 0 0 0 0 0 0 0 1
geno chr13.25399702 tsi  0 1 2 1 0 0 0 0 1 0 2 0 1 0 0 0 0 2 0 0 0 1 0 0 1 1 0 0 1 0 0 2 1 1 0 1 1 0 0 0 1 0 0 1 0 0 0 2 0 1 1 2 0 0 1 1 0 1 1 0 0 0 1 1 1 0 0 2 0 1 1 0 0 0 1 2 0 0 1 0 1 0 0 0 0 0 0 1 0 0 1 1
geno chr13.25399702 yri  1 0 0 0 2 0 1 0 0 1 0 0 1 1 1 0 1 0 0 1 0 1 1 1 0 1 0 2 1 0 1 0 0 0 2 0 0 0 0 0 0 1 0 2 1 2 0 0 1 2 1 0 1 0 1 1 1 1 0 1 0 1 0 1 1 0 1 2 0 1 1 0 0 0 1 1 1
geno chr13.25399752 ceu  2 2 2 2 2 2 2 2 1 2 2 2 2 1 2 2 2 2 1 2 1 1 2 2 2 1 2 2 1 2 2 2 2 1 2 2 2 2 2 2 2 2 2 2 1 2 2 2 1 2 2 2 2 2 2 2 0 2 2 2 1 1 1 1 1 1 2 2 2 2 1 2 1 2 2 1 2 2
geno chr13.25399752 fin  2 1 2 0 1 2 2 2 2 2 2 2 2 2 2 2 2 2 1 1 2 2 2 2 2 2 1 2 2 2 2 2 1 2 2 2 2 2 1 2 1 2 2 1 2 2 1 1 2 2 2 2 2 1 2 1 2 2 2 2 2 2 2 2 1 2 2 2 1 2 2 2 2 1 2 1 2 1 1 2 2 2 2 2 2 2 2 2 2
geno chr13.25399752 gbr  2 0 2 2 2 2 2 2 2 2 2 2 2 2 1 2 2 1 2 2 2 2 2 2 2 2 2 2 2 0 1 2 2 0 1 0 2 1 2 2 2 2 2 2 2 2 2 2 1 1 2 2 2 2 1 2 2 1 2 2 2 1 2 2 2 2 2 2 2 2 1 2 2 2 1 2 2 1 2 1 2 2 1 2
geno chr13.25399752 tsi  2 2 2 1 2 2 2 2 2 1 2 2 2 2 1 1 2 2 0 2 2 2 2 2 1 2 2 2 2 2 1 2 2 2 2 2 2 2 2 2 2 2 1 1 2 1 2 2 2 2 1 2 2 2 2 2 0 2 2 2 2 1 2 2 2 1 1 2 2 1 1 2 2 0 2 2 2 2 2 2 2 1 1 2 2 2 1 1 2 1 2 1
geno chr13.25399752 yri  1 2 2 2 2 2 2 2 1 2 1 1 2 2 1 2 2 2 2 2 2 2 2 2 2 2 1 2 2 2 2 2 2 2 2 1 2 2 2 2 2 2 2 2 2 2 2 2 1 2 2 2 2 2 1 2 2 2 1 2 2 2 1 2 1 1 2 2 1 2 1 1 1 2 1 1 1
geno chr13.25400338 ceu  2 2 1 0 1 0 2 1 1 2 1 1 1 0 1 1 0 1 0 1 0 1 2 0 0 1 1 1 0 1 1 2 0 0 0 0 0 2 1 1 1 1 1 1 0 2 2 0 0 1 1 1 1 0 2 2 0 0 0 1 0 0 0 0 1 1 1 1 1 0 0 1 0 2 2 1 0 1
geno chr13.25400338 fin  2 0 0 0 1 2 1 0 2 2 0 1 1 1 1 2 1 0 1 0 1 2 2 0 0 1 0 0 1 0 0 1 0 1 1 1 1 1 1 1 1 1 0 0 1 0 0 0 0 1 0 1 2 0 2 1 1 1 1 0 2 0 0 1 2 2 1 1 0 1 2 0 1 1 1 1 0 1 0 2 2 2 1 1 0 2 1 1 0
geno chr13.25400338 gbr  2 0 0 1 1 1 2 1 1 0 1 1 0 0 0 2 1 0 2 2 1 0 0 2 2 2 1 1 0 0 0 1 2 0 1 0 1 0 1 1 1 2 1 0 0 0 0 1 0 0 1 2 0 0 1 2 2 1 0 1 0 1 0 1 1 0 1 1 1 1 0 1 1 2 1 1 0 0 2 1 2 1 1 0
geno chr13.25400338 tsi  1 0 0 0 2 1 1 1 0 1 0 1 1 2 1 1 0 0 0 2 0 0 1 2 0 1 1 1 0 2 0 0 1 1 1 1 1 1 1 1 0 0 1 0 0 1 2 0 2 0 0 0 1 2 1 0 0 0 0 1 1 1 1 0 0 0 0 0 2 0 0 2 2 0 1 0 2 1 0 0 1 0 1 1 0 1 1 0 1 1 0 0
geno chr13.25400338 yri  0 2 2 2 0 2 1 2 1 1 1 1 1 1 0 2 1 2 2 1 2 0 1 1 2 1 1 0 1 2 1 1 1 2 0 1 2 2 2 2 2 1 2 0 1 0 1 2 0 0 1 2 1 2 0 1 1 1 1 1 1 1 1 1 0 1 1 0 1 1 0 1 1 2 0 0 0
geno chr13.25400661 ceu  0 0 0 0 0 0 0 0 0 0 0 0 0 0 0 0 0 0 0 0 0 0 0 0 0 0 0 0 0 0 0 0 0 0 0 0 0 0 0 0 0 0 0 0 0 0 0 0 0 0 0 0 0 0 0 0 0 0 0 0 0 0 0 0 0 0 0 0 0 0 0 0 0 0 0 0 0 0
geno chr13.25400661 fin  0 0 0 0 0 0 0 0 0 0 0 0 0 0 0 0 0 0 0 0 0 0 0 0 0 0 0 0 0 0 0 0 0 0 0 0 0 0 0 0 0 0 0 0 0 0 0 0 0 0 0 0 0 0 0 0 0 0 0 0 0 0 0 0 0 0 0 0 0 0 0 0 0 0 0 0 0 0 0 0 0 0 0 0 0 0 0 0 0
geno chr13.25400661 gbr  0 0 0 0 0 0 0 0 0 0 0 0 0 0 0 0 0 0 0 0 0 0 0 0 0 0 0 0 0 0 0 0 0 0 0 0 0 0 0 0 0 0 0 0 0 0 0 0 0 0 0 0 0 0 0 0 0 0 0 0 0 0 0 0 0 0 0 0 0 0 0 0 0 0 0 0 0 0 0 0 0 0 0 0
geno chr13.25400661 tsi  0 0 0 0 0 0 0 0 0 0 0 0 0 0 0 0 0 0 0 0 0 0 0 0 0 0 0 0 0 0 0 0 0 0 0 0 0 0 0 0 0 0 0 0 0 0 0 0 0 0 0 0 0 0 0 0 0 0 0 0 0 0 0 0 0 0 0 0 0 0 0 0 0 0 0 0 0 0 0 0 0 0 0 0 0 0 0 0 0 0 0 0
geno chr13.25400661 yri  0 0 2 0 0 0 0 2 0 0 0 0 0 0 0 1 1 0 1 0 0 0 1 1 1 1 0 0 1 0 1 0 0 0 0 0 1 2 2 1 0 0 2 0 1 0 1 0 0 0 0 0 0 1 0 1 0 1 0 0 0 0 0 0 0 1 1 0 1 1 0 1 1 0 0 0 0
geno chr13.25400927 ceu  0 0 1 0 1 1 0 1 0 0 0 1 1 1 0 0 2 1 1 0 1 0 0 0 2 0 1 0 0 0 1 0 1 1 1 1 1 0 1 0 1 0 1 1 0 0 0 0 1 0 1 0 1 1 0 0 0 0 1 0 0 1 0 0 0 0 0 0 0 1 0 0 0 0 0 0 1 0
geno chr13.25400927 fin  0 0 1 0 0 0 0 0 0 0 0 1 1 0 0 0 0 0 0 0 0 0 0 1 1 1 1 1 0 2 1 0 1 1 0 1 0 1 0 0 0 1 1 0 0 0 1 0 0 1 2 0 0 0 0 0 0 0 0 0 0 0 0 0 0 0 1 0 1 1 0 1 0 0 0 0 0 0 0 0 0 0 0 0 0 0 0 0 0
geno chr13.25400927 gbr  0 0 1 0 0 1 0 0 0 0 0 0 1 1 1 0 1 1 0 0 1 1 0 0 0 0 0 0 0 0 0 0 0 0 0 0 1 1 0 0 1 0 0 2 1 0 0 0 0 1 1 0 2 2 0 0 0 0 0 1 0 0 0 0 0 0 1 0 1 0 1 1 0 0 0 0 0 0 0 0 0 0 0 1
geno chr13.25400927 tsi  0 1 2 1 0 0 0 0 1 0 2 0 1 0 0 0 0 2 0 0 0 1 0 0 1 1 0 0 1 0 0 2 1 1 0 1 1 0 0 0 1 0 0 1 0 0 0 2 0 1 1 2 0 0 1 1 0 1 1 0 0 0 1 1 1 0 0 2 0 1 1 0 0 0 1 2 0 0 1 0 1 0 0 0 0 0 0 1 0 0 1 1
geno chr13.25400927 yri  1 0 0 0 2 0 1 0 0 1 0 0 1 1 1 0 1 0 0 1 0 1 1 1 0 1 0 2 1 0 1 1 0 0 2 0 0 0 0 0 0 1 0 2 1 2 0 0 1 2 1 1 1 0 1 1 1 1 0 1 0 1 0 1 1 0 1 2 0 1 1 0 0 0 1 1 1
geno chr13.25401394 ceu  0 0 0 2 0 1 0 0 0 0 1 0 0 0 1 1 0 0 0 1 0 0 0 2 0 0 0 1 1 1 0 0 1 0 1 1 1 0 0 1 0 1 0 0 1 0 0 2 0 1 0 1 0 1 0 0 0 2 1 1 1 0 1 1 0 0 1 1 1 1 1 1 1 0 0 0 1 1
geno chr13.25401394 fin  0 1 1 0 0 0 1 2 0 0 2 0 0 1 1 0 1 2 0 1 1 0 0 1 1 0 0 1 1 0 1 1 0 0 1 0 1 0 0 1 0 0 1 1 1 2 0 1 2 0 0 1 0 1 0 0 1 1 1 2 0 2 2 1 0 0 0 1 0 0 0 1 1 0 1 0 2 0 1 0 0 0 1 1 2 0 1 1 2
geno chr13.25401394 gbr  0 0 1 1 1 0 0 1 1 2 1 1 1 1 0 0 0 0 0 0 0 1 2 0 0 0 1 1 2 0 1 1 0 0 0 0 0 0 1 1 0 0 1 0 1 2 2 1 1 0 0 0 0 0 0 0 0 0 2 0 2 0 2 1 1 2 0 1 0 1 0 0 1 0 0 1 2 1 0 0 0 1 0 1
geno chr13.25401394 tsi  1 1 0 0 0 1 1 1 1 0 0 1 0 0 0 0 2 0 0 0 2 1 1 0 0 0 1 1 1 0 1 0 0 0 1 0 0 1 1 1 1 2 0 0 2 0 0 0 0 1 0 0 1 0 0 1 0 1 1 1 1 0 0 1 1 1 1 0 0 0 0 0 0 0 0 0 0 1 1 2 0 1 0 1 2 1 0 0 1 0 1 0
geno chr13.25401394 yri  0 0 0 0 0 0 0 0 0 0 0 0 0 0 0 0 0 0 0 0 0 1 0 0 0 0 0 0 0 0 0 1 1 0 0 0 0 0 0 0 0 0 0 0 0 0 1 0 0 0 0 0 0 0 0 0 0 0 0 0 1 0 0 0 0 0 0 0 0 0 0 0 0 0 0 0 0
geno chr13.25401909 ceu  0 0 0 2 0 1 0 0 0 0 1 0 0 0 1 1 0 0 0 1 0 0 0 2 0 0 0 1 1 1 0 0 1 0 1 1 1 0 0 1 0 1 0 0 1 0 0 2 0 1 0 1 0 1 0 0 0 2 1 1 1 0 1 1 0 0 1 1 1 1 1 1 1 0 0 0 1 1
geno chr13.25401909 fin  0 1 1 0 0 0 1 2 0 0 2 0 0 1 1 0 1 2 0 1 1 0 0 1 1 0 0 1 1 0 1 1 0 0 1 0 1 0 0 1 0 0 1 1 1 2 0 1 2 0 0 1 0 1 0 0 1 1 1 2 0 2 2 1 0 0 0 1 0 0 0 1 1 0 1 0 2 0 1 0 0 0 1 1 2 0 1 1 2
geno chr13.25401909 gbr  0 0 1 1 1 0 0 1 1 2 1 1 1 1 0 0 0 0 0 0 0 1 2 0 0 0 1 1 2 0 1 1 0 0 0 0 0 0 1 1 0 0 1 0 1 2 2 1 1 0 0 0 0 0 0 0 0 0 2 0 2 0 2 1 1 2 0 1 0 1 0 0 1 0 0 1 2 1 0 0 0 1 0 1
geno chr13.25401909 tsi  1 1 0 0 0 1 1 1 1 0 0 1 0 0 0 0 2 0 0 0 2 1 1 0 0 0 1 1 1 0 1 0 0 0 1 0 0 1 1 1 1 2 0 0 2 0 0 0 0 1 0 0 1 0 0 1 0 1 1 1 1 0 0 1 1 1 1 0 0 0 0 0 0 0 0 0 0 1 1 2 0 1 0 1 2 1 0 0 1 0 1 0
geno chr13.25401909 yri  0 0 0 0 0 0 0 0 0 0 0 0 0 0 0 0 0 0 0 0 0 1 0 0 0 0 0 0 0 0 0 1 1 0 0 0 0 0 0 0 0 0 0 0 0 0 1 0 0 0 0 0 0 0 0 0 0 0 0 0 1 0 0 0 0 0 0 0 0 0 0 0 0 0 0 0 0
geno chr13.25402068 ceu  0 0 1 0 1 1 0 1 0 0 0 1 1 1 0 0 2 1 1 0 1 0 0 0 2 0 1 0 0 0 1 0 1 1 1 1 1 0 1 0 1 0 1 1 0 0 0 0 0 0 1 0 1 1 0 0 0 0 1 0 0 1 0 0 0 0 0 0 0 1 0 0 0 0 0 0 1 0
geno chr13.25402068 fin  0 0 1 0 0 0 0 0 0 0 0 1 1 0 0 0 0 0 0 0 0 0 0 1 1 1 1 1 0 2 1 0 1 1 0 1 0 1 0 0 0 1 1 0 0 0 1 0 0 1 2 0 0 0 0 0 0 0 0 0 0 0 0 0 0 0 1 0 1 1 0 1 0 0 0 0 0 0 0 0 0 0 0 0 0 0 0 0 0
geno chr13.25402068 gbr  0 0 1 0 0 1 0 0 0 0 0 0 1 1 1 0 1 1 0 0 1 1 0 0 0 0 0 0 0 0 0 0 0 0 0 0 1 1 0 0 1 0 0 2 1 0 0 0 0 1 1 0 2 2 0 0 0 0 0 1 0 0 0 0 0 0 1 0 1 0 1 1 0 0 0 0 0 0 0 0 0 0 0 1
geno chr13.25402068 tsi  0 1 2 1 0 0 0 0 1 0 2 0 1 0 0 0 0 2 0 0 0 1 0 0 1 1 0 0 1 0 0 2 1 1 0 1 1 0 0 0 1 0 0 1 0 0 0 2 0 1 1 2 0 0 1 1 0 1 1 0 0 0 1 1 1 0 0 2 0 1 1 0 0 0 1 2 0 0 1 0 1 0 0 0 0 0 0 1 0 0 1 1
geno chr13.25402068 yri  1 0 0 0 2 0 1 0 0 0 0 0 1 1 0 0 0 0 0 1 0 1 1 1 0 1 0 2 1 0 1 0 0 0 2 0 0 0 0 0 0 0 0 1 1 2 0 0 1 1 1 0 1 0 1 1 0 1 0 1 0 1 0 1 1 0 0 0 0 1 1 0 0 0 0 0 1
geno chr13.25402410 ceu  2 2 1 0 1 0 2 1 1 2 1 1 1 0 1 1 0 1 0 1 0 1 2 0 0 1 1 1 0 1 1 2 0 0 0 0 0 2 1 1 1 1 1 1 0 2 2 0 0 1 1 1 1 0 2 2 0 0 0 1 0 0 0 0 1 1 1 1 1 0 0 1 0 2 2 1 0 1
geno chr13.25402410 fin  2 0 0 0 1 2 1 0 2 2 0 1 0 1 1 2 1 0 1 0 1 2 2 0 0 1 0 0 1 0 0 1 0 1 1 0 1 1 1 1 1 1 0 0 1 0 0 0 0 1 0 1 2 0 2 1 1 1 1 0 2 0 0 1 1 2 1 1 0 1 2 0 1 1 1 1 0 1 0 2 2 2 1 1 0 2 1 1 0
geno chr13.25402410 gbr  2 0 0 1 1 1 2 1 1 0 1 1 0 0 0 2 1 0 2 2 1 0 0 2 2 2 1 1 0 0 0 1 2 0 1 0 1 0 1 1 1 2 1 0 0 0 0 1 0 0 1 2 0 0 1 2 2 1 0 1 0 1 0 1 1 0 1 1 1 1 0 1 1 2 1 1 0 0 2 1 2 1 1 0
geno chr13.25402410 tsi  1 0 0 0 2 1 1 1 0 1 0 1 1 2 1 1 0 0 0 2 0 0 1 2 0 1 1 1 0 2 0 0 1 1 1 1 1 1 1 1 0 0 1 0 0 1 2 0 2 0 0 0 1 2 1 0 0 0 0 1 1 1 1 0 0 0 0 0 2 0 0 2 2 0 1 0 2 1 0 0 1 0 1 1 0 1 1 0 1 1 0 0
geno chr13.25402410 yri  0 2 2 1 0 1 1 2 1 1 1 1 1 1 0 2 1 1 1 1 2 0 1 1 2 1 1 0 1 2 1 1 1 2 0 1 2 2 2 2 2 1 2 0 1 0 1 2 0 0 1 2 1 2 0 1 1 1 1 1 1 1 1 1 0 1 1 0 1 1 0 1 1 2 0 0 1
geno chr13.25402695 ceu  0 0 0 2 0 1 0 0 0 0 1 0 0 0 1 1 0 0 0 1 0 0 0 2 0 0 0 1 1 1 0 0 1 0 1 1 1 0 0 1 0 1 0 0 1 0 0 2 0 1 0 1 0 1 0 0 0 2 1 1 1 0 1 1 0 0 1 1 1 1 1 1 1 0 0 0 1 1
geno chr13.25402695 fin  0 1 1 0 0 0 1 2 0 0 2 0 0 1 1 0 1 2 0 1 1 0 0 1 1 0 0 1 1 0 1 1 0 0 1 0 1 0 0 1 0 0 1 1 1 2 0 1 2 0 0 1 0 1 0 0 1 1 1 2 0 2 2 1 0 0 0 1 0 0 0 1 1 0 1 0 2 0 1 0 0 0 1 1 2 0 1 1 2
geno chr13.25402695 gbr  0 0 1 1 1 0 0 1 1 2 1 1 1 1 0 0 0 0 0 0 0 1 2 0 0 0 1 1 2 0 1 1 0 0 0 0 0 0 1 1 0 0 1 0 1 2 2 1 1 0 0 0 0 0 0 0 0 0 2 0 2 0 2 1 1 2 0 1 0 1 0 0 1 0 0 1 2 1 0 0 0 1 0 1
geno chr13.25402695 tsi  1 1 0 0 0 1 1 1 1 0 0 1 0 0 0 0 2 0 0 0 2 1 1 0 0 0 1 1 1 0 1 0 0 0 1 0 0 1 1 1 1 2 0 0 2 0 0 0 0 1 0 0 1 0 0 1 0 1 1 1 1 0 0 1 1 1 1 0 0 0 0 0 0 0 0 0 0 1 1 2 0 1 0 1 2 1 0 0 1 0 1 0
geno chr13.25402695 yri  0 0 0 0 0 0 0 0 0 0 0 0 0 0 0 0 0 0 0 0 0 1 0 0 0 0 0 0 0 0 0 1 1 0 0 0 0 0 0 0 0 0 0 0 0 0 1 0 0 0 0 0 0 0 0 0 0 0 0 0 1 0 0 0 0 0 0 0 0 0 0 0 0 0 0 0 0
geno chr13.25402915 ceu  0 0 1 0 1 1 0 1 0 0 0 1 1 1 0 0 2 1 1 0 1 0 0 0 2 0 1 0 0 0 1 0 1 1 1 1 1 0 1 0 1 0 1 1 0 0 0 0 1 0 1 0 1 1 0 0 0 0 1 0 0 1 0 0 0 0 0 0 0 1 0 0 0 0 0 0 1 0
geno chr13.25402915 fin  0 0 1 0 0 0 0 0 0 0 0 1 1 0 0 0 0 0 0 0 0 0 0 1 1 1 1 1 0 2 1 0 1 1 0 1 0 1 0 0 0 1 1 0 0 0 1 0 0 1 2 0 0 0 0 0 0 0 0 0 0 0 0 0 0 0 1 0 1 1 0 1 0 0 0 0 0 0 0 0 0 0 0 0 0 0 0 0 0
geno chr13.25402915 gbr  0 0 1 0 0 1 0 0 0 0 0 0 1 1 1 0 1 1 0 0 1 1 0 0 0 0 0 0 0 0 0 0 0 0 0 0 1 1 0 0 1 0 0 2 1 0 0 0 0 1 1 0 2 2 0 0 0 0 0 1 0 0 0 0 0 0 1 0 1 0 1 1 0 0 0 0 0 0 0 0 0 0 0 1
geno chr13.25402915 tsi  0 1 2 1 0 0 0 0 1 0 2 0 1 0 0 0 0 2 0 0 0 1 0 0 1 1 0 0 1 0 0 2 1 1 0 1 1 0 0 0 1 0 0 1 0 0 0 2 0 1 1 2 0 0 1 1 0 1 1 0 0 0 1 1 1 0 0 2 0 1 1 0 0 0 1 2 0 0 1 0 1 0 0 0 0 0 0 1 0 0 1 1
geno chr13.25402915 yri  1 0 0 0 2 0 1 0 0 1 0 0 1 1 1 0 1 0 0 1 0 1 1 1 0 1 0 2 1 0 1 0 0 0 2 0 0 0 0 0 0 1 0 2 1 2 0 0 1 2 1 0 1 0 1 1 1 1 0 1 0 1 0 1 1 0 1 2 0 1 1 0 0 0 1 1 1
geno chr13.25403121 ceu  0 0 0 0 1 0 0 0 0 0 0 0 0 0 0 0 0 0 0 0 0 0 0 0 1 0 0 0 0 0 0 0 0 0 0 0 0 0 0 1 0 0 0 0 0 0 0 0 0 0 0 0 0 0 0 0 0 0 0 0 0 0 0 0 0 0 0 0 0 0 0 0 0 0 0 0 0 0
geno chr13.25403121 fin  0 0 0 0 0 0 0 0 0 0 0 0 0 0 0 0 0 0 0 0 0 0 0 0 0 0 0 0 0 0 0 0 0 0 0 0 0 0 0 0 0 0 0 0 0 0 0 0 0 0 0 0 0 0 0 0 0 0 0 0 0 0 0 0 0 0 0 0 0 0 0 0 0 0 0 0 0 0 0 0 0 0 0 0 0 0 0 0 0
geno chr13.25403121 gbr  0 0 0 0 0 0 0 0 0 0 0 0 1 0 0 0 0 0 0 0 0 0 0 0 0 0 0 0 0 0 0 0 0 0 0 0 0 0 0 0 0 0 0 0 0 0 0 0 0 0 0 0 0 0 0 0 0 0 0 0 0 0 0 0 0 0 0 0 0 0 0 0 0 0 0 0 0 0 0 0 0 0 0 0
geno chr13.25403121 tsi  0 0 0 0 0 0 0 0 0 0 0 0 0 0 0 0 0 0 0 0 0 0 0 0 0 0 0 0 0 0 0 0 0 0 0 0 0 0 0 0 0 0 0 0 0 0 0 0 0 0 0 0 0 0 0 0 0 0 0 0 0 0 0 0 0 0 0 0 0 0 0 0 0 0 0 0 0 0 0 0 0 0 0 0 0 0 0 0 0 0 0 0
geno chr13.25403121 yri  0 0 1 0 0 0 0 2 0 0 0 0 0 0 0 1 1 0 1 0 0 0 1 1 1 1 0 0 1 0 1 0 0 0 0 0 1 2 2 1 0 0 2 0 1 0 1 0 0 0 0 0 0 1 0 1 0 1 0 0 0 0 0 0 0 1 1 0 1 1 0 1 1 0 0 0 0
geno chr13.25403242 ceu  0 0 1 0 1 1 0 1 0 0 0 1 1 1 0 0 2 1 1 0 1 0 0 0 2 0 1 0 0 0 1 0 1 1 1 1 1 0 1 0 1 0 1 1 0 0 0 0 0 0 1 0 1 1 0 0 0 0 1 0 0 1 0 0 0 0 0 0 0 1 0 0 0 0 0 0 1 0
geno chr13.25403242 fin  0 0 1 0 0 0 0 0 0 0 0 1 1 0 0 0 0 0 0 0 0 0 0 1 1 1 1 1 0 2 1 0 1 1 0 1 0 1 0 0 0 1 1 0 0 0 1 0 0 1 2 0 0 0 0 0 0 0 0 0 0 0 0 0 0 0 1 0 1 1 0 1 0 0 0 0 0 0 0 0 0 0 0 0 0 0 0 0 0
geno chr13.25403242 gbr  0 0 1 0 0 1 0 0 0 0 0 0 1 1 1 0 1 1 0 0 1 1 0 0 0 0 0 0 0 0 0 0 0 0 0 0 1 1 0 0 1 0 0 2 1 0 0 0 0 1 1 0 2 2 0 0 0 0 0 1 0 0 0 0 0 0 1 0 1 0 1 1 0 0 0 0 0 0 0 0 0 0 0 1
geno chr13.25403242 tsi  0 1 2 1 0 0 0 0 1 0 2 0 1 0 0 0 0 2 0 0 0 1 0 0 1 1 0 0 1 0 0 2 1 1 0 1 1 0 0 0 1 0 0 1 0 0 0 2 0 1 1 2 0 0 1 1 0 1 1 0 0 0 1 1 1 0 0 2 0 1 1 0 0 0 1 2 0 0 1 0 1 0 0 0 0 0 0 1 0 0 1 1
geno chr13.25403242 yri  1 0 0 0 2 0 1 0 0 0 0 0 1 1 0 0 0 0 0 1 0 1 1 1 0 1 0 2 1 0 1 0 0 0 2 0 0 0 0 0 0 0 0 1 1 2 0 0 1 1 1 0 1 0 1 1 0 1 0 1 0 1 0 1 1 0 0 0 0 1 1 0 0 0 0 0 1
geno chr13.25403942 ceu  0 0 0 2 0 1 0 0 0 0 1 0 0 0 1 1 0 0 0 1 0 0 0 2 0 0 0 1 1 1 0 0 1 0 1 1 1 0 0 1 0 1 0 0 1 0 0 2 0 1 0 1 0 1 0 0 0 2 1 1 1 0 1 1 0 0 1 1 1 1 1 1 1 0 0 0 1 1
geno chr13.25403942 fin  0 1 1 0 0 0 1 2 0 0 2 0 0 1 1 0 1 2 0 1 1 0 0 1 1 0 0 1 1 0 1 1 0 0 1 0 1 0 0 1 0 0 1 1 1 2 0 1 2 0 0 1 0 1 0 0 1 1 1 2 0 2 2 1 0 0 0 1 0 0 0 1 1 0 1 0 2 1 1 0 0 0 1 1 2 0 1 1 2
geno chr13.25403942 gbr  0 0 1 1 1 0 0 1 1 2 1 1 1 1 0 0 0 0 0 0 0 1 2 0 0 0 1 1 2 0 1 1 0 0 0 0 0 0 1 1 0 0 1 0 1 2 2 1 1 0 0 0 0 0 0 0 0 0 2 0 2 0 2 1 1 2 0 1 0 1 0 0 1 0 0 1 2 1 0 0 0 1 0 1
geno chr13.25403942 tsi  1 1 0 0 0 1 1 1 1 0 0 1 0 0 0 0 2 0 0 0 2 1 1 0 0 0 1 1 1 0 1 0 0 0 1 0 0 1 1 1 1 2 0 0 2 0 0 0 0 1 0 0 1 0 0 1 0 1 1 1 1 0 0 1 1 1 1 0 0 0 0 0 0 0 0 0 0 1 1 2 0 1 0 1 2 1 0 0 1 0 1 0
geno chr13.25403942 yri  0 0 0 0 0 0 0 0 0 0 0 0 0 0 0 0 0 0 0 0 0 1 0 0 0 0 0 0 0 0 0 1 1 0 0 0 0 0 0 0 0 0 0 0 0 0 1 0 0 0 0 0 0 0 0 0 0 0 0 0 1 0 0 0 0 0 0 0 0 0 0 0 0 0 0 0 0
geno chr13.25404364 ceu  0 0 1 0 0 0 2 0 0 0 0 1 1 0 1 0 0 0 0 0 0 0 2 0 0 1 1 0 0 0 0 1 0 0 0 0 0 1 1 1 1 0 1 0 0 0 0 0 0 0 1 1 0 0 1 1 0 0 0 0 0 0 0 0 1 0 0 1 1 0 0 0 0 2 0 0 0 1
geno chr13.25404364 fin  1 0 0 0 0 2 1 0 1 1 0 0 0 1 1 1 0 0 1 0 0 1 0 0 0 1 0 0 1 0 0 0 0 1 0 0 1 1 1 1 1 1 0 0 1 0 0 0 0 0 0 0 1 0 0 0 1 0 0 0 2 0 0 1 1 2 0 0 0 1 0 0 0 1 1 0 0 1 0 1 0 1 1 1 0 1 1 0 0
geno chr13.25404364 gbr  0 0 0 0 0 1 1 0 1 0 0 0 0 0 0 0 0 0 1 0 0 0 0 1 1 0 1 0 0 0 0 1 2 0 0 0 0 0 0 0 0 1 1 0 0 0 0 0 0 0 1 1 0 0 1 0 2 1 0 0 0 0 0 0 0 0 1 0 0 0 0 0 1 1 0 0 0 0 1 1 1 0 0 0
geno chr13.25404364 tsi  0 0 0 0 1 1 0 1 0 1 0 0 0 0 0 1 0 0 0 1 0 0 0 0 0 0 0 0 0 0 0 0 1 0 1 0 0 0 0 1 0 0 0 0 0 1 0 0 0 0 0 0 0 0 0 0 0 0 0 1 0 0 0 0 0 0 0 0 1 0 0 0 0 0 0 0 0 1 0 0 0 0 1 0 0 0 0 0 0 0 0 0
geno chr13.25404364 yri  0 0 0 0 0 0 0 0 0 0 0 0 0 0 0 0 0 0 0 0 0 0 0 0 0 0 0 0 0 0 0 0 0 0 0 0 0 0 0 0 0 0 0 0 0 0 0 0 0 0 0 0 0 0 0 0 0 0 0 0 0 0 0 0 0 0 0 0 0 0 0 0 0 0 0 0 0
geno chr13.25404454 ceu  1 2 0 0 1 0 0 1 0 2 1 0 0 0 0 0 0 1 0 1 0 1 0 0 0 0 0 1 0 1 1 1 0 0 0 0 0 1 0 0 0 1 0 1 0 2 0 0 0 1 0 0 0 0 1 1 0 0 0 1 0 0 0 0 0 0 1 0 0 0 0 0 0 0 1 1 0 0
geno chr13.25404454 fin  1 0 0 0 1 0 0 0 1 0 0 0 0 0 0 0 1 0 0 0 0 0 2 0 0 0 0 0 0 0 0 0 0 0 0 0 0 0 0 0 0 0 0 0 0 0 0 0 0 1 0 0 1 0 1 1 0 1 0 0 0 0 0 0 0 0 0 0 0 0 2 0 1 0 0 1 0 0 0 1 1 0 0 0 0 1 0 1 0
geno chr13.25404454 gbr  1 0 0 0 1 0 1 1 0 0 0 0 0 0 0 1 0 0 1 1 1 0 0 0 1 0 0 1 0 0 0 0 0 0 1 0 1 0 1 1 1 1 0 0 0 0 0 1 0 0 0 1 0 0 0 1 0 0 0 1 0 1 0 1 0 0 0 0 1 1 0 1 0 1 1 1 0 0 0 0 1 0 1 0
geno chr13.25404454 tsi  0 0 0 0 1 0 1 0 0 0 0 1 1 2 1 0 0 0 0 1 0 0 0 2 0 1 1 1 0 2 0 0 0 1 0 1 1 1 0 0 0 0 0 0 0 0 2 0 2 0 0 0 1 2 1 0 0 0 0 0 0 1 1 0 0 0 0 0 0 0 0 2 2 0 1 0 1 0 0 0 1 0 0 1 0 1 1 0 0 1 0 0
geno chr13.25404454 yri  0 2 0 0 0 1 0 0 1 1 0 1 0 0 0 0 0 0 0 1 2 0 0 0 1 0 1 0 0 2 0 1 0 1 0 0 0 0 0 1 1 1 0 0 0 0 0 1 0 0 1 2 0 1 0 0 0 0 1 1 1 1 1 1 0 0 0 0 0 0 0 0 0 0 0 0 0
geno chr13.25404945 ceu  2 2 2 0 2 1 2 2 1 2 1 2 2 1 1 1 2 2 1 1 1 1 2 0 2 1 2 1 0 1 2 2 1 1 1 1 1 2 2 1 2 1 2 2 0 2 2 0 1 1 2 1 2 1 2 2 0 0 1 1 0 1 0 0 1 1 1 1 1 1 0 1 0 2 2 1 1 1
geno chr13.25404945 fin  2 0 1 0 1 2 1 0 2 2 0 2 2 1 1 2 1 0 1 0 1 2 2 1 1 2 1 1 1 2 1 1 1 2 1 2 1 2 1 1 1 2 1 0 1 0 1 0 0 2 2 1 2 0 2 1 1 1 1 0 2 0 0 1 1 2 2 1 1 2 2 1 1 1 1 1 0 1 0 2 2 2 1 1 0 2 1 1 0
geno chr13.25404945 gbr  2 0 1 1 1 2 2 1 1 0 1 1 1 1 1 2 2 1 2 2 2 1 0 2 2 2 1 1 0 0 0 1 2 0 1 0 2 1 1 1 2 2 1 2 1 0 0 1 0 1 2 2 2 2 1 2 2 1 0 2 0 1 0 1 1 0 2 1 2 1 1 2 1 2 1 1 0 0 2 1 2 1 1 1
geno chr13.25404945 tsi  1 1 2 1 2 1 1 1 1 1 2 1 2 2 1 1 0 2 0 2 0 1 1 2 1 2 1 1 1 2 0 2 2 2 1 2 2 1 1 1 1 0 1 1 0 1 2 2 2 1 1 2 1 2 2 1 0 1 1 1 1 1 2 1 1 0 0 2 2 1 1 2 2 0 2 2 2 1 1 0 2 0 1 1 0 1 1 1 1 1 1 1
geno chr13.25404945 yri  1 2 2 2 2 2 2 2 1 2 1 1 2 2 1 2 2 2 2 2 2 1 2 2 2 2 1 2 2 2 2 1 1 2 2 1 2 2 2 2 2 2 2 2 2 2 1 2 1 2 2 2 2 2 1 2 2 2 1 2 1 2 1 2 1 1 2 2 1 2 1 1 1 2 1 1 1
geno chr13.25405282 ceu  1 0 1 0 0 0 2 0 1 0 0 1 1 0 1 1 0 0 0 0 0 0 2 0 0 1 1 0 0 0 0 1 0 0 0 0 0 1 1 1 1 0 1 0 0 0 2 0 0 0 1 1 1 0 1 1 0 0 0 0 0 0 0 0 1 1 0 1 1 0 0 1 0 2 1 0 0 1
geno chr13.25405282 fin  1 0 0 0 0 2 1 0 1 2 0 1 0 1 1 2 0 0 1 0 1 2 0 0 0 1 0 0 1 0 0 1 0 1 1 0 1 1 1 1 1 1 0 0 1 0 0 0 0 0 0 1 1 0 1 0 1 0 1 0 2 0 0 1 1 2 1 1 0 1 0 0 0 1 1 0 0 1 0 1 1 2 1 1 0 1 1 0 0
geno chr13.25405282 gbr  1 0 0 1 0 1 1 0 1 0 1 1 0 0 0 1 1 0 1 1 0 0 0 2 1 2 1 0 0 0 0 1 2 0 0 0 0 0 0 0 0 1 1 0 0 0 0 0 0 0 1 1 0 0 1 1 2 1 0 0 0 0 0 0 1 0 1 1 0 0 0 0 1 1 0 0 0 0 2 1 1 1 0 0
geno chr13.25405282 tsi  1 0 0 0 1 1 0 1 0 1 0 0 0 0 0 1 0 0 0 1 0 0 1 0 0 0 0 0 0 0 0 0 1 0 1 0 0 0 1 1 0 0 1 0 0 1 0 0 0 0 0 0 0 0 0 0 0 0 0 1 1 0 0 0 0 0 0 0 2 0 0 0 0 0 0 0 1 1 0 0 0 0 1 0 0 0 0 0 1 0 0 0
geno chr13.25405282 yri  0 0 0 0 0 0 0 0 0 0 1 0 1 1 0 1 0 1 0 0 0 0 0 0 0 0 0 0 0 0 0 0 0 1 0 0 1 0 0 0 0 0 0 0 0 0 0 1 0 0 0 0 1 0 0 0 1 0 0 0 0 0 0 0 0 0 0 0 0 0 0 0 0 2 0 0 0
geno chr13.25405397 ceu  1 0 0 0 0 0 0 0 1 0 0 0 0 0 0 1 0 0 0 0 0 0 0 0 0 0 0 0 0 0 0 0 0 0 0 0 0 0 0 0 0 0 0 0 0 0 2 0 0 0 0 0 1 0 0 0 0 0 0 0 0 0 0 0 0 1 0 0 0 0 0 1 0 0 1 0 0 0
geno chr13.25405397 fin  0 0 0 0 0 0 0 0 0 1 0 1 0 0 0 1 0 0 0 0 1 1 0 0 0 0 0 0 0 0 0 1 0 0 1 0 0 0 0 0 0 0 0 0 0 0 0 0 0 0 0 1 0 0 1 0 0 0 1 0 0 0 0 0 0 0 1 1 0 0 0 0 0 0 0 0 0 0 0 0 1 1 0 0 0 0 0 0 0
geno chr13.25405397 gbr  1 0 0 1 0 0 0 0 0 0 1 1 0 0 0 1 1 0 0 1 0 0 0 1 0 2 0 0 0 0 0 0 0 0 0 0 0 0 0 0 0 0 0 0 0 0 0 0 0 0 0 0 0 0 0 1 0 0 0 0 0 0 0 0 1 0 0 1 0 0 0 0 0 0 0 0 0 0 1 0 0 1 0 0
geno chr13.25405397 tsi  1 0 0 0 0 0 0 0 0 0 0 0 0 0 0 0 0 0 0 0 0 0 1 0 0 0 0 0 0 0 0 0 0 0 0 0 0 0 1 0 0 0 1 0 0 0 0 0 0 0 0 0 0 0 0 0 0 0 0 0 1 0 0 0 0 0 0 0 1 0 0 0 0 0 0 0 1 0 0 0 0 0 0 0 0 0 0 0 1 0 0 0
geno chr13.25405397 yri  0 0 0 0 0 0 0 0 0 0 1 0 1 1 0 1 0 1 0 0 0 0 0 0 0 0 0 0 0 0 0 0 0 1 0 0 1 0 0 0 0 0 0 0 0 0 0 1 0 0 0 0 1 0 0 0 1 0 0 0 0 0 0 0 0 0 0 0 0 0 0 0 0 2 0 0 0
geno chr13.25405853 ceu  0 0 1 0 1 1 0 1 0 0 0 1 1 1 0 0 2 1 1 0 1 0 0 0 2 0 1 0 0 0 1 0 1 1 1 1 1 0 1 0 1 0 1 1 0 0 0 0 0 0 1 0 1 1 0 0 0 0 1 0 0 1 0 0 0 0 0 0 0 1 0 0 0 0 0 0 1 0
geno chr13.25405853 fin  0 0 1 0 0 0 0 0 0 0 0 1 1 0 0 0 0 0 0 0 0 0 0 1 1 1 1 1 0 2 1 0 1 1 0 1 0 1 0 0 0 1 1 0 0 0 1 0 0 1 2 0 0 0 0 0 0 0 0 0 0 0 0 0 0 0 1 0 1 1 0 1 0 0 0 0 0 0 0 0 0 0 0 0 0 0 0 0 0
geno chr13.25405853 gbr  0 0 1 0 0 1 0 0 0 0 0 0 1 1 1 0 1 1 0 0 1 1 0 0 0 0 0 0 0 0 0 0 0 0 0 0 1 1 0 0 1 0 0 2 1 0 0 0 0 1 1 0 2 2 0 0 0 0 0 1 0 0 0 0 0 0 1 0 1 0 1 1 0 0 0 0 0 0 0 0 0 0 0 1
geno chr13.25405853 tsi  0 1 2 1 0 0 0 0 1 0 2 0 1 0 0 0 0 2 0 0 0 1 0 0 1 1 0 0 1 0 0 2 1 1 0 1 1 0 0 0 1 0 0 1 0 0 0 2 0 1 1 2 0 0 1 1 0 1 1 0 0 0 1 1 1 0 0 2 0 1 1 0 0 0 1 2 0 0 1 0 1 0 0 0 0 0 0 1 0 0 1 1
geno chr13.25405853 yri  1 0 0 0 2 0 1 0 0 0 0 0 1 1 0 0 0 0 0 1 0 1 1 1 0 1 0 2 1 0 1 0 0 0 2 0 0 0 0 0 0 0 0 1 1 2 0 0 1 1 1 0 1 0 1 1 0 1 0 1 0 1 0 1 1 0 0 0 0 1 1 0 0 0 0 0 1
geno chr13.25406418 ceu  2 2 1 0 1 0 2 1 1 2 1 1 1 0 1 1 0 1 0 1 0 1 2 0 0 1 1 1 0 1 1 2 0 0 0 0 0 2 1 1 1 1 1 1 0 2 2 0 0 1 1 1 1 0 2 2 0 0 0 1 0 0 0 0 1 1 1 1 1 0 0 1 0 2 2 1 0 1
geno chr13.25406418 fin  2 0 0 0 1 2 1 0 2 2 0 1 0 1 1 2 1 0 1 0 1 2 2 0 0 1 0 0 1 0 0 1 0 1 1 0 1 1 1 1 1 1 0 0 1 0 0 0 0 1 0 1 2 0 2 1 1 1 1 0 2 0 0 1 1 2 1 1 0 1 2 0 1 1 1 1 0 1 0 2 2 2 1 1 0 2 1 1 0
geno chr13.25406418 gbr  2 0 0 1 1 1 2 1 1 0 1 1 0 0 0 2 1 0 2 2 1 0 0 2 2 2 1 1 0 0 0 1 2 0 1 0 1 0 1 1 1 2 1 0 0 0 0 1 0 0 1 2 0 0 1 2 2 1 0 1 0 1 0 1 1 0 1 1 1 1 0 1 1 2 1 1 0 0 2 1 2 1 1 0
geno chr13.25406418 tsi  1 0 0 0 2 1 1 1 0 1 0 1 1 2 1 1 0 0 0 2 0 0 1 2 0 1 1 1 0 2 0 0 1 1 1 1 1 1 1 1 0 0 1 0 0 1 2 0 2 0 0 0 1 2 1 0 0 0 0 1 1 1 1 0 0 0 0 0 2 0 0 2 2 0 1 0 2 1 0 0 1 0 1 1 0 1 1 0 1 1 0 0
geno chr13.25406418 yri  0 2 2 1 0 1 1 2 1 1 1 1 1 1 0 2 1 1 1 1 2 0 1 1 2 1 1 0 1 2 1 1 1 2 0 1 2 2 2 2 2 1 2 0 1 0 1 2 0 0 1 2 1 2 0 1 1 1 1 1 1 1 1 1 0 1 1 0 1 1 0 1 1 2 0 0 0
geno chr13.25406510 ceu  0 0 0 0 0 0 0 0 1 0 0 0 0 1 0 0 0 0 1 0 1 1 0 0 0 1 0 0 1 0 0 0 0 1 0 0 0 0 0 0 0 0 0 0 1 0 0 0 1 0 0 0 0 0 0 0 2 0 0 0 1 1 1 1 1 1 0 0 0 0 1 0 1 0 0 1 0 0
geno chr13.25406510 fin  0 1 0 2 1 0 0 0 0 0 0 0 0 0 0 0 0 0 1 1 0 0 0 0 0 0 1 0 0 0 0 0 1 0 0 0 0 0 1 0 1 0 0 1 0 0 1 1 0 0 0 0 0 1 0 1 0 0 0 0 0 0 0 0 1 0 0 0 1 0 0 0 0 1 0 1 0 1 1 0 0 0 0 0 0 0 0 0 0
geno chr13.25406510 gbr  0 2 0 1 0 0 0 0 0 0 0 0 0 0 1 0 0 1 0 0 0 0 0 0 0 0 0 0 0 2 1 0 0 2 1 2 0 1 0 0 0 0 0 0 0 0 0 0 1 1 0 0 0 0 1 0 0 1 0 0 0 1 0 0 0 0 0 0 0 1 1 0 0 0 1 0 0 1 0 1 0 0 1 0
geno chr13.25406510 tsi  0 0 0 1 0 0 0 0 0 1 0 0 0 0 1 1 0 0 2 0 0 0 0 0 1 0 0 0 0 0 1 0 0 0 0 0 0 0 0 0 0 0 1 1 0 1 0 0 0 0 1 0 0 0 0 0 2 0 0 0 0 1 0 0 0 1 1 0 0 1 1 0 0 2 0 0 0 0 0 0 0 1 1 0 0 1 1 1 0 1 0 1
geno chr13.25406510 yri  0 0 0 0 0 0 0 0 0 0 1 1 0 1 1 0 0 0 0 0 0 0 0 0 0 0 1 0 0 0 0 0 0 0 0 0 0 0 0 0 0 0 0 0 0 0 0 0 0 0 0 0 0 0 1 0 0 0 0 0 0 0 0 0 1 1 0 0 1 0 0 1 0 0 1 1 0
geno chr13.25407125 ceu  0 0 1 0 1 1 0 1 0 0 0 1 1 1 0 0 2 1 1 0 1 0 0 0 2 0 1 0 0 0 1 0 1 1 1 1 1 0 1 0 1 0 1 1 0 0 0 0 1 0 1 0 1 1 0 0 0 0 1 0 0 1 0 0 0 0 0 0 0 1 0 0 0 0 0 0 1 0
geno chr13.25407125 fin  0 0 1 0 0 0 0 0 0 0 0 1 1 0 0 0 0 0 0 0 0 0 0 1 1 1 1 1 0 2 1 0 1 1 0 1 0 1 0 0 0 1 1 0 0 0 1 0 0 1 2 0 0 0 0 0 0 0 0 0 0 0 0 0 0 0 1 0 1 1 0 1 0 0 0 0 0 0 0 0 0 0 0 0 0 0 0 0 0
geno chr13.25407125 gbr  0 0 1 0 0 1 0 0 0 0 0 0 1 1 1 0 1 1 0 0 1 1 0 0 0 0 0 0 0 0 0 0 0 0 0 0 1 1 0 0 1 0 0 2 1 0 0 0 0 1 1 0 2 2 0 0 0 0 0 1 0 0 0 0 0 0 1 0 1 0 1 1 0 0 0 0 0 0 0 0 0 0 0 1
geno chr13.25407125 tsi  0 1 2 1 0 0 0 0 1 0 2 0 1 0 0 0 0 2 0 0 0 1 0 0 1 1 0 0 1 0 0 2 1 1 0 1 1 0 0 0 1 0 0 1 0 0 0 2 0 1 1 2 0 0 1 1 0 1 1 0 0 0 1 1 1 0 0 2 0 1 1 0 0 0 1 2 0 0 1 0 1 0 0 0 0 0 0 1 0 0 1 1
geno chr13.25407125 yri  1 0 0 0 2 0 1 0 0 1 0 0 1 1 1 0 1 0 0 1 0 1 1 1 0 1 0 2 1 0 1 0 0 0 2 0 0 0 0 0 0 1 0 2 1 2 0 0 1 2 1 0 1 0 1 1 1 1 0 1 0 1 0 1 1 0 1 2 0 1 1 0 0 0 1 1 1
geno chr13.25407960 ceu  1 0 0 0 0 0 0 0 1 0 0 0 0 0 0 1 0 0 0 0 0 0 0 0 0 0 0 0 0 0 0 0 0 0 0 0 0 0 0 0 0 0 0 0 0 0 2 0 0 0 0 0 1 0 0 0 0 0 0 0 0 0 0 0 0 1 0 0 0 0 0 1 0 0 1 0 0 0
geno chr13.25407960 fin  0 0 0 0 0 0 0 0 0 1 0 1 0 0 0 1 0 0 0 0 1 1 0 0 0 0 0 0 0 0 0 1 0 0 1 0 0 0 0 0 0 0 0 0 0 0 0 0 0 0 0 1 0 0 1 0 0 0 1 0 0 0 0 0 0 0 1 1 0 0 0 0 0 0 0 0 0 0 0 0 1 1 0 0 0 0 0 0 0
geno chr13.25407960 gbr  1 0 0 1 0 0 0 0 0 0 1 1 0 0 0 1 1 0 0 1 0 0 0 1 0 2 0 0 0 0 0 0 0 0 0 0 0 0 0 0 0 0 0 0 0 0 0 0 0 0 0 0 0 0 0 1 0 0 0 0 0 0 0 0 1 0 0 1 0 0 0 0 0 0 0 0 0 0 1 0 0 1 0 0
geno chr13.25407960 tsi  1 0 0 0 0 0 0 0 0 0 0 0 0 0 0 0 0 0 0 0 0 0 1 0 0 0 0 0 0 0 0 0 0 0 0 0 0 0 1 0 0 0 1 0 0 0 0 0 0 0 0 0 0 0 0 0 0 0 0 0 1 0 0 0 0 0 0 0 1 0 0 0 0 0 0 0 1 0 0 0 0 0 0 0 0 0 0 0 1 0 0 0
geno chr13.25407960 yri  0 0 0 0 0 0 0 0 0 0 0 0 0 0 0 0 0 0 0 0 0 0 0 0 0 0 0 0 0 0 0 0 0 0 0 0 0 0 0 0 0 0 0 0 0 0 0 0 0 0 0 0 0 0 0 0 0 0 0 0 0 0 0 0 0 0 0 0 0 0 0 0 0 0 0 0 0
geno chr13.25408313 ceu  0 0 0 0 0 0 0 0 1 0 0 0 0 1 0 0 0 0 1 0 1 1 0 0 0 1 0 0 1 0 0 0 0 1 0 0 0 0 0 0 0 0 0 0 1 0 0 0 1 0 0 0 0 0 0 0 2 0 0 0 1 1 1 1 1 1 0 0 0 0 1 0 1 0 0 1 0 0
geno chr13.25408313 fin  0 1 0 2 1 0 0 0 0 0 0 0 0 0 0 0 1 0 1 1 0 0 0 0 0 0 1 0 0 0 0 0 1 0 0 0 0 0 1 0 1 0 0 1 0 0 1 1 0 0 0 0 0 1 0 1 0 0 0 0 0 0 0 0 1 0 0 0 1 0 0 0 0 1 0 1 0 1 1 0 1 0 0 0 0 0 0 0 0
geno chr13.25408313 gbr  0 2 0 0 0 0 0 0 0 0 0 0 0 0 1 0 0 1 0 0 0 0 0 0 0 0 0 0 0 2 1 0 0 2 1 2 0 1 0 0 0 0 0 0 0 0 0 0 1 1 0 0 0 0 1 0 0 1 0 0 0 1 0 0 0 0 0 0 0 0 1 0 0 0 1 0 0 1 0 1 0 0 1 0
geno chr13.25408313 tsi  0 0 0 1 0 0 0 0 0 1 0 0 0 0 1 1 0 0 2 0 0 0 0 0 1 0 0 0 0 0 1 0 0 0 0 0 0 0 0 0 0 0 1 1 0 1 0 0 0 0 1 0 0 0 0 0 2 0 0 0 0 1 0 0 0 1 1 0 0 1 1 0 0 2 0 0 0 0 0 0 0 1 1 0 0 0 1 1 0 1 0 1
geno chr13.25408313 yri  0 0 0 0 0 0 0 0 0 0 1 1 0 0 1 0 0 0 0 0 0 0 0 0 0 0 1 0 0 0 0 0 0 0 0 0 0 0 0 0 0 0 0 0 0 0 0 0 0 0 0 0 0 0 1 0 0 0 0 0 0 0 0 0 1 1 0 0 1 0 0 1 0 0 1 1 0
geno chr13.25408572 ceu  2 2 2 2 2 2 2 2 1 2 2 2 2 1 2 2 2 2 1 2 1 1 2 2 2 1 2 2 1 2 2 2 2 1 2 2 2 2 2 2 2 2 2 2 1 2 2 2 1 2 2 2 2 2 2 2 0 2 2 2 1 1 1 1 1 1 2 2 2 2 1 2 1 2 2 1 2 2
geno chr13.25408572 fin  2 1 2 0 1 2 2 2 2 2 2 2 2 2 2 2 2 2 1 1 2 2 2 2 2 2 1 2 2 2 2 2 1 2 2 2 2 2 1 2 1 2 2 1 2 2 1 1 2 2 2 2 2 1 2 1 2 2 2 2 2 2 2 2 1 2 2 2 1 2 2 2 2 1 2 1 2 1 1 2 2 2 2 2 2 2 2 2 2
geno chr13.25408572 gbr  2 0 2 2 2 2 2 2 2 2 2 2 2 2 1 2 2 1 2 2 2 2 2 2 2 2 2 2 2 0 1 2 2 0 1 0 2 1 2 2 2 2 2 2 2 2 2 2 1 1 2 2 2 2 1 2 2 1 2 2 2 1 2 2 2 2 2 2 2 2 1 2 2 2 1 2 2 1 2 1 2 2 1 2
geno chr13.25408572 tsi  2 2 2 1 2 2 2 2 2 1 2 2 2 2 1 1 2 2 0 2 2 2 2 2 1 2 2 2 2 2 1 2 2 2 2 2 2 2 2 2 2 2 1 1 2 1 2 2 2 2 1 2 2 2 2 2 0 2 2 2 2 1 2 2 2 1 1 2 2 1 1 2 2 0 2 2 2 2 2 2 2 1 1 2 2 2 1 1 2 1 2 1
geno chr13.25408572 yri  1 2 2 2 2 2 2 2 1 2 1 1 2 2 1 2 2 2 2 2 2 2 2 2 2 2 1 2 2 2 2 2 2 2 2 1 2 2 2 2 2 2 2 2 2 2 2 2 1 2 2 2 2 2 1 2 2 2 1 2 2 2 1 2 1 1 2 2 1 2 1 1 1 2 1 1 1
geno chr13.25408705 ceu  0 0 0 2 0 1 0 0 0 0 1 0 0 0 1 1 0 0 0 1 0 0 0 2 0 0 0 1 1 1 0 0 1 0 1 1 1 0 0 1 0 1 0 0 1 0 0 2 0 1 0 1 0 1 0 0 0 2 1 1 1 0 1 1 0 0 1 1 1 1 1 1 1 0 0 0 1 1
geno chr13.25408705 fin  0 1 1 0 0 0 1 2 0 0 2 0 0 1 1 0 1 2 0 1 1 0 0 1 1 0 0 1 1 0 1 1 0 0 1 0 1 0 0 1 0 0 1 1 1 2 0 1 2 0 0 1 0 1 0 0 1 1 1 2 0 2 2 1 0 0 0 1 0 0 0 1 1 0 1 0 2 0 1 0 0 0 1 1 2 0 1 1 2
geno chr13.25408705 gbr  0 0 1 1 1 0 0 1 1 2 1 1 1 1 0 0 0 0 0 0 0 1 2 0 0 0 1 1 2 0 1 1 0 0 0 0 0 0 1 1 0 0 1 0 1 2 2 1 1 0 0 0 0 0 0 0 0 0 2 0 2 0 2 1 1 2 0 1 0 1 0 0 1 0 0 1 2 1 0 0 0 1 0 1
geno chr13.25408705 tsi  1 1 0 0 0 1 1 1 1 0 0 1 0 0 0 0 2 0 0 0 2 1 1 0 0 0 1 1 1 0 1 0 0 0 1 0 0 1 1 1 1 2 0 0 2 0 0 0 0 1 0 0 1 0 0 1 0 1 1 1 1 0 0 1 1 1 1 0 0 0 0 0 0 0 0 0 0 1 1 2 0 1 0 1 2 1 0 0 1 0 1 0
geno chr13.25408705 yri  0 0 0 0 0 0 0 0 0 0 0 0 0 0 0 0 0 0 0 0 0 1 0 0 0 0 0 0 0 0 0 1 1 0 0 0 0 0 0 0 0 0 0 0 0 0 1 0 0 0 0 0 0 0 0 0 0 0 0 0 1 0 0 0 0 0 0 0 0 0 0 0 0 0 0 0 0
geno chr13.25408889 ceu  2 2 2 2 2 2 2 2 1 2 2 2 2 1 2 2 2 2 1 2 1 1 2 2 2 1 2 2 1 2 2 2 2 1 2 2 2 2 2 2 2 2 2 2 1 2 2 2 1 2 2 2 2 2 2 2 0 2 2 2 1 1 1 1 1 1 2 2 2 2 1 2 1 2 2 1 2 2
geno chr13.25408889 fin  2 1 2 0 1 2 2 2 2 2 2 2 2 2 2 2 2 2 1 1 2 2 2 2 2 2 1 2 2 2 2 2 1 2 2 2 2 2 1 2 1 2 2 1 2 2 1 1 2 2 2 2 2 1 2 1 2 2 2 2 2 2 2 2 1 2 2 2 1 2 2 2 2 1 2 1 2 1 1 2 2 2 2 2 2 2 2 2 2
geno chr13.25408889 gbr  2 0 2 2 2 2 2 2 2 2 2 2 2 2 1 2 2 1 2 2 2 2 2 2 2 2 2 2 2 0 1 2 2 0 1 0 2 1 2 2 2 2 2 2 2 2 2 2 1 1 2 2 2 2 1 2 2 1 2 2 2 1 2 2 2 2 2 2 2 2 1 2 2 2 1 2 2 1 2 1 2 2 1 2
geno chr13.25408889 tsi  2 2 2 1 2 2 2 2 2 1 2 2 2 2 1 1 2 2 0 2 2 2 2 2 1 2 2 2 2 2 1 2 2 2 2 2 2 2 2 2 2 2 1 1 2 1 2 2 2 2 1 2 2 2 2 2 0 2 2 2 2 1 2 2 2 1 1 2 2 1 1 2 2 0 2 2 2 2 2 2 2 1 1 2 2 2 1 1 2 1 2 1
geno chr13.25408889 yri  1 2 2 2 2 2 2 2 1 2 1 1 2 2 1 2 2 2 2 2 2 2 2 2 2 2 1 2 2 2 2 2 2 2 2 1 2 2 2 2 2 2 2 2 2 2 2 2 1 2 2 2 2 2 1 2 2 2 1 2 2 2 1 2 1 1 2 2 1 2 1 1 1 2 1 1 1
geno chr13.25409122 ceu  0 0 0 2 0 1 0 0 0 0 1 0 0 0 1 1 0 0 0 1 0 0 0 2 0 0 0 1 1 1 0 0 1 0 1 1 1 0 0 1 0 1 0 0 1 0 0 2 0 1 0 1 0 1 0 0 0 2 1 1 1 0 1 1 0 0 1 1 1 1 1 1 1 0 0 0 1 1
geno chr13.25409122 fin  0 1 1 0 0 0 1 2 0 0 2 0 0 1 1 0 1 2 0 1 1 0 0 1 1 0 0 1 1 0 1 1 0 0 1 0 1 0 0 1 0 0 1 1 1 2 0 1 2 0 0 1 0 1 0 0 1 1 1 2 0 2 2 1 0 0 0 1 0 0 0 1 1 0 1 0 2 0 1 0 0 0 1 1 2 0 1 1 2
geno chr13.25409122 gbr  0 0 1 1 1 0 0 1 1 2 1 1 1 1 0 0 0 0 0 0 0 1 2 0 0 0 1 1 2 0 1 1 0 0 0 0 0 0 1 1 0 0 1 0 1 2 2 1 1 0 0 0 0 0 0 0 0 0 2 0 2 0 2 1 1 2 0 1 0 1 0 0 1 0 0 1 2 1 0 0 0 1 0 1
geno chr13.25409122 tsi  1 1 0 0 0 1 1 1 1 0 0 1 0 0 0 0 2 0 0 0 2 1 1 0 0 0 1 1 1 0 1 0 0 0 1 0 0 1 1 1 1 2 0 0 2 0 0 0 0 1 0 0 1 0 0 1 0 1 1 1 1 0 0 1 1 1 1 0 0 0 0 0 0 0 0 0 0 1 1 2 0 1 0 1 2 1 0 0 1 0 1 0
geno chr13.25409122 yri  0 0 0 0 0 0 0 0 0 0 0 0 0 0 0 0 0 0 0 0 0 1 0 0 0 0 0 0 0 0 0 1 1 0 0 0 0 0 0 0 0 0 0 0 0 0 1 0 0 0 0 0 0 0 0 0 0 0 0 0 1 0 0 0 0 0 0 0 0 0 0 0 0 0 0 0 0
geno chr13.25409163 ceu  0 0 0 0 0 0 0 0 1 0 0 0 0 1 0 0 0 0 1 0 1 1 0 0 0 1 0 0 1 0 0 0 0 1 0 0 0 0 0 0 0 0 0 0 1 0 0 0 1 0 0 0 0 0 0 0 2 0 0 0 1 1 1 1 1 1 0 0 0 0 1 0 1 0 0 1 0 0
geno chr13.25409163 fin  0 1 0 2 1 0 0 0 0 0 0 0 0 0 0 0 0 0 1 1 0 0 0 0 0 0 1 0 0 0 0 0 1 0 0 0 0 0 1 0 1 0 0 1 0 0 1 1 0 0 0 0 0 1 0 1 0 0 0 0 0 0 0 0 1 0 0 0 1 0 0 0 0 1 0 1 0 1 1 0 0 0 0 0 0 0 0 0 0
geno chr13.25409163 gbr  0 2 0 0 0 0 0 0 0 0 0 0 0 0 1 0 0 1 0 0 0 0 0 0 0 0 0 0 0 2 1 0 0 2 1 2 0 1 0 0 0 0 0 0 0 0 0 0 1 1 0 0 0 0 1 0 0 1 0 0 0 1 0 0 0 0 0 0 0 0 1 0 0 0 1 0 0 1 0 1 0 0 1 0
geno chr13.25409163 tsi  0 0 0 1 0 0 0 0 0 1 0 0 0 0 1 1 0 0 2 0 0 0 0 0 1 0 0 0 0 0 1 0 0 0 0 0 0 0 0 0 0 0 1 1 0 1 0 0 0 0 1 0 0 0 0 0 2 0 0 0 0 1 0 0 0 1 1 0 0 1 1 0 0 2 0 0 0 0 0 0 0 1 1 0 0 0 1 1 0 1 0 1
geno chr13.25409163 yri  0 0 0 0 0 0 0 0 0 0 1 1 0 0 1 0 0 0 0 0 0 0 0 0 0 0 1 0 0 0 0 0 0 0 0 0 0 0 0 0 0 0 0 0 0 0 0 0 0 0 0 0 0 0 1 0 0 0 0 0 0 0 0 0 1 1 0 0 1 0 0 1 0 0 1 1 0
geno chr13.25409185 ceu  0 0 1 0 1 1 0 1 0 0 0 1 1 1 0 0 2 1 1 0 1 0 0 0 2 0 1 0 0 0 1 0 1 1 1 1 1 0 1 0 1 0 1 1 0 0 1 0 0 0 1 0 1 1 0 0 0 0 1 0 0 1 0 0 0 0 0 0 0 1 0 0 0 0 0 0 1 0
geno chr13.25409185 fin  0 0 1 0 0 0 0 0 0 0 0 1 1 0 0 1 0 0 0 0 0 0 0 1 1 1 1 1 0 2 1 0 1 1 0 1 0 1 0 0 0 1 1 0 0 0 1 0 0 1 2 0 0 0 0 0 0 0 0 0 0 0 0 0 0 0 1 0 1 1 0 1 0 0 0 0 0 0 0 0 0 0 0 0 0 0 0 0 0
geno chr13.25409185 gbr  0 0 1 0 0 1 0 0 0 0 0 0 1 1 1 0 1 1 0 0 1 1 0 0 0 0 0 0 0 0 0 0 0 0 0 0 1 1 0 0 1 0 0 2 1 0 0 0 0 1 1 0 2 2 0 0 0 0 0 1 0 0 0 0 0 0 1 0 1 0 1 1 0 0 0 0 0 0 0 0 0 0 0 1
geno chr13.25409185 tsi  0 1 2 1 0 0 0 0 1 0 2 0 1 0 0 0 0 2 0 0 0 1 0 0 1 1 0 0 1 0 0 2 1 1 0 1 1 0 0 0 1 0 0 1 0 0 0 2 0 1 1 2 0 0 1 1 0 1 1 0 0 0 1 1 1 0 0 2 0 1 1 0 0 0 1 2 0 0 1 0 1 0 0 0 0 0 0 1 0 0 1 1
geno chr13.25409185 yri  1 0 0 0 2 0 1 0 0 0 0 0 1 1 0 0 0 0 0 1 0 1 1 1 0 1 0 2 1 0 1 0 0 0 2 0 0 0 0 0 0 0 0 1 1 2 0 0 1 1 1 0 1 0 1 1 0 1 0 1 0 1 0 1 1 0 0 0 0 1 1 0 0 0 0 0 1
geno chr13.25409349 ceu  0 0 1 0 1 1 0 1 0 0 0 1 1 1 0 0 2 1 1 0 1 0 0 0 2 0 1 0 0 0 1 0 1 1 1 1 1 0 1 0 1 0 1 1 0 0 0 0 1 0 1 0 1 1 0 0 0 0 1 0 0 1 0 0 0 0 0 0 0 1 0 0 0 0 0 0 1 0
geno chr13.25409349 fin  0 0 1 0 0 0 0 0 0 0 0 1 1 0 0 0 0 0 0 0 0 0 0 1 1 1 1 1 0 2 1 0 1 1 0 1 0 1 0 0 0 1 1 0 0 0 1 0 0 1 2 0 0 0 0 0 0 0 0 0 0 0 0 0 0 0 1 0 1 1 0 1 0 0 0 0 0 0 0 0 0 0 0 0 0 0 0 0 0
geno chr13.25409349 gbr  0 0 1 0 0 1 0 0 0 0 0 0 1 1 1 0 1 1 0 0 1 1 0 0 0 0 0 0 0 0 0 0 0 0 0 0 1 1 0 0 1 0 0 2 1 0 0 0 0 1 1 0 2 2 0 0 0 0 0 1 0 0 0 0 0 0 1 0 1 0 1 1 0 0 0 0 0 0 0 0 0 0 0 1
geno chr13.25409349 tsi  0 1 2 1 0 0 0 0 1 0 2 0 1 0 0 0 0 2 0 0 0 1 0 0 1 1 0 0 1 0 0 2 1 1 0 1 1 0 0 0 1 0 0 1 0 0 0 2 0 1 1 2 0 0 1 1 0 1 1 0 0 0 1 1 1 0 0 2 0 1 1 0 0 0 1 2 0 0 1 0 1 0 0 0 0 0 0 1 0 0 1 1
geno chr13.25409349 yri  1 0 0 0 2 0 1 0 0 1 0 0 1 1 1 0 1 0 0 1 0 1 1 1 0 1 0 2 1 0 1 0 0 0 2 0 0 0 0 0 0 1 0 2 1 2 0 0 1 2 1 0 1 0 1 1 1 1 0 1 0 1 0 1 1 0 1 2 0 1 1 0 0 0 1 1 1
geno chr13.25409379 ceu  0 0 1 0 1 1 0 1 0 0 0 1 1 1 0 0 2 1 1 0 1 0 0 0 2 0 1 0 0 0 1 0 1 1 1 1 1 0 1 0 1 0 1 1 0 0 0 0 1 0 1 0 1 1 0 0 0 0 1 0 0 1 0 0 0 0 0 0 0 2 0 0 0 0 0 0 2 0
geno chr13.25409379 fin  0 0 1 0 0 0 0 0 0 0 0 1 1 0 0 0 0 0 0 0 0 0 0 1 1 1 1 1 0 2 1 0 1 1 0 1 0 1 0 0 0 1 1 0 0 0 1 0 0 1 2 0 0 0 0 0 0 0 0 0 0 0 0 0 0 0 1 0 1 1 0 1 0 0 0 0 1 0 0 0 0 0 0 0 0 0 0 0 0
geno chr13.25409379 gbr  0 0 1 0 0 1 0 0 0 0 0 0 2 1 1 0 1 1 0 0 1 1 0 0 0 0 0 0 0 0 0 0 0 0 0 0 1 1 0 0 1 0 0 2 1 0 0 0 0 1 1 0 2 2 0 0 0 0 0 1 0 0 0 0 0 0 1 0 1 0 1 1 0 0 0 0 0 0 0 0 0 0 0 1
geno chr13.25409379 tsi  0 1 2 1 0 0 0 0 1 0 2 0 1 0 0 0 0 2 0 0 0 1 0 0 1 1 0 0 1 0 0 2 1 1 0 1 1 0 0 0 1 0 0 1 0 0 0 2 0 1 1 2 0 0 1 1 0 1 1 0 0 0 1 1 1 0 0 2 0 1 1 0 0 0 1 2 0 0 1 0 1 0 0 0 0 0 0 1 0 0 1 1
geno chr13.25409379 yri  1 0 0 0 2 0 1 0 0 1 0 0 1 1 1 0 1 0 0 1 0 1 1 1 0 1 0 2 1 0 1 0 0 0 2 0 0 0 0 0 0 1 0 2 1 2 0 0 1 2 1 0 1 0 1 1 1 1 0 1 0 1 0 1 1 0 1 2 0 1 1 0 0 0 1 1 1
geno chr13.25409729 ceu  0 0 0 1 0 0 0 0 0 0 0 0 0 0 0 0 0 0 0 0 0 0 0 0 0 0 0 0 1 0 0 0 0 0 0 0 0 0 0 0 0 0 0 0 1 0 0 0 0 1 0 0 0 0 0 0 0 0 0 1 1 0 0 0 0 0 1 0 0 1 0 1 0 0 0 0 1 0
geno chr13.25409729 fin  0 0 0 0 0 0 0 0 0 0 0 0 0 0 0 0 0 0 0 0 0 0 0 0 0 0 0 0 0 0 0 0 0 0 0 0 0 0 0 0 0 0 0 0 0 1 0 1 0 0 0 1 0 1 0 0 0 0 1 1 0 0 0 0 0 0 0 0 0 0 0 0 0 0 0 0 1 0 1 0 0 0 0 0 0 0 0 0 0
geno chr13.25409729 gbr  0 0 0 0 0 0 0 0 0 0 0 1 1 0 0 0 0 0 0 0 0 0 0 0 0 0 1 0 0 0 0 0 0 0 0 0 0 0 0 0 0 0 0 0 1 0 0 0 0 0 0 0 0 0 0 0 0 0 0 0 1 0 0 0 1 0 0 0 0 0 0 0 0 0 0 1 0 0 0 0 0 0 0 0
geno chr13.25409729 tsi  0 0 0 0 0 0 0 0 0 0 0 0 0 0 0 0 0 0 0 0 0 0 0 0 0 0 0 0 0 0 0 0 0 0 0 0 0 0 0 1 0 0 0 0 0 0 0 0 0 0 0 0 0 0 0 0 0 0 0 0 0 0 0 0 0 0 0 0 0 0 0 0 0 0 0 0 0 0 0 0 0 0 0 0 0 0 0 0 0 0 0 0
geno chr13.25409729 yri  0 0 0 0 0 0 0 0 0 0 0 0 0 0 0 0 0 0 0 0 0 0 0 0 0 0 0 0 0 0 0 0 0 0 0 0 0 0 0 0 0 0 0 0 0 0 0 0 0 0 0 0 0 0 0 0 0 0 0 0 0 0 0 0 0 0 0 0 0 0 0 0 0 0 0 0 0
geno chr13.25410290 ceu  0 0 1 0 0 0 2 0 0 0 0 1 1 0 1 0 0 0 0 0 0 0 2 0 0 1 1 0 0 0 0 1 0 0 0 0 0 1 1 1 1 0 1 0 0 0 0 0 0 0 1 1 0 0 1 1 0 0 0 0 0 0 0 0 1 0 0 1 1 0 0 0 0 2 0 0 0 1
geno chr13.25410290 fin  1 0 0 0 0 2 1 0 1 1 0 0 0 1 1 1 0 0 1 0 0 1 0 0 0 1 0 0 1 0 0 0 0 1 0 0 1 1 1 1 1 1 0 0 1 0 0 0 0 0 0 0 1 0 0 0 1 0 0 0 2 0 0 1 1 2 0 0 0 1 0 0 0 1 1 0 0 1 0 1 0 1 1 1 0 1 1 0 0
geno chr13.25410290 gbr  0 0 0 0 0 1 1 0 1 0 0 0 0 0 0 0 0 0 1 0 0 0 0 1 1 0 1 0 0 0 0 1 2 0 0 0 0 0 0 0 0 1 1 0 0 0 0 0 0 0 1 1 0 0 1 0 2 1 0 0 0 0 0 0 0 0 1 0 0 0 0 0 1 1 0 0 0 0 1 1 1 0 0 0
geno chr13.25410290 tsi  0 0 0 0 1 1 0 1 0 1 0 0 0 0 0 1 0 0 0 1 0 0 0 0 0 0 0 0 0 0 0 0 1 0 1 0 0 0 0 1 0 0 0 0 0 1 0 0 0 0 0 0 0 0 0 0 0 0 0 1 0 0 0 0 0 0 0 0 1 0 0 0 0 0 0 0 0 1 0 0 0 0 1 0 0 0 0 0 0 0 0 0
geno chr13.25410290 yri  0 0 0 0 0 0 0 0 0 0 0 0 0 0 0 0 0 0 0 0 0 0 0 0 0 0 0 0 0 0 0 0 0 0 0 0 0 0 0 0 0 0 0 0 0 0 0 0 0 0 0 0 0 0 0 0 0 0 0 0 0 0 0 0 0 0 0 0 0 0 0 0 0 0 0 0 0
geno chr13.25410682 ceu  2 2 2 2 2 2 2 2 1 2 2 2 2 1 2 2 2 2 1 2 1 1 2 2 2 1 2 2 1 2 2 2 2 1 2 2 2 2 2 2 2 2 2 2 1 2 2 2 1 2 2 2 2 2 2 2 0 2 2 2 1 1 1 1 1 1 2 2 2 2 1 2 1 2 2 1 2 2
geno chr13.25410682 fin  2 1 2 0 1 2 2 2 2 2 2 2 2 2 2 2 2 2 1 1 2 2 2 2 2 2 1 2 2 2 2 2 1 2 2 2 2 2 1 2 1 2 2 1 2 2 1 1 2 2 2 2 2 1 2 1 2 2 2 2 2 2 2 2 1 2 2 2 1 2 2 2 2 1 2 1 2 1 1 2 2 2 2 2 2 2 2 2 2
geno chr13.25410682 gbr  2 0 2 2 2 2 2 2 2 2 2 2 2 2 1 2 2 1 2 2 2 2 2 2 2 2 2 2 2 0 1 2 2 0 1 0 2 1 2 2 2 2 2 2 2 2 2 2 1 1 2 2 2 2 1 2 2 1 2 2 2 1 2 2 2 2 2 2 2 2 1 2 2 2 1 2 2 1 2 1 2 2 1 2
geno chr13.25410682 tsi  2 2 2 1 2 2 2 2 2 1 2 2 2 2 1 1 2 2 0 2 2 2 2 2 1 2 2 2 2 2 1 2 2 2 2 2 2 2 2 2 2 2 1 1 2 1 2 2 2 2 1 2 2 2 2 2 0 2 2 2 2 1 2 2 2 1 1 2 2 1 1 2 2 0 2 2 2 2 2 2 2 1 1 2 2 2 1 1 2 1 2 1
geno chr13.25410682 yri  1 2 2 2 2 2 2 2 1 2 1 1 2 2 1 2 2 2 2 2 2 2 2 2 2 2 1 2 2 2 2 2 2 2 2 1 2 2 2 2 2 2 2 2 2 2 2 2 1 2 2 2 2 2 1 2 2 2 1 2 2 2 1 2 1 1 2 2 1 2 1 1 1 2 1 1 1
geno chr13.25410874 ceu  1 0 1 0 0 0 2 0 1 0 0 1 1 0 1 1 0 0 0 0 0 0 2 0 0 1 1 0 0 0 0 1 0 0 0 0 0 1 1 1 1 0 1 0 0 0 2 0 0 0 1 1 1 0 1 1 0 0 0 0 0 0 0 0 1 1 0 1 1 0 0 1 0 2 1 0 0 1
geno chr13.25410874 fin  1 0 0 0 0 2 1 0 1 2 0 1 0 1 1 2 0 0 1 0 1 2 0 0 0 1 0 0 1 0 0 1 0 1 1 0 1 1 1 1 1 1 0 0 1 0 0 0 0 0 0 1 1 0 1 0 1 0 1 0 2 0 0 1 1 2 1 1 0 1 0 0 0 1 1 0 0 1 0 1 1 2 1 1 0 1 1 0 0
geno chr13.25410874 gbr  1 0 0 1 0 1 1 0 1 0 1 1 0 0 0 1 1 0 1 1 0 0 0 2 1 2 1 0 0 0 0 1 2 0 0 0 0 0 0 0 0 1 1 0 0 0 0 0 0 0 1 1 0 0 1 1 2 1 0 0 0 0 0 0 1 0 1 1 0 0 0 0 1 1 0 0 0 0 2 1 1 1 0 0
geno chr13.25410874 tsi  1 0 0 0 1 1 0 1 0 1 0 0 0 0 0 1 0 0 0 1 0 0 1 0 0 0 0 0 0 0 0 0 1 0 1 0 0 0 1 1 0 0 1 0 0 1 0 0 0 0 0 0 0 0 0 0 0 0 0 1 1 0 0 0 0 0 0 0 2 0 0 0 0 0 0 0 1 1 0 0 0 0 1 0 0 0 0 0 1 0 0 0
geno chr13.25410874 yri  0 0 0 0 0 0 0 0 0 0 1 0 1 1 0 1 0 1 0 0 0 0 0 0 0 0 0 0 0 0 0 0 0 1 0 0 1 0 0 0 0 0 0 0 0 0 0 1 0 0 0 0 1 0 0 0 1 0 0 0 0 0 0 0 0 0 0 0 0 0 0 0 0 2 0 0 0
geno chr13.25410889 ceu  0 0 1 0 1 1 0 1 0 0 0 1 1 1 0 0 2 1 1 0 1 0 0 0 2 0 1 0 0 0 1 0 1 1 1 1 1 0 1 0 1 0 1 1 0 0 0 0 0 0 1 0 1 1 0 0 0 0 1 0 0 1 0 0 0 0 0 0 0 1 0 0 0 0 0 0 1 0
geno chr13.25410889 fin  0 0 1 0 0 0 0 0 0 0 0 1 1 0 0 0 0 0 0 0 0 0 0 1 1 1 1 1 0 2 1 0 1 1 0 1 0 1 0 0 0 1 1 0 0 0 1 0 0 1 2 0 0 0 0 0 0 0 0 0 0 0 0 0 0 0 1 0 1 1 0 1 0 0 0 0 0 0 0 0 0 0 0 0 0 0 0 0 0
geno chr13.25410889 gbr  0 0 1 0 0 1 0 0 0 0 0 0 1 1 1 0 1 1 0 0 1 1 0 0 0 0 0 0 0 0 0 0 0 0 0 0 1 1 0 0 1 0 0 2 1 0 0 0 0 1 1 0 2 2 0 0 0 0 0 1 0 0 0 0 0 0 1 0 1 0 1 1 0 0 0 0 0 0 0 0 0 0 0 1
geno chr13.25410889 tsi  0 1 2 1 0 0 0 0 1 0 2 0 1 0 0 0 0 2 0 0 0 1 0 0 1 1 0 0 1 0 0 2 1 1 0 1 1 0 0 0 1 0 0 1 0 0 0 2 0 1 1 2 0 0 1 1 0 1 1 0 0 0 1 1 1 0 0 2 0 1 1 0 0 0 1 2 0 0 1 0 1 0 0 0 0 0 0 1 0 0 1 1
geno chr13.25410889 yri  1 0 0 0 2 0 1 0 0 0 0 0 1 1 0 0 0 0 0 1 0 1 1 1 0 1 0 2 1 0 1 0 0 0 2 0 0 0 0 0 0 0 0 1 1 2 0 0 1 1 1 0 1 0 1 1 0 1 0 1 0 1 0 1 1 0 0 0 0 1 1 0 0 0 0 0 1
geno chr13.25410923 ceu  1 0 1 0 0 0 2 0 1 0 0 1 1 0 1 1 0 0 0 0 0 0 2 0 0 1 1 0 0 0 0 1 0 0 0 0 0 1 1 1 1 0 1 0 0 0 2 0 0 0 1 1 1 0 1 1 0 0 0 0 0 0 0 0 1 1 0 1 1 0 0 1 0 2 1 0 0 1
geno chr13.25410923 fin  1 0 0 0 0 2 1 0 1 2 0 1 0 1 1 2 0 0 1 0 1 2 0 0 0 1 0 0 1 0 0 1 0 1 1 0 1 1 1 1 1 1 0 0 1 0 0 0 0 0 0 1 1 0 1 0 1 0 1 0 2 0 0 1 1 2 1 1 0 1 0 0 0 1 1 0 0 1 0 1 1 2 1 1 0 1 1 0 0
geno chr13.25410923 gbr  1 0 0 1 0 1 1 0 1 0 1 1 0 0 0 1 1 0 1 1 0 0 0 2 1 2 1 0 0 0 0 1 2 0 0 0 0 0 0 0 0 1 1 0 0 0 0 0 0 0 1 1 0 0 1 1 2 1 0 0 0 0 0 0 1 0 1 1 0 0 0 0 1 1 0 0 0 0 2 1 1 1 0 0
geno chr13.25410923 tsi  1 0 0 0 1 1 0 1 0 1 0 0 0 0 0 1 0 0 0 1 0 0 1 0 0 0 0 0 0 0 0 0 1 0 1 0 0 0 1 1 0 0 1 0 0 1 0 0 0 0 0 0 0 0 0 0 0 0 0 1 1 0 0 0 0 0 0 0 2 0 0 0 0 0 0 0 1 1 0 0 0 0 1 0 0 0 0 0 1 0 0 0
geno chr13.25410923 yri  0 0 0 0 0 0 0 0 0 0 1 0 1 1 0 1 0 1 0 0 0 0 0 0 0 0 0 0 0 0 0 0 0 1 0 0 1 0 0 0 0 0 0 0 0 0 0 1 0 0 0 0 1 0 0 0 1 0 0 0 0 0 0 0 0 0 0 0 0 0 0 0 0 2 0 0 0
geno chr13.25411172 ceu  0 0 0 0 0 0 0 0 1 0 0 0 0 1 0 0 0 0 1 0 1 1 0 0 0 1 0 0 1 0 0 0 0 1 0 0 0 0 0 0 0 0 0 0 1 0 0 0 1 0 0 0 0 0 0 0 2 0 0 0 1 1 1 1 1 1 0 0 0 0 1 0 1 0 0 1 0 0
geno chr13.25411172 fin  0 1 0 2 1 0 0 0 0 0 0 0 0 0 0 0 0 0 1 1 0 0 0 0 0 0 1 0 0 0 0 0 1 0 0 0 0 0 1 0 1 0 0 1 0 0 1 1 0 0 0 0 0 1 0 1 0 0 0 0 0 0 0 0 1 0 0 0 1 0 0 0 0 1 0 1 0 1 1 0 0 0 0 0 0 0 0 0 0
geno chr13.25411172 gbr  0 2 0 0 0 0 0 0 0 0 0 0 0 0 1 0 0 1 0 0 0 0 1 0 0 0 0 0 0 2 1 0 0 2 1 2 0 1 0 0 0 0 0 0 0 0 0 0 1 1 0 0 0 0 1 0 0 1 0 0 0 1 0 0 0 0 0 0 0 0 1 0 0 0 1 0 0 1 0 1 0 0 1 0
geno chr13.25411172 tsi  0 0 0 1 0 0 0 0 0 1 0 0 0 0 1 1 0 0 2 0 0 0 0 0 1 0 0 0 0 0 1 0 0 0 0 0 0 0 0 0 0 0 1 1 0 1 0 0 0 0 1 0 0 0 0 0 2 0 0 0 0 1 0 0 0 1 1 0 0 1 1 0 0 2 0 0 0 0 0 0 0 1 1 0 0 0 1 1 0 1 0 1
geno chr13.25411172 yri  0 0 0 0 0 0 0 0 0 0 1 1 0 0 1 0 0 0 0 0 0 0 0 0 0 0 1 0 0 0 0 0 0 0 0 0 0 0 0 0 0 0 0 0 0 0 0 0 0 0 0 0 0 0 1 0 0 0 0 0 0 0 0 0 1 1 0 0 1 0 0 1 0 0 1 1 0
geno chr13.25411198 ceu  1 2 0 0 1 0 0 1 0 2 1 0 0 0 0 0 0 1 0 1 0 1 0 0 0 0 0 1 0 1 1 1 0 0 0 0 0 1 0 0 0 1 0 1 0 2 0 0 0 1 0 0 0 0 1 1 0 0 0 1 0 0 0 0 0 0 0 0 0 0 0 0 0 0 1 1 0 0
geno chr13.25411198 fin  1 0 0 0 1 0 0 0 1 0 0 0 0 0 0 0 1 0 0 0 0 0 2 0 0 0 0 0 0 0 0 0 0 0 0 0 0 0 0 0 0 0 0 0 0 0 0 0 0 1 0 0 1 0 1 1 0 1 0 0 0 0 0 0 0 0 0 0 0 0 2 0 1 0 0 1 0 0 0 1 1 0 0 0 0 1 0 1 0
geno chr13.25411198 gbr  1 0 0 0 1 0 1 1 0 0 0 0 0 0 0 1 0 0 1 1 1 0 0 0 1 0 0 1 0 0 0 0 0 0 1 0 1 0 1 1 1 1 0 0 0 0 0 1 0 0 0 1 0 0 0 1 0 0 0 1 0 1 0 1 0 0 0 0 1 1 0 1 0 1 1 1 0 0 0 0 1 0 1 0
geno chr13.25411198 tsi  0 0 0 0 1 0 1 0 0 0 0 1 1 2 1 0 0 0 0 1 0 0 0 2 0 1 1 1 0 2 0 0 0 1 0 1 1 1 0 0 0 0 0 0 0 0 2 0 2 0 0 0 1 2 1 0 0 0 0 0 0 1 1 0 0 0 0 0 0 0 0 2 2 0 1 0 1 0 0 0 1 0 0 1 0 1 1 0 0 1 0 0
geno chr13.25411198 yri  0 2 0 0 0 1 0 0 1 1 0 1 0 0 0 0 0 0 0 1 2 0 0 0 1 0 1 0 0 2 0 1 0 1 0 0 0 0 0 1 1 1 0 0 0 0 0 1 0 0 1 2 0 1 0 0 0 0 1 1 1 1 1 1 0 0 0 0 0 0 0 0 0 0 0 0 0
geno chr13.25411213 ceu  1 2 0 0 1 0 0 1 0 2 1 0 0 0 0 0 0 1 0 1 0 1 0 0 0 0 0 1 0 1 1 1 0 0 0 0 0 1 0 0 0 1 0 1 0 2 0 0 0 1 0 0 0 0 1 1 0 0 0 1 0 0 0 0 0 0 0 0 0 0 0 0 0 0 1 1 0 0
geno chr13.25411213 fin  1 0 0 0 1 0 0 0 1 0 0 0 0 0 0 0 1 0 0 0 0 0 2 0 0 0 0 0 0 0 0 0 0 0 0 0 0 0 0 0 0 0 0 0 0 0 0 0 0 1 0 0 1 0 1 1 0 1 0 0 0 0 0 0 0 0 0 0 0 0 2 0 1 0 0 1 0 0 0 1 1 0 0 0 0 1 0 1 0
geno chr13.25411213 gbr  1 0 0 0 1 0 1 1 0 0 0 0 0 0 0 1 0 0 1 1 1 0 0 0 1 0 0 1 0 0 0 0 0 0 1 0 1 0 1 1 1 1 0 0 0 0 0 1 0 0 0 1 0 0 0 1 0 0 0 1 0 1 0 1 0 0 0 0 1 1 0 1 0 1 1 1 0 0 0 0 1 0 1 0
geno chr13.25411213 tsi  0 0 0 0 1 0 1 0 0 0 0 1 1 2 1 0 0 0 0 1 0 0 0 2 0 1 1 1 0 2 0 0 0 1 0 1 1 1 0 0 0 0 0 0 0 0 2 0 2 0 0 0 1 2 1 0 0 0 0 0 0 1 1 0 0 0 0 0 0 0 0 2 2 0 1 0 1 0 0 0 1 0 0 1 0 1 1 0 0 1 0 0
geno chr13.25411213 yri  0 1 0 0 0 1 0 0 1 1 0 1 0 0 0 0 0 0 0 0 1 0 0 0 0 0 0 0 0 1 0 0 0 0 0 0 0 0 0 1 0 1 0 0 0 0 0 0 0 0 0 0 0 0 0 0 0 0 0 1 1 0 0 0 0 0 0 0 0 0 0 0 0 0 0 0 0
geno chr13.25411216 ceu  1 2 0 0 1 0 0 1 0 2 1 0 0 0 0 0 0 1 0 1 0 1 0 0 0 0 0 1 0 1 1 1 0 0 0 0 0 1 0 0 0 1 0 1 0 2 0 0 0 1 0 0 0 0 1 1 0 0 0 1 0 0 0 0 0 0 0 0 0 0 0 0 0 0 1 1 0 0
geno chr13.25411216 fin  1 0 0 0 1 0 0 0 1 0 0 0 0 0 0 0 1 0 0 0 0 0 2 0 0 0 0 0 0 0 0 0 0 0 0 0 0 0 0 0 0 0 0 0 0 0 0 0 0 1 0 0 1 0 1 1 0 1 0 0 0 0 0 0 0 0 0 0 0 0 2 0 1 0 0 1 0 0 0 1 1 0 0 0 0 1 0 1 0
geno chr13.25411216 gbr  1 0 0 0 1 0 1 1 0 0 0 0 0 0 0 1 0 0 1 1 1 0 0 0 1 0 0 1 0 0 0 0 0 0 1 0 1 0 1 1 1 1 0 0 0 0 0 1 0 0 0 1 0 0 0 1 0 0 0 1 0 1 0 1 0 0 0 0 1 1 0 1 0 1 1 1 0 0 0 0 1 0 1 0
geno chr13.25411216 tsi  0 0 0 0 1 0 1 0 0 0 0 1 1 2 1 0 0 0 0 1 0 0 0 2 0 1 1 1 0 2 0 0 0 1 0 1 1 1 0 0 0 0 0 0 0 0 2 0 2 0 0 0 1 2 1 0 0 0 0 0 0 1 1 0 0 0 0 0 0 0 0 2 2 0 1 0 1 0 0 0 1 0 0 1 0 1 1 0 0 1 0 0
geno chr13.25411216 yri  0 1 0 0 0 1 0 0 1 1 0 1 0 0 0 0 0 0 0 0 1 0 0 0 0 0 0 0 0 1 0 0 0 0 0 0 0 0 0 1 0 1 0 0 0 0 0 0 0 0 0 0 0 0 0 0 0 0 0 1 1 0 0 0 0 0 0 0 0 0 0 0 0 0 0 0 0
geno chr13.25411289 ceu  1 2 0 0 1 0 0 1 0 2 1 0 0 0 0 0 0 1 0 1 0 1 0 0 0 0 0 1 0 1 1 1 0 0 0 0 0 1 0 0 0 1 0 1 0 2 0 0 1 1 0 0 0 0 1 1 0 0 0 1 0 0 0 0 0 0 0 0 0 0 0 0 0 0 1 1 0 0
geno chr13.25411289 fin  1 0 0 0 1 0 0 0 1 0 0 0 0 0 0 0 1 0 0 0 0 0 2 0 0 0 0 0 0 0 0 0 0 0 0 0 0 0 1 0 0 0 0 0 0 0 0 0 0 1 0 0 1 0 1 1 0 1 0 0 0 0 0 0 0 0 0 0 0 0 2 0 1 0 0 1 0 0 0 1 1 0 0 0 0 1 0 1 0
geno chr13.25411289 gbr  1 1 0 0 1 0 1 1 0 0 0 0 0 0 0 1 0 0 1 1 1 0 0 0 1 0 0 1 0 0 0 0 0 0 1 0 1 0 1 1 1 1 0 0 0 0 0 1 0 0 0 1 0 0 0 1 0 0 0 1 0 1 0 1 0 0 0 0 1 1 0 1 0 1 1 1 0 0 0 0 1 0 1 0
geno chr13.25411289 tsi  0 0 0 0 1 0 1 0 0 0 0 1 1 2 1 0 0 0 0 1 0 0 0 2 0 1 1 1 0 2 0 0 0 1 0 1 1 1 0 0 0 0 0 0 0 1 2 0 2 0 0 0 1 2 1 0 0 0 0 0 0 1 1 0 0 0 0 0 0 0 0 2 2 0 1 0 1 0 0 0 1 0 0 1 0 1 1 0 0 1 0 0
geno chr13.25411289 yri  0 1 0 0 0 1 0 0 1 1 0 1 0 0 0 0 0 0 0 0 1 0 0 0 0 0 0 0 0 1 0 0 0 0 0 0 0 0 0 1 0 1 0 0 0 0 0 0 0 0 0 0 0 0 0 0 0 0 0 1 1 0 0 0 0 0 0 0 0 0 0 0 0 0 0 0 0
