pheno ENSG00000204296 ceu 1.367074 -0.4657446 0.3160238 -1.965921 1.270148 0.8535423 0.5301027 1.582045 -0.2299437 0.5646209 0.4628976 0.4824293 0.03100792 1.732027 1.476493 0.597228 0.8011001 -0.116826 0.8068816 1.800259 1.406776 1.164082 -0.1401875 0.07754424 -0.7214708 0.3603899 1.185256 1.3258 0.7194694 -0.7678567 -0.2887312 1.245341 -0.8229579 -0.007703653 1.671648 0.8410067 0.8398139 -0.1232913 0.3557173 0.3969441 1.492474 -0.6863481 -0.7827821 1.167966 0.9505 0.520006 -0.7921686 0.9170119 2.542678 0.8203087 -0.03995191 -0.7391287 -1.482579 0.8433262 0.5678325 0.4556981 0.5767012 1.78942 0.7962866 -0.2985127 1.521474 0.3761501 2.558181 -0.2514526 1.00183 -0.211238 0.9724043 0.4228578 -0.4214046 0.1335361 -0.7154425 1.836651 0.8554479 2.236707 -0.7964917 1.820322 1.737737 -0.4516875
pheno ENSG00000204296 fin 0.4889918 2.473674 3.656278 -0.06837214 3.399343 1.804522 -0.2495525 0.4571318 -0.5023911 1.817758 0.108489 1.939684 0.6536818 0.8380926 0.7100732 1.973034 2.227544 1.839098 0.2810385 3.893416 2.353998 1.557639 3.946384 2.302321 1.659355 2.16863 2.354955 0.7982022 2.00545 2.348526 2.221045 1.475369 1.959455 1.984671 1.659865 3.129387 2.068274 0.430397 -0.1150371 0.4105058 1.899187 2.062116 2.589058 1.360171 1.159545 1.840573 1.596622 0.1962008 0.396966 3.190126 1.46883 2.275139 1.730664 -0.1775904 0.9423495 1.158019 0.940145 1.625208 1.133788 2.368478 2.230856 0.519379 2.413651 1.92276 1.612519 0.8533621 1.252561 -0.4373866 2.303935 1.87531 2.618464 1.563568 1.650279 1.491885 2.49791 3.015273 -0.2741017 1.08563 0.5021013 1.362766 1.871123 1.710275 1.007671 0.5384768 1.497846 2.673411 1.31984 1.613075 1.356116
pheno ENSG00000204296 gbr -1.713226 -1.634219 -1.378317 -2.085413 -1.110384 -2.620466 -1.488097 -0.8349441 -1.181598 -2.605765 -0.5180645 -2.252638 -1.200731 0.2014049 -1.075817 -0.04812709 -2.51253 -2.249294 -0.9092068 -2.195941 -1.140243 -3.091987 -1.990996 -3.619279 -2.066945 -1.402801 -2.912641 -0.01190101 -2.847119 -0.8773472 -1.289926 -2.905223 -3.79477 -2.233611 -1.905199 -1.649174 -1.479487 -1.736269 -1.835366 -0.06702165 -2.000169 0.2115069 -1.923503 -0.3916682 0.1290269 -2.589035 -1.599895 0.5951799 -2.418383 -2.380928 -2.838211 -1.605924 -1.130809 -1.952131 -2.822616 -2.479155 -1.789274 -2.284953 -2.769102 -2.515436 -2.44865 -0.4665557 -1.540292 -2.148894 -2.830125 -2.486003 -1.73479 -3.037181 -2.128834 -1.763131 -1.520634 -1.545601 0.00103029 0.4449804 -1.206273 -2.059069 -2.599217 0.3792758 -0.4543084 -1.617722 -0.7209023 -3.026631 -2.112702 -2.78114
pheno ENSG00000204296 tsi 0.1426435 0.3024935 0.7215632 2.274279 3.707446 0.5563311 3.374098 0.548057 2.451175 1.654757 2.64923 2.928183 0.03910062 1.304357 0.9103359 2.297076 2.598997 0.2769081 2.497384 0.08752469 0.8552221 0.4270839 2.173146 0.9346061 2.003869 2.252996 2.931489 5.086629 3.40682 1.240216 2.95486 2.607404 0.4439699 3.356373 2.88341 3.345676 1.447365 1.110073 3.975479 0.87599 1.634923 2.895899 1.002341 2.021159 3.235852 2.613687 1.341235 3.063386 1.743415 2.492138 1.818504 0.08476417 2.597762 1.691383 1.521653 0.7962493 2.443464 -0.3697993 1.59117 3.317544 1.991748 2.01431 1.827088 1.177082 0.9920622 1.491794 1.941994 0.3756969 3.304653 1.140809 2.021731 2.341888 2.962175 1.756746 3.015385 0.7399376 3.20841 2.604557 2.69212 1.917306 1.279121 2.266092 2.56504 2.694838 1.979013 1.654279 0.6814316 1.306843 1.942584 2.82113 2.101151 3.926983
pheno ENSG00000204296 yri -1.801572 -2.159688 0.5233539 -1.189028 -2.236405 -2.406704 -1.380048 -1.631362 0.002518961 -1.442511 0.1782315 0.1009454 1.69128 -2.815077 0.3294696 -2.016885 1.16551 -2.4309 -2.591667 -1.665873 -0.2796713 -2.996558 -1.555454 -1.648309 -0.5855272 -2.133011 -2.199104 -1.950396 -0.9850996 -2.080556 0.4916341 -2.720596 -2.007469 -0.9504842 -2.910183 -0.6643192 -1.844267 -1.610915 -3.454979 0.2555419 -1.089706 -2.467896 -3.32548 -1.081057 -1.13714 -1.153311 -1.280001 -0.635618 -2.463298 0.05616419 -1.153027 -0.5475614 -0.473868 -1.78475 -1.995136 -3.0067 -0.2836408 -0.6437282 -0.6877321 -1.342845 1.615965 1.456305 -1.423748 -1.216421 -1.052918 -2.28636 -0.4483381 0.9139015 -1.340123 -1.693569 -0.6699866 -0.1884161 -1.599651 -2.205694 -0.3868053 -1.346007 -0.3814093
geno chr6.32240072 ceu  0 0 0 0 0 0 0 1 0 1 0 0 0 0 1 0 0 0 1 0 0 1 0 0 0 0 1 0 0 0 0 0 0 1 1 0 0 0 0 1 0 0 0 0 0 1 0 0 0 0 0 0 0 0 0 0 0 0 0 1 1 0 0 0 0 0 0 0 0 0 0 1 1 1 0 0 0 0
geno chr6.32240072 fin  0 0 0 0 0 1 0 0 0 0 0 0 0 0 1 1 0 0 0 0 1 0 0 0 0 0 0 1 0 0 1 0 1 0 0 0 0 0 0 0 0 0 0 0 0 0 1 0 0 0 0 0 0 0 0 0 0 0 0 0 0 0 1 0 1 0 0 0 0 1 0 0 0 0 0 0 0 0 0 0 0 0 0 0 0 0 0 0 0
geno chr6.32240072 gbr  0 1 1 0 0 0 0 1 0 1 0 0 0 1 0 1 0 1 1 0 0 0 0 0 0 0 0 0 0 0 0 0 0 0 1 0 0 0 0 0 1 0 0 0 0 0 0 0 0 0 0 0 0 0 0 0 0 0 0 0 0 0 0 0 0 0 0 0 0 1 0 0 0 0 1 0 0 0 0 0 0 0 2 0
geno chr6.32240072 tsi  0 0 0 0 1 0 0 0 0 0 0 0 0 0 0 0 0 0 0 0 0 0 0 0 0 0 0 0 1 1 0 0 0 1 0 1 0 0 0 0 1 1 0 0 0 0 0 1 0 0 0 0 0 0 0 0 0 0 1 0 0 1 0 0 0 0 0 0 0 0 0 0 1 0 1 0 0 0 0 0 0 0 0 0 0 0 0 0 0 0 0 0
geno chr6.32240072 yri  0 0 0 0 0 0 0 0 0 0 0 0 0 0 0 0 0 0 0 0 0 0 0 0 0 0 0 0 0 0 0 0 0 0 0 0 0 0 0 0 0 0 0 0 0 0 0 0 0 0 0 0 0 0 0 0 0 0 0 0 0 0 0 1 0 0 1 0 0 0 0 0 0 0 0 0 0
geno chr6.32240611 ceu  2 0 0 0 0 0 0 2 0 1 1 1 0 0 1 0 1 0 1 0 0 1 0 0 0 0 1 0 0 1 1 1 0 1 1 0 1 0 0 1 1 1 0 0 0 1 1 1 0 0 0 0 0 1 0 0 1 0 0 1 1 1 0 0 0 0 0 1 0 1 0 2 1 1 0 1 0 0
geno chr6.32240611 fin  0 1 1 0 1 1 0 0 0 0 0 1 0 1 2 1 2 0 0 1 2 0 2 0 0 1 1 1 1 0 2 0 2 0 0 0 0 0 0 0 2 1 0 0 0 1 1 0 0 2 0 0 1 0 0 0 1 1 1 0 1 0 1 0 1 0 0 0 0 2 0 0 0 0 0 0 0 0 1 1 1 0 0 1 0 1 0 1 0
geno chr6.32240611 gbr  0 1 2 0 0 0 0 1 0 1 0 1 1 1 0 1 0 1 1 0 1 1 0 0 1 0 0 0 0 1 0 0 0 0 2 1 0 0 0 1 1 0 0 1 0 0 0 1 1 0 1 1 0 0 0 0 0 0 0 0 0 0 0 0 0 0 1 1 0 2 0 0 1 0 1 1 0 0 1 0 0 0 2 0
geno chr6.32240611 tsi  0 0 0 1 2 1 1 0 1 1 1 0 0 0 0 0 0 0 1 1 0 0 0 0 0 0 1 2 2 1 1 0 0 1 1 1 0 1 0 1 1 1 0 0 0 2 0 1 0 1 1 0 0 0 0 0 0 0 2 0 1 2 0 0 0 1 0 0 0 0 0 0 1 0 1 0 1 0 0 0 0 0 0 1 0 0 0 0 0 0 0 0
geno chr6.32240611 yri  0 0 1 0 0 1 0 2 1 1 1 0 1 0 1 0 1 1 0 0 1 0 0 1 0 1 1 1 0 0 2 2 0 1 1 0 0 0 0 1 0 0 0 0 0 0 1 0 0 1 0 0 1 1 0 0 0 1 2 0 2 0 0 1 0 0 1 0 1 1 0 0 1 0 1 0 1
geno chr6.32240712 ceu  2 0 0 0 0 0 0 2 0 1 1 1 0 0 1 0 1 0 1 0 0 1 0 0 0 0 1 0 0 1 1 1 0 1 1 0 1 0 0 1 1 1 0 0 0 1 1 1 0 0 0 0 0 1 0 0 1 0 0 1 1 1 0 0 0 0 0 1 0 1 0 2 1 1 0 1 0 0
geno chr6.32240712 fin  0 1 1 0 1 1 0 0 0 0 0 1 0 1 2 1 2 0 0 1 2 0 2 0 0 1 1 1 1 0 2 0 2 0 0 0 0 0 0 0 2 1 0 0 0 1 1 0 0 2 0 0 1 0 0 0 1 1 1 0 1 0 1 0 1 0 0 0 0 2 0 0 0 0 0 0 0 0 1 1 1 0 0 1 0 1 0 1 0
geno chr6.32240712 gbr  0 1 2 0 0 0 0 1 0 1 0 1 1 1 0 1 0 1 1 0 1 1 0 0 1 0 0 0 0 1 0 0 0 0 2 1 0 0 0 1 1 0 0 1 0 0 0 1 1 0 1 1 0 0 0 0 0 0 0 0 0 0 0 0 0 0 1 1 0 2 0 0 1 0 1 1 0 0 1 0 0 0 2 0
geno chr6.32240712 tsi  0 0 0 1 2 1 1 0 1 1 1 0 0 0 0 0 0 0 1 1 0 0 0 0 0 0 1 2 2 1 1 0 0 1 1 1 0 1 0 1 1 1 0 0 0 2 0 1 0 1 1 0 0 0 0 0 0 0 2 0 1 2 0 0 0 1 0 0 0 0 0 0 1 0 1 0 1 0 0 0 0 0 0 1 0 0 0 0 0 0 0 0
geno chr6.32240712 yri  0 0 1 0 0 1 0 2 1 1 1 0 1 0 1 0 1 1 0 0 1 0 0 1 0 1 1 1 0 0 2 2 0 1 1 0 0 0 0 1 0 0 0 0 0 0 1 0 0 1 0 0 1 1 0 0 0 1 2 0 2 0 0 1 0 0 1 0 1 1 0 0 1 0 1 0 1
geno chr6.32240813 ceu  1 0 0 0 0 0 0 2 0 1 0 1 0 0 1 0 0 0 1 0 0 1 0 0 0 0 1 0 0 1 1 0 0 1 1 0 0 0 0 1 1 1 0 0 0 1 1 1 0 0 0 0 0 1 0 0 0 0 0 1 1 0 0 0 0 0 0 1 0 0 0 1 1 1 0 0 0 0
geno chr6.32240813 fin  0 0 0 0 0 1 0 0 0 0 0 0 0 1 2 1 2 0 0 0 2 0 1 0 0 1 0 1 0 0 2 0 1 0 0 0 0 0 0 0 0 0 0 0 0 1 1 0 0 2 0 0 0 0 0 0 1 0 1 0 0 0 1 0 0 0 0 0 0 0 0 0 0 0 0 0 0 0 0 0 1 0 0 1 0 0 0 0 0
geno chr6.32240813 gbr  0 1 2 0 0 0 0 1 0 1 0 1 0 1 0 1 0 1 1 0 1 1 0 0 0 0 0 0 0 1 0 0 0 0 2 1 0 0 0 1 1 0 0 0 0 0 0 1 1 0 0 0 0 0 0 0 0 0 0 0 0 0 0 0 0 0 0 1 0 1 0 0 0 0 1 0 0 0 1 0 0 0 2 0
geno chr6.32240813 tsi  0 0 0 1 2 1 1 0 0 1 1 0 0 0 0 0 0 0 0 0 0 0 0 0 0 0 0 0 1 1 1 0 0 1 0 0 0 1 0 1 1 1 0 0 0 1 0 1 0 1 0 0 0 0 0 0 0 0 1 0 0 1 0 0 0 0 0 0 0 0 0 0 1 0 1 0 1 0 0 0 0 0 0 1 0 0 0 0 0 0 0 0
geno chr6.32240813 yri  0 0 0 0 0 0 0 1 1 0 1 0 1 0 1 0 1 1 0 0 0 0 0 1 0 1 0 1 0 0 0 1 0 1 1 0 0 0 0 0 0 0 0 0 0 0 0 0 0 0 0 0 1 0 0 0 0 1 1 0 2 0 0 1 0 0 1 0 1 0 0 0 1 0 1 0 0
geno chr6.32240875 ceu  0 2 2 2 1 1 1 0 1 1 1 1 2 1 0 2 1 2 0 1 1 0 1 1 2 1 0 1 2 0 0 1 2 1 1 2 1 2 1 1 1 1 2 0 2 1 1 1 1 2 1 0 2 1 2 1 1 2 1 1 0 1 2 2 1 2 1 1 2 0 2 0 0 1 0 1 1 2
geno chr6.32240875 fin  1 1 1 2 1 0 1 1 1 2 2 0 1 1 0 1 0 0 2 0 0 2 0 0 1 0 0 1 1 1 0 2 0 2 1 2 2 2 2 1 0 1 1 2 2 1 1 2 2 0 1 1 1 2 1 2 1 1 0 1 1 0 1 2 1 2 1 1 1 0 1 2 2 1 2 2 1 2 1 1 1 2 2 1 2 1 0 1 2
geno chr6.32240875 gbr  0 1 0 1 2 2 0 1 2 0 2 1 0 0 1 1 0 0 0 1 1 1 0 1 1 2 1 2 1 1 1 1 0 2 0 1 2 2 1 0 1 2 1 1 1 2 2 1 1 1 0 1 2 0 2 1 1 1 1 2 2 2 1 2 1 2 0 0 2 0 2 0 1 2 1 1 2 2 0 2 1 2 0 2
geno chr6.32240875 tsi  2 1 1 1 0 1 0 2 1 1 1 0 1 2 1 2 0 2 1 0 1 1 1 2 2 1 1 0 0 1 1 0 2 0 0 0 2 1 2 0 1 1 0 2 1 0 2 1 2 1 1 2 1 2 2 1 2 2 0 1 0 0 1 1 1 1 2 2 1 1 1 1 1 2 1 1 1 1 1 1 1 2 2 1 1 1 2 2 2 2 2 2
geno chr6.32240875 yri  0 0 0 0 0 0 0 0 1 1 0 0 0 1 0 0 0 0 0 0 0 0 1 0 0 0 0 0 0 0 0 0 0 1 0 0 1 2 1 0 0 0 1 1 1 0 0 1 0 0 1 1 0 0 0 0 0 0 0 0 0 0 0 1 1 1 0 0 1 0 0 0 0 1 0 0 0
geno chr6.32241203 ceu  2 0 0 0 0 0 0 2 0 1 1 1 0 0 1 0 1 0 1 0 0 1 0 0 0 0 1 0 0 1 1 1 0 1 1 0 1 0 0 1 1 1 0 0 0 1 1 1 0 0 0 0 0 1 0 0 1 0 0 1 1 1 0 0 0 0 0 1 0 1 0 2 1 1 0 1 0 0
geno chr6.32241203 fin  0 1 1 0 1 1 0 0 0 0 0 1 0 1 2 1 2 0 0 1 2 0 2 0 0 1 1 1 1 0 2 0 2 0 0 0 0 0 0 0 2 1 0 0 0 1 1 0 0 2 0 0 1 0 0 0 1 1 1 0 1 0 1 0 1 0 0 0 0 2 0 0 0 0 0 0 0 0 1 1 1 0 0 1 0 1 0 1 0
geno chr6.32241203 gbr  0 1 2 0 0 0 0 1 0 1 0 1 1 1 0 1 0 1 1 0 1 1 0 0 1 0 0 0 0 1 0 0 0 0 2 1 0 0 0 1 1 0 0 1 0 0 0 1 1 0 1 1 0 0 0 0 0 0 0 0 0 0 0 0 0 0 1 1 0 2 0 0 1 0 1 1 0 0 1 0 0 0 2 0
geno chr6.32241203 tsi  0 0 0 1 2 1 1 0 1 1 1 0 0 0 0 0 0 0 1 1 0 0 0 0 0 0 1 2 2 1 1 0 0 1 1 1 0 1 0 1 1 1 0 0 0 2 0 1 0 1 1 0 0 0 0 0 0 0 2 0 1 2 0 0 0 1 0 0 0 0 0 0 1 0 1 0 1 0 0 0 0 0 0 1 0 0 0 0 0 0 0 0
geno chr6.32241203 yri  0 0 1 0 0 1 0 2 1 1 1 0 1 0 1 0 1 1 0 0 1 0 0 1 0 1 1 1 0 0 2 2 0 1 1 0 0 0 0 1 0 0 0 0 0 0 1 0 0 1 0 0 1 1 0 0 0 1 2 0 2 0 0 1 0 0 1 0 1 1 0 0 1 0 1 0 1
geno chr6.32241720 ceu  2 0 0 0 0 0 0 2 0 0 1 1 0 0 1 0 1 0 1 1 0 1 0 0 0 0 1 0 0 1 1 1 0 1 1 0 1 0 0 1 1 1 0 0 0 1 1 1 0 0 0 0 0 1 0 0 1 0 0 1 1 1 0 0 0 0 0 1 0 1 0 2 1 1 0 1 0 0
geno chr6.32241720 fin  1 1 1 0 1 1 0 0 0 0 0 1 0 1 2 1 2 0 0 1 2 0 2 0 1 1 2 1 1 0 2 0 2 0 0 0 0 0 0 0 2 1 0 0 0 1 1 0 0 2 0 0 1 0 0 0 1 1 1 1 1 0 1 0 1 0 0 0 0 2 0 0 0 0 0 0 0 0 1 1 1 0 1 1 0 1 0 1 0
geno chr6.32241720 gbr  0 1 2 0 1 0 0 1 0 1 0 1 1 1 1 1 0 1 1 0 1 1 0 0 1 0 0 0 0 1 0 0 0 0 2 1 0 0 0 1 1 0 0 1 0 0 0 1 1 0 1 1 0 0 0 0 0 0 1 0 0 0 0 0 1 0 2 1 0 2 0 0 1 0 1 1 0 0 1 0 0 0 2 0
geno chr6.32241720 tsi  0 0 1 1 2 1 1 0 1 1 1 0 0 0 0 0 0 0 1 1 0 0 0 0 0 1 1 2 2 1 1 0 0 1 1 1 0 1 0 1 1 1 0 0 0 2 0 1 0 1 1 0 0 0 0 0 0 0 2 0 1 2 0 0 0 1 0 0 0 0 0 1 1 0 1 0 1 0 0 0 0 0 0 1 0 0 0 0 0 0 0 0
geno chr6.32241720 yri  0 0 2 2 0 1 0 2 1 1 1 0 1 0 1 0 1 1 1 1 1 1 0 2 0 1 1 2 2 0 2 2 2 1 1 0 0 0 0 1 1 0 0 1 0 0 1 0 0 1 0 0 0 1 0 0 1 1 1 0 2 0 0 1 1 0 1 0 1 1 1 1 1 0 1 1 1
geno chr6.32242492 ceu  2 0 0 0 0 0 0 2 0 1 1 1 0 0 1 0 1 0 1 0 0 1 0 0 0 0 1 0 0 1 1 1 0 1 1 0 1 0 0 1 1 1 0 0 0 1 1 1 0 0 0 0 0 1 0 0 1 0 0 1 1 1 0 0 0 0 0 1 0 1 0 2 1 1 0 1 0 0
geno chr6.32242492 fin  1 1 1 0 1 1 0 0 0 0 0 1 0 1 2 1 2 0 0 1 2 0 2 0 1 1 2 1 1 0 2 0 2 0 0 0 0 0 0 0 2 1 0 0 0 1 1 0 0 2 0 0 1 0 0 0 1 1 1 1 1 0 1 0 1 0 0 0 0 2 0 0 0 0 0 0 0 0 1 1 1 0 0 1 0 1 0 1 0
geno chr6.32242492 gbr  0 1 2 0 0 0 0 1 0 1 0 1 1 1 1 1 0 1 1 0 1 1 0 0 1 0 0 0 0 1 0 0 0 0 2 1 0 0 0 1 1 0 0 1 0 0 0 1 1 0 1 1 0 0 0 0 0 0 0 0 0 0 0 0 1 0 2 1 0 2 0 0 1 0 1 1 0 0 1 0 0 0 2 0
geno chr6.32242492 tsi  0 0 0 1 2 1 1 0 1 1 1 0 0 0 0 0 0 0 1 1 0 0 0 0 0 1 1 2 2 1 1 0 0 1 1 1 0 1 0 1 1 1 0 0 0 2 0 1 0 1 1 0 0 0 0 0 0 0 2 0 1 2 0 0 0 1 0 0 0 0 0 1 1 0 1 0 1 0 0 0 0 0 0 1 0 0 0 0 0 0 0 0
geno chr6.32242492 yri  0 0 2 2 0 1 0 2 1 1 1 0 1 0 1 0 1 1 1 1 1 1 0 2 0 1 1 2 2 0 2 2 2 1 1 0 0 0 0 1 0 0 0 1 0 0 1 0 0 1 0 0 1 1 0 0 1 1 2 0 2 0 0 1 1 0 1 0 1 1 1 1 1 0 1 1 1
geno chr6.32242676 ceu  2 0 0 0 0 0 0 2 1 1 1 1 0 0 1 0 1 0 2 1 0 1 1 0 0 0 1 0 0 1 2 1 0 1 1 0 1 0 0 1 1 1 0 0 0 1 1 1 1 0 1 0 0 1 0 1 1 0 0 1 1 1 0 0 0 0 0 1 0 1 0 2 1 1 0 1 0 0
geno chr6.32242676 fin  0 1 1 0 1 1 0 1 1 0 0 2 0 1 2 1 2 0 0 1 2 0 2 0 0 1 1 1 1 0 2 0 2 0 0 0 0 0 0 0 2 1 0 0 0 1 1 0 0 2 1 0 1 0 0 0 1 1 1 0 1 0 1 0 1 0 0 0 0 2 0 0 0 0 0 0 0 0 1 1 1 0 0 1 0 1 0 1 0
geno chr6.32242676 gbr  0 1 2 0 0 0 0 1 0 1 0 1 1 1 0 1 0 2 1 0 1 1 1 0 1 0 0 0 1 1 0 0 0 0 2 1 0 0 0 1 1 0 0 1 1 0 0 1 1 0 1 1 0 1 0 0 0 0 0 0 0 0 0 0 0 0 1 1 0 2 0 0 1 0 1 1 0 0 2 0 0 0 2 0
geno chr6.32242676 tsi  0 1 1 1 2 1 1 0 1 1 1 1 1 0 0 0 2 0 1 2 0 0 1 0 0 0 1 2 2 1 1 1 0 1 1 2 0 1 0 1 1 1 1 0 1 2 0 1 0 1 1 0 1 0 0 0 0 0 2 0 1 2 1 1 0 1 0 0 0 0 0 0 1 0 1 0 1 1 0 0 0 0 0 1 0 0 0 0 0 0 0 0
geno chr6.32242676 yri  0 0 1 0 1 1 1 2 1 1 1 1 1 0 2 0 1 2 0 0 1 1 1 1 1 1 1 1 0 0 2 2 0 1 1 1 1 0 0 2 1 0 1 0 0 1 1 0 0 2 1 0 1 2 1 1 0 2 2 2 2 2 0 1 0 1 2 0 1 2 0 0 1 0 1 0 1
geno chr6.32242761 ceu  2 0 0 0 0 0 0 2 0 1 1 1 0 0 1 0 1 0 1 0 0 1 0 0 0 0 1 0 0 1 1 1 0 1 1 0 1 0 0 1 1 1 0 0 0 1 1 1 0 0 0 0 0 1 0 0 1 0 0 1 1 1 0 0 0 0 0 1 0 1 0 2 1 1 0 1 0 0
geno chr6.32242761 fin  1 1 1 0 1 1 0 0 0 0 0 1 0 1 2 1 2 0 0 1 2 0 2 0 1 1 2 1 1 0 2 0 2 0 0 0 0 0 0 0 2 1 0 0 0 1 1 0 0 2 0 0 1 0 0 0 1 1 1 1 1 0 1 0 1 0 0 0 0 2 0 0 0 0 0 0 0 0 1 1 1 0 0 1 0 1 0 1 0
geno chr6.32242761 gbr  0 1 2 0 0 0 0 1 0 1 0 1 1 1 1 1 0 1 1 0 1 1 0 0 1 0 0 0 0 1 0 0 0 0 2 1 0 0 0 1 1 0 0 1 0 0 0 1 1 0 1 1 0 0 0 0 0 0 0 0 0 0 0 0 1 0 2 1 0 2 0 0 1 0 1 1 0 0 1 0 0 0 2 0
geno chr6.32242761 tsi  0 0 0 1 2 1 1 0 1 1 1 0 0 0 0 0 0 0 1 1 0 0 0 0 0 1 1 2 2 1 1 0 0 1 1 1 0 1 0 1 1 1 0 0 0 2 0 1 0 1 1 0 0 0 0 0 0 0 2 0 1 2 0 0 0 1 0 0 0 0 0 1 1 0 1 0 1 0 0 0 0 0 0 1 0 0 0 0 0 0 0 0
geno chr6.32242761 yri  0 0 2 2 0 1 0 2 1 1 1 0 1 0 1 0 1 1 1 1 1 1 0 2 0 1 1 2 2 0 2 2 2 1 1 0 0 0 0 1 0 0 0 1 0 0 1 0 0 1 0 0 1 1 0 0 1 1 2 0 2 0 0 1 1 0 1 0 1 1 1 1 1 0 1 1 1
geno chr6.32242838 ceu  2 0 0 0 0 0 0 2 0 1 1 1 0 0 1 0 1 0 1 0 0 1 0 0 0 0 1 0 0 1 1 1 0 1 1 0 1 0 0 1 1 1 0 0 0 1 1 1 0 0 0 0 0 1 0 0 1 0 0 1 1 1 0 0 0 0 0 1 0 1 0 2 1 1 0 1 0 0
geno chr6.32242838 fin  0 1 1 0 1 1 0 1 0 0 0 1 0 1 2 1 2 0 0 1 2 0 2 0 0 1 1 1 1 0 2 0 2 0 0 0 0 0 0 0 2 1 0 0 0 1 1 0 0 2 0 0 1 0 0 0 1 1 1 0 1 0 1 0 1 0 0 0 0 2 0 0 0 0 0 0 0 0 1 1 1 0 0 1 0 1 0 1 0
geno chr6.32242838 gbr  0 1 2 0 0 0 0 1 0 1 0 1 1 1 0 1 0 1 1 0 1 1 0 0 1 0 0 0 0 1 0 0 0 0 2 1 0 0 0 1 1 0 0 1 0 0 0 1 1 0 1 1 0 0 0 0 0 0 0 0 0 0 0 0 0 0 1 1 0 2 0 0 1 0 1 1 0 0 1 0 0 0 2 0
geno chr6.32242838 tsi  0 0 0 1 2 1 1 0 1 1 1 0 0 0 0 0 0 0 1 1 0 0 0 0 0 0 1 2 2 1 1 0 0 1 1 1 0 1 0 1 1 1 0 0 0 2 0 1 0 1 1 0 0 0 0 0 0 0 2 0 1 2 0 0 0 1 0 0 0 0 0 0 1 0 1 0 1 0 0 0 0 0 0 1 0 0 0 0 0 0 0 0
geno chr6.32242838 yri  0 0 1 0 0 1 0 2 1 1 1 0 1 0 1 0 1 1 0 0 1 0 0 1 0 1 1 1 0 0 2 2 0 1 1 0 1 0 0 1 0 0 0 0 0 0 1 0 0 1 0 0 1 2 1 0 0 1 2 0 2 0 0 1 0 0 2 0 1 1 0 0 1 0 1 0 1
geno chr6.32242894 ceu  0 2 0 1 0 0 0 0 0 1 1 0 0 1 0 0 0 0 0 0 0 0 0 1 0 0 0 0 1 0 0 0 1 0 0 0 0 0 1 0 1 0 0 0 1 0 0 0 0 0 0 0 2 1 0 1 1 2 0 0 0 0 1 1 0 0 0 0 0 0 0 0 0 0 0 0 0 1
geno chr6.32242894 fin  0 0 1 0 0 0 1 1 1 1 1 0 0 1 0 1 0 0 2 0 0 1 0 0 1 0 0 1 1 0 0 0 0 1 0 2 1 1 0 1 0 0 0 1 1 0 1 0 1 0 0 1 0 0 1 0 1 0 0 1 1 0 1 0 0 1 0 0 1 0 0 2 1 1 1 1 0 0 0 0 0 1 0 0 1 0 0 0 2
geno chr6.32242894 gbr  0 0 0 0 2 1 0 0 0 0 0 0 0 0 1 0 0 0 0 0 1 1 0 0 1 0 1 2 0 0 0 0 0 0 0 1 2 1 0 0 1 0 1 0 1 0 1 1 0 0 0 0 0 0 0 0 0 1 0 1 0 0 1 0 0 1 0 0 0 0 1 0 1 1 0 0 0 0 0 0 1 0 0 0
geno chr6.32242894 tsi  0 1 0 0 0 0 0 1 0 0 1 0 0 1 1 0 0 1 1 0 0 1 0 1 0 0 0 0 0 0 0 0 0 0 0 0 0 0 0 0 0 0 0 1 0 0 1 0 1 0 1 1 0 1 1 1 0 0 0 0 0 0 0 0 1 0 0 0 0 0 0 0 0 1 1 1 0 0 0 0 0 1 0 0 1 0 1 1 0 1 0 1
geno chr6.32242894 yri  0 0 0 0 0 0 0 0 0 0 0 0 0 1 0 0 0 0 0 0 0 0 1 0 0 0 0 0 0 0 0 0 0 0 0 0 1 0 0 0 0 0 1 1 1 0 0 1 0 0 1 0 0 0 0 0 0 0 0 0 0 0 0 0 1 0 0 0 1 0 0 0 0 1 0 0 0
geno chr6.32242959 ceu  0 0 0 0 0 0 0 0 0 0 0 0 0 0 0 0 0 0 0 0 0 0 0 0 0 0 0 0 0 0 0 0 0 0 0 0 0 0 0 0 0 0 0 0 0 0 0 0 0 0 0 0 0 0 0 0 0 0 0 0 0 0 0 0 0 0 0 0 0 0 0 0 0 0 0 0 0 0
geno chr6.32242959 fin  1 0 0 0 0 0 0 0 0 0 0 0 0 0 0 0 0 0 0 0 0 0 0 0 1 0 1 0 0 0 0 0 0 0 0 0 0 0 0 0 0 0 0 0 0 0 0 0 0 0 0 0 0 0 0 0 0 0 0 1 0 0 0 0 0 0 0 0 0 0 0 0 0 0 0 0 0 0 0 0 0 0 0 0 0 0 0 0 0
geno chr6.32242959 gbr  0 0 0 0 0 0 0 0 0 0 0 0 0 0 1 0 0 0 0 0 0 0 0 0 0 0 0 0 0 0 0 0 0 0 0 0 0 0 0 0 0 0 0 0 0 0 0 0 0 0 0 0 0 0 0 0 0 0 0 0 0 0 0 0 1 0 1 0 0 0 0 0 0 0 0 0 0 0 0 0 0 0 0 0
geno chr6.32242959 tsi  0 0 0 0 0 0 0 0 0 0 0 0 0 0 0 0 0 0 0 0 0 0 0 0 0 1 0 0 0 0 0 0 0 0 0 0 0 0 0 0 0 0 0 0 0 0 0 0 0 0 0 0 0 0 0 0 0 0 0 0 0 0 0 0 0 0 0 0 0 0 0 1 0 0 0 0 0 0 0 0 0 0 0 0 0 0 0 0 0 0 0 0
geno chr6.32242959 yri  0 0 1 2 0 0 0 0 0 0 0 0 0 0 0 0 0 0 1 1 0 1 0 1 0 0 0 1 2 0 0 0 2 0 0 0 0 0 0 0 0 0 0 1 0 0 0 0 0 0 0 0 0 0 0 0 1 0 0 0 0 0 0 0 1 0 0 0 0 0 1 1 0 0 0 1 0
geno chr6.32243088 ceu  0 0 0 0 0 0 0 0 1 0 0 0 0 0 0 0 0 0 1 1 0 0 1 0 0 0 0 0 0 0 1 0 0 0 0 0 0 0 0 0 0 0 0 0 0 0 0 0 1 0 1 0 0 0 0 1 0 0 0 0 0 0 0 0 0 0 0 0 0 0 0 0 0 0 0 0 0 0
geno chr6.32243088 fin  0 0 0 0 0 0 0 1 1 0 0 1 0 0 0 0 0 0 0 0 0 0 0 0 0 0 0 0 0 0 0 0 0 0 0 0 0 0 0 0 0 0 0 0 0 0 0 0 0 0 1 0 0 0 0 0 0 0 0 0 0 0 0 0 0 0 0 0 0 0 0 0 0 0 0 0 0 0 0 0 0 0 0 0 0 0 0 0 0
geno chr6.32243088 gbr  0 0 0 0 0 0 0 0 0 0 0 0 0 0 0 0 0 1 0 0 0 0 1 0 0 0 0 0 1 0 0 0 0 0 0 0 0 0 0 0 0 0 0 0 1 0 0 0 0 0 0 0 0 1 0 0 0 0 0 0 0 0 0 0 0 0 0 0 0 0 0 0 0 0 0 0 0 0 1 0 0 0 0 0
geno chr6.32243088 tsi  0 1 1 0 0 0 0 0 0 0 0 1 1 0 0 0 2 0 0 1 0 0 1 0 0 0 0 0 0 0 0 1 0 0 0 1 0 0 0 0 0 0 1 0 1 0 0 0 0 0 0 0 1 0 0 0 0 0 0 0 0 0 1 1 0 0 0 0 0 0 0 0 0 0 0 0 0 1 0 0 0 0 0 0 0 0 0 0 0 0 0 0
geno chr6.32243088 yri  0 0 0 0 1 0 1 0 0 0 0 1 0 0 1 0 0 1 0 0 0 1 1 0 1 0 0 0 0 0 0 0 0 0 0 1 1 0 0 1 1 0 1 0 0 1 0 0 0 1 1 0 0 1 1 1 0 1 0 2 0 2 0 0 0 1 1 0 0 1 0 0 0 0 0 0 0
geno chr6.32243107 ceu  0 0 0 0 0 0 0 0 1 0 0 0 0 0 0 0 0 0 1 1 0 0 1 0 0 0 0 0 0 0 1 0 0 0 0 0 0 0 0 0 0 0 0 0 0 0 0 0 1 0 1 0 0 0 0 1 0 0 0 0 0 0 0 0 0 0 0 0 0 0 0 0 0 0 0 0 0 0
geno chr6.32243107 fin  0 0 0 0 0 0 0 1 1 0 0 1 0 0 0 0 0 0 0 0 0 0 0 0 0 0 0 0 0 0 0 0 0 0 0 0 0 0 0 0 0 0 0 0 0 0 0 0 0 0 1 0 0 0 0 0 0 0 0 0 0 0 0 0 0 0 0 0 0 0 0 0 0 0 0 0 0 0 0 0 0 0 0 0 0 0 0 0 0
geno chr6.32243107 gbr  0 0 0 0 0 0 0 0 0 0 0 0 0 0 0 0 0 1 0 0 0 0 1 0 0 0 0 0 1 0 0 0 0 0 0 0 0 0 0 0 0 0 0 0 1 0 0 0 0 0 0 0 0 1 0 0 0 0 0 0 0 0 0 0 0 0 0 0 0 0 0 0 0 0 0 0 0 0 1 0 0 0 0 0
geno chr6.32243107 tsi  0 1 1 0 0 0 0 0 0 0 0 1 1 0 0 0 2 0 0 1 0 0 1 0 0 0 0 0 0 0 0 1 0 0 0 1 0 0 0 0 0 0 1 0 1 0 0 0 0 0 0 0 1 0 0 0 0 0 0 0 0 0 1 1 0 0 0 0 0 0 0 0 0 0 0 0 0 1 0 0 0 0 0 0 0 0 0 0 0 0 0 0
geno chr6.32243107 yri  0 0 0 0 1 0 1 0 0 0 0 1 0 0 1 0 0 1 0 0 0 1 1 0 1 0 0 0 0 0 0 0 0 0 0 1 1 0 0 1 1 0 1 0 0 1 0 0 0 1 1 0 0 1 1 1 0 1 0 2 0 2 0 0 0 1 1 0 0 1 0 0 0 0 0 0 0
geno chr6.32243110 ceu  2 0 0 0 0 0 0 2 0 1 1 1 0 0 1 0 1 0 1 0 0 1 0 0 0 0 1 0 0 1 1 1 0 1 1 0 1 0 0 1 1 1 0 0 0 1 1 1 0 0 0 0 0 1 0 0 1 0 0 1 1 1 0 0 0 0 0 1 0 1 0 2 1 1 0 1 0 0
geno chr6.32243110 fin  1 1 1 0 1 1 0 0 0 0 0 1 0 1 2 1 2 0 0 1 2 0 2 0 1 1 2 1 1 0 2 0 2 0 0 0 0 0 0 0 2 1 0 0 0 1 1 0 0 2 0 0 1 0 0 0 1 1 1 1 1 0 1 0 1 0 0 0 0 2 0 0 0 0 0 0 0 0 1 1 1 0 0 1 0 1 0 1 0
geno chr6.32243110 gbr  0 1 2 0 0 0 0 1 0 1 0 1 1 1 1 1 0 1 1 0 1 1 0 0 1 0 0 0 0 1 0 0 0 0 2 1 0 0 0 1 1 0 0 1 0 0 0 1 1 0 1 1 0 0 0 0 0 0 0 0 0 0 0 0 1 0 2 1 0 2 0 0 1 0 1 1 0 0 1 0 0 0 2 0
geno chr6.32243110 tsi  0 0 0 1 2 1 1 0 1 1 1 0 0 0 0 0 0 0 1 1 0 0 0 0 0 1 1 2 2 1 1 0 0 1 1 1 0 1 0 1 1 1 0 0 0 2 0 1 0 1 1 0 0 0 0 0 0 0 2 0 1 2 0 0 0 1 0 0 0 0 0 1 1 0 1 0 1 0 0 0 0 0 0 1 0 0 0 0 0 0 0 0
geno chr6.32243110 yri  0 0 2 2 0 1 0 2 1 1 1 0 1 0 1 0 1 1 1 1 1 1 0 2 0 1 1 2 2 0 2 2 2 1 1 0 0 0 0 1 0 0 0 1 0 0 1 0 0 1 0 0 1 1 0 0 1 1 2 0 2 0 0 1 1 0 1 0 1 1 1 1 1 0 1 1 1
geno chr6.32243129 ceu  2 0 0 0 0 0 0 2 0 1 1 1 0 0 1 0 1 0 1 0 0 1 0 0 0 0 1 0 0 1 1 1 0 1 1 0 1 0 0 1 1 1 0 0 0 1 1 1 0 0 0 0 0 1 0 0 1 0 0 1 1 1 0 0 0 0 0 1 0 1 0 2 1 1 0 1 0 0
geno chr6.32243129 fin  0 1 1 0 1 1 0 0 0 0 0 1 0 1 2 1 2 0 0 1 2 0 2 0 0 1 1 1 1 0 2 0 2 0 0 0 0 0 0 0 2 1 0 0 0 1 1 0 0 2 0 0 1 0 0 0 1 1 1 0 1 0 1 0 1 0 0 0 0 2 0 0 0 0 0 0 0 0 1 1 1 0 0 1 0 1 0 1 0
geno chr6.32243129 gbr  0 1 2 0 0 0 0 1 0 1 0 1 1 1 0 1 0 1 1 0 1 1 0 0 1 0 0 0 0 1 0 0 0 0 2 1 0 0 0 1 1 0 0 1 0 0 0 1 1 0 1 1 0 0 0 0 0 0 0 0 0 0 0 0 0 0 1 1 0 2 0 0 1 0 1 1 0 0 1 0 0 0 2 0
geno chr6.32243129 tsi  0 0 0 1 2 1 1 0 1 1 1 0 0 0 0 0 0 0 1 1 0 0 0 0 0 0 1 2 2 1 1 0 0 1 1 1 0 1 0 1 1 1 0 0 0 2 0 1 0 1 1 0 0 0 0 0 0 0 2 0 1 2 0 0 0 1 0 0 0 0 0 0 1 0 1 0 1 0 0 0 0 0 0 1 0 0 0 0 0 0 0 0
geno chr6.32243129 yri  0 0 1 0 0 1 0 2 1 1 1 0 1 0 1 0 1 1 0 0 1 0 0 1 0 1 1 1 0 0 2 2 0 1 1 0 0 0 0 1 0 0 0 0 0 0 1 0 0 1 0 0 1 1 0 0 0 1 2 0 2 0 0 1 0 0 1 0 1 1 0 0 1 0 1 0 1
geno chr6.32243155 ceu  2 0 0 0 0 0 0 2 0 1 1 1 0 0 1 0 1 0 1 0 0 1 0 0 0 0 1 0 0 1 1 1 0 1 1 0 1 0 0 1 1 1 0 0 0 1 1 1 0 0 0 0 0 1 0 0 1 0 0 1 1 1 0 0 0 0 0 1 0 1 0 2 1 1 0 1 0 0
geno chr6.32243155 fin  0 1 1 0 1 1 0 0 0 0 0 1 0 1 2 1 2 0 0 1 2 0 2 0 0 1 1 1 1 0 2 0 2 0 0 0 0 0 0 0 2 1 0 0 0 1 1 0 0 2 0 0 1 0 0 0 1 1 1 0 1 0 1 0 1 0 0 0 0 2 0 0 0 0 0 0 0 0 1 1 1 0 0 1 0 1 0 1 0
geno chr6.32243155 gbr  0 1 2 0 0 0 0 1 0 1 0 1 1 1 0 1 0 1 1 0 1 1 0 0 1 0 0 0 0 1 0 0 0 0 2 1 0 0 0 1 1 0 0 1 0 0 0 1 1 0 1 1 0 0 0 0 0 0 0 0 0 0 0 0 0 0 1 1 0 2 0 0 1 0 1 1 0 0 1 0 0 0 2 0
geno chr6.32243155 tsi  0 0 0 1 2 1 1 0 1 1 1 0 0 0 0 0 0 0 1 1 0 0 0 0 0 0 1 2 2 1 1 0 0 1 1 1 0 1 0 1 1 1 0 0 0 2 0 1 0 1 1 0 0 0 0 0 0 0 2 0 1 2 0 0 0 1 0 0 0 0 0 0 1 0 1 0 1 0 0 0 0 0 0 1 0 0 0 0 0 0 0 0
geno chr6.32243155 yri  0 0 1 0 0 1 0 2 1 1 1 0 1 0 1 0 1 1 0 0 1 0 0 1 0 1 1 1 0 0 2 2 0 1 1 0 0 0 0 1 0 0 0 0 0 0 1 0 0 1 0 0 1 1 0 0 0 1 2 0 2 0 0 1 0 0 1 0 1 1 0 0 1 0 1 0 1
geno chr6.32244080 ceu  1 0 0 0 1 0 0 2 1 1 0 1 0 0 1 0 0 1 2 1 0 1 1 0 0 0 1 0 0 1 1 1 0 1 1 0 0 0 0 1 1 1 0 1 0 1 1 1 1 0 1 0 0 1 0 1 0 0 0 1 1 0 0 0 0 0 0 0 0 0 0 1 1 1 0 0 0 0
geno chr6.32244080 fin  1 0 0 0 0 1 0 1 1 0 0 1 0 1 2 0 2 0 0 0 2 1 1 0 1 1 1 1 0 0 2 0 1 0 0 0 0 0 0 0 0 0 0 0 0 1 1 0 0 2 1 0 0 0 0 0 1 0 1 1 0 0 1 0 1 0 0 0 0 1 0 0 0 0 0 0 0 0 0 0 0 0 0 1 0 0 0 0 0
geno chr6.32244080 gbr  0 1 2 0 0 0 0 1 0 1 0 1 0 1 1 1 0 2 1 0 1 1 1 0 0 0 1 0 1 1 0 0 0 0 2 1 0 0 0 1 1 0 0 0 1 0 0 1 1 0 0 0 0 1 0 0 0 0 0 0 0 0 0 0 1 0 1 1 0 1 0 0 0 0 1 0 0 0 2 0 0 0 2 0
geno chr6.32244080 tsi  0 1 1 1 2 1 1 0 0 1 1 1 1 0 0 0 2 0 1 1 0 0 1 0 0 1 0 0 1 1 2 1 0 1 1 2 0 1 0 1 1 1 2 0 1 0 0 1 0 1 0 0 1 0 0 0 0 0 1 0 0 1 1 1 1 0 0 0 0 1 0 1 1 0 1 0 2 2 0 0 0 0 0 1 0 0 0 0 0 0 0 0
geno chr6.32244080 yri  0 0 2 2 1 1 1 2 1 1 1 1 1 0 2 0 1 2 1 2 1 1 1 2 2 1 1 2 2 0 0 2 2 1 1 1 1 0 0 2 1 0 1 1 0 1 1 0 0 2 1 0 0 2 1 1 1 2 1 2 2 2 0 1 1 1 2 0 0 2 1 2 1 0 2 1 1
geno chr6.32244129 ceu  0 0 0 0 0 0 0 0 0 0 0 0 0 0 0 0 0 0 0 0 0 0 0 0 1 0 0 0 0 0 0 0 0 0 0 0 0 0 0 0 0 0 0 0 0 0 1 0 0 0 0 0 0 0 0 0 0 0 0 0 0 0 0 0 0 0 0 0 1 0 0 0 0 0 0 0 0 0
geno chr6.32244129 fin  0 0 0 0 0 0 0 0 0 0 0 0 0 0 0 0 0 0 0 0 0 0 0 0 0 0 0 0 0 0 0 0 0 0 0 0 0 0 0 0 0 0 0 0 0 0 0 1 0 0 0 0 0 0 0 0 0 0 0 0 0 0 0 0 0 0 0 0 0 0 0 0 0 0 1 1 0 0 0 0 0 0 0 0 0 0 0 0 1
geno chr6.32244129 gbr  0 0 0 0 1 0 0 0 0 0 0 0 0 0 1 0 0 0 0 0 0 0 0 0 0 0 1 0 1 0 0 1 0 0 0 0 0 0 0 0 0 0 0 0 0 0 0 0 0 0 0 0 1 0 0 0 0 0 0 0 0 0 0 0 1 0 1 0 0 0 0 0 0 0 0 0 1 0 0 0 0 0 0 0
geno chr6.32244129 tsi  0 0 0 0 0 0 0 1 0 0 0 0 0 0 0 0 0 0 0 0 0 0 0 0 0 0 0 0 0 0 0 0 0 0 1 0 0 0 0 0 0 0 0 0 0 0 0 0 0 0 0 1 0 0 1 0 0 0 0 0 0 0 0 0 0 0 0 0 0 0 0 1 0 0 0 0 0 0 0 0 0 0 0 0 0 0 0 0 0 0 0 0
geno chr6.32244129 yri  0 0 1 2 0 0 0 0 1 0 0 0 0 0 0 0 0 1 1 1 0 1 0 1 0 0 0 2 2 0 0 0 2 0 0 1 0 0 0 0 0 0 0 1 0 0 0 0 0 1 0 0 0 0 0 0 1 0 0 0 0 0 0 0 1 0 0 0 0 0 1 1 0 0 0 1 0
geno chr6.32244183 ceu  1 0 0 0 0 0 0 1 0 0 0 1 0 0 0 0 0 0 0 0 0 0 0 0 0 0 0 0 0 1 1 0 0 0 0 0 0 0 0 0 1 1 0 0 0 0 1 1 0 0 0 0 0 1 0 0 0 0 0 0 0 0 0 0 0 0 0 1 0 0 0 0 0 0 0 0 0 0
geno chr6.32244183 fin  0 0 0 0 0 0 0 0 0 0 0 0 0 1 1 0 2 0 0 0 1 0 1 0 0 1 0 0 0 0 1 0 0 0 0 0 0 0 0 0 0 0 0 0 0 1 0 0 0 2 0 0 0 0 0 0 1 0 1 0 0 0 0 0 0 0 0 0 0 0 0 0 0 0 0 0 0 0 0 0 1 0 0 1 0 0 0 0 0
geno chr6.32244183 gbr  0 0 1 0 0 0 0 0 0 0 0 1 0 0 0 0 0 0 0 0 1 1 0 0 0 0 0 0 0 1 0 0 0 0 1 1 0 0 0 1 0 0 0 0 0 0 0 1 1 0 0 0 0 0 0 0 0 0 0 0 0 0 0 0 0 0 0 1 0 0 0 0 0 0 0 0 0 0 1 0 0 0 0 0
geno chr6.32244183 tsi  0 0 0 1 1 1 1 0 0 1 1 0 0 0 0 0 0 0 0 0 0 0 0 0 0 0 0 0 0 0 1 0 0 0 0 0 0 1 0 1 0 0 0 0 0 1 0 0 0 1 0 0 0 0 0 0 0 0 0 0 0 0 0 0 0 0 0 0 0 0 0 0 0 0 0 0 1 0 0 0 0 0 0 1 0 0 0 0 0 0 0 0
geno chr6.32244183 yri  0 0 0 0 0 0 0 1 1 0 1 0 1 0 1 0 1 1 0 0 0 0 0 1 0 1 0 1 0 0 0 1 0 1 1 0 0 0 0 0 0 0 0 0 0 0 0 0 0 0 0 0 1 0 0 0 0 1 1 0 2 0 0 0 0 0 0 0 1 0 0 0 1 0 1 0 0
geno chr6.32244627 ceu  2 0 0 0 0 0 0 2 0 1 1 1 0 0 1 0 1 0 1 1 0 1 0 0 0 0 1 0 0 1 1 1 0 1 1 0 1 0 0 1 1 1 0 0 0 1 1 1 0 0 0 0 0 1 0 0 1 0 0 1 1 1 0 0 0 0 0 1 0 1 0 2 1 1 0 1 0 0
geno chr6.32244627 fin  1 1 1 0 1 1 0 0 0 0 0 1 0 1 2 1 2 0 0 1 2 0 2 0 1 1 2 1 1 0 2 0 2 0 0 0 0 0 0 0 2 1 0 0 0 1 1 0 0 2 0 0 1 0 0 0 1 1 1 1 1 0 1 0 1 0 0 0 0 2 0 0 0 0 0 0 0 0 1 1 1 0 0 1 0 1 0 1 0
geno chr6.32244627 gbr  0 1 2 0 0 0 0 1 0 1 0 1 1 1 1 1 0 1 1 0 1 1 0 0 1 0 0 0 0 1 0 0 0 0 2 1 0 0 0 1 1 0 0 1 0 0 0 1 1 0 1 1 0 0 0 0 0 0 0 0 0 0 0 0 1 0 2 1 0 2 0 0 1 0 1 1 0 0 1 0 0 0 2 0
geno chr6.32244627 tsi  0 0 1 1 2 1 1 0 1 1 1 0 0 0 0 0 0 0 1 1 0 0 0 0 0 1 1 2 2 1 1 0 0 1 1 1 0 1 0 1 1 1 0 0 0 2 0 1 0 1 1 0 0 0 0 0 0 0 2 0 1 2 0 0 0 1 0 0 0 0 0 1 1 0 1 0 1 0 0 0 0 0 0 1 0 0 0 0 0 0 0 0
geno chr6.32244627 yri  0 0 2 2 0 1 0 2 1 1 1 0 1 0 1 0 1 1 1 1 1 1 0 2 0 1 1 2 2 0 2 2 2 1 1 0 0 0 0 1 0 0 0 1 0 0 1 0 0 1 0 0 1 1 0 0 1 1 2 0 2 0 0 1 1 0 1 0 1 1 1 1 1 0 1 1 1
geno chr6.32245370 ceu  2 2 2 2 1 1 1 2 2 2 2 2 2 1 1 2 2 2 2 2 1 1 2 1 2 1 1 1 2 1 2 2 2 2 2 2 2 2 1 2 2 2 2 0 2 2 2 2 2 2 2 0 2 2 2 2 2 2 1 2 1 2 2 2 1 2 1 2 2 1 2 2 1 2 0 2 1 2
geno chr6.32245370 fin  2 2 2 2 2 1 1 2 2 2 2 2 1 2 2 2 2 0 2 1 2 2 2 0 2 1 2 2 2 1 2 2 2 2 1 2 2 2 2 1 2 2 1 2 2 2 2 2 2 2 2 1 2 2 1 2 2 2 1 2 2 0 2 2 2 2 1 1 1 2 1 2 2 1 2 2 1 2 2 2 2 2 2 2 2 2 0 2 2
geno chr6.32245370 gbr  0 2 2 1 2 2 0 2 2 1 2 2 1 1 2 2 0 2 1 1 2 2 1 1 2 2 1 2 2 2 1 1 0 2 2 2 2 2 1 1 2 2 2 2 2 2 2 2 2 1 1 2 2 1 2 1 1 1 1 2 2 2 1 2 2 2 2 1 2 2 2 0 2 2 2 2 2 2 2 2 1 2 2 2
geno chr6.32245370 tsi  2 2 2 2 2 2 1 2 2 2 2 1 2 2 1 2 2 2 2 2 1 1 2 2 2 2 2 2 2 2 2 1 2 1 1 2 2 2 2 1 2 2 1 2 2 2 2 2 2 2 2 2 2 2 2 2 2 2 2 1 1 2 2 2 1 2 2 2 1 1 1 2 2 2 2 1 2 2 1 1 1 2 2 2 1 1 2 2 2 2 2 2
geno chr6.32245370 yri  0 0 2 2 1 1 1 2 2 2 1 1 1 1 2 0 1 2 1 1 1 2 2 2 1 1 1 2 2 0 2 2 2 2 1 1 2 2 1 2 1 0 2 2 1 1 1 1 0 2 2 1 1 2 1 1 1 2 2 2 2 2 0 2 2 2 2 0 2 2 1 1 1 1 1 1 1
geno chr6.32245462 ceu  1 0 0 0 0 0 0 1 0 0 0 1 0 0 0 0 0 0 0 0 0 0 0 0 0 0 0 0 0 0 0 0 0 0 0 0 0 0 0 0 1 1 0 0 0 0 1 1 0 0 0 0 0 1 0 0 0 0 0 0 0 0 0 0 0 0 0 0 0 0 0 0 0 0 0 0 0 0
geno chr6.32245462 fin  0 0 0 0 0 0 0 0 0 0 0 0 0 1 0 0 2 0 0 0 0 0 1 0 0 1 0 0 0 0 1 0 0 0 0 0 0 0 0 0 0 0 0 0 0 1 0 0 0 1 0 0 0 0 0 0 0 0 1 0 0 0 0 0 0 0 0 0 0 0 0 0 0 0 0 0 0 0 0 0 0 0 0 0 0 0 0 0 0
geno chr6.32245462 gbr  0 0 1 0 0 0 0 0 0 0 0 1 0 0 0 0 0 0 0 0 1 1 0 0 0 0 0 0 0 1 0 0 0 0 0 0 0 0 0 1 0 0 0 0 0 0 0 1 1 0 0 0 0 0 0 0 0 0 0 0 0 0 0 0 0 0 0 0 0 0 0 0 0 0 0 0 0 0 1 0 0 0 0 0
geno chr6.32245462 tsi  0 0 0 1 0 1 1 0 0 0 1 0 0 0 0 0 0 0 0 0 0 0 0 0 0 0 0 0 0 0 0 0 0 0 0 0 0 1 0 0 0 0 0 0 0 0 0 0 0 1 0 0 0 0 0 0 0 0 0 0 0 0 0 0 0 0 0 0 0 0 0 0 0 0 0 0 1 0 0 0 0 0 0 1 0 0 0 0 0 0 0 0
geno chr6.32245462 yri  0 0 0 0 0 0 0 0 0 0 0 0 0 0 0 0 0 0 0 0 0 0 0 0 0 0 0 0 0 0 0 0 0 0 0 0 0 0 0 0 0 0 0 0 0 0 0 0 0 0 0 0 0 0 0 0 0 0 0 0 0 0 0 0 0 0 0 0 0 0 0 0 0 0 0 0 0
geno chr6.32245827 ceu  2 0 0 0 0 0 0 2 0 1 1 1 0 0 1 0 1 0 1 0 0 1 0 0 0 0 1 0 0 1 1 1 0 1 1 0 1 0 0 1 1 1 0 0 0 1 1 1 0 0 0 0 0 1 0 0 1 0 0 1 1 1 0 0 0 0 0 1 0 1 0 2 1 1 0 1 0 0
geno chr6.32245827 fin  1 1 1 0 1 1 0 0 0 0 0 1 0 1 2 1 2 0 0 1 2 0 2 0 1 1 2 1 1 0 2 0 2 0 0 0 0 0 0 0 2 1 0 0 0 1 1 0 0 2 0 0 1 0 0 0 1 1 1 1 1 0 1 0 1 0 0 0 0 2 0 0 0 0 0 0 0 0 1 1 1 0 0 1 0 1 0 1 0
geno chr6.32245827 gbr  0 1 2 0 0 0 0 1 0 1 0 1 1 1 1 1 0 1 1 0 1 1 0 0 1 0 0 0 0 1 0 0 0 0 2 1 0 0 0 1 1 0 0 1 0 0 0 1 1 0 1 1 0 0 0 0 0 0 0 0 0 0 0 0 1 0 2 1 0 2 0 0 1 0 1 1 0 0 1 0 0 0 2 0
geno chr6.32245827 tsi  0 0 0 1 2 1 1 0 1 1 1 0 0 0 0 0 0 0 1 1 0 0 0 0 0 1 1 2 2 1 1 0 0 1 1 1 0 1 0 1 1 1 0 0 0 2 0 1 0 1 1 0 0 0 0 0 0 0 2 0 1 2 0 0 0 1 0 0 0 0 0 1 1 0 1 0 1 0 0 0 0 0 0 1 0 0 0 0 0 0 0 0
geno chr6.32245827 yri  0 0 2 2 0 1 0 2 1 1 1 0 1 0 1 0 1 1 1 1 1 1 0 2 0 1 1 2 2 0 2 2 2 1 1 0 0 0 0 1 0 0 0 1 0 0 1 0 0 1 0 0 1 1 0 0 1 1 2 0 2 0 0 1 1 0 1 0 1 1 1 1 1 0 1 1 1
geno chr6.32245836 ceu  0 0 0 0 0 0 0 0 0 0 1 0 0 0 0 0 1 0 0 0 0 0 0 0 0 0 0 0 0 0 0 1 0 0 0 0 0 0 0 0 0 0 0 0 0 0 0 0 0 0 0 0 0 0 0 0 1 0 0 0 0 1 0 0 0 0 0 0 0 0 0 0 0 0 0 1 0 0
geno chr6.32245836 fin  0 1 0 0 1 0 0 0 0 0 0 1 0 0 0 0 0 0 0 1 0 0 1 0 0 0 1 0 0 0 0 0 1 0 0 0 0 0 0 0 2 1 0 0 0 0 0 0 0 0 0 0 1 0 0 0 0 0 0 0 1 0 0 0 0 0 0 0 0 0 0 0 0 0 0 0 0 0 1 1 0 0 0 0 0 1 0 1 0
geno chr6.32245836 gbr  0 0 0 0 0 0 0 0 0 0 0 0 1 0 0 0 0 0 0 0 0 0 0 0 0 0 0 0 0 0 0 0 0 0 0 0 0 0 0 0 0 0 0 0 0 0 0 0 0 0 0 1 0 0 0 0 0 0 0 0 0 0 0 0 0 0 1 0 0 1 0 0 1 0 0 0 0 0 0 0 0 0 0 0
geno chr6.32245836 tsi  0 0 0 0 0 0 0 0 0 0 0 0 0 0 0 0 0 0 1 0 0 0 0 0 0 0 0 0 0 0 0 0 0 0 0 0 0 0 0 0 0 0 0 0 0 1 0 0 0 0 0 0 0 0 0 0 0 0 1 0 0 0 0 0 0 1 0 0 0 0 0 0 0 0 0 0 0 0 0 0 0 0 0 0 0 0 0 0 0 0 0 0
geno chr6.32245836 yri  0 0 1 0 0 1 0 1 0 1 0 0 0 0 0 0 0 0 0 0 1 0 0 0 0 0 1 0 0 0 0 1 0 0 0 0 0 0 0 1 0 0 0 0 0 0 1 0 0 1 0 0 0 1 0 0 0 0 1 0 0 0 0 0 0 0 0 0 0 1 0 0 0 0 0 0 1
geno chr6.32246156 ceu  2 0 0 0 0 0 0 2 0 1 1 1 0 0 1 0 1 0 1 0 0 1 0 0 0 0 1 0 0 1 1 1 0 1 1 0 1 0 0 1 1 1 0 0 0 1 0 1 0 0 0 0 0 1 0 0 1 0 0 1 1 1 0 0 0 0 0 1 0 1 0 2 1 1 0 1 0 0
geno chr6.32246156 fin  1 1 0 0 1 1 0 0 0 0 0 1 0 1 2 1 2 0 0 1 2 0 2 0 1 1 2 1 1 0 2 0 2 0 0 0 0 0 0 0 2 1 0 0 0 1 1 0 0 2 0 0 1 0 0 0 1 1 1 1 1 0 1 0 1 0 0 0 0 2 0 0 0 0 0 0 0 0 1 1 1 0 0 1 0 1 0 1 1
geno chr6.32246156 gbr  0 2 2 0 0 0 0 1 0 1 0 1 1 1 1 1 0 1 1 0 1 1 0 0 1 0 0 1 0 1 0 0 0 0 2 1 0 0 0 1 1 0 0 1 0 0 0 0 1 0 1 1 0 0 0 0 0 0 0 0 0 0 0 0 1 0 2 1 0 2 0 0 1 0 1 1 0 0 1 0 0 0 2 0
geno chr6.32246156 tsi  0 0 0 1 2 1 1 0 1 1 1 0 0 0 0 0 0 0 1 1 0 0 0 0 0 1 1 2 2 1 1 0 0 1 1 1 0 1 0 1 1 1 0 0 0 2 0 1 0 1 1 0 0 0 0 0 0 0 2 0 1 2 0 0 0 1 0 0 0 0 0 1 1 0 1 0 1 0 0 0 0 0 0 1 0 0 0 0 0 0 0 0
geno chr6.32246156 yri  0 0 2 2 0 1 0 2 1 1 1 0 1 0 1 0 1 1 1 1 1 1 0 2 0 1 1 2 2 0 2 2 2 1 1 0 0 0 0 1 0 0 0 1 0 0 1 0 0 1 0 0 1 1 0 0 1 1 2 0 2 0 0 1 1 0 1 0 1 1 1 1 1 0 1 1 1
geno chr6.32246203 ceu  0 0 0 0 0 0 0 0 1 0 0 0 0 0 0 0 0 0 1 1 0 0 1 0 0 0 0 0 0 0 1 0 0 0 0 0 0 0 0 0 0 0 0 0 0 0 0 0 1 0 1 0 0 0 0 1 0 0 0 0 0 0 0 0 0 0 0 0 0 0 0 0 0 0 0 0 0 0
geno chr6.32246203 fin  0 0 0 0 0 0 0 0 1 0 0 1 0 0 0 0 0 0 0 0 0 0 0 0 0 0 0 0 0 0 0 0 0 0 0 0 0 0 0 0 0 0 0 0 0 0 0 0 0 0 1 0 0 0 0 0 0 0 0 0 0 0 0 0 0 0 0 0 0 0 0 0 0 0 0 0 0 0 0 0 0 0 0 0 0 0 0 0 0
geno chr6.32246203 gbr  0 0 0 0 0 0 0 0 0 0 0 0 0 0 0 0 0 1 0 0 0 0 1 0 0 0 0 0 1 0 0 0 0 0 0 0 0 0 0 0 0 0 0 0 1 0 0 0 0 0 0 0 0 1 0 0 0 0 0 0 0 0 0 0 0 0 0 0 0 0 0 0 0 0 0 0 0 0 1 0 0 0 0 0
geno chr6.32246203 tsi  0 1 1 0 0 0 0 0 0 0 0 1 1 0 0 0 2 0 0 1 0 0 1 0 0 0 0 0 0 0 0 1 0 0 0 1 0 0 0 0 0 0 1 0 1 0 0 0 0 0 0 0 1 0 0 0 0 0 0 0 0 0 1 1 0 0 0 0 0 0 0 0 0 0 0 0 0 1 0 0 0 0 0 0 0 0 0 0 0 0 0 0
geno chr6.32246203 yri  0 0 0 0 1 0 1 0 0 0 0 1 0 0 1 0 0 1 0 0 0 1 1 0 1 0 0 0 0 0 0 0 0 0 0 1 0 0 0 1 1 0 0 0 0 1 0 0 0 1 1 0 0 0 0 1 0 0 0 2 0 2 0 0 0 1 0 0 0 1 0 0 0 0 0 0 0
geno chr6.32246573 ceu  0 2 0 1 0 0 0 0 0 1 1 0 0 1 0 0 0 0 0 0 0 0 0 1 0 0 0 0 1 0 0 0 1 0 0 0 0 0 1 0 1 0 0 0 1 0 0 0 0 0 0 0 2 1 0 1 1 2 0 0 0 0 1 1 0 0 0 0 0 0 0 0 0 0 0 0 0 1
geno chr6.32246573 fin  0 0 1 0 0 0 1 1 1 1 1 0 0 1 0 1 0 0 2 0 0 1 0 0 1 0 0 1 1 0 0 0 0 1 0 2 1 1 0 1 0 0 0 1 1 0 1 0 1 0 0 1 0 0 1 0 1 0 0 1 1 0 1 0 0 1 0 0 1 0 0 2 1 1 1 1 0 0 0 0 0 1 0 0 1 0 0 0 2
geno chr6.32246573 gbr  0 0 0 0 2 1 0 0 0 0 0 0 0 0 1 0 0 0 0 0 1 1 0 0 1 0 1 1 0 0 0 0 0 0 0 1 2 1 0 0 1 0 1 0 1 0 1 1 0 0 0 0 0 0 0 0 0 1 0 1 0 0 1 0 0 1 0 0 0 0 1 0 1 1 0 0 0 0 0 0 1 0 0 0
geno chr6.32246573 tsi  0 1 0 0 0 0 0 1 0 0 1 0 0 1 1 0 0 1 1 0 0 1 0 1 0 0 0 0 0 0 0 0 0 0 0 0 0 0 0 0 0 0 0 1 0 0 1 0 1 0 1 1 0 1 1 1 0 0 0 0 0 0 0 0 1 0 0 0 0 0 0 0 0 1 1 1 0 0 0 0 0 1 0 0 1 0 1 1 0 1 0 1
geno chr6.32246573 yri  0 0 0 0 0 0 0 0 0 0 0 0 0 1 0 0 0 0 0 0 0 0 1 0 0 0 0 0 0 0 0 0 0 0 0 0 1 0 0 0 0 0 1 1 1 0 0 1 0 0 1 0 0 0 0 0 0 0 0 0 0 0 0 0 1 0 0 0 1 0 0 0 0 1 0 0 0
geno chr6.32246919 ceu  2 2 2 2 1 1 1 2 2 2 2 2 2 2 1 2 2 2 2 2 1 1 2 1 2 1 1 1 2 1 2 2 2 2 2 2 2 2 1 2 2 2 2 1 2 2 2 2 2 2 2 0 2 2 2 2 2 2 1 2 1 2 2 2 2 2 1 2 2 1 2 2 1 2 0 2 1 2
geno chr6.32246919 fin  2 2 2 2 2 1 1 2 2 2 2 2 1 2 2 2 2 0 2 1 2 2 2 0 2 1 2 2 2 1 2 2 2 2 1 2 2 2 2 1 2 2 1 2 2 2 2 2 2 2 2 1 2 2 1 2 2 2 2 2 2 0 2 2 2 2 1 1 1 2 1 2 2 1 2 2 2 2 2 2 2 2 2 2 2 2 0 2 2
geno chr6.32246919 gbr  1 2 2 1 2 2 0 2 2 1 2 2 2 1 2 2 0 2 1 1 2 2 1 2 2 2 2 2 2 2 1 1 0 2 2 2 2 2 1 1 2 2 2 2 2 2 2 2 2 1 1 2 2 1 2 1 2 1 1 2 2 2 1 2 2 2 2 1 2 2 2 1 2 2 2 2 2 2 2 2 1 2 2 2
geno chr6.32246919 tsi  2 2 2 2 2 2 2 2 2 2 2 1 2 2 1 2 2 2 2 2 1 2 2 2 2 2 2 2 2 2 2 1 2 1 2 2 2 2 2 1 2 2 2 2 2 2 2 2 2 2 2 2 2 2 2 2 2 2 2 2 1 2 2 2 2 2 2 2 1 2 1 2 2 2 2 1 2 2 1 1 1 2 2 2 1 1 2 2 2 2 2 2
geno chr6.32246919 yri  2 2 2 2 2 2 2 2 2 2 1 2 2 2 2 2 2 2 2 2 2 2 2 2 2 2 2 2 2 2 2 2 2 2 2 1 2 2 2 2 2 1 2 2 2 2 2 1 2 2 2 1 2 2 2 2 2 2 2 2 2 2 1 2 2 2 2 1 2 2 1 2 2 2 2 2 2
geno chr6.32247064 ceu  2 0 0 0 0 0 0 2 0 1 1 1 0 0 1 0 1 0 1 0 0 1 0 0 0 0 1 0 0 1 1 1 0 1 1 0 1 0 0 1 1 1 0 0 0 1 1 1 0 0 0 0 0 1 0 0 1 0 0 1 1 1 0 0 0 0 0 1 0 1 0 2 1 1 0 1 0 0
geno chr6.32247064 fin  1 1 1 0 1 1 0 0 0 0 0 1 0 1 2 1 2 0 0 1 2 0 2 0 1 1 2 1 1 0 2 0 2 0 0 0 0 0 0 0 2 1 0 0 0 1 1 0 0 2 0 0 1 0 0 0 1 1 1 1 1 0 1 0 1 0 0 0 0 2 0 0 0 0 0 0 0 0 1 1 1 0 0 1 0 1 0 0 0
geno chr6.32247064 gbr  0 1 2 0 0 0 0 1 0 1 0 1 1 1 1 1 0 1 1 0 1 1 0 0 1 0 0 0 0 1 0 0 0 0 2 1 0 0 0 1 1 0 0 1 0 0 0 1 1 0 1 1 0 0 0 0 0 0 0 0 0 0 0 0 1 0 2 1 0 2 0 0 1 0 1 1 0 0 1 0 0 0 2 0
geno chr6.32247064 tsi  0 0 0 1 2 1 1 0 1 1 1 0 0 0 0 0 0 0 1 1 0 0 0 0 0 1 1 2 2 1 1 0 0 1 1 1 0 1 0 1 1 1 0 0 0 2 0 1 0 1 1 0 0 0 0 0 0 0 2 0 1 2 0 0 0 1 0 0 0 0 0 1 1 0 1 0 1 0 0 0 0 0 0 1 0 0 0 0 0 0 0 0
geno chr6.32247064 yri  0 0 2 2 0 1 0 2 1 1 1 0 1 0 1 0 1 1 1 1 1 1 0 2 0 1 1 2 2 0 2 2 2 1 1 0 0 0 0 1 0 0 0 1 0 0 1 0 0 1 0 0 1 1 0 0 1 1 2 0 2 0 0 1 1 0 1 0 1 1 1 1 1 0 1 1 1
geno chr6.32247115 ceu  2 2 2 2 1 1 1 2 2 2 2 2 2 2 1 2 2 2 2 2 1 1 2 1 2 1 1 1 2 1 2 2 2 2 2 2 2 2 1 2 2 2 2 1 2 2 2 2 2 2 2 0 2 2 2 2 2 2 1 2 1 2 2 2 2 2 1 2 2 1 2 2 1 2 0 2 1 2
geno chr6.32247115 fin  2 2 2 2 2 1 1 2 2 2 2 2 1 2 2 2 2 0 2 1 2 2 2 0 2 1 2 2 2 1 2 2 2 2 1 2 2 2 2 1 2 2 1 2 2 2 2 2 2 2 2 1 2 2 1 2 2 2 2 2 2 0 2 2 2 2 1 1 1 2 1 2 2 1 2 2 2 2 2 2 2 2 2 2 2 2 0 2 2
geno chr6.32247115 gbr  1 2 2 1 2 2 0 2 2 1 2 2 2 1 2 2 0 2 1 1 2 2 1 2 2 2 2 2 2 2 1 1 0 2 2 2 2 2 1 1 2 2 2 2 2 2 2 2 2 1 1 2 2 1 2 1 2 1 1 2 2 2 1 2 2 2 2 1 2 2 2 1 2 2 2 2 2 2 2 2 1 2 2 2
geno chr6.32247115 tsi  2 2 2 2 2 2 2 2 2 2 2 1 2 2 1 2 2 2 2 2 1 2 2 2 2 2 2 2 2 2 2 1 2 1 2 2 2 2 2 1 2 2 2 2 2 2 2 2 2 2 2 2 2 2 2 2 2 2 2 2 1 2 2 2 2 2 2 2 1 2 1 2 2 2 2 1 2 2 1 1 1 2 2 2 1 1 2 2 2 2 2 2
geno chr6.32247115 yri  2 2 2 2 2 2 2 2 2 2 1 2 2 2 2 2 2 2 2 2 2 2 2 2 2 2 2 2 2 2 2 2 2 2 2 1 2 2 2 2 2 1 2 2 2 2 2 1 2 2 2 1 2 2 2 2 2 2 2 2 2 2 1 2 2 2 2 1 2 2 1 2 2 2 2 2 2
geno chr6.32247302 ceu  2 0 2 1 1 1 1 2 2 1 1 2 2 0 1 2 2 2 2 2 1 1 2 0 2 1 1 1 1 1 2 2 1 2 2 2 2 2 0 2 1 2 2 0 1 2 2 2 2 2 2 0 0 1 2 1 1 0 1 2 1 2 1 1 1 2 1 2 2 1 2 2 1 2 0 2 1 1
geno chr6.32247302 fin  2 2 1 2 2 1 0 1 1 1 1 2 1 1 2 1 2 0 0 1 2 1 2 0 1 1 2 1 1 1 2 2 2 1 1 0 1 1 2 0 2 2 1 1 1 2 1 2 1 2 2 0 2 2 0 2 1 2 1 1 1 0 1 2 2 1 1 1 0 2 1 0 1 0 1 1 1 2 2 2 2 1 2 2 1 2 0 2 0
geno chr6.32247302 gbr  0 2 2 1 0 1 0 2 2 1 2 2 1 1 1 2 0 2 1 1 1 1 1 1 1 2 0 1 2 2 1 1 0 2 2 1 0 1 1 1 1 2 1 2 1 2 1 1 2 1 1 2 2 1 2 1 1 0 1 1 2 2 0 2 2 1 2 1 2 2 1 0 1 1 2 2 2 2 2 2 0 2 2 2
geno chr6.32247302 tsi  2 1 2 2 2 2 1 1 2 2 1 1 2 1 0 2 2 1 1 2 1 0 2 1 2 2 2 2 2 2 2 1 2 1 1 2 2 2 2 1 2 2 1 1 2 2 1 2 1 2 1 1 2 1 1 1 2 2 2 1 1 2 2 2 0 2 2 2 1 1 1 2 2 1 1 0 2 2 1 1 1 1 2 2 0 1 1 1 2 1 2 1
geno chr6.32247302 yri  0 0 2 2 1 1 1 2 2 2 1 1 1 0 2 0 1 2 1 1 1 2 1 2 1 1 1 2 2 0 2 2 2 2 1 1 1 2 1 2 1 0 1 1 0 1 1 0 0 2 1 1 1 2 1 1 1 2 2 2 2 2 0 2 1 2 2 0 1 2 1 1 1 0 1 1 1
geno chr6.32247315 ceu  2 0 0 0 0 0 0 2 0 1 1 1 0 0 1 0 1 0 1 0 0 1 0 0 0 0 1 0 0 1 1 1 0 1 1 0 1 0 0 1 1 1 0 0 0 1 1 1 0 0 0 0 0 1 0 0 1 0 0 1 1 1 0 0 0 0 0 1 0 1 0 2 1 1 0 1 0 0
geno chr6.32247315 fin  0 1 1 0 1 1 0 0 0 0 0 1 0 1 2 1 2 0 0 1 2 0 2 0 0 1 1 1 1 0 2 0 2 0 0 0 0 0 0 0 2 1 0 0 0 1 1 0 0 2 0 0 1 0 0 0 1 1 1 0 1 0 1 0 1 0 0 0 0 2 0 0 0 0 0 0 0 0 1 1 1 0 0 1 0 1 0 1 0
geno chr6.32247315 gbr  0 1 2 0 0 0 0 1 0 1 0 1 1 1 0 1 0 1 1 0 1 1 0 0 1 0 0 0 0 1 0 0 0 0 2 1 0 0 0 1 1 0 0 1 0 0 0 1 1 0 1 1 0 0 0 0 0 0 0 0 0 0 0 0 0 0 1 1 0 2 0 0 1 0 1 1 0 0 1 0 0 0 2 0
geno chr6.32247315 tsi  0 0 0 1 2 1 1 0 1 1 1 0 0 0 0 0 0 0 1 1 0 0 0 0 0 0 1 2 2 1 1 0 0 1 1 1 0 1 0 1 1 1 0 0 0 2 0 1 0 1 1 0 0 0 0 0 0 0 2 0 1 2 0 0 0 1 0 0 0 0 0 0 1 0 1 0 1 0 0 0 0 0 0 1 0 0 0 0 0 0 0 0
geno chr6.32247315 yri  0 0 1 0 0 1 0 2 1 1 1 0 1 0 1 0 1 1 0 0 1 0 0 1 0 1 1 1 0 0 2 2 0 1 1 0 0 0 0 1 0 0 0 0 0 0 1 0 0 1 0 0 1 1 0 0 0 1 2 0 2 0 0 1 0 0 1 0 1 1 0 0 1 0 1 0 1
geno chr6.32247505 ceu  2 0 0 0 0 0 0 2 0 1 1 1 0 0 1 0 1 0 1 0 0 1 0 0 0 0 1 0 0 1 1 1 0 1 1 0 1 0 0 1 1 1 0 0 0 1 1 1 0 0 0 0 0 1 0 0 1 0 0 1 1 1 0 0 0 0 0 1 0 1 0 2 1 1 0 1 0 0
geno chr6.32247505 fin  0 1 1 0 1 1 0 0 0 0 0 1 0 1 2 1 2 0 0 1 2 0 2 0 0 1 1 1 1 0 2 0 2 0 0 0 0 0 0 0 2 1 0 0 0 1 1 0 0 2 0 0 1 0 0 0 1 1 1 0 1 0 1 0 1 0 0 0 0 2 0 0 0 0 0 0 0 0 1 1 1 0 0 1 0 1 0 1 0
geno chr6.32247505 gbr  0 1 2 0 0 0 0 1 0 1 0 1 1 1 0 1 0 1 1 0 1 1 0 0 1 0 0 0 0 1 0 0 0 0 2 1 0 0 0 1 1 0 0 1 0 0 0 1 1 0 1 1 0 0 0 0 0 0 0 0 0 0 0 0 0 0 2 1 0 2 0 0 1 0 1 1 0 0 1 0 0 0 2 0
geno chr6.32247505 tsi  0 0 0 1 2 1 1 0 1 1 1 0 0 0 0 0 0 0 1 1 0 0 0 0 0 0 1 2 2 1 1 0 0 1 1 1 0 1 0 1 1 1 0 0 0 2 0 1 0 1 1 0 0 0 0 0 0 0 2 0 1 2 0 0 0 1 0 0 0 0 0 0 1 0 1 0 1 0 0 0 0 0 0 1 0 0 0 0 0 0 0 0
geno chr6.32247505 yri  0 0 2 0 0 1 0 2 1 1 1 0 1 0 1 0 1 1 0 0 1 0 0 1 0 1 1 2 0 0 2 2 0 1 1 0 0 0 0 1 0 0 0 0 1 1 1 0 0 1 0 0 1 1 0 0 0 1 2 0 2 0 0 1 0 0 1 0 1 1 0 0 1 0 1 0 2
geno chr6.32247710 ceu  2 0 0 0 0 0 0 2 0 1 1 1 0 0 1 0 1 0 1 0 0 1 0 0 0 0 1 0 0 1 1 1 0 1 1 0 1 0 0 1 1 1 0 0 0 1 1 1 0 0 0 0 0 1 0 0 1 0 0 1 1 1 0 0 0 0 0 1 0 1 0 2 1 1 0 1 0 0
geno chr6.32247710 fin  1 1 1 0 1 1 0 0 0 0 0 1 0 1 2 1 2 0 0 1 2 0 2 0 1 1 2 1 1 0 2 0 2 0 0 0 0 0 0 0 2 1 0 0 0 1 1 0 0 2 0 0 1 0 0 0 1 1 1 1 1 0 1 0 1 0 0 0 0 2 0 0 0 0 0 0 0 0 1 1 1 0 0 1 0 1 0 1 0
geno chr6.32247710 gbr  0 1 2 0 0 0 0 1 0 1 0 1 1 1 0 1 0 1 1 0 1 1 0 0 1 0 0 0 0 1 0 0 0 0 2 1 0 0 0 1 1 0 0 1 0 0 0 1 1 0 1 1 0 0 0 0 0 0 0 0 0 0 0 0 0 0 2 1 0 2 0 0 1 0 1 1 0 0 1 0 0 0 2 0
geno chr6.32247710 tsi  0 0 0 1 2 1 1 0 1 1 1 0 0 0 0 0 0 0 1 1 0 0 0 0 0 1 1 2 2 1 1 0 0 1 1 1 0 1 0 1 1 1 0 0 0 2 0 1 0 1 1 0 0 0 0 0 0 0 2 0 1 2 0 0 0 1 0 0 0 0 0 0 1 0 1 0 1 0 0 0 0 0 0 1 0 0 0 0 0 0 0 0
geno chr6.32247710 yri  0 0 2 0 0 1 0 2 1 1 1 0 1 0 1 0 1 1 0 0 1 0 0 1 0 1 1 2 0 0 2 2 0 1 1 0 0 0 0 1 0 0 0 0 0 0 1 0 0 1 0 0 1 1 0 0 0 1 2 0 2 0 0 1 0 0 1 0 1 1 0 0 1 0 1 0 1
geno chr6.32247771 ceu  2 0 0 0 0 0 0 2 0 1 1 1 0 0 1 0 1 0 1 0 0 1 0 0 0 0 1 0 0 1 1 1 0 1 1 0 1 0 0 1 1 1 0 0 0 1 1 1 0 0 0 0 0 1 0 0 1 0 0 1 1 1 0 0 0 0 0 1 0 1 0 2 1 1 0 1 0 0
geno chr6.32247771 fin  0 1 1 0 1 1 0 0 0 0 0 1 0 1 2 1 2 0 0 1 2 0 2 0 0 1 1 1 1 0 2 0 2 0 0 0 0 0 0 0 2 1 0 0 0 1 1 0 0 2 0 0 1 0 0 0 1 1 1 0 1 0 1 0 1 0 0 0 0 2 0 0 0 0 0 0 0 0 1 1 1 0 0 1 0 1 0 1 0
geno chr6.32247771 gbr  0 1 2 0 0 0 0 1 0 1 0 1 1 1 0 1 0 1 1 0 1 1 0 0 1 0 0 0 0 1 0 0 0 0 2 1 0 0 0 1 1 0 0 1 0 0 0 1 1 0 1 1 0 0 0 0 0 0 0 0 0 0 0 0 0 0 2 1 0 2 0 0 1 0 1 1 0 0 1 0 0 0 2 0
geno chr6.32247771 tsi  0 0 0 1 2 1 1 0 1 1 1 0 0 0 0 0 0 0 1 1 0 0 0 0 0 0 1 2 2 1 1 0 0 1 1 1 0 1 0 1 1 1 0 0 0 2 0 1 0 1 1 0 0 0 0 0 0 0 2 0 1 2 0 0 0 1 0 0 0 0 0 0 1 0 1 0 1 0 0 0 0 0 0 1 0 0 0 0 0 0 0 0
geno chr6.32247771 yri  0 0 2 0 0 1 0 2 1 1 1 0 1 0 1 0 1 1 0 0 1 0 0 1 0 1 1 2 0 0 2 2 0 1 1 0 0 0 0 1 0 0 0 0 0 0 1 0 0 1 0 0 1 1 0 0 0 1 2 0 2 0 0 1 0 0 1 0 1 1 0 0 1 0 1 0 1
geno chr6.32247990 ceu  2 0 2 1 1 1 1 2 2 1 1 2 2 0 1 2 2 2 2 2 1 1 2 0 2 1 1 1 1 1 2 2 1 2 2 2 2 2 0 2 1 2 2 0 1 2 2 2 2 2 2 0 0 1 2 1 1 0 1 2 1 2 1 1 1 2 1 2 2 1 2 2 1 2 0 1 1 1
geno chr6.32247990 fin  2 2 1 2 2 1 0 1 1 1 1 2 1 1 2 1 2 0 0 1 2 1 2 0 1 1 2 1 1 1 2 2 2 1 1 0 1 1 2 0 2 2 1 1 1 2 1 2 1 2 2 0 2 2 0 2 1 2 1 1 1 0 1 2 2 1 1 1 0 2 1 0 1 0 1 1 1 2 2 2 2 1 2 2 1 2 0 2 0
geno chr6.32247990 gbr  0 2 2 1 0 1 0 2 2 1 2 2 1 1 0 2 0 2 1 1 1 1 1 1 1 2 0 1 2 2 1 1 0 2 2 1 0 1 1 1 1 2 1 2 1 2 1 1 2 1 1 2 2 1 2 1 1 0 1 1 2 2 0 2 2 1 2 1 2 2 1 0 1 1 2 2 2 2 2 2 0 2 2 2
geno chr6.32247990 tsi  2 1 2 2 2 2 1 1 2 2 1 1 2 1 0 2 2 1 1 2 1 0 2 1 2 2 2 2 2 2 2 1 2 1 1 2 2 2 2 1 2 2 1 1 2 2 1 2 1 2 1 1 2 1 1 1 2 2 1 1 1 2 2 2 0 2 2 2 1 1 1 2 2 1 1 0 2 2 1 1 1 1 2 2 0 1 1 0 2 1 2 1
geno chr6.32247990 yri  0 0 2 2 1 1 1 2 1 2 1 1 1 0 2 0 1 2 1 1 1 2 1 2 1 1 1 2 2 0 2 2 2 2 1 1 1 2 1 2 1 0 1 1 0 1 1 0 0 2 1 1 1 2 1 1 1 2 2 2 2 2 0 2 1 2 2 0 1 2 1 1 1 0 1 1 1
geno chr6.32248166 ceu  0 0 2 1 1 1 1 0 1 1 0 1 2 0 0 2 1 2 0 1 1 0 1 0 2 1 0 1 1 0 0 1 1 1 1 2 1 2 0 1 0 1 2 0 1 1 1 1 1 2 1 0 0 0 2 0 0 0 1 1 0 1 1 1 1 2 1 1 2 0 2 0 0 1 0 1 1 1
geno chr6.32248166 fin  1 1 0 2 1 0 0 0 0 1 1 0 1 0 0 0 0 0 0 1 0 1 0 0 0 0 0 0 0 1 0 2 0 1 1 0 1 1 2 0 0 1 1 1 1 1 0 2 1 0 1 0 1 2 0 2 0 1 0 0 0 0 0 2 1 1 1 1 0 0 1 0 1 0 1 1 1 2 1 1 1 1 2 1 1 1 0 1 0
geno chr6.32248166 gbr  0 1 0 1 0 1 0 1 2 0 2 1 0 0 0 1 0 0 0 1 0 0 0 1 0 2 0 1 1 1 1 1 0 2 0 0 0 1 1 0 0 2 1 1 0 2 1 0 1 1 0 1 2 0 2 1 1 0 1 1 2 2 0 2 1 1 0 0 2 0 1 0 0 1 1 1 2 2 0 2 0 2 0 2
geno chr6.32248166 tsi  2 0 1 1 0 1 0 1 1 1 0 0 1 1 0 2 0 1 0 0 1 0 1 1 2 1 1 0 0 1 1 0 2 0 0 0 2 1 2 0 1 1 0 1 1 0 1 1 1 1 0 1 1 1 1 0 2 2 0 1 0 0 1 1 0 1 2 2 1 1 1 1 1 1 0 0 1 1 1 1 1 1 2 1 0 1 1 1 2 1 2 1
geno chr6.32248166 yri  0 0 0 0 0 0 0 0 1 1 0 0 0 0 0 0 0 0 0 0 0 0 0 0 0 0 0 0 0 0 0 0 0 1 0 0 0 2 1 0 0 0 0 0 0 0 0 0 0 0 0 1 0 0 0 0 0 0 0 0 0 0 0 1 0 1 0 0 0 0 0 0 0 0 0 0 0
geno chr6.32248176 ceu  2 0 0 0 0 0 0 2 0 1 1 1 0 0 1 0 1 0 1 0 0 1 0 0 0 0 1 0 0 1 1 1 0 1 1 0 1 0 0 1 1 1 0 0 0 1 1 1 0 0 0 0 0 1 0 0 1 0 0 1 1 1 0 0 0 0 0 1 0 1 0 2 1 1 0 1 0 0
geno chr6.32248176 fin  0 1 1 0 1 1 0 0 0 0 0 1 0 1 2 1 2 0 0 1 2 0 2 0 0 1 1 1 1 0 2 0 2 0 0 0 0 0 0 0 2 1 0 0 0 1 1 0 0 2 0 0 1 0 0 0 1 1 1 0 1 0 1 0 1 0 0 0 0 2 0 0 0 0 0 0 0 0 1 1 1 0 1 1 0 1 0 1 0
geno chr6.32248176 gbr  0 1 2 0 0 0 0 1 0 1 0 1 1 1 0 1 0 1 1 0 1 1 0 0 1 0 0 0 0 1 0 0 0 0 2 1 0 0 0 1 1 0 0 1 0 0 0 1 1 0 1 1 0 0 0 0 0 0 0 0 0 0 0 0 0 0 1 1 0 2 0 0 1 0 1 1 0 0 1 0 0 0 2 0
geno chr6.32248176 tsi  0 0 0 1 2 1 1 0 1 1 1 0 0 0 0 0 0 0 1 1 0 0 0 0 0 0 1 2 2 1 1 0 0 1 1 1 0 1 0 1 1 1 0 0 0 2 0 1 0 1 1 0 0 0 0 0 0 0 2 0 1 2 0 0 0 1 0 0 0 0 0 0 1 0 1 0 1 0 0 0 0 0 0 1 0 0 0 0 0 0 0 0
geno chr6.32248176 yri  0 0 2 0 0 1 0 2 1 1 1 0 1 0 1 0 1 1 0 0 1 0 0 1 0 1 1 2 0 0 2 2 0 1 1 0 0 0 0 1 0 0 0 0 0 0 1 0 0 1 0 0 1 1 0 0 0 1 2 0 2 0 0 1 0 0 1 0 1 1 0 0 1 0 1 0 1
geno chr6.32248364 ceu  0 0 2 1 1 1 1 0 1 0 0 1 2 0 0 2 1 2 0 1 1 0 1 0 2 1 0 1 1 0 0 1 1 1 1 2 1 2 0 1 0 1 2 0 1 1 1 1 1 2 1 0 0 0 2 0 0 0 1 1 0 1 1 1 1 2 1 1 2 0 2 0 0 1 0 1 1 1
geno chr6.32248364 fin  1 1 0 2 1 0 0 0 0 1 1 0 1 0 0 0 0 0 0 0 0 1 0 0 0 0 0 0 0 1 0 2 0 1 1 0 1 1 2 0 0 1 1 1 1 1 0 2 1 0 1 0 1 2 0 2 0 1 0 0 0 0 0 2 1 1 1 1 0 0 1 0 1 0 1 1 1 2 1 1 1 1 2 1 1 1 0 1 0
geno chr6.32248364 gbr  0 0 0 1 0 1 0 1 2 0 2 1 0 0 0 1 0 0 0 1 0 0 0 1 0 2 0 1 1 1 1 1 0 2 0 0 0 1 1 0 0 2 1 1 0 2 1 0 1 1 0 1 2 0 2 0 1 0 1 1 2 2 0 2 1 1 0 0 2 0 1 0 0 1 1 1 2 2 0 2 0 2 0 2
geno chr6.32248364 tsi  2 0 1 1 0 1 0 1 1 1 0 0 1 1 0 2 0 1 0 0 1 0 1 1 2 1 1 0 0 1 1 0 2 0 0 0 2 1 2 0 1 1 0 1 1 0 1 1 1 1 0 1 1 1 1 1 2 2 0 1 0 0 1 1 0 1 2 2 1 1 1 1 1 1 0 0 1 1 1 1 1 1 2 1 0 1 1 1 2 1 2 1
geno chr6.32248364 yri  0 0 0 1 0 0 0 0 1 1 0 0 0 0 0 0 0 0 0 0 0 0 0 0 0 0 0 0 0 0 0 0 0 1 0 0 0 2 1 0 0 0 0 0 0 0 0 0 0 0 0 1 0 0 0 0 0 0 0 0 0 0 0 1 0 1 0 0 0 0 0 0 0 0 0 0 0
geno chr6.32249177 ceu  2 0 0 0 0 0 0 2 0 1 1 1 0 0 1 0 1 0 1 0 0 1 0 0 0 0 1 0 0 1 1 1 0 1 1 0 1 0 0 1 1 1 0 0 0 1 1 1 0 0 0 0 0 1 0 0 1 0 0 1 1 1 0 0 0 0 0 1 0 1 0 2 1 1 0 1 0 0
geno chr6.32249177 fin  0 1 1 0 1 1 0 0 0 0 0 1 0 1 2 1 2 0 0 1 2 0 2 0 0 1 1 1 1 0 2 0 2 0 0 0 0 0 0 0 2 1 0 0 0 1 1 0 0 2 0 0 1 0 0 0 1 1 1 0 1 0 1 0 1 0 0 0 0 2 0 0 0 0 0 0 0 0 1 1 1 0 0 1 0 1 0 1 0
geno chr6.32249177 gbr  0 1 2 0 0 0 0 1 0 1 0 1 1 1 0 1 0 1 1 0 1 1 0 0 1 0 0 0 0 1 0 0 0 0 2 1 0 0 0 1 1 0 0 1 0 0 0 1 1 0 1 1 0 0 0 0 0 0 0 0 0 0 0 0 0 0 1 1 0 2 0 0 1 0 1 1 0 0 1 0 0 0 2 0
geno chr6.32249177 tsi  0 0 0 1 2 1 1 0 1 1 1 0 0 0 0 0 0 0 1 1 0 0 0 0 0 0 1 2 2 1 1 0 0 1 1 1 0 1 0 1 1 1 0 0 0 2 0 1 0 1 1 0 0 0 0 0 0 0 2 0 1 2 0 0 0 1 0 0 0 0 0 0 1 0 1 0 1 0 0 0 0 0 0 1 0 0 0 0 0 0 0 0
geno chr6.32249177 yri  0 0 1 0 0 1 0 2 1 1 1 0 1 0 1 0 1 1 0 0 1 0 0 1 0 1 1 1 0 0 1 2 0 1 1 0 0 0 0 1 0 0 0 0 0 0 1 0 0 1 0 0 1 1 0 0 0 1 2 0 2 0 0 1 0 0 1 0 1 1 0 0 1 0 1 0 1
geno chr6.32249524 ceu  2 0 0 0 0 0 0 2 0 1 1 1 0 0 1 0 1 0 1 0 0 1 0 0 0 0 1 0 0 1 1 1 0 1 1 0 1 0 0 1 1 1 0 0 0 1 1 1 0 0 0 0 0 1 0 0 1 0 0 1 1 1 0 0 0 0 0 1 0 1 0 2 1 1 0 1 0 0
geno chr6.32249524 fin  1 1 1 0 1 1 0 0 0 0 0 1 0 1 2 1 2 0 0 1 2 0 2 0 0 1 2 1 1 0 2 0 2 0 0 0 0 0 0 0 2 1 0 0 0 1 1 0 0 2 0 0 1 0 0 0 1 1 1 1 1 0 1 0 1 0 0 0 0 2 0 0 0 0 0 0 0 0 1 1 1 0 0 1 0 1 0 1 0
geno chr6.32249524 gbr  0 1 2 0 0 0 0 1 0 1 0 1 1 1 0 1 0 1 1 0 1 1 0 0 1 0 0 0 0 1 0 0 0 0 2 1 0 0 0 1 1 0 0 1 0 0 0 1 1 0 1 1 0 0 0 0 0 0 0 0 0 0 0 0 0 0 1 1 0 2 0 0 1 0 1 1 0 0 1 0 0 0 2 0
geno chr6.32249524 tsi  0 0 0 1 2 1 1 0 1 1 1 0 0 0 0 0 0 0 1 1 0 0 0 0 0 1 1 2 2 1 1 0 0 1 1 1 0 1 0 1 1 1 0 0 0 2 0 1 0 1 1 0 0 0 0 0 0 0 2 0 1 2 0 0 0 1 0 0 0 0 0 0 1 0 1 0 1 0 0 0 0 0 0 1 0 0 0 0 0 0 0 0
geno chr6.32249524 yri  0 0 1 0 0 1 0 2 1 1 1 0 1 0 1 0 1 1 0 0 1 0 0 1 0 1 1 1 0 0 1 2 0 1 1 0 0 0 0 1 0 0 0 0 0 0 1 0 0 1 0 0 1 1 0 0 0 1 2 0 2 0 0 1 0 0 1 0 1 1 0 0 1 0 1 0 1
geno chr6.32249987 ceu  2 2 2 2 2 1 1 2 2 2 2 2 2 2 1 2 2 2 2 2 1 1 2 1 2 1 1 1 2 1 2 2 2 2 2 2 2 2 1 2 2 2 2 1 2 2 2 2 2 2 2 0 2 2 2 2 2 2 1 2 1 2 2 2 2 2 1 2 2 1 2 2 1 2 0 2 1 2
geno chr6.32249987 fin  2 2 2 2 2 1 1 2 2 2 2 2 1 2 2 2 2 0 2 1 2 2 2 0 2 1 2 2 2 1 2 2 2 2 1 2 2 2 2 1 2 2 1 2 2 2 2 2 2 2 2 0 2 2 1 2 2 2 1 2 2 0 2 2 1 2 1 1 1 1 1 1 1 1 1 1 2 2 2 2 2 2 1 2 2 1 0 2 1
geno chr6.32249987 gbr  1 2 2 1 1 2 0 2 2 1 2 2 2 1 2 2 0 2 1 1 2 2 1 2 2 2 1 1 1 2 2 0 0 2 2 2 2 2 1 1 2 2 2 2 2 2 2 2 2 1 1 2 2 1 2 1 1 1 1 2 1 2 1 2 2 2 2 1 2 2 2 1 1 2 2 2 2 2 2 2 1 2 2 2
geno chr6.32249987 tsi  2 2 2 2 2 2 2 2 2 2 2 1 2 2 1 2 2 2 2 2 1 2 2 2 2 2 2 2 2 2 2 1 2 1 2 2 2 2 2 1 2 2 2 2 2 2 2 2 2 2 2 2 2 2 2 2 2 2 2 2 1 2 2 2 2 2 2 2 1 2 1 2 2 2 2 2 2 2 1 1 1 2 2 2 1 1 2 2 2 2 2 2
geno chr6.32249987 yri  2 2 2 2 2 2 2 2 2 2 2 2 2 2 2 2 2 2 2 2 2 2 2 2 2 2 2 2 2 2 2 1 2 2 2 2 2 1 2 2 1 2 2 2 2 2 2 2 2 1 2 1 1 2 2 2 2 1 1 2 2 2 2 2 2 2 2 2 2 2 2 2 2 2 2 2 2
geno chr6.32249998 ceu  0 0 0 0 0 0 0 0 0 0 0 0 0 0 0 0 0 0 0 0 0 0 0 0 0 0 0 0 0 0 0 0 0 0 0 0 0 0 0 0 0 0 0 0 0 0 0 0 0 0 0 0 0 0 0 0 0 0 0 0 0 0 0 0 0 0 0 0 0 0 0 0 0 0 0 0 0 0
geno chr6.32249998 fin  0 0 0 0 0 0 0 0 0 0 0 0 0 0 0 0 0 0 0 0 0 0 0 0 0 0 0 0 0 0 0 0 0 0 0 0 0 0 0 0 0 0 0 0 0 0 0 0 0 0 0 1 0 0 0 0 0 0 1 0 0 0 0 0 1 0 1 0 1 1 0 1 1 0 1 1 0 0 0 0 0 0 1 0 0 1 1 0 1
geno chr6.32249998 gbr  1 1 0 1 1 0 1 0 0 1 0 0 0 0 0 0 0 0 0 1 0 0 0 0 0 0 1 1 1 0 0 1 1 0 0 0 0 0 0 0 0 0 0 0 0 0 0 0 0 0 0 0 0 0 0 1 1 0 1 0 1 0 0 0 0 0 0 0 0 0 0 0 1 0 0 0 0 0 0 0 0 0 0 0
geno chr6.32249998 tsi  0 0 0 0 0 0 0 0 0 0 0 0 0 0 0 0 0 0 0 0 0 0 0 0 0 0 0 0 0 0 0 0 0 0 0 0 0 0 0 0 0 0 0 0 0 0 0 0 0 0 0 0 0 0 0 0 0 0 0 0 0 0 0 0 0 0 0 0 0 0 0 0 0 0 0 0 0 0 0 0 0 0 0 0 0 0 0 0 0 0 0 0
geno chr6.32249998 yri  0 0 0 0 0 0 0 0 0 0 0 0 0 0 0 0 0 0 0 0 0 0 0 0 0 0 0 0 0 0 0 1 0 0 0 0 0 1 0 0 1 0 0 0 0 0 0 0 0 1 0 1 1 0 0 0 0 1 1 0 0 0 0 0 0 0 0 0 0 0 0 0 0 0 0 0 0
geno chr6.32250247 ceu  0 2 0 1 0 0 0 0 0 1 1 0 0 1 0 0 0 0 0 0 0 0 0 1 0 0 0 0 1 0 0 0 1 0 0 0 0 0 1 0 1 0 0 0 1 0 0 0 0 0 0 0 2 1 0 1 1 2 0 0 0 0 1 1 0 0 0 0 0 0 0 0 0 0 0 0 0 1
geno chr6.32250247 fin  0 0 1 0 0 0 1 1 1 1 1 0 0 1 0 1 0 0 2 0 0 1 0 0 1 0 0 1 1 0 0 0 0 1 0 2 1 1 0 1 0 0 0 1 1 0 1 0 1 0 0 1 0 0 1 0 1 0 0 1 1 0 1 0 0 1 0 0 1 0 0 1 1 1 1 1 0 0 0 0 0 1 0 0 1 0 0 0 2
geno chr6.32250247 gbr  0 0 0 0 2 1 0 0 0 0 0 0 0 0 1 0 0 0 0 0 1 1 0 0 1 0 1 1 0 0 0 0 0 0 0 1 2 1 0 0 1 0 1 0 1 0 1 1 0 0 0 0 0 0 0 0 0 1 0 1 0 0 1 0 0 1 0 0 0 0 1 0 1 1 0 0 0 0 0 0 1 0 0 0
geno chr6.32250247 tsi  0 1 0 0 0 0 0 1 0 0 1 0 0 1 1 0 0 1 1 0 0 1 0 1 0 0 0 0 0 0 0 0 0 0 0 0 0 0 0 0 0 0 0 1 0 0 1 0 1 0 1 1 0 1 1 1 0 0 0 0 0 0 0 0 1 0 0 0 0 0 0 0 0 1 1 1 0 0 0 0 0 1 0 0 1 0 1 1 0 1 0 1
geno chr6.32250247 yri  0 0 0 0 0 0 0 0 0 0 0 0 0 1 0 0 0 0 0 0 0 0 1 0 0 0 0 0 0 0 0 0 0 0 0 0 1 0 0 0 0 0 1 1 1 0 0 1 0 0 1 0 0 0 0 0 0 0 0 0 0 0 0 0 1 0 0 0 1 0 0 0 0 1 0 0 0
geno chr6.32250881 ceu  2 0 0 0 0 0 0 2 0 1 1 1 0 0 1 0 1 0 1 0 0 1 0 0 0 0 1 0 0 1 1 1 0 1 1 0 1 0 0 1 1 1 0 0 0 1 1 1 0 0 0 0 0 1 0 0 1 0 0 1 1 1 0 0 0 0 0 1 0 1 0 2 1 1 0 1 0 0
geno chr6.32250881 fin  1 1 1 0 1 1 0 0 0 0 0 1 0 1 2 1 2 0 0 1 2 0 2 0 1 1 2 1 1 0 2 0 2 0 0 0 0 0 0 0 2 1 0 0 0 1 1 0 0 2 0 0 1 0 0 0 1 1 1 1 1 0 1 0 1 0 0 0 0 2 0 0 0 0 0 0 0 0 1 1 1 0 0 1 0 0 0 1 0
geno chr6.32250881 gbr  0 1 2 0 0 0 0 1 0 1 0 1 1 1 1 1 0 1 1 0 1 1 0 0 1 0 0 0 0 1 0 0 0 0 2 1 0 0 0 1 1 0 0 1 0 0 0 1 1 0 1 1 0 0 0 0 0 0 0 0 0 0 0 0 1 0 2 1 0 2 0 0 0 0 1 1 0 0 1 0 0 0 2 0
geno chr6.32250881 tsi  0 0 0 1 2 1 1 0 1 1 1 0 0 0 0 0 0 0 1 1 0 0 0 0 0 1 1 2 2 1 1 0 0 1 1 1 0 1 0 1 1 1 0 0 0 2 0 1 0 1 1 0 0 0 0 0 0 0 2 0 1 2 0 0 0 1 0 0 0 0 0 1 1 0 1 0 1 0 0 0 0 0 0 1 0 0 0 0 0 0 0 0
geno chr6.32250881 yri  0 0 2 2 0 1 0 2 1 1 1 0 1 0 1 0 1 1 1 1 1 1 0 2 0 1 1 2 2 0 2 1 2 1 1 0 0 0 0 1 0 0 0 1 0 0 1 0 0 1 0 0 1 1 0 0 1 0 2 0 2 0 0 1 1 0 1 0 1 1 1 1 1 0 1 1 1
geno chr6.32251137 ceu  0 0 0 0 0 0 0 0 1 0 0 0 0 0 0 0 0 0 1 1 0 0 1 0 0 0 0 0 0 0 1 0 0 0 0 0 0 0 0 0 0 0 0 0 0 0 0 0 1 0 1 0 0 0 0 1 0 0 0 0 0 0 0 0 0 0 0 0 0 0 0 0 0 0 0 0 0 0
geno chr6.32251137 fin  0 0 0 0 0 0 0 1 1 0 0 1 0 0 0 0 0 0 0 0 0 0 0 0 0 0 0 0 0 0 0 0 0 0 0 0 0 0 0 0 0 0 0 0 0 0 0 0 0 0 1 0 0 0 0 0 0 0 0 0 0 0 0 0 0 0 0 0 0 0 0 0 0 0 0 0 0 0 0 0 0 0 0 0 0 0 0 0 0
geno chr6.32251137 gbr  0 0 0 0 0 0 0 0 0 0 0 0 0 0 0 0 0 1 0 0 0 0 1 0 0 0 0 0 1 0 0 0 0 0 0 0 0 0 0 0 0 0 0 0 1 0 0 0 0 0 0 0 0 1 0 0 0 0 0 0 0 0 0 0 0 0 0 0 0 0 0 0 0 0 0 0 0 0 1 0 0 0 0 0
geno chr6.32251137 tsi  0 1 1 0 0 0 0 0 0 0 0 1 1 0 0 0 2 0 0 1 0 0 1 0 0 0 0 0 0 0 0 1 0 0 0 1 0 0 0 0 0 0 1 0 1 0 0 0 0 0 0 0 1 0 0 0 0 0 0 0 0 0 1 1 0 0 0 0 0 0 0 0 0 0 0 0 0 1 0 0 0 0 0 0 0 0 0 0 0 0 0 0
geno chr6.32251137 yri  0 0 0 0 1 0 1 0 0 0 0 1 0 0 1 0 0 1 0 0 0 1 1 0 1 0 0 0 0 0 0 0 0 0 0 1 1 0 0 1 0 0 1 0 0 1 0 0 0 0 1 0 0 1 1 1 0 1 0 2 0 2 0 0 0 1 1 0 0 1 0 0 0 0 0 0 0
geno chr6.32251435 ceu  2 0 0 0 0 0 0 2 0 1 1 1 0 0 1 0 1 0 1 0 0 1 0 0 0 0 1 0 0 1 1 1 0 1 1 0 1 0 0 1 1 1 0 0 0 1 1 1 0 0 0 0 0 1 0 0 1 0 0 1 1 1 0 0 0 0 0 1 0 1 0 2 1 1 0 1 0 0
geno chr6.32251435 fin  0 1 1 0 1 1 0 0 0 0 0 1 0 1 2 1 2 0 0 1 2 0 2 0 0 1 1 1 1 0 2 0 2 0 0 0 0 0 0 0 2 1 0 0 0 1 1 0 0 2 0 0 1 0 0 0 1 1 1 0 1 0 1 0 1 0 0 0 0 2 0 0 0 0 0 0 0 0 1 1 1 0 0 1 0 1 0 1 0
geno chr6.32251435 gbr  0 1 2 0 0 0 0 1 0 1 0 1 1 1 0 1 0 1 1 0 1 1 0 0 1 0 0 0 0 1 0 0 0 0 2 1 0 0 0 1 1 0 0 1 0 0 0 1 1 0 1 1 0 0 0 0 0 0 0 0 0 0 0 0 0 0 1 1 0 2 0 0 1 0 1 1 0 0 1 0 0 0 2 0
geno chr6.32251435 tsi  0 0 0 1 2 1 1 0 1 1 1 0 0 0 0 0 0 0 1 1 0 0 0 0 0 0 1 2 2 1 1 0 0 1 1 1 0 1 0 1 1 1 0 0 0 2 0 1 0 1 1 0 0 0 0 0 0 0 2 0 1 2 0 0 0 1 0 0 0 0 0 0 1 0 1 0 1 0 0 0 0 0 0 1 0 0 0 0 0 0 0 0
geno chr6.32251435 yri  0 0 1 0 0 1 0 2 1 1 1 0 1 0 1 0 1 1 0 0 1 0 0 1 0 1 1 1 0 0 2 2 0 1 1 0 0 0 0 1 0 0 0 0 0 0 1 0 0 1 0 0 1 1 0 0 0 1 2 0 2 0 0 1 0 0 1 0 1 1 0 0 1 0 1 0 1
geno chr6.32251721 ceu  2 0 0 0 0 0 0 2 0 1 1 1 0 0 1 0 1 0 1 0 0 1 0 0 0 0 1 0 0 1 1 1 0 1 1 0 1 0 0 1 1 1 0 0 0 1 1 0 0 0 0 0 0 1 0 0 1 0 0 1 1 1 0 0 0 0 0 1 0 1 0 2 1 1 0 1 0 0
geno chr6.32251721 fin  1 1 1 0 1 1 0 0 0 0 0 1 0 1 2 1 2 0 0 1 2 0 2 0 1 1 2 1 1 0 2 0 2 0 0 0 0 0 0 0 2 1 0 0 0 1 1 0 0 2 0 0 1 0 0 0 1 1 1 1 1 0 1 0 1 0 0 0 0 2 0 0 0 0 0 0 0 0 1 1 1 0 0 1 0 0 0 1 0
geno chr6.32251721 gbr  0 1 2 0 0 0 0 1 0 1 0 1 1 1 1 1 0 1 1 0 1 1 0 0 1 0 0 0 0 1 0 0 0 0 2 1 0 0 0 1 1 0 0 1 0 0 0 1 1 0 1 1 0 0 0 0 0 0 0 0 0 0 0 0 1 0 2 1 0 2 0 0 0 0 1 1 0 0 1 0 0 0 2 0
geno chr6.32251721 tsi  0 0 0 1 2 1 1 0 1 1 1 0 0 0 0 0 0 0 1 1 0 0 0 0 0 1 1 2 2 1 1 0 0 1 1 1 0 1 0 1 1 1 0 0 0 2 0 1 0 1 1 0 0 0 0 0 0 0 2 0 1 2 0 0 0 1 0 0 0 0 0 1 1 0 1 0 1 0 0 0 0 0 0 1 0 0 0 0 0 0 0 0
geno chr6.32251721 yri  0 0 2 2 0 1 0 2 1 1 1 0 1 0 1 0 1 1 1 1 1 1 0 2 0 1 1 2 2 0 2 2 2 1 1 0 0 0 0 1 0 0 0 1 0 0 1 0 0 1 0 0 1 1 0 0 1 1 2 0 2 0 0 1 1 0 1 0 1 1 1 1 1 0 1 1 1
