pheno ENSG00000188428 ceu 3.702384 2.29631 2.289674 2.17584 2.755388 1.004241 2.025093 2.765582 1.708877 0.9641216 0.6752606 0.2974787 2.568486 0.8901737 0.6463881 2.316461 2.877851 -1.097469 0.3466447 1.558247 2.735304 0.7441747 2.152739 2.873644 0.529241 1.382252 1.907946 2.508493 1.825234 1.322258 2.831144 0.3742324 -0.1441236 2.623342 2.98798 0.6380036 0.07645717 2.710566 1.865154 2.139312 0.7540083 1.973741 1.336035 3.554853 0.556208 1.647945 0.8359305 -1.608516 1.56869 1.092605 1.885227 3.165185 1.280468 2.328967 1.62796 0.9348375 0.4866047 0.7166638 1.025543 3.513834 3.042335 1.632756 1.710477 0.2588081 2.161956 2.312323 -0.2407814 0.03685443 0.9185279 2.696505 1.296526 2.404067 2.594265 1.247054 0.9977025 2.336146 1.78862 -0.2258332
pheno ENSG00000188428 fin 1.232743 2.310557 2.036818 0.2984032 1.378582 3.420426 1.659932 0.6850257 3.959453 1.487618 1.503649 0.9211045 1.198044 1.959165 1.63546 1.243583 2.340165 1.924378 1.857688 1.547205 1.953298 1.343347 1.961425 0.5824274 2.519581 2.169539 1.178038 1.514488 0.9443795 2.13689 0.5466499 1.279659 1.710179 3.124568 1.721372 1.59571 2.082383 1.994642 0.7336038 1.823585 1.223923 2.460404 -0.9143332 0.02955521 -0.456424 1.197469 3.751292 1.291866 2.8787 0.7349119 2.052871 1.330373 1.551683 -0.07978977 3.091098 0.2226524 3.09958 1.803707 0.2637794 0.5295899 1.966809 0.6070709 3.194784 2.690896 2.245786 0.7992093 3.075605 1.372628 2.134647 2.567106 0.307691 1.492138 1.811177 3.392292 0.9389426 1.870246 1.555567 -0.3143121 0.9725568 3.031682 1.383566 1.122406 0.7250373 0.7904189 1.462495 1.265448 2.199077 2.295631 0.5294059
pheno ENSG00000188428 gbr -2.452387 -1.881501 -2.049032 -0.298184 -1.154797 -2.952936 -0.8507195 -0.7067881 -2.80258 -0.3714039 1.639131 -1.922727 -2.645832 -0.2609755 0.6284442 0.4524214 -0.4214082 -0.08316619 -0.3238711 -1.814369 -0.6878186 -1.478038 -1.506616 -0.6261521 -0.1623001 0.6589339 -0.7613496 -0.3817708 -1.027095 -0.7840047 -0.08607494 -1.331496 -1.249633 0.1929821 0.2162967 -0.3552862 -0.9951165 -1.529827 -0.7427983 0.5749745 -1.196211 -0.9554573 -0.9862556 -0.5672684 -1.567964 0.1402706 0.2259025 0.4954161 0.5456784 -3.337924 0.02901262 -0.9752505 -0.2710466 0.151236 -0.5614247 -0.2898393 -0.08713547 -0.4738152 -2.961739 -1.318376 0.07551766 0.09315461 0.2649604 -1.880057 0.6617931 -1.457428 -1.169182 -0.195995 -0.4685589 -1.829768 -1.440132 0.3922786 -0.4158003 -1.732718 -0.5893109 -0.1384019 -0.6011139 -1.177088 -0.3129383 -2.273897 -0.5674358 -1.427754 -1.056898 -2.063798
pheno ENSG00000188428 tsi -0.6904121 1.577352 1.338197 1.752925 0.2816844 0.02483192 0.6779663 1.039137 0.6843376 1.338742 0.08289656 0.6802059 -0.104151 1.535377 0.9181295 1.176921 0.6773319 1.247259 -0.1798681 3.159347 -0.4744991 0.012841 0.1790267 0.1529488 1.443812 1.674708 0.3559502 0.2487272 -0.4565213 0.8987455 -0.6911234 3.889334 -0.52436 0.2025142 0.2376682 0.8717079 -0.3409251 -0.4323528 1.447867 2.411754 1.376572 -0.4162224 1.2548 1.130742 0.7044056 -0.2578642 2.267091 -1.242612 0.6249885 2.475217 -2.483152 0.06632712 -0.3307372 0.009703583 0.7911402 0.4615243 -0.30724 1.258212 -0.5338761 0.8906704 1.531716 -0.1043231 -0.7340231 1.598244 2.366157 0.3975268 0.871456 0.7737606 -0.08359459 0.4488208 0.9501664 1.129449 0.06016399 1.408056 -1.550566 -1.796148 2.637669 0.4928665 0.2139372 1.039052 -0.8355464 1.237713 -0.9878371 1.373832 -0.2157293 -0.403213 0.7804243 -0.4491585 0.6808141 1.325693 0.8878699 0.05766367
pheno ENSG00000188428 yri -1.721286 -0.188235 -0.8165966 -2.842768 -0.4235564 -2.021515 -0.4320774 -3.334334 -1.131181 -1.962802 -1.892815 -1.817775 -2.968806 -2.459377 -1.643781 -3.053243 -0.930484 -1.847772 -0.8320441 -2.467644 -2.578944 -1.453275 -2.068365 -0.4636039 -0.88413 -2.377696 -0.2104263 -2.219334 -1.310665 0.5603944 -2.465749 -1.856329 -1.668968 -0.05149367 -1.021087 -2.273938 -1.954188 -2.400154 -1.284729 -1.736946 -1.473388 -0.7846616 -2.577166 -2.394139 -0.7036821 -1.302933 -1.441867 -2.172296 -2.35499 -0.576212 -0.8672036 -3.661282 0.08531268 -0.5790352 -1.313481 -1.315838 -3.173007 -1.261167 -1.409499 -1.982901 -1.839252 -1.424979 -2.682575 -1.073907 -2.51672 0.5106738 -1.180486 -1.890155 -0.877343 -1.571698 -1.880396 -3.202546 -3.625919 -0.06801458 -1.264302 -1.476771 -3.25224
geno chr6.7965003 ceu  0 0 0 0 0 0 0 0 0 0 0 0 0 0 0 0 0 0 0 0 0 0 0 0 0 0 0 0 0 0 0 0 0 0 0 0 0 0 0 0 0 0 0 0 0 0 0 0 0 0 0 0 0 0 0 0 0 0 0 0 0 0 0 0 0 0 0 0 0 0 0 0 0 0 0 0 0 0
geno chr6.7965003 fin  0 0 0 0 0 0 0 0 0 0 0 0 0 0 0 0 0 0 0 0 0 0 0 0 0 0 0 0 0 0 0 0 0 0 0 0 0 0 0 0 0 0 0 0 0 0 0 0 0 0 0 0 0 0 0 0 0 0 0 0 0 0 0 0 0 0 0 0 0 0 0 0 0 0 0 0 0 0 0 0 0 0 0 0 0 0 0 0 0
geno chr6.7965003 gbr  0 0 0 0 0 0 0 0 0 0 0 0 0 0 0 0 0 0 0 0 0 0 0 0 0 0 0 0 0 0 0 0 0 0 0 0 0 0 0 0 0 0 0 0 0 0 0 0 0 0 0 0 0 0 0 0 1 0 0 0 0 0 0 0 0 0 0 0 0 0 0 0 0 0 0 0 0 0 0 0 0 0 0 0
geno chr6.7965003 tsi  0 0 0 0 0 0 0 0 0 0 0 0 0 0 0 0 0 0 0 0 0 0 0 0 0 0 0 0 0 0 0 0 0 0 0 0 0 0 0 0 0 0 0 0 0 0 0 0 0 0 1 0 0 0 0 0 0 0 0 0 0 0 0 0 0 0 0 0 0 0 0 0 0 0 0 0 0 0 0 0 0 0 0 0 0 0 0 0 0 0 0 0
geno chr6.7965003 yri  1 1 1 2 1 0 0 0 0 0 0 0 0 0 1 0 0 1 1 0 0 0 0 0 0 1 0 1 2 0 1 1 0 0 1 1 0 1 0 0 1 1 1 0 0 0 0 0 0 1 0 0 1 1 0 0 0 0 1 0 1 0 1 0 0 1 0 0 0 0 0 2 0 0 0 0 0
geno chr6.7965057 ceu  0 0 0 0 0 0 0 0 0 0 0 0 0 0 0 0 0 0 0 0 0 0 0 0 0 0 0 0 0 0 0 1 0 1 0 0 1 0 0 0 0 0 0 0 0 0 0 0 0 0 0 0 1 0 0 1 0 0 0 1 0 0 0 0 0 0 0 0 0 0 0 0 0 0 0 0 0 0
geno chr6.7965057 fin  0 0 0 0 0 0 0 0 0 0 0 0 0 0 0 0 0 0 0 0 0 0 0 0 0 0 0 0 0 0 0 1 0 0 0 0 0 0 0 0 0 0 0 1 0 0 0 0 0 0 0 0 0 0 0 0 0 0 0 0 0 0 0 0 0 0 0 0 0 0 0 0 0 0 0 0 0 0 0 0 1 0 1 0 0 0 0 0 0
geno chr6.7965057 gbr  0 0 0 0 0 0 0 0 0 0 0 0 0 0 0 0 1 0 0 0 0 0 0 0 0 0 0 0 0 0 0 0 0 1 0 0 0 0 0 0 0 0 1 0 0 0 0 0 0 0 0 0 0 0 1 0 0 0 0 0 0 0 0 0 0 1 0 1 0 0 0 0 0 0 0 0 0 0 0 0 0 0 0 0
geno chr6.7965057 tsi  0 0 1 0 0 0 0 0 1 0 0 0 0 0 0 1 0 0 0 0 0 0 0 1 0 0 0 0 0 0 0 1 0 0 0 0 0 0 0 0 1 0 0 0 0 0 0 0 0 0 0 0 0 0 0 0 0 0 0 0 0 0 0 0 0 0 0 0 0 0 0 0 0 0 0 0 0 0 0 0 0 0 0 0 0 0 0 1 0 0 0 0
geno chr6.7965057 yri  0 0 0 0 0 0 0 1 0 0 0 0 1 0 0 0 0 0 0 0 0 0 1 0 1 0 1 0 0 0 0 0 0 0 0 0 0 0 1 0 0 0 0 0 0 0 0 0 0 0 0 0 0 0 0 0 0 0 0 1 0 0 0 0 0 0 0 0 0 0 0 0 1 0 0 0 0
geno chr6.7965113 ceu  0 0 0 0 0 0 0 0 0 0 0 0 0 0 0 0 0 0 0 0 0 0 0 0 0 0 0 0 0 0 0 0 0 0 0 0 0 0 0 0 0 0 0 0 0 0 0 0 0 0 0 0 0 0 0 0 0 0 0 0 0 0 0 0 0 0 0 0 0 0 0 0 0 0 0 0 0 0
geno chr6.7965113 fin  0 0 0 0 0 0 0 0 0 0 0 0 0 0 0 1 0 0 0 0 0 0 0 0 0 0 0 0 0 0 0 0 0 0 0 0 0 0 0 0 0 0 0 0 0 0 0 0 0 0 0 0 0 0 0 0 0 0 0 0 0 0 0 1 0 0 0 0 0 0 0 0 0 0 0 0 0 0 0 0 1 0 0 0 0 0 0 0 0
geno chr6.7965113 gbr  0 0 0 0 0 0 0 0 0 0 0 0 0 0 0 0 0 0 0 0 0 0 0 0 0 0 0 0 0 0 0 0 0 0 0 0 0 0 0 0 0 0 0 0 0 0 0 0 0 0 0 0 0 0 0 0 0 0 0 0 0 0 0 0 0 0 0 0 0 0 0 0 0 0 0 0 0 0 0 0 0 0 0 0
geno chr6.7965113 tsi  0 0 0 0 0 0 0 0 0 0 0 0 0 0 0 0 0 0 0 0 0 0 0 0 0 0 0 0 0 0 0 0 0 0 0 0 0 0 0 0 0 0 0 0 0 0 0 0 0 0 0 0 0 0 0 0 0 0 0 0 0 0 0 0 0 0 0 0 0 0 0 0 0 0 0 0 0 0 0 0 0 0 0 0 0 0 0 0 0 0 0 0
geno chr6.7965113 yri  1 0 1 0 1 1 0 0 1 0 0 0 1 0 2 0 2 0 1 0 1 0 0 1 0 0 0 1 0 0 1 0 1 0 0 1 1 0 1 0 1 0 0 0 1 0 0 1 0 0 0 0 0 0 1 0 0 0 1 1 0 1 0 0 1 1 0 0 0 1 2 1 1 1 1 1 1
geno chr6.7965712 ceu  0 1 0 1 0 0 0 0 0 0 0 0 0 1 0 0 0 0 0 0 0 1 0 0 0 0 0 0 0 0 0 0 1 0 0 0 0 0 0 0 0 1 1 0 0 0 0 0 0 0 0 0 0 0 0 0 1 0 0 0 0 0 0 1 0 0 0 0 0 0 0 1 0 0 0 0 0 0
geno chr6.7965712 fin  0 1 0 0 0 0 0 0 0 0 0 0 0 0 0 0 0 0 0 0 0 0 1 0 0 0 0 0 0 0 2 0 0 0 0 0 0 0 0 0 1 0 0 0 0 0 0 0 0 0 0 0 0 0 0 0 0 0 1 0 1 0 0 0 0 1 0 0 1 0 0 0 0 0 0 0 0 0 0 0 0 0 0 0 0 0 0 0 0
geno chr6.7965712 gbr  0 0 0 1 0 0 0 0 1 0 0 1 0 0 0 0 0 1 0 1 0 0 0 0 0 0 0 1 0 0 0 0 0 0 1 1 0 0 0 0 1 1 0 1 0 0 0 0 1 0 1 0 0 0 0 1 1 0 0 0 0 1 0 1 0 0 0 0 0 0 0 0 0 0 1 0 0 0 0 1 0 0 0 0
geno chr6.7965712 tsi  1 0 0 0 0 1 0 0 0 1 0 1 0 2 1 1 1 0 0 1 0 0 1 0 1 0 1 0 0 0 0 0 0 0 1 1 0 0 0 1 0 0 1 1 1 0 0 0 1 0 2 0 0 0 2 1 0 0 0 0 0 0 0 0 0 0 0 1 0 1 0 0 0 0 0 1 1 1 0 1 0 1 0 1 0 0 0 0 1 1 1 0
geno chr6.7965712 yri  0 0 0 0 0 0 1 0 0 0 0 0 0 0 0 0 0 0 0 0 1 0 0 0 0 0 1 0 0 0 1 0 1 1 0 0 0 0 0 0 0 0 0 0 0 0 0 0 0 0 0 0 0 0 0 0 1 0 0 0 0 0 0 1 0 0 0 0 1 0 0 0 0 1 0 0 0
geno chr6.7965975 ceu  0 0 0 1 2 2 1 1 1 1 1 1 0 0 1 1 1 2 1 0 1 0 1 1 0 1 1 2 1 1 1 1 0 1 0 1 1 1 1 1 0 1 0 0 1 1 1 2 1 1 0 1 2 2 1 1 1 0 0 2 0 2 1 1 1 0 1 2 1 1 0 0 1 0 1 0 2 0
geno chr6.7965975 fin  0 1 1 0 1 0 1 1 1 1 0 0 0 1 1 0 0 1 2 0 0 1 1 2 1 2 1 0 1 1 0 2 0 1 0 0 0 0 1 1 1 0 1 1 1 0 0 2 1 1 0 0 2 0 2 2 0 0 0 1 0 0 1 1 0 1 2 2 1 0 2 1 0 1 0 1 0 0 1 1 1 1 1 0 0 1 0 1 1
geno chr6.7965975 gbr  1 0 2 1 0 1 2 0 1 0 0 0 0 1 1 2 1 1 0 0 1 1 2 2 1 1 1 0 1 1 2 0 1 1 1 1 1 1 1 0 1 1 1 1 1 0 1 2 0 0 1 0 1 1 1 1 0 1 0 2 0 1 1 0 0 1 0 1 2 1 1 1 2 2 1 0 1 0 1 1 1 1 1 0
geno chr6.7965975 tsi  1 1 1 1 0 1 1 0 1 1 0 1 0 0 1 1 0 1 0 1 1 1 1 2 1 1 0 1 0 2 0 2 1 1 0 0 1 1 1 0 2 1 0 0 1 0 1 0 1 1 0 0 0 1 0 1 1 0 0 1 2 1 0 1 0 0 0 1 1 1 2 0 1 0 2 0 1 1 1 1 1 1 1 1 1 0 2 1 0 0 0 2
geno chr6.7965975 yri  1 1 0 0 1 0 0 1 0 1 0 2 1 2 0 1 0 0 0 1 0 2 1 1 1 0 1 1 0 2 0 1 0 1 1 1 1 1 1 2 1 1 0 1 0 1 1 1 1 1 2 2 0 0 1 1 0 2 0 1 1 1 1 1 1 1 0 0 0 0 0 0 1 0 1 1 1
geno chr6.7966034 ceu  0 0 0 0 0 0 0 0 0 0 0 0 0 0 0 0 0 0 0 0 0 0 0 0 0 0 0 0 0 0 0 0 0 0 0 0 0 0 0 0 0 0 0 0 0 0 0 0 0 0 0 0 0 0 0 0 0 0 0 0 0 0 0 0 0 0 0 0 0 0 0 0 0 0 0 0 0 0
geno chr6.7966034 fin  0 0 0 0 0 0 0 0 0 0 0 0 0 0 0 0 0 0 0 0 0 0 0 0 0 0 0 0 0 0 0 0 0 0 0 0 0 0 0 0 0 0 0 0 0 0 0 0 0 0 0 0 0 0 0 0 0 0 0 0 0 0 0 0 0 0 0 0 0 0 0 0 0 0 0 0 0 0 0 0 0 0 0 0 0 0 0 0 0
geno chr6.7966034 gbr  0 0 0 0 0 0 0 0 0 0 0 0 0 0 0 0 0 0 0 0 0 0 0 0 0 0 0 0 0 0 0 0 0 0 0 0 0 0 0 0 0 0 0 0 0 0 0 0 0 0 0 0 0 0 0 0 0 0 0 0 0 0 0 0 0 0 0 0 0 0 0 0 0 0 0 0 0 0 0 0 0 0 0 0
geno chr6.7966034 tsi  0 0 0 0 0 0 0 0 0 0 0 0 0 0 0 0 0 0 0 0 0 0 0 0 0 0 0 0 0 0 0 0 0 0 0 0 0 0 0 0 0 0 0 0 0 0 0 0 0 0 0 0 0 0 0 0 0 0 0 0 0 0 0 0 0 0 0 0 0 0 0 0 0 0 0 0 0 0 0 0 0 0 0 0 0 0 0 0 0 0 0 0
geno chr6.7966034 yri  1 0 1 0 1 1 1 1 1 0 0 0 1 0 2 0 2 0 1 0 1 0 1 1 0 0 0 1 0 0 1 0 1 1 0 1 1 0 1 0 1 0 0 0 1 0 0 1 1 0 0 0 0 1 1 0 1 0 1 1 0 1 0 1 1 1 0 0 2 1 2 1 1 1 1 1 1
geno chr6.7966318 ceu  0 0 0 0 0 0 1 0 0 0 1 0 1 0 1 0 0 0 0 0 1 0 1 0 0 0 0 0 0 0 0 1 0 0 1 0 1 0 0 0 0 0 0 0 0 0 0 0 0 0 0 0 0 0 0 0 0 0 0 0 0 0 0 0 0 0 1 0 0 1 0 1 0 0 0 1 0 0
geno chr6.7966318 fin  1 0 1 1 0 0 0 0 0 1 1 0 0 0 1 1 1 0 0 0 0 0 0 0 0 0 0 0 0 0 0 0 0 0 1 0 0 1 1 1 0 0 0 0 0 1 0 0 0 0 0 0 0 0 0 0 1 1 0 0 1 0 0 1 0 0 0 0 0 1 0 0 1 0 0 0 0 0 0 1 1 0 0 1 0 0 0 0 0
geno chr6.7966318 gbr  1 1 0 0 1 0 0 0 0 0 0 0 2 0 0 0 0 0 1 0 0 1 0 0 0 0 0 0 0 0 0 0 0 0 0 0 1 0 0 0 0 0 0 0 0 0 0 0 0 0 0 0 0 0 0 0 0 1 0 0 0 0 0 0 1 0 0 0 0 0 0 0 0 0 0 2 0 1 0 0 0 0 0 1
geno chr6.7966318 tsi  0 1 0 0 0 0 0 0 0 0 0 0 0 0 0 0 0 0 0 0 0 1 0 0 0 0 1 0 0 0 0 0 0 0 0 0 0 0 1 1 0 0 0 0 0 1 1 0 0 0 0 1 0 0 0 0 0 0 0 0 0 0 0 0 0 1 0 0 0 0 0 1 0 1 0 0 0 0 0 0 0 0 0 0 0 0 0 0 0 0 0 0
geno chr6.7966318 yri  1 0 1 0 1 1 1 1 1 1 1 0 1 0 2 1 2 1 1 0 2 0 1 1 1 1 1 1 0 0 2 0 2 1 0 1 1 0 1 0 1 0 1 1 2 1 1 1 1 0 0 0 0 1 1 0 1 0 1 1 0 1 0 1 1 1 1 1 2 2 2 1 1 2 1 1 1
geno chr6.7966592 ceu  0 0 0 0 0 0 1 0 0 0 1 0 1 0 1 0 0 0 0 0 1 0 1 0 0 0 0 0 0 0 0 1 0 0 1 0 1 0 0 0 0 0 0 0 0 0 0 0 0 0 0 0 0 0 0 0 0 0 0 0 0 0 0 0 0 0 1 0 0 1 0 1 0 0 0 1 0 0
geno chr6.7966592 fin  1 0 1 1 0 0 0 0 0 1 1 0 0 0 1 1 1 0 0 0 0 0 0 0 0 0 0 0 0 0 0 0 0 0 1 0 0 1 1 1 0 0 0 0 0 1 0 0 0 0 0 0 0 0 0 0 1 1 0 0 1 0 0 1 0 0 0 0 0 1 0 0 1 0 0 0 0 0 0 1 1 0 0 1 0 0 0 0 0
geno chr6.7966592 gbr  1 1 0 0 1 0 0 0 0 0 0 0 2 0 0 0 0 0 1 0 0 1 0 0 0 0 0 0 0 0 0 0 0 0 0 0 1 0 0 0 0 0 0 0 0 0 0 0 0 0 0 0 0 0 0 0 0 1 0 0 0 0 0 0 1 0 0 0 0 0 0 0 0 0 0 2 0 1 0 0 0 0 0 1
geno chr6.7966592 tsi  0 1 0 0 0 0 0 0 0 0 0 0 0 0 0 0 0 0 0 0 0 1 0 0 0 0 1 0 0 0 0 0 0 0 0 0 0 0 1 1 0 0 0 0 0 1 1 0 0 0 0 1 0 0 0 0 0 0 0 0 0 0 0 0 0 1 0 0 0 0 0 1 0 1 0 0 0 0 0 0 0 0 0 0 0 0 0 0 0 0 0 0
geno chr6.7966592 yri  1 0 1 0 1 1 1 1 1 1 1 0 1 0 2 1 2 1 1 0 2 0 1 1 1 1 1 1 0 0 2 0 2 1 0 1 1 0 1 0 1 0 1 1 2 1 1 1 1 0 0 0 0 1 1 0 1 0 1 1 0 1 0 1 1 1 1 1 2 2 2 1 1 2 1 1 1
geno chr6.7966931 ceu  0 0 0 0 0 0 1 0 0 0 1 0 1 0 1 0 0 0 0 0 1 0 1 0 0 0 0 0 0 0 0 1 0 0 1 0 1 0 0 0 0 0 0 0 0 0 0 0 0 0 0 0 0 0 0 0 0 0 0 0 0 0 0 0 0 0 1 0 0 1 0 1 0 0 0 1 0 0
geno chr6.7966931 fin  1 0 1 1 0 0 0 0 0 1 1 0 0 0 1 1 1 0 0 0 0 0 0 0 0 0 0 0 0 0 0 0 0 0 1 0 0 1 1 1 0 0 0 0 0 1 0 0 0 0 0 0 0 0 0 0 1 1 0 0 1 0 0 1 0 0 0 0 0 1 0 0 1 0 0 0 0 0 0 1 1 0 0 1 0 0 0 0 0
geno chr6.7966931 gbr  1 1 0 0 1 0 0 0 0 0 0 0 2 0 0 0 0 0 1 0 0 1 0 0 0 0 0 0 0 0 0 0 0 0 0 0 1 0 0 0 0 0 0 0 0 0 0 0 0 0 0 0 0 0 0 0 0 1 0 0 0 0 0 0 1 0 0 0 0 0 0 0 0 0 0 2 0 1 0 0 0 0 0 1
geno chr6.7966931 tsi  0 1 0 0 0 0 0 0 0 0 0 0 0 0 0 0 0 0 0 0 0 1 0 0 0 0 1 0 0 0 0 0 0 0 0 0 0 0 1 1 0 0 0 0 0 1 1 0 0 0 0 1 0 0 0 0 0 0 0 0 0 0 0 0 0 1 0 0 0 0 0 1 0 1 0 0 0 0 0 0 0 0 0 0 0 0 0 0 0 0 0 0
geno chr6.7966931 yri  0 0 0 0 0 0 0 0 0 1 1 0 0 0 0 1 0 1 0 0 0 0 0 0 1 1 0 0 0 0 0 0 0 0 0 0 0 0 0 0 0 0 1 1 1 1 1 0 0 0 0 0 0 0 0 0 0 0 0 0 0 0 0 0 0 0 1 1 0 1 0 0 0 0 0 0 0
geno chr6.7967016 ceu  0 0 0 0 0 1 0 0 1 0 0 0 0 0 0 0 1 1 0 0 0 0 0 0 0 0 0 0 1 0 1 1 0 0 0 0 1 1 1 0 0 0 0 0 0 0 0 0 0 0 0 0 1 1 0 0 1 0 0 1 0 1 1 0 0 0 1 2 0 0 0 0 0 0 1 0 1 0
geno chr6.7967016 fin  0 0 1 0 1 0 1 0 1 1 0 0 0 1 1 0 0 0 2 0 0 1 0 0 1 2 0 0 1 0 0 2 0 0 0 0 0 0 1 0 1 0 0 0 0 0 0 2 0 1 0 0 2 0 1 2 0 0 0 1 0 0 1 1 0 0 0 1 0 0 2 0 0 1 0 1 0 0 1 0 0 1 0 0 0 1 0 0 0
geno chr6.7967016 gbr  0 0 1 0 0 1 1 0 0 0 0 0 0 1 0 0 0 1 0 0 1 1 1 0 0 1 0 0 0 1 2 0 0 0 1 0 1 1 0 0 0 0 1 1 1 0 0 2 0 0 1 0 0 1 0 0 0 0 0 1 0 1 1 0 0 0 0 0 2 1 1 1 0 1 1 0 1 0 1 0 1 0 1 0
geno chr6.7967016 tsi  0 0 0 0 0 0 0 0 0 0 0 0 0 0 1 0 0 0 0 0 0 0 0 1 0 1 0 0 0 1 0 2 0 0 0 0 0 0 0 0 2 0 0 0 0 0 0 0 1 1 0 0 0 0 0 1 0 0 0 1 2 1 0 0 0 0 0 1 0 0 0 0 1 0 1 0 0 0 0 0 0 0 0 0 0 0 0 0 0 0 0 0
geno chr6.7967016 yri  0 0 0 0 1 0 0 0 0 0 0 1 0 1 0 1 0 0 0 0 0 0 0 1 1 0 1 1 0 2 0 0 0 0 0 0 0 0 0 1 0 0 0 0 0 0 1 1 1 0 2 1 0 0 1 0 0 0 0 0 0 1 0 0 0 0 0 0 0 0 0 0 1 0 1 0 1
geno chr6.7967017 ceu  0 0 0 0 0 1 0 0 1 0 0 0 0 0 0 0 1 1 0 0 0 0 0 0 0 0 0 0 1 0 1 1 0 0 0 0 1 1 1 0 0 0 0 0 0 0 0 0 0 0 0 0 1 1 0 0 1 0 0 1 0 1 1 0 0 0 1 2 0 0 0 0 0 0 1 0 1 0
geno chr6.7967017 fin  0 0 1 0 1 0 1 0 1 1 0 0 0 1 1 0 0 0 2 0 0 1 0 0 1 2 0 0 1 0 0 2 0 0 0 0 0 0 1 0 1 0 0 0 0 0 0 2 0 1 0 0 2 0 1 2 0 0 0 1 0 0 1 1 0 0 0 1 0 0 2 0 0 1 0 1 0 0 1 0 1 1 0 0 0 1 0 0 0
geno chr6.7967017 gbr  0 0 1 0 0 1 1 0 0 0 0 0 0 1 0 0 0 1 0 0 0 0 1 0 0 1 0 0 0 1 2 0 0 0 1 0 1 1 0 0 0 0 1 1 1 0 0 2 0 0 1 0 0 1 0 0 0 0 0 1 0 1 1 0 0 0 0 0 2 1 1 1 0 1 1 0 1 0 1 0 1 0 1 0
geno chr6.7967017 tsi  0 0 0 0 0 0 0 0 0 0 0 1 0 0 1 0 0 0 0 0 0 0 0 1 0 1 0 0 0 1 0 2 0 0 0 0 0 0 0 0 2 0 0 0 0 0 0 0 1 1 0 0 0 0 0 1 0 0 0 1 2 1 0 0 0 0 0 1 0 0 0 0 1 0 1 0 0 0 0 0 0 0 0 0 0 0 0 0 0 0 0 0
geno chr6.7967017 yri  0 0 0 0 1 0 0 0 0 0 0 1 0 1 0 1 0 0 0 0 0 0 0 1 1 0 1 1 0 2 0 0 0 0 0 0 0 0 0 1 0 0 0 0 0 0 1 1 1 0 2 1 0 1 1 0 0 0 0 0 0 1 0 0 0 0 0 0 0 0 0 0 1 0 1 0 1
geno chr6.7967019 ceu  0 0 0 0 0 1 0 0 1 0 0 0 0 0 0 0 1 1 0 0 0 0 0 0 0 0 0 0 1 0 1 1 0 0 0 0 1 1 1 0 0 0 0 0 0 0 0 0 0 0 0 0 1 1 0 0 1 0 0 1 0 1 1 0 0 0 1 2 0 0 0 0 0 0 1 0 1 0
geno chr6.7967019 fin  0 0 1 0 1 0 1 0 1 1 0 0 0 1 1 0 0 0 2 0 0 1 0 0 1 2 0 0 1 0 0 2 0 0 0 0 0 0 1 0 1 0 0 0 0 0 0 2 0 1 0 0 2 0 1 2 0 0 0 1 0 0 1 1 0 0 0 1 0 0 2 0 0 1 0 1 0 0 1 0 0 1 0 0 0 1 0 0 0
geno chr6.7967019 gbr  0 0 1 0 0 1 1 0 0 0 0 0 0 1 0 0 0 1 0 0 0 0 1 0 0 1 0 0 0 1 2 0 0 0 1 0 1 1 0 0 0 0 1 1 1 0 0 2 0 0 1 0 0 1 0 0 0 0 0 1 0 1 1 0 0 0 0 0 2 1 1 1 0 1 1 0 1 0 1 0 1 0 1 0
geno chr6.7967019 tsi  0 0 0 0 0 0 0 0 0 0 0 0 0 0 1 0 0 0 0 0 0 0 0 1 0 0 0 0 0 1 0 2 0 0 0 0 0 0 0 0 2 0 0 0 0 0 0 0 1 1 0 0 0 0 0 1 0 0 0 1 2 1 0 0 0 0 0 1 0 0 0 0 1 0 1 0 0 0 0 0 0 0 0 0 0 0 0 0 0 0 0 0
geno chr6.7967019 yri  0 0 0 0 1 0 0 0 0 0 0 1 0 1 0 1 0 0 0 0 0 0 0 1 1 0 1 1 0 2 0 0 0 0 0 0 0 0 0 1 0 0 0 0 0 0 1 1 1 0 2 1 0 0 1 0 0 0 0 0 0 1 0 0 0 0 0 0 0 0 0 0 1 0 1 0 1
geno chr6.7967024 ceu  0 0 0 0 0 1 0 0 1 0 0 0 0 0 0 0 1 1 0 0 0 0 0 0 0 0 0 0 1 0 1 1 0 1 0 0 1 1 1 0 0 0 0 0 0 0 0 0 0 0 0 0 2 1 0 1 1 0 0 1 0 1 1 0 0 0 1 2 0 0 0 0 0 0 1 0 1 0
geno chr6.7967024 fin  0 0 1 0 1 0 1 0 1 1 0 0 0 1 1 0 0 0 2 0 0 1 0 0 1 2 0 0 1 0 0 2 0 0 0 0 0 0 1 0 1 0 0 1 0 0 0 2 0 1 0 0 2 0 1 2 0 0 0 1 0 0 1 1 0 0 0 1 0 0 2 0 0 1 0 1 0 0 1 0 1 1 1 0 0 1 0 0 0
geno chr6.7967024 gbr  0 0 1 0 0 1 1 0 0 0 0 0 0 1 0 0 1 1 0 0 0 0 1 0 0 1 0 0 0 1 2 0 0 1 1 0 1 1 0 0 0 0 1 1 1 0 0 2 0 0 0 0 0 1 1 0 0 0 0 1 0 1 1 0 0 0 0 0 2 1 1 1 0 1 1 0 1 0 1 0 1 0 1 0
geno chr6.7967024 tsi  0 0 1 0 0 0 0 0 1 0 0 0 0 0 1 0 0 0 0 0 0 0 0 1 0 1 0 0 0 1 0 2 0 0 0 0 0 0 0 0 2 0 0 0 0 0 0 0 1 1 0 0 0 0 0 1 0 0 0 1 2 1 0 0 0 0 0 1 0 0 0 0 1 0 1 0 0 0 0 0 0 0 0 0 0 0 0 1 0 0 0 0
geno chr6.7967024 yri  0 0 0 0 1 0 0 0 0 0 0 1 0 1 0 1 0 0 0 0 0 0 0 1 1 0 1 1 0 2 0 0 0 0 0 1 0 0 0 1 0 0 0 0 0 0 1 1 1 0 2 1 0 0 1 0 0 0 0 0 0 1 0 0 0 0 0 0 0 0 0 0 1 0 1 0 1
geno chr6.7967026 ceu  0 0 0 0 0 1 0 0 1 0 0 0 0 0 0 0 1 1 0 0 0 0 0 0 0 0 0 0 1 0 1 1 0 1 0 0 1 1 1 0 0 0 0 0 0 0 0 0 0 0 0 0 2 1 0 1 1 0 0 1 0 1 0 0 0 0 1 1 0 0 0 0 0 0 1 0 1 0
geno chr6.7967026 fin  0 0 1 0 1 0 1 0 1 1 0 0 0 1 1 0 0 0 2 0 0 0 0 0 0 2 0 0 1 0 0 2 0 0 0 0 0 0 0 0 0 0 0 1 0 0 0 2 0 1 0 0 2 0 1 2 0 0 0 1 0 0 1 1 0 0 0 1 0 0 2 0 0 1 0 0 0 0 1 0 1 0 1 0 0 0 0 0 0
geno chr6.7967026 gbr  0 0 1 0 0 1 1 0 0 0 0 0 0 1 0 0 1 1 0 0 0 0 1 0 0 1 0 0 0 1 2 0 0 1 1 0 1 1 0 0 0 0 1 1 1 0 0 2 0 0 1 0 0 1 1 0 0 0 0 1 0 1 1 0 0 0 0 0 2 1 1 1 0 0 1 0 1 0 1 0 1 0 1 0
geno chr6.7967026 tsi  0 0 1 0 0 0 0 0 1 0 0 0 0 0 1 0 0 0 0 0 0 0 0 1 0 1 0 0 0 0 0 2 0 0 0 0 0 0 0 0 2 0 0 0 0 0 0 0 1 1 0 0 0 0 0 1 0 0 0 1 2 1 0 0 0 0 0 1 0 0 0 0 1 0 1 0 0 0 0 0 0 0 0 0 0 0 0 1 0 0 0 0
geno chr6.7967026 yri  0 0 0 0 1 0 0 0 0 0 0 1 0 1 0 1 0 0 0 0 0 0 0 1 1 0 1 1 0 2 0 0 0 0 0 1 0 0 0 1 0 0 0 0 0 0 1 1 1 0 2 1 0 0 1 0 0 0 0 0 0 1 0 0 0 0 0 0 0 0 0 0 1 0 1 0 1
geno chr6.7967212 ceu  0 0 0 0 0 0 0 0 0 0 0 0 0 0 0 0 0 0 0 0 0 0 0 0 0 0 0 0 0 0 0 0 0 0 0 0 0 0 0 0 0 0 0 0 0 0 0 0 0 0 0 0 0 0 0 0 0 0 0 0 0 0 0 0 0 0 0 0 0 0 0 0 0 0 0 0 0 0
geno chr6.7967212 fin  0 0 0 0 0 0 0 0 0 0 0 0 0 0 0 0 0 0 0 0 0 0 0 0 0 0 0 0 0 0 0 0 0 0 0 0 0 0 0 0 0 0 0 0 0 0 0 0 0 0 0 0 0 0 0 0 0 0 0 0 0 0 0 0 0 0 0 0 0 0 0 0 0 0 0 0 0 0 0 0 0 0 0 0 0 0 0 0 0
geno chr6.7967212 gbr  0 0 0 0 0 0 0 0 0 0 0 0 0 0 0 0 0 0 0 0 0 0 0 0 0 0 0 0 0 0 0 0 0 0 0 0 0 0 0 0 0 0 0 0 0 0 0 0 0 0 0 0 0 0 0 0 0 0 0 0 0 0 0 0 0 0 0 0 0 0 0 0 0 0 0 0 0 0 0 0 0 0 0 0
geno chr6.7967212 tsi  0 0 0 0 0 0 0 0 0 0 0 0 0 0 0 0 0 0 0 0 0 0 0 0 0 0 0 0 0 0 0 0 0 0 0 0 0 0 0 0 0 0 0 0 0 0 0 0 0 0 0 0 0 0 0 0 0 0 0 0 0 0 0 0 0 0 0 0 0 0 0 0 0 0 0 0 0 0 0 0 0 0 0 0 0 0 0 0 0 0 0 0
geno chr6.7967212 yri  1 0 1 0 1 1 0 1 1 0 0 0 1 0 2 0 2 0 1 0 1 0 1 1 0 0 0 1 0 0 1 0 1 0 0 1 1 0 1 0 1 0 0 0 1 0 0 1 1 0 0 0 0 1 1 0 0 0 1 1 0 1 0 0 1 1 0 0 1 1 2 1 1 1 1 1 1
geno chr6.7967573 ceu  0 0 0 0 0 0 0 0 0 0 0 0 0 1 0 0 0 0 0 0 0 0 0 0 0 0 0 0 0 0 0 0 1 0 0 0 0 0 0 0 0 0 0 0 0 0 0 0 0 0 0 0 0 0 0 0 1 0 0 0 0 0 0 1 0 0 0 0 0 0 0 1 0 0 0 0 0 0
geno chr6.7967573 fin  0 0 0 0 0 0 0 0 0 0 0 0 0 0 0 0 0 0 0 0 0 0 1 0 0 0 0 0 0 0 1 0 0 0 0 0 0 0 0 0 1 0 0 0 0 0 0 0 0 0 0 0 0 0 0 0 0 0 0 0 0 0 0 0 0 1 0 0 1 0 0 0 0 0 0 0 0 0 0 0 0 0 0 0 0 0 0 0 0
geno chr6.7967573 gbr  0 0 0 1 1 0 0 0 1 0 0 1 0 0 0 0 0 1 0 0 0 0 0 0 0 0 0 0 0 0 0 0 0 0 1 1 0 0 0 0 1 1 0 0 0 0 0 0 0 0 0 0 0 0 0 0 1 0 0 0 0 1 0 1 0 0 0 0 0 0 0 0 0 0 0 0 0 0 0 0 0 0 0 0
geno chr6.7967573 tsi  1 0 0 0 0 1 0 0 0 0 0 1 0 2 1 1 1 0 0 0 0 0 1 0 1 0 1 0 0 0 0 0 0 0 1 1 0 0 0 0 0 0 1 0 1 0 0 0 1 0 2 0 0 0 2 0 0 0 0 0 0 0 0 0 0 0 0 1 0 1 0 0 0 0 0 1 0 1 0 0 0 0 0 1 0 0 0 0 1 1 1 0
geno chr6.7967573 yri  0 0 0 0 0 0 0 0 0 0 0 0 0 0 0 0 0 0 0 0 0 0 0 0 0 0 0 0 0 0 0 0 0 0 0 0 0 0 0 0 0 0 0 0 0 0 0 0 0 0 0 0 0 0 0 0 0 0 0 0 0 0 0 0 0 0 0 0 0 0 0 0 0 0 0 0 0
geno chr6.7967946 ceu  1 1 2 0 0 0 1 1 1 1 1 1 2 1 1 1 1 0 1 2 1 1 1 1 2 1 1 0 1 1 1 2 1 2 2 1 2 1 1 0 2 0 1 2 1 1 1 0 1 1 2 1 1 0 1 2 0 2 2 1 2 0 1 0 1 2 1 0 1 1 2 1 1 2 1 2 0 2
geno chr6.7967946 fin  2 0 1 2 1 2 0 1 1 1 2 2 2 1 1 2 2 1 0 2 2 1 0 0 1 0 1 2 1 1 0 1 2 1 2 2 2 2 1 1 0 2 1 2 1 2 2 0 1 1 2 2 0 2 0 0 2 2 1 1 1 2 1 1 2 0 0 0 0 2 0 1 2 1 2 1 2 2 1 1 2 1 2 2 2 1 2 1 1
geno chr6.7967946 gbr  1 2 0 0 2 1 0 1 0 2 2 1 2 1 1 0 2 0 2 1 1 1 0 0 1 1 1 0 1 1 0 2 1 2 0 0 1 1 1 2 0 0 2 0 1 2 1 0 1 2 0 2 1 1 2 0 1 1 2 0 2 0 1 1 2 2 2 2 0 1 1 1 0 0 0 1 1 2 1 0 1 1 1 1
geno chr6.7967946 tsi  0 1 2 1 1 0 1 2 2 0 2 0 2 0 0 1 1 1 2 0 1 1 0 1 0 1 1 1 2 0 2 1 1 1 0 1 1 1 1 1 1 1 1 1 0 2 1 2 0 1 0 2 1 1 0 0 1 2 2 1 0 1 2 1 2 1 2 0 1 0 0 2 1 1 0 1 0 0 1 0 1 0 1 0 1 2 0 2 1 0 1 0
geno chr6.7967946 yri  1 0 1 0 1 1 1 2 1 1 1 0 2 0 2 1 2 1 1 0 2 0 2 1 2 1 2 1 0 0 2 0 2 1 0 1 1 0 2 0 1 0 1 1 2 1 1 1 1 0 0 0 0 1 1 0 1 0 1 2 0 1 0 1 1 1 1 1 2 2 2 1 1 2 1 1 1
geno chr6.7969102 ceu  0 0 0 0 0 0 0 0 0 0 0 0 0 1 0 0 0 0 0 0 0 0 0 0 0 0 0 0 0 0 0 0 1 0 0 0 0 0 0 0 0 0 0 0 0 0 0 0 0 0 0 0 0 0 0 0 1 0 0 0 0 0 0 1 0 0 0 0 0 0 0 1 0 0 0 0 0 0
geno chr6.7969102 fin  0 0 0 0 0 0 0 0 0 0 0 0 0 0 0 0 0 0 0 0 0 0 1 0 0 0 0 0 0 0 1 0 0 0 0 0 0 0 0 0 1 0 0 0 0 0 0 0 0 0 0 0 0 0 0 0 0 0 0 0 0 0 0 0 0 1 0 0 1 0 0 0 0 0 0 0 0 0 0 0 0 0 0 0 0 0 0 0 0
geno chr6.7969102 gbr  0 0 0 1 0 0 0 0 1 0 0 1 0 0 0 0 0 1 0 0 0 0 0 0 0 0 0 0 0 0 0 0 0 0 1 1 0 0 0 0 1 1 0 0 0 0 0 0 0 0 0 0 0 0 0 0 1 0 0 0 0 1 0 1 0 0 0 0 0 0 0 0 0 0 0 1 0 0 0 0 0 0 0 0
geno chr6.7969102 tsi  1 0 0 0 0 1 0 0 0 0 0 1 0 2 1 1 1 0 0 0 0 0 1 0 1 0 1 0 0 0 0 0 0 0 1 1 0 0 0 0 0 0 1 0 1 0 0 0 1 0 2 0 0 0 2 0 0 0 0 0 0 0 0 0 0 0 0 1 0 1 0 0 0 0 0 1 0 1 0 0 0 0 0 1 0 0 0 0 1 1 1 0
geno chr6.7969102 yri  0 0 0 0 0 0 0 0 0 0 0 0 0 0 0 0 0 0 0 0 0 0 0 0 0 0 0 0 0 0 0 0 0 0 0 0 0 0 0 0 0 0 0 0 0 0 0 0 0 0 0 0 0 0 0 0 0 0 0 0 0 0 0 0 0 0 0 0 0 0 0 0 0 0 0 0 0
geno chr6.7969117 ceu  0 0 0 0 0 0 1 0 0 0 1 0 1 0 1 0 0 0 0 0 1 0 1 0 0 0 0 0 0 0 0 1 0 0 1 0 1 0 0 0 0 0 0 0 0 0 0 0 0 0 0 0 0 0 0 0 0 0 0 0 0 0 0 0 0 0 1 0 0 1 0 1 0 0 0 1 0 0
geno chr6.7969117 fin  1 0 1 1 0 0 0 0 0 1 1 0 0 0 1 1 1 0 0 0 0 0 0 0 0 0 0 0 0 0 0 0 0 0 1 0 0 1 1 1 0 0 0 0 0 1 0 0 0 0 0 0 0 0 0 0 1 1 0 0 1 0 0 1 0 0 0 0 0 1 0 0 1 0 0 0 0 0 0 1 1 0 0 1 0 0 0 0 0
geno chr6.7969117 gbr  1 1 0 0 1 0 0 0 0 0 0 0 2 0 0 0 0 0 1 0 0 1 0 0 0 0 0 0 0 0 0 0 0 0 0 0 1 0 0 0 0 0 0 0 0 0 0 0 0 0 0 0 0 0 0 0 0 1 0 0 0 0 0 0 1 0 0 0 0 0 0 0 0 0 0 1 0 1 0 0 0 0 0 1
geno chr6.7969117 tsi  0 1 0 0 0 0 0 0 0 0 0 0 0 0 0 0 0 0 0 0 0 1 0 0 0 0 1 0 0 0 0 0 0 0 0 0 0 0 1 1 0 0 0 0 0 1 1 0 0 0 0 1 0 0 0 0 0 0 0 0 0 0 0 0 0 1 0 0 0 0 0 1 0 1 0 0 0 0 0 0 0 0 0 0 0 0 0 0 0 0 0 0
geno chr6.7969117 yri  0 0 0 0 0 1 0 1 1 1 0 0 0 0 1 1 2 1 1 0 1 0 0 1 1 0 0 0 0 0 0 0 1 0 0 0 1 0 1 0 0 0 1 1 1 0 1 1 0 0 0 0 0 0 0 0 0 0 1 1 0 0 0 0 0 0 0 1 1 1 2 0 0 0 0 0 1
geno chr6.7969253 ceu  0 0 0 0 0 0 0 0 0 0 0 0 0 0 0 0 0 0 0 0 0 0 0 0 0 0 0 0 0 0 0 1 0 1 0 0 1 0 0 0 0 0 0 0 0 0 0 0 0 0 0 0 1 0 0 1 0 0 0 1 0 0 0 0 0 0 0 0 0 0 0 0 0 0 0 0 0 0
geno chr6.7969253 fin  0 0 0 0 0 0 0 0 0 0 0 0 0 0 0 0 0 0 0 0 0 0 0 0 0 0 0 0 0 0 0 1 0 0 0 0 0 0 0 0 0 0 0 1 0 0 0 0 0 0 0 0 0 0 0 0 0 0 0 0 0 0 0 0 0 0 0 0 0 0 0 0 0 0 0 0 0 0 0 0 1 0 1 0 0 0 0 0 0
geno chr6.7969253 gbr  0 0 0 0 0 0 0 0 0 0 0 0 0 0 0 0 1 0 0 0 0 0 0 0 0 0 0 0 0 0 0 0 0 1 0 0 0 0 0 0 0 0 1 0 0 0 0 0 0 0 0 0 0 0 1 0 0 0 0 0 0 0 0 0 0 1 0 1 0 0 0 0 0 0 0 0 0 0 0 0 0 0 0 0
geno chr6.7969253 tsi  0 0 1 0 0 0 0 0 1 0 0 0 0 0 0 1 0 0 0 0 0 0 0 1 0 0 0 0 0 0 0 1 0 0 0 0 0 0 0 0 1 0 0 0 0 0 0 0 0 0 0 0 0 0 0 0 0 0 0 0 0 0 0 0 0 0 0 0 0 0 0 0 0 0 0 0 0 0 0 0 0 0 0 0 0 0 0 1 0 0 0 0
geno chr6.7969253 yri  0 0 0 0 0 0 0 1 0 0 0 0 1 0 0 0 0 0 0 0 0 0 1 0 1 0 1 0 0 0 0 0 0 0 0 0 0 0 1 0 0 0 0 0 0 0 0 0 0 0 0 0 0 0 0 0 0 0 0 1 0 0 0 0 0 0 0 0 0 0 0 0 0 0 0 0 0
geno chr6.7969660 ceu  0 0 0 0 1 2 0 0 0 0 1 0 0 0 0 0 0 0 0 0 0 0 0 0 0 0 0 1 1 1 0 0 0 0 0 0 0 0 0 0 0 0 0 0 1 0 1 0 0 0 0 0 0 1 0 0 0 0 0 0 0 0 1 0 0 0 1 1 0 0 0 0 1 0 0 0 0 0
geno chr6.7969660 fin  0 1 0 0 0 0 1 0 0 0 0 0 0 0 0 0 0 0 1 0 0 1 0 0 1 0 0 0 0 0 0 1 0 1 0 0 0 0 1 0 1 0 0 0 0 0 0 1 0 1 0 0 1 0 2 1 0 0 0 0 0 0 0 0 0 0 1 1 1 0 0 1 0 0 0 1 0 0 0 0 0 1 0 0 0 1 0 1 0
geno chr6.7969660 gbr  1 0 0 0 0 1 0 0 0 0 0 0 0 1 0 0 0 0 0 0 1 1 0 1 0 0 0 0 0 0 0 0 0 0 0 0 0 0 0 0 0 0 0 1 0 0 1 0 0 0 0 0 0 0 0 1 0 0 0 1 0 1 0 0 0 0 0 0 0 0 0 0 0 1 0 0 0 0 1 0 0 1 0 0
geno chr6.7969660 tsi  0 0 0 0 0 0 1 0 0 0 0 1 0 0 1 0 0 0 0 0 0 1 1 0 0 0 0 1 0 2 0 0 0 0 0 0 1 0 1 0 0 0 0 0 1 0 1 0 0 1 0 0 0 0 0 0 0 0 0 0 1 0 0 0 0 0 0 0 0 0 1 0 0 0 0 0 0 0 0 0 1 0 0 0 0 0 1 0 0 0 0 0
geno chr6.7969660 yri  0 1 0 0 0 0 0 0 0 0 0 0 0 0 0 0 0 0 0 0 0 0 0 0 0 0 0 0 0 0 0 0 0 0 0 0 0 0 0 0 0 0 0 0 0 0 0 0 1 1 0 0 0 0 1 0 0 0 0 0 0 0 0 0 0 0 0 0 0 0 0 0 0 0 0 0 0
geno chr6.7970210 ceu  0 1 0 1 0 0 0 0 0 0 0 0 0 1 0 0 0 0 0 0 0 1 0 0 0 0 0 0 0 0 0 0 1 0 0 0 0 0 0 0 0 1 1 0 0 0 0 0 0 0 0 0 0 0 0 0 1 0 0 0 0 0 0 1 0 0 0 0 0 0 0 1 0 0 0 0 0 0
geno chr6.7970210 fin  0 1 0 0 0 0 0 0 0 0 0 0 0 0 0 0 0 0 0 0 0 0 1 0 0 0 0 0 0 0 2 0 0 0 0 0 0 0 0 0 1 0 0 0 0 0 0 0 0 0 0 0 0 0 0 0 0 0 1 0 1 0 0 0 0 1 0 0 1 0 0 0 0 0 0 0 0 0 0 0 0 0 0 0 0 0 0 0 0
geno chr6.7970210 gbr  0 0 0 1 0 0 0 0 1 0 0 1 0 0 0 0 0 1 0 1 0 0 0 0 0 0 0 1 0 0 0 0 0 0 1 1 0 0 0 0 1 1 0 1 0 0 0 0 1 0 1 0 0 0 0 1 1 0 0 0 0 1 0 1 0 0 0 0 0 0 0 0 0 0 1 1 0 0 0 1 0 0 0 0
geno chr6.7970210 tsi  1 0 0 0 0 1 0 0 0 1 0 1 0 2 1 1 1 0 0 1 0 0 1 0 1 0 1 0 0 0 0 0 0 0 1 1 0 0 0 1 0 0 1 1 1 0 0 0 1 0 2 0 0 0 2 0 0 0 0 0 0 0 0 0 0 0 0 1 0 1 0 0 0 0 0 1 1 1 0 1 0 1 0 1 0 0 0 0 1 1 1 0
geno chr6.7970210 yri  0 0 0 0 0 0 0 0 0 0 0 0 0 0 0 0 0 0 0 0 0 0 0 0 0 0 0 0 0 0 0 0 0 0 0 0 0 0 0 0 0 0 0 0 0 0 0 0 0 0 0 0 0 0 0 0 0 0 0 0 0 0 0 0 0 0 0 0 0 0 0 0 0 0 0 0 0
geno chr6.7970540 ceu  1 2 2 1 0 0 0 1 1 1 0 1 1 2 0 1 1 0 1 2 0 2 0 1 2 1 1 0 1 1 1 1 2 2 1 1 1 1 1 0 2 1 2 2 1 1 1 0 1 1 2 1 1 0 1 2 1 2 2 1 2 0 1 1 1 2 0 0 1 0 2 1 1 2 1 1 0 2
geno chr6.7970540 fin  1 1 0 1 1 2 0 1 1 0 1 2 2 1 0 1 1 1 0 2 2 1 1 0 1 0 1 2 1 1 2 1 2 1 1 2 2 1 0 0 1 2 1 2 1 1 2 0 1 1 2 2 0 2 0 0 1 1 2 1 1 2 1 0 2 1 0 0 1 1 0 1 1 1 2 1 2 2 1 0 1 1 2 1 2 1 2 1 1
geno chr6.7970540 gbr  0 1 0 1 1 1 0 1 1 2 2 2 0 1 1 0 2 1 1 2 1 0 0 0 1 1 1 1 1 1 0 2 1 2 1 1 0 1 1 2 1 1 2 1 1 2 1 0 2 2 1 2 1 1 2 1 2 0 2 0 2 1 1 2 1 2 2 2 0 1 1 1 0 0 1 1 1 1 1 1 1 1 1 0
geno chr6.7970540 tsi  1 0 2 1 1 1 1 2 2 1 2 1 2 2 1 2 2 1 2 1 1 0 1 1 1 1 1 1 2 0 2 1 1 1 1 2 1 1 0 1 1 1 2 2 1 1 0 2 1 1 2 1 1 1 2 0 1 2 2 1 0 1 2 1 2 0 2 1 1 1 0 1 1 0 0 2 1 1 1 1 1 1 1 1 1 2 0 2 2 1 2 0
geno chr6.7970540 yri  1 0 1 0 1 1 1 1 1 0 0 0 2 0 2 0 2 0 1 0 2 0 2 1 1 0 2 1 0 0 2 0 2 1 0 1 1 0 2 0 1 0 0 0 1 0 0 1 1 0 0 0 0 2 1 0 1 0 1 2 0 1 0 1 1 1 0 1 2 1 2 1 1 2 1 1 1
geno chr6.7970552 ceu  0 0 0 0 0 0 1 0 0 0 1 0 1 0 1 0 0 0 0 0 1 0 1 0 0 0 0 0 0 0 0 1 0 0 1 0 1 0 0 0 0 0 0 0 0 0 0 0 0 0 0 0 0 0 0 0 0 0 0 0 0 0 0 0 0 0 1 0 0 1 0 1 0 0 0 1 0 0
geno chr6.7970552 fin  1 0 1 1 0 0 0 0 0 1 1 0 0 0 1 1 1 0 0 0 0 0 0 0 0 0 0 0 0 0 0 0 0 0 1 0 0 1 1 1 0 0 0 0 0 1 0 0 0 0 0 0 0 0 0 0 1 1 0 0 1 0 0 1 0 0 0 0 0 1 0 0 1 0 0 0 0 0 0 1 1 0 0 1 0 0 0 0 0
geno chr6.7970552 gbr  1 1 0 0 1 0 0 0 0 0 0 0 2 0 0 0 0 0 1 0 0 1 0 0 0 0 0 0 0 0 0 0 0 0 0 0 1 0 0 0 0 0 0 0 0 0 0 0 0 0 0 0 0 0 0 0 0 1 0 0 0 0 0 0 1 0 0 0 0 0 0 0 0 0 0 1 0 1 0 0 0 0 0 1
geno chr6.7970552 tsi  0 1 0 0 0 0 0 0 0 0 0 0 0 0 0 0 0 0 0 0 0 1 0 0 0 0 1 0 0 0 0 0 0 0 0 0 0 0 1 1 0 0 0 0 0 1 1 0 0 0 0 1 0 0 0 0 0 0 0 0 0 0 0 0 0 1 0 0 0 0 0 1 0 1 0 0 0 0 0 0 0 0 0 0 0 0 0 0 0 0 0 0
geno chr6.7970552 yri  0 0 0 0 0 0 0 0 0 1 1 0 0 0 0 1 0 1 0 0 0 0 0 0 1 1 0 0 0 0 0 0 0 0 0 0 0 0 0 0 0 0 1 1 1 1 1 0 0 0 0 0 0 0 0 0 0 0 0 0 0 0 0 0 0 0 1 1 0 1 0 0 0 0 0 0 0
geno chr6.7970777 ceu  0 0 0 0 0 2 0 0 0 0 1 0 0 0 0 0 0 0 0 0 0 0 0 0 0 0 0 0 0 1 0 0 0 0 0 0 0 0 0 0 0 0 0 0 0 0 1 0 0 0 0 0 0 1 0 0 0 0 0 0 0 0 1 0 0 0 0 1 0 0 0 0 1 0 0 0 0 0
geno chr6.7970777 fin  0 0 0 0 0 0 0 0 0 0 0 0 0 0 0 0 0 0 0 0 0 1 0 0 1 0 0 0 0 0 0 1 0 1 0 0 0 0 1 0 1 0 0 0 0 0 0 0 0 0 0 0 0 0 1 0 0 0 0 0 0 0 0 0 0 0 0 0 1 0 0 0 0 0 0 1 0 0 0 0 0 1 0 0 0 1 0 0 0
geno chr6.7970777 gbr  1 0 0 0 0 0 0 0 0 0 0 0 0 0 0 0 0 0 0 0 0 0 0 0 0 0 0 0 0 0 0 0 0 0 0 0 0 0 0 0 0 0 0 1 0 0 0 0 0 0 0 0 0 0 0 1 0 0 0 0 0 1 0 0 0 0 0 0 0 0 0 0 0 1 0 0 0 0 1 0 0 0 0 0
geno chr6.7970777 tsi  0 0 0 0 0 0 1 0 0 0 0 1 0 0 1 0 0 0 0 0 0 0 1 0 0 0 0 1 0 2 0 0 0 0 0 0 0 0 1 0 0 0 0 0 1 0 1 0 0 1 0 0 0 0 0 0 0 0 0 0 1 0 0 0 0 0 0 0 0 0 1 0 0 0 0 0 0 0 0 0 1 0 0 0 0 0 1 0 0 0 0 0
geno chr6.7970777 yri  0 0 0 0 0 0 0 0 0 0 0 0 0 0 0 0 0 0 0 0 0 0 0 0 0 0 0 0 0 0 0 0 0 0 0 0 0 0 0 0 0 0 0 0 0 0 0 0 0 0 0 0 0 0 0 0 0 0 0 0 0 0 0 0 0 0 0 0 0 0 0 0 0 0 0 0 0
geno chr6.7970912 ceu  0 1 0 1 0 0 0 0 0 0 0 0 0 1 0 0 0 0 0 0 0 1 0 0 0 0 0 0 0 0 0 1 1 1 0 0 1 0 0 0 0 1 1 0 0 0 0 0 0 0 0 0 1 0 0 1 1 0 0 1 0 0 0 1 0 0 0 0 0 0 0 1 0 0 0 0 0 0
geno chr6.7970912 fin  0 1 0 0 0 0 0 0 0 0 0 0 0 0 0 0 0 0 0 0 0 0 1 0 0 0 0 0 0 0 2 1 0 0 0 0 0 0 0 0 1 0 0 1 0 0 0 0 0 0 0 0 0 0 0 0 0 0 1 0 1 0 0 0 0 1 0 0 1 0 0 0 0 0 0 0 0 0 0 0 1 0 1 0 0 0 0 0 0
geno chr6.7970912 gbr  0 0 0 1 0 0 0 0 1 0 0 1 0 0 0 0 1 1 0 1 0 0 0 0 0 0 0 1 0 0 0 0 0 1 1 1 0 0 0 0 1 1 1 1 0 0 0 0 1 0 1 0 0 0 1 1 1 0 0 0 0 1 0 1 0 1 0 1 0 0 0 0 0 0 1 1 0 0 0 1 0 0 0 0
geno chr6.7970912 tsi  1 0 1 0 0 1 0 0 1 1 0 1 0 2 1 2 1 0 0 1 0 0 1 1 1 0 1 0 0 0 0 1 0 0 1 1 0 0 0 1 1 0 1 1 1 0 0 0 1 0 2 0 0 0 2 0 0 0 0 0 0 0 0 0 0 0 0 1 0 1 0 0 0 0 0 1 1 1 0 1 0 1 0 1 0 0 0 1 1 1 1 0
geno chr6.7970912 yri  1 0 1 0 1 1 0 1 1 0 0 0 2 0 2 0 2 0 1 0 2 0 2 1 1 0 2 1 0 0 2 0 2 0 0 1 1 0 2 0 1 0 0 0 1 0 0 1 1 0 0 0 0 1 1 0 0 0 1 2 0 1 0 0 1 1 0 0 0 1 2 1 1 2 1 1 1
geno chr6.7971911 ceu  0 1 0 1 0 0 0 0 0 0 0 0 0 1 0 0 0 0 0 0 0 1 0 0 0 0 0 0 0 0 0 0 1 0 0 0 0 0 0 0 0 1 1 0 0 0 0 0 0 0 0 0 0 0 0 0 1 0 0 0 0 0 0 1 0 0 0 0 0 0 0 1 0 0 0 0 0 0
geno chr6.7971911 fin  0 1 0 0 0 0 0 0 0 0 0 0 0 0 0 0 0 0 0 0 0 0 1 0 0 0 0 0 0 0 2 0 0 0 0 0 0 0 0 0 1 0 0 0 0 0 0 0 0 0 0 0 0 0 0 0 0 0 1 0 1 0 0 0 0 1 0 0 1 0 0 0 0 0 0 0 0 0 0 0 0 0 0 0 0 0 0 0 0
geno chr6.7971911 gbr  0 0 0 1 0 0 0 0 1 0 0 1 0 0 0 0 0 1 0 1 0 0 0 0 0 0 0 1 0 0 0 0 0 0 1 1 0 0 0 0 1 1 0 1 0 0 0 0 1 0 1 0 0 0 0 1 1 0 0 0 0 1 0 1 0 0 0 0 0 0 0 0 0 0 1 1 0 0 0 1 0 0 0 0
geno chr6.7971911 tsi  1 0 0 0 0 1 0 0 0 1 0 1 0 2 1 1 1 0 0 1 0 0 1 0 1 0 1 0 0 0 0 0 0 0 1 1 0 0 0 1 0 0 1 1 1 0 0 0 1 0 2 0 0 0 2 0 0 0 0 0 0 0 0 0 0 0 0 1 0 1 0 0 0 0 0 1 1 1 0 1 0 1 0 1 0 0 0 0 1 1 1 0
geno chr6.7971911 yri  0 0 0 0 0 0 0 0 0 0 0 0 0 0 0 0 0 0 0 0 0 0 0 0 0 0 0 0 0 0 0 0 0 0 0 0 0 0 0 0 0 0 0 0 0 0 0 0 0 0 0 0 0 0 0 0 0 0 0 0 0 0 0 0 0 0 0 0 0 0 0 0 0 0 0 0 0
geno chr6.7972013 ceu  0 1 0 1 0 0 0 0 0 0 0 0 0 1 0 0 0 0 0 0 0 1 0 0 0 0 0 0 0 0 0 0 1 0 0 0 0 0 0 0 0 1 1 0 0 0 0 0 0 0 0 0 0 0 0 0 1 0 0 0 0 0 0 1 0 0 0 0 0 0 0 1 0 0 0 0 0 0
geno chr6.7972013 fin  0 1 0 0 0 0 0 0 0 0 0 0 0 0 0 0 0 0 0 0 0 0 1 0 0 0 0 0 0 0 2 0 0 0 0 0 0 0 0 0 1 0 0 0 0 0 0 0 0 0 0 0 0 0 0 0 0 0 1 0 1 0 0 0 0 1 0 0 1 0 0 0 0 0 0 0 0 0 0 0 0 0 0 0 0 0 0 0 0
geno chr6.7972013 gbr  0 0 0 1 0 0 0 0 1 0 0 1 0 0 0 0 0 1 0 1 0 0 0 0 0 0 0 1 0 0 0 0 0 0 1 1 0 0 0 0 1 1 0 1 0 0 0 0 1 0 1 0 0 0 0 1 1 0 0 0 0 1 0 1 0 0 0 0 0 0 0 0 0 0 1 1 0 0 0 1 0 0 0 0
geno chr6.7972013 tsi  1 0 0 0 0 1 0 0 0 1 0 1 0 2 1 1 1 0 0 1 0 0 1 0 1 0 1 0 0 0 0 0 0 0 1 1 0 0 0 1 0 0 1 1 1 0 0 0 1 0 2 0 0 0 2 0 0 0 0 0 0 0 0 0 0 0 0 1 0 1 0 0 0 0 0 1 1 1 0 1 0 1 0 1 0 0 0 0 1 1 1 0
geno chr6.7972013 yri  0 0 0 0 0 0 0 0 0 0 0 0 0 0 0 0 0 0 0 0 0 0 0 0 0 0 0 0 0 0 0 0 0 0 0 0 0 0 0 0 0 0 0 0 0 0 0 0 0 0 0 0 0 0 0 0 0 0 0 0 0 0 0 0 0 0 0 0 0 0 0 0 0 0 0 0 0
geno chr6.7972477 ceu  1 1 2 0 0 0 1 1 1 1 1 1 2 1 1 1 1 0 1 2 1 1 1 1 2 1 1 0 1 1 1 1 1 1 2 1 1 1 1 0 2 0 1 2 1 1 1 0 1 1 2 1 0 0 1 1 0 2 2 0 2 0 1 0 1 2 1 0 1 1 2 1 1 2 1 2 0 2
geno chr6.7972477 fin  2 0 1 2 1 2 0 1 1 1 2 2 2 1 1 2 2 1 0 2 2 1 0 0 1 0 1 2 1 1 0 0 2 1 2 2 2 2 1 1 0 2 1 1 1 2 2 0 1 1 2 2 0 2 0 0 2 2 1 1 1 2 1 1 2 0 0 0 0 2 0 1 2 1 2 1 2 2 1 1 1 1 1 2 2 1 2 1 1
geno chr6.7972477 gbr  1 2 1 0 2 1 0 1 0 2 2 1 2 1 1 0 1 0 2 1 1 1 0 0 1 1 1 0 1 1 0 2 1 1 0 0 1 1 1 2 0 0 1 0 1 2 1 0 1 2 0 2 1 1 1 0 1 1 2 0 2 0 1 1 2 1 2 1 0 1 1 1 0 0 0 1 1 2 1 0 1 1 1 1
geno chr6.7972477 tsi  0 1 1 1 1 0 1 2 1 0 2 0 2 0 0 0 1 1 2 0 1 1 0 0 0 1 1 1 2 0 2 0 1 1 0 1 1 1 1 1 0 1 1 1 0 2 1 2 0 1 0 2 1 1 0 0 1 2 2 1 0 1 2 1 2 1 2 0 1 0 0 2 1 1 0 1 0 0 1 0 1 0 1 0 1 2 0 1 1 0 1 0
geno chr6.7972477 yri  1 1 1 2 1 0 0 1 0 1 2 0 1 0 1 1 0 2 1 0 0 0 0 0 1 2 0 1 2 0 1 1 0 0 1 1 0 1 0 0 1 1 2 1 1 1 1 0 0 1 0 0 1 1 1 0 0 0 1 0 1 1 1 0 1 1 1 1 0 2 0 2 1 1 1 1 0
geno chr6.7972534 ceu  0 1 0 1 0 0 0 0 0 0 0 0 0 1 0 0 0 0 0 0 0 1 0 0 0 0 0 0 0 0 0 0 1 0 0 0 0 0 0 0 0 1 1 0 0 0 0 0 0 0 0 0 0 0 0 0 1 0 0 0 0 0 0 1 0 0 0 0 0 0 0 1 0 0 0 0 0 0
geno chr6.7972534 fin  0 1 0 0 0 0 0 0 0 0 0 0 0 0 0 0 0 0 0 0 0 0 1 0 0 0 0 0 0 0 2 0 0 0 0 0 0 0 0 0 1 0 0 0 0 0 0 0 0 0 0 0 0 0 0 0 0 0 1 0 1 0 0 0 0 1 0 0 1 0 0 0 0 0 0 0 0 0 0 0 0 0 0 0 0 0 0 0 0
geno chr6.7972534 gbr  0 0 0 1 0 0 0 0 1 0 0 1 0 0 0 0 0 1 0 1 0 0 0 0 0 0 0 1 0 0 0 0 0 0 1 1 0 0 0 0 1 1 0 1 0 0 0 0 1 0 1 0 0 0 0 1 1 0 0 0 0 1 0 1 0 0 0 0 0 0 0 0 0 0 1 1 0 0 0 1 0 0 0 0
geno chr6.7972534 tsi  1 0 0 0 0 1 0 0 0 1 0 1 0 2 1 1 1 0 0 1 0 0 1 0 1 0 1 0 0 0 0 0 0 0 1 1 0 0 0 1 0 0 1 1 1 0 0 0 1 0 2 0 0 0 2 0 0 0 0 0 0 0 0 0 0 0 0 1 0 1 0 0 0 0 0 1 1 1 0 1 0 1 0 1 0 0 0 0 1 1 1 0
geno chr6.7972534 yri  0 0 0 0 0 0 0 0 0 0 0 0 0 0 0 0 0 0 0 0 0 0 0 0 0 0 0 0 0 0 0 0 0 0 0 0 0 0 0 0 0 0 0 0 0 0 0 0 0 0 0 0 0 0 0 0 0 0 0 0 0 0 0 0 0 0 0 0 0 0 0 0 0 0 0 0 0
geno chr6.7972676 ceu  0 0 0 1 2 2 1 1 1 1 1 1 0 0 1 1 1 2 1 0 1 0 1 1 0 1 1 2 1 1 1 1 0 1 0 1 1 1 1 1 0 1 0 0 1 1 1 2 1 1 0 1 2 2 1 1 1 0 0 2 0 2 1 1 1 0 1 2 1 1 0 0 1 0 1 0 2 0
geno chr6.7972676 fin  0 1 1 0 1 0 1 1 1 1 0 0 0 1 1 0 0 1 2 0 0 1 1 2 1 2 1 0 1 1 0 2 0 1 0 0 0 0 1 1 1 0 1 1 1 0 0 2 1 1 0 0 2 0 2 2 0 0 0 1 0 0 1 1 0 1 2 2 1 0 2 1 0 1 0 1 0 0 1 1 1 1 1 0 0 1 0 1 1
geno chr6.7972676 gbr  1 0 2 1 0 1 2 0 1 0 0 0 0 1 1 2 1 1 0 0 1 1 2 2 1 1 1 0 1 1 2 0 1 1 1 1 1 1 1 0 1 1 1 1 1 0 1 2 0 0 1 0 1 1 1 1 0 1 0 2 0 1 1 0 0 1 0 1 2 1 1 1 2 2 1 0 1 0 1 1 1 1 1 0
geno chr6.7972676 tsi  1 1 1 1 0 1 1 0 1 1 0 1 0 0 1 1 0 1 0 1 1 1 1 2 1 1 0 1 0 2 0 2 1 1 0 0 1 1 1 0 2 1 0 0 1 0 1 0 1 1 0 0 0 1 0 2 1 0 0 1 2 1 0 1 0 0 0 1 1 1 2 0 1 0 2 0 1 1 1 1 1 1 1 1 1 0 2 1 0 0 0 2
geno chr6.7972676 yri  1 1 0 0 1 0 0 1 0 1 0 2 1 2 0 1 0 0 0 1 0 2 1 1 1 0 1 1 0 2 0 1 0 1 1 1 1 1 1 2 1 1 0 1 0 1 1 1 1 1 2 2 0 0 1 1 0 2 0 1 1 1 1 1 1 1 0 0 0 0 0 0 1 0 1 1 1
geno chr6.7972713 ceu  0 1 0 1 0 0 0 0 0 0 0 0 0 1 0 0 0 0 0 0 0 1 0 0 0 0 0 0 0 0 0 0 1 0 0 0 0 0 0 0 0 1 1 0 0 0 0 0 0 0 0 0 0 0 0 0 1 0 0 0 0 0 0 1 0 0 0 0 0 0 0 1 0 0 0 0 0 0
geno chr6.7972713 fin  0 1 0 0 0 0 0 0 0 0 0 0 0 0 0 0 0 0 0 0 0 0 1 0 0 0 0 0 0 0 2 0 0 0 0 0 0 0 0 0 1 0 0 0 0 0 0 0 0 0 0 0 0 0 0 0 0 0 1 0 1 0 0 0 0 1 0 0 1 0 0 0 0 0 0 0 0 0 0 0 0 0 0 0 0 0 0 0 0
geno chr6.7972713 gbr  0 0 0 1 0 0 0 0 1 0 0 1 0 0 0 0 0 1 0 1 0 0 0 0 0 0 0 1 0 0 0 0 0 0 1 1 0 0 0 0 1 1 0 1 0 0 0 0 1 0 1 0 0 0 0 1 1 0 0 0 0 1 0 1 0 0 0 0 0 0 0 0 0 0 1 1 0 0 0 1 0 0 0 0
geno chr6.7972713 tsi  1 0 0 0 0 1 0 0 0 1 0 1 0 2 1 1 1 0 0 1 0 0 1 0 1 0 1 0 0 0 0 0 0 0 1 1 0 0 0 1 0 0 1 1 1 0 0 0 1 0 2 0 0 0 2 0 0 0 0 0 0 0 0 0 0 0 0 1 0 1 0 0 0 0 0 1 1 1 0 1 0 1 0 1 0 0 0 0 1 1 1 0
geno chr6.7972713 yri  0 0 0 0 0 0 0 0 0 0 0 0 0 0 0 0 0 0 0 0 0 0 0 0 0 0 0 0 0 0 0 0 0 0 0 0 0 0 0 0 0 0 0 0 0 0 0 0 0 0 0 0 0 0 0 0 0 0 0 0 0 0 0 0 0 0 0 0 0 0 0 0 0 0 0 0 0
geno chr6.7973380 ceu  0 1 0 2 2 2 1 1 1 1 1 1 0 1 1 1 1 2 1 0 1 1 1 1 0 1 1 2 1 1 1 1 1 1 0 1 1 1 1 1 0 2 1 0 1 1 1 2 1 1 0 1 2 2 1 1 2 0 0 2 0 2 1 2 1 0 1 2 1 1 0 1 1 0 1 0 2 0
geno chr6.7973380 fin  0 2 1 0 1 0 1 1 1 1 0 0 0 1 1 0 0 1 2 0 0 1 2 2 1 2 1 0 1 1 2 2 0 1 0 0 0 0 1 1 2 0 1 1 1 0 0 2 1 1 0 0 2 0 2 2 0 0 1 1 1 0 1 1 0 2 2 2 2 0 2 1 0 1 0 1 0 0 1 1 1 1 1 0 0 1 0 1 1
geno chr6.7973380 gbr  1 0 2 2 0 1 2 0 2 0 0 1 0 1 1 2 1 2 0 1 1 1 2 2 1 1 1 1 1 1 2 0 1 1 2 2 1 1 1 0 2 2 1 2 1 0 1 2 1 0 2 0 1 1 1 2 1 1 0 2 0 2 1 1 0 1 0 1 2 1 1 1 2 2 2 1 1 0 1 2 1 1 1 0
geno chr6.7973380 tsi  2 1 1 1 0 2 1 0 1 2 0 2 0 2 2 2 1 1 0 2 1 1 2 2 2 1 1 1 0 2 0 2 1 1 1 1 1 1 1 1 2 1 1 1 2 0 1 0 2 1 2 0 0 1 2 2 1 0 0 1 2 1 0 1 0 0 0 2 1 2 2 0 1 0 2 1 2 2 1 2 1 2 1 2 1 0 2 1 1 1 1 2
geno chr6.7973380 yri  1 1 0 0 1 1 1 1 1 1 1 2 1 2 1 1 2 0 1 1 2 2 2 2 1 0 2 1 0 2 1 1 2 2 1 1 2 1 2 2 1 1 0 1 1 1 1 2 2 1 2 2 0 1 1 1 1 2 1 2 1 1 1 2 1 1 0 1 2 0 2 0 1 1 1 1 2
geno chr6.7973604 ceu  0 1 0 1 0 0 0 0 0 0 0 0 0 1 0 0 0 0 0 0 0 1 0 0 0 0 0 0 0 0 0 0 1 0 0 0 0 0 0 0 0 1 1 0 0 0 0 0 0 0 0 0 0 0 0 0 1 0 0 0 0 0 0 1 0 0 0 0 0 0 0 1 0 0 0 0 0 0
geno chr6.7973604 fin  0 1 0 0 0 0 0 0 0 0 0 0 0 0 0 0 0 0 0 0 0 0 1 0 0 0 0 0 0 0 2 0 0 0 0 0 0 0 0 0 1 0 0 0 0 0 0 0 0 0 0 0 0 0 0 0 0 0 1 0 1 0 0 0 0 1 0 0 1 0 0 0 0 0 0 0 0 0 0 0 0 0 0 0 0 0 0 0 0
geno chr6.7973604 gbr  0 0 0 1 0 0 0 0 1 0 0 1 0 0 0 0 0 1 0 1 0 0 0 0 0 0 0 1 0 0 0 0 0 0 1 1 0 0 0 0 1 1 0 1 0 0 0 0 1 0 1 0 0 0 0 1 1 0 0 0 0 1 0 1 0 0 0 0 0 0 0 0 0 0 1 1 0 0 0 1 0 0 0 0
geno chr6.7973604 tsi  1 0 0 0 0 1 0 0 0 1 0 1 0 2 1 1 1 0 0 1 0 0 1 0 1 0 1 0 0 0 0 0 0 0 1 1 0 0 0 1 0 0 1 1 1 0 0 0 1 0 2 0 0 0 2 0 0 0 0 0 0 0 0 0 0 0 0 1 0 1 0 0 0 0 0 1 1 1 0 1 0 1 0 1 0 0 0 0 1 1 1 0
geno chr6.7973604 yri  0 0 0 0 0 0 0 0 0 0 0 0 0 0 0 0 0 0 0 0 0 0 0 0 0 0 0 0 0 0 0 0 0 0 0 0 0 0 0 0 0 0 0 0 0 0 0 0 0 0 0 0 0 1 0 0 0 0 0 0 0 0 0 0 0 0 0 1 0 0 0 0 0 0 0 0 0
geno chr6.7973641 ceu  0 1 0 2 2 2 1 1 1 1 1 1 0 1 1 1 1 2 1 0 1 1 1 1 0 1 1 2 1 1 1 1 1 1 0 1 1 1 1 1 0 2 1 0 1 1 1 2 1 1 0 1 2 2 1 1 2 0 0 2 0 2 1 2 1 0 1 2 1 1 0 1 1 0 1 0 2 0
geno chr6.7973641 fin  0 2 1 0 1 0 1 1 1 1 0 0 0 1 1 0 0 1 2 0 0 1 2 2 1 2 1 0 1 1 2 2 0 1 0 0 0 0 1 1 2 0 1 1 1 0 0 2 1 1 0 0 2 0 2 2 0 0 1 1 1 0 1 1 0 2 2 2 2 0 2 1 0 1 0 1 0 0 1 1 1 1 1 0 0 1 0 1 1
geno chr6.7973641 gbr  1 0 2 2 0 1 2 0 2 0 0 1 0 1 1 2 1 2 0 1 1 1 2 2 1 1 1 1 1 1 2 0 1 1 2 2 1 1 1 0 2 2 1 2 1 0 1 2 1 0 2 0 1 1 1 2 1 1 0 2 0 2 1 1 0 1 0 1 2 1 1 1 2 2 2 1 1 0 1 2 1 1 1 0
geno chr6.7973641 tsi  2 1 1 1 0 2 1 0 1 2 0 2 0 2 2 2 1 1 0 2 1 1 2 2 2 1 1 1 0 2 0 2 1 1 1 1 1 1 1 1 2 1 1 1 2 0 1 0 2 1 2 0 0 1 2 2 1 0 0 1 2 1 0 1 0 0 0 2 1 2 2 0 1 0 2 1 2 2 1 2 1 2 1 2 1 0 2 1 1 1 1 2
geno chr6.7973641 yri  1 1 0 0 1 1 1 1 1 1 1 2 1 2 1 1 2 0 1 1 2 2 2 2 1 0 2 1 0 2 1 1 2 2 1 1 2 1 2 2 1 1 0 1 1 1 1 2 2 1 2 2 0 1 1 1 1 2 1 2 1 1 1 2 1 1 0 1 2 0 2 0 1 1 1 1 2
geno chr6.7973780 ceu  1 1 2 0 0 0 0 1 1 1 0 1 1 1 0 1 1 0 1 2 0 1 0 1 2 1 1 0 1 1 1 0 1 1 1 1 0 1 1 0 2 0 1 2 1 1 1 0 1 1 2 1 0 0 1 1 0 2 2 0 2 0 1 0 1 2 0 0 1 0 2 0 1 2 1 1 0 2
geno chr6.7973780 fin  1 0 0 1 1 2 0 1 1 0 1 2 2 1 0 1 1 1 0 2 2 1 0 0 1 0 1 2 1 1 0 0 2 1 1 2 2 1 0 0 0 2 1 1 1 1 2 0 1 1 2 2 0 2 0 0 1 1 1 1 0 2 1 0 2 0 0 0 0 1 0 1 1 1 2 1 2 2 1 0 0 1 1 1 2 1 2 1 1
geno chr6.7973780 gbr  0 1 0 0 1 1 0 1 0 2 2 1 0 1 1 0 1 0 1 1 1 0 0 0 1 1 1 0 1 1 0 2 1 1 0 0 0 1 1 2 0 0 1 0 0 2 1 0 1 2 0 2 1 1 1 0 1 0 2 0 2 0 1 1 1 1 2 1 0 1 1 1 0 0 0 0 1 1 1 0 1 1 1 0
geno chr6.7973780 tsi  0 0 1 1 1 0 1 2 1 0 2 0 2 0 0 0 1 1 2 0 1 0 0 0 0 1 0 1 2 0 2 0 1 1 0 1 1 1 0 0 0 1 1 1 0 1 0 2 0 1 0 1 1 1 0 0 1 2 2 1 0 1 2 1 2 0 2 0 1 0 0 1 1 0 0 1 0 0 1 0 1 0 1 0 1 2 0 1 1 0 1 0
geno chr6.7973780 yri  0 0 0 0 0 0 0 0 0 0 0 0 0 0 0 0 0 0 0 0 0 0 0 0 0 0 0 0 0 0 0 0 0 0 0 0 0 0 0 0 0 0 0 0 0 0 0 0 0 0 0 0 0 0 0 0 0 0 0 0 0 0 0 0 0 0 0 0 0 0 0 0 0 0 0 0 0
geno chr6.7973917 ceu  0 0 0 1 2 2 1 1 1 1 1 1 0 0 1 1 1 2 1 0 1 0 1 1 0 1 1 2 1 1 1 1 0 1 0 1 1 1 1 1 0 1 0 0 1 1 1 2 1 1 0 1 2 2 1 1 1 0 0 2 0 2 1 1 1 0 1 2 1 1 0 0 1 0 1 0 2 0
geno chr6.7973917 fin  0 1 1 1 1 0 1 1 1 1 0 0 0 1 1 0 0 1 2 0 0 1 1 2 1 2 1 0 1 1 0 2 0 1 1 0 0 0 1 1 1 0 1 1 1 0 0 2 1 1 0 0 2 0 2 2 0 0 0 1 0 0 1 1 0 1 2 2 1 0 2 1 0 1 0 1 0 0 1 1 1 1 1 0 0 1 0 1 1
geno chr6.7973917 gbr  1 0 2 1 0 1 2 0 1 0 0 0 0 1 1 2 1 1 1 0 1 1 2 2 1 1 1 0 1 1 2 0 1 1 1 1 1 1 1 0 1 1 1 1 1 0 1 2 0 0 1 0 1 1 1 0 0 1 0 2 0 1 1 0 0 1 0 1 2 1 1 1 2 2 1 0 1 0 1 1 1 1 1 0
geno chr6.7973917 tsi  1 1 1 1 0 1 1 0 1 1 0 1 0 0 1 1 0 1 0 1 1 1 1 2 1 1 0 1 0 2 0 2 1 1 0 0 1 1 1 0 2 1 0 0 1 0 1 0 1 1 0 0 0 1 0 2 1 0 0 1 2 1 0 1 0 0 0 1 1 1 2 0 1 0 2 0 1 1 1 1 1 1 1 1 1 0 2 1 0 0 0 2
geno chr6.7973917 yri  1 1 0 0 1 1 1 1 1 1 0 2 1 2 1 1 2 0 1 1 2 2 2 2 1 0 2 1 0 2 1 1 2 2 1 1 2 1 2 2 1 1 0 1 1 1 1 2 2 1 2 2 0 1 1 1 0 2 1 2 1 1 1 1 1 1 0 1 1 0 2 0 1 1 1 1 2
geno chr6.7974257 ceu  1 1 2 0 0 0 0 1 1 1 0 1 1 1 0 1 1 0 1 2 0 1 0 1 2 1 1 0 0 1 1 0 1 1 1 1 0 1 1 0 2 0 1 2 1 1 1 0 1 1 2 1 0 0 1 1 0 2 2 0 2 0 1 0 1 2 0 0 1 0 2 0 1 2 1 1 0 2
geno chr6.7974257 fin  1 0 0 1 1 2 0 1 1 0 1 2 2 1 0 1 1 1 0 2 2 1 0 0 1 0 1 2 1 1 0 0 2 1 1 2 2 1 0 0 0 2 1 1 1 1 2 0 1 1 2 2 0 2 0 0 1 1 1 1 0 2 1 0 2 0 0 0 0 1 0 1 1 1 2 1 2 2 1 0 0 1 1 1 2 1 2 1 1
geno chr6.7974257 gbr  0 1 0 0 1 1 0 1 0 2 2 1 0 1 1 0 1 0 1 1 1 0 0 0 1 1 1 0 1 1 0 2 1 1 0 0 0 0 1 2 0 0 1 0 0 2 1 0 1 2 0 2 1 1 1 0 1 0 2 0 2 0 1 1 1 1 2 1 0 1 1 1 0 0 0 0 1 1 2 0 1 1 1 0
geno chr6.7974257 tsi  0 0 1 1 1 0 1 2 1 0 2 0 2 0 0 0 1 1 2 0 1 0 0 0 0 1 0 1 2 0 2 0 1 1 0 1 1 1 0 0 0 1 1 1 0 1 0 2 0 1 0 1 1 1 0 0 1 2 2 1 0 1 2 1 2 0 2 0 1 0 0 1 1 0 0 1 0 0 1 0 1 0 1 0 1 2 0 1 1 0 1 0
geno chr6.7974257 yri  0 0 0 0 0 0 0 0 0 0 0 0 0 0 0 0 0 0 0 0 0 0 0 0 0 0 0 0 0 0 0 0 0 0 0 0 0 0 0 0 0 0 0 0 0 0 0 0 0 0 0 0 0 0 0 0 0 0 0 0 0 0 0 0 0 0 0 0 0 0 0 0 0 0 0 0 0
geno chr6.7974285 ceu  0 0 0 1 2 2 1 1 1 1 1 1 0 0 1 1 1 2 1 0 1 0 1 1 0 1 1 2 2 1 1 1 0 1 0 1 1 1 1 1 0 1 0 0 1 1 1 2 1 1 0 1 2 2 1 1 1 0 0 2 0 2 1 1 1 0 1 2 1 1 0 0 1 0 1 0 2 0
geno chr6.7974285 fin  0 1 1 0 1 0 1 1 1 1 0 0 0 1 1 0 0 1 2 0 0 1 1 2 1 2 1 0 1 1 0 2 0 1 0 0 0 0 1 1 1 0 1 1 1 0 0 2 1 1 0 0 2 0 2 2 0 0 0 1 0 0 1 1 0 1 2 2 1 0 2 1 0 1 0 1 0 0 1 1 1 1 1 0 0 1 0 1 1
geno chr6.7974285 gbr  1 0 2 1 0 1 2 0 1 0 0 0 0 1 1 2 1 1 0 0 1 1 2 2 1 1 1 0 1 1 2 0 1 1 1 2 1 2 1 0 1 1 1 1 1 0 1 2 0 0 1 0 1 1 1 1 0 1 0 2 0 1 1 0 0 1 0 1 2 1 1 1 2 2 1 0 1 0 0 1 1 1 1 0
geno chr6.7974285 tsi  1 1 1 1 0 1 1 0 1 1 0 1 0 0 1 1 0 1 0 1 1 1 1 2 1 1 0 1 0 2 0 2 1 1 0 0 1 1 1 0 2 1 0 0 1 0 1 0 1 1 0 0 0 1 0 2 1 0 0 1 2 1 0 1 0 0 0 1 1 1 2 0 1 0 2 0 1 1 1 1 1 1 1 1 1 0 2 1 0 0 0 2
geno chr6.7974285 yri  1 1 0 0 1 0 0 1 0 1 0 2 1 2 0 1 0 0 0 1 0 2 1 1 1 0 1 1 0 2 0 1 0 1 1 1 1 1 1 2 0 1 0 1 0 1 1 1 1 1 2 2 0 0 1 1 0 2 0 1 1 1 1 1 1 1 0 0 0 0 0 0 1 0 1 1 1
geno chr6.7974291 ceu  1 2 2 1 0 0 0 1 1 1 0 1 1 2 0 1 1 0 1 2 0 2 0 1 2 1 1 0 0 1 1 0 2 1 1 1 0 1 1 0 2 1 2 2 1 1 1 0 1 1 2 1 0 0 1 1 1 2 2 0 2 0 1 1 1 2 0 0 1 0 2 1 1 2 1 1 0 2
geno chr6.7974291 fin  1 1 0 1 1 2 0 1 1 0 1 2 2 1 0 1 1 1 0 2 2 1 1 0 1 0 1 2 1 1 2 0 2 1 1 2 2 1 0 0 1 2 1 1 1 1 2 0 1 1 2 2 0 2 0 0 1 1 2 1 1 2 1 0 2 1 0 0 1 1 0 1 1 1 2 1 2 2 1 0 0 1 1 1 2 1 2 1 1
geno chr6.7974291 gbr  0 1 0 1 1 1 0 1 1 2 2 2 0 1 1 0 1 1 1 2 1 0 0 0 1 1 1 1 1 1 0 2 1 1 1 0 0 0 1 2 1 1 1 1 0 2 1 0 2 2 1 2 1 1 1 1 2 0 2 0 2 1 1 2 1 1 2 1 0 1 1 1 0 0 1 1 1 1 2 1 1 1 1 0
geno chr6.7974291 tsi  1 0 1 1 1 1 1 2 1 1 2 1 2 2 1 1 2 1 2 1 1 0 1 0 1 1 1 1 2 0 2 0 1 1 1 2 1 1 0 1 0 1 2 2 1 1 0 2 1 1 2 1 1 1 2 0 1 2 2 1 0 1 2 1 2 0 2 1 1 1 0 1 1 0 0 2 1 1 1 1 1 1 1 1 1 2 0 1 2 1 2 0
geno chr6.7974291 yri  0 0 0 0 0 0 0 0 0 0 0 0 0 0 0 0 0 0 0 0 0 0 0 0 0 0 0 0 0 0 0 0 0 1 0 0 0 0 0 0 0 0 0 0 0 0 0 0 0 0 0 0 1 0 0 0 1 0 0 0 0 0 0 1 0 0 0 0 0 0 0 0 0 0 0 0 0
geno chr6.7974445 ceu  0 0 0 0 1 0 1 0 0 1 0 0 0 0 0 0 0 1 0 0 1 0 0 0 0 0 0 1 0 0 0 0 0 0 0 1 0 1 0 1 0 0 0 0 0 1 0 2 0 0 0 0 0 0 1 0 0 0 0 0 0 1 0 0 0 0 0 0 1 1 0 0 0 0 0 0 1 0
geno chr6.7974445 fin  0 0 0 0 0 0 0 1 0 0 0 0 0 0 0 0 0 1 0 0 0 0 0 0 0 0 0 0 0 0 0 0 0 0 0 0 0 0 0 0 0 0 0 0 0 0 0 0 0 0 0 0 0 0 0 0 0 0 0 0 0 0 0 0 0 0 0 0 0 0 0 0 0 0 0 0 0 0 0 0 0 0 0 0 0 0 0 0 0
geno chr6.7974445 gbr  0 0 0 0 0 0 1 0 0 0 0 0 0 0 0 1 0 0 0 0 0 0 1 0 0 0 1 0 1 0 1 0 1 0 1 0 0 0 0 0 0 0 0 0 1 0 0 1 0 0 0 0 0 0 0 0 0 0 0 0 0 0 0 0 0 0 0 0 0 0 0 0 1 0 1 0 0 0 0 0 0 0 0 0
geno chr6.7974445 tsi  0 0 0 0 0 1 0 0 0 0 0 0 0 0 0 0 0 0 0 0 0 0 0 1 1 0 0 0 0 0 0 0 0 0 0 0 0 1 0 0 0 1 0 0 0 0 0 0 0 0 0 0 0 1 0 1 0 0 0 0 0 0 0 0 0 0 0 0 0 1 1 0 1 0 1 0 1 0 1 0 0 0 1 0 0 0 1 0 0 0 0 1
geno chr6.7974445 yri  0 0 0 0 0 0 0 0 0 0 0 0 0 0 0 0 0 0 0 0 1 0 0 0 0 0 1 0 0 0 1 0 1 0 0 0 0 0 0 0 0 0 0 0 0 0 0 0 0 0 0 0 0 0 0 0 0 0 0 0 0 0 0 0 0 0 0 0 0 0 0 0 0 1 0 0 0
geno chr6.7974682 ceu  0 0 0 1 1 2 0 1 1 0 1 1 0 0 1 1 1 1 1 0 0 0 1 1 0 1 1 1 2 1 1 0 0 0 0 0 0 0 1 0 0 1 0 0 1 0 1 0 1 1 0 1 1 2 0 0 1 0 0 1 0 1 1 1 1 0 1 2 0 0 0 1 1 0 1 0 1 0
geno chr6.7974682 fin  0 1 1 0 1 0 1 0 1 1 0 0 0 1 1 0 0 0 2 0 0 1 1 2 1 2 1 0 1 1 0 1 0 1 0 0 0 0 1 1 1 0 1 0 1 0 0 2 1 1 0 0 2 0 2 2 0 0 0 1 0 0 1 1 1 1 2 2 1 0 2 1 0 1 0 2 1 0 1 1 0 1 0 0 0 1 0 1 1
geno chr6.7974682 gbr  1 0 2 1 0 1 1 0 1 0 0 0 0 1 1 1 0 1 0 0 1 1 1 2 0 1 0 0 0 1 1 0 0 0 0 2 1 2 1 0 1 1 0 1 0 0 1 1 0 0 1 0 1 0 0 1 0 1 0 2 0 1 1 0 0 0 0 0 2 1 1 1 1 2 0 0 1 0 0 1 1 1 1 0
geno chr6.7974682 tsi  1 1 0 1 0 0 1 0 0 1 0 1 0 0 1 0 0 1 0 1 1 1 1 0 0 1 0 1 0 2 0 1 1 1 0 0 1 0 1 0 1 0 0 0 1 0 1 0 1 1 0 0 0 0 0 1 1 0 0 1 2 1 0 1 0 0 0 1 1 0 1 0 0 0 1 0 0 1 0 1 2 1 0 1 1 0 1 0 0 0 0 1
geno chr6.7974682 yri  1 1 0 0 1 1 0 0 1 1 0 2 1 2 1 1 2 0 1 1 1 2 0 2 0 0 0 1 0 2 0 1 1 2 1 1 2 0 2 2 0 1 0 1 1 1 1 2 1 1 2 2 0 0 1 0 1 2 0 1 1 1 1 2 0 1 0 0 0 0 2 0 1 0 1 1 2
geno chr6.7974683 ceu  0 1 0 2 1 2 0 1 1 0 1 1 0 1 1 1 1 1 1 0 0 1 1 1 0 1 1 1 2 1 1 0 1 0 0 0 0 0 1 0 0 2 1 0 1 0 1 0 1 1 0 1 1 2 0 0 2 0 0 1 0 1 1 2 1 0 1 2 0 0 0 1 1 0 1 0 1 0
geno chr6.7974683 fin  0 2 1 0 1 0 1 0 1 1 0 0 0 1 1 0 0 0 2 0 0 1 2 2 1 2 1 0 1 1 2 1 0 1 0 0 0 0 1 1 2 0 1 0 1 0 0 2 1 1 0 0 2 0 2 2 0 0 1 1 1 0 1 1 1 2 2 2 2 0 2 1 0 1 0 2 1 0 1 1 0 1 0 0 0 1 0 1 1
geno chr6.7974683 gbr  1 0 2 2 0 1 1 0 2 0 0 1 0 1 1 1 0 2 0 1 1 1 1 2 0 1 0 1 0 1 1 0 0 0 1 2 1 2 1 0 2 2 0 2 0 0 1 2 1 0 2 0 1 0 0 2 1 1 0 2 0 2 1 1 0 0 0 0 2 1 1 1 1 2 1 1 1 0 0 2 1 1 1 0
geno chr6.7974683 tsi  2 1 0 1 0 1 1 0 0 2 0 2 0 2 2 1 1 1 0 2 1 1 2 0 1 1 1 1 0 2 0 1 1 1 1 1 1 0 1 1 1 0 1 1 2 0 1 0 2 1 2 0 0 0 2 1 1 0 0 1 2 1 0 1 0 0 0 2 1 1 1 0 0 0 1 1 1 2 0 2 2 2 0 2 1 0 1 0 1 1 1 1
geno chr6.7974683 yri  1 1 0 0 1 1 0 0 1 1 0 2 1 2 1 1 2 0 1 1 1 2 0 2 0 0 0 1 0 2 0 1 1 2 1 1 2 0 2 2 0 1 0 1 1 1 1 2 1 1 2 2 0 0 1 0 1 2 0 1 1 1 1 2 0 1 0 0 0 0 2 0 1 0 1 1 2
geno chr6.7974684 ceu  0 0 0 1 1 2 0 1 1 0 1 1 0 0 1 1 1 1 1 0 0 0 1 1 0 1 1 1 2 1 1 0 0 0 0 0 0 0 1 0 0 1 0 0 1 0 1 0 1 1 0 1 1 2 0 0 1 0 0 1 0 1 1 1 1 0 1 2 0 0 0 0 1 0 1 0 1 0
geno chr6.7974684 fin  0 1 1 0 1 0 1 0 1 1 0 0 0 1 1 0 0 0 2 0 0 1 1 2 1 2 1 0 1 1 0 1 0 1 0 0 0 0 1 1 1 0 1 0 1 0 0 2 1 1 0 0 2 0 2 2 0 0 0 1 0 0 1 1 1 1 2 2 1 0 2 1 0 1 0 2 1 0 1 1 0 1 0 0 0 1 0 1 1
geno chr6.7974684 gbr  1 0 2 1 0 1 1 0 1 0 0 0 0 1 1 1 0 1 0 0 1 1 1 2 0 1 0 0 0 1 1 0 0 0 0 2 1 2 1 0 1 1 0 1 0 0 1 2 0 0 1 0 1 0 0 1 0 1 0 2 0 1 1 0 0 0 0 0 2 1 1 1 1 2 0 0 1 0 0 1 1 1 1 0
geno chr6.7974684 tsi  1 1 0 1 0 0 1 0 0 1 0 1 0 0 1 0 0 1 0 1 1 1 1 0 0 1 0 1 0 2 0 1 1 1 0 0 1 0 1 0 1 0 0 0 1 0 1 0 1 1 0 0 0 0 0 1 1 0 0 1 2 1 0 1 0 0 0 1 1 0 1 0 0 0 1 0 0 1 0 1 2 1 0 1 1 0 1 0 0 0 0 1
geno chr6.7974684 yri  1 1 0 0 1 1 0 0 1 1 0 2 1 2 1 1 2 0 1 1 1 2 0 2 0 0 0 1 0 2 0 1 1 2 1 1 2 0 2 2 0 1 0 1 1 1 1 2 1 1 2 2 0 0 1 0 1 2 0 1 1 1 1 2 0 1 0 0 0 0 2 0 1 0 1 1 2
geno chr6.7974685 ceu  0 0 0 1 1 2 0 1 1 0 1 1 0 0 1 1 1 1 1 0 0 0 1 1 0 1 1 1 2 1 1 0 0 0 0 0 0 0 1 0 0 1 0 0 1 0 1 0 1 1 0 1 1 2 0 0 1 0 0 1 0 1 1 1 1 0 1 2 0 0 0 0 1 0 1 0 1 0
geno chr6.7974685 fin  0 1 1 0 1 0 1 0 1 1 0 0 0 1 1 0 0 0 2 0 0 1 1 2 1 2 1 0 1 1 0 1 0 1 0 0 0 0 1 1 1 0 1 0 1 0 0 2 1 1 0 0 2 0 2 2 0 0 0 1 0 0 1 1 1 1 2 2 1 0 2 1 0 1 0 2 1 0 1 1 0 1 0 0 0 1 0 1 1
geno chr6.7974685 gbr  1 0 2 1 0 1 1 0 1 0 0 0 0 1 1 1 0 1 0 0 1 1 1 2 0 1 0 0 0 1 1 0 0 0 0 2 1 2 1 0 1 1 0 1 0 0 1 2 0 0 1 0 1 0 0 1 0 1 0 2 0 1 1 0 0 0 0 0 2 1 1 1 1 2 0 0 1 0 0 1 1 1 1 0
geno chr6.7974685 tsi  1 1 0 1 0 0 1 0 0 1 0 1 0 0 1 0 0 1 0 1 1 1 1 0 0 1 0 1 0 2 0 1 1 1 0 0 1 0 1 0 1 0 0 0 1 0 1 0 1 1 0 0 0 0 0 1 1 0 0 1 2 1 0 1 0 0 0 1 1 0 1 0 0 0 1 0 0 1 0 1 2 1 0 1 1 0 1 0 0 0 0 1
geno chr6.7974685 yri  1 1 0 0 1 1 0 0 1 1 0 2 1 2 1 1 2 0 1 1 1 2 0 2 0 0 0 1 0 2 0 1 1 2 1 1 2 0 2 2 0 1 0 1 1 1 1 2 1 1 2 2 0 0 1 0 1 2 0 1 1 1 1 2 0 1 0 0 0 0 2 0 1 0 1 1 2
geno chr6.7974705 ceu  1 1 2 0 0 0 0 1 1 1 0 1 1 1 0 1 1 0 1 2 0 1 0 1 2 1 1 0 0 1 1 0 1 1 1 1 0 1 1 0 2 0 1 2 1 1 1 0 1 1 2 1 0 0 1 1 0 2 2 0 2 0 1 0 1 2 0 0 1 0 2 0 1 2 1 1 0 2
geno chr6.7974705 fin  1 0 0 1 1 2 0 1 1 0 1 2 2 1 0 1 1 1 0 1 2 1 0 0 1 0 1 2 1 1 0 0 2 1 1 2 2 1 0 0 0 2 1 1 1 1 2 0 1 1 2 2 0 2 0 0 1 1 1 1 0 2 1 0 1 0 0 0 0 1 0 1 1 1 2 0 1 2 1 0 0 1 1 1 2 1 1 1 1
geno chr6.7974705 gbr  0 1 0 0 1 1 0 1 0 2 2 1 0 1 1 0 1 0 1 0 1 0 0 0 2 1 1 0 1 1 0 2 1 1 0 0 0 0 1 2 0 0 1 0 0 2 1 0 1 2 0 2 1 2 1 0 1 0 2 0 2 0 1 1 1 1 2 1 0 1 1 1 0 0 0 0 1 1 2 0 1 1 1 0
geno chr6.7974705 tsi  0 0 1 1 1 0 1 2 1 0 2 0 2 0 0 0 1 0 2 0 1 0 0 0 0 1 0 1 2 0 2 0 1 1 0 1 1 1 0 0 0 1 1 1 0 1 0 2 0 1 0 1 1 1 0 0 1 2 2 1 0 1 2 1 2 0 2 0 0 0 0 1 1 0 0 1 0 0 1 0 0 0 1 0 1 2 0 1 1 0 1 0
geno chr6.7974705 yri  0 0 0 0 0 0 0 0 0 0 0 0 0 0 0 0 0 0 0 0 0 0 0 0 0 0 0 0 0 0 0 0 0 0 0 0 0 0 0 0 0 0 0 0 0 0 0 0 0 0 0 0 0 0 0 0 0 0 0 0 0 0 0 0 0 0 0 0 0 0 0 0 0 0 0 0 0
geno chr6.7974832 ceu  0 0 0 0 1 0 1 0 0 1 0 0 0 0 0 0 0 1 0 0 1 0 0 0 0 0 0 1 0 0 0 0 0 0 0 1 0 1 0 1 0 0 0 0 0 1 0 2 0 0 0 0 0 0 1 0 0 0 0 0 0 1 0 0 0 0 0 0 1 1 0 0 0 0 0 0 1 0
geno chr6.7974832 fin  0 0 0 0 0 0 0 1 0 0 0 0 0 0 0 0 0 1 0 0 0 0 0 0 0 0 0 0 0 0 0 0 0 0 0 0 0 0 0 0 0 0 0 0 0 0 0 0 0 0 0 0 0 0 0 0 0 0 0 0 0 0 0 0 0 0 0 0 0 0 0 0 0 0 0 0 0 0 0 0 0 0 0 0 0 0 0 0 0
geno chr6.7974832 gbr  0 0 0 0 0 0 1 0 0 0 0 0 0 0 0 1 0 0 0 0 0 0 1 0 0 0 1 0 1 0 1 0 1 0 1 0 0 0 0 0 0 0 0 0 1 0 0 0 0 0 0 0 0 0 0 0 0 0 0 0 0 0 0 0 0 0 0 0 0 0 0 0 1 0 1 0 0 0 0 0 0 0 0 0
geno chr6.7974832 tsi  0 0 0 0 0 1 0 0 0 0 0 0 0 0 0 0 0 0 0 0 0 0 0 1 1 0 0 0 0 0 0 0 0 0 0 0 0 1 0 0 0 1 0 0 0 0 0 0 0 0 0 0 0 1 0 1 0 0 0 0 0 0 0 0 0 0 0 0 0 1 1 0 1 0 1 0 1 0 1 0 0 0 1 0 0 0 1 0 0 0 0 1
geno chr6.7974832 yri  0 0 0 0 0 0 0 0 0 0 0 0 0 0 0 0 0 0 0 0 0 0 0 0 0 0 0 0 0 0 0 0 0 0 0 0 0 0 0 0 0 0 0 0 0 0 0 0 0 0 0 0 0 0 0 0 0 0 0 0 0 0 0 0 0 0 0 0 0 0 0 0 0 0 0 0 0
geno chr6.7974867 ceu  0 0 0 1 1 2 0 0 1 0 1 1 0 0 1 1 1 1 1 0 0 0 1 1 0 1 1 1 2 1 1 0 0 0 0 0 0 0 1 0 0 1 0 0 1 0 1 0 1 1 0 1 1 2 0 0 1 0 0 1 0 1 1 1 1 0 1 2 0 0 0 0 1 0 1 0 1 0
geno chr6.7974867 fin  0 1 1 0 1 0 1 0 1 1 0 0 0 1 1 0 0 0 2 0 0 1 1 2 1 2 1 0 1 1 0 1 0 1 0 0 0 0 1 1 1 0 1 0 1 0 0 2 1 1 0 0 2 0 2 2 0 0 0 1 0 0 1 1 1 1 2 2 1 0 2 1 0 1 0 2 1 0 1 1 0 1 0 0 0 1 0 1 1
geno chr6.7974867 gbr  1 0 2 1 0 1 1 0 1 0 0 0 0 1 1 1 0 1 0 0 1 1 1 2 0 1 0 0 0 1 1 0 1 0 0 2 1 2 1 0 1 1 0 1 0 0 1 2 0 0 1 0 1 0 0 1 0 1 0 2 0 1 1 0 0 0 0 0 2 1 1 1 1 2 0 0 1 0 1 1 1 1 1 0
geno chr6.7974867 tsi  1 1 0 1 0 0 1 0 0 1 0 1 0 0 1 0 0 1 0 1 1 1 1 0 0 1 0 1 0 2 0 1 1 1 0 0 1 0 1 0 1 0 0 0 1 0 1 0 1 1 0 0 0 0 0 1 1 0 0 1 2 1 0 1 0 0 0 1 1 0 1 0 0 0 1 0 0 1 0 1 2 1 0 1 1 0 1 0 0 0 0 1
geno chr6.7974867 yri  0 1 0 0 0 0 0 0 0 1 0 1 1 2 0 1 0 0 0 1 0 2 0 0 0 0 0 1 0 2 0 1 0 0 1 1 1 1 1 1 0 1 0 1 0 1 1 1 1 1 2 1 0 0 1 1 0 1 0 0 1 1 1 1 1 1 0 0 0 0 0 0 1 0 1 1 1
geno chr6.7975135 ceu  1 1 2 0 0 0 2 1 2 2 1 2 1 1 1 2 1 1 2 2 0 1 2 2 2 2 2 0 1 1 1 1 1 1 1 1 0 0 2 0 2 1 0 2 1 1 1 0 2 2 2 2 1 1 1 1 1 2 2 1 2 1 1 1 2 2 1 1 1 1 2 0 1 2 2 2 1 2
geno chr6.7975135 fin  2 0 0 1 2 2 0 1 2 1 1 2 2 2 1 1 2 1 1 1 2 1 1 2 1 2 2 2 2 2 0 0 2 1 2 2 2 2 0 1 0 2 2 1 2 1 2 1 2 1 2 1 1 2 0 1 1 1 1 2 1 2 2 1 2 1 1 1 0 1 2 1 2 2 2 1 2 2 2 1 0 1 1 2 1 1 1 1 2
geno chr6.7975135 gbr  1 2 1 1 2 1 1 1 1 2 2 1 1 1 2 1 1 1 2 0 1 1 1 1 2 2 1 0 1 2 1 2 1 1 0 1 2 1 2 2 1 1 1 0 0 2 1 0 1 2 1 2 2 2 1 0 0 1 2 1 2 0 2 1 1 1 2 1 2 2 2 2 1 1 0 0 2 1 1 1 2 1 2 0
geno chr6.7975135 tsi  0 1 1 2 1 0 1 2 1 1 2 0 2 0 0 0 1 2 2 1 2 0 0 0 0 2 0 1 2 0 2 1 2 2 0 1 1 1 0 1 1 1 1 1 0 0 0 2 1 1 0 1 1 1 0 1 1 1 2 2 1 2 2 2 2 1 2 1 2 0 0 1 1 1 1 1 0 1 1 1 1 1 1 1 1 2 0 1 1 0 1 1
geno chr6.7975135 yri  0 0 0 0 1 0 0 0 0 0 1 0 0 1 0 1 0 0 0 0 0 2 0 0 0 1 0 1 0 1 0 0 0 0 0 1 1 0 0 1 0 1 0 0 0 1 1 1 0 0 0 0 0 0 0 0 0 0 0 0 0 1 0 0 1 1 1 1 0 1 0 0 1 0 0 0 0
geno chr6.7975259 ceu  0 0 0 1 2 2 1 2 0 0 1 1 1 0 1 1 0 2 1 1 2 0 0 0 0 1 1 2 1 1 2 0 0 0 1 1 1 0 1 1 0 0 0 0 1 1 1 2 1 0 0 0 0 1 1 0 1 1 0 0 0 1 1 0 1 0 1 2 1 1 0 1 1 0 1 0 1 0
geno chr6.7975259 fin  0 1 2 1 1 0 1 1 1 2 1 0 0 1 1 0 0 1 2 0 0 1 0 1 1 1 1 0 0 1 0 1 0 1 0 0 0 0 2 2 1 0 1 0 1 1 0 1 1 1 0 0 2 0 2 1 1 1 0 1 0 0 0 1 0 1 2 1 1 1 2 1 0 1 0 1 0 0 1 2 0 1 0 0 0 1 0 1 1
geno chr6.7975259 gbr  1 0 2 0 0 1 1 0 0 0 0 0 1 0 1 1 0 1 0 0 1 1 2 1 0 0 1 0 1 1 2 0 1 0 1 1 1 1 1 0 0 1 0 1 2 0 1 2 0 0 1 0 0 0 0 1 0 1 1 2 0 1 1 0 1 0 0 0 1 1 0 1 1 1 1 0 0 1 1 1 0 1 1 1
geno chr6.7975259 tsi  1 2 0 0 0 1 1 0 0 1 0 1 0 0 1 0 0 1 0 0 0 2 1 1 1 1 1 1 0 2 0 1 1 0 0 0 1 1 2 1 0 1 0 0 1 2 1 0 1 1 0 1 0 1 0 2 1 1 0 1 1 0 0 1 0 0 0 1 1 1 2 1 1 0 2 0 1 1 1 0 1 0 1 1 1 0 2 0 0 0 1 2
geno chr6.7975259 yri  0 2 2 1 0 1 1 1 1 1 1 1 2 1 2 0 2 1 2 1 2 0 1 1 0 0 1 1 0 1 1 1 2 0 2 0 1 1 2 0 0 1 2 1 1 1 1 1 2 0 2 1 2 0 2 1 0 0 1 2 1 0 1 1 0 0 1 1 0 0 2 1 1 1 2 2 2
