pheno ENSG00000204237 ceu 1.734236 0.8982291 1.333431 0.9098733 -0.5064769 0.5791371 1.051841 0.4231844 2.807145 1.232595 0.180991 0.9376666 1.697288 -0.1867549 -0.1245234 0.14247 0.006503189 1.80879 0.4856121 2.68071 1.34333 0.7261414 -0.5252685 0.1834291 1.534014 -0.3976787 0.4471854 1.755865 1.972514 -0.04232864 1.57067 -2.249494 1.853775 2.239985 2.491116 1.821348 1.743094 1.555948 1.576507 -1.104845 2.527793 2.099462 -0.2437819 1.463224 -0.1921067 1.092591 -0.04089223 1.572492 1.324492 1.343446 2.333892 0.2825788 0.09679648 0.5938965 -1.479117 2.456316 0.491837 3.342889 2.30268 1.888182 0.7326579 1.378227 1.752338 2.003755 1.131154 2.970981 1.249545 2.191507 0.660178 1.26454 1.155002 0.5747689 0.565867 0.7450774 1.389724 1.475083 0.512152 0.9625034
pheno ENSG00000204237 fin -1.213955 -0.09582991 -0.211347 -2.49326 -2.358705 -0.4565173 -2.356637 -2.382514 -0.3237506 -3.342635 -3.31945 -1.608206 -0.06950826 0.7536753 -2.552554 -2.048479 -2.089073 -1.962945 -1.683888 -2.578182 -1.390262 -1.65787 -1.320241 -1.711283 -0.03368215 -1.698102 0.2260388 -3.111381 -0.9103803 -3.656843 -0.7912373 -0.7173405 0.9802445 -1.018274 -0.665698 -1.692176 -1.661056 -2.366952 -1.253215 -0.2109329 -1.488708 -1.492169 -0.3622735 -0.3910545 -2.935062 -1.840568 -0.3798458 0.04710279 -3.128 -2.359985 -2.137678 -2.256031 -3.040823 -1.201126 -2.364912 -2.220383 -1.343982 -2.308603 -2.139418 0.1092501 -0.214557 -0.1178828 0.6067466 -1.227421 -1.577593 -0.4945544 -0.2416641 0.5817589 -1.629921 1.093662 -0.008400223 -1.850697 -0.4974404 -1.19123 -0.2789936 -0.4334801 -1.823908 -0.8753888 -0.9489456 -0.3548128 -1.60567 -1.240154 -2.13707 -1.551648 0.1310735 -1.349765 1.577164 -1.12303 -1.159618
pheno ENSG00000204237 gbr 0.346941 0.876218 1.090909 -1.081868 0.9467982 -0.3398583 2.448636 -1.171862 0.9229941 2.558529 0.6491359 -0.4660986 -1.385798 -0.2015553 -0.9497994 0.360826 -2.804927 1.419554 -0.3345844 -2.436239 1.800576 0.7725275 -0.6022711 0.5579665 0.1288183 -0.521976 -0.8742013 -1.720304 0.1300653 -0.4008351 -0.5962455 0.7599574 -1.171457 1.447727 0.6844538 1.542102 -0.35748 1.094443 -0.1950669 -0.1925042 -2.404184 -0.2602507 0.1135804 2.028477 -0.7673272 1.192964 0.718392 -0.1828088 0.7571361 0.3326075 -0.2551301 0.3584093 0.8726275 -1.308556 -0.167186 0.2277939 0.6698425 -0.70595 1.254368 -1.444532 -0.6242853 0.5834247 1.548508 -1.153256 -2.907762 -1.125003 -1.248168 0.8296716 -0.01482683 1.089884 0.7556721 1.78936 1.024361 1.158641 -1.893799 -1.053851 -0.4268269 0.4467236 -0.3557795 0.6847397 2.000398 0.8079971 -1.176346 1.23683
pheno ENSG00000204237 tsi -1.343364 -1.635281 -1.460892 -0.8165749 0.1149839 -1.541629 1.112971 -2.011038 -3.030353 -3.765646 -1.408622 -1.061918 -1.638434 -2.999827 -2.690416 -2.982254 -1.678518 -1.279275 -2.770041 -1.605929 -1.270743 -1.370201 -1.396966 -2.081078 -2.183054 -0.9788448 -2.640762 0.4508778 -1.577577 -1.427217 -3.719111 -2.457045 -1.752425 0.4767621 -2.154743 -2.394015 -4.271066 0.2060807 -1.171871 -2.678422 -1.357354 -1.65705 -2.728916 -1.591098 -2.994905 -0.9985667 -1.315936 -2.287081 -2.241229 -0.2653058 -0.8541856 -2.191369 -3.590153 -1.204477 -2.547276 -2.235022 -0.9890273 -1.894175 -0.9010508 -2.126362 0.01176374 0.1050463 -1.425658 -1.017765 -1.561671 -1.806101 -0.4611887 -2.325596 -2.1752 -1.330796 -1.133357 -1.772313 -1.80154 -3.710661 -3.486764 -0.5628885 -1.593746 -3.99279 -1.601598 -3.110313 -0.5391795 -1.96117 -1.502004 -1.528665 -3.851115 -1.845441 -0.4380554 -1.096732 -1.783918 -1.235426 -1.142684 -3.114618
pheno ENSG00000204237 yri 2.26997 2.673069 1.462226 1.692919 0.5884016 2.142722 0.9223919 1.473891 1.940028 1.682944 0.7874028 2.06885 1.173004 -0.2282929 2.042964 1.796568 0.5965743 0.5543438 -0.5273713 2.852038 2.970504 0.37376 1.80776 1.513256 0.7455999 2.126518 1.274072 0.2390428 0.5073773 2.058776 1.860585 1.050465 2.078658 1.493761 1.263685 -0.7774017 1.516636 0.008573621 -0.6797338 0.3437513 0.4964222 -0.0216674 3.244824 2.058494 1.892086 2.394111 2.445679 1.803075 3.061547 1.910689 1.749097 -0.6342716 1.53189 1.907561 0.9988184 1.549 0.7001378 0.7258644 1.33783 2.374635 1.745376 1.478723 2.243243 0.614523 2.393154 3.783076 1.207634 1.281629 0.02708648 2.336794 1.011673 1.047746 0.8756984 0.890985 1.162762 1.538318 0.865844
geno chr17.79533945 ceu  0 1 0 0 1 1 0 1 0 0 0 0 0 0 0 0 0 0 0 0 1 0 0 0 0 0 1 0 0 0 0 1 0 0 0 0 0 0 1 0 0 1 1 0 1 0 0 0 0 0 0 0 2 0 0 0 0 1 0 0 1 0 0 0 0 0 0 0 0 0 0 0 0 0 0 0 1 0
geno chr17.79533945 fin  0 0 1 0 0 0 1 0 0 1 0 0 0 0 1 0 0 0 0 0 0 0 0 0 1 0 0 0 0 1 1 0 0 0 1 0 0 0 0 0 1 0 0 0 1 0 0 0 0 0 0 1 1 0 1 0 0 0 1 0 0 0 0 0 0 0 0 0 1 0 0 0 0 0 0 0 0 0 0 0 0 1 0 0 0 0 0 0 0
geno chr17.79533945 gbr  0 0 0 0 0 0 0 0 0 0 0 0 0 0 0 0 2 0 0 1 0 0 0 0 0 0 1 0 1 0 0 0 0 0 0 0 1 0 0 0 1 1 0 0 0 0 0 0 0 0 0 1 2 1 0 0 0 0 0 1 0 0 0 1 0 0 0 0 0 0 1 0 0 0 1 0 0 0 1 0 0 0 0 0
geno chr17.79533945 tsi  0 0 0 0 1 0 0 1 1 1 0 0 0 1 1 0 1 0 0 0 0 0 0 0 1 0 1 0 0 0 1 1 0 0 0 0 1 0 0 1 0 1 1 0 0 0 1 1 0 0 0 0 0 0 0 0 0 0 0 1 0 1 0 0 0 0 0 1 1 0 0 0 0 0 0 0 0 2 1 0 0 0 1 0 1 0 0 0 0 0 0 1
geno chr17.79533945 yri  0 0 0 0 0 0 0 0 0 0 0 0 0 1 0 0 0 0 0 0 0 0 0 0 0 0 0 0 0 0 0 0 0 0 0 0 1 0 1 0 0 0 0 0 0 0 0 0 0 0 0 0 0 0 0 0 0 0 0 0 0 0 0 1 0 0 0 0 0 0 1 0 0 0 0 0 0
geno chr17.79534240 ceu  1 0 0 0 0 0 1 0 0 1 2 2 0 1 1 0 0 0 0 0 0 0 0 2 2 1 0 0 0 0 2 0 0 0 1 0 0 0 1 0 0 0 0 0 0 0 1 0 0 1 0 0 0 0 0 0 0 1 0 0 0 0 0 0 0 1 0 0 0 0 0 0 1 0 0 0 0 0
geno chr17.79534240 fin  0 0 0 0 0 1 0 0 1 0 0 1 0 1 1 0 0 0 0 0 0 2 1 0 0 2 0 1 0 0 0 0 0 0 0 0 0 0 0 0 0 0 1 1 0 0 0 0 0 0 0 0 0 0 0 0 1 0 0 1 0 0 0 0 0 0 0 0 0 1 0 0 0 0 0 0 0 1 0 0 1 0 0 0 0 1 0 0 1
geno chr17.79534240 gbr  0 0 0 0 1 0 0 1 0 0 0 0 0 0 0 0 0 0 1 0 1 0 0 0 0 0 0 0 0 0 0 2 0 0 1 0 1 0 1 1 0 0 1 0 1 1 0 0 0 0 0 0 0 0 1 1 0 0 0 0 0 0 0 0 0 1 0 0 0 0 1 0 0 1 0 0 1 0 0 0 0 0 1 1
geno chr17.79534240 tsi  0 1 0 0 0 0 0 0 0 0 1 0 0 0 0 0 0 0 0 0 0 0 0 0 0 0 0 0 0 0 0 0 0 1 0 0 0 0 0 0 0 1 0 1 0 0 0 0 0 1 1 0 0 0 0 0 0 0 1 1 0 0 0 0 1 0 0 0 0 1 0 0 0 1 0 1 0 0 0 0 0 0 0 1 0 0 0 0 0 0 0 0
geno chr17.79534240 yri  0 0 0 0 0 0 0 0 0 0 0 1 0 0 0 0 0 0 0 0 0 0 0 0 0 0 0 0 0 0 0 0 0 0 0 0 0 0 0 0 0 0 0 0 0 0 0 1 0 0 0 0 0 0 0 0 0 0 0 0 0 0 0 0 0 0 0 0 0 0 0 0 0 0 0 0 0
geno chr17.79534593 ceu  0 0 0 0 0 0 0 0 0 0 0 0 0 0 1 0 0 1 0 1 0 0 0 0 0 0 0 0 0 0 0 0 0 0 0 0 0 2 0 0 0 0 0 0 1 0 0 1 0 0 0 0 0 0 0 0 0 0 0 0 0 0 0 0 1 0 0 0 0 0 0 0 0 0 0 0 0 0
geno chr17.79534593 fin  1 1 0 0 0 0 0 1 0 0 0 0 0 0 0 0 0 1 1 0 0 0 0 0 0 0 0 0 1 1 0 0 0 0 0 0 0 0 0 1 0 1 0 0 0 0 1 1 0 0 0 0 0 0 0 0 0 0 0 1 0 1 0 0 0 0 0 0 0 0 0 0 0 0 0 0 0 0 0 0 0 1 0 0 0 0 0 0 1
geno chr17.79534593 gbr  0 0 0 1 0 1 1 0 0 1 0 1 0 1 0 0 0 0 0 0 0 1 0 0 0 0 0 0 0 1 0 0 0 0 0 0 0 1 0 0 0 0 0 0 0 1 0 1 0 1 1 0 0 0 1 0 0 0 0 0 1 0 0 0 2 0 0 1 2 0 0 0 0 0 0 0 0 0 0 1 0 0 0 0
geno chr17.79534593 tsi  0 1 0 1 0 0 1 1 1 0 1 0 1 0 0 0 1 2 0 1 1 0 0 0 0 1 0 0 0 0 0 0 1 0 0 1 0 0 2 0 0 0 0 0 0 0 0 0 0 0 0 0 0 0 0 1 0 0 0 0 0 0 0 0 0 1 0 1 0 0 0 1 0 0 0 0 0 0 0 1 0 2 0 0 0 0 0 1 1 0 0 0
geno chr17.79534593 yri  0 1 1 1 1 0 0 0 1 0 0 0 2 1 0 0 0 1 1 0 0 0 0 1 0 0 1 0 0 0 0 1 0 1 0 1 0 0 0 1 0 0 0 0 0 1 0 0 0 2 0 0 0 0 0 0 1 0 1 1 1 0 1 0 1 0 1 1 2 0 0 0 1 0 1 0 0
geno chr17.79535171 ceu  0 1 0 0 1 1 0 1 0 0 0 0 0 0 1 0 0 1 0 1 1 0 0 0 0 0 1 0 0 0 0 1 0 0 0 0 0 2 1 0 0 1 1 0 2 0 0 1 0 0 0 0 2 0 0 0 0 1 0 0 1 0 0 0 1 0 0 0 0 0 0 0 0 0 0 0 1 0
geno chr17.79535171 fin  1 1 1 0 0 0 1 1 0 1 0 0 0 0 1 0 0 1 1 0 0 0 0 0 1 0 0 0 1 2 1 0 0 0 1 0 0 0 0 1 1 1 0 0 1 0 0 1 0 0 0 1 1 0 1 0 0 0 1 1 0 1 0 0 0 0 0 0 1 0 0 0 0 0 0 0 0 0 0 0 0 2 0 0 0 0 0 0 1
geno chr17.79535171 gbr  0 0 0 1 0 1 1 0 0 1 0 1 0 1 0 0 2 0 0 1 0 1 0 0 0 0 1 0 1 1 0 0 0 0 0 0 1 1 0 0 1 1 0 0 0 1 0 1 0 1 1 1 2 1 1 0 0 0 0 1 1 0 0 1 2 0 0 1 2 0 1 0 0 0 1 0 0 0 1 1 0 0 0 0
geno chr17.79535171 tsi  0 1 0 1 1 0 1 2 2 1 1 0 1 1 1 0 2 2 0 1 1 0 0 0 1 1 1 0 0 0 1 1 1 0 0 1 1 0 2 1 0 1 1 0 0 0 1 1 0 0 0 0 0 0 0 1 0 0 0 1 0 1 0 0 0 1 0 2 1 0 0 0 0 0 0 0 0 2 1 1 0 2 1 0 1 0 0 1 1 0 0 1
geno chr17.79535171 yri  0 1 1 1 1 0 0 0 1 0 0 0 2 2 0 0 0 1 1 0 0 0 0 1 0 0 1 0 0 0 0 1 0 1 0 1 1 0 1 1 0 0 0 0 0 1 0 0 0 2 0 0 0 0 0 0 1 0 1 1 1 1 1 1 1 0 1 1 2 0 1 0 1 0 1 1 1
geno chr17.79535275 ceu  0 1 0 0 1 1 0 1 0 0 0 0 0 0 0 0 0 0 0 0 1 0 0 0 0 0 1 0 0 0 0 1 0 0 0 0 0 0 1 0 0 1 1 0 1 0 0 0 0 0 0 0 2 0 0 0 0 1 0 0 1 0 0 0 0 0 0 0 0 0 0 0 0 0 0 0 1 0
geno chr17.79535275 fin  0 0 1 0 0 0 1 0 0 1 0 0 0 0 1 0 0 0 0 0 0 0 0 0 1 0 0 0 0 1 1 0 0 0 0 0 0 0 0 0 1 0 0 0 1 0 0 0 0 0 0 1 0 0 1 0 0 0 1 0 0 0 0 0 0 0 0 0 1 0 0 0 0 0 0 0 0 0 0 0 0 1 0 0 0 0 0 0 0
geno chr17.79535275 gbr  0 0 0 0 0 0 0 0 0 0 0 0 0 0 0 0 2 0 0 1 0 0 0 0 0 0 1 0 1 0 0 0 0 0 0 0 1 0 0 0 1 1 0 0 0 0 0 0 0 0 0 1 2 1 0 0 0 0 0 1 0 0 0 1 0 0 0 0 0 0 1 0 0 0 1 0 0 0 1 0 0 0 0 0
geno chr17.79535275 tsi  0 0 0 0 1 0 0 1 1 1 0 0 0 1 1 0 1 0 0 0 0 0 0 0 1 0 1 0 0 0 1 1 0 0 0 0 1 0 0 1 0 1 1 0 0 0 1 1 0 0 0 0 0 0 0 0 0 0 0 1 0 1 0 0 0 0 0 1 1 0 0 0 0 0 0 0 0 2 1 0 0 0 1 0 1 0 0 0 0 0 0 1
geno chr17.79535275 yri  0 0 0 0 0 0 0 0 0 0 0 0 0 1 0 0 0 0 0 0 0 0 0 0 0 0 0 0 0 0 0 0 0 0 0 0 1 0 1 0 0 0 0 0 0 0 0 0 0 0 0 0 0 0 0 0 0 0 0 0 0 1 0 1 0 0 0 0 0 0 1 0 0 0 0 0 0
geno chr17.79535532 ceu  0 2 2 1 2 2 0 2 2 1 0 0 2 0 1 2 1 2 2 2 2 2 2 0 0 1 2 2 2 1 0 2 1 2 1 2 2 2 1 1 2 2 1 1 2 0 1 2 1 1 1 2 2 2 2 2 2 1 2 2 2 2 2 1 2 1 1 2 1 1 2 2 1 1 1 2 1 2
geno chr17.79535532 fin  2 2 2 2 1 1 2 2 1 2 2 1 1 1 1 2 2 2 2 1 1 0 1 2 2 0 2 1 2 2 2 1 2 2 2 2 2 1 2 2 2 2 1 0 2 2 2 2 2 2 2 2 2 2 2 2 1 1 1 1 1 2 2 2 2 2 1 2 1 0 1 1 2 1 2 2 2 1 2 2 1 2 1 1 2 0 2 1 1
geno chr17.79535532 gbr  2 1 2 2 1 2 2 1 2 1 2 2 1 2 2 2 2 1 1 2 1 2 1 2 2 2 2 2 2 2 2 0 1 2 1 1 1 2 1 0 1 2 1 2 1 1 0 2 2 2 2 1 2 2 1 1 2 1 2 2 2 2 1 2 2 1 2 2 2 2 1 2 2 1 2 2 1 2 2 2 2 1 1 0
geno chr17.79535532 tsi  2 1 1 2 1 1 2 2 2 2 1 2 1 2 2 2 2 2 1 2 1 1 1 2 2 2 2 0 2 1 2 1 2 0 1 2 1 1 2 2 2 1 2 1 0 1 1 2 2 1 1 2 0 2 2 1 1 1 1 1 2 2 1 2 0 2 1 2 2 1 2 2 2 1 1 1 2 2 2 1 2 2 2 1 2 2 2 1 2 2 2 2
geno chr17.79535532 yri  0 1 1 1 2 1 1 0 2 0 1 1 2 2 1 1 0 1 1 0 0 0 0 1 0 0 2 0 0 0 0 1 0 1 2 2 2 0 1 1 0 1 0 0 0 1 0 0 0 2 0 0 0 0 0 0 1 1 2 1 1 2 1 1 2 1 2 2 2 0 1 2 1 0 1 0 1
geno chr17.79536226 ceu  0 0 0 0 0 0 0 0 0 0 0 0 0 0 1 0 0 1 0 1 0 0 0 0 0 0 0 0 0 0 0 0 0 0 0 0 0 2 0 0 0 0 0 0 1 0 0 1 0 0 0 0 0 0 0 0 0 0 0 0 0 0 0 0 1 0 0 0 0 0 0 0 0 0 0 0 0 0
geno chr17.79536226 fin  1 1 0 0 0 0 0 1 0 0 0 0 0 0 0 0 0 1 1 0 0 0 0 0 0 0 0 0 1 1 0 0 0 0 0 0 0 0 0 1 0 1 0 0 0 0 1 1 0 0 0 0 0 0 0 0 0 0 0 1 0 1 0 0 0 0 0 0 0 0 0 0 0 0 0 0 0 0 0 0 0 1 0 0 0 0 0 0 1
geno chr17.79536226 gbr  0 0 0 1 0 1 1 0 0 1 0 1 0 1 0 0 0 0 0 0 0 1 0 0 0 0 0 0 0 1 0 0 0 0 0 0 0 1 0 0 0 0 0 0 0 1 0 1 0 1 1 0 0 0 1 0 0 0 0 0 1 0 0 0 2 0 0 1 2 0 0 0 0 0 0 0 0 0 0 1 0 0 0 0
geno chr17.79536226 tsi  0 1 0 1 0 0 1 1 1 0 1 0 1 0 0 0 1 2 0 1 1 0 0 0 0 1 0 0 0 0 0 0 1 0 0 1 0 0 2 0 0 0 0 0 0 0 0 0 0 0 0 0 0 0 0 1 0 0 0 0 0 0 0 0 0 1 0 1 0 0 0 1 0 0 0 0 0 0 0 1 0 2 0 0 0 0 0 1 1 0 0 0
geno chr17.79536226 yri  0 1 1 1 1 0 0 0 1 0 0 0 2 1 0 0 0 1 1 0 0 0 0 1 0 0 1 0 0 0 0 1 0 1 0 1 0 0 0 1 0 0 0 0 0 1 0 0 0 2 0 0 0 0 0 0 1 0 1 1 1 1 1 0 1 0 1 1 2 0 0 0 1 0 1 0 0
geno chr17.79536520 ceu  0 0 0 0 0 0 0 0 0 0 0 0 0 0 1 0 0 1 0 1 0 0 0 0 0 0 0 0 0 0 0 0 0 0 0 0 0 2 0 0 0 0 0 0 1 0 0 1 0 0 0 0 0 0 0 0 0 0 0 0 0 0 0 0 1 0 0 0 0 0 0 0 0 0 0 0 0 0
geno chr17.79536520 fin  1 1 0 0 0 0 0 1 0 0 0 0 0 0 0 0 0 1 1 0 0 0 0 0 0 0 0 0 1 1 0 0 0 0 0 0 0 0 0 1 0 1 0 0 0 0 1 1 0 0 0 0 0 0 0 0 0 0 0 1 0 1 0 0 0 0 0 0 0 0 0 0 0 0 0 0 0 0 0 0 0 1 0 0 0 0 0 0 1
geno chr17.79536520 gbr  0 0 0 1 0 1 1 0 0 1 0 1 0 1 0 0 0 0 0 0 0 1 0 0 0 0 0 0 0 1 0 0 0 0 0 0 0 1 0 0 0 0 0 0 0 1 0 1 0 1 1 0 0 0 1 0 0 0 0 0 1 0 0 0 2 0 0 1 2 0 0 0 0 0 0 0 0 0 0 1 0 0 0 0
geno chr17.79536520 tsi  0 1 0 1 0 0 1 1 1 0 1 0 1 0 0 0 1 2 0 1 1 0 0 0 0 1 0 0 0 0 0 0 1 0 0 1 0 0 2 0 0 0 0 0 0 0 0 0 0 0 0 0 0 0 0 1 0 0 0 0 0 0 0 0 0 1 0 1 0 0 0 1 0 0 0 0 0 0 0 1 0 2 0 0 0 0 0 1 1 0 0 0
geno chr17.79536520 yri  0 1 1 1 1 0 0 0 1 0 0 0 2 1 0 0 0 1 1 0 0 0 0 1 0 0 1 0 0 0 0 1 0 1 0 1 0 0 0 1 0 0 0 0 0 1 0 0 0 2 0 0 0 0 0 0 1 0 1 1 1 0 1 0 1 0 1 1 2 0 0 0 1 0 1 0 0
geno chr17.79536901 ceu  0 0 0 0 0 0 0 0 0 0 0 0 0 0 1 0 0 1 0 1 0 0 0 0 0 0 0 0 0 0 0 0 0 0 0 0 0 2 0 0 0 0 0 0 1 0 0 1 0 0 0 0 0 0 0 0 0 0 0 0 0 0 0 0 1 0 0 0 0 0 0 0 0 0 0 0 0 0
geno chr17.79536901 fin  1 1 0 0 0 0 0 1 0 0 0 0 0 0 0 0 0 1 1 0 0 0 0 0 0 0 0 0 1 1 0 0 0 0 0 0 0 0 0 1 0 1 0 0 0 0 1 1 0 0 0 0 0 0 0 0 0 0 0 1 0 1 0 0 0 0 0 0 0 0 0 0 0 0 0 0 0 0 0 0 0 1 0 0 0 0 0 0 1
geno chr17.79536901 gbr  0 0 0 1 0 1 1 0 0 1 0 1 0 1 0 0 0 0 0 0 0 1 0 0 0 0 0 0 0 1 0 0 0 0 0 0 0 1 0 0 0 0 0 0 0 1 0 1 0 1 1 0 0 0 1 0 0 0 0 0 1 0 0 0 2 0 0 1 2 0 0 0 0 0 0 0 0 0 0 1 0 0 0 0
geno chr17.79536901 tsi  0 1 0 1 0 0 1 1 1 0 1 0 1 0 0 0 1 2 0 1 1 0 0 0 0 1 0 0 0 0 0 0 1 0 0 1 0 0 2 0 0 0 0 0 0 0 0 0 0 0 0 0 0 0 0 1 0 0 0 0 0 0 0 0 0 1 0 1 0 0 0 1 0 0 0 0 0 0 0 1 0 2 0 0 0 0 0 1 1 0 0 0
geno chr17.79536901 yri  0 1 1 1 1 0 0 0 1 0 0 0 2 1 0 0 0 1 1 0 0 0 0 1 0 0 1 0 0 0 0 1 0 1 0 1 0 0 0 1 0 0 0 0 0 1 0 0 0 2 0 0 0 0 0 0 1 0 1 1 1 1 1 0 1 0 1 1 2 0 0 0 1 0 1 0 0
geno chr17.79536938 ceu  0 1 0 0 1 1 0 1 0 0 0 0 0 0 0 0 0 0 0 0 1 0 0 0 0 0 1 0 0 0 0 1 0 0 0 0 0 0 1 0 0 1 1 0 1 0 0 0 0 0 0 0 2 0 0 0 0 1 0 0 1 0 0 0 0 0 0 0 0 0 0 0 0 0 0 0 1 0
geno chr17.79536938 fin  0 0 1 0 0 0 1 0 0 1 0 0 0 0 1 0 0 0 0 0 0 0 0 0 1 0 0 0 0 1 1 0 0 0 1 0 0 0 0 0 1 0 0 0 1 0 0 0 0 0 0 1 1 0 1 0 0 0 1 0 0 0 0 0 0 0 0 0 1 0 0 0 0 0 0 0 0 0 0 0 0 1 0 0 0 0 0 0 0
geno chr17.79536938 gbr  0 0 0 0 0 0 0 0 0 0 0 0 0 0 0 0 2 0 0 1 0 0 0 0 0 0 1 0 1 0 0 0 0 0 0 0 1 0 0 0 1 1 0 0 0 0 0 0 0 0 0 1 2 1 0 0 0 0 0 1 0 0 0 1 0 0 0 0 0 0 1 0 0 0 1 0 0 0 1 0 0 0 0 0
geno chr17.79536938 tsi  0 0 0 0 1 0 0 1 1 1 0 0 0 1 1 0 1 0 0 0 0 0 0 0 1 0 1 0 0 0 1 1 0 0 0 0 1 0 0 1 0 1 1 0 0 0 1 1 0 0 0 0 0 0 0 0 0 0 0 1 0 1 0 0 0 0 0 1 1 0 0 0 0 0 0 0 0 2 1 0 0 0 1 0 1 0 0 0 0 0 0 1
geno chr17.79536938 yri  0 0 0 0 0 0 0 0 0 0 0 0 0 1 0 0 0 0 0 0 0 0 0 0 0 0 0 0 0 0 0 0 0 0 0 0 1 0 1 0 0 0 0 0 0 0 0 0 0 0 0 0 0 0 0 0 0 0 0 0 0 0 0 1 0 0 0 0 0 0 1 0 0 0 0 0 0
geno chr17.79537964 ceu  0 0 0 0 0 0 0 0 0 0 0 0 0 0 1 0 0 1 0 1 0 0 0 0 0 0 0 0 0 0 0 0 0 0 0 0 0 2 0 0 0 0 0 0 1 0 0 1 0 0 0 0 0 0 0 0 0 0 0 0 0 0 0 0 1 0 0 0 0 0 0 0 0 0 0 0 0 0
geno chr17.79537964 fin  1 1 0 0 0 0 0 1 0 0 0 0 0 0 0 0 0 1 1 0 0 0 0 0 0 0 0 0 1 1 0 0 0 0 0 0 0 0 0 1 0 1 0 0 0 0 1 1 0 0 0 0 0 0 0 0 0 0 0 1 0 1 0 0 0 0 0 0 0 0 0 0 0 0 0 0 0 0 0 0 0 1 0 0 0 0 0 0 1
geno chr17.79537964 gbr  0 0 0 1 0 1 1 0 0 1 0 1 0 1 0 0 0 0 0 0 0 1 0 0 0 0 0 0 0 1 0 0 0 0 0 0 0 1 0 0 0 0 0 0 0 1 0 1 0 1 1 0 0 0 1 0 0 0 0 0 1 0 0 0 2 0 0 1 2 0 0 0 0 0 0 0 0 0 0 1 0 0 0 0
geno chr17.79537964 tsi  0 1 0 1 0 0 1 1 1 0 1 0 1 0 0 0 1 2 0 1 1 0 0 0 0 1 0 0 0 0 0 0 1 0 0 1 0 0 2 0 0 0 0 0 0 0 0 0 0 0 0 0 0 0 0 1 0 0 0 0 0 0 0 0 0 1 0 1 0 0 0 1 0 0 0 0 0 0 0 1 0 2 0 0 0 0 0 1 1 0 0 0
geno chr17.79537964 yri  0 1 1 1 1 0 0 0 1 0 0 0 2 1 0 0 0 1 1 0 0 0 0 1 0 0 1 0 0 0 0 1 0 1 0 1 0 0 0 1 0 0 0 0 0 1 0 0 0 2 0 0 0 0 0 0 1 0 1 1 1 0 1 0 1 0 1 1 2 0 0 0 1 0 1 0 0
geno chr17.79538278 ceu  0 0 0 0 0 0 0 0 0 0 0 0 0 0 1 0 0 1 0 1 0 0 0 0 0 0 0 0 0 0 0 0 0 0 0 0 0 2 0 0 0 0 0 0 1 0 0 1 0 0 0 0 0 0 0 0 0 0 0 0 0 0 0 0 1 0 0 0 0 0 0 0 0 0 0 0 0 0
geno chr17.79538278 fin  1 1 0 0 0 0 0 1 0 0 0 0 0 0 0 0 0 1 1 0 0 0 0 0 0 0 0 0 1 1 0 0 0 0 0 0 0 0 0 1 0 1 0 0 0 0 1 1 0 0 0 0 0 0 0 0 0 0 0 1 0 1 0 0 0 0 0 0 0 0 0 0 0 0 0 0 0 0 0 0 0 1 0 0 0 0 0 0 1
geno chr17.79538278 gbr  0 0 0 1 0 1 1 0 0 1 0 1 0 1 0 0 0 0 0 0 0 1 0 0 0 0 0 0 0 1 0 0 0 0 0 0 0 1 0 0 0 0 0 0 0 1 0 1 0 1 1 0 0 0 1 0 0 0 0 0 1 0 0 0 2 0 0 1 2 0 0 0 0 0 0 0 0 0 0 1 0 0 0 0
geno chr17.79538278 tsi  0 1 0 1 0 0 1 1 1 0 1 0 1 0 0 0 1 2 0 1 1 0 0 0 0 1 0 0 0 0 0 0 1 0 0 1 0 0 2 0 0 0 0 0 0 0 0 0 0 0 0 0 0 0 0 1 0 0 0 0 0 0 0 0 0 1 0 1 0 0 0 1 0 0 0 0 0 0 0 1 0 2 0 0 0 0 0 1 1 0 0 0
geno chr17.79538278 yri  0 1 1 1 1 0 0 0 1 0 0 0 2 1 0 0 0 1 1 0 0 0 0 1 0 0 1 0 0 0 0 1 0 1 0 1 0 0 0 1 0 0 0 0 0 1 0 0 0 2 0 0 0 0 0 0 0 0 1 1 1 1 0 0 1 0 1 1 2 0 0 0 1 0 1 0 0
geno chr17.79538281 ceu  0 0 0 0 0 0 0 0 0 0 0 0 0 0 1 0 0 1 0 1 0 0 0 0 0 0 0 0 0 0 0 0 0 0 0 0 0 2 0 0 0 0 0 0 1 0 0 1 0 0 0 0 0 0 0 0 0 0 0 0 0 0 0 0 1 0 0 0 0 0 0 0 0 0 0 0 0 0
geno chr17.79538281 fin  1 1 0 0 0 0 0 1 0 0 0 0 0 0 0 0 0 1 1 0 0 0 0 0 0 0 0 0 1 1 0 0 0 0 0 0 0 0 0 1 0 1 0 0 0 0 1 1 0 0 0 0 0 0 0 0 0 0 0 1 0 1 0 0 0 0 0 0 0 0 0 0 0 0 0 0 0 0 0 0 0 1 0 0 0 0 0 0 1
geno chr17.79538281 gbr  0 0 0 1 0 1 1 0 0 1 0 1 0 1 0 0 0 0 0 0 0 1 0 0 0 0 0 0 0 1 0 0 0 0 0 0 0 1 0 0 0 0 0 0 0 1 0 1 0 1 1 0 0 0 1 0 0 0 0 0 1 0 0 0 2 0 0 1 2 0 0 0 0 0 0 0 0 0 0 1 0 0 0 0
geno chr17.79538281 tsi  0 1 0 1 0 0 1 1 1 0 1 0 1 0 0 0 1 2 0 1 1 0 0 0 0 1 0 0 0 0 0 0 1 0 0 1 0 0 2 0 0 0 0 0 0 0 0 0 0 0 0 0 0 0 0 1 0 0 0 0 0 0 0 0 0 1 0 1 0 0 0 1 0 0 0 0 0 0 0 1 0 2 0 0 0 0 0 1 1 0 0 0
geno chr17.79538281 yri  0 1 1 1 1 0 0 0 1 0 0 0 1 1 0 0 0 1 1 0 0 0 0 1 0 0 1 0 0 0 0 1 0 1 0 1 0 0 0 1 0 0 0 0 0 1 0 0 0 2 0 0 0 0 0 0 1 0 1 1 1 1 1 0 1 0 1 1 2 0 0 0 1 0 1 0 0
geno chr17.79538302 ceu  0 1 0 0 1 1 0 1 0 0 0 0 0 0 0 0 0 0 0 0 1 0 0 0 0 0 1 0 0 0 0 1 0 0 0 0 0 0 1 0 0 1 1 0 1 0 0 0 0 0 0 0 2 0 0 0 0 1 0 0 1 0 0 0 0 0 0 0 0 0 0 0 0 0 0 0 1 0
geno chr17.79538302 fin  0 0 1 0 0 0 1 0 0 1 0 0 0 0 1 0 0 0 0 0 0 0 0 0 1 0 0 0 0 1 1 0 0 0 1 0 0 0 0 0 1 0 0 0 1 0 0 0 0 0 0 1 1 0 1 0 0 0 1 0 0 0 0 0 0 0 0 0 1 0 0 0 0 0 0 0 0 0 0 0 0 1 0 0 0 0 0 0 0
geno chr17.79538302 gbr  0 0 0 0 0 0 0 0 0 0 0 0 0 0 0 0 2 0 0 1 0 0 0 0 0 0 1 0 1 0 0 0 0 0 0 0 1 0 0 0 1 1 0 0 0 0 0 0 0 0 0 1 2 1 0 0 0 0 0 1 0 0 0 1 0 0 0 0 0 0 1 0 0 0 1 0 0 0 1 0 0 0 0 0
geno chr17.79538302 tsi  0 0 0 0 1 0 0 1 1 1 0 0 0 1 1 0 1 0 0 0 0 0 0 0 1 0 1 0 0 0 1 1 0 0 0 0 1 0 0 1 0 1 1 0 0 0 1 1 0 0 0 0 0 0 0 0 0 0 0 1 0 1 0 0 0 0 0 1 1 0 0 0 0 0 0 0 0 2 1 0 0 0 1 0 1 0 0 0 0 0 0 1
geno chr17.79538302 yri  0 0 0 0 0 0 0 0 0 0 0 0 0 1 0 0 0 0 0 0 0 0 0 0 0 0 0 0 0 0 0 0 0 0 0 0 1 0 1 0 0 0 0 0 0 0 0 0 0 0 0 0 0 0 0 0 0 0 0 0 0 0 0 1 0 0 0 0 0 0 1 0 0 0 0 0 0
geno chr17.79538841 ceu  0 1 2 1 0 1 0 1 2 1 0 0 0 0 1 2 1 1 2 2 0 1 1 0 0 1 1 1 2 1 0 1 0 1 0 1 1 2 0 1 1 1 0 1 1 0 1 2 1 0 1 2 0 2 1 0 1 0 1 2 1 2 2 1 1 1 1 1 1 0 2 1 0 1 1 2 0 2
geno chr17.79538841 fin  2 1 0 2 1 0 1 1 0 1 2 0 0 1 0 2 2 1 1 1 1 0 0 2 1 0 2 0 1 1 1 1 0 1 0 1 2 1 2 2 1 2 1 0 0 1 1 2 1 2 2 0 1 1 1 2 1 1 0 1 1 2 2 2 1 1 1 1 0 0 0 1 1 1 2 1 2 1 2 2 0 1 0 1 2 0 1 1 1
geno chr17.79538841 gbr  1 1 2 1 0 1 2 0 2 1 2 2 1 2 2 2 0 0 1 0 0 2 1 0 1 2 1 2 1 2 1 0 1 2 1 0 0 2 1 0 0 0 0 1 1 1 0 2 1 2 2 0 0 1 1 0 2 0 1 1 1 1 1 1 2 1 1 2 2 2 0 2 2 0 1 1 0 2 1 1 2 1 1 0
geno chr17.79538841 tsi  1 1 0 1 0 1 1 1 1 1 1 1 1 1 1 0 1 2 1 1 1 1 0 2 0 1 1 0 2 1 0 0 1 0 1 1 0 1 2 1 2 0 1 0 0 1 0 1 2 1 1 2 0 1 2 1 1 1 0 0 2 0 1 0 0 2 0 1 1 0 1 1 1 0 0 0 2 0 1 1 1 2 0 1 1 1 1 1 1 1 1 1
geno chr17.79538841 yri  0 1 1 1 2 1 1 0 1 0 0 1 2 1 0 0 0 1 1 0 0 0 0 1 0 0 2 0 0 0 0 1 0 1 1 1 0 0 0 1 0 1 0 0 0 1 0 0 0 2 0 0 0 0 0 0 1 0 1 1 1 1 1 0 2 0 1 2 2 0 0 2 1 0 1 0 1
geno chr17.79539198 ceu  0 0 0 0 0 0 0 0 0 0 0 0 0 0 1 0 0 1 0 1 0 0 0 0 0 0 0 0 0 0 0 0 0 0 0 0 0 2 0 0 0 0 0 0 1 0 0 1 0 0 0 0 0 0 0 0 0 0 0 0 0 0 0 0 1 0 0 0 0 0 0 0 0 0 0 0 0 0
geno chr17.79539198 fin  1 1 0 0 0 0 0 1 0 0 0 0 0 0 0 0 0 1 1 0 0 0 0 0 0 0 0 0 1 1 0 0 0 0 0 0 0 0 0 1 0 1 0 0 0 0 1 1 0 0 0 0 0 0 0 0 0 0 0 1 0 1 0 0 0 0 0 0 0 0 0 0 0 0 0 0 0 0 0 0 0 1 0 0 0 0 0 0 1
geno chr17.79539198 gbr  0 0 0 1 0 1 1 0 0 1 0 1 0 1 0 0 0 0 0 0 0 1 0 0 0 0 0 0 0 1 0 0 0 0 0 0 0 1 0 0 0 0 0 0 0 1 0 1 0 1 1 0 0 0 1 0 0 0 0 0 1 0 0 0 2 0 0 1 2 0 0 0 0 0 0 0 0 0 0 1 0 0 0 0
geno chr17.79539198 tsi  0 1 0 1 0 0 1 1 1 0 1 0 1 0 0 0 1 2 0 1 1 0 0 0 0 1 0 0 0 0 0 0 1 0 0 1 0 0 2 0 0 0 0 0 0 0 0 0 0 0 0 0 0 0 0 1 0 0 0 0 0 0 0 0 0 1 0 1 0 0 0 1 0 0 0 0 0 0 0 1 0 2 0 0 0 0 0 1 1 0 0 0
geno chr17.79539198 yri  0 1 1 1 1 0 0 0 1 0 0 0 2 1 0 0 0 1 1 0 0 0 0 1 0 0 1 0 0 0 0 1 0 1 0 1 0 0 0 1 0 0 0 0 0 1 0 0 0 2 0 0 0 0 0 0 1 0 1 1 1 0 1 0 1 0 1 1 2 0 0 0 1 0 1 0 0
geno chr17.79539213 ceu  0 1 0 0 1 1 0 1 0 0 0 0 2 1 0 0 0 1 0 0 2 1 0 0 0 0 1 1 0 0 0 1 0 1 0 1 1 1 1 0 1 1 1 0 2 0 0 1 0 1 0 0 2 0 1 2 1 1 1 0 1 0 0 0 2 0 0 1 1 1 0 1 1 0 0 0 1 1
geno chr17.79539213 fin  0 1 2 0 0 1 1 1 1 1 0 2 1 0 1 0 0 1 0 0 0 0 1 0 1 1 0 1 1 1 1 0 2 0 2 1 0 0 0 0 1 0 1 0 2 0 1 0 1 0 0 2 1 1 1 0 0 0 1 0 0 0 0 0 1 1 0 1 1 0 0 0 1 0 0 1 0 0 0 0 1 1 1 0 0 0 0 0 0
geno chr17.79539213 gbr  1 0 0 2 1 1 0 1 0 1 0 0 0 0 0 0 2 1 0 2 1 0 0 1 1 0 0 0 1 0 1 0 0 0 0 0 1 0 0 0 0 2 1 1 0 0 0 0 1 1 0 1 2 1 0 1 0 1 1 0 0 1 0 1 1 0 1 0 0 0 1 0 0 1 1 1 0 0 1 1 0 0 0 0
geno chr17.79539213 tsi  1 0 1 1 1 0 1 1 1 1 0 1 0 1 0 2 1 0 0 1 0 0 1 0 1 1 1 0 0 0 2 1 1 0 0 1 1 0 1 1 0 1 1 1 0 0 1 1 0 0 0 0 0 1 0 0 0 0 1 1 0 2 1 2 0 1 0 1 1 1 1 2 1 0 1 1 0 2 1 1 1 0 2 0 1 0 1 0 1 1 1 1
geno chr17.79539213 yri  0 1 0 0 0 0 1 2 1 1 1 0 0 1 0 2 0 1 0 2 0 1 0 1 0 0 1 1 1 0 0 0 0 0 1 1 2 1 1 0 0 1 0 1 1 0 0 0 0 0 0 0 1 0 0 1 0 1 2 0 0 2 1 2 0 1 1 1 0 0 2 0 0 1 0 0 0
geno chr17.79539736 ceu  0 0 0 0 0 0 0 0 0 0 0 0 0 1 0 0 1 0 0 0 0 0 0 0 0 0 0 0 0 0 0 0 1 0 0 0 0 0 0 0 0 0 0 1 0 0 0 0 0 0 1 0 0 0 0 0 0 0 0 0 0 0 0 0 0 0 0 0 0 1 0 0 0 1 1 0 0 0
geno chr17.79539736 fin  0 0 0 0 1 0 0 0 0 0 0 0 0 0 0 0 0 0 0 0 0 0 0 0 0 0 0 0 0 0 0 0 0 0 0 0 0 0 0 0 0 0 0 0 0 0 0 0 0 0 0 0 0 0 0 0 0 1 0 0 0 0 0 0 0 0 0 0 0 0 0 0 0 0 0 0 0 0 0 0 0 0 1 0 0 0 0 0 0
geno chr17.79539736 gbr  0 1 0 0 0 0 0 0 0 0 0 0 0 0 0 0 0 0 0 0 0 0 0 0 0 0 0 0 0 0 0 0 0 0 0 1 0 0 0 0 0 0 0 0 0 0 0 0 0 0 0 1 0 0 0 0 0 1 0 0 0 0 0 0 0 0 0 0 0 0 0 0 0 0 0 0 0 0 0 0 0 0 0 1
geno chr17.79539736 tsi  0 0 1 0 0 1 0 0 0 0 0 0 1 0 0 0 0 0 0 0 1 0 0 0 0 0 0 0 0 0 0 1 0 0 0 0 0 1 0 0 0 0 0 0 2 1 1 0 0 0 0 0 0 0 0 1 1 1 0 0 0 0 0 0 1 0 0 0 0 0 0 0 0 0 1 0 0 0 0 0 0 0 0 0 0 0 0 0 0 0 0 0
geno chr17.79539736 yri  0 0 0 0 0 0 0 1 0 0 1 0 0 0 0 0 0 0 0 0 0 0 2 0 1 1 0 0 0 1 0 0 0 0 0 0 0 1 0 1 0 0 0 0 0 0 0 0 1 0 0 0 0 0 1 1 1 0 0 0 0 0 0 0 0 0 0 0 0 0 0 0 0 0 0 0 0
geno chr17.79540449 ceu  0 2 2 1 2 2 0 2 2 1 0 0 2 0 1 2 1 2 2 2 2 2 2 0 0 1 2 2 2 1 0 2 1 2 1 2 2 2 1 1 2 2 1 1 2 0 1 2 1 1 1 2 2 2 2 2 2 1 2 2 2 2 2 1 2 1 1 2 1 1 2 2 1 1 1 2 1 2
geno chr17.79540449 fin  2 1 2 2 1 1 2 2 1 2 2 1 1 1 1 2 2 2 2 1 1 0 1 2 2 0 2 1 2 2 2 1 2 2 2 2 2 1 2 2 2 2 1 0 2 2 2 2 2 2 2 2 2 2 2 2 1 1 1 1 1 2 2 2 2 2 1 2 1 0 1 1 2 1 2 2 2 1 2 2 1 2 1 1 2 0 2 1 1
geno chr17.79540449 gbr  2 1 2 2 1 2 2 1 2 1 2 2 1 2 2 2 2 1 1 2 1 2 1 2 2 2 2 2 2 2 2 0 1 2 1 1 1 2 1 0 1 2 1 2 1 1 0 2 2 2 2 1 2 2 1 1 2 1 2 2 2 2 1 2 2 1 2 2 2 2 1 2 2 1 2 2 1 2 2 2 2 1 1 0
geno chr17.79540449 tsi  2 1 1 2 1 1 2 2 2 2 1 2 1 2 2 2 2 2 1 2 1 1 1 2 2 2 2 0 2 1 2 1 2 0 1 2 1 1 2 2 2 1 2 1 0 1 1 2 2 1 1 2 0 2 2 1 1 1 1 1 2 2 1 2 0 2 0 2 2 1 2 2 2 1 1 1 2 2 2 1 2 2 2 1 2 2 2 1 2 2 2 2
geno chr17.79540449 yri  0 1 1 1 2 1 1 0 2 0 1 1 2 2 1 1 0 1 1 0 0 0 0 1 0 1 2 0 0 0 0 1 0 1 2 2 2 0 1 1 0 1 0 0 0 1 0 0 0 2 0 0 0 0 0 0 1 1 2 1 1 2 1 1 2 1 2 2 2 0 1 2 1 0 1 0 1
geno chr17.79540511 ceu  0 1 0 0 1 1 0 1 0 0 0 0 0 0 0 0 0 1 0 1 1 0 0 0 0 0 1 0 0 0 0 1 0 0 0 0 0 2 1 0 0 1 1 0 2 0 0 1 0 0 0 0 2 0 0 0 0 1 0 0 1 0 0 0 1 0 0 0 0 0 0 0 0 0 0 0 1 0
geno chr17.79540511 fin  1 0 1 0 0 0 1 1 0 1 0 0 0 0 1 0 0 1 1 0 0 0 0 0 1 0 0 0 1 2 1 0 0 0 1 0 0 0 0 1 1 1 0 0 1 0 1 1 0 0 0 1 1 0 1 0 0 0 1 0 0 1 0 0 0 0 0 0 1 0 0 0 0 0 0 0 0 0 0 0 0 2 0 0 0 0 0 0 1
geno chr17.79540511 gbr  0 0 0 1 0 1 1 0 0 1 0 1 0 1 0 0 2 0 0 1 0 1 0 0 0 0 1 0 1 1 0 0 0 0 0 0 1 1 0 0 1 1 0 0 0 1 0 1 0 1 1 1 2 1 1 0 0 0 0 1 1 0 0 1 2 0 0 1 2 0 1 0 0 0 1 0 0 0 1 1 0 0 0 0
geno chr17.79540511 tsi  0 1 0 1 1 0 1 2 2 1 0 0 1 1 1 0 2 2 0 1 1 0 0 0 1 1 1 0 0 0 1 1 1 0 0 1 0 0 2 1 0 1 1 0 0 0 1 1 0 0 0 0 0 0 0 1 0 0 0 1 0 1 0 0 0 1 0 2 1 0 0 1 0 0 0 0 0 2 0 1 0 2 1 0 1 0 0 1 1 0 0 1
geno chr17.79540511 yri  0 1 1 1 1 0 0 0 1 0 0 0 2 2 0 0 0 1 1 0 0 0 0 1 0 1 1 0 0 0 0 1 0 1 0 1 1 0 1 1 0 0 0 0 0 1 0 0 0 2 0 0 0 1 0 0 1 0 1 2 1 1 1 1 1 0 1 1 2 0 1 0 1 0 1 0 0
geno chr17.79540598 ceu  0 2 2 1 2 2 0 2 2 1 0 0 2 0 1 2 1 2 2 2 2 2 2 0 0 1 2 2 2 1 0 2 1 2 1 2 2 2 1 1 2 2 1 1 2 0 1 2 1 1 1 2 2 2 2 2 2 1 2 2 2 2 2 1 2 1 1 2 1 1 2 2 1 1 1 2 1 2
geno chr17.79540598 fin  2 1 2 2 1 1 2 2 1 2 2 1 1 1 1 2 2 2 2 1 1 0 1 2 2 0 2 1 2 2 2 1 2 2 2 2 2 1 2 2 2 2 1 0 2 2 2 2 2 2 2 2 2 2 2 2 1 1 1 1 1 2 2 2 2 2 1 2 1 0 1 1 2 1 2 2 2 1 2 2 1 2 1 1 2 0 2 1 1
geno chr17.79540598 gbr  2 1 2 2 1 2 2 1 2 1 2 2 1 2 2 2 2 1 1 2 1 2 1 2 2 2 2 2 2 2 2 0 1 2 1 1 1 2 1 0 1 2 1 2 1 1 0 2 2 2 2 1 2 2 1 1 2 1 2 2 2 2 1 2 2 1 2 2 2 2 1 2 2 1 2 2 1 2 2 2 2 1 1 0
geno chr17.79540598 tsi  2 1 1 2 1 1 2 2 2 2 1 2 1 2 2 2 2 2 1 2 1 1 1 2 2 2 2 0 2 1 2 1 2 0 1 2 1 1 2 2 2 1 2 1 0 1 1 2 2 1 1 2 0 2 2 1 1 1 1 1 2 2 1 2 0 2 0 2 2 1 2 2 2 1 1 1 2 2 2 1 2 2 2 1 2 2 2 1 2 2 2 2
geno chr17.79540598 yri  0 1 1 1 2 1 1 0 2 0 1 1 2 2 1 1 0 1 1 0 0 0 0 1 0 1 2 0 0 0 0 1 0 1 2 2 2 0 1 1 0 1 0 0 0 1 0 0 0 2 0 0 0 0 0 0 1 1 2 1 1 2 1 1 2 1 2 2 2 0 1 2 1 0 1 0 1
geno chr17.79541116 ceu  0 0 0 0 0 0 0 0 0 0 0 0 0 0 1 0 0 1 0 1 0 0 0 0 0 0 0 0 0 0 0 0 0 0 0 0 0 2 0 0 0 0 0 0 1 0 0 1 0 0 0 0 0 0 0 0 0 0 0 0 0 0 0 0 1 0 0 0 0 0 0 0 0 0 0 0 0 0
geno chr17.79541116 fin  1 0 0 0 0 0 0 1 0 0 0 0 0 0 0 0 0 1 1 0 0 0 0 0 0 0 0 0 1 1 0 0 0 0 0 0 0 0 0 1 0 1 0 0 0 0 1 1 0 0 0 0 0 0 0 0 0 0 0 1 0 1 0 0 0 0 0 0 0 0 0 0 0 0 0 0 0 0 0 0 0 1 0 0 0 0 0 0 1
geno chr17.79541116 gbr  0 0 0 1 0 1 1 0 0 1 0 1 0 1 0 0 0 0 0 0 0 1 0 0 0 0 0 0 0 1 0 0 0 0 0 0 0 1 0 0 0 0 0 0 0 1 0 1 0 1 1 0 0 0 1 0 0 0 0 0 1 0 0 0 2 0 0 1 2 0 0 0 0 0 0 0 0 0 0 1 0 0 0 0
geno chr17.79541116 tsi  0 1 0 1 0 0 1 1 1 0 1 0 1 0 0 0 1 2 0 1 1 0 0 0 0 1 0 0 0 0 0 0 1 0 0 1 0 0 2 0 0 0 0 0 0 0 0 0 0 0 0 0 0 0 0 1 0 0 0 0 0 0 0 0 0 1 0 1 0 0 0 1 0 0 0 0 0 0 0 1 0 2 0 0 0 0 0 1 1 0 0 0
geno chr17.79541116 yri  0 1 1 1 1 0 0 0 1 0 0 0 2 1 0 0 0 1 1 0 0 0 0 1 0 0 1 0 0 0 0 1 0 1 0 1 0 0 0 1 0 0 0 0 0 1 0 0 0 2 0 0 0 0 0 0 1 0 1 1 1 0 1 0 1 0 1 1 2 0 0 0 1 0 1 0 0
geno chr17.79541383 ceu  0 1 0 0 1 1 0 1 0 0 0 0 0 0 0 0 0 0 0 0 1 0 0 0 0 0 1 0 0 0 0 1 0 0 0 0 0 0 1 0 0 1 1 0 1 0 0 0 0 0 0 0 2 0 0 0 0 1 0 0 1 0 0 0 0 0 0 0 0 0 0 0 0 0 0 0 1 0
geno chr17.79541383 fin  0 0 1 0 0 0 1 0 0 1 0 0 0 0 1 0 0 0 0 0 0 0 0 0 1 0 0 0 0 1 0 0 0 0 1 0 0 0 0 0 1 0 0 0 1 0 0 0 0 0 0 1 1 0 1 0 0 0 1 0 0 0 0 0 0 0 0 0 1 0 0 0 0 0 0 0 0 0 0 0 0 1 0 0 0 0 0 0 0
geno chr17.79541383 gbr  0 0 0 0 0 0 0 0 0 0 0 0 0 0 0 0 2 0 0 1 0 0 0 0 0 0 1 0 1 0 0 0 0 0 0 0 1 0 0 0 1 1 0 0 0 0 0 0 0 0 0 1 2 1 0 0 0 0 0 1 0 0 0 1 0 0 0 0 0 0 1 0 0 0 1 0 0 0 1 0 0 0 0 0
geno chr17.79541383 tsi  0 0 0 0 1 0 0 1 1 1 0 0 0 1 1 0 1 0 0 0 0 0 0 0 1 0 1 0 0 0 1 1 0 0 0 0 1 0 0 1 0 1 1 0 0 0 1 1 0 0 0 0 0 0 0 0 0 0 0 1 0 1 0 0 0 0 0 1 1 0 0 0 0 0 0 0 0 2 1 0 0 0 1 0 1 0 0 0 0 0 0 1
geno chr17.79541383 yri  0 0 0 0 0 0 0 0 0 0 0 0 0 0 0 0 0 0 0 0 0 0 0 0 0 0 0 0 0 0 0 0 0 0 0 0 0 0 0 0 0 0 0 0 0 0 0 0 0 0 0 0 0 0 0 0 0 0 0 0 0 0 0 0 0 0 0 0 0 0 0 0 0 0 0 0 0
geno chr17.79541555 ceu  0 2 2 1 2 2 0 2 2 1 0 0 2 0 1 2 1 2 2 2 2 2 2 0 0 1 2 2 2 1 0 2 1 2 1 2 2 2 1 1 2 2 1 1 2 0 1 2 1 1 1 2 2 2 2 2 2 1 2 2 2 2 2 1 2 1 1 2 1 1 2 2 1 1 1 2 1 2
geno chr17.79541555 fin  2 1 2 2 1 1 2 2 1 2 2 1 1 1 1 2 2 2 2 1 1 0 1 2 2 0 2 1 2 2 2 1 2 2 2 2 2 1 2 2 2 2 1 0 2 2 2 2 2 2 2 2 2 2 2 2 1 1 1 1 1 2 2 2 2 2 1 2 1 0 1 1 2 1 2 2 2 1 2 2 1 2 1 1 2 0 2 1 1
geno chr17.79541555 gbr  2 1 2 2 1 2 2 1 2 1 2 2 1 2 2 2 2 1 1 2 1 2 1 2 2 2 2 2 2 2 2 0 1 2 1 1 1 2 1 0 1 2 1 2 1 1 0 2 2 2 2 1 2 2 1 1 2 1 2 2 2 2 1 2 2 1 2 2 2 2 1 2 2 1 2 2 1 2 2 2 2 1 1 0
geno chr17.79541555 tsi  2 1 1 2 1 1 2 2 2 2 1 2 1 2 2 2 2 2 1 2 1 1 1 2 2 2 2 0 2 1 2 1 2 0 1 2 1 1 2 2 2 1 2 1 0 1 1 2 2 1 1 2 0 2 2 1 1 1 1 1 2 2 1 2 0 2 0 2 2 1 2 2 2 1 1 1 2 2 2 1 2 2 2 1 2 2 2 1 2 2 2 2
geno chr17.79541555 yri  0 1 1 1 2 1 1 0 2 0 1 1 2 2 1 1 0 1 1 0 0 0 0 1 0 0 2 0 0 0 0 1 0 1 2 2 2 0 1 1 0 1 0 0 1 1 0 0 0 2 0 0 0 0 0 0 1 1 2 1 1 2 1 1 2 1 2 2 2 0 1 2 1 0 1 0 1
geno chr17.79541726 ceu  0 0 0 0 0 0 0 0 0 0 0 0 0 0 1 0 0 1 0 1 0 0 0 0 0 0 0 0 0 0 0 0 0 0 0 0 0 2 0 0 0 0 0 0 1 0 0 1 0 0 0 0 0 0 0 0 0 0 0 0 0 0 0 0 1 0 0 0 0 0 0 0 0 0 0 0 0 0
geno chr17.79541726 fin  1 0 0 0 0 0 0 1 0 0 0 0 0 0 0 0 0 1 1 0 0 0 0 0 0 0 0 0 1 1 0 0 0 0 0 0 0 0 0 1 0 1 0 0 0 0 1 1 0 0 0 0 0 0 0 0 0 0 0 1 0 1 0 0 0 0 0 0 0 0 0 0 0 0 0 0 0 0 0 0 0 1 0 0 0 0 0 0 1
geno chr17.79541726 gbr  0 0 0 1 0 1 1 0 0 1 0 1 0 1 0 0 0 0 0 0 0 1 0 0 0 0 0 0 0 1 0 0 0 0 0 0 0 1 0 0 0 0 0 0 0 1 0 1 0 1 1 0 0 0 1 0 0 0 0 0 1 0 0 0 2 0 0 1 2 0 0 0 0 0 0 0 0 0 0 1 0 0 0 0
geno chr17.79541726 tsi  0 1 0 1 0 0 1 1 1 0 1 0 1 0 0 0 1 2 0 1 1 0 0 0 0 1 0 0 0 0 0 0 1 0 0 1 0 0 2 0 0 0 0 0 0 0 0 0 0 0 0 0 0 0 0 1 0 0 0 0 0 0 0 0 0 1 0 1 0 0 0 1 0 0 0 0 0 0 0 1 0 2 0 0 0 0 0 1 1 0 0 0
geno chr17.79541726 yri  0 1 1 1 1 0 0 0 1 0 0 0 2 1 0 0 0 1 1 0 0 0 0 1 0 0 1 0 0 0 0 1 0 1 0 1 0 0 0 1 0 0 0 0 0 1 0 0 0 2 0 0 0 0 0 0 1 0 1 1 1 0 1 0 1 0 1 1 2 0 0 0 1 0 1 0 0
geno chr17.79541887 ceu  0 0 0 0 0 1 0 1 0 0 0 0 0 0 0 0 0 0 0 0 1 0 0 0 0 0 0 0 0 0 0 1 0 0 0 0 0 0 1 0 0 0 0 0 1 0 0 0 0 0 0 0 0 0 0 0 0 0 0 0 0 0 0 0 0 0 0 0 0 0 0 0 0 0 0 0 0 0
geno chr17.79541887 fin  0 0 1 0 0 0 1 0 0 0 0 0 0 0 0 0 0 0 0 0 0 0 0 0 1 0 0 0 0 1 0 0 0 0 1 0 0 0 0 0 1 0 0 0 1 0 0 0 0 0 0 1 1 0 1 0 0 0 0 0 0 0 0 0 0 0 1 0 0 0 0 0 0 0 0 0 0 0 0 0 0 1 0 0 0 0 0 0 0
geno chr17.79541887 gbr  0 0 0 0 0 0 0 0 0 0 0 0 0 0 0 0 2 0 0 0 0 0 0 0 0 0 0 0 0 0 0 0 0 0 0 0 0 0 0 0 1 1 0 0 0 0 0 0 0 0 0 0 2 1 0 0 0 0 0 0 0 0 0 1 0 0 0 0 0 0 1 0 0 0 1 0 0 0 0 0 0 0 0 0
geno chr17.79541887 tsi  0 0 0 0 1 0 0 0 0 0 0 0 0 0 0 0 0 0 0 0 0 0 0 0 0 0 0 0 0 0 0 0 0 0 0 0 0 0 0 1 0 1 0 0 0 0 0 0 0 0 0 0 0 0 0 0 0 0 0 0 0 0 0 0 0 0 0 1 1 0 0 0 0 0 0 0 0 1 0 0 0 0 0 0 1 0 0 0 0 0 0 0
geno chr17.79541887 yri  0 0 0 0 0 0 0 1 0 0 1 0 0 0 0 0 0 0 0 0 0 0 2 0 1 1 0 0 0 1 0 1 0 0 0 0 0 1 0 1 0 0 0 0 0 0 0 0 1 0 0 0 0 0 1 1 1 0 0 0 0 0 0 0 0 0 0 0 0 0 0 0 0 0 0 0 0
geno chr17.79542321 ceu  0 0 0 0 0 0 0 0 0 0 0 0 0 0 1 0 0 1 0 1 0 0 0 0 0 0 0 0 0 0 0 0 0 0 0 0 0 2 0 0 0 0 0 0 1 0 0 1 0 0 0 0 0 0 0 0 0 0 0 0 0 0 0 0 1 0 0 0 0 0 0 0 0 0 0 0 0 0
geno chr17.79542321 fin  1 0 0 0 0 0 0 1 0 0 0 0 0 0 0 0 0 1 1 0 0 0 0 0 0 0 0 0 1 1 0 0 0 0 0 0 0 0 0 1 0 1 0 0 0 0 1 1 0 0 0 0 0 0 0 0 0 0 0 1 0 1 0 0 0 0 0 0 0 0 0 0 0 0 0 0 0 0 0 0 0 1 0 0 0 0 0 0 1
geno chr17.79542321 gbr  0 0 0 1 0 1 1 0 0 1 0 1 0 1 0 0 0 0 0 0 0 1 0 0 0 0 0 0 0 1 0 0 1 0 0 0 0 1 0 0 0 0 0 0 0 1 0 1 0 1 1 0 0 0 1 0 0 0 0 0 1 0 0 0 2 0 0 1 2 0 0 0 0 0 0 0 0 0 0 1 0 0 0 0
geno chr17.79542321 tsi  0 1 0 1 0 0 1 1 1 0 1 0 1 0 0 0 1 2 0 1 1 0 0 0 0 1 0 0 0 0 0 0 1 0 0 1 0 0 2 0 0 0 0 0 0 0 0 0 0 0 0 0 0 0 0 1 0 0 0 0 0 0 0 0 0 1 0 1 0 0 0 1 0 0 0 0 0 0 0 1 0 2 0 0 0 0 0 1 1 0 0 0
geno chr17.79542321 yri  0 1 1 1 1 0 0 0 1 0 0 0 2 1 0 0 0 1 1 0 0 0 0 1 0 0 1 0 0 0 0 1 0 1 0 1 0 0 0 1 0 0 0 0 0 1 0 0 0 2 0 0 0 0 0 0 1 0 1 1 1 0 1 0 1 0 1 1 2 0 0 0 1 0 1 0 0
geno chr17.79542329 ceu  0 1 0 0 1 1 0 1 0 0 0 0 0 0 0 0 0 0 0 0 1 0 0 0 0 0 1 0 0 0 0 1 0 0 0 0 0 0 1 0 0 1 1 0 1 0 0 0 0 0 0 0 2 0 0 0 0 1 0 0 1 0 0 0 0 0 0 0 0 0 0 0 0 0 0 0 1 0
geno chr17.79542329 fin  0 0 1 0 0 0 1 0 0 1 0 0 0 0 1 0 0 0 0 0 0 0 0 0 1 0 0 0 0 1 1 0 0 0 1 0 0 0 0 0 1 0 0 0 1 0 0 0 0 0 0 1 1 0 1 0 0 0 1 0 0 0 0 0 0 0 0 0 1 0 0 0 0 0 0 0 0 0 0 0 0 1 0 0 0 0 0 0 0
geno chr17.79542329 gbr  0 0 0 1 0 1 0 1 0 0 0 0 0 0 0 0 2 0 0 1 0 0 0 0 0 0 1 0 1 0 0 0 0 0 0 0 1 0 0 0 1 1 0 0 0 0 0 0 0 0 0 1 2 1 0 0 0 0 0 1 0 0 0 1 0 0 0 0 0 0 1 0 0 0 1 0 0 0 1 0 0 0 0 0
geno chr17.79542329 tsi  0 0 0 0 1 0 0 1 1 1 0 0 0 1 1 0 1 0 0 0 0 0 0 0 1 0 1 0 0 0 1 1 0 0 0 0 1 0 0 1 0 1 1 0 0 0 1 1 0 0 0 0 0 0 0 0 0 0 0 1 0 1 0 0 0 0 0 1 1 0 1 0 0 0 0 0 0 2 1 0 0 0 1 0 1 0 0 0 0 0 0 1
geno chr17.79542329 yri  0 0 0 0 0 0 0 0 0 0 0 0 0 1 0 0 0 0 0 0 0 0 0 0 0 0 0 0 0 0 0 0 0 0 0 0 1 0 1 0 0 0 0 0 0 0 0 0 0 0 0 0 0 0 0 0 0 0 0 0 0 0 0 1 0 0 0 0 0 0 1 0 0 0 0 0 0
geno chr17.79542606 ceu  0 1 0 0 1 1 0 1 0 0 0 0 0 0 0 0 0 0 0 0 1 0 0 0 0 0 1 0 0 0 0 1 0 0 0 0 0 0 1 0 0 1 1 0 1 0 0 0 0 0 0 0 2 0 0 0 0 1 0 0 1 0 0 0 0 0 0 0 0 0 0 0 0 0 0 0 1 0
geno chr17.79542606 fin  0 0 1 0 0 0 1 0 0 1 0 0 0 0 1 0 0 0 0 0 0 0 0 0 1 0 0 0 0 1 1 0 0 0 1 0 0 0 0 0 1 0 0 0 1 0 0 0 0 0 0 1 1 0 1 0 0 0 1 0 0 0 0 0 0 0 0 0 1 0 0 0 0 0 0 0 0 0 0 0 0 1 0 0 0 0 0 0 0
geno chr17.79542606 gbr  0 0 0 0 0 0 0 0 0 0 0 0 0 0 0 0 2 0 0 1 0 0 0 0 0 0 1 0 1 0 0 0 0 0 0 0 1 0 0 0 1 1 0 0 0 0 0 0 0 0 0 1 2 1 0 0 0 0 0 1 0 0 0 1 0 0 0 0 0 0 1 0 0 0 1 0 0 0 1 0 0 0 0 0
geno chr17.79542606 tsi  0 0 0 0 1 0 0 1 1 1 0 0 0 1 1 0 1 0 0 0 0 0 0 0 1 0 1 0 0 0 1 1 0 0 0 0 1 0 0 1 0 1 1 0 0 0 1 1 0 0 0 0 0 0 0 0 0 0 0 1 0 1 0 0 0 0 0 1 1 0 0 0 0 0 0 0 0 2 1 0 0 0 1 0 1 0 0 0 0 0 0 1
geno chr17.79542606 yri  0 0 0 0 0 0 0 0 0 0 0 0 0 1 0 0 0 0 0 0 0 0 0 0 0 0 0 0 0 0 0 0 0 0 0 0 1 0 1 0 0 0 0 0 0 0 0 0 0 0 0 0 0 0 0 0 0 0 0 0 0 0 0 1 0 0 0 0 0 0 1 0 0 0 0 0 0
geno chr17.79542629 ceu  0 0 0 0 0 0 0 0 0 0 0 0 0 0 1 0 0 1 0 1 0 0 0 0 0 0 0 0 0 0 0 0 0 0 0 0 0 2 0 0 0 0 0 0 1 0 0 1 0 0 0 0 0 0 0 0 0 0 0 0 0 0 0 0 1 0 0 0 0 0 0 0 0 0 0 0 0 0
geno chr17.79542629 fin  1 0 0 0 0 0 0 1 0 0 0 0 0 0 0 0 0 1 1 0 0 0 0 0 0 0 0 0 1 1 0 0 0 0 0 0 0 0 0 1 0 1 0 0 0 0 1 1 0 0 0 0 0 0 0 0 0 0 0 1 0 1 0 0 0 0 0 0 0 0 0 0 0 0 0 0 0 0 0 0 0 1 0 0 0 0 0 0 1
geno chr17.79542629 gbr  0 0 0 1 0 1 1 0 0 1 0 1 0 1 0 0 0 0 0 0 0 1 0 0 0 0 0 0 0 1 0 0 0 0 0 0 0 1 0 0 0 0 0 0 0 1 0 1 0 1 1 0 0 0 1 0 0 0 0 0 1 0 0 0 2 0 0 1 2 0 0 0 0 0 0 0 0 0 0 1 0 0 0 0
geno chr17.79542629 tsi  0 1 0 1 0 0 1 1 1 0 1 0 1 0 0 0 1 2 0 1 1 0 0 0 0 1 0 0 0 0 0 0 1 0 0 1 0 0 2 0 0 0 0 0 0 0 0 0 0 0 0 0 0 0 0 1 0 0 0 0 0 0 0 0 0 1 0 1 0 0 0 1 0 0 0 0 0 0 0 1 0 2 0 0 0 0 0 1 1 0 0 0
geno chr17.79542629 yri  0 1 1 1 1 0 0 0 1 0 0 0 2 1 0 0 0 1 1 0 0 0 0 1 0 0 1 0 0 0 0 1 0 1 0 1 0 0 0 1 0 0 0 0 0 1 0 0 0 2 0 0 0 0 0 0 1 0 1 1 1 1 1 0 1 0 1 1 2 0 0 0 1 0 1 0 0
geno chr17.79542813 ceu  0 1 2 1 1 1 0 1 2 1 0 0 2 0 0 2 1 1 2 1 1 2 2 0 0 1 1 2 2 1 0 1 1 2 1 2 2 0 0 1 2 1 0 1 0 0 1 1 1 1 1 2 0 2 2 2 2 0 2 2 1 2 2 1 1 1 1 2 1 1 2 2 1 1 1 2 0 2
geno chr17.79542813 fin  1 1 1 2 1 1 1 1 1 1 2 1 1 1 0 2 2 1 1 1 1 0 1 2 1 0 2 1 1 0 1 1 2 2 1 2 2 1 2 1 1 1 1 0 1 2 1 1 2 2 2 1 1 2 1 2 1 1 0 0 1 1 2 2 2 2 1 2 0 0 1 1 2 1 2 2 2 1 2 2 1 0 1 1 2 0 2 1 0
geno chr17.79542813 gbr  2 1 2 1 1 1 1 1 2 0 2 1 1 1 2 2 0 1 1 1 1 1 1 2 2 2 1 2 1 1 2 0 1 2 1 1 0 1 1 0 0 1 1 2 1 0 0 1 2 1 1 0 0 1 0 1 2 1 2 1 1 2 1 1 0 1 2 1 0 2 0 2 2 1 1 2 1 2 1 1 2 1 1 0
geno chr17.79542813 tsi  2 0 1 1 0 1 1 0 0 1 0 2 0 1 1 2 0 0 1 1 0 1 1 2 1 1 1 0 2 1 1 0 1 0 1 1 0 1 0 1 2 0 1 1 0 1 0 1 2 1 1 2 0 2 2 0 1 1 1 0 2 1 1 2 0 1 0 0 1 1 2 1 2 1 1 1 2 0 1 0 2 0 1 1 1 2 2 0 1 2 2 1
geno chr17.79542813 yri  0 0 0 0 1 1 1 0 1 0 1 1 0 0 1 1 0 0 0 0 0 0 0 0 0 0 1 0 0 0 0 0 0 0 2 1 1 0 0 0 0 1 0 0 0 0 0 0 0 0 0 0 0 0 0 0 0 1 1 0 0 1 0 0 1 1 1 1 0 0 0 2 0 0 0 0 1
geno chr17.79542829 ceu  0 0 0 0 0 0 0 0 0 0 0 0 0 0 1 0 0 1 0 1 0 0 0 0 0 0 0 0 0 0 0 0 0 0 0 0 0 2 0 0 0 0 0 0 1 0 0 1 0 0 0 0 0 0 0 0 0 0 0 0 0 0 0 0 1 0 0 0 0 0 0 0 0 0 0 0 0 0
geno chr17.79542829 fin  1 0 0 0 0 0 0 1 0 0 0 0 0 0 0 0 0 1 1 0 0 0 0 0 0 0 0 0 1 1 0 0 0 0 0 0 0 0 0 1 0 1 0 0 0 0 1 1 0 0 0 0 0 0 0 0 0 0 0 1 0 1 0 0 0 0 0 0 0 0 0 0 0 0 0 0 0 0 0 0 0 1 0 0 0 0 0 0 1
geno chr17.79542829 gbr  0 0 0 1 0 1 1 0 0 1 0 1 0 1 0 0 0 0 0 0 0 1 0 0 0 0 0 0 0 1 0 0 0 0 0 0 0 1 0 0 0 0 0 0 0 1 0 1 0 1 1 0 0 0 1 0 0 0 0 0 1 0 0 0 2 0 0 1 2 0 0 0 0 0 0 0 0 0 0 1 0 0 0 0
geno chr17.79542829 tsi  0 1 0 1 0 0 1 1 1 0 1 0 1 0 0 0 1 2 0 1 1 0 0 0 0 1 0 0 0 0 0 0 1 0 0 1 0 0 2 0 0 0 0 0 0 0 0 0 0 0 0 0 0 0 0 1 0 0 0 0 0 0 0 0 0 1 0 1 0 0 0 1 0 0 0 0 0 0 0 1 0 2 0 0 0 0 0 1 1 0 0 0
geno chr17.79542829 yri  0 1 1 1 1 0 0 0 1 0 0 0 2 1 0 0 0 1 1 0 0 0 0 1 0 0 1 0 0 0 0 1 0 1 0 1 0 0 0 1 0 0 0 0 0 1 0 0 0 2 0 0 0 0 0 0 1 0 1 1 1 0 1 0 1 0 1 1 2 0 0 0 1 0 1 0 0
geno chr17.79543027 ceu  0 0 0 0 0 0 0 0 0 0 0 0 0 0 1 0 0 1 0 1 0 0 0 0 0 0 0 0 0 0 0 0 0 0 0 0 0 2 0 0 0 0 0 0 1 0 0 1 0 0 0 0 0 0 0 0 0 0 0 0 0 0 0 0 1 0 0 0 0 0 0 0 0 0 0 0 0 0
geno chr17.79543027 fin  1 0 0 0 0 0 0 1 0 0 0 0 0 0 0 0 0 2 1 0 0 0 0 0 0 0 0 0 1 1 0 0 0 0 0 0 0 0 0 1 0 1 0 0 0 0 1 1 0 0 0 1 0 0 0 0 0 0 0 1 0 1 0 0 0 0 0 0 0 0 0 0 0 0 0 0 0 0 0 0 0 1 0 0 0 0 0 0 1
geno chr17.79543027 gbr  0 0 0 1 0 1 1 0 0 1 0 1 0 1 0 0 0 0 0 0 0 1 0 0 0 0 0 0 0 1 0 0 0 0 0 0 0 1 0 1 0 0 0 0 0 1 0 1 0 1 1 0 0 0 1 0 0 0 0 0 1 0 0 0 2 0 0 1 2 0 0 0 0 0 0 0 0 0 0 1 0 0 0 0
geno chr17.79543027 tsi  0 1 0 1 0 0 1 1 1 0 1 0 1 0 0 0 1 2 0 1 1 0 0 0 0 1 0 0 0 0 0 0 1 0 0 1 0 0 2 0 0 0 0 0 0 0 0 0 0 0 0 0 0 0 0 1 0 0 0 0 0 0 0 0 0 1 0 1 0 0 0 1 0 0 0 0 0 0 0 1 0 2 0 0 0 0 0 1 1 0 0 0
geno chr17.79543027 yri  0 1 1 1 1 0 0 0 1 0 0 0 2 1 0 0 0 1 1 0 0 0 0 1 0 0 1 0 0 0 0 1 0 1 0 1 0 0 0 1 0 0 0 0 0 1 0 0 0 2 0 0 0 0 0 0 1 0 1 1 1 1 1 0 1 0 1 1 2 0 0 0 1 0 1 0 0
geno chr17.79543047 ceu  0 1 0 0 1 1 0 1 0 0 0 0 0 0 0 0 0 0 0 0 1 0 0 0 0 0 1 0 0 0 0 1 0 0 0 0 0 0 1 0 0 1 1 0 1 0 0 0 0 0 0 0 2 0 0 0 0 1 0 0 1 0 0 0 0 0 0 0 0 0 0 0 0 0 0 0 1 0
geno chr17.79543047 fin  0 0 1 0 0 0 1 0 0 1 0 0 0 0 1 0 0 0 0 0 0 0 0 0 1 0 0 0 0 1 1 0 0 0 1 0 0 0 0 0 1 0 0 0 1 0 0 0 0 0 0 1 1 0 1 0 0 0 1 0 0 0 0 0 0 0 0 0 1 0 0 0 0 0 0 0 0 0 0 0 0 1 0 0 0 0 0 0 0
geno chr17.79543047 gbr  0 0 0 0 0 0 0 0 0 0 0 0 0 0 0 0 2 0 0 1 0 0 0 0 0 0 1 0 1 0 0 0 0 0 0 0 1 0 0 0 1 1 0 0 0 0 0 0 0 0 0 1 2 1 0 0 0 0 0 1 0 0 0 1 0 0 0 0 0 0 1 0 0 0 1 0 0 0 1 0 0 0 0 0
geno chr17.79543047 tsi  0 0 0 0 1 0 0 1 1 1 0 0 0 1 1 0 1 0 0 0 0 0 0 0 1 0 1 0 0 0 1 1 0 0 0 0 1 0 0 1 0 1 1 0 0 0 1 1 0 0 0 0 0 0 0 0 0 0 0 1 0 1 0 0 0 0 0 1 1 0 0 0 0 0 0 0 0 2 1 0 0 0 1 0 1 0 0 0 0 0 0 1
geno chr17.79543047 yri  0 0 0 0 0 0 0 0 0 0 0 0 0 1 0 0 0 0 0 0 0 0 0 0 0 0 0 0 0 0 0 0 0 0 0 0 1 0 1 0 0 0 0 0 0 0 0 0 0 0 0 0 0 0 0 0 0 0 0 0 0 0 0 1 0 0 0 0 0 0 1 0 0 0 0 0 0
geno chr17.79543344 ceu  0 1 0 0 1 1 0 1 0 0 0 0 0 0 0 0 0 0 0 0 1 0 0 0 0 0 1 0 0 0 0 1 0 0 0 0 0 0 1 0 0 1 1 0 1 0 0 0 0 0 0 0 2 0 0 0 0 1 0 0 1 0 0 0 0 0 0 0 0 0 0 0 0 0 0 0 1 0
geno chr17.79543344 fin  0 0 1 0 0 0 1 0 0 1 0 0 0 0 1 0 0 0 0 0 0 0 0 0 1 0 0 0 0 1 0 0 0 0 1 0 0 0 0 0 1 0 0 0 1 0 0 0 0 0 0 1 1 0 1 0 0 0 1 0 0 0 0 0 0 0 0 0 1 0 0 0 0 0 0 0 0 0 0 0 0 1 0 0 0 0 0 0 0
geno chr17.79543344 gbr  0 0 0 0 0 0 0 0 0 0 0 0 0 0 0 0 2 0 0 1 0 0 0 0 0 0 1 0 1 0 0 0 0 0 0 0 1 0 0 0 1 1 0 0 0 0 0 0 0 0 0 1 2 1 0 0 0 0 0 1 0 0 0 1 0 0 0 0 0 0 1 0 0 0 1 0 0 0 1 0 0 0 0 0
geno chr17.79543344 tsi  0 0 0 0 1 0 0 1 1 1 0 0 0 1 1 0 1 0 0 0 0 0 0 0 1 0 1 0 0 0 1 1 0 0 0 0 1 0 0 1 0 1 1 0 0 0 1 1 0 0 0 0 0 0 0 0 0 0 0 1 0 1 0 0 0 0 0 1 1 0 0 0 0 0 0 0 0 2 1 0 0 0 1 0 1 0 0 0 0 0 0 1
geno chr17.79543344 yri  0 0 0 0 0 0 0 0 0 0 0 0 0 0 0 0 0 0 0 0 0 0 0 0 0 0 0 0 0 0 0 0 0 0 0 0 0 0 0 0 0 0 0 0 0 0 0 0 0 0 0 0 0 0 0 0 0 0 0 0 0 0 0 0 0 0 0 0 0 0 0 0 0 0 0 0 0
geno chr17.79543679 ceu  0 0 0 0 0 0 0 0 0 0 0 0 0 0 0 0 0 1 0 1 0 0 0 0 0 0 0 0 0 0 0 0 0 0 0 0 0 2 0 0 0 0 0 0 1 0 0 1 0 0 0 0 0 0 0 0 0 0 0 0 0 0 0 0 1 0 0 0 0 0 0 0 0 0 0 0 0 0
geno chr17.79543679 fin  1 0 0 0 0 0 0 1 0 0 0 0 0 0 0 0 0 1 1 0 0 0 0 0 0 0 0 0 1 1 0 0 0 0 0 0 0 0 0 1 0 1 0 0 0 0 1 1 0 0 0 0 0 0 0 0 0 0 0 0 0 1 0 0 0 0 0 0 0 0 0 0 0 0 0 0 0 0 0 0 0 1 0 0 0 0 0 0 1
geno chr17.79543679 gbr  0 0 0 1 0 1 1 0 0 1 0 1 0 1 0 0 0 0 0 0 0 1 0 0 0 0 0 0 0 1 0 0 0 0 0 0 0 1 0 0 0 0 0 0 0 1 0 1 0 1 1 0 0 0 1 0 0 0 0 0 1 0 0 0 2 0 0 1 2 0 0 0 0 0 0 0 0 0 0 1 0 0 0 0
geno chr17.79543679 tsi  0 1 0 1 0 0 1 1 1 0 0 0 1 0 0 0 1 2 0 1 1 0 0 0 0 1 0 0 0 0 0 0 1 0 0 1 0 0 2 0 0 0 0 0 0 0 0 0 0 0 0 0 0 0 0 1 0 0 0 0 0 0 0 0 0 1 0 1 0 0 0 1 0 0 0 0 0 0 0 1 0 2 0 0 0 0 0 1 1 0 0 0
geno chr17.79543679 yri  0 1 1 1 1 0 0 0 1 0 0 0 2 1 0 0 0 1 1 0 0 0 0 1 0 0 1 0 0 0 0 1 0 1 0 1 0 0 0 1 0 0 0 0 0 1 0 0 0 2 0 0 0 0 0 0 1 0 1 1 1 0 1 0 1 0 1 1 2 0 0 0 1 0 1 0 0
geno chr17.79543929 ceu  0 0 0 0 0 0 0 0 0 0 0 0 0 0 1 0 0 1 0 1 0 0 0 0 0 0 0 0 0 0 0 0 0 0 0 0 0 2 0 0 0 0 0 0 1 0 0 1 0 0 0 0 0 0 0 0 0 0 0 0 0 0 0 0 1 0 0 0 0 0 0 0 0 0 0 0 0 0
geno chr17.79543929 fin  1 0 0 0 0 0 0 1 0 0 0 0 0 0 0 0 0 1 1 0 0 0 0 0 0 0 0 0 1 1 0 0 0 0 0 0 0 0 0 1 0 1 0 0 0 0 1 1 0 0 0 0 0 0 0 0 0 0 0 1 0 1 0 0 0 0 0 0 0 0 0 0 0 0 0 0 0 0 0 0 0 1 0 0 0 0 0 0 1
geno chr17.79543929 gbr  0 0 0 1 0 1 1 0 0 1 0 1 0 1 0 0 0 0 0 0 0 1 0 0 0 0 0 0 0 1 0 0 0 0 0 0 0 1 0 0 0 0 0 0 0 1 0 1 0 1 1 0 0 0 1 0 0 0 0 0 1 0 0 0 2 0 0 1 2 0 0 0 0 0 0 0 0 0 0 1 0 0 0 0
geno chr17.79543929 tsi  0 1 0 1 0 0 1 1 1 0 1 0 1 0 0 0 1 2 0 1 1 0 0 0 0 1 0 0 0 0 0 0 1 0 0 1 0 0 2 0 0 0 0 0 0 0 0 0 0 0 0 0 0 0 0 1 0 0 0 0 0 0 0 0 0 1 0 1 0 0 0 1 0 0 0 0 0 0 0 1 0 2 0 0 0 0 0 1 1 0 0 0
geno chr17.79543929 yri  0 1 1 1 1 0 0 0 1 0 0 0 2 1 0 0 0 1 1 0 0 0 0 1 0 0 1 0 0 0 0 1 0 1 0 1 0 0 0 1 0 0 0 0 0 1 0 0 0 2 0 0 0 0 0 0 1 0 1 1 1 0 1 0 1 0 1 1 2 0 0 0 1 0 1 0 0
geno chr17.79544163 ceu  0 0 0 0 0 0 0 0 0 0 0 0 0 0 1 0 0 1 0 1 0 0 0 0 0 0 0 0 0 0 0 0 0 0 0 0 0 2 0 0 0 0 0 0 1 0 0 1 0 0 0 0 0 0 0 0 0 0 0 0 0 0 0 0 1 0 0 0 0 0 0 0 0 0 0 0 0 0
geno chr17.79544163 fin  1 0 0 0 0 0 0 1 0 0 0 0 0 0 0 0 0 1 1 0 0 0 0 0 0 0 0 0 1 1 0 0 0 0 0 0 0 0 0 1 0 1 0 0 0 0 1 1 0 0 0 0 0 0 0 0 0 0 0 1 0 1 0 0 0 0 0 0 0 0 0 0 0 0 0 0 0 0 0 0 0 1 0 0 0 0 0 0 1
geno chr17.79544163 gbr  0 0 0 1 0 1 1 0 0 1 0 1 0 1 0 0 0 0 0 0 0 1 0 0 0 0 0 0 0 1 0 0 0 0 0 0 0 1 0 0 0 0 0 0 0 1 0 1 0 1 1 0 0 0 1 0 0 0 0 0 1 0 0 0 2 0 0 1 2 0 0 0 0 0 0 0 0 0 0 1 0 0 0 0
geno chr17.79544163 tsi  0 1 0 1 0 0 1 1 1 0 1 0 1 0 0 0 1 2 0 1 1 0 0 0 0 1 0 0 0 0 0 0 1 0 0 1 0 0 2 0 0 0 0 0 0 0 0 0 0 0 0 0 0 0 0 1 0 0 0 0 0 0 0 0 0 1 0 1 0 0 0 1 0 0 0 0 0 0 0 1 0 2 0 0 0 0 0 1 1 0 0 0
geno chr17.79544163 yri  0 1 1 1 1 0 0 0 1 0 0 0 2 1 0 0 0 1 1 0 0 0 0 1 0 0 1 0 0 0 0 1 0 1 0 1 0 0 0 1 0 0 0 0 0 1 0 0 0 2 0 0 0 0 0 0 1 0 1 1 1 1 1 0 1 0 1 1 2 0 0 0 1 0 1 0 0
geno chr17.79544489 ceu  0 0 0 0 0 0 0 0 0 0 0 0 0 0 1 0 0 1 0 1 0 0 0 0 0 0 0 0 0 0 0 0 0 0 0 0 0 2 0 0 0 0 0 0 1 0 0 1 0 0 0 0 0 0 0 0 0 0 0 0 0 0 0 0 1 0 0 0 0 0 0 0 0 0 0 0 0 0
geno chr17.79544489 fin  1 0 0 0 0 0 0 1 0 0 0 0 0 0 0 0 0 1 1 0 0 0 0 0 0 0 0 0 1 1 0 0 0 0 0 0 0 0 0 1 0 1 0 0 0 0 1 1 0 0 0 0 0 0 0 0 0 0 0 1 0 1 0 0 0 0 0 0 0 0 0 0 0 0 0 0 0 0 0 0 0 1 0 0 0 0 0 0 1
geno chr17.79544489 gbr  0 0 0 1 0 1 1 0 0 1 0 1 0 1 0 0 0 0 0 0 0 1 0 0 0 0 0 0 0 1 0 0 0 0 0 0 0 1 0 0 0 0 0 0 0 1 0 1 0 1 1 0 0 0 1 0 0 0 0 0 1 0 0 0 1 0 0 0 1 0 0 0 0 0 0 0 0 0 0 1 0 0 0 0
geno chr17.79544489 tsi  0 1 0 1 0 0 1 1 1 0 1 0 1 0 0 0 1 1 0 1 1 0 0 0 0 1 0 0 0 0 0 0 1 0 0 1 0 0 1 0 0 0 0 0 0 0 0 0 0 0 0 0 0 0 0 1 0 0 0 0 0 0 0 0 0 1 0 1 0 0 0 1 0 0 0 0 0 0 0 1 0 1 0 0 0 0 0 1 1 0 0 0
geno chr17.79544489 yri  0 1 1 1 1 0 0 0 1 0 0 0 1 1 0 0 0 0 1 0 0 0 0 1 0 0 1 0 0 0 0 1 0 1 0 1 0 0 0 1 0 0 0 0 0 1 0 0 0 1 0 0 0 0 0 0 1 0 1 1 1 1 1 0 1 0 1 1 1 0 0 0 1 0 1 0 0
geno chr17.79544539 ceu  0 0 0 0 1 0 0 0 0 0 0 0 2 0 0 0 0 1 0 0 1 1 1 0 0 0 0 1 0 0 0 0 1 1 1 1 1 0 0 0 1 0 0 0 0 0 0 0 0 1 0 0 0 0 1 2 1 0 1 0 0 0 0 0 1 0 0 1 0 1 0 1 1 0 0 0 0 0
geno chr17.79544539 fin  0 1 1 0 0 1 0 1 1 0 0 1 1 0 0 0 0 1 1 0 0 0 1 0 0 0 0 1 1 0 0 0 2 1 1 1 0 0 0 0 0 0 0 0 1 1 1 0 1 0 0 1 0 1 0 0 0 0 0 0 0 0 0 0 1 1 0 1 0 0 1 0 1 0 0 1 0 0 0 0 1 0 1 0 0 0 1 0 0
geno chr17.79544539 gbr  1 0 0 1 1 1 0 1 0 0 0 0 0 0 0 0 0 1 0 1 1 0 0 2 1 0 0 0 0 0 1 0 0 0 0 1 0 0 0 0 0 1 1 1 0 0 0 0 1 0 0 0 0 0 0 1 0 1 1 0 1 1 0 0 0 0 1 0 0 0 0 0 0 1 0 1 1 0 0 1 0 0 0 0
geno chr17.79544539 tsi  1 0 1 1 0 0 1 0 0 0 0 1 0 0 0 2 0 0 0 1 0 0 1 0 1 1 0 0 0 0 1 0 1 0 0 1 0 0 0 0 0 0 0 1 0 0 0 0 0 0 0 0 0 1 0 0 0 0 1 0 0 1 0 2 0 0 0 0 0 1 1 1 1 1 1 1 0 0 0 0 1 0 1 0 0 1 1 0 1 1 1 0
geno chr17.79544539 yri  0 0 0 0 0 0 0 0 1 0 1 0 0 0 1 1 0 0 0 0 0 0 0 0 0 0 0 0 0 0 0 0 0 0 1 1 1 0 0 0 0 0 0 0 0 0 0 0 0 0 0 0 0 0 0 0 0 1 1 0 0 1 0 0 0 1 1 0 0 0 0 0 0 0 0 0 0
geno chr17.79544707 ceu  0 0 0 0 0 0 0 0 0 0 0 0 0 0 1 0 0 1 0 1 0 0 0 0 0 0 0 0 0 0 0 0 0 0 0 0 0 2 0 0 0 0 0 0 1 0 0 1 0 0 0 0 0 0 0 0 0 0 0 0 0 0 0 0 1 0 0 0 0 0 0 0 0 0 0 0 0 0
geno chr17.79544707 fin  1 0 0 0 0 0 0 1 0 0 0 0 0 0 0 0 0 1 1 0 0 0 0 0 0 0 0 0 1 1 0 0 0 0 0 0 0 0 0 1 0 1 0 0 0 0 1 1 0 0 0 0 0 0 0 0 0 0 0 1 0 1 0 0 0 0 0 0 0 0 0 0 0 0 0 0 0 0 0 0 0 1 0 0 0 0 0 0 1
geno chr17.79544707 gbr  0 0 0 1 0 1 1 0 0 1 0 1 0 1 0 0 0 0 0 0 0 1 0 0 0 0 0 0 0 1 0 0 0 0 0 0 0 1 0 0 0 0 0 0 0 1 0 1 0 1 1 0 0 0 1 0 0 0 0 0 1 0 0 0 2 0 0 1 2 0 0 0 0 0 0 0 0 0 0 1 0 0 0 0
geno chr17.79544707 tsi  0 1 0 1 0 0 1 1 1 0 1 0 1 0 0 0 1 2 0 1 1 0 0 0 0 1 0 0 0 0 0 0 1 0 0 1 0 0 2 0 0 0 0 0 0 0 0 0 0 0 0 0 0 0 0 1 0 0 0 0 0 0 0 0 0 1 0 1 0 0 0 1 0 0 0 0 0 0 0 1 0 2 0 0 0 0 0 1 1 0 0 0
geno chr17.79544707 yri  0 1 1 1 1 0 0 0 1 0 0 0 2 1 0 0 0 1 1 0 0 0 0 1 0 0 1 0 0 0 0 1 0 1 0 1 0 0 0 1 0 0 0 0 0 1 0 0 0 2 0 0 0 0 0 0 1 0 1 1 1 1 1 0 1 0 1 1 2 0 0 0 1 0 1 0 0
geno chr17.79544710 ceu  0 0 0 0 0 0 0 0 0 0 0 0 0 0 1 0 0 1 0 1 0 0 0 0 0 0 0 0 0 0 0 0 0 0 0 0 0 2 0 0 0 0 0 0 1 0 0 1 0 0 0 0 0 0 0 0 0 0 0 0 0 0 0 0 1 0 0 0 0 0 0 0 0 0 0 0 0 0
geno chr17.79544710 fin  1 0 0 0 0 0 0 1 0 0 0 0 0 0 0 0 0 1 1 0 0 0 0 0 0 0 0 0 1 1 0 0 0 0 0 0 0 0 0 1 0 1 0 0 0 0 1 1 0 0 0 0 0 0 0 0 0 0 0 1 0 1 0 0 0 0 0 0 0 0 0 0 0 0 0 0 0 0 0 0 0 1 0 0 0 0 0 0 1
geno chr17.79544710 gbr  0 0 0 1 0 1 1 0 0 1 0 1 0 1 0 0 0 0 0 0 0 1 0 0 0 0 0 0 0 1 0 0 0 0 0 0 0 1 0 0 0 0 0 0 0 1 0 1 0 1 1 0 0 0 1 0 0 0 0 0 1 0 0 0 2 0 0 1 2 0 0 0 0 0 0 0 0 0 0 1 0 0 0 0
geno chr17.79544710 tsi  0 1 0 1 0 0 1 1 1 0 1 0 1 0 0 0 1 2 0 1 1 0 0 0 0 1 0 0 0 0 0 0 1 0 0 1 0 0 2 0 0 0 0 0 0 0 0 0 0 0 0 0 0 0 0 1 0 0 0 0 0 0 0 0 0 1 0 1 0 0 0 1 0 0 0 0 0 0 0 1 0 2 0 0 0 0 0 1 1 0 0 0
geno chr17.79544710 yri  0 1 1 1 1 0 0 0 1 0 0 0 2 1 0 0 0 1 1 0 0 0 0 1 0 0 1 0 0 0 0 1 0 1 0 1 0 0 0 1 0 0 0 0 0 1 0 0 0 2 0 0 0 0 0 0 1 0 1 1 1 0 1 0 1 0 1 1 2 0 0 0 1 0 1 0 0
geno chr17.79544843 ceu  0 0 0 0 0 0 0 0 0 0 0 0 0 0 1 0 0 1 0 1 0 0 0 0 0 0 0 0 0 0 0 0 0 0 0 0 0 2 0 0 0 0 0 0 1 0 0 1 0 0 0 0 0 0 0 0 0 0 0 0 0 0 0 0 1 0 0 0 0 0 0 0 0 0 0 0 0 0
geno chr17.79544843 fin  1 0 0 0 0 0 0 1 0 0 0 0 0 0 0 0 0 1 1 0 0 0 0 0 0 0 0 0 1 1 0 0 0 0 0 0 0 0 0 1 0 1 0 0 0 0 1 1 0 0 0 0 0 0 0 0 0 0 0 1 0 1 0 0 0 0 0 0 0 0 0 0 0 0 0 0 0 0 0 0 0 1 0 0 0 0 0 0 1
geno chr17.79544843 gbr  0 0 0 1 0 1 1 0 0 1 0 1 0 1 0 0 0 0 0 0 0 1 0 0 0 0 0 0 0 1 0 0 0 0 0 0 0 1 0 0 0 0 0 0 0 1 0 1 0 1 1 0 0 0 1 0 0 0 0 0 1 0 0 0 2 0 0 1 2 0 0 0 0 0 0 0 0 0 0 1 0 0 0 0
geno chr17.79544843 tsi  0 1 0 1 0 0 1 1 1 0 1 0 1 0 0 0 1 2 0 1 1 0 0 0 0 1 0 0 0 0 0 0 1 0 0 1 0 0 2 0 0 0 0 0 0 0 0 0 0 0 0 0 0 0 0 1 0 0 0 0 0 0 0 0 0 1 0 1 0 0 0 1 0 0 0 0 0 0 0 1 0 2 0 0 0 0 0 1 1 0 0 0
geno chr17.79544843 yri  0 1 1 1 1 0 0 0 1 0 0 0 2 1 0 0 0 1 1 0 0 0 0 1 0 0 1 0 0 0 0 1 0 1 0 1 0 0 0 1 0 0 0 0 0 1 0 0 0 2 0 0 0 0 0 0 1 0 1 1 1 1 1 0 1 0 1 1 2 0 0 0 1 0 1 0 0
geno chr17.79545201 ceu  0 1 0 0 1 1 0 1 0 0 0 0 0 0 0 0 0 0 0 0 1 0 0 0 0 0 1 0 0 0 0 1 0 0 0 0 0 0 1 0 0 1 1 0 1 0 0 0 0 0 0 0 2 0 0 0 0 1 0 0 1 0 0 0 0 0 0 0 0 0 0 0 0 0 0 0 1 0
geno chr17.79545201 fin  0 0 1 0 0 0 1 0 0 1 0 0 0 0 1 0 0 0 0 0 0 0 0 0 1 0 0 0 0 1 1 0 0 0 1 0 0 0 0 0 1 0 0 0 1 0 0 0 0 0 0 1 1 0 1 0 0 0 1 0 0 0 0 0 0 0 0 0 1 0 0 0 0 0 0 0 0 0 0 0 0 1 0 0 0 0 0 0 0
geno chr17.79545201 gbr  0 0 0 0 0 0 0 0 0 0 0 0 0 0 0 0 2 0 0 1 0 0 0 0 0 0 1 0 1 0 0 0 0 0 0 0 1 0 0 0 1 1 0 0 0 0 0 0 0 0 0 1 2 1 0 0 0 0 0 1 0 0 0 1 0 0 0 0 0 0 1 0 0 0 1 0 0 0 1 0 0 0 0 0
geno chr17.79545201 tsi  0 0 0 0 1 0 0 1 1 1 0 0 0 1 1 0 1 0 0 0 0 0 0 0 1 0 1 0 0 0 1 1 0 0 0 0 1 0 0 1 0 1 1 0 0 0 1 1 0 0 0 0 0 0 0 0 0 0 0 1 0 1 0 0 0 0 0 1 1 0 0 0 0 0 0 0 0 2 1 0 0 0 1 0 1 0 0 0 0 0 0 1
geno chr17.79545201 yri  0 0 0 0 0 0 0 0 0 0 0 0 0 1 0 0 0 0 0 0 0 0 0 0 0 0 0 0 0 0 0 0 0 0 0 0 1 0 1 0 0 0 0 0 0 0 0 0 0 0 0 0 0 0 0 0 0 0 0 0 0 0 0 1 0 0 0 0 0 0 1 0 0 0 0 0 0
geno chr17.79546001 ceu  0 1 0 0 1 1 0 1 0 0 0 0 0 0 0 0 0 0 0 0 1 0 0 0 0 0 1 0 0 0 0 1 0 0 0 0 0 0 1 0 0 1 1 0 1 0 0 0 0 0 0 0 2 0 0 0 0 1 0 0 1 0 0 0 0 0 0 0 0 0 0 0 0 0 0 0 1 0
geno chr17.79546001 fin  0 0 1 0 0 0 1 0 0 1 0 0 0 0 1 0 0 0 0 0 0 0 0 0 1 0 0 0 0 1 1 0 0 0 1 0 0 0 0 0 1 0 0 0 1 0 0 0 0 0 0 1 1 0 1 0 0 0 1 0 0 0 0 0 0 0 0 0 1 0 0 0 0 0 0 0 0 0 0 0 0 1 0 0 0 0 0 0 0
geno chr17.79546001 gbr  0 0 0 0 0 0 0 0 0 0 0 0 0 0 0 0 2 0 0 1 0 0 0 0 0 0 1 0 1 0 0 0 0 0 0 0 1 0 0 0 1 1 0 0 0 0 0 0 0 0 0 1 2 1 0 0 0 0 0 1 0 0 0 1 0 0 0 0 0 0 1 0 0 0 1 0 0 0 1 0 0 0 0 0
geno chr17.79546001 tsi  0 0 0 0 1 0 0 1 1 1 0 0 0 1 1 0 1 0 0 0 0 0 0 0 1 0 1 0 0 0 1 1 0 0 0 0 1 0 0 1 0 1 1 0 0 0 1 1 0 0 0 0 0 0 0 0 0 0 0 1 0 1 0 0 0 0 0 1 1 0 0 0 0 0 0 0 0 2 1 0 0 0 1 0 1 0 0 0 0 0 0 1
geno chr17.79546001 yri  0 0 0 0 0 0 0 0 0 0 0 0 0 1 0 0 0 0 0 0 0 0 0 0 0 0 0 0 0 0 0 0 0 0 0 0 1 0 1 0 0 0 0 0 0 0 0 0 0 0 0 0 0 0 0 0 0 0 0 0 0 0 0 1 0 0 0 0 0 0 1 0 0 0 0 0 0
geno chr17.79546151 ceu  0 1 0 0 1 1 0 1 0 0 0 0 0 0 0 0 0 0 0 0 1 0 0 0 0 0 1 0 0 0 0 1 0 0 0 0 0 0 1 0 0 1 1 0 1 0 0 0 0 0 0 0 2 0 0 0 0 1 0 0 1 0 0 0 0 0 0 0 0 0 0 0 0 0 0 0 1 0
geno chr17.79546151 fin  0 0 1 0 0 0 1 0 0 1 0 0 0 0 1 0 0 0 0 0 0 0 0 0 1 0 0 0 0 1 1 0 0 0 1 0 0 0 0 0 1 0 0 0 1 0 0 0 0 0 0 1 1 0 1 0 0 0 1 0 0 0 0 0 0 0 0 0 1 0 0 0 0 0 0 0 0 0 0 0 0 1 0 0 0 0 0 0 0
geno chr17.79546151 gbr  0 0 0 0 0 0 0 0 0 0 0 0 0 0 0 0 2 0 0 1 0 0 0 0 0 0 1 0 1 0 0 0 0 0 0 0 1 0 0 0 1 1 0 0 0 0 0 0 0 0 0 1 2 1 0 0 0 0 0 1 0 0 0 1 0 0 0 0 0 0 1 0 0 0 1 0 0 0 1 0 0 0 0 0
geno chr17.79546151 tsi  0 0 0 0 1 0 0 1 1 1 0 0 0 1 1 0 1 0 0 0 0 0 0 0 1 0 1 0 0 0 1 1 0 0 0 0 1 0 0 1 0 1 1 0 0 0 1 1 0 0 0 0 0 0 0 0 0 0 0 1 0 1 0 0 0 0 0 1 1 0 0 0 0 0 0 0 0 2 1 0 0 0 1 0 1 0 0 0 0 0 0 1
geno chr17.79546151 yri  0 0 0 0 0 0 0 0 0 0 0 0 0 1 0 0 0 0 0 0 0 0 0 0 0 0 0 0 0 0 0 0 0 0 0 0 1 0 1 0 0 0 0 0 0 0 0 0 0 0 0 0 0 0 0 0 0 0 0 0 0 0 0 1 0 0 0 0 0 0 1 0 0 0 0 0 0
geno chr17.79546545 ceu  0 0 0 0 0 0 0 0 0 0 0 0 0 0 1 0 0 1 0 1 0 0 0 0 0 0 0 0 0 0 0 0 0 0 0 0 0 2 0 0 0 0 0 0 1 0 0 1 0 0 0 0 0 0 0 0 0 0 0 0 0 0 0 0 1 0 0 0 0 0 0 0 0 0 0 0 0 0
geno chr17.79546545 fin  1 0 0 0 0 0 0 1 0 0 0 0 0 0 0 0 0 1 1 0 0 0 0 0 0 0 0 0 1 1 0 0 0 0 0 0 0 0 0 1 0 1 0 0 0 0 1 1 0 0 0 0 0 0 0 0 0 0 0 1 0 1 0 0 0 0 0 0 0 0 0 0 0 0 0 0 0 0 0 0 0 1 0 0 0 0 0 0 1
geno chr17.79546545 gbr  0 0 0 1 0 1 1 0 0 1 0 1 0 1 0 0 0 0 0 0 0 1 0 0 0 0 0 0 0 1 0 0 0 0 0 0 0 1 0 0 0 0 0 0 0 1 0 1 0 1 1 0 0 0 1 0 0 0 0 0 1 0 0 0 2 0 0 1 2 0 0 0 0 0 0 0 0 0 0 1 0 0 0 0
geno chr17.79546545 tsi  0 1 0 1 0 0 1 1 1 0 1 0 1 0 0 0 1 2 0 1 1 0 0 0 0 1 0 0 0 0 0 0 1 0 0 1 0 0 2 0 0 0 0 0 0 0 0 0 0 0 0 0 0 0 0 1 0 0 0 0 0 0 0 0 0 1 0 1 0 0 0 1 0 0 0 0 0 0 0 1 0 2 0 0 0 0 0 1 1 0 0 0
geno chr17.79546545 yri  0 1 1 1 1 0 0 0 1 0 0 0 2 1 0 0 0 1 1 0 0 0 0 1 0 0 1 0 0 0 0 1 0 1 0 1 0 0 0 1 0 0 0 0 0 1 0 0 0 2 0 0 0 0 0 0 1 0 1 1 1 0 1 0 1 0 1 1 2 0 0 0 1 0 1 0 0
geno chr17.79546709 ceu  0 1 0 0 1 1 0 1 0 0 0 0 0 0 0 0 0 0 0 0 1 0 0 0 0 0 1 0 0 0 0 1 0 0 0 0 0 0 1 0 0 1 1 0 1 0 0 0 0 0 0 0 2 0 0 0 0 1 0 0 1 0 0 0 0 0 0 0 0 0 0 0 0 0 0 0 1 0
geno chr17.79546709 fin  0 0 1 0 0 0 1 0 0 1 0 0 0 0 1 0 0 0 0 0 0 0 0 0 1 0 0 0 0 1 1 0 0 0 1 0 0 0 0 0 1 0 0 0 1 0 0 0 0 0 0 1 1 0 1 0 0 0 1 0 0 0 0 0 0 0 0 0 1 0 0 0 0 0 0 0 0 0 0 0 0 1 0 0 0 0 0 0 0
geno chr17.79546709 gbr  0 0 0 0 0 0 0 0 0 0 0 0 0 0 0 0 2 0 0 1 0 0 0 0 0 0 1 0 1 0 0 0 0 0 0 0 1 0 0 0 1 1 0 0 0 0 0 0 0 0 0 1 2 1 0 0 0 0 0 1 0 0 0 1 0 0 0 0 0 0 1 0 0 0 1 0 0 0 1 0 0 0 0 0
geno chr17.79546709 tsi  0 0 0 0 1 0 0 1 1 1 0 0 0 1 1 0 1 0 0 0 0 0 0 0 1 0 1 0 0 0 1 1 0 0 0 0 1 0 0 1 0 1 1 0 0 0 1 1 0 0 0 0 0 0 0 0 0 0 0 1 0 1 0 0 0 0 0 1 1 0 0 0 0 0 0 0 0 2 1 0 0 0 1 0 1 0 0 0 0 0 0 1
geno chr17.79546709 yri  0 0 0 0 0 0 0 0 0 0 0 0 0 1 0 0 0 0 0 0 0 0 0 0 0 0 0 0 0 0 0 0 0 0 0 0 1 0 1 0 0 0 0 0 0 0 0 0 0 0 0 0 0 0 0 0 0 0 0 0 0 0 0 1 0 0 0 0 0 0 1 0 0 0 0 0 0
geno chr17.79546850 ceu  0 0 0 0 0 0 0 0 0 0 0 0 0 0 1 0 0 1 0 1 0 0 0 0 0 0 0 0 0 0 0 0 0 0 0 0 0 2 0 0 0 0 0 0 1 0 0 1 0 0 0 0 0 0 0 0 0 0 0 0 0 0 0 0 1 0 0 0 0 0 0 0 0 0 0 0 0 0
geno chr17.79546850 fin  1 0 0 0 0 0 0 1 0 0 0 0 0 0 0 0 0 1 1 0 0 0 0 0 0 0 0 0 1 1 0 0 0 0 0 0 0 0 0 1 0 1 0 0 0 0 1 1 0 0 0 0 0 0 0 0 0 0 0 1 0 1 0 0 0 0 0 0 0 0 0 0 0 0 0 0 0 0 0 0 0 1 0 0 0 0 0 0 1
geno chr17.79546850 gbr  0 0 0 1 0 1 1 0 0 1 0 1 0 1 0 0 0 0 0 0 0 1 0 0 0 0 0 0 0 1 0 0 0 0 0 0 0 1 0 0 0 0 0 0 0 1 0 1 0 0 1 0 0 0 1 0 0 0 0 0 1 0 0 0 2 0 0 1 2 0 0 0 0 0 0 0 0 0 0 1 0 0 0 0
geno chr17.79546850 tsi  0 1 0 1 0 0 1 1 1 0 1 0 1 0 0 0 1 2 0 1 1 0 0 0 0 1 0 0 0 0 0 0 1 0 0 1 0 0 2 0 0 0 0 0 0 0 0 0 0 0 0 0 0 0 0 1 0 0 0 0 0 0 0 0 0 1 0 1 0 0 0 1 0 0 0 0 0 0 0 1 0 2 0 0 0 0 0 1 1 0 0 0
geno chr17.79546850 yri  0 1 1 1 1 0 0 0 1 0 0 0 2 1 0 0 0 1 1 0 0 0 0 1 0 0 1 0 0 0 0 1 0 1 0 1 0 0 0 1 0 0 0 0 0 1 0 0 0 2 0 0 0 0 0 0 1 0 1 1 1 1 1 0 1 0 1 1 2 0 0 0 1 0 1 0 0
geno chr17.79547037 ceu  0 1 0 0 1 1 0 1 0 0 0 0 0 0 0 0 0 0 0 0 1 0 0 0 0 0 1 0 0 0 0 1 0 0 0 0 0 0 1 0 0 1 1 0 1 0 0 0 0 0 0 0 2 0 0 0 0 1 0 0 1 0 0 0 0 0 0 0 0 0 0 0 0 0 0 0 1 0
geno chr17.79547037 fin  0 0 1 0 0 0 1 0 0 1 0 0 0 0 1 0 0 0 0 0 0 0 0 0 1 0 0 0 0 1 1 0 0 0 1 0 0 0 0 0 1 0 0 0 1 0 0 0 0 0 0 1 1 0 1 0 0 0 1 0 0 0 0 0 0 0 0 0 1 0 0 0 0 0 0 0 0 0 0 0 0 1 0 0 0 0 0 0 0
geno chr17.79547037 gbr  0 0 0 0 0 0 0 0 0 0 0 0 0 0 0 0 2 0 0 1 0 0 0 0 0 0 1 0 1 0 0 0 0 0 0 0 1 0 0 0 1 1 0 0 0 0 0 0 0 0 0 1 2 1 0 0 0 0 0 1 0 0 0 1 0 0 0 0 0 0 1 0 0 0 1 0 0 0 1 0 0 0 0 0
geno chr17.79547037 tsi  0 0 0 0 1 0 0 1 1 1 0 0 0 1 1 0 1 0 0 0 0 0 0 0 1 0 1 0 0 0 1 1 0 0 0 0 1 0 0 1 0 1 1 0 0 0 1 1 0 0 0 0 0 0 0 0 0 0 0 1 0 1 0 0 0 0 0 1 1 0 0 0 0 0 0 0 0 2 1 0 0 0 1 0 1 0 0 0 0 0 0 1
geno chr17.79547037 yri  0 0 0 0 0 0 0 0 0 0 0 0 0 1 0 0 0 0 0 0 0 0 0 0 0 0 0 0 0 0 0 0 0 0 0 0 1 0 1 0 0 0 0 0 0 0 0 0 0 0 0 0 0 0 0 0 0 0 0 0 0 0 0 1 0 0 0 0 0 0 1 0 0 0 0 0 0
