pheno ENSG00000250479 ceu 2.250487 0.05489699 3.241426 1.310053 -1.056603 1.891656 2.268144 -1.128806 0.3582608 1.529563 1.516921 0.3667145 0.09000199 -1.366748 0.1933632 3.288937 0.9331018 -0.4513494 -1.291849 -0.9163458 -0.2851292 0.6103905 1.623153 0.07619646 -0.2492237 -0.9676848 2.679212 1.006071 3.196458 0.1020624 -0.2925099 1.092 1.342157 -0.5440235 1.293454 2.514494 1.09963 1.534992 -0.09479133 0.2568278 0.17115 1.865717 -1.584093 0.4987492 1.417918 -0.106684 0.03526633 -0.03857703 -0.2616737 -1.60447 2.672752 0.6976144 0.6136469 0.8721285 2.139352 1.556467 -0.8044454 1.511452 0.9726379 1.661623 0.8822051 2.747762 -0.5343671 1.819678 -0.4256206 -0.3041625 0.8505916 -0.4653522 1.057693 0.4667157 0.6352678 -0.540947 -2.709734 1.659292 0.03760812 -2.921023 0.5636675 0.6215327
pheno ENSG00000250479 fin 2.511611 3.268569 2.896915 1.744903 2.407813 2.02576 2.637248 1.159621 1.309819 3.737707 2.40247 2.54857 2.76641 3.006944 2.906734 3.837215 3.198731 1.842137 3.561277 0.9918592 3.255386 2.956366 4.125781 2.08361 3.846533 2.355164 3.537251 3.012004 3.294914 1.12844 1.979941 0.505953 3.463697 3.65786 2.463185 1.932103 2.10833 2.994867 3.065758 2.329455 3.349327 3.033895 2.137975 0.4533258 3.92535 2.291945 3.143324 4.217941 3.422094 3.703434 2.177064 4.448101 3.227047 0.3346976 2.426463 3.73859 2.400064 2.646091 2.310608 1.033841 1.381536 0.5244943 2.244876 3.795652 3.302019 2.380307 3.255147 0.9858129 2.971621 2.848356 2.69167 3.036252 3.44181 3.20742 3.082401 3.138467 1.008405 4.415234 3.357436 2.223279 2.239697 4.486523 3.43062 1.963362 1.53237 1.098856 1.675331 4.124201 1.958415
pheno ENSG00000250479 gbr 0.3851817 -1.256009 -1.63206 0.1243279 0.5206421 -0.2443315 -2.171701 0.1692577 0.5569283 -1.466948 -1.366445 -1.583259 0.07793494 -2.16738 -2.510208 0.01534719 0.5303585 -0.5707778 -0.5103091 -0.06822022 -0.0386576 -2.264946 1.456375 -0.3768369 0.7433992 -1.597231 0.2240235 1.384325 -0.609388 1.140916 -1.215346 -1.776368 0.3211694 -0.4600246 -1.552917 -0.2613995 -0.9557146 -1.049085 -1.663465 -0.1234341 1.081054 -0.6411754 -0.05393166 -1.745163 1.102589 0.3820589 0.531932 -0.3384207 0.4359201 0.7561561 -0.130435 -1.803516 -1.696581 -3.065854 -0.7903951 2.517145 -0.9362778 -0.4308536 -2.005819 -0.6086603 -0.4919015 0.2960191 -1.435048 0.6859637 -2.675839 0.5455088 2.261469 -0.08344332 -0.06844362 -2.157506 -1.310828 0.07676965 0.3362153 -1.221401 -2.116326 0.1010859 0.7762859 0.2247944 0.3219904 -0.005093071 -0.1571485 0.421075 0.02417281 1.435743
pheno ENSG00000250479 tsi 0.9350955 0.6755134 1.336053 0.5297157 0.240315 0.6213467 1.744123 -0.5977647 1.279072 0.1285537 0.3297317 -1.45731 1.091709 0.1832354 1.782349 1.693518 0.920211 0.4037613 0.5947192 0.8274992 0.06526096 0.328729 1.711295 0.905099 0.06360261 0.2478377 2.317533 -1.180809 0.1805047 2.031461 0.2329587 1.402499 1.749085 1.864826 1.154619 0.4268699 0.412968 0.882035 1.867806 0.1511045 2.833675 1.036432 0.6442312 1.914478 -0.6402342 1.128398 1.971665 0.9828894 0.8924276 2.391438 2.46415 0.237551 0.02568963 -0.2044431 2.293939 0.832543 2.157744 1.764115 1.082308 -0.6807099 -0.0870813 2.09095 1.677492 2.120043 -0.7500475 0.1919451 0.9173274 0.3496965 0.2069297 -0.155617 0.8699634 -1.802853 0.7240357 1.093579 1.112469 1.756944 2.808185 3.223805 -0.6498827 0.4652738 0.9984756 0.1677323 1.448525 1.395891 1.768175 0.03604166 2.137476 -0.157909 2.247464 0.4222384 1.582092 2.271439
pheno ENSG00000250479 yri -2.021783 0.5534064 0.6860451 0.4903577 0.6399686 -0.5372576 0.03360898 -1.764126 -1.59718 -0.1603479 -0.2279581 1.02337 -1.312517 0.4694585 1.132997 -0.6195287 -0.7583118 -0.2043858 -0.3852914 2.435045 1.350675 1.65826 -0.997277 0.928316 -0.7735906 0.8119538 -0.9507423 0.01294393 0.1714876 -0.9639325 0.1008406 -1.652227 0.4337268 0.3274664 1.660196 1.402643 0.4127546 -0.6106407 -0.9771625 0.8150917 -1.011962 0.1842029 0.3321946 -0.4589737 -1.062769 -0.4917584 0.7318361 -0.2509601 -0.6215182 -0.6305774 -0.9970498 0.4810451 -1.112882 -1.469872 -0.3750943 -1.708542 0.5538274 -2.344173 -1.601213 0.9737599 0.2945268 -0.3337571 0.2114936 0.6161445 1.842357 0.06244477 -1.880697 0.2098193 -1.241237 0.1622036 0.2960415 -0.2212176 0.5692859 -0.9100279 0.5006258 0.9198505 0.7430921
geno chr22.24011111 ceu  2 2 1 2 1 2 2 2 2 2 2 2 2 1 2 2 1 2 0 1 1 2 1 1 2 2 2 0 2 1 1 2 2 1 1 2 2 1 1 1 1 1 1 2 2 1 1 1 2 2 2 2 1 2 2 1 1 0 1 2 2 2 1 2 1 2 1 2 2 2 1 0 0 2 1 0 2 2
geno chr22.24011111 fin  2 2 1 1 2 2 1 0 1 1 1 1 2 1 2 2 1 1 2 0 2 1 2 1 2 1 2 2 2 2 1 1 2 2 1 2 2 2 1 0 1 1 2 0 2 1 2 2 2 2 1 0 2 0 0 1 1 2 1 2 1 0 1 1 1 0 1 1 1 1 0 0 1 2 1 1 1 2 1 0 1 2 1 2 0 0 1 1 1
geno chr22.24011111 gbr  1 0 1 1 0 2 1 1 2 1 0 1 1 0 1 2 1 1 2 1 1 1 2 2 2 2 1 1 0 1 1 1 1 1 2 2 1 2 2 0 1 1 1 1 2 2 1 2 0 2 0 1 1 1 1 1 2 1 1 1 1 2 0 2 1 2 2 2 2 0 1 1 1 1 0 2 1 1 2 2 2 2 2 2
geno chr22.24011111 tsi  1 2 1 1 1 2 2 1 2 0 2 0 2 1 2 1 2 2 1 2 1 1 2 2 1 0 2 1 2 0 1 1 1 2 2 1 2 1 2 2 2 2 1 2 0 1 2 1 1 2 2 1 1 0 2 1 1 2 1 0 2 2 2 2 0 1 2 2 2 0 1 0 1 2 1 1 2 2 0 1 1 1 1 2 1 0 1 1 2 2 1 2
geno chr22.24011111 yri  2 2 2 1 2 2 1 1 1 2 1 2 1 1 2 1 1 1 2 2 2 1 2 2 1 2 1 2 1 1 0 0 2 1 2 2 2 1 2 2 1 1 1 1 2 2 1 2 1 1 1 0 0 1 1 1 2 0 0 1 1 2 2 2 2 1 1 1 1 2 2 2 2 1 1 2 2
geno chr22.24011356 ceu  2 2 1 1 0 1 1 2 1 0 0 1 1 1 2 1 1 2 0 1 0 1 1 1 2 2 2 1 2 1 1 2 1 0 2 2 1 1 0 1 0 1 1 2 1 1 1 0 1 2 1 1 0 0 1 1 0 0 0 2 1 2 1 2 1 1 1 1 2 1 1 0 0 2 1 0 1 2
geno chr22.24011356 fin  2 2 1 1 2 2 1 0 1 1 0 1 2 1 2 2 1 1 2 0 2 1 2 1 2 1 2 2 1 2 1 1 2 1 1 2 2 2 0 1 1 1 2 0 2 0 1 2 2 1 1 1 2 0 0 1 0 1 1 2 1 0 1 1 1 1 1 1 2 0 1 1 1 1 2 1 1 2 0 0 1 2 0 2 0 1 1 2 1
geno chr22.24011356 gbr  0 0 1 1 1 2 1 1 1 1 1 1 1 0 1 1 1 1 2 1 0 1 1 2 1 2 2 2 0 1 0 0 1 1 2 1 0 2 2 0 1 1 0 1 1 2 1 2 0 2 0 0 1 1 1 2 0 1 1 1 2 2 0 2 1 1 2 2 1 0 1 0 1 1 0 2 1 1 1 0 1 2 1 2
geno chr22.24011356 tsi  1 2 0 1 1 2 1 1 1 0 1 0 2 1 1 1 2 2 0 1 1 1 0 1 0 0 1 0 2 1 1 1 1 1 1 1 2 1 2 0 2 1 1 1 0 0 2 1 1 2 2 1 1 0 1 1 0 1 1 0 1 1 1 1 0 0 2 2 2 0 1 0 0 2 1 0 2 2 0 0 1 1 1 2 1 0 0 1 1 2 1 1
geno chr22.24011356 yri  1 0 1 1 0 0 0 1 0 1 0 1 0 1 1 1 1 0 2 1 1 1 2 0 0 1 1 1 0 1 1 0 0 1 2 2 1 1 0 1 0 0 0 1 2 0 1 1 1 1 0 0 0 1 0 1 0 0 1 1 0 0 0 0 2 1 1 1 1 0 1 2 0 0 0 1 2
geno chr22.24011720 ceu  0 0 0 1 1 1 1 0 1 2 2 1 1 0 0 1 0 0 0 0 1 1 0 1 0 0 0 0 0 0 0 0 1 1 0 0 1 0 1 0 1 0 0 0 1 0 0 1 1 0 1 1 1 2 1 0 1 0 1 0 1 0 0 0 0 1 0 1 0 1 0 0 0 0 0 0 1 0
geno chr22.24011720 fin  0 0 1 0 0 0 0 0 0 0 1 0 0 0 0 0 0 0 0 0 0 0 0 0 0 0 0 0 1 0 0 1 0 1 0 0 0 0 1 0 0 0 0 0 0 1 1 0 0 1 0 0 0 0 0 0 1 1 0 0 0 0 0 0 0 0 0 0 0 1 0 0 0 1 0 0 0 0 1 0 0 0 1 0 0 0 0 0 0
geno chr22.24011720 gbr  1 0 0 0 0 0 0 0 1 1 0 0 0 0 0 1 0 0 0 0 1 0 1 0 1 0 0 0 0 0 1 1 1 0 0 1 1 0 0 0 0 0 1 0 1 0 0 0 0 0 0 1 0 0 0 0 2 0 1 0 0 0 0 0 0 1 0 0 1 0 0 1 1 0 0 0 0 0 1 2 1 0 1 0
geno chr22.24011720 tsi  0 0 1 0 0 0 1 0 1 0 1 0 0 0 1 0 0 0 1 1 0 0 2 1 1 0 1 1 0 0 0 1 1 1 1 1 0 0 0 2 0 1 0 1 0 1 0 0 0 0 0 0 0 0 1 0 1 1 0 0 1 1 1 1 0 1 0 0 0 0 0 0 1 0 0 1 0 0 0 1 0 0 0 0 0 0 1 0 1 0 0 1
geno chr22.24011720 yri  0 0 0 0 0 1 0 0 0 0 1 0 0 0 0 0 0 1 0 0 0 0 0 0 0 0 0 0 0 0 0 0 0 0 0 0 0 0 0 0 0 0 0 0 0 1 0 0 0 0 0 0 0 0 0 0 0 0 0 0 0 0 1 0 0 0 0 0 0 0 0 0 0 0 0 1 0
geno chr22.24011793 ceu  0 0 0 1 1 1 1 0 1 2 2 1 1 0 0 1 0 0 0 0 1 1 0 1 0 0 0 0 0 0 0 0 1 1 0 0 1 0 1 0 1 0 0 0 1 0 0 1 1 0 1 1 1 2 1 0 1 0 1 0 1 0 0 0 0 1 0 1 0 1 0 0 0 0 0 0 1 0
geno chr22.24011793 fin  0 0 1 0 0 0 0 0 0 0 1 0 0 0 0 0 0 0 0 0 0 0 0 0 0 0 0 0 1 0 0 1 0 1 0 0 0 0 1 0 0 0 0 0 0 1 1 0 0 1 0 0 0 0 0 0 1 1 0 0 0 0 0 0 0 0 0 0 0 1 0 0 0 1 0 0 0 0 1 0 0 0 1 0 0 0 0 0 0
geno chr22.24011793 gbr  1 0 0 0 0 0 0 0 1 1 0 0 0 0 0 1 0 0 0 0 1 0 1 0 1 0 0 0 0 0 1 1 1 0 0 1 1 0 0 0 0 0 1 0 1 0 0 0 0 0 0 1 0 0 0 0 2 0 1 0 0 0 0 0 0 1 0 0 1 0 0 1 1 0 0 0 0 0 1 2 1 0 1 0
geno chr22.24011793 tsi  0 0 1 0 0 0 1 0 1 0 1 0 0 0 1 0 0 0 1 1 0 0 2 1 1 0 1 1 0 0 0 1 1 1 1 1 0 0 0 2 0 1 0 1 0 1 0 0 0 0 0 0 0 0 1 0 1 1 0 0 1 1 1 1 0 1 0 0 0 0 0 0 1 0 0 1 0 0 0 1 0 0 0 0 0 0 1 0 1 0 0 1
geno chr22.24011793 yri  1 2 1 0 2 2 1 0 1 1 1 1 1 1 1 0 0 1 0 1 1 1 0 2 1 1 0 1 1 0 0 0 2 0 0 0 1 1 2 1 1 1 1 1 0 2 0 1 0 1 1 1 0 1 1 0 2 0 0 0 1 2 2 2 0 0 0 0 0 2 1 0 2 1 2 1 0
geno chr22.24011885 ceu  2 2 1 1 0 1 1 2 1 0 0 1 1 1 2 1 1 2 0 1 0 1 1 1 2 2 2 1 2 1 1 2 1 0 2 2 1 1 0 1 0 1 1 2 1 1 1 0 1 2 1 1 0 0 1 1 0 0 0 2 1 2 1 2 1 1 1 1 2 1 1 0 0 2 1 0 1 2
geno chr22.24011885 fin  2 2 1 1 2 2 1 0 1 1 0 1 2 1 2 2 1 1 2 0 2 1 2 1 2 1 2 2 1 2 1 1 2 1 1 2 2 2 0 1 1 1 2 0 2 0 1 2 2 1 1 1 2 0 0 1 0 1 1 2 1 0 1 1 1 1 1 1 2 0 1 1 1 1 2 1 1 2 0 0 1 2 0 2 0 1 1 2 1
geno chr22.24011885 gbr  0 0 1 1 1 2 1 1 1 1 1 1 1 0 1 1 1 1 2 1 0 1 1 2 1 2 2 2 0 1 0 0 1 1 2 1 0 2 2 0 1 1 0 1 1 2 1 2 0 2 0 0 1 1 1 2 0 1 1 1 2 2 0 2 1 1 2 2 1 0 1 0 1 1 0 2 1 1 1 0 1 2 1 2
geno chr22.24011885 tsi  1 2 0 1 1 2 1 1 1 0 1 0 2 1 1 1 2 2 0 1 1 1 0 1 0 0 1 0 2 1 1 1 1 1 1 1 2 1 2 0 2 1 1 1 0 0 2 1 1 2 2 1 1 0 1 1 0 1 1 0 1 1 1 1 0 0 2 2 2 0 1 0 0 2 1 0 2 2 0 0 1 1 1 2 1 0 0 1 1 2 1 1
geno chr22.24011885 yri  1 0 1 1 0 0 0 1 0 1 0 1 0 1 1 1 1 0 2 1 1 1 2 0 0 1 1 1 0 1 1 0 0 1 2 2 1 1 0 1 0 0 0 1 2 0 1 1 1 1 0 0 0 1 0 1 0 0 1 1 0 0 0 0 2 1 1 1 1 0 1 2 0 0 0 1 2
geno chr22.24012624 ceu  2 2 1 1 0 1 1 2 1 0 0 1 1 1 2 1 1 2 0 1 0 1 1 1 2 2 2 1 2 1 1 2 1 0 2 2 1 1 0 1 0 1 1 2 1 1 1 0 1 2 1 1 0 0 1 1 0 0 0 2 1 2 1 2 1 1 1 1 2 1 1 0 0 2 1 0 1 2
geno chr22.24012624 fin  2 2 1 1 2 2 1 0 1 1 0 1 2 1 2 2 1 1 2 0 2 1 2 1 2 1 2 2 1 2 1 1 2 1 1 2 2 2 0 1 1 1 2 0 2 0 1 2 2 1 1 1 2 0 0 1 0 1 1 2 1 0 1 1 1 1 1 1 2 0 1 1 1 1 2 1 1 2 0 0 1 2 0 2 0 1 1 2 1
geno chr22.24012624 gbr  0 0 1 1 1 2 1 1 1 1 1 1 1 0 1 1 1 1 2 1 0 1 1 2 1 2 2 2 0 1 0 0 1 1 2 1 0 2 2 0 1 1 0 1 1 2 1 2 0 2 0 0 1 1 1 2 0 1 1 1 2 2 0 2 1 1 2 2 1 0 1 0 1 1 0 2 1 1 1 0 1 2 1 2
geno chr22.24012624 tsi  1 2 0 1 1 2 1 1 1 0 1 0 2 1 1 1 2 2 0 1 1 1 0 1 0 0 1 0 2 1 1 1 1 1 1 1 2 1 2 0 2 1 1 1 0 0 2 1 1 2 2 1 1 0 1 1 0 1 1 0 1 1 1 1 0 0 2 2 2 0 1 0 0 2 1 0 2 2 0 0 1 1 1 2 1 0 0 1 1 2 1 1
geno chr22.24012624 yri  1 0 1 1 0 0 0 1 0 1 0 1 0 1 1 1 1 0 2 1 1 1 2 0 0 1 1 1 0 1 1 0 0 1 2 2 1 1 0 1 0 0 0 1 2 0 1 1 1 1 0 0 0 1 0 1 0 0 1 1 0 0 0 0 2 1 1 1 1 0 1 2 0 0 0 1 2
geno chr22.24013006 ceu  2 2 1 1 0 1 1 2 1 0 0 1 1 1 2 1 1 2 0 1 0 1 1 1 2 2 2 1 2 1 1 2 0 0 2 2 1 1 0 1 0 1 1 2 1 1 1 0 1 2 1 1 0 0 1 1 0 0 0 2 0 2 1 2 1 1 1 1 2 1 1 0 0 2 1 0 1 2
geno chr22.24013006 fin  2 2 1 1 2 2 1 0 1 1 0 1 2 1 2 2 1 1 2 0 2 1 2 1 2 1 2 2 1 2 1 1 2 1 1 2 2 2 0 1 1 1 2 0 2 0 1 2 2 1 1 1 2 0 0 1 0 1 1 2 1 0 1 1 1 0 1 1 1 0 0 0 0 1 2 0 1 2 0 0 1 2 0 2 0 1 1 2 1
geno chr22.24013006 gbr  0 0 1 1 0 2 1 1 1 1 1 1 1 0 1 1 1 1 2 1 0 1 1 2 1 2 2 1 0 1 0 0 1 1 2 1 0 2 2 0 1 1 0 1 1 2 1 2 0 2 0 0 1 1 1 2 0 1 1 1 1 2 0 2 1 1 2 2 1 0 1 0 0 1 0 2 1 1 1 0 1 2 1 2
geno chr22.24013006 tsi  1 2 0 1 1 2 1 1 1 0 1 0 2 1 1 1 2 2 0 1 1 1 0 1 0 0 1 0 2 1 1 1 1 1 1 1 2 1 2 0 2 1 1 1 0 0 2 1 1 2 2 1 1 0 1 1 0 1 1 0 1 1 1 1 0 0 2 2 2 0 1 0 0 2 1 0 2 2 0 0 1 0 1 2 1 0 0 1 1 2 1 1
geno chr22.24013006 yri  1 0 1 1 0 0 0 1 0 1 0 1 0 1 1 1 1 0 2 1 1 1 2 0 0 1 1 1 0 1 1 0 0 1 2 2 1 1 0 1 1 1 0 1 2 0 1 1 1 1 0 0 0 1 0 1 0 0 1 1 0 0 0 0 2 1 0 1 1 0 1 2 0 0 0 1 2
geno chr22.24013178 ceu  2 2 1 1 0 1 1 2 1 0 0 1 1 1 2 1 1 2 0 1 0 1 1 1 2 2 2 1 2 1 1 2 1 0 2 2 1 1 0 1 0 1 1 2 1 1 1 0 1 2 1 1 0 0 1 1 0 0 0 2 1 2 1 2 1 1 1 1 2 1 1 0 0 2 1 0 1 2
geno chr22.24013178 fin  2 2 1 1 2 2 1 0 1 1 0 1 2 1 2 2 1 1 2 0 2 1 2 1 2 1 2 2 1 2 1 1 2 1 1 2 2 2 0 1 1 1 2 0 2 0 1 2 2 1 1 1 2 0 0 1 0 1 1 2 1 0 1 1 1 1 1 1 2 0 1 1 1 1 2 1 1 2 0 0 1 2 0 2 0 1 1 2 1
geno chr22.24013178 gbr  0 0 1 1 1 2 1 1 1 1 1 1 1 0 1 1 1 1 2 1 0 1 1 2 1 2 2 2 0 1 0 0 1 1 2 1 0 2 2 0 1 1 0 1 1 2 1 2 0 2 0 0 1 1 1 2 0 1 1 1 2 2 0 2 1 1 2 2 1 0 1 0 1 1 0 2 1 1 1 0 1 2 1 2
geno chr22.24013178 tsi  1 2 0 1 1 2 1 1 1 0 1 0 2 1 1 1 2 2 0 1 1 1 0 1 0 0 1 0 2 1 1 1 1 1 1 1 2 1 2 0 2 1 1 1 0 0 2 1 1 2 2 1 1 0 1 1 0 1 1 0 1 1 1 1 0 0 2 2 2 0 1 0 0 2 1 0 2 2 0 0 1 1 1 2 1 0 0 1 1 2 1 1
geno chr22.24013178 yri  1 0 1 1 0 0 0 1 0 1 0 1 0 1 1 1 1 0 2 1 1 1 2 0 0 1 1 1 0 1 1 0 0 1 2 2 1 1 0 1 0 0 0 1 2 0 1 1 1 1 0 0 0 1 0 1 0 0 1 1 0 0 0 0 2 1 1 1 1 0 1 2 0 0 0 1 2
geno chr22.24013288 ceu  2 2 1 1 0 1 1 2 1 0 0 1 1 1 2 1 1 2 0 1 0 1 1 1 2 2 2 1 2 1 1 2 1 0 2 2 1 1 0 1 0 1 1 2 1 1 1 0 1 2 1 1 0 0 1 1 0 0 0 2 1 2 1 2 1 1 1 1 2 1 1 0 0 2 1 0 1 2
geno chr22.24013288 fin  2 2 1 1 2 2 1 0 1 1 0 1 2 1 2 2 1 1 2 0 2 1 2 1 2 1 2 2 1 2 1 1 2 1 1 2 2 2 0 1 1 1 2 0 2 0 1 2 2 1 1 1 2 0 0 1 0 1 1 2 1 0 1 1 1 1 1 1 2 0 1 1 1 1 2 1 1 2 0 0 1 2 0 2 0 1 1 2 1
geno chr22.24013288 gbr  0 0 1 1 1 2 1 1 1 1 1 1 1 0 1 1 1 1 2 1 0 1 1 2 1 2 2 2 0 1 0 0 1 1 2 1 0 2 2 0 1 1 0 1 1 2 1 2 0 2 0 0 1 1 1 2 0 1 1 1 2 2 0 2 1 1 2 2 1 0 1 0 1 1 0 2 1 1 1 0 1 2 1 2
geno chr22.24013288 tsi  1 2 0 1 1 2 1 1 1 0 1 0 2 1 1 1 2 2 0 1 1 1 0 1 0 0 1 0 2 1 1 1 1 1 1 1 2 1 2 0 2 1 1 1 0 0 2 1 1 2 2 1 1 0 1 1 0 1 1 0 1 1 1 1 0 0 2 2 2 0 1 0 0 2 1 0 2 2 0 0 1 1 1 2 1 0 0 1 1 2 1 1
geno chr22.24013288 yri  2 0 1 1 0 0 0 1 0 1 0 1 0 1 1 1 1 0 2 1 0 1 2 0 0 0 1 1 0 1 1 0 0 1 2 2 1 1 0 1 0 0 0 1 2 0 1 1 1 1 0 0 0 0 0 1 0 0 1 1 0 0 0 0 1 1 1 1 1 0 1 1 0 0 0 1 2
geno chr22.24013457 ceu  2 2 1 1 0 1 1 2 1 0 0 1 1 1 2 1 1 2 0 1 0 1 1 1 2 2 2 1 2 1 1 2 1 0 2 2 1 1 0 1 0 1 1 2 1 1 1 0 1 2 1 1 0 0 1 1 0 0 0 2 1 2 1 2 1 1 1 1 2 1 1 0 0 2 1 0 1 2
geno chr22.24013457 fin  2 2 1 1 2 2 1 0 1 1 0 1 2 1 2 2 1 1 2 0 2 1 2 1 2 1 2 2 1 2 1 1 2 1 1 2 2 2 0 1 1 1 2 0 2 0 1 2 2 1 1 1 2 0 0 1 0 1 1 2 1 0 1 1 1 1 1 1 2 0 1 1 1 1 2 1 1 2 0 0 1 2 0 2 0 1 1 2 1
geno chr22.24013457 gbr  0 0 1 1 1 2 1 1 1 1 1 1 1 0 1 1 1 1 2 1 0 1 1 2 1 2 2 2 0 1 0 0 0 1 2 1 0 2 2 0 1 1 0 1 1 2 1 2 0 2 0 0 1 1 1 2 0 1 1 1 2 2 0 2 1 1 2 2 1 0 1 0 1 1 0 2 1 1 1 0 1 2 1 2
geno chr22.24013457 tsi  1 2 0 1 1 2 1 1 1 0 1 0 2 1 1 1 2 2 0 1 1 1 0 1 0 0 1 0 2 1 1 1 1 1 1 1 2 1 2 0 2 1 1 1 0 0 2 1 1 2 2 1 1 0 1 1 0 1 1 0 1 1 1 1 0 0 2 2 2 0 1 0 0 2 1 0 2 2 0 0 1 1 1 2 1 0 0 1 1 2 1 1
geno chr22.24013457 yri  1 0 1 1 0 0 0 1 0 1 0 1 0 1 1 1 1 0 2 1 1 1 2 0 0 1 1 1 0 1 1 0 0 1 2 2 1 1 0 1 0 0 0 1 2 0 1 1 1 1 0 0 0 1 0 1 0 0 1 1 0 0 0 0 2 1 1 1 1 0 1 2 0 0 0 1 2
geno chr22.24013871 ceu  2 2 1 1 1 2 1 2 2 1 1 2 2 1 2 2 1 2 0 1 1 2 1 2 2 2 2 1 2 1 1 2 0 0 1 2 2 1 1 1 1 1 1 2 2 1 0 0 2 2 2 1 0 2 2 1 1 0 1 2 1 2 1 2 1 1 1 2 2 2 1 0 0 2 0 0 2 2
geno chr22.24013871 fin  2 2 2 1 2 2 1 0 1 0 1 1 2 1 2 2 0 1 2 0 2 1 2 1 2 1 2 2 2 2 1 2 2 2 0 2 2 2 1 1 0 1 2 0 2 1 2 2 2 2 1 1 2 0 0 1 1 2 1 2 1 0 1 1 1 1 1 1 2 0 1 1 1 2 2 1 1 2 1 0 1 2 0 2 0 1 1 2 1
geno chr22.24013871 gbr  0 0 1 1 1 2 0 1 2 2 1 1 1 0 1 1 1 1 1 0 1 1 2 2 1 2 1 2 0 1 1 1 2 1 2 1 0 2 2 0 1 1 1 1 2 2 1 2 0 2 0 1 1 1 1 2 0 1 1 1 2 2 0 2 1 2 2 2 2 0 1 0 2 1 0 2 1 1 2 2 2 2 2 2
geno chr22.24013871 tsi  1 2 0 0 1 2 2 0 2 0 2 0 1 1 2 1 1 1 0 2 1 1 2 2 1 0 2 0 2 1 1 2 2 2 2 1 2 1 2 2 2 1 1 2 0 0 1 0 1 2 2 1 1 0 2 1 0 2 0 0 2 2 1 2 0 0 1 2 2 0 1 0 0 2 0 1 2 1 0 1 1 0 0 2 1 0 1 0 2 2 1 2
geno chr22.24013871 yri  1 2 1 1 0 0 0 1 0 0 0 1 0 1 1 1 1 1 1 1 2 0 2 0 1 1 1 1 1 0 1 0 0 1 1 2 1 1 0 1 1 1 0 1 2 1 1 1 1 1 0 0 0 1 0 1 0 0 1 1 0 0 0 0 2 1 0 1 1 0 1 2 0 0 0 1 2
geno chr22.24013879 ceu  2 2 1 1 1 2 1 2 2 1 1 2 2 1 2 2 1 2 0 1 1 2 0 2 2 2 2 1 2 1 1 2 0 0 1 2 2 1 1 1 1 1 1 2 2 1 0 0 2 2 2 1 0 2 2 1 1 0 1 2 1 2 1 2 1 1 1 2 2 2 1 0 0 2 0 0 2 2
geno chr22.24013879 fin  2 2 2 1 2 2 1 0 1 0 1 1 2 1 2 2 0 1 2 0 2 1 2 1 2 1 2 2 2 2 1 2 2 2 0 2 2 2 1 1 0 1 2 0 2 1 2 2 2 2 1 1 2 0 0 1 1 2 1 2 1 0 1 1 1 1 1 1 2 0 1 1 1 2 2 1 1 2 1 0 1 2 0 2 0 1 1 2 1
geno chr22.24013879 gbr  0 0 1 1 1 2 0 1 2 2 1 1 1 0 1 1 1 1 1 0 1 1 2 2 1 2 1 2 0 1 1 1 2 1 2 1 0 2 2 0 1 1 1 1 2 2 1 2 0 2 0 1 1 1 1 2 0 1 1 1 2 2 0 2 1 2 2 2 2 0 1 0 2 1 0 2 1 1 2 2 2 2 2 2
geno chr22.24013879 tsi  1 2 0 0 1 2 2 0 2 0 2 0 1 1 2 1 1 1 0 2 1 1 2 2 1 0 2 0 2 1 1 2 2 2 2 1 2 1 2 2 2 1 1 2 0 0 1 0 1 2 2 1 1 0 2 1 0 2 0 0 2 2 1 2 0 0 1 2 2 0 1 0 0 2 0 1 2 1 0 1 1 0 0 2 1 0 1 0 2 2 1 2
geno chr22.24013879 yri  1 2 1 1 0 0 0 1 0 0 0 1 0 1 1 1 1 1 1 1 2 0 2 0 1 1 1 1 1 0 1 0 0 1 1 2 1 1 0 1 1 1 0 1 2 1 1 1 1 1 0 0 0 1 0 1 0 0 1 1 0 0 0 0 2 1 0 1 1 0 1 2 0 0 0 1 2
geno chr22.24013881 ceu  2 2 1 1 1 2 1 2 2 1 1 2 2 1 2 2 1 2 0 1 1 2 0 2 2 2 2 1 2 1 1 2 0 0 1 2 2 1 1 1 1 1 1 2 2 1 0 0 2 2 2 1 0 2 2 1 1 0 1 2 1 2 1 2 1 1 1 2 2 2 1 0 0 2 0 0 2 2
geno chr22.24013881 fin  2 2 2 1 2 2 1 0 1 0 1 1 2 1 2 2 0 1 2 0 2 1 2 1 2 1 2 2 2 2 1 2 2 2 0 2 2 2 1 1 0 1 2 0 2 1 2 2 2 2 1 1 2 0 0 1 1 2 1 2 1 0 1 1 1 1 1 1 2 0 1 1 1 2 2 1 1 2 1 0 1 2 0 2 0 1 1 2 1
geno chr22.24013881 gbr  0 0 1 1 1 2 0 1 2 2 1 1 1 0 0 1 1 1 1 0 1 1 2 2 1 2 1 2 0 1 1 1 2 1 2 1 0 2 2 0 1 1 1 1 2 2 1 2 0 2 0 1 1 1 1 2 0 1 1 1 2 2 0 2 1 2 2 2 2 0 1 0 2 1 0 2 1 1 2 2 2 2 2 2
geno chr22.24013881 tsi  1 2 0 0 1 2 2 0 2 0 2 0 1 1 2 1 1 1 0 2 1 1 2 2 1 0 2 0 2 1 1 2 2 2 2 1 2 1 2 2 2 1 1 2 0 0 1 0 1 2 2 1 1 0 2 1 0 2 0 0 2 2 1 2 0 0 1 2 2 0 1 0 0 2 0 1 2 1 0 1 1 0 0 2 1 0 1 0 2 2 1 2
geno chr22.24013881 yri  1 2 1 1 0 0 0 1 0 0 0 1 0 1 1 1 1 1 1 1 2 0 2 0 1 1 1 1 1 0 1 0 0 1 1 2 1 1 0 1 1 1 0 1 2 1 1 1 1 1 0 0 0 1 0 1 0 0 1 1 0 0 0 0 2 1 0 1 1 0 1 2 0 0 0 1 2
geno chr22.24013897 ceu  2 2 1 1 1 2 1 2 2 1 2 2 2 1 2 2 1 2 0 1 1 2 1 2 2 2 2 1 2 1 1 2 1 0 1 2 2 1 1 1 1 1 1 2 2 1 0 0 2 2 2 1 1 2 2 1 1 0 1 2 2 2 1 2 1 1 1 1 2 2 1 0 0 2 0 0 2 2
geno chr22.24013897 fin  2 2 2 1 2 2 1 0 1 0 1 1 2 1 2 2 0 1 2 0 2 1 2 1 2 1 2 2 2 2 1 2 2 2 0 2 2 2 1 1 0 1 2 0 1 1 2 2 2 2 1 1 2 0 0 1 1 2 1 2 1 0 1 1 1 1 1 1 2 1 1 1 1 2 2 1 1 2 1 0 1 2 1 2 0 1 1 2 1
geno chr22.24013897 gbr  1 0 1 1 1 2 0 1 2 1 1 1 1 0 1 1 1 1 1 0 1 1 2 2 1 2 1 2 0 1 1 1 2 1 2 1 1 2 2 0 1 1 1 1 2 2 1 2 0 2 0 1 1 1 1 2 1 1 1 1 2 2 0 2 1 2 2 2 2 0 1 1 2 1 0 2 1 1 2 2 2 2 2 2
geno chr22.24013897 tsi  1 2 1 1 1 2 2 0 2 0 2 0 1 1 2 1 1 2 1 2 1 1 2 2 1 0 2 1 2 1 1 2 2 2 2 1 2 1 2 2 2 1 1 2 0 0 1 1 1 2 2 1 1 0 2 1 0 2 0 0 2 2 1 2 0 0 1 2 2 0 1 0 0 2 0 1 2 1 0 1 1 1 1 2 1 0 1 0 2 2 1 2
geno chr22.24013897 yri  2 2 1 1 1 1 1 0 1 1 0 2 0 2 1 1 1 1 1 2 1 1 2 2 2 1 1 2 1 0 1 0 1 1 1 2 2 2 2 2 2 1 1 2 2 2 1 1 1 2 1 0 0 0 1 1 2 0 1 1 1 1 1 2 2 2 0 1 1 1 1 1 2 1 1 1 2
geno chr22.24013974 ceu  2 2 1 1 1 1 1 2 2 0 1 1 1 0 2 2 1 2 0 1 0 2 0 1 2 2 2 1 2 1 1 2 1 0 1 2 2 1 1 1 1 1 1 2 1 1 1 0 2 2 2 1 1 2 2 0 0 0 1 2 1 2 1 2 1 1 1 1 2 2 1 0 0 2 1 0 1 2
geno chr22.24013974 fin  2 2 0 0 2 2 0 0 1 1 1 1 2 1 1 2 0 1 2 0 2 1 2 0 2 1 2 2 2 2 1 1 2 1 1 2 1 2 1 1 1 1 2 0 2 1 2 0 2 1 1 1 2 0 0 1 1 1 1 2 1 0 1 1 0 0 0 1 2 1 0 1 0 2 2 0 1 2 1 0 1 2 1 2 0 1 1 1 1
geno chr22.24013974 gbr  0 0 1 1 1 2 1 1 1 2 1 0 1 0 1 2 1 1 2 1 1 0 2 2 1 1 1 1 0 1 1 1 1 1 2 2 1 2 2 0 1 0 1 1 1 2 1 2 0 1 0 1 1 1 1 2 1 1 2 0 2 2 0 2 1 2 2 2 2 0 1 1 1 1 0 2 1 1 2 2 2 2 2 2
geno chr22.24013974 tsi  0 1 1 1 0 2 2 1 2 0 2 0 1 1 2 1 1 2 1 2 1 1 2 1 1 0 2 1 1 1 1 2 1 1 2 1 1 1 2 2 2 1 1 1 0 0 1 1 1 2 2 1 1 0 1 1 0 2 1 0 2 2 2 2 0 1 2 2 2 0 1 0 1 2 1 1 2 1 0 1 1 1 1 2 1 0 1 0 2 1 1 2
geno chr22.24013974 yri  2 0 2 2 1 2 1 0 2 1 1 1 2 1 1 1 1 2 2 1 1 1 2 2 2 2 2 2 1 2 1 1 1 1 1 1 1 1 1 2 2 1 1 2 2 2 2 1 0 2 1 1 1 2 1 1 2 1 1 2 2 1 1 1 1 1 0 2 1 2 1 2 1 0 1 2 2
geno chr22.24014180 ceu  2 2 1 1 0 1 1 2 1 0 0 1 1 1 2 1 1 2 0 1 0 1 1 1 2 2 1 1 2 1 1 2 1 0 2 2 1 1 0 1 0 1 1 2 1 1 1 0 1 2 1 1 0 0 1 1 0 0 0 2 1 2 1 2 1 1 1 1 2 1 1 0 0 2 1 0 1 2
geno chr22.24014180 fin  2 2 1 1 2 2 1 0 1 1 0 1 2 1 2 2 0 1 2 0 2 1 2 1 2 1 2 2 1 2 1 1 2 1 1 2 2 2 0 1 1 1 2 0 2 0 1 2 2 1 1 1 2 0 0 1 0 1 1 2 1 0 1 1 1 0 1 1 2 0 0 1 0 1 2 1 1 2 0 0 1 2 0 2 0 1 1 2 1
geno chr22.24014180 gbr  0 0 1 1 1 2 1 1 1 1 1 1 1 0 1 1 1 1 2 1 0 1 1 2 1 2 2 2 0 1 0 0 1 1 2 1 0 2 2 0 1 1 0 1 1 2 1 2 0 2 0 0 1 1 1 2 0 1 1 1 2 2 0 2 1 1 2 2 1 0 1 0 1 1 0 2 1 1 1 0 1 2 1 2
geno chr22.24014180 tsi  1 2 0 1 1 2 1 1 1 0 1 0 2 1 1 1 2 1 0 1 1 1 0 1 0 0 1 0 2 1 1 1 1 1 1 1 2 1 2 0 2 1 1 1 0 0 1 1 1 2 2 1 1 0 1 1 0 1 1 0 1 1 1 1 0 0 2 2 2 0 1 0 0 2 1 0 2 2 0 0 1 1 1 2 1 0 0 1 1 2 1 1
geno chr22.24014180 yri  2 0 2 1 1 1 1 1 1 2 0 2 1 2 1 1 1 0 2 2 1 2 2 2 1 2 1 2 2 1 1 0 2 1 2 2 2 1 2 2 2 2 1 2 2 1 1 2 0 2 1 1 0 1 1 1 2 0 1 1 1 2 1 1 2 2 1 1 2 2 1 2 2 1 1 1 2
geno chr22.24014229 ceu  0 0 0 1 1 1 1 0 1 2 2 1 1 0 0 1 0 0 0 0 1 1 0 1 0 0 0 0 0 0 0 0 1 1 0 0 1 0 1 0 1 0 0 0 1 0 0 1 1 0 1 1 1 2 1 0 1 0 1 0 1 0 0 0 0 1 0 1 0 1 0 0 0 0 0 0 1 0
geno chr22.24014229 fin  0 0 1 0 0 0 0 0 0 0 1 0 0 0 0 0 0 0 0 0 0 0 0 0 0 0 0 0 1 0 0 1 0 1 0 0 0 0 1 0 0 0 0 0 0 1 1 0 0 1 0 0 0 0 0 0 1 1 0 0 0 0 0 0 0 0 0 0 0 1 0 0 0 1 0 0 0 0 1 0 0 0 1 0 0 0 0 0 0
geno chr22.24014229 gbr  1 0 0 0 0 0 0 0 1 1 0 0 0 0 0 1 0 0 0 0 1 0 1 0 1 0 0 0 0 0 1 1 1 0 0 1 1 0 0 0 0 0 1 0 1 0 0 0 0 0 0 1 0 0 0 0 2 0 1 0 0 0 0 0 0 1 0 0 1 0 0 1 1 0 0 0 0 0 1 2 1 0 1 0
geno chr22.24014229 tsi  0 0 1 0 0 0 1 0 1 0 1 0 0 0 1 0 0 0 1 1 0 0 2 1 1 0 1 1 0 0 0 1 1 1 1 1 0 0 0 2 0 1 0 1 0 1 0 0 0 0 0 0 0 0 1 0 1 1 0 0 1 1 1 1 0 1 0 0 0 0 0 0 1 0 0 1 0 0 0 1 0 0 0 0 0 0 1 0 1 0 0 1
geno chr22.24014229 yri  0 2 0 0 0 1 0 0 0 0 1 0 0 0 0 0 0 1 0 0 1 0 0 0 0 0 0 0 0 0 0 0 0 0 0 0 0 0 0 0 0 0 0 0 0 1 0 0 0 0 0 0 0 0 0 0 0 0 0 0 0 0 1 0 0 0 0 0 0 0 0 0 0 0 0 1 0
geno chr22.24014438 ceu  0 0 0 0 0 0 0 0 0 0 0 0 0 0 0 0 0 0 0 0 0 0 0 0 0 0 0 0 0 0 0 0 0 0 0 0 0 0 0 0 0 0 0 0 0 0 0 0 0 0 0 0 0 0 0 0 0 0 0 0 0 0 0 0 0 0 0 0 0 0 0 0 0 0 0 0 0 0
geno chr22.24014438 fin  0 0 0 0 0 0 0 0 0 0 0 0 0 0 0 0 0 0 0 0 0 0 0 0 0 0 0 0 0 0 0 0 0 0 0 0 0 0 0 0 0 0 0 0 0 0 0 0 0 0 0 0 0 0 0 0 0 0 0 0 0 0 0 0 0 0 0 0 0 0 0 0 0 0 0 0 0 0 0 0 0 0 0 0 0 0 0 0 0
geno chr22.24014438 gbr  0 0 0 0 0 0 0 0 0 0 0 0 0 0 0 0 0 0 0 0 0 0 0 0 0 0 0 0 0 0 0 0 0 0 0 0 0 0 0 0 0 0 0 0 0 0 0 0 0 0 0 0 0 0 0 0 0 0 0 0 0 0 0 0 0 0 0 0 0 0 0 0 0 0 0 0 0 0 0 0 0 0 0 0
geno chr22.24014438 tsi  0 0 0 0 0 0 0 0 0 0 0 0 0 0 0 0 0 0 0 0 0 0 0 0 0 0 0 0 0 0 0 0 0 0 0 0 0 0 0 0 0 0 0 0 0 0 0 0 0 0 0 0 0 0 0 0 0 0 0 0 0 0 0 0 0 0 0 0 0 0 0 0 0 0 0 0 0 0 0 0 0 0 0 0 0 0 0 0 0 0 0 0
geno chr22.24014438 yri  1 0 1 0 2 1 1 0 1 1 0 1 1 1 1 0 0 0 0 1 0 1 0 2 1 1 0 1 1 0 1 0 2 0 0 0 1 1 2 1 1 1 1 1 0 1 0 1 0 1 1 1 0 0 1 0 2 0 0 0 1 2 1 2 1 1 0 0 0 2 1 0 2 1 1 0 0
geno chr22.24015331 ceu  0 0 1 0 1 0 0 0 0 0 0 0 0 1 0 0 0 0 2 1 1 0 0 0 0 0 0 0 0 0 1 0 0 1 0 0 0 1 1 1 1 1 1 0 0 1 1 1 0 0 0 0 1 0 0 1 1 2 0 0 0 0 1 0 0 0 1 0 0 0 1 2 2 0 1 2 0 0
geno chr22.24015331 fin  0 0 0 1 0 0 1 2 1 1 0 1 0 1 0 0 1 1 0 1 0 1 0 0 0 1 0 0 0 0 0 0 0 0 1 0 0 0 0 1 1 0 0 1 0 1 0 0 0 0 1 1 0 2 2 1 1 0 1 0 1 2 1 1 1 1 1 1 0 1 1 0 1 0 0 0 1 0 0 1 1 0 0 0 0 1 1 0 0
geno chr22.24015331 gbr  0 0 1 1 1 0 1 0 0 0 0 0 1 0 0 0 0 1 0 0 1 1 0 0 0 0 0 0 2 1 1 0 0 0 0 0 1 0 0 1 0 1 1 1 0 0 0 0 2 0 2 1 1 1 1 0 0 0 0 0 0 0 1 0 1 0 0 0 0 2 1 1 0 1 1 0 0 1 0 0 0 0 0 0
geno chr22.24015331 tsi  0 0 0 1 0 0 0 1 0 1 0 1 0 1 0 1 0 0 1 0 1 1 0 0 1 1 0 1 0 1 1 0 0 0 0 0 0 1 0 0 0 0 0 0 1 1 0 1 1 0 0 0 1 1 0 0 0 0 0 2 0 0 0 0 2 0 0 0 0 1 1 1 0 0 1 1 0 0 2 1 0 0 1 0 1 1 1 1 0 0 1 0
geno chr22.24015331 yri  0 0 0 0 0 0 0 0 0 0 0 0 0 0 0 0 0 0 0 0 0 0 0 0 0 0 0 0 0 0 0 0 0 0 0 0 0 0 0 0 1 0 0 0 0 0 0 0 0 0 0 0 0 0 0 0 0 0 0 0 0 0 0 0 0 0 0 0 0 0 0 0 0 0 0 0 0
geno chr22.24015851 ceu  2 2 1 2 1 2 2 2 2 2 2 2 2 1 2 2 1 2 0 1 1 2 1 2 2 2 2 1 2 1 1 2 2 1 2 2 2 1 1 1 1 1 1 2 2 1 1 1 2 2 2 2 1 2 2 1 1 0 1 2 2 2 1 2 1 2 1 2 2 2 1 0 0 2 1 0 2 2
geno chr22.24015851 fin  2 2 2 1 2 2 1 0 1 1 1 1 2 1 2 2 1 1 2 0 2 1 2 1 2 1 2 2 2 2 2 2 2 2 1 2 2 2 1 1 1 2 2 0 2 1 2 2 2 2 1 0 2 0 0 1 1 2 1 2 1 0 1 1 0 0 1 1 2 1 0 1 0 2 1 1 1 2 1 1 1 2 1 2 0 1 1 2 1
geno chr22.24015851 gbr  1 0 1 1 1 2 1 1 2 2 1 1 1 0 1 2 1 1 2 1 1 1 2 2 2 2 1 1 0 1 1 1 1 1 2 2 1 2 2 0 1 1 1 1 2 2 1 2 0 2 0 1 1 1 1 1 1 1 1 1 1 2 0 2 1 2 2 2 2 0 1 1 1 1 0 2 1 1 2 2 2 2 2 2
geno chr22.24015851 tsi  1 2 1 1 1 2 2 1 2 0 2 0 2 1 2 1 2 2 1 2 1 1 2 2 1 0 2 1 2 1 1 2 2 2 2 2 2 1 2 2 2 2 1 2 0 1 2 1 1 2 2 1 1 0 2 1 1 2 1 0 2 2 2 2 0 1 2 2 2 0 1 0 1 2 1 1 2 2 0 1 1 1 1 2 1 0 1 1 2 2 1 2
geno chr22.24015851 yri  2 2 2 1 2 2 1 1 1 2 1 2 1 2 2 1 1 1 2 2 2 2 2 2 1 2 1 2 1 1 2 0 2 1 2 2 2 1 2 2 1 1 1 1 2 2 1 2 1 1 1 1 0 1 1 1 2 0 1 1 1 2 2 2 2 2 1 1 1 2 2 2 2 1 1 2 2
geno chr22.24015915 ceu  2 2 1 1 0 1 1 2 1 0 0 1 1 1 2 1 1 2 0 1 0 1 1 1 2 2 2 1 2 1 1 2 1 0 2 2 1 1 0 1 0 1 1 2 1 1 1 0 1 2 1 1 0 0 1 0 0 0 0 2 1 2 1 2 1 1 1 1 2 1 1 0 0 2 1 0 1 2
geno chr22.24015915 fin  2 2 1 1 2 2 1 0 1 1 0 1 2 1 2 2 1 1 2 0 2 1 2 1 2 1 2 2 1 2 1 1 2 1 1 2 2 2 0 1 1 1 2 0 2 1 1 2 1 1 1 1 2 0 0 1 0 1 1 2 1 0 1 1 1 1 1 1 2 0 1 1 1 1 2 1 1 2 1 0 1 2 0 2 0 1 1 2 1
geno chr22.24015915 gbr  0 0 1 1 1 2 1 1 1 1 1 1 1 0 1 1 1 1 2 1 0 1 1 2 1 2 2 2 0 1 0 0 1 1 2 1 0 2 2 0 1 1 0 1 1 2 1 2 0 2 0 0 1 1 1 2 0 1 1 1 2 2 0 2 1 1 2 2 1 0 1 0 1 1 0 2 1 1 1 0 1 2 1 2
geno chr22.24015915 tsi  1 2 0 1 1 2 1 1 1 0 1 0 2 1 1 1 2 2 0 1 1 1 0 1 0 0 1 0 2 1 1 1 1 1 1 1 2 1 2 0 2 1 1 1 0 0 2 1 1 2 2 1 1 0 1 1 0 1 1 0 1 1 1 1 0 0 2 2 2 0 1 0 0 2 1 0 2 2 0 0 1 1 1 2 1 0 0 1 1 2 1 1
geno chr22.24015915 yri  1 0 1 1 0 0 0 1 0 1 0 1 0 1 1 1 1 0 2 1 1 1 2 0 0 1 1 1 0 1 1 0 0 1 2 2 1 1 0 1 0 0 0 1 2 0 1 1 1 1 0 0 0 1 0 1 0 0 1 1 0 0 0 0 1 1 0 1 1 0 1 2 0 0 1 1 2
geno chr22.24016030 ceu  2 2 1 1 0 1 1 2 1 0 0 1 1 1 2 1 1 2 0 1 0 1 1 1 2 2 2 1 2 1 1 2 1 0 2 2 1 1 0 1 0 1 1 2 1 1 1 0 1 2 1 1 0 0 1 1 0 0 0 2 1 2 1 2 1 1 1 1 2 1 1 0 0 2 1 0 1 2
geno chr22.24016030 fin  2 2 1 1 2 2 1 0 1 1 0 1 2 1 2 2 1 1 2 0 2 1 2 1 2 1 2 2 1 2 1 1 2 1 1 2 2 2 0 1 1 1 2 0 2 0 1 2 2 1 1 1 2 0 0 1 0 1 1 2 1 0 1 1 0 1 1 1 2 0 1 1 1 1 2 1 1 2 0 0 1 2 0 2 0 1 1 2 1
geno chr22.24016030 gbr  0 0 1 1 1 2 1 1 1 1 1 1 1 0 1 1 1 1 2 1 0 1 1 2 1 2 1 2 0 1 0 0 1 1 2 1 0 2 2 0 1 1 0 1 1 2 1 2 0 2 0 0 1 1 1 1 0 1 1 1 2 2 0 2 1 1 2 2 1 0 1 0 1 1 0 2 1 1 1 0 1 2 1 2
geno chr22.24016030 tsi  1 2 0 1 1 2 1 1 1 0 1 0 2 1 1 1 2 2 0 1 1 1 0 1 0 0 1 0 2 1 1 1 1 1 1 1 2 1 2 0 2 1 1 1 0 0 2 1 1 2 2 1 1 0 1 1 0 1 1 0 1 1 1 1 0 0 2 2 2 0 1 0 0 2 1 0 2 2 0 0 1 1 1 2 1 0 0 1 1 2 1 1
geno chr22.24016030 yri  1 0 1 1 0 0 0 1 0 1 0 1 0 1 1 1 1 0 2 1 1 1 2 0 0 1 1 1 0 1 1 0 0 0 2 2 1 1 0 1 0 0 0 1 2 0 1 1 1 1 0 0 0 1 0 1 0 0 1 1 0 0 0 0 1 1 1 1 1 0 1 2 0 0 0 1 1
geno chr22.24016138 ceu  0 0 0 1 1 1 1 0 1 2 2 1 1 0 0 1 0 0 0 0 1 1 0 1 0 0 0 0 0 0 0 0 1 1 0 0 1 0 1 0 1 0 0 0 1 0 0 1 1 0 1 1 1 2 1 0 1 0 1 0 1 0 0 0 0 1 0 1 0 1 0 0 0 0 0 0 1 0
geno chr22.24016138 fin  0 0 1 0 0 0 0 0 0 0 1 0 0 0 0 0 0 0 0 0 0 0 0 0 0 0 0 0 1 0 0 1 0 1 0 0 0 0 1 0 0 0 0 0 0 1 1 0 0 1 0 0 0 0 0 0 1 1 0 0 0 0 0 0 0 0 0 0 0 1 0 0 0 1 0 0 0 0 1 0 0 0 1 0 0 0 0 0 0
geno chr22.24016138 gbr  1 0 0 0 0 0 0 0 1 1 0 0 0 0 0 1 0 0 0 0 1 0 1 0 1 0 0 0 0 0 1 1 1 0 0 1 1 0 0 0 0 0 1 0 1 0 0 0 0 0 0 1 0 0 0 0 2 0 1 0 0 0 0 0 0 1 0 0 1 0 0 1 1 0 0 0 0 0 1 2 1 0 1 0
geno chr22.24016138 tsi  0 0 1 0 0 0 1 0 1 0 1 0 0 0 1 0 0 0 1 1 0 0 2 1 1 0 1 1 0 0 0 1 1 1 1 1 0 0 0 2 0 1 0 1 0 1 0 0 0 0 0 0 0 0 1 0 1 1 0 0 1 1 1 1 0 1 0 0 0 0 0 0 1 0 0 1 0 0 0 1 0 0 0 0 0 0 1 0 1 0 0 1
geno chr22.24016138 yri  0 2 0 0 0 1 0 0 0 0 1 0 0 0 0 0 0 1 0 0 1 0 0 0 0 0 0 0 0 0 0 0 0 0 0 0 0 0 0 0 0 0 0 0 0 1 0 0 0 0 0 0 0 0 0 0 0 0 0 0 0 0 1 0 0 0 0 0 0 0 0 0 0 0 0 1 0
geno chr22.24016474 ceu  2 2 1 2 1 2 2 2 2 2 2 2 2 1 2 2 1 2 0 1 1 2 1 2 2 2 2 1 2 1 1 2 2 1 2 2 2 1 1 1 1 1 1 2 2 1 1 1 2 2 2 2 1 2 2 1 1 0 1 2 2 2 1 2 1 2 1 2 2 2 1 0 0 2 1 0 2 2
geno chr22.24016474 fin  2 2 2 1 2 2 1 0 1 1 1 1 2 1 2 2 1 1 2 0 2 1 2 1 2 1 2 2 2 2 1 2 2 2 1 2 2 2 1 1 1 1 2 0 2 1 2 2 2 2 1 1 2 0 0 1 1 2 1 2 1 0 1 1 1 1 1 1 2 1 1 1 1 2 2 1 1 2 1 0 1 2 1 2 0 1 1 2 1
geno chr22.24016474 gbr  1 0 1 1 1 2 1 1 2 2 1 1 1 0 1 2 1 1 2 1 1 1 2 2 2 2 2 2 0 1 1 1 2 1 2 2 1 2 2 0 1 1 1 1 2 2 1 2 0 2 0 1 1 1 1 2 2 1 2 1 2 2 0 2 1 2 2 2 2 0 1 1 2 1 0 2 1 1 2 2 2 2 2 2
geno chr22.24016474 tsi  1 2 1 1 1 2 2 1 2 0 2 0 2 1 2 1 2 2 1 2 1 1 2 2 1 0 2 1 2 1 1 2 2 2 2 2 2 1 2 2 2 2 1 2 0 1 2 1 1 2 2 1 1 0 2 1 1 2 1 0 2 2 2 2 0 1 2 2 2 0 1 0 1 2 1 1 2 2 0 1 1 1 1 2 1 0 1 1 2 2 1 2
geno chr22.24016474 yri  2 2 2 1 2 2 1 1 1 2 1 2 1 2 2 1 1 1 2 2 2 2 2 2 1 2 1 2 1 1 2 0 2 1 2 2 2 2 2 2 2 2 1 2 2 2 1 2 1 2 1 1 0 1 1 1 2 0 1 1 1 2 2 2 2 2 1 1 1 2 2 2 2 1 1 2 2
geno chr22.24016862 ceu  2 2 1 1 1 2 2 2 2 2 2 2 2 1 2 2 1 2 0 1 1 2 1 2 2 2 2 1 2 1 1 1 2 1 2 2 2 1 1 1 1 1 1 2 2 1 0 1 2 2 2 1 1 2 2 1 1 0 1 2 2 2 1 2 1 2 1 2 2 2 1 0 0 1 0 0 2 2
geno chr22.24016862 fin  2 2 2 1 2 2 1 0 1 1 1 1 2 1 2 2 1 1 2 0 2 1 2 1 2 1 2 2 2 2 1 2 2 2 0 2 2 2 0 1 1 1 2 0 1 1 2 2 2 2 1 1 2 0 0 1 1 2 1 2 1 0 1 1 0 0 0 1 2 0 0 0 0 2 1 1 1 2 1 0 1 2 0 2 0 1 1 2 1
geno chr22.24016862 gbr  0 0 1 1 1 2 0 1 2 1 1 1 1 0 1 2 1 1 2 1 1 1 2 2 2 2 1 2 0 1 1 1 1 1 2 2 0 2 2 0 1 1 1 1 2 2 1 2 0 2 0 1 1 1 1 1 2 1 2 1 2 2 0 2 1 2 2 2 2 0 1 0 2 1 0 2 1 1 2 2 2 2 2 2
geno chr22.24016862 tsi  1 2 0 1 1 2 2 0 2 0 2 0 2 1 2 1 2 2 0 2 1 0 2 2 0 0 2 0 2 1 1 2 2 2 2 2 2 1 2 2 2 2 1 2 0 1 2 1 1 2 2 1 1 0 2 1 1 2 1 0 2 2 1 2 0 1 2 1 2 0 1 0 1 2 1 1 2 2 0 1 1 1 1 2 1 0 1 1 2 2 1 2
geno chr22.24016862 yri  2 1 1 1 2 1 0 0 1 1 1 2 1 2 2 1 1 1 1 1 1 2 2 1 1 1 1 1 1 0 1 0 1 1 2 2 1 1 2 2 2 2 1 2 1 2 1 2 1 1 1 1 0 1 0 0 1 0 0 1 1 2 2 1 1 0 0 1 1 2 2 2 2 1 0 1 2
geno chr22.24016863 ceu  2 2 1 1 1 2 2 2 2 2 2 2 2 1 2 2 1 2 0 1 1 2 1 2 2 2 2 1 2 1 1 1 2 1 2 2 2 1 1 1 1 1 1 2 2 1 0 1 2 2 2 1 1 2 2 1 1 0 1 2 2 2 1 2 1 2 1 2 2 2 1 0 0 2 0 0 2 2
geno chr22.24016863 fin  2 2 2 1 2 2 1 0 1 1 1 1 2 1 2 2 1 1 2 0 2 1 2 1 2 1 2 2 2 2 1 2 2 2 1 2 2 2 0 1 1 1 2 0 1 1 2 2 2 2 1 0 2 0 0 1 1 2 1 2 1 0 0 1 0 0 0 1 2 0 0 1 0 2 1 1 1 2 1 0 1 2 0 2 0 1 1 2 1
geno chr22.24016863 gbr  0 0 1 1 1 2 0 1 2 1 1 1 1 0 1 2 1 1 2 1 1 1 2 2 2 2 1 1 0 1 1 1 1 1 2 2 0 2 2 0 1 1 1 1 2 2 1 2 0 2 0 1 1 1 1 1 2 1 2 1 2 2 0 2 1 2 2 2 2 0 1 0 2 1 0 2 1 1 2 2 2 2 2 2
geno chr22.24016863 tsi  1 2 0 1 1 2 2 0 2 0 2 0 2 1 2 1 2 2 0 2 1 0 2 2 0 0 2 1 2 1 1 2 2 2 2 2 2 1 2 2 2 2 1 2 0 1 2 1 1 2 2 1 1 0 2 1 1 2 1 0 2 2 1 2 0 1 1 1 2 0 1 0 1 2 1 1 2 2 0 1 1 1 1 2 1 0 2 1 2 2 1 2
geno chr22.24016863 yri  1 1 1 1 0 1 0 0 0 1 1 1 0 1 1 1 1 1 1 0 1 1 2 0 0 1 1 1 0 0 0 0 0 1 2 2 0 0 0 1 0 0 0 1 1 1 1 1 1 0 0 0 0 1 0 0 0 0 0 1 0 0 1 0 0 0 0 1 1 0 1 2 0 0 0 1 2
geno chr22.24016901 ceu  0 0 0 1 1 1 1 0 1 2 2 1 1 0 0 1 0 0 0 0 1 1 0 1 0 0 0 0 0 0 0 0 1 1 0 0 1 0 1 0 1 0 0 0 1 0 0 1 1 0 1 1 1 2 1 0 1 0 1 0 1 0 0 0 0 1 0 1 0 1 0 0 0 0 0 0 1 0
geno chr22.24016901 fin  0 0 1 0 0 0 0 0 0 0 1 0 0 0 0 0 0 0 0 0 0 0 0 0 0 0 0 0 1 0 0 1 0 1 0 0 0 0 0 0 0 0 0 0 0 1 1 0 0 1 0 0 0 0 0 0 1 1 0 0 0 0 0 0 0 0 0 0 0 1 0 0 0 1 0 0 0 0 1 0 0 0 1 0 0 0 0 0 0
geno chr22.24016901 gbr  1 0 0 0 0 0 0 0 1 1 0 0 0 0 0 1 0 0 0 0 1 0 1 0 1 0 0 0 0 0 1 1 1 0 0 1 1 0 0 0 0 0 1 0 1 0 0 0 0 0 0 1 0 0 0 0 2 0 1 0 0 0 0 0 0 1 0 0 1 0 0 1 1 0 0 0 0 0 1 2 1 0 1 0
geno chr22.24016901 tsi  0 0 1 0 0 0 1 0 1 0 1 0 0 0 1 0 0 0 1 1 0 0 2 1 1 0 1 1 0 0 0 1 1 1 1 1 0 0 0 2 0 1 0 1 0 1 0 0 0 0 0 0 0 0 1 0 1 1 0 0 1 1 1 1 0 1 0 0 0 0 0 0 1 0 0 1 0 0 0 1 0 0 0 0 0 0 1 0 1 0 0 1
geno chr22.24016901 yri  0 1 0 0 0 1 0 0 0 0 1 0 0 0 0 0 0 1 1 1 1 0 1 0 0 1 0 0 1 1 1 0 0 0 0 0 0 0 0 0 0 0 0 0 0 1 0 0 0 1 0 0 1 0 0 0 0 0 0 0 1 0 1 0 0 0 0 0 1 0 0 1 0 0 0 2 0
geno chr22.24016990 ceu  0 0 0 0 0 0 0 0 0 0 0 0 1 0 0 0 0 0 0 0 0 0 0 0 0 0 0 0 0 0 0 0 0 0 0 0 0 0 0 0 0 0 0 0 0 0 0 0 0 0 0 0 0 0 0 1 0 0 0 0 0 0 0 0 0 0 0 0 0 0 0 0 0 0 0 0 0 0
geno chr22.24016990 fin  0 0 0 0 0 0 0 0 0 0 0 0 0 0 0 0 0 0 0 0 0 0 0 0 0 0 0 0 0 0 0 0 0 0 0 0 0 0 0 0 0 0 0 0 0 0 0 0 0 0 0 0 0 0 0 0 0 0 0 0 0 0 0 0 1 1 0 0 0 0 1 0 1 0 0 0 0 0 0 0 0 0 0 0 0 0 0 0 1
geno chr22.24016990 gbr  0 0 0 0 0 0 0 0 0 0 1 0 0 0 0 0 0 0 0 0 0 0 0 0 0 0 1 0 0 0 0 0 0 0 0 0 0 0 0 0 0 0 0 0 0 0 0 0 0 0 0 0 0 0 0 0 0 0 0 0 1 0 0 0 0 0 0 0 0 0 0 0 1 0 0 0 0 0 0 0 0 0 0 0
geno chr22.24016990 tsi  0 0 0 0 0 0 0 0 0 0 0 0 0 0 0 0 0 0 0 0 0 0 0 0 0 0 0 0 0 0 0 0 0 0 0 0 0 0 0 0 0 0 0 0 0 0 0 0 0 0 0 0 0 0 0 0 0 0 0 0 0 0 0 0 0 0 0 0 0 0 0 0 0 0 0 0 0 0 0 0 0 0 0 0 0 0 0 0 0 0 0 0
geno chr22.24016990 yri  1 0 1 0 2 1 1 0 1 1 0 1 1 1 1 0 0 0 0 1 0 1 0 2 1 1 0 1 1 1 1 0 2 0 0 0 1 1 2 1 2 1 1 1 0 1 0 1 0 1 1 1 0 0 1 0 2 0 0 0 1 2 1 2 1 1 0 0 0 2 1 0 2 1 1 0 0
geno chr22.24017294 ceu  0 0 1 0 1 0 0 0 0 0 0 0 0 0 0 0 0 0 1 0 0 0 0 0 0 0 0 0 0 0 1 0 0 0 0 0 0 1 1 1 1 0 1 0 0 1 1 1 0 0 0 0 1 0 0 0 0 2 0 0 0 0 1 0 0 0 1 0 0 0 1 1 2 0 1 0 0 0
geno chr22.24017294 fin  0 0 0 1 0 0 0 2 1 0 0 1 0 1 0 0 1 1 0 1 0 1 0 0 0 0 0 0 0 0 0 0 0 0 1 0 0 0 0 0 1 0 0 1 0 1 0 0 0 0 1 0 0 2 0 0 0 0 1 0 0 1 1 1 0 1 0 0 0 1 1 0 0 0 0 0 0 0 0 1 1 0 0 0 0 1 1 0 0
geno chr22.24017294 gbr  0 0 0 1 1 0 0 0 0 0 0 0 1 0 0 0 0 1 0 0 1 1 0 0 0 0 0 0 2 1 0 0 0 0 0 0 1 0 0 1 0 1 1 1 0 0 0 0 1 0 2 1 1 1 1 0 0 0 0 0 0 0 1 0 1 0 0 0 0 1 1 1 0 1 1 0 0 1 0 0 0 0 0 0
geno chr22.24017294 tsi  0 0 0 1 0 0 0 0 0 1 0 1 0 1 0 1 0 0 1 0 1 1 0 0 0 1 0 0 0 1 1 0 0 0 0 0 0 1 0 0 0 0 0 0 1 1 0 0 1 0 0 0 1 1 0 0 0 0 0 1 0 0 0 0 1 0 0 0 0 1 1 1 0 0 0 1 0 0 2 0 0 0 1 0 1 0 1 1 0 0 1 0
geno chr22.24017294 yri  0 0 0 0 0 0 0 0 0 0 0 0 0 0 0 0 0 0 0 0 0 0 0 0 0 0 0 0 0 0 0 0 0 0 0 0 0 0 0 0 0 0 0 0 0 0 0 0 0 0 0 0 0 0 0 0 0 0 0 0 0 0 0 0 0 0 0 0 0 0 0 0 0 0 0 0 0
geno chr22.24017517 ceu  0 0 0 0 0 0 0 0 0 0 0 0 0 0 0 0 0 0 0 0 0 0 0 0 0 0 0 0 0 0 0 0 0 0 0 0 0 0 0 0 0 0 0 0 0 0 0 0 0 0 0 0 0 0 0 0 0 0 0 0 0 0 0 0 0 0 0 0 0 0 0 0 0 0 0 0 0 0
geno chr22.24017517 fin  0 0 0 0 0 0 0 0 0 0 0 0 0 0 0 0 0 0 0 0 0 0 0 0 0 0 0 0 0 0 0 0 0 0 0 0 0 0 0 0 0 0 0 0 0 0 0 0 0 0 0 0 0 0 0 0 0 0 0 0 0 0 0 0 0 0 0 0 0 0 0 0 0 0 0 0 0 0 0 0 0 0 0 0 0 0 0 0 0
geno chr22.24017517 gbr  0 0 0 0 0 0 0 0 0 0 0 0 0 0 0 0 0 0 0 0 0 0 0 0 0 0 0 0 0 0 0 0 0 0 0 0 0 0 0 0 0 0 0 0 0 0 0 0 0 0 0 0 0 0 0 0 0 0 0 0 0 0 0 0 0 0 0 0 0 0 0 0 0 0 0 0 0 0 0 0 0 0 0 0
geno chr22.24017517 tsi  0 0 0 0 0 0 0 0 0 0 0 0 0 0 0 0 0 0 0 0 0 0 0 0 0 0 0 0 0 0 0 0 0 0 0 0 0 0 0 0 0 0 0 0 0 0 0 0 0 0 0 0 0 0 0 0 0 0 0 0 0 0 0 0 0 0 0 0 0 0 0 0 0 0 0 0 0 0 0 0 0 0 0 0 0 0 0 0 0 0 0 0
geno chr22.24017517 yri  1 0 1 0 2 1 1 0 1 1 0 1 1 1 1 0 0 0 0 1 0 1 0 2 1 1 0 1 1 0 1 0 2 0 0 0 1 1 2 1 2 2 1 1 0 1 0 1 0 1 1 1 0 0 1 0 2 0 0 0 1 2 1 2 1 1 0 0 0 2 1 0 2 1 1 0 0
geno chr22.24017527 ceu  2 2 1 2 1 2 2 2 2 2 2 2 2 1 2 2 1 2 0 1 1 2 1 2 2 2 2 1 2 1 1 2 2 1 2 2 2 1 1 1 1 1 1 2 2 1 1 1 2 2 2 2 1 2 2 1 1 0 1 2 2 2 1 2 1 2 1 2 2 2 1 0 0 2 1 0 2 2
geno chr22.24017527 fin  2 2 2 1 2 2 1 0 1 1 1 1 2 1 2 2 1 1 2 0 2 1 2 1 2 1 2 2 2 2 1 2 2 2 1 2 2 2 1 1 1 1 2 0 2 1 2 2 2 2 1 1 2 0 0 1 1 2 1 2 1 0 1 1 1 1 1 1 2 1 1 1 1 2 2 1 1 2 1 0 1 2 1 2 0 1 1 2 1
geno chr22.24017527 gbr  1 0 1 1 1 2 1 1 2 2 1 1 1 0 1 2 1 1 2 1 1 1 2 2 2 2 2 2 0 1 1 1 2 1 2 2 1 2 2 0 1 1 1 1 2 2 1 2 0 2 0 1 1 1 1 2 2 1 2 1 2 2 0 2 1 2 2 2 2 0 1 1 2 1 0 2 1 1 2 2 2 2 2 2
geno chr22.24017527 tsi  1 2 1 1 1 2 2 1 2 0 2 0 2 1 2 1 2 2 1 2 1 1 2 2 1 0 2 1 2 1 1 2 2 2 2 2 2 1 2 2 2 2 1 2 0 1 2 1 1 2 2 1 1 0 2 1 1 2 1 0 2 2 2 2 0 1 2 2 2 0 1 0 1 2 1 1 2 2 0 1 1 1 1 2 1 0 1 1 2 2 1 2
geno chr22.24017527 yri  2 2 2 1 2 2 1 1 1 2 1 2 1 2 2 1 1 1 2 2 2 2 2 2 1 2 1 2 1 1 2 0 2 1 2 2 2 2 2 2 2 2 1 2 2 2 1 2 1 2 1 1 0 1 1 1 2 0 1 1 1 2 2 2 2 2 1 1 1 2 2 2 2 1 1 2 2
geno chr22.24017909 ceu  0 0 0 0 0 0 0 0 0 0 0 0 0 0 0 0 0 0 0 0 0 0 0 0 0 0 0 0 0 0 0 0 0 0 0 0 0 0 0 0 0 0 0 0 0 0 0 0 0 0 0 0 0 0 0 0 0 0 0 0 0 0 0 0 0 0 0 0 0 0 0 0 0 0 0 0 0 0
geno chr22.24017909 fin  0 0 0 0 0 0 0 0 0 0 0 0 0 0 0 0 0 0 0 0 0 0 0 0 0 0 0 0 0 0 0 0 0 0 0 0 0 0 0 0 0 0 0 0 0 0 0 0 0 0 0 0 0 0 0 0 0 0 0 0 0 0 0 0 0 0 0 0 0 0 0 0 0 0 0 0 0 0 0 0 0 0 0 0 0 0 0 0 0
geno chr22.24017909 gbr  0 0 0 0 0 0 0 0 0 0 0 0 0 0 0 0 0 0 0 0 0 0 0 0 0 0 0 0 0 0 0 0 0 0 0 0 0 0 0 0 0 0 0 0 0 0 0 0 0 0 0 0 0 0 0 0 0 0 0 0 0 0 0 0 0 0 0 0 0 0 0 0 0 0 0 0 0 0 0 0 0 0 0 0
geno chr22.24017909 tsi  0 0 0 0 0 0 0 0 0 0 0 0 0 0 0 0 0 0 0 0 0 0 0 0 0 0 0 0 0 0 0 0 0 0 0 0 0 0 0 0 0 0 0 0 0 0 0 0 0 0 0 0 0 0 0 0 0 0 0 0 0 0 0 0 0 0 0 0 0 0 0 0 0 0 0 0 0 0 0 0 0 0 0 0 0 0 0 0 0 0 0 0
geno chr22.24017909 yri  1 0 1 0 2 1 1 0 1 1 0 1 1 1 1 0 0 0 0 1 0 1 0 2 1 1 0 1 1 0 1 0 2 0 0 0 1 1 2 1 2 2 1 1 0 1 0 1 0 1 1 1 0 0 1 0 2 0 0 0 1 2 1 2 1 1 0 0 0 2 1 0 2 1 1 0 0
geno chr22.24017915 ceu  2 2 1 2 1 2 2 2 2 2 2 2 2 1 2 2 1 2 0 1 1 2 1 2 2 2 2 1 2 1 1 2 2 1 2 2 2 1 1 1 1 1 1 2 2 1 1 1 2 2 2 2 1 2 2 1 1 0 1 2 2 2 1 2 1 2 1 2 2 2 1 0 0 2 1 0 2 2
geno chr22.24017915 fin  2 2 2 1 2 2 1 0 1 1 1 1 2 1 2 2 1 1 2 0 2 1 2 1 2 1 2 2 2 2 1 2 2 2 1 2 2 2 1 1 1 1 2 0 2 1 2 2 2 2 1 1 2 0 0 1 1 2 1 2 1 0 1 1 1 1 1 1 2 1 1 1 1 2 1 1 1 2 1 0 1 2 1 2 0 1 1 2 1
geno chr22.24017915 gbr  1 0 1 1 1 2 1 1 2 2 1 1 1 0 1 2 1 1 2 1 1 1 2 2 2 2 1 2 0 1 1 1 2 1 2 2 1 2 2 0 1 1 1 1 2 2 1 2 0 2 0 1 1 1 1 1 2 1 2 1 2 2 0 2 1 2 2 2 2 0 1 1 2 1 0 2 1 1 2 2 2 2 2 2
geno chr22.24017915 tsi  1 2 1 1 1 2 2 1 2 0 2 0 2 1 2 1 2 2 1 2 1 1 2 2 1 0 2 1 2 1 1 2 2 2 2 2 2 1 2 2 2 2 1 2 0 1 2 1 1 2 2 1 1 0 2 1 1 2 1 0 2 2 2 2 0 1 2 2 2 0 1 0 1 2 1 1 2 2 0 1 1 1 1 2 1 0 1 1 2 2 1 2
geno chr22.24017915 yri  1 2 1 1 0 1 0 1 1 1 2 1 0 1 1 1 1 1 2 1 2 1 2 0 0 1 1 1 0 1 1 0 0 1 2 2 1 1 0 1 0 0 0 1 2 1 1 1 1 1 0 0 0 1 0 1 0 0 1 1 0 0 1 0 1 1 1 1 1 0 1 2 0 0 0 2 2
geno chr22.24017929 ceu  2 2 1 2 1 2 2 2 2 2 2 2 2 1 2 2 1 2 0 1 1 2 1 2 2 2 2 1 2 1 1 2 2 1 2 2 2 1 1 1 1 1 1 2 2 1 1 1 2 2 2 2 1 2 2 1 1 0 1 2 2 2 1 2 1 2 1 2 2 2 1 0 0 2 1 0 2 2
geno chr22.24017929 fin  2 2 2 1 2 2 1 0 1 1 1 1 2 1 2 2 1 1 2 0 2 1 2 1 2 1 2 2 2 2 1 2 2 2 1 2 2 2 1 1 1 1 2 0 2 1 2 2 2 2 1 1 2 0 0 1 1 2 1 2 1 0 1 1 1 1 1 1 2 1 1 1 1 2 1 1 1 2 1 0 1 2 1 2 0 1 1 2 1
geno chr22.24017929 gbr  1 0 1 1 1 2 1 1 2 2 1 1 1 0 1 2 1 1 2 1 1 1 2 2 2 2 1 2 0 1 1 1 2 1 2 2 1 2 2 0 1 1 1 1 2 2 1 2 0 2 0 1 1 1 1 1 2 1 2 1 2 2 0 2 1 2 2 2 2 0 1 1 2 1 0 2 1 1 2 2 2 2 2 2
geno chr22.24017929 tsi  1 2 1 1 1 2 2 1 2 0 2 0 2 1 2 1 2 2 1 2 1 1 2 2 1 0 2 1 2 1 1 2 2 2 2 2 2 1 2 2 2 2 1 2 0 1 2 1 1 2 2 1 1 0 2 1 1 2 1 0 2 2 2 2 0 2 2 2 2 0 1 0 1 2 1 1 2 2 0 1 1 1 1 2 1 0 1 1 2 2 1 2
geno chr22.24017929 yri  2 2 2 2 2 2 2 1 2 2 2 2 2 2 2 2 1 2 2 2 2 2 2 2 2 2 2 2 1 2 2 2 2 1 2 2 2 2 2 2 2 2 2 2 2 2 2 2 1 2 2 2 2 2 2 1 2 1 1 2 2 2 2 2 2 2 2 2 1 2 2 2 2 2 2 2 2
geno chr22.24018012 ceu  2 2 1 1 0 1 1 2 1 0 0 1 1 1 2 1 0 2 0 1 0 1 1 1 2 2 2 1 2 1 1 2 0 0 2 2 1 1 0 1 0 0 1 2 1 1 1 0 1 2 1 1 0 0 0 1 0 0 0 2 0 2 1 2 1 1 1 1 2 1 1 0 0 2 1 0 1 2
geno chr22.24018012 fin  2 2 1 1 2 2 1 0 1 1 0 1 2 1 2 2 1 1 2 0 2 1 2 1 2 1 2 2 1 2 1 1 2 1 1 2 2 2 0 1 1 1 2 0 2 0 1 2 2 1 1 1 2 0 0 1 0 1 1 2 1 0 1 1 1 1 1 1 2 0 1 1 1 1 1 1 0 2 0 0 1 2 0 2 0 1 1 2 1
geno chr22.24018012 gbr  0 0 1 1 1 2 1 1 1 1 1 1 1 0 1 1 1 1 2 1 0 1 1 2 1 2 1 2 0 1 0 0 0 1 2 1 0 2 2 0 1 1 0 1 1 2 1 2 0 2 0 0 1 1 1 1 0 1 0 1 1 2 0 2 1 1 2 2 1 0 1 0 0 1 0 2 1 1 1 0 1 2 1 2
geno chr22.24018012 tsi  1 2 0 1 1 2 1 1 1 0 1 0 2 1 1 1 2 2 0 1 1 1 0 1 0 0 1 0 2 1 1 1 1 1 1 1 2 1 2 0 2 1 1 1 0 0 2 1 1 2 2 1 1 0 1 1 0 0 1 0 1 1 1 1 0 0 2 2 2 0 1 0 0 2 1 0 2 2 0 0 1 0 1 2 1 0 0 1 0 2 1 1
geno chr22.24018012 yri  1 0 1 1 0 0 0 1 0 1 0 1 0 1 1 1 1 0 2 1 1 1 2 0 0 1 1 1 0 1 0 0 0 0 2 2 0 0 0 1 0 0 0 1 2 0 1 1 0 1 0 0 0 1 0 1 0 0 1 1 0 0 0 0 1 0 1 1 0 0 1 2 0 0 0 1 1
geno chr22.24018015 ceu  2 2 1 1 0 1 1 2 1 0 0 1 1 1 2 1 0 2 0 1 0 1 1 1 2 2 2 1 2 1 1 2 0 0 2 2 1 1 0 1 0 1 1 2 1 1 1 0 1 2 1 1 0 0 0 1 0 0 0 2 0 2 1 2 1 1 1 1 2 1 1 0 0 2 1 0 1 2
geno chr22.24018015 fin  2 2 1 1 2 2 1 0 1 1 0 1 2 1 2 2 1 1 2 0 2 0 2 1 1 1 2 2 1 1 0 1 2 1 1 2 2 2 0 1 1 1 2 0 2 0 1 2 2 1 1 0 2 0 0 1 0 1 1 2 1 0 1 1 1 1 1 1 2 0 1 1 1 1 1 1 1 2 0 0 1 2 0 2 0 1 1 2 1
geno chr22.24018015 gbr  0 0 1 1 1 2 1 1 1 1 1 1 1 0 1 1 1 1 2 1 0 1 1 2 1 2 1 2 0 1 0 0 0 1 2 1 0 1 2 0 1 1 0 1 1 2 1 2 0 2 0 0 1 1 1 1 0 1 0 1 1 2 0 2 1 1 2 2 1 0 1 0 0 1 0 2 1 0 1 0 1 2 1 2
geno chr22.24018015 tsi  1 2 0 1 1 2 1 1 1 0 1 0 2 1 1 1 2 2 0 1 0 1 0 1 0 0 1 0 2 1 1 0 1 1 1 1 2 1 1 0 2 1 1 1 0 0 2 1 1 2 2 1 1 0 1 1 0 0 1 0 1 1 1 1 0 0 2 2 2 0 1 0 0 2 1 0 2 2 0 0 1 0 1 2 1 0 0 1 1 2 1 1
geno chr22.24018015 yri  1 0 1 1 0 0 0 1 0 1 0 1 0 1 1 1 1 0 2 1 1 1 2 0 0 1 1 1 0 0 0 0 0 0 2 2 1 0 0 1 0 0 0 1 2 0 1 1 0 1 0 0 0 1 0 1 0 0 1 1 0 0 0 0 1 1 1 1 0 0 1 2 0 0 0 1 1
geno chr22.24018850 ceu  0 0 0 1 1 1 1 0 1 2 2 1 1 0 0 1 0 0 0 0 1 1 0 1 0 0 0 0 0 0 0 0 1 1 0 0 1 0 1 0 1 0 0 0 1 0 0 1 1 0 1 1 1 2 1 0 1 0 1 0 1 0 0 0 0 1 0 1 0 1 0 0 0 0 0 0 1 0
geno chr22.24018850 fin  0 0 1 0 0 0 0 0 0 0 1 0 0 0 0 0 0 0 0 0 0 0 0 0 0 0 0 0 1 0 0 1 0 1 0 0 0 0 1 0 0 0 0 0 0 1 1 0 0 1 0 0 0 0 0 0 1 1 0 0 0 0 0 0 0 0 0 0 0 1 0 0 0 1 0 0 0 0 1 0 0 0 1 0 0 0 0 0 0
geno chr22.24018850 gbr  1 0 0 0 0 0 0 0 1 1 0 0 0 0 0 1 0 0 0 0 1 0 1 0 1 0 0 0 0 0 1 1 1 0 0 1 1 0 0 0 0 0 1 0 1 0 0 0 0 0 0 1 0 0 0 0 2 0 1 0 0 0 0 0 0 1 0 0 1 0 0 1 1 0 0 0 0 0 1 2 1 0 1 0
geno chr22.24018850 tsi  0 0 1 0 0 0 1 0 1 0 1 0 0 0 1 0 0 0 1 1 0 0 2 1 1 0 1 1 0 0 0 1 1 1 1 1 0 0 0 2 0 1 0 1 0 1 0 0 0 0 0 0 0 0 1 0 1 1 0 0 1 1 1 1 0 1 0 0 0 0 0 0 1 0 0 1 0 0 0 1 0 0 0 0 0 0 1 0 1 0 0 1
geno chr22.24018850 yri  0 2 0 0 0 1 0 0 0 0 1 0 0 0 0 0 0 1 0 0 1 0 0 0 0 0 0 0 0 0 0 0 0 0 0 0 0 0 0 0 0 0 0 0 0 1 0 0 0 0 0 0 0 0 0 0 0 0 0 0 0 0 1 0 0 0 0 0 0 0 0 0 0 0 0 1 0
geno chr22.24018875 ceu  2 2 1 1 0 1 1 2 1 0 0 1 1 1 2 1 1 2 0 1 0 1 1 1 2 2 2 1 2 1 1 2 1 0 2 2 1 1 0 1 0 1 1 2 1 1 1 0 1 2 1 1 0 0 1 1 0 0 0 2 1 2 1 2 1 1 1 1 2 1 1 0 0 2 1 0 1 2
geno chr22.24018875 fin  2 2 1 1 2 2 1 0 1 1 0 1 2 1 2 2 1 1 2 0 2 1 2 1 2 1 2 2 1 2 1 1 2 1 1 2 2 2 0 1 1 1 2 0 2 0 1 2 2 1 1 1 2 0 0 1 0 1 1 2 1 0 1 1 1 1 1 1 2 0 1 1 1 1 2 1 1 2 0 0 1 2 0 2 0 1 1 2 1
geno chr22.24018875 gbr  0 0 1 1 1 2 1 1 1 1 1 1 1 0 1 1 1 1 2 1 0 1 1 2 1 2 2 2 0 1 0 0 1 1 2 1 0 2 2 0 1 1 0 1 1 2 1 2 0 2 0 0 1 1 1 2 0 1 1 1 2 2 0 2 1 1 2 2 1 0 1 0 1 1 0 2 1 1 1 0 1 2 1 2
geno chr22.24018875 tsi  1 2 0 1 1 2 1 1 1 0 1 0 2 1 1 1 2 2 0 1 1 1 0 1 0 0 1 0 2 1 1 1 1 1 1 1 2 1 2 0 2 1 1 1 0 0 2 1 1 2 2 1 1 0 1 1 0 1 1 0 1 1 1 1 0 0 2 2 2 0 1 0 0 2 1 0 2 2 0 0 1 1 1 2 1 0 0 1 1 2 1 1
geno chr22.24018875 yri  1 0 1 1 0 0 0 1 0 1 0 1 0 1 1 1 1 0 2 1 1 1 2 0 0 1 1 1 0 1 1 0 0 1 2 2 1 1 0 1 0 0 0 1 2 0 1 1 1 1 0 0 0 1 0 1 0 0 1 1 0 0 0 0 1 1 1 1 1 0 1 2 0 0 0 1 2
geno chr22.24019162 ceu  2 2 1 2 1 2 2 2 2 2 2 2 2 1 2 2 1 2 0 1 1 2 1 2 2 2 2 1 2 1 1 2 2 1 2 2 2 1 1 1 1 1 1 2 2 1 1 1 2 2 2 2 1 2 2 1 1 0 1 2 2 2 1 2 1 2 1 2 2 2 1 0 0 2 1 0 2 2
geno chr22.24019162 fin  2 2 2 1 2 2 1 0 1 1 1 1 2 1 2 2 1 1 2 0 2 1 2 1 2 1 2 2 2 2 1 2 2 2 1 2 2 2 1 1 1 1 2 0 2 1 2 2 2 2 1 1 2 0 0 1 1 2 1 2 1 0 1 1 1 1 1 1 1 1 1 1 1 2 1 1 1 2 1 0 1 2 1 2 0 1 1 2 1
geno chr22.24019162 gbr  1 0 1 1 1 2 1 1 2 2 1 1 1 0 1 2 1 1 2 1 1 1 2 2 2 2 2 2 0 1 1 1 1 1 2 2 1 2 2 0 1 1 1 1 2 2 1 2 0 2 0 1 1 1 1 1 1 1 1 1 1 2 0 2 1 2 2 2 2 0 1 1 1 1 0 2 1 1 2 2 2 2 2 2
geno chr22.24019162 tsi  1 2 1 1 1 2 2 1 2 0 2 0 2 1 2 1 2 2 1 2 1 1 2 2 1 0 2 1 2 1 1 2 2 2 2 2 2 1 2 2 2 2 1 2 0 1 2 1 1 2 2 1 1 0 2 1 1 2 1 0 2 2 2 2 0 1 2 2 2 0 1 0 1 2 1 1 2 2 0 1 1 1 1 2 1 0 1 1 2 2 1 2
geno chr22.24019162 yri  2 2 2 1 2 2 1 1 1 2 0 2 1 2 2 1 1 1 2 2 2 2 2 2 1 2 1 2 1 1 2 0 2 1 2 2 2 2 2 2 2 2 1 2 2 2 1 2 1 2 1 1 0 1 1 1 2 0 1 1 1 2 1 2 2 2 0 1 1 2 2 2 2 1 1 2 2
geno chr22.24019373 ceu  0 0 0 0 0 0 0 0 0 0 0 0 0 0 0 0 0 0 0 0 0 0 0 0 0 0 0 0 0 0 0 0 0 0 0 0 0 0 0 0 0 0 0 0 0 0 0 0 0 0 0 0 0 0 0 0 0 0 0 0 0 0 0 0 0 0 0 0 0 0 0 0 0 0 0 0 0 0
geno chr22.24019373 fin  0 0 0 0 0 0 0 0 0 0 0 0 0 0 0 0 0 0 0 0 0 0 0 0 0 0 0 0 0 0 0 0 0 0 0 0 0 0 0 0 0 0 0 0 0 0 0 0 0 0 0 0 0 0 0 0 0 0 0 0 0 0 0 0 0 0 0 0 0 0 0 0 0 0 0 0 0 0 0 0 0 0 0 0 0 0 0 0 0
geno chr22.24019373 gbr  0 0 0 0 0 0 0 0 0 0 0 0 0 0 0 0 0 0 0 0 0 0 0 0 0 0 0 0 0 0 0 0 0 0 0 0 0 0 0 0 0 0 0 0 0 0 0 0 0 0 0 0 0 0 0 0 0 0 0 0 0 0 0 0 0 0 0 0 0 0 0 0 0 0 0 0 0 0 0 0 0 0 0 0
geno chr22.24019373 tsi  0 0 0 0 0 0 0 0 0 0 0 0 0 0 0 0 0 0 0 0 0 0 0 0 0 0 0 0 0 0 0 0 0 0 0 0 0 0 0 0 0 0 0 0 0 0 0 0 0 0 0 0 0 0 0 0 0 0 0 0 0 0 0 0 0 0 0 0 0 0 0 0 0 0 0 0 0 0 0 0 0 0 0 0 0 0 0 0 0 0 0 0
geno chr22.24019373 yri  1 0 1 0 2 1 1 0 1 1 0 1 1 1 1 0 0 0 0 1 0 1 0 2 1 1 0 1 1 0 1 0 2 0 0 0 1 1 2 1 2 2 1 1 0 1 0 1 0 1 1 1 0 0 1 0 2 0 0 0 1 2 1 2 1 1 0 0 0 2 1 0 2 1 1 0 0
geno chr22.24020575 ceu  2 2 1 1 0 1 1 2 1 0 0 1 1 1 2 1 1 2 0 1 0 1 1 1 2 2 2 1 2 1 1 2 1 0 2 2 1 1 0 1 0 1 1 2 1 1 1 0 1 2 1 1 0 0 1 1 0 0 0 2 1 2 1 2 1 1 1 1 2 1 1 0 0 2 1 0 1 2
geno chr22.24020575 fin  2 2 1 1 2 2 1 0 1 1 0 1 2 1 2 2 1 1 2 0 2 1 2 1 2 1 2 2 1 2 1 1 2 1 1 2 2 2 0 1 1 1 2 0 2 0 1 2 2 1 1 1 2 0 0 1 0 1 1 2 1 0 1 1 1 1 1 1 2 0 1 1 1 1 2 1 1 2 0 0 1 2 0 2 0 1 1 2 1
geno chr22.24020575 gbr  0 0 1 1 1 2 1 1 1 1 1 1 1 0 1 1 1 1 2 1 0 1 1 2 1 2 2 2 0 1 0 0 1 1 2 1 0 2 2 0 1 1 0 1 1 2 1 2 0 2 0 0 1 1 1 2 0 1 1 1 2 2 0 2 1 1 2 2 1 0 1 0 1 1 0 2 1 1 1 0 1 2 1 2
geno chr22.24020575 tsi  1 2 0 1 1 2 1 1 1 0 1 0 2 1 1 1 2 2 0 1 1 1 0 1 0 0 1 0 2 1 1 1 1 1 1 1 2 1 2 0 2 1 1 1 0 0 2 1 1 2 2 1 1 0 1 1 0 1 1 0 1 1 1 1 0 0 2 2 2 0 1 0 0 2 1 0 2 2 0 0 1 1 1 2 1 0 0 1 1 2 1 1
geno chr22.24020575 yri  1 0 1 1 0 0 0 1 0 1 0 1 0 1 1 1 1 0 2 1 1 1 2 0 0 1 1 1 0 1 1 0 0 1 2 2 1 1 0 1 0 0 0 1 2 0 1 1 1 1 0 0 0 1 0 1 0 0 1 1 0 0 0 0 1 1 1 1 1 0 1 2 0 0 0 1 2
geno chr22.24020834 ceu  0 0 0 0 0 0 0 0 0 0 0 0 0 0 0 0 0 0 0 0 0 0 0 0 0 0 0 0 0 0 0 0 0 0 0 0 0 0 0 0 0 0 0 0 0 0 0 0 0 0 0 0 0 0 0 0 0 0 0 0 0 0 0 0 0 0 0 0 0 0 0 0 0 0 0 0 0 0
geno chr22.24020834 fin  0 0 0 0 0 0 0 0 0 0 0 0 0 0 0 0 0 0 0 0 0 0 0 0 0 0 0 0 0 0 0 0 0 0 0 0 0 0 0 0 0 0 0 0 0 0 0 0 0 0 0 0 0 0 0 0 0 0 0 0 0 0 0 0 0 0 0 0 0 0 0 0 0 0 0 0 0 0 0 0 0 0 0 0 0 0 0 0 0
geno chr22.24020834 gbr  0 0 0 0 0 0 0 0 0 0 0 0 0 0 0 0 0 0 0 0 0 0 0 0 0 0 0 0 0 0 0 0 0 0 0 0 0 0 0 0 0 0 0 0 0 0 0 0 0 0 0 0 0 0 0 0 0 0 0 0 0 0 0 0 0 0 0 0 0 0 0 0 0 0 0 0 0 0 0 0 0 0 0 0
geno chr22.24020834 tsi  0 0 0 0 0 0 0 0 0 0 0 0 0 0 0 0 0 0 0 0 0 0 0 0 0 0 0 0 0 0 0 0 0 0 0 0 0 0 0 0 0 0 0 0 0 0 0 0 0 0 0 0 0 0 0 0 0 0 0 0 0 0 0 0 0 0 0 0 0 0 0 0 0 0 0 0 0 0 0 0 0 0 0 0 0 0 0 0 0 0 0 0
geno chr22.24020834 yri  1 0 1 0 2 1 1 0 1 1 0 1 1 1 1 0 0 0 0 1 0 1 0 2 1 1 0 1 1 0 1 0 2 0 0 0 1 1 2 1 2 2 1 1 0 1 0 1 0 1 1 1 0 0 1 0 2 0 0 0 1 2 1 2 1 1 0 0 0 2 1 0 2 1 1 0 0
geno chr22.24020846 ceu  2 2 1 2 1 2 2 2 2 2 2 2 2 1 2 2 1 2 0 1 1 2 1 2 2 2 2 1 2 1 1 2 2 1 2 2 2 1 1 1 1 1 1 2 2 1 1 1 2 2 2 2 1 2 2 1 1 0 1 2 2 2 1 2 1 2 1 2 2 2 1 0 0 2 1 0 2 2
geno chr22.24020846 fin  2 2 2 1 2 2 1 0 1 1 1 1 2 1 2 2 1 1 2 0 2 1 2 1 2 1 2 2 2 2 1 2 2 2 1 2 2 2 1 1 1 1 2 0 2 1 2 2 2 2 1 1 2 0 0 1 1 2 1 2 1 0 1 1 1 1 1 1 2 1 1 1 1 2 2 1 1 2 1 0 1 2 1 2 0 1 1 2 1
geno chr22.24020846 gbr  1 0 1 1 1 2 1 1 2 2 1 1 1 0 1 2 1 1 2 1 1 1 2 2 2 2 2 2 0 1 1 1 2 1 2 2 1 2 2 0 1 1 1 1 2 2 1 2 0 2 0 1 1 1 1 2 2 1 2 1 2 2 0 2 1 2 2 2 2 0 1 1 2 1 0 2 1 1 2 2 2 2 2 2
geno chr22.24020846 tsi  1 2 1 1 1 2 2 1 2 0 2 0 2 1 2 1 2 2 1 2 1 1 2 2 1 0 2 1 2 1 1 2 2 2 2 2 2 1 2 2 2 2 1 2 0 1 2 1 1 2 2 1 1 0 2 1 1 2 1 0 2 2 2 2 0 1 2 2 2 0 1 0 1 2 1 1 2 2 0 1 1 1 1 2 1 0 1 1 2 2 1 2
geno chr22.24020846 yri  2 2 2 1 2 2 1 1 1 2 1 2 1 2 2 1 1 1 2 2 2 2 2 2 1 2 1 2 1 1 2 0 2 1 2 2 2 2 2 2 2 2 1 2 2 2 1 2 1 2 1 1 0 1 1 1 2 0 1 1 1 2 2 2 2 2 1 1 1 2 2 2 2 1 1 2 2
geno chr22.24021060 ceu  0 0 0 1 1 1 1 0 1 2 2 1 1 0 0 1 0 0 0 0 1 1 0 1 0 0 0 0 0 0 0 0 1 1 0 0 1 0 1 0 1 0 0 0 1 0 0 1 1 0 1 1 1 2 1 0 1 0 1 0 1 0 0 0 1 1 0 1 0 1 0 0 0 0 0 0 1 0
geno chr22.24021060 fin  0 0 1 0 0 0 0 0 0 0 1 0 0 0 0 0 0 0 0 0 0 0 0 0 0 0 0 0 1 1 1 1 0 1 0 0 0 0 1 0 0 0 0 0 0 1 1 0 0 1 0 0 0 0 0 0 1 1 0 0 0 0 0 0 0 0 0 0 0 1 0 0 0 1 0 0 0 0 1 0 0 0 1 0 0 0 0 0 0
geno chr22.24021060 gbr  1 0 0 0 0 0 0 0 1 1 0 0 0 0 0 1 0 0 0 0 1 1 1 0 1 0 1 0 0 0 1 1 1 0 0 1 1 0 0 0 0 0 1 0 1 0 0 0 0 0 0 1 0 0 0 1 2 0 1 0 0 0 0 0 0 1 0 0 1 0 0 1 1 0 0 0 0 0 1 2 1 0 1 0
geno chr22.24021060 tsi  0 0 1 0 0 0 1 0 1 0 1 0 0 0 1 0 0 0 1 1 0 0 2 1 1 0 1 1 0 0 0 1 1 1 1 1 0 0 0 2 0 1 0 1 0 1 0 0 0 0 0 0 0 0 1 0 1 1 0 0 1 1 1 1 0 1 0 0 0 0 0 0 1 0 0 1 0 0 0 1 0 0 0 0 0 0 1 0 1 0 0 1
geno chr22.24021060 yri  0 0 0 0 0 1 0 0 0 0 1 0 0 0 0 0 0 1 0 0 0 0 0 0 0 0 0 0 0 0 0 0 0 0 0 0 0 0 0 0 0 0 0 0 0 1 0 0 0 0 0 0 0 0 0 0 0 0 0 0 0 0 1 0 0 0 0 0 0 0 0 0 0 0 0 1 0
geno chr22.24021353 ceu  0 0 0 0 0 0 0 0 0 0 0 0 0 0 0 0 0 0 0 0 0 0 0 0 0 0 0 0 0 0 0 0 0 0 0 0 0 0 0 0 0 0 0 0 0 0 0 0 0 0 0 0 0 0 0 0 0 0 0 0 0 0 0 0 0 0 0 0 0 0 0 0 0 0 0 0 0 0
geno chr22.24021353 fin  0 0 0 0 0 0 0 0 0 0 0 0 0 0 0 0 0 0 0 0 0 0 0 0 0 0 0 0 0 0 0 0 0 0 0 0 0 0 0 0 0 0 0 0 0 0 0 0 0 0 0 0 0 0 0 0 0 0 0 0 0 0 0 0 0 0 0 0 0 0 0 0 0 0 0 0 0 0 0 0 0 0 0 0 0 0 0 0 0
geno chr22.24021353 gbr  0 0 0 0 0 0 0 0 0 0 0 0 0 0 0 0 0 0 0 0 0 0 0 0 0 0 0 0 0 0 0 0 0 0 0 0 0 0 0 0 0 0 0 0 0 0 0 0 0 0 0 0 0 0 0 0 0 0 0 0 0 0 0 0 0 0 0 0 0 0 0 0 0 0 0 0 0 0 0 0 0 0 0 0
geno chr22.24021353 tsi  0 0 0 0 0 0 0 0 0 0 0 0 0 0 0 0 0 0 0 0 0 0 0 0 0 0 0 0 0 0 0 0 0 0 0 0 0 0 0 0 0 0 0 0 0 0 0 0 0 0 0 0 0 0 0 0 0 0 0 0 0 0 0 0 0 0 0 0 0 0 0 0 0 0 0 0 0 0 0 0 0 0 0 0 0 0 0 0 0 0 0 0
geno chr22.24021353 yri  1 0 1 0 2 1 1 0 1 1 0 1 1 1 1 0 0 0 0 1 0 1 0 2 1 1 0 1 1 0 1 0 2 0 0 0 1 1 2 1 2 2 1 1 0 1 0 1 0 1 1 1 0 0 1 0 2 0 0 0 1 2 1 2 1 1 0 0 0 2 1 0 1 1 1 0 0
geno chr22.24021407 ceu  2 2 1 1 0 1 1 2 1 0 0 1 1 1 2 1 1 2 0 1 0 1 1 1 2 2 2 1 2 1 1 2 1 0 2 2 1 1 0 1 0 1 1 2 1 1 1 0 1 2 1 1 0 0 1 1 0 0 0 2 1 2 1 2 1 1 1 1 2 1 1 0 0 2 1 0 1 2
geno chr22.24021407 fin  2 2 1 1 2 2 1 0 1 1 0 1 2 1 2 2 1 1 2 0 2 1 2 1 2 1 2 2 1 2 1 1 2 1 1 2 2 2 0 1 1 1 2 0 2 0 1 2 2 1 1 1 2 0 0 1 0 1 1 2 1 0 1 1 1 1 1 1 2 0 1 1 1 1 2 1 1 2 0 0 1 2 0 2 0 1 1 2 1
geno chr22.24021407 gbr  0 0 1 1 1 2 1 1 1 1 1 1 1 0 1 1 1 1 2 1 0 1 1 2 1 2 2 2 0 1 0 0 1 1 2 1 0 2 2 0 1 1 0 1 1 2 1 2 0 2 0 0 1 1 1 2 0 1 1 1 2 2 0 2 1 1 2 2 1 0 1 0 1 1 0 2 1 1 1 0 1 2 1 2
geno chr22.24021407 tsi  1 2 0 1 1 2 1 1 1 0 1 0 2 1 1 1 2 2 0 1 1 1 0 1 0 0 1 0 2 1 1 1 1 1 1 1 2 1 2 0 2 1 1 1 0 0 2 1 1 2 2 1 1 0 1 1 0 1 1 0 1 1 1 1 0 0 2 2 2 0 1 0 0 2 1 0 2 2 0 0 1 1 1 2 1 0 0 1 1 2 1 1
geno chr22.24021407 yri  1 0 1 1 0 0 0 1 0 1 0 1 0 1 1 1 2 0 2 1 1 1 1 0 0 1 0 1 0 1 1 0 0 1 1 2 1 1 0 1 0 0 0 1 2 0 1 0 1 0 0 0 0 1 0 1 0 0 1 1 0 0 0 0 1 1 1 1 1 0 1 1 0 0 0 1 2
geno chr22.24021462 ceu  0 0 0 1 1 1 1 0 1 2 2 1 1 0 0 1 0 0 0 0 1 1 0 1 0 0 0 0 0 0 0 0 1 1 0 0 1 0 1 0 1 0 0 0 1 0 0 1 1 0 1 1 1 2 1 0 1 0 1 0 1 0 0 0 0 1 0 1 0 1 0 0 0 0 0 0 1 0
geno chr22.24021462 fin  0 0 1 0 0 0 0 0 0 0 1 0 0 0 0 0 0 0 0 0 0 0 0 0 0 0 0 0 1 0 0 1 0 1 0 0 0 0 1 0 0 0 0 0 0 1 1 0 0 1 0 0 0 0 0 0 1 1 0 0 0 0 0 0 0 0 0 0 0 1 0 0 0 1 0 0 0 0 1 0 0 0 1 0 0 0 0 0 0
geno chr22.24021462 gbr  1 0 0 0 0 0 0 0 1 1 0 0 0 0 0 1 0 0 0 0 1 0 1 0 1 0 0 0 0 0 1 1 1 0 0 1 1 0 0 0 0 0 1 0 1 0 0 0 0 0 0 1 0 0 0 0 2 0 1 0 0 0 0 0 0 1 0 0 1 0 0 1 1 0 0 0 0 0 1 2 1 0 1 0
geno chr22.24021462 tsi  0 0 1 0 0 0 1 0 1 0 1 0 0 0 1 0 0 0 1 1 0 0 2 1 1 0 1 1 0 0 0 1 1 1 1 1 0 0 0 2 0 1 0 1 0 1 0 0 0 0 0 0 0 0 1 0 1 1 0 0 1 1 1 1 0 1 0 0 0 0 0 0 1 0 0 1 0 0 0 1 0 0 0 0 0 0 1 0 1 0 0 1
geno chr22.24021462 yri  0 2 0 0 0 1 0 0 0 0 1 0 0 0 0 0 0 1 0 0 1 0 0 0 0 0 0 0 0 0 0 0 0 0 0 0 0 0 0 0 0 0 0 0 0 1 0 0 0 0 0 0 0 0 0 0 0 0 0 0 0 0 1 0 0 0 0 0 0 0 0 0 0 0 0 1 0
geno chr22.24021489 ceu  2 2 1 1 0 1 1 2 1 0 0 1 1 1 2 1 1 2 0 1 0 1 1 1 2 2 2 1 2 1 1 2 1 0 2 2 1 1 0 1 0 1 1 2 1 1 1 0 1 2 1 1 0 0 1 1 0 0 0 2 1 2 1 2 1 1 1 1 2 1 1 0 0 2 1 0 1 2
geno chr22.24021489 fin  2 2 1 1 2 2 1 0 1 1 0 1 2 1 2 2 1 1 2 0 2 1 2 1 2 1 2 2 1 2 1 1 2 1 1 2 2 2 0 1 1 1 2 0 2 0 1 2 2 1 1 1 2 0 0 1 0 1 1 2 1 0 1 1 1 1 1 1 2 0 1 1 1 1 2 1 1 2 0 0 1 2 0 2 0 1 1 2 1
geno chr22.24021489 gbr  0 0 1 1 1 2 1 1 1 1 1 1 1 0 1 1 1 1 2 1 0 1 1 2 1 2 2 2 0 1 0 0 1 1 2 1 0 2 2 0 1 1 0 1 1 2 1 2 0 2 0 0 1 1 1 2 0 1 1 1 2 2 0 2 1 1 2 2 1 0 1 0 1 1 0 2 1 1 1 0 1 2 1 2
geno chr22.24021489 tsi  1 2 0 1 1 2 1 1 1 0 1 0 2 1 1 1 2 2 0 1 1 1 0 1 0 0 1 0 2 1 1 1 1 1 1 1 2 1 2 0 2 1 1 1 0 0 2 1 1 2 2 1 1 0 1 1 0 1 1 0 1 1 1 1 0 0 2 2 2 0 1 0 0 2 1 0 2 2 0 0 1 1 1 2 1 0 0 1 1 2 1 1
geno chr22.24021489 yri  1 0 1 1 0 0 0 1 0 1 0 1 0 1 1 1 2 0 2 1 1 1 2 0 0 1 1 1 0 1 1 0 0 1 2 2 1 1 0 1 0 0 0 1 2 0 1 1 1 1 0 0 0 1 0 1 0 0 1 1 0 0 0 0 1 1 1 1 1 0 1 2 0 0 0 1 2
geno chr22.24021525 ceu  2 2 1 1 0 1 1 2 1 0 0 1 1 1 2 1 1 2 0 1 0 1 1 1 2 2 2 1 2 1 1 2 1 0 2 2 1 1 0 1 0 1 1 2 1 1 1 0 1 2 1 1 0 0 1 1 0 0 0 2 1 2 1 2 1 1 1 1 2 1 1 0 0 2 1 0 1 2
geno chr22.24021525 fin  2 2 1 1 2 2 1 0 1 1 0 1 2 1 2 2 1 1 2 0 2 1 2 1 2 1 2 2 1 2 1 1 2 1 1 2 2 2 0 1 1 1 2 0 2 0 1 2 2 1 1 1 2 0 0 1 0 1 1 2 1 0 1 1 1 1 1 1 2 0 1 1 1 1 2 1 1 2 0 0 1 2 0 2 0 1 1 2 1
geno chr22.24021525 gbr  0 0 1 1 1 2 1 1 1 1 1 1 1 0 1 1 1 1 2 1 0 1 1 2 1 2 2 2 0 1 0 0 1 1 2 1 0 2 2 0 1 1 0 1 1 2 1 2 0 2 0 0 1 1 1 2 0 1 1 1 2 2 0 2 1 1 2 2 1 0 1 0 1 1 0 2 1 1 1 0 1 2 1 2
geno chr22.24021525 tsi  1 2 0 1 1 2 1 1 1 0 1 0 2 1 1 1 2 2 0 1 1 1 0 1 0 0 1 0 2 1 1 1 1 1 1 1 2 1 2 0 2 1 1 1 0 0 2 1 1 2 2 1 1 0 1 1 0 1 1 0 1 1 1 1 0 0 2 2 2 0 1 0 0 2 1 0 2 2 0 0 1 1 1 2 1 0 0 1 1 2 1 1
geno chr22.24021525 yri  1 0 1 1 0 0 0 1 0 1 0 1 0 1 1 1 2 0 2 1 1 1 2 0 0 1 1 1 0 1 1 0 0 1 2 2 1 1 0 1 0 0 0 1 2 0 1 1 1 1 0 0 0 1 0 1 0 0 1 1 0 0 0 0 1 1 1 1 1 0 1 2 0 0 0 1 2
geno chr22.24021832 ceu  2 2 1 1 0 1 1 2 1 0 0 1 1 1 2 1 1 2 0 1 0 1 1 1 2 2 2 1 2 1 1 2 1 0 2 2 1 1 0 1 0 1 1 2 1 1 1 0 1 2 1 1 0 0 1 1 0 0 0 2 1 2 1 2 1 1 1 1 2 1 1 0 0 2 1 0 1 2
geno chr22.24021832 fin  2 2 1 1 2 2 1 0 1 1 0 1 2 1 2 2 1 1 2 0 2 1 2 1 2 1 2 2 1 2 1 1 2 1 1 2 2 2 0 1 1 1 2 0 2 0 1 2 2 1 1 1 2 0 0 1 0 1 1 2 1 0 1 1 1 1 1 1 2 0 1 1 1 1 2 1 1 2 0 0 1 2 0 2 0 1 1 2 1
geno chr22.24021832 gbr  0 0 1 1 1 2 1 1 1 1 1 1 1 0 1 1 1 1 2 1 0 1 1 2 1 2 2 2 0 1 0 0 1 1 2 1 0 2 2 0 1 1 0 1 1 2 1 2 0 2 0 0 1 1 1 2 0 1 1 1 2 2 0 2 1 1 2 2 1 0 1 0 1 1 0 2 1 1 1 0 1 2 1 2
geno chr22.24021832 tsi  1 2 0 1 1 2 1 1 1 0 1 0 2 1 1 1 2 2 0 1 1 1 0 1 0 0 1 0 2 1 1 1 1 1 1 1 2 1 2 0 2 1 1 1 0 0 2 1 1 2 2 1 1 0 1 1 0 1 1 0 1 1 1 1 0 0 2 2 2 0 1 0 0 2 1 0 2 2 0 0 1 1 1 2 1 0 0 1 1 2 1 1
geno chr22.24021832 yri  1 0 1 1 0 0 0 1 0 1 0 1 0 1 1 1 2 0 2 1 1 1 2 0 0 1 1 1 0 1 1 0 0 1 2 2 1 1 0 1 0 0 0 1 2 0 1 1 1 1 0 0 0 1 0 1 0 0 1 1 0 0 0 0 1 1 1 1 1 0 1 2 0 0 0 1 2
