pheno ENSG00000060982 ceu 0.6058832 0.9450163 2.954078 1.54356 0.6060405 1.691012 -1.511304 2.04407 2.338266 0.3102904 -0.4203518 1.684082 2.570675 0.9591866 1.102798 0.99711 -0.5413863 3.894606 -0.1415099 1.887061 1.179479 2.608238 0.6715128 0.09708171 1.918104 1.034633 1.179504 1.058902 1.116593 2.067079 0.1687759 1.260636 1.167093 0.7499285 0.9007856 1.155295 0.01432372 0.979509 1.412228 1.648661 0.766892 0.590341 1.704003 1.483176 2.221876 -0.4686012 0.5556417 -0.5237325 0.3064283 1.050443 -0.1300898 2.124278 3.282507 1.745227 1.86942 0.4626741 0.04292275 1.1807 0.7845247 2.477423 2.023326 1.043027 1.130202 0.7813395 1.059579 1.070021 1.558057 -0.7906483 0.8820474 1.442305 1.820569 0.8870119 1.625431 3.727732 0.9983737 3.282062 1.038569 -0.1045581
pheno ENSG00000060982 fin 1.431314 -0.06363775 1.402691 0.09449444 1.183123 -0.08335679 1.374501 -1.229134 -0.1972959 0.3348989 1.7516 1.140506 -1.013495 1.106201 1.677135 -1.479776 -0.9279468 2.335613 1.307824 -0.1106704 -0.3491807 2.783617 1.909765 2.226276 0.4009251 0.7952018 0.7369712 0.3981034 0.05118924 -0.185436 2.78256 -1.097829 1.16086 0.7350769 1.119769 0.8447923 -0.9588325 0.9816477 0.2733434 0.3780859 0.5450315 1.470466 0.8346972 -0.1662547 0.8643475 0.6339687 -1.147511 2.14184 0.2725837 2.346391 1.29137 0.2828204 1.810093 -0.2095396 0.6587767 -0.974177 1.767465 3.468029 1.446348 0.3288481 -0.7605516 -0.1705587 0.4662653 0.7726837 2.551046 2.257533 0.5140181 0.02592608 -0.05089217 0.4282635 0.6871342 0.9956913 -1.400175 0.9572956 2.330119 -0.8710037 -0.737963 2.093349 0.7934517 1.180546 -0.03024678 -0.5369582 1.181057 1.024395 1.740884 1.229 -0.8379729 -1.288205 1.571056
pheno ENSG00000060982 gbr 0.2240018 -2.569103 -0.2736189 0.6908957 1.850168 1.165745 1.20273 -0.3931042 -1.036201 0.8024889 -1.206066 0.3385333 1.268445 -0.9996034 -0.2383575 0.1378199 0.7977037 -0.6351545 0.453802 0.2420028 0.7551152 0.6285311 -0.5472772 -0.2809871 1.319643 1.342268 0.5994476 0.3316738 -0.629 -0.5946868 -0.6130896 -0.7740373 1.231334 -0.4208729 0.4407586 1.760622 0.4581826 -1.059031 0.3520835 -1.926198 -0.01439711 -2.503474 -1.057881 0.360899 -0.5778849 0.9787699 -0.02804016 1.260935 -0.4624501 -0.7691043 1.132639 0.9144371 1.093525 -1.49426 -1.458347 2.271859 -0.9942784 0.4742364 -0.2064549 0.2901212 1.293397 -0.3342317 1.240406 0.1987326 0.8599465 1.522047 -2.042565 -1.638644 0.9905076 0.5349687 -1.020945 0.7526228 -0.260027 -1.763744 0.3764897 0.08457828 0.1334849 1.191057 -0.7921359 -1.114905 1.309101 0.8424861 0.0902396 -2.271264
pheno ENSG00000060982 tsi -0.1863549 -1.449602 0.745718 -0.3211736 -0.4222154 0.1592608 -0.08002181 1.327503 -0.0551119 1.039557 0.305288 1.819384 0.2336263 -0.5152496 -1.342182 1.94099 0.1229729 -0.5317057 0.3614073 0.8990706 0.09072801 0.4555254 -0.296388 1.376956 -0.1482001 1.066387 -0.6066456 1.24553 1.345282 3.004598 1.208036 -1.52935 1.541616 0.6898091 -0.620844 1.645083 2.018626 0.2931902 0.5419974 1.68322 0.1816349 0.3039248 1.997267 -0.6250772 1.214457 -0.8478325 -0.7279553 0.8895999 -0.09570806 -0.3354992 0.7736866 1.605844 1.200322 1.288616 0.6260736 2.030529 1.387804 0.5241754 0.8402423 0.2918364 1.222116 -0.6093623 -0.4744956 2.350149 0.4681833 0.6934044 1.639064 1.391401 0.8449449 0.5252138 1.849722 0.8035435 0.1069594 1.494017 -0.594751 2.049447 -0.8834145 1.757524 0.8207602 0.3186735 0.6979754 0.9772404 2.138795 1.009777 -0.7270469 0.09371398 0.1481992 1.693787 -0.1378587 -0.251609 1.171837 -1.308339
pheno ENSG00000060982 yri -0.8238255 -0.6077222 -0.4762975 0.9582329 -0.3412041 -0.5213898 0.8208857 -0.6710608 1.558404 -1.681689 -1.789442 -0.5395527 0.2934482 -0.3353288 -1.002322 -1.808303 -0.4203152 -0.3500855 1.456081 -1.027291 -1.121079 0.8534025 -0.4169789 -0.6176925 1.738038 0.4021055 0.4936676 0.7779518 -1.189156 -0.5188432 -0.7799517 0.7012099 0.211451 0.2202823 -0.7010137 -2.186153 0.04426966 -0.7141573 -1.014441 -0.3287518 -0.7221289 1.790469 0.07676745 0.8344118 -0.9156471 -1.346018 0.6396707 -0.9980847 0.1785958 -0.3573802 0.739008 -2.011705 0.07009339 -0.917141 0.4772139 -0.6272175 -1.200947 -2.447969 -0.05127395 1.275044 1.315945 -0.9941975 1.093966 -0.793929 1.15599 -0.5452821 0.1336511 -0.4332446 0.6524072 -1.379941 -0.1892446 -0.1748378 -0.8152601 -1.371033 -1.441162 -0.7581553 -1.010277
geno chr12.25003122 ceu  0 1 0 1 0 0 0 0 0 0 0 0 0 0 1 0 1 0 0 0 0 0 0 0 0 0 0 0 0 0 0 0 0 2 0 0 0 0 0 1 0 0 0 0 0 0 0 0 0 0 0 0 0 0 0 0 0 0 0 0 0 1 0 0 0 0 0 0 0 0 0 0 1 0 0 0 0 0
geno chr12.25003122 fin  0 0 0 0 0 0 0 0 0 0 0 0 0 0 0 1 0 0 0 0 0 0 0 1 0 1 0 1 0 0 1 0 0 0 0 0 0 0 0 0 0 0 0 0 1 0 0 0 0 0 0 0 0 0 0 0 0 0 0 0 0 0 0 0 0 0 0 0 0 0 0 0 0 0 0 0 0 0 0 0 0 0 0 0 0 0 0 0 0
geno chr12.25003122 gbr  0 0 0 0 0 0 0 0 0 0 0 0 0 0 0 0 0 0 0 0 0 0 0 1 0 0 0 0 0 0 0 0 0 0 0 0 0 0 0 0 1 0 0 0 0 0 0 0 0 1 0 0 0 0 0 0 0 0 0 1 0 0 0 0 0 0 0 1 0 0 0 0 0 0 0 0 0 0 0 0 1 0 0 0
geno chr12.25003122 tsi  1 1 0 0 0 0 0 1 0 0 0 0 0 0 1 0 0 0 0 0 0 0 0 0 1 0 0 0 0 0 0 0 1 1 0 1 0 0 0 0 0 0 0 0 0 0 0 0 0 0 0 0 0 0 1 0 0 0 0 0 0 0 1 0 0 0 0 0 0 0 0 0 1 0 0 0 0 0 0 0 0 0 0 0 0 1 0 0 0 0 0 0
geno chr12.25003122 yri  0 0 0 0 0 0 0 0 0 0 0 0 0 0 0 0 0 0 0 0 0 0 0 0 0 0 0 0 0 0 0 0 0 0 0 0 0 0 0 0 0 0 0 0 0 0 0 0 0 0 0 0 0 0 0 0 0 0 0 0 0 0 0 0 0 0 0 0 0 0 0 0 0 0 0 0 0
geno chr12.25003770 ceu  0 0 1 0 1 2 0 1 0 1 1 0 0 1 1 1 1 1 0 0 1 0 1 0 2 1 0 0 0 0 1 1 0 0 1 1 0 0 1 0 0 0 0 0 0 0 1 0 1 0 0 1 0 1 2 1 0 0 0 0 1 0 0 0 0 0 2 0 0 1 0 0 1 0 1 0 0 1
geno chr12.25003770 fin  1 1 0 1 2 0 0 1 0 0 1 1 0 0 0 0 0 0 0 1 0 0 0 0 0 0 1 0 1 0 0 1 1 0 0 0 0 1 1 0 1 0 0 0 0 1 1 0 1 0 0 0 1 0 1 0 1 1 0 0 2 1 0 0 1 1 1 0 0 1 1 0 1 0 0 1 0 1 0 0 0 1 0 1 0 1 1 1 1
geno chr12.25003770 gbr  0 0 1 0 0 1 0 0 0 1 0 0 0 0 0 0 0 0 0 0 1 0 0 1 0 0 1 0 0 0 0 1 1 0 1 2 0 0 1 0 0 0 0 0 1 0 0 0 1 1 1 1 1 0 1 0 1 1 0 0 1 0 0 2 1 0 0 1 1 0 0 1 0 2 0 1 1 0 0 1 0 1 1 0
geno chr12.25003770 tsi  0 1 0 1 1 0 0 0 0 1 1 0 1 1 0 1 0 0 0 1 0 1 1 1 0 0 2 1 0 0 0 0 0 0 1 0 0 1 0 0 1 1 1 0 1 0 1 2 1 1 1 1 0 0 1 1 0 0 0 0 0 1 0 0 1 2 0 0 0 2 0 0 0 0 1 0 0 2 0 1 0 1 1 1 0 0 0 1 1 1 0 1
geno chr12.25003770 yri  0 0 0 1 1 0 0 0 0 0 1 0 0 1 0 0 0 2 1 1 1 0 0 0 0 0 0 0 0 2 1 0 0 0 1 0 0 0 1 2 0 2 0 1 0 1 0 1 0 0 1 1 1 1 0 2 0 1 0 0 2 0 0 0 1 0 0 0 1 0 0 0 2 0 0 1 0
geno chr12.25004078 ceu  2 2 2 2 2 2 2 2 2 2 2 2 2 2 2 2 2 2 2 2 2 2 2 2 2 2 2 2 2 2 2 2 2 2 2 2 2 2 2 2 2 2 2 2 2 2 2 2 1 2 2 2 2 2 2 2 2 2 2 2 2 2 2 2 2 2 2 2 2 2 2 2 2 2 2 2 2 2
geno chr12.25004078 fin  2 2 2 2 2 2 2 2 2 2 2 2 2 2 2 2 2 2 2 2 2 2 2 2 2 2 2 2 2 2 2 2 2 2 2 2 2 2 2 2 2 2 2 2 2 2 2 2 2 2 2 2 2 2 2 2 2 2 2 2 2 2 2 2 1 2 2 2 2 1 2 2 2 2 2 2 2 2 2 2 2 2 2 2 2 2 2 2 2
geno chr12.25004078 gbr  2 2 2 2 2 2 2 2 2 2 2 2 2 2 2 2 2 2 2 2 2 2 2 2 2 2 1 2 2 2 2 1 1 2 2 2 2 2 2 2 2 2 2 2 2 2 2 2 2 2 2 2 2 2 2 2 2 2 2 2 2 2 2 2 1 2 2 2 2 2 2 2 2 2 2 2 1 2 2 2 2 2 2 2
geno chr12.25004078 tsi  2 2 2 2 2 2 2 2 2 2 1 2 2 2 2 2 2 2 2 2 2 2 2 2 2 2 2 2 2 2 2 2 2 2 2 2 2 2 2 2 2 2 2 2 2 2 2 2 2 2 2 2 2 2 2 2 2 2 2 2 2 2 2 2 2 2 2 2 2 2 2 2 2 2 2 2 2 2 2 2 2 2 2 2 2 2 2 2 2 2 2 2
geno chr12.25004078 yri  2 2 1 1 2 2 2 1 2 1 2 1 1 1 1 2 2 2 2 1 2 2 0 2 2 2 2 0 1 2 1 1 2 2 2 1 2 2 1 2 2 2 2 0 2 2 1 2 2 2 2 2 1 1 1 1 2 1 2 2 2 2 1 1 2 2 1 2 2 2 2 2 2 2 1 1 2
geno chr12.25004079 ceu  2 2 2 2 2 2 2 2 2 2 2 2 2 2 2 2 2 2 2 2 2 2 2 2 2 2 2 2 2 2 2 2 2 2 2 2 2 2 2 2 2 2 2 2 2 2 2 2 2 2 2 2 2 2 2 2 2 2 2 2 2 2 2 2 2 2 2 2 2 2 2 2 2 2 2 2 2 2
geno chr12.25004079 fin  2 2 2 2 2 2 2 2 2 2 2 2 2 2 2 2 2 2 2 2 2 2 2 2 2 2 2 2 2 2 2 2 2 2 2 2 2 2 2 2 2 2 2 2 2 2 2 2 2 2 2 2 2 2 2 2 2 2 2 2 2 2 2 2 1 2 1 2 1 1 2 1 2 2 2 2 2 2 2 2 2 2 1 2 2 2 2 2 2
geno chr12.25004079 gbr  2 2 2 2 2 2 1 2 2 2 1 2 2 2 2 2 2 2 2 2 2 2 2 2 2 2 2 2 2 2 2 1 1 2 2 2 2 2 2 2 2 2 2 2 2 2 2 2 2 2 2 2 2 2 2 2 1 2 2 2 1 2 2 2 2 2 2 2 2 2 2 2 2 2 2 2 1 2 2 2 2 2 2 2
geno chr12.25004079 tsi  2 2 2 2 2 2 2 2 2 2 1 2 2 2 2 2 2 2 2 2 2 2 2 2 2 2 2 2 2 2 2 2 2 2 2 2 2 2 2 2 2 2 2 2 2 2 2 2 2 2 2 2 1 2 2 2 2 2 2 2 2 2 2 2 2 2 2 2 2 2 2 2 2 2 2 2 2 2 2 2 2 2 2 2 2 2 2 2 2 2 2 2
geno chr12.25004079 yri  2 2 1 1 2 2 2 1 2 1 2 1 1 1 1 2 2 2 2 1 2 2 0 2 2 2 2 0 1 2 1 1 2 2 2 1 2 2 2 2 2 2 1 1 2 2 1 2 2 2 2 2 1 1 1 1 1 2 2 2 2 2 1 1 2 2 1 2 1 2 2 2 2 2 1 1 2
geno chr12.25004093 ceu  0 0 0 0 0 0 0 0 0 0 0 0 0 1 0 0 0 0 1 0 0 0 0 0 0 1 0 0 0 1 1 1 1 0 0 1 0 0 1 0 0 0 0 0 1 1 0 0 0 0 0 0 0 0 0 0 1 0 1 0 0 0 0 0 1 1 0 0 0 0 0 1 0 0 0 0 0 0
geno chr12.25004093 fin  0 0 0 0 0 0 0 0 0 0 0 0 0 0 0 0 0 0 0 0 0 0 0 0 0 0 0 0 0 0 0 0 0 0 1 0 0 0 1 0 0 1 0 0 0 0 1 0 0 0 0 0 0 0 0 0 0 1 0 1 0 0 1 1 0 0 1 0 0 0 0 0 0 1 0 0 1 1 0 0 1 0 0 0 0 0 0 0 0
geno chr12.25004093 gbr  0 0 0 0 0 0 1 0 0 1 1 0 0 0 0 0 0 0 0 0 0 0 0 0 0 0 0 0 0 0 0 0 0 0 0 0 0 0 0 0 0 0 0 0 0 1 1 1 0 0 1 0 0 1 0 1 1 0 0 0 0 1 0 0 0 0 0 0 0 0 0 0 0 0 0 0 1 0 0 1 0 0 0 0
geno chr12.25004093 tsi  1 0 1 1 1 0 0 0 0 0 1 0 0 0 0 0 0 0 0 0 0 0 0 0 0 0 0 0 0 0 0 0 0 0 0 1 0 1 0 0 0 0 0 0 0 0 0 0 0 0 0 1 0 1 0 0 1 0 0 1 0 1 0 0 0 0 1 0 0 0 1 0 0 0 0 0 0 0 0 0 0 0 1 1 0 0 0 1 1 1 1 0
geno chr12.25004093 yri  0 0 0 0 0 0 0 0 0 0 0 0 0 0 0 0 0 0 0 0 0 0 0 0 0 0 0 0 0 0 0 0 0 1 0 0 0 0 0 0 0 0 0 0 0 0 0 0 0 0 0 0 0 0 0 0 0 0 0 0 0 0 0 0 0 0 0 0 0 0 0 1 0 0 0 0 0
geno chr12.25004114 ceu  0 0 1 1 0 0 0 1 1 0 0 0 0 0 0 1 0 0 0 1 0 1 1 0 0 0 2 1 1 0 0 0 1 0 1 0 1 1 0 0 0 1 0 1 0 0 0 0 1 1 1 0 1 0 0 1 1 1 0 1 0 0 0 1 0 0 0 0 0 1 1 0 0 0 0 1 2 0
geno chr12.25004114 fin  1 0 1 1 0 0 2 0 0 1 0 1 0 0 0 0 1 0 1 1 0 1 0 0 0 0 0 0 0 1 1 0 0 1 0 2 0 0 0 0 1 0 0 0 0 0 0 1 1 0 0 1 0 0 0 0 0 0 0 1 0 1 0 1 1 0 0 1 0 1 0 0 1 1 0 0 0 0 0 0 1 0 2 0 1 1 0 0 0
geno chr12.25004114 gbr  0 0 0 1 0 0 0 1 1 0 1 0 1 0 1 0 0 0 1 1 0 1 2 0 0 0 0 0 0 0 1 0 0 0 1 0 0 0 0 1 0 1 1 1 0 1 0 1 1 0 0 0 1 0 0 0 0 1 0 0 1 0 1 0 0 0 0 0 0 2 0 0 1 0 1 1 0 2 0 0 1 0 0 1
geno chr12.25004114 tsi  0 0 0 0 0 0 0 0 0 1 0 0 0 0 0 0 1 0 2 0 1 0 0 0 0 1 0 1 1 0 1 1 1 1 0 0 0 0 1 1 1 0 0 0 0 2 1 0 0 0 0 0 0 0 0 1 1 0 0 1 0 0 0 1 0 0 1 1 0 0 0 1 0 0 0 0 1 0 1 1 2 0 0 0 1 0 0 0 0 0 0 1
geno chr12.25004114 yri  0 0 0 0 1 0 0 0 0 0 0 0 0 0 0 0 0 0 0 0 0 0 0 0 0 0 1 0 1 0 0 0 0 0 1 0 0 0 0 0 0 0 0 0 0 0 0 0 0 0 0 0 0 0 0 0 0 0 0 0 0 0 1 0 0 0 0 0 0 0 0 0 0 0 0 0 0
geno chr12.25004165 ceu  0 0 1 1 0 0 0 1 1 0 0 0 0 0 0 1 0 0 0 1 0 1 1 0 0 0 2 1 1 0 0 0 1 0 1 0 1 1 0 0 0 1 0 1 0 0 0 0 1 1 1 0 1 0 0 1 1 1 0 1 0 0 0 1 0 0 0 0 0 1 1 0 0 0 0 1 2 0
geno chr12.25004165 fin  1 0 1 1 0 0 2 0 0 1 0 1 0 0 0 0 1 0 1 1 0 1 0 0 0 0 0 0 0 1 1 0 0 1 0 2 0 0 0 0 1 0 0 0 0 0 0 1 1 0 0 1 0 0 0 0 0 0 0 1 0 1 0 1 1 0 0 1 0 1 0 0 1 1 0 0 0 0 0 0 1 0 2 0 1 1 0 0 0
geno chr12.25004165 gbr  0 0 0 1 0 0 0 1 1 0 1 0 1 0 1 0 0 0 1 1 0 1 2 0 0 0 0 0 0 0 1 0 0 0 1 0 0 0 0 1 0 1 1 1 0 1 0 1 1 0 0 0 1 0 0 0 0 1 0 0 1 0 1 0 0 0 0 0 0 2 0 0 1 0 1 1 0 2 0 0 1 0 0 1
geno chr12.25004165 tsi  0 0 0 0 0 0 0 0 0 1 0 0 0 0 0 0 1 0 2 0 1 0 0 0 0 1 0 1 1 0 1 1 1 1 0 0 0 0 1 1 1 0 0 0 0 2 1 0 0 0 0 0 0 0 0 1 1 0 0 1 0 0 0 1 0 0 1 1 0 0 0 1 0 0 0 0 1 0 1 1 2 0 0 0 1 0 0 0 0 0 0 1
geno chr12.25004165 yri  0 0 0 0 1 0 0 0 0 0 0 0 0 0 0 0 0 0 0 0 0 0 0 0 0 0 1 0 1 0 0 0 0 0 1 0 0 0 0 0 0 0 0 0 0 0 0 0 0 0 0 0 0 0 0 0 0 0 0 0 0 0 1 0 0 0 0 0 0 0 0 0 0 0 0 0 0
geno chr12.25004612 ceu  2 2 2 2 2 2 2 2 2 2 2 2 2 2 2 2 2 2 2 2 2 2 2 2 2 2 2 2 2 2 2 2 2 2 2 2 2 2 2 2 2 2 2 2 2 2 2 2 2 2 2 2 2 2 2 2 2 2 2 2 2 2 2 2 2 2 2 2 2 2 2 2 2 2 2 2 2 2
geno chr12.25004612 fin  2 2 2 2 2 2 2 2 2 2 2 2 2 2 2 2 2 2 2 2 2 2 2 2 2 2 2 2 2 2 2 2 2 2 2 2 2 2 2 2 2 2 2 2 2 2 2 2 2 2 2 2 2 2 2 2 2 2 2 2 2 2 2 2 2 2 2 2 2 2 2 2 2 2 2 2 2 2 2 2 2 2 2 2 2 2 2 2 2
geno chr12.25004612 gbr  2 2 2 2 2 2 2 2 2 2 2 2 2 2 2 2 2 2 2 2 2 2 2 2 2 2 2 2 2 2 2 2 2 2 2 2 2 2 2 2 2 2 2 2 2 2 2 2 2 2 2 2 2 2 2 2 2 2 2 2 2 2 2 2 2 2 2 2 2 2 2 2 2 2 2 2 2 2 2 2 2 2 2 2
geno chr12.25004612 tsi  2 2 2 2 2 2 2 2 2 2 2 2 2 2 2 2 2 2 2 2 2 2 2 2 2 2 2 2 2 2 2 2 2 2 2 2 2 2 2 2 2 2 2 2 2 2 2 2 2 2 2 2 2 2 2 2 2 2 2 2 2 2 2 2 2 2 2 2 2 2 2 2 2 2 2 2 2 2 2 2 2 2 2 2 2 2 2 2 2 2 2 2
geno chr12.25004612 yri  2 2 1 1 2 2 2 1 2 1 2 1 1 1 1 2 2 2 2 1 2 2 0 2 2 2 2 0 1 2 1 1 2 2 2 1 2 2 2 2 2 2 2 1 2 2 1 2 2 2 2 2 2 1 1 2 2 2 2 2 2 2 1 1 2 2 1 2 2 2 2 2 2 2 1 1 2
geno chr12.25004661 ceu  0 0 1 1 0 0 0 1 1 0 0 0 0 0 0 1 0 0 0 1 0 1 1 0 0 0 2 1 1 0 0 0 1 0 1 0 1 1 0 0 0 1 0 1 0 0 0 0 1 1 1 0 1 0 0 1 1 1 0 1 0 0 0 1 0 0 0 0 0 1 1 0 0 0 0 1 2 0
geno chr12.25004661 fin  1 0 1 1 0 0 2 0 0 1 0 1 0 0 0 0 1 0 1 1 0 1 0 0 0 0 0 0 0 1 1 0 0 1 0 2 0 0 0 0 1 0 0 0 0 0 0 1 1 0 0 1 0 0 0 0 0 0 0 1 0 1 0 1 1 0 0 1 0 1 0 0 1 1 0 0 0 0 0 0 1 0 2 0 1 1 0 0 0
geno chr12.25004661 gbr  0 0 0 1 0 0 0 1 1 0 1 0 1 0 1 0 0 0 1 1 0 1 2 0 0 0 0 0 0 0 1 0 0 0 1 0 0 0 0 1 0 1 1 1 0 1 0 1 1 0 0 0 1 0 0 0 0 1 0 0 1 0 1 0 0 0 0 0 0 2 0 0 1 0 1 1 0 2 0 0 1 0 0 1
geno chr12.25004661 tsi  0 0 0 0 0 0 0 0 0 1 0 0 0 0 0 0 1 0 2 0 1 0 0 0 0 1 0 1 1 0 1 1 1 1 0 0 0 0 1 1 1 0 0 0 0 2 1 0 0 0 0 0 0 0 0 1 1 0 0 1 0 0 0 1 0 0 1 1 0 0 0 1 0 0 0 0 1 0 1 1 2 0 0 0 1 0 0 0 0 0 0 1
geno chr12.25004661 yri  0 0 0 0 1 0 0 0 0 0 0 0 0 0 0 0 0 0 0 0 0 0 0 0 0 0 1 0 1 0 0 0 0 0 1 0 0 0 0 0 0 0 1 0 0 0 0 0 0 0 0 0 0 0 0 0 1 0 0 0 0 0 1 0 0 0 0 0 0 0 0 0 0 0 0 0 0
geno chr12.25004731 ceu  0 0 1 0 1 2 0 1 0 1 1 0 0 1 1 1 1 1 0 0 1 0 1 0 2 1 0 0 0 0 1 1 0 0 1 1 0 0 1 0 0 0 0 0 0 0 1 0 1 0 0 1 0 1 2 1 0 0 0 0 1 0 0 0 0 0 2 0 0 1 0 0 1 0 1 0 0 1
geno chr12.25004731 fin  1 1 0 1 2 0 0 1 0 0 1 1 0 0 0 0 0 0 0 1 0 0 0 0 0 0 1 0 1 0 0 1 1 0 0 0 0 1 1 0 1 0 0 0 0 1 1 0 1 0 0 0 1 0 1 0 1 1 0 0 2 1 0 0 1 1 1 0 0 1 1 0 1 0 0 1 0 1 0 0 0 1 0 1 0 1 1 1 1
geno chr12.25004731 gbr  0 0 1 0 0 1 0 0 0 1 0 0 0 0 0 0 0 0 0 0 1 0 0 1 0 0 1 0 0 0 0 1 1 0 1 2 0 0 1 0 0 0 0 0 1 0 0 0 1 1 1 1 1 0 1 0 1 1 0 0 1 0 0 2 1 0 0 1 1 0 0 1 0 2 0 1 1 0 0 1 0 1 1 0
geno chr12.25004731 tsi  0 1 0 1 1 0 0 0 0 1 1 0 1 1 0 1 0 0 0 1 0 1 1 1 0 0 2 1 0 0 0 0 0 0 1 0 0 1 0 0 1 1 1 0 1 0 1 2 1 1 1 1 0 0 1 1 0 0 0 0 0 1 0 0 1 2 0 0 0 2 0 0 0 0 1 0 0 2 0 1 0 1 1 1 0 0 0 1 1 1 0 1
geno chr12.25004731 yri  0 0 0 1 1 0 0 0 0 0 1 0 0 1 0 0 1 2 1 1 1 1 0 0 0 0 0 0 0 2 1 0 0 1 1 0 0 0 1 2 0 2 1 1 0 1 0 1 0 0 1 1 1 1 0 2 1 1 0 0 2 0 0 0 1 0 0 1 1 0 0 0 2 0 0 1 0
geno chr12.25005350 ceu  0 0 0 0 1 2 0 1 0 1 0 0 0 1 1 1 1 1 0 0 1 0 1 0 2 1 0 0 0 0 1 1 0 0 1 1 0 0 1 0 0 0 0 0 0 0 1 0 1 0 0 1 0 1 2 1 0 0 0 0 1 0 0 0 0 0 2 0 0 0 0 0 1 0 1 0 0 1
geno chr12.25005350 fin  1 1 0 1 2 0 0 1 0 0 1 1 0 0 0 0 0 0 0 1 0 0 0 0 0 0 1 0 1 0 0 1 1 0 0 0 0 1 1 0 1 0 0 0 0 1 0 0 1 0 0 0 1 0 1 0 1 1 0 0 1 1 0 0 1 1 1 0 0 1 1 0 1 0 0 1 0 1 0 0 0 1 0 1 0 1 1 1 1
geno chr12.25005350 gbr  0 0 1 0 0 1 0 0 0 1 0 0 0 0 0 0 0 0 0 0 1 0 0 1 0 0 1 0 0 0 0 1 1 0 1 1 0 0 1 0 0 0 0 0 1 0 0 0 1 1 1 1 1 0 1 0 1 1 0 0 0 0 0 2 1 0 0 1 1 0 0 1 0 2 0 1 1 0 0 1 0 0 1 0
geno chr12.25005350 tsi  0 1 0 1 0 0 0 0 0 1 1 0 1 1 0 1 0 0 0 1 0 1 1 1 0 0 2 1 0 0 0 0 0 0 0 0 0 1 0 0 1 1 1 0 0 0 1 2 1 1 1 1 0 0 1 1 0 0 0 0 0 1 0 0 1 2 0 0 0 2 0 0 0 0 1 0 0 2 0 1 0 1 1 1 0 0 0 1 1 1 0 1
geno chr12.25005350 yri  0 0 0 0 1 0 0 0 0 0 1 0 0 1 0 0 0 1 1 1 0 0 0 0 0 0 0 0 0 2 1 0 0 0 1 0 0 0 1 2 0 2 0 1 0 1 0 0 0 0 1 1 1 1 0 2 0 1 0 0 1 0 0 0 1 0 0 0 1 0 0 0 2 0 0 1 0
geno chr12.25005356 ceu  0 0 0 0 1 2 0 1 0 1 1 0 0 1 1 1 1 1 0 0 1 0 1 0 2 1 0 0 0 0 1 1 0 0 1 1 0 0 1 0 0 0 0 0 0 0 1 0 1 0 0 1 0 1 2 1 0 0 0 0 1 0 0 0 0 0 2 0 0 0 0 0 1 0 1 0 0 1
geno chr12.25005356 fin  1 1 0 1 2 0 0 1 0 0 1 1 0 0 0 0 0 0 0 1 0 0 0 0 0 0 1 0 1 0 0 1 1 0 0 0 0 1 1 0 1 0 0 0 0 1 1 0 1 0 0 0 1 0 1 0 1 1 0 0 1 1 0 0 1 1 1 0 0 1 1 0 1 0 0 1 0 1 0 0 0 1 0 1 0 1 1 1 1
geno chr12.25005356 gbr  0 0 1 0 0 1 0 0 0 1 0 0 0 0 0 0 0 0 0 0 1 0 0 1 0 0 1 0 0 0 0 1 1 0 1 1 0 0 1 0 0 0 0 0 1 0 0 0 1 1 1 1 1 0 1 0 1 1 0 0 0 0 0 2 1 0 0 1 1 0 0 1 0 2 0 1 1 0 0 1 0 0 1 0
geno chr12.25005356 tsi  0 1 0 1 0 0 0 0 0 1 1 0 1 1 0 1 0 0 0 1 0 1 1 1 0 0 2 1 0 0 0 0 0 0 1 0 0 1 0 0 1 1 1 0 0 0 1 2 1 1 1 1 0 0 1 1 0 0 0 0 0 1 0 0 1 2 0 0 0 2 0 0 0 0 1 0 0 2 0 1 0 1 1 1 0 0 0 1 1 1 0 1
geno chr12.25005356 yri  0 0 0 0 1 0 0 0 0 0 1 0 0 0 0 0 0 1 1 1 0 0 0 0 0 0 0 0 0 1 1 0 0 0 1 0 0 0 1 2 0 1 0 1 0 1 0 0 0 0 1 0 0 1 0 1 0 1 0 0 1 0 0 0 1 0 0 0 0 0 0 0 1 0 0 1 0
geno chr12.25006109 ceu  2 2 1 2 1 0 2 1 2 1 1 2 2 1 1 1 1 1 2 2 1 2 1 2 0 1 2 2 2 2 1 1 2 2 1 1 2 2 1 2 2 2 2 2 2 2 1 2 1 2 2 1 2 1 0 1 2 2 2 2 1 2 2 2 2 2 0 2 2 1 2 2 1 2 1 2 2 1
geno chr12.25006109 fin  1 1 2 1 0 2 2 1 2 2 1 1 2 2 2 2 2 2 2 1 2 2 2 2 2 2 1 2 1 2 2 1 1 2 2 2 2 1 1 2 1 2 2 2 2 1 1 2 1 2 2 2 1 2 1 2 1 1 2 2 0 1 2 2 1 1 1 2 2 1 1 2 1 2 2 1 2 1 2 2 2 1 2 1 2 1 1 1 1
geno chr12.25006109 gbr  2 2 1 2 2 1 2 2 2 1 2 2 2 2 2 2 2 2 2 2 1 2 2 1 2 2 1 2 2 2 2 1 1 2 1 0 2 2 1 2 2 2 2 2 1 2 2 2 1 1 1 1 1 2 1 2 1 1 2 2 1 2 2 0 1 2 2 1 1 2 2 1 2 0 2 1 1 2 2 1 2 1 1 2
geno chr12.25006109 tsi  2 1 2 1 1 2 2 2 2 1 1 2 1 1 2 1 2 2 2 1 2 1 1 1 2 2 0 1 2 2 2 2 2 2 1 2 2 1 2 2 1 1 1 2 1 2 1 0 1 1 1 1 2 2 1 1 2 2 2 2 2 1 2 2 1 0 2 2 2 0 2 2 2 2 1 2 2 0 2 1 2 1 1 1 2 2 2 1 1 1 2 1
geno chr12.25006109 yri  2 2 1 0 1 2 2 1 2 1 1 1 1 0 1 2 2 0 1 0 1 2 0 2 2 2 2 0 1 0 0 1 2 2 1 1 2 2 1 0 2 0 2 0 2 1 1 1 2 2 1 1 1 0 1 0 2 1 2 2 0 2 1 1 1 2 1 2 1 2 2 2 0 2 1 0 2
geno chr12.25006336 ceu  2 2 1 2 1 0 2 1 2 1 1 2 2 1 1 1 1 1 2 2 1 2 1 2 0 1 2 2 2 2 1 1 2 2 1 1 2 2 1 2 2 2 2 2 2 2 1 2 1 2 2 1 2 1 0 1 2 2 2 2 1 2 2 2 2 2 0 2 2 1 2 2 1 2 1 2 2 1
geno chr12.25006336 fin  1 1 2 1 0 2 2 1 2 2 1 1 2 2 2 2 2 2 2 1 2 2 2 2 2 2 1 2 1 2 2 1 1 2 2 2 2 1 1 2 1 2 2 2 2 1 1 2 1 2 2 2 1 2 1 2 1 1 2 2 0 1 2 2 1 1 1 2 2 1 1 2 1 2 2 1 2 1 2 2 2 1 2 1 2 1 1 1 1
geno chr12.25006336 gbr  2 2 1 2 2 1 2 2 2 1 2 2 2 2 2 2 2 2 2 2 1 2 2 1 2 2 1 2 2 2 2 1 1 2 1 0 2 2 1 2 2 2 2 2 1 2 2 2 1 1 1 1 1 2 1 2 1 1 2 2 1 2 2 0 1 2 2 1 1 2 2 1 2 0 2 1 1 2 2 1 2 1 1 2
geno chr12.25006336 tsi  2 1 2 1 1 2 2 2 2 1 1 2 1 1 2 1 2 2 2 1 2 1 1 1 2 2 0 1 2 2 2 2 2 2 1 2 2 1 2 2 1 1 1 2 1 2 1 0 1 1 1 1 2 2 1 1 2 2 2 2 2 1 2 2 1 0 2 2 2 0 2 2 2 2 1 2 2 0 2 1 2 1 1 1 2 2 2 1 1 1 2 1
geno chr12.25006336 yri  2 2 1 0 1 2 2 1 2 1 1 1 1 0 1 2 1 0 1 0 1 1 0 2 2 2 2 0 1 0 0 1 2 1 1 1 2 2 1 0 2 0 1 0 2 1 1 1 2 2 1 1 1 0 1 0 1 1 2 2 0 2 1 1 1 2 1 1 1 2 2 2 0 2 1 0 2
geno chr12.25006388 ceu  0 0 1 0 1 2 0 1 0 0 0 0 0 1 1 0 1 0 0 0 1 0 1 0 1 0 0 0 0 0 1 1 0 0 1 1 0 0 1 0 0 0 0 0 0 0 1 0 1 0 0 1 0 1 2 0 0 0 0 0 1 0 0 0 0 0 1 0 0 1 0 0 1 0 0 0 0 0
geno chr12.25006388 fin  1 1 0 1 0 0 0 0 0 0 1 1 0 0 0 0 0 0 0 0 0 0 0 0 0 0 1 0 1 0 0 0 1 0 0 0 0 1 1 0 0 0 0 0 0 0 0 0 1 0 0 0 1 0 1 0 1 0 0 0 2 0 0 0 0 0 1 0 0 0 1 0 0 0 0 0 0 0 0 0 0 0 0 0 0 1 1 0 1
geno chr12.25006388 gbr  0 0 1 0 0 1 0 0 0 1 0 0 0 0 0 0 0 0 0 0 0 0 0 1 0 0 1 0 0 0 0 0 0 0 1 0 0 0 1 0 0 0 0 0 1 0 0 0 1 0 1 1 1 0 1 0 1 1 0 0 1 0 0 2 1 0 0 1 1 0 0 1 0 0 0 1 1 0 0 1 0 1 0 0
geno chr12.25006388 tsi  0 1 0 0 1 0 0 0 0 1 0 0 1 1 0 0 0 0 0 1 0 1 1 1 0 0 1 0 0 0 0 0 0 0 0 0 0 1 0 0 1 0 1 0 1 0 1 1 1 1 1 1 0 0 1 1 0 0 0 0 0 1 0 0 1 2 0 0 0 2 0 0 0 0 1 0 0 1 0 1 0 1 0 1 0 0 0 1 0 1 0 0
geno chr12.25006388 yri  0 0 0 0 1 0 0 0 0 0 0 0 0 0 0 0 0 0 1 0 0 0 0 0 0 0 0 0 0 1 0 0 0 0 1 0 0 0 0 1 0 1 0 1 0 1 0 0 0 0 1 0 1 0 0 1 0 1 0 0 2 0 0 0 1 0 0 0 1 0 0 0 2 0 0 0 0
geno chr12.25006665 ceu  2 2 2 2 2 2 2 2 2 2 2 2 2 2 2 2 2 2 2 2 2 2 2 2 2 2 2 2 2 2 2 2 2 2 2 2 2 2 2 2 2 2 2 2 2 2 2 2 2 2 2 2 2 2 2 2 2 2 2 2 2 2 2 2 2 2 2 2 2 2 2 2 2 2 2 2 2 2
geno chr12.25006665 fin  2 2 2 2 2 2 2 2 2 2 2 2 2 2 2 2 2 2 2 2 2 2 2 2 2 2 2 2 2 2 2 2 2 2 2 2 2 2 2 2 2 2 2 2 2 2 2 2 2 2 2 2 2 2 2 2 2 2 2 2 2 2 2 2 2 2 2 2 2 2 2 2 2 2 2 2 2 2 2 2 2 2 2 2 2 2 2 2 2
geno chr12.25006665 gbr  2 2 2 2 2 2 2 2 2 2 2 2 2 2 2 2 2 2 2 2 2 2 2 2 2 2 2 2 2 2 2 2 2 2 2 2 2 2 2 2 2 2 2 2 2 2 2 2 2 2 2 2 2 2 2 2 2 2 2 2 2 2 2 2 2 2 2 2 2 2 2 2 2 2 2 2 2 2 2 2 2 2 2 2
geno chr12.25006665 tsi  2 2 2 2 2 2 2 2 2 2 2 2 2 2 2 2 2 2 2 2 2 2 2 2 2 2 2 2 2 2 2 2 2 2 2 2 2 2 2 2 2 2 2 2 2 2 2 2 2 2 2 2 2 2 2 2 2 2 2 2 2 2 2 2 2 2 2 2 2 2 2 2 2 2 2 2 2 2 2 2 2 2 2 2 2 2 2 2 2 2 2 2
geno chr12.25006665 yri  2 2 1 1 2 2 2 1 2 1 2 1 1 1 1 2 2 2 2 1 2 2 0 2 2 2 2 0 1 2 1 1 2 2 2 1 2 2 2 2 2 2 2 1 2 2 1 2 2 2 2 2 2 1 1 2 2 2 2 2 2 2 1 1 2 2 1 2 2 2 2 2 2 2 1 1 2
geno chr12.25006709 ceu  0 0 0 0 0 0 0 0 0 0 0 2 0 0 0 0 0 0 0 0 0 0 0 0 0 0 0 0 0 0 0 0 0 0 0 0 0 0 0 0 0 0 0 0 0 0 1 0 0 1 0 0 0 0 0 0 0 1 1 0 0 0 0 1 0 0 0 1 0 0 0 1 0 0 0 0 0 0
geno chr12.25006709 fin  0 0 1 0 0 0 0 1 0 0 0 0 1 0 0 1 1 1 0 0 0 0 2 0 0 0 0 0 1 0 0 0 0 0 0 0 0 0 0 0 0 0 0 0 0 0 0 0 0 0 0 0 0 0 0 0 0 0 0 0 0 0 1 0 0 0 0 0 0 0 0 1 0 0 0 0 0 0 1 0 0 0 0 1 0 0 0 0 0
geno chr12.25006709 gbr  0 1 0 1 1 0 0 0 0 0 0 0 0 0 0 0 0 0 0 0 0 0 0 0 0 0 1 1 0 0 0 0 0 0 0 0 1 0 0 0 0 0 1 0 0 0 0 0 0 0 0 0 0 0 1 0 0 0 0 0 0 1 0 0 0 1 0 0 0 0 1 0 0 0 0 0 0 0 0 0 0 0 0 0
geno chr12.25006709 tsi  0 0 0 0 0 0 0 0 0 0 0 0 0 0 0 0 0 0 0 0 0 1 0 0 0 0 0 0 0 0 1 0 0 0 0 0 0 0 0 0 0 0 0 0 1 0 0 0 1 0 0 0 0 0 0 0 0 0 0 0 0 0 0 1 0 0 0 0 0 0 0 0 0 0 0 0 0 0 0 0 0 0 0 0 0 0 0 0 0 0 0 0
geno chr12.25006709 yri  0 0 0 0 0 0 0 0 0 0 0 0 0 0 0 0 0 0 0 0 0 0 0 0 0 0 0 0 0 0 0 0 0 0 0 0 0 0 0 0 0 0 0 0 0 0 0 0 0 0 0 0 0 0 0 0 0 0 0 0 0 0 0 0 0 0 0 0 0 0 0 0 0 0 0 0 0
geno chr12.25007014 ceu  2 2 2 2 2 2 2 2 2 2 2 2 2 2 2 2 2 2 2 2 2 2 2 2 2 2 2 2 2 2 2 2 2 2 2 2 2 2 2 2 2 2 2 2 2 2 2 2 2 2 2 2 2 2 2 2 2 2 2 2 2 2 2 2 2 2 2 2 2 2 2 2 2 2 2 2 2 2
geno chr12.25007014 fin  2 2 2 2 2 2 2 2 2 2 2 2 2 2 2 2 2 2 2 2 2 2 2 2 2 2 2 2 2 2 2 2 2 2 2 2 2 2 2 2 2 2 2 2 2 2 2 2 2 2 2 2 2 2 2 2 2 2 2 2 2 2 2 2 2 2 2 2 2 2 2 2 2 2 2 2 2 2 2 2 2 2 2 2 2 2 2 2 2
geno chr12.25007014 gbr  2 2 2 2 2 2 2 2 2 2 2 2 2 2 2 2 2 2 2 2 2 2 2 2 2 2 2 2 2 2 2 2 2 2 2 2 2 2 2 2 2 2 2 2 2 2 2 2 2 2 2 2 2 2 2 2 2 2 2 2 2 2 2 2 2 2 2 2 2 2 2 2 2 2 2 2 2 2 2 2 2 2 2 2
geno chr12.25007014 tsi  2 2 2 2 2 2 2 2 2 2 2 2 2 2 2 2 2 2 2 2 2 2 2 2 2 2 2 2 2 2 2 2 2 2 2 2 2 2 2 2 2 2 2 2 2 2 2 2 2 2 2 2 2 2 2 2 2 2 2 2 2 2 2 2 2 2 2 2 2 2 2 2 2 2 2 2 2 2 2 2 2 2 2 2 2 2 2 2 2 2 2 2
geno chr12.25007014 yri  2 2 1 1 2 2 2 1 2 1 2 1 1 1 1 2 2 2 2 1 2 2 0 2 2 2 2 0 1 2 1 1 2 2 2 1 2 2 2 2 2 2 2 1 2 2 1 2 2 2 2 2 2 1 1 2 2 2 2 2 2 2 1 1 2 2 1 2 2 2 2 2 2 2 1 1 2
geno chr12.25007495 ceu  2 2 1 2 1 0 2 1 2 1 1 2 2 1 1 1 1 1 2 2 1 2 1 2 0 1 2 2 2 2 1 1 2 2 1 1 2 2 1 2 2 2 2 2 2 2 1 2 1 2 2 1 2 1 0 1 2 2 2 2 1 2 2 2 2 2 0 2 2 1 2 2 1 2 1 2 2 1
geno chr12.25007495 fin  1 1 2 1 0 2 2 1 2 2 1 1 2 2 2 2 2 2 2 1 2 2 2 2 2 2 1 2 1 2 2 1 1 2 2 2 2 1 1 2 1 2 2 2 2 1 1 2 1 2 2 2 1 2 1 2 1 1 2 2 0 1 2 2 1 1 1 2 2 1 1 2 1 2 2 1 2 1 2 2 2 1 2 1 2 1 1 1 1
geno chr12.25007495 gbr  2 2 1 2 2 1 2 2 2 1 2 2 2 2 2 2 2 2 2 2 1 2 2 1 2 2 1 2 2 2 2 1 1 2 1 0 2 2 1 2 2 2 2 2 1 2 2 2 1 1 1 1 1 2 1 2 1 1 2 2 1 2 2 0 1 2 2 1 1 2 2 1 2 0 2 1 1 2 2 1 2 1 1 2
geno chr12.25007495 tsi  2 1 2 1 1 2 2 2 2 1 1 2 1 1 2 1 2 2 2 1 2 1 1 1 2 2 0 1 2 2 2 2 2 2 1 2 2 1 2 2 1 1 1 2 1 2 1 0 1 1 1 1 2 2 1 1 2 2 2 2 2 1 2 2 1 0 2 2 2 0 2 2 2 2 1 2 2 0 2 1 2 1 1 1 2 2 2 1 1 1 2 1
geno chr12.25007495 yri  2 2 1 0 1 2 2 1 2 1 1 1 1 0 1 2 1 0 1 0 1 1 0 2 2 2 2 0 1 0 0 1 2 1 1 1 2 2 1 0 2 0 1 0 2 1 1 1 2 2 1 1 1 0 1 0 1 1 2 2 0 2 1 1 1 2 1 1 1 2 2 2 0 2 1 0 2
geno chr12.25007500 ceu  0 0 0 0 0 0 0 0 0 1 1 0 0 0 0 1 0 1 0 0 0 0 0 0 1 1 0 0 0 0 0 0 0 0 0 0 0 0 0 0 0 0 0 0 0 0 0 0 0 0 0 0 0 0 0 1 0 0 0 0 0 0 0 0 0 0 1 0 0 0 0 0 0 0 1 0 0 1
geno chr12.25007500 fin  0 0 0 0 2 0 0 1 0 0 0 0 0 0 0 0 0 0 0 1 0 0 0 0 0 0 0 0 0 0 0 1 0 0 0 0 0 0 0 0 1 0 0 0 0 1 1 0 0 0 0 0 0 0 0 0 0 1 0 0 0 1 0 0 1 1 0 0 0 1 0 0 1 0 0 1 0 1 0 0 0 1 0 1 0 0 0 1 0
geno chr12.25007500 gbr  0 0 0 0 0 0 0 0 0 0 0 0 0 0 0 0 0 0 0 0 1 0 0 0 0 0 0 0 0 0 0 1 1 0 0 2 0 0 0 0 0 0 0 0 0 0 0 0 0 1 0 0 0 0 0 0 0 0 0 0 0 0 0 0 0 0 0 0 0 0 0 0 0 2 0 0 0 0 0 0 0 0 1 0
geno chr12.25007500 tsi  0 0 0 1 0 0 0 0 0 0 1 0 0 0 0 1 0 0 0 0 0 0 0 0 0 0 1 1 0 0 0 0 0 0 1 0 0 0 0 0 0 1 0 0 0 0 0 1 0 0 0 0 0 0 0 0 0 0 0 0 0 0 0 0 0 0 0 0 0 0 0 0 0 0 0 0 0 1 0 0 0 0 1 0 0 0 0 0 1 0 0 1
geno chr12.25007500 yri  0 0 0 0 0 0 0 0 0 0 1 0 0 0 0 0 0 0 0 0 0 0 0 0 0 0 0 0 0 0 0 0 0 0 0 0 0 0 1 0 0 0 0 0 0 0 0 0 0 0 0 0 0 1 0 1 0 0 0 0 0 0 0 0 0 0 0 0 0 0 0 0 0 0 0 1 0
geno chr12.25007544 ceu  0 0 0 0 0 0 0 0 0 0 0 0 0 0 0 0 0 0 0 0 0 0 0 0 0 0 0 0 0 0 0 0 0 0 0 0 0 0 0 0 0 0 0 0 0 0 0 0 0 0 0 0 0 0 0 0 0 0 0 0 0 0 0 0 0 0 0 0 0 0 0 0 0 0 0 0 0 0
geno chr12.25007544 fin  0 0 0 0 0 0 0 0 0 0 0 0 0 0 0 0 0 0 0 0 0 0 0 0 0 0 0 0 0 0 0 0 0 0 0 0 0 0 0 0 0 0 0 0 0 0 0 0 0 0 0 0 0 0 0 0 0 0 0 0 0 0 0 0 0 0 0 0 0 0 0 0 0 0 0 0 0 0 0 0 0 0 0 0 0 0 0 0 0
geno chr12.25007544 gbr  0 0 0 0 0 0 0 0 0 0 0 0 0 0 0 0 0 0 0 0 0 0 0 0 0 0 0 0 0 0 0 0 0 0 0 0 0 0 0 0 0 0 0 0 0 0 0 0 0 0 0 0 0 0 0 0 0 0 0 0 0 0 0 0 0 0 0 0 0 0 0 0 0 0 0 0 0 0 0 0 0 0 0 0
geno chr12.25007544 tsi  0 0 0 0 0 0 0 0 0 0 0 0 0 0 0 0 0 0 0 0 0 0 0 0 0 0 0 0 0 0 0 0 0 0 0 0 0 0 0 0 0 0 0 0 0 0 0 0 0 0 0 0 0 0 0 0 0 0 0 0 0 0 0 0 0 0 0 0 0 0 0 0 0 0 0 0 0 0 0 0 0 0 0 0 0 0 0 0 0 0 0 0
geno chr12.25007544 yri  0 0 1 1 0 0 0 1 0 1 0 1 1 1 1 0 0 0 0 1 0 0 2 0 0 0 0 2 1 0 1 1 0 0 0 1 0 0 0 0 0 0 0 1 0 0 1 0 0 0 0 0 0 1 1 0 0 0 0 0 0 0 1 1 0 0 1 0 0 0 0 0 0 0 1 1 0
geno chr12.25007591 ceu  0 0 0 0 0 0 0 0 0 1 1 0 0 0 0 1 0 1 0 0 0 0 0 0 1 1 0 0 0 0 0 0 0 0 0 0 0 0 0 0 0 0 0 0 0 0 0 0 0 0 0 0 0 0 0 1 0 0 0 0 0 0 0 0 0 0 1 0 0 0 0 0 0 0 1 0 0 1
geno chr12.25007591 fin  0 0 0 0 2 0 0 1 0 0 0 0 0 0 0 0 0 0 0 1 0 0 0 0 0 0 0 0 0 0 0 1 0 0 0 0 0 0 0 0 1 0 0 0 0 1 1 0 0 0 0 0 0 0 0 0 0 1 0 0 0 1 0 0 1 1 0 0 0 1 0 0 1 0 0 1 0 1 0 0 0 1 0 1 0 0 0 1 0
geno chr12.25007591 gbr  0 0 0 0 0 0 0 0 0 0 0 0 0 0 0 0 0 0 0 0 1 0 0 0 0 0 0 0 0 0 0 1 1 0 0 2 0 0 0 0 0 0 0 0 0 0 0 0 0 1 0 0 0 0 0 0 0 0 0 0 0 0 0 0 0 0 0 0 0 0 0 0 0 2 0 0 0 0 0 0 0 0 1 0
geno chr12.25007591 tsi  0 0 0 1 0 0 0 0 0 0 1 0 0 0 0 1 0 0 0 0 0 0 0 0 0 0 1 1 0 0 0 0 0 0 1 0 0 0 0 0 0 1 0 0 0 0 0 1 0 0 0 0 0 0 0 0 0 0 0 0 0 0 0 0 0 0 0 0 0 0 0 0 0 0 0 0 0 1 0 0 0 0 1 0 0 0 0 0 1 0 0 1
geno chr12.25007591 yri  0 0 0 0 0 0 0 0 0 0 1 0 0 0 0 0 0 0 0 0 0 0 0 0 0 0 0 0 0 0 0 0 0 0 0 0 0 0 1 0 0 0 0 0 0 0 0 0 0 0 0 0 0 1 0 1 0 0 0 0 0 0 0 0 0 0 0 0 0 0 0 0 0 0 0 1 0
geno chr12.25007886 ceu  2 2 1 1 2 2 2 1 1 2 2 2 2 2 2 1 2 2 2 1 2 1 1 2 2 2 0 1 1 2 2 2 1 2 1 2 1 1 2 2 2 1 2 1 2 2 2 2 1 1 1 2 1 2 2 1 1 1 2 1 2 2 2 1 2 2 2 2 2 1 1 2 2 2 2 1 0 2
geno chr12.25007886 fin  1 2 1 1 2 2 0 2 2 1 2 1 2 2 2 2 1 2 1 1 2 1 2 2 2 2 2 2 2 1 1 2 2 1 2 0 2 2 2 2 1 2 2 2 2 2 2 1 1 2 2 1 2 2 2 2 2 2 2 1 2 1 2 1 1 2 2 1 2 1 2 2 1 1 2 2 2 2 2 2 1 2 0 2 1 1 2 2 2
geno chr12.25007886 gbr  2 2 2 1 2 2 2 1 1 2 1 2 1 2 1 2 2 2 1 1 2 1 0 2 2 2 2 2 2 2 1 2 2 2 1 2 2 2 2 1 2 1 1 1 2 1 2 1 1 2 2 2 1 2 2 2 2 1 2 2 1 2 1 2 2 2 2 2 2 0 2 2 1 2 1 1 2 0 2 2 1 2 2 1
geno chr12.25007886 tsi  2 2 2 2 2 2 2 2 2 1 2 2 2 2 2 2 1 2 0 2 1 2 2 2 2 1 2 1 1 2 1 1 1 1 2 2 2 2 1 1 1 2 2 2 2 0 1 2 2 2 2 2 2 2 2 1 1 2 2 1 2 2 2 1 2 2 1 1 2 2 2 1 2 2 2 2 1 2 1 1 0 2 2 2 1 2 2 2 2 2 2 1
geno chr12.25007886 yri  2 2 2 2 1 2 2 2 2 2 2 2 2 2 2 2 2 2 2 2 2 2 2 2 2 2 1 2 1 2 2 2 2 2 1 2 2 2 2 2 2 2 2 2 2 2 2 2 2 2 2 2 2 2 2 2 2 2 2 2 2 2 1 2 2 2 2 2 2 2 2 2 2 2 2 2 2
geno chr12.25008238 ceu  0 0 0 0 0 0 0 0 0 0 0 0 0 0 0 0 0 0 0 0 0 0 0 0 0 0 0 0 0 0 0 0 0 0 0 0 0 0 0 0 0 0 0 0 0 0 0 0 0 0 0 0 0 0 0 0 0 0 0 0 0 0 0 0 0 0 0 0 0 0 0 0 0 0 0 0 0 0
geno chr12.25008238 fin  0 0 0 0 0 0 0 0 1 0 0 0 0 0 0 0 0 0 0 0 0 0 0 0 0 0 0 0 0 0 0 0 0 0 0 0 0 0 0 0 0 0 0 0 0 0 0 0 0 0 1 0 0 1 0 0 0 0 0 0 0 0 0 0 0 0 0 0 0 0 0 0 0 0 0 0 0 0 0 0 0 0 0 0 0 0 0 0 0
geno chr12.25008238 gbr  0 0 0 0 0 0 0 0 0 0 0 0 0 0 0 0 0 0 0 0 0 0 0 0 0 0 0 0 0 0 0 0 0 0 0 0 0 0 0 0 0 0 0 0 0 0 0 0 0 0 0 0 0 0 0 0 0 0 0 0 0 0 0 0 0 0 0 0 0 0 0 0 0 0 0 0 0 0 0 0 0 0 1 0
geno chr12.25008238 tsi  0 0 0 0 0 0 0 0 0 0 0 0 0 0 0 0 0 0 0 0 0 0 0 0 0 0 0 0 0 0 0 0 0 0 0 0 0 0 0 0 0 0 0 0 0 0 0 0 0 0 0 0 0 0 0 0 0 0 0 0 0 0 0 0 0 0 0 0 0 0 0 0 0 0 0 0 0 0 0 0 0 0 0 0 0 0 0 0 0 0 0 0
geno chr12.25008238 yri  0 0 1 2 0 0 0 1 0 1 0 1 1 1 1 0 0 1 0 1 1 0 2 0 0 0 0 2 1 0 1 1 0 0 0 1 0 0 0 0 0 0 0 1 0 0 1 0 0 0 0 0 0 1 1 0 0 0 0 0 0 0 1 1 0 0 1 0 0 0 0 0 0 0 1 1 0
geno chr12.25008459 ceu  0 0 0 0 0 0 1 0 0 1 0 0 1 0 0 0 0 0 0 0 0 0 0 1 0 0 0 0 0 0 0 0 0 0 0 0 0 0 0 0 1 0 0 0 0 0 0 0 0 0 0 0 0 0 0 0 0 0 0 1 0 1 0 0 1 0 0 0 1 0 0 0 0 0 0 0 0 0
geno chr12.25008459 fin  0 0 0 0 0 0 0 0 0 0 1 0 0 0 0 0 0 0 0 0 0 0 0 0 0 0 0 0 0 0 0 0 0 0 0 0 0 0 0 0 0 0 0 0 0 0 0 0 0 0 0 1 1 0 0 0 0 0 0 0 0 0 0 0 0 0 0 0 0 0 0 0 0 0 0 0 0 0 0 0 0 1 0 0 0 0 0 0 0
geno chr12.25008459 gbr  0 0 0 0 0 0 0 0 0 0 0 0 0 1 0 1 0 0 0 0 0 0 0 0 0 0 0 0 1 0 0 0 0 1 0 0 0 0 0 0 1 1 0 0 0 0 0 0 0 0 0 0 0 1 0 0 0 0 0 0 0 0 0 0 0 1 0 0 0 0 0 0 0 0 1 0 0 0 0 0 0 0 0 0
geno chr12.25008459 tsi  0 0 0 0 0 0 0 0 0 0 0 0 0 1 0 0 0 0 0 0 0 0 0 0 0 0 0 0 0 0 0 0 0 0 0 0 0 0 0 0 0 0 0 0 0 0 0 0 0 0 1 0 0 0 0 0 0 0 0 0 0 0 1 0 0 0 0 0 1 0 1 0 1 0 0 0 0 0 0 0 0 0 0 0 0 0 0 0 0 0 1 0
geno chr12.25008459 yri  0 0 0 0 0 0 0 0 0 0 0 0 0 0 0 0 0 0 0 0 0 0 0 0 0 0 0 0 0 0 0 0 0 0 0 0 0 0 0 0 0 0 0 0 0 0 0 0 0 0 0 0 0 0 0 0 0 0 0 0 0 0 0 0 0 0 0 0 0 0 0 0 0 0 0 0 0
geno chr12.25009008 ceu  0 0 0 0 0 0 0 0 0 0 0 0 0 0 0 0 0 0 0 0 0 0 0 0 0 0 0 0 0 0 0 0 0 0 0 0 0 0 0 0 0 0 0 0 0 0 0 0 0 0 0 0 0 0 0 0 0 0 0 0 0 0 0 0 0 0 0 0 0 0 0 0 0 0 0 0 0 0
geno chr12.25009008 fin  0 0 0 0 0 0 0 0 0 0 0 0 0 0 0 0 0 0 0 0 0 0 0 0 0 0 0 0 0 0 0 0 0 0 0 0 0 0 0 0 0 0 0 0 0 0 0 0 0 0 0 0 0 0 0 0 0 0 0 0 0 0 0 0 0 0 0 0 0 0 0 0 0 0 0 0 0 0 0 0 0 0 0 0 0 0 0 0 0
geno chr12.25009008 gbr  0 0 0 0 0 0 0 0 0 0 0 0 0 0 0 0 0 0 0 0 0 0 0 0 0 0 0 0 0 0 0 0 0 0 0 0 0 0 0 0 0 0 0 0 0 0 0 0 0 0 0 0 0 0 0 0 0 0 0 0 0 0 0 0 0 0 0 0 0 0 0 0 0 0 0 0 0 0 0 0 0 0 0 0
geno chr12.25009008 tsi  0 0 0 0 0 0 0 0 0 0 0 0 0 0 0 0 0 0 0 0 0 0 0 0 0 0 0 0 0 0 0 0 0 0 0 0 0 0 0 0 0 0 0 0 0 0 0 0 0 0 0 0 0 0 0 0 0 0 0 0 0 0 0 0 0 0 0 0 0 0 0 0 0 0 0 0 0 0 0 0 0 0 0 0 0 0 0 0 0 0 0 0
geno chr12.25009008 yri  0 0 1 1 0 0 0 1 0 1 0 1 1 1 1 0 0 0 0 1 0 0 2 0 0 0 0 2 1 0 1 1 0 0 0 1 0 0 0 0 0 0 0 1 0 0 1 0 0 0 0 0 0 1 1 0 0 0 0 0 0 0 1 1 0 0 1 0 0 0 0 0 0 0 1 1 0
geno chr12.25009028 ceu  0 0 0 0 0 0 0 0 0 0 0 0 0 1 0 0 0 0 1 0 0 0 0 0 0 1 0 0 0 1 1 1 1 0 0 1 0 0 1 0 0 0 0 0 1 1 0 0 0 0 0 0 0 0 0 0 1 0 1 0 0 0 0 0 1 1 0 0 0 0 0 1 0 0 0 0 0 0
geno chr12.25009028 fin  0 0 0 0 0 0 0 0 0 0 0 0 0 0 0 0 0 0 0 0 0 0 0 0 0 0 0 0 0 0 0 0 0 0 1 0 0 0 1 0 0 1 0 0 0 0 1 0 0 0 0 0 0 0 0 0 0 1 0 1 0 0 1 1 0 0 1 0 0 0 0 0 0 1 0 0 1 1 0 0 1 0 0 0 0 0 0 0 0
geno chr12.25009028 gbr  0 0 0 0 0 0 1 0 0 1 1 0 0 0 0 0 0 0 0 0 0 0 0 0 0 0 0 0 0 0 0 0 0 0 0 0 0 0 0 0 0 0 0 0 0 1 1 1 0 0 1 0 0 1 0 1 1 0 0 0 0 1 0 0 0 0 0 0 0 0 0 0 0 0 0 0 1 0 0 1 0 0 0 0
geno chr12.25009028 tsi  1 0 1 1 1 0 0 0 0 0 1 0 0 0 0 0 0 0 0 0 0 0 0 0 0 0 0 0 0 0 0 0 0 0 0 1 0 1 0 0 0 0 0 0 0 0 0 0 0 0 0 1 0 1 0 0 1 0 0 1 0 1 0 0 0 0 1 0 0 0 1 0 0 0 0 0 0 0 0 0 0 0 1 1 0 0 0 1 1 1 1 0
geno chr12.25009028 yri  0 1 0 0 0 0 0 0 0 0 0 0 0 0 0 0 0 0 0 0 0 0 0 0 0 0 0 0 0 0 0 0 0 1 0 0 0 0 0 0 0 0 0 0 0 0 0 0 0 0 0 0 0 0 0 0 0 0 0 0 0 0 0 0 0 0 0 0 0 0 0 1 0 0 0 0 0
geno chr12.25009469 ceu  2 2 0 1 1 0 2 0 1 1 1 2 2 1 1 0 1 1 2 1 1 1 0 2 0 1 0 1 1 2 1 1 1 2 0 1 1 1 1 2 2 1 1 1 2 2 1 2 0 1 1 1 1 1 0 0 1 1 2 1 1 2 2 1 2 2 0 2 2 0 1 2 1 2 1 1 0 1
geno chr12.25009469 fin  0 1 1 0 0 2 0 1 2 1 1 0 2 2 2 2 1 2 1 0 2 1 2 2 2 2 1 2 1 1 1 1 1 1 2 0 2 1 1 2 0 2 2 2 2 1 1 1 0 2 2 1 1 2 1 2 1 1 2 1 0 0 2 1 0 1 1 1 2 0 1 2 0 1 2 1 2 1 2 2 1 1 0 1 1 0 1 1 1
geno chr12.25009469 gbr  2 2 1 1 2 1 2 1 1 1 1 2 1 2 1 2 2 1 1 1 1 1 0 1 2 2 1 2 2 2 1 1 1 2 0 0 2 2 1 1 2 1 1 1 1 1 2 1 0 1 1 1 0 2 1 2 1 0 2 2 0 2 1 0 1 2 2 1 1 0 2 1 1 0 1 0 1 0 2 1 1 1 1 1
geno chr12.25009469 tsi  2 1 2 1 1 2 2 2 2 0 1 2 1 1 2 1 1 2 0 1 1 1 1 1 2 1 0 0 1 2 1 1 1 1 1 2 2 1 1 1 0 1 1 2 1 0 0 0 1 1 1 1 2 2 1 0 1 2 2 1 2 1 2 1 1 0 1 1 2 0 2 1 2 2 1 2 1 0 1 0 0 1 1 1 1 2 2 1 1 1 2 0
geno chr12.25009469 yri  2 2 1 0 0 1 2 0 1 1 1 1 1 0 1 1 1 0 1 0 1 1 0 2 1 2 1 0 0 0 0 1 0 1 0 1 2 1 1 0 2 0 1 0 1 1 1 1 2 2 1 1 1 0 1 0 1 1 1 2 0 2 0 1 1 0 1 1 1 1 2 2 0 1 1 0 2
geno chr12.25009512 ceu  0 0 0 0 0 0 0 0 0 0 0 0 0 0 0 0 0 0 0 0 0 0 0 0 0 0 0 0 0 0 0 0 0 0 0 0 0 0 0 0 0 0 0 0 0 0 0 0 0 0 0 0 0 0 0 0 0 0 0 0 0 0 0 0 0 0 0 0 0 0 0 0 0 0 0 0 0 0
geno chr12.25009512 fin  0 0 0 0 0 0 0 0 0 0 0 0 0 0 0 0 0 0 0 0 0 0 0 0 0 0 0 0 0 0 0 0 0 0 0 0 0 0 0 0 0 0 0 0 0 0 0 0 0 0 0 0 0 0 0 0 0 0 0 0 0 0 0 0 0 0 0 0 0 0 0 0 0 0 0 0 0 0 0 0 0 0 0 0 0 0 0 0 0
geno chr12.25009512 gbr  0 0 0 0 0 0 0 0 0 0 0 0 0 0 0 0 0 0 0 0 0 0 0 0 0 0 0 0 0 0 0 0 0 0 0 0 0 0 0 0 0 0 0 0 0 0 0 0 0 0 0 0 0 0 0 0 0 0 0 0 0 0 0 0 0 0 0 0 0 0 0 0 0 0 0 0 0 0 0 0 0 0 0 0
geno chr12.25009512 tsi  0 0 0 0 0 0 0 0 0 0 0 0 0 0 0 0 0 0 0 0 0 0 0 0 0 0 0 0 0 0 0 0 0 0 0 0 0 0 0 0 0 0 0 0 0 0 0 0 0 0 0 0 0 0 0 0 0 0 0 0 0 0 0 0 0 0 0 0 0 0 0 0 0 0 0 0 0 0 0 0 0 0 0 0 0 0 0 0 0 0 0 0
geno chr12.25009512 yri  0 0 1 1 0 0 0 1 0 1 0 1 1 1 1 0 0 0 0 1 0 0 2 0 0 0 0 2 1 0 1 1 0 0 0 1 0 0 0 0 0 0 0 1 0 0 1 0 0 0 0 0 0 1 1 0 0 0 0 0 0 0 1 1 0 0 1 0 0 0 0 0 0 0 1 1 0
geno chr12.25009552 ceu  0 0 0 0 0 0 0 0 0 0 0 0 0 0 0 0 0 0 0 0 0 0 0 0 0 0 0 0 0 0 0 0 0 0 0 0 0 0 0 0 0 0 0 0 0 0 0 0 0 0 0 0 0 0 0 0 0 0 0 0 0 0 0 0 0 0 0 0 0 0 0 0 0 0 0 0 0 0
geno chr12.25009552 fin  0 0 0 0 0 0 0 0 0 0 0 0 0 0 0 0 0 0 0 0 0 0 0 0 0 0 0 0 0 0 0 0 0 0 0 0 0 0 0 0 0 0 0 0 0 0 0 0 0 0 0 0 0 0 0 0 0 0 0 0 0 0 0 0 0 0 0 0 0 0 0 0 0 0 0 0 0 0 0 0 0 0 0 0 0 0 0 0 0
geno chr12.25009552 gbr  0 0 0 0 0 0 0 0 0 0 0 0 0 0 0 0 0 0 0 0 0 0 0 0 0 0 0 0 0 0 0 0 0 0 0 0 0 0 0 0 0 0 0 0 0 0 0 0 0 0 0 0 0 0 0 0 0 0 0 0 0 0 0 0 0 0 0 0 0 0 0 0 0 0 0 0 0 0 0 0 0 0 0 0
geno chr12.25009552 tsi  0 0 0 0 0 0 0 0 0 0 0 0 0 0 0 0 0 0 0 0 0 0 0 0 0 0 0 0 0 0 0 0 0 0 0 0 0 0 0 0 0 0 0 0 0 0 0 0 0 0 0 0 0 0 0 0 0 0 0 0 0 0 0 0 0 0 0 0 0 0 0 0 0 0 0 0 0 0 0 0 0 0 0 0 0 0 0 0 0 0 0 0
geno chr12.25009552 yri  0 0 1 1 0 0 0 1 0 1 0 1 1 1 1 0 1 0 0 1 0 1 2 0 0 0 0 2 1 0 1 1 0 1 0 1 0 0 0 0 0 0 1 1 0 0 1 0 0 0 0 0 0 1 1 0 1 0 0 0 0 0 1 0 0 0 1 1 0 0 0 0 0 0 1 1 0
geno chr12.25009856 ceu  0 1 0 1 1 0 2 0 1 1 0 0 1 0 1 0 1 1 1 0 0 0 0 1 0 0 0 0 0 1 0 0 0 2 0 0 1 1 0 2 1 1 1 1 1 0 0 2 0 0 0 0 1 1 0 0 0 0 0 1 1 2 1 0 1 0 0 1 1 0 0 0 1 0 1 0 0 0
geno chr12.25009856 fin  0 0 0 0 0 0 0 0 1 0 1 0 0 1 1 1 0 0 0 0 0 0 0 1 1 2 1 1 0 0 1 1 1 1 0 0 1 1 0 1 0 0 2 1 2 1 0 0 0 1 0 1 1 1 1 1 1 0 1 0 0 0 0 0 0 1 0 1 2 0 0 1 0 0 1 1 1 0 0 2 0 1 0 0 0 0 0 1 1
geno chr12.25009856 gbr  2 1 0 0 0 0 0 0 1 0 0 2 1 2 0 2 0 2 1 1 1 0 0 1 2 2 0 1 2 0 1 1 0 1 0 0 0 2 1 0 2 1 0 0 1 0 0 0 0 1 0 0 0 1 0 1 0 0 1 2 0 0 0 0 0 1 1 1 0 0 0 1 1 0 1 0 0 0 0 0 1 1 0 1
geno chr12.25009856 tsi  1 1 1 0 0 1 1 2 0 0 0 0 1 1 1 0 0 0 0 1 0 0 0 1 1 0 0 0 1 2 0 0 1 1 1 1 2 0 1 1 0 1 0 0 0 0 0 0 0 1 1 0 1 0 1 0 0 2 2 0 2 0 2 0 0 0 0 0 2 0 1 1 2 0 1 2 1 0 1 0 0 1 0 0 0 2 1 0 0 0 1 0
geno chr12.25009856 yri  0 0 0 0 0 0 0 0 0 0 0 0 0 0 0 0 0 0 0 0 0 0 0 0 0 0 0 0 0 0 0 0 0 0 0 0 0 0 0 0 0 0 0 0 0 0 0 0 0 0 0 0 0 0 0 0 0 0 0 0 0 0 0 0 0 0 0 0 0 0 0 0 0 0 0 0 0
geno chr12.25012372 ceu  0 0 0 0 0 0 0 0 0 0 0 0 0 0 0 0 0 0 0 0 0 0 0 0 0 0 0 0 0 0 0 0 0 0 0 0 0 0 0 0 0 0 0 0 0 0 0 0 0 0 0 0 0 0 0 0 0 0 0 0 0 0 0 0 0 0 0 0 0 0 0 0 0 0 0 0 0 0
geno chr12.25012372 fin  0 0 0 0 0 0 0 0 0 0 0 0 0 0 0 0 0 0 0 0 0 0 0 0 0 0 0 0 0 0 0 0 0 0 0 0 0 0 0 0 0 0 0 0 0 0 0 0 0 0 0 0 0 0 0 0 0 0 0 0 0 0 0 0 0 0 0 0 0 0 0 0 0 0 0 0 0 0 0 0 0 0 0 0 0 0 0 0 0
geno chr12.25012372 gbr  0 0 0 0 0 0 0 0 0 0 0 0 0 0 0 0 0 0 0 0 0 0 0 0 0 0 0 0 0 0 0 0 0 0 0 0 0 0 0 0 0 0 0 0 0 0 0 0 0 0 0 0 0 0 0 0 0 0 0 0 0 0 0 0 0 0 0 0 0 0 0 0 0 0 0 0 0 0 0 0 0 0 0 0
geno chr12.25012372 tsi  0 0 0 0 0 0 0 0 0 0 0 0 0 0 0 0 0 0 0 0 0 0 0 0 0 0 0 0 0 0 0 0 0 0 0 0 0 0 0 0 0 0 0 0 0 0 0 0 0 0 0 0 0 0 0 0 0 0 0 0 0 0 0 0 0 0 0 0 0 0 0 0 0 0 0 0 0 0 0 0 0 0 0 0 0 0 0 0 0 0 0 0
geno chr12.25012372 yri  0 0 1 1 0 0 0 1 0 1 0 1 1 1 1 0 0 0 0 1 0 0 2 0 0 0 0 2 1 0 1 1 0 0 0 1 0 0 0 0 0 0 0 1 0 0 1 0 0 0 0 0 0 1 1 0 0 0 0 0 0 0 1 1 0 0 1 0 0 0 0 0 0 0 1 1 0
geno chr12.25012504 ceu  2 0 0 0 0 0 0 0 0 0 0 0 0 0 0 0 0 0 0 1 1 0 0 1 0 0 0 1 1 0 0 0 0 0 0 0 0 0 0 0 1 0 0 0 0 1 0 0 0 0 0 0 0 0 0 0 0 0 0 0 0 0 0 0 0 0 0 0 1 0 0 0 0 0 0 0 0 0
geno chr12.25012504 fin  0 0 0 0 0 0 0 0 0 1 0 0 0 1 0 0 0 1 1 0 1 1 0 0 0 0 0 0 0 1 0 0 0 0 0 0 0 0 0 1 0 1 0 0 0 0 0 0 0 1 0 0 0 0 0 0 0 0 0 0 0 0 0 0 0 0 0 0 0 0 0 0 0 0 0 0 0 0 0 0 0 0 0 0 1 0 0 0 0
geno chr12.25012504 gbr  0 0 1 0 0 1 1 1 0 0 0 0 0 0 0 0 1 0 0 0 0 0 0 0 0 0 0 0 0 1 0 0 1 1 0 0 0 0 0 0 0 0 0 0 0 0 1 0 0 0 0 0 0 0 0 0 0 0 1 0 0 0 1 0 1 0 1 0 1 0 0 0 0 0 0 0 0 0 1 0 0 0 0 0
geno chr12.25012504 tsi  0 0 0 0 0 0 1 0 1 0 0 0 0 0 0 0 0 0 0 0 1 0 0 0 0 0 0 0 0 0 0 0 0 0 0 0 0 0 0 0 0 0 0 1 0 0 0 0 0 0 0 0 1 1 0 0 0 0 0 0 0 0 0 0 0 0 0 0 0 0 0 0 0 0 0 0 0 0 0 0 0 0 0 0 0 0 0 0 0 0 0 0
geno chr12.25012504 yri  0 0 0 0 0 0 0 0 0 0 0 0 0 0 0 0 0 0 0 0 0 0 0 0 0 0 0 0 0 0 0 0 0 0 0 0 0 0 0 0 0 0 0 0 0 0 0 0 0 0 0 0 0 0 0 0 0 0 0 0 0 0 0 0 0 0 0 0 0 0 0 0 0 0 0 0 0
geno chr12.25012548 ceu  0 0 0 0 0 0 0 0 0 0 0 0 0 0 0 0 0 0 0 0 0 0 0 0 0 0 0 0 0 0 0 0 0 0 0 0 0 0 0 0 0 0 0 0 0 0 0 0 0 0 0 0 0 0 0 0 0 0 0 0 0 0 0 0 0 0 0 0 0 0 0 0 0 0 0 0 0 0
geno chr12.25012548 fin  0 0 0 0 0 0 0 0 0 0 0 0 0 0 0 0 0 0 0 0 0 0 0 0 0 0 0 0 0 0 0 0 0 0 0 0 0 0 0 0 0 0 0 0 0 0 0 0 0 0 0 0 0 0 0 0 0 0 0 0 0 0 0 0 0 0 0 0 0 0 0 0 0 0 0 0 0 0 0 0 0 0 0 0 0 0 0 0 0
geno chr12.25012548 gbr  0 0 0 0 0 0 0 0 0 0 0 0 0 0 0 0 0 0 0 0 0 0 0 0 0 0 0 0 0 0 0 0 0 0 0 0 0 0 0 0 0 0 0 0 0 0 0 0 0 0 0 0 0 0 0 0 0 0 0 0 0 0 0 0 0 0 0 0 0 0 0 0 0 0 0 0 0 0 0 0 0 0 0 0
geno chr12.25012548 tsi  0 0 0 0 0 0 0 0 0 0 0 0 0 0 0 0 0 0 0 0 0 0 0 0 0 0 0 0 0 0 0 0 0 0 0 0 0 0 0 0 0 0 0 0 0 0 0 0 0 0 0 0 0 0 0 0 0 0 0 0 0 0 0 0 0 0 0 0 0 0 0 0 0 0 0 0 0 0 0 0 0 0 0 0 0 0 0 0 0 0 0 0
geno chr12.25012548 yri  0 0 1 1 0 0 0 1 0 1 0 1 1 1 1 0 0 0 0 1 0 0 2 0 0 0 0 2 1 0 1 1 0 0 0 1 0 0 0 0 0 0 0 1 0 0 1 0 0 0 0 0 0 1 1 0 0 0 0 0 0 0 1 1 0 0 1 0 0 0 0 0 0 0 1 1 0
geno chr12.25012586 ceu  0 0 1 0 1 2 0 1 0 0 0 0 0 1 1 0 1 0 0 0 1 0 1 0 1 0 0 0 0 0 1 1 0 0 1 1 0 0 1 0 0 0 0 0 0 0 1 0 1 0 0 1 0 1 2 0 0 0 0 0 1 0 0 0 0 0 1 0 0 1 0 0 1 0 0 0 0 0
geno chr12.25012586 fin  1 1 0 1 0 0 0 0 0 0 1 1 0 0 0 0 0 0 0 0 0 0 0 0 0 0 1 0 1 0 0 0 1 0 0 0 0 1 1 0 0 0 0 0 0 0 0 0 1 0 0 0 1 0 1 0 1 0 0 0 2 0 0 0 0 0 1 0 0 0 1 0 0 0 0 0 0 0 0 0 0 0 0 0 0 1 1 0 1
geno chr12.25012586 gbr  0 0 1 0 0 1 0 0 0 1 0 0 0 0 0 0 0 0 0 0 0 0 0 1 0 0 1 0 0 0 0 0 0 0 1 0 0 0 1 0 0 0 0 0 1 0 0 0 1 0 1 1 1 0 1 0 1 1 0 0 1 0 0 2 1 0 0 1 1 0 0 1 0 0 0 1 1 0 0 1 0 1 0 0
geno chr12.25012586 tsi  0 1 0 0 1 0 0 0 0 1 0 0 1 1 0 0 0 0 0 1 0 1 1 1 0 0 1 0 0 0 0 0 0 0 0 0 0 1 0 0 1 0 1 0 1 0 1 1 1 1 1 1 0 0 1 1 0 0 0 0 0 1 0 0 1 2 0 0 0 2 0 0 0 0 1 0 0 1 0 1 0 1 0 1 0 0 0 1 0 1 0 0
geno chr12.25012586 yri  0 0 0 1 1 0 0 0 0 0 0 0 0 1 0 0 0 2 1 1 1 0 0 0 0 0 0 0 0 1 1 0 0 0 0 0 0 0 0 1 0 1 0 1 0 0 0 1 0 0 1 1 1 0 0 1 0 1 0 0 1 0 0 0 0 0 0 0 1 0 0 0 2 0 0 0 0
geno chr12.25012850 ceu  2 2 1 1 2 2 2 1 1 2 2 2 2 2 2 1 2 2 2 1 2 1 1 2 2 2 0 1 1 2 2 2 1 2 1 2 1 1 2 2 2 1 1 1 2 2 2 2 1 1 1 2 1 2 2 1 1 1 2 1 2 2 2 1 2 2 2 2 2 1 1 2 2 2 2 1 0 2
geno chr12.25012850 fin  1 2 1 1 2 2 0 2 2 1 2 1 2 2 2 2 1 2 1 1 2 1 2 2 2 2 2 2 2 1 1 2 2 1 2 0 2 2 2 2 1 2 2 2 2 2 2 1 1 2 2 1 2 2 2 2 2 2 2 1 2 1 2 1 1 2 2 1 2 1 2 2 1 1 2 2 2 2 2 2 1 2 0 2 1 1 2 2 2
geno chr12.25012850 gbr  2 2 2 1 2 2 2 1 1 2 0 2 1 2 1 2 2 2 1 1 2 1 0 2 2 2 2 2 2 2 1 2 2 2 1 2 2 2 2 1 2 1 1 1 2 1 2 1 1 2 2 2 1 2 2 2 2 1 2 2 1 2 1 2 2 2 2 2 2 0 2 2 1 2 1 1 2 0 2 2 1 2 2 1
geno chr12.25012850 tsi  2 2 2 2 2 2 2 2 2 1 1 2 2 2 2 2 1 2 0 2 1 2 2 2 2 1 2 1 1 2 1 1 1 1 2 2 2 2 1 1 1 2 2 2 2 0 1 2 2 2 2 2 2 2 2 1 1 2 2 1 2 2 2 1 2 2 1 1 2 2 2 1 2 2 2 2 1 2 1 1 0 2 2 2 1 2 2 2 2 2 2 1
geno chr12.25012850 yri  2 2 2 2 1 2 2 2 2 2 2 2 2 2 2 2 2 2 2 2 2 2 2 2 2 2 1 2 1 2 2 2 2 2 1 2 2 2 2 2 2 2 2 2 2 2 2 2 2 2 2 2 2 2 2 2 2 2 1 2 2 2 1 2 2 2 2 2 2 2 2 2 2 2 2 2 2
geno chr12.25013018 ceu  0 0 0 0 0 0 0 0 1 0 0 0 0 0 0 0 0 0 0 0 0 0 0 0 0 0 0 0 1 0 1 0 0 0 0 0 0 0 0 0 0 0 0 0 0 0 0 0 0 0 0 0 0 0 0 0 0 0 0 0 0 0 0 0 0 1 0 1 0 0 0 0 0 1 1 1 0 0
geno chr12.25013018 fin  0 0 0 0 0 0 0 0 0 0 0 0 0 0 0 0 0 0 0 0 0 0 0 0 0 0 0 0 0 0 0 0 0 0 0 0 0 0 0 0 0 0 0 0 0 0 0 0 0 0 0 0 0 0 0 0 0 0 0 0 0 0 0 0 0 0 0 0 0 0 0 0 0 0 0 0 0 0 0 0 0 0 0 1 0 0 0 0 0
geno chr12.25013018 gbr  0 0 0 0 0 0 0 0 0 0 0 0 0 0 0 0 0 0 0 0 0 0 0 0 0 0 0 0 0 0 0 0 0 0 0 0 0 0 1 0 0 0 0 0 0 0 0 0 0 0 0 0 0 0 0 0 0 0 0 0 0 0 0 0 0 0 0 0 0 0 0 0 0 0 0 0 0 0 0 0 0 0 0 0
geno chr12.25013018 tsi  0 0 0 0 0 0 0 0 0 0 0 0 0 0 0 0 0 0 0 0 0 0 0 0 0 0 0 0 0 0 0 0 0 0 0 0 0 0 0 0 0 0 0 0 0 0 0 0 0 0 0 0 0 0 0 0 0 0 0 0 0 0 0 0 0 0 0 0 0 0 0 0 0 0 0 0 0 0 0 0 0 0 0 0 0 0 0 0 0 0 0 0
geno chr12.25013018 yri  0 0 1 1 0 0 0 1 0 1 0 1 1 1 1 0 0 0 0 1 0 0 2 0 0 0 0 2 1 0 1 1 0 0 0 1 0 0 0 0 0 0 0 1 0 0 1 0 0 0 0 0 0 1 1 0 0 0 0 0 0 0 1 1 0 0 1 0 0 0 0 0 0 0 1 1 0
geno chr12.25013176 ceu  0 0 0 0 0 0 0 0 0 0 0 0 0 0 0 0 0 0 0 0 0 0 0 0 0 0 0 0 0 0 0 0 0 0 0 0 0 0 0 0 0 0 0 0 0 0 0 0 0 0 0 0 0 0 0 0 0 0 0 0 0 0 0 0 0 0 0 0 0 0 0 0 0 0 0 0 0 0
geno chr12.25013176 fin  0 0 0 0 0 0 0 0 0 0 0 0 0 0 0 0 0 0 0 0 0 0 0 0 0 0 0 0 0 0 0 0 0 0 0 0 0 0 0 0 0 0 0 0 0 0 0 0 0 0 0 0 0 0 0 0 0 0 0 0 0 0 0 0 0 0 0 0 0 0 0 0 0 0 0 0 0 0 0 0 0 0 0 0 0 0 0 0 0
geno chr12.25013176 gbr  0 0 0 0 0 0 0 0 0 0 0 0 0 0 0 0 0 0 0 0 0 0 0 0 0 0 0 0 0 0 0 0 0 0 0 0 0 0 0 0 0 0 0 0 0 0 0 0 0 0 0 0 0 0 0 0 0 0 0 0 0 0 0 0 0 0 0 0 0 0 0 0 0 0 0 0 0 0 0 0 0 0 0 0
geno chr12.25013176 tsi  0 0 0 0 0 0 0 0 0 0 0 0 0 0 0 0 0 0 0 0 0 0 0 0 0 0 0 0 0 0 0 0 0 0 0 0 0 0 0 0 0 0 0 0 0 0 0 0 0 0 0 0 0 0 0 0 0 0 0 0 0 0 0 0 0 0 0 0 0 0 0 0 0 0 0 0 0 0 0 0 0 0 0 0 0 0 0 0 0 0 0 0
geno chr12.25013176 yri  0 0 1 1 0 0 0 1 0 1 0 1 1 1 1 0 0 0 0 1 0 0 2 0 0 0 0 2 1 0 1 1 0 0 0 1 0 0 0 0 0 0 0 1 0 0 1 0 0 0 0 0 0 1 1 0 0 0 0 0 0 0 1 1 0 0 1 0 0 0 0 0 0 0 1 1 0
geno chr12.25013329 ceu  0 0 0 0 0 0 0 0 0 0 0 0 0 0 0 0 0 0 0 0 0 0 0 0 0 0 0 0 0 0 0 0 0 0 0 0 0 0 0 0 0 0 0 0 0 0 0 0 0 0 0 0 0 0 0 0 0 0 0 0 0 0 0 0 0 0 0 0 0 0 0 0 0 0 0 0 0 0
geno chr12.25013329 fin  0 0 0 0 0 0 0 0 0 0 0 0 0 0 0 0 1 0 0 0 0 0 1 0 0 0 0 1 0 0 0 0 0 0 0 0 0 0 0 0 0 0 0 0 0 0 0 0 0 0 0 0 0 0 0 0 0 0 0 0 0 0 0 0 0 0 0 0 0 0 0 0 0 1 0 0 0 0 0 0 0 0 0 0 0 0 0 0 0
geno chr12.25013329 gbr  0 0 0 0 0 0 0 0 0 0 0 0 0 0 0 0 0 0 0 0 0 1 0 0 0 0 0 0 0 0 0 0 0 0 0 0 0 0 0 0 0 0 0 0 0 0 0 0 0 0 0 0 0 0 0 0 0 0 0 0 0 0 0 0 0 0 0 1 0 0 0 0 0 0 0 0 0 0 0 0 0 0 0 0
geno chr12.25013329 tsi  0 0 0 0 0 0 0 0 0 0 0 0 0 0 0 0 0 0 0 0 0 0 0 0 0 0 0 0 0 0 0 0 0 0 0 0 0 0 0 0 0 0 0 0 0 0 0 0 0 0 0 0 0 0 0 0 0 0 0 0 0 0 0 0 0 0 0 0 0 0 0 0 0 0 0 0 0 0 0 0 0 0 0 0 0 0 0 0 0 0 0 0
geno chr12.25013329 yri  0 0 1 1 0 0 0 1 0 1 1 1 1 1 1 0 0 0 0 1 0 0 2 0 0 1 0 2 1 0 1 1 0 0 0 1 0 0 0 0 0 0 0 1 0 0 1 0 0 0 1 0 0 1 1 0 0 0 0 0 0 0 1 1 0 0 1 1 0 0 0 0 0 0 2 1 0
geno chr12.25013586 ceu  0 0 1 0 1 2 0 1 0 0 0 0 0 1 1 0 1 0 0 0 1 0 1 0 1 0 0 0 0 0 1 1 0 0 1 1 0 0 1 0 0 0 0 0 0 0 1 0 1 0 0 1 0 1 2 0 0 0 0 0 1 0 0 0 0 0 1 0 0 1 0 0 1 0 0 0 0 0
geno chr12.25013586 fin  1 1 0 1 0 0 0 0 0 0 1 1 0 0 0 0 0 0 0 0 0 0 0 0 0 0 1 0 1 0 0 0 1 0 0 0 0 1 1 0 0 0 0 0 0 0 0 0 1 0 0 0 1 0 1 0 1 0 0 0 2 0 0 0 0 0 1 0 0 0 1 0 0 0 0 0 0 0 0 0 0 0 0 0 0 1 1 0 1
geno chr12.25013586 gbr  0 0 1 0 0 1 0 0 0 1 0 0 0 0 0 0 0 0 0 0 0 0 0 1 0 0 1 0 0 0 0 0 0 0 1 0 0 0 1 0 0 0 0 0 1 0 0 0 1 0 1 1 1 0 1 0 1 1 0 0 1 0 0 2 1 0 0 1 1 0 0 1 0 0 0 1 1 0 0 1 0 1 0 0
geno chr12.25013586 tsi  0 1 0 0 1 0 0 0 0 1 0 0 1 1 0 0 0 0 0 1 0 1 1 1 0 0 1 0 0 0 0 0 0 0 0 0 0 1 0 0 1 0 1 0 1 0 1 1 1 1 1 1 0 0 1 1 0 0 0 0 0 1 0 0 1 2 0 0 0 2 0 0 0 0 1 0 0 1 0 1 0 1 0 1 0 0 0 1 0 1 0 0
geno chr12.25013586 yri  0 0 0 1 1 0 0 0 0 0 0 0 0 1 0 0 0 2 1 1 1 0 0 0 0 0 0 0 0 2 1 0 0 0 1 0 0 0 0 2 0 2 0 1 0 1 0 1 0 0 1 1 1 0 0 1 0 1 0 0 2 0 0 0 1 0 0 0 1 0 0 0 2 0 0 0 0
geno chr12.25014276 ceu  2 2 1 2 2 2 2 1 1 2 2 2 2 2 2 1 2 2 2 1 2 1 1 2 2 2 1 1 1 2 2 2 1 2 1 2 1 2 2 2 2 1 1 1 2 2 2 2 1 2 2 2 2 2 2 2 1 1 2 1 2 2 2 1 2 2 2 2 2 2 1 2 2 2 2 2 1 2
geno chr12.25014276 fin  1 2 1 1 2 2 1 2 2 1 2 1 2 2 2 2 1 2 1 1 2 2 2 2 2 2 2 2 2 1 1 2 2 1 2 0 2 2 2 2 1 2 2 2 2 2 2 1 1 2 2 2 2 2 2 2 2 2 2 1 2 2 2 1 2 2 2 1 2 2 2 2 1 2 2 2 2 2 2 2 1 2 1 2 1 2 2 2 2
geno chr12.25014276 gbr  2 2 2 1 2 2 2 2 1 2 1 2 2 2 1 2 2 2 1 1 2 1 1 2 2 2 2 2 2 2 1 2 2 2 1 2 2 2 2 2 2 1 2 1 2 1 2 1 1 2 2 2 1 2 2 2 2 1 2 2 1 2 2 2 2 2 2 2 2 0 2 2 1 2 1 1 2 0 2 2 1 2 2 1
geno chr12.25014276 tsi  2 2 2 2 2 2 2 2 2 1 2 2 2 2 2 2 1 2 1 2 2 2 2 2 2 1 2 1 2 2 1 1 2 1 2 2 2 2 2 2 2 2 2 2 2 1 1 2 2 2 2 2 2 2 2 1 1 2 2 1 2 2 2 1 2 2 1 1 2 2 2 1 2 2 2 2 2 2 1 1 0 2 2 2 1 2 2 2 2 2 2 1
geno chr12.25014276 yri  2 2 2 2 1 2 2 2 2 2 2 2 2 2 2 2 2 2 2 2 2 2 2 2 2 2 1 2 1 2 2 2 2 2 1 2 2 2 2 2 2 2 2 2 2 2 2 2 2 2 2 2 2 2 2 2 2 2 2 2 2 2 1 2 2 2 2 2 2 2 2 2 2 2 2 2 2
geno chr12.25014396 ceu  2 2 0 1 1 0 2 0 1 1 1 2 2 1 1 0 1 1 2 1 1 1 0 2 0 1 0 1 1 2 1 1 1 2 0 1 1 1 1 2 2 1 1 1 2 2 1 2 0 1 1 1 1 1 0 0 1 1 2 1 1 2 2 1 2 2 0 2 2 0 1 2 1 2 1 1 0 1
geno chr12.25014396 fin  0 1 1 0 0 2 0 1 2 1 1 0 2 2 2 2 1 2 1 0 2 1 2 2 2 2 1 2 1 1 1 1 1 1 2 0 2 1 1 2 0 2 2 2 2 1 1 1 0 2 2 1 1 2 1 2 1 1 2 1 0 0 2 1 0 1 1 1 2 0 1 2 0 1 2 1 2 1 2 2 1 1 0 1 1 0 1 1 1
geno chr12.25014396 gbr  2 2 1 1 2 1 2 1 1 1 0 2 1 2 1 2 2 2 1 1 1 1 0 1 2 2 1 2 2 2 1 1 1 2 0 0 2 2 1 1 2 1 1 1 1 1 2 1 0 1 1 1 0 2 1 2 1 0 2 2 0 2 1 0 1 2 2 1 1 0 2 1 1 0 1 0 1 0 2 1 1 1 1 1
geno chr12.25014396 tsi  2 1 2 1 1 2 2 2 2 0 0 2 1 1 2 1 1 2 0 1 1 1 1 1 2 1 0 0 1 2 1 1 1 1 1 2 2 1 1 1 0 1 1 2 1 0 0 0 1 1 1 1 2 2 1 0 1 2 2 1 2 1 2 1 1 0 1 1 2 0 2 1 2 2 1 2 1 0 1 0 0 1 1 1 1 2 2 1 1 1 2 0
geno chr12.25014396 yri  2 2 1 0 0 1 2 0 1 1 1 1 1 0 1 1 1 0 1 0 1 1 0 2 1 2 1 0 0 0 0 1 0 1 0 1 2 1 1 0 2 0 1 0 1 1 1 1 2 2 1 1 1 0 1 0 1 1 1 2 0 2 0 1 1 0 1 1 1 1 2 2 0 1 1 0 2
geno chr12.25014464 ceu  2 0 0 0 0 0 0 0 0 0 0 0 0 0 0 0 0 0 0 1 1 0 0 1 0 0 0 0 1 0 0 0 0 0 0 0 0 0 0 0 0 0 0 0 0 1 0 0 0 0 0 0 0 0 0 0 0 0 0 0 0 0 0 0 0 0 0 0 1 0 0 0 0 0 0 0 0 0
geno chr12.25014464 fin  0 0 0 0 0 0 0 0 0 0 0 0 0 1 0 0 0 1 1 0 1 1 0 0 0 0 0 0 0 1 0 0 0 0 0 0 0 0 0 1 0 1 0 0 0 0 0 0 0 1 0 0 0 0 0 0 0 0 0 0 0 0 0 0 0 0 0 0 0 0 0 0 0 0 0 0 0 0 0 0 0 0 0 0 0 0 0 0 0
geno chr12.25014464 gbr  0 0 0 0 0 1 0 0 0 0 0 0 0 0 0 0 1 0 0 0 0 0 0 0 0 0 0 0 0 1 0 0 1 1 0 0 0 0 0 0 0 0 0 0 0 0 1 0 0 0 0 0 0 0 0 0 0 0 1 0 0 0 1 0 0 0 1 0 1 0 0 0 0 0 0 0 0 0 1 0 0 0 0 0
geno chr12.25014464 tsi  0 0 0 0 0 0 0 0 0 0 0 0 0 0 0 0 0 0 0 0 1 0 0 0 0 0 0 0 0 0 0 0 0 0 0 0 0 0 0 0 0 0 0 1 0 0 0 0 0 0 0 0 1 1 0 0 0 0 0 0 0 0 0 0 0 0 0 0 0 0 0 0 0 0 0 0 0 0 0 0 0 0 0 0 0 0 0 0 0 0 0 0
geno chr12.25014464 yri  0 0 0 0 0 0 0 0 0 0 0 0 0 0 0 0 0 0 0 0 0 0 0 0 0 0 0 0 0 0 0 0 0 0 0 0 0 0 0 0 0 0 0 0 0 0 0 0 0 0 0 0 0 0 0 0 0 0 0 0 0 0 0 0 0 0 0 0 0 0 0 0 0 0 0 0 0
geno chr12.25014517 ceu  0 0 0 0 0 0 1 0 0 1 0 0 1 0 0 0 0 0 0 0 0 0 0 1 0 0 0 0 0 0 0 0 0 0 0 0 0 0 0 0 1 0 0 0 0 0 0 0 0 0 0 0 0 0 0 0 0 0 0 1 0 1 0 0 1 0 0 0 1 0 0 0 0 0 0 0 0 0
geno chr12.25014517 fin  0 0 0 0 0 0 0 0 0 0 1 0 0 0 0 0 0 0 0 0 0 0 0 0 0 0 0 0 0 0 0 0 0 0 0 0 0 0 0 0 0 0 0 0 0 0 0 0 0 0 0 1 1 0 0 0 0 0 0 0 0 0 0 0 0 0 0 0 0 0 0 0 0 0 0 0 0 0 0 0 0 1 0 0 0 0 0 0 0
geno chr12.25014517 gbr  0 0 0 0 0 0 0 0 0 0 0 0 0 1 0 1 0 0 0 0 0 0 0 0 0 0 0 0 1 0 0 0 0 1 0 0 0 0 0 0 1 1 0 0 0 0 0 0 0 0 0 0 0 1 0 0 0 0 0 0 0 0 0 0 0 1 0 0 0 0 0 0 0 0 1 0 0 0 0 0 0 0 0 0
geno chr12.25014517 tsi  0 0 0 0 0 0 0 0 0 0 0 0 0 1 0 0 0 0 0 0 0 0 0 0 0 0 0 0 0 0 0 0 0 0 0 0 0 0 0 0 0 0 0 0 0 0 0 0 0 0 1 0 0 0 0 0 0 0 0 0 0 0 1 0 0 0 0 0 1 0 1 0 1 0 0 0 0 0 0 0 0 0 0 0 0 0 0 0 0 0 1 0
geno chr12.25014517 yri  0 0 0 0 0 0 0 0 0 0 0 0 0 0 0 0 0 0 0 0 0 0 0 0 0 0 0 0 0 0 0 0 0 0 0 0 0 0 0 0 0 0 0 0 0 0 0 0 0 0 0 0 0 0 0 0 0 0 0 0 0 0 0 0 0 0 0 0 0 0 0 0 0 0 0 0 0
geno chr12.25014577 ceu  0 0 0 0 0 0 0 0 0 0 0 0 0 0 0 0 0 0 0 0 0 0 0 0 0 0 0 0 0 0 0 0 0 0 0 0 0 0 0 0 0 0 0 0 0 0 0 0 0 0 0 0 0 0 0 0 0 0 0 0 0 0 0 0 0 0 0 0 0 0 0 0 0 0 0 0 0 0
geno chr12.25014577 fin  0 0 0 0 0 0 0 0 0 0 0 0 0 0 0 0 0 0 0 0 0 0 0 0 0 0 0 0 0 0 0 0 0 0 0 0 0 0 0 0 0 0 0 0 0 0 0 0 0 0 0 0 0 0 0 0 0 0 0 0 0 0 0 0 0 0 0 0 0 0 0 0 0 0 0 0 0 0 0 0 0 0 0 0 0 0 0 0 0
geno chr12.25014577 gbr  0 0 0 0 0 0 0 0 0 0 0 0 0 0 0 0 0 0 0 0 0 0 0 0 0 0 0 0 0 0 0 0 0 0 0 0 0 0 0 0 0 0 0 0 0 0 0 0 0 0 0 0 0 0 0 0 0 0 0 0 0 0 0 0 0 0 0 0 0 0 0 0 0 0 0 0 0 0 0 0 0 0 0 0
geno chr12.25014577 tsi  0 0 0 0 0 0 0 0 0 0 0 0 0 0 0 0 0 0 0 0 0 0 0 0 0 0 0 0 0 0 0 0 0 0 0 0 0 0 0 0 0 0 0 0 0 0 0 0 0 0 0 0 0 0 0 0 0 0 0 0 0 0 0 0 0 0 0 0 0 0 0 0 0 0 0 0 0 0 0 0 0 0 0 0 0 0 0 0 0 0 0 0
geno chr12.25014577 yri  0 0 1 1 0 0 0 1 0 1 0 1 1 1 1 0 0 0 0 1 0 0 2 0 0 0 0 2 1 0 1 1 0 0 0 1 0 0 0 0 0 0 0 1 0 0 1 0 0 0 0 0 0 1 1 0 0 0 0 0 0 0 1 1 0 0 1 0 0 0 0 0 0 0 1 1 0
geno chr12.25014582 ceu  0 0 0 0 0 0 0 0 0 1 1 0 0 0 0 1 0 1 0 0 0 0 0 0 1 1 0 0 0 0 0 0 0 0 0 0 0 0 0 0 0 0 0 0 0 0 0 0 0 0 0 0 0 0 0 1 0 0 0 0 0 0 0 0 0 0 1 0 0 0 0 0 0 0 1 0 0 1
geno chr12.25014582 fin  0 0 0 0 2 0 0 1 0 0 0 0 0 0 0 0 0 0 0 1 0 0 0 0 0 0 0 0 0 0 0 1 0 0 0 0 0 0 0 0 1 0 0 0 0 1 1 0 0 0 0 0 0 0 0 0 0 1 0 0 0 1 0 0 1 1 0 0 0 1 0 0 1 0 0 1 0 1 0 0 0 1 0 1 0 0 0 1 0
geno chr12.25014582 gbr  0 0 0 0 0 0 0 0 0 0 0 0 0 0 0 0 0 0 0 0 1 0 0 0 0 0 0 0 0 0 0 1 1 0 0 2 0 0 0 0 0 0 0 0 0 0 0 0 0 1 0 0 0 0 0 0 0 0 0 0 0 0 0 0 0 0 0 0 0 0 0 0 0 2 0 0 0 0 0 0 0 0 1 0
geno chr12.25014582 tsi  0 0 0 1 0 0 0 0 0 0 1 0 0 0 0 1 0 0 0 0 0 0 0 0 0 0 1 1 0 0 0 0 0 0 1 0 0 0 0 0 0 1 0 0 0 0 0 1 0 0 0 0 0 0 0 0 0 0 0 0 0 0 0 0 0 0 0 0 0 0 0 0 0 0 0 0 0 1 0 0 0 0 1 0 0 0 0 0 1 0 0 1
geno chr12.25014582 yri  0 0 0 0 0 0 0 0 0 0 1 0 0 0 0 0 0 0 0 0 0 0 0 0 0 0 0 0 0 0 0 0 0 0 0 0 0 0 1 0 0 0 0 0 0 0 0 0 0 0 0 0 0 1 0 1 0 0 0 0 0 0 0 0 0 0 0 0 0 0 0 0 0 0 0 1 0
geno chr12.25014656 ceu  0 0 0 0 0 0 0 0 0 0 0 0 0 0 0 0 0 0 0 0 0 0 0 0 0 0 0 0 0 0 0 0 0 0 0 0 0 0 0 0 0 0 0 0 0 0 0 0 0 0 0 0 0 0 0 0 0 0 0 0 0 0 0 0 0 0 0 0 0 0 0 0 0 0 0 0 0 0
geno chr12.25014656 fin  0 0 0 0 0 0 0 0 0 0 0 0 0 0 0 0 0 0 0 0 0 0 0 0 0 0 0 0 0 0 0 0 0 0 0 0 0 0 0 0 0 0 0 0 0 0 0 0 0 0 0 0 0 0 0 0 0 0 0 0 0 0 0 0 0 0 0 0 0 0 0 0 0 0 0 0 0 0 0 0 0 0 0 0 0 0 0 0 0
geno chr12.25014656 gbr  0 0 0 0 0 0 0 0 0 0 0 0 0 0 0 0 0 0 0 0 0 0 0 0 0 0 0 0 0 0 0 0 0 0 0 0 0 0 0 0 0 0 0 0 0 0 0 0 0 0 0 0 0 0 0 0 0 0 0 0 0 0 0 0 0 0 0 0 0 0 0 0 0 0 0 0 0 0 0 0 0 0 0 0
geno chr12.25014656 tsi  0 0 0 0 0 0 0 0 0 0 0 0 0 0 0 0 0 0 0 0 0 0 0 0 0 0 0 0 0 0 0 0 0 0 0 0 0 0 0 0 0 0 0 0 0 0 0 0 0 0 0 0 0 0 0 0 0 0 0 0 0 0 0 0 0 0 0 0 0 0 0 0 0 0 0 0 0 0 0 0 0 0 0 0 0 0 0 0 0 0 0 0
geno chr12.25014656 yri  0 0 1 1 0 0 0 1 0 1 0 1 1 1 1 0 0 0 0 1 0 0 2 0 0 0 0 2 1 0 1 1 0 0 0 1 0 0 0 0 0 0 0 1 0 0 1 0 0 0 0 0 0 1 1 0 0 0 0 0 0 0 1 1 0 0 1 0 0 0 0 0 0 0 1 1 0
geno chr12.25014660 ceu  0 0 0 0 0 0 0 0 0 0 0 0 0 0 0 0 0 0 0 0 0 0 0 0 0 0 0 0 0 0 0 0 0 0 0 0 0 0 0 0 0 0 0 0 0 0 0 0 0 0 0 0 0 0 0 0 0 0 0 0 0 0 0 0 0 0 0 0 0 0 0 0 0 0 0 0 0 0
geno chr12.25014660 fin  0 0 0 0 0 0 0 0 0 0 0 0 0 0 0 0 0 0 0 0 0 0 0 0 0 0 0 0 0 0 0 0 0 0 0 0 0 0 0 0 0 0 0 0 0 0 0 0 0 0 0 0 0 0 0 0 0 0 0 0 0 0 0 0 0 0 0 0 0 0 0 0 0 0 0 0 0 0 0 0 0 0 0 0 0 0 0 0 0
geno chr12.25014660 gbr  0 0 0 0 0 0 0 0 0 0 0 0 0 0 0 0 0 0 0 0 0 0 0 0 0 0 0 0 0 0 0 0 0 0 0 0 0 0 0 0 0 0 0 0 0 0 0 0 0 0 0 0 0 0 0 0 0 0 0 0 0 0 0 0 0 0 0 0 0 0 0 0 0 0 0 0 0 0 0 0 0 0 0 0
geno chr12.25014660 tsi  0 0 0 0 0 0 0 0 0 0 0 0 0 0 0 0 0 0 0 0 0 0 0 0 0 0 0 0 0 0 0 0 0 0 0 0 0 0 0 0 0 0 0 0 0 0 0 0 0 0 0 0 0 0 0 0 0 0 0 0 0 0 0 0 0 0 0 0 0 0 0 0 0 0 0 0 0 0 0 0 0 0 0 0 0 0 0 0 0 0 0 0
geno chr12.25014660 yri  0 0 1 1 0 0 0 1 0 1 0 1 1 1 1 0 0 0 0 1 0 0 2 0 0 0 0 2 1 0 1 1 0 0 0 1 0 0 0 0 0 0 0 1 0 0 1 0 0 0 0 0 0 1 1 0 0 0 0 0 0 0 1 1 0 0 1 0 0 0 0 0 0 0 1 1 0
geno chr12.25014979 ceu  0 0 0 0 0 0 0 0 0 0 0 0 0 0 0 0 0 0 0 0 0 0 0 0 0 0 0 0 0 0 0 0 0 0 0 0 0 0 0 0 0 0 0 0 0 0 0 0 0 0 0 0 0 0 0 0 0 0 0 0 0 0 0 0 0 0 0 0 0 0 0 0 0 0 0 0 0 0
geno chr12.25014979 fin  0 0 0 0 0 0 0 0 0 0 0 0 0 0 0 0 0 0 0 0 0 0 0 0 0 0 0 0 0 0 0 0 0 0 0 0 0 0 0 0 0 0 0 0 0 0 0 0 0 0 0 0 0 0 0 0 0 0 0 0 0 0 0 0 0 0 0 0 0 0 0 0 0 0 0 0 0 0 0 0 0 0 0 0 0 0 0 0 0
geno chr12.25014979 gbr  0 0 0 0 0 0 0 0 0 0 0 0 0 0 0 0 0 0 0 0 0 0 0 0 0 0 0 0 0 0 0 0 0 0 0 0 0 0 0 0 0 0 0 0 0 0 0 0 0 0 0 0 0 0 0 0 0 0 0 0 0 0 0 0 0 0 0 0 0 0 0 0 0 0 0 0 0 0 0 0 0 0 0 0
geno chr12.25014979 tsi  0 0 0 0 0 0 0 0 0 0 0 0 0 0 0 0 0 0 0 0 0 0 0 0 0 0 0 0 0 0 0 0 0 0 0 0 0 0 0 0 0 0 0 0 0 0 0 0 0 0 0 0 0 0 0 0 0 0 0 0 0 0 0 0 0 0 0 0 0 0 0 0 0 0 0 0 0 0 0 0 0 0 0 0 0 0 0 0 0 0 0 0
geno chr12.25014979 yri  0 0 1 1 0 0 0 1 0 1 0 1 1 1 1 0 0 0 0 1 0 0 2 0 0 0 0 2 1 0 1 1 0 0 0 1 0 0 0 0 0 0 0 1 0 0 1 0 0 0 0 0 0 1 1 0 0 0 0 0 0 0 1 1 0 0 1 0 0 0 0 0 0 0 1 1 0
geno chr12.25015008 ceu  2 2 1 2 2 2 2 1 1 2 2 2 2 2 2 1 2 2 2 1 2 1 1 2 2 2 1 1 1 2 2 2 1 2 1 2 1 2 2 2 2 1 1 1 2 2 2 2 1 2 2 2 2 2 2 2 1 1 2 1 2 2 2 1 2 2 2 2 2 2 1 2 2 2 2 2 1 2
geno chr12.25015008 fin  1 2 1 1 2 2 1 2 2 1 2 1 2 2 2 2 1 2 1 1 2 2 2 2 2 2 2 2 2 1 1 2 2 1 2 0 2 2 2 2 1 2 2 2 2 2 2 1 1 2 2 2 2 2 2 2 2 2 2 1 2 2 2 1 2 2 2 1 2 2 2 2 1 2 2 2 2 2 2 2 1 2 1 2 1 2 2 2 2
geno chr12.25015008 gbr  2 2 2 1 2 2 2 2 1 2 1 2 2 2 1 2 2 2 1 1 2 1 1 2 2 2 2 2 2 2 1 2 2 2 1 2 2 2 2 2 2 1 2 1 2 1 2 1 1 2 2 2 1 2 2 2 2 1 2 2 1 2 2 2 2 2 2 2 2 0 2 2 1 2 1 1 2 0 2 2 1 2 2 1
geno chr12.25015008 tsi  2 2 2 2 2 2 2 2 2 1 2 2 2 2 2 2 1 2 1 2 2 2 2 2 2 1 2 1 2 2 1 1 2 1 2 2 2 2 2 2 2 2 2 2 2 1 1 2 2 2 2 2 2 2 2 1 1 2 2 1 2 2 2 1 2 2 1 1 2 2 2 1 2 2 2 2 2 2 1 1 0 2 2 2 1 2 2 2 2 2 2 1
geno chr12.25015008 yri  2 2 2 2 1 2 2 2 2 2 2 2 2 2 2 2 2 2 2 2 2 2 2 2 2 2 1 2 1 2 2 2 2 2 1 2 2 2 2 2 2 2 2 2 2 2 2 2 2 2 2 2 2 2 2 2 2 2 2 2 2 2 1 2 2 2 2 2 2 2 2 2 2 2 2 2 2
