pheno ENSG00000152464 ceu 1.891307 2.68081 1.535315 3.084192 2.425388 2.673884 0.5526512 -0.1849301 2.577451 2.158805 2.071121 1.773201 2.896911 1.073518 3.222938 -1.086865 2.153722 2.904891 -1.027595 0.2812128 3.992306 2.866051 1.381393 2.340428 2.602431 3.544802 1.252553 0.7407345 1.356247 3.235588 1.585086 4.961117 0.5427975 1.758162 1.189505 1.345487 4.2565 3.551793 -0.0664111 2.386777 -0.1144795 1.364745 2.492894 2.639987 2.591858 3.80243 3.384262 0.5299569 3.216544 4.627335 0.7165804 1.070151 3.785407 0.8784886 0.3321161 3.115063 0.07126171 2.307217 3.045012 3.296498 5.944012 3.467259 2.339273 3.690227 2.48096 1.902788 1.7598 2.747131 3.098906 0.9079655 2.383417 -0.5609322 4.074779 1.727127 2.279535 3.316484 2.28274 3.2925
pheno ENSG00000152464 fin 3.716645 3.280774 2.822478 1.912108 2.830176 1.433546 3.263498 2.024304 3.02348 2.243666 2.761234 2.081451 2.503622 1.468504 1.396027 4.423839 0.771816 3.430853 3.510151 4.338507 2.536305 3.015468 0.1467166 2.25872 2.708813 3.000344 0.3969125 2.813351 2.041396 2.926871 2.35558 3.568342 3.939528 2.184017 2.357235 3.085451 1.373741 1.762994 3.466416 0.1645375 1.95903 1.967264 2.917709 2.97625 4.25873 2.796512 4.754952 0.228531 2.741487 3.174105 2.893775 1.041289 4.708327 3.944646 3.322813 3.905293 1.267809 0.4000701 0.5374636 1.63317 2.052503 3.671335 3.331221 6.457746 4.640037 2.478581 3.78568 2.08018 0.9123246 2.98916 2.59783 1.947572 3.071551 1.862304 2.459176 4.095398 0.813842 2.716645 2.414657 2.817178 5.821547 1.157116 2.222796 1.149485 2.7555 2.975098 1.180341 2.302157 4.867863
pheno ENSG00000152464 gbr -2.009507 -1.830264 -0.6423986 -0.6990175 1.945176 -0.6862361 -1.407307 -0.4858677 -1.507134 0.05954302 -0.5454684 3.665894 1.035002 -0.4964446 -2.16271 0.5991497 1.246853 -0.6498892 -0.6961651 -0.2525997 -1.050707 0.9393973 -1.857628 2.100517 0.8332678 0.8040846 -1.500009 0.5547589 -0.765219 0.8450218 -1.262319 0.2113228 -0.3780743 1.27339 0.05564811 -0.2378149 1.180042 -1.799524 -0.4836109 -0.2205491 -0.7811177 -1.249774 -1.6748 -1.93707 -2.559836 -0.1341503 0.8798031 -1.410953 2.308023 2.173273 0.6421961 0.9704495 0.1712433 -2.912235 -2.300083 -0.9479864 -1.807566 -0.6645078 0.2607446 -0.2479474 -1.042872 -1.187734 -1.302258 0.1189781 -0.3024966 -0.3503804 -0.5449261 -2.283904 2.904626 -3.086106 -1.706302 -1.229411 1.49839 0.380144 -0.565735 0.6761336 -0.3992159 -2.263308 -2.152276 -1.465214 -1.409552 -0.2206342 -0.1781756 -1.620937
pheno ENSG00000152464 tsi 2.275814 3.415592 5.40378 2.904831 3.429625 3.745478 3.151322 1.979712 2.864611 4.817908 2.387327 2.492024 6.267836 3.881828 1.612263 2.265222 3.058966 2.674182 3.45658 2.317286 4.056961 3.608316 2.895791 2.439219 3.062614 0.7781182 2.851044 3.151162 3.007871 3.60827 2.417924 2.797937 0.7108741 3.345563 2.09061 3.716459 2.987397 2.224422 2.73918 3.795092 2.119426 4.480478 4.456446 5.185217 1.26604 4.266491 4.974696 2.97921 1.991441 3.580393 5.023429 2.021647 5.313465 4.414482 3.731569 0.9400192 3.850446 3.205626 1.503065 5.381732 1.339762 2.562279 4.464772 1.902716 4.988242 2.066319 1.805654 1.35187 0.6673012 5.218932 2.79837 1.938815 2.070772 4.206965 5.197814 1.526981 2.497224 2.236805 3.693472 0.6302642 2.177364 3.840479 3.828617 1.440574 3.582193 3.198369 1.414122 3.774462 4.858532 3.656634 3.381621 2.979222
pheno ENSG00000152464 yri 1.216273 2.17831 2.164182 1.877503 3.356437 2.404295 2.161883 2.116771 1.680898 2.69172 1.873355 3.164529 4.424638 3.999321 2.630227 0.3480137 3.458026 1.523894 2.775581 1.23498 4.035124 4.387809 5.492069 0.2590676 3.130658 2.59661 2.161347 2.682868 1.481036 3.673588 3.944214 3.811832 3.43457 2.106732 1.793503 0.04793231 2.869961 1.27136 1.362268 3.940145 2.537997 3.718585 3.328077 0.5851962 3.202857 2.380465 3.533113 0.4897996 4.360209 1.896015 1.864888 3.318709 1.553491 5.241703 1.793275 0.7544718 3.702119 3.772514 1.783314 5.944729 2.199567 2.168652 3.589482 1.751166 2.814326 -0.4581951 5.052702 2.681718 2.250891 0.06313849 -0.08910188 3.420303 3.42769 3.489545 2.323823 2.236344 1.161787
geno chr10.15039538 ceu  1 1 0 1 0 1 0 0 0 1 0 1 1 0 0 0 0 0 0 1 0 0 0 1 0 0 0 0 0 1 1 1 0 1 0 0 0 2 0 0 0 1 1 1 1 0 1 0 1 1 0 0 1 0 0 0 0 1 1 2 1 1 1 1 1 1 0 0 1 0 0 0 0 0 0 2 1 0
geno chr10.15039538 fin  1 0 1 1 0 0 1 1 1 0 0 0 1 0 0 2 0 0 0 1 1 0 0 0 1 0 0 1 1 0 0 2 2 0 1 1 0 0 1 0 1 0 0 0 1 0 1 0 1 1 0 0 1 1 0 0 0 0 0 0 0 1 1 1 2 1 1 0 1 1 0 1 1 0 2 0 0 0 1 0 0 0 1 0 0 0 1 1 0
geno chr10.15039538 gbr  0 0 1 1 1 1 1 0 1 0 0 2 2 1 0 0 1 0 1 1 0 1 0 1 0 0 0 0 0 1 0 0 1 2 1 0 0 0 0 1 0 0 0 0 0 1 0 1 2 1 0 0 1 0 0 1 0 0 0 1 0 1 0 0 0 2 0 0 1 0 0 0 1 0 0 0 1 0 0 0 1 1 0 0
geno chr10.15039538 tsi  0 1 1 0 0 1 1 0 0 0 0 0 2 0 0 0 0 0 1 0 1 0 0 0 1 0 0 0 0 1 1 1 0 0 0 0 0 0 0 0 1 0 1 0 0 1 1 1 0 0 2 0 1 1 0 0 1 0 0 0 0 1 0 0 1 0 0 0 0 1 0 0 0 1 0 0 1 0 0 0 0 1 1 0 1 0 0 1 2 0 0 1
geno chr10.15039538 yri  0 0 1 0 0 0 0 0 0 0 0 0 1 0 0 0 0 0 0 0 1 0 0 0 0 1 0 0 0 2 1 0 0 1 0 0 0 0 0 1 0 0 0 0 1 0 2 0 0 0 1 0 1 0 0 1 0 0 0 0 1 0 0 0 0 0 1 0 1 0 0 0 1 1 1 0 0
geno chr10.15039654 ceu  1 1 1 2 2 2 0 1 2 2 1 1 2 1 1 0 2 2 0 1 2 1 1 2 1 2 2 0 1 1 1 2 2 2 2 1 2 2 0 2 0 1 1 2 2 2 2 2 2 2 1 0 2 1 2 2 0 2 2 2 2 2 2 2 1 1 2 1 2 2 2 0 2 1 1 2 1 1
geno chr10.15039654 fin  1 1 2 1 2 0 2 1 1 1 1 0 1 1 1 2 2 2 2 2 1 2 0 2 2 2 2 1 1 1 2 2 2 2 1 2 0 2 2 1 2 1 1 2 2 2 2 0 2 2 2 2 2 2 2 2 1 1 1 1 1 1 2 2 2 2 2 2 2 2 2 1 2 0 2 2 0 1 2 0 2 1 2 1 1 2 1 2 2
geno chr10.15039654 gbr  1 0 2 2 2 1 1 2 2 1 0 2 2 1 1 2 2 1 2 2 1 2 1 2 2 2 1 2 2 2 0 2 2 2 2 2 2 1 2 2 2 1 1 0 1 2 2 1 2 2 2 2 1 0 0 1 0 2 2 1 2 2 1 1 1 2 1 0 2 0 1 2 1 1 0 1 2 1 1 1 1 2 2 0
geno chr10.15039654 tsi  2 2 2 2 1 1 1 0 1 2 2 2 2 0 2 2 2 1 2 2 2 1 1 1 1 1 2 1 2 2 2 1 2 1 1 1 1 0 2 2 2 2 2 2 1 2 2 2 2 1 2 1 2 2 1 2 1 1 1 2 1 1 2 2 2 1 2 2 1 2 1 2 2 2 2 1 1 1 2 0 1 2 2 2 1 2 1 2 2 1 2 2
geno chr10.15039654 yri  2 2 2 2 2 2 2 2 2 2 2 2 2 2 2 1 2 2 2 2 2 2 2 2 1 2 2 1 2 2 2 2 2 2 2 2 2 2 2 2 2 2 2 2 2 2 2 2 2 2 2 2 2 2 2 2 2 2 2 2 2 2 2 2 2 2 2 2 2 2 2 2 2 2 2 2 2
geno chr10.15039666 ceu  1 1 0 1 0 1 0 0 0 1 0 1 1 0 0 0 0 0 0 1 0 0 0 1 0 0 0 0 0 1 0 1 0 1 0 0 0 2 0 0 0 1 1 1 1 0 1 0 1 1 0 0 1 0 0 0 0 1 1 2 1 1 1 1 1 0 0 0 1 0 0 0 0 0 0 2 1 0
geno chr10.15039666 fin  1 0 1 1 0 0 1 1 1 0 0 0 1 1 0 2 0 0 0 1 1 0 0 0 1 0 0 1 1 0 0 2 2 0 1 1 0 0 1 0 1 0 0 0 1 0 1 0 1 1 0 0 1 1 0 0 0 0 0 0 0 1 1 1 2 2 1 0 1 1 0 1 1 0 2 0 0 0 1 0 0 0 1 0 0 0 1 1 0
geno chr10.15039666 gbr  0 0 1 1 1 1 1 0 1 0 0 2 2 1 0 0 1 1 1 1 0 1 1 1 0 0 0 0 0 1 0 0 1 2 1 0 0 0 0 1 0 0 0 0 0 1 0 1 2 1 0 0 1 0 0 1 0 0 0 1 0 1 0 0 0 1 0 0 1 0 0 0 1 0 0 0 1 0 0 0 1 1 0 0
geno chr10.15039666 tsi  0 1 1 0 0 1 1 0 0 0 0 0 2 0 0 0 0 0 1 0 1 0 0 0 1 0 0 0 0 1 1 1 0 0 0 0 0 0 0 0 1 0 1 0 0 1 1 1 0 0 2 0 1 1 0 0 1 0 0 0 0 1 0 0 1 0 0 0 0 1 0 0 0 1 0 0 1 0 0 0 0 1 1 0 1 0 0 1 2 0 0 1
geno chr10.15039666 yri  0 0 1 0 0 0 0 0 0 0 0 0 1 0 0 0 0 0 0 0 1 0 0 0 0 1 0 0 0 2 1 0 0 1 0 0 0 0 0 1 0 0 0 0 1 0 2 0 0 0 1 0 1 0 0 1 0 0 0 0 1 0 0 0 0 0 1 0 1 0 0 0 1 1 1 0 0
geno chr10.15039829 ceu  0 0 0 0 0 0 0 0 0 0 0 0 0 0 0 0 0 0 0 0 0 0 1 0 0 0 0 0 0 0 0 0 0 0 0 0 0 0 0 0 0 0 0 0 0 0 0 0 0 0 0 0 0 0 0 0 0 0 0 0 0 0 0 0 0 0 0 0 0 2 0 0 0 0 0 0 0 1
geno chr10.15039829 fin  0 0 0 0 0 0 0 0 0 0 0 0 0 0 0 0 0 0 0 0 0 0 0 0 0 0 0 0 0 0 0 0 0 0 0 0 0 0 0 0 0 0 0 0 0 0 0 0 0 0 0 0 0 0 0 0 0 0 0 0 0 0 0 0 0 0 0 1 0 0 0 0 0 0 0 0 0 0 0 0 0 0 1 0 0 0 0 0 0
geno chr10.15039829 gbr  0 0 0 0 0 0 0 0 0 0 0 0 0 0 0 0 0 0 0 0 0 0 0 0 0 0 0 1 0 0 0 0 1 0 0 0 1 0 0 0 0 0 0 0 0 0 0 0 0 1 0 0 0 0 0 0 0 0 0 0 0 0 0 0 0 0 0 0 0 0 0 0 0 0 0 0 0 0 0 0 0 0 0 0
geno chr10.15039829 tsi  0 0 0 1 0 0 0 0 0 0 0 1 0 0 0 0 0 0 0 1 0 0 0 0 0 0 0 0 0 0 0 0 0 0 0 0 0 0 0 0 0 0 0 0 0 0 0 0 0 0 0 0 0 0 0 0 0 0 0 0 0 0 0 1 0 0 0 0 0 0 0 0 0 0 0 0 0 0 0 0 0 0 0 0 0 0 0 1 0 0 0 0
geno chr10.15039829 yri  0 1 1 2 0 0 1 0 0 0 0 0 1 2 0 1 1 0 0 0 0 1 0 1 0 1 1 1 0 0 0 0 0 1 0 0 0 1 0 1 0 0 0 0 0 1 0 0 0 0 0 0 0 0 0 0 2 0 1 1 0 0 0 1 1 1 0 0 1 0 1 0 0 0 0 0 0
geno chr10.15039842 ceu  1 1 1 2 2 2 0 1 2 2 1 1 2 1 1 0 2 2 0 1 2 1 0 2 1 2 2 0 1 1 1 2 2 2 2 1 2 2 0 2 0 1 1 2 2 2 2 2 2 2 1 0 2 1 2 2 0 2 2 2 2 2 2 2 1 2 2 1 2 0 2 0 2 1 1 2 1 0
geno chr10.15039842 fin  1 1 2 1 2 0 2 1 1 1 1 0 1 1 1 2 2 2 2 2 1 2 0 2 2 2 2 1 1 1 2 2 2 2 1 2 0 2 2 1 2 1 1 2 2 2 2 0 2 2 2 2 2 2 2 2 1 1 1 1 1 1 2 2 2 2 2 1 2 2 2 1 2 0 2 2 0 1 2 0 2 1 1 1 1 2 1 2 2
geno chr10.15039842 gbr  1 0 2 2 2 1 1 2 2 1 0 2 2 1 1 2 2 1 2 2 1 2 1 2 2 2 1 1 2 2 0 2 1 2 2 2 1 1 2 2 2 1 1 0 1 2 2 1 2 1 2 2 1 0 0 1 0 2 2 1 2 2 1 1 1 2 1 0 2 0 1 2 1 1 0 1 2 1 1 1 1 2 2 0
geno chr10.15039842 tsi  2 2 2 1 1 1 1 0 1 2 2 1 2 0 2 2 2 1 2 1 2 1 1 1 1 1 2 1 2 2 2 1 2 1 1 1 1 0 2 2 2 2 2 2 1 2 2 2 2 1 2 1 2 2 1 2 1 1 1 2 1 1 2 1 2 1 2 2 1 2 1 2 2 2 2 1 1 1 2 0 1 2 2 2 1 2 1 1 2 1 2 2
geno chr10.15039842 yri  2 1 1 0 2 2 1 2 2 2 2 2 1 0 2 0 1 2 2 2 2 1 2 1 1 1 1 0 2 2 2 2 2 1 2 2 2 1 2 1 2 2 2 2 2 1 2 2 2 2 2 2 2 2 2 2 0 2 1 1 2 2 2 1 1 1 2 2 1 2 1 2 2 2 2 2 2
geno chr10.15039989 ceu  0 0 0 1 1 1 0 1 0 1 0 0 0 0 0 0 1 0 0 0 0 0 0 1 0 0 1 0 0 0 0 0 1 1 1 0 0 0 0 0 0 0 0 0 0 0 1 1 0 0 0 0 0 0 2 1 0 0 1 0 0 0 0 0 0 0 0 0 0 0 0 0 0 0 1 0 0 0
geno chr10.15039989 fin  0 0 0 0 0 0 0 0 0 0 0 0 0 0 0 0 0 1 0 0 0 0 0 0 0 0 1 0 0 0 0 0 0 0 0 0 0 0 0 1 1 0 0 0 0 1 0 0 0 0 0 1 0 0 0 0 0 0 0 0 0 0 0 0 0 0 0 0 0 1 1 0 0 0 0 0 0 0 0 0 0 0 0 0 0 0 0 0 0
geno chr10.15039989 gbr  0 0 0 0 0 0 0 1 0 0 0 0 0 0 0 0 0 0 0 0 0 0 0 0 1 0 0 0 0 0 0 0 0 0 0 1 0 1 0 0 1 0 0 0 0 0 0 0 0 0 0 0 0 0 0 0 0 0 1 0 0 0 0 0 0 0 0 0 0 0 1 1 0 0 0 0 0 1 0 0 0 0 0 0
geno chr10.15039989 tsi  0 0 0 0 0 0 0 0 0 0 1 0 0 0 1 1 0 0 0 1 0 0 0 0 0 1 0 0 0 0 1 0 1 0 0 0 0 0 1 0 1 0 0 0 0 0 0 1 1 0 0 0 0 0 0 1 0 0 0 0 0 0 0 0 0 0 0 1 1 0 0 1 1 0 0 0 0 1 0 0 0 0 0 0 0 0 1 0 0 0 0 0
geno chr10.15039989 yri  0 0 1 0 0 1 1 0 0 1 1 1 0 0 0 0 0 1 1 0 1 0 1 1 1 0 0 0 1 0 0 0 1 0 1 0 0 1 1 0 0 0 0 1 0 0 0 0 0 0 1 0 0 0 1 1 0 1 0 0 0 1 1 1 1 0 0 0 0 2 1 1 1 0 0 0 1
geno chr10.15040118 ceu  1 1 1 2 2 1 0 0 2 2 1 1 2 0 1 0 2 1 0 1 2 1 1 2 0 1 1 0 1 1 1 1 2 2 2 1 2 2 0 2 0 0 1 1 2 2 1 1 1 2 0 0 2 1 2 2 0 2 1 2 2 1 2 2 0 2 0 0 2 2 1 0 2 1 1 2 0 1
geno chr10.15040118 fin  1 0 2 1 2 0 2 1 1 0 0 0 1 0 0 2 2 2 2 1 0 2 0 2 0 2 0 1 0 1 2 2 2 2 0 2 0 2 2 1 2 0 0 2 2 2 2 0 1 2 2 2 2 2 1 1 0 1 0 0 1 1 2 2 1 2 2 2 2 2 2 1 1 0 2 1 0 1 1 0 2 1 2 0 1 1 1 2 2
geno chr10.15040118 gbr  1 0 2 2 2 1 1 2 2 1 0 2 2 1 0 1 1 0 1 2 0 2 0 1 2 2 1 2 2 2 0 2 2 2 2 2 2 1 2 2 2 0 1 0 1 2 2 1 2 2 2 2 1 0 0 0 0 2 2 1 1 2 0 0 0 1 1 0 2 0 1 2 1 1 0 0 2 1 1 1 1 2 2 0
geno chr10.15040118 tsi  2 2 1 2 0 1 1 0 1 2 2 2 2 0 2 2 1 1 2 2 1 1 0 1 1 1 2 0 1 1 2 0 1 0 0 0 0 0 2 2 2 2 2 2 0 2 2 2 2 1 2 0 2 2 1 2 1 0 1 2 0 0 1 2 2 1 1 2 0 2 0 1 2 2 2 0 0 1 1 0 1 2 2 2 1 2 1 2 2 1 1 2
geno chr10.15040118 yri  2 1 2 2 2 2 2 2 2 1 1 1 1 2 2 0 2 2 2 2 2 2 2 1 0 2 1 0 2 1 2 2 2 1 2 2 2 0 2 2 2 1 2 1 2 1 2 1 2 2 2 2 2 2 2 2 1 2 2 1 2 2 2 1 1 2 2 2 1 0 2 2 2 2 2 2 1
geno chr10.15040912 ceu  0 0 0 0 0 0 0 0 0 0 0 0 0 0 0 0 0 0 0 0 0 0 1 0 0 0 0 0 0 0 0 0 0 0 0 0 0 0 0 0 0 0 0 0 0 0 0 0 0 0 0 0 0 0 0 0 0 0 0 0 0 0 0 0 0 0 0 0 0 2 0 0 0 0 0 0 0 1
geno chr10.15040912 fin  0 0 0 0 0 0 0 0 0 0 0 0 0 0 0 0 0 0 0 0 0 0 0 0 0 0 0 0 0 0 0 0 0 0 0 0 0 0 0 0 0 0 0 0 0 0 0 0 0 0 0 0 0 0 0 0 0 0 0 0 0 0 0 0 0 0 0 1 0 0 0 0 0 0 0 0 0 0 0 0 0 0 1 0 0 0 0 0 0
geno chr10.15040912 gbr  0 0 0 0 0 0 0 0 0 0 0 0 0 0 0 0 0 0 0 0 0 0 0 0 0 0 0 1 0 0 0 0 1 0 0 0 1 0 0 0 0 0 0 0 0 0 0 0 0 1 0 0 0 0 0 0 0 0 0 0 0 0 0 0 0 0 0 0 0 0 0 0 0 0 0 0 0 0 0 0 0 0 0 0
geno chr10.15040912 tsi  0 0 0 1 0 0 0 0 0 0 0 1 0 0 0 0 0 0 0 1 0 0 0 0 0 0 0 0 0 0 0 0 0 0 0 0 0 0 0 0 0 0 0 0 0 0 0 0 0 0 0 0 0 0 0 0 0 0 0 0 0 0 0 1 0 0 0 0 0 0 0 0 0 0 0 0 0 0 0 0 0 0 0 0 0 0 0 1 0 0 0 0
geno chr10.15040912 yri  0 1 0 1 0 0 1 0 0 0 0 1 1 1 0 1 1 0 0 0 0 1 0 0 0 0 1 1 0 0 0 0 1 0 1 0 0 0 0 1 0 0 0 0 0 1 0 1 1 0 1 0 0 0 0 0 1 0 1 1 0 0 0 1 0 1 0 0 0 0 0 0 0 0 0 0 0
geno chr10.15041157 ceu  0 0 0 0 0 0 0 0 0 0 0 0 0 0 0 0 0 0 0 0 0 0 1 0 0 0 0 0 0 0 0 0 0 0 0 0 0 0 0 0 0 0 0 0 0 0 0 0 0 0 0 0 0 0 0 0 0 0 0 0 0 0 0 0 0 0 0 0 0 2 0 0 0 0 0 0 0 1
geno chr10.15041157 fin  0 0 0 0 0 0 0 0 0 0 0 0 0 0 0 0 0 0 0 0 0 0 0 0 0 0 0 0 0 0 0 0 0 0 0 0 0 0 0 0 0 0 0 0 0 0 0 0 0 0 0 0 0 0 0 0 0 0 0 0 0 0 0 0 0 0 0 1 0 0 0 0 0 0 0 0 0 0 0 0 0 0 1 0 0 0 0 0 0
geno chr10.15041157 gbr  0 0 0 0 0 0 0 0 0 0 0 0 0 0 0 0 0 0 0 0 0 0 0 0 0 0 0 1 0 0 0 0 1 0 0 0 1 0 0 0 0 0 0 0 0 0 0 0 0 1 0 0 0 0 0 0 0 0 0 0 0 0 0 0 0 0 0 0 0 0 0 0 0 0 0 0 0 0 0 0 0 0 0 0
geno chr10.15041157 tsi  0 0 0 1 0 0 0 0 0 0 0 1 0 0 0 0 0 0 0 1 0 0 0 0 0 0 0 0 0 0 0 0 0 0 0 0 0 0 0 0 0 0 0 0 0 0 0 0 0 0 0 0 0 0 0 0 0 0 0 0 0 0 0 1 0 0 0 0 0 0 0 0 0 0 0 0 0 0 0 0 0 0 0 0 0 0 0 1 0 0 0 0
geno chr10.15041157 yri  1 0 0 0 0 0 1 0 0 0 0 1 0 2 1 1 1 0 0 0 1 1 1 0 1 0 1 0 1 0 0 0 1 1 2 1 0 0 0 1 0 0 0 0 0 1 0 1 0 0 1 1 0 0 1 1 0 2 0 1 0 0 1 1 1 1 0 0 0 1 2 0 1 0 0 0 0
geno chr10.15041266 ceu  1 1 1 2 2 2 0 1 2 2 1 1 2 1 1 0 2 2 0 1 2 1 1 2 1 2 2 0 1 1 1 2 2 2 2 1 2 2 0 1 0 1 1 2 2 2 2 1 2 2 1 0 1 0 2 2 0 2 2 2 2 2 2 2 1 1 2 1 2 2 2 0 2 1 1 2 1 1
geno chr10.15041266 fin  1 1 1 1 1 0 2 1 1 1 1 0 1 1 1 2 2 2 2 2 1 2 0 2 2 2 2 1 1 1 2 2 2 2 1 2 0 2 2 1 2 1 1 2 2 2 2 0 2 2 1 1 2 2 2 2 1 0 1 1 0 1 2 2 2 2 2 2 1 2 1 1 2 0 2 2 0 1 2 0 1 1 2 0 1 2 1 2 1
geno chr10.15041266 gbr  1 0 2 1 2 1 1 2 2 1 0 2 2 1 1 2 2 1 2 2 1 2 1 2 2 2 1 2 2 2 0 2 2 2 2 2 2 1 1 2 2 1 0 0 1 2 1 1 2 2 2 2 1 0 0 1 0 2 2 1 1 2 1 1 1 2 1 0 2 0 1 2 1 1 0 0 1 1 1 1 1 2 2 0
geno chr10.15041266 tsi  2 2 2 2 1 1 1 0 1 2 2 2 2 0 2 2 2 1 2 2 2 1 1 1 1 1 1 1 2 2 2 1 2 1 1 1 1 0 2 2 2 2 2 2 1 2 2 2 2 1 2 0 2 2 1 2 1 1 1 2 1 1 2 1 2 0 2 2 1 2 1 2 1 2 2 0 1 1 2 0 1 1 2 2 1 2 1 2 2 1 1 2
geno chr10.15041266 yri  2 2 2 2 2 2 2 1 2 2 2 2 2 2 2 1 2 2 2 1 2 2 2 2 1 2 2 1 2 2 2 2 2 2 2 2 2 1 1 2 2 2 2 2 2 2 2 2 2 2 2 2 2 2 2 2 2 2 2 2 2 2 2 2 2 2 2 2 1 2 2 2 2 2 2 2 2
geno chr10.15041392 ceu  1 1 1 2 2 2 0 1 2 2 1 1 2 1 1 0 2 2 0 1 2 1 1 2 1 2 2 0 1 1 1 2 2 2 2 1 2 2 0 2 0 1 1 2 2 2 2 2 2 2 1 0 2 1 2 2 0 2 2 2 2 2 2 2 1 2 2 1 2 2 2 0 2 1 1 2 1 1
geno chr10.15041392 fin  1 1 2 1 2 0 2 1 1 1 1 0 1 1 1 2 2 2 2 2 1 2 0 2 2 2 2 1 1 1 2 2 2 2 1 2 0 2 2 1 2 1 1 2 2 2 2 0 2 2 2 2 2 2 2 2 1 1 1 1 1 1 2 2 2 2 2 2 2 2 2 1 1 0 1 2 0 1 2 0 2 1 1 1 1 2 1 2 2
geno chr10.15041392 gbr  1 0 2 2 2 1 1 2 2 1 0 2 2 1 1 2 2 1 2 2 1 2 1 2 2 2 1 2 2 2 0 2 1 2 2 2 2 1 2 2 2 1 1 0 1 2 2 1 2 2 2 2 1 0 0 1 0 2 2 1 2 2 1 1 1 2 1 0 2 0 1 2 1 1 0 1 2 1 1 1 1 2 2 0
geno chr10.15041392 tsi  2 2 2 2 1 1 1 0 1 2 2 2 2 0 2 2 2 1 2 2 2 1 1 1 1 1 2 1 2 2 2 1 2 1 1 1 1 0 2 2 2 2 2 2 1 2 2 2 2 1 2 1 2 2 1 2 1 1 1 2 1 1 2 2 2 1 2 2 1 2 1 2 2 2 2 1 1 1 2 0 1 2 2 2 1 2 1 2 2 1 2 2
geno chr10.15041392 yri  2 2 2 2 2 2 2 1 2 2 2 2 2 2 2 2 2 2 2 1 2 2 2 2 2 2 2 2 2 2 2 2 2 2 2 2 2 1 1 2 2 1 2 1 2 2 2 2 2 2 2 2 2 2 2 2 2 2 2 2 2 2 2 2 2 2 2 2 1 2 2 2 2 2 2 2 2
geno chr10.15041405 ceu  1 1 1 2 2 2 0 1 2 2 1 1 2 1 1 0 2 2 0 1 2 1 1 2 1 1 2 0 1 1 1 2 2 1 2 1 2 2 0 2 0 1 1 2 2 2 2 2 2 2 1 0 2 1 2 2 0 2 2 2 2 2 2 2 1 2 2 1 2 2 2 0 2 1 1 2 1 1
geno chr10.15041405 fin  1 1 2 1 2 0 2 1 1 1 1 0 1 1 1 2 2 2 2 2 1 2 0 2 2 2 2 1 1 1 2 2 2 2 1 2 0 2 2 1 2 1 1 2 2 2 2 0 2 2 2 2 2 2 2 2 1 1 1 1 1 1 2 2 2 2 1 2 2 1 1 1 1 0 1 2 0 1 2 0 2 1 2 1 1 2 1 2 1
geno chr10.15041405 gbr  1 0 2 1 2 1 1 2 2 1 0 2 2 1 1 2 2 1 2 2 1 2 1 2 2 2 1 2 1 2 0 2 2 2 2 2 2 1 2 2 2 1 1 0 1 2 2 1 2 2 2 2 1 0 0 1 0 2 2 1 1 2 1 1 1 2 1 0 2 0 1 2 1 1 0 1 2 1 1 1 1 2 2 0
geno chr10.15041405 tsi  2 2 2 2 1 1 1 0 1 2 2 2 2 0 2 1 2 1 2 2 2 1 1 1 1 1 2 1 2 2 2 1 2 1 1 1 1 0 2 2 2 2 2 2 1 2 2 2 2 1 2 1 2 2 1 2 1 1 1 2 1 1 2 2 2 1 2 2 1 2 1 2 2 2 2 1 1 1 2 0 1 2 2 2 1 2 1 2 2 1 2 2
geno chr10.15041405 yri  2 2 1 1 2 2 2 1 2 2 2 2 2 2 2 2 2 2 2 1 2 2 2 1 2 2 2 2 2 2 1 2 2 1 2 2 2 1 1 2 2 2 2 2 2 2 2 2 2 2 2 2 2 2 2 2 0 2 2 2 2 2 2 2 1 2 2 2 1 2 1 2 2 2 2 2 2
geno chr10.15041861 ceu  1 1 1 2 1 2 0 1 0 2 0 1 1 0 0 0 1 0 0 1 0 0 0 2 0 0 1 0 0 1 1 1 1 2 1 1 0 2 0 0 0 1 1 0 1 0 2 1 1 1 0 0 1 0 2 1 0 1 2 1 0 1 1 1 1 1 0 0 1 0 0 0 0 0 1 2 1 0
geno chr10.15041861 fin  1 0 1 0 0 0 1 0 1 0 0 0 1 0 0 2 0 2 0 1 1 0 0 0 1 0 1 1 1 0 1 2 2 0 1 1 0 0 1 1 1 0 0 0 1 1 1 0 1 1 0 1 1 1 0 0 0 0 0 0 0 1 1 1 1 2 1 0 1 1 1 1 2 0 1 0 0 0 0 0 0 0 1 0 0 0 1 1 0
geno chr10.15041861 gbr  0 0 1 0 1 1 1 1 1 0 0 2 2 0 0 0 1 1 1 2 0 1 1 1 1 0 0 0 0 1 0 0 1 2 2 1 0 1 0 1 1 0 0 0 0 1 0 1 2 1 0 0 1 0 0 1 0 0 1 1 0 1 0 0 0 2 1 0 1 0 1 1 1 0 0 0 1 1 0 0 1 0 0 0
geno chr10.15041861 tsi  0 0 1 0 0 0 1 0 0 0 1 0 2 0 1 1 0 1 1 1 1 1 0 0 1 1 0 0 0 1 2 1 1 0 0 0 0 0 1 0 2 1 1 1 0 1 1 2 1 0 2 0 1 2 0 1 1 0 0 0 0 1 0 0 1 0 0 1 1 1 0 1 1 0 0 0 1 1 0 0 0 1 1 0 0 0 1 1 2 0 0 0
geno chr10.15041861 yri  0 0 0 0 0 1 1 0 0 1 1 0 1 1 0 0 1 1 0 0 2 0 0 1 0 2 0 0 0 2 1 1 0 1 1 0 1 1 1 2 1 0 0 1 1 0 1 0 0 0 1 0 1 0 1 1 0 0 0 0 1 1 2 1 0 1 1 0 1 1 1 2 1 1 1 0 2
geno chr10.15041908 ceu  1 1 1 2 2 2 0 1 2 2 1 1 2 1 1 0 2 2 0 1 2 1 1 2 1 2 2 0 1 1 1 2 2 2 2 1 2 2 0 2 0 1 1 2 2 2 2 2 2 2 1 0 2 1 2 2 0 2 2 2 2 2 2 2 1 2 2 1 2 2 2 0 2 1 1 2 1 1
geno chr10.15041908 fin  1 1 2 1 2 0 2 1 1 1 1 0 1 1 1 2 2 2 2 2 1 2 0 2 2 2 2 1 1 1 2 2 2 2 1 2 0 2 2 1 2 1 1 2 2 2 2 0 2 2 2 2 2 2 2 2 1 1 1 1 1 1 2 2 2 2 1 2 2 2 2 1 1 0 1 2 0 1 2 0 2 1 2 1 1 2 1 2 2
geno chr10.15041908 gbr  1 0 2 2 2 1 1 2 2 1 0 2 2 1 1 2 2 1 2 1 1 2 1 2 2 2 1 2 1 2 0 2 1 2 2 2 2 1 2 2 2 1 1 0 1 2 2 1 2 2 2 2 1 0 0 1 0 2 2 1 1 2 1 1 1 2 1 0 2 0 1 2 1 1 0 1 2 1 1 1 1 2 2 0
geno chr10.15041908 tsi  2 2 2 2 1 1 1 0 1 2 2 2 2 0 2 2 2 1 2 2 2 1 1 1 1 1 2 1 2 2 2 1 2 1 1 1 1 0 2 2 2 2 2 2 1 2 2 2 2 1 2 1 2 2 1 2 1 1 1 2 1 1 2 2 2 1 2 2 1 2 1 2 2 2 2 1 1 1 2 0 1 2 2 2 1 2 1 2 2 1 2 2
geno chr10.15041908 yri  2 2 1 1 2 2 1 1 2 2 2 2 2 2 2 2 2 2 2 2 2 2 2 1 2 2 2 2 2 2 1 2 2 1 2 2 2 1 1 2 2 1 2 1 2 2 2 2 2 2 2 2 2 2 2 2 1 2 2 2 2 1 2 2 1 2 2 2 1 2 1 2 2 2 2 2 2
geno chr10.15042160 ceu  0 0 0 0 0 0 0 0 0 0 0 0 0 1 0 0 0 0 0 0 0 0 0 0 0 1 0 0 0 0 0 0 0 0 0 0 0 0 0 0 0 0 0 0 0 0 0 0 0 0 0 0 0 0 0 0 0 0 0 1 0 0 0 0 0 0 0 0 0 0 0 0 0 0 0 0 0 0
geno chr10.15042160 fin  0 1 0 0 0 0 0 0 0 0 1 0 0 0 1 0 0 0 1 0 0 0 0 0 0 0 0 0 0 0 0 0 0 0 0 0 0 1 0 0 1 0 1 0 0 0 0 0 0 0 0 0 0 0 0 1 1 0 1 1 0 0 0 0 0 0 0 0 0 0 0 0 0 0 1 1 0 0 0 0 0 0 0 0 0 0 0 0 0
geno chr10.15042160 gbr  0 0 0 0 0 0 0 0 0 0 0 0 0 0 0 0 1 0 0 0 0 0 0 0 0 0 0 0 0 0 0 1 0 0 0 0 0 0 0 0 0 0 0 0 0 0 0 0 0 0 0 0 0 0 0 0 0 1 0 0 0 0 0 0 1 0 0 0 0 0 0 0 0 0 0 0 0 0 0 0 0 0 0 0
geno chr10.15042160 tsi  0 0 0 0 0 0 0 0 0 0 0 0 0 0 0 0 0 0 0 0 0 0 1 0 0 0 0 0 0 0 0 0 0 0 1 0 0 0 1 0 0 0 0 0 0 0 0 0 0 0 0 0 0 0 0 1 0 0 0 0 0 0 0 0 0 0 1 1 0 0 0 0 0 0 0 0 0 0 0 0 0 0 0 1 0 0 0 0 0 0 0 0
geno chr10.15042160 yri  0 0 0 0 0 0 0 0 0 0 0 0 0 0 0 0 0 0 0 0 0 0 0 0 0 0 0 0 0 0 0 0 0 0 0 0 0 0 0 0 0 0 0 0 0 0 0 0 0 0 0 0 0 0 0 0 0 0 0 0 0 0 0 0 0 0 0 0 0 0 0 0 0 0 0 0 0
geno chr10.15042272 ceu  1 1 1 2 1 2 0 1 0 2 0 1 1 0 0 0 1 0 0 1 0 0 0 2 0 0 1 0 0 1 1 1 1 2 1 1 0 2 0 0 0 1 1 1 1 0 2 1 1 1 0 0 1 0 2 1 0 1 2 1 1 1 1 1 1 1 0 0 1 0 0 0 0 0 1 2 1 0
geno chr10.15042272 fin  1 0 1 1 0 0 1 0 1 0 0 0 1 0 0 2 0 2 0 1 1 0 0 0 1 0 1 1 1 0 1 2 2 0 1 1 0 0 1 1 1 0 0 0 1 1 1 0 1 1 0 1 1 1 0 0 0 0 0 0 0 1 1 1 1 2 1 0 1 2 1 1 2 0 1 0 0 0 1 0 0 0 1 0 0 0 1 1 0
geno chr10.15042272 gbr  0 0 1 1 1 1 1 1 1 0 0 2 2 1 0 0 1 1 1 2 0 1 1 1 1 0 0 0 0 1 0 0 1 2 2 1 0 1 0 1 1 0 0 0 0 1 0 1 2 1 0 0 1 0 0 1 0 0 1 1 0 1 0 0 0 2 1 0 1 0 1 1 1 0 0 0 1 1 0 0 1 1 0 0
geno chr10.15042272 tsi  0 1 1 0 0 0 1 0 0 0 1 0 2 0 1 1 0 1 1 1 1 1 0 0 1 1 0 0 0 1 2 1 1 0 0 0 0 0 1 0 2 1 1 1 0 1 2 2 1 0 2 0 1 2 0 1 1 0 0 0 0 1 0 0 1 0 0 1 1 1 0 1 1 1 0 0 1 1 0 0 0 1 1 0 1 0 1 1 2 0 0 0
geno chr10.15042272 yri  0 0 0 0 0 1 1 0 0 1 1 0 1 1 0 0 1 1 0 0 2 0 0 1 0 2 0 0 0 2 1 1 0 1 1 0 1 1 1 2 1 0 0 1 1 0 1 0 0 0 1 0 1 0 1 1 0 0 0 0 1 1 2 1 0 1 1 0 1 1 1 2 1 1 1 0 2
geno chr10.15042444 ceu  1 1 1 2 2 2 0 1 2 2 0 1 2 1 1 0 2 2 0 1 2 1 0 2 1 2 2 0 1 1 1 2 2 2 2 1 2 2 0 0 0 1 1 2 2 2 2 1 2 2 1 0 1 0 2 2 0 2 2 2 2 2 2 1 1 1 2 1 1 0 2 0 2 1 1 2 1 0
geno chr10.15042444 fin  1 1 1 1 1 0 2 1 1 1 1 0 1 1 1 2 2 2 2 2 1 2 0 2 2 2 2 1 1 1 2 2 2 2 1 1 0 2 2 1 2 1 1 2 2 2 2 0 2 2 0 1 2 2 2 2 1 0 1 1 0 1 1 2 2 2 1 1 1 2 1 1 2 0 2 2 0 1 2 0 1 0 1 0 1 2 1 2 1
geno chr10.15042444 gbr  1 0 2 1 2 1 1 1 1 1 0 2 2 1 1 2 2 1 2 2 1 2 1 2 2 2 1 1 0 2 0 1 1 2 2 2 1 1 0 2 2 1 0 0 0 2 1 1 2 1 2 2 1 0 0 1 0 2 2 1 0 2 1 1 1 2 1 0 2 0 1 2 1 1 0 0 1 1 1 1 1 2 2 0
geno chr10.15042444 tsi  2 2 2 1 1 1 1 0 1 2 2 1 2 0 2 2 2 1 2 1 2 1 1 1 1 1 1 1 2 2 2 1 2 1 1 1 1 0 2 2 2 2 2 2 1 2 2 2 2 1 2 0 1 2 1 2 1 1 1 2 1 1 2 0 2 0 2 2 1 2 1 2 1 2 2 0 1 1 2 0 1 1 2 2 1 2 1 1 2 1 1 1
geno chr10.15042444 yri  1 1 1 0 2 2 1 1 2 2 2 1 1 1 1 0 2 2 1 1 2 1 1 1 0 2 1 0 1 2 1 2 1 1 1 1 2 1 1 2 1 1 1 1 2 1 2 1 1 2 1 2 2 2 1 1 0 0 0 1 2 2 2 1 0 2 2 0 1 1 1 2 1 2 2 2 2
geno chr10.15042603 ceu  1 1 1 2 2 2 0 1 2 2 1 1 2 1 1 1 2 2 0 1 2 1 1 2 1 2 2 0 1 1 1 2 2 2 2 1 2 2 0 2 0 1 1 2 2 2 2 2 2 2 1 0 2 1 2 2 0 2 2 2 2 2 2 2 1 2 2 1 2 2 2 0 2 1 1 2 1 1
geno chr10.15042603 fin  1 1 2 1 2 0 2 1 1 1 1 0 1 1 1 2 2 2 2 2 1 2 0 2 2 2 2 1 1 1 2 2 2 2 1 2 0 2 2 1 2 1 1 2 2 2 2 0 2 2 2 2 2 2 2 2 1 1 1 1 1 1 2 2 2 2 2 2 2 2 2 1 2 0 2 2 0 1 2 0 2 1 2 1 1 2 1 2 2
geno chr10.15042603 gbr  1 0 2 2 2 1 1 2 2 1 0 2 2 1 1 2 2 1 2 2 1 2 1 2 2 2 1 2 2 2 0 2 2 2 2 2 2 1 2 2 2 1 1 0 1 2 2 1 2 2 2 2 1 0 0 1 0 2 2 1 2 2 1 1 1 2 1 0 2 0 1 2 1 1 0 1 2 1 1 1 1 2 2 0
geno chr10.15042603 tsi  2 2 2 2 1 1 1 0 1 2 2 2 2 0 2 2 2 1 2 2 2 1 1 1 1 1 2 1 2 2 2 1 2 1 1 1 1 0 2 2 2 2 2 2 1 2 2 2 2 1 2 1 2 2 1 2 1 1 1 2 1 1 2 2 2 1 2 2 1 2 1 2 2 2 2 1 1 1 2 0 1 2 2 2 1 2 1 2 2 1 2 2
geno chr10.15042603 yri  2 2 1 1 2 2 1 1 2 2 2 2 2 2 2 2 2 2 2 2 2 2 2 1 2 2 2 2 2 2 2 2 2 1 2 2 2 1 1 2 2 2 2 2 2 2 2 2 2 2 2 2 2 2 2 2 1 2 2 2 2 2 2 2 1 2 2 2 1 2 1 2 2 2 2 2 2
geno chr10.15042621 ceu  1 1 1 2 2 2 0 1 2 2 1 1 2 1 1 0 2 2 0 1 2 1 1 2 1 2 2 0 1 1 1 2 2 2 2 1 2 2 0 2 0 1 1 2 2 2 2 2 2 2 1 0 2 1 2 2 0 2 2 2 2 2 2 2 1 2 2 1 2 2 2 0 2 1 1 2 1 1
geno chr10.15042621 fin  1 1 2 1 2 0 2 1 1 1 1 0 1 1 1 2 2 2 2 2 1 2 0 2 2 2 2 1 1 1 2 2 2 2 1 2 0 2 2 1 2 1 1 2 2 2 2 0 2 2 2 2 2 2 2 2 1 1 1 1 1 1 2 2 2 1 2 2 2 2 2 1 2 0 2 2 0 1 2 0 2 1 2 1 1 2 1 2 2
geno chr10.15042621 gbr  1 0 2 2 2 1 1 2 2 1 0 2 2 1 1 2 2 1 2 2 1 2 1 2 2 2 1 2 2 2 0 2 2 2 2 2 2 1 2 2 2 1 1 0 1 2 2 1 2 2 2 2 1 0 0 1 0 2 2 1 2 2 1 1 1 2 1 0 2 0 1 2 1 1 0 1 2 1 1 1 1 2 2 0
geno chr10.15042621 tsi  2 2 2 2 1 1 1 0 1 2 2 2 2 0 2 2 2 1 2 2 2 1 1 1 1 1 2 1 2 2 2 1 2 1 1 1 1 0 2 2 2 2 2 2 1 2 2 2 2 1 2 1 2 2 1 2 1 1 1 2 1 1 2 2 2 1 2 2 1 2 1 2 2 2 2 1 1 1 2 0 1 2 2 2 1 2 1 2 2 1 2 2
geno chr10.15042621 yri  2 2 1 1 2 2 1 1 2 2 2 2 2 2 2 2 2 2 2 2 2 2 2 1 2 2 2 2 2 2 2 2 2 1 2 2 2 1 1 2 2 2 2 2 2 2 2 2 2 2 2 2 2 2 2 2 1 2 2 2 2 2 2 2 1 2 2 2 1 2 1 2 2 2 2 2 2
geno chr10.15042881 ceu  1 1 1 1 1 1 0 0 2 1 1 1 2 1 1 0 1 2 0 1 2 1 1 1 1 2 1 0 1 1 0 2 1 1 1 1 2 2 0 2 0 1 1 2 2 2 1 1 2 2 1 0 2 1 0 1 0 2 1 2 2 2 2 2 1 2 2 1 2 2 2 0 2 1 0 2 1 1
geno chr10.15042881 fin  1 1 2 1 2 0 2 1 1 1 1 0 1 1 1 2 2 1 2 2 1 2 0 2 2 2 1 1 1 1 2 2 2 2 1 2 0 2 2 0 1 1 1 2 2 1 2 0 2 2 2 1 2 2 2 2 1 1 1 1 1 1 2 2 1 2 1 2 2 1 1 1 1 0 1 2 0 1 2 0 2 1 2 1 1 2 1 2 2
geno chr10.15042881 gbr  1 0 2 1 1 1 1 1 2 1 0 2 2 1 1 2 2 1 2 1 1 2 1 2 1 2 1 2 1 2 0 2 1 2 2 1 2 0 2 2 1 1 1 0 1 2 2 1 2 2 2 2 1 0 0 1 0 2 1 1 1 2 1 1 1 1 1 0 2 0 0 1 1 1 0 1 2 0 1 1 1 2 2 0
geno chr10.15042881 tsi  2 2 2 2 1 1 1 0 1 2 1 2 2 0 1 1 2 1 2 1 2 1 1 1 1 0 2 1 2 2 1 1 1 1 1 1 1 0 1 2 1 2 2 2 1 2 2 1 1 1 2 1 2 2 1 1 1 1 1 2 1 1 2 2 2 1 2 1 0 2 1 1 1 2 2 1 1 0 2 0 1 2 2 2 1 2 0 2 2 1 2 2
geno chr10.15042881 yri  2 2 2 2 2 1 2 1 2 2 1 2 2 2 2 2 2 2 2 2 2 2 2 1 2 2 2 2 2 2 1 2 2 2 2 1 2 0 0 2 1 1 2 1 2 2 2 2 2 2 2 2 2 2 2 2 2 2 2 2 2 1 2 2 2 2 2 2 1 1 2 1 2 2 2 2 0
geno chr10.15042896 ceu  1 1 1 2 2 2 0 1 2 2 1 1 2 1 1 0 2 2 0 1 2 1 1 2 1 2 2 0 1 1 1 2 2 2 2 1 2 2 0 2 0 1 1 2 2 2 2 2 2 2 1 0 2 1 2 2 0 2 1 2 2 2 2 2 1 2 2 1 2 2 2 0 2 1 1 2 1 1
geno chr10.15042896 fin  1 1 2 1 2 1 2 1 1 1 1 0 1 1 1 2 2 2 2 2 1 2 0 2 2 2 2 1 1 1 2 2 2 2 1 2 0 2 2 1 2 1 1 2 2 2 2 0 2 2 2 2 2 2 2 2 1 1 1 1 1 1 2 2 2 2 2 2 2 2 2 0 1 0 1 2 0 1 2 0 2 1 2 1 1 2 1 2 2
geno chr10.15042896 gbr  1 0 2 2 2 1 1 2 2 1 0 2 2 1 1 2 2 1 2 2 1 2 1 2 2 2 1 2 1 2 0 2 1 2 2 2 2 1 2 2 2 1 1 0 1 2 2 1 2 2 2 2 1 0 0 1 0 2 2 1 2 2 1 1 1 2 1 0 2 0 1 2 1 1 0 1 2 1 1 1 1 2 2 0
geno chr10.15042896 tsi  2 2 2 2 1 1 1 0 1 2 2 2 2 0 2 2 2 1 2 2 2 1 1 1 1 1 2 1 2 2 2 1 2 1 1 1 1 0 2 2 2 2 2 2 1 2 2 2 2 1 2 1 2 2 1 2 1 1 1 2 1 1 2 2 2 1 2 2 1 2 1 2 2 2 2 1 1 1 2 0 1 2 2 2 1 2 1 2 2 1 2 2
geno chr10.15042896 yri  2 2 2 2 2 2 2 1 2 2 2 2 2 2 2 2 2 2 2 2 2 2 2 2 2 2 2 2 2 2 1 2 2 2 2 2 2 1 1 2 2 2 2 1 2 2 2 2 2 2 2 2 2 2 2 2 2 2 2 2 2 2 2 2 2 2 2 2 1 2 2 2 2 2 2 2 2
geno chr10.15043009 ceu  1 1 1 1 1 1 0 0 2 1 1 1 2 1 1 1 1 2 0 1 2 1 1 1 1 2 1 0 1 1 0 2 1 1 1 1 2 2 0 2 0 1 1 2 2 2 1 1 2 2 1 0 2 1 0 1 0 2 1 2 2 2 2 2 1 2 2 1 2 2 2 0 2 1 0 2 1 1
geno chr10.15043009 fin  1 1 2 1 2 0 2 1 1 1 1 0 1 1 1 2 2 1 2 2 1 2 0 2 2 2 1 1 1 1 2 2 2 2 1 2 0 2 2 0 1 1 1 2 2 1 2 0 2 2 2 1 2 2 2 2 1 1 1 1 1 1 2 2 1 2 1 2 1 1 1 1 1 0 1 1 0 1 2 0 2 1 2 1 1 2 1 2 2
geno chr10.15043009 gbr  1 0 2 1 1 1 1 1 2 1 0 2 2 1 1 2 2 1 2 1 1 2 1 2 1 2 1 1 1 2 0 2 1 2 2 1 2 0 2 2 1 1 1 0 1 2 2 1 2 2 2 2 1 0 0 1 0 2 1 1 1 2 1 1 1 1 1 0 2 0 0 1 1 1 0 1 2 0 1 1 1 2 2 0
geno chr10.15043009 tsi  2 2 2 2 1 1 1 0 1 2 1 2 2 0 1 1 2 1 2 1 2 1 1 1 1 0 2 1 2 2 1 1 1 1 1 1 1 0 1 2 1 2 2 2 1 2 2 1 1 1 2 1 2 2 1 1 1 1 1 2 1 1 2 2 2 1 2 1 0 2 1 1 1 2 2 1 1 0 2 0 1 2 2 2 1 2 0 2 2 1 2 2
geno chr10.15043009 yri  2 2 2 1 2 1 2 1 2 2 1 2 2 2 2 2 2 2 2 2 2 2 2 1 2 2 2 2 2 1 1 2 2 2 2 2 2 1 0 2 1 1 2 1 2 2 2 2 2 1 2 2 2 2 2 2 2 2 1 2 2 1 2 2 2 2 1 2 1 1 2 1 2 2 2 2 0
geno chr10.15043049 ceu  1 1 1 1 1 1 0 0 2 1 1 1 2 1 1 0 1 2 0 1 2 1 1 1 1 2 1 0 1 1 0 2 1 1 1 1 2 2 0 2 0 1 1 2 2 2 1 1 2 2 1 0 2 1 0 1 0 2 1 2 2 2 2 2 1 2 2 1 2 2 2 0 2 1 0 2 1 1
geno chr10.15043049 fin  1 1 2 1 2 0 2 1 1 1 1 0 1 1 1 2 2 1 2 2 1 2 0 2 2 2 1 1 1 1 2 2 2 2 1 2 0 2 2 0 1 1 1 2 2 1 2 0 2 2 2 1 2 2 2 2 1 1 1 1 1 1 2 2 2 2 2 2 2 1 1 1 2 0 2 1 0 1 2 0 2 1 2 1 1 2 1 2 2
geno chr10.15043049 gbr  1 0 2 2 2 1 1 1 2 1 0 2 2 1 1 2 2 1 2 2 1 2 1 2 1 2 1 2 2 2 0 2 2 2 2 1 2 0 2 2 1 1 1 0 1 2 2 1 2 2 2 2 1 0 0 1 0 2 1 1 2 2 1 1 1 1 1 0 2 0 0 1 1 1 0 1 2 0 1 1 1 2 2 0
geno chr10.15043049 tsi  2 2 2 2 1 1 1 0 1 2 1 2 2 0 1 1 2 1 2 1 2 1 1 1 1 0 2 1 2 2 1 1 1 1 1 1 1 0 1 2 1 2 2 2 1 2 2 1 1 1 2 1 2 2 1 1 1 1 1 2 1 1 2 2 2 1 2 1 0 2 1 1 1 2 2 1 1 0 2 0 1 2 2 2 1 2 0 2 2 1 2 2
geno chr10.15043049 yri  2 2 1 1 2 1 1 1 2 2 1 2 2 2 2 2 2 2 2 2 2 2 2 0 2 2 2 2 2 2 2 2 2 1 2 2 2 0 0 2 1 2 2 2 2 2 2 2 2 2 2 2 2 2 2 2 1 2 2 2 2 1 2 2 1 2 2 2 1 1 1 1 2 2 2 2 0
geno chr10.15043278 ceu  1 1 1 1 1 1 0 0 2 1 1 1 2 1 1 0 1 2 0 1 2 1 1 1 1 2 1 0 1 1 0 2 1 1 1 1 2 2 0 2 0 1 1 2 2 2 1 1 2 2 1 0 2 1 0 1 0 2 1 2 2 2 2 2 1 2 2 1 2 2 2 0 2 1 0 2 1 1
geno chr10.15043278 fin  1 1 2 1 2 0 2 1 1 1 1 0 1 0 2 2 2 1 2 2 1 2 0 2 2 2 1 1 1 1 2 2 2 2 1 2 0 2 2 0 1 1 1 2 2 1 2 0 2 2 2 1 2 2 2 2 1 1 1 1 1 1 2 2 1 2 1 2 1 1 1 0 1 0 1 1 0 1 2 0 2 1 2 1 0 2 1 2 1
geno chr10.15043278 gbr  1 0 2 1 1 1 1 1 2 1 0 2 2 1 1 2 2 1 2 1 1 2 1 2 1 2 1 1 1 2 0 1 1 2 2 1 2 0 2 2 1 1 1 0 1 2 2 1 2 2 2 2 1 0 0 1 0 2 1 1 1 2 1 1 1 1 1 0 2 0 0 1 1 1 0 1 2 0 1 1 1 2 2 0
geno chr10.15043278 tsi  2 2 2 2 1 1 1 0 1 2 1 2 2 0 1 1 2 1 2 1 2 1 1 1 1 0 2 1 2 2 1 1 1 1 1 1 1 0 1 2 1 2 2 2 1 2 2 1 1 1 2 1 2 2 1 1 1 1 1 2 1 1 2 2 2 1 2 1 0 2 1 1 1 2 2 1 1 0 2 0 1 2 2 2 1 2 0 2 2 1 2 2
geno chr10.15043278 yri  2 2 1 1 2 1 1 1 2 2 1 2 2 2 2 2 2 2 2 2 2 2 2 0 2 2 2 2 2 2 1 1 2 1 2 2 2 0 0 2 1 1 2 1 2 2 2 2 2 1 2 1 1 2 2 2 1 1 1 2 2 1 2 2 1 2 1 2 1 1 1 1 2 2 2 2 0
geno chr10.15043482 ceu  0 0 0 0 0 0 0 0 1 0 1 0 1 1 0 0 0 2 0 0 0 0 1 0 0 0 0 0 1 0 0 0 1 0 0 0 1 0 0 2 0 0 0 1 1 0 0 1 0 1 1 0 1 1 0 0 0 1 0 1 0 1 1 1 0 1 2 0 1 2 2 0 1 1 0 0 0 1
geno chr10.15043482 fin  0 1 1 0 1 0 1 0 0 1 1 0 0 0 1 0 0 0 2 2 0 0 0 1 1 1 1 0 0 0 1 0 0 1 0 1 0 2 0 0 1 1 1 0 1 1 0 0 1 1 2 1 0 0 2 2 1 1 1 1 1 0 1 0 0 0 0 2 1 0 1 0 0 0 1 0 0 0 1 0 1 1 1 1 0 1 0 0 1
geno chr10.15043482 gbr  1 0 0 1 0 0 0 1 1 0 0 0 0 0 1 1 1 0 1 0 1 1 0 0 0 1 1 1 1 1 0 2 1 0 0 0 1 0 2 0 1 1 1 0 1 0 1 0 0 1 0 0 0 0 0 0 0 2 0 0 1 0 0 0 1 0 0 0 0 0 0 1 0 0 0 1 1 0 1 1 0 0 0 0
geno chr10.15043482 tsi  2 0 0 2 0 0 0 0 1 0 0 1 0 0 1 1 1 0 0 1 0 0 1 1 0 0 2 1 1 1 0 0 1 0 0 1 0 0 1 0 0 0 0 0 1 0 0 0 0 1 0 1 1 0 1 1 0 1 0 1 1 0 1 2 0 1 2 1 0 0 0 1 1 0 0 1 0 0 0 0 1 1 1 1 0 2 0 1 0 0 2 1
geno chr10.15043482 yri  2 1 1 0 0 0 0 0 1 0 0 1 0 1 1 1 0 1 1 1 0 1 1 0 0 0 1 0 1 0 0 0 1 0 1 1 1 0 0 0 1 2 1 2 0 1 1 2 0 0 1 0 0 0 1 1 0 2 0 1 0 0 0 2 1 1 0 2 0 1 0 0 1 0 0 1 0
geno chr10.15043532 ceu  1 1 1 1 1 1 0 0 2 1 1 1 2 1 1 0 1 2 0 1 2 1 1 1 1 2 1 0 1 1 0 2 1 1 1 1 2 2 0 2 0 1 1 2 2 2 1 1 2 2 1 0 2 1 0 1 0 2 1 2 2 2 2 2 1 2 2 1 2 2 2 0 2 1 0 2 1 1
geno chr10.15043532 fin  1 1 2 1 2 0 2 1 1 1 1 0 1 1 1 2 2 1 2 2 1 2 0 2 2 2 1 1 1 1 2 2 2 2 1 2 0 2 2 0 1 1 0 2 2 1 2 0 2 2 2 1 2 2 2 2 1 1 1 1 1 1 2 2 2 2 2 2 2 1 1 1 2 0 2 1 0 1 2 0 2 1 2 1 1 2 1 2 2
geno chr10.15043532 gbr  1 0 2 2 2 1 1 1 2 1 0 2 2 1 1 2 2 1 2 2 1 2 1 2 1 2 1 2 2 2 0 2 2 2 2 1 2 0 2 2 1 1 1 0 1 2 2 1 2 2 2 2 1 0 0 1 0 2 1 1 2 2 1 1 1 1 1 0 2 0 0 1 1 1 0 1 2 0 1 1 1 2 2 0
geno chr10.15043532 tsi  2 2 2 2 1 1 1 0 1 2 1 2 2 0 1 1 2 1 2 1 2 1 1 1 1 0 2 1 2 2 1 1 1 1 1 1 1 0 1 2 1 2 2 2 1 2 2 1 1 1 2 1 2 2 1 1 1 1 1 2 1 0 2 2 2 1 2 1 0 2 1 1 1 2 2 1 1 0 2 0 1 2 2 2 1 2 0 2 2 1 2 2
geno chr10.15043532 yri  2 2 1 1 2 1 1 1 2 2 1 2 2 2 2 2 2 2 2 2 2 2 2 0 2 2 2 2 2 2 2 2 2 1 2 2 2 0 0 2 2 2 2 2 2 2 2 2 2 2 2 2 2 2 2 2 1 2 2 2 2 1 2 2 1 2 2 2 1 1 1 1 2 2 2 2 0
geno chr10.15043692 ceu  1 1 1 1 1 1 0 0 2 1 1 1 2 1 1 0 1 2 0 1 2 1 1 1 1 2 1 0 1 1 0 2 1 1 1 1 2 2 0 2 0 1 1 2 2 2 1 1 2 2 1 0 2 1 0 1 0 2 1 2 2 2 2 2 1 2 2 1 2 2 2 0 2 1 0 2 1 1
geno chr10.15043692 fin  1 1 2 1 2 0 2 1 1 1 1 0 1 1 1 2 2 1 2 2 1 2 0 2 2 2 1 1 1 1 2 2 2 2 1 2 0 2 2 0 1 1 1 2 2 1 2 0 2 2 2 1 2 2 2 2 1 1 1 1 1 1 2 2 2 2 2 2 2 1 1 1 2 0 2 1 0 1 2 0 2 1 2 1 1 2 1 2 2
geno chr10.15043692 gbr  1 0 2 2 2 1 1 1 2 1 0 2 2 1 1 2 2 1 2 2 1 2 1 2 1 2 1 2 2 2 0 2 2 2 2 1 2 0 2 2 1 1 1 0 1 2 2 1 2 2 2 2 1 0 0 1 0 2 1 1 2 2 1 1 1 1 1 0 2 0 0 1 1 1 0 1 2 0 1 1 1 2 2 0
geno chr10.15043692 tsi  2 2 2 2 1 1 1 0 1 2 1 2 2 0 1 1 2 1 2 1 2 1 1 1 1 0 2 1 2 2 1 1 1 1 1 1 1 0 1 2 1 2 2 2 1 2 2 1 1 1 2 1 2 2 1 1 1 1 1 2 1 0 2 2 2 1 2 1 0 2 1 1 1 2 2 1 1 0 2 0 1 2 2 2 1 2 0 2 2 1 2 2
geno chr10.15043692 yri  2 2 1 1 2 1 1 1 2 2 1 2 2 2 2 2 2 2 2 2 2 2 2 0 2 2 2 2 2 2 2 2 2 1 2 2 2 0 0 2 2 2 2 2 2 2 2 2 2 2 2 2 2 2 2 2 1 1 2 2 2 1 2 2 0 2 2 2 1 0 1 1 1 2 2 2 0
geno chr10.15043760 ceu  0 0 0 0 0 0 0 0 1 0 1 0 1 1 0 0 0 2 0 0 0 0 1 0 0 0 0 0 1 0 0 0 1 0 0 0 1 0 0 2 0 0 0 1 1 0 0 1 0 1 1 0 1 1 0 0 0 1 0 1 0 1 1 1 0 1 2 0 1 2 2 0 1 1 0 0 0 1
geno chr10.15043760 fin  0 1 1 0 1 0 1 0 0 1 1 0 0 0 1 0 0 0 2 2 0 0 0 1 1 1 1 0 0 0 1 0 0 1 0 1 0 2 0 0 1 1 1 0 1 1 0 0 1 1 2 1 0 0 2 2 1 1 1 1 1 0 1 0 0 0 0 2 1 0 1 0 0 0 1 0 0 0 1 0 1 1 1 1 0 1 0 0 1
geno chr10.15043760 gbr  1 0 0 1 0 0 0 1 1 0 0 0 0 0 1 1 1 0 1 0 1 1 0 0 0 1 1 1 1 1 0 2 1 0 0 0 1 0 2 0 1 1 1 0 1 0 1 0 0 1 0 0 0 0 0 0 0 2 0 0 1 0 0 0 1 0 0 0 0 0 0 1 0 0 0 1 1 0 1 1 0 0 0 0
geno chr10.15043760 tsi  2 0 0 2 0 0 0 0 1 0 0 1 0 0 1 1 1 0 0 1 0 0 1 1 0 0 2 1 1 1 0 0 1 0 0 1 0 0 1 0 0 0 0 0 1 0 0 0 0 1 0 1 1 0 1 1 0 1 0 1 1 0 1 2 0 1 2 1 0 0 0 1 1 0 0 1 0 0 0 0 1 1 1 1 0 2 0 1 0 0 2 1
geno chr10.15043760 yri  2 1 1 0 0 0 0 0 1 0 0 1 0 1 1 1 0 1 1 1 0 1 1 0 0 0 1 0 1 0 0 0 1 0 1 1 1 0 0 0 1 2 1 2 1 1 1 2 0 0 1 0 0 0 1 1 0 2 0 1 0 0 0 2 1 1 0 2 0 1 0 0 1 0 0 1 0
geno chr10.15043893 ceu  1 1 1 1 1 1 0 0 2 1 1 1 2 1 1 0 1 2 0 1 2 1 1 1 1 2 1 0 1 1 0 2 1 1 1 1 2 2 0 2 0 1 1 2 2 2 1 1 2 2 1 0 2 1 0 1 0 2 1 2 2 2 2 2 1 2 2 1 2 2 2 0 2 1 0 2 1 1
geno chr10.15043893 fin  1 1 2 1 2 0 2 1 1 1 1 0 1 1 1 2 2 1 2 2 1 2 0 2 2 2 1 1 1 1 2 2 2 2 1 2 0 2 2 0 1 1 1 2 2 1 2 0 2 2 2 1 2 2 2 2 1 1 1 1 1 1 2 2 2 2 2 2 2 1 1 1 2 0 2 1 0 1 2 0 2 1 2 1 1 2 1 2 2
geno chr10.15043893 gbr  1 0 2 2 2 1 1 1 2 1 0 2 2 1 1 2 2 1 2 2 1 2 1 2 1 2 1 2 2 2 0 2 2 2 2 1 2 0 2 2 1 1 1 0 1 2 2 1 2 2 2 2 1 0 0 1 0 2 1 1 2 2 1 1 1 0 1 0 2 0 0 1 1 1 0 1 2 0 1 1 1 2 2 0
geno chr10.15043893 tsi  2 2 2 2 1 1 1 0 1 2 1 2 2 0 1 1 2 1 2 1 2 1 1 1 1 0 2 1 2 2 1 1 1 1 1 1 1 0 1 2 1 2 2 2 1 2 2 1 1 1 2 1 2 2 1 1 1 1 1 2 1 0 2 2 2 1 2 1 0 2 1 1 1 2 2 1 1 0 2 0 1 2 2 2 1 2 0 2 2 1 2 2
geno chr10.15043893 yri  2 2 2 1 2 1 2 1 2 2 1 2 2 2 2 2 2 2 2 2 2 2 2 2 2 2 2 2 2 2 2 2 2 2 2 2 2 1 0 2 2 2 2 2 2 2 2 2 2 2 2 2 2 2 2 2 2 2 2 2 2 1 2 2 2 2 2 2 2 1 2 1 2 2 2 2 0
geno chr10.15043941 ceu  1 1 1 1 1 1 0 0 2 1 1 1 2 1 1 0 1 2 0 1 2 1 1 1 1 2 1 0 1 1 0 2 1 1 1 1 2 2 0 2 0 1 1 2 2 2 1 1 2 2 1 0 2 1 0 1 0 2 1 2 2 2 2 2 1 2 2 1 2 2 2 0 2 1 0 2 1 1
geno chr10.15043941 fin  1 1 2 1 2 0 2 1 1 1 1 0 1 1 1 2 2 1 2 2 1 2 0 2 2 2 1 1 1 1 2 2 2 2 1 2 0 2 2 0 1 1 1 2 2 1 2 0 2 2 2 1 2 2 2 2 1 1 1 1 1 1 2 2 2 1 1 2 2 1 1 0 1 0 2 1 0 1 2 0 2 1 2 1 1 2 1 2 2
geno chr10.15043941 gbr  1 0 2 2 2 1 1 1 2 1 0 2 2 1 1 2 2 1 2 1 1 2 1 2 1 2 1 2 2 2 0 2 1 2 2 1 2 0 2 2 1 1 1 0 1 2 2 1 2 2 2 2 1 0 0 1 0 2 1 1 1 2 1 1 1 1 1 0 2 0 0 1 1 1 0 1 2 0 1 1 1 2 2 0
geno chr10.15043941 tsi  2 2 2 2 1 1 1 0 1 2 1 2 2 0 1 1 2 1 2 1 2 1 1 1 1 0 2 1 2 2 1 1 1 1 1 1 1 0 1 2 1 2 2 2 1 2 2 1 1 1 2 1 2 2 1 1 1 1 1 2 1 0 2 2 2 1 2 1 0 2 1 1 1 2 2 1 1 0 2 0 1 2 2 2 1 2 0 2 2 1 2 2
geno chr10.15043941 yri  2 2 1 1 2 1 1 1 2 2 1 2 2 2 2 1 2 2 2 2 2 2 2 0 1 2 2 1 2 2 1 2 2 1 1 2 2 0 0 2 1 2 2 1 2 2 2 2 2 2 2 2 2 2 2 2 1 2 2 2 2 1 2 2 1 2 1 2 1 1 1 1 2 2 2 2 0
geno chr10.15044249 ceu  1 1 1 1 1 1 0 0 2 1 1 1 2 1 1 0 1 2 0 1 2 1 1 1 1 2 1 0 1 1 0 2 1 1 1 1 2 2 0 2 0 1 1 2 2 2 1 1 2 2 1 0 2 1 0 1 0 2 1 2 2 2 2 2 1 2 2 1 2 2 2 0 2 1 0 2 1 1
geno chr10.15044249 fin  1 1 2 1 2 0 2 1 1 1 1 0 1 1 1 2 2 1 2 2 1 2 0 2 2 2 1 1 1 1 2 2 2 2 1 2 0 2 2 0 1 1 1 2 2 1 2 0 2 2 2 1 2 2 2 2 1 1 1 1 1 1 2 2 2 1 2 2 2 1 1 1 2 0 2 1 0 1 2 0 2 1 2 1 1 2 1 2 2
geno chr10.15044249 gbr  1 0 2 2 2 1 1 1 2 1 0 2 2 1 1 2 2 1 2 2 1 2 1 2 1 2 1 2 2 2 0 2 2 2 2 1 2 0 2 2 1 1 1 0 1 2 2 1 2 2 2 2 1 0 0 1 0 2 1 1 2 2 1 1 1 1 1 0 2 0 0 1 1 1 0 1 2 0 1 1 1 2 2 0
geno chr10.15044249 tsi  2 2 2 2 1 1 1 0 1 2 1 2 2 0 1 1 2 1 2 1 2 1 1 1 1 0 2 1 2 2 1 1 1 1 1 1 1 0 1 2 1 2 2 2 1 2 2 1 1 1 2 1 2 2 1 1 1 1 1 2 1 0 2 2 2 1 2 1 0 1 1 1 1 2 2 1 1 0 2 0 1 2 2 2 1 2 0 2 2 1 2 2
geno chr10.15044249 yri  2 2 1 1 2 1 1 1 2 2 1 2 2 2 2 1 2 2 2 2 2 2 2 0 1 2 2 1 2 2 2 2 2 1 2 2 2 0 0 2 2 2 2 2 2 2 2 2 2 2 2 2 2 2 2 2 1 2 2 2 2 1 2 2 1 2 2 2 1 1 1 1 2 2 2 2 0
geno chr10.15044357 ceu  1 1 1 1 1 1 0 0 2 1 1 1 2 1 1 0 1 2 0 1 2 1 1 1 1 2 1 0 1 1 0 2 1 1 1 1 2 2 0 2 0 1 1 2 2 2 1 1 2 2 1 0 2 1 0 1 0 2 1 2 2 2 2 2 1 2 2 1 2 2 2 0 2 1 0 2 1 1
geno chr10.15044357 fin  1 1 2 1 2 0 2 1 1 1 1 0 1 1 1 2 2 1 2 2 1 2 0 2 2 2 1 1 1 1 2 2 2 2 1 2 0 2 2 0 1 1 1 2 2 1 2 0 2 2 2 1 2 2 2 2 1 1 1 1 1 1 2 2 2 1 1 2 2 1 1 1 2 0 2 1 0 1 2 0 2 1 2 1 1 2 1 2 2
geno chr10.15044357 gbr  1 0 2 2 2 1 1 1 2 1 0 2 2 1 1 2 2 1 2 2 1 2 1 2 1 2 1 2 1 2 0 2 2 2 2 1 2 0 2 2 1 1 1 0 1 2 2 1 2 2 2 2 1 0 0 1 0 2 1 1 1 2 1 1 1 1 1 0 2 0 0 1 1 1 0 1 2 0 1 1 1 2 2 0
geno chr10.15044357 tsi  2 2 2 2 1 1 1 0 1 2 1 2 2 0 1 1 2 1 2 1 2 1 1 1 1 0 2 1 2 2 1 1 1 1 1 1 1 0 1 2 1 2 2 2 1 2 2 1 1 1 2 1 2 2 1 1 1 1 1 2 1 0 2 2 2 1 2 1 0 1 1 1 1 2 2 1 1 0 2 0 1 2 2 2 1 2 0 2 2 1 2 2
geno chr10.15044357 yri  2 2 1 1 2 1 1 1 2 2 1 2 2 2 2 2 2 2 2 2 2 2 2 0 2 2 2 2 2 2 1 2 2 1 2 2 2 0 0 2 1 2 2 2 2 2 2 2 2 1 2 2 2 2 2 2 1 2 2 2 2 1 2 2 1 2 1 2 1 1 1 1 2 2 2 2 0
geno chr10.15044476 ceu  0 0 0 0 0 0 0 0 0 0 0 0 0 0 0 0 0 0 0 0 0 0 1 0 0 0 0 0 0 0 0 0 0 0 0 0 0 0 0 0 0 0 0 0 0 0 0 0 0 0 0 0 0 0 0 0 0 0 0 0 0 0 0 0 0 0 0 0 0 2 0 0 0 0 0 0 0 1
geno chr10.15044476 fin  0 0 0 0 0 0 0 0 0 0 0 0 0 0 0 0 0 0 0 0 0 0 0 0 0 0 0 0 0 0 0 0 0 0 0 0 0 0 0 0 0 0 0 0 1 0 0 0 0 0 0 0 0 0 0 0 0 0 0 0 0 0 0 0 0 0 0 1 0 0 0 0 0 0 0 0 0 0 0 0 0 0 1 0 0 0 0 0 0
geno chr10.15044476 gbr  0 0 0 0 0 0 0 0 0 0 0 0 0 0 0 0 0 0 0 0 0 0 0 0 0 0 0 1 0 0 0 0 1 0 0 0 1 0 0 0 0 0 0 0 0 0 0 0 0 1 0 0 0 0 0 0 0 0 0 0 0 0 0 0 0 0 0 0 0 0 0 0 0 0 0 0 0 0 0 0 0 0 0 0
geno chr10.15044476 tsi  0 0 0 1 0 0 0 0 0 0 0 1 0 0 0 0 0 0 0 1 0 0 0 0 0 0 0 0 0 0 0 0 0 0 0 0 0 0 0 0 0 0 0 0 0 0 0 0 0 0 0 0 0 0 0 0 0 0 0 0 0 0 0 1 0 0 0 0 0 0 0 0 0 0 0 0 0 0 0 0 0 0 0 0 0 0 0 1 0 0 0 0
geno chr10.15044476 yri  1 0 0 0 0 0 0 0 0 0 0 1 0 1 0 1 0 0 0 0 0 1 1 0 0 0 1 0 1 0 0 0 1 0 1 0 0 0 0 0 0 0 0 0 0 1 0 1 0 0 1 0 0 0 1 1 0 2 0 1 0 0 0 1 1 0 0 0 0 1 0 0 1 0 0 0 0
geno chr10.15044718 ceu  1 1 1 1 1 1 0 0 2 1 1 1 2 1 1 0 1 2 0 1 2 1 1 1 1 2 1 0 1 1 0 2 1 1 1 1 2 2 0 2 0 1 1 2 2 2 1 1 2 1 1 0 2 1 0 1 0 2 1 2 2 2 2 2 1 2 2 1 2 2 2 0 2 1 0 2 1 1
geno chr10.15044718 fin  1 1 2 1 2 0 2 1 1 1 1 0 1 1 1 2 2 1 2 2 1 2 0 2 2 2 1 1 1 1 2 2 2 2 1 2 0 2 2 0 1 1 1 2 2 1 2 0 2 2 2 1 2 2 2 2 1 1 1 1 1 1 2 2 1 2 2 2 2 1 1 1 1 0 2 1 0 1 2 0 2 1 2 1 1 2 1 2 2
geno chr10.15044718 gbr  1 0 2 2 2 1 1 1 2 1 0 2 2 1 1 2 2 1 2 2 1 2 1 2 1 2 1 2 2 2 0 2 2 2 2 1 2 0 2 2 1 1 1 0 1 2 2 1 2 2 2 2 1 0 0 1 0 2 1 1 2 2 1 1 1 1 1 0 2 0 0 1 1 1 0 1 2 0 1 1 1 2 2 0
geno chr10.15044718 tsi  2 2 2 2 1 1 1 0 1 2 1 2 2 0 1 1 2 1 2 1 2 1 1 1 1 0 2 1 2 2 1 1 1 1 1 1 1 0 1 2 1 2 2 2 1 2 2 1 1 1 2 1 2 2 1 1 1 1 1 2 1 0 2 2 2 1 2 1 0 1 1 1 1 2 2 1 1 0 2 0 1 2 2 2 1 2 0 2 2 1 2 2
geno chr10.15044718 yri  2 2 1 1 2 1 1 1 2 2 1 2 2 2 2 2 2 2 2 2 2 2 2 0 2 2 2 2 2 2 2 2 2 1 2 2 2 0 0 2 1 2 2 1 2 2 2 2 2 2 2 2 2 2 2 2 0 2 2 2 2 1 2 2 1 2 2 2 1 1 1 1 2 2 2 2 0
geno chr10.15044843 ceu  1 1 1 1 1 1 0 0 2 1 1 1 2 1 1 0 1 2 0 1 2 1 1 1 1 2 1 0 1 1 0 2 1 1 1 1 2 2 0 2 0 1 1 2 2 2 1 1 2 2 1 0 2 1 0 1 0 2 1 2 2 2 2 2 1 2 2 1 2 2 2 0 2 1 0 2 1 1
geno chr10.15044843 fin  1 1 2 1 2 0 2 1 1 1 1 0 1 1 1 2 2 1 2 2 1 2 0 2 2 2 1 1 1 1 2 2 2 2 1 2 0 2 2 0 1 1 1 2 2 1 2 0 2 2 2 1 2 2 2 2 1 1 1 1 1 1 2 2 2 1 2 2 2 1 1 1 1 0 2 1 0 1 2 0 2 1 2 1 1 2 1 2 2
geno chr10.15044843 gbr  1 0 2 2 2 1 1 1 2 1 0 2 2 1 1 2 2 1 2 2 1 2 1 2 1 2 1 2 2 2 0 2 2 2 2 1 2 0 2 2 1 1 1 0 1 2 2 1 2 2 2 2 1 0 0 1 0 2 1 1 2 2 1 1 1 1 1 0 2 0 0 1 1 1 0 1 2 0 1 1 1 2 2 0
geno chr10.15044843 tsi  2 2 2 2 1 1 1 0 1 2 1 2 2 0 1 1 2 1 2 1 2 1 1 1 1 0 2 1 2 2 1 1 1 1 1 1 1 0 1 2 1 2 2 2 1 2 2 1 1 1 2 1 2 2 1 1 1 1 1 2 1 0 2 2 2 1 2 1 0 1 1 1 1 2 2 1 1 0 2 0 1 2 2 2 1 2 0 2 2 1 2 2
geno chr10.15044843 yri  2 2 1 1 2 1 1 1 2 2 1 2 2 2 2 2 2 2 2 1 2 2 2 0 2 2 2 2 2 2 2 2 2 1 2 2 2 0 0 2 1 2 2 2 2 2 2 2 2 2 2 2 2 2 2 2 1 2 2 2 2 1 2 2 1 2 2 2 1 1 1 1 2 2 2 2 0
geno chr10.15045021 ceu  1 1 1 1 1 1 0 0 2 1 1 1 2 1 1 0 1 2 0 1 2 1 1 1 1 2 1 0 1 1 0 2 1 1 1 1 2 2 0 2 0 1 1 2 2 2 1 1 2 2 1 0 2 1 0 1 0 2 1 2 2 2 2 2 1 2 2 1 2 2 2 0 2 1 0 2 1 1
geno chr10.15045021 fin  1 1 2 1 2 0 2 1 1 1 1 0 1 1 1 2 2 1 2 2 1 2 0 1 2 2 1 1 1 1 2 2 2 2 1 2 0 2 2 0 1 1 1 2 2 1 2 0 2 2 2 1 2 2 1 2 1 1 1 1 1 1 2 2 2 2 2 2 2 1 1 1 2 0 2 1 0 1 2 0 2 1 2 1 1 2 1 2 2
geno chr10.15045021 gbr  1 0 2 2 2 1 1 1 2 1 0 2 2 1 1 2 2 1 2 2 1 2 1 2 1 2 1 2 2 2 0 2 2 2 2 1 2 0 2 2 1 1 1 0 1 2 2 1 2 2 2 2 1 0 0 1 0 2 1 1 2 2 1 1 1 1 1 0 2 0 0 1 1 1 0 1 2 0 1 1 1 2 2 0
geno chr10.15045021 tsi  2 2 2 2 1 1 1 0 1 2 1 2 2 0 1 1 2 1 2 1 2 1 1 1 1 0 2 1 2 2 1 1 1 1 1 1 1 0 1 2 1 2 2 2 1 2 2 1 1 1 2 1 2 2 1 1 1 1 1 2 1 0 2 2 2 1 2 1 0 1 1 1 1 2 2 1 1 0 2 0 1 2 2 2 1 2 0 2 2 1 2 2
geno chr10.15045021 yri  2 2 1 1 2 1 1 1 2 2 1 2 2 2 2 2 2 2 2 2 2 2 2 0 2 2 2 2 2 2 2 2 2 1 2 2 2 0 1 2 2 2 2 2 2 2 2 2 2 2 2 2 2 2 2 2 1 2 2 2 2 2 2 2 1 2 2 2 1 1 1 1 2 2 2 2 0
geno chr10.15045054 ceu  0 0 0 0 0 0 0 0 0 0 1 0 0 0 0 0 0 0 0 0 0 0 0 0 0 0 0 0 0 0 0 0 0 0 0 0 0 0 0 2 0 0 0 0 0 0 0 1 0 0 0 0 1 1 0 0 0 0 0 0 0 0 0 1 0 1 0 0 1 0 0 0 0 0 0 0 0 0
geno chr10.15045054 fin  0 0 1 0 1 0 0 0 0 0 0 0 0 0 0 0 0 0 0 1 0 0 0 0 0 0 0 0 0 0 0 0 0 0 0 1 0 0 0 0 0 0 0 0 0 0 0 0 0 0 2 1 0 0 0 0 0 1 0 0 1 0 1 0 0 0 0 0 1 0 1 0 0 0 0 0 0 0 0 0 1 1 0 1 0 0 0 0 1
geno chr10.15045054 gbr  0 0 0 1 0 0 0 1 1 0 0 0 0 0 0 0 0 0 0 0 0 0 0 0 0 0 0 0 1 0 0 1 0 0 0 0 0 0 2 0 0 0 1 0 1 0 1 0 0 0 0 0 0 0 0 0 0 0 0 0 1 0 0 0 0 0 0 0 0 0 0 0 0 0 0 1 1 0 0 0 0 0 0 0
geno chr10.15045054 tsi  0 0 0 0 0 0 0 0 0 0 0 0 0 0 0 0 0 0 0 0 0 0 0 0 0 0 1 0 0 0 0 0 0 0 0 0 0 0 0 0 0 0 0 0 0 0 0 0 0 0 0 1 1 0 0 0 0 0 0 0 0 0 0 1 0 1 0 0 0 0 0 0 1 0 0 1 0 0 0 0 0 1 0 0 0 0 0 0 0 0 1 1
geno chr10.15045054 yri  0 0 0 0 0 0 0 0 0 0 0 0 0 0 1 0 0 1 0 0 1 0 0 0 0 0 0 0 0 0 0 0 0 0 0 0 0 0 0 0 0 1 1 1 0 0 0 0 0 0 0 0 0 0 0 0 0 0 0 0 0 0 1 1 0 0 0 2 0 0 1 0 0 0 0 0 0
geno chr10.15045201 ceu  1 1 1 1 1 1 0 0 2 1 1 1 2 1 1 0 1 2 0 1 2 1 1 1 1 2 1 0 1 1 0 2 1 1 1 1 2 2 0 2 0 1 1 2 2 2 1 1 2 2 1 0 2 1 0 1 0 2 1 2 2 2 2 2 1 2 2 1 2 2 2 0 2 1 0 2 1 1
geno chr10.15045201 fin  1 1 2 1 2 0 2 1 1 1 1 0 1 1 1 2 2 1 2 2 1 2 0 2 2 2 1 1 1 1 2 2 2 2 1 2 0 2 2 0 1 1 1 2 2 1 2 0 1 2 2 1 2 2 2 2 1 1 1 1 1 1 2 2 2 1 2 2 2 1 1 1 1 0 1 1 0 1 2 0 2 1 2 1 1 2 1 2 2
geno chr10.15045201 gbr  1 0 2 2 2 1 1 1 2 1 0 2 2 1 1 2 2 1 2 2 1 2 1 2 1 2 1 2 2 2 0 2 2 2 2 1 2 0 2 2 1 1 1 0 1 2 2 1 2 2 2 2 1 0 0 1 0 2 1 1 2 2 1 1 1 1 1 0 2 0 0 1 1 1 0 1 2 0 1 1 1 2 2 0
geno chr10.15045201 tsi  2 2 2 2 0 1 1 0 1 2 1 2 2 0 1 1 2 1 2 1 2 1 1 1 1 0 2 1 2 2 1 1 1 1 1 1 1 0 1 2 1 2 2 2 1 2 2 1 1 1 2 1 2 2 1 1 1 1 1 2 1 0 2 2 2 1 2 1 0 1 1 1 1 2 2 1 1 0 2 0 1 2 2 2 1 2 0 2 2 1 2 2
geno chr10.15045201 yri  2 2 1 1 2 1 1 1 2 2 1 2 2 2 2 2 2 2 2 2 2 2 2 0 2 2 2 2 2 2 2 2 2 1 2 2 2 0 1 2 2 2 2 2 2 2 2 2 2 2 2 2 2 2 2 2 1 2 2 2 2 2 2 2 1 2 1 2 1 1 1 1 2 2 2 2 0
geno chr10.15045204 ceu  1 1 1 1 1 1 0 0 1 1 0 1 1 0 1 0 1 0 0 1 2 1 0 1 1 2 1 0 0 1 0 2 0 1 1 1 1 1 0 0 0 1 1 1 1 2 1 0 2 1 0 0 1 0 0 1 0 1 1 1 2 1 1 1 1 0 0 1 1 0 0 0 1 0 0 2 1 0
geno chr10.15045204 fin  1 0 1 1 1 0 1 1 1 0 0 0 1 1 0 2 2 1 0 0 1 2 0 1 1 1 0 1 1 1 1 2 2 1 1 1 0 0 2 0 0 0 0 2 1 0 2 0 1 0 0 0 2 2 0 0 0 0 0 0 0 1 1 2 2 2 2 0 0 1 0 1 2 0 1 1 0 1 1 0 1 0 1 0 1 1 1 2 1
geno chr10.15045204 gbr  0 0 2 1 2 1 0 0 1 1 0 2 2 1 0 1 1 1 1 2 0 1 1 2 1 1 0 1 1 1 0 0 1 2 2 1 1 0 0 2 0 0 0 0 0 2 1 1 1 1 2 2 1 0 0 1 0 0 1 1 1 2 1 1 0 1 1 0 2 0 0 0 1 1 0 0 1 0 0 0 1 2 2 0
geno chr10.15045204 tsi  0 2 2 0 1 1 0 0 0 2 1 1 2 0 0 0 1 0 2 0 2 1 0 0 1 0 0 0 1 0 1 1 0 1 1 0 1 0 0 2 1 1 2 2 0 1 2 1 1 0 2 0 1 2 0 0 1 0 1 1 0 0 1 0 2 0 0 0 0 1 1 0 0 2 2 0 1 0 2 0 0 1 0 1 1 0 0 1 2 1 0 1
geno chr10.15045204 yri  0 0 0 0 2 1 1 1 1 2 1 1 1 1 1 0 2 1 1 1 1 1 1 0 0 2 0 0 1 2 2 2 1 1 1 1 1 0 0 2 1 0 1 0 2 1 1 0 1 2 1 2 2 2 1 1 0 0 1 1 2 1 1 0 0 1 1 0 1 0 0 1 1 2 2 1 0
geno chr10.15045263 ceu  1 1 1 1 1 1 0 0 1 1 0 1 1 0 1 0 1 0 0 1 2 1 0 1 1 2 1 0 0 1 0 2 0 1 1 1 1 1 0 0 0 1 1 1 1 2 1 0 2 1 0 0 1 0 0 1 0 1 1 1 2 1 1 1 1 0 0 1 1 0 0 0 1 0 0 2 1 0
geno chr10.15045263 fin  1 0 1 1 1 0 1 1 1 0 0 0 1 1 0 2 2 1 0 0 1 2 0 1 1 1 0 1 1 1 1 2 2 1 1 1 0 0 2 0 0 0 0 2 1 0 2 0 1 0 0 0 2 2 0 0 0 0 0 0 0 1 1 2 2 2 2 0 0 1 0 1 2 0 1 1 0 1 1 0 1 0 1 0 1 1 1 2 1
geno chr10.15045263 gbr  0 0 2 1 2 1 0 0 1 1 0 2 2 1 0 1 1 1 1 2 0 1 1 2 1 1 0 1 1 1 0 0 1 2 2 1 1 0 0 2 0 0 0 0 0 2 1 1 1 1 2 2 1 0 0 1 0 0 1 1 1 2 1 1 0 1 1 0 2 0 0 0 1 1 0 0 1 0 0 0 1 2 2 0
geno chr10.15045263 tsi  0 2 2 0 1 1 0 0 0 2 1 1 2 0 0 0 1 0 2 0 2 1 0 0 1 0 0 0 1 0 1 1 0 1 1 0 1 0 0 2 1 1 2 2 0 1 2 1 1 0 2 0 1 2 0 0 1 0 1 1 0 0 1 0 2 0 0 0 0 1 1 0 0 2 2 0 1 0 2 0 0 1 0 1 1 0 0 1 2 1 0 1
geno chr10.15045263 yri  0 1 0 1 2 1 1 1 1 2 1 1 2 1 1 0 2 1 1 1 1 1 1 0 1 2 1 1 1 2 2 2 1 1 1 1 1 0 0 2 1 0 1 0 2 1 1 0 2 2 1 2 2 2 1 1 1 0 2 1 2 1 1 0 0 1 2 0 1 0 0 1 1 2 2 1 0
geno chr10.15045309 ceu  1 1 1 1 1 1 0 0 2 1 1 1 2 1 1 0 1 2 0 1 2 1 1 1 1 2 1 0 1 1 0 2 1 1 1 1 2 2 0 2 0 1 1 2 2 2 1 1 2 2 1 0 2 1 0 1 0 2 1 2 2 2 2 2 1 2 2 1 2 2 2 0 2 1 0 2 1 1
geno chr10.15045309 fin  1 1 2 1 2 0 2 1 1 1 1 0 1 1 1 2 2 1 2 2 1 2 0 2 2 2 1 1 1 1 2 2 2 2 1 2 0 2 2 0 1 1 1 2 2 1 2 0 2 2 2 1 2 2 2 2 1 1 1 1 1 1 2 2 2 2 2 2 2 1 1 1 2 0 2 1 0 1 2 0 2 1 2 1 1 2 1 2 2
geno chr10.15045309 gbr  1 0 2 2 2 1 1 1 2 1 0 2 2 1 1 2 2 1 2 2 1 2 1 2 1 2 1 2 2 2 0 2 2 2 2 1 2 0 2 2 1 1 1 0 1 2 2 1 2 2 2 2 1 0 0 1 0 2 1 1 2 2 1 1 1 1 1 0 2 0 0 1 1 1 0 1 2 0 1 1 1 2 2 0
geno chr10.15045309 tsi  2 2 2 2 1 1 1 0 1 2 1 2 2 0 1 1 2 1 2 1 2 1 1 1 1 0 2 1 2 2 1 1 1 1 1 1 1 0 1 2 1 2 2 2 1 2 2 1 1 1 2 1 2 2 1 1 1 1 1 2 1 0 2 2 2 1 2 1 0 1 1 1 1 2 2 1 1 0 2 0 1 2 2 2 1 2 0 2 2 1 2 2
geno chr10.15045309 yri  2 2 2 1 2 1 2 1 2 2 1 2 2 2 2 2 2 2 2 2 2 2 2 2 2 2 2 2 2 2 2 2 2 2 2 2 2 1 1 2 2 2 2 2 2 2 2 2 2 2 2 2 2 2 2 2 2 2 2 2 2 2 2 2 2 2 2 2 2 1 2 1 2 2 2 2 0
geno chr10.15045634 ceu  1 1 1 1 1 1 0 0 2 1 1 1 2 1 1 0 1 2 0 1 2 1 1 1 1 2 1 0 1 1 0 2 1 1 1 1 2 2 0 2 0 1 1 2 2 2 1 1 2 2 1 0 2 1 0 1 0 2 1 2 2 2 2 2 1 2 2 1 2 2 2 0 2 1 0 2 1 1
geno chr10.15045634 fin  1 1 2 1 2 0 2 1 1 1 1 0 1 1 1 2 2 1 2 2 1 2 0 2 2 2 1 1 1 1 2 2 2 2 1 2 0 2 2 0 1 1 1 2 2 1 2 0 2 2 2 1 2 2 2 2 1 1 1 1 1 1 2 2 2 2 2 2 2 1 1 1 2 0 2 1 0 1 2 0 2 1 2 1 1 2 1 2 2
geno chr10.15045634 gbr  1 0 2 2 2 1 1 1 2 1 0 2 2 1 1 2 2 1 2 2 1 2 1 2 1 2 1 2 2 2 0 2 2 2 2 1 2 0 2 2 1 1 1 0 1 2 2 1 2 2 2 2 1 0 0 1 0 2 1 1 2 2 1 1 1 1 1 0 2 0 0 1 1 1 0 1 2 0 1 1 1 2 2 0
geno chr10.15045634 tsi  2 2 2 2 1 1 1 0 1 2 1 2 2 0 1 1 2 1 2 1 2 1 1 1 1 0 2 1 2 2 1 1 1 1 1 1 1 0 1 2 1 2 2 2 1 2 2 1 1 1 2 1 2 2 1 1 1 1 1 2 1 0 2 2 2 1 2 1 0 1 1 1 1 2 2 1 1 0 2 0 1 2 2 2 1 2 0 2 2 1 2 2
geno chr10.15045634 yri  2 2 2 1 2 1 2 1 2 2 1 2 2 2 2 2 2 2 2 2 2 2 2 2 2 2 2 2 2 2 2 2 2 2 2 2 2 1 1 2 2 2 2 2 2 2 2 2 2 2 2 2 2 2 2 2 2 2 2 2 2 2 2 2 2 2 2 2 2 1 2 1 2 2 2 2 0
geno chr10.15046388 ceu  1 1 1 1 1 1 0 0 1 1 0 1 1 0 1 0 1 0 0 1 2 1 0 1 1 2 1 0 0 1 0 2 0 1 1 1 1 1 0 0 0 1 1 1 1 2 1 0 2 1 0 0 1 0 0 1 0 1 1 1 2 1 1 1 1 0 0 1 1 0 0 0 1 0 0 2 1 0
geno chr10.15046388 fin  1 0 1 1 1 0 1 1 1 0 0 0 1 1 0 2 2 1 0 0 1 2 0 1 1 1 0 1 1 1 1 2 2 1 1 1 0 0 2 0 0 0 0 2 1 0 2 0 1 0 0 0 2 2 0 0 0 0 0 0 0 1 1 2 2 2 2 0 0 1 0 1 2 0 1 1 0 1 1 0 1 0 1 0 1 1 1 2 1
geno chr10.15046388 gbr  0 0 2 1 2 1 0 0 1 1 0 2 2 1 0 1 1 1 1 2 0 1 1 2 1 1 0 1 1 1 0 0 1 2 2 1 1 0 0 2 0 0 0 0 0 2 1 1 1 1 2 2 1 0 0 1 0 0 1 1 1 2 1 1 0 1 1 0 2 0 0 0 1 1 0 0 1 0 0 0 1 2 2 0
geno chr10.15046388 tsi  0 2 2 0 1 0 0 0 0 2 1 1 2 0 0 0 1 0 2 0 2 1 0 0 1 0 0 0 1 0 1 1 0 1 1 0 1 0 0 2 1 1 2 2 0 1 2 1 1 0 2 0 1 2 0 0 1 0 1 1 0 0 1 0 2 0 0 0 0 1 1 0 0 2 2 0 1 0 2 0 0 1 0 1 1 0 0 1 2 1 0 1
geno chr10.15046388 yri  0 0 0 0 2 1 1 1 1 2 1 1 1 1 1 0 2 1 1 1 1 1 1 0 0 2 1 0 1 2 2 2 1 1 1 1 1 0 0 2 1 0 1 0 2 1 1 0 1 2 1 2 2 2 1 1 0 0 1 1 2 1 1 0 0 1 2 0 1 0 0 1 1 2 2 1 0
geno chr10.15046402 ceu  1 1 1 1 1 1 0 0 2 1 1 1 2 1 1 0 1 2 0 1 2 1 1 1 1 2 1 0 1 1 0 2 1 1 1 1 2 2 0 2 0 1 1 2 2 2 1 1 2 2 1 0 2 1 0 1 0 2 2 2 2 2 2 2 1 2 2 1 2 2 2 0 2 1 0 2 1 1
geno chr10.15046402 fin  1 1 2 1 2 0 2 1 1 1 1 0 1 1 1 2 2 1 2 2 1 2 0 2 2 2 1 1 1 1 2 2 2 2 2 2 0 2 2 1 1 1 1 2 2 1 2 0 2 2 2 1 2 2 2 2 1 1 1 1 2 1 2 2 2 2 2 2 2 1 1 1 2 0 2 1 0 1 2 0 2 1 2 1 1 2 1 2 2
geno chr10.15046402 gbr  1 0 2 2 2 1 1 1 2 1 0 2 2 1 1 2 2 1 2 2 1 2 1 2 1 2 1 2 2 2 0 2 2 2 2 1 2 0 2 2 1 1 1 0 1 2 2 1 2 2 2 2 1 0 0 1 0 2 1 1 2 2 1 1 1 1 1 0 2 0 0 1 1 1 0 1 2 0 1 1 1 2 2 0
geno chr10.15046402 tsi  2 2 2 2 1 0 1 0 1 2 1 2 2 0 1 1 2 1 2 1 2 1 1 1 1 0 2 1 2 2 1 1 1 1 1 1 1 0 1 2 1 2 2 2 1 2 2 1 1 1 2 1 2 2 1 1 1 1 1 2 1 0 2 2 2 1 2 1 0 1 1 1 1 2 2 1 1 0 2 0 1 2 2 2 1 2 0 2 2 1 2 2
geno chr10.15046402 yri  2 2 1 1 2 1 1 1 2 2 1 2 2 2 2 2 2 2 2 2 2 2 2 0 2 2 2 2 2 2 2 2 2 1 2 2 2 0 1 2 2 2 2 2 2 2 2 2 2 2 2 2 2 2 2 2 1 2 2 2 2 2 2 2 1 2 2 2 1 1 1 1 2 2 2 2 0
geno chr10.15046425 ceu  0 0 0 0 0 0 0 0 1 0 0 0 1 1 0 0 0 2 0 0 0 0 1 0 0 0 0 0 1 0 0 0 1 0 0 0 1 0 0 0 0 0 0 1 1 0 0 0 0 1 1 0 0 0 0 0 0 1 0 1 0 1 1 0 0 0 2 0 0 2 2 0 1 1 0 0 0 1
geno chr10.15046425 fin  0 1 0 0 0 0 1 0 0 1 1 0 0 0 1 0 0 0 2 1 0 0 0 1 1 1 1 0 0 0 1 0 0 1 0 0 0 2 0 0 1 1 1 0 1 1 0 0 1 1 0 0 0 0 2 2 1 0 1 1 0 0 0 0 0 0 0 2 0 0 0 0 0 0 1 0 0 0 1 0 0 0 1 0 0 1 0 0 0
geno chr10.15046425 gbr  1 0 0 0 0 0 0 0 0 0 0 0 0 0 1 1 1 0 1 0 1 1 0 0 0 1 1 1 0 1 0 1 1 0 0 0 1 0 0 0 1 1 0 0 0 0 0 0 0 1 0 0 0 0 0 0 0 2 0 0 0 0 0 0 1 0 0 0 0 0 0 1 0 0 0 0 0 0 1 1 0 0 0 0
geno chr10.15046425 tsi  2 0 0 2 0 0 0 0 1 0 0 1 0 0 1 1 1 0 0 1 0 0 1 1 0 0 1 1 1 1 0 0 1 0 0 1 0 0 1 0 0 1 0 0 1 0 0 0 0 1 0 0 0 0 1 1 0 1 0 1 1 0 1 1 0 0 2 1 0 0 0 1 0 0 0 0 0 0 0 0 1 0 1 1 0 2 0 1 0 0 1 0
geno chr10.15046425 yri  2 1 1 0 0 0 0 0 1 0 0 1 0 1 0 1 0 0 0 1 0 1 1 0 0 0 1 0 1 0 0 0 1 0 1 1 1 0 0 0 1 1 0 1 0 1 1 2 0 0 1 0 0 0 1 1 0 2 0 1 0 0 0 1 1 1 0 0 0 1 0 0 1 0 0 1 0
geno chr10.15047279 ceu  0 0 0 0 0 0 0 0 0 0 1 0 0 0 0 0 0 0 0 0 0 0 0 0 0 0 0 0 0 0 0 0 0 0 0 0 0 0 0 2 0 0 0 0 0 0 0 1 0 0 0 0 1 1 0 0 0 0 0 0 0 0 0 1 0 1 0 0 1 0 0 0 0 0 0 0 0 0
geno chr10.15047279 fin  0 0 1 0 1 0 0 0 0 0 0 0 0 0 0 0 0 0 0 1 0 0 0 0 0 0 0 0 0 0 0 0 0 0 0 1 0 0 0 0 0 0 0 0 0 0 0 0 0 0 2 1 0 0 0 0 0 1 0 0 1 0 1 0 0 0 0 0 1 0 1 0 0 0 0 0 0 0 0 0 1 1 0 1 0 0 0 0 1
geno chr10.15047279 gbr  0 0 0 1 0 0 0 1 1 0 0 0 0 0 0 0 0 0 0 0 0 0 0 0 0 0 0 0 1 0 0 1 0 0 0 0 0 0 2 0 0 0 1 0 1 0 1 0 0 0 0 0 0 0 0 0 0 0 0 0 1 0 0 0 0 0 0 0 0 0 0 0 0 0 0 1 1 0 0 0 0 0 0 0
geno chr10.15047279 tsi  0 0 0 0 0 0 0 0 0 0 0 0 0 0 0 0 0 0 0 0 0 0 0 0 0 0 1 0 0 0 0 0 0 0 0 0 0 0 0 0 0 0 0 0 0 0 0 0 0 0 0 1 1 0 0 0 0 0 0 0 0 0 0 1 0 1 0 0 0 0 0 0 1 0 0 1 0 0 0 0 0 1 0 0 0 0 0 0 0 0 1 1
geno chr10.15047279 yri  0 0 0 0 0 0 0 0 0 0 0 0 0 0 1 0 0 1 0 0 1 0 0 0 0 0 0 0 0 0 0 0 0 0 0 0 0 0 0 0 0 1 1 1 0 0 0 0 0 0 0 0 0 0 0 0 0 0 0 0 0 0 1 1 0 0 0 2 0 0 1 0 0 0 0 0 0
geno chr10.15047665 ceu  1 1 1 1 1 1 0 0 2 1 1 1 2 1 1 0 1 2 0 1 2 1 1 1 1 2 1 0 1 1 1 2 1 1 1 1 2 2 0 2 0 1 1 2 2 2 1 1 2 2 1 0 2 1 0 1 0 2 1 2 2 2 2 2 1 2 2 1 2 2 2 0 2 1 0 2 1 1
geno chr10.15047665 fin  1 1 2 1 2 0 2 1 1 1 1 0 1 1 1 2 2 1 2 2 1 2 0 2 2 2 1 1 1 1 2 2 2 2 1 2 0 2 2 0 1 1 1 2 2 1 2 0 2 2 2 1 2 2 2 2 1 1 1 1 1 1 2 2 2 2 2 2 2 1 1 1 2 0 2 1 0 1 2 0 2 1 2 1 1 2 1 2 2
geno chr10.15047665 gbr  1 0 2 2 2 1 1 1 2 1 0 2 2 1 1 2 2 1 2 2 1 2 1 2 1 2 1 2 2 2 0 2 2 2 2 1 2 0 2 2 1 1 1 0 1 2 2 1 2 2 2 2 1 0 0 1 0 2 1 1 2 2 1 1 1 2 1 0 2 0 0 1 1 1 0 1 2 0 1 1 1 2 2 0
geno chr10.15047665 tsi  2 2 2 2 1 0 1 0 1 2 1 2 2 0 1 1 2 1 2 1 2 1 1 1 1 0 2 1 2 2 1 1 1 1 1 1 1 0 1 2 1 2 2 2 1 2 2 1 1 1 2 1 2 2 1 1 1 1 1 2 1 0 2 2 2 1 2 1 0 1 1 1 1 2 2 1 1 0 2 0 1 2 2 2 1 2 0 2 2 1 2 2
geno chr10.15047665 yri  2 2 1 1 2 0 1 1 2 2 1 2 2 2 2 2 2 2 2 2 2 2 2 0 2 2 2 2 2 2 2 2 2 1 2 2 2 0 1 2 2 2 2 2 2 2 2 2 2 2 2 2 2 1 2 2 1 2 2 2 1 2 2 2 1 2 1 2 1 1 1 1 2 2 2 2 0
geno chr10.15047679 ceu  1 1 1 1 1 1 0 0 1 1 1 1 1 0 1 0 1 0 0 1 2 1 0 1 1 2 1 0 0 1 0 2 0 1 1 1 1 1 0 2 0 1 1 1 1 2 1 1 2 1 0 0 2 1 0 1 0 1 1 1 2 1 1 2 1 1 0 1 2 0 0 0 1 0 0 2 1 0
geno chr10.15047679 fin  1 0 2 1 2 0 1 1 1 0 0 0 1 1 0 2 2 1 0 1 1 2 0 1 1 1 0 1 1 1 1 2 2 1 1 2 0 0 2 0 0 0 0 2 1 0 2 0 1 0 2 1 2 2 0 0 0 1 0 0 1 1 2 2 2 2 2 0 1 1 1 1 2 0 1 1 0 1 1 0 2 1 1 1 1 1 1 2 2
geno chr10.15047679 gbr  0 0 2 2 2 1 0 1 2 1 0 2 2 1 0 1 1 1 1 2 0 1 1 2 1 1 0 1 2 1 0 1 1 2 2 1 1 0 2 2 0 0 1 0 1 2 2 1 1 1 2 2 1 0 0 1 0 0 1 1 2 2 1 1 0 1 1 0 2 0 0 0 1 1 0 1 2 0 0 0 1 2 2 0
geno chr10.15047679 tsi  0 2 2 0 1 0 0 0 0 2 1 0 2 0 0 0 1 0 2 0 2 1 0 0 1 0 1 0 1 0 1 1 0 1 1 0 1 0 0 2 1 1 2 2 0 1 2 1 1 0 2 1 2 2 0 0 1 0 1 1 0 0 1 1 2 1 0 0 0 1 1 0 1 2 2 1 1 0 2 0 0 2 0 1 1 0 0 1 2 1 1 2
geno chr10.15047679 yri  0 1 0 1 2 0 1 1 1 2 1 1 2 1 2 0 2 2 1 1 2 1 1 0 1 2 1 1 1 2 2 2 1 1 1 1 1 0 0 2 1 1 2 1 2 1 1 0 2 2 1 2 2 1 1 1 1 0 2 1 1 1 2 1 0 1 2 2 1 0 1 1 1 2 2 1 0
geno chr10.15047741 ceu  1 1 1 1 1 1 0 0 2 1 1 1 2 1 1 0 1 2 0 1 2 1 1 1 1 2 1 0 1 1 0 2 1 1 1 1 2 2 0 2 0 1 1 2 2 2 1 1 2 2 1 0 2 1 0 1 0 2 1 2 2 2 2 2 1 2 2 1 2 2 2 0 2 1 0 2 1 1
geno chr10.15047741 fin  1 1 2 1 2 0 2 1 1 1 1 0 1 1 1 2 2 1 2 2 1 2 0 2 2 2 1 1 1 1 2 2 2 2 1 2 0 2 2 0 1 1 1 2 2 1 2 0 2 2 2 1 2 2 2 2 1 1 1 1 1 1 2 2 2 2 2 2 2 1 1 1 2 0 2 1 0 1 2 0 2 1 2 1 1 2 1 2 2
geno chr10.15047741 gbr  1 0 2 2 2 1 1 1 2 1 0 2 2 1 1 2 2 1 2 2 1 2 1 2 1 2 1 2 2 2 0 2 2 2 2 1 2 0 2 2 1 1 1 0 1 2 2 1 2 2 2 2 1 0 0 1 0 2 1 1 2 2 1 1 1 1 1 0 2 0 0 1 1 1 0 1 2 0 1 1 1 2 2 0
geno chr10.15047741 tsi  2 2 2 2 1 0 1 0 1 2 1 2 2 0 1 1 2 1 2 1 2 1 1 1 1 0 2 1 2 2 1 1 1 1 1 1 1 0 1 2 1 2 2 2 1 2 2 1 1 1 2 1 2 2 1 1 1 1 1 2 1 0 2 2 2 1 2 1 0 1 1 1 1 2 2 1 1 0 2 0 2 2 2 2 1 2 0 2 2 1 2 2
geno chr10.15047741 yri  2 2 2 1 2 0 2 1 2 2 1 2 2 2 2 2 2 2 2 2 2 2 2 2 2 2 2 2 2 2 2 2 2 2 2 2 2 1 1 2 2 2 2 2 2 2 2 2 2 2 2 2 2 1 2 2 2 2 2 2 1 2 2 2 2 2 2 2 2 1 2 1 2 2 2 2 0
geno chr10.15047750 ceu  1 1 1 1 1 1 0 0 2 1 1 1 2 1 1 0 1 2 0 1 2 1 1 1 1 2 1 0 1 1 0 2 1 1 1 1 2 2 0 2 0 1 1 2 2 2 1 1 2 2 1 0 2 1 0 1 0 2 1 2 2 2 2 2 1 2 2 1 2 2 2 0 2 1 0 2 1 1
geno chr10.15047750 fin  1 1 2 1 2 0 2 1 1 1 1 0 1 1 1 2 2 1 2 2 1 2 0 2 2 2 1 1 1 1 2 2 2 2 1 2 0 2 2 0 1 1 1 2 2 1 2 0 2 2 2 1 2 2 2 2 1 1 1 1 1 1 2 2 2 2 2 2 2 1 1 1 2 0 2 1 0 1 2 0 2 1 2 1 1 2 1 2 2
geno chr10.15047750 gbr  1 0 2 2 2 1 1 1 2 1 0 2 2 1 1 2 2 1 2 2 1 2 1 2 1 2 1 2 2 2 0 2 2 2 2 1 2 0 2 2 1 1 1 0 1 2 2 1 2 2 2 2 1 0 0 1 0 2 1 1 2 2 1 1 1 1 1 0 2 0 0 1 1 1 0 1 2 0 1 1 1 2 2 0
geno chr10.15047750 tsi  2 2 2 2 1 0 1 0 1 2 1 2 2 0 1 1 2 1 2 1 2 1 1 1 1 0 2 1 2 2 1 1 1 1 1 1 1 0 1 2 1 2 2 2 1 2 2 1 1 1 2 1 2 2 1 1 1 1 1 2 1 0 2 2 2 1 2 1 0 1 1 1 1 2 2 1 1 0 2 0 1 2 2 2 1 2 0 2 2 1 2 2
geno chr10.15047750 yri  2 2 2 1 2 0 2 1 2 2 1 2 2 2 2 2 2 2 2 2 2 2 2 2 2 2 2 2 2 2 2 2 2 2 2 2 2 1 1 2 2 2 2 2 2 2 2 2 2 2 2 2 2 1 2 2 2 2 2 2 1 2 2 2 2 2 2 2 2 1 2 1 2 2 2 2 0
