pheno ENSG00000176715 ceu -0.09985485 0.3364264 -1.889607 0.002315739 -0.6717477 0.5616563 -0.4724365 0.3455984 1.071976 0.0931545 1.357892 -1.476966 -0.3232731 -0.8292841 -0.0365031 -1.346758 -0.393697 -0.1745985 -0.3541378 -0.8892373 1.880551 -1.129271 -0.9447277 -0.03562906 -0.7092539 -2.343633 0.7999146 -0.3839722 0.3350285 0.9754998 2.143062 0.004575058 0.3807894 -1.815607 -0.7068281 0.1589845 -1.295063 -1.358589 -1.107472 0.2498217 1.937833 -0.9191465 0.8481127 0.5262817 -0.8702317 -1.799549 0.5855438 0.4904655 0.7346509 -0.7703252 -0.1775712 0.04669879 -0.3032763 0.7446657 -0.9956577 0.428564 1.40804 1.974201 -0.2446215 -1.890944 -0.360072 0.8750721 -2.325722 -1.246614 0.3072845 -1.566911 0.6671573 -0.213584 0.975955 -0.4200854 0.2118992 -0.3950804 2.874999 -0.268486 1.380704 0.9287202 -0.09293209 -1.230027
pheno ENSG00000176715 fin -1.814226 -3.347999 -1.717651 -3.087297 -0.6987823 -1.877929 -1.100177 -2.037082 -2.688394 -2.235613 -3.872215 -2.438293 -1.966834 -2.220886 -0.04812762 -3.405081 -1.553926 -2.289179 -1.977506 -0.593524 -1.712076 -1.878188 -1.602034 -0.2462103 -0.2015201 -1.285149 0.2576637 -2.003683 -1.581674 -2.157451 -1.339223 -2.37205 -0.3645335 -2.885495 -3.144198 -3.003948 -1.973752 -2.070988 -1.536562 -2.227831 -1.690398 -3.296195 -0.6577789 -2.061233 -3.173794 -1.131636 -2.765371 -3.371126 -2.519963 -1.880706 -0.8322888 -0.8965068 -1.795026 -2.85136 1.181569 -2.197859 -2.194822 -1.470119 -1.318976 -1.432585 -1.142496 -2.222253 -2.143378 -1.01186 -0.3697315 -2.032063 -1.487782 -2.788385 -2.70232 -1.4824 -1.055139 -2.814979 -1.998419 -1.723601 -2.51161 -2.256618 -2.10353 -2.673369 -2.628367 -2.079267 -1.714975 -0.03202581 -1.074078 -2.561135 -1.69436 -1.784348 -2.706271 -2.557206 -1.195472
pheno ENSG00000176715 gbr 0.7378185 1.13785 0.935602 1.59769 1.408607 2.238876 0.4434949 0.2549941 0.5408961 1.047074 1.209882 0.8564103 -0.8401446 2.459985 1.882217 1.737134 1.025142 1.457614 1.574651 1.836703 1.634969 0.9262076 0.3441248 0.951056 2.947173 -0.6503861 0.1939215 0.7750756 0.5945859 0.5189637 0.008696777 1.013328 2.024618 0.01123741 0.5797638 1.244755 0.4660625 2.379938 1.014684 0.8148647 1.991791 1.548686 2.281148 0.6955185 -1.08233 2.42873 2.01856 1.531421 1.493352 1.486079 1.756599 1.875906 1.013712 0.5030154 0.7138772 -0.2117414 0.1554981 1.025964 1.831031 1.680729 1.50516 1.707472 1.205424 1.871052 1.48583 0.1884092 -0.1562317 0.1207156 1.486803 -0.429045 0.6117629 2.673033 2.911097 1.061582 -0.6205853 0.8281108 2.162173 1.47082 0.2609807 1.13661 0.2750902 0.9809983 1.464755 1.452194
pheno ENSG00000176715 tsi -2.736286 -2.247022 -2.146502 -1.075718 -0.6137689 -0.7336687 -0.6733232 -0.3687167 -2.191254 -0.915047 -0.171814 -2.017187 -0.2934961 -1.011367 -1.493999 -1.290857 -1.127772 -2.522267 -1.408021 -2.376794 -0.9353783 -0.3353965 0.09572292 -0.1535816 -1.131835 -2.529297 -0.4271898 -1.444988 -2.061085 0.6654362 -1.884513 -1.174502 -1.977116 0.2139746 -1.10529 -1.895161 -0.8772879 -0.7395695 -2.353652 0.2710443 0.6839168 -3.139797 -0.9092302 0.6465855 -0.06323787 0.7024881 -2.715465 -1.11352 -1.430943 -1.091764 -0.7143295 -0.8798481 -1.609122 -0.04704006 -1.115054 0.2301125 -1.458103 -1.896996 -2.211651 -1.345978 1.373665 -0.495947 -0.3868548 0.2844842 -1.310334 -1.344481 1.000765 -1.053927 -0.1092143 -0.3679701 0.336021 -2.752125 -1.031199 -1.099273 -1.946629 -1.758868 -2.119421 -0.3456887 -1.094558 -2.889709 -0.6826291 -1.033465 0.1580505 -1.703337 -1.698782 -0.1342362 -0.0907351 -2.205031 -2.415339 1.057587 -2.160111 -1.694853
pheno ENSG00000176715 yri -1.01027 -0.492362 -2.919628 -2.668917 -1.828217 -2.872368 -1.896781 -0.8183916 -4.077059 -1.30899 -1.126416 -1.701521 -2.721995 -1.368031 -2.459215 -0.4075632 -0.5063007 -1.00478 -1.917831 -1.507971 -0.1562381 -0.5603132 -2.622395 -1.54106 -2.852005 -0.7097925 -2.309532 -0.5913043 -2.866492 -1.387607 -2.353696 -0.600644 -1.016734 -0.6998211 0.772697 -1.012017 -1.074751 -1.987011 -1.87885 -3.620175 -0.7715931 -1.28173 -1.151008 -2.234851 -2.394908 -1.86427 -1.518833 -0.4416043 -1.21554 -1.363431 -1.963574 -0.2691972 -1.012295 -1.577766 -1.778003 -0.7099204 -3.319773 -1.155232 -1.587368 -1.85307 -2.427656 -3.658923 -1.421374 -2.299522 -1.493717 -1.890435 -3.382878 -0.4118481 -1.691782 -2.525859 -1.644721 -3.078102 -1.592173 -0.6674896 -1.095741 -0.412449 -1.825723
geno chr16.89055228 ceu  0 0 0 1 1 0 0 0 0 1 0 0 2 0 0 1 0 0 0 0 0 0 0 0 1 0 0 0 0 0 0 0 0 1 0 1 1 0 0 0 0 0 0 1 0 0 0 0 0 0 0 0 0 0 1 0 0 0 0 0 1 0 0 0 0 1 0 0 0 0 0 0 1 0 1 1 0 0
geno chr16.89055228 fin  0 0 0 0 1 0 0 0 0 0 0 0 0 0 0 1 0 0 0 0 0 0 0 0 0 0 0 0 0 0 0 0 0 0 0 0 0 0 1 0 0 0 0 0 1 0 0 0 0 1 0 0 0 0 0 0 0 1 0 0 0 0 0 0 0 0 0 0 0 0 0 0 0 0 0 0 0 0 0 0 0 0 1 0 0 0 0 0 0
geno chr16.89055228 gbr  0 0 0 0 0 0 0 0 0 0 0 0 0 0 0 0 0 0 0 0 0 0 0 0 0 1 0 0 0 0 0 0 1 1 0 0 0 0 0 0 1 1 0 0 0 0 0 0 1 0 0 0 0 0 0 0 0 0 0 0 0 1 0 1 1 0 0 0 0 0 1 0 0 0 0 0 0 0 0 0 0 0 0 0
geno chr16.89055228 tsi  0 0 0 0 0 0 0 0 0 0 0 0 1 0 0 0 0 1 0 0 0 0 0 0 0 0 0 0 0 0 0 0 0 0 0 0 0 0 0 0 0 0 0 0 0 0 0 0 0 0 0 0 0 0 1 0 0 0 0 0 0 0 0 0 0 0 0 0 0 0 0 0 1 0 1 0 0 0 0 0 0 0 0 0 0 0 0 0 0 0 0 0
geno chr16.89055228 yri  0 0 0 0 0 0 0 0 0 0 0 0 0 0 0 0 0 0 0 0 0 0 0 0 0 0 0 0 0 0 0 0 0 0 0 0 0 0 0 0 0 0 0 0 0 0 0 0 0 0 0 0 0 0 0 0 0 0 0 0 0 0 0 0 0 0 0 0 0 0 0 0 0 0 0 0 0
geno chr16.89056031 ceu  0 0 1 1 1 1 0 1 1 1 0 0 2 0 1 1 1 0 1 1 0 0 0 0 1 0 0 1 1 2 1 0 1 1 1 2 2 2 0 0 0 0 0 1 0 2 1 1 1 1 0 1 0 1 1 0 0 1 2 1 2 0 0 0 1 1 0 0 0 0 0 1 1 1 2 1 1 1
geno chr16.89056031 fin  1 0 1 0 1 2 0 1 1 1 1 1 0 1 1 1 0 0 1 1 1 0 1 0 1 1 0 0 0 1 0 0 1 1 2 0 0 1 1 0 1 0 0 0 1 1 1 1 1 2 1 1 1 0 0 1 0 1 0 1 1 1 1 1 1 0 0 1 2 1 0 0 2 0 0 0 1 1 1 0 0 0 2 1 1 1 1 1 1
geno chr16.89056031 gbr  0 1 2 1 0 0 1 0 1 0 0 1 0 0 0 0 1 2 0 1 1 0 1 1 0 1 0 0 0 0 1 0 2 2 0 1 0 1 0 0 1 1 0 0 0 1 1 1 1 0 1 0 1 2 1 0 1 2 1 1 1 1 0 1 1 1 0 1 2 0 2 2 1 2 0 0 0 1 0 0 1 1 1 0
geno chr16.89056031 tsi  0 0 0 1 0 1 1 0 2 2 2 0 2 0 0 1 0 2 2 2 1 0 2 0 1 1 1 2 0 0 1 1 0 2 2 1 0 0 1 2 0 2 1 0 0 0 1 0 2 0 2 1 2 0 1 1 1 1 1 1 1 1 1 0 1 1 1 2 1 1 0 0 2 1 1 0 0 0 2 1 0 0 2 0 1 0 1 0 1 0 0 1
geno chr16.89056031 yri  0 0 0 0 0 1 0 0 0 0 0 0 0 0 0 0 0 0 0 0 0 0 1 0 0 0 0 1 1 0 0 0 0 0 0 0 0 1 0 0 0 0 0 0 0 0 0 0 0 0 0 0 0 0 0 0 0 0 0 0 0 0 0 0 0 0 0 0 0 0 0 0 1 0 0 0 0
geno chr16.89056621 ceu  0 0 1 1 1 1 0 1 1 1 0 0 2 0 1 1 1 0 1 1 0 0 0 0 1 0 0 1 1 2 1 0 1 1 1 2 2 2 0 0 0 0 0 1 0 2 1 1 1 1 0 1 0 1 1 0 0 1 2 1 2 0 0 0 1 1 0 0 0 0 0 1 1 1 2 1 1 1
geno chr16.89056621 fin  1 0 1 0 1 2 0 1 1 1 1 1 0 1 1 1 0 0 1 1 1 0 1 0 1 1 0 0 0 1 0 0 0 1 2 0 0 1 1 0 1 0 0 0 1 1 1 1 1 2 1 1 1 0 0 1 0 1 0 1 1 1 1 1 1 0 0 1 2 1 0 0 2 0 0 0 1 1 1 0 0 0 2 1 1 1 1 1 1
geno chr16.89056621 gbr  0 1 2 1 0 0 1 0 1 0 0 1 0 0 0 0 1 1 0 1 1 0 1 1 0 1 0 0 0 0 1 0 2 2 0 1 0 1 0 0 1 1 0 0 0 1 1 1 1 0 1 0 1 2 1 0 1 2 1 0 1 1 0 1 1 1 0 1 2 0 2 2 1 2 0 0 0 1 0 0 1 1 1 0
geno chr16.89056621 tsi  0 0 0 1 0 1 1 0 2 2 2 0 2 0 0 1 0 2 2 2 1 0 2 0 1 1 1 2 0 0 1 1 0 2 2 1 0 0 1 2 0 2 1 0 0 0 1 0 2 0 2 1 2 0 1 1 1 1 1 1 1 1 1 0 1 1 1 2 1 1 0 0 2 1 1 0 0 0 2 1 0 0 2 0 1 0 1 0 1 0 0 1
geno chr16.89056621 yri  0 0 0 0 0 0 0 0 0 0 0 0 0 0 0 0 0 0 0 0 0 0 0 0 0 0 0 1 1 0 0 0 0 0 0 0 0 1 0 0 0 0 0 0 0 0 0 0 0 0 0 0 0 0 0 0 0 0 0 0 0 0 0 0 0 0 0 0 0 0 0 0 1 0 0 0 0
geno chr16.89057025 ceu  0 0 0 1 1 1 0 1 1 1 0 0 2 0 1 1 0 1 1 1 0 0 0 0 1 0 0 1 1 2 1 0 1 1 1 2 2 2 0 0 0 0 0 1 0 1 1 1 1 1 0 1 0 0 1 0 0 1 2 0 2 0 0 0 1 1 0 0 0 0 0 1 1 1 2 1 1 1
geno chr16.89057025 fin  0 0 1 0 1 2 0 0 1 0 0 0 0 1 1 1 0 0 0 0 0 0 0 0 1 1 0 0 0 1 0 0 1 0 1 0 0 1 1 0 0 0 0 0 1 1 1 1 0 2 1 0 1 0 0 0 0 1 0 1 1 1 1 0 1 0 0 1 1 1 0 0 2 0 0 0 1 0 1 0 0 0 1 1 1 0 1 1 0
geno chr16.89057025 gbr  0 0 2 1 0 0 1 0 1 0 0 1 0 0 0 0 1 1 0 1 1 0 1 1 0 1 0 0 0 0 0 0 2 1 0 1 0 1 0 0 1 1 0 0 0 1 1 1 1 0 1 0 1 0 1 0 0 1 0 1 0 1 0 1 1 1 0 1 1 0 2 2 1 1 0 0 0 1 0 0 0 1 1 0
geno chr16.89057025 tsi  0 0 0 1 0 1 1 0 1 2 2 0 2 0 0 0 0 1 1 1 1 0 2 0 1 1 1 2 0 0 1 1 0 2 2 1 0 0 0 2 0 1 1 0 0 0 1 0 1 0 2 1 2 0 1 1 1 1 0 1 0 0 1 0 1 1 1 1 1 1 0 0 2 1 1 0 0 0 2 1 0 0 2 0 1 0 1 0 1 0 0 1
geno chr16.89057025 yri  0 0 0 0 0 0 0 0 0 0 0 0 0 0 0 0 0 0 0 0 0 0 0 0 0 0 0 1 2 0 0 0 0 0 0 0 0 0 0 1 0 0 0 0 0 0 0 0 0 0 0 0 0 0 0 0 0 0 0 0 1 0 0 0 0 0 0 0 0 0 0 0 1 0 1 0 1
geno chr16.89057287 ceu  2 2 1 1 1 1 2 1 1 1 2 2 0 2 1 1 1 2 1 1 2 2 2 2 1 2 2 1 1 0 1 2 1 1 1 0 0 0 2 2 2 2 2 1 2 0 1 1 1 1 2 1 2 1 1 2 2 1 0 1 0 2 2 2 1 1 2 2 2 2 2 1 1 1 0 1 1 1
geno chr16.89057287 fin  1 2 1 2 1 0 2 2 1 1 1 1 2 1 1 1 2 2 1 1 1 2 1 2 1 1 2 2 2 1 2 2 1 1 0 2 2 1 1 2 1 2 2 2 1 1 1 1 1 0 1 1 1 2 2 1 2 1 2 1 1 1 1 1 1 2 2 1 0 1 2 2 0 2 2 2 1 1 1 2 2 2 0 1 1 1 1 1 1
geno chr16.89057287 gbr  2 1 0 1 2 2 1 2 1 2 2 1 2 2 2 2 1 0 2 1 1 2 1 0 2 1 2 2 2 2 1 2 0 0 2 1 2 1 1 2 1 1 2 2 2 1 1 1 1 2 1 2 1 0 1 2 1 0 1 1 1 1 2 1 1 1 2 1 0 2 0 0 1 0 2 2 2 1 2 2 1 1 1 2
geno chr16.89057287 tsi  2 2 2 1 2 1 1 2 0 0 0 2 0 2 2 1 2 0 0 0 1 2 0 2 1 1 1 0 2 2 1 1 2 0 0 1 2 2 1 0 2 0 1 2 2 2 1 2 0 2 0 1 0 1 1 1 1 1 1 1 1 1 1 2 1 1 1 1 1 1 2 1 0 1 1 2 2 2 0 1 2 2 0 2 1 2 1 2 1 2 2 1
geno chr16.89057287 yri  2 2 2 1 1 1 2 2 2 2 2 2 1 1 2 2 2 1 2 2 2 2 1 1 2 2 2 1 0 2 2 2 2 2 2 2 1 1 1 1 2 1 1 1 2 1 0 1 2 2 2 2 2 1 2 2 2 1 2 0 1 2 2 2 2 1 1 2 2 2 2 2 1 1 0 1 1
geno chr16.89057425 ceu  0 0 0 1 0 0 1 0 0 0 0 0 0 0 1 0 1 1 0 0 0 0 0 0 1 0 0 0 0 0 0 0 0 0 0 0 0 0 0 0 0 0 1 1 0 0 0 0 0 0 0 0 0 0 0 0 0 0 0 0 0 0 0 1 0 0 0 0 1 0 0 0 0 0 0 0 0 0
geno chr16.89057425 fin  0 0 0 0 0 0 1 0 0 0 0 0 0 0 0 0 0 0 0 0 0 1 0 0 0 0 0 0 0 0 1 0 0 0 0 0 0 0 0 0 0 0 0 0 0 0 0 0 0 0 0 0 0 0 0 0 0 0 0 0 0 0 0 0 0 0 1 1 0 0 0 0 0 0 0 1 0 0 0 0 1 0 0 0 0 0 0 0 0
geno chr16.89057425 gbr  0 0 0 0 0 0 1 0 0 1 0 0 0 0 0 0 0 0 0 0 0 1 0 0 0 0 0 0 0 0 0 0 0 0 0 0 0 0 1 0 0 0 1 0 2 0 0 1 0 0 0 0 1 0 0 1 0 0 0 0 0 0 0 0 0 0 0 0 0 0 0 0 0 0 0 0 0 0 0 1 0 0 0 1
geno chr16.89057425 tsi  0 0 0 0 0 0 0 1 0 0 0 0 0 0 0 0 0 0 0 0 0 0 0 0 0 0 0 0 0 0 0 0 0 0 0 0 0 0 0 0 0 0 0 0 0 0 0 1 0 0 0 0 0 0 0 0 0 0 0 0 1 0 0 0 0 0 0 0 0 0 0 0 0 0 0 0 0 0 0 0 0 0 0 0 0 0 0 0 0 0 0 0
geno chr16.89057425 yri  0 0 0 0 0 0 0 0 0 0 0 0 0 0 0 0 0 0 0 0 0 0 0 0 0 0 0 0 0 0 0 0 0 0 0 0 0 0 0 0 0 0 0 0 0 0 0 0 0 0 0 0 0 0 0 0 0 0 0 0 0 0 0 0 0 0 0 0 0 0 0 0 0 0 0 0 0
geno chr16.89057561 ceu  2 2 1 1 1 1 2 1 1 1 2 2 0 2 1 1 1 2 1 1 2 2 2 2 1 2 2 1 1 0 1 2 1 1 1 0 0 0 2 2 2 2 2 1 2 0 1 1 1 1 2 1 2 1 1 2 2 1 0 1 0 2 2 2 1 1 2 2 2 2 2 1 1 1 0 1 1 1
geno chr16.89057561 fin  1 2 1 2 1 0 2 2 1 1 1 1 2 1 1 1 2 2 1 1 1 2 1 2 1 1 2 2 2 1 2 2 1 1 0 2 2 1 1 2 1 2 2 2 1 1 1 1 1 0 1 1 1 2 2 1 2 1 2 1 1 1 1 1 1 2 2 1 0 1 2 2 0 2 2 2 1 1 1 2 2 2 0 1 1 1 1 1 1
geno chr16.89057561 gbr  2 1 0 1 2 2 1 2 1 2 2 1 2 2 2 2 1 0 2 1 1 2 1 0 2 1 2 2 2 2 1 2 0 0 2 1 2 1 1 2 1 1 2 2 2 1 1 1 1 2 1 2 1 0 1 2 1 0 1 1 1 1 2 1 1 1 2 1 0 2 0 0 1 0 2 2 2 1 2 2 1 1 1 2
geno chr16.89057561 tsi  2 2 2 1 2 1 1 2 0 0 0 2 0 2 2 1 2 0 0 0 1 2 0 2 1 1 1 0 2 2 1 1 2 0 0 1 2 2 1 0 2 0 1 2 2 2 1 2 0 2 0 1 0 1 1 1 1 1 1 1 1 1 1 2 1 1 1 1 1 1 2 2 0 1 1 2 2 2 0 1 2 2 0 2 1 2 1 2 1 2 2 1
geno chr16.89057561 yri  2 2 2 1 1 1 2 2 2 2 2 2 1 1 2 2 2 1 2 2 2 2 1 1 2 2 2 1 0 2 2 2 2 2 2 2 1 1 1 1 2 1 1 1 1 1 0 1 2 1 2 2 2 1 2 2 2 1 2 0 1 2 2 2 2 1 1 2 2 2 2 2 1 1 0 1 1
geno chr16.89057730 ceu  0 0 0 1 1 1 0 1 1 1 0 0 2 0 1 1 0 0 1 1 0 0 0 0 1 0 0 1 1 2 1 0 1 1 1 2 2 2 0 0 0 0 0 1 0 1 1 1 1 1 0 1 0 0 1 0 0 1 2 0 2 0 0 0 1 1 0 0 0 0 0 1 1 1 2 1 1 1
geno chr16.89057730 fin  0 0 1 0 1 2 0 0 1 0 0 0 0 1 1 1 0 0 0 0 0 0 0 0 1 1 0 0 0 1 0 0 1 0 1 0 0 1 1 0 0 0 0 0 1 1 1 1 0 2 1 0 1 0 0 0 0 1 0 1 1 1 1 0 1 0 0 1 1 1 0 0 2 0 0 0 1 0 1 0 0 0 1 1 1 0 1 1 0
geno chr16.89057730 gbr  0 1 2 1 0 0 1 0 1 0 0 1 0 0 0 0 1 1 0 1 1 0 1 1 0 1 0 0 0 0 0 0 2 1 0 1 0 1 1 0 1 1 0 0 0 1 1 1 1 0 1 0 1 0 1 0 0 1 0 1 0 1 0 1 1 1 0 1 1 0 2 2 1 1 0 0 0 1 0 0 0 1 1 0
geno chr16.89057730 tsi  0 0 0 1 0 1 1 0 1 2 2 0 2 0 0 0 0 1 1 1 1 0 2 0 1 1 1 2 0 0 1 1 0 2 2 1 0 0 0 2 0 1 1 0 0 0 1 0 1 0 2 1 2 0 1 1 1 1 0 1 0 0 1 0 1 1 1 1 1 1 0 0 2 1 1 0 0 0 2 1 0 0 2 0 1 0 1 0 1 0 0 1
geno chr16.89057730 yri  0 0 0 0 0 0 0 0 0 0 0 0 0 0 0 0 0 0 0 0 0 0 0 0 0 0 0 1 1 0 0 0 0 0 0 0 0 0 0 0 0 0 0 0 0 0 0 0 0 0 0 0 0 0 0 0 0 0 0 0 0 0 0 0 0 0 0 0 0 0 0 0 1 0 0 0 0
geno chr16.89058054 ceu  2 2 1 1 1 1 2 1 1 1 2 2 0 2 1 1 1 2 1 1 2 2 2 2 1 2 2 1 1 0 1 2 1 1 1 0 0 0 2 2 2 2 2 1 2 0 1 1 0 1 2 1 2 0 0 2 2 1 0 1 0 2 2 2 1 1 2 2 2 2 2 1 1 1 0 1 1 1
geno chr16.89058054 fin  1 2 1 2 1 0 2 2 1 1 1 1 2 1 1 1 2 2 2 1 1 2 1 2 1 1 2 2 2 1 2 2 1 1 0 2 2 1 1 2 1 2 2 2 1 1 1 1 1 0 1 1 1 2 2 1 2 1 2 1 1 1 1 1 1 2 2 1 1 1 2 2 0 2 2 2 1 1 1 2 2 2 0 1 1 1 1 1 1
geno chr16.89058054 gbr  2 1 0 1 2 2 1 2 1 2 2 1 2 2 2 2 1 0 2 1 1 2 1 0 2 1 2 2 2 2 1 2 0 0 2 1 2 1 1 2 1 1 2 2 2 1 1 1 1 2 1 2 1 0 1 2 1 0 1 1 1 1 2 1 1 1 2 1 0 2 0 0 1 0 2 2 2 1 2 2 1 1 1 2
geno chr16.89058054 tsi  2 2 2 1 2 1 1 2 0 0 0 2 0 2 2 1 2 0 0 0 1 2 0 2 1 1 1 0 2 2 1 1 2 0 0 1 2 2 1 0 2 0 1 2 2 2 1 2 0 2 0 1 0 1 1 1 1 1 1 1 1 1 1 2 1 1 1 1 1 1 2 2 0 1 0 2 2 2 0 1 2 2 0 2 1 2 1 2 1 2 2 1
geno chr16.89058054 yri  2 2 2 1 2 2 2 2 2 2 2 2 2 1 2 2 2 1 2 2 2 2 1 2 2 2 2 1 0 2 2 2 2 2 2 2 2 1 1 1 2 1 2 1 2 2 1 2 2 2 2 2 2 1 2 2 2 2 2 2 1 2 2 2 2 2 1 2 2 2 2 2 1 1 1 2 1
geno chr16.89058129 ceu  0 0 0 1 1 0 0 0 0 1 0 0 2 0 0 1 0 0 0 0 0 0 0 0 1 0 0 0 0 0 0 0 0 1 0 1 1 0 0 0 0 0 0 1 0 0 0 0 0 0 0 0 0 0 1 0 0 0 0 0 1 0 0 0 0 1 0 0 0 0 0 0 1 0 1 1 0 0
geno chr16.89058129 fin  0 0 0 0 1 0 0 0 0 0 0 0 0 0 0 1 0 0 0 0 0 0 0 0 0 0 0 0 0 0 0 0 0 0 0 0 0 0 1 0 0 0 0 0 1 0 0 0 0 1 0 0 0 0 0 0 0 1 0 0 0 0 0 0 0 0 0 0 0 0 0 0 0 0 0 0 0 0 0 0 0 0 1 0 0 0 0 0 0
geno chr16.89058129 gbr  0 0 0 0 0 0 0 0 0 0 0 0 0 0 0 0 0 0 0 0 0 0 0 0 0 1 0 0 0 0 0 0 1 1 0 0 0 0 0 0 1 1 0 0 0 0 0 0 1 0 0 0 0 0 0 0 0 0 0 0 0 1 0 1 1 0 0 0 0 0 1 0 0 0 0 0 0 0 0 0 0 0 0 0
geno chr16.89058129 tsi  0 0 0 0 0 0 0 0 0 0 0 0 1 0 0 0 0 1 0 0 0 0 0 0 0 0 0 0 0 0 0 0 0 0 0 0 0 0 0 0 0 0 0 0 0 0 0 0 0 0 0 0 0 0 1 0 0 0 0 0 0 0 0 0 0 0 0 0 0 0 0 0 1 0 1 0 0 0 0 0 0 0 0 0 0 0 0 0 0 0 0 0
geno chr16.89058129 yri  0 0 0 0 0 0 0 0 0 0 0 0 0 0 0 0 0 0 0 0 0 0 0 0 0 0 0 0 0 0 0 0 0 0 0 0 0 0 0 0 0 0 0 0 0 0 0 0 0 0 0 0 0 0 0 0 0 0 0 0 0 0 0 0 0 0 0 0 0 0 0 0 0 0 0 0 0
geno chr16.89058640 ceu  2 2 1 1 1 1 2 1 1 1 2 2 0 2 1 1 1 2 1 1 2 2 2 2 1 2 2 1 1 0 1 2 1 1 1 0 0 0 2 2 2 2 2 1 2 0 1 1 1 1 2 1 2 1 1 2 2 1 0 1 0 2 2 2 1 1 2 2 2 2 2 1 1 1 1 1 1 1
geno chr16.89058640 fin  1 2 1 2 1 0 2 2 1 1 1 1 2 1 1 1 2 2 1 1 1 2 1 2 1 1 2 2 2 1 2 2 1 1 0 2 2 1 1 2 1 2 2 2 1 1 1 1 1 1 1 1 1 2 2 1 2 1 2 1 1 1 1 1 1 2 2 1 0 1 2 2 0 2 2 2 1 1 2 2 2 2 0 1 1 1 1 1 1
geno chr16.89058640 gbr  2 1 0 1 2 2 1 2 1 2 2 1 2 2 2 2 1 0 2 1 1 2 1 0 2 1 2 2 2 2 1 2 0 0 2 1 2 1 1 2 1 1 2 2 2 1 1 1 1 2 1 2 1 0 1 2 1 0 1 1 1 1 2 1 1 1 2 1 0 2 0 0 1 0 2 2 2 1 2 2 1 1 1 2
geno chr16.89058640 tsi  2 2 2 1 2 1 1 2 0 0 0 2 0 2 2 1 2 0 0 0 1 2 0 2 1 1 1 0 2 2 1 1 2 0 0 1 2 2 1 0 2 0 1 2 2 2 1 2 0 2 0 1 0 1 1 1 1 1 1 1 1 0 1 2 1 1 1 1 1 1 2 2 0 1 1 2 2 2 0 1 2 2 0 2 1 2 1 2 1 2 2 1
geno chr16.89058640 yri  2 2 2 1 1 1 2 2 2 2 2 2 2 1 2 2 2 1 2 2 2 2 1 1 2 2 1 1 0 2 2 2 2 2 2 2 1 1 1 1 2 1 1 1 1 1 0 1 2 1 2 2 2 1 2 2 2 1 2 0 1 2 2 2 2 1 1 2 2 2 2 2 2 1 0 1 1
geno chr16.89059082 ceu  2 2 2 1 1 1 2 1 1 1 2 2 0 2 1 1 1 2 1 1 1 2 2 2 1 2 2 1 1 0 1 2 1 1 1 0 0 0 2 2 2 2 2 1 2 0 1 1 1 0 2 0 2 1 1 2 2 1 0 0 0 2 2 2 1 1 2 2 2 2 2 1 1 1 1 1 1 1
geno chr16.89059082 fin  1 2 1 2 1 0 2 2 1 1 1 1 2 1 1 1 2 2 2 1 1 2 2 2 1 1 2 2 2 1 2 2 1 2 0 2 2 1 1 2 2 2 2 2 1 1 1 1 1 0 1 1 1 2 2 1 2 1 2 1 1 1 1 2 1 2 2 1 1 1 2 2 0 2 2 2 1 1 1 2 2 2 0 1 1 1 1 1 1
geno chr16.89059082 gbr  2 1 0 1 2 2 1 2 1 2 2 1 2 2 2 2 0 0 2 1 1 2 1 0 2 1 2 2 2 2 1 2 0 0 2 2 2 1 1 2 1 1 2 2 2 1 1 1 1 2 1 1 1 0 1 2 1 0 1 1 1 1 2 1 1 1 2 1 0 2 0 0 1 0 2 2 2 1 2 2 1 1 1 2
geno chr16.89059082 tsi  2 2 2 1 2 1 1 2 0 0 0 2 0 2 2 1 2 0 0 0 1 2 0 2 1 1 2 0 2 2 1 1 2 0 0 1 2 2 0 0 2 0 1 2 2 2 1 2 0 2 0 1 0 1 1 1 1 1 1 1 1 1 1 2 1 1 1 1 1 1 2 2 0 1 1 2 2 2 0 1 2 2 0 2 1 2 1 2 1 2 2 1
geno chr16.89059082 yri  2 2 2 1 1 1 2 2 2 2 2 2 2 1 2 2 2 1 2 2 2 2 1 1 2 2 1 1 0 2 2 2 2 2 2 2 1 1 1 1 2 1 1 1 1 1 0 1 2 1 2 2 2 1 2 2 2 1 2 0 1 2 2 2 2 1 1 2 2 2 2 2 2 1 0 1 1
geno chr16.89059385 ceu  0 0 0 1 1 1 0 1 1 1 0 0 2 0 1 1 0 0 1 1 0 0 0 0 1 0 0 1 1 2 1 0 1 1 1 2 2 2 0 0 0 0 0 1 0 1 1 1 1 1 0 1 0 0 1 0 0 1 2 0 2 0 0 0 1 1 0 0 0 0 0 1 1 1 1 1 1 1
geno chr16.89059385 fin  0 0 1 0 1 2 0 0 1 0 0 0 0 1 1 1 0 0 0 0 0 0 0 0 1 1 0 0 0 1 0 0 1 0 1 0 0 1 1 0 0 0 0 0 1 1 1 1 0 2 1 0 1 0 0 0 0 1 0 1 1 1 1 0 1 0 0 1 1 1 0 0 2 0 0 0 1 0 1 0 0 0 1 1 1 0 1 1 0
geno chr16.89059385 gbr  0 1 2 1 0 0 1 0 1 0 0 1 0 0 0 0 1 1 0 1 1 0 1 1 0 1 0 0 0 0 0 0 2 1 0 1 0 1 1 0 1 1 0 0 0 1 1 1 1 0 1 0 1 0 1 0 0 1 0 1 0 1 0 1 1 1 0 1 1 0 2 2 1 1 0 0 0 1 0 0 0 1 1 0
geno chr16.89059385 tsi  0 0 0 0 0 1 1 0 1 2 2 0 2 0 0 0 0 1 1 1 1 0 2 0 1 1 1 2 0 2 1 1 0 2 2 1 0 0 0 2 0 1 1 0 0 0 1 0 1 0 2 1 2 0 1 1 1 1 0 1 0 0 1 0 1 1 1 1 1 1 0 0 2 1 1 0 0 0 2 1 0 0 2 0 1 0 1 0 1 0 0 1
geno chr16.89059385 yri  0 0 0 1 0 0 0 0 0 0 0 0 0 1 0 0 0 0 0 0 0 0 0 0 0 0 0 1 1 0 0 0 0 0 0 0 0 0 0 0 0 0 0 1 0 0 0 0 0 0 0 0 0 0 0 0 0 0 0 0 0 0 0 0 0 0 0 0 0 0 0 0 0 0 0 0 0
geno chr16.89059879 ceu  0 1 0 0 0 0 0 0 0 0 0 0 0 0 0 0 0 0 0 0 1 1 0 0 0 0 0 0 0 0 0 0 0 0 0 0 0 0 0 1 0 0 0 0 0 0 0 0 0 1 1 1 0 0 1 0 0 0 0 1 0 0 0 1 0 0 0 0 0 0 1 0 0 0 0 0 0 0
geno chr16.89059879 fin  0 0 1 0 0 0 1 1 0 1 0 0 0 0 0 0 0 1 1 0 0 0 0 0 0 0 0 2 0 0 0 0 1 0 0 0 0 0 1 1 0 0 0 0 1 0 0 0 0 1 0 0 0 1 0 1 0 0 1 0 0 0 1 0 0 0 0 0 0 1 0 0 0 0 0 0 0 0 1 0 0 0 0 0 1 0 0 0 1
geno chr16.89059879 gbr  0 0 1 0 0 0 0 0 0 0 0 0 0 0 1 0 1 0 1 0 0 0 0 0 1 0 0 0 1 0 0 1 0 0 0 0 0 0 0 0 1 0 0 0 0 1 0 0 0 0 0 1 0 0 1 0 0 0 0 0 1 0 0 0 1 0 1 0 0 0 1 0 1 0 0 0 0 0 0 1 0 0 0 0
geno chr16.89059879 tsi  0 0 1 0 0 0 0 0 0 0 0 1 0 0 1 0 0 0 0 0 0 0 1 1 0 1 1 0 0 0 0 0 1 0 0 0 0 0 1 0 1 0 1 0 0 0 1 0 0 1 0 1 0 0 0 0 0 0 1 1 0 0 0 0 0 0 0 0 0 0 1 1 0 0 0 0 1 0 0 0 1 1 0 0 0 0 0 1 0 1 0 0
geno chr16.89059879 yri  0 1 0 0 1 1 0 0 0 2 1 1 0 0 0 0 0 1 0 2 1 0 2 1 0 2 0 0 0 1 0 1 0 1 1 0 1 0 0 0 0 0 1 0 1 1 2 1 1 1 1 0 1 2 0 1 1 2 0 2 0 0 1 0 1 2 1 2 0 1 1 0 1 1 1 1 1
geno chr16.89060217 ceu  1 0 1 0 0 0 0 0 0 0 0 1 0 0 0 0 0 0 0 1 0 0 0 0 0 0 0 0 0 0 0 1 0 0 0 0 0 0 1 1 0 0 0 0 0 0 0 0 0 0 1 0 0 0 0 0 0 0 0 0 1 1 1 0 0 1 0 0 1 0 1 0 0 0 0 1 0 0
geno chr16.89060217 fin  0 0 0 0 0 0 0 0 0 0 0 0 0 0 0 0 1 0 0 1 0 0 1 0 0 1 0 1 0 0 0 0 0 0 0 0 0 0 1 0 1 0 0 0 0 0 0 0 1 0 1 0 0 1 0 0 0 0 0 0 0 0 0 1 0 0 0 0 0 0 0 0 0 0 1 0 0 0 1 0 0 0 0 0 1 0 0 0 0
geno chr16.89060217 gbr  0 0 0 1 0 0 0 0 0 0 0 0 0 0 1 0 0 0 0 0 0 0 0 0 0 1 0 1 0 0 1 0 0 0 0 0 1 0 0 0 1 0 0 1 1 0 0 0 1 0 0 0 0 0 0 0 0 0 0 0 0 1 0 1 0 0 0 0 0 1 0 1 0 0 0 0 0 0 0 0 0 0 0 0
geno chr16.89060217 tsi  0 0 0 0 1 0 0 1 0 0 0 0 0 0 0 0 0 0 0 0 1 0 0 0 0 0 1 0 0 0 0 0 1 0 0 0 0 0 0 0 0 0 1 0 0 0 0 0 0 0 0 0 1 0 1 0 0 0 1 0 0 1 0 0 0 0 0 0 1 0 0 0 0 0 0 0 0 0 0 0 0 0 0 0 0 0 1 0 1 0 1 0
geno chr16.89060217 yri  0 0 1 0 0 2 0 0 0 0 0 0 0 0 1 1 0 1 1 0 0 0 0 0 0 0 0 0 1 1 0 1 1 0 0 0 0 0 0 0 0 0 0 0 0 1 0 1 0 0 1 2 0 1 0 1 1 1 0 0 0 0 0 0 0 0 0 0 0 0 0 1 1 1 1 0 0
geno chr16.89060486 ceu  2 1 1 2 2 2 2 2 2 2 2 2 2 2 2 2 1 2 2 2 1 1 2 2 2 2 2 2 2 2 2 2 2 2 2 2 2 2 2 2 2 2 2 2 2 1 2 2 2 1 1 1 2 1 1 2 2 2 2 0 2 2 2 1 2 2 2 2 2 1 1 2 2 2 2 2 2 2
geno chr16.89060486 fin  1 2 2 2 2 2 1 1 2 1 2 2 2 2 2 2 2 1 0 1 1 2 1 2 2 2 2 0 2 2 2 2 2 1 1 2 2 2 1 1 1 2 2 2 1 2 2 2 1 2 2 1 2 1 2 0 2 2 1 2 2 2 2 1 2 2 2 2 1 1 2 2 2 1 2 2 2 2 2 2 2 1 1 2 1 1 2 2 0
geno chr16.89060486 gbr  2 2 2 2 1 2 2 2 2 2 2 2 2 2 1 2 1 1 1 2 2 1 2 1 1 2 2 2 1 2 1 1 2 1 2 2 2 2 1 2 1 2 2 2 2 2 2 2 2 2 2 0 1 0 1 2 1 1 1 2 0 2 2 2 1 2 1 2 1 2 2 2 2 1 2 2 2 2 2 1 1 2 2 2
geno chr16.89060486 tsi  2 2 1 2 2 2 2 2 1 2 2 1 2 2 1 1 1 1 1 1 2 2 2 1 2 2 1 2 2 2 1 2 1 2 2 2 2 2 0 2 2 1 1 2 2 2 2 2 1 1 2 1 2 1 2 2 2 2 0 1 1 2 2 2 2 2 2 2 2 2 1 1 2 2 2 2 1 2 2 2 1 0 2 2 2 2 2 1 2 1 2 2
geno chr16.89060486 yri  2 1 2 2 1 1 2 2 2 0 1 1 2 2 2 2 2 1 2 0 1 2 0 1 2 0 1 2 1 1 2 1 2 1 1 2 1 0 1 1 2 1 2 2 2 1 1 1 1 2 1 2 1 0 2 1 1 0 2 2 1 2 1 2 0 0 1 0 2 1 1 2 1 1 0 1 0
geno chr16.89060611 ceu  2 2 1 2 2 2 2 2 2 2 2 2 2 2 2 2 1 2 2 2 2 2 2 2 2 2 2 2 2 2 2 2 2 2 2 2 2 2 2 2 2 2 2 2 2 1 2 2 2 2 2 2 2 1 2 2 2 2 2 1 2 2 2 2 2 2 2 2 2 2 2 2 2 2 2 2 2 2
geno chr16.89060611 fin  1 2 2 2 2 2 2 2 2 1 1 1 2 2 2 2 2 2 1 1 1 2 1 2 2 2 2 2 2 2 2 2 2 1 1 2 2 2 2 2 1 2 2 2 2 2 2 2 1 2 2 1 2 2 2 1 2 2 2 2 2 2 2 1 2 2 2 2 1 2 2 2 2 2 2 2 2 1 2 2 2 1 1 2 2 1 2 2 1
geno chr16.89060611 gbr  2 2 2 2 2 2 2 2 2 2 2 2 2 2 2 2 2 1 2 2 2 1 2 1 2 2 2 2 2 2 1 2 2 1 2 2 2 2 1 2 2 2 2 2 2 2 2 2 2 2 2 1 2 0 2 2 1 1 1 2 1 2 2 2 2 2 2 2 1 2 2 2 2 1 2 2 2 2 2 2 1 2 2 2
geno chr16.89060611 tsi  2 2 2 2 2 2 2 2 1 2 2 2 2 2 2 1 2 1 1 1 2 2 2 2 2 2 2 2 2 2 2 2 2 2 2 2 2 2 1 2 2 1 2 2 2 2 2 2 1 2 2 2 2 1 2 2 2 2 1 2 1 2 2 2 2 2 2 2 2 2 2 2 2 2 2 2 2 2 2 2 2 2 2 2 2 2 2 2 2 2 2 2
geno chr16.89060611 yri  2 2 2 2 1 1 2 2 2 2 2 2 2 2 2 2 2 1 2 2 2 2 1 1 2 2 1 2 1 2 2 2 2 2 2 2 1 1 1 1 2 1 2 2 2 1 1 1 2 2 2 2 2 1 2 2 2 1 2 2 1 2 2 2 2 1 1 2 2 2 2 2 2 1 0 1 1
geno chr16.89061253 ceu  0 0 0 1 1 1 0 1 1 1 0 0 2 0 1 1 0 0 1 1 0 0 0 0 1 0 0 1 1 2 1 0 1 1 1 2 2 2 0 0 0 0 0 1 0 1 1 1 1 1 0 1 0 0 1 0 0 1 2 0 2 0 0 0 1 1 0 0 0 0 0 1 1 1 1 1 1 1
geno chr16.89061253 fin  0 0 1 0 1 2 0 0 1 0 0 0 0 1 1 1 0 0 0 0 0 0 0 0 1 1 0 0 0 1 0 0 1 0 1 0 0 1 1 0 0 0 0 0 1 1 1 1 0 2 1 0 1 0 0 0 0 1 0 1 1 1 1 0 1 0 0 1 1 1 0 0 2 0 0 0 1 0 1 0 1 0 1 1 1 0 1 1 0
geno chr16.89061253 gbr  0 1 2 1 0 0 1 0 1 0 0 1 0 0 0 0 1 1 0 1 1 0 1 1 0 1 0 0 0 0 0 0 2 1 0 1 0 1 0 0 1 1 0 0 0 1 1 1 1 0 1 0 1 0 1 0 0 1 0 1 0 1 0 1 1 1 0 1 1 0 2 2 1 1 0 0 0 1 0 0 0 1 1 0
geno chr16.89061253 tsi  0 0 0 1 0 1 1 0 1 2 2 0 2 0 0 0 0 1 1 1 1 0 2 0 1 1 1 2 0 2 1 1 0 1 2 1 0 0 0 2 0 1 1 0 0 0 0 0 1 0 2 1 2 0 1 1 2 1 0 1 0 0 1 0 1 1 1 1 1 1 0 0 2 1 1 0 0 0 2 1 0 0 2 0 1 0 1 0 1 0 0 1
geno chr16.89061253 yri  0 0 0 1 0 0 0 0 0 0 0 0 0 1 0 0 0 0 0 0 0 0 0 0 0 0 0 1 1 0 0 0 0 0 0 0 0 0 0 0 0 0 0 1 1 0 0 0 0 1 0 0 0 0 0 0 0 0 0 0 0 0 0 0 0 0 0 0 0 0 0 0 0 0 0 0 0
geno chr16.89061658 ceu  0 0 0 1 0 1 1 0 0 0 0 1 0 2 1 0 1 1 0 1 1 1 2 0 1 0 0 1 0 0 0 1 0 0 0 0 0 0 1 0 1 0 2 1 1 0 1 0 0 0 0 0 1 0 0 0 0 0 0 0 0 0 1 1 0 0 1 1 1 0 1 0 0 0 0 1 0 0
geno chr16.89061658 fin  0 1 1 1 1 0 1 0 1 0 0 1 1 0 1 1 1 1 0 0 1 1 0 2 0 0 1 0 1 0 2 1 0 0 0 2 1 1 0 0 0 0 0 0 0 0 1 0 0 0 0 1 1 1 0 0 2 1 1 1 1 1 0 0 1 1 2 1 0 0 2 1 0 0 0 2 0 0 0 0 0 0 0 1 0 0 0 0 0
geno chr16.89061658 gbr  1 0 0 0 0 1 1 0 0 1 0 0 0 0 0 0 0 0 1 0 0 1 0 0 0 1 1 0 0 0 0 1 0 0 1 0 1 1 1 0 0 1 1 0 1 1 0 1 1 1 0 0 1 0 0 1 0 0 1 0 0 1 1 1 0 0 0 0 0 1 0 0 0 0 0 2 0 0 1 1 1 0 0 1
geno chr16.89061658 tsi  2 0 0 0 0 0 0 1 0 0 0 0 0 0 0 0 1 0 0 0 1 0 0 0 0 0 0 0 0 0 0 0 0 0 0 0 0 1 0 0 1 0 0 1 0 2 0 1 0 0 0 0 0 0 1 0 0 1 0 0 1 0 0 0 0 0 0 0 1 0 1 0 0 0 0 1 0 1 0 0 1 0 0 0 0 0 0 0 0 0 1 0
geno chr16.89061658 yri  0 0 0 0 0 0 1 1 0 0 0 1 0 0 0 0 0 0 0 0 0 1 0 1 0 0 0 0 0 0 0 0 0 0 0 0 0 0 1 1 0 0 0 0 0 0 0 0 0 0 0 1 0 0 0 0 0 0 0 0 0 0 0 0 0 0 1 1 0 0 2 1 0 1 0 0 0
geno chr16.89062133 ceu  2 2 1 2 2 2 2 2 2 2 2 2 2 2 2 2 1 2 2 2 2 2 2 2 2 2 2 2 2 2 2 2 2 2 2 2 2 2 2 2 2 2 2 2 2 1 2 2 2 2 2 2 2 1 2 2 2 2 2 1 2 2 2 2 2 2 2 2 2 2 2 2 2 2 2 2 2 2
geno chr16.89062133 fin  1 2 2 2 2 2 2 2 2 1 1 1 2 2 2 2 2 2 1 1 1 2 1 2 2 2 2 2 2 2 2 2 2 1 1 2 2 2 2 2 1 2 2 2 2 2 2 2 1 2 2 1 2 2 2 1 2 2 2 2 2 2 2 1 2 2 2 2 1 2 2 2 2 2 2 2 2 1 2 2 2 1 1 2 2 1 2 2 1
geno chr16.89062133 gbr  2 2 2 2 2 2 2 2 2 2 2 2 2 2 2 2 2 1 2 2 2 1 2 1 2 2 2 2 2 2 1 2 2 1 2 2 2 2 1 2 2 2 2 2 2 2 2 2 2 2 2 1 2 0 2 2 1 1 1 2 1 2 2 2 2 2 2 2 1 2 2 2 2 1 2 2 2 2 2 2 1 2 2 2
geno chr16.89062133 tsi  2 2 2 2 2 2 2 2 1 2 2 2 2 2 2 1 2 1 1 1 2 2 2 2 2 2 2 2 2 2 2 2 2 2 2 2 2 2 1 2 2 1 2 2 2 2 2 2 1 2 2 2 2 1 2 2 2 2 1 2 1 2 2 2 2 2 2 2 2 2 2 2 2 2 2 2 2 2 2 2 2 2 2 2 2 2 2 2 2 2 2 2
geno chr16.89062133 yri  2 2 2 2 1 1 2 2 2 2 2 2 2 2 2 2 2 1 2 2 2 2 1 1 2 2 1 2 1 2 2 2 2 2 2 2 1 1 1 1 2 1 2 2 2 1 1 1 2 2 2 2 2 1 2 2 2 1 2 2 1 2 2 2 2 1 1 2 2 2 2 2 2 1 0 1 1
geno chr16.89062451 ceu  2 2 1 2 2 2 2 2 2 2 2 2 2 2 2 2 1 2 2 2 2 2 2 2 2 2 2 2 2 2 2 2 2 2 2 2 2 2 2 2 2 2 2 2 2 1 2 2 2 2 2 2 2 1 2 2 2 2 2 1 2 2 2 2 2 2 2 2 2 2 2 2 2 2 2 2 2 2
geno chr16.89062451 fin  1 2 2 2 2 2 2 2 2 1 1 1 2 2 2 2 2 2 1 1 1 2 1 2 2 2 2 2 2 2 2 2 2 1 1 2 2 2 2 2 1 2 2 2 2 2 2 2 1 2 2 1 2 2 2 1 2 2 2 2 2 2 2 1 2 2 2 2 1 2 2 2 2 2 2 2 2 1 2 2 2 1 1 2 2 1 2 2 1
geno chr16.89062451 gbr  2 2 2 2 2 2 2 2 2 2 2 2 2 2 2 2 2 1 2 2 2 1 2 1 2 2 2 2 2 2 1 2 2 1 2 2 2 2 1 2 2 2 2 2 2 2 2 2 2 2 2 1 2 0 2 2 1 1 1 2 1 2 2 2 2 2 2 2 1 2 2 2 2 1 2 2 2 2 2 2 1 2 2 2
geno chr16.89062451 tsi  2 2 2 2 2 2 2 2 1 2 2 2 2 2 2 1 2 1 1 1 2 2 2 2 2 2 2 2 2 2 2 2 2 2 2 2 2 2 1 2 2 1 2 2 2 2 2 2 1 2 2 2 2 1 2 2 2 2 1 2 1 2 2 2 2 2 2 2 2 2 2 2 2 2 2 2 2 2 2 2 2 2 2 2 2 2 2 2 2 2 2 2
geno chr16.89062451 yri  2 2 2 2 1 2 2 2 2 2 2 2 2 2 2 2 2 1 2 2 2 2 2 2 2 2 1 2 1 2 2 2 2 2 2 2 2 1 1 1 2 2 2 2 2 2 1 1 2 2 2 2 2 1 2 2 2 2 2 2 1 2 2 2 2 2 1 2 2 2 2 2 2 1 0 2 1
geno chr16.89062733 ceu  2 2 1 1 1 1 2 1 1 1 2 2 0 2 1 1 1 2 1 1 2 2 2 1 1 2 2 1 1 0 1 2 1 1 1 0 0 0 2 2 2 2 2 1 1 0 1 1 1 1 2 1 2 1 1 2 2 1 0 1 0 2 2 2 1 1 2 2 2 2 2 1 1 1 1 1 1 1
geno chr16.89062733 fin  1 2 1 2 1 0 2 2 1 1 1 1 2 1 1 1 2 2 1 1 1 2 1 2 1 1 2 2 2 1 2 2 1 1 0 2 2 0 1 2 1 2 2 2 1 1 1 1 1 0 1 1 0 2 2 1 2 1 2 1 1 1 1 1 1 2 2 1 0 1 2 2 0 2 2 2 1 1 1 2 1 1 0 1 1 1 1 1 1
geno chr16.89062733 gbr  2 1 0 1 2 2 1 2 1 2 2 1 2 2 2 2 1 0 2 1 1 1 1 0 2 1 2 2 2 2 1 2 0 0 2 1 2 1 1 2 1 1 2 2 2 1 1 1 0 2 1 1 1 0 1 2 1 0 1 1 1 1 2 1 1 1 2 1 0 2 0 0 1 0 2 2 2 1 2 2 1 1 1 2
geno chr16.89062733 tsi  2 2 2 1 2 1 1 2 0 0 0 2 0 2 2 1 2 0 0 0 0 2 0 2 1 1 1 0 2 0 1 1 2 1 0 1 2 2 1 0 2 0 1 2 2 2 2 2 0 2 0 1 0 1 1 1 0 1 1 1 1 2 1 2 1 1 1 1 1 1 2 2 0 1 1 2 2 2 0 1 2 2 0 2 1 2 1 2 1 2 2 1
geno chr16.89062733 yri  2 2 2 1 1 1 2 2 2 2 2 2 2 1 2 2 2 1 2 2 2 2 1 1 2 2 1 1 0 2 2 2 2 2 2 2 1 1 1 1 2 1 2 1 1 1 1 1 2 1 2 2 2 1 2 2 2 1 2 2 1 2 2 2 2 1 1 2 2 2 2 2 2 1 0 1 1
geno chr16.89062776 ceu  2 2 1 2 2 2 2 2 2 2 2 2 2 2 2 2 1 2 2 2 2 2 2 2 2 2 2 2 2 2 2 2 2 2 2 2 2 2 2 2 2 2 2 2 2 1 2 2 2 2 2 2 2 1 2 2 2 2 2 1 2 2 2 2 2 2 2 2 2 2 2 2 2 2 2 2 2 2
geno chr16.89062776 fin  1 2 2 2 2 2 2 2 2 1 1 1 2 2 2 2 2 2 1 1 1 2 1 1 2 2 2 2 2 2 2 2 2 1 1 2 2 2 2 2 1 2 2 2 2 2 2 2 1 2 2 1 2 2 2 1 2 2 2 2 2 2 2 1 2 2 2 2 1 2 1 2 2 2 2 2 2 1 2 2 2 1 1 2 2 1 2 2 1
geno chr16.89062776 gbr  2 2 2 2 2 2 2 2 2 2 2 2 2 2 2 2 2 1 2 2 2 1 2 1 2 2 2 2 2 2 1 2 2 1 2 2 2 2 1 2 2 2 2 2 2 2 2 2 2 2 2 1 2 0 2 2 1 1 1 2 1 2 2 2 2 2 2 2 1 2 2 2 2 1 2 2 2 2 2 2 1 2 2 2
geno chr16.89062776 tsi  2 2 2 2 2 2 2 2 1 2 2 2 2 2 2 1 2 1 1 1 2 2 2 2 2 2 2 2 2 2 2 2 2 2 2 2 2 2 1 2 2 1 2 2 2 2 2 2 1 2 2 2 2 1 2 2 2 2 1 2 1 2 2 2 2 2 2 2 2 2 2 2 2 2 2 2 2 2 2 2 2 2 2 2 2 2 2 2 2 2 2 2
geno chr16.89062776 yri  2 2 2 2 1 2 2 2 2 2 2 2 2 2 2 2 2 2 2 2 2 2 2 2 2 2 1 2 1 2 2 2 2 2 2 2 2 1 2 1 2 2 2 2 2 2 1 1 2 2 2 2 2 1 2 2 2 2 2 2 1 2 2 2 2 2 2 2 2 2 2 2 2 2 0 2 1
geno chr16.89062884 ceu  0 0 0 0 0 0 0 0 0 0 0 0 0 0 0 0 0 0 0 0 0 0 0 0 0 0 0 0 0 0 0 0 0 0 0 0 0 0 0 0 0 0 0 0 0 0 0 0 0 0 0 0 0 0 0 0 0 0 0 0 0 0 0 0 0 0 0 0 0 0 0 0 0 0 0 0 0 0
geno chr16.89062884 fin  0 0 0 0 0 0 0 0 0 0 0 0 0 0 0 0 0 0 0 0 0 0 0 0 0 0 0 0 0 0 0 0 0 0 0 0 0 0 0 0 0 0 0 0 0 0 0 0 0 0 0 0 0 0 0 0 0 0 0 0 0 0 0 0 0 0 0 0 0 0 0 0 0 0 0 0 0 0 0 0 0 0 0 0 0 0 0 0 0
geno chr16.89062884 gbr  0 0 0 0 0 0 0 0 0 0 0 0 0 0 0 0 0 0 0 0 0 0 0 0 0 0 0 0 0 0 0 0 0 0 0 0 0 0 0 0 0 0 0 0 0 0 0 0 0 0 0 0 0 0 0 0 0 0 0 0 0 0 0 0 0 0 0 0 0 0 0 0 0 0 0 0 0 0 0 0 0 0 0 0
geno chr16.89062884 tsi  0 0 0 0 0 0 0 0 0 0 0 0 0 0 0 0 0 0 0 0 0 0 0 0 0 0 0 0 0 0 0 0 0 0 0 0 0 0 0 0 0 0 0 0 0 0 0 0 0 0 0 0 0 0 0 0 0 0 0 0 0 0 0 0 0 0 0 0 0 0 0 0 0 0 0 0 0 0 0 0 0 0 0 0 0 0 0 0 0 0 0 0
geno chr16.89062884 yri  0 1 1 1 0 1 1 1 2 0 0 0 0 1 2 2 1 1 0 0 0 0 0 0 1 0 0 0 0 0 0 0 1 1 0 0 1 0 0 0 1 1 0 0 1 1 0 1 0 1 1 1 1 0 1 0 0 0 0 0 1 0 0 1 0 1 0 0 0 0 0 0 0 0 0 0 0
geno chr16.89062969 ceu  2 2 1 2 2 2 2 2 2 2 2 2 2 2 2 2 1 2 2 2 2 2 2 2 2 2 2 2 2 2 2 2 2 2 2 2 2 2 2 2 2 2 2 2 2 1 2 2 2 2 2 2 2 1 2 2 2 2 2 1 2 2 2 2 2 2 2 2 2 2 2 2 2 2 2 2 2 2
geno chr16.89062969 fin  1 2 2 2 2 2 2 2 2 1 1 1 2 2 2 2 2 2 1 1 1 2 1 2 2 2 2 2 2 2 2 2 2 1 1 2 2 2 2 2 1 2 2 2 2 2 2 2 1 2 2 1 2 2 2 1 2 2 2 2 2 2 2 1 2 2 2 2 1 2 2 2 2 2 2 2 2 1 2 2 2 1 1 2 2 1 2 2 1
geno chr16.89062969 gbr  2 2 2 2 2 2 2 2 2 2 2 2 2 2 2 2 2 1 2 2 2 1 2 1 2 2 2 2 2 2 1 2 2 1 2 2 2 2 1 2 2 2 2 2 2 2 2 2 2 2 2 1 2 0 2 2 1 1 1 2 1 2 2 2 2 2 2 2 1 2 2 2 2 1 2 2 2 2 2 2 1 2 2 2
geno chr16.89062969 tsi  2 2 2 2 2 2 2 2 1 2 2 2 2 2 2 1 2 1 1 1 2 2 2 2 2 2 2 2 2 2 2 2 2 2 2 2 2 2 1 2 2 1 2 2 2 2 2 2 1 2 2 2 2 1 2 2 2 2 1 2 1 2 2 2 2 2 2 2 2 2 2 2 2 2 2 2 2 2 2 2 2 2 2 2 2 2 2 2 2 2 2 2
geno chr16.89062969 yri  2 2 2 2 1 1 2 2 2 2 2 2 2 2 2 2 2 2 2 2 2 2 1 1 2 2 1 2 1 2 2 2 2 2 2 2 1 1 2 1 2 1 2 2 2 1 1 1 2 2 2 2 2 1 2 2 2 1 2 2 1 2 2 2 2 1 2 2 2 2 2 2 2 2 0 1 1
geno chr16.89063204 ceu  2 2 1 2 2 2 2 2 2 2 2 2 2 2 2 2 1 2 2 2 2 2 2 2 2 2 2 2 2 2 2 2 2 2 2 2 2 2 2 2 2 2 2 2 2 1 2 2 2 2 2 2 2 1 2 2 2 2 2 1 2 2 2 2 2 2 2 2 2 2 2 2 2 2 2 2 2 2
geno chr16.89063204 fin  1 2 2 2 2 2 2 2 2 0 1 1 2 2 2 2 2 2 1 1 1 2 1 2 2 2 2 2 2 2 2 2 2 1 0 2 2 2 2 2 1 2 2 1 2 2 2 2 1 2 2 1 2 2 2 0 2 2 2 2 2 2 2 1 2 2 2 2 1 2 2 1 2 2 2 2 2 1 2 2 2 1 1 2 2 1 2 2 1
geno chr16.89063204 gbr  2 2 2 2 1 2 2 2 1 2 2 2 2 2 2 2 2 1 2 2 2 1 2 1 2 2 2 2 2 2 0 2 2 1 2 2 2 2 1 2 2 2 2 2 2 2 2 2 2 2 2 1 2 0 2 2 1 1 1 2 1 2 2 2 2 2 2 2 1 2 2 2 1 1 2 2 2 2 2 2 1 2 2 2
geno chr16.89063204 tsi  2 2 1 2 2 2 2 2 0 2 2 2 2 2 2 0 2 1 1 0 2 2 2 2 2 2 2 1 2 2 2 2 1 2 2 2 2 2 1 2 2 1 2 2 2 2 2 2 1 2 2 2 2 1 2 2 2 2 1 1 0 2 2 2 2 2 2 2 2 2 2 2 2 2 2 2 2 2 2 2 2 2 2 2 2 2 2 2 2 2 2 2
geno chr16.89063204 yri  2 2 1 2 1 0 2 2 0 2 2 2 2 2 2 1 2 0 1 2 2 2 1 0 1 2 1 1 1 2 2 2 2 1 2 1 0 1 1 0 2 0 2 2 1 1 1 0 1 2 2 1 1 0 0 2 2 1 1 2 1 2 2 1 2 0 1 2 2 2 2 1 1 1 0 1 1
geno chr16.89063212 ceu  1 1 0 2 2 2 2 2 2 1 2 1 2 2 1 2 0 2 2 2 2 2 2 2 2 2 2 2 2 2 2 2 2 2 2 2 2 2 1 2 2 1 2 2 2 0 2 2 2 2 2 2 2 1 2 2 2 2 2 1 2 2 2 2 2 2 2 2 2 2 1 2 2 2 2 2 2 2
geno chr16.89063212 fin  1 2 2 2 2 2 0 2 2 0 1 1 2 2 1 2 2 2 1 1 1 2 1 2 2 2 2 1 2 2 2 2 2 1 0 2 2 2 2 2 1 2 2 2 2 2 2 2 1 2 2 1 2 2 2 0 2 2 2 2 1 2 2 1 2 1 1 2 1 2 1 1 1 2 2 1 2 1 2 2 2 0 1 2 2 1 2 1 0
geno chr16.89063212 gbr  0 1 2 2 0 2 0 2 1 2 2 2 2 1 1 2 2 1 2 2 1 0 2 1 2 2 1 2 1 1 0 1 1 0 1 2 2 2 1 2 2 2 2 1 2 2 2 2 2 2 2 1 1 0 0 1 0 1 0 2 0 1 2 2 2 2 2 2 1 2 2 2 1 1 2 1 2 2 2 1 0 2 2 2
geno chr16.89063212 tsi  0 1 1 2 2 2 1 1 0 1 2 1 1 1 2 0 1 1 1 0 2 2 2 1 2 2 1 1 2 1 2 1 1 2 2 2 2 2 1 2 1 2 2 1 2 2 2 2 1 2 2 2 2 1 2 2 2 2 1 0 0 2 2 2 2 2 2 2 2 1 2 1 2 2 2 1 0 2 2 1 2 2 2 2 1 2 2 2 2 2 2 2
geno chr16.89063212 yri  1 2 2 2 0 0 1 1 1 2 2 2 2 2 2 1 2 0 2 2 2 2 1 0 1 2 1 1 1 2 1 2 2 1 2 1 0 1 0 0 1 0 2 2 1 1 2 0 1 2 2 2 2 1 1 2 2 1 0 2 0 2 2 1 2 0 1 2 2 2 2 1 1 0 0 0 1
geno chr16.89063213 ceu  1 0 0 0 0 0 0 0 0 1 0 1 0 0 1 0 0 0 0 0 0 0 0 0 0 0 0 1 0 0 0 0 0 0 0 0 0 0 0 0 0 0 0 0 0 1 0 0 0 0 0 0 0 0 0 0 0 0 0 0 0 0 0 0 0 0 0 0 0 0 0 0 0 0 0 0 0 0
geno chr16.89063213 fin  0 0 0 0 0 0 1 0 0 0 0 0 0 0 0 0 0 0 0 0 0 0 0 0 0 0 0 0 0 0 0 0 0 0 0 0 0 0 0 0 0 0 0 0 0 0 0 0 0 0 0 0 0 0 0 0 0 0 0 0 0 0 0 0 1 1 1 0 0 1 1 1 1 0 0 1 0 0 0 0 0 0 0 0 0 0 0 1 0
geno chr16.89063213 gbr  0 1 0 1 1 0 2 0 0 0 0 0 0 0 0 0 0 0 0 0 0 0 0 0 0 0 1 0 1 0 0 1 1 0 0 0 0 0 0 0 0 0 0 0 0 0 0 0 0 0 0 0 1 0 0 1 0 0 1 0 0 0 0 0 0 0 0 0 0 0 0 0 0 0 0 0 0 0 0 1 0 0 0 0
geno chr16.89063213 tsi  0 0 0 0 1 0 0 1 0 1 0 0 1 1 0 0 1 0 0 0 0 0 0 1 0 0 0 0 0 1 0 1 0 0 0 0 0 0 0 1 0 0 0 0 0 0 0 0 0 0 0 1 0 0 0 1 0 0 0 0 0 0 0 0 0 0 0 0 0 0 0 0 0 0 0 0 0 0 0 0 0 0 0 0 1 0 0 0 0 0 0 0
geno chr16.89063213 yri  0 0 0 0 1 0 1 1 0 0 0 0 0 0 1 0 0 0 0 0 0 0 0 0 0 0 0 0 0 0 0 0 0 0 0 0 0 0 0 0 1 0 0 1 0 0 0 0 0 0 0 1 0 0 0 0 0 0 1 0 0 0 0 0 0 0 0 0 0 0 0 0 0 0 0 0 0
geno chr16.89063214 ceu  1 2 0 2 2 1 2 1 2 0 1 1 2 0 1 2 0 2 2 2 2 2 1 2 2 1 1 1 2 2 2 2 1 2 2 2 2 2 0 1 2 2 2 2 2 0 2 2 2 2 2 2 2 0 2 2 2 2 2 1 2 1 1 2 2 2 2 1 2 0 2 2 2 2 2 1 2 2
geno chr16.89063214 fin  1 1 2 1 1 2 1 2 2 1 1 1 2 2 1 2 2 2 1 1 0 1 1 2 2 1 2 2 2 2 2 2 2 1 0 2 1 2 2 2 1 2 2 2 2 2 2 1 1 1 2 1 2 2 2 0 2 2 2 2 2 2 2 1 0 0 0 2 1 1 1 0 1 2 2 1 2 1 1 2 1 0 1 1 2 1 2 0 0
geno chr16.89063214 gbr  0 1 2 1 0 2 0 0 2 2 2 2 1 2 2 2 2 1 2 2 1 1 2 1 2 1 1 2 1 1 0 1 1 0 1 2 2 1 1 2 2 2 2 1 2 2 2 1 2 2 2 1 1 0 0 0 0 1 0 2 1 1 1 2 2 2 2 2 1 2 2 2 1 1 1 2 1 2 2 1 0 2 2 2
geno chr16.89063214 tsi  0 2 1 2 1 2 2 1 0 0 2 2 1 1 2 0 0 1 0 0 2 2 2 1 1 2 2 0 2 1 2 1 2 2 2 2 2 2 1 2 1 1 2 2 2 1 2 2 1 2 2 2 2 1 2 1 2 2 1 0 0 2 2 1 2 2 2 2 2 2 2 1 2 2 2 1 0 2 1 1 2 2 2 0 2 1 2 2 2 2 1 2
geno chr16.89063214 yri  1 2 1 2 0 0 0 0 1 2 2 1 2 1 0 1 1 0 2 2 2 2 1 0 1 1 1 1 1 2 1 2 1 1 2 1 0 1 0 0 1 0 0 1 1 0 1 0 1 1 2 0 1 1 0 2 2 1 0 0 0 2 2 0 2 0 1 2 2 2 2 1 1 1 0 0 1
geno chr16.89063215 ceu  0 2 0 2 2 2 2 2 2 1 2 1 2 2 1 2 0 2 2 2 2 2 2 2 2 2 2 1 2 2 2 1 2 2 2 2 2 2 2 2 2 2 2 2 2 0 2 2 2 2 2 2 2 1 2 2 2 2 2 1 2 2 2 2 2 2 2 2 2 2 2 2 2 2 2 2 2 2
geno chr16.89063215 fin  1 2 2 2 2 2 1 2 2 0 1 1 2 2 1 2 2 2 1 1 1 2 1 2 2 2 2 2 2 2 2 2 2 1 0 2 2 2 2 2 1 2 2 1 2 2 2 1 1 2 2 1 2 2 2 0 2 2 2 2 2 2 2 1 1 1 1 2 1 1 1 1 1 2 2 1 2 1 2 2 2 0 1 2 2 1 2 1 0
geno chr16.89063215 gbr  1 0 2 1 0 1 0 2 1 2 2 2 2 2 0 2 2 1 0 2 1 1 2 1 2 2 1 2 1 2 0 0 1 0 1 2 2 2 1 2 2 2 2 1 2 2 2 1 2 2 2 1 1 0 2 1 0 0 0 2 0 2 2 2 2 2 2 2 1 2 2 2 1 1 2 2 1 2 2 1 0 2 2 2
geno chr16.89063215 tsi  0 2 1 2 1 2 1 1 0 1 2 2 1 1 2 0 1 1 1 0 2 2 1 1 2 2 2 0 2 1 2 1 1 2 2 2 2 2 1 1 2 1 2 2 2 2 2 2 1 2 2 1 2 1 2 1 2 2 1 0 0 2 2 2 2 2 2 2 2 2 2 1 2 2 2 2 0 2 2 1 2 2 2 2 1 2 1 1 2 2 2 2
geno chr16.89063215 yri  1 2 2 2 0 0 0 1 1 2 2 2 2 2 2 1 2 0 2 2 2 2 1 0 1 2 1 1 1 2 1 2 2 1 1 1 0 1 0 0 1 0 1 1 1 1 1 0 1 2 1 1 2 1 1 1 2 1 0 0 1 2 1 1 1 0 1 2 1 2 2 1 1 0 0 0 1
geno chr16.89063501 ceu  2 2 1 1 1 1 2 1 1 1 2 2 0 2 1 1 1 2 1 1 2 2 2 2 1 2 2 1 1 0 1 2 1 1 1 0 0 0 2 2 2 2 2 1 2 0 1 1 1 1 2 1 2 1 1 2 2 1 0 1 0 2 2 2 1 1 2 2 2 2 2 1 1 1 1 1 1 1
geno chr16.89063501 fin  1 2 1 2 1 0 2 2 1 1 1 1 2 1 1 1 2 2 1 1 1 2 1 2 1 1 2 2 2 1 2 2 1 1 0 2 2 1 1 2 1 2 2 2 1 1 1 1 1 0 1 1 1 2 2 1 2 1 2 1 1 1 1 1 1 2 2 1 0 1 2 2 0 2 2 2 1 1 1 2 1 1 0 1 1 1 1 1 1
geno chr16.89063501 gbr  2 1 0 1 2 2 1 2 1 2 2 0 2 2 2 2 1 0 2 1 1 1 1 0 2 1 2 2 2 2 1 2 0 0 2 1 2 1 1 2 1 1 2 2 2 1 1 1 1 2 1 1 1 0 1 2 1 0 1 1 1 1 2 1 1 1 2 1 0 2 0 0 1 0 2 2 2 1 2 2 1 1 1 2
geno chr16.89063501 tsi  2 2 2 1 2 1 1 2 0 0 0 2 0 2 2 1 2 0 0 0 1 2 0 2 1 1 1 0 2 0 1 1 2 1 0 1 2 2 1 0 2 0 1 2 2 2 1 2 0 2 0 1 0 1 1 1 0 1 1 1 1 2 1 2 1 1 1 1 1 1 2 2 0 1 1 2 2 2 0 1 2 2 1 2 1 2 1 2 1 2 2 1
geno chr16.89063501 yri  2 2 2 1 1 1 2 2 2 2 2 2 2 1 2 2 2 1 2 2 2 2 1 1 2 2 1 1 0 2 2 2 2 2 2 2 1 1 1 1 2 1 2 1 1 1 1 1 2 1 2 2 2 1 2 2 2 1 2 2 1 2 2 2 2 1 1 2 2 2 2 2 2 1 0 1 1
geno chr16.89064420 ceu  2 2 1 2 2 2 2 2 2 2 2 2 2 2 2 2 1 2 2 2 2 2 2 2 2 2 2 2 2 2 2 2 2 2 2 2 2 2 2 2 2 2 2 2 2 1 2 2 2 2 2 2 2 1 2 2 2 2 2 1 2 2 2 2 2 2 2 2 2 2 2 2 2 2 2 2 2 2
geno chr16.89064420 fin  2 2 2 2 2 2 2 2 2 1 1 1 2 2 2 2 2 2 1 1 1 2 1 2 2 2 2 2 2 2 2 2 2 1 1 2 2 2 2 2 1 2 2 2 2 2 2 2 1 2 2 1 2 2 2 1 2 2 2 2 2 2 2 1 2 2 2 2 1 2 2 2 2 2 2 2 2 1 2 2 2 1 1 2 2 1 2 2 1
geno chr16.89064420 gbr  2 2 2 2 2 2 2 2 2 2 2 2 2 2 2 2 2 1 2 2 2 1 2 1 2 2 2 2 2 2 1 2 2 1 2 2 2 2 1 2 2 2 2 2 2 2 2 2 2 2 2 1 2 0 2 2 1 1 1 2 1 2 2 2 2 2 2 2 1 2 2 2 2 1 2 2 2 2 2 2 1 2 2 2
geno chr16.89064420 tsi  2 2 2 2 2 2 2 2 1 2 2 2 2 2 2 1 2 2 1 1 2 2 2 2 2 2 2 2 2 2 2 2 2 2 2 2 2 2 1 2 2 1 2 2 2 2 2 2 1 2 2 2 2 1 2 2 2 2 1 2 1 2 2 2 2 2 2 2 2 2 2 2 2 2 2 2 2 2 2 2 2 2 2 2 2 2 2 2 2 2 2 2
geno chr16.89064420 yri  2 2 2 2 2 2 2 2 2 2 2 2 2 2 2 2 2 2 2 2 2 2 2 2 2 2 1 2 2 2 2 2 2 2 2 2 2 1 2 2 2 2 2 2 2 2 2 2 2 2 2 2 2 2 2 2 2 2 2 2 2 2 2 2 2 2 2 2 2 2 2 2 2 2 2 2 2
geno chr16.89064660 ceu  0 0 1 1 1 0 0 1 1 1 0 0 2 0 1 1 1 0 1 1 0 0 0 0 1 0 0 1 1 1 1 0 1 1 1 2 2 2 0 0 0 0 0 1 0 2 0 1 1 1 0 1 0 1 1 0 0 1 2 1 2 0 0 0 1 1 0 0 0 0 0 1 1 1 1 1 0 1
geno chr16.89064660 fin  1 0 1 0 1 1 0 0 1 1 1 1 0 1 1 1 0 0 0 1 1 0 1 0 1 1 0 0 0 1 0 0 1 1 2 0 0 1 1 0 1 0 0 0 1 1 1 1 1 2 1 1 1 0 0 1 0 1 0 1 1 1 1 1 1 0 0 1 1 1 0 0 2 0 0 0 1 1 1 0 1 0 2 1 1 1 1 1 1
geno chr16.89064660 gbr  0 1 2 1 0 0 1 0 1 0 0 1 0 0 0 0 1 1 0 1 1 1 1 1 0 1 0 0 0 0 1 0 2 2 0 1 0 1 1 0 1 1 0 0 0 1 1 1 1 0 1 1 1 1 1 0 1 2 1 1 1 1 0 1 1 1 0 1 2 0 1 2 1 2 0 0 0 1 0 0 1 1 1 0
geno chr16.89064660 tsi  0 0 0 1 0 1 1 0 2 2 2 0 2 0 0 1 0 1 2 2 1 0 2 0 1 1 1 2 0 2 1 1 0 1 1 1 0 0 0 2 0 2 1 0 0 0 1 0 1 0 2 1 2 0 1 1 2 1 1 1 1 0 1 0 1 1 1 1 1 1 0 0 2 1 1 0 0 0 2 1 0 0 1 0 1 0 1 0 1 0 0 1
geno chr16.89064660 yri  0 0 0 1 0 0 0 0 0 0 0 0 0 1 0 0 0 0 0 0 0 0 0 0 0 0 0 1 1 0 0 0 0 0 0 0 0 0 0 0 0 0 0 0 0 0 0 0 0 0 0 0 0 0 0 0 0 0 0 0 0 0 0 0 0 0 0 0 0 0 0 0 0 0 0 0 0
geno chr16.89065057 ceu  2 2 2 2 2 2 2 2 2 2 2 1 2 2 2 2 2 2 2 2 2 2 2 2 2 2 2 1 2 2 1 2 2 2 2 2 2 2 2 2 2 2 2 2 2 2 2 2 2 2 2 2 2 2 2 2 2 2 2 2 2 2 2 2 2 2 2 2 2 2 2 2 2 2 2 2 2 2
geno chr16.89065057 fin  2 2 2 2 2 2 2 2 2 2 2 2 2 2 2 2 2 2 1 2 2 2 2 2 2 2 2 2 2 2 2 2 2 2 2 2 2 2 2 2 2 2 2 2 2 2 2 2 2 2 2 2 2 2 2 2 2 2 2 2 2 2 2 2 1 1 1 2 1 1 1 1 2 2 2 2 2 2 2 2 2 1 2 2 2 2 2 2 2
geno chr16.89065057 gbr  1 2 2 1 1 2 2 2 2 2 2 2 2 2 2 2 2 1 2 2 2 2 2 1 2 2 2 2 1 2 2 1 1 2 2 2 2 2 2 2 2 2 2 2 2 2 2 2 2 2 2 2 2 1 2 2 1 2 2 2 2 2 2 2 2 2 2 2 2 2 2 2 1 2 2 2 2 2 2 2 2 2 2 2
geno chr16.89065057 tsi  2 2 2 2 1 2 2 1 2 2 2 2 2 1 2 1 2 2 2 2 2 2 2 1 2 2 2 2 2 2 2 2 2 2 2 2 2 2 1 2 2 2 2 2 2 2 2 2 1 2 2 2 2 1 2 2 2 2 2 2 2 2 2 2 2 2 2 2 2 2 2 2 2 2 2 2 2 2 2 2 2 2 2 2 2 2 2 1 2 2 2 2
geno chr16.89065057 yri  2 2 2 2 1 2 1 2 2 2 2 2 2 2 2 2 2 2 2 2 2 2 2 2 2 2 1 2 1 2 2 1 2 2 2 2 2 1 2 1 1 1 2 1 2 2 1 1 2 2 2 1 1 1 2 2 2 2 1 2 1 2 2 2 2 2 2 2 2 2 2 2 2 2 0 2 1
geno chr16.89065140 ceu  2 2 2 2 2 2 2 2 2 2 2 1 1 2 1 2 2 2 2 2 2 2 2 2 2 1 2 1 2 1 2 2 2 2 1 2 2 2 2 2 2 2 2 2 2 2 2 2 1 2 2 2 2 1 2 2 2 1 2 2 2 2 2 2 2 2 2 2 1 2 2 2 2 2 2 2 2 2
geno chr16.89065140 fin  2 2 2 2 2 2 1 2 2 2 2 2 2 2 2 2 2 2 1 2 2 2 2 2 2 2 2 2 2 2 2 2 2 2 1 2 2 2 2 2 2 2 2 2 2 2 2 2 2 2 2 2 2 2 2 2 2 2 1 2 2 2 2 2 1 1 1 2 1 1 1 1 2 2 2 1 2 2 2 2 2 1 2 2 2 2 2 2 2
geno chr16.89065140 gbr  1 1 2 1 1 2 1 2 2 2 2 2 2 2 2 2 2 1 2 2 1 2 2 1 1 2 1 1 1 1 2 1 1 2 2 2 2 2 1 2 2 2 2 2 2 1 2 2 2 2 2 2 1 1 2 1 1 1 2 2 1 1 2 1 2 2 2 2 2 2 2 1 0 2 2 2 2 2 2 2 2 2 2 2
geno chr16.89065140 tsi  2 1 2 2 1 2 2 1 2 2 1 2 2 1 2 1 2 1 1 1 2 2 0 1 2 2 2 1 2 2 2 1 1 2 1 2 2 2 1 2 2 2 2 1 2 2 2 2 1 2 2 2 2 1 1 2 2 2 2 2 2 2 2 2 2 2 2 2 2 2 2 2 2 2 1 2 2 2 2 2 2 2 2 2 1 2 2 2 2 2 2 2
geno chr16.89065140 yri  2 1 1 2 1 1 1 2 1 2 2 1 2 2 2 1 2 2 2 1 1 1 2 2 1 2 1 2 1 2 2 1 2 1 2 1 2 1 2 1 1 1 1 1 2 2 1 1 2 2 2 1 1 1 2 2 2 1 1 1 1 2 1 1 2 2 2 2 1 2 2 2 2 2 0 2 1
geno chr16.89065206 ceu  0 0 1 1 1 0 0 1 1 1 0 0 1 0 0 0 0 0 1 1 0 0 0 0 0 0 0 0 1 1 1 0 1 1 1 2 2 2 0 0 0 0 0 0 0 2 0 1 0 1 0 1 0 1 1 0 0 1 2 1 2 0 0 0 1 1 0 0 0 0 0 1 0 1 0 1 0 1
geno chr16.89065206 fin  1 0 1 0 0 2 0 0 1 1 1 1 0 1 1 1 0 0 0 1 1 0 1 0 1 0 0 0 0 1 0 0 0 1 2 0 0 1 1 0 1 0 0 0 1 1 1 1 0 1 1 1 1 0 0 1 0 1 0 1 1 0 1 1 0 0 0 1 1 0 0 0 2 0 0 0 1 1 1 0 1 0 2 1 1 1 1 1 1
geno chr16.89065206 gbr  0 0 2 0 0 0 1 0 1 0 0 1 0 0 0 0 0 1 0 1 1 1 1 1 0 1 0 0 0 0 1 0 1 2 0 0 0 1 1 0 0 1 0 0 0 1 1 1 0 0 0 1 1 1 1 0 1 2 1 1 1 1 0 1 1 0 0 1 1 0 2 2 1 2 0 0 0 1 0 0 0 1 1 0
geno chr16.89065206 tsi  0 0 0 1 0 1 1 0 1 2 1 0 2 0 0 1 0 1 1 1 1 0 2 0 1 1 0 0 0 0 1 1 0 1 2 1 0 0 0 1 0 1 1 0 0 0 0 0 0 0 1 1 2 0 1 0 2 0 1 0 0 0 0 0 1 1 1 1 1 1 0 0 2 1 1 0 0 0 1 1 0 0 1 0 1 0 1 0 1 0 0 0
geno chr16.89065206 yri  0 0 0 1 0 0 0 0 0 0 0 0 0 1 0 0 0 0 0 0 0 0 0 0 0 0 0 1 1 0 0 0 0 0 0 0 0 0 0 0 0 0 0 0 1 0 0 0 0 1 0 0 0 0 0 0 0 0 0 0 0 0 0 0 0 0 0 0 0 0 0 0 0 0 0 0 0
geno chr16.89065228 ceu  0 0 1 1 1 0 0 1 0 1 0 0 1 0 0 0 0 0 1 1 0 0 0 0 0 0 0 0 0 1 1 0 1 1 1 2 1 1 0 0 0 0 0 0 0 2 0 0 0 0 0 0 0 0 1 0 1 1 2 1 2 0 0 0 0 1 0 0 0 0 0 1 0 1 0 1 0 0
geno chr16.89065228 fin  1 0 1 1 0 1 0 0 1 1 1 1 0 1 1 1 0 0 0 0 1 0 1 0 0 0 0 0 0 0 0 0 0 1 0 0 0 1 1 0 1 1 0 0 1 0 0 1 0 1 1 0 0 0 0 1 0 0 0 1 0 0 0 1 0 0 0 0 1 0 0 0 2 0 0 0 1 1 1 1 1 0 1 0 0 0 1 1 1
geno chr16.89065228 gbr  0 0 0 0 0 0 1 0 0 0 1 0 1 0 0 0 0 0 0 0 1 0 1 0 1 0 0 0 0 0 0 0 1 1 0 0 0 0 0 0 0 1 0 0 0 0 1 1 0 0 0 1 1 0 1 0 0 1 0 0 0 1 0 1 1 0 0 0 1 0 2 2 0 2 0 1 0 0 0 0 0 0 1 0
geno chr16.89065228 tsi  0 0 0 0 0 1 0 0 1 2 1 0 2 0 0 0 0 1 0 0 0 0 0 0 1 1 0 0 0 0 0 1 0 0 1 1 0 0 0 1 0 1 0 0 0 0 0 0 0 0 0 1 1 0 1 0 2 0 0 0 0 0 0 0 0 1 1 0 0 0 0 0 2 0 1 0 0 0 1 1 0 0 0 0 1 0 0 0 0 0 0 0
geno chr16.89065228 yri  0 0 0 0 0 0 0 0 0 0 0 0 0 0 0 0 0 0 0 0 0 0 0 0 0 0 0 0 0 0 0 0 0 0 0 0 0 0 0 0 0 0 0 0 1 0 0 0 0 1 0 0 0 0 0 0 0 0 0 0 0 0 0 0 0 0 0 0 0 0 0 0 0 0 0 0 0
geno chr16.89065236 ceu  0 0 1 1 1 0 0 0 0 1 0 0 1 0 0 0 0 0 0 1 0 0 0 0 0 0 0 0 0 0 1 0 1 1 1 1 1 1 0 0 0 0 0 0 0 1 0 0 0 0 0 0 0 0 1 0 0 1 0 1 2 0 0 0 0 1 0 0 0 0 0 0 0 1 0 1 0 0
geno chr16.89065236 fin  1 0 1 0 0 1 0 0 1 1 1 1 0 1 1 0 0 0 0 0 0 0 1 0 0 0 0 0 0 1 0 0 0 1 1 0 0 1 1 0 1 1 0 0 1 0 0 0 0 1 1 0 0 0 0 1 0 0 0 0 0 0 0 1 0 0 0 0 0 0 0 0 0 0 0 0 1 0 1 0 0 0 1 0 0 0 0 0 1
geno chr16.89065236 gbr  0 0 0 0 0 0 0 0 1 0 0 0 0 0 0 0 0 0 0 0 1 0 0 0 0 0 0 0 0 0 1 0 1 1 0 0 0 0 0 0 0 1 0 0 0 0 1 1 0 0 0 1 1 0 1 0 0 1 0 0 0 0 0 1 1 0 0 0 1 0 1 0 0 1 0 0 0 0 0 0 0 0 1 0
geno chr16.89065236 tsi  0 0 0 0 0 1 0 0 1 1 1 0 1 0 0 0 0 1 0 0 0 0 0 0 1 1 0 0 0 0 0 1 0 0 1 0 0 0 0 1 0 0 0 0 0 0 0 0 0 0 0 0 1 0 1 0 1 0 0 1 0 0 0 0 0 1 1 0 0 0 0 0 1 0 1 0 0 0 1 0 0 0 0 0 0 0 0 0 0 0 0 0
geno chr16.89065236 yri  0 0 0 0 0 0 0 0 0 0 0 0 0 0 0 0 0 0 0 0 0 0 0 0 0 0 0 0 0 0 0 0 0 0 0 0 0 0 0 0 0 0 0 0 0 0 0 0 0 0 0 0 0 0 0 0 0 0 0 0 0 0 0 0 0 0 0 0 0 0 0 0 0 0 0 0 0
geno chr16.89065281 ceu  0 0 0 0 0 0 0 0 1 0 0 0 0 0 0 0 0 0 0 0 0 0 0 0 0 0 0 0 0 1 0 0 0 0 0 0 0 0 0 0 0 0 0 0 0 0 0 0 0 0 0 0 0 1 0 0 0 0 0 0 0 0 0 0 0 0 0 0 0 0 0 0 0 0 0 0 0 0
geno chr16.89065281 fin  0 0 0 0 0 1 0 0 0 0 0 0 0 0 0 0 0 0 0 0 0 0 0 0 0 0 0 0 0 0 0 0 0 0 1 0 0 0 0 0 0 0 0 0 0 0 0 0 0 1 0 0 0 0 0 0 0 0 0 1 0 0 0 0 0 0 0 0 0 0 0 0 0 0 0 0 0 0 0 0 0 0 0 0 0 0 0 0 0
geno chr16.89065281 gbr  0 0 0 0 0 0 0 0 1 0 0 0 0 0 0 0 1 0 0 0 0 0 0 0 0 0 0 0 0 0 0 0 0 0 0 1 0 0 0 0 0 0 0 0 0 0 0 0 0 0 0 0 0 0 0 0 0 1 0 0 1 0 0 0 0 1 0 1 0 0 1 0 0 0 0 0 0 1 0 0 0 0 0 0
geno chr16.89065281 tsi  0 0 0 0 0 0 0 0 0 0 0 0 0 0 0 0 0 0 2 1 0 0 0 0 0 0 0 0 0 1 0 0 0 0 1 0 0 0 0 0 0 0 0 0 0 0 1 0 0 0 1 0 1 0 0 0 1 0 0 0 0 0 0 0 0 0 0 0 1 0 0 0 1 0 0 0 0 0 0 0 0 0 0 0 1 0 0 0 1 0 0 0
geno chr16.89065281 yri  0 0 0 0 0 0 0 0 0 0 0 0 0 0 0 0 0 0 0 0 0 0 0 0 0 0 0 0 0 0 0 0 0 0 0 0 0 0 0 0 0 0 0 0 0 0 0 0 0 0 0 0 0 0 0 0 0 0 0 0 0 0 0 0 0 0 0 0 0 0 0 0 0 0 0 0 0
geno chr16.89065379 ceu  2 2 2 2 2 2 2 2 2 2 2 2 2 2 2 2 2 2 2 2 2 2 2 2 2 2 1 2 2 2 2 2 2 2 2 2 2 2 1 2 2 2 2 2 2 2 2 2 2 2 2 2 2 2 2 2 2 2 2 2 2 2 2 2 2 2 2 2 2 2 2 2 2 2 2 2 2 2
geno chr16.89065379 fin  2 2 2 2 2 2 2 2 2 2 2 2 1 2 2 2 2 2 1 2 2 2 2 2 2 2 2 2 2 2 2 2 2 2 2 2 2 2 2 2 2 2 2 2 2 2 2 2 2 2 2 2 2 2 2 2 2 2 2 2 2 2 2 2 2 2 2 2 1 2 2 2 2 2 2 2 2 2 2 2 2 1 2 2 2 2 2 2 2
geno chr16.89065379 gbr  2 2 2 1 2 2 2 2 2 2 2 2 2 2 2 2 2 1 2 2 2 2 2 1 2 2 2 2 2 2 2 2 1 2 2 2 2 2 2 2 2 2 2 2 2 2 2 2 1 2 2 2 2 1 2 2 2 2 2 2 2 2 2 2 2 2 2 2 2 2 2 2 2 2 2 2 2 2 2 2 2 2 2 2
geno chr16.89065379 tsi  2 2 2 2 2 2 2 2 2 2 2 2 2 2 2 2 2 2 2 2 1 2 2 2 2 2 2 2 2 2 2 2 2 2 2 2 2 2 1 2 2 2 2 2 2 2 2 2 1 2 2 2 2 1 2 2 2 2 2 2 2 2 2 2 2 2 2 2 2 2 2 2 2 2 2 2 2 2 2 2 2 2 2 2 2 2 2 2 2 2 2 2
geno chr16.89065379 yri  2 2 2 2 1 2 2 2 2 2 2 2 2 2 2 2 2 2 2 2 1 2 2 2 2 2 1 2 1 2 2 2 2 2 2 2 2 1 2 1 2 2 2 2 2 2 1 1 2 2 2 1 1 1 2 2 2 2 2 2 1 2 2 1 2 2 2 2 2 2 2 2 2 2 0 2 1
geno chr16.89065641 ceu  2 2 2 2 2 2 2 2 2 2 2 2 2 2 2 2 2 2 2 2 2 2 2 2 2 2 2 2 2 2 2 2 2 2 2 2 2 2 2 2 2 2 2 2 2 2 2 2 2 2 2 2 2 2 2 2 2 2 2 2 2 2 2 2 2 2 2 2 2 2 2 2 2 2 2 2 2 2
geno chr16.89065641 fin  2 2 2 2 2 2 2 2 2 2 2 2 2 2 2 2 2 2 1 2 2 2 2 2 2 2 2 2 2 2 2 2 2 2 2 2 2 2 2 2 2 2 2 2 2 2 2 2 2 2 2 2 2 2 2 2 2 2 2 2 2 2 2 2 2 2 2 2 1 2 2 2 2 2 2 2 2 2 2 2 2 1 2 2 2 2 2 2 2
geno chr16.89065641 gbr  2 2 2 2 2 2 2 2 2 2 2 2 2 2 2 2 2 1 2 2 2 2 2 1 2 2 2 2 2 2 2 2 2 2 2 2 2 2 2 2 2 2 2 2 2 2 2 2 2 2 2 2 2 1 2 2 2 2 2 2 2 2 2 2 2 2 2 2 2 2 2 2 2 2 2 2 2 2 2 2 2 2 2 2
geno chr16.89065641 tsi  2 2 2 2 2 2 2 2 2 2 2 2 2 2 2 2 2 2 2 2 2 2 2 2 2 2 2 2 2 2 2 2 2 2 2 2 2 2 1 2 2 2 2 2 2 2 2 2 1 2 2 2 2 1 2 2 2 2 2 2 2 2 2 2 2 2 2 2 2 2 2 2 2 2 2 2 2 2 2 2 2 2 2 2 2 2 2 2 2 2 2 2
geno chr16.89065641 yri  2 2 2 2 1 1 2 2 2 2 2 2 2 2 1 2 2 1 2 2 2 2 1 1 2 2 1 2 1 2 2 2 2 2 2 2 1 1 1 1 2 1 2 2 2 1 1 1 2 2 2 2 2 1 2 2 2 1 2 2 0 2 2 2 2 1 1 2 2 2 2 2 2 1 0 1 1
geno chr16.89065649 ceu  2 2 2 2 2 2 2 2 2 2 2 2 2 2 2 2 2 2 2 2 2 2 2 2 2 2 2 2 2 2 2 2 2 2 2 2 2 2 2 2 2 2 2 2 2 2 2 2 2 2 2 2 2 2 2 2 2 2 2 2 2 2 2 2 2 2 2 2 2 2 2 2 2 2 2 2 2 2
geno chr16.89065649 fin  2 2 2 2 2 2 2 2 2 2 2 2 2 2 2 2 2 2 1 2 2 2 2 2 2 2 2 2 2 2 2 2 2 2 2 2 2 2 2 2 2 2 2 2 2 2 2 2 2 2 2 2 2 2 2 2 2 2 2 2 2 2 2 2 2 2 2 2 1 2 2 2 2 2 2 2 2 2 2 2 2 1 2 2 2 2 2 2 2
geno chr16.89065649 gbr  2 2 2 2 2 2 2 2 2 2 2 2 2 2 2 2 2 1 2 2 2 2 2 1 2 2 2 2 2 2 2 2 2 2 2 2 2 2 2 2 2 2 2 2 2 2 2 2 2 2 2 2 2 1 2 2 2 2 2 2 2 2 2 2 2 2 2 2 2 2 2 2 2 2 2 2 2 2 2 2 2 2 2 2
geno chr16.89065649 tsi  2 2 2 2 2 2 2 2 2 2 2 2 2 2 2 2 2 2 2 2 2 2 2 2 2 2 2 2 2 2 2 2 2 2 2 2 2 2 1 2 2 2 2 2 2 2 2 2 1 2 2 2 2 1 2 2 2 2 2 2 2 2 2 2 2 2 2 2 2 2 2 2 2 2 2 2 2 2 2 2 2 2 2 2 2 2 2 2 2 2 2 2
geno chr16.89065649 yri  2 2 2 2 1 1 2 2 2 2 2 2 2 2 1 2 2 1 2 2 2 2 1 1 2 2 1 2 1 2 2 2 2 2 2 2 1 1 1 1 2 1 2 2 2 1 1 1 2 2 2 2 2 1 2 2 2 1 2 2 0 2 2 2 2 1 1 2 2 2 2 2 2 1 0 1 1
geno chr16.89066207 ceu  0 0 0 0 0 1 0 1 0 0 0 1 0 0 0 0 0 0 0 0 0 0 0 0 0 0 0 0 0 0 0 0 0 0 0 0 0 0 0 0 0 1 0 0 0 0 2 0 0 0 1 0 0 0 0 0 1 2 0 0 0 0 0 0 0 0 0 0 0 0 0 0 0 0 0 0 0 0
geno chr16.89066207 fin  0 0 0 0 0 1 0 0 0 1 1 1 0 0 0 0 0 0 0 0 0 0 0 0 0 0 1 2 1 1 0 0 0 0 1 0 0 0 0 0 1 0 0 0 0 0 0 1 0 0 0 0 0 0 0 0 0 0 0 0 0 0 0 0 0 0 0 1 0 0 0 0 0 0 0 0 0 1 0 1 0 0 0 1 1 0 0 0 0
geno chr16.89066207 gbr  0 0 0 0 0 0 0 0 0 0 1 0 1 0 0 0 0 0 0 0 0 0 0 0 0 1 0 0 0 0 0 0 0 0 0 0 0 0 0 0 0 1 0 0 0 0 0 0 0 0 0 0 0 0 0 0 0 0 0 0 0 0 0 1 0 0 0 0 0 0 0 0 0 0 0 0 0 1 0 0 1 0 0 0
geno chr16.89066207 tsi  0 0 0 0 0 0 0 0 0 0 0 0 0 0 0 0 0 0 0 0 0 1 1 0 0 0 1 0 0 0 0 0 0 0 0 0 0 0 0 0 0 0 0 0 1 0 1 0 0 0 0 0 0 0 1 0 0 0 1 0 1 0 0 0 0 1 1 0 0 0 0 0 0 0 2 0 0 0 0 0 0 0 0 0 0 0 1 0 0 0 0 0
geno chr16.89066207 yri  0 0 0 1 0 0 0 0 0 0 0 0 0 0 0 0 0 1 0 0 0 0 0 0 0 0 0 0 0 0 0 0 0 0 0 0 0 0 0 1 0 0 0 0 0 0 0 0 0 0 0 0 1 0 0 0 0 0 0 0 0 0 0 0 0 0 1 0 0 0 0 0 0 0 1 1 0
geno chr16.89066258 ceu  0 0 0 0 0 0 0 0 0 0 1 1 0 0 0 0 0 0 0 0 1 0 0 0 0 0 0 0 0 0 0 0 0 0 0 0 0 0 0 0 0 1 0 0 0 0 0 1 0 0 0 0 0 0 1 0 0 0 0 0 0 0 0 0 0 0 1 0 0 0 0 0 0 0 0 0 0 0
geno chr16.89066258 fin  0 1 0 1 1 0 0 0 0 0 1 0 0 0 0 0 0 0 0 0 0 0 0 1 0 0 0 0 0 0 0 0 0 0 0 0 1 0 0 0 0 0 0 0 0 0 0 0 0 0 0 0 0 0 0 0 0 0 0 0 0 0 0 0 1 0 1 0 0 0 0 1 0 0 0 0 0 1 1 1 0 0 0 0 1 0 1 0 0
geno chr16.89066258 gbr  0 0 0 0 0 0 0 0 0 0 0 0 0 0 0 0 0 0 0 0 0 0 0 0 0 0 0 0 0 0 0 1 0 0 1 0 0 0 0 0 0 1 0 0 0 0 0 0 0 0 0 0 0 0 0 0 0 0 0 0 0 0 0 0 0 0 0 0 0 1 0 0 0 0 0 0 0 0 0 0 0 0 0 0
geno chr16.89066258 tsi  0 0 0 0 0 0 0 0 0 0 0 0 0 0 0 1 0 0 0 0 0 1 0 0 0 0 0 0 0 0 0 0 0 0 0 0 0 0 0 0 0 0 0 0 0 0 1 0 0 0 0 0 0 0 0 0 0 0 0 0 0 1 0 1 1 0 0 0 0 0 1 0 0 0 0 0 0 0 0 0 0 0 0 0 0 0 0 0 0 0 0 0
geno chr16.89066258 yri  0 0 0 0 0 1 0 0 1 0 0 1 0 0 0 0 0 0 0 0 0 0 1 0 1 1 0 0 0 0 0 0 0 0 0 0 0 0 0 1 0 0 0 0 1 0 0 0 0 0 0 0 0 0 0 0 0 1 0 0 0 0 0 1 0 0 1 0 0 0 0 0 0 0 0 0 0
geno chr16.89066527 ceu  2 2 1 1 1 1 2 1 1 1 2 2 1 2 1 1 1 2 1 1 2 2 2 1 1 2 2 1 1 0 1 2 1 1 1 0 0 0 2 2 2 2 2 1 1 0 1 1 1 1 2 1 2 1 1 2 2 1 0 1 0 2 2 2 1 1 2 2 2 2 2 1 1 1 1 1 1 1
geno chr16.89066527 fin  1 2 1 2 2 0 2 2 1 1 1 1 2 1 2 1 2 2 1 1 2 2 1 2 2 1 2 2 2 1 2 2 1 1 0 2 2 1 1 2 1 2 2 2 1 1 1 1 1 0 1 1 1 2 2 1 2 1 2 1 1 1 1 1 1 2 2 1 0 1 2 2 0 2 2 2 1 1 1 2 1 1 0 1 1 1 2 1 1
geno chr16.89066527 gbr  2 1 0 1 2 2 1 2 1 2 2 1 2 2 2 2 1 0 2 1 0 2 1 0 2 1 2 2 2 2 1 2 0 0 2 1 2 1 1 2 1 1 2 2 2 1 1 1 1 2 1 1 1 0 1 2 1 0 2 1 1 1 2 1 1 1 2 1 0 2 0 0 1 0 2 2 2 1 2 2 1 1 1 2
geno chr16.89066527 tsi  2 2 2 1 2 1 1 2 0 0 0 2 0 2 2 1 2 1 0 0 1 2 0 2 1 1 1 0 2 0 1 1 2 1 0 1 2 2 1 1 2 0 1 2 2 2 1 2 0 2 0 1 0 1 1 2 0 2 1 1 1 2 2 2 1 1 1 1 1 1 2 2 0 1 1 2 2 2 0 1 2 2 1 2 1 2 1 2 1 2 2 1
geno chr16.89066527 yri  2 2 2 1 1 1 2 2 2 2 2 2 2 1 1 2 2 1 2 2 2 2 1 1 2 2 1 1 0 2 2 2 2 2 2 2 1 1 1 1 2 1 2 1 1 1 1 1 2 1 2 2 2 1 2 2 2 1 2 2 0 2 2 2 2 1 1 2 2 2 2 2 2 0 0 1 1
geno chr16.89066873 ceu  2 2 2 2 2 2 2 2 2 2 2 2 2 2 2 2 2 2 2 2 2 2 2 2 2 2 2 2 2 2 2 2 2 2 2 2 2 2 2 2 2 2 2 2 2 2 2 2 2 2 2 2 2 2 2 2 2 2 2 2 2 2 2 2 2 2 2 2 2 2 2 2 2 2 2 2 2 2
geno chr16.89066873 fin  2 2 2 2 2 2 2 2 2 2 2 2 2 2 2 2 2 2 1 2 2 2 2 2 2 2 2 2 2 2 2 2 2 2 2 2 2 2 2 2 2 2 2 2 2 2 2 2 2 2 2 2 2 2 2 2 2 2 2 2 2 2 2 2 2 2 2 2 1 2 2 2 2 2 2 2 2 2 2 2 2 1 2 2 2 2 2 2 2
geno chr16.89066873 gbr  2 2 2 2 2 2 2 2 2 2 2 2 2 2 2 2 2 1 2 2 2 2 2 1 2 2 2 2 2 2 2 2 2 2 2 2 2 2 2 2 2 2 2 2 2 2 2 2 2 2 2 2 2 1 2 2 2 2 2 2 2 2 2 2 2 2 2 2 2 2 2 2 2 2 2 2 2 2 2 2 2 2 2 2
geno chr16.89066873 tsi  2 2 2 2 2 2 2 2 2 2 2 2 2 2 2 2 2 2 2 2 2 2 2 2 2 2 2 2 2 2 2 2 2 2 2 2 2 2 1 2 2 2 2 2 2 2 2 2 1 2 2 2 2 1 2 2 2 2 2 2 2 2 2 2 2 2 2 2 2 2 2 2 2 2 2 2 2 2 2 2 2 2 2 2 2 2 2 2 2 2 2 2
geno chr16.89066873 yri  2 2 2 2 1 1 2 2 2 2 2 2 2 2 1 2 2 1 2 2 2 2 1 1 2 2 1 2 1 2 2 2 2 2 2 2 1 1 1 1 2 1 2 2 2 1 1 1 2 2 2 2 2 1 2 2 2 1 2 2 0 2 2 2 2 1 1 2 2 2 2 2 2 1 0 1 1
geno chr16.89067036 ceu  0 0 0 0 0 0 0 0 0 1 0 1 0 0 0 0 0 0 0 0 0 0 0 0 0 0 0 0 0 0 0 0 0 0 0 0 0 0 0 0 0 1 0 0 0 0 0 0 0 0 0 0 0 0 0 0 0 0 0 0 0 1 0 0 1 0 0 0 0 0 0 1 0 0 0 0 0 0
geno chr16.89067036 fin  0 0 0 0 0 0 0 0 0 0 0 0 0 0 0 0 0 0 0 0 0 0 0 0 0 0 0 0 0 0 0 0 0 0 0 0 0 0 0 0 0 0 0 2 0 0 0 0 0 0 0 0 0 0 1 0 0 0 0 0 0 0 0 0 0 0 0 0 0 0 0 1 0 0 0 0 0 0 0 1 0 0 0 0 0 0 0 0 0
geno chr16.89067036 gbr  0 1 0 0 1 0 0 0 1 0 1 0 1 0 1 0 0 0 0 0 0 0 0 0 0 0 0 0 0 0 1 0 0 0 0 0 0 0 0 0 0 0 0 1 0 0 0 0 0 0 0 0 0 0 0 0 0 0 0 1 0 0 0 0 0 0 0 0 0 0 0 0 1 0 1 0 0 0 0 0 0 0 0 0
geno chr16.89067036 tsi  0 1 1 0 0 0 0 0 0 0 0 0 0 0 0 0 0 0 0 0 0 1 0 1 0 0 0 0 0 0 0 0 1 0 0 0 1 0 0 0 0 0 0 0 0 0 1 0 0 0 0 0 0 0 0 0 0 0 0 0 0 0 0 0 0 0 0 0 0 1 0 1 0 0 0 0 0 0 0 0 0 0 0 0 0 0 0 0 0 0 0 0
geno chr16.89067036 yri  0 0 1 0 0 0 0 0 0 0 0 0 0 0 0 0 0 0 0 0 0 0 0 0 0 0 0 0 0 1 0 1 1 0 0 0 0 0 0 0 1 0 0 0 0 0 0 0 0 0 0 0 0 0 0 1 1 0 0 0 0 0 0 0 0 0 0 0 0 0 0 0 0 0 0 0 0
geno chr16.89067131 ceu  0 0 0 1 0 0 1 0 0 0 0 0 0 0 1 0 1 1 0 0 1 0 0 0 1 0 0 0 0 0 0 0 0 0 0 0 0 0 0 0 0 0 1 1 1 0 0 0 0 0 0 0 0 0 0 0 0 0 0 0 0 0 0 1 0 0 0 0 1 0 0 0 0 0 0 0 0 0
geno chr16.89067131 fin  0 1 0 1 1 0 1 0 1 0 0 0 0 0 1 1 0 0 0 0 0 1 0 1 0 0 0 0 0 0 1 1 0 0 0 1 1 0 0 0 0 0 0 0 0 0 1 0 0 0 0 0 0 0 0 0 2 1 1 0 0 0 0 0 1 0 2 1 0 0 1 1 0 0 0 1 0 0 0 0 0 0 0 0 0 0 0 0 0
geno chr16.89067131 gbr  0 0 0 0 0 0 1 0 0 1 0 0 0 0 0 0 0 0 0 0 0 1 0 0 0 0 0 0 0 0 0 0 0 0 0 0 0 0 1 0 0 1 0 0 1 0 0 1 0 0 0 0 1 0 0 1 0 0 0 0 0 0 0 0 0 0 0 0 0 0 0 0 0 0 0 0 0 0 0 1 0 0 0 1
geno chr16.89067131 tsi  0 0 0 0 0 0 0 2 0 0 0 0 0 0 0 0 0 0 0 0 0 0 0 0 0 0 0 0 0 0 0 0 0 0 0 0 0 0 0 0 0 0 0 0 0 0 0 1 0 0 0 0 0 0 0 0 0 0 0 0 1 0 0 0 0 0 0 0 0 0 0 0 0 0 0 0 0 0 0 0 0 0 0 0 0 0 0 0 0 0 0 0
geno chr16.89067131 yri  0 0 0 0 0 0 0 0 0 0 0 0 0 0 0 0 0 0 0 0 0 0 0 0 0 0 0 0 0 0 0 0 0 0 0 0 0 0 0 0 0 0 0 0 0 0 0 0 0 0 0 0 0 0 0 0 0 0 0 0 0 0 0 0 0 0 0 0 0 0 0 0 0 0 0 0 0
geno chr16.89067671 ceu  0 0 0 0 0 1 0 1 0 0 0 0 0 0 0 0 0 0 1 0 0 0 0 0 0 0 0 0 0 0 1 0 1 0 1 1 0 1 0 0 0 0 0 0 0 1 1 1 0 0 0 0 0 0 0 0 0 1 0 0 1 0 0 0 0 0 0 0 0 0 0 0 0 0 0 0 0 1
geno chr16.89067671 fin  0 0 0 0 0 1 0 0 0 0 1 0 0 1 0 0 0 0 0 0 0 0 0 0 0 0 0 0 0 1 0 0 0 0 1 0 0 0 0 0 0 0 0 0 0 0 0 0 0 0 1 0 0 0 0 0 0 0 0 0 0 0 0 0 0 0 0 1 0 0 0 0 2 0 0 0 1 1 0 0 0 0 0 1 0 0 1 1 0
geno chr16.89067671 gbr  0 0 0 0 0 0 0 0 1 0 0 1 0 0 0 0 0 1 0 0 1 0 1 1 0 0 0 0 0 0 0 0 0 0 0 0 0 0 1 0 0 0 0 0 0 0 1 0 0 0 0 0 1 0 1 0 0 0 0 0 0 0 0 0 0 0 0 0 0 0 0 0 0 0 0 0 0 1 0 0 0 1 1 0
geno chr16.89067671 tsi  0 0 0 1 0 0 0 0 0 1 1 0 0 0 0 0 0 0 0 0 0 0 0 0 1 0 0 0 0 0 1 0 0 0 0 1 0 0 0 0 0 0 0 0 0 0 0 0 0 0 0 0 0 0 0 0 0 0 0 0 0 0 0 0 0 1 0 0 0 0 0 0 0 0 0 0 0 0 0 0 0 0 1 0 0 0 0 0 0 0 0 0
geno chr16.89067671 yri  0 0 0 0 0 0 0 0 0 0 0 0 0 0 0 0 0 0 0 0 0 0 0 0 0 0 0 0 0 0 0 0 0 0 0 0 0 0 0 0 0 0 0 0 0 0 0 0 0 0 0 0 0 0 0 0 0 0 0 0 0 0 0 0 0 0 0 0 0 0 0 0 0 0 0 0 0
geno chr16.89068525 ceu  2 1 1 1 1 1 2 1 1 1 2 1 0 2 1 1 0 2 1 0 2 2 2 1 0 2 1 1 1 0 1 2 0 1 0 0 0 0 2 2 2 2 2 1 2 0 1 1 0 1 2 1 2 1 1 2 2 0 0 1 0 2 2 2 1 1 2 1 2 2 2 1 0 1 0 1 0 1
geno chr16.89068525 fin  1 2 1 2 0 0 2 2 1 1 1 1 2 1 1 1 2 2 1 1 2 2 1 2 2 2 2 2 2 1 2 2 1 1 0 2 2 0 0 2 1 2 2 2 1 1 2 2 1 0 1 1 1 2 2 1 2 1 2 1 1 1 1 1 0 1 2 1 0 1 2 1 0 2 2 2 1 1 1 2 1 1 0 1 1 1 0 1 1
geno chr16.89068525 gbr  2 1 0 1 2 2 1 1 1 2 2 1 2 2 2 2 1 0 2 1 1 2 1 0 2 1 2 1 2 0 1 1 0 0 2 1 2 1 1 2 1 1 2 2 2 0 1 1 1 2 1 2 0 0 1 2 1 0 2 1 1 0 2 1 1 1 2 1 0 2 0 0 0 1 2 2 2 1 2 2 1 1 1 2
geno chr16.89068525 tsi  2 1 1 0 2 1 1 1 0 0 0 1 0 2 1 0 2 0 0 0 1 1 0 2 0 1 1 0 1 0 1 1 2 1 0 1 2 1 1 0 2 0 1 2 2 1 2 2 0 2 0 1 0 1 1 1 0 1 1 1 0 2 1 2 1 1 1 1 1 1 2 2 0 1 1 2 2 2 0 1 2 2 0 2 1 2 1 2 1 1 2 0
geno chr16.89068525 yri  1 1 0 0 0 0 0 1 0 2 2 2 2 0 0 0 1 0 2 2 2 2 1 1 0 2 1 1 0 2 1 1 0 1 2 2 0 1 1 0 0 0 1 0 0 0 0 0 2 0 1 1 1 1 0 1 1 1 1 2 0 2 2 0 2 0 1 2 2 2 2 2 2 1 0 1 1
