pheno ENSG00000073169 ceu 0.7466946 0.06406755 -0.8050161 0.06410199 0.8019942 -0.2091442 2.49018 2.492186 -0.05143849 1.564386 0.6410439 2.324475 1.665238 0.5977981 1.322348 0.5323723 0.9415829 0.3213303 1.848364 2.972693 2.993657 1.081952 1.241131 0.4881201 1.14662 1.650422 0.7597793 1.766497 0.9232122 0.3568318 1.167856 2.357554 0.7713279 2.711078 1.967243 1.290716 1.03861 3.162394 -0.2006739 0.7391467 0.4381932 -0.8614372 0.9956857 -0.2031059 0.4926331 -1.045468 2.634146 1.349385 1.710613 -0.03806609 0.3856933 1.188918 2.060486 1.212221 0.8683313 0.4932322 1.496801 1.968649 1.378161 0.7300002 1.583591 1.548214 1.756725 -0.0063791 2.32914 0.5462161 0.1433412 0.1255425 1.694248 1.202786 -0.1158001 1.425164 0.8481448 0.929337 0.1561033 0.03391388 -0.03258662 -0.3814601
pheno ENSG00000073169 fin -2.446612 -2.675399 -3.055719 0.2698164 -1.89093 -1.940645 -3.2067 -2.446189 -2.463351 -0.9524462 -1.81477 -0.8672016 -1.096792 -2.849202 -2.240784 -1.878909 -2.655429 -1.451579 -2.080859 -2.86882 -3.413989 -1.989882 -0.1407113 -1.696715 -3.977687 -1.613818 -0.3212563 -2.813871 -1.886109 -3.685451 -2.346533 -0.4068812 -3.33606 -0.4256646 -0.7964333 -1.892997 0.9437525 -1.241109 -0.1424134 -1.68611 -1.225816 -1.124061 0.102021 -1.874758 -2.710888 -1.717593 -1.859346 -2.045828 -2.067396 -2.24902 -0.8379811 -2.004416 -2.361988 -2.276698 -0.4513375 -2.96876 -0.1060639 -2.036136 -2.192975 -2.372756 -0.6637652 -1.896781 -2.362256 0.1653061 -2.525286 -1.355985 -2.575442 -3.529607 -0.5273582 -1.724864 -2.44697 -3.276049 -1.9305 -3.540969 -1.182646 -1.368028 -1.988837 -0.8460638 -3.122382 -1.325815 -1.412843 -1.539721 -2.505005 -1.646819 -0.7606382 -0.6727524 -2.137353 -2.316851 -1.178213
pheno ENSG00000073169 gbr -1.555267 -0.8323861 -0.9596367 -1.668263 -1.491409 0.2310363 -2.696657 -1.158032 -1.527808 -0.6294905 -1.350658 -1.056767 -2.243637 -0.3190903 -1.441394 -2.108334 -0.2941464 -0.2944089 -2.382925 -0.7582262 -2.835551 -1.178273 0.1793229 -1.862117 -0.06728392 -2.318664 -1.505852 -1.999659 -0.811349 -0.3726634 -0.06653236 -1.444543 -1.900377 -2.62972 -1.322306 -2.355593 0.05512923 -1.087166 -0.3560406 0.2428882 -2.967194 0.2614525 -1.910059 -0.9450474 -0.9600135 -0.2836142 -1.396874 0.1342024 -0.9954412 -1.205231 -0.8733072 -1.832665 -0.3078623 -0.01168121 -1.936917 -1.434845 -4.121309 -0.5019828 -1.247851 -2.119997 -1.315563 -1.281941 -2.823061 -0.6392033 -1.867221 -2.219269 -1.382574 0.393523 -0.5283352 -0.9679847 -1.520089 -3.028145 -2.096852 -0.2160571 -0.9159437 -0.09067525 -0.7622457 -1.08785 -1.939013 0.6309758 -1.38079 -0.4615691 -1.596327 -1.271215
pheno ENSG00000073169 tsi 0.6820408 0.1939212 1.970904 -0.5647828 1.217819 0.473134 1.916115 1.341871 1.060764 -0.2670107 2.145874 2.827811 2.45377 0.7088471 0.2716811 0.6163025 1.828452 0.799769 2.126251 2.006693 1.093008 2.165923 -0.2243355 -0.6502053 0.03450814 2.182296 0.5694181 0.9834789 0.8301188 0.6909805 1.714716 1.512219 1.187376 1.653046 1.898369 0.164683 1.814523 2.095173 2.990541 1.517369 1.291017 1.28144 2.080778 0.4503347 0.998264 0.813304 1.893012 1.626173 0.6278799 1.342607 1.936759 2.461769 2.663381 0.7729242 2.013531 -0.09060075 1.526091 1.505172 0.6204781 0.6967836 0.3225569 0.1515736 2.782207 2.658899 1.581506 0.480511 1.56482 3.914102 2.69904 1.448364 1.447732 1.869594 0.489155 1.178013 2.893332 -0.268079 1.692451 2.149413 -0.59651 2.653588 2.531406 2.034643 1.699723 2.290144 0.6734843 1.40889 0.1848513 2.160424 1.869403 0.4928679 1.019275 1.937396
pheno ENSG00000073169 yri -0.6233764 -0.6359797 -0.8443445 -1.871609 -2.345332 -1.580763 -0.6736741 -3.673893 -1.912566 -1.894475 -0.2137281 -1.474083 0.400154 -0.7853681 -0.7978489 -0.7321341 0.4601416 -1.113941 -0.8648838 -0.7691193 -1.788595 -2.884945 -1.731352 -0.8850797 -0.243453 -3.09892 -0.7956863 -1.724214 -0.9654581 -2.651866 -3.152848 -2.659498 -1.01899 -2.678852 -1.315555 -1.560412 -2.272013 -1.161773 -1.997962 -0.5343066 -1.890564 -0.3750248 -0.9148625 -2.137075 -0.3292525 -2.891374 -0.2826364 -2.30889 -2.748307 -1.646044 -3.087297 -1.916605 -1.645847 -2.099084 -3.654755 -2.245695 -0.9017852 -0.7441586 -1.570955 -2.680411 -3.921722 -2.020742 -2.213924 -1.358747 -2.552039 -0.1643845 -1.727645 -1.601487 -2.496683 0.4385684 -2.913036 -0.3423123 -1.19642 -1.466252 -0.6256317 -2.274716 -1.253582
geno chr22.50539413 ceu  1 0 1 2 1 1 1 1 1 1 2 2 2 1 1 2 1 2 2 1 0 1 1 2 2 1 0 1 1 1 1 1 1 1 2 1 1 0 1 2 1 1 0 1 1 2 2 2 1 2 1 1 1 2 1 1 1 1 1 2 1 2 0 2 0 2 0 1 2 1 1 2 0 1 2 0 1 0
geno chr22.50539413 fin  2 1 1 2 2 1 2 1 1 0 2 1 2 0 1 1 2 1 1 1 1 1 1 1 0 1 0 2 2 1 1 1 0 1 1 1 2 1 1 1 1 1 2 2 1 1 2 1 2 2 0 1 0 1 0 1 0 1 1 0 0 2 1 1 1 1 2 1 0 0 1 1 1 2 1 1 1 2 1 1 2 2 1 1 1 2 2 0 1
geno chr22.50539413 gbr  2 0 0 0 1 2 0 1 0 1 1 1 1 2 0 1 0 2 1 2 1 1 2 2 1 2 1 0 1 2 1 2 1 1 1 0 0 1 0 0 1 1 1 2 2 1 1 2 2 1 1 1 2 1 2 1 1 2 1 0 1 2 1 0 0 1 0 0 2 0 0 1 1 0 2 1 1 2 1 2 2 1 0 2
geno chr22.50539413 tsi  1 0 2 2 2 1 1 1 1 1 1 2 1 1 1 1 0 1 0 0 2 1 1 1 2 1 1 1 1 0 1 2 2 0 1 1 2 1 0 0 1 1 0 0 2 1 1 0 0 1 0 1 1 1 0 1 0 0 1 1 2 1 1 1 1 1 1 1 1 1 2 1 2 0 1 1 1 2 2 1 2 1 1 1 0 1 0 0 1 1 1 0
geno chr22.50539413 yri  0 1 0 0 0 0 0 1 0 1 1 0 0 0 0 0 1 0 0 0 0 1 0 2 0 1 1 1 0 0 0 1 0 0 0 0 0 1 0 0 0 0 1 0 0 0 0 0 0 0 0 1 0 2 0 1 0 1 0 1 1 0 0 0 1 0 1 1 1 1 0 0 0 0 0 1 0
geno chr22.50540229 ceu  1 0 0 2 0 0 0 0 0 1 2 1 1 1 1 2 1 1 2 1 0 1 0 1 0 0 0 0 0 1 1 1 1 1 0 0 1 0 1 2 1 0 0 1 1 0 0 2 0 0 0 0 0 1 0 1 1 0 0 2 1 1 0 2 0 2 0 1 0 1 1 1 0 0 0 0 1 0
geno chr22.50540229 fin  1 1 1 2 1 0 0 0 1 0 2 1 0 0 1 1 1 1 1 1 1 1 1 1 0 0 0 2 2 1 0 0 0 0 0 0 2 1 1 1 0 1 1 1 1 1 1 0 1 2 0 1 0 1 0 0 0 0 0 0 0 1 1 1 1 0 0 1 0 0 0 1 0 1 1 0 0 1 1 1 1 2 1 1 1 2 0 0 1
geno chr22.50540229 gbr  0 0 1 0 1 1 0 1 0 1 0 1 1 1 0 1 0 1 1 2 0 0 2 0 0 2 0 0 1 1 1 2 1 1 1 0 0 1 0 0 0 1 0 2 0 1 0 1 2 1 0 1 0 0 0 1 1 0 0 0 0 1 1 0 0 1 0 0 1 0 0 0 1 0 1 0 0 1 0 1 0 1 0 1
geno chr22.50540229 tsi  1 0 2 2 2 0 1 1 0 1 0 2 0 1 0 0 0 0 0 0 0 0 0 1 1 0 1 1 0 0 0 0 1 0 1 0 1 0 0 0 1 0 0 0 2 1 1 0 0 0 0 1 0 1 0 0 0 0 1 1 1 1 1 0 0 0 0 0 0 1 1 1 1 0 1 1 1 1 0 1 1 1 1 0 0 1 0 0 1 0 0 0
geno chr22.50540229 yri  0 1 0 0 0 0 0 0 0 0 0 0 0 0 0 0 0 0 0 0 0 0 0 0 0 0 0 0 0 0 0 0 0 0 0 0 0 0 0 0 0 0 0 0 0 0 0 0 0 0 0 0 0 0 0 0 0 0 0 0 0 0 0 0 0 0 0 0 0 0 0 0 0 0 0 0 0
geno chr22.50540349 ceu  0 0 0 0 0 0 1 1 0 0 0 0 1 0 0 0 0 0 0 0 0 0 0 1 2 0 0 1 1 0 0 0 0 0 1 0 0 0 0 0 0 1 0 0 0 2 0 0 0 1 0 0 0 0 1 0 0 1 0 0 0 1 0 0 0 0 0 0 1 0 0 0 0 0 0 0 0 0
geno chr22.50540349 fin  1 0 0 0 0 1 1 0 0 0 0 0 0 0 0 0 0 0 0 0 0 0 0 0 0 0 0 0 0 0 1 0 0 0 1 0 0 0 0 0 0 0 0 1 0 0 1 0 1 0 0 0 0 0 0 1 0 0 0 0 0 1 0 0 0 0 1 0 0 0 0 0 1 1 0 1 0 0 0 0 1 0 0 0 0 0 1 0 0
geno chr22.50540349 gbr  1 0 0 0 0 0 0 0 0 0 1 0 0 0 0 0 0 0 0 0 1 0 0 0 0 0 0 0 0 0 0 0 0 0 0 0 0 0 0 0 1 0 0 0 1 0 1 0 0 0 0 0 1 0 0 0 0 1 1 0 1 1 0 0 0 0 0 0 0 0 0 1 0 0 0 0 1 1 1 1 1 0 0 0
geno chr22.50540349 tsi  0 0 0 0 0 0 0 0 0 0 0 0 0 0 0 1 0 0 0 0 0 0 0 0 0 0 0 0 0 0 0 0 1 0 0 0 1 1 0 0 0 0 0 0 0 0 0 0 0 0 0 0 0 0 0 1 0 0 0 0 1 0 0 0 1 1 0 1 1 0 0 0 0 0 0 0 0 0 0 0 0 0 0 0 0 0 0 0 0 0 1 0
geno chr22.50540349 yri  0 0 0 0 0 0 0 0 0 0 0 0 0 0 0 0 0 0 0 0 0 0 0 0 0 0 0 0 0 0 0 0 0 0 0 0 0 0 0 0 0 0 0 0 0 0 0 0 0 0 0 0 0 0 0 0 0 0 0 0 0 0 0 0 0 0 0 1 0 0 0 0 0 0 0 0 0
geno chr22.50540455 ceu  0 0 1 0 1 1 1 1 1 0 0 1 1 0 0 0 0 1 0 0 0 0 1 1 2 1 0 1 1 0 0 0 0 0 2 1 0 0 0 0 0 1 0 0 0 2 2 0 1 2 1 1 1 1 1 0 0 1 1 0 0 1 0 0 0 0 0 0 2 0 0 1 0 1 2 0 0 0
geno chr22.50540455 fin  1 0 0 0 1 1 2 1 0 0 0 0 2 0 0 0 1 0 0 0 0 0 0 0 0 0 0 0 0 0 1 0 0 0 1 1 0 0 0 0 1 0 1 1 0 0 1 1 1 0 0 0 0 0 0 1 0 1 1 0 0 1 0 0 0 2 1 0 0 0 1 0 1 1 0 2 1 1 0 0 1 0 0 0 1 0 2 0 0
geno chr22.50540455 gbr  2 0 0 0 0 1 0 0 0 1 1 0 0 1 0 0 0 1 0 0 1 1 0 2 1 0 1 0 0 1 0 0 0 0 0 0 0 0 0 0 1 0 1 0 2 0 1 1 0 0 0 0 2 1 1 0 0 2 1 0 1 1 0 0 0 0 0 0 0 0 0 1 0 0 1 1 1 1 1 1 2 0 0 0
geno chr22.50540455 tsi  0 0 0 0 0 1 0 0 1 0 0 0 1 0 1 1 0 1 0 0 2 1 1 0 1 1 0 0 1 0 1 2 1 0 0 1 1 1 0 0 0 1 0 0 0 0 0 0 0 1 0 0 0 0 0 1 0 0 0 0 1 0 0 1 1 1 0 1 1 0 1 0 1 0 0 0 0 1 2 0 1 0 0 1 0 0 0 0 0 1 1 0
geno chr22.50540455 yri  0 0 0 0 0 0 0 0 0 1 1 0 0 0 0 0 1 0 0 0 0 0 0 1 0 1 0 0 0 0 0 1 0 0 0 0 0 0 0 0 0 0 1 0 0 0 0 0 0 0 0 1 0 1 0 1 0 0 0 0 1 0 0 0 1 0 0 1 0 0 0 0 0 0 0 0 0
geno chr22.50540674 ceu  0 0 1 0 1 1 1 1 1 0 0 1 1 0 0 0 0 1 0 0 0 0 1 1 2 1 0 1 1 0 0 0 0 0 2 1 0 0 0 0 0 1 0 0 0 2 2 0 1 2 1 1 1 1 1 0 0 1 1 0 0 1 0 0 0 0 0 0 2 0 0 1 0 1 2 0 0 0
geno chr22.50540674 fin  1 0 0 0 1 1 2 1 0 0 0 0 2 0 0 0 1 0 0 0 0 0 0 0 0 0 0 0 0 0 1 0 0 0 1 1 0 0 0 0 1 0 1 1 0 0 1 1 1 0 0 0 0 0 0 1 0 1 1 0 0 1 0 0 0 2 1 0 0 0 1 0 1 1 0 2 1 1 0 0 1 0 0 0 1 0 2 0 0
geno chr22.50540674 gbr  2 0 0 0 0 1 0 0 0 1 1 0 0 1 0 0 0 1 0 0 1 1 0 2 1 0 1 0 0 1 0 0 0 0 0 0 0 0 0 0 1 0 1 0 2 0 1 1 0 0 0 0 2 1 1 0 0 2 1 0 1 1 0 0 0 0 0 0 0 0 0 1 0 0 1 1 1 1 1 1 2 0 0 0
geno chr22.50540674 tsi  0 0 0 0 0 1 0 0 1 0 0 0 1 0 1 1 0 1 0 0 2 1 1 0 1 1 0 0 1 0 1 2 1 0 0 1 1 1 0 0 0 1 0 0 0 0 0 0 0 1 0 0 0 0 0 1 0 0 0 0 1 0 0 1 1 1 0 1 1 0 1 0 1 0 0 0 0 1 2 0 1 0 0 1 0 0 0 0 0 1 1 0
geno chr22.50540674 yri  0 0 0 0 0 0 0 0 0 1 1 0 0 0 0 0 1 0 0 0 0 0 0 1 0 1 0 0 0 0 0 1 0 0 0 0 0 0 0 0 0 0 1 0 0 0 0 0 0 0 0 1 0 1 0 1 0 0 0 0 1 0 0 0 1 0 0 1 0 0 0 0 0 0 0 0 0
geno chr22.50540766 ceu  0 0 1 0 0 0 0 1 1 0 0 0 0 0 0 0 0 0 0 0 0 0 0 0 0 0 0 0 0 0 0 0 0 0 0 0 0 0 0 0 0 0 0 0 0 0 0 0 0 0 0 0 0 0 0 0 0 0 0 0 0 0 0 0 0 0 0 0 0 0 0 0 0 0 0 0 0 0
geno chr22.50540766 fin  0 1 0 0 0 0 0 0 0 0 0 0 0 0 0 0 0 0 0 0 0 0 0 0 0 0 0 0 0 0 0 0 0 0 0 0 0 0 0 0 0 0 0 0 0 1 0 0 0 0 0 0 0 0 0 0 0 0 0 0 0 0 0 0 0 0 0 0 0 0 0 0 0 0 0 0 0 0 0 0 0 0 1 0 0 0 0 0 0
geno chr22.50540766 gbr  0 0 0 0 0 0 0 0 0 0 0 0 0 0 0 0 0 0 0 0 0 0 0 0 0 0 0 0 0 0 0 0 0 0 1 0 0 0 0 0 0 0 0 0 0 0 0 0 0 0 1 0 0 0 0 0 0 0 0 0 0 0 0 0 0 0 0 1 0 0 0 0 0 0 0 0 0 0 0 0 0 0 0 0
geno chr22.50540766 tsi  0 0 0 0 0 0 0 0 0 0 0 0 0 0 0 0 0 0 0 0 0 0 0 0 0 0 0 1 0 1 0 0 0 0 0 0 0 0 0 0 0 0 0 0 0 0 0 0 0 0 0 0 0 0 0 0 0 0 0 0 0 0 0 1 0 0 0 0 0 0 0 0 0 0 0 0 0 0 0 1 0 0 0 1 0 0 0 0 0 0 0 0
geno chr22.50540766 yri  0 1 0 1 0 0 0 0 0 0 0 1 0 1 0 0 0 0 0 1 0 0 0 1 1 1 0 1 0 1 0 0 0 0 0 1 0 0 0 0 0 0 0 1 0 0 0 0 0 1 0 0 0 0 0 0 1 1 0 0 0 1 0 0 0 0 1 0 0 1 0 0 0 0 0 0 0
geno chr22.50541262 ceu  1 0 2 2 1 1 1 2 2 1 2 2 2 1 1 2 1 2 2 1 0 1 1 2 2 1 0 1 1 1 1 1 1 1 2 1 1 0 1 2 1 1 0 1 1 2 2 2 1 2 1 1 1 2 1 1 1 1 1 2 1 2 0 2 0 2 0 1 2 1 1 2 0 1 2 0 1 0
geno chr22.50541262 fin  2 2 1 2 2 1 2 1 1 0 2 1 2 0 1 1 2 1 1 1 1 1 1 1 0 0 0 2 2 1 1 1 0 1 1 1 2 1 1 1 1 1 2 2 1 2 2 1 2 2 0 1 0 1 0 1 0 1 1 0 0 2 1 1 1 2 2 1 0 0 0 1 1 2 1 2 1 2 1 1 2 2 2 1 2 2 2 0 1
geno chr22.50541262 gbr  2 0 1 0 1 2 0 1 0 2 1 1 1 2 0 1 0 2 1 2 1 1 2 2 1 2 1 0 1 2 1 2 1 1 2 0 0 1 0 0 1 1 1 2 2 1 1 2 2 1 1 1 2 1 2 1 1 2 1 0 1 2 1 0 0 1 0 1 1 0 0 1 1 0 2 1 1 2 1 2 2 1 0 1
geno chr22.50541262 tsi  1 0 2 2 2 1 1 1 1 1 1 2 1 1 1 1 0 1 0 0 2 1 1 1 2 1 1 2 1 1 1 2 2 0 1 1 2 1 0 0 1 1 0 0 2 1 1 0 0 1 0 1 1 1 0 1 0 0 1 1 2 1 1 2 1 1 1 1 1 1 2 1 2 0 1 1 1 2 2 2 2 1 1 2 0 1 0 0 1 1 1 0
geno chr22.50541262 yri  0 2 0 1 0 0 0 1 0 1 1 1 0 1 0 0 1 0 0 1 0 1 0 2 1 2 1 1 0 1 0 1 0 0 0 1 0 1 0 0 0 0 1 1 0 0 0 0 0 1 0 1 0 2 0 1 1 1 0 1 1 1 0 0 1 0 2 1 1 1 0 0 0 0 0 1 0
geno chr22.50541416 ceu  0 0 1 0 1 1 0 0 1 0 0 1 0 0 0 0 0 1 0 0 0 0 1 0 0 1 0 0 0 0 0 0 0 0 1 1 0 0 0 0 0 0 0 0 0 0 2 0 1 1 1 1 1 1 0 0 0 0 1 0 0 0 0 0 0 0 0 0 1 0 0 1 0 1 2 0 0 0
geno chr22.50541416 fin  0 0 0 0 1 0 1 1 0 0 0 0 2 0 0 0 1 0 0 0 0 0 0 0 0 0 0 0 0 0 0 0 0 0 0 1 0 0 0 0 1 0 1 0 0 0 0 1 0 0 0 0 0 0 0 0 0 1 1 0 0 0 0 0 0 2 0 0 0 0 1 0 0 0 0 1 1 1 0 0 0 0 0 0 1 0 1 0 0
geno chr22.50541416 gbr  1 0 0 0 0 1 0 0 0 1 0 0 0 1 0 0 0 1 0 0 0 1 0 2 1 0 1 0 0 1 0 0 0 0 0 0 0 0 0 0 0 0 1 0 1 0 0 1 0 0 0 0 1 1 1 0 0 1 0 0 0 0 0 0 0 0 0 0 0 0 0 0 0 0 1 1 0 0 0 0 1 0 0 0
geno chr22.50541416 tsi  0 0 0 0 0 1 0 0 1 0 0 0 1 0 1 0 0 1 0 0 2 1 1 0 1 1 0 0 1 0 1 2 0 0 0 1 0 0 0 0 0 1 0 0 0 0 0 0 0 1 0 0 0 0 0 0 0 0 0 0 0 0 0 1 0 0 0 0 0 0 1 0 1 0 0 0 0 1 2 0 1 0 0 1 0 0 0 0 0 1 0 0
geno chr22.50541416 yri  0 0 0 0 0 0 0 0 0 1 1 0 0 0 0 0 1 0 0 0 0 0 0 1 0 1 0 0 0 0 0 1 0 0 0 0 0 0 0 0 0 0 1 0 0 0 0 0 0 0 0 1 0 1 0 1 0 0 0 0 1 0 0 0 1 0 0 0 0 0 0 0 0 0 0 0 0
geno chr22.50541917 ceu  0 0 1 0 1 1 1 1 1 0 0 1 1 0 0 0 0 1 0 0 0 0 1 1 2 1 0 1 1 0 0 0 0 0 2 1 0 0 0 0 0 1 0 0 0 2 2 0 1 2 1 1 1 1 1 0 0 1 1 0 0 1 0 0 0 0 0 0 2 0 0 1 0 1 2 0 0 0
geno chr22.50541917 fin  1 0 0 0 1 1 2 1 0 0 0 0 2 0 0 0 1 0 0 0 0 0 0 0 0 0 0 0 0 0 1 0 0 0 1 1 0 0 0 0 1 0 1 1 0 0 1 1 1 0 0 0 0 0 0 1 0 1 1 0 0 1 0 0 0 2 1 0 0 0 1 0 1 1 0 2 1 1 0 0 1 0 0 0 1 0 2 0 0
geno chr22.50541917 gbr  2 0 0 0 0 1 0 0 0 1 1 0 0 1 0 0 0 1 0 0 1 1 0 2 1 0 1 0 0 1 0 0 0 0 0 0 0 0 0 0 1 0 1 0 2 0 1 1 0 0 0 0 2 1 1 0 0 2 1 0 1 1 0 0 0 0 0 0 0 0 0 1 0 0 1 1 1 1 1 1 2 0 0 0
geno chr22.50541917 tsi  0 0 0 0 0 1 0 0 1 0 0 0 1 0 1 1 0 1 0 0 2 1 1 0 1 1 0 0 1 0 1 2 1 0 0 1 1 1 0 0 0 1 0 0 0 0 0 0 0 1 0 0 0 0 0 1 0 0 0 0 1 0 0 1 1 1 0 1 1 0 1 0 1 0 0 0 0 1 2 0 1 0 0 1 0 0 0 0 0 1 1 0
geno chr22.50541917 yri  0 0 0 0 0 0 0 0 0 1 1 0 0 0 0 0 1 0 0 0 0 0 0 1 0 0 0 0 0 0 0 1 0 0 0 0 0 0 0 0 0 0 0 0 0 0 0 0 0 0 0 1 0 0 0 0 0 0 0 0 1 0 0 0 0 0 0 1 0 0 0 0 0 0 0 0 0
geno chr22.50542122 ceu  0 0 1 0 1 1 1 1 1 0 0 1 1 0 0 0 0 1 0 0 0 0 1 1 2 1 0 1 1 0 0 0 0 0 2 1 0 0 0 0 0 1 0 0 0 2 2 0 1 2 1 1 1 1 1 0 0 1 1 0 1 1 0 0 0 0 0 0 2 0 0 1 0 1 2 0 0 0
geno chr22.50542122 fin  1 0 0 0 1 1 2 1 0 0 0 0 2 0 0 0 1 0 0 0 0 0 0 0 0 0 0 0 0 0 1 0 0 0 1 1 0 0 0 0 1 0 1 1 0 0 1 1 1 0 0 0 0 0 0 1 0 1 1 0 0 1 0 0 0 2 1 0 0 0 1 0 1 1 0 2 1 1 0 0 1 0 0 0 1 0 2 0 0
geno chr22.50542122 gbr  2 0 0 0 0 1 0 0 0 1 1 0 0 1 0 0 0 1 0 0 1 1 0 2 1 0 1 0 0 1 0 0 0 0 0 0 0 0 0 0 1 0 1 0 2 0 1 1 0 0 0 0 2 1 1 0 0 2 1 0 1 1 0 0 0 0 0 0 0 0 0 1 0 0 1 1 1 1 1 1 2 0 0 0
geno chr22.50542122 tsi  0 0 0 0 0 1 0 0 1 0 0 0 1 0 1 1 0 1 0 0 2 1 1 0 1 1 0 0 1 0 1 2 1 0 0 1 1 1 0 0 0 1 0 0 0 0 0 0 0 1 0 0 0 0 0 1 0 0 0 0 1 0 0 1 1 1 0 1 1 0 1 0 1 0 0 0 0 1 2 0 1 0 0 1 0 0 0 0 0 1 1 0
geno chr22.50542122 yri  0 0 0 0 0 0 0 0 0 1 1 0 0 0 0 0 1 0 0 0 0 0 0 1 0 1 0 0 0 0 0 1 0 0 0 0 0 0 0 0 0 0 1 0 0 0 0 0 0 0 0 1 0 1 0 1 0 0 0 0 1 0 0 0 1 0 0 1 0 0 0 0 0 0 0 0 0
geno chr22.50543316 ceu  0 0 1 0 1 1 1 1 1 0 0 1 1 0 0 0 0 1 0 0 0 0 1 1 2 1 0 1 1 0 0 0 0 0 2 1 0 0 0 0 0 1 0 0 0 2 2 0 1 2 1 1 1 1 1 0 0 1 1 0 0 1 0 0 0 0 0 0 2 0 0 1 0 1 2 0 0 0
geno chr22.50543316 fin  1 0 0 0 1 1 2 1 0 0 0 0 2 0 0 0 1 0 0 0 0 0 0 0 0 0 0 0 0 0 1 0 0 0 1 1 0 0 0 0 1 0 1 1 0 0 1 1 1 0 0 0 0 0 0 1 0 1 1 0 0 1 0 0 0 2 1 0 0 0 1 0 1 1 0 2 1 1 0 0 1 0 0 0 1 0 2 0 0
geno chr22.50543316 gbr  2 0 0 0 0 1 0 0 0 1 1 0 0 1 0 0 0 1 0 0 1 1 0 2 1 0 1 0 0 1 0 0 0 0 0 0 0 0 0 0 1 0 1 0 2 0 1 1 0 0 0 0 2 1 1 0 0 2 1 0 1 1 0 0 0 0 0 0 0 0 0 1 0 0 1 1 1 1 1 1 2 0 0 0
geno chr22.50543316 tsi  0 0 0 0 0 1 0 0 1 0 0 0 1 0 1 1 0 1 0 0 2 1 1 0 1 1 0 0 1 0 1 2 1 0 0 1 1 1 0 0 0 1 0 0 0 0 0 0 0 1 0 0 0 0 0 1 0 0 0 0 1 0 0 1 1 1 0 1 1 0 1 0 1 0 0 0 0 1 2 0 1 0 0 1 0 0 0 0 0 1 1 0
geno chr22.50543316 yri  0 0 0 0 0 0 0 0 0 1 1 0 0 0 0 0 1 0 1 0 0 0 0 1 0 1 0 0 0 0 1 1 0 0 0 0 0 0 0 0 0 0 1 0 0 1 0 0 0 0 0 1 0 1 0 1 0 0 0 0 1 0 0 0 1 0 0 1 0 0 0 0 0 0 0 0 0
geno chr22.50543396 ceu  2 1 2 2 2 2 2 2 2 2 2 2 2 1 2 2 2 2 2 2 2 1 2 2 2 2 2 1 2 2 2 2 2 2 2 1 2 2 2 2 1 2 2 1 2 2 2 2 2 2 2 2 2 2 1 2 2 2 2 2 1 2 2 2 2 2 2 2 2 2 1 2 2 1 2 1 2 2
geno chr22.50543396 fin  2 2 2 2 2 2 2 2 2 2 2 2 2 1 2 2 2 2 2 2 2 2 2 2 2 2 1 2 2 1 2 2 2 2 1 2 2 2 2 2 2 2 2 2 2 2 2 2 2 2 2 2 1 2 2 2 2 2 2 1 2 2 2 2 2 2 2 2 1 2 2 2 2 2 2 2 2 2 2 2 2 2 2 2 2 2 2 1 2
geno chr22.50543396 gbr  2 2 1 0 1 2 1 2 2 2 2 2 2 2 0 2 1 2 1 2 2 2 2 2 2 2 2 2 2 2 2 2 1 2 2 2 2 2 2 2 2 2 2 2 2 2 2 2 2 2 2 2 2 2 2 2 2 2 2 2 1 2 1 2 2 1 2 2 2 1 1 2 2 1 2 2 2 2 2 2 2 2 1 2
geno chr22.50543396 tsi  2 2 2 2 2 2 2 2 1 2 1 2 2 2 2 2 2 2 2 2 2 1 2 2 2 2 2 2 2 2 2 2 2 2 2 2 2 2 2 2 2 2 2 1 2 2 2 2 2 2 2 2 2 2 2 2 2 2 2 2 2 2 1 2 2 2 2 2 2 2 2 2 2 2 2 2 2 2 2 2 2 1 2 2 2 2 2 2 1 2 2 2
geno chr22.50543396 yri  2 2 2 2 2 2 2 2 2 2 2 2 2 2 2 2 2 2 2 2 2 2 2 2 2 2 2 2 2 2 2 2 2 2 2 2 2 2 2 2 2 2 2 2 2 2 2 2 2 2 2 2 2 2 2 2 2 2 2 2 2 2 2 2 2 2 2 2 2 2 2 2 2 2 2 2 2
geno chr22.50543760 ceu  0 0 1 0 1 1 1 1 1 0 0 1 1 0 0 0 0 1 0 0 0 0 1 1 2 1 0 1 1 0 0 0 0 0 2 1 0 0 0 0 0 1 0 0 0 2 2 0 1 2 1 1 1 1 1 0 0 1 1 0 0 1 0 0 0 0 0 0 2 0 0 1 0 1 2 0 0 0
geno chr22.50543760 fin  1 0 0 0 1 1 2 1 0 0 0 0 2 0 0 0 1 0 0 0 0 0 0 0 0 0 0 0 0 0 1 0 0 0 1 1 0 0 0 0 1 0 1 1 0 0 1 1 1 0 0 0 0 0 0 1 0 1 1 0 0 1 0 0 0 2 1 0 0 0 1 0 1 1 0 2 1 1 0 0 1 0 0 0 1 0 2 0 0
geno chr22.50543760 gbr  2 0 0 0 0 1 0 0 0 1 1 0 0 1 0 0 0 1 0 0 1 1 0 2 1 0 1 0 0 1 0 0 0 0 0 0 0 0 0 0 1 0 1 0 2 0 1 1 0 0 0 0 2 1 1 0 0 2 1 0 1 1 0 0 0 0 0 0 0 0 0 1 0 0 1 1 1 1 1 1 2 0 0 0
geno chr22.50543760 tsi  0 0 0 0 0 1 0 0 1 0 0 0 1 0 1 1 0 1 0 0 2 1 1 0 1 1 0 0 1 0 1 2 1 0 0 1 1 1 0 0 0 1 0 0 0 0 0 0 0 1 0 0 0 0 0 1 0 0 0 0 1 0 0 1 1 1 0 1 1 0 1 0 1 0 0 0 0 1 2 0 1 0 0 1 0 0 0 0 0 1 1 0
geno chr22.50543760 yri  0 0 0 0 0 0 0 0 0 1 1 0 0 0 0 0 1 0 0 0 0 0 0 1 0 1 0 0 0 0 0 1 0 0 0 0 0 0 0 0 0 0 1 0 0 0 0 0 0 0 0 1 0 1 0 1 0 0 0 0 1 0 0 0 1 0 0 1 0 0 0 0 0 0 0 0 0
geno chr22.50543846 ceu  0 0 1 0 1 1 1 1 1 0 0 1 1 0 0 0 0 1 0 0 0 0 1 1 2 1 0 1 1 0 0 0 0 0 2 1 0 0 0 0 0 1 0 0 0 2 2 0 1 2 1 1 1 1 1 0 0 1 1 0 0 1 0 0 0 0 0 0 2 0 0 1 0 1 2 0 0 0
geno chr22.50543846 fin  1 0 0 0 1 1 2 1 0 0 0 0 2 0 0 0 1 0 0 0 0 0 0 0 0 0 0 0 0 0 1 0 0 0 1 1 0 0 0 0 1 0 1 1 0 0 1 1 1 0 0 0 0 0 0 1 0 1 1 0 0 1 0 0 0 2 1 0 0 0 1 0 1 1 0 2 1 1 0 0 1 0 0 0 1 0 2 0 0
geno chr22.50543846 gbr  2 0 0 0 0 1 0 0 0 1 1 0 0 1 0 0 0 1 0 0 1 1 0 2 1 0 1 0 0 1 0 0 0 0 0 0 0 0 0 0 1 0 1 0 2 0 1 1 0 0 0 0 2 1 1 0 0 2 1 0 1 1 0 0 0 0 0 0 0 0 0 1 0 0 1 1 1 1 1 1 2 0 0 0
geno chr22.50543846 tsi  0 0 0 0 0 1 0 0 1 0 0 0 1 0 1 1 0 1 0 0 2 1 1 0 1 1 0 0 1 0 1 2 1 0 0 1 1 1 0 0 0 1 0 0 0 0 0 0 0 1 0 0 0 0 0 1 0 0 0 0 1 0 0 1 1 1 0 1 1 0 1 0 1 0 0 0 0 1 2 0 1 0 0 1 0 0 0 0 0 1 1 0
geno chr22.50543846 yri  0 0 0 0 0 0 0 0 0 1 1 0 0 0 0 0 1 0 0 0 0 0 0 1 0 1 0 0 0 0 0 1 0 0 0 0 0 0 1 0 0 0 1 0 0 0 0 0 0 0 0 1 0 1 0 1 0 0 0 0 1 0 0 0 1 0 0 1 0 0 0 0 0 0 0 0 0
geno chr22.50544000 ceu  0 0 1 0 1 1 1 1 1 0 0 1 1 0 0 0 0 1 0 0 0 0 1 1 2 1 0 1 1 0 0 0 0 0 2 1 0 0 0 0 0 1 0 0 0 2 2 0 1 2 1 1 1 1 1 0 0 1 1 0 0 1 0 0 0 0 0 0 2 0 0 1 0 1 2 0 0 0
geno chr22.50544000 fin  1 0 0 0 1 1 2 1 0 0 0 0 2 0 0 0 1 0 0 0 0 0 0 0 0 0 0 0 0 0 1 0 0 0 1 1 0 0 0 0 1 0 1 1 0 0 1 1 1 0 0 0 0 0 0 1 0 1 1 0 0 1 0 0 0 2 1 0 0 0 1 0 1 1 0 2 1 1 0 0 1 0 0 0 1 0 2 0 0
geno chr22.50544000 gbr  2 0 0 0 0 1 0 0 0 1 1 0 0 1 0 0 0 1 0 0 1 1 0 2 1 0 1 0 0 1 0 0 0 0 0 0 0 0 0 0 1 0 1 0 2 0 1 1 0 0 0 0 2 1 1 0 0 2 1 0 1 1 0 0 0 0 0 0 0 0 0 1 0 0 1 1 1 1 1 1 2 0 0 0
geno chr22.50544000 tsi  0 0 0 0 0 1 0 0 1 0 0 0 1 0 1 1 0 1 0 0 2 1 1 0 1 1 0 0 1 0 1 2 1 0 0 1 1 1 0 0 0 1 0 0 0 0 0 0 0 1 0 0 0 0 0 1 0 0 0 0 1 0 0 1 1 1 0 1 1 0 1 0 1 0 0 0 0 1 2 0 1 0 0 1 0 0 0 0 0 1 1 0
geno chr22.50544000 yri  0 0 0 0 0 0 0 0 0 1 1 0 0 0 0 0 1 0 0 0 0 0 0 1 0 1 0 0 0 0 0 1 0 0 0 0 0 0 0 0 0 0 1 0 0 0 0 0 0 0 0 1 0 1 0 1 0 0 0 0 1 0 0 0 1 0 0 1 0 0 0 0 0 0 0 0 0
geno chr22.50544700 ceu  0 0 1 0 1 1 1 1 1 0 0 1 1 0 0 0 0 1 0 0 0 0 1 1 2 1 0 1 1 0 0 0 0 0 2 1 0 0 0 0 0 1 0 0 0 2 2 0 1 2 1 1 1 1 1 0 0 1 1 0 0 1 0 0 0 0 0 0 2 0 0 1 0 1 2 0 0 0
geno chr22.50544700 fin  1 0 0 0 1 1 2 1 0 0 0 0 2 0 0 0 1 0 0 0 0 0 0 0 0 0 0 0 0 0 1 0 0 0 1 1 0 0 0 0 1 0 1 1 0 0 1 1 1 0 0 0 0 0 0 1 0 1 1 0 0 1 0 0 0 2 1 0 0 0 1 0 1 1 0 2 1 1 0 0 1 0 0 0 1 0 2 0 0
geno chr22.50544700 gbr  2 0 0 0 0 1 0 0 0 1 1 0 0 1 0 0 0 1 0 0 1 1 0 2 1 0 1 0 0 1 0 0 0 0 0 0 0 0 0 0 1 0 1 0 2 0 1 1 0 0 0 0 2 1 1 0 0 2 1 0 1 1 0 0 0 0 0 0 0 0 0 1 0 0 1 1 1 1 1 1 2 0 0 0
geno chr22.50544700 tsi  0 0 0 0 0 1 0 0 1 0 0 0 1 0 1 1 0 1 0 0 2 1 1 0 1 1 0 0 1 0 1 2 1 0 0 1 1 1 0 0 0 1 0 0 0 0 0 0 0 1 0 0 0 0 0 1 0 0 0 0 1 0 0 1 1 1 0 1 1 0 1 0 1 0 0 0 0 1 2 0 1 0 0 1 0 0 0 0 0 1 1 0
geno chr22.50544700 yri  0 0 0 0 0 0 0 0 0 1 1 0 0 0 0 0 1 0 0 0 0 0 0 1 0 1 0 0 0 0 0 1 0 0 0 0 0 0 0 0 0 0 1 0 0 0 0 0 0 0 0 1 0 1 0 1 0 0 0 0 1 0 0 0 1 0 0 1 0 0 0 0 0 0 0 0 0
geno chr22.50544730 ceu  0 0 1 0 1 1 1 1 1 0 0 1 1 0 0 0 0 1 0 0 0 0 1 1 2 1 0 1 1 0 0 0 0 0 2 1 0 0 0 0 0 1 0 0 0 2 2 0 1 2 1 1 1 1 1 0 0 1 1 0 0 1 0 0 0 0 0 0 2 0 0 1 0 1 2 0 0 0
geno chr22.50544730 fin  1 0 0 0 1 1 2 1 0 0 0 0 2 0 0 0 1 0 0 0 0 0 0 0 0 0 0 0 0 0 1 0 0 0 1 1 0 0 0 0 1 0 1 1 0 0 1 1 1 0 0 0 0 0 0 1 0 1 1 0 0 1 0 0 0 2 1 0 0 0 1 0 1 1 0 2 1 1 0 0 1 0 0 0 1 0 2 0 0
geno chr22.50544730 gbr  2 0 0 0 0 1 0 0 0 1 1 0 0 1 0 0 0 1 0 0 1 1 0 2 1 0 1 0 0 1 0 0 0 0 0 0 0 0 0 0 1 0 1 0 2 0 1 1 0 0 0 0 2 1 1 0 0 2 1 0 1 1 0 0 0 0 0 0 0 0 0 1 0 0 1 1 1 1 1 1 2 0 0 0
geno chr22.50544730 tsi  0 0 0 0 0 1 0 0 1 0 0 0 1 0 1 1 0 1 0 0 2 1 1 0 1 1 0 0 1 0 1 2 1 0 0 1 1 1 0 0 0 1 0 0 0 0 0 0 0 1 0 0 0 0 0 1 0 0 0 0 1 0 0 1 1 1 0 1 1 0 1 0 1 0 0 0 0 1 2 0 1 0 0 1 0 0 0 0 0 1 1 0
geno chr22.50544730 yri  0 0 0 0 0 0 0 0 0 1 1 0 0 0 0 0 1 0 0 0 0 0 0 1 0 1 0 0 0 0 0 1 0 0 0 0 0 0 0 0 0 0 1 0 0 0 0 0 0 0 0 1 0 1 0 1 0 0 0 0 1 0 0 0 1 0 0 1 0 0 0 0 0 0 0 0 0
geno chr22.50544741 ceu  0 0 1 0 1 1 1 1 1 0 0 1 1 0 0 0 0 1 0 0 0 0 1 1 2 1 0 1 1 0 0 0 0 0 2 1 0 0 0 0 0 1 0 0 0 2 2 0 1 2 1 1 1 1 1 0 0 1 1 0 0 1 0 0 0 0 0 0 2 0 0 1 0 1 2 0 0 0
geno chr22.50544741 fin  1 0 0 0 1 1 2 1 0 0 0 0 2 0 0 0 1 0 0 0 0 0 0 0 0 0 0 0 0 0 1 0 0 0 1 1 0 0 0 0 1 0 1 1 0 0 1 1 1 0 0 0 0 0 0 1 0 1 1 0 0 1 0 0 0 2 1 0 0 0 1 0 1 1 0 2 1 1 0 0 1 0 0 0 1 0 2 0 0
geno chr22.50544741 gbr  2 0 0 0 0 1 0 0 0 1 1 0 0 1 0 0 0 1 0 0 1 1 0 2 1 0 1 0 0 1 0 0 0 0 0 0 0 0 0 0 1 0 1 0 2 0 1 1 0 0 0 0 2 1 1 0 0 2 1 0 1 1 0 0 0 0 0 0 0 0 0 1 0 0 1 1 1 1 1 1 2 0 0 0
geno chr22.50544741 tsi  0 0 0 0 0 1 0 0 1 0 0 0 1 0 1 1 0 1 0 0 2 1 1 0 1 1 0 0 1 0 1 2 1 0 0 1 1 1 0 0 0 1 0 0 0 0 0 0 0 1 0 0 0 0 0 1 0 0 0 0 1 0 0 1 1 1 0 1 1 1 1 0 1 0 0 0 0 1 2 0 1 0 0 1 0 0 0 0 0 1 1 0
geno chr22.50544741 yri  0 0 0 0 0 0 0 0 0 1 1 0 0 0 0 0 1 0 0 0 0 0 0 1 0 1 0 0 0 0 0 1 0 0 0 0 0 0 0 0 0 0 1 0 0 0 0 0 0 0 0 1 0 1 0 1 0 0 0 0 1 0 0 0 1 0 0 1 0 0 0 0 0 0 0 0 0
geno chr22.50545198 ceu  0 0 1 0 0 0 0 1 1 0 0 0 0 0 0 0 0 0 0 0 0 0 0 0 0 0 0 0 0 0 0 0 0 0 0 0 0 0 0 0 0 0 0 0 0 0 0 0 0 0 0 0 0 0 0 0 0 0 0 0 0 0 0 0 0 0 0 0 0 0 0 0 0 0 0 0 0 0
geno chr22.50545198 fin  0 1 0 0 0 0 0 0 0 0 0 0 0 0 0 0 0 0 0 0 0 0 0 0 0 0 0 0 0 0 0 0 0 0 0 0 0 0 0 0 0 0 0 0 0 1 0 0 0 0 0 0 0 0 0 0 0 0 0 0 0 0 0 0 0 0 0 0 0 0 0 0 0 0 0 0 0 0 0 0 0 0 1 0 0 0 0 0 0
geno chr22.50545198 gbr  0 0 0 0 0 0 0 0 0 0 0 0 0 0 0 0 0 0 0 0 0 0 0 0 0 0 0 0 0 0 0 0 0 0 1 0 0 0 0 0 0 0 0 0 0 0 0 0 0 0 1 0 0 0 0 0 0 0 0 0 0 0 0 0 0 0 0 1 0 0 0 0 0 0 0 0 0 0 0 0 0 0 0 0
geno chr22.50545198 tsi  0 0 0 0 0 0 0 0 0 0 0 0 0 0 0 0 0 0 0 0 0 0 0 0 0 0 0 1 0 1 0 0 0 0 0 0 0 0 0 0 0 0 0 0 0 0 0 0 0 0 0 0 0 0 0 0 0 0 0 0 0 0 0 1 0 0 0 0 0 0 0 0 0 0 0 0 0 0 0 1 0 0 0 1 0 0 0 0 0 0 0 0
geno chr22.50545198 yri  0 1 0 1 0 0 0 0 0 0 0 1 0 1 0 0 0 0 0 1 0 0 0 1 1 1 0 1 0 1 0 0 0 0 0 1 0 0 0 0 0 0 0 1 0 0 0 0 0 1 0 0 0 0 0 0 1 1 0 0 0 1 0 0 0 0 1 0 0 1 0 0 0 0 0 0 0
geno chr22.50545223 ceu  0 0 1 0 1 1 1 1 1 0 0 1 1 0 0 0 0 1 0 0 0 0 1 1 2 1 0 1 1 0 0 0 0 0 2 1 0 0 0 0 0 1 0 0 0 2 2 0 1 2 1 1 1 1 1 0 0 1 1 0 0 1 0 0 0 0 0 0 2 0 0 1 0 1 2 0 0 0
geno chr22.50545223 fin  1 0 0 0 1 1 2 1 0 0 0 0 2 0 0 0 1 0 0 0 0 0 0 0 0 0 0 0 0 0 1 0 0 0 1 1 0 0 0 0 1 0 1 1 0 0 1 1 1 0 0 0 0 0 0 1 0 1 1 0 0 1 0 0 0 2 1 0 0 0 1 0 1 1 0 2 1 1 0 0 1 0 0 0 1 0 2 0 0
geno chr22.50545223 gbr  2 0 0 0 0 1 0 0 0 1 1 0 0 1 0 0 0 1 0 0 1 1 0 2 1 0 1 0 0 1 0 0 0 0 0 0 0 0 0 0 1 0 1 0 2 0 1 1 0 0 0 0 2 1 1 0 0 2 1 0 1 1 0 0 0 0 0 0 0 0 0 1 0 0 1 1 1 1 1 1 2 0 0 0
geno chr22.50545223 tsi  0 0 0 0 0 1 0 0 1 0 0 0 1 0 1 1 0 1 0 0 2 1 1 0 1 1 0 0 1 0 1 2 1 0 0 1 1 1 0 0 0 1 0 0 0 0 0 0 0 1 0 0 0 0 0 1 0 0 0 0 1 0 0 1 1 1 0 1 1 0 1 0 1 0 0 0 0 1 2 0 1 0 0 1 0 0 0 0 0 1 1 0
geno chr22.50545223 yri  0 0 0 0 0 0 0 0 0 1 1 0 0 0 0 0 1 0 0 0 0 0 0 1 0 1 0 0 0 0 0 1 0 0 0 0 0 0 0 0 0 0 1 0 0 0 0 0 0 0 0 1 0 1 0 1 0 0 0 0 1 0 0 0 1 0 0 1 0 0 0 0 0 0 0 0 0
geno chr22.50545279 ceu  0 0 1 0 1 1 1 1 1 0 0 1 1 0 0 0 0 1 0 0 0 0 1 1 2 0 0 1 1 0 0 0 0 0 1 1 0 0 0 0 0 1 0 0 0 2 2 0 1 2 1 1 1 1 1 0 0 1 1 0 0 1 0 0 0 0 0 0 2 0 0 1 0 1 2 0 0 0
geno chr22.50545279 fin  1 0 0 0 1 1 2 1 0 0 0 0 2 0 0 0 1 0 0 0 0 0 0 0 0 0 0 0 0 0 1 0 0 0 1 1 0 0 0 0 1 0 1 1 0 0 1 1 1 0 0 0 0 0 0 1 0 1 1 0 0 1 0 0 0 2 1 0 0 0 1 0 1 1 0 2 1 1 0 0 1 0 0 0 1 0 2 0 0
geno chr22.50545279 gbr  2 0 0 0 0 1 0 0 0 1 1 0 0 1 0 0 0 1 0 0 1 1 0 2 1 0 1 0 0 1 0 0 0 0 0 0 0 0 0 0 1 0 1 0 2 0 1 1 0 0 0 0 2 1 1 0 0 2 1 0 1 1 0 0 0 0 0 0 0 0 0 1 0 0 1 1 1 1 1 1 2 0 0 0
geno chr22.50545279 tsi  0 0 0 0 0 1 0 0 1 0 0 0 1 0 1 1 0 1 0 0 2 1 1 0 1 1 0 0 1 0 1 2 1 0 0 1 1 1 0 0 0 1 0 0 0 0 0 0 0 1 0 0 0 0 0 1 0 0 0 0 1 0 0 1 1 1 0 1 1 0 1 0 1 0 0 0 0 1 2 0 1 0 0 1 0 0 0 0 0 1 1 0
geno chr22.50545279 yri  0 0 0 0 0 0 0 0 0 1 1 0 0 0 0 0 1 0 0 0 0 0 0 1 0 1 0 0 0 0 0 1 0 0 0 0 0 0 0 0 0 0 1 0 0 0 0 0 0 0 0 1 0 1 0 1 0 0 0 0 1 0 0 0 1 0 0 1 0 0 0 0 0 0 0 0 0
geno chr22.50545421 ceu  0 0 1 0 1 1 1 1 1 0 0 1 1 0 0 0 0 1 0 0 0 0 1 1 2 1 0 1 1 0 0 0 0 0 2 1 0 0 0 0 0 1 0 0 0 2 2 0 1 2 1 1 1 1 1 0 0 1 1 0 0 1 0 0 0 0 0 0 2 0 0 1 0 1 2 0 0 0
geno chr22.50545421 fin  1 0 0 0 1 1 2 1 0 0 0 0 2 0 0 0 1 0 0 0 0 0 0 0 0 0 0 0 0 0 1 0 0 0 1 1 0 0 0 0 1 0 1 1 0 0 1 1 1 0 0 0 0 0 0 1 0 1 1 0 0 1 0 0 0 2 1 0 0 0 1 0 1 1 0 2 1 0 0 0 1 0 0 0 1 0 2 0 0
geno chr22.50545421 gbr  2 0 0 0 0 1 0 0 0 1 1 0 0 1 0 0 0 1 0 0 1 1 0 2 1 0 0 0 0 1 0 0 0 0 0 0 0 0 0 0 1 0 1 0 2 0 1 1 0 0 0 0 2 1 1 0 0 2 1 0 1 1 0 0 0 0 0 0 0 0 0 1 0 0 1 1 1 1 1 1 2 0 0 0
geno chr22.50545421 tsi  0 0 0 0 0 1 0 0 1 0 0 0 1 0 1 1 0 1 0 0 2 1 1 0 1 1 0 0 1 0 1 2 1 0 0 1 1 1 0 0 0 1 0 0 0 0 0 0 0 1 0 0 0 0 0 1 0 0 0 0 1 0 0 1 1 1 0 1 1 0 1 0 1 0 0 0 0 1 2 0 1 0 0 1 0 0 0 0 0 1 1 0
geno chr22.50545421 yri  0 0 0 0 0 0 0 0 0 1 1 0 0 0 0 0 1 0 0 0 0 0 0 1 0 1 0 0 0 0 0 1 0 0 0 0 0 0 0 0 0 0 1 0 0 0 0 0 0 0 0 1 0 1 0 1 0 0 0 0 1 0 0 0 1 0 0 1 0 0 0 0 0 0 0 0 0
geno chr22.50545597 ceu  1 1 0 0 1 0 0 0 0 0 0 0 0 0 1 0 1 0 0 0 1 0 0 0 0 0 0 0 1 0 0 0 1 1 0 0 0 1 0 0 0 0 0 0 0 0 0 0 1 0 1 0 1 0 0 1 1 0 0 0 0 0 0 0 0 0 2 1 0 0 0 0 0 0 0 0 0 0
geno chr22.50545597 fin  0 0 0 0 0 0 0 0 0 2 0 1 0 0 0 1 0 0 0 0 0 1 0 0 1 1 1 0 0 0 1 1 2 0 0 1 0 1 0 1 0 1 0 0 0 0 0 0 0 0 0 1 0 0 1 1 1 1 0 0 2 0 0 0 1 0 1 1 0 0 0 1 2 0 1 0 1 0 0 0 0 0 0 0 0 0 0 1 0
geno chr22.50545597 gbr  0 1 0 0 0 0 0 1 1 0 0 0 0 0 0 0 0 0 0 0 1 0 0 0 1 0 1 2 0 0 0 0 0 0 0 1 2 0 0 0 0 0 1 0 0 1 1 0 0 0 0 0 0 0 0 1 1 0 0 1 0 0 0 0 0 0 1 0 0 0 1 0 1 1 0 1 1 0 0 0 0 0 1 0
geno chr22.50545597 tsi  1 0 0 1 0 0 1 0 0 1 0 0 0 0 0 0 0 1 1 2 0 0 0 0 0 0 0 0 1 1 1 0 0 0 1 1 0 1 0 0 0 1 0 0 0 1 1 0 2 1 1 0 1 1 0 0 2 0 1 1 0 0 0 0 0 1 0 0 0 0 0 0 0 2 1 0 0 0 0 0 0 0 0 0 1 1 0 2 0 0 1 1
geno chr22.50545597 yri  0 0 0 0 0 1 0 0 0 0 1 0 0 0 0 0 0 1 0 0 0 0 0 0 0 0 0 0 0 0 0 0 0 1 0 0 0 0 0 0 0 0 0 0 0 0 0 0 0 0 1 1 0 0 0 0 0 1 0 0 0 0 1 0 0 0 0 0 0 0 0 0 0 0 1 0 0
geno chr22.50545634 ceu  1 1 0 0 0 0 0 0 0 0 0 0 0 0 1 0 1 0 0 0 0 0 0 0 0 0 0 0 0 0 0 0 0 0 0 0 0 0 0 0 0 0 0 0 0 0 0 0 1 0 0 0 0 0 0 0 1 0 0 0 0 0 0 0 0 0 1 0 0 0 0 0 0 0 0 0 0 0
geno chr22.50545634 fin  0 0 0 0 0 0 0 0 0 1 0 0 0 0 0 0 0 0 0 0 0 0 0 0 0 1 0 0 0 0 0 0 1 0 0 0 0 0 0 0 0 0 0 0 0 0 0 0 0 0 0 0 0 0 0 1 1 0 0 0 0 0 0 0 1 0 0 0 0 0 0 0 0 0 0 0 1 0 0 0 0 0 0 0 0 0 0 0 0
geno chr22.50545634 gbr  0 1 0 0 0 0 0 0 2 0 0 0 0 0 0 0 0 0 0 0 1 0 0 0 1 0 0 2 0 0 0 0 0 0 0 0 0 0 0 0 0 0 0 0 0 0 0 0 0 0 0 0 0 0 0 0 0 0 0 0 0 0 0 0 0 0 0 0 0 0 0 0 1 0 0 0 1 0 0 0 0 0 0 0
geno chr22.50545634 tsi  0 0 0 0 0 0 0 0 0 0 0 0 0 0 0 0 0 0 0 1 0 0 0 0 0 0 0 0 0 1 0 0 0 0 1 0 0 0 0 0 0 0 0 0 0 0 0 0 0 0 0 0 1 0 0 0 0 0 0 0 0 0 0 0 0 0 0 0 0 0 0 0 0 0 1 0 0 0 0 0 0 0 0 0 0 1 0 0 0 0 0 0
geno chr22.50545634 yri  0 0 0 0 0 0 0 0 0 0 0 0 0 0 0 0 0 0 0 0 0 1 0 0 0 0 0 0 0 0 0 0 0 0 0 0 0 0 0 0 0 0 0 0 0 0 0 0 0 0 0 0 0 0 0 0 0 0 0 0 0 0 0 0 0 0 0 0 0 0 0 0 0 0 0 0 0
geno chr22.50545643 ceu  0 0 1 0 1 1 1 1 1 0 0 1 1 0 0 0 0 1 0 0 0 0 1 1 2 1 0 1 1 0 0 0 0 0 2 1 0 0 0 0 0 1 0 0 0 2 2 0 1 2 1 1 1 1 1 0 0 1 1 0 0 1 0 0 0 0 0 0 2 0 0 1 0 1 2 0 0 0
geno chr22.50545643 fin  1 0 0 0 1 1 2 1 0 0 0 0 2 0 0 0 1 0 0 0 0 0 0 0 0 0 0 0 0 0 1 0 0 0 1 1 0 0 0 0 1 0 1 1 0 0 1 1 1 0 0 0 0 0 0 1 0 1 1 0 0 1 0 0 0 2 1 0 0 0 1 0 1 1 0 2 1 1 0 0 1 0 0 0 1 0 2 0 0
geno chr22.50545643 gbr  2 0 0 0 0 1 0 0 0 1 1 0 0 1 0 0 0 1 0 0 1 1 0 2 1 0 1 0 0 1 0 0 0 0 0 0 0 0 0 0 1 0 1 0 2 0 1 1 0 0 0 0 2 1 1 0 0 2 1 0 1 1 0 0 0 0 0 0 0 0 0 1 0 0 1 1 1 1 1 1 2 0 0 0
geno chr22.50545643 tsi  0 0 0 0 0 1 0 0 1 0 0 0 1 0 1 1 0 1 0 0 2 1 1 0 1 1 0 0 1 0 1 2 1 0 0 1 1 1 0 0 0 1 0 0 0 0 0 0 0 1 0 0 0 0 0 1 0 0 0 0 1 0 0 1 1 1 0 1 1 0 1 0 1 0 0 0 0 1 2 0 1 0 0 1 0 0 0 0 0 1 1 0
geno chr22.50545643 yri  0 0 0 0 0 0 0 0 0 1 1 0 0 0 0 0 1 0 0 0 0 0 0 1 0 1 0 0 0 0 0 1 0 0 0 0 0 0 0 0 0 0 1 0 0 0 0 0 0 0 0 1 0 1 0 1 0 0 0 0 1 0 0 0 1 0 0 1 0 0 0 0 0 0 0 0 0
geno chr22.50545688 ceu  0 0 0 0 0 0 1 1 0 0 0 0 1 0 0 0 0 0 0 0 0 0 0 0 2 0 0 1 1 0 0 0 0 0 1 0 0 0 0 0 0 1 0 0 0 2 0 0 0 1 0 0 0 0 1 0 0 1 0 0 0 1 0 0 0 0 0 0 1 0 0 0 0 0 0 0 0 0
geno chr22.50545688 fin  1 0 0 0 0 1 1 0 0 0 0 0 0 0 0 0 0 0 0 0 0 0 0 0 0 0 0 0 0 0 1 0 0 0 1 0 0 0 0 0 0 0 0 1 0 0 1 0 1 0 0 0 0 0 0 1 0 0 0 0 0 1 0 0 0 0 0 0 0 0 0 0 0 1 0 1 0 0 0 0 1 0 0 0 0 0 1 0 0
geno chr22.50545688 gbr  1 0 0 0 0 0 0 0 0 0 1 0 0 0 0 0 0 0 0 0 1 0 0 0 0 0 0 0 0 0 0 0 0 0 0 0 0 0 0 0 1 0 0 0 1 0 1 0 0 0 0 0 1 0 0 0 0 1 1 0 1 1 0 0 0 0 0 0 0 0 0 1 0 0 0 0 1 1 1 1 1 0 0 0
geno chr22.50545688 tsi  0 0 0 0 0 0 0 0 0 0 0 0 0 0 0 1 0 0 0 0 0 0 0 0 0 0 0 0 0 0 0 0 1 0 0 0 1 1 0 0 0 0 0 0 0 0 0 0 0 0 0 0 0 0 0 1 0 0 0 0 1 0 0 0 1 1 0 1 0 0 0 0 0 0 0 0 0 0 0 0 0 0 0 0 0 0 0 0 0 0 1 0
geno chr22.50545688 yri  0 0 0 0 0 0 0 0 0 0 0 0 0 0 0 0 0 0 0 0 0 0 0 0 0 0 0 0 0 0 0 0 0 0 0 0 0 0 0 0 0 0 0 0 0 0 0 0 0 0 0 1 0 0 0 0 0 0 0 0 0 0 0 0 0 0 0 1 0 0 0 0 0 0 0 0 0
geno chr22.50545734 ceu  0 0 0 0 0 0 1 1 0 0 0 0 1 0 0 0 0 0 0 0 0 0 0 0 2 0 0 1 1 0 0 0 0 0 1 0 0 0 0 0 0 1 0 0 0 2 0 0 0 1 0 0 0 0 1 0 0 1 0 0 0 1 0 0 0 0 0 0 1 0 0 0 0 0 0 0 0 0
geno chr22.50545734 fin  1 0 0 0 0 1 1 0 0 0 0 0 0 0 0 0 0 0 0 0 0 0 0 0 0 0 0 0 0 0 1 0 0 0 1 0 0 0 0 0 0 0 0 1 0 0 1 0 1 0 0 0 0 0 0 1 0 0 0 0 0 0 0 0 0 0 1 0 0 0 0 0 1 1 0 1 0 0 0 0 1 0 0 0 0 0 1 0 0
geno chr22.50545734 gbr  1 0 0 0 0 0 0 0 0 0 1 0 0 0 0 0 0 0 0 0 1 0 0 0 0 0 0 0 0 0 0 0 0 0 0 0 0 0 0 0 1 0 0 0 1 0 1 0 0 0 0 0 1 0 0 0 0 1 1 0 1 1 0 0 0 0 0 0 0 0 0 1 0 0 0 0 1 1 1 1 1 0 0 0
geno chr22.50545734 tsi  0 0 0 0 0 0 0 0 0 0 0 0 0 0 0 1 0 0 0 0 0 0 0 0 0 0 0 0 0 0 0 0 1 0 0 0 1 1 0 0 0 0 0 0 0 0 0 0 0 0 0 0 0 0 0 1 0 0 0 0 1 0 0 0 1 1 0 1 0 0 0 0 0 0 0 0 0 0 0 0 0 0 0 0 0 0 0 0 0 0 1 0
geno chr22.50545734 yri  0 0 0 0 0 0 0 0 0 0 0 0 0 0 0 0 0 0 0 0 0 0 0 0 0 0 0 0 0 0 0 0 0 0 0 0 0 0 0 0 0 0 0 0 0 0 0 0 0 0 0 1 0 0 0 0 0 0 0 0 0 0 0 0 0 0 0 1 0 0 0 0 0 0 0 0 0
geno chr22.50546098 ceu  0 0 0 0 0 0 1 1 0 0 0 0 1 0 0 0 0 0 0 0 0 0 0 1 2 0 0 1 1 0 0 0 0 0 1 0 0 0 0 0 0 1 0 0 0 2 0 0 0 1 0 0 0 0 1 0 0 1 0 0 0 1 0 0 0 0 0 0 1 0 0 0 0 0 0 0 0 0
geno chr22.50546098 fin  1 0 0 0 0 1 1 0 0 0 0 0 0 0 0 0 0 0 0 0 0 0 0 0 0 0 0 0 0 0 1 0 0 0 1 0 0 0 0 0 0 0 0 1 0 0 1 0 1 0 0 0 0 0 0 1 0 0 0 0 0 1 0 0 0 0 1 0 0 0 0 0 1 1 0 1 0 0 0 0 1 0 0 0 0 0 1 0 0
geno chr22.50546098 gbr  1 0 0 0 0 0 0 0 0 0 1 0 0 0 0 0 0 0 0 0 1 0 0 0 0 0 0 0 0 0 0 0 0 0 0 0 0 0 0 0 1 0 0 0 1 0 1 0 0 0 0 0 1 0 0 0 0 1 1 0 1 1 0 0 0 0 0 0 0 0 0 1 0 0 0 0 1 1 1 1 1 0 0 0
geno chr22.50546098 tsi  0 0 0 0 0 0 0 0 0 0 0 0 0 0 0 1 0 0 0 0 0 0 0 0 0 0 0 0 0 0 0 0 1 0 0 0 1 1 0 0 0 0 0 0 0 0 0 0 0 0 0 0 0 0 0 1 0 0 0 0 1 0 0 0 1 1 0 1 1 0 0 0 0 0 0 0 0 0 0 0 0 0 0 0 0 0 0 0 0 0 1 0
geno chr22.50546098 yri  0 0 0 0 0 0 0 0 0 0 0 0 0 0 0 0 0 0 0 0 0 0 0 0 0 0 0 0 0 0 0 0 0 0 0 0 0 0 0 0 0 0 0 0 0 0 0 0 0 0 0 1 0 0 0 0 0 0 0 0 0 0 0 0 0 0 0 1 0 0 0 0 0 0 0 0 0
geno chr22.50546185 ceu  0 0 1 0 1 1 1 1 1 0 0 1 1 0 0 0 0 1 0 0 0 0 1 1 2 1 0 1 1 0 0 0 0 0 2 1 0 0 0 0 0 1 0 0 0 2 2 0 1 2 1 1 1 1 1 0 0 1 1 0 0 1 0 0 0 0 0 0 2 0 0 1 0 1 2 0 0 0
geno chr22.50546185 fin  1 0 0 0 1 1 2 1 0 0 0 0 2 0 0 0 1 0 0 0 0 0 0 0 0 0 0 0 0 0 1 0 0 0 1 1 0 0 0 0 1 0 1 1 0 0 1 1 1 0 0 0 0 0 0 1 0 1 1 0 0 1 0 0 0 2 1 0 0 0 1 0 1 1 0 2 1 1 0 0 1 0 0 0 1 0 2 0 0
geno chr22.50546185 gbr  2 0 0 0 0 1 0 0 0 1 1 0 0 1 0 0 0 1 0 0 1 1 0 2 1 0 1 0 0 1 0 0 0 0 0 0 0 0 0 0 1 0 1 0 2 0 1 1 0 0 0 0 2 1 1 0 0 2 1 0 1 1 0 0 0 0 0 0 0 0 0 1 0 0 1 1 1 1 1 1 2 0 0 0
geno chr22.50546185 tsi  0 0 0 0 0 1 0 0 1 0 0 0 1 0 1 1 0 1 0 0 2 1 1 0 1 1 0 0 1 0 1 2 1 0 0 1 1 1 0 0 0 1 0 0 0 0 0 0 0 1 0 0 0 0 0 1 0 0 0 0 1 0 0 1 1 1 0 1 1 0 1 0 1 0 0 0 0 1 2 0 1 0 0 1 0 0 0 0 0 1 1 0
geno chr22.50546185 yri  0 0 0 0 0 0 0 0 0 1 1 0 0 0 0 0 1 0 0 0 0 0 0 1 0 1 0 0 0 0 0 1 0 0 0 0 0 0 0 0 0 0 1 0 0 0 0 0 0 0 0 1 0 1 0 1 0 0 0 0 1 0 0 0 1 0 0 1 0 0 0 0 0 0 0 0 0
geno chr22.50546264 ceu  0 0 1 0 1 1 1 1 1 0 0 1 1 0 0 0 0 1 0 0 0 0 1 1 2 1 0 1 1 0 0 0 0 0 2 1 0 0 0 0 0 1 0 0 0 2 2 0 1 2 1 1 1 1 1 0 0 1 1 0 0 1 0 0 0 0 0 0 2 0 0 1 0 1 2 0 0 0
geno chr22.50546264 fin  1 0 0 0 1 1 2 1 0 0 0 0 2 0 1 0 1 0 0 0 0 0 0 0 1 0 0 0 0 0 1 0 0 0 1 1 0 0 0 0 1 0 1 1 0 0 1 1 1 0 0 0 0 0 0 1 0 1 1 0 0 1 0 0 0 2 1 0 0 0 1 0 1 1 0 2 1 1 0 0 1 0 0 0 1 0 2 0 0
geno chr22.50546264 gbr  2 0 0 0 0 1 0 0 0 1 1 0 0 1 0 0 0 1 0 0 1 1 0 2 1 0 1 0 0 1 0 0 0 0 0 0 0 0 0 0 1 0 1 0 2 0 1 1 0 0 0 0 2 1 1 0 0 2 1 0 1 1 0 0 0 0 0 0 0 0 0 1 0 0 1 1 1 1 1 1 2 0 0 0
geno chr22.50546264 tsi  0 0 0 0 0 1 0 0 1 0 0 0 1 0 1 1 0 1 0 0 2 1 1 0 1 1 0 0 1 0 1 2 1 0 0 1 1 1 0 0 0 1 0 0 0 0 0 0 0 1 0 0 0 0 0 1 0 0 0 0 1 0 0 1 1 1 0 1 1 0 1 0 1 0 0 0 0 1 2 0 1 0 0 1 0 0 0 0 0 2 1 0
geno chr22.50546264 yri  0 0 0 0 0 0 0 0 0 1 1 0 0 0 0 0 1 0 0 0 0 0 0 1 0 1 0 0 0 0 0 1 0 0 0 0 0 0 0 0 0 0 1 0 0 0 0 0 0 0 0 1 0 1 0 1 0 0 0 0 1 0 0 0 1 0 0 1 0 0 0 0 0 0 0 0 0
geno chr22.50546666 ceu  0 2 0 0 0 0 1 0 0 1 1 1 1 1 0 0 1 1 0 0 0 0 1 0 0 0 0 1 1 2 1 0 1 1 0 0 0 0 0 2 1 0 0 0 0 0 1 0 0 0 2 2 0 1 2 1 1 1 1 1 0 0 1 1 0 0 1 0 0 0 0 0 0 2 0 0 1 0
geno chr22.50546666 fin  1 0 0 0 0 1 0 0 0 1 1 2 1 0 0 1 1 2 0 0 0 1 0 0 0 0 0 0 0 0 0 0 0 0 0 1 0 0 0 1 1 0 0 0 0 1 0 1 1 0 0 1 1 1 0 0 0 0 0 0 1 0 1 1 0 0 1 0 0 0 2 1 0 0 0 1 0 1 1 0 2 1 1 0 0 1 0 0 0
geno chr22.50546666 gbr  NA NA NA NA 0 2 0 0 0 0 1 0 0 0 1 1 0 0 1 0 0 0 1 0 0 1 1 0 2 1 0 1 0 0 1 0 0 0 0 0 0 0 0 0 0 1 0 1 0 2 0 1 0 0 2 0 0 2 1 0 0 2 0 1 0 1 1 0 0 0 0 0 0 0 0 0 1 0 0 1 1 1 1 1
geno chr22.50546666 tsi  0 0 0 0 0 0 0 0 0 0 1 0 0 1 0 0 0 1 0 1 1 0 1 0 0 2 1 1 0 1 1 0 0 1 0 1 2 1 0 0 1 1 1 0 0 0 1 0 0 0 0 0 0 0 1 0 0 0 0 0 1 0 0 0 0 1 0 0 1 1 1 0 1 1 0 1 0 1 0 0 0 0 1 2 0 1 0 0 1 0 0 0
geno chr22.50546666 yri  1 2 0 0 0 0 0 0 0 0 0 0 0 0 1 1 0 0 0 0 0 1 0 0 0 0 0 0 1 0 1 0 0 0 0 0 1 0 0 0 0 0 0 0 0 0 0 1 0 0 0 0 0 0 0 0 1 0 1 0 1 0 0 0 0 1 0 0 0 1 0 0 1 0 0 0 0
geno chr22.50546788 ceu  1 0 0 2 0 0 0 0 0 1 2 1 1 1 1 2 1 1 2 1 0 1 0 1 0 0 0 0 0 1 1 1 1 1 0 0 1 0 1 2 1 0 0 1 1 0 0 2 0 0 0 0 0 1 0 1 1 0 0 2 1 1 0 2 0 2 0 1 0 1 1 1 0 0 0 0 1 0
geno chr22.50546788 fin  1 1 1 2 1 0 0 0 1 0 2 1 0 0 1 1 1 1 1 1 1 1 1 1 0 0 0 2 2 1 0 0 0 0 0 0 2 1 1 1 0 1 1 1 1 1 1 0 1 2 0 1 0 1 0 0 0 0 0 0 0 1 1 1 1 0 0 1 0 0 0 1 0 1 1 0 0 1 1 1 1 2 1 1 1 2 0 0 1
geno chr22.50546788 gbr  0 0 1 0 1 1 0 1 0 1 0 1 1 1 0 1 0 1 1 2 0 0 2 0 0 2 0 0 1 1 1 2 1 1 1 0 0 1 0 0 0 1 0 2 0 1 0 1 2 1 0 1 0 0 0 1 1 0 0 0 0 1 1 0 0 1 0 0 1 0 0 0 1 0 1 0 0 1 0 1 0 1 0 1
geno chr22.50546788 tsi  1 0 2 2 2 0 1 1 0 1 0 2 0 1 0 0 0 0 0 0 0 0 0 1 1 0 1 1 0 0 0 0 1 0 1 0 1 0 0 0 1 0 0 0 2 1 1 0 0 0 0 1 1 1 0 0 0 0 1 1 1 1 1 0 0 0 0 0 0 1 1 1 1 0 1 1 1 1 0 1 1 1 1 0 0 1 0 0 1 0 0 0
geno chr22.50546788 yri  0 1 0 0 0 0 0 0 0 0 0 0 0 0 0 0 0 0 0 0 0 1 0 0 0 0 0 0 0 0 0 0 0 0 0 0 0 0 0 0 0 0 0 0 0 0 0 0 0 0 0 0 0 0 0 0 0 0 0 0 0 0 0 0 0 0 0 0 1 0 0 0 0 0 0 0 0
geno chr22.50546797 ceu  1 0 0 2 0 0 0 0 0 1 2 1 1 1 1 2 1 1 2 1 0 1 0 1 0 0 0 0 0 1 1 1 1 1 0 0 1 0 1 2 1 0 0 1 1 0 0 2 0 0 0 0 0 1 0 1 1 0 0 2 1 1 0 2 0 2 0 1 0 1 1 1 0 0 0 0 1 0
geno chr22.50546797 fin  1 1 1 2 1 0 0 0 1 0 2 1 0 0 1 1 1 1 1 1 1 1 1 1 0 0 0 2 2 1 0 0 0 0 0 0 2 1 1 1 0 1 1 1 1 1 1 0 1 2 0 1 0 1 0 0 0 0 0 0 0 1 1 1 1 0 0 1 0 0 0 1 0 1 1 0 0 1 1 1 1 2 1 1 1 2 0 0 1
geno chr22.50546797 gbr  0 0 1 0 1 1 0 1 0 1 0 1 1 1 0 1 0 1 1 2 0 0 2 0 0 2 0 0 1 1 1 2 1 1 1 0 0 1 0 0 0 1 0 2 0 1 0 1 2 1 0 1 0 0 0 1 1 0 0 0 0 1 1 0 0 1 0 0 1 0 0 0 1 0 1 0 0 1 0 1 0 1 0 1
geno chr22.50546797 tsi  1 0 2 2 2 0 1 1 0 1 0 2 0 1 0 0 0 0 0 0 0 0 0 1 1 0 1 1 0 0 0 0 1 0 1 0 1 0 0 0 1 0 0 0 2 1 1 0 0 0 0 1 1 1 0 0 0 0 1 1 1 1 1 0 0 0 0 0 0 1 1 1 1 0 1 1 1 1 0 1 1 1 1 0 0 1 0 0 1 0 0 0
geno chr22.50546797 yri  0 1 0 0 0 0 0 0 0 0 0 0 0 0 0 0 0 0 0 0 0 0 0 0 0 0 0 0 0 0 0 0 0 0 0 0 0 0 0 0 0 0 0 0 0 0 0 0 0 0 0 0 0 0 0 0 0 0 0 0 0 0 0 0 0 0 0 0 0 0 0 0 0 0 0 0 0
geno chr22.50546844 ceu  0 0 1 0 1 1 1 1 1 0 0 1 1 0 0 0 0 1 0 0 0 0 1 1 2 1 0 1 1 0 0 0 0 0 2 1 0 0 0 0 0 1 0 0 0 2 2 0 1 2 1 1 1 1 1 0 0 1 1 0 0 1 0 0 0 0 0 0 2 0 0 1 0 1 2 0 0 0
geno chr22.50546844 fin  1 0 0 0 1 1 2 1 0 0 0 0 2 0 0 0 1 0 0 0 0 0 0 0 0 0 0 0 0 0 1 0 0 0 1 1 0 0 0 0 1 0 1 1 0 0 1 1 1 0 0 0 0 0 0 1 0 1 1 0 0 1 0 0 0 2 1 0 0 0 1 0 1 1 0 2 1 1 0 0 1 0 0 0 1 0 2 0 0
geno chr22.50546844 gbr  2 0 0 0 0 1 0 0 0 1 1 0 0 1 0 0 0 1 0 0 1 1 0 2 1 0 1 0 0 1 0 0 0 0 0 0 0 0 0 0 1 0 1 0 2 0 1 1 0 0 0 0 2 1 1 0 0 2 1 0 1 1 0 0 0 0 0 0 0 0 0 1 0 0 1 1 1 1 1 1 2 0 0 0
geno chr22.50546844 tsi  0 0 0 0 0 1 0 0 1 0 0 0 1 0 1 1 0 1 0 0 2 1 1 0 1 1 0 0 1 0 1 2 1 0 0 1 1 1 0 0 0 1 0 0 0 0 0 0 0 1 0 0 0 0 0 1 0 0 0 0 1 0 0 1 1 1 0 1 1 0 1 0 1 0 0 0 0 1 2 0 1 0 0 1 0 0 0 0 0 1 1 0
geno chr22.50546844 yri  0 0 0 0 0 0 0 0 0 1 1 0 0 0 0 0 1 0 0 0 0 0 0 1 0 1 0 0 0 0 0 1 0 0 0 0 0 0 0 0 0 0 1 0 0 0 0 0 0 0 0 1 0 1 0 1 0 0 0 0 1 0 0 0 1 0 0 1 0 0 0 0 0 0 0 0 0
geno chr22.50546868 ceu  0 0 1 0 1 1 1 1 1 0 0 1 1 0 0 0 0 1 0 0 0 0 1 1 2 1 0 1 1 0 0 0 0 0 2 1 0 0 0 0 0 1 0 0 0 2 2 0 1 2 1 1 1 1 1 0 0 1 1 0 0 1 0 0 0 0 0 0 2 0 0 1 0 1 2 0 0 0
geno chr22.50546868 fin  1 0 0 0 1 1 2 1 0 0 0 0 2 0 0 0 1 0 0 0 0 0 0 0 0 0 0 0 0 0 1 0 0 0 1 1 0 0 0 0 1 0 1 1 0 0 1 1 1 0 0 0 0 0 0 1 0 1 1 0 0 1 0 0 0 2 1 0 0 0 1 0 1 1 0 2 1 1 0 0 1 0 0 0 1 0 2 0 0
geno chr22.50546868 gbr  2 0 0 0 0 1 0 0 0 1 1 0 0 1 0 0 0 1 0 0 1 1 0 2 1 0 1 0 0 1 0 0 0 0 0 0 0 0 0 0 1 0 1 0 2 0 1 1 0 0 0 0 2 1 1 0 0 2 1 0 1 1 0 0 0 0 0 0 0 0 0 1 0 0 1 1 1 1 1 1 2 0 0 0
geno chr22.50546868 tsi  0 0 0 0 0 1 0 0 1 0 0 0 1 0 1 1 0 1 0 0 2 1 1 0 1 1 0 0 1 0 1 2 1 0 0 1 1 1 0 0 0 1 0 0 0 0 0 0 0 1 0 0 0 0 0 1 0 0 0 0 1 0 0 1 1 1 0 1 1 0 1 0 1 0 0 0 0 1 2 0 1 0 0 1 0 0 0 0 0 1 1 0
geno chr22.50546868 yri  0 0 0 0 0 0 0 0 0 1 1 0 0 0 0 0 1 0 0 0 0 0 0 1 0 1 0 0 0 0 0 1 0 0 0 0 0 0 0 0 0 0 1 0 0 0 0 0 0 0 0 1 0 1 0 1 0 0 0 0 1 0 0 0 1 0 0 1 0 0 0 0 0 0 0 0 0
geno chr22.50546900 ceu  0 0 1 0 1 1 1 1 1 0 0 1 1 0 0 0 0 1 0 0 0 0 1 1 2 1 0 1 1 0 0 0 0 0 2 1 0 0 0 0 0 1 0 0 0 2 2 0 1 2 1 1 1 1 1 0 0 1 1 0 0 1 0 0 0 0 0 0 2 0 0 1 0 1 2 0 0 0
geno chr22.50546900 fin  1 0 0 0 1 1 2 1 0 0 0 0 2 0 0 0 1 0 0 0 0 0 0 0 0 0 0 0 0 0 1 0 0 0 1 1 0 0 0 0 1 0 1 1 0 0 1 1 1 0 0 0 0 0 0 1 0 1 1 0 0 1 0 0 0 2 1 0 0 0 1 0 1 1 0 2 1 1 0 0 1 0 0 0 1 0 2 0 0
geno chr22.50546900 gbr  2 0 0 0 0 1 0 0 0 1 1 0 0 1 0 0 0 1 0 0 1 1 0 2 1 0 1 0 0 1 0 0 0 0 0 0 0 0 0 0 1 0 1 0 2 0 1 1 0 0 0 0 2 1 1 0 0 2 1 0 1 1 0 0 0 0 0 0 0 0 0 1 0 0 1 1 1 1 1 1 2 0 0 0
geno chr22.50546900 tsi  0 0 0 0 0 1 0 0 1 0 0 0 1 0 1 1 0 1 0 0 2 1 1 0 1 1 0 0 1 0 1 2 1 0 0 1 1 1 0 0 0 1 0 0 0 0 0 0 0 1 0 0 0 0 0 1 0 0 0 0 1 0 0 1 1 1 0 1 1 0 1 0 1 0 0 0 0 1 2 0 1 0 0 1 0 0 0 0 0 1 1 0
geno chr22.50546900 yri  0 0 0 0 0 0 0 0 0 1 1 0 0 0 0 0 1 0 0 0 0 0 0 1 0 1 0 0 0 0 0 1 0 0 0 0 0 0 0 0 0 0 1 0 0 0 0 0 0 0 0 1 0 1 0 1 0 0 0 0 1 0 0 0 1 0 0 1 0 0 0 0 0 0 0 0 0
geno chr22.50546971 ceu  0 0 1 0 1 1 1 1 1 0 0 1 1 0 0 0 0 1 0 0 0 0 1 1 2 1 0 1 1 0 0 0 0 0 2 1 0 0 0 0 0 1 0 0 0 2 2 0 1 2 1 1 1 1 1 0 0 1 1 0 0 1 0 0 0 0 0 0 2 0 0 1 0 1 2 0 0 0
geno chr22.50546971 fin  1 0 0 0 1 1 2 1 0 0 0 0 2 0 0 0 1 0 0 0 0 0 0 0 0 0 0 0 0 0 1 0 0 0 1 1 0 0 0 0 1 0 1 1 0 0 1 1 1 0 0 0 0 0 0 1 0 1 1 0 0 1 0 0 0 2 1 0 0 0 1 0 1 1 0 2 1 1 0 0 1 0 0 0 1 0 2 0 0
geno chr22.50546971 gbr  2 0 0 0 0 1 0 0 0 1 1 0 0 1 0 0 0 1 0 0 1 1 0 2 1 0 1 0 0 1 0 0 0 0 0 0 0 0 0 0 1 0 1 0 2 0 1 1 0 0 0 0 2 1 1 0 0 2 1 0 1 1 0 0 0 0 0 0 0 0 0 1 0 0 1 1 1 1 1 1 2 0 0 0
geno chr22.50546971 tsi  0 0 0 0 0 1 0 0 1 0 0 0 1 0 1 1 0 1 0 0 2 1 1 0 1 1 0 0 1 0 1 2 1 0 0 1 1 1 0 0 0 1 0 0 0 0 0 0 0 1 0 0 0 0 0 1 0 0 0 0 1 0 0 1 1 1 0 1 1 0 1 0 1 0 0 0 0 1 2 0 1 0 0 1 0 0 0 0 0 1 1 0
geno chr22.50546971 yri  0 0 0 0 0 0 0 0 0 1 1 0 0 0 0 0 1 0 0 0 0 0 0 1 0 1 0 0 0 0 0 1 0 0 0 0 0 0 0 0 0 0 1 0 0 0 0 0 0 0 0 1 0 1 0 1 0 0 0 0 1 0 0 0 1 0 0 1 0 0 0 0 0 0 0 0 0
geno chr22.50547389 ceu  0 0 1 0 1 1 0 0 1 0 0 1 0 0 0 0 0 1 0 0 0 0 1 0 0 1 0 0 0 0 0 0 0 0 1 1 0 0 0 0 0 0 0 0 0 0 2 0 1 1 1 1 1 1 0 0 0 0 1 0 0 0 0 0 0 0 0 0 1 0 0 1 0 1 2 0 0 0
geno chr22.50547389 fin  0 0 0 0 1 0 1 1 0 0 0 0 2 0 0 0 1 0 0 0 0 0 0 0 0 0 0 0 0 0 0 0 0 0 0 1 0 0 0 0 1 0 1 0 0 0 0 1 0 0 0 0 0 0 0 0 0 1 1 0 0 0 0 0 0 2 0 0 0 0 1 0 0 0 0 1 1 1 0 0 0 0 0 0 1 0 1 0 0
geno chr22.50547389 gbr  1 0 0 0 0 1 0 0 0 1 0 0 0 1 0 0 0 1 0 0 0 1 0 2 1 0 1 0 0 1 0 0 0 0 0 0 0 0 0 0 0 0 1 0 1 0 0 1 0 0 0 0 1 1 1 0 0 1 0 0 0 0 0 0 0 0 0 0 0 0 0 0 0 0 1 1 0 0 0 0 1 0 0 0
geno chr22.50547389 tsi  0 0 0 0 0 1 0 0 1 0 0 0 1 0 1 0 0 1 0 0 2 1 1 0 1 1 0 0 1 0 1 2 0 0 0 1 0 0 0 0 0 1 0 0 0 0 0 0 0 1 0 0 0 0 0 0 0 0 0 0 0 0 0 1 0 0 0 0 0 0 1 0 1 0 0 0 0 1 2 0 1 0 0 1 0 0 0 0 0 1 0 0
geno chr22.50547389 yri  0 0 0 0 0 0 0 0 0 1 1 0 0 0 0 0 1 0 0 0 0 0 0 1 0 1 0 0 0 0 0 1 0 0 0 0 0 0 0 0 0 0 1 0 0 0 0 0 0 0 0 0 0 1 0 1 0 0 0 0 1 0 0 0 1 0 0 0 0 0 0 0 0 0 0 0 0
geno chr22.50547529 ceu  0 0 1 0 1 1 1 1 1 0 0 1 1 0 0 0 0 1 0 0 0 0 1 1 2 1 0 1 1 0 0 0 0 0 2 1 0 0 0 0 0 1 0 0 0 2 2 0 1 2 1 1 1 1 1 0 0 1 1 0 0 1 0 0 0 0 0 0 2 0 0 1 0 1 2 0 0 0
geno chr22.50547529 fin  1 0 0 0 1 1 2 1 0 0 0 0 2 0 0 0 1 0 0 0 0 0 0 0 0 0 0 0 0 0 1 0 0 0 1 1 0 0 0 0 1 0 1 1 0 0 1 1 1 0 0 0 0 0 0 1 0 1 1 0 0 1 0 0 0 2 1 0 0 0 1 0 1 1 0 2 1 1 0 0 1 0 0 0 1 0 2 0 0
geno chr22.50547529 gbr  2 0 0 0 0 1 0 0 0 1 1 0 0 1 0 0 0 1 0 0 1 1 0 2 1 0 1 0 0 1 0 0 0 0 0 0 0 0 0 0 1 0 1 0 2 0 1 1 0 0 0 0 2 1 1 0 0 2 1 0 1 1 0 0 0 0 0 0 0 0 0 1 0 0 1 1 1 1 1 1 2 0 0 0
geno chr22.50547529 tsi  0 0 0 0 0 1 0 0 1 0 0 0 1 0 1 1 0 1 0 0 2 1 1 0 1 1 0 0 1 0 1 2 1 0 0 1 1 1 0 0 0 1 0 0 0 0 0 0 0 1 0 0 0 0 0 1 0 0 0 0 1 0 0 1 1 1 0 1 1 0 1 0 1 0 0 0 0 1 2 0 1 0 0 1 0 0 0 0 0 1 1 0
geno chr22.50547529 yri  0 0 0 0 0 0 0 0 0 1 1 0 0 0 0 0 1 0 0 0 0 0 0 1 0 1 0 0 0 0 0 1 0 0 0 0 0 0 0 0 0 0 1 0 0 0 0 0 0 0 0 1 0 1 0 1 0 0 0 0 1 0 0 0 1 0 0 1 0 0 0 0 0 0 0 0 0
geno chr22.50547558 ceu  1 0 2 2 1 2 2 2 2 2 2 2 2 1 1 2 1 2 2 2 1 1 2 2 2 2 2 1 1 2 2 2 1 1 2 1 2 1 2 2 1 2 2 1 2 2 2 2 1 2 1 2 1 2 1 1 1 2 2 2 1 2 2 2 2 2 0 1 2 2 1 2 2 1 2 1 2 2
geno chr22.50547558 fin  2 2 2 2 2 2 2 2 2 0 2 1 2 1 1 1 2 2 1 2 2 1 1 2 0 1 0 2 2 1 1 1 0 2 1 1 2 1 2 1 2 1 2 2 2 2 2 2 2 2 2 1 1 2 1 1 1 1 2 1 0 2 2 2 1 2 1 1 1 2 1 1 0 2 1 2 1 2 2 2 2 2 2 1 2 2 2 0 1
geno chr22.50547558 gbr  2 1 1 0 1 2 1 1 0 2 2 2 2 2 0 2 1 2 1 2 1 2 2 2 1 2 1 0 2 2 2 2 1 1 2 1 0 2 2 1 2 2 1 2 2 1 1 2 2 2 2 2 2 2 2 1 1 2 1 1 1 2 1 2 2 1 1 2 2 1 0 2 1 0 2 1 1 2 2 2 2 2 0 2
geno chr22.50547558 tsi  1 0 2 2 2 1 1 2 1 1 1 2 2 2 2 2 0 1 1 0 2 1 2 2 2 1 2 2 1 1 1 2 2 2 1 1 2 1 1 1 2 1 1 1 2 1 1 2 0 1 0 2 1 1 2 2 0 1 1 1 2 2 1 2 2 1 2 2 2 2 2 2 2 0 1 2 2 2 2 2 2 1 1 2 1 1 2 0 1 1 1 1
geno chr22.50547558 yri  0 2 0 1 0 0 0 1 0 1 1 1 1 1 1 0 1 0 1 1 1 1 0 2 1 2 1 1 0 2 1 1 0 0 1 1 0 1 0 1 0 0 1 2 0 1 0 0 0 1 1 1 1 2 0 2 1 2 0 1 1 1 0 0 1 0 2 1 1 1 1 0 0 0 0 1 0
geno chr22.50547712 ceu  0 0 1 0 1 1 0 0 1 0 0 1 1 0 0 0 0 1 0 0 0 0 1 1 0 1 0 1 1 0 0 0 0 0 1 1 0 0 0 0 0 1 0 0 0 2 2 0 1 2 1 1 1 1 1 0 0 1 1 0 0 0 0 0 0 0 0 0 1 0 0 1 0 1 2 0 0 0
geno chr22.50547712 fin  1 0 0 0 1 1 1 1 0 0 0 0 2 0 0 0 1 0 0 0 0 0 0 0 0 0 0 0 0 0 1 0 0 0 1 1 0 0 0 0 1 0 1 1 0 0 1 1 1 0 0 0 0 0 0 0 0 1 1 0 0 1 0 0 0 2 1 0 0 0 1 0 1 0 0 1 1 1 0 0 1 0 0 0 1 0 2 0 0
geno chr22.50547712 gbr  1 0 0 0 0 1 0 0 0 1 1 0 0 1 0 0 0 1 0 0 1 1 0 2 1 0 1 0 0 1 0 0 0 0 0 0 0 0 0 0 1 0 1 0 1 0 0 1 0 0 0 0 2 1 1 0 0 2 1 0 1 1 0 0 0 0 0 0 0 0 0 1 0 0 1 1 1 1 1 1 2 0 0 0
geno chr22.50547712 tsi  0 0 0 0 0 1 0 0 1 0 0 0 1 0 1 1 0 1 0 0 2 1 1 0 1 1 0 0 1 0 1 2 0 0 0 1 1 0 0 0 0 1 0 0 0 0 0 0 0 1 0 0 0 0 0 0 0 0 0 0 1 0 0 1 0 0 0 1 1 0 1 0 1 0 0 0 0 1 2 0 1 0 0 1 0 0 0 0 0 1 0 0
geno chr22.50547712 yri  0 0 0 0 0 0 0 0 0 1 1 0 0 0 0 0 1 0 0 0 0 0 0 1 0 1 0 0 0 0 0 1 0 0 0 0 0 0 0 0 0 0 1 0 0 0 0 0 0 0 0 1 0 1 0 1 0 0 0 0 1 0 0 0 1 0 0 1 0 0 0 0 0 0 0 0 0
geno chr22.50547864 ceu  0 0 1 0 1 1 1 1 1 0 0 1 1 0 0 0 0 1 0 0 0 0 1 1 2 1 0 1 1 0 0 0 0 0 2 1 0 0 0 0 0 1 0 0 0 2 2 0 1 2 1 1 1 1 1 0 0 1 1 0 0 1 0 0 0 0 0 0 2 0 0 1 0 1 2 0 0 0
geno chr22.50547864 fin  1 0 0 0 1 1 2 1 0 0 0 0 2 0 0 0 1 0 0 0 0 0 0 0 0 0 0 0 0 0 1 0 0 0 1 1 0 0 0 0 1 0 1 1 0 0 1 1 1 0 0 0 0 0 0 1 0 1 1 0 0 1 0 0 0 1 1 0 0 0 1 0 1 1 0 1 1 1 0 0 1 0 0 0 1 0 2 0 0
geno chr22.50547864 gbr  2 0 0 0 0 1 0 0 0 1 1 0 0 1 0 0 0 1 0 0 1 1 0 2 1 0 1 0 0 1 0 0 0 0 0 0 0 0 0 0 1 0 1 0 2 0 1 1 0 0 0 0 2 1 1 0 0 2 1 0 1 1 0 0 0 0 0 0 0 0 0 1 0 0 1 1 1 1 1 1 2 0 0 0
geno chr22.50547864 tsi  0 0 0 0 0 1 0 0 1 0 0 0 1 0 1 1 0 1 0 0 2 1 1 0 1 1 0 0 1 0 1 2 1 0 0 1 1 1 0 0 0 1 0 0 0 0 0 0 0 1 0 0 0 0 0 1 0 0 0 0 1 0 0 1 1 1 0 1 1 0 1 0 1 0 0 0 0 1 2 0 1 0 0 1 0 0 0 0 0 1 1 0
geno chr22.50547864 yri  0 0 0 0 0 0 0 0 0 1 1 0 0 0 0 0 1 0 0 0 0 0 0 1 0 1 0 0 0 0 0 1 0 0 0 0 0 0 0 0 0 0 1 0 0 0 0 0 0 0 0 1 0 1 0 1 0 0 0 0 1 0 0 0 1 0 0 1 0 0 0 0 0 0 0 0 0
geno chr22.50547921 ceu  0 0 1 0 1 1 1 1 1 0 0 1 1 0 0 0 0 1 0 0 0 0 1 1 2 1 0 1 1 0 0 0 0 0 2 1 0 0 0 0 0 1 0 0 0 2 2 0 1 2 1 1 1 1 1 0 0 1 1 0 0 1 0 0 0 0 0 0 2 0 0 1 0 1 2 0 0 0
geno chr22.50547921 fin  1 0 0 0 1 1 2 1 0 0 0 0 2 0 0 0 1 0 0 0 0 0 0 0 0 0 0 0 0 0 1 0 0 0 1 1 0 0 0 0 1 0 1 1 0 0 1 1 1 0 0 0 0 0 0 1 0 1 1 0 0 1 0 0 0 1 1 0 0 0 1 0 1 1 0 1 1 1 0 0 1 0 0 0 1 0 2 0 0
geno chr22.50547921 gbr  2 0 0 0 0 1 0 0 0 1 1 0 0 1 0 0 0 1 0 0 1 1 0 2 1 0 1 0 0 1 0 0 0 0 0 0 0 0 0 0 1 0 1 0 2 0 1 1 0 0 0 0 2 1 1 0 0 2 1 0 1 1 0 0 0 0 0 0 0 0 0 1 0 0 1 1 1 1 1 1 2 0 0 0
geno chr22.50547921 tsi  0 0 0 0 0 1 0 0 1 0 0 0 1 0 1 1 0 1 0 0 2 1 1 0 1 1 0 1 1 0 1 2 1 0 0 1 1 1 0 0 0 1 0 0 0 0 0 0 0 1 0 0 0 0 0 1 0 0 0 0 1 0 0 1 1 1 0 1 1 0 1 0 1 0 0 0 0 1 2 0 1 0 0 1 0 0 0 0 0 1 1 0
geno chr22.50547921 yri  0 0 0 0 0 0 0 0 0 1 1 0 0 0 0 0 1 0 0 0 0 0 0 1 0 1 0 0 0 0 0 1 0 0 0 0 0 0 0 0 0 0 1 0 0 0 0 0 0 0 0 1 0 1 0 1 0 0 0 0 1 0 0 0 1 0 0 1 0 0 0 0 0 0 0 0 0
geno chr22.50547985 ceu  0 0 1 0 1 1 1 1 1 0 0 1 1 0 0 0 0 1 0 0 0 0 1 1 2 1 0 1 1 0 0 0 0 0 2 1 0 0 0 0 0 1 0 0 0 2 2 0 1 2 1 1 1 1 1 0 0 1 1 0 0 1 0 0 0 0 0 0 2 0 0 1 0 1 2 0 0 0
geno chr22.50547985 fin  1 0 0 0 1 1 2 1 0 0 0 0 2 0 0 0 1 0 1 0 0 0 0 0 0 0 0 0 0 0 1 0 0 0 1 1 0 0 0 0 1 0 1 1 0 0 1 1 1 0 0 0 0 0 0 1 0 1 1 0 0 1 0 0 0 1 1 0 0 0 0 0 1 1 0 1 1 1 0 0 1 0 0 0 1 0 2 0 1
geno chr22.50547985 gbr  2 0 0 0 0 1 0 0 0 1 1 0 0 1 0 0 0 1 0 0 1 1 0 2 1 0 1 0 0 1 0 0 0 0 0 0 0 0 0 0 1 0 1 0 2 0 1 1 0 0 0 0 2 1 1 0 0 2 1 0 1 1 0 0 0 0 0 0 0 0 0 1 0 0 1 1 1 1 1 1 2 0 0 0
geno chr22.50547985 tsi  0 0 0 0 0 1 0 0 1 0 0 0 1 0 1 1 0 1 0 0 2 1 1 0 1 1 0 0 1 0 1 2 1 0 0 1 1 1 0 0 0 1 0 0 0 0 0 0 0 1 0 0 0 0 0 1 0 0 0 0 1 0 0 1 1 1 0 0 1 0 1 0 1 0 0 0 0 1 2 0 1 0 0 1 0 0 0 0 0 1 1 0
geno chr22.50547985 yri  0 0 0 0 0 0 0 0 0 1 1 0 0 0 0 0 1 0 0 0 0 0 0 1 0 1 0 0 0 0 0 1 0 0 0 0 0 0 0 0 0 0 1 0 0 0 0 0 0 0 0 1 0 1 0 1 0 0 0 0 1 0 0 0 1 0 0 1 0 0 0 0 0 0 0 0 0
geno chr22.50548214 ceu  0 0 1 0 1 1 1 1 1 0 0 1 1 0 0 0 0 1 0 0 0 0 1 1 2 1 0 1 1 0 0 0 0 0 2 1 0 0 0 0 0 1 0 0 0 2 2 0 1 2 1 1 1 1 1 0 0 1 1 0 0 1 0 0 0 0 0 0 2 0 0 1 0 1 2 0 0 0
geno chr22.50548214 fin  1 0 0 0 1 1 2 1 0 0 0 0 2 0 0 0 1 0 0 0 0 0 0 0 0 0 0 0 0 0 1 0 0 0 1 1 0 0 0 0 1 0 1 1 0 0 1 1 1 0 0 0 0 0 0 1 0 1 1 0 0 1 0 0 0 2 1 0 0 0 1 0 1 1 0 2 1 1 0 0 2 0 0 0 1 0 2 0 0
geno chr22.50548214 gbr  2 0 0 0 0 1 0 0 0 1 1 0 0 2 0 0 0 1 0 0 1 1 0 2 1 0 1 0 0 1 0 0 0 0 0 0 0 0 0 0 1 0 1 0 2 0 1 1 0 0 0 0 2 1 1 0 0 2 1 0 1 1 0 0 0 0 0 0 0 0 0 1 0 0 1 1 1 1 1 1 2 0 0 0
geno chr22.50548214 tsi  0 0 0 0 0 1 0 0 1 0 0 0 1 0 1 1 0 1 0 0 2 1 1 0 1 1 0 0 1 0 1 2 1 0 0 1 1 1 0 0 0 1 0 0 0 0 0 0 0 1 0 0 0 0 0 1 0 0 0 0 1 0 0 1 1 1 0 1 1 0 1 0 1 0 0 0 0 1 2 0 1 0 0 1 0 0 0 0 0 1 1 0
geno chr22.50548214 yri  0 0 0 0 0 0 0 0 0 1 1 0 0 0 0 0 1 0 0 0 0 0 0 1 0 1 0 0 0 0 0 1 0 0 0 0 0 0 0 0 0 0 1 0 0 0 0 0 0 0 0 1 0 1 0 1 0 0 0 0 1 0 0 0 1 0 0 1 0 0 0 0 0 0 0 0 0
geno chr22.50548270 ceu  0 0 0 0 0 0 1 1 0 0 0 0 1 0 0 0 0 0 0 0 0 0 0 1 2 0 0 1 1 0 0 0 0 0 1 0 0 0 0 0 0 1 0 0 0 2 0 0 0 1 0 0 0 0 1 0 0 1 0 0 0 1 0 0 0 0 0 0 1 0 0 0 0 0 0 0 0 0
geno chr22.50548270 fin  1 0 0 0 0 1 1 0 0 0 0 0 0 0 0 0 0 0 0 0 0 0 0 0 0 0 0 0 0 0 1 0 0 0 1 0 0 0 0 0 0 0 0 1 0 0 1 0 1 0 0 0 0 0 0 1 0 0 0 0 0 1 0 0 0 0 1 0 0 0 0 0 1 1 0 1 0 0 0 0 1 0 0 0 0 0 1 0 0
geno chr22.50548270 gbr  1 0 0 0 0 0 0 0 0 0 1 0 0 0 0 1 1 0 0 0 1 0 0 0 0 0 0 0 0 0 0 0 0 0 0 0 0 0 0 0 1 0 0 0 1 0 1 0 0 0 0 0 1 0 0 0 0 1 1 0 1 1 0 0 0 0 0 0 0 0 0 1 0 0 0 1 1 1 1 1 1 0 0 0
geno chr22.50548270 tsi  0 0 0 0 0 0 0 0 0 0 0 0 0 0 0 1 0 0 0 0 0 0 0 0 0 0 0 0 0 0 0 0 1 0 0 0 1 1 0 0 0 0 0 0 0 0 0 0 0 0 0 0 0 0 0 1 0 0 0 0 1 0 0 0 1 1 0 1 1 0 0 0 0 0 0 0 0 0 0 0 0 0 0 0 0 0 0 0 0 0 1 0
geno chr22.50548270 yri  0 0 0 0 0 0 0 0 0 0 0 0 0 0 0 0 0 0 0 0 0 0 0 0 0 0 0 0 0 0 0 0 0 0 0 0 0 0 0 0 0 0 0 0 0 0 0 0 0 0 0 1 0 0 0 0 0 0 0 0 0 0 0 0 0 0 0 1 0 0 0 0 0 0 0 0 0
geno chr22.50548277 ceu  0 0 1 0 1 1 1 1 1 0 0 1 1 0 0 0 0 1 0 0 0 0 1 1 2 1 0 1 1 0 0 0 0 0 2 1 0 0 0 0 0 1 0 0 0 2 2 0 1 2 1 1 1 1 1 0 0 1 1 0 0 1 0 0 0 0 0 0 2 0 0 1 0 1 2 0 0 0
geno chr22.50548277 fin  1 0 0 0 1 1 2 1 0 0 0 0 2 0 0 0 1 0 0 0 0 0 0 0 0 0 0 0 0 0 1 0 0 0 1 1 0 0 0 0 1 0 1 1 0 0 1 1 1 0 0 0 0 0 0 1 0 1 1 0 0 1 0 0 0 2 1 0 0 0 1 0 1 1 0 2 1 1 0 0 1 0 0 0 1 0 2 0 0
geno chr22.50548277 gbr  2 0 0 0 0 1 0 0 0 1 1 0 0 1 0 0 0 1 0 0 1 1 0 2 1 0 1 0 0 1 0 0 0 0 0 0 0 0 0 0 1 0 1 0 2 0 1 1 0 0 0 0 2 1 1 0 0 2 1 0 1 1 0 0 0 0 0 0 0 0 0 1 0 0 1 1 1 1 1 1 2 0 0 0
geno chr22.50548277 tsi  0 0 0 0 0 1 0 0 1 0 0 0 1 0 1 1 0 1 0 0 2 1 1 0 1 1 0 0 1 0 1 2 1 0 0 1 1 1 0 0 0 1 0 0 0 0 0 0 0 1 0 0 0 0 0 1 0 0 0 0 1 0 0 1 1 1 0 1 1 0 1 0 1 0 0 0 0 1 2 0 1 0 0 1 0 0 0 0 0 1 1 0
geno chr22.50548277 yri  0 0 0 0 0 0 0 0 0 1 1 0 0 0 0 0 1 0 0 0 0 0 0 1 0 1 0 0 0 0 0 1 0 0 0 0 0 0 0 1 0 0 1 0 0 0 0 0 1 0 0 1 0 1 0 1 0 0 0 0 1 0 0 0 1 0 0 1 0 0 0 0 0 0 0 0 0
geno chr22.50548317 ceu  0 0 1 0 1 1 1 1 1 0 0 1 1 0 0 0 0 1 0 0 0 0 1 1 2 1 0 1 1 0 0 0 0 0 2 1 0 0 0 0 0 1 0 0 0 2 2 0 1 2 1 1 1 1 1 0 0 1 1 0 0 1 0 0 0 0 0 0 2 0 0 1 0 1 2 0 0 0
geno chr22.50548317 fin  1 0 0 0 1 1 2 1 0 0 0 0 2 0 0 0 1 0 0 0 0 0 0 0 0 0 0 0 0 0 1 0 0 0 1 1 0 0 0 0 1 0 1 1 0 0 1 1 1 0 0 0 0 0 0 1 0 1 1 0 0 1 0 0 0 2 1 0 0 0 1 0 1 1 0 2 1 1 0 0 1 0 0 0 1 0 2 0 0
geno chr22.50548317 gbr  2 0 0 0 0 1 0 0 0 1 1 0 0 1 0 0 0 1 0 0 1 1 0 2 1 0 1 0 0 1 0 0 0 0 0 0 0 0 0 0 1 0 1 0 2 0 1 1 0 0 0 0 2 1 1 0 0 2 1 0 1 1 0 0 0 0 0 0 0 0 0 1 0 0 1 1 1 1 1 1 2 0 0 0
geno chr22.50548317 tsi  0 0 0 0 0 1 0 0 1 0 0 0 1 0 1 1 0 1 0 0 2 1 1 0 1 1 0 0 1 0 1 2 1 0 0 1 1 1 0 0 0 1 0 0 0 0 0 0 0 1 0 0 0 0 0 1 0 0 0 0 1 0 0 1 1 1 0 1 1 0 1 0 1 0 0 0 0 1 2 0 1 0 0 1 0 0 0 0 0 1 1 0
geno chr22.50548317 yri  0 0 0 0 0 0 0 0 0 1 1 0 0 0 0 0 1 0 0 0 0 0 0 1 0 1 0 0 0 0 0 1 0 0 0 0 0 0 0 0 0 0 1 0 0 0 0 0 0 0 0 1 0 1 0 1 0 0 0 0 1 0 0 0 1 0 0 1 0 0 0 0 0 0 0 0 0
geno chr22.50548371 ceu  0 0 0 1 0 0 0 0 0 0 0 1 1 0 0 0 0 0 0 1 0 1 0 0 0 0 0 0 0 0 1 0 0 0 0 0 0 0 1 0 0 0 0 0 0 0 0 0 0 0 0 0 0 0 0 0 0 0 0 0 1 0 0 0 0 0 0 0 0 0 0 1 0 0 0 0 0 0
geno chr22.50548371 fin  0 0 0 1 0 0 0 0 0 0 0 0 0 0 0 0 1 0 1 1 0 1 0 0 0 0 0 0 0 0 0 0 0 0 0 0 0 0 1 0 0 0 0 0 0 1 0 0 0 0 0 0 0 0 0 0 0 0 0 0 0 0 1 0 0 0 0 0 0 0 0 0 0 0 0 0 0 0 1 1 0 0 0 1 0 1 0 0 0
geno chr22.50548371 gbr  0 0 0 0 0 0 0 0 0 0 0 0 0 0 0 0 0 0 0 1 0 0 0 0 0 0 0 0 0 0 1 0 1 0 0 0 0 0 0 0 0 0 0 0 0 0 0 0 0 0 0 0 0 0 0 0 0 0 0 0 0 0 0 0 0 0 0 0 0 0 0 0 0 0 1 0 0 0 0 0 0 0 0 0
geno chr22.50548371 tsi  0 0 1 0 0 0 0 0 0 0 0 0 0 1 0 0 0 0 0 0 0 0 0 0 1 0 0 0 0 0 0 0 0 0 1 0 0 0 0 0 0 0 0 0 0 0 0 0 0 0 0 0 0 0 0 0 0 0 0 0 0 0 1 0 0 0 0 0 0 0 0 0 0 0 0 0 1 0 0 0 0 0 0 0 0 0 0 0 0 0 0 0
geno chr22.50548371 yri  0 0 0 0 0 0 0 0 0 0 0 0 0 0 0 0 0 0 0 0 0 0 0 0 0 0 0 0 0 0 0 0 0 0 0 0 0 0 0 0 0 0 0 0 0 0 0 0 0 0 0 0 0 0 0 0 0 0 0 0 0 0 0 0 0 0 0 0 0 0 0 0 0 0 0 0 0
geno chr22.50548626 ceu  0 0 1 0 1 1 1 1 1 0 0 0 0 0 0 0 0 1 0 0 0 0 1 1 2 0 0 1 1 0 0 0 0 0 1 1 0 0 0 0 0 0 0 0 0 2 1 0 1 2 1 1 1 1 0 0 0 1 1 0 0 0 0 0 0 0 0 0 1 0 0 1 0 1 1 0 0 0
geno chr22.50548626 fin  1 0 0 0 1 1 1 1 0 0 0 0 2 0 0 0 0 0 0 0 0 0 0 0 0 0 0 0 0 0 0 0 0 0 1 1 0 0 0 0 1 0 1 1 0 0 1 1 1 0 0 0 0 0 0 1 0 1 1 0 0 1 0 0 0 0 0 0 0 0 1 0 0 1 0 1 0 1 0 0 0 0 0 0 1 0 1 0 0
geno chr22.50548626 gbr  0 0 0 0 0 0 0 0 0 1 1 0 0 1 0 0 0 1 0 0 1 1 0 2 1 0 1 0 0 0 0 0 0 0 0 0 0 0 0 0 1 0 0 0 2 0 1 0 0 0 0 0 1 1 1 0 0 2 1 0 1 1 0 0 0 0 0 0 0 0 0 1 0 0 1 1 1 1 1 1 1 0 0 0
geno chr22.50548626 tsi  0 0 0 0 0 0 0 0 1 0 0 0 0 0 1 1 0 1 0 0 1 0 0 0 0 1 0 0 0 0 1 1 1 0 0 1 1 1 0 0 0 1 0 0 0 0 0 0 0 1 0 0 1 0 0 1 0 0 0 0 1 0 0 1 1 1 0 1 1 0 1 0 1 0 0 0 0 1 2 0 1 0 0 1 0 0 0 0 0 1 1 0
geno chr22.50548626 yri  0 0 0 0 0 0 0 0 0 1 1 0 0 0 0 0 1 0 0 0 0 0 0 1 0 1 0 0 0 0 0 0 0 0 0 0 0 0 1 0 0 0 1 0 0 0 0 0 0 0 0 1 0 1 0 1 0 0 0 0 1 0 0 0 1 0 0 1 0 0 0 0 0 0 0 0 0
