pheno ENSG00000171115 ceu -0.2993599 -0.08552704 -2.326209 -2.22291 -0.502435 0.1569316 -0.4086418 -0.9173781 0.1623842 0.7385824 -1.588947 -0.2259204 -0.7285939 -1.094695 -1.202175 -0.3633677 -0.9569094 -1.400002 -1.543054 -1.327002 -0.217948 -0.9024926 0.1997895 -1.038462 0.01336966 -0.8186935 -2.135876 -1.827407 -0.3415069 -0.3355761 0.009624554 -0.7765782 -0.7199743 -0.101401 -1.105645 0.6343286 0.4182336 -0.07621993 1.148652 -0.7483938 -1.940299 -2.517861 -1.74814 0.1490172 0.898188 0.9025698 -2.355045 -1.747774 -0.8410813 -1.076244 -0.8714993 -0.2782088 -1.019726 0.05408289 -1.272875 -1.359569 -1.308729 -0.3694712 -1.501549 1.407607 -0.5672141 -0.9262032 1.002165 0.6520304 -0.5213492 -0.1100799 1.496685 0.4573023 -1.905145 -0.2738435 -0.2330193 -1.059019 -1.062731 -1.000091 -0.2711646 -1.206313 0.1299274 -1.675934
pheno ENSG00000171115 fin -0.1552766 0.2951059 0.7587511 -0.2924667 -0.2448453 0.2746819 -1.572874 0.3499063 1.071009 -0.1118029 1.777675 1.935185 0.9657483 0.7349478 1.116649 2.255315 -0.8880565 -0.2863729 1.904405 -2.043927 0.6970775 1.187945 0.2357038 2.957535 0.8238062 1.401042 0.9298997 2.14422 1.873218 0.4723581 1.095453 0.3225262 1.151912 0.6025598 0.5736072 2.144584 0.4906342 -0.1263699 0.3424698 1.283954 0.7240926 2.117111 1.561313 1.378898 1.520821 0.6896864 -0.221747 -0.2262247 0.9003874 0.9808031 0.1886621 2.423729 -0.4217233 0.2552533 0.4664067 2.79122 1.216252 2.038894 -0.6644738 0.9240252 0.2041294 0.1690186 1.56327 0.04686325 1.430511 1.049708 -0.07238957 0.2369038 -0.6483728 -0.2307645 1.453721 2.068795 2.05655 0.5188395 0.6315741 -0.242909 0.6432846 -1.03308 2.483956 1.859572 0.08416588 -0.08435069 0.8332211 -0.09889884 -1.07283 0.1037382 1.652215 0.5392628 1.930479
pheno ENSG00000171115 gbr -1.799621 -1.566847 -0.3637057 -0.8581462 -1.283988 -0.8010113 -1.395283 0.0540239 -1.411841 -2.435409 -1.306326 -1.762983 -1.654821 -2.571924 -0.6974161 -1.019205 -1.633496 0.2101288 -0.2212869 -1.937016 -2.11488 -0.9711748 -3.372422 -1.005561 -2.226422 -1.763467 -1.844692 0.1423785 -0.4340393 -2.468821 -1.125692 -0.7740403 -3.474061 -2.798208 -1.28638 0.8090355 0.1232923 -1.132098 -0.7857105 -1.438091 -1.309518 0.9831438 -0.728606 -1.238646 -2.410249 -1.002633 0.4081162 -0.7196378 -1.438697 -1.909033 0.5125976 0.3313254 -0.4470157 -1.839913 -1.612332 -0.3750295 -1.852697 -2.210038 0.6683081 0.3091694 0.1570853 -2.541879 -0.8406892 0.05513175 -1.633186 -1.153381 -1.41446 -0.05246512 -1.010589 -0.4838866 -0.7105641 -1.849276 -1.807573 -0.5502757 0.1689247 -1.474894 -2.229054 -0.4170056 -1.00671 -0.5035197 -2.063326 -2.287364 -1.283682 -0.3854208
pheno ENSG00000171115 tsi 2.578355 2.341794 0.5782992 -0.7939058 0.1789938 -0.5079716 -0.6130038 1.392831 1.849999 -0.138238 2.632355 1.086385 1.490946 0.8523075 0.04604182 0.9240032 1.721176 0.3022615 0.2841237 1.350168 2.314257 1.705241 0.4159601 0.4347859 1.285608 -0.0290967 1.938077 1.831616 0.4873247 0.3437355 0.01585131 2.068016 0.708177 0.8690715 3.337782 0.1736471 0.5812135 1.841576 0.8173726 0.4772036 1.923795 1.72084 2.845659 -0.02756249 1.912577 2.712217 0.5642205 -0.210028 0.9264831 -0.840578 1.21504 1.457972 -0.8019509 1.880902 0.6452267 0.08968659 -1.66011 0.4598451 2.143014 0.42325 2.359429 1.671051 -0.3121796 2.382888 0.3551177 0.1943917 -0.43392 1.651779 1.031692 0.6942419 -0.1696622 -0.1324802 3.453713 0.008076546 1.497499 1.402548 0.5776834 0.2216444 0.8196338 -0.3711348 0.7342409 -0.5507839 1.270107 1.013369 1.115695 2.174997 1.362503 -0.6063114 0.1542475 -0.5769422 1.892619 0.3375531
pheno ENSG00000171115 yri 0.574513 -0.8045128 -0.04035002 0.6604884 -0.7917357 0.4503385 0.07454416 1.075639 0.1719452 -1.648975 -0.5058956 0.9736145 -0.06970864 -1.444761 -0.4827508 -0.6942371 0.1293487 -0.3288416 -2.420059 -0.3203564 -0.2690083 -0.1559473 1.267674 0.8245121 -0.4920769 0.05877875 0.4633442 -1.22694 -0.6389435 0.7577834 -0.1694873 -2.191736 0.5479599 -1.458477 0.4404317 -0.3396178 0.4382451 1.490864 0.1180538 0.8029185 0.1043583 -0.755652 0.7434054 -0.2958657 -0.1806606 -0.02729337 -0.5502228 -0.335009 0.0750893 -0.4944308 -1.704092 0.2648851 1.093542 0.5371796 -0.2101428 -0.5660355 -0.09969932 0.751799 0.01957988 -1.742041 0.2390516 0.8457463 -0.8837063 0.04323025 -1.094336 -0.4437984 -0.7172878 -1.548319 -1.581856 -1.011675 0.3516929 -0.5679074 -1.714126 -0.8392428 0.3534145 1.724934 0.1305666
geno chr7.150047834 ceu  0 0 0 0 1 0 0 0 0 1 1 0 0 0 0 1 0 1 1 0 0 0 0 0 0 0 1 0 0 0 0 0 0 0 0 0 1 0 0 0 0 0 0 0 0 0 0 1 1 0 0 0 0 0 0 0 0 0 0 0 0 0 0 0 0 0 0 0 1 1 0 0 0 0 0 0 0 0
geno chr7.150047834 fin  0 0 0 0 1 1 0 0 0 0 0 1 0 0 0 1 0 0 0 0 0 1 0 0 0 0 0 0 0 1 2 0 0 0 0 0 0 1 0 0 1 0 0 0 0 0 1 0 0 0 0 0 0 1 0 0 0 0 1 0 2 0 0 0 0 0 0 0 1 1 0 1 0 0 0 0 0 0 1 0 0 0 1 0 0 2 0 1 1
geno chr7.150047834 gbr  0 0 0 0 0 1 0 0 0 0 0 0 0 0 0 0 0 0 0 0 0 0 0 0 0 0 1 1 0 0 0 1 0 0 0 0 0 0 0 0 0 0 0 0 0 0 0 0 0 0 0 0 0 0 0 0 0 0 0 0 0 0 1 0 0 0 0 0 0 0 0 0 0 0 1 0 0 0 1 0 0 0 0 0
geno chr7.150047834 tsi  1 1 0 1 0 1 0 1 1 0 0 1 0 1 0 0 0 0 0 0 0 1 1 0 0 0 0 0 0 0 0 0 0 0 0 1 0 0 0 0 0 0 2 0 1 0 0 0 0 0 1 0 0 0 0 1 1 0 0 0 0 0 0 0 0 0 1 0 0 0 0 0 0 1 0 0 0 0 1 0 0 0 0 0 0 0 0 0 0 0 0 0
geno chr7.150047834 yri  1 0 0 0 0 0 0 0 0 0 0 0 1 0 0 0 0 0 0 0 0 0 0 0 1 0 0 1 0 0 0 0 1 0 0 0 0 0 0 0 0 1 0 0 1 1 0 0 0 1 0 1 0 0 1 0 0 0 1 0 0 0 0 1 0 0 0 0 1 0 0 1 1 1 1 0 1
geno chr7.150047990 ceu  0 0 0 0 0 0 0 0 0 0 0 0 0 0 0 0 0 0 0 0 0 0 0 0 0 0 0 0 0 0 0 0 1 1 0 0 0 0 0 0 0 0 0 0 1 0 0 0 0 0 0 0 0 0 0 0 0 0 0 0 0 0 0 0 0 1 0 1 1 0 0 0 0 0 0 0 0 0
geno chr7.150047990 fin  0 0 0 0 0 1 0 0 1 0 0 0 0 0 1 0 0 0 0 0 0 0 0 0 0 0 0 0 0 0 0 0 0 0 0 0 1 0 0 0 0 0 0 0 0 0 0 0 0 0 0 0 0 0 0 0 0 0 0 0 0 0 0 0 0 0 1 0 0 0 1 0 0 0 0 0 0 0 0 0 0 0 0 0 0 0 0 0 0
geno chr7.150047990 gbr  0 0 0 0 0 0 1 0 0 0 0 0 0 0 0 1 0 0 0 0 0 0 0 0 1 0 0 0 1 0 0 0 0 0 0 1 0 0 0 0 0 0 0 1 0 0 0 0 0 0 0 0 0 0 0 0 0 0 0 0 0 0 0 0 0 1 0 0 0 0 0 0 0 0 0 0 0 0 0 0 0 0 0 0
geno chr7.150047990 tsi  0 0 1 0 0 0 0 1 0 0 0 0 0 0 1 1 0 0 0 0 0 0 0 0 0 0 0 0 1 0 0 0 0 0 0 0 0 0 1 0 0 0 0 0 0 0 1 0 0 0 1 0 0 0 0 1 0 0 0 0 0 0 0 1 0 1 0 1 0 0 0 0 0 0 1 0 0 1 0 0 0 0 1 0 1 0 0 0 0 1 0 1
geno chr7.150047990 yri  0 1 0 0 0 0 0 0 0 0 0 1 0 0 0 1 0 0 0 0 0 0 0 0 0 0 0 0 1 1 0 0 0 0 0 0 1 0 0 0 0 0 0 0 0 1 1 0 0 0 1 0 0 0 0 0 0 0 0 0 0 0 0 0 0 0 1 0 0 0 0 0 0 0 0 0 0
geno chr7.150048118 ceu  0 0 0 0 1 0 0 0 0 1 1 0 0 0 0 1 0 1 1 0 0 0 0 0 0 0 1 0 0 0 0 0 0 0 0 0 1 0 0 0 0 0 0 0 0 0 0 1 1 0 0 0 0 0 0 0 0 0 0 0 0 0 0 0 0 0 0 0 1 1 0 0 0 0 0 0 0 0
geno chr7.150048118 fin  0 0 0 0 1 1 0 0 0 0 0 1 0 0 0 1 0 0 0 0 0 1 0 0 0 0 0 0 0 1 2 0 0 0 0 0 0 1 0 0 1 0 0 0 0 0 1 0 0 0 0 0 0 1 0 0 0 0 1 0 2 0 0 0 0 0 0 0 1 1 0 1 0 0 0 0 0 0 1 0 0 0 1 0 0 2 0 1 1
geno chr7.150048118 gbr  0 0 0 0 0 1 0 0 0 0 0 0 0 0 0 0 0 0 0 0 0 0 0 0 0 0 1 1 0 0 0 1 0 0 0 0 0 0 0 0 0 0 0 0 0 0 0 0 0 0 0 0 0 0 0 0 0 0 0 0 0 0 1 0 0 0 0 0 0 0 0 0 0 0 1 0 0 0 1 0 0 0 0 0
geno chr7.150048118 tsi  1 1 0 1 0 1 0 1 1 0 0 1 0 1 0 0 0 0 0 0 0 1 1 0 0 0 0 0 0 0 0 0 0 0 0 1 0 0 0 0 0 0 2 0 1 0 0 0 0 0 1 0 0 0 0 1 1 0 0 0 0 0 0 0 0 0 1 0 0 0 0 0 0 1 0 0 0 0 1 0 0 0 0 0 0 0 0 0 0 0 0 0
geno chr7.150048118 yri  1 0 0 0 0 0 0 0 0 0 0 0 1 0 0 0 0 0 0 0 0 0 0 0 1 0 0 1 0 0 0 0 1 0 0 0 0 0 0 0 0 1 0 0 1 1 0 0 0 1 0 1 0 0 1 0 0 0 1 0 0 0 0 1 0 0 0 0 1 0 0 1 1 1 1 0 1
geno chr7.150048764 ceu  0 0 0 0 1 0 0 0 0 1 1 0 0 0 0 1 0 1 1 0 0 0 0 0 0 0 1 0 0 0 0 0 0 0 0 0 1 0 0 0 0 0 0 0 0 0 0 1 1 0 0 0 0 0 0 0 0 0 0 0 0 0 0 0 0 0 0 0 1 1 0 0 0 0 0 0 0 0
geno chr7.150048764 fin  0 0 0 0 1 1 0 0 0 0 0 1 0 0 0 1 0 0 0 0 0 1 0 0 0 0 0 0 0 1 2 0 0 0 0 0 0 1 0 0 1 0 0 0 0 0 1 0 0 0 0 0 0 1 0 0 0 0 1 0 2 0 0 0 0 0 0 0 1 1 0 1 0 0 0 0 0 0 1 0 0 0 1 0 0 2 0 1 1
geno chr7.150048764 gbr  0 0 0 0 0 1 0 0 0 0 0 0 0 0 0 0 0 0 0 0 0 0 0 0 0 0 1 1 0 0 0 1 0 0 0 0 0 0 0 0 0 0 0 0 0 0 0 0 0 0 0 0 0 0 0 0 0 0 0 0 0 0 1 0 0 0 0 0 0 0 0 0 0 0 1 0 0 0 1 0 0 0 0 0
geno chr7.150048764 tsi  1 1 0 1 0 1 0 1 1 0 0 1 0 1 0 0 0 0 0 0 0 1 1 0 0 0 0 0 0 0 0 0 0 0 0 1 0 0 0 0 0 0 2 0 1 0 0 0 0 0 1 0 0 0 0 1 1 0 0 0 0 0 0 0 0 0 1 0 0 0 0 0 0 1 0 0 0 0 1 0 0 0 0 0 0 0 0 0 0 0 0 0
geno chr7.150048764 yri  1 0 0 0 0 0 0 0 0 0 0 0 1 0 0 0 0 0 0 0 0 0 0 0 1 0 0 1 0 0 0 0 1 0 0 0 0 0 0 0 0 1 0 0 1 1 0 0 0 1 0 1 0 0 1 0 0 0 1 0 0 0 0 1 0 0 0 0 1 0 0 1 1 1 1 0 1
geno chr7.150049237 ceu  0 0 0 0 1 0 0 0 0 1 0 0 0 0 0 1 0 0 0 0 0 0 0 0 0 0 0 0 0 0 0 0 0 0 0 0 1 0 0 0 0 0 0 0 0 0 0 1 0 0 0 0 0 0 0 0 0 0 0 0 0 0 0 0 0 0 0 0 0 1 0 0 0 0 0 0 0 0
geno chr7.150049237 fin  0 0 0 0 1 1 0 0 0 0 0 1 0 0 0 0 0 0 1 0 0 0 0 0 0 0 0 0 0 1 0 0 0 0 0 0 0 0 0 0 1 0 0 0 0 0 1 0 0 0 0 0 0 1 0 0 0 0 1 0 2 0 0 0 0 0 0 0 1 1 0 1 0 0 0 0 0 0 1 0 0 0 1 0 0 2 0 1 1
geno chr7.150049237 gbr  0 0 0 0 0 0 0 0 0 0 0 0 0 0 0 0 0 0 0 0 0 0 0 0 0 0 1 1 0 0 0 1 0 0 0 0 0 0 0 0 0 0 0 0 0 0 0 0 0 0 0 0 0 0 0 0 0 0 0 0 0 0 1 0 0 0 0 0 0 0 0 0 0 0 1 0 0 0 0 0 0 0 0 0
geno chr7.150049237 tsi  1 0 0 1 0 1 0 1 0 0 0 1 0 1 0 0 0 0 0 0 0 1 1 0 0 0 0 0 0 0 0 0 0 0 0 0 0 0 0 0 0 0 2 0 0 0 0 0 0 0 1 0 0 0 0 0 1 0 0 0 0 0 0 0 0 0 0 0 0 0 0 0 0 1 0 0 0 0 1 0 0 0 0 0 0 0 0 1 0 0 0 0
geno chr7.150049237 yri  1 0 0 0 0 0 0 0 0 0 0 0 1 0 0 0 0 0 0 0 0 0 0 0 1 0 0 1 0 0 0 0 1 0 0 0 0 0 0 0 0 1 0 0 1 1 0 0 0 1 0 1 0 0 1 0 0 0 1 0 0 0 0 1 0 0 0 0 1 0 0 1 1 1 1 0 1
geno chr7.150049524 ceu  0 0 0 0 1 0 0 0 0 1 0 0 0 0 0 1 0 0 0 0 0 0 0 0 0 0 0 0 0 0 0 0 0 0 0 0 1 0 0 0 0 0 0 0 0 0 0 1 0 0 0 0 0 0 0 0 0 0 0 0 0 0 0 0 0 0 0 0 0 1 0 0 0 0 0 0 0 0
geno chr7.150049524 fin  0 0 0 0 1 1 0 1 0 0 0 2 0 0 0 0 0 0 1 0 0 0 0 0 0 0 0 0 0 1 0 0 0 0 0 0 0 0 0 0 1 0 0 0 0 0 1 0 0 0 0 1 0 1 0 0 0 0 1 0 2 0 0 0 0 0 0 0 1 1 0 1 0 0 0 0 0 0 1 0 0 0 1 1 0 2 1 1 1
geno chr7.150049524 gbr  0 0 0 0 0 0 0 0 0 0 0 0 0 0 0 0 0 0 0 0 0 0 0 0 0 0 1 1 0 0 0 1 0 0 0 0 0 0 0 0 0 0 0 0 0 0 0 0 0 0 0 0 0 0 0 0 0 0 0 0 0 1 1 0 0 0 0 0 0 1 0 0 0 0 1 0 0 0 0 0 0 0 0 0
geno chr7.150049524 tsi  2 0 1 1 1 1 0 1 0 0 0 1 0 1 0 0 0 0 0 0 0 1 1 0 0 0 0 0 0 0 0 0 0 0 0 0 0 0 0 0 0 0 2 0 0 0 0 0 0 0 1 0 0 0 0 0 1 0 0 0 0 0 0 0 0 0 0 0 0 0 0 0 0 1 0 0 0 0 1 0 0 0 0 0 0 0 0 1 0 0 0 0
geno chr7.150049524 yri  1 0 0 0 0 0 0 0 0 0 0 0 1 0 0 0 0 0 0 0 0 0 0 0 1 0 0 1 0 0 0 0 1 0 0 0 0 0 0 1 0 1 1 0 1 1 0 0 0 1 0 1 0 0 1 0 0 0 1 0 0 0 0 1 0 0 0 0 1 0 0 1 1 1 1 0 1
geno chr7.150049534 ceu  0 0 0 0 1 0 0 0 0 1 0 0 0 0 0 1 0 0 0 0 0 0 0 0 0 0 0 0 0 0 0 0 0 0 0 0 1 0 0 0 0 0 0 0 0 0 0 1 0 0 0 0 0 0 0 0 0 0 0 0 0 0 0 0 0 0 0 0 0 1 0 0 0 0 0 0 0 0
geno chr7.150049534 fin  0 0 0 0 1 1 0 1 0 0 0 2 0 0 0 0 0 0 1 0 0 0 0 0 0 0 0 0 0 1 0 0 0 0 0 0 0 0 0 0 1 0 0 0 0 0 1 0 0 0 0 1 0 1 0 0 0 0 1 0 2 0 0 0 0 0 0 0 1 1 0 1 0 0 0 0 0 0 1 0 0 0 1 1 0 2 1 1 1
geno chr7.150049534 gbr  0 0 0 0 0 0 0 0 0 0 0 0 0 0 0 0 0 0 0 0 0 0 0 0 0 0 1 1 0 0 0 1 0 0 0 0 0 0 0 0 0 0 0 0 0 0 0 0 0 0 0 0 0 0 0 0 0 0 0 0 0 1 1 0 0 0 0 0 0 1 0 0 0 0 1 0 0 0 0 0 0 0 0 0
geno chr7.150049534 tsi  2 0 1 1 1 1 0 1 0 0 0 1 0 1 0 0 0 0 0 0 0 1 1 0 0 0 0 0 0 0 0 0 0 0 0 0 0 0 0 0 0 0 2 0 0 0 0 0 0 0 1 0 0 0 0 0 1 0 0 0 0 0 0 0 0 0 0 0 0 0 0 0 0 1 0 0 0 0 1 0 0 0 0 0 0 0 0 1 0 0 0 0
geno chr7.150049534 yri  1 0 0 0 0 0 0 0 0 0 0 0 1 0 0 0 0 0 0 0 0 0 0 0 1 0 0 1 0 0 0 0 1 0 0 0 0 0 0 0 0 1 0 0 1 1 0 0 0 1 0 1 0 0 1 0 0 0 1 0 0 0 0 1 0 0 0 0 1 0 0 1 1 1 1 0 1
geno chr7.150049636 ceu  0 0 0 0 1 0 0 0 0 1 0 0 0 0 0 0 0 0 0 0 0 0 0 0 0 0 0 0 0 0 0 0 0 0 0 0 0 0 0 0 0 0 0 0 0 0 0 0 0 0 0 0 0 0 0 0 0 0 0 0 0 0 0 0 0 0 0 0 0 1 0 0 0 0 0 0 0 0
geno chr7.150049636 fin  0 0 0 0 1 1 0 1 0 0 0 1 0 0 0 0 0 0 1 0 0 0 0 0 0 0 0 0 0 1 0 0 0 0 0 0 0 0 0 0 1 0 0 0 0 0 1 0 0 0 0 1 0 0 0 0 0 0 0 0 1 0 0 0 0 0 0 0 0 1 0 0 0 0 0 0 0 0 1 0 0 0 1 1 0 1 1 0 1
geno chr7.150049636 gbr  0 0 0 0 0 0 0 0 0 0 0 0 0 0 0 0 0 0 0 0 0 0 0 0 0 0 1 0 0 0 0 1 0 0 0 0 0 0 0 0 0 0 0 0 0 0 0 0 0 0 0 0 0 0 0 0 0 0 0 0 0 1 1 0 0 0 0 0 0 1 0 0 0 0 0 0 0 0 0 0 0 0 0 0
geno chr7.150049636 tsi  1 0 1 0 1 1 0 1 0 0 0 1 0 0 0 0 0 0 0 0 0 1 1 0 0 0 0 0 0 0 0 0 0 0 0 0 0 0 0 0 0 0 1 0 0 0 0 0 0 0 0 0 0 0 0 0 0 0 0 0 0 0 0 0 0 0 0 0 0 0 0 0 0 1 0 0 0 0 0 0 0 0 0 0 0 0 0 1 0 0 0 0
geno chr7.150049636 yri  1 0 0 0 0 0 0 0 0 0 0 0 1 0 0 0 0 0 0 0 0 0 0 0 1 0 0 1 0 0 0 0 1 0 0 0 0 0 0 0 0 1 0 0 1 1 0 0 0 1 0 1 0 0 1 0 0 0 1 0 0 0 0 1 0 0 0 0 1 0 0 1 1 1 1 0 1
geno chr7.150049806 ceu  0 0 0 0 1 0 0 0 0 1 0 0 0 0 0 0 0 0 0 0 0 0 0 0 0 0 0 0 0 0 0 0 0 0 0 0 0 0 0 0 0 0 0 0 0 0 0 0 0 0 0 0 0 0 0 0 0 0 0 0 0 0 0 0 0 0 0 0 0 1 0 0 0 0 0 0 0 0
geno chr7.150049806 fin  0 0 0 0 1 2 0 1 0 0 0 1 0 0 1 0 0 0 1 0 0 0 0 0 0 0 0 0 0 1 0 0 0 0 0 0 0 0 0 0 1 0 0 0 0 0 1 0 0 0 0 1 0 0 0 0 0 0 0 0 1 0 0 0 0 0 0 0 0 1 0 0 0 0 0 0 0 0 1 0 0 0 1 1 0 1 1 0 1
geno chr7.150049806 gbr  0 0 0 0 0 0 0 0 0 0 0 0 0 0 0 0 0 0 0 0 0 0 0 0 0 0 1 0 0 0 0 1 0 0 0 1 0 0 0 0 0 0 0 0 0 0 0 0 0 0 0 0 0 0 0 0 0 0 0 0 0 1 1 0 0 0 0 0 0 1 0 0 0 0 0 0 0 0 0 0 0 0 0 0
geno chr7.150049806 tsi  1 0 1 0 1 1 0 2 0 0 0 1 0 0 0 0 0 0 0 0 0 1 1 0 0 0 0 0 0 0 0 0 0 0 0 0 0 0 1 0 0 0 1 0 0 0 0 0 0 0 1 0 0 0 0 1 0 0 0 0 0 0 0 0 0 1 0 1 0 0 0 0 0 1 0 0 0 1 0 0 0 0 0 0 0 0 0 1 0 0 0 1
geno chr7.150049806 yri  1 0 0 0 0 0 0 0 0 0 0 0 1 0 0 0 0 0 0 0 0 0 0 0 1 0 0 1 0 0 0 0 1 0 0 0 0 0 0 0 0 1 0 0 1 1 0 0 0 1 0 1 0 0 1 0 0 0 1 0 0 0 0 1 0 0 0 0 1 0 0 1 1 1 1 0 1
geno chr7.150049818 ceu  0 0 0 0 1 0 0 0 0 1 0 0 0 0 0 0 0 0 0 0 0 0 0 0 0 0 0 0 0 0 0 0 0 0 0 0 0 0 0 0 0 0 0 0 0 0 0 0 0 0 0 0 0 0 0 0 0 0 0 0 0 0 0 0 0 0 0 0 0 1 0 0 0 0 0 0 0 0
geno chr7.150049818 fin  0 0 0 0 1 2 0 1 0 0 0 1 0 0 1 0 0 0 1 0 0 0 0 0 0 0 0 0 0 1 0 0 0 0 0 0 0 0 0 0 1 0 0 0 0 0 1 0 0 0 0 1 0 0 0 0 0 0 0 0 1 0 0 0 0 0 0 0 0 1 0 0 0 0 0 0 0 0 1 0 0 0 1 1 0 1 1 0 1
geno chr7.150049818 gbr  0 0 0 0 0 0 0 0 0 0 0 0 0 0 0 0 0 0 0 0 0 0 0 0 0 0 1 0 0 0 0 1 0 0 0 1 0 0 0 0 0 0 0 0 0 0 0 0 0 0 0 0 0 0 0 0 0 0 0 0 0 1 1 0 0 0 0 0 0 1 0 0 0 0 0 0 0 0 0 0 0 0 0 0
geno chr7.150049818 tsi  1 0 1 0 1 1 0 2 0 0 0 1 0 0 0 0 0 0 0 0 0 1 1 0 0 0 0 0 0 0 0 0 0 0 0 0 0 0 1 0 0 0 1 0 0 0 0 0 0 0 1 0 0 0 0 1 0 0 0 0 0 0 0 0 0 1 0 1 0 0 0 0 0 1 0 0 0 1 0 0 0 0 0 0 0 0 0 1 0 0 0 1
geno chr7.150049818 yri  1 0 0 0 1 1 0 0 1 0 1 0 1 0 0 0 1 0 0 0 1 1 1 0 2 0 0 1 0 0 0 0 1 0 0 0 0 1 0 0 1 2 0 0 1 1 0 0 0 1 1 1 0 0 1 1 0 1 1 0 0 0 1 2 1 0 0 0 1 0 0 1 1 1 1 0 1
geno chr7.150049992 ceu  0 0 0 0 1 0 0 0 0 1 0 0 0 0 0 0 0 0 0 0 0 0 0 0 0 0 0 0 0 0 0 0 0 0 0 0 0 0 0 0 0 0 0 0 0 0 0 0 0 0 0 0 0 0 0 0 0 0 0 0 0 0 0 0 0 0 0 0 0 1 0 0 0 0 0 0 0 0
geno chr7.150049992 fin  0 0 0 0 1 2 0 1 0 0 0 1 0 0 1 0 0 0 1 0 0 0 0 0 0 0 0 0 0 1 0 0 0 0 0 0 0 0 0 0 1 0 0 0 0 0 1 0 0 0 0 1 0 0 0 0 0 0 0 0 1 0 0 0 0 0 0 0 0 1 0 0 0 0 0 0 0 0 1 0 0 0 1 1 0 1 1 0 1
geno chr7.150049992 gbr  0 0 0 0 0 0 0 0 0 0 0 0 0 0 0 0 0 0 0 0 0 0 0 0 0 0 1 0 0 0 0 1 0 0 0 1 0 0 0 0 0 0 0 0 0 0 0 0 0 0 0 0 0 0 0 0 0 0 0 0 0 1 1 0 0 0 0 0 0 1 0 0 0 0 0 0 0 0 0 0 0 0 0 0
geno chr7.150049992 tsi  1 0 1 0 1 1 0 2 0 0 0 1 0 0 0 0 0 0 0 0 0 1 1 0 0 0 0 0 0 0 0 0 0 0 0 0 0 0 1 0 0 0 1 0 0 0 0 0 0 0 1 0 0 0 0 1 0 0 0 0 0 0 0 0 0 1 0 1 0 0 0 0 0 1 0 0 0 1 0 0 0 0 0 0 0 0 0 1 0 0 0 1
geno chr7.150049992 yri  1 0 0 0 0 0 0 0 0 0 0 0 1 0 0 0 0 0 0 0 0 0 0 0 1 0 0 1 0 0 0 0 1 0 0 0 0 0 0 0 0 1 0 0 1 1 0 0 0 1 0 1 0 0 1 0 0 0 1 0 0 0 0 1 0 0 0 0 1 0 0 1 1 1 1 0 1
geno chr7.150050069 ceu  2 1 1 2 1 0 0 1 1 1 0 0 0 1 1 1 0 0 0 0 2 0 1 0 1 0 0 0 0 0 0 1 0 0 1 1 1 0 1 0 0 1 0 0 0 0 0 1 0 1 0 2 1 1 0 1 1 0 0 0 1 0 2 0 0 0 1 1 0 1 1 0 1 1 0 1 1 0
geno chr7.150050069 fin  1 1 0 2 2 2 1 2 0 2 2 2 0 1 1 0 0 1 1 1 0 1 1 1 1 0 1 0 0 2 0 1 1 0 0 1 0 0 1 0 1 2 0 2 0 2 1 1 2 2 0 1 1 1 0 1 1 1 1 2 2 0 0 2 2 0 1 0 1 2 0 1 1 0 0 0 2 1 2 0 1 2 1 1 2 2 2 2 1
geno chr7.150050069 gbr  1 1 1 1 0 0 0 1 0 0 0 1 1 2 1 1 1 1 0 1 0 0 1 0 0 0 1 1 1 1 0 1 2 0 1 1 0 1 1 0 1 0 1 0 1 0 0 1 1 2 2 1 0 0 1 1 1 0 0 1 0 1 1 1 0 0 1 0 0 1 1 0 0 0 1 1 0 1 0 1 0 0 1 2
geno chr7.150050069 tsi  2 0 1 2 1 1 2 2 1 0 0 2 0 2 1 0 0 1 1 0 0 2 1 1 1 1 1 0 0 1 0 0 1 2 2 0 1 0 1 0 1 0 2 2 0 1 0 0 1 1 2 1 0 1 1 1 1 0 0 0 1 1 0 1 0 1 1 2 1 0 1 0 0 1 0 1 0 1 1 0 0 1 0 1 0 0 0 1 0 0 1 1
geno chr7.150050069 yri  1 0 1 1 1 1 1 0 1 1 0 1 2 1 2 0 0 1 0 1 0 0 1 0 1 2 1 1 1 1 1 1 1 1 0 2 1 0 0 1 0 1 2 1 2 1 0 0 1 2 0 1 2 0 1 0 1 1 1 1 1 1 0 1 1 2 1 1 1 1 1 2 2 1 1 2 2
geno chr7.150050090 ceu  0 0 0 0 1 0 0 0 0 1 0 0 0 0 0 0 0 0 0 0 0 0 0 0 0 0 0 0 0 0 0 0 0 0 0 0 0 0 0 0 0 0 0 0 0 0 0 0 0 0 0 0 1 0 0 0 0 0 0 0 0 0 0 0 0 0 0 0 0 1 0 0 0 0 0 0 0 0
geno chr7.150050090 fin  0 0 0 0 1 2 0 1 0 0 0 1 0 0 1 0 0 0 1 0 0 0 0 0 0 0 0 0 0 1 0 0 0 0 0 0 0 0 0 0 1 0 0 0 0 0 1 0 0 0 0 1 0 0 0 0 0 0 0 0 1 0 0 0 0 0 0 0 0 1 0 0 0 0 0 0 0 0 1 0 0 0 1 1 0 1 1 0 1
geno chr7.150050090 gbr  0 0 0 0 0 0 0 0 0 0 0 0 0 0 0 0 0 0 0 0 0 0 0 0 0 0 1 0 0 0 0 1 0 0 0 1 0 0 0 0 0 0 0 0 0 0 0 0 0 0 0 0 0 0 0 0 0 0 0 0 0 1 1 0 0 0 0 0 0 1 0 0 0 0 0 0 0 0 0 0 0 0 0 0
geno chr7.150050090 tsi  1 0 1 0 1 1 0 2 0 0 0 1 0 0 0 0 0 0 0 0 0 1 1 0 0 0 0 0 0 0 0 0 0 0 0 0 0 0 1 0 0 0 1 0 0 0 0 0 0 0 1 0 0 0 0 1 0 0 0 0 0 0 0 0 0 1 0 1 0 0 0 0 0 1 0 0 0 1 0 0 0 0 0 0 0 0 0 1 0 0 0 1
geno chr7.150050090 yri  1 0 0 0 0 0 0 0 0 0 0 0 1 0 0 0 0 0 0 0 0 0 0 0 1 0 0 1 0 0 0 0 1 0 0 0 0 0 0 0 0 1 0 0 1 1 0 0 0 1 0 1 0 0 1 0 0 0 1 0 0 0 0 1 0 0 0 0 1 0 0 1 1 1 1 0 1
geno chr7.150050111 ceu  2 1 1 2 1 0 0 1 1 1 0 0 0 1 1 1 0 0 0 0 2 0 1 0 1 0 0 0 0 0 0 1 0 0 1 1 1 0 1 0 0 1 0 0 0 0 0 1 0 1 0 2 1 1 0 1 1 0 0 0 1 0 2 0 0 0 1 1 0 1 1 0 1 1 0 1 1 0
geno chr7.150050111 fin  1 1 0 2 2 2 1 2 0 2 2 2 0 1 1 0 0 1 1 1 0 1 1 1 1 0 1 0 0 2 0 1 1 0 0 1 0 0 1 0 1 2 0 2 0 2 1 1 2 2 0 1 1 1 0 1 1 1 1 2 2 0 0 2 2 0 1 0 0 2 0 1 1 0 0 0 2 1 2 0 1 2 1 1 2 2 2 1 1
geno chr7.150050111 gbr  1 1 1 1 0 0 0 1 0 0 0 1 1 2 1 1 1 1 0 1 0 0 1 0 0 0 1 1 1 1 0 1 2 0 1 1 0 1 1 0 1 0 1 0 1 0 0 1 1 2 2 1 0 0 1 1 1 0 0 1 0 1 1 1 0 0 1 0 0 1 1 0 0 0 1 1 0 1 0 1 0 0 1 2
geno chr7.150050111 tsi  2 0 1 2 1 1 2 2 0 0 0 2 0 2 1 0 0 1 1 0 0 2 1 1 1 1 1 0 0 0 0 0 1 2 2 0 1 0 1 0 1 0 2 2 0 1 0 0 1 1 2 1 0 1 1 1 1 0 0 0 1 1 0 1 0 1 1 2 1 0 1 0 0 1 0 1 0 1 1 0 0 1 0 1 0 0 0 1 0 0 1 1
geno chr7.150050111 yri  1 0 1 1 1 1 1 0 1 1 0 1 2 1 2 0 0 1 0 1 0 0 1 0 1 2 1 1 1 1 1 1 1 1 0 2 1 0 0 1 0 1 2 1 2 1 0 0 1 2 0 1 2 0 1 0 1 1 1 1 1 1 0 1 1 2 1 1 1 1 1 2 2 1 1 2 2
geno chr7.150050151 ceu  0 0 0 0 1 0 0 0 0 0 0 0 0 0 0 0 0 0 0 0 0 0 0 0 0 0 0 0 0 0 0 0 0 0 0 0 0 0 0 0 0 0 0 0 0 0 0 0 0 0 0 0 0 0 0 0 0 0 0 0 0 0 0 0 0 0 0 0 0 1 0 0 0 0 0 0 0 0
geno chr7.150050151 fin  0 0 0 0 1 2 0 0 0 0 0 0 0 0 1 0 0 0 0 0 0 0 0 0 0 0 0 0 0 1 0 0 0 0 0 0 0 0 0 0 1 0 0 0 0 0 0 0 0 0 0 0 0 0 0 0 0 0 0 0 1 0 0 0 0 0 0 0 0 1 0 0 0 0 0 0 0 0 0 0 0 0 1 0 0 1 0 0 1
geno chr7.150050151 gbr  0 0 0 0 0 0 0 0 0 0 0 0 0 0 0 0 0 0 0 0 0 0 0 0 0 0 1 0 0 0 0 1 0 0 0 1 0 0 0 0 0 0 0 0 0 0 0 0 0 0 0 0 0 0 0 0 0 0 0 0 0 0 1 0 0 0 0 0 0 0 0 0 0 0 0 0 0 0 0 0 0 0 0 0
geno chr7.150050151 tsi  0 0 0 0 0 1 0 2 0 0 0 1 0 0 0 0 0 0 0 0 0 1 1 0 0 0 0 0 0 0 0 0 0 0 0 0 0 0 1 0 0 0 0 0 0 0 0 0 0 0 1 0 0 0 0 1 0 0 0 0 0 0 0 0 0 1 0 1 0 0 0 0 0 1 0 0 0 1 0 0 0 0 0 0 0 0 0 0 0 0 0 1
geno chr7.150050151 yri  0 0 0 0 0 0 0 0 0 0 0 0 0 0 0 0 0 0 0 0 0 0 0 0 0 0 0 0 0 0 0 0 0 0 0 0 0 0 0 0 0 0 0 0 0 0 0 0 0 0 0 0 0 0 0 0 0 0 0 0 0 0 0 0 0 0 0 0 0 0 0 1 0 0 0 0 0
geno chr7.150050351 ceu  0 0 0 0 1 0 0 0 0 1 0 0 0 0 0 0 0 0 0 0 0 0 0 0 0 0 0 0 0 0 0 0 0 0 0 0 0 0 0 0 0 0 0 0 0 0 0 0 0 0 0 0 0 0 0 0 0 0 0 0 0 0 0 0 0 0 0 0 0 1 0 0 0 0 0 0 0 0
geno chr7.150050351 fin  0 0 0 0 1 2 0 1 0 0 0 1 0 0 1 0 0 0 1 0 0 0 0 0 0 0 0 0 0 1 0 0 0 0 0 0 0 0 0 0 1 0 0 0 0 0 1 0 0 0 0 1 0 0 0 0 0 0 0 0 1 0 0 0 0 0 0 0 0 1 0 0 0 0 0 0 0 0 1 0 0 0 1 1 0 1 1 0 1
geno chr7.150050351 gbr  0 0 0 0 0 0 0 0 0 0 0 0 0 0 0 0 0 0 0 0 0 0 0 0 0 0 1 0 0 0 0 1 0 0 0 1 0 0 0 0 0 0 0 0 0 0 0 0 0 0 0 0 0 0 0 0 0 0 0 0 0 1 1 0 0 0 0 0 0 1 0 0 0 0 0 0 0 0 0 0 0 0 0 0
geno chr7.150050351 tsi  1 0 1 0 1 1 0 2 0 0 0 1 0 0 0 0 0 0 0 0 0 1 1 0 0 0 0 0 0 0 0 0 0 0 0 0 0 0 1 0 0 0 1 0 0 0 0 0 0 0 1 0 0 0 0 1 0 0 0 0 0 0 0 0 0 1 0 1 0 0 0 0 0 1 0 0 0 1 0 0 0 0 0 0 0 0 0 1 0 0 0 1
geno chr7.150050351 yri  1 0 0 0 0 0 0 0 0 0 0 0 1 0 0 0 0 0 0 0 0 0 0 1 1 0 0 1 0 0 0 0 1 0 0 0 0 0 0 0 0 0 0 0 0 1 0 0 0 0 0 1 0 0 1 0 0 0 1 0 0 0 0 1 0 0 0 0 0 0 0 1 1 1 1 0 1
geno chr7.150050355 ceu  0 0 0 0 1 0 0 0 0 1 0 0 0 0 0 0 0 0 0 0 0 0 0 0 0 0 0 0 0 0 0 0 0 0 0 0 0 0 0 0 0 0 0 0 0 0 0 0 0 0 0 0 0 0 0 0 0 0 0 0 0 0 0 0 0 0 0 0 0 1 0 0 0 0 0 0 0 0
geno chr7.150050355 fin  0 0 0 0 1 2 0 1 0 0 0 1 0 0 1 0 0 0 1 0 0 0 0 0 0 0 0 0 0 1 0 0 0 0 0 0 0 0 0 0 1 0 0 0 0 0 1 0 0 0 0 1 0 0 0 0 0 0 0 0 1 0 0 0 0 0 0 0 0 1 0 0 0 0 0 0 0 0 1 0 0 0 1 1 0 1 1 0 1
geno chr7.150050355 gbr  0 0 0 0 0 0 0 0 0 0 0 0 0 0 0 0 0 0 0 0 0 0 0 0 0 0 1 0 0 0 0 1 0 0 0 1 0 0 0 0 0 0 0 0 0 0 0 0 0 0 0 0 0 0 0 0 0 0 0 0 0 1 1 0 0 0 0 0 0 1 0 0 0 0 0 0 0 0 0 0 0 0 0 0
geno chr7.150050355 tsi  1 0 1 0 1 1 0 2 0 0 0 1 0 0 0 0 0 0 0 0 0 1 1 0 0 0 0 0 0 0 0 0 0 0 0 0 0 0 1 0 0 0 1 0 0 0 0 0 0 0 1 0 0 0 0 1 0 0 0 0 0 0 0 0 0 1 0 1 0 0 0 0 0 1 0 0 0 1 0 0 0 0 0 0 0 0 0 1 0 0 0 1
geno chr7.150050355 yri  1 0 0 0 0 0 0 0 0 0 0 0 1 0 0 0 0 0 0 0 0 0 0 1 1 0 0 1 0 0 0 0 1 0 0 0 0 0 0 0 0 1 0 0 1 1 0 0 0 1 0 1 0 0 1 0 0 0 1 0 0 0 0 1 0 0 0 0 1 0 0 1 1 1 1 0 1
geno chr7.150050427 ceu  2 1 1 2 0 0 0 1 1 0 0 0 0 1 1 1 0 0 0 0 2 0 1 0 1 0 0 0 0 0 0 1 0 0 1 1 1 0 1 0 0 1 0 0 0 0 0 1 0 1 0 2 1 1 0 1 1 0 0 0 1 0 2 0 0 0 1 1 0 0 1 0 1 1 0 1 1 0
geno chr7.150050427 fin  1 1 0 2 1 0 1 1 0 2 2 1 0 1 0 0 0 1 0 1 0 1 1 1 1 0 1 0 0 1 0 1 1 0 0 1 0 0 1 0 0 2 0 2 0 2 0 1 2 2 0 0 1 1 0 1 1 1 1 2 1 0 0 2 2 0 1 0 1 1 0 1 1 0 0 0 2 1 1 0 1 2 0 0 2 1 1 2 0
geno chr7.150050427 gbr  1 1 1 1 0 0 0 1 0 0 0 1 1 2 1 1 1 1 0 1 0 0 1 0 0 0 0 1 1 1 0 0 2 0 1 0 0 1 1 0 1 0 1 0 1 0 0 1 1 2 2 1 0 0 1 1 1 0 0 1 0 0 0 1 0 0 1 0 0 0 1 0 0 0 1 1 0 1 0 1 0 0 1 2
geno chr7.150050427 tsi  1 0 0 2 0 0 2 0 1 0 0 1 0 2 1 0 0 1 1 0 0 1 0 1 1 1 1 0 0 1 0 0 1 2 2 0 1 0 0 0 1 0 0 2 0 1 0 0 1 1 1 1 0 1 1 0 1 0 0 0 1 1 0 1 0 0 1 1 1 0 1 0 0 0 0 1 0 0 1 0 0 1 0 1 0 0 0 0 0 0 1 0
geno chr7.150050427 yri  0 0 0 0 0 0 0 0 1 0 0 1 0 0 0 0 0 0 0 0 0 0 1 0 0 0 0 0 0 0 0 0 0 0 0 0 0 0 0 0 0 0 1 0 0 0 0 0 1 0 0 0 0 0 0 0 0 1 0 0 0 0 0 0 0 1 1 1 0 0 0 0 0 0 0 0 0
geno chr7.150050771 ceu  0 0 0 0 1 0 0 0 0 0 0 0 0 0 0 0 0 0 0 0 0 0 0 0 0 0 0 0 0 0 0 0 0 0 0 0 0 0 0 0 0 0 0 0 0 0 0 0 0 0 0 0 0 0 0 0 0 0 0 0 0 0 0 0 0 0 0 0 0 1 0 0 0 0 0 0 0 0
geno chr7.150050771 fin  0 0 0 0 1 2 0 0 0 0 0 0 0 0 1 0 0 0 0 0 0 0 0 0 0 0 0 0 0 1 0 0 0 0 0 0 0 0 0 0 1 0 0 0 0 0 1 0 0 0 0 0 0 0 0 0 0 0 0 0 1 0 0 0 0 0 0 0 0 1 0 0 0 0 0 0 0 0 1 0 0 0 1 0 0 1 0 0 1
geno chr7.150050771 gbr  0 0 0 0 0 0 0 0 0 0 0 0 0 0 0 0 0 0 0 0 0 0 0 0 0 0 1 0 0 0 0 1 0 0 0 1 0 0 0 0 0 0 0 0 0 0 0 0 0 0 0 0 0 0 0 0 0 0 0 0 0 0 1 0 0 0 0 0 0 0 0 0 0 0 0 0 0 0 0 0 0 0 0 0
geno chr7.150050771 tsi  0 0 0 0 0 1 0 2 0 0 0 1 0 0 0 0 0 0 0 0 0 1 1 0 0 0 0 0 0 0 0 0 0 0 0 0 0 0 1 0 0 0 0 0 0 0 0 0 0 0 1 0 0 0 0 1 0 0 0 0 0 0 0 0 0 1 0 1 0 0 0 0 0 1 0 0 0 1 0 0 0 0 0 0 0 0 0 0 0 0 0 1
geno chr7.150050771 yri  0 0 0 0 0 0 0 0 0 0 0 0 0 0 0 0 0 0 0 0 0 0 0 0 0 0 0 1 0 0 0 0 0 0 0 0 0 0 0 0 0 0 0 0 1 0 0 0 0 0 0 0 0 0 1 0 0 0 0 0 0 0 0 0 0 0 0 0 1 0 0 1 0 0 0 0 0
geno chr7.150051056 ceu  1 0 0 0 0 0 0 0 0 0 0 0 0 0 0 0 0 0 0 0 1 0 0 0 0 0 0 0 0 0 0 0 0 0 0 0 0 0 0 0 0 1 0 0 0 0 0 0 0 1 0 0 0 0 0 0 0 0 0 0 0 0 1 0 0 0 0 1 0 0 0 0 0 1 0 0 0 0
geno chr7.150051056 fin  0 0 0 0 0 0 1 0 0 0 1 0 0 0 0 0 0 0 0 0 0 0 0 0 1 0 0 0 0 0 0 0 0 0 0 0 0 0 0 0 0 0 0 0 0 1 0 1 0 0 0 0 0 0 0 1 0 0 0 1 0 0 0 1 1 0 0 0 0 0 0 0 0 0 0 0 0 0 1 0 0 0 0 0 0 0 0 1 0
geno chr7.150051056 gbr  0 0 0 0 0 0 0 0 0 0 0 0 0 0 0 1 1 1 0 0 0 0 1 0 0 0 0 0 0 0 0 0 0 0 1 0 0 0 1 0 0 0 0 0 0 0 0 1 0 0 0 1 0 0 0 1 1 0 0 0 0 0 0 0 0 0 0 0 0 0 0 0 0 0 0 0 0 1 0 0 0 0 1 0
geno chr7.150051056 tsi  0 0 0 0 0 0 0 0 0 0 0 1 0 0 0 0 0 0 0 0 0 0 0 0 0 0 1 0 0 0 0 0 1 0 1 0 1 0 0 0 0 0 0 1 0 0 0 0 0 1 0 1 0 0 0 0 0 0 0 0 1 0 0 0 0 0 0 0 0 0 0 0 0 0 0 0 0 0 0 0 0 0 0 0 0 0 0 0 0 0 1 0
geno chr7.150051056 yri  0 0 0 0 0 0 0 0 0 0 0 0 0 0 0 0 0 0 0 0 0 0 0 0 0 0 0 0 0 0 0 0 0 0 0 0 0 0 0 0 0 0 0 0 0 0 0 0 0 0 0 0 0 0 0 0 0 0 0 0 0 0 0 0 0 0 0 0 0 0 0 0 0 0 0 0 0
geno chr7.150051282 ceu  0 0 0 0 0 0 0 0 0 1 0 0 0 0 0 0 0 0 0 0 0 0 0 0 0 0 0 0 0 0 0 0 0 0 0 0 0 0 0 0 0 0 0 0 0 0 0 0 0 0 0 0 0 0 0 0 0 0 0 0 0 0 0 0 0 0 0 0 0 0 0 0 0 0 0 0 0 0
geno chr7.150051282 fin  0 0 0 0 0 0 0 1 0 0 0 1 0 0 0 0 0 0 1 0 0 0 0 0 0 0 0 0 0 0 0 0 0 0 0 0 0 0 0 0 0 0 0 0 0 0 0 0 0 0 0 1 0 0 0 0 0 0 0 0 0 0 0 0 0 0 0 0 0 0 0 0 0 0 0 0 0 0 0 0 0 0 0 1 0 0 1 0 0
geno chr7.150051282 gbr  0 0 0 0 0 0 0 0 0 0 0 0 0 0 0 0 0 0 0 0 0 0 0 0 0 0 0 0 0 0 0 0 0 0 0 0 0 0 0 0 0 0 0 0 0 0 0 0 0 0 0 0 0 0 0 0 0 0 0 0 0 1 0 0 0 0 0 0 0 1 0 0 0 0 0 0 0 0 0 0 0 0 0 0
geno chr7.150051282 tsi  1 0 1 0 1 0 0 0 0 0 0 0 0 0 0 0 0 0 0 0 0 0 0 0 0 0 0 0 0 0 0 0 0 0 0 0 0 0 0 0 0 0 1 0 0 0 0 0 0 0 0 0 0 0 0 0 0 0 0 0 0 0 0 0 0 0 0 0 0 0 0 0 0 0 0 0 0 0 0 0 0 0 0 0 0 0 0 1 0 0 0 0
geno chr7.150051282 yri  1 0 1 0 0 0 0 0 0 0 0 0 1 0 0 0 0 1 0 0 0 0 0 0 1 0 0 1 0 0 0 1 1 0 0 0 0 0 0 0 0 1 0 0 0 1 0 0 0 1 0 1 0 0 1 0 0 0 1 0 0 0 0 1 0 0 0 0 0 0 0 1 1 1 1 0 1
geno chr7.150051418 ceu  2 1 1 2 0 0 0 1 1 0 0 0 0 1 1 1 0 0 0 0 2 0 1 0 1 0 0 0 0 0 0 1 0 0 1 1 1 0 1 0 0 1 0 0 0 0 0 1 0 1 0 2 1 1 0 1 1 0 0 0 1 0 2 0 0 0 1 1 0 0 1 0 1 1 0 1 1 0
geno chr7.150051418 fin  1 1 0 2 1 0 1 1 0 2 2 1 0 1 0 0 0 1 0 1 0 1 1 1 1 0 1 0 0 1 0 1 1 0 0 1 0 0 1 0 0 2 0 2 0 2 0 1 2 2 0 0 1 1 0 1 1 1 1 2 1 0 0 2 2 0 1 0 1 1 0 1 1 0 0 0 1 1 1 0 1 2 0 0 2 1 1 2 0
geno chr7.150051418 gbr  1 1 1 1 0 0 0 1 0 0 0 1 1 2 1 1 1 1 0 1 0 0 1 0 0 0 0 1 1 1 0 0 2 0 1 0 0 1 1 0 1 0 1 0 1 0 0 1 1 2 2 1 0 0 1 1 1 0 0 1 0 0 0 1 0 0 1 0 0 0 1 0 0 0 1 1 0 1 0 1 0 0 1 2
geno chr7.150051418 tsi  1 0 0 2 0 0 2 0 1 0 0 1 0 2 1 0 0 0 1 0 0 1 0 1 1 1 1 0 0 1 0 0 1 2 2 0 1 0 0 0 1 0 0 2 0 1 0 0 1 1 1 1 0 1 1 0 1 0 0 0 1 1 0 1 0 0 1 1 1 0 1 0 0 0 0 1 0 0 1 0 0 1 0 1 0 0 0 0 0 0 1 0
geno chr7.150051418 yri  0 0 1 1 1 1 1 0 1 1 0 1 1 1 2 0 0 1 0 1 0 0 1 0 0 2 1 0 1 1 1 1 0 1 0 2 1 0 0 1 0 0 2 1 1 0 0 0 1 1 0 0 2 0 0 0 1 1 0 1 1 1 0 0 1 2 1 1 0 1 1 1 1 0 0 2 1
geno chr7.150051740 ceu  0 0 0 0 0 0 0 0 0 1 0 0 0 0 0 0 0 0 0 0 0 0 0 0 0 0 0 0 0 0 0 0 0 0 0 0 0 0 0 0 0 0 0 0 0 0 0 0 0 0 0 0 0 0 0 0 0 0 0 0 0 0 0 0 0 0 0 0 0 0 0 0 0 0 0 0 0 0
geno chr7.150051740 fin  0 0 0 0 0 0 0 1 0 0 0 1 0 0 0 0 0 0 1 0 0 0 0 0 0 0 0 0 0 0 0 0 0 0 0 0 0 0 0 0 0 0 0 0 0 0 0 0 0 0 0 1 0 0 0 0 0 0 0 0 0 0 0 0 0 0 0 0 0 0 0 0 0 0 0 0 0 0 0 0 0 0 0 1 0 0 1 0 0
geno chr7.150051740 gbr  0 0 0 0 0 0 0 0 0 0 0 0 0 0 0 0 0 0 0 0 0 0 0 0 0 0 0 0 0 0 0 0 0 0 0 0 0 0 0 0 0 0 0 0 0 0 0 0 0 0 0 0 0 0 0 0 0 0 0 0 0 1 0 0 0 0 0 0 0 1 0 0 0 0 0 0 0 0 0 0 0 0 0 0
geno chr7.150051740 tsi  1 0 1 0 1 0 0 0 0 0 0 0 0 0 0 0 0 0 0 0 0 0 0 0 0 0 0 0 0 0 0 0 0 0 0 0 0 0 0 0 0 0 1 0 0 0 0 0 0 0 0 0 0 0 0 0 0 0 0 0 0 0 0 0 0 0 0 0 0 0 0 0 0 0 0 0 0 0 0 0 0 0 0 0 0 0 0 1 0 0 0 0
geno chr7.150051740 yri  1 0 0 0 0 1 0 0 0 0 0 0 1 1 1 0 0 0 0 0 0 0 0 0 1 1 0 1 0 1 1 0 1 0 0 1 0 0 0 0 0 1 0 0 0 1 0 0 0 1 0 1 0 0 1 0 0 0 1 0 0 1 0 1 1 0 0 0 0 0 1 0 1 1 1 0 2
geno chr7.150051752 ceu  2 1 1 2 1 0 0 1 1 1 0 0 0 1 1 1 1 0 0 0 2 0 1 0 1 0 0 0 0 0 0 1 0 0 1 1 1 0 1 0 0 1 0 0 0 0 0 1 0 1 0 2 1 1 0 1 1 0 0 0 1 0 2 0 0 0 1 1 0 1 1 0 1 1 0 1 1 0
geno chr7.150051752 fin  1 1 0 2 2 2 1 2 0 2 2 2 0 1 1 0 0 1 1 1 0 1 1 1 1 0 1 0 0 2 0 1 1 0 0 1 0 0 1 0 1 2 0 2 0 2 1 1 2 2 0 1 1 1 0 1 1 1 1 2 2 0 0 2 2 0 1 0 1 2 0 1 1 0 0 0 1 1 2 0 1 2 1 1 2 2 2 2 1
geno chr7.150051752 gbr  1 1 1 1 0 0 0 1 0 0 0 1 1 2 1 1 1 1 0 1 0 0 1 0 0 0 1 1 1 1 0 1 2 0 1 1 0 1 1 0 1 0 1 0 1 0 0 1 1 2 2 1 0 0 1 1 1 0 0 1 0 1 1 1 0 0 1 0 0 1 1 0 0 0 1 1 0 1 0 1 0 0 1 2
geno chr7.150051752 tsi  2 0 1 2 1 1 2 2 1 0 0 2 0 2 1 0 0 1 1 0 0 2 1 1 1 1 1 0 0 1 0 0 1 2 2 1 1 0 1 0 1 0 2 2 0 1 0 1 1 1 2 1 0 1 1 1 1 0 0 0 1 1 0 1 0 1 1 2 1 0 1 0 0 1 0 1 0 1 1 0 0 1 0 1 0 0 0 2 0 0 1 1
geno chr7.150051752 yri  1 0 1 1 1 1 0 0 1 0 0 1 1 1 2 0 0 1 0 0 0 0 1 0 1 1 0 1 1 1 1 1 1 0 0 1 1 0 0 0 0 1 1 1 1 1 0 0 1 2 0 1 1 0 1 0 0 1 1 0 0 1 0 1 1 2 1 1 1 0 1 2 1 1 1 1 2
geno chr7.150051793 ceu  2 1 1 2 1 0 0 1 1 1 0 0 0 1 1 1 1 0 0 0 2 0 1 0 1 0 0 0 0 0 0 1 0 0 1 1 1 0 1 0 0 1 0 0 0 0 0 1 0 1 0 2 1 1 0 1 1 0 0 0 1 0 2 0 0 0 1 1 0 1 1 0 1 1 0 1 1 0
geno chr7.150051793 fin  1 1 0 2 2 2 1 2 0 2 2 2 0 1 1 0 0 1 1 1 0 1 1 1 1 0 1 0 0 2 0 1 1 0 0 1 0 0 1 0 1 2 0 2 0 2 1 1 2 2 0 1 1 1 0 1 1 1 1 2 2 0 0 2 2 0 1 0 1 2 0 1 1 0 0 0 1 1 2 0 1 2 1 1 2 2 2 2 1
geno chr7.150051793 gbr  1 1 1 1 0 0 0 1 0 0 0 1 1 2 1 1 1 1 0 1 0 0 1 0 0 0 1 1 1 1 0 1 2 0 1 1 0 1 1 0 1 0 1 0 1 0 0 1 1 2 2 1 0 0 1 1 1 0 0 1 0 1 1 1 0 0 1 0 0 1 1 0 0 0 1 1 0 1 0 1 0 0 1 2
geno chr7.150051793 tsi  2 0 1 2 1 1 2 2 1 0 0 2 0 2 1 0 0 1 1 0 0 2 1 1 1 1 1 0 0 1 0 0 1 2 2 1 1 0 1 0 1 0 2 2 0 1 0 1 1 1 2 1 0 1 1 1 1 0 0 0 1 1 0 1 0 1 1 2 1 0 1 0 0 1 0 1 0 1 1 0 0 1 0 1 0 0 0 2 0 0 1 1
geno chr7.150051793 yri  1 0 0 1 1 1 1 0 1 1 0 1 2 1 2 0 0 0 0 1 0 0 1 0 1 2 1 1 1 1 1 0 1 1 0 2 1 0 0 1 0 1 2 1 2 1 0 0 1 2 0 1 2 0 1 0 1 1 1 1 1 1 0 1 1 2 1 1 1 1 1 1 2 1 1 2 2
geno chr7.150051837 ceu  2 1 1 2 1 0 0 1 1 1 0 0 0 1 1 1 1 0 0 0 2 0 1 0 1 0 0 0 0 0 0 1 0 0 1 1 1 0 1 0 0 1 0 0 0 0 0 1 0 1 0 2 1 1 0 1 1 0 0 0 1 0 2 0 0 0 1 1 0 1 1 0 1 1 0 1 1 0
geno chr7.150051837 fin  1 1 0 2 2 2 1 2 0 2 2 2 0 1 1 0 0 1 1 1 0 1 1 1 1 0 1 0 0 2 0 1 1 0 0 1 0 0 1 0 1 2 0 2 0 2 1 1 2 2 0 1 1 1 0 1 1 1 1 2 2 0 0 2 2 0 1 0 1 2 0 1 1 0 0 0 1 1 2 0 1 2 1 1 2 2 2 2 1
geno chr7.150051837 gbr  1 1 1 1 0 0 0 1 0 0 0 1 1 2 1 1 1 1 0 1 0 0 1 0 0 0 1 1 1 1 0 1 2 0 1 1 0 1 1 0 1 0 1 0 1 0 0 1 1 2 2 1 0 0 1 1 1 0 0 1 0 1 1 1 0 0 1 0 0 1 1 0 0 0 1 1 0 1 0 1 0 0 1 2
geno chr7.150051837 tsi  2 0 1 2 1 1 2 2 1 0 0 2 0 2 1 0 0 1 1 0 0 2 1 1 1 1 1 0 0 1 0 0 1 2 2 1 1 0 1 0 1 0 2 2 0 1 0 1 1 1 2 1 0 1 1 1 1 0 0 0 1 1 0 1 0 1 1 2 1 0 1 0 0 1 0 1 0 1 1 0 0 1 0 1 0 0 0 2 0 0 1 1
geno chr7.150051837 yri  1 0 1 1 1 1 0 0 1 0 0 1 1 1 2 0 0 1 0 0 0 0 1 0 1 1 0 1 1 1 1 1 1 0 0 1 1 0 0 0 0 1 1 1 1 1 0 0 1 2 0 1 1 0 1 0 0 1 1 0 0 1 0 1 1 2 1 1 1 0 1 2 1 1 1 1 2
geno chr7.150051994 ceu  2 1 1 2 0 0 0 1 1 1 0 0 0 1 1 0 1 0 0 0 2 0 1 0 1 0 0 0 0 1 0 1 0 0 0 1 0 0 1 0 0 1 0 0 0 0 0 1 0 1 0 2 1 1 0 1 1 0 0 0 1 0 2 0 0 0 1 1 0 0 1 0 1 1 0 1 1 0
geno chr7.150051994 fin  1 1 0 2 1 0 1 2 0 2 2 2 0 1 0 0 0 1 1 1 0 1 1 1 1 0 1 0 0 1 0 1 1 0 0 1 0 0 1 0 0 2 0 2 0 2 0 1 2 2 0 1 1 1 0 1 1 1 1 2 1 0 0 2 2 0 1 0 1 1 0 1 1 0 0 0 1 1 1 0 1 2 0 1 2 1 2 2 0
geno chr7.150051994 gbr  1 1 1 1 0 0 0 1 0 0 0 1 1 2 1 1 1 1 0 1 0 0 1 0 0 0 0 1 1 1 0 0 2 0 1 0 0 1 1 0 1 0 1 0 1 0 0 1 1 2 2 1 0 0 1 1 1 0 0 1 0 1 0 1 0 0 1 0 0 1 1 0 0 0 1 1 0 1 0 1 0 0 1 2
geno chr7.150051994 tsi  2 0 1 2 1 0 2 0 1 0 0 1 0 2 1 0 0 1 1 0 0 1 0 1 1 1 1 0 0 1 0 0 1 2 2 0 1 0 0 0 0 0 1 2 0 1 0 0 1 1 1 1 0 1 1 0 1 0 0 0 1 1 0 1 0 0 1 1 1 0 1 0 0 0 0 1 0 0 1 0 0 1 0 1 0 0 0 1 0 0 1 0
geno chr7.150051994 yri  1 0 1 0 0 1 0 0 0 0 0 0 1 1 0 0 0 1 0 0 0 0 0 0 1 1 0 1 0 1 1 1 1 0 0 0 0 0 0 0 0 1 0 0 0 1 0 0 0 1 0 1 0 0 1 0 0 0 1 0 0 1 0 1 1 0 0 0 0 0 0 1 1 1 1 0 1
geno chr7.150052119 ceu  0 0 0 0 0 0 0 0 0 0 0 0 0 0 0 0 0 0 0 0 0 0 0 0 1 0 0 0 0 0 0 0 0 0 0 0 0 0 0 0 0 0 0 0 1 0 0 0 0 0 0 0 0 0 0 0 0 0 0 0 0 0 0 0 0 0 0 0 0 0 0 0 0 0 0 0 0 0
geno chr7.150052119 fin  0 0 0 0 0 0 0 0 0 0 0 0 0 0 0 0 0 0 0 0 0 0 0 0 1 0 0 0 0 0 0 0 0 0 0 0 0 0 0 0 0 0 0 0 0 0 0 0 0 0 0 0 0 0 0 0 0 0 0 0 0 0 0 0 0 0 0 0 0 0 0 0 0 0 0 0 0 0 0 0 0 0 0 0 0 0 0 1 0
geno chr7.150052119 gbr  0 0 0 0 0 0 0 0 0 0 0 0 0 0 0 0 0 0 0 0 0 0 0 0 0 0 0 0 0 0 0 0 0 0 0 0 0 0 0 0 0 0 0 0 1 0 0 0 0 1 0 0 0 0 0 0 0 0 0 0 0 1 0 0 0 0 0 0 0 0 0 0 0 0 0 0 0 0 0 0 0 0 0 0
geno chr7.150052119 tsi  0 0 0 1 0 0 0 0 0 0 0 0 0 0 0 0 0 0 0 1 0 0 0 0 0 0 0 0 0 0 0 0 0 0 0 0 0 0 0 0 0 0 0 0 0 0 0 0 0 0 0 0 0 0 0 0 0 0 0 0 0 0 0 0 0 0 0 0 0 0 0 0 0 0 0 0 0 0 0 0 0 0 0 0 0 0 0 0 0 0 0 0
geno chr7.150052119 yri  0 0 0 1 0 0 0 0 0 1 1 0 0 1 0 1 0 1 0 1 1 1 0 2 0 0 1 0 0 1 0 1 0 1 1 0 0 0 0 2 0 0 1 0 0 0 1 1 1 0 0 0 0 1 0 0 1 0 0 0 0 1 0 0 0 0 0 0 1 0 1 0 0 1 0 0 0
geno chr7.150052375 ceu  0 0 0 0 0 0 0 0 0 1 0 0 0 0 0 0 0 0 0 0 0 0 0 0 0 0 0 0 0 0 0 0 0 0 0 0 0 0 0 0 0 0 0 0 0 0 0 0 0 0 0 0 0 0 0 0 0 0 0 0 0 0 0 0 0 0 0 0 0 0 0 0 0 0 0 0 0 0
geno chr7.150052375 fin  0 0 0 0 0 0 0 1 0 0 0 1 0 0 0 0 0 0 1 0 0 0 0 0 0 0 0 0 0 0 0 0 0 0 0 0 0 0 0 0 0 0 0 0 0 0 0 0 0 0 0 1 0 0 0 0 0 0 0 0 0 0 0 0 0 0 0 0 0 0 0 0 0 0 0 0 0 0 0 0 0 0 0 1 0 0 1 0 0
geno chr7.150052375 gbr  0 0 0 0 0 0 0 0 0 0 0 0 0 0 0 0 0 0 0 0 0 0 0 0 0 0 0 0 0 0 0 0 0 0 0 0 0 0 0 0 0 0 0 0 0 0 0 0 0 0 0 0 0 0 0 0 0 0 0 0 0 1 0 0 0 0 0 0 0 1 0 0 0 0 0 0 0 0 0 0 0 0 0 0
geno chr7.150052375 tsi  1 0 1 0 1 0 0 0 0 0 0 0 0 0 0 0 0 0 0 0 0 0 0 0 0 0 0 0 0 0 0 0 0 0 0 0 0 0 0 0 0 0 1 0 0 0 0 0 0 0 0 0 0 0 0 0 0 0 0 0 0 0 0 0 0 0 0 0 0 0 0 0 0 0 0 0 0 0 0 0 0 0 0 0 0 0 0 1 0 0 0 0
geno chr7.150052375 yri  1 0 0 0 0 1 0 0 0 0 0 0 1 1 1 0 0 0 0 0 0 0 0 0 1 1 0 1 0 1 1 0 1 0 0 1 0 0 0 0 0 1 0 0 1 1 0 0 0 1 0 1 0 0 1 0 0 0 1 0 0 1 0 1 1 0 0 0 1 0 1 0 1 1 1 0 2
geno chr7.150052988 ceu  2 1 1 2 1 0 0 1 1 1 0 0 0 1 1 1 1 0 0 0 2 0 1 0 1 0 0 0 0 0 0 1 0 0 1 1 1 0 1 0 0 1 0 0 0 0 0 1 0 1 0 2 1 1 0 1 1 0 0 0 1 0 2 0 0 0 1 1 0 1 1 0 1 1 0 1 1 0
geno chr7.150052988 fin  1 1 0 2 2 2 1 2 0 2 2 2 0 1 1 1 0 1 1 1 0 1 1 1 1 0 1 0 0 2 0 1 1 0 0 1 0 1 1 0 1 2 0 2 0 2 1 1 2 2 0 1 1 1 0 1 1 1 1 2 2 0 0 2 2 0 1 0 1 2 0 1 1 0 0 0 1 1 2 0 1 2 1 1 2 2 2 2 1
geno chr7.150052988 gbr  1 1 1 1 0 0 0 1 0 0 0 1 1 2 1 1 1 1 0 1 0 0 1 0 0 0 1 1 1 1 0 1 2 0 1 1 0 1 1 0 1 0 1 0 1 0 0 1 1 2 2 1 0 0 1 1 1 0 0 1 0 1 1 1 0 0 1 0 0 1 1 0 0 0 1 1 0 1 0 1 0 0 1 2
geno chr7.150052988 tsi  2 0 1 2 1 1 2 2 1 0 0 2 0 2 1 0 0 1 1 0 0 2 1 1 1 1 1 0 0 1 0 0 1 2 2 1 1 0 1 0 1 0 2 2 0 1 0 1 1 1 2 1 0 1 1 2 1 0 0 0 1 1 0 1 0 1 1 2 1 0 1 0 0 1 0 1 0 1 1 0 0 1 0 1 0 0 0 2 0 0 1 1
geno chr7.150052988 yri  1 0 1 2 1 1 1 0 1 2 1 1 2 2 2 1 0 2 0 2 1 1 1 2 1 2 2 1 1 1 1 2 1 2 1 2 1 0 0 2 0 1 2 1 2 1 1 1 2 2 0 1 2 1 1 0 2 1 1 1 1 2 0 1 1 2 1 1 2 1 2 2 2 2 1 2 2
geno chr7.150053806 ceu  2 1 1 2 0 0 0 1 1 0 0 0 0 1 1 1 1 0 0 0 2 0 1 0 1 0 0 0 0 0 0 1 0 0 1 1 1 0 1 0 0 1 0 0 0 0 0 1 0 1 0 2 1 1 0 1 1 0 0 0 1 0 2 0 0 0 1 1 0 0 1 0 1 1 0 1 1 0
geno chr7.150053806 fin  1 1 0 2 1 0 1 1 0 2 2 1 0 1 0 0 0 1 0 1 0 1 1 1 1 0 1 0 0 1 0 1 1 0 0 1 0 0 1 0 0 2 0 2 0 2 0 1 2 2 0 0 1 1 0 1 1 1 1 2 1 0 0 2 2 0 1 0 1 1 0 1 1 0 0 0 1 1 1 0 1 2 0 0 2 1 1 2 0
geno chr7.150053806 gbr  1 1 1 1 0 0 0 1 0 0 0 1 1 2 1 1 1 1 0 1 0 0 1 0 0 0 0 1 1 1 0 0 2 0 1 0 0 1 1 0 1 0 1 0 1 0 0 1 1 2 2 1 0 0 1 1 1 0 0 1 0 0 0 1 0 0 1 0 0 0 1 0 0 0 1 1 0 1 0 1 0 0 1 2
geno chr7.150053806 tsi  1 0 0 2 0 0 2 0 1 0 0 1 0 2 1 0 0 1 1 0 0 1 0 1 1 1 1 0 0 1 0 0 1 2 2 1 1 0 0 0 1 0 0 2 0 1 0 1 1 1 1 1 0 1 1 0 1 0 0 0 1 1 0 1 0 0 1 1 1 0 1 0 0 0 0 1 0 0 1 0 0 1 0 1 0 0 0 1 0 0 1 0
geno chr7.150053806 yri  0 0 1 0 0 0 0 0 0 0 0 0 0 0 0 0 0 1 0 0 0 0 0 0 0 0 0 0 0 0 0 1 0 0 0 0 0 0 0 0 0 0 0 0 0 0 0 0 0 0 0 0 0 0 0 0 0 0 0 0 0 0 0 0 0 0 0 0 0 0 0 1 0 0 0 0 0
geno chr7.150054146 ceu  2 1 1 2 0 0 0 1 1 1 0 0 0 1 1 1 1 0 0 0 2 0 1 0 1 0 0 0 0 0 0 1 0 0 1 1 1 0 1 0 0 1 0 0 0 0 0 0 0 1 0 2 1 1 0 1 1 0 0 0 1 0 2 0 0 0 1 1 0 0 1 0 1 1 0 1 1 0
geno chr7.150054146 fin  1 1 0 2 1 0 1 2 0 2 2 2 0 1 0 0 0 1 1 1 0 1 1 1 1 0 1 0 0 1 0 1 1 0 0 1 0 0 1 0 0 2 0 2 0 2 0 1 2 2 0 1 1 1 0 1 1 1 1 2 1 0 0 2 2 0 1 0 1 1 0 1 1 0 0 1 1 1 1 0 1 2 1 1 2 1 2 2 0
geno chr7.150054146 gbr  1 1 1 1 0 0 0 1 0 0 0 1 1 2 1 1 1 1 0 1 0 0 1 0 0 0 0 1 1 1 0 0 2 0 1 0 0 1 1 0 1 0 1 0 1 0 0 1 1 2 2 1 0 0 1 1 1 0 0 1 0 1 0 1 0 0 1 0 0 1 1 0 0 0 1 1 0 1 0 1 0 0 1 2
geno chr7.150054146 tsi  2 0 1 2 1 0 2 0 1 0 0 1 0 1 1 0 0 1 1 0 0 1 0 1 1 1 1 0 0 1 0 0 1 2 2 1 1 0 0 0 1 0 1 2 0 1 0 1 1 1 0 1 0 1 1 0 1 0 0 0 1 1 0 1 0 0 1 1 1 0 1 0 0 0 0 1 0 0 0 0 0 1 0 1 0 0 0 2 0 0 1 0
geno chr7.150054146 yri  1 0 1 0 0 1 0 0 1 0 0 1 1 1 1 0 0 1 0 0 0 0 1 0 1 1 0 1 0 1 1 1 1 0 0 1 0 0 0 0 0 1 1 0 0 1 0 0 0 1 0 1 0 0 1 0 0 1 1 0 0 1 0 1 1 0 1 1 0 0 1 1 1 1 1 0 2
geno chr7.150054694 ceu  2 1 1 2 0 0 0 1 1 0 0 0 0 1 1 1 1 0 0 0 2 0 1 0 1 0 0 0 0 0 0 1 0 0 1 1 1 0 1 0 0 1 0 0 0 0 0 1 0 1 0 2 1 1 0 1 1 0 0 0 1 0 2 0 0 0 1 1 0 0 1 0 1 1 0 1 1 0
geno chr7.150054694 fin  1 1 0 2 1 0 1 1 0 2 2 1 0 1 0 0 0 1 0 1 0 1 1 1 1 0 1 0 0 1 0 1 1 0 0 1 0 0 1 0 0 2 0 2 0 2 0 1 2 2 0 0 1 1 0 1 1 1 1 2 1 0 0 2 2 0 1 0 1 1 0 1 1 0 0 0 1 1 1 0 1 2 0 0 2 1 1 2 0
geno chr7.150054694 gbr  1 1 1 1 0 0 0 1 0 0 0 1 1 2 1 1 1 1 0 1 0 0 1 0 0 0 0 1 1 1 0 0 2 0 1 0 0 1 1 0 1 0 1 0 1 0 0 1 1 2 2 1 0 0 1 1 1 0 0 1 0 0 0 1 0 0 1 0 0 0 1 0 0 0 1 1 0 1 0 1 0 0 1 2
geno chr7.150054694 tsi  1 0 0 2 0 0 2 0 1 0 0 1 0 2 1 0 0 1 1 0 0 1 0 1 1 1 1 0 0 1 0 0 1 2 2 1 1 0 0 0 1 0 1 2 0 1 0 1 1 1 1 1 0 1 1 0 1 0 0 0 1 1 0 1 0 0 1 1 1 0 1 0 0 0 0 1 0 0 1 0 0 1 0 1 0 0 0 1 0 0 1 0
geno chr7.150054694 yri  0 0 0 0 0 0 0 0 0 0 0 0 0 0 0 0 0 0 0 0 0 0 0 0 0 0 0 0 0 0 0 0 0 0 0 0 0 0 0 0 0 0 0 0 0 0 0 0 0 0 0 0 0 0 0 0 0 0 0 0 0 0 0 0 0 0 0 0 0 0 0 0 0 0 0 0 0
geno chr7.150056109 ceu  0 0 0 0 0 0 0 0 0 1 0 0 0 0 0 0 0 0 0 0 0 0 0 0 0 0 0 0 0 0 0 0 0 0 0 0 0 0 0 0 0 0 0 0 0 0 0 0 0 0 0 0 0 0 0 0 0 0 0 0 0 0 0 0 0 0 0 0 0 0 0 0 0 0 0 0 0 0
geno chr7.150056109 fin  0 0 0 0 0 0 0 1 0 0 0 1 0 0 0 0 0 0 1 0 0 0 0 0 0 0 0 0 0 0 0 0 0 0 0 0 0 0 0 0 0 0 0 0 0 0 0 0 0 0 0 1 0 0 0 0 0 0 0 0 0 0 0 0 0 0 0 0 0 0 0 0 0 0 0 0 0 0 0 0 0 0 0 1 0 0 1 0 0
geno chr7.150056109 gbr  0 0 0 0 0 0 0 0 0 0 0 0 0 0 0 0 0 0 0 0 0 0 0 0 0 0 0 0 0 0 0 0 0 0 0 0 0 0 0 0 0 0 0 0 0 0 0 0 0 0 0 0 0 0 0 0 0 0 0 0 0 1 0 0 0 0 0 0 0 1 0 0 0 0 0 0 0 0 0 0 0 0 0 0
geno chr7.150056109 tsi  1 0 1 0 1 0 0 0 0 0 0 0 0 0 0 0 0 0 0 0 0 0 0 0 0 0 0 0 0 0 0 0 0 0 0 0 0 0 0 0 0 0 1 0 0 0 0 0 0 0 0 0 0 0 0 0 0 0 0 0 0 0 0 0 0 0 0 0 0 0 0 0 0 0 0 0 0 0 0 0 0 0 0 0 0 0 0 1 0 0 0 0
geno chr7.150056109 yri  1 0 0 0 0 1 0 0 1 0 0 1 1 1 1 0 0 0 0 0 0 0 1 0 1 1 0 1 0 1 1 0 1 0 0 1 0 0 0 0 0 1 1 0 1 1 0 0 1 1 0 1 0 0 1 0 0 1 1 0 0 1 0 1 1 1 1 1 1 0 1 1 1 1 1 0 2
geno chr7.150056535 ceu  2 1 1 2 1 0 0 1 1 1 0 0 0 1 1 1 1 0 0 0 1 0 1 0 1 0 0 0 0 0 0 1 0 0 2 1 1 0 1 0 0 1 0 0 0 0 0 1 0 1 0 2 1 1 0 1 1 0 0 0 1 0 2 0 0 0 1 1 0 1 1 0 1 1 0 1 1 0
geno chr7.150056535 fin  1 1 0 2 2 2 1 2 0 2 2 2 0 1 1 0 0 1 1 1 0 1 1 1 1 0 1 0 0 2 0 1 1 0 0 1 0 0 1 0 1 2 0 2 0 2 1 1 2 2 0 1 1 1 0 1 1 1 1 2 2 0 0 2 1 0 1 0 0 2 0 1 1 0 0 0 1 1 2 0 1 2 1 1 2 2 2 1 1
geno chr7.150056535 gbr  1 1 1 0 0 0 0 1 0 0 0 1 1 2 1 1 1 1 0 1 0 0 1 0 0 1 1 1 1 1 0 1 1 0 1 1 0 1 1 0 1 0 1 0 1 0 0 1 1 2 2 1 0 0 1 0 1 0 0 1 0 1 1 1 0 0 1 0 0 1 1 0 0 0 1 1 0 1 0 1 0 0 1 2
geno chr7.150056535 tsi  2 0 1 2 1 1 2 2 1 0 0 2 0 2 1 0 0 1 1 0 0 2 1 1 1 1 1 0 0 1 0 0 1 2 2 1 1 0 1 0 1 0 2 2 0 1 0 1 1 1 2 1 0 1 1 1 1 0 0 0 1 1 0 1 0 1 1 2 1 0 1 0 0 1 0 1 0 1 1 0 0 1 0 1 0 0 0 2 0 0 1 1
geno chr7.150056535 yri  1 0 1 1 1 1 0 0 1 0 0 1 1 0 1 0 0 1 0 0 0 0 1 0 1 1 0 1 1 1 1 1 1 0 0 1 1 0 0 0 0 0 1 1 1 1 0 0 1 1 0 1 1 0 1 0 0 1 1 0 0 1 0 1 1 2 1 1 1 0 0 2 1 1 1 1 2
geno chr7.150056639 ceu  2 1 1 2 0 0 0 1 1 0 0 0 0 1 1 1 1 0 0 0 2 0 1 0 1 0 0 0 0 0 0 1 0 0 1 1 1 1 1 0 0 1 0 0 0 0 0 1 0 1 0 2 1 1 0 1 1 0 0 0 1 0 2 0 0 0 1 1 0 0 1 0 1 1 0 1 1 0
geno chr7.150056639 fin  1 1 1 2 1 1 1 1 0 2 2 1 0 1 0 0 0 1 1 1 0 1 1 1 1 0 1 0 0 1 0 1 1 0 0 1 0 0 1 0 0 2 0 2 0 2 0 1 2 2 0 0 1 1 0 1 1 1 1 2 1 0 1 2 2 0 1 0 1 1 0 1 1 1 0 0 1 1 1 0 1 2 0 0 2 1 1 2 0
geno chr7.150056639 gbr  1 1 1 1 0 0 0 1 0 0 0 1 1 2 1 1 1 1 0 1 0 0 1 0 0 0 0 1 1 1 0 0 2 0 1 0 0 1 1 0 1 0 1 1 1 0 0 1 1 2 2 1 0 0 1 1 1 0 0 1 1 0 0 1 0 0 1 0 0 0 1 0 0 0 1 1 0 1 0 1 0 0 1 2
geno chr7.150056639 tsi  1 0 0 2 0 0 2 0 1 0 0 1 0 2 1 0 0 1 1 0 0 1 0 1 1 1 1 0 0 1 0 0 1 2 2 1 1 0 0 0 1 0 1 2 0 1 0 1 1 1 1 1 0 1 1 0 1 0 0 0 1 1 0 1 0 0 1 1 1 0 1 0 0 0 0 1 0 0 1 0 0 1 0 1 0 0 0 1 0 0 1 0
geno chr7.150056639 yri  0 0 1 0 0 0 0 0 0 0 0 0 0 0 0 0 0 1 0 0 0 0 0 0 0 0 0 0 0 0 0 1 0 0 0 0 0 0 0 0 0 0 0 0 0 0 0 0 0 0 0 0 0 0 0 0 0 0 0 0 0 0 0 0 0 0 0 0 0 0 0 1 0 0 0 0 0
geno chr7.150057060 ceu  2 1 1 1 0 0 0 1 1 0 0 0 0 1 0 0 1 0 0 0 1 0 1 0 1 0 0 0 0 0 0 1 0 0 1 1 0 0 0 0 0 1 0 0 0 0 0 1 0 1 0 1 1 1 0 0 1 0 0 0 1 0 1 0 0 0 1 1 0 0 1 0 1 1 0 1 0 0
geno chr7.150057060 fin  1 0 0 0 1 0 0 0 0 1 1 1 0 0 0 0 0 1 0 1 0 1 0 1 1 0 1 0 0 1 0 1 0 0 0 1 0 0 0 0 0 2 0 1 0 1 0 1 1 1 0 0 1 1 0 1 1 1 0 2 1 0 0 1 1 0 0 0 0 0 0 0 1 0 0 0 1 1 1 0 1 1 0 0 1 1 1 1 0
geno chr7.150057060 gbr  1 0 1 0 0 0 0 1 0 0 0 1 1 1 1 1 1 1 1 0 0 0 1 0 0 0 0 0 0 1 0 0 2 0 0 0 0 1 1 0 1 0 1 0 1 0 0 1 0 1 2 1 0 0 0 0 1 0 0 0 0 0 0 1 0 0 1 0 0 0 1 0 0 0 1 1 0 0 0 1 0 0 1 1
geno chr7.150057060 tsi  1 0 0 1 0 0 0 0 1 0 0 1 0 1 1 0 0 1 1 0 0 1 0 1 0 1 1 0 0 1 0 0 1 1 1 0 0 0 0 0 0 0 0 2 0 1 0 1 1 1 1 1 0 1 1 0 1 0 0 0 1 1 0 1 0 0 1 1 1 0 1 0 0 0 0 1 0 0 1 0 0 0 0 1 0 0 0 1 0 0 1 0
geno chr7.150057060 yri  0 0 1 0 0 0 0 0 0 0 0 0 0 0 0 0 0 1 0 0 0 0 0 0 0 0 0 0 0 0 0 1 0 0 0 0 0 0 0 0 0 0 0 0 0 0 0 0 0 0 0 0 0 0 0 0 0 0 0 0 0 0 0 0 0 0 0 0 0 0 0 1 0 0 0 0 0
geno chr7.150057221 ceu  2 1 1 2 0 0 0 1 1 0 0 0 0 1 1 1 1 0 0 0 2 0 1 0 1 0 0 0 0 0 0 1 0 0 1 1 1 0 1 0 0 1 0 0 0 0 0 1 0 1 0 2 1 1 0 1 1 0 0 0 1 0 2 0 0 0 1 1 0 0 1 0 1 1 0 1 1 0
geno chr7.150057221 fin  1 1 0 2 1 0 1 1 0 2 2 1 0 1 0 0 0 1 0 1 0 1 1 1 1 0 1 0 0 1 0 1 1 0 0 1 0 0 1 0 0 2 0 2 0 2 0 1 2 2 0 0 1 1 0 1 1 1 1 2 1 0 0 2 2 0 1 0 0 1 0 1 1 0 0 0 1 1 1 0 1 2 0 0 2 1 1 2 0
geno chr7.150057221 gbr  1 1 1 1 0 0 0 1 0 0 0 1 1 2 1 1 1 1 0 1 0 0 1 0 0 0 0 1 1 1 0 0 2 0 1 0 0 1 1 0 1 0 1 0 1 0 0 1 1 2 2 1 0 0 1 1 1 0 0 1 0 0 0 1 0 0 1 0 0 0 1 0 0 0 1 1 0 1 0 1 0 0 1 2
geno chr7.150057221 tsi  1 0 0 2 0 0 2 0 1 0 0 1 0 2 1 0 0 1 1 0 0 1 0 1 1 1 1 0 0 1 0 0 1 2 2 1 1 0 0 0 1 0 1 2 0 1 0 1 1 1 1 1 0 1 1 0 1 0 0 0 1 1 0 1 0 0 1 1 1 0 1 0 0 0 0 1 0 0 1 0 0 1 0 1 0 0 0 1 0 0 1 0
geno chr7.150057221 yri  0 0 1 0 0 0 0 0 0 0 0 0 0 0 0 0 0 1 0 0 0 0 0 0 0 0 0 0 0 0 0 1 0 0 0 0 0 0 0 0 0 0 0 0 0 0 0 0 0 0 0 0 0 0 0 0 0 0 0 0 0 0 0 0 0 0 0 0 0 0 0 1 0 0 0 0 0
geno chr7.150057263 ceu  2 1 1 2 0 0 0 1 1 0 0 0 0 1 1 1 1 0 0 0 2 0 1 0 1 0 0 0 0 0 0 1 0 0 1 1 1 0 1 0 0 1 0 0 0 0 0 1 0 1 0 2 1 1 0 1 1 0 0 0 1 0 2 0 0 0 1 1 0 0 1 0 1 1 0 1 1 0
geno chr7.150057263 fin  1 1 0 2 1 0 1 1 0 2 1 1 0 1 0 0 0 1 0 1 0 1 1 1 1 0 1 0 0 1 0 1 1 0 0 1 0 0 1 0 0 2 0 2 0 2 0 1 2 2 0 0 1 1 0 1 1 1 0 2 1 0 0 2 1 0 1 0 1 1 0 1 1 0 0 0 1 1 1 0 1 2 0 0 1 1 1 1 0
geno chr7.150057263 gbr  1 1 1 1 0 0 0 1 0 0 0 1 1 2 1 1 1 1 0 1 0 0 1 0 0 0 0 1 1 1 0 0 2 0 1 0 0 1 1 0 1 0 1 0 1 0 0 1 1 2 2 1 0 0 1 1 1 0 0 1 0 0 0 1 0 0 1 0 0 0 1 0 0 0 1 1 0 1 0 1 0 0 1 2
geno chr7.150057263 tsi  1 0 0 2 0 0 2 0 1 0 0 1 0 2 1 0 0 1 1 0 0 1 0 1 1 1 1 0 0 1 0 0 1 2 2 1 1 0 0 0 0 0 1 2 0 1 0 1 1 1 1 1 0 1 1 0 1 0 0 0 1 1 0 1 0 0 1 1 1 0 1 0 0 0 0 1 0 0 1 0 0 1 0 1 0 0 0 1 0 0 1 0
geno chr7.150057263 yri  0 0 0 0 0 0 0 0 0 0 0 0 0 0 0 0 0 0 0 0 0 0 0 0 0 0 0 0 0 0 0 0 0 0 0 0 0 0 0 0 0 0 0 0 0 0 0 0 0 0 0 0 0 0 0 0 0 0 0 0 0 0 0 0 0 0 0 0 0 0 0 0 0 0 0 0 0
geno chr7.150057302 ceu  2 1 1 2 0 0 0 1 1 0 0 0 0 1 1 1 1 0 0 1 2 0 1 1 1 0 0 0 0 0 0 1 0 0 1 1 1 0 1 0 1 1 0 0 0 0 0 1 0 1 0 2 1 1 0 1 1 0 0 0 1 0 2 0 0 0 1 2 0 0 1 0 1 1 0 1 1 0
geno chr7.150057302 fin  1 1 0 2 1 0 1 1 0 2 2 1 0 1 0 0 0 1 0 1 0 1 1 1 1 0 1 0 0 1 0 1 1 0 0 1 0 0 1 0 0 2 0 2 1 2 0 1 2 2 0 0 1 1 0 1 1 1 1 2 1 0 0 2 2 0 1 0 1 1 0 1 1 0 0 0 1 1 1 0 1 2 0 0 2 1 1 2 0
geno chr7.150057302 gbr  1 1 1 0 0 0 0 1 0 0 0 1 1 2 1 1 1 1 0 1 0 0 1 0 0 0 0 1 1 1 0 0 2 0 1 0 0 1 1 0 1 0 1 0 1 0 0 1 1 2 2 1 0 0 1 1 1 0 0 1 0 0 0 1 0 0 1 1 0 0 1 0 0 0 1 1 0 1 0 1 1 0 1 2
geno chr7.150057302 tsi  1 1 0 2 0 0 2 0 1 0 1 1 0 2 1 1 0 1 1 0 0 1 0 1 1 1 1 0 0 1 0 0 1 2 2 1 0 0 0 0 1 0 1 2 0 1 0 1 1 1 1 1 0 1 1 0 1 0 0 0 1 1 0 1 0 0 1 1 1 0 1 0 0 0 0 1 0 0 1 0 0 1 0 1 0 0 0 1 0 0 1 0
geno chr7.150057302 yri  0 0 0 0 1 0 0 0 1 0 0 0 0 0 0 0 0 0 0 1 0 0 0 0 1 0 0 0 0 0 1 0 0 1 0 0 0 0 0 0 0 1 0 0 0 0 0 0 0 0 0 0 0 0 0 0 0 0 0 0 0 0 0 0 1 0 0 0 0 0 0 0 0 1 0 0 0
geno chr7.150057791 ceu  2 1 1 2 0 0 0 1 1 0 0 0 0 1 1 1 1 0 0 0 2 0 1 0 1 0 0 0 0 0 0 1 0 0 1 1 1 0 1 0 0 1 0 0 0 0 0 1 0 1 0 2 1 1 0 1 1 0 0 0 1 0 2 0 0 0 1 1 0 0 1 0 1 1 0 1 1 0
geno chr7.150057791 fin  1 1 0 2 1 0 1 1 0 2 2 1 0 1 0 0 0 1 0 1 0 1 1 1 1 0 1 0 0 1 0 1 1 0 0 1 0 0 1 0 0 2 0 2 0 2 0 1 2 2 0 0 1 1 0 1 1 1 1 2 1 0 0 2 2 0 1 0 1 1 0 1 1 0 0 0 1 1 1 0 1 2 0 0 2 1 1 2 0
geno chr7.150057791 gbr  1 1 1 1 0 0 0 1 0 0 0 1 1 2 1 1 1 1 0 1 0 0 1 0 0 0 0 1 1 1 0 0 2 0 1 0 0 1 1 0 1 0 1 0 1 0 0 1 1 2 2 1 0 0 1 1 1 0 0 1 0 0 0 1 0 0 1 0 0 0 1 0 0 0 1 1 0 1 0 1 0 0 1 2
geno chr7.150057791 tsi  1 0 0 2 0 0 2 0 1 0 0 1 0 2 1 0 0 1 1 0 0 1 0 1 1 1 1 0 0 1 0 0 1 2 2 1 1 0 0 0 1 0 1 2 0 1 0 1 1 1 1 1 0 1 1 0 1 0 0 0 1 1 0 1 0 0 1 1 1 0 1 0 0 0 0 1 0 0 1 0 0 1 0 1 0 0 0 1 0 0 1 0
geno chr7.150057791 yri  0 0 1 0 0 0 0 0 0 0 0 0 0 0 0 0 0 1 0 0 0 0 0 0 0 0 0 0 0 0 0 1 0 0 0 0 0 0 0 0 0 0 0 0 0 0 0 0 0 0 0 0 0 0 0 0 0 0 0 0 0 0 0 0 0 0 0 0 0 0 0 1 0 0 0 0 0
geno chr7.150057843 ceu  2 1 1 2 0 0 0 1 1 0 0 0 0 1 1 1 1 0 0 0 2 0 1 0 1 0 0 0 0 0 0 1 0 0 1 1 1 0 1 0 0 1 0 0 0 0 0 1 0 1 0 2 1 1 0 1 1 0 0 0 1 0 2 0 0 0 1 1 0 0 1 0 1 1 0 1 1 0
geno chr7.150057843 fin  1 1 0 2 1 0 1 1 0 2 2 1 0 1 0 0 0 1 0 1 0 1 1 1 1 0 1 0 0 1 0 1 1 0 0 1 0 0 1 0 0 2 0 2 0 2 0 1 2 2 0 0 1 1 0 1 1 1 1 2 1 0 0 2 2 0 1 0 1 1 0 1 1 0 0 0 1 1 1 0 1 2 0 0 2 1 1 2 0
geno chr7.150057843 gbr  1 1 1 1 0 0 0 1 0 0 0 1 1 2 1 1 1 1 0 1 0 0 1 0 0 0 0 1 1 1 0 0 2 0 1 0 0 1 1 0 1 0 1 0 1 0 0 1 1 2 2 1 0 0 1 1 1 0 0 1 0 0 0 1 0 0 1 0 0 0 1 0 0 0 1 1 0 1 0 1 0 0 1 2
geno chr7.150057843 tsi  1 0 0 2 0 0 2 0 1 0 0 1 0 2 1 0 0 1 1 0 0 1 0 1 1 1 1 0 0 1 0 0 1 2 2 1 1 0 0 0 1 0 1 2 0 1 0 1 1 1 1 1 0 1 1 0 1 0 0 0 1 1 0 1 0 0 1 1 1 0 1 0 0 0 0 1 0 0 1 0 0 1 0 1 0 0 0 1 0 0 1 0
geno chr7.150057843 yri  0 0 1 0 0 0 0 0 0 0 0 0 0 0 0 0 0 1 0 0 0 0 0 0 0 0 0 0 0 0 0 1 0 0 0 0 0 0 0 0 0 0 0 0 0 0 0 0 0 0 0 0 0 0 0 0 0 0 0 0 0 0 0 0 0 0 0 0 0 0 0 1 0 0 0 0 0
geno chr7.150058043 ceu  2 1 1 2 0 0 0 1 1 0 0 0 0 1 1 1 1 0 0 0 2 0 1 0 1 0 0 0 0 0 0 1 0 0 1 1 1 0 1 0 0 1 0 0 0 0 0 1 0 1 0 2 1 1 0 1 1 0 0 0 1 0 2 0 0 0 1 1 0 0 1 0 1 1 0 1 1 0
geno chr7.150058043 fin  1 1 0 2 1 0 1 1 0 2 2 1 0 1 0 0 0 1 0 1 0 1 1 1 1 0 1 0 0 1 0 1 1 0 0 1 0 0 1 0 0 2 0 2 0 2 0 1 2 2 0 0 1 1 0 1 1 1 1 2 1 0 0 2 2 0 1 0 1 1 0 1 1 0 0 0 1 1 1 0 1 2 0 0 2 1 1 2 0
geno chr7.150058043 gbr  1 1 1 1 0 0 0 1 0 0 0 1 1 2 1 1 1 1 0 1 0 0 1 0 0 0 0 1 1 1 0 0 2 0 1 0 0 1 1 0 1 0 1 0 1 0 0 1 1 2 2 1 0 0 1 1 1 0 0 1 0 0 0 1 0 0 1 0 0 0 1 0 0 0 1 1 0 1 0 1 0 0 1 2
geno chr7.150058043 tsi  1 0 0 2 0 0 2 0 1 0 0 1 0 2 1 0 0 1 1 0 0 1 0 1 1 1 1 0 0 1 0 0 1 2 2 1 1 0 0 0 1 0 1 2 0 1 0 1 1 1 1 1 0 1 1 0 1 0 0 0 1 1 0 1 0 0 1 1 1 0 1 0 0 0 0 1 0 0 1 0 0 1 0 1 0 0 0 1 0 0 1 0
geno chr7.150058043 yri  0 0 1 0 0 0 0 0 0 0 0 0 0 0 0 0 0 1 0 0 0 0 0 0 0 0 0 0 0 0 0 1 0 0 0 0 0 0 0 0 0 0 0 0 0 0 0 0 0 0 0 0 0 0 0 0 0 0 0 0 0 0 0 0 0 0 0 0 0 0 0 1 0 0 0 0 0
geno chr7.150058316 ceu  2 1 1 2 0 0 0 1 1 0 0 0 0 1 1 1 1 0 0 0 1 0 1 0 1 0 0 0 0 0 0 1 0 0 1 1 1 0 1 0 0 1 0 0 0 0 0 1 0 1 0 2 1 1 0 1 1 0 0 0 1 0 2 0 0 0 1 1 0 0 1 0 1 1 0 1 1 0
geno chr7.150058316 fin  1 1 0 2 1 0 1 1 0 2 2 1 0 1 0 0 0 1 0 1 0 1 1 1 1 0 1 0 0 1 0 1 1 0 0 1 0 0 1 0 0 2 0 2 0 2 0 1 2 2 0 0 1 1 0 1 1 1 1 2 1 0 0 2 2 0 1 0 0 1 0 1 1 0 0 0 1 1 1 0 1 2 0 0 2 1 1 1 0
geno chr7.150058316 gbr  1 1 1 1 0 0 0 1 0 0 0 1 1 2 1 1 1 1 0 1 0 0 1 0 0 0 0 1 1 1 0 0 2 0 1 0 0 1 1 0 1 0 1 0 1 0 0 1 1 2 2 1 0 0 1 0 1 0 0 1 0 0 0 1 0 0 1 0 0 0 1 0 0 0 1 1 0 1 0 1 0 0 1 2
geno chr7.150058316 tsi  1 0 0 2 0 0 2 0 1 0 0 0 0 2 1 0 0 1 1 0 0 1 0 1 1 1 1 0 0 1 0 0 1 2 2 1 1 0 0 0 1 0 1 2 0 1 0 1 1 1 1 0 0 1 1 0 1 0 0 0 1 1 0 1 0 0 1 1 1 0 1 0 0 0 0 1 0 0 1 0 0 1 0 1 0 0 0 1 0 0 1 0
geno chr7.150058316 yri  0 0 0 1 0 0 0 0 0 1 1 0 1 1 0 0 0 0 0 1 1 1 0 2 0 0 1 0 0 0 0 1 0 1 1 0 0 0 0 2 0 0 1 0 0 0 0 1 0 0 0 0 0 1 0 0 1 0 0 0 0 1 0 0 0 0 0 0 1 0 1 0 0 1 0 0 0
geno chr7.150058548 ceu  0 0 0 0 1 0 0 0 0 0 0 0 0 0 0 0 0 0 0 0 0 0 0 0 0 0 0 0 0 0 0 0 0 0 0 0 0 0 0 0 0 0 0 0 0 0 0 0 0 0 0 0 0 0 0 0 0 0 0 0 0 0 0 0 0 0 0 0 0 1 0 0 0 0 0 0 0 0
geno chr7.150058548 fin  0 0 0 0 1 2 0 0 0 0 0 0 0 0 1 0 0 0 0 0 0 0 0 0 0 0 0 0 0 1 0 0 0 0 0 0 0 0 0 0 1 0 0 0 0 0 1 0 0 0 0 0 0 0 0 0 0 0 0 0 1 0 0 0 0 0 0 0 0 1 0 0 0 0 0 0 0 0 1 0 0 0 1 0 0 1 0 0 1
geno chr7.150058548 gbr  0 0 0 0 0 0 0 0 0 0 0 0 0 0 0 0 0 0 0 0 0 0 0 0 0 0 1 0 0 0 0 1 0 0 0 1 0 0 0 0 0 0 0 0 0 0 0 0 0 0 0 0 0 0 0 0 0 0 0 0 0 0 1 0 0 0 0 0 0 0 0 0 0 0 0 0 0 0 0 0 0 0 0 0
geno chr7.150058548 tsi  0 0 0 0 0 1 0 2 0 0 0 1 0 0 0 0 0 0 0 0 0 1 1 0 0 0 0 0 0 0 0 0 0 0 0 0 0 0 1 0 0 0 0 0 0 0 0 0 0 0 1 0 0 0 0 1 0 0 0 0 0 0 0 0 0 1 0 1 0 0 0 0 0 1 0 0 0 1 0 0 0 0 0 0 0 0 0 0 0 0 0 1
geno chr7.150058548 yri  0 0 0 1 1 0 0 0 0 0 0 0 0 0 1 0 0 0 0 1 0 0 0 0 0 0 0 0 1 0 0 0 0 1 0 0 1 0 0 0 0 0 0 1 0 0 0 0 0 1 0 0 1 0 0 0 1 0 0 0 1 0 0 0 0 1 0 0 0 0 0 0 0 0 0 1 0
geno chr7.150058968 ceu  2 1 1 2 0 0 0 1 1 0 0 0 0 1 1 1 1 0 0 0 2 0 1 0 1 0 0 0 0 0 0 1 0 0 1 1 1 0 1 0 0 1 0 0 0 0 0 1 0 1 0 2 1 1 0 1 1 0 0 0 1 0 2 0 0 0 1 1 0 0 1 0 1 1 0 1 1 0
geno chr7.150058968 fin  1 1 0 2 1 0 1 1 0 2 2 1 0 1 0 0 0 1 0 1 0 1 1 1 1 0 1 0 0 1 0 1 1 0 0 1 0 0 1 0 0 2 0 2 0 2 0 1 2 2 0 0 1 1 0 1 1 1 1 2 1 0 0 2 2 0 1 0 1 1 0 1 1 0 0 0 1 1 1 0 1 2 0 0 2 1 1 2 0
geno chr7.150058968 gbr  1 1 1 1 0 0 0 1 0 0 0 1 1 2 1 1 1 1 0 1 0 0 1 0 0 0 0 1 1 1 0 0 2 0 1 0 0 1 1 0 1 0 1 0 1 0 0 1 1 2 2 1 0 0 1 1 1 0 0 1 0 0 0 1 0 0 1 0 0 0 1 0 0 0 1 1 0 1 0 1 0 0 1 2
geno chr7.150058968 tsi  1 0 0 2 0 0 2 0 1 0 0 1 0 2 1 0 0 1 1 0 0 1 0 1 1 1 1 0 0 1 0 0 1 2 2 1 1 0 0 0 1 0 1 2 0 1 0 1 1 1 1 1 0 1 1 0 1 0 0 0 1 1 0 1 0 0 1 1 1 0 1 0 0 0 0 1 0 0 1 0 0 1 0 1 0 0 0 1 0 0 1 0
geno chr7.150058968 yri  0 0 0 0 0 0 0 0 0 0 0 0 0 0 0 0 0 0 0 0 0 0 0 0 0 0 0 0 0 0 0 0 0 0 0 0 0 0 0 0 0 0 0 0 0 0 0 0 0 0 0 0 0 0 0 0 0 0 0 0 0 0 0 0 0 0 0 0 0 0 0 0 0 0 0 0 0
geno chr7.150059255 ceu  2 1 1 2 1 0 0 1 1 0 0 0 0 1 1 1 1 0 0 0 2 0 1 0 1 0 0 0 0 0 0 1 0 0 1 1 1 0 1 0 0 1 0 0 0 0 0 1 0 1 0 2 1 1 0 1 1 0 0 0 1 0 2 0 0 0 1 1 0 0 1 0 1 1 0 1 1 0
geno chr7.150059255 fin  1 1 0 2 2 1 1 1 0 2 2 1 0 1 0 0 0 1 0 1 0 1 1 1 1 0 1 0 0 2 0 1 1 0 0 1 0 0 1 0 1 2 0 2 0 2 1 1 2 2 0 0 1 1 0 1 1 1 1 2 1 0 0 2 2 0 1 0 1 2 0 1 1 0 0 0 1 1 2 0 1 2 0 0 2 2 1 2 1
geno chr7.150059255 gbr  1 1 1 1 0 0 0 1 0 0 0 1 1 2 1 1 1 1 0 1 0 0 1 0 0 0 0 1 1 1 0 0 2 0 1 0 0 1 1 0 1 0 1 0 1 0 0 1 1 2 2 1 0 0 1 1 1 0 0 1 0 0 0 1 0 0 1 0 0 0 1 0 0 0 1 1 0 1 0 1 0 0 1 2
geno chr7.150059255 tsi  1 0 0 2 0 0 2 0 1 0 0 1 0 2 1 0 0 1 1 0 0 1 0 1 1 1 1 0 0 1 0 0 1 2 2 1 1 0 0 0 1 0 1 2 0 1 0 1 1 1 1 1 0 1 1 0 1 0 0 0 1 1 0 1 0 0 1 1 1 0 1 0 0 0 0 1 0 0 1 0 0 1 0 1 0 0 0 1 0 0 1 0
geno chr7.150059255 yri  0 0 1 0 0 0 0 0 0 0 0 0 0 0 0 0 0 1 0 0 0 0 0 0 0 0 0 0 0 0 0 1 0 0 0 0 0 0 0 0 0 0 0 0 0 0 0 0 0 0 0 0 0 0 0 0 0 0 0 0 0 0 0 0 0 0 0 0 0 0 0 1 0 0 0 0 0
geno chr7.150059393 ceu  2 1 1 2 1 0 0 1 1 0 0 0 0 1 1 1 1 0 0 0 2 0 1 0 1 0 0 0 0 0 0 1 0 0 1 1 1 0 1 0 0 1 0 0 0 0 0 1 0 1 0 2 1 1 0 1 1 0 0 0 1 0 2 0 0 0 1 1 0 0 1 0 1 1 0 1 1 0
geno chr7.150059393 fin  1 1 0 2 2 1 1 1 0 2 2 1 0 1 0 0 0 1 0 1 0 1 1 1 1 0 1 0 0 2 0 1 1 0 0 1 0 0 1 0 1 2 0 2 0 2 1 1 2 2 0 0 1 1 0 1 1 1 1 2 1 0 0 2 2 0 1 0 1 2 0 1 1 0 0 0 1 1 2 0 1 2 0 0 2 2 1 2 1
geno chr7.150059393 gbr  1 1 1 1 0 0 0 1 0 0 0 1 1 2 1 1 1 1 0 1 0 0 1 0 0 0 0 1 1 1 0 0 2 0 1 0 0 1 1 0 1 0 1 0 1 0 0 1 1 2 2 1 0 0 1 1 1 0 0 1 0 0 0 1 0 0 1 0 0 0 1 0 0 0 1 1 0 1 0 1 0 0 1 2
geno chr7.150059393 tsi  1 0 0 2 0 0 2 0 1 0 0 1 0 2 1 0 0 1 1 0 0 1 0 1 1 1 1 0 0 1 0 0 1 2 2 1 1 0 0 0 1 0 1 2 0 1 0 1 1 1 1 1 0 1 1 0 1 0 0 0 1 1 0 1 0 0 1 1 1 0 1 0 0 0 0 1 0 0 1 0 0 1 0 1 0 0 0 1 0 0 1 0
geno chr7.150059393 yri  0 0 1 0 0 0 0 0 0 0 0 0 0 0 0 0 0 1 0 0 0 0 0 0 0 0 0 0 0 0 0 1 0 0 0 0 0 0 0 0 0 0 0 0 0 0 0 0 0 0 0 0 0 0 0 0 0 0 0 0 0 0 0 0 0 0 0 0 0 0 0 1 0 0 0 0 0
geno chr7.150059414 ceu  2 1 1 2 1 0 0 1 1 0 0 0 0 1 1 1 1 0 0 0 2 0 1 0 1 0 0 0 0 0 0 1 0 0 1 1 1 0 1 0 0 1 0 0 0 0 0 1 0 1 0 2 1 1 0 1 1 0 0 0 1 0 2 0 0 0 1 1 0 0 1 0 1 1 0 1 1 0
geno chr7.150059414 fin  1 1 0 2 2 1 1 1 0 2 2 1 0 1 0 0 0 1 0 1 0 1 1 1 1 0 1 0 0 2 0 1 1 0 0 1 0 0 1 0 1 2 0 2 0 2 1 1 2 2 0 0 1 1 0 1 1 1 1 2 1 0 0 2 2 0 1 0 1 2 0 1 1 0 0 0 1 1 2 0 1 2 0 0 2 2 1 2 1
geno chr7.150059414 gbr  1 1 1 1 0 0 0 1 0 0 0 1 1 2 1 1 1 1 0 1 0 0 1 0 0 0 0 1 1 1 0 0 2 0 1 0 0 1 1 0 1 0 1 0 1 0 0 1 1 2 2 1 0 0 1 1 1 0 0 1 0 0 0 1 0 0 1 0 0 0 1 0 0 0 1 1 0 1 0 1 0 0 1 2
geno chr7.150059414 tsi  1 0 0 2 0 0 2 0 1 0 0 1 0 2 1 0 0 1 1 0 0 1 0 1 1 1 1 0 0 1 0 0 1 2 2 1 1 0 0 0 1 0 1 2 0 1 0 1 1 1 1 1 0 1 1 0 1 0 0 0 1 1 0 1 0 0 1 1 1 0 1 0 0 0 0 1 0 0 1 0 0 1 0 1 0 0 0 1 0 0 1 0
geno chr7.150059414 yri  0 0 1 0 0 0 0 0 0 0 0 0 0 0 0 0 0 1 0 0 0 0 0 0 0 0 0 0 0 0 0 1 0 0 0 0 0 0 0 0 0 0 0 0 0 0 0 0 0 0 0 0 0 0 0 0 0 0 0 0 0 0 0 0 0 0 0 0 0 0 0 1 0 0 0 0 0
geno chr7.150059529 ceu  2 1 1 2 1 0 0 1 1 0 0 0 0 1 1 1 1 0 0 0 2 0 1 0 1 0 0 0 0 0 0 1 0 0 1 1 1 0 1 0 0 1 0 0 0 0 0 1 0 1 0 2 1 1 0 1 1 0 0 0 1 0 2 0 0 0 1 1 0 0 1 0 1 1 0 1 1 0
geno chr7.150059529 fin  1 1 0 2 2 1 1 1 0 2 2 1 0 1 0 0 0 1 0 1 0 1 1 1 1 0 1 0 0 2 0 1 1 0 0 1 0 0 1 0 1 2 0 2 0 2 1 1 2 2 0 0 1 1 0 1 1 1 1 2 1 0 0 2 2 0 1 0 1 2 0 1 1 0 0 0 1 1 2 0 1 2 0 0 2 2 1 2 1
geno chr7.150059529 gbr  1 1 1 1 0 0 0 1 0 0 0 1 1 2 1 1 1 1 0 1 0 0 1 0 0 0 0 1 1 1 0 0 2 0 1 0 0 1 1 0 1 0 1 0 1 0 0 1 1 2 2 1 0 0 1 1 1 0 0 1 0 0 0 1 0 0 1 0 0 0 1 0 0 0 1 1 0 1 0 1 0 0 1 2
geno chr7.150059529 tsi  1 0 0 2 0 0 2 0 1 0 0 1 0 2 1 0 0 1 1 0 0 1 0 1 1 1 1 0 0 1 0 0 1 2 2 1 1 0 0 0 1 0 1 2 0 1 0 1 1 1 1 1 0 1 1 0 1 0 0 0 1 1 0 1 0 0 1 1 1 0 1 0 0 0 0 1 0 0 1 0 0 1 0 1 0 0 0 1 0 0 1 0
geno chr7.150059529 yri  0 0 1 0 0 0 0 0 0 0 0 0 0 0 0 0 0 1 0 0 0 0 0 0 0 0 0 0 0 0 0 1 0 0 0 0 0 0 0 0 0 0 0 0 0 0 0 0 0 0 0 0 0 0 0 0 0 0 0 0 0 0 0 0 0 0 0 0 0 0 0 1 0 0 0 0 0
