pheno ENSG00000169131 ceu -0.2239284 -1.680254 -1.353648 -2.201407 -1.643173 -2.957773 -3.054888 -0.02771501 -0.4114086 -2.348031 -1.5135 -0.7704212 -0.9892535 -0.7777928 -1.137306 -0.2013947 -2.610134 -0.8564066 0.318557 -2.063097 0.8060077 -1.126513 0.6790974 -1.092757 -0.1904109 -0.5403174 -0.2893681 -3.423254 -2.101416 0.6325356 -0.917797 -1.292387 -1.270143 -1.479926 -0.2247312 -0.3924791 -0.961213 -1.759881 -2.333363 -1.711545 -0.7599998 -1.940815 -0.1391597 -0.873752 -1.847305 -0.03223506 -1.274448 -1.496059 0.3594429 -0.7786914 -0.2731256 -0.6059646 -0.609955 -1.434348 -1.659972 -1.923975 -0.1385291 -0.8785266 0.4937526 -1.353894 -1.735291 0.3524308 -1.190862 -0.5431434 -0.186115 -0.6139582 0.7059599 -1.026276 -0.206486 -1.427609 -1.680517 -1.250807 -0.5517819 -0.8652248 -0.3194968 -1.288443 0.09123776 -2.423585
pheno ENSG00000169131 fin -1.908309 -0.2080969 1.285915 -0.7363874 1.385613 -1.152769 -0.185807 -1.34216 -0.5917085 -0.1409924 -0.03818634 -1.566719 1.565972 0.9296225 -2.009209 -0.238625 -1.105543 -0.5453907 -0.1844206 -1.154769 -0.592608 0.4827049 -1.276353 -0.3617327 -0.4377973 0.2611057 -0.589285 -0.4279885 -1.626922 -0.3929858 0.3399611 0.7472082 -0.4851467 -0.3540373 -1.971947 0.6377772 -0.583883 -1.063425 -0.4254411 0.6609857 -0.669244 -1.029327 -0.5811362 -0.06574382 -1.668505 -1.326692 1.535939 -1.108683 0.4875315 0.8332986 -2.282915 -2.445005 -1.419163 -0.4206662 -1.049792 0.2674181 -2.545481 -1.143911 -1.237388 -0.7370919 0.2555669 0.05526023 -1.699609 -0.5283327 -1.035368 -1.136006 0.4688402 0.04853874 1.503714 -0.914845 0.8318113 -1.280792 1.490585 -1.025598 1.117027 -0.1643566 -2.991031 1.356228 -0.7656977 -0.9073065 -0.8360918 -1.702065 -0.7256282 -1.322449 -2.744389 -0.01193661 -0.7285462 -0.3377073 -1.61586
pheno ENSG00000169131 gbr 0.05119445 1.024259 2.04176 -0.08659842 1.672893 2.004245 3.001314 -0.2553346 0.4720143 0.1772092 -0.8379887 1.001269 0.3333322 0.660874 -0.875193 2.544949 0.0009297793 0.357136 1.430889 -0.1312926 1.378494 3.098505 1.222792 -0.0414131 1.05868 0.9525338 1.13303 0.5502496 1.011067 0.5657278 0.8591486 1.134718 2.955708 0.4718084 3.027167 1.621229 1.0105 -0.07974271 2.841781 0.9876045 0.3168732 -0.2722072 2.110213 -0.06610452 0.5494635 1.357994 0.8499078 1.870899 1.446508 1.839033 2.530143 0.1333843 1.436634 -0.1134861 1.344419 3.601891 -0.06370866 -0.2302739 0.1398448 0.6612125 1.423089 0.9704942 1.038018 -0.2563166 1.181275 2.974879 1.569737 0.3733471 1.836381 1.816022 0.6300096 0.4730459 1.798532 0.5983934 0.5982042 0.1124027 1.186718 1.882263 -0.2158816 1.769396 0.4936246 0.6518413 -0.7295891 1.559693
pheno ENSG00000169131 tsi 1.462752 1.001598 0.4783828 2.984981 1.453269 2.205881 1.146684 2.119142 0.7555564 1.564488 0.6390728 -0.1413104 0.9984347 -0.3517029 1.17267 1.900339 0.3583872 2.365368 0.5578096 0.8884826 0.02566404 1.398722 1.506109 2.202956 0.1725927 0.9533959 1.727414 0.8771649 0.3437667 0.7942475 1.442239 -0.4685252 0.9644316 0.8576225 1.457699 0.5717521 -0.8436062 0.9234629 0.3495498 0.5398079 1.651499 3.525503 1.660402 1.040763 2.673069 2.422882 -0.1158197 0.6856589 0.1812259 0.03871697 0.8760432 1.758086 0.3507848 1.855131 2.456161 2.104345 2.123598 0.520463 0.5330046 2.224779 2.163988 2.011032 0.9265121 -0.1397612 1.871935 0.9617789 -0.2073918 1.386174 0.7914724 1.158672 0.9565305 0.2697527 2.735266 0.3286721 0.4011705 1.418834 0.8491227 1.256066 1.5256 1.457197 1.844583 1.582601 0.3922582 1.165486 0.4765042 1.285766 1.787648 -0.1644791 1.08154 -1.167046 2.923413 0.957923
pheno ENSG00000169131 yri -0.193248 2.023059 0.6612121 1.947483 0.791825 2.032294 1.256965 0.7912883 2.083502 1.25187 -0.02827245 0.4434659 0.8551418 1.015675 0.9128949 0.4014847 1.441983 0.2382359 2.472201 -0.351621 -0.8144346 1.313487 1.476077 0.2770559 -0.2047306 1.227309 0.1936235 -0.9160467 -1.082994 0.7937192 2.506889 2.296494 1.314872 0.1412732 1.558284 0.7736343 0.5171531 1.082809 1.194627 -0.9569861 -0.5893001 0.5050227 1.177358 1.671722 1.475818 0.4312539 -0.7728416 -0.1285878 1.944468 1.659818 0.5631751 1.491734 0.9483725 1.358886 1.813761 0.1717348 -0.6572689 0.8635613 0.9544385 -0.7810181 1.754769 2.827097 3.256317 0.4396678 1.142247 1.949921 -0.0776094 0.09472459 0.593091 0.5386636 1.364332 0.7496246 -1.919479 0.4220233 0.765172 0.3492048 1.936238
geno chr5.178057908 ceu  1 1 1 2 0 1 0 1 2 2 0 1 0 0 2 1 0 1 1 1 2 0 0 2 0 1 1 1 1 2 1 1 1 2 2 1 1 1 1 2 1 1 1 1 0 1 1 1 2 1 0 1 1 1 1 0 1 1 2 1 1 0 1 1 1 2 1 1 1 1 1 1 1 1 0 1 1 1
geno chr5.178057908 fin  0 0 1 0 0 1 0 0 1 2 1 0 0 1 1 1 1 1 0 1 1 2 1 1 0 1 2 1 1 0 0 0 2 0 1 0 1 0 1 1 1 0 0 0 1 1 0 0 0 2 0 1 2 0 1 1 0 0 2 1 1 1 1 1 1 0 0 1 1 1 0 1 1 0 0 0 2 1 2 0 0 1 1 1 0 0 1 1 0
geno chr5.178057908 gbr  2 0 1 0 2 1 1 0 1 1 1 2 2 1 1 1 0 1 1 0 0 2 1 1 0 2 0 2 1 2 1 0 0 1 1 2 0 1 1 1 2 1 0 1 1 0 1 0 2 1 2 1 1 1 0 2 1 1 2 0 1 1 2 1 1 0 2 1 0 1 0 1 0 2 1 2 1 1 0 1 0 1 1 1
geno chr5.178057908 tsi  1 1 0 1 1 0 1 2 1 1 1 1 1 2 2 2 0 0 1 1 0 2 1 0 1 1 0 2 0 1 1 1 1 1 2 1 1 1 2 2 1 1 1 2 1 2 0 0 1 1 1 2 0 1 1 2 1 1 1 1 1 1 1 0 1 1 0 1 1 2 0 1 2 1 0 1 2 1 1 1 0 2 2 1 1 0 1 0 2 0 0 1
geno chr5.178057908 yri  0 0 2 1 1 1 1 1 0 1 0 1 0 1 0 1 0 0 1 0 1 0 0 1 1 0 0 0 0 0 2 0 1 1 0 1 0 0 0 0 0 0 1 0 1 1 2 0 0 0 0 0 1 0 1 0 1 1 1 1 0 0 2 1 1 0 0 0 0 0 0 1 0 1 1 0 1
geno chr5.178057915 ceu  1 1 1 2 0 1 0 1 2 2 0 1 0 0 2 1 0 1 1 1 2 0 0 2 0 1 1 1 1 2 1 1 1 2 2 1 1 1 1 2 1 1 1 1 0 1 1 1 2 1 0 1 1 1 1 0 1 1 2 1 1 0 1 1 1 2 1 1 1 1 1 1 1 1 0 1 1 1
geno chr5.178057915 fin  0 0 1 0 0 1 0 0 1 2 1 0 0 1 1 1 1 1 0 1 1 2 1 1 0 1 2 1 1 0 0 0 2 0 1 0 1 0 1 1 1 0 0 0 1 1 0 0 0 2 0 1 2 0 1 1 0 0 2 1 1 1 1 1 1 0 0 1 1 1 0 1 1 0 0 0 2 1 2 0 0 1 1 1 0 0 1 1 0
geno chr5.178057915 gbr  2 0 1 0 2 1 1 0 1 1 1 2 2 1 1 1 0 1 1 0 0 2 1 1 0 2 0 2 1 2 1 0 0 1 1 2 0 1 1 1 2 1 0 1 1 0 1 0 2 1 2 1 1 1 0 2 1 1 2 0 1 1 2 1 1 0 2 1 0 1 0 1 0 2 1 2 1 1 0 1 0 1 1 1
geno chr5.178057915 tsi  1 1 0 1 1 0 1 2 1 1 1 1 1 2 2 2 0 0 1 1 0 2 1 0 1 1 0 2 0 1 1 1 1 1 2 1 1 1 2 2 1 1 1 2 1 2 0 0 1 1 1 2 0 1 1 2 1 1 1 1 1 1 1 0 1 1 0 1 1 2 0 1 2 1 0 1 2 1 1 1 0 2 2 1 1 0 1 0 2 0 0 1
geno chr5.178057915 yri  0 0 2 1 1 1 1 1 0 1 0 1 0 1 0 1 0 0 1 0 1 0 0 1 1 0 0 0 0 0 2 0 1 1 0 1 0 0 0 0 0 0 1 0 1 1 2 0 0 0 0 0 1 0 1 0 1 1 1 1 0 0 2 1 1 0 0 0 0 0 0 1 0 1 1 0 1
geno chr5.178058108 ceu  1 1 1 2 0 1 0 1 2 2 0 1 0 0 2 1 0 1 1 1 2 0 0 2 0 1 1 1 1 2 1 1 1 2 2 1 1 1 1 2 1 1 1 1 0 1 1 1 2 1 0 1 1 1 1 0 1 1 2 1 1 0 1 1 1 2 1 1 1 1 1 1 1 1 0 1 1 1
geno chr5.178058108 fin  0 0 1 0 0 1 0 0 1 2 1 0 0 1 1 1 1 1 0 1 1 2 1 1 0 1 2 1 1 0 0 0 2 0 1 0 1 0 1 1 1 0 0 0 1 1 0 0 0 2 0 1 2 0 1 1 0 0 2 1 1 1 1 1 1 0 0 1 1 1 0 1 1 0 0 0 2 1 2 0 0 1 1 1 0 0 1 1 0
geno chr5.178058108 gbr  2 0 1 0 2 1 1 0 1 1 1 2 2 1 1 1 0 1 1 0 0 2 1 1 0 2 0 2 1 2 1 0 0 1 1 2 0 1 1 1 2 1 0 1 1 0 1 0 2 1 2 1 1 1 0 2 1 1 2 0 1 1 2 1 1 0 2 1 0 1 0 1 0 2 1 2 1 1 0 1 0 1 1 1
geno chr5.178058108 tsi  1 1 0 1 1 0 1 2 1 1 1 1 1 2 2 2 0 0 1 1 0 2 1 0 1 1 0 2 0 1 1 1 1 1 2 1 1 1 2 2 1 1 1 2 1 2 0 0 1 1 1 2 0 1 1 2 1 1 1 1 1 1 1 0 1 1 0 1 1 2 0 1 2 1 0 1 2 1 1 1 0 2 2 1 1 0 1 0 2 0 0 1
geno chr5.178058108 yri  0 0 2 1 1 1 1 1 0 1 0 1 0 1 0 1 0 0 1 0 1 0 0 1 1 0 0 0 0 0 2 0 1 1 0 1 0 0 0 0 0 0 1 0 1 1 2 0 0 0 0 0 1 0 1 0 1 1 1 1 0 0 2 1 1 0 0 0 0 0 0 1 0 1 1 0 1
geno chr5.178058600 ceu  1 1 1 2 0 1 0 1 2 2 0 1 0 0 2 1 0 1 1 1 2 0 0 2 0 1 1 1 1 2 1 1 1 2 2 1 1 1 1 2 1 1 1 1 0 1 1 1 2 1 0 1 1 1 1 0 1 1 2 1 1 0 1 1 1 2 1 1 1 1 1 1 1 1 0 1 1 1
geno chr5.178058600 fin  0 0 1 0 0 1 0 0 1 2 1 0 0 1 1 1 1 1 0 1 1 2 1 1 0 1 2 1 1 0 0 0 2 0 1 0 1 0 1 1 1 0 0 0 1 1 0 0 0 2 0 1 2 0 1 1 0 0 2 1 1 1 1 1 1 0 0 1 1 1 0 1 1 0 0 0 2 1 2 0 0 1 1 1 0 0 1 1 0
geno chr5.178058600 gbr  2 0 1 0 2 1 1 0 1 1 1 2 2 1 1 1 0 1 1 0 0 2 1 1 0 2 0 2 1 2 1 0 0 1 1 2 0 1 1 1 2 1 0 1 1 0 1 1 2 1 2 1 1 1 0 2 1 1 2 0 1 1 2 1 1 0 2 1 0 1 0 1 0 2 1 2 1 1 0 1 0 1 1 1
geno chr5.178058600 tsi  1 1 0 1 1 0 1 2 1 1 1 1 1 2 2 2 0 0 1 1 0 2 1 0 1 1 0 2 0 1 1 1 1 1 2 1 1 1 2 2 1 1 1 2 1 2 0 0 1 1 1 2 0 1 1 2 1 1 1 1 1 1 1 0 1 1 0 1 1 2 0 1 2 1 0 1 2 1 1 1 0 2 2 1 1 0 1 0 2 0 0 1
geno chr5.178058600 yri  0 0 2 1 1 1 1 1 0 1 0 0 0 0 0 1 0 0 0 0 1 0 0 1 2 0 0 0 0 0 2 0 1 1 0 1 0 0 0 0 0 0 0 0 0 1 2 0 0 0 0 0 1 0 1 0 1 1 1 1 0 0 2 1 1 0 0 0 0 0 0 0 0 1 1 0 1
geno chr5.178058812 ceu  1 1 1 2 0 1 0 1 2 2 0 1 0 0 2 1 0 1 1 1 2 0 0 2 0 1 1 1 1 2 0 1 1 2 2 1 1 1 1 2 1 0 1 1 0 1 1 1 2 1 0 1 1 1 1 0 1 1 2 1 1 0 1 1 1 2 1 1 1 1 1 1 1 1 0 1 1 1
geno chr5.178058812 fin  0 0 1 0 0 1 0 0 1 2 1 0 0 1 1 1 1 1 0 1 1 1 1 1 0 1 2 1 1 0 0 0 2 0 1 0 1 0 1 1 1 0 0 0 1 1 0 0 0 2 0 1 2 0 1 1 0 0 2 1 1 1 1 1 1 0 0 1 1 1 0 1 1 0 0 0 2 1 2 0 0 1 1 1 0 0 1 1 0
geno chr5.178058812 gbr  2 0 1 0 2 1 1 0 1 1 1 2 2 1 1 1 0 1 1 0 0 2 1 1 0 2 0 2 1 2 1 0 0 1 1 2 0 1 1 1 2 1 0 1 1 0 1 0 2 1 2 1 1 1 0 2 1 1 2 0 1 1 1 1 1 0 2 1 0 1 0 1 0 1 1 2 1 1 0 1 0 1 1 1
geno chr5.178058812 tsi  0 1 0 1 1 0 1 2 1 1 1 1 1 2 2 2 0 0 1 1 0 2 1 0 1 1 0 2 0 1 1 1 1 1 2 1 1 1 2 2 1 1 1 2 1 2 0 0 1 1 1 2 0 0 1 2 1 1 1 1 1 1 1 0 1 1 0 1 1 2 0 1 2 1 0 1 2 1 0 1 0 2 2 1 1 0 1 0 2 0 0 1
geno chr5.178058812 yri  0 0 2 1 1 1 1 0 0 1 0 0 0 0 0 1 0 0 0 0 1 0 0 1 1 0 0 0 0 0 2 0 1 1 0 1 0 0 0 0 0 0 0 0 0 1 1 0 0 0 0 0 1 0 0 0 1 1 1 1 0 0 2 1 1 0 0 0 0 0 0 0 0 1 1 0 1
geno chr5.178059065 ceu  1 1 1 2 0 1 0 1 2 2 0 1 0 0 2 1 0 1 1 1 2 0 0 2 0 1 1 1 1 2 1 1 1 2 2 1 1 1 1 2 1 1 1 1 0 1 1 1 2 1 0 1 1 1 1 0 1 1 2 1 1 0 0 1 1 2 1 1 1 1 1 1 1 1 0 1 1 1
geno chr5.178059065 fin  0 0 1 0 0 1 0 0 1 2 1 0 0 1 1 1 1 1 0 1 1 2 1 1 0 1 2 1 1 0 0 0 2 0 1 0 1 0 1 1 1 0 0 0 1 1 0 0 0 2 0 1 2 0 1 1 0 0 2 1 1 1 1 1 1 0 0 1 1 1 0 1 1 0 0 0 2 1 2 0 0 1 1 1 0 0 1 1 0
geno chr5.178059065 gbr  2 0 1 0 2 1 1 0 1 1 1 2 2 1 1 1 0 1 1 0 0 2 1 1 0 2 0 2 1 2 1 0 0 1 1 2 0 1 1 1 2 1 0 1 1 0 1 0 2 1 2 1 1 1 0 2 1 1 2 0 1 1 2 1 1 0 2 1 0 1 0 1 0 2 1 2 1 1 0 1 0 1 1 1
geno chr5.178059065 tsi  1 1 0 1 1 0 1 2 1 1 1 1 1 2 2 2 0 0 1 1 0 2 1 0 1 1 0 2 0 1 1 1 1 1 2 1 1 1 2 2 1 1 1 2 1 2 0 0 1 1 1 2 0 1 1 2 1 1 1 1 1 1 1 0 1 1 0 1 1 2 0 1 2 1 0 1 2 1 1 1 0 2 2 1 1 0 1 0 2 0 0 1
geno chr5.178059065 yri  0 0 2 1 1 1 1 1 0 1 0 1 0 1 0 1 0 0 1 0 1 0 0 1 1 0 0 0 0 0 2 0 1 1 0 1 0 0 0 0 0 0 1 0 1 1 2 0 0 0 0 0 1 0 1 0 1 1 1 1 0 0 2 1 1 0 0 0 0 0 0 1 0 1 1 0 1
geno chr5.178059185 ceu  1 1 1 2 0 1 0 1 2 2 0 1 1 0 2 1 0 1 1 1 2 1 0 2 0 1 1 1 1 2 1 1 1 2 2 2 2 1 1 2 1 1 1 1 0 1 2 1 2 1 0 1 1 1 1 0 1 1 2 1 2 0 2 1 1 2 1 1 1 1 2 2 1 1 0 1 1 1
geno chr5.178059185 fin  0 1 1 1 0 1 0 0 1 2 1 0 1 1 1 2 1 1 0 1 1 2 2 1 0 1 2 2 1 0 1 1 2 0 1 0 1 1 1 1 1 1 0 0 1 1 0 0 0 2 0 2 2 0 1 1 2 0 2 1 1 1 2 1 1 0 0 1 1 1 0 1 1 1 0 0 2 1 2 1 1 1 2 1 1 1 1 2 1
geno chr5.178059185 gbr  2 0 1 0 2 1 2 0 1 1 1 2 2 2 1 1 0 1 1 0 0 2 1 1 0 2 0 2 1 2 1 0 0 1 1 2 1 1 1 1 2 1 1 1 1 1 1 0 2 2 2 1 1 1 0 2 1 1 2 1 2 1 2 2 1 0 2 1 0 1 1 1 1 2 1 2 2 1 0 1 1 1 1 1
geno chr5.178059185 tsi  1 1 0 1 1 0 1 2 1 1 1 1 1 2 2 2 0 0 1 2 0 2 1 0 1 1 0 2 0 1 1 1 1 1 2 2 1 1 2 2 1 1 1 2 1 2 1 0 1 1 2 2 1 2 1 2 1 1 1 1 2 1 2 0 2 1 0 2 1 2 1 1 2 2 0 1 2 1 1 1 2 2 2 1 1 0 1 0 2 0 0 1
geno chr5.178059185 yri  2 1 2 1 1 2 2 2 1 2 1 2 1 2 1 1 2 1 1 2 2 1 2 2 1 1 2 1 2 1 2 0 1 1 0 1 1 1 2 0 1 1 2 1 1 1 2 1 2 2 1 1 2 1 2 0 2 1 1 2 1 0 2 2 2 1 2 1 1 1 1 1 1 2 1 2 1
geno chr5.178059467 ceu  1 1 1 0 2 1 1 1 0 0 2 1 1 2 0 1 2 0 1 1 0 1 2 0 1 1 0 0 0 0 1 1 1 0 0 0 0 1 0 0 1 0 1 1 2 1 0 1 0 0 2 1 1 0 1 2 0 1 0 1 0 2 0 1 1 0 1 0 1 1 0 0 1 0 2 1 1 1
geno chr5.178059467 fin  2 1 1 1 1 1 1 2 1 0 1 2 1 1 1 0 1 1 2 0 1 0 0 0 1 0 0 0 1 2 1 1 0 2 1 2 1 1 0 1 1 1 2 2 0 1 1 2 2 0 2 0 0 2 0 0 0 1 0 1 0 1 0 1 1 2 1 1 1 0 2 0 1 1 0 2 0 1 0 0 1 1 0 1 1 1 1 0 0
geno chr5.178059467 gbr  0 2 1 2 0 1 0 1 1 1 1 0 0 0 1 1 2 1 0 2 2 0 1 1 2 0 0 0 1 0 1 2 2 1 0 0 0 1 1 1 0 0 1 1 1 1 1 1 0 0 0 0 1 1 2 0 1 0 0 1 0 1 0 0 0 2 0 1 1 1 1 1 1 0 1 0 0 1 0 1 0 1 1 1
geno chr5.178059467 tsi  1 1 2 1 1 1 0 0 1 1 1 0 1 0 0 0 2 2 1 0 2 0 1 2 0 1 2 0 2 1 1 1 1 1 0 0 0 1 0 0 1 0 0 0 1 0 1 1 0 1 0 0 0 0 1 0 1 1 0 1 0 0 0 2 0 1 2 0 1 0 1 1 0 0 2 0 0 1 1 1 0 0 0 1 1 1 0 2 0 2 2 1
geno chr5.178059467 yri  0 0 0 0 0 0 0 0 1 0 1 0 0 0 1 1 0 1 1 0 0 1 0 0 0 0 0 0 0 0 0 1 0 0 1 1 1 1 0 1 0 0 0 1 1 0 0 0 0 0 0 0 0 1 0 1 0 0 0 0 1 0 0 0 0 1 0 0 1 0 1 0 0 0 0 0 0
geno chr5.178060113 ceu  0 0 0 0 0 0 0 0 0 0 0 0 0 0 0 0 0 0 0 0 0 0 0 0 0 0 0 0 0 0 0 0 0 0 0 0 0 0 0 0 0 0 0 0 0 0 0 0 0 0 0 0 0 0 0 0 0 0 0 0 0 0 0 0 0 0 0 0 0 0 0 0 0 0 0 0 0 0
geno chr5.178060113 fin  0 0 0 0 0 0 0 0 0 0 0 0 0 0 0 0 0 0 0 0 0 0 0 0 0 0 0 0 0 0 0 0 0 0 0 0 0 0 0 0 0 0 0 0 0 0 0 0 0 0 0 0 0 0 0 0 0 0 0 0 0 0 0 0 0 0 0 0 0 0 0 0 0 0 0 0 0 0 0 0 0 0 0 0 0 0 0 0 0
geno chr5.178060113 gbr  0 0 0 0 0 0 0 0 0 0 0 0 0 0 0 0 0 0 0 0 0 0 0 0 0 0 0 0 0 0 0 0 0 0 0 0 0 0 0 0 0 0 0 0 0 0 0 0 0 0 0 0 0 0 0 0 0 0 0 0 0 0 0 0 0 0 0 0 0 0 0 0 0 0 0 0 0 0 0 0 0 0 0 0
geno chr5.178060113 tsi  0 0 0 0 0 0 0 0 0 0 0 0 0 0 0 0 0 0 0 0 0 0 0 0 0 0 0 0 0 0 0 0 0 0 0 0 0 0 0 0 0 0 0 0 0 0 0 0 0 0 0 0 0 0 0 0 0 0 0 0 0 0 0 0 0 0 0 0 0 0 0 0 0 0 0 0 0 0 0 0 0 0 0 0 0 0 0 0 0 0 0 0
geno chr5.178060113 yri  0 0 2 1 1 1 1 0 0 1 0 0 0 0 0 1 0 0 0 0 1 0 0 1 1 0 0 0 0 0 2 0 1 1 0 1 0 0 0 0 0 0 0 0 0 1 1 0 0 0 0 0 1 0 0 0 1 1 1 1 0 0 1 1 1 0 0 0 0 0 0 0 0 1 1 0 1
geno chr5.178060207 ceu  1 1 1 2 0 1 0 1 2 2 0 1 0 0 2 1 0 1 1 1 2 0 0 2 0 1 1 1 1 2 1 1 1 2 2 1 1 1 1 2 1 1 1 1 0 1 1 1 2 1 0 1 1 1 1 0 1 1 2 1 1 0 0 1 1 2 1 1 1 1 1 1 1 1 0 1 1 1
geno chr5.178060207 fin  0 0 1 0 0 1 0 0 1 2 1 0 0 1 1 1 1 1 0 1 1 2 1 1 0 1 2 1 1 0 0 0 2 0 1 0 1 0 1 1 1 0 0 0 1 1 0 0 0 2 0 1 2 0 1 1 0 0 2 1 1 1 1 1 1 0 0 1 1 1 0 1 1 0 0 0 2 1 2 0 0 1 1 1 0 0 1 1 0
geno chr5.178060207 gbr  2 0 1 0 2 1 1 0 1 1 1 2 2 1 1 1 0 1 1 0 0 2 1 1 0 2 0 2 1 2 1 0 0 1 1 2 0 1 1 1 2 1 0 1 1 0 1 0 2 1 2 1 1 1 0 2 1 1 2 0 1 1 2 1 1 0 2 1 0 1 0 1 0 2 1 2 1 1 0 1 0 1 1 1
geno chr5.178060207 tsi  1 1 0 1 1 0 1 2 1 1 1 1 1 2 2 2 0 0 1 1 0 2 1 0 1 1 0 2 0 1 1 1 1 1 2 1 1 1 2 2 1 1 1 2 1 2 0 0 1 1 1 2 0 1 1 2 1 1 1 1 1 1 1 0 1 1 0 1 1 2 0 1 2 1 0 1 2 1 1 1 0 2 2 1 1 0 1 0 2 0 0 1
geno chr5.178060207 yri  0 0 2 1 1 1 1 0 0 1 0 0 0 0 0 1 0 0 0 0 1 0 0 1 1 0 0 0 0 0 2 0 1 1 0 1 0 0 0 0 0 0 0 0 0 1 1 0 0 0 0 0 1 0 0 0 1 1 1 1 0 0 2 1 1 0 0 0 0 0 0 0 0 1 1 0 1
geno chr5.178060864 ceu  0 0 0 0 0 0 0 0 0 0 0 0 1 0 0 0 0 0 0 0 0 1 0 0 0 0 0 0 0 0 0 0 0 0 0 1 1 0 0 0 0 0 0 0 0 0 1 0 0 0 0 0 0 0 0 0 0 0 0 0 1 0 2 0 0 0 0 0 0 0 1 1 0 0 0 0 0 0
geno chr5.178060864 fin  0 1 0 1 0 0 0 0 0 0 0 0 1 0 0 1 0 0 0 0 0 0 1 0 0 0 0 1 0 0 1 1 0 0 0 0 0 1 0 0 0 1 0 0 0 0 0 0 0 0 0 1 0 0 0 0 2 0 0 0 0 0 1 0 0 0 0 0 0 0 0 0 0 1 0 0 0 0 0 1 1 0 1 0 1 1 0 1 1
geno chr5.178060864 gbr  0 0 0 0 0 0 1 0 0 0 0 0 0 1 0 0 0 0 0 0 0 0 0 0 0 0 0 0 0 0 0 0 0 0 0 0 1 0 0 0 0 0 1 0 0 1 0 0 0 1 0 0 0 0 0 0 0 0 0 1 1 0 0 1 0 0 0 0 0 0 1 0 1 0 0 0 1 0 0 0 1 0 0 0
geno chr5.178060864 tsi  0 0 0 0 0 0 0 0 0 0 0 0 0 0 0 0 0 0 0 1 0 0 0 0 0 0 0 0 0 0 0 0 0 0 0 1 0 0 0 0 0 0 0 0 0 0 1 0 0 0 1 0 1 1 0 0 0 0 0 0 1 0 1 0 1 0 0 1 0 0 1 0 0 1 0 0 0 0 0 0 2 0 0 0 0 0 0 0 0 0 0 0
geno chr5.178060864 yri  2 1 0 0 0 1 1 1 1 1 1 1 1 1 1 0 2 1 0 2 1 1 2 1 0 1 2 1 2 1 0 0 0 0 0 0 1 1 2 0 1 1 1 1 0 0 0 1 2 2 1 1 1 1 1 0 1 0 0 1 1 0 0 1 1 1 2 1 1 1 1 0 1 1 0 2 0
geno chr5.178061716 ceu  0 0 0 0 0 0 0 0 0 0 0 0 1 0 0 0 0 0 0 0 0 1 0 0 0 0 0 0 0 0 0 0 0 0 0 1 1 0 0 0 0 0 0 0 0 0 1 0 0 0 0 0 0 0 0 0 0 0 0 0 1 0 2 0 0 0 0 0 0 0 1 1 0 0 0 0 0 0
geno chr5.178061716 fin  0 1 0 1 0 0 0 0 0 0 0 0 1 0 0 1 0 0 0 0 0 0 1 0 0 0 0 1 0 0 1 1 0 0 0 0 0 1 0 0 0 1 0 0 0 0 0 0 0 0 0 1 0 0 0 0 2 0 0 0 0 0 1 0 0 0 0 0 0 0 0 0 0 1 0 0 0 0 0 1 1 0 1 0 1 1 0 1 1
geno chr5.178061716 gbr  0 0 0 0 0 0 1 0 0 0 0 0 0 1 0 0 0 0 0 0 0 0 0 0 0 0 0 0 0 0 0 0 0 0 0 0 1 0 0 0 0 0 1 0 0 1 0 0 0 1 0 0 0 0 0 0 0 0 0 1 1 0 0 1 0 0 0 0 0 0 1 0 1 0 0 0 1 0 0 0 1 0 0 0
geno chr5.178061716 tsi  0 0 0 0 0 0 0 0 0 0 0 0 0 0 0 0 0 0 0 1 0 0 0 0 0 0 0 0 0 0 0 0 0 0 0 1 0 0 0 0 0 0 0 0 0 0 1 0 0 0 1 0 1 1 0 0 0 0 0 0 1 0 1 0 1 0 0 1 0 0 1 0 0 1 0 0 0 0 0 0 2 0 0 0 0 0 0 0 0 0 0 0
geno chr5.178061716 yri  2 1 0 0 0 1 1 1 1 1 1 1 1 1 1 0 2 1 0 2 1 1 2 1 0 1 2 1 2 1 0 0 0 0 0 0 1 1 2 0 1 1 1 1 0 0 0 1 1 2 1 1 1 1 1 0 1 0 0 1 1 0 0 1 1 1 2 1 1 1 1 0 1 1 0 2 0
geno chr5.178061971 ceu  1 1 1 0 2 1 1 1 0 0 2 1 1 2 0 1 2 0 1 1 0 1 2 0 1 1 0 0 0 0 1 1 1 0 0 0 0 1 0 0 1 0 1 1 2 1 0 1 0 0 2 1 1 0 1 2 0 1 0 1 0 2 0 1 1 0 1 0 1 1 0 0 1 0 2 1 1 1
geno chr5.178061971 fin  2 1 1 1 1 1 1 2 1 0 1 2 1 1 1 0 1 1 2 0 1 0 0 0 1 0 0 0 1 2 1 1 0 2 1 2 1 1 0 1 1 1 2 2 0 1 1 2 2 0 2 0 0 2 0 0 0 1 0 1 0 1 0 1 1 2 1 1 1 0 2 0 1 1 0 2 0 1 0 0 1 1 0 1 1 1 1 0 0
geno chr5.178061971 gbr  0 2 1 2 0 1 0 1 1 1 1 0 0 0 1 1 2 1 0 2 2 0 1 1 2 0 0 0 1 0 1 2 2 1 0 0 0 1 1 1 0 0 1 1 1 1 1 1 0 0 0 0 1 1 2 0 1 0 0 1 0 1 0 0 0 2 0 1 1 1 1 1 1 0 1 0 0 1 0 1 0 1 1 2
geno chr5.178061971 tsi  1 1 2 1 1 1 0 0 1 1 1 0 1 0 0 0 2 2 1 0 2 0 1 2 0 1 2 0 2 1 1 1 1 1 0 0 0 1 0 0 1 0 0 0 1 0 1 1 0 1 0 0 0 0 1 0 1 1 0 1 0 0 0 2 0 1 2 0 1 0 1 1 0 0 2 0 0 1 1 1 0 0 0 1 1 1 0 2 0 2 2 1
geno chr5.178061971 yri  0 0 0 0 0 0 0 0 1 0 1 0 0 0 1 1 0 1 0 0 0 1 0 0 0 0 0 0 0 0 0 1 0 0 0 1 1 0 0 1 0 0 0 0 1 0 0 0 0 0 0 0 0 1 0 1 0 0 0 0 1 0 0 0 0 1 0 0 0 0 1 0 0 0 0 0 0
geno chr5.178062267 ceu  1 1 1 0 2 1 1 1 0 0 2 1 1 2 0 1 2 0 1 1 0 1 2 0 0 1 0 0 0 0 1 1 0 0 0 0 0 1 0 0 1 0 1 1 2 1 0 1 0 0 2 1 1 0 1 2 0 1 0 0 0 2 0 1 1 0 1 0 1 1 0 0 1 0 2 1 1 0
geno chr5.178062267 fin  2 1 1 1 1 1 1 2 1 0 1 2 1 1 1 0 1 1 2 0 1 0 0 0 1 0 0 0 1 2 1 1 0 2 1 2 1 1 0 1 1 1 2 2 0 1 1 2 2 0 2 0 0 2 0 0 0 1 0 1 0 1 0 1 1 2 1 1 0 0 2 0 1 1 0 2 0 1 0 0 1 1 0 1 1 1 1 0 0
geno chr5.178062267 gbr  0 2 1 2 0 1 0 1 1 1 1 0 0 0 1 1 2 1 0 2 2 0 1 1 2 0 0 0 1 0 1 2 2 1 0 0 0 1 1 1 0 0 1 1 0 1 1 1 0 0 0 0 0 1 2 0 1 0 0 1 0 1 0 0 0 2 0 1 1 1 1 1 1 0 1 0 0 1 0 1 0 1 0 2
geno chr5.178062267 tsi  0 1 2 0 1 1 0 0 0 1 1 0 1 0 0 0 2 2 1 0 2 0 1 1 0 1 1 0 2 1 1 0 1 1 0 0 0 1 0 0 1 0 0 0 1 0 1 1 0 1 0 0 0 0 0 0 1 1 0 0 0 0 0 2 0 1 2 0 1 0 1 1 0 0 2 0 0 1 1 1 0 0 0 1 1 0 0 2 0 2 2 1
geno chr5.178062267 yri  0 0 0 0 0 0 0 0 1 0 0 0 0 0 0 0 0 0 0 0 0 0 0 0 0 0 0 0 0 0 0 0 0 0 0 0 0 0 0 1 0 0 0 0 0 0 0 0 0 0 0 0 0 0 0 0 0 0 0 0 1 0 0 0 0 0 0 0 0 0 1 0 0 0 0 0 0
geno chr5.178062743 ceu  2 2 2 2 2 2 1 2 2 2 2 2 2 2 2 2 2 1 2 2 2 2 2 2 1 2 1 1 1 2 2 2 2 2 2 2 2 2 1 2 2 1 2 2 2 2 2 2 2 1 2 2 2 1 2 2 1 2 2 2 2 2 2 2 2 2 2 1 2 2 2 2 2 1 2 2 2 2
geno chr5.178062743 fin  2 2 2 2 1 2 1 2 2 2 2 2 2 2 2 2 2 2 2 1 2 2 2 1 1 1 2 2 2 2 2 2 2 2 2 2 2 2 1 2 2 2 2 2 1 2 1 2 2 2 2 2 2 2 1 1 2 1 2 2 1 2 2 2 2 2 1 2 2 1 2 1 2 2 0 2 2 2 2 1 2 2 2 2 2 2 2 2 1
geno chr5.178062743 gbr  2 2 2 2 2 2 2 1 2 2 2 2 2 2 2 2 2 2 1 2 2 2 2 2 2 2 0 2 2 2 2 2 2 2 1 2 1 2 2 2 2 1 2 2 2 2 2 1 2 2 2 1 2 2 2 2 2 1 2 2 2 2 2 2 1 2 2 2 1 2 2 2 2 2 2 2 2 2 0 2 1 2 2 2
geno chr5.178062743 tsi  2 2 2 2 2 1 1 2 2 2 2 1 2 2 2 2 2 2 2 2 2 2 2 2 1 2 2 2 2 2 2 2 2 2 2 2 1 2 2 2 2 1 1 2 2 2 2 1 1 2 2 2 1 2 2 2 2 2 1 2 2 1 2 2 2 2 2 2 2 2 2 2 2 2 2 1 2 2 2 2 2 2 2 2 2 1 1 2 2 2 2 2
geno chr5.178062743 yri  2 1 2 2 1 2 2 2 2 2 2 2 2 2 2 2 2 2 2 2 2 2 2 2 1 2 2 2 2 2 2 1 1 2 1 2 2 2 2 1 1 2 2 2 2 1 2 2 2 2 1 1 2 2 2 1 2 1 1 2 2 0 2 2 2 2 2 2 2 2 2 1 1 2 2 2 1
geno chr5.178062777 ceu  0 0 0 0 0 0 0 0 0 0 0 0 1 0 0 0 0 0 0 0 0 1 0 0 0 0 0 0 0 0 0 0 0 0 0 1 1 0 0 0 0 0 0 0 0 0 1 0 0 0 0 0 0 0 0 0 0 0 0 0 1 0 2 0 0 0 0 0 0 0 1 1 0 0 0 0 0 0
geno chr5.178062777 fin  0 1 0 1 0 0 0 0 0 0 0 0 1 0 0 1 0 0 0 0 0 0 1 0 0 0 0 1 0 0 1 1 0 0 0 0 0 1 0 0 0 1 0 0 0 0 0 0 0 0 0 1 0 0 0 0 2 0 0 0 0 0 1 0 0 0 0 0 0 0 0 0 0 1 0 0 0 0 0 1 1 0 1 0 1 1 0 1 1
geno chr5.178062777 gbr  0 0 0 0 0 0 1 0 0 0 0 0 0 1 0 0 0 0 0 0 0 0 0 0 0 0 0 0 0 0 0 0 0 0 0 0 1 0 0 0 0 0 1 0 0 1 0 0 0 1 0 0 0 0 0 0 0 0 0 1 1 0 0 1 0 0 0 0 0 0 1 0 1 0 0 0 1 0 0 0 1 0 0 0
geno chr5.178062777 tsi  0 0 0 0 0 0 0 0 0 0 0 0 0 0 0 0 0 0 0 1 0 0 0 0 0 0 0 0 0 0 0 0 0 0 0 1 0 0 0 0 0 0 0 0 0 0 1 0 0 0 1 0 1 1 0 0 0 0 0 0 1 0 1 0 1 0 0 1 0 0 1 0 0 1 0 0 0 0 0 0 2 0 0 0 0 0 0 0 0 0 0 0
geno chr5.178062777 yri  2 1 0 0 0 1 1 1 1 1 1 1 1 1 1 0 2 1 0 2 1 1 2 1 0 1 2 1 2 1 0 0 0 0 0 0 1 1 2 0 1 1 1 1 0 0 0 1 1 2 1 1 1 1 1 0 1 0 0 1 1 0 0 1 1 1 2 1 1 1 1 0 1 1 0 2 0
geno chr5.178062992 ceu  1 1 1 0 2 1 1 1 0 0 1 1 1 2 0 1 2 0 1 1 0 1 2 0 1 1 0 0 0 0 1 1 1 0 0 0 0 1 0 0 1 0 1 1 2 1 0 1 0 0 2 1 1 0 1 2 0 1 0 1 0 2 0 1 1 0 1 0 1 1 0 0 1 0 2 1 1 1
geno chr5.178062992 fin  2 1 1 1 1 1 1 2 1 0 1 2 1 1 1 0 1 1 2 0 1 0 0 0 1 0 0 0 1 2 1 1 0 2 1 2 0 1 0 1 1 1 2 2 0 1 1 2 2 0 2 0 0 2 0 0 0 1 0 1 0 1 0 1 1 1 1 1 1 0 2 0 0 1 0 1 0 1 0 0 1 1 0 1 1 1 1 0 0
geno chr5.178062992 gbr  0 2 1 2 0 1 1 1 1 1 1 0 0 0 1 1 2 0 0 1 2 0 1 0 2 0 0 0 1 0 1 2 1 1 0 0 0 1 1 1 0 0 1 1 1 1 1 1 0 0 0 0 1 1 2 0 1 0 0 1 1 1 0 0 0 2 0 1 1 1 1 1 1 0 1 0 0 1 0 1 0 1 1 2
geno chr5.178062992 tsi  1 1 1 1 1 1 0 0 1 1 1 0 1 0 0 0 2 2 1 0 2 0 1 2 0 1 2 0 2 1 1 1 1 1 0 0 0 1 0 0 1 0 0 0 1 0 1 1 0 1 0 0 0 0 1 0 1 1 0 1 0 0 0 2 0 1 2 0 1 0 1 1 0 0 2 0 0 1 1 1 0 0 0 1 1 1 0 2 0 2 2 1
geno chr5.178062992 yri  0 0 0 1 0 0 0 0 1 0 1 0 1 0 1 1 0 1 0 0 0 1 0 0 0 1 0 1 0 0 0 1 0 1 0 1 1 0 0 1 0 0 0 0 1 0 0 1 0 0 0 0 0 1 0 1 0 1 0 0 1 0 0 0 0 1 0 1 0 1 1 0 0 0 1 0 0
geno chr5.178063180 ceu  0 0 0 0 0 0 0 0 0 0 0 0 1 0 0 0 0 0 0 0 0 1 0 0 0 0 0 0 0 0 0 0 0 0 0 1 1 0 0 0 0 0 0 0 0 0 1 0 0 0 0 0 0 0 0 0 0 0 0 0 1 0 2 0 0 0 0 0 0 0 1 1 0 0 0 0 0 0
geno chr5.178063180 fin  0 1 0 1 0 0 0 0 0 0 0 0 1 0 0 1 0 0 0 0 0 0 1 0 0 0 0 1 0 0 1 1 0 0 0 0 0 1 0 0 0 1 0 0 0 0 0 0 0 0 0 1 0 0 0 0 2 0 0 0 0 0 1 0 0 0 0 0 0 0 0 0 0 1 0 1 0 0 0 1 1 0 1 0 1 1 0 1 1
geno chr5.178063180 gbr  0 0 0 0 0 0 1 0 0 0 0 0 0 1 0 0 0 0 0 0 0 0 0 0 0 0 0 0 0 0 0 0 0 0 0 0 1 0 0 0 0 0 1 0 0 1 0 0 0 1 0 0 0 0 0 0 0 0 0 1 1 0 0 1 0 0 0 0 0 0 1 0 1 0 0 0 1 0 0 0 1 0 0 0
geno chr5.178063180 tsi  0 0 0 0 0 0 0 0 0 0 0 0 0 0 0 0 0 0 0 1 0 0 0 0 0 0 0 0 0 0 0 0 0 0 0 1 0 0 0 0 0 0 0 0 0 0 1 0 0 0 1 0 1 1 0 0 0 0 0 0 1 0 1 0 1 0 0 1 0 0 1 0 0 1 0 0 0 0 0 0 2 0 0 0 0 0 0 0 0 0 0 0
geno chr5.178063180 yri  2 1 0 0 0 1 1 1 1 1 1 1 1 1 1 0 2 1 0 1 1 1 2 1 0 1 2 1 2 1 0 0 1 0 0 0 1 1 2 0 1 1 1 1 0 0 0 1 1 2 1 1 1 1 1 0 1 0 1 1 1 0 0 1 1 1 2 1 1 1 1 0 1 1 0 2 0
geno chr5.178063336 ceu  0 0 0 0 0 0 0 0 0 0 0 0 1 0 0 0 0 0 0 0 0 1 0 0 0 0 0 0 0 0 0 0 0 0 0 1 1 0 0 0 0 0 0 0 0 0 1 0 0 0 0 0 0 0 0 0 0 0 0 0 1 0 2 0 0 0 0 0 0 0 1 1 0 0 0 0 0 0
geno chr5.178063336 fin  0 1 0 1 0 0 0 0 0 0 0 0 1 0 0 1 0 0 0 0 0 0 1 0 0 0 0 1 0 0 1 1 0 0 0 0 0 1 0 0 0 1 0 0 0 0 0 0 0 0 0 1 0 0 0 0 2 0 0 0 0 0 1 0 0 0 0 0 0 0 0 0 0 1 0 0 0 0 0 1 1 0 1 0 1 1 0 1 1
geno chr5.178063336 gbr  0 0 0 0 0 0 1 0 0 0 0 0 0 1 0 0 0 0 0 0 0 0 0 0 0 0 0 0 0 0 0 0 0 0 0 0 1 0 0 0 0 0 1 0 0 1 0 0 0 1 0 0 0 0 0 0 0 0 0 1 1 0 0 1 0 0 0 0 0 0 1 0 1 0 0 0 1 0 0 0 1 0 0 0
geno chr5.178063336 tsi  0 0 0 0 0 0 0 0 0 0 0 0 0 0 0 0 0 0 0 1 0 0 0 0 0 0 0 0 0 0 0 0 0 0 0 1 0 0 0 0 0 0 0 0 0 0 1 0 0 0 1 0 1 1 0 0 0 0 0 0 1 0 1 0 1 0 0 1 0 0 1 0 0 1 0 0 0 0 0 0 2 0 0 0 0 0 0 0 0 0 0 0
geno chr5.178063336 yri  2 1 0 0 0 1 1 1 1 1 1 1 1 1 1 0 2 1 0 2 1 1 2 1 0 1 2 1 2 1 0 0 0 0 0 0 1 1 2 0 1 1 1 1 0 0 0 1 1 2 1 1 1 1 1 0 1 0 0 1 1 0 0 1 1 1 2 1 1 1 1 0 1 1 0 2 0
geno chr5.178063528 ceu  1 1 1 2 0 1 0 1 2 2 0 1 0 0 2 1 0 1 1 1 2 0 0 2 0 1 1 1 1 2 1 1 1 2 2 1 1 1 1 2 1 1 1 1 0 1 1 1 2 1 0 1 1 1 1 0 1 1 2 1 1 0 0 1 1 2 1 1 0 1 1 1 1 1 0 1 1 1
geno chr5.178063528 fin  0 0 1 0 0 1 0 0 1 2 1 0 0 1 1 1 1 1 0 1 1 2 1 1 0 1 2 1 1 0 0 0 2 0 1 0 1 0 1 1 1 0 0 0 1 1 0 0 0 2 0 1 2 0 1 1 0 0 2 1 1 1 1 1 1 0 0 1 1 1 0 1 1 0 0 0 2 1 2 0 0 1 1 1 0 0 1 1 0
geno chr5.178063528 gbr  2 0 1 0 2 1 1 0 1 1 1 2 2 1 1 1 0 1 1 0 0 2 1 1 0 2 0 2 1 2 1 0 0 1 1 2 0 1 1 1 2 1 0 1 1 0 1 0 2 1 2 1 1 1 0 2 1 1 2 0 1 1 2 1 1 0 2 1 0 1 0 1 0 2 1 2 1 1 0 1 0 1 1 0
geno chr5.178063528 tsi  1 1 0 1 1 0 1 2 1 1 1 1 1 2 2 2 0 0 1 1 0 2 1 0 1 1 0 2 0 1 1 1 1 1 2 1 1 1 2 2 1 1 1 2 1 2 0 0 1 1 1 2 0 1 1 2 1 1 1 1 1 1 1 0 1 1 0 1 1 2 0 1 2 1 0 1 2 1 1 1 0 2 2 1 1 0 1 0 2 0 0 1
geno chr5.178063528 yri  0 0 2 1 1 1 1 0 0 1 0 0 0 0 0 1 0 0 0 0 1 0 0 1 1 0 0 0 0 0 2 0 1 1 0 1 0 0 0 0 0 0 0 0 0 1 1 0 0 0 0 0 1 0 0 0 1 1 1 1 0 0 1 1 1 0 0 0 0 0 0 0 0 1 1 0 1
geno chr5.178063851 ceu  2 2 2 1 2 2 1 2 2 2 1 2 2 1 1 2 2 1 2 2 2 2 1 2 1 2 1 1 1 2 2 2 2 1 2 2 2 2 1 2 2 0 2 2 2 1 2 2 1 1 2 2 2 1 2 2 1 2 2 2 2 2 2 2 2 2 2 1 2 2 1 1 2 1 2 2 2 2
geno chr5.178063851 fin  2 1 2 1 1 2 1 2 1 2 2 2 2 2 2 2 2 1 2 1 2 1 1 1 1 1 1 2 2 2 1 2 2 2 2 2 2 1 1 2 2 2 2 2 1 2 1 1 2 2 2 2 2 2 1 1 2 1 2 2 1 1 2 2 2 2 1 2 2 1 2 1 2 2 0 2 1 1 2 1 2 2 2 2 2 2 2 1 1
geno chr5.178063851 gbr  2 2 1 2 2 2 2 1 1 2 2 2 1 2 1 2 1 2 1 1 1 2 2 1 2 1 0 2 2 2 2 2 2 2 1 2 1 2 2 1 2 1 2 2 2 2 2 1 2 2 2 1 2 2 2 1 1 1 2 2 1 2 2 2 1 2 2 2 1 2 2 1 2 2 2 2 2 2 0 2 1 2 2 2
geno chr5.178063851 tsi  2 2 2 2 1 1 1 2 1 2 2 1 2 2 1 2 2 2 2 2 2 2 2 2 1 2 2 2 2 1 2 2 2 2 2 1 1 2 2 2 1 1 1 2 1 2 2 1 1 2 2 2 1 2 2 2 2 2 1 2 2 1 2 2 2 2 2 2 2 2 2 2 2 1 2 1 2 2 2 2 2 2 2 2 2 1 1 2 2 2 2 2
geno chr5.178063851 yri  2 1 2 2 1 2 2 1 2 2 2 2 2 2 2 2 2 2 2 2 2 2 2 2 1 2 1 2 2 2 2 1 1 2 1 2 2 2 2 1 1 2 2 2 2 1 1 2 1 2 1 1 2 2 1 1 2 1 1 2 1 0 2 2 2 2 2 2 2 2 2 1 1 2 2 2 1
geno chr5.178063896 ceu  2 1 2 2 2 2 1 2 2 2 2 2 2 0 2 2 2 1 2 1 2 2 2 2 1 2 1 1 1 1 2 2 2 1 1 2 2 2 1 2 1 1 2 2 2 1 2 2 1 1 2 2 2 0 2 2 1 1 2 1 2 1 2 1 2 2 2 1 2 2 2 1 2 1 2 2 1 0
geno chr5.178063896 fin  2 1 2 2 1 2 1 2 1 2 1 1 2 2 2 2 1 1 2 1 2 1 2 1 1 1 1 2 2 2 2 2 2 2 2 2 2 2 0 2 2 2 2 2 1 2 1 1 2 2 2 2 2 2 0 1 2 1 2 1 1 2 2 2 2 2 1 2 2 0 2 1 2 2 0 2 1 1 2 1 2 2 2 2 2 2 2 2 1
geno chr5.178063896 gbr  2 1 1 2 1 2 1 1 1 2 2 1 1 2 2 2 1 2 1 2 1 2 2 2 2 1 0 2 1 2 2 2 2 2 1 2 1 2 2 1 2 1 2 2 2 2 2 1 2 2 2 1 2 2 1 2 1 1 2 2 2 2 2 2 1 2 2 2 1 2 2 1 2 2 2 2 2 2 0 2 1 2 2 2
geno chr5.178063896 tsi  1 1 2 2 0 1 2 2 2 2 2 1 2 2 1 1 2 1 2 2 1 2 2 1 1 2 1 2 2 2 2 2 2 1 2 2 1 2 2 2 1 0 0 1 2 2 2 1 1 2 2 2 1 2 2 2 2 2 1 2 2 1 2 1 2 2 2 2 2 2 2 2 0 2 2 0 2 2 2 2 2 2 2 1 2 0 0 2 1 1 2 2
geno chr5.178063896 yri  2 1 2 1 1 1 2 2 2 2 2 1 2 1 2 2 2 2 1 2 2 1 2 2 0 2 1 2 2 1 1 1 1 2 1 2 2 2 1 1 1 2 1 1 1 1 2 2 1 0 1 1 1 2 2 1 2 1 1 1 1 0 2 2 1 2 2 2 2 2 2 0 1 2 1 1 1
geno chr5.178064053 ceu  1 1 1 0 2 1 1 1 0 0 2 1 1 2 0 1 2 0 1 1 0 1 2 0 1 1 0 0 0 0 1 1 1 0 0 0 0 1 0 0 1 0 1 1 2 1 0 1 0 0 2 1 1 0 1 2 0 1 0 1 0 2 0 1 1 0 1 0 2 1 0 0 1 0 2 1 1 1
geno chr5.178064053 fin  2 1 1 1 1 1 1 2 1 0 1 2 1 1 1 0 1 0 2 0 1 0 0 0 1 0 0 0 1 2 1 1 0 2 1 2 1 1 0 1 1 1 2 2 0 1 1 2 2 0 2 0 0 2 0 0 0 1 0 1 0 1 0 1 1 2 1 1 1 0 2 0 1 1 0 2 0 1 0 0 1 1 0 1 1 1 1 0 0
geno chr5.178064053 gbr  0 2 1 2 0 1 0 1 1 1 1 0 0 0 1 1 2 1 0 1 2 0 1 1 2 0 0 0 1 0 1 2 2 1 0 0 0 1 1 1 0 0 1 1 1 1 1 1 0 0 0 0 1 1 2 0 1 0 0 1 0 1 0 0 0 2 0 1 1 1 1 1 1 0 1 0 0 1 0 1 0 1 1 2
geno chr5.178064053 tsi  1 1 2 1 1 1 0 0 1 1 1 0 1 0 0 0 2 2 1 0 2 0 1 2 0 1 2 0 2 1 1 1 1 1 0 0 0 1 0 0 1 0 0 0 1 0 1 1 0 1 0 0 0 0 1 0 1 1 0 1 0 0 0 2 0 1 2 0 1 0 1 1 0 0 2 0 0 1 1 1 0 0 0 1 1 1 0 2 0 2 2 1
geno chr5.178064053 yri  0 0 0 0 0 0 0 0 1 0 0 0 0 0 1 1 0 1 0 0 0 1 0 0 0 0 0 0 0 0 0 1 0 0 0 1 1 0 0 1 0 0 0 0 1 0 0 0 0 0 0 0 0 1 0 0 0 0 0 0 1 0 0 0 0 1 0 0 0 0 1 0 0 0 0 0 0
geno chr5.178064199 ceu  1 1 1 0 2 1 1 1 0 0 2 1 1 2 0 1 2 0 1 1 0 1 2 0 1 1 0 0 0 0 1 1 1 0 0 0 0 1 0 0 1 0 1 1 2 1 0 1 0 0 2 1 1 0 1 2 0 1 0 1 0 2 0 1 1 0 1 0 2 1 0 0 1 0 2 1 1 1
geno chr5.178064199 fin  2 1 1 1 1 1 1 2 1 0 1 2 1 1 1 0 1 1 2 0 1 0 0 0 1 0 0 0 1 2 1 1 0 2 1 2 1 1 0 1 1 1 2 2 0 1 1 2 2 0 2 0 0 2 0 0 0 1 0 1 0 1 0 1 1 2 1 1 1 0 2 0 1 1 0 2 0 1 0 0 1 1 0 1 1 1 1 0 0
geno chr5.178064199 gbr  0 2 1 2 0 1 0 1 1 1 1 0 0 0 1 1 2 1 0 2 2 0 1 1 2 0 0 0 1 0 1 2 2 1 0 0 0 1 1 1 0 0 1 1 1 1 1 1 0 0 0 0 1 1 2 0 1 0 0 1 0 1 0 0 0 2 0 1 1 1 1 1 1 0 1 0 0 1 0 1 0 1 1 2
geno chr5.178064199 tsi  1 1 2 1 1 1 0 0 1 1 1 0 1 0 0 0 2 2 1 0 2 0 1 2 0 1 2 0 2 1 1 1 1 1 0 0 0 1 0 0 1 0 0 0 1 0 1 1 0 1 0 0 0 0 1 0 1 1 0 1 0 0 0 2 0 1 2 0 1 0 1 1 0 0 2 0 0 1 1 1 0 0 0 1 1 1 0 2 0 2 2 1
geno chr5.178064199 yri  0 0 0 0 0 0 0 0 1 0 1 0 0 0 1 1 0 1 0 0 0 1 0 0 0 0 0 0 0 0 0 1 0 0 0 1 1 0 0 1 0 0 0 0 1 0 0 0 0 0 0 0 0 1 0 1 0 0 0 0 1 0 0 0 0 1 0 0 0 0 1 0 0 0 0 0 0
geno chr5.178064203 ceu  1 1 1 0 2 1 1 1 0 0 2 1 1 2 0 1 2 0 1 1 0 1 2 0 1 1 0 0 0 0 1 1 1 0 0 0 0 1 0 0 1 0 1 1 2 1 0 1 0 0 2 1 1 0 1 2 0 1 0 1 0 2 0 1 1 0 1 0 2 1 0 0 1 0 2 1 1 1
geno chr5.178064203 fin  2 1 1 1 1 1 1 2 1 0 1 2 1 1 1 0 1 1 2 0 1 0 0 0 1 0 0 0 1 2 1 1 0 2 1 2 1 1 0 1 1 1 2 2 0 1 1 2 2 0 2 0 0 2 0 0 0 1 0 1 0 1 0 1 1 2 1 1 1 0 2 0 1 1 0 2 0 1 0 0 1 1 0 1 1 1 1 0 0
geno chr5.178064203 gbr  0 2 1 2 0 1 0 1 1 1 1 0 0 0 1 1 2 1 0 2 2 0 1 1 2 0 0 0 1 0 1 2 2 1 0 0 0 1 1 1 0 0 1 1 1 1 1 1 0 0 0 0 1 1 2 0 1 0 0 1 0 1 0 0 0 2 0 1 1 1 1 1 1 0 1 0 0 1 0 1 0 1 1 2
geno chr5.178064203 tsi  1 1 2 1 1 1 0 0 1 1 1 0 1 0 0 0 2 2 1 0 2 0 1 2 0 1 2 0 2 1 1 1 1 1 0 0 0 1 0 0 1 0 0 0 1 0 1 1 0 1 0 0 0 0 1 0 1 1 0 1 0 0 0 2 0 1 2 0 1 0 1 1 0 0 2 0 0 1 1 1 0 0 0 1 1 1 0 2 0 2 2 1
geno chr5.178064203 yri  0 0 0 0 0 0 0 0 1 0 1 0 0 0 1 1 0 1 0 0 0 1 0 0 0 0 0 0 0 0 0 1 0 0 0 1 1 0 0 1 0 0 0 0 1 0 0 0 0 0 0 0 0 1 0 1 0 0 0 0 1 0 0 0 0 1 0 0 0 0 1 0 0 0 0 0 0
geno chr5.178065443 ceu  1 1 1 0 2 1 1 1 0 0 2 1 1 2 0 1 2 0 1 1 0 1 2 0 1 1 0 0 0 0 1 1 1 0 0 0 0 1 0 0 1 0 1 1 2 1 0 1 0 0 2 1 1 0 1 2 0 1 0 1 0 2 0 1 1 0 1 0 1 1 0 0 1 0 2 1 1 1
geno chr5.178065443 fin  2 1 1 1 1 1 1 2 1 0 1 2 1 1 1 0 1 1 2 0 1 0 0 0 1 0 0 0 1 2 1 1 0 2 1 2 1 1 0 1 1 1 2 2 0 1 1 2 2 0 2 0 0 2 0 0 0 1 0 1 0 1 0 1 1 2 1 1 1 0 2 0 1 1 0 2 0 1 0 0 1 1 0 1 1 1 1 0 0
geno chr5.178065443 gbr  0 2 1 2 0 1 0 1 1 1 1 0 0 0 1 1 2 1 0 2 2 0 1 1 2 0 0 0 1 0 1 2 2 1 0 0 0 1 1 1 0 0 1 1 1 1 1 1 0 0 0 0 1 1 2 0 1 0 0 1 0 1 0 0 0 2 0 1 1 1 1 1 1 0 1 0 0 1 0 1 0 1 1 2
geno chr5.178065443 tsi  1 1 2 1 1 1 0 0 1 1 1 0 1 0 0 0 2 2 1 0 2 0 1 2 0 1 2 0 2 1 1 1 1 1 0 0 0 1 0 0 1 0 0 0 1 0 1 1 0 1 0 0 0 0 1 0 1 1 0 1 0 0 0 2 0 1 2 0 1 0 1 1 0 0 2 0 0 1 1 1 0 0 0 1 1 1 0 2 0 2 2 1
geno chr5.178065443 yri  0 0 0 0 0 0 0 0 1 0 1 0 0 0 1 1 0 1 0 0 0 1 0 0 0 0 0 0 0 0 0 1 0 0 0 1 1 0 0 1 0 0 0 0 1 0 0 0 0 0 0 0 0 1 0 1 0 0 0 0 1 0 0 0 0 1 0 0 0 0 1 0 0 0 0 0 0
geno chr5.178067886 ceu  2 2 2 2 2 2 1 2 2 2 2 2 1 2 2 2 2 1 2 2 2 1 2 2 1 2 1 1 1 2 2 2 2 2 2 1 1 2 1 2 2 1 2 2 2 2 1 2 2 1 2 2 2 1 2 2 1 2 2 2 1 2 0 2 2 2 2 1 2 2 1 1 2 1 2 2 2 2
geno chr5.178067886 fin  2 1 2 1 1 2 1 2 2 2 2 2 1 2 2 1 2 2 2 1 2 2 1 1 1 1 2 1 2 2 1 1 2 2 2 2 2 1 1 2 2 1 2 2 1 2 1 2 2 2 2 1 2 2 1 1 0 1 2 2 1 2 1 2 2 2 1 2 2 1 2 1 2 1 0 2 2 2 2 0 1 2 1 2 1 1 2 1 0
geno chr5.178067886 gbr  2 2 2 2 2 2 1 1 2 2 2 2 2 1 2 2 2 2 1 2 2 2 2 2 2 2 0 2 2 2 2 2 2 2 1 2 0 2 2 2 2 1 1 2 2 1 2 1 2 1 2 1 2 2 2 2 2 1 2 1 1 2 2 1 1 2 2 2 1 2 1 2 1 2 2 2 1 2 0 2 0 2 2 2
geno chr5.178067886 tsi  2 2 2 2 2 1 1 2 2 2 2 1 2 2 2 2 2 2 2 1 2 2 2 2 1 2 2 2 2 2 2 2 2 2 2 1 1 2 2 2 2 1 1 2 2 2 1 1 2 2 1 2 0 1 2 2 2 2 1 2 1 1 1 2 1 2 2 1 2 2 1 2 2 1 2 1 2 2 2 2 0 2 2 2 2 1 1 2 2 2 2 2
geno chr5.178067886 yri  0 0 2 1 1 1 1 1 1 1 1 1 0 0 1 2 0 1 1 0 1 1 0 1 1 0 0 0 0 1 2 1 1 1 0 2 1 0 0 1 0 1 0 0 2 1 2 0 0 0 0 0 0 1 1 1 0 1 1 1 1 0 2 1 1 1 0 0 0 0 1 0 0 1 1 0 1
geno chr5.178068117 ceu  1 1 1 2 0 1 0 1 2 2 0 1 0 0 2 1 0 1 1 1 2 0 0 2 0 1 1 1 1 2 1 1 1 2 2 1 1 1 1 2 1 1 1 1 0 1 1 1 2 1 0 1 1 1 1 0 1 1 2 1 1 0 0 1 1 2 1 1 0 1 1 1 1 1 0 1 1 1
geno chr5.178068117 fin  0 0 1 0 0 1 0 0 1 2 1 0 0 1 1 1 1 1 0 1 1 2 1 1 0 1 2 1 1 0 0 0 2 0 1 0 1 0 1 1 1 0 0 0 1 1 0 0 0 2 0 1 2 0 1 1 0 0 2 1 1 1 1 1 1 0 0 1 1 1 0 1 1 0 0 0 2 1 2 0 0 1 1 1 0 0 1 1 0
geno chr5.178068117 gbr  2 0 1 0 2 1 1 0 1 1 1 2 2 1 1 1 0 1 1 0 0 2 1 1 0 2 0 2 1 2 1 0 0 1 1 2 0 1 1 1 2 1 0 1 1 0 1 0 2 1 2 1 1 1 0 2 1 1 2 0 1 1 2 1 1 0 2 1 0 1 0 1 0 2 1 2 1 1 0 1 0 1 1 0
geno chr5.178068117 tsi  1 1 0 1 1 0 1 2 1 1 1 1 1 2 2 2 0 0 1 1 0 2 1 0 1 1 0 2 0 1 1 1 1 1 2 1 1 1 2 2 1 1 1 2 1 2 0 0 2 1 1 2 0 1 1 2 1 1 1 1 1 1 1 0 1 1 0 1 1 2 0 1 2 1 0 1 2 1 1 1 0 2 2 1 1 0 1 0 2 0 0 1
geno chr5.178068117 yri  0 0 2 1 1 1 1 0 0 1 0 0 0 0 0 1 0 0 0 0 1 0 0 1 1 0 0 0 0 0 2 0 1 1 0 1 0 0 0 0 0 0 0 0 0 1 1 0 0 0 0 0 0 0 0 0 0 1 1 1 0 0 2 1 1 0 0 0 0 0 0 0 0 1 1 0 1
geno chr5.178068204 ceu  2 2 2 2 2 2 1 2 2 2 2 2 2 2 2 2 2 1 2 2 2 2 2 2 1 2 1 1 1 2 2 2 2 2 2 2 2 2 1 2 2 1 2 2 2 2 2 2 2 1 2 2 2 1 2 2 1 2 2 2 2 2 2 2 2 2 2 1 2 2 2 2 2 1 2 2 2 2
geno chr5.178068204 fin  2 2 2 2 1 2 1 2 2 2 2 2 2 2 2 2 2 2 2 1 2 2 2 1 1 1 2 2 2 2 2 2 2 2 2 2 2 2 1 2 2 2 2 2 1 2 1 2 2 2 2 2 2 2 1 1 2 1 2 2 1 2 2 2 2 2 1 2 2 1 2 1 2 2 0 2 2 2 2 1 2 2 2 2 2 2 2 2 1
geno chr5.178068204 gbr  2 2 2 2 2 2 2 1 2 2 2 2 2 2 2 2 2 2 1 2 2 2 2 2 2 2 0 2 2 2 2 2 2 2 1 2 1 2 2 2 2 1 2 2 2 2 2 1 2 2 2 1 2 2 2 2 2 1 2 2 2 2 2 2 1 2 2 2 1 2 2 2 2 2 2 2 2 2 0 2 1 2 2 2
geno chr5.178068204 tsi  2 2 2 2 2 1 1 2 2 2 2 1 2 2 2 2 2 2 2 2 2 2 2 2 1 2 2 2 2 2 2 2 2 2 2 2 1 2 2 2 2 1 1 2 2 2 2 1 2 2 2 2 1 2 2 2 2 2 1 2 2 1 2 2 2 2 2 2 2 2 2 2 2 2 2 1 2 2 2 2 2 2 2 2 2 1 1 2 2 2 2 2
geno chr5.178068204 yri  2 1 2 2 1 2 2 2 2 2 2 2 2 2 2 2 2 2 2 2 2 2 2 2 2 2 2 2 2 2 2 1 1 2 1 2 2 2 2 1 1 2 2 2 2 1 2 2 2 2 1 1 2 2 2 1 2 1 1 2 2 0 2 2 2 2 2 2 2 2 2 1 1 2 2 2 1
geno chr5.178068976 ceu  2 2 2 2 2 2 1 2 2 2 2 2 1 2 2 2 2 1 2 2 2 1 2 2 1 2 1 1 1 2 2 2 2 2 2 1 1 2 1 2 2 1 2 2 2 2 1 2 2 1 2 2 2 1 2 2 1 2 2 2 1 2 0 2 2 2 2 1 2 2 1 1 2 1 2 2 2 2
geno chr5.178068976 fin  2 1 2 1 1 2 1 2 2 2 2 2 1 2 2 1 2 2 2 1 2 2 1 1 1 1 2 1 2 2 1 1 2 2 2 2 2 1 1 2 2 1 2 2 1 2 1 2 2 2 2 1 2 2 1 1 0 1 2 2 1 2 1 2 2 2 1 2 2 1 2 1 2 1 0 2 2 2 2 0 1 2 1 2 1 1 2 1 0
geno chr5.178068976 gbr  2 2 2 2 2 2 1 1 2 2 2 2 2 1 2 2 2 2 1 2 2 2 2 2 2 2 0 2 2 2 2 2 2 2 1 2 0 2 2 2 2 1 1 2 2 1 2 1 2 1 2 1 2 2 2 2 2 1 2 1 1 2 2 1 1 2 2 2 1 2 1 2 1 2 2 2 1 2 0 2 0 2 2 2
geno chr5.178068976 tsi  2 2 2 2 2 1 1 2 2 2 2 1 2 2 2 2 2 2 2 1 2 2 2 2 1 2 2 2 2 2 2 2 2 2 2 1 1 2 2 2 2 1 1 2 2 2 1 1 2 2 1 2 0 1 2 2 2 2 1 2 1 1 1 2 1 2 2 1 2 2 1 2 2 1 2 1 2 2 2 2 0 2 2 2 2 1 1 2 2 2 2 2
geno chr5.178068976 yri  0 0 2 2 1 1 1 1 1 1 1 1 1 0 1 2 0 1 2 0 1 1 0 1 1 1 0 1 0 1 2 1 1 2 1 2 1 1 0 1 0 1 0 1 2 1 2 1 0 0 0 0 0 1 1 1 0 1 1 1 1 0 2 1 1 1 0 1 1 1 1 0 0 1 2 0 1
geno chr5.178069043 ceu  2 2 2 2 2 2 1 2 2 2 2 2 2 2 2 2 2 1 2 2 2 2 2 2 1 2 1 1 1 2 2 2 2 2 2 2 1 2 1 2 2 1 2 2 2 2 1 2 2 1 2 2 2 1 2 2 1 2 2 2 1 2 1 2 2 2 2 1 2 2 2 2 2 1 2 2 2 2
geno chr5.178069043 fin  2 2 2 2 1 2 1 2 2 2 2 2 2 2 2 2 2 2 2 1 2 2 2 1 1 1 2 2 2 2 2 2 2 2 2 2 2 2 1 2 2 2 2 2 1 2 1 2 2 2 2 2 2 2 1 1 2 1 2 2 1 2 2 2 2 2 1 2 2 1 2 1 2 2 0 2 2 2 2 1 2 2 2 2 1 2 2 2 1
geno chr5.178069043 gbr  2 2 2 2 2 2 2 1 2 2 2 2 2 2 2 2 2 2 1 2 2 2 2 2 2 2 0 2 2 2 2 2 2 2 1 2 1 2 2 2 2 1 2 2 2 2 2 1 2 1 2 1 2 2 2 2 2 1 2 1 2 2 2 2 1 2 2 2 1 2 2 2 2 2 2 2 2 2 0 2 1 2 2 2
geno chr5.178069043 tsi  2 2 2 2 2 1 1 2 2 2 2 1 2 2 2 2 2 2 2 2 2 2 2 2 1 2 2 2 2 2 2 2 2 2 2 2 1 2 2 2 2 1 1 2 2 2 2 1 1 2 2 2 1 2 2 2 2 2 1 2 2 1 2 2 2 2 2 2 2 2 2 2 2 2 2 1 2 2 2 2 2 2 2 2 2 1 1 2 2 2 2 2
geno chr5.178069043 yri  1 1 2 2 1 2 2 2 1 2 2 2 2 1 2 2 1 2 2 2 2 2 2 2 1 2 2 2 2 2 2 1 1 2 1 2 2 2 2 1 1 2 1 2 2 1 2 2 1 2 1 1 2 2 2 1 2 1 1 2 2 0 2 2 2 2 2 2 2 2 2 0 1 2 2 2 1
geno chr5.178069047 ceu  2 2 2 2 2 2 1 2 2 2 2 2 2 2 2 2 2 1 2 2 2 2 2 2 1 2 1 1 1 2 2 2 2 2 2 2 1 2 1 2 2 1 2 2 2 2 1 2 2 1 2 2 2 1 2 2 1 2 2 2 1 2 1 2 2 2 2 1 2 2 2 2 2 1 2 2 2 2
geno chr5.178069047 fin  2 2 2 2 1 2 1 2 2 2 2 2 2 2 2 2 2 2 2 1 2 2 2 1 1 1 2 2 2 2 2 2 2 2 2 2 2 2 1 2 2 2 2 2 1 2 1 2 2 2 2 2 2 2 1 1 2 1 2 2 1 2 2 2 2 2 1 2 2 1 2 1 2 2 0 2 2 2 2 1 2 2 2 2 1 2 2 2 1
geno chr5.178069047 gbr  2 2 2 2 2 2 2 1 2 2 2 2 2 2 2 2 2 2 1 2 2 2 2 2 2 2 0 2 2 2 2 2 2 2 1 2 1 2 2 2 2 1 2 2 2 2 2 1 2 1 2 1 2 2 2 2 2 1 2 1 2 2 2 2 1 2 2 2 1 2 2 2 2 2 2 2 2 2 0 2 1 2 2 2
geno chr5.178069047 tsi  2 2 2 2 2 1 1 2 2 2 2 1 2 2 2 2 2 2 2 2 2 2 2 2 1 2 2 2 2 2 2 2 2 2 2 2 1 2 2 2 2 1 1 2 2 2 2 1 2 2 2 2 1 2 2 2 2 2 1 2 2 1 2 2 2 2 2 2 2 2 2 2 2 2 2 1 2 2 2 2 2 2 2 2 2 1 1 2 2 2 2 2
geno chr5.178069047 yri  1 1 2 2 1 2 2 2 1 2 2 2 2 1 2 2 1 2 2 2 2 2 2 2 1 2 2 2 2 2 2 1 1 2 1 2 2 2 2 1 1 2 1 2 2 1 2 2 1 2 1 1 2 2 2 1 2 1 1 2 2 0 2 2 2 2 2 2 2 2 2 0 1 2 2 2 1
geno chr5.178069106 ceu  0 0 0 0 0 0 0 0 0 0 0 0 1 0 0 0 0 0 0 0 0 1 0 0 0 0 0 0 0 0 0 0 0 0 0 1 0 0 0 0 0 0 0 0 0 0 0 0 0 0 0 0 0 0 0 0 0 0 0 0 0 0 1 0 0 0 0 0 0 0 1 1 0 0 0 0 0 0
geno chr5.178069106 fin  0 1 0 1 0 0 0 0 0 0 0 0 1 0 0 1 0 0 0 0 0 0 1 0 0 0 0 1 0 0 1 1 0 0 0 0 0 1 0 0 0 1 0 0 0 0 0 0 0 0 0 1 0 0 0 0 2 0 0 0 0 0 1 0 0 0 0 0 0 0 0 0 0 1 0 0 0 0 0 1 1 0 1 0 0 1 0 1 1
geno chr5.178069106 gbr  0 0 0 0 0 0 1 0 0 0 0 0 0 1 0 0 0 0 0 0 0 0 0 0 0 0 0 0 0 0 0 0 0 0 0 0 1 0 0 0 0 0 1 0 0 1 0 0 0 0 0 0 0 0 0 0 0 0 0 0 1 0 0 1 0 0 0 0 0 0 1 0 1 0 0 0 1 0 0 0 1 0 0 0
geno chr5.178069106 tsi  0 0 0 0 0 0 0 0 0 0 0 0 0 0 0 0 0 0 0 1 0 0 0 0 0 0 0 0 0 0 0 0 0 0 0 1 0 0 0 0 0 0 0 0 0 0 1 0 0 0 1 0 1 1 0 0 0 0 0 0 1 0 1 0 1 0 0 1 0 0 1 0 0 1 0 0 0 0 0 0 2 0 0 0 0 0 0 0 0 0 0 0
geno chr5.178069106 yri  1 1 0 0 0 1 1 1 0 1 1 1 1 1 1 0 1 1 0 2 1 1 2 1 0 1 2 1 2 1 0 0 0 0 0 0 1 1 2 0 1 1 1 1 0 0 0 1 1 2 1 1 2 1 1 0 2 0 0 1 1 0 0 1 1 1 2 1 1 1 1 0 1 1 0 2 0
geno chr5.178069547 ceu  1 1 1 0 2 1 1 1 0 0 2 1 2 2 0 1 2 0 1 1 0 2 2 0 1 1 0 0 0 0 1 1 1 0 0 1 0 1 0 0 1 0 1 1 2 1 0 1 0 0 2 1 1 0 1 2 0 1 0 1 0 2 1 1 1 0 1 0 2 1 1 1 1 0 2 1 1 1
geno chr5.178069547 fin  2 2 1 2 1 1 1 2 1 0 1 2 2 1 1 1 1 1 2 0 1 0 1 0 1 0 0 1 1 2 2 2 0 2 1 2 1 2 0 1 1 2 2 2 0 1 1 2 2 0 2 1 0 2 0 0 2 1 0 1 0 1 1 1 1 2 1 1 1 0 2 0 1 2 0 2 0 1 0 1 2 1 1 1 1 2 1 1 1
geno chr5.178069547 gbr  0 2 1 2 0 1 1 1 1 1 1 0 0 1 1 1 2 1 0 2 2 0 1 1 2 0 0 0 1 0 1 2 2 1 0 0 1 1 1 1 0 0 2 1 1 2 1 1 0 0 0 0 1 1 2 0 1 0 0 1 1 1 0 1 0 2 0 1 1 1 2 1 2 0 1 0 1 1 0 1 1 1 1 2
geno chr5.178069547 tsi  1 1 2 1 1 1 0 0 1 1 1 0 1 0 0 0 2 2 1 1 2 0 1 2 0 1 2 0 2 1 1 1 1 1 0 1 0 1 0 0 1 0 0 0 1 0 2 1 0 1 1 0 1 1 1 0 1 1 0 1 1 0 1 2 1 1 2 1 1 0 2 1 0 1 2 0 0 1 1 1 2 0 0 1 1 1 0 2 0 2 2 1
geno chr5.178069547 yri  1 1 0 1 0 1 1 2 1 1 2 2 2 1 2 1 1 2 2 2 1 2 2 1 0 2 2 2 2 2 0 1 0 1 1 1 2 2 2 1 1 2 1 2 2 0 1 2 1 2 1 1 2 2 2 1 2 0 0 1 2 0 0 1 1 2 2 2 2 2 2 0 1 1 1 2 0
geno chr5.178069682 ceu  1 1 1 0 2 1 1 1 0 0 2 1 1 2 0 1 2 0 1 1 0 1 2 0 1 1 0 0 0 0 1 1 1 0 0 0 0 1 0 0 1 0 1 1 2 1 0 1 0 0 2 1 1 0 1 2 0 1 0 1 0 2 0 1 1 0 1 0 2 1 0 0 1 0 2 1 1 1
geno chr5.178069682 fin  2 1 1 1 1 1 1 2 1 0 1 2 1 1 1 0 1 1 2 0 1 0 0 0 1 0 0 0 1 2 1 1 0 2 1 2 1 1 0 1 1 1 2 2 0 1 1 2 2 0 2 0 0 2 0 0 0 1 0 1 0 1 0 1 1 2 1 1 1 0 2 0 1 1 0 2 0 1 0 0 1 1 0 1 1 1 1 0 0
geno chr5.178069682 gbr  0 2 1 2 0 1 0 1 1 1 1 0 0 0 1 1 2 1 0 2 2 0 1 1 2 0 0 0 1 0 1 2 2 1 0 0 0 1 1 1 0 0 1 1 1 1 1 1 0 0 0 0 1 1 2 0 1 0 0 1 0 1 0 0 0 2 0 1 1 1 1 1 1 0 1 0 0 1 0 1 0 1 1 2
geno chr5.178069682 tsi  1 1 2 1 1 1 0 0 1 1 1 0 1 0 0 0 2 2 1 0 2 0 1 2 0 1 2 0 2 1 1 1 1 1 0 0 0 1 0 0 1 0 0 0 1 0 1 1 0 1 0 0 0 0 1 0 1 1 0 1 0 0 0 2 0 1 2 0 1 0 1 1 0 0 2 0 0 1 1 1 0 0 0 1 1 1 0 2 0 2 2 1
geno chr5.178069682 yri  0 0 0 0 0 0 0 1 1 0 1 1 0 0 1 1 0 1 1 0 0 1 0 0 0 0 0 0 0 1 0 1 0 0 0 1 1 0 0 1 0 1 0 0 2 0 1 0 0 0 0 0 0 1 1 1 0 0 0 0 1 0 0 0 0 1 0 0 0 0 1 0 0 0 0 0 0
geno chr5.178069708 ceu  1 1 1 0 2 1 1 1 0 0 2 1 2 2 0 1 2 0 1 1 0 2 2 0 1 1 0 0 0 0 1 1 1 0 0 1 0 1 0 0 1 0 1 1 2 1 0 1 0 0 2 1 1 0 1 2 0 1 0 1 0 2 1 1 1 0 1 0 2 1 1 1 1 0 2 1 1 1
geno chr5.178069708 fin  2 2 1 2 1 1 1 2 1 0 1 2 2 1 1 1 1 1 2 0 1 0 1 0 1 0 0 1 1 2 2 2 0 2 1 2 1 2 0 1 1 2 2 2 0 1 1 2 2 0 2 1 0 2 0 0 2 1 0 1 0 1 1 1 1 2 1 1 1 0 2 0 1 2 0 2 0 1 0 1 2 1 1 1 1 2 1 1 1
geno chr5.178069708 gbr  0 2 1 2 0 1 1 1 1 1 1 0 0 1 1 1 2 1 0 2 2 0 1 1 2 0 0 0 1 0 1 2 2 1 0 0 1 1 1 1 0 0 2 1 1 2 1 1 0 0 0 0 1 1 2 0 1 0 0 1 1 1 0 1 0 2 0 1 1 1 2 1 2 0 1 0 1 1 0 1 1 1 1 2
geno chr5.178069708 tsi  1 1 2 1 1 1 0 0 1 1 1 0 1 0 0 0 2 2 1 1 2 0 1 2 0 1 2 0 2 1 1 1 1 1 0 1 0 1 0 0 1 0 0 0 1 0 2 1 0 1 1 0 1 1 1 0 1 1 0 1 1 0 1 2 1 1 2 1 1 0 2 1 0 1 2 0 0 1 1 1 2 0 0 1 1 1 0 2 0 2 2 1
geno chr5.178069708 yri  1 1 0 1 0 1 1 2 1 1 2 2 2 1 2 1 1 2 2 2 1 2 2 1 0 2 2 2 2 2 0 1 0 1 1 1 2 2 2 1 1 2 1 2 2 0 1 2 1 2 1 1 2 2 2 1 2 0 0 1 2 0 0 1 1 2 2 2 2 2 2 0 1 1 1 2 0
geno chr5.178070339 ceu  1 1 1 0 2 1 1 1 0 0 2 1 1 2 0 1 2 0 1 1 0 1 2 0 1 1 0 0 0 0 1 1 1 0 0 0 0 1 0 0 1 0 1 1 2 1 0 1 0 0 2 1 1 0 1 2 0 1 0 1 0 2 0 1 1 0 1 0 2 1 0 0 1 0 2 1 1 1
geno chr5.178070339 fin  2 1 1 1 1 1 1 2 1 0 1 2 1 1 1 0 1 1 2 0 1 0 0 0 1 0 0 0 1 2 1 1 0 2 1 2 1 1 0 1 1 1 2 2 0 1 1 2 2 0 2 0 0 2 0 0 0 1 0 1 0 1 0 1 1 2 1 1 1 0 2 0 1 1 0 2 0 1 0 0 1 1 0 1 1 1 1 0 0
geno chr5.178070339 gbr  0 2 1 2 0 1 0 1 1 1 1 0 0 0 1 1 2 1 0 2 2 0 1 1 2 0 0 0 1 0 1 2 2 1 0 0 0 1 1 1 0 0 1 1 1 1 1 1 0 0 0 0 1 1 2 0 1 0 0 1 0 1 0 0 0 2 0 1 1 1 1 1 1 0 1 0 0 1 0 1 0 1 1 2
geno chr5.178070339 tsi  1 1 2 1 1 1 0 0 1 1 1 0 1 0 0 0 2 2 1 0 2 0 1 2 0 1 2 0 2 1 1 1 1 1 0 0 0 1 0 0 1 0 0 0 1 0 1 1 0 1 0 0 0 0 1 0 1 1 0 1 0 0 0 2 0 1 2 0 1 0 1 1 0 0 2 0 0 1 1 1 0 0 0 1 1 1 0 2 0 2 2 1
geno chr5.178070339 yri  0 0 0 0 0 0 0 1 1 0 1 1 0 0 1 1 0 1 1 0 0 1 0 0 0 0 0 0 0 1 0 1 0 0 0 1 1 0 0 1 0 1 0 0 2 0 1 0 1 0 0 0 0 1 1 1 0 0 0 0 1 0 0 0 0 1 0 0 0 0 1 0 0 0 0 0 0
geno chr5.178070473 ceu  1 1 1 0 2 1 1 1 0 0 2 1 2 2 0 1 2 0 1 1 0 2 2 0 1 1 0 0 0 0 1 1 1 0 0 1 0 1 0 0 1 0 1 1 2 1 0 1 0 0 2 1 1 0 1 2 0 1 0 1 0 2 1 1 1 0 1 0 2 1 1 1 1 0 2 1 1 1
geno chr5.178070473 fin  2 2 1 2 1 1 1 2 1 0 1 2 2 1 1 1 1 1 2 0 1 0 1 0 1 0 0 1 1 2 2 2 0 2 1 2 1 2 0 1 1 2 2 2 0 1 1 2 2 0 2 1 0 2 0 0 2 1 0 1 0 1 1 1 1 2 1 1 1 0 2 0 1 2 0 2 0 1 0 1 2 1 1 1 1 2 1 1 1
geno chr5.178070473 gbr  0 2 1 2 0 1 1 1 1 1 1 0 0 1 1 1 2 1 0 2 2 0 1 1 2 0 0 0 1 0 1 2 2 1 0 0 1 1 1 1 0 0 2 1 1 2 1 1 0 0 0 0 1 1 2 0 1 0 0 1 1 1 0 1 0 2 0 1 1 1 2 1 2 0 1 0 1 1 0 1 1 1 1 2
geno chr5.178070473 tsi  1 1 2 1 1 1 0 0 1 1 1 0 1 0 0 0 2 2 1 1 2 0 1 2 0 1 2 0 2 1 1 1 1 1 0 1 0 1 0 0 1 0 0 0 1 0 2 1 0 1 1 0 1 1 1 0 1 1 0 1 1 0 1 2 1 1 2 1 1 0 2 1 0 1 2 0 0 1 1 1 2 0 0 1 1 1 0 2 0 2 2 1
geno chr5.178070473 yri  1 1 0 1 0 1 1 2 1 1 2 2 2 1 2 1 1 2 2 2 1 2 2 1 0 2 2 2 2 2 0 1 0 1 1 1 2 2 2 1 1 2 1 2 2 0 1 2 2 2 1 1 2 2 2 1 2 0 0 1 2 0 0 1 1 2 2 2 2 2 2 0 1 1 1 2 0
geno chr5.178070501 ceu  1 1 1 0 2 1 1 1 0 0 2 1 1 2 0 1 2 0 1 1 0 1 2 0 1 1 0 0 0 0 1 1 1 0 0 0 0 1 0 0 1 0 1 1 2 1 0 1 0 0 2 1 1 0 1 2 0 1 0 1 0 2 0 1 1 0 1 0 2 1 0 0 1 0 2 1 1 1
geno chr5.178070501 fin  2 1 1 1 1 1 1 2 1 0 1 2 1 1 1 0 1 1 2 0 1 0 0 0 1 0 0 0 1 2 1 1 0 2 1 2 1 1 0 1 1 1 2 2 0 1 1 2 2 0 2 0 0 2 0 0 0 1 0 1 0 1 0 1 1 2 1 1 1 0 2 0 1 1 0 2 0 1 0 0 1 1 0 1 1 1 1 0 0
geno chr5.178070501 gbr  0 2 1 2 0 1 0 1 1 1 1 0 0 0 1 1 2 1 0 2 2 0 1 1 2 0 0 0 1 0 1 2 2 1 0 0 0 1 1 1 0 0 1 1 1 1 1 1 0 0 0 0 1 1 2 0 1 0 0 1 0 1 0 0 0 2 0 1 1 1 1 1 1 0 1 0 0 1 0 1 0 1 1 2
geno chr5.178070501 tsi  1 1 2 1 1 1 0 0 1 1 1 0 1 0 0 0 2 2 1 0 2 0 1 2 0 1 2 0 2 1 1 1 1 1 0 0 0 1 0 0 1 0 0 0 1 0 1 1 0 1 0 0 0 0 1 0 1 1 0 1 0 0 0 2 0 1 2 0 1 0 1 1 0 0 2 0 0 1 1 1 0 0 0 1 1 1 0 2 0 2 2 1
geno chr5.178070501 yri  0 0 0 0 0 0 0 1 1 0 1 1 0 0 1 1 0 1 1 0 0 1 0 0 0 0 0 0 0 1 0 1 0 0 0 1 1 0 0 1 0 1 0 0 2 0 1 0 1 0 0 0 0 1 1 1 0 0 0 0 1 0 0 0 0 1 0 0 0 0 1 0 0 0 0 0 0
geno chr5.178070506 ceu  1 1 1 0 2 1 1 1 0 0 2 1 2 2 0 1 2 0 1 1 0 2 2 0 1 1 0 0 0 0 1 1 1 0 0 1 0 1 0 0 1 0 1 1 2 1 0 1 0 0 2 1 1 0 1 2 0 1 0 1 0 2 1 1 1 0 1 0 2 1 1 1 1 0 2 1 1 1
geno chr5.178070506 fin  2 2 1 2 1 1 1 1 1 0 1 2 2 1 1 1 1 1 2 0 1 0 1 0 1 0 0 1 1 2 2 2 0 2 1 2 1 2 0 1 1 2 2 2 0 1 1 2 2 0 2 1 0 2 0 0 2 1 0 1 0 0 1 1 1 2 1 1 1 0 2 0 1 2 0 2 0 1 0 1 2 1 1 1 1 2 1 1 1
geno chr5.178070506 gbr  0 2 1 2 0 1 1 1 1 1 1 0 0 1 1 1 2 1 0 2 2 0 1 1 2 0 0 0 1 0 1 2 2 1 0 0 1 1 1 1 0 0 2 1 1 2 1 1 0 0 0 0 1 1 2 0 1 0 0 1 1 1 0 1 0 2 0 1 1 1 2 1 2 0 1 0 1 1 0 1 1 1 1 2
geno chr5.178070506 tsi  1 1 2 1 1 1 0 0 1 1 1 0 1 0 0 0 2 2 1 1 2 0 1 2 0 1 2 0 2 1 1 1 1 1 0 1 0 1 0 0 1 0 0 0 1 0 2 1 0 1 1 0 1 1 1 0 1 1 0 1 1 0 1 2 1 1 2 1 1 0 2 1 0 1 2 0 0 1 1 1 2 0 0 1 1 1 0 2 0 2 2 1
geno chr5.178070506 yri  1 1 0 1 0 1 1 2 1 1 2 2 2 1 2 1 1 2 2 2 1 2 2 1 0 2 2 2 2 2 0 1 0 1 1 1 2 2 2 1 1 2 1 2 2 0 1 2 2 2 1 1 2 2 2 1 2 0 0 1 2 0 0 1 1 2 2 2 2 2 2 0 1 1 1 2 0
geno chr5.178070722 ceu  2 2 2 2 2 2 1 2 2 2 2 2 2 2 2 2 2 1 2 2 2 2 2 2 1 2 1 1 1 2 2 2 2 2 2 2 2 2 1 2 2 1 2 2 2 2 2 2 2 1 2 2 2 1 2 2 1 2 2 2 2 2 2 2 2 2 2 1 2 2 2 2 2 1 2 2 2 2
geno chr5.178070722 fin  2 2 2 2 1 2 1 2 2 2 2 2 2 2 2 2 2 2 2 1 2 2 2 1 1 1 2 2 2 2 2 2 2 2 2 2 2 2 1 2 2 2 2 2 1 2 1 2 2 2 2 2 2 2 1 1 2 1 2 2 1 2 2 2 2 2 1 2 2 1 2 1 2 2 0 2 2 2 2 1 2 2 2 2 2 2 2 2 1
geno chr5.178070722 gbr  2 2 2 2 2 2 2 1 2 2 2 2 2 2 2 2 2 2 1 2 2 2 2 2 2 2 0 2 2 2 2 2 2 2 1 2 1 2 2 2 2 1 2 2 2 2 2 1 2 2 2 1 2 2 2 2 2 1 2 2 2 2 2 2 1 2 2 2 1 2 2 2 2 2 2 2 2 2 0 2 1 2 2 2
geno chr5.178070722 tsi  2 2 2 2 2 1 1 2 2 2 2 1 2 2 2 2 2 2 2 2 2 2 2 2 1 2 2 2 2 2 2 2 2 2 2 2 1 2 2 2 2 1 1 2 2 2 2 1 2 2 2 2 1 2 2 2 2 2 1 2 2 1 2 2 2 2 2 2 2 2 2 2 2 2 2 1 2 2 2 2 2 2 2 2 2 1 1 2 2 2 2 2
geno chr5.178070722 yri  2 1 2 2 1 2 2 2 2 2 2 2 2 2 2 2 2 2 2 2 2 2 2 2 2 2 2 2 2 2 2 1 1 2 1 2 2 2 2 1 1 2 2 2 2 1 2 2 2 2 1 1 2 2 2 1 2 1 1 2 2 0 2 2 2 2 2 2 2 2 2 1 1 2 2 2 1
geno chr5.178070753 ceu  1 1 1 2 0 1 0 1 2 2 0 1 0 0 2 1 0 1 1 1 2 0 0 2 0 1 1 1 1 2 1 1 1 2 2 1 1 1 1 2 1 1 1 1 0 1 1 1 2 1 0 1 1 1 1 0 1 1 2 1 1 0 0 1 1 2 1 1 0 1 1 1 1 1 0 1 1 1
geno chr5.178070753 fin  0 0 1 0 0 1 0 0 1 2 1 0 0 1 1 1 1 1 0 1 1 2 1 1 0 1 2 1 1 0 0 0 2 0 1 0 1 0 1 1 1 0 0 0 1 1 0 0 0 2 0 1 2 0 1 1 0 0 2 1 1 1 1 1 1 0 0 1 1 1 0 1 1 0 0 0 2 1 2 0 0 1 1 1 0 0 1 1 0
geno chr5.178070753 gbr  2 0 1 0 2 1 1 0 1 1 1 2 2 1 1 1 0 1 1 0 0 2 1 1 0 2 0 2 1 2 1 0 0 1 1 2 0 1 1 1 2 1 0 1 1 0 1 0 2 1 2 1 1 1 0 2 1 1 2 0 1 1 2 1 1 0 2 1 0 1 0 1 0 2 1 2 1 1 0 1 0 1 1 0
geno chr5.178070753 tsi  1 1 0 1 1 0 1 2 1 1 1 1 1 2 2 2 0 0 1 1 0 2 1 0 1 1 0 2 0 1 1 1 1 1 2 1 1 1 2 2 1 1 1 2 1 2 0 0 2 1 1 2 0 1 1 2 1 1 1 1 1 1 1 0 1 1 0 1 1 2 0 1 2 1 0 1 2 1 1 1 0 2 2 1 1 0 1 0 2 0 0 1
geno chr5.178070753 yri  0 0 2 1 1 1 1 0 0 1 0 0 0 0 0 1 0 0 0 0 1 0 0 1 1 0 0 0 0 0 2 0 1 1 0 1 0 0 0 0 0 0 0 0 0 1 1 0 0 0 0 0 0 0 0 0 0 1 1 1 0 0 2 1 1 0 0 0 0 0 0 0 0 1 1 0 1
geno chr5.178070803 ceu  1 1 1 0 2 1 1 1 0 0 2 1 1 2 0 1 2 0 1 1 0 1 2 0 1 1 0 0 0 0 1 1 1 0 0 0 0 1 0 0 1 0 1 1 2 1 0 1 0 0 2 1 1 0 1 2 0 1 0 1 0 2 0 1 1 0 1 0 2 1 0 0 1 0 2 1 1 1
geno chr5.178070803 fin  2 1 1 1 1 1 1 2 1 0 1 2 1 1 1 0 1 1 2 0 1 0 0 0 1 0 0 0 1 2 1 1 0 2 1 2 1 1 0 1 1 1 2 2 0 1 1 2 2 0 2 0 0 2 0 0 0 1 0 1 0 1 0 1 1 2 1 1 1 0 2 0 1 1 0 2 0 1 0 0 1 1 0 1 1 1 1 0 0
geno chr5.178070803 gbr  0 2 1 2 0 1 0 1 1 1 1 0 0 0 1 1 2 1 0 2 2 0 1 1 2 0 0 0 1 0 1 2 2 1 0 0 0 1 1 1 0 0 1 1 1 1 1 1 0 0 0 0 1 1 2 0 1 0 0 1 0 1 0 0 0 2 0 1 1 1 1 1 1 0 1 0 0 1 0 1 0 1 1 2
geno chr5.178070803 tsi  1 1 2 1 1 1 0 0 1 1 1 0 1 0 0 0 2 2 1 0 2 0 1 2 0 1 2 0 2 1 1 1 1 1 0 0 0 1 0 0 1 0 0 0 1 0 1 1 0 1 0 0 0 0 1 0 1 1 0 1 0 0 0 2 0 1 2 0 1 0 1 1 0 0 2 0 0 1 1 1 0 0 0 1 1 1 0 2 0 2 2 1
geno chr5.178070803 yri  0 0 0 0 0 0 0 1 1 0 1 1 0 0 1 1 0 1 1 0 0 1 0 0 0 0 0 0 0 1 0 1 0 0 0 1 1 0 0 1 0 1 0 0 2 0 1 0 1 0 0 0 0 1 1 1 0 0 0 0 1 0 0 0 0 1 0 0 0 0 1 0 0 0 0 0 0
geno chr5.178071129 ceu  1 1 1 0 2 1 1 1 0 0 2 1 1 2 0 1 2 0 1 1 0 1 2 0 1 1 0 0 0 0 1 1 1 0 0 0 0 1 0 0 1 0 1 1 2 1 0 1 0 0 2 1 1 0 1 2 0 1 0 1 0 1 0 1 1 0 1 0 2 1 0 0 1 0 2 1 1 1
geno chr5.178071129 fin  2 1 1 1 1 1 1 2 1 0 1 2 1 1 1 0 1 1 2 0 1 0 0 0 1 0 0 0 1 2 1 1 0 2 1 2 1 1 0 1 1 0 2 2 0 1 1 2 2 0 2 0 0 2 0 0 0 1 0 1 0 1 0 1 0 1 0 1 1 0 1 0 0 1 0 1 0 1 0 0 1 0 0 1 1 1 1 0 0
geno chr5.178071129 gbr  0 1 1 1 0 1 0 1 1 1 1 0 0 0 1 1 2 1 0 1 2 0 1 1 2 0 0 0 0 0 1 1 2 1 0 0 0 1 1 1 0 0 1 1 1 1 1 1 0 0 0 0 1 1 2 0 0 0 0 1 0 1 0 0 0 2 0 1 1 1 1 1 1 0 1 0 0 1 0 1 0 1 1 2
geno chr5.178071129 tsi  1 1 2 1 0 1 0 0 1 1 1 0 1 0 0 0 2 2 1 0 2 0 1 2 0 1 2 0 2 1 1 1 1 1 0 0 0 1 0 0 1 0 0 0 1 0 1 1 0 1 0 0 0 0 1 0 1 1 0 1 0 0 0 2 0 1 2 0 1 0 1 1 0 0 2 0 0 1 1 1 0 0 0 1 1 1 0 2 0 2 2 1
geno chr5.178071129 yri  0 0 0 0 0 0 0 1 1 0 1 1 0 1 1 1 0 1 1 0 0 1 0 0 0 0 0 0 0 0 0 0 0 0 0 1 1 0 0 1 0 0 0 0 2 0 1 0 1 0 0 0 0 1 1 1 0 0 0 0 1 0 0 0 0 1 0 0 0 0 1 0 0 0 0 0 0
geno chr5.178071130 ceu  1 1 1 0 2 1 1 1 0 0 2 1 1 2 0 1 2 0 1 1 0 1 2 0 1 1 0 0 0 0 1 1 1 0 0 0 0 1 0 0 1 0 1 1 2 1 0 1 0 0 2 1 1 0 1 2 0 1 0 1 0 2 0 1 1 0 1 0 2 1 0 0 1 0 2 1 1 1
geno chr5.178071130 fin  2 1 1 1 1 1 1 2 1 0 1 2 1 1 1 0 1 1 2 0 1 0 0 0 1 0 0 0 1 2 1 1 0 2 1 2 1 1 0 1 1 0 2 2 0 1 1 2 2 0 2 0 0 2 0 0 0 1 0 1 0 1 0 1 0 1 0 1 0 0 1 0 0 1 0 1 0 1 0 0 1 0 0 1 1 1 1 0 0
geno chr5.178071130 gbr  0 1 1 1 0 1 0 1 1 1 1 0 0 0 1 1 2 1 0 1 2 0 1 1 2 0 0 0 0 0 1 1 2 1 0 0 0 1 1 1 0 0 1 1 1 1 1 1 0 0 0 0 1 1 2 0 0 0 0 1 0 1 0 0 0 2 0 1 1 1 1 1 1 0 1 0 0 1 0 1 0 1 1 2
geno chr5.178071130 tsi  1 1 2 1 0 1 0 0 1 1 1 0 1 0 0 0 2 2 1 0 2 0 1 2 0 1 2 0 2 1 1 1 1 1 0 0 0 1 0 0 1 0 0 0 1 0 1 1 0 1 0 0 0 0 1 0 1 1 0 1 0 0 0 2 0 1 2 0 1 0 1 1 0 0 2 0 0 1 1 1 0 0 0 1 1 1 0 2 0 2 2 1
geno chr5.178071130 yri  0 0 0 0 0 0 0 1 1 0 1 1 0 1 1 1 0 1 1 0 0 1 0 0 0 0 0 0 0 0 0 0 0 0 0 1 1 0 0 1 0 0 0 0 2 0 1 0 1 0 0 0 0 1 1 1 0 0 0 0 1 0 0 0 0 1 0 0 0 0 1 0 0 0 0 0 0
geno chr5.178071546 ceu  1 1 1 0 2 1 1 1 0 0 2 1 2 2 0 1 2 0 1 1 0 2 2 0 1 1 0 0 0 0 1 1 1 0 0 1 0 1 0 0 1 0 1 1 2 1 0 1 0 0 2 1 1 0 1 2 0 1 0 1 0 2 1 1 1 0 1 0 2 1 1 1 1 0 2 1 1 1
geno chr5.178071546 fin  2 2 1 2 1 1 1 2 1 0 1 2 2 1 1 1 1 1 2 0 1 0 1 0 1 0 0 1 1 2 2 2 0 2 1 2 1 2 0 1 1 2 2 2 0 1 1 2 2 0 2 1 0 2 0 0 2 1 0 1 0 1 1 1 1 2 1 1 1 0 2 0 1 2 0 2 0 1 0 1 2 1 1 1 1 2 1 1 1
geno chr5.178071546 gbr  0 2 1 2 0 1 1 1 1 1 1 0 0 1 1 1 2 1 0 2 2 0 1 1 2 0 0 0 1 0 1 2 2 1 0 0 1 1 1 1 0 0 2 1 1 2 1 1 0 0 0 0 1 1 2 0 1 0 0 1 1 1 0 1 0 2 0 1 1 1 2 1 2 0 1 0 1 1 0 1 1 1 1 2
geno chr5.178071546 tsi  1 1 2 1 1 1 0 0 1 1 1 0 1 0 0 0 2 2 1 1 2 0 1 2 0 1 2 0 2 1 1 1 1 1 0 1 0 1 0 0 1 0 0 0 1 0 2 1 0 1 1 0 1 1 1 0 1 1 0 1 1 0 1 2 1 1 2 1 1 0 2 1 0 1 2 0 0 1 1 1 2 0 0 1 1 1 0 2 0 2 2 1
geno chr5.178071546 yri  1 1 0 1 0 1 1 2 1 1 2 1 2 2 2 1 1 2 1 2 1 2 2 1 0 2 2 2 2 2 0 1 0 1 1 1 2 2 2 1 1 2 2 2 1 0 1 2 2 2 1 1 2 2 2 1 2 0 0 1 2 0 0 1 1 2 2 2 2 2 2 1 1 1 1 2 0
geno chr5.178071766 ceu  1 1 1 0 2 1 1 1 0 0 2 1 1 2 0 1 2 0 1 1 0 1 2 0 1 1 0 0 0 0 1 1 1 0 0 0 0 1 0 0 1 0 1 1 2 1 0 1 0 0 2 1 1 0 1 2 0 1 0 1 0 2 0 1 1 0 1 0 2 1 0 0 1 0 2 1 1 1
geno chr5.178071766 fin  2 1 1 1 1 1 1 2 1 0 1 2 1 1 1 0 1 1 2 0 1 0 0 0 1 0 0 0 1 2 1 1 0 2 1 2 1 1 0 1 1 1 2 2 0 1 1 2 2 0 2 0 0 2 0 0 0 1 0 1 0 1 0 1 1 2 1 1 1 0 2 0 1 1 0 2 0 1 0 0 1 1 0 1 1 1 1 0 0
geno chr5.178071766 gbr  0 2 1 2 0 1 0 1 1 1 1 0 0 0 1 1 2 1 0 2 2 0 1 1 2 0 0 0 1 0 1 2 2 1 0 0 0 1 1 1 0 0 1 1 1 1 1 1 0 0 0 0 1 1 2 0 1 0 0 1 0 1 0 0 0 2 0 1 1 1 1 1 1 0 1 0 0 1 0 1 0 1 1 2
geno chr5.178071766 tsi  1 1 2 1 1 1 0 0 1 1 1 0 1 0 0 0 2 2 1 0 2 0 1 2 0 1 2 0 2 1 1 1 1 1 0 0 0 1 0 0 1 0 0 0 1 0 1 1 0 1 0 0 1 0 1 0 1 1 0 1 0 0 0 2 0 1 2 0 1 0 1 1 0 0 2 0 0 1 1 1 0 0 0 1 1 1 0 2 0 2 2 1
geno chr5.178071766 yri  0 0 0 0 0 0 0 1 1 0 1 1 0 1 1 1 0 1 1 0 0 1 0 0 0 0 0 0 0 1 0 1 0 0 0 1 1 0 0 1 0 1 1 0 2 0 1 0 1 0 0 0 0 1 1 1 0 0 0 0 1 0 0 0 0 1 0 0 0 0 1 1 0 0 0 0 0
geno chr5.178072146 ceu  0 0 0 0 0 0 0 0 0 0 0 0 1 0 0 0 0 0 0 0 0 1 0 0 0 0 0 0 0 0 0 0 0 0 0 1 0 0 0 0 0 0 0 0 0 0 0 0 0 0 0 0 0 0 0 0 0 0 0 0 0 0 1 0 0 0 0 0 0 0 1 1 0 0 0 0 0 0
geno chr5.178072146 fin  0 1 0 1 0 0 0 0 0 0 0 0 1 0 0 1 0 0 0 0 0 0 1 0 0 0 0 1 0 0 1 1 0 0 0 0 0 1 0 0 0 1 0 0 0 0 0 0 0 0 0 1 0 0 0 0 2 0 0 0 0 0 1 0 0 0 0 0 0 0 0 0 0 1 0 0 0 0 0 1 1 0 1 0 0 1 0 1 1
geno chr5.178072146 gbr  0 0 0 0 0 0 1 0 0 0 0 0 0 1 0 0 0 0 0 0 0 0 0 0 0 0 0 0 0 0 0 0 0 0 0 0 1 0 0 0 0 0 1 0 0 1 0 0 0 0 0 0 0 0 0 0 0 0 0 0 1 0 0 1 0 0 0 0 0 0 1 0 1 0 0 0 1 0 0 0 1 0 0 0
geno chr5.178072146 tsi  0 0 0 0 0 0 0 0 0 0 0 0 0 0 0 0 0 0 0 1 0 0 0 0 0 0 0 0 0 0 0 0 0 0 0 1 0 0 0 0 0 0 0 0 0 0 1 0 0 0 1 0 1 1 0 0 0 0 0 0 1 0 1 0 1 0 0 1 0 0 1 0 0 1 0 0 0 0 0 0 2 0 0 0 0 0 0 0 0 0 0 0
geno chr5.178072146 yri  1 1 0 0 0 1 1 1 0 1 1 1 1 1 1 0 1 1 0 2 1 1 2 1 0 1 2 1 2 1 0 0 0 0 1 0 1 2 2 0 1 1 1 1 0 0 0 1 1 2 1 1 2 1 1 0 2 0 0 1 1 0 0 1 1 1 2 1 1 1 1 0 1 1 0 2 0
geno chr5.178072159 ceu  0 0 0 0 0 0 0 1 0 0 0 1 0 0 0 0 1 0 0 1 0 0 0 0 0 0 0 0 0 0 0 0 0 0 0 0 0 0 0 0 0 0 0 1 1 0 0 0 0 0 0 0 0 0 1 0 0 0 0 0 0 0 0 0 0 0 0 0 0 0 0 0 0 0 0 0 0 0
geno chr5.178072159 fin  0 0 0 0 0 1 0 0 0 0 0 0 1 0 0 0 1 0 1 0 0 0 0 0 0 0 0 0 0 0 1 0 0 2 0 0 0 1 0 1 0 0 2 0 0 0 1 0 1 0 0 0 0 1 0 0 0 0 0 0 0 0 0 0 0 0 0 0 0 0 0 0 0 0 0 1 0 0 0 0 0 1 0 0 1 0 1 0 0
geno chr5.178072159 gbr  0 0 0 1 0 0 0 0 0 0 0 0 0 0 0 0 0 0 0 0 0 0 0 0 1 0 0 0 0 0 1 0 0 0 0 0 0 0 1 0 0 0 0 0 0 1 0 1 0 0 0 0 0 0 0 0 0 0 0 0 0 0 0 0 0 0 0 0 0 0 0 0 0 0 1 0 0 0 0 0 0 0 0 0
geno chr5.178072159 tsi  0 0 0 0 0 0 0 0 0 0 0 0 0 0 0 0 1 1 1 0 0 0 0 0 0 0 0 0 0 0 0 0 0 0 0 0 0 0 0 0 0 0 0 0 0 0 0 1 0 1 0 0 0 0 0 0 0 1 0 0 0 0 0 0 0 0 0 0 0 0 0 0 0 0 0 0 0 0 0 0 0 0 0 0 0 0 0 1 0 1 0 0
geno chr5.178072159 yri  0 0 0 0 0 0 0 0 0 0 0 0 0 0 0 0 0 0 0 0 0 0 0 0 0 0 0 0 0 0 0 0 0 0 0 0 0 0 0 0 0 0 0 0 0 0 0 0 0 0 0 0 0 0 0 0 0 0 0 0 0 0 0 0 0 0 0 0 0 0 0 0 0 0 0 0 0
geno chr5.178072229 ceu  1 1 1 0 2 1 1 1 0 0 2 1 2 2 0 1 2 0 1 1 0 2 2 0 1 1 0 0 0 0 1 1 1 0 0 1 0 1 0 0 1 0 1 1 2 1 0 1 0 0 2 1 1 0 1 2 0 1 0 1 0 2 1 1 1 0 1 0 2 1 1 1 1 0 2 1 1 1
geno chr5.178072229 fin  2 2 1 2 1 1 1 2 1 0 1 2 2 1 1 1 1 1 2 0 1 0 1 0 1 0 0 1 1 2 2 2 0 2 1 2 1 2 0 1 1 2 2 2 0 1 1 2 2 0 2 1 0 2 0 0 2 1 0 1 0 1 1 1 1 2 1 1 1 0 2 0 1 2 0 2 0 1 0 1 2 1 1 1 1 2 1 1 1
geno chr5.178072229 gbr  0 2 1 2 0 1 1 1 1 1 1 0 0 1 1 1 2 1 0 2 2 0 1 1 2 0 0 0 1 0 1 2 2 1 0 0 1 1 1 1 0 0 2 1 1 2 1 1 0 0 0 0 1 1 2 0 1 0 0 1 1 1 0 1 0 2 0 1 1 1 2 1 2 0 1 0 1 1 0 1 1 1 1 2
geno chr5.178072229 tsi  1 1 2 1 1 1 0 0 1 1 1 0 1 0 0 0 2 2 1 1 2 0 1 2 0 1 2 0 2 1 1 1 1 1 0 1 0 1 0 0 1 0 0 0 1 0 2 1 0 1 1 0 2 1 1 0 1 1 0 1 1 0 1 2 1 1 2 1 1 0 2 1 0 1 2 0 0 1 1 1 2 0 0 1 1 1 0 2 0 2 2 1
geno chr5.178072229 yri  1 1 0 1 0 1 1 2 1 1 2 2 2 2 2 1 1 2 2 2 1 2 2 1 0 2 2 2 2 2 0 1 0 1 1 1 2 2 2 1 1 2 2 2 2 0 1 2 2 2 1 1 2 2 2 1 2 0 0 1 2 0 0 1 1 2 2 2 2 2 2 1 1 1 1 2 0
