pheno ENSG00000167562 ceu 0.02635965 0.7850471 -0.9699241 1.17518 -1.172429 2.196939 1.951156 0.7534687 0.9222155 -0.1276252 0.560735 0.3764217 1.125209 -0.2902827 -0.7372676 -0.2701387 -0.7827718 -0.5423434 1.072709 -1.084337 -0.7265448 -0.6721551 -0.5160245 -0.09002835 0.9753977 2.527712 0.2378472 0.4119285 0.8384482 0.09999043 -0.7324643 -1.354772 -0.4623667 1.234139 -0.3836291 1.24163 -0.4980576 2.220756 2.553855 0.2981298 1.068413 1.689199 -0.4635963 -0.2701078 0.465824 1.17876 -0.1148414 2.494235 0.6828057 0.07556193 -1.014873 0.1332013 -0.04582318 0.2734753 1.613035 -0.8659614 -0.1024675 0.1327619 -0.6952925 -0.1530217 -0.8930569 -1.463237 1.664939 0.8645152 1.788739 1.544591 0.1912182 1.4437 -0.6843562 0.1748219 -0.7815484 0.3646935 0.5440999 1.35883 1.156749 0.7248839 -0.0504143 -0.7736632
pheno ENSG00000167562 fin -0.9157526 0.4735801 -1.012005 1.066537 -3.385416 -1.030402 -0.6507398 -1.357904 -2.354399 -2.00043 -3.51512 -3.088892 -0.6262659 -2.010994 -0.8488407 -1.960479 -1.722082 -1.877825 -1.314109 -1.699222 -1.742243 -0.7480612 -1.82896 -2.223592 -2.977541 -0.7372041 -2.536183 -0.4794976 -2.411685 -3.326229 -1.541765 -0.1142176 -0.932302 -2.39528 -1.805364 -1.208639 -0.8512416 -1.352863 -0.6825688 -0.2512082 -0.954681 0.3937451 -3.226681 -2.441479 -2.077522 -0.8874074 -0.1815277 -2.118533 -0.5036363 -0.2772577 -2.486189 -0.7225448 -1.69791 -2.997196 -2.025026 -2.186246 -1.10408 -1.824848 -0.3685061 -1.131475 0.3156875 -1.206675 -1.149582 -0.4437249 -0.3837073 -2.729487 -1.147988 -1.558449 -0.9822502 -0.7699981 -1.960557 -2.456597 -2.255471 -3.465379 -0.7603769 -2.839937 -1.564826 -1.345858 -2.136517 -2.818132 -2.63881 -1.82965 -2.532856 -0.9014441 -1.482844 -1.753217 -1.068026 -2.540492 -0.6972483
pheno ENSG00000167562 gbr 0.4851548 2.986467 3.321612 2.577834 0.9634033 1.073131 2.486762 0.1139043 2.203607 2.385129 2.968601 2.290799 0.8328493 2.905211 2.301274 0.4288168 1.136378 1.532306 3.417924 1.935734 2.920647 2.460862 2.936445 1.198407 0.334697 0.6314875 0.2713367 3.882709 1.889836 1.941184 1.189832 1.852745 2.13903 0.2036288 1.565279 1.565321 1.586239 2.082074 1.205073 2.018004 0.8776399 2.466466 3.204782 1.858112 1.304173 0.1766473 1.467733 2.029294 2.200293 0.9085644 0.1727985 2.407647 0.2468682 2.06103 2.722168 3.319088 2.520536 1.404802 1.932108 0.05178087 2.170551 2.377786 2.474352 0.2644603 1.838899 2.441424 1.001742 1.488878 0.009585874 1.137259 3.090169 2.346477 2.017758 -1.310854 0.8644767 0.1770524 -0.328126 1.497429 0.04911007 2.410659 3.153249 3.122074 2.116919 0.04950649
pheno ENSG00000167562 tsi 0.2371469 0.5433941 -0.7118958 1.665892 0.3056757 1.620585 1.722372 0.8403095 0.4875741 0.2543832 2.384927 1.363629 0.1145338 1.316768 0.01223736 0.8586393 1.033665 -0.9877518 0.9015975 1.095592 1.891155 0.6163975 1.352871 0.7461219 2.261972 1.517796 1.79919 1.923951 -0.6067279 0.6674893 0.02198561 1.296078 1.428311 0.529777 1.935676 2.213566 0.5927461 1.247214 1.280168 2.141286 0.8322957 1.131287 1.719458 -0.4299153 1.035844 -1.319272 0.6156861 1.417917 0.6058541 -0.100715 1.441541 -0.1972812 1.088236 1.529853 0.842467 0.9667927 0.8861234 0.1966103 1.570609 -0.5725136 -1.215554 0.2616441 2.524743 0.5568446 1.625653 1.51906 1.851139 1.443232 -0.5823539 0.1104091 2.518876 0.8791141 0.005767817 0.8539555 1.361479 1.157455 0.8475006 2.003987 2.972908 0.5385173 0.4886371 1.241564 1.137785 3.291608 1.515641 1.49593 1.787219 -0.1409503 1.689083 1.145096 0.5731997 2.403788
pheno ENSG00000167562 yri -0.3015067 -2.094376 -0.8051915 -0.1747557 0.842364 -1.263731 0.24496 0.4081353 -0.4714256 -0.859552 -1.600153 -1.065504 -3.651787 -1.578557 -0.3769756 0.2834845 -0.8621499 -1.857807 -0.1746125 0.1833022 -1.665744 -2.447868 -1.139914 -1.854938 -0.8643098 -1.261611 -1.134091 -2.380939 -0.2414107 -1.751099 -0.4782123 0.6404982 0.6622791 -1.326539 -0.8210486 -0.5212987 -1.428192 -2.472331 -0.2794197 -0.3772589 -1.10505 -1.236679 -1.38086 -0.7651054 -2.279725 -2.781899 -1.734262 -0.6852714 -1.732626 -0.05381879 0.370081 -1.234761 -2.023693 -1.971913 -2.041545 -1.343919 -1.031123 -1.330595 -1.402378 -0.8753813 -0.5555715 -0.9062833 -0.7409984 -0.9619176 -1.786095 -1.208427 -0.5751448 -0.6552393 -0.7216155 -1.5414 -0.8723909 -0.9750786 -1.15692 0.01372851 -1.002303 -0.9991365 0.5181421
geno chr19.52959213 ceu  2 2 2 2 2 2 2 2 2 2 2 2 2 2 2 2 2 2 2 2 1 2 2 2 2 2 2 2 2 2 2 2 2 2 2 2 2 2 2 2 2 2 2 2 2 2 2 2 2 2 2 2 2 2 2 2 2 2 2 2 2 2 2 2 2 2 2 2 2 2 2 2 2 2 2 1 2 2
geno chr19.52959213 fin  2 1 1 1 1 2 2 2 2 2 2 2 2 2 2 2 2 2 2 2 2 2 2 2 2 2 2 2 2 2 2 2 2 2 2 2 2 2 2 2 2 2 2 2 2 1 2 1 2 2 2 2 2 2 2 2 2 2 2 2 2 2 2 2 2 2 2 2 2 2 2 2 2 2 1 2 2 2 2 2 2 2 2 2 2 2 2 1 2
geno chr19.52959213 gbr  2 2 2 2 2 2 1 2 2 2 1 2 1 2 2 2 2 2 2 2 2 2 2 2 2 1 2 2 2 2 2 2 2 2 2 2 2 1 2 1 2 2 2 2 2 2 2 2 2 2 2 2 2 2 2 2 2 2 2 1 2 2 2 2 2 2 2 2 2 2 2 2 2 2 2 2 2 2 1 2 1 2 2 2
geno chr19.52959213 tsi  2 2 2 2 2 2 2 2 2 2 2 2 2 2 2 2 2 2 2 1 2 2 2 2 2 2 2 2 2 2 1 2 2 1 2 2 2 2 1 2 2 2 2 2 2 1 2 2 2 2 2 2 2 2 2 2 2 2 2 2 2 1 2 2 2 2 2 2 2 2 2 2 2 2 2 2 2 2 2 2 2 2 2 2 2 2 2 2 2 2 2 2
geno chr19.52959213 yri  1 1 1 2 0 1 2 0 1 1 2 1 0 2 1 0 2 0 1 2 1 1 2 2 0 2 1 1 1 1 0 2 1 1 2 0 1 0 2 2 1 1 1 1 1 2 2 1 1 1 1 0 2 2 1 2 1 1 0 2 2 1 0 0 0 0 2 0 2 1 1 1 1 1 2 1 1
geno chr19.52959473 ceu  2 2 2 2 2 2 2 2 2 2 2 2 2 2 2 2 2 2 2 2 1 2 2 2 2 2 2 2 2 2 2 2 2 2 2 2 2 2 2 2 2 2 2 2 2 2 2 2 2 2 2 2 2 2 2 2 2 2 2 2 2 2 2 2 2 2 2 2 2 2 2 2 2 2 2 1 2 2
geno chr19.52959473 fin  2 1 1 1 1 2 2 2 2 2 2 2 2 2 2 2 2 2 2 2 2 2 2 2 2 2 2 2 2 2 2 2 2 2 2 2 2 2 2 2 2 2 2 2 2 1 2 2 2 2 2 2 2 2 2 2 2 2 2 2 2 2 2 2 2 2 2 2 2 2 2 2 2 2 1 2 2 2 2 2 2 2 2 2 2 2 2 1 2
geno chr19.52959473 gbr  2 2 2 2 2 2 1 2 2 2 1 2 1 2 2 2 2 2 2 2 2 2 2 2 2 2 2 2 2 2 2 2 2 2 2 2 2 1 2 1 2 2 2 2 2 2 2 2 2 2 2 2 2 2 2 2 2 2 2 1 2 2 2 2 2 2 2 2 2 2 2 2 2 2 2 2 2 2 1 2 1 2 2 2
geno chr19.52959473 tsi  2 2 2 2 2 2 2 2 2 2 2 2 2 2 2 2 2 2 2 1 2 2 2 2 2 2 2 2 2 2 1 2 2 1 2 2 2 2 1 2 2 2 2 2 2 1 2 2 2 2 2 2 2 2 2 2 2 2 2 2 2 1 2 2 2 2 2 2 2 2 2 2 2 2 2 2 2 2 2 2 2 2 2 2 2 2 2 2 2 2 2 2
geno chr19.52959473 yri  1 2 2 2 1 1 2 0 2 1 2 1 0 2 2 1 2 1 2 2 2 2 2 2 1 2 2 2 2 1 1 2 1 1 2 1 1 2 2 2 2 2 1 1 2 2 2 2 2 1 1 1 2 2 2 2 1 2 2 2 2 2 1 0 1 2 2 2 2 2 2 2 2 1 2 1 1
geno chr19.52959991 ceu  2 2 2 2 2 2 2 2 2 2 2 2 2 2 2 2 2 2 2 2 1 2 2 2 2 2 2 2 2 2 2 2 2 2 2 2 2 2 2 2 2 2 2 2 2 2 2 2 2 2 2 2 2 2 2 2 2 2 2 2 2 2 2 2 2 2 2 2 2 2 2 2 2 2 2 1 2 2
geno chr19.52959991 fin  2 1 1 1 1 2 2 2 2 2 2 2 2 2 2 2 2 2 2 2 2 2 2 2 2 2 2 2 2 2 2 2 2 2 2 2 2 2 2 2 2 2 2 2 2 1 2 2 2 2 2 2 2 2 2 2 2 2 2 2 2 2 2 2 2 2 2 2 2 2 2 2 2 2 1 2 2 2 2 2 2 2 2 2 2 2 2 1 2
geno chr19.52959991 gbr  2 2 2 2 2 2 1 2 2 2 1 2 1 2 2 2 2 2 2 2 2 2 2 2 2 2 2 2 2 2 2 2 2 2 2 2 2 1 2 1 2 2 2 2 2 2 2 2 2 2 2 2 2 2 2 2 2 2 2 1 2 2 2 2 2 2 2 2 2 2 2 2 2 2 2 2 2 2 1 2 1 2 2 2
geno chr19.52959991 tsi  2 2 2 2 2 2 2 2 2 2 2 2 2 2 2 2 2 2 2 1 2 2 2 2 2 2 2 2 2 2 1 2 2 1 2 2 2 2 1 2 2 2 2 2 2 1 2 2 2 2 2 2 2 2 2 2 2 2 2 2 2 1 2 2 2 2 2 2 2 2 2 2 2 2 2 2 2 2 2 2 2 2 2 2 2 2 2 2 2 2 2 2
geno chr19.52959991 yri  1 1 2 2 1 1 2 0 2 1 2 1 0 2 2 0 2 1 2 2 2 2 2 2 1 2 2 2 2 1 0 2 1 1 2 1 1 1 2 2 2 2 1 1 1 2 2 2 2 1 1 1 2 2 2 2 1 2 1 2 2 2 1 0 1 1 2 2 2 2 1 2 2 1 2 1 1
geno chr19.52960707 ceu  0 1 2 1 2 2 0 1 1 0 1 0 1 1 2 1 1 1 2 2 1 1 2 1 1 2 2 1 2 1 1 1 1 1 1 1 0 1 0 1 1 1 0 1 0 2 0 0 1 0 1 0 0 1 1 1 0 1 0 1 0 1 1 0 1 0 0 1 1 2 2 0 1 2 2 1 0 2
geno chr19.52960707 fin  1 1 1 1 0 1 1 0 0 2 1 1 0 1 2 1 2 1 2 2 0 0 2 1 1 1 0 0 0 0 1 0 1 1 1 1 0 0 1 2 0 1 2 1 1 0 0 0 1 2 1 0 0 2 0 0 0 1 1 1 1 2 0 0 0 2 1 1 1 2 0 1 1 1 0 1 0 1 0 0 0 1 0 1 1 0 0 1 1
geno chr19.52960707 gbr  1 1 2 1 1 0 1 0 1 1 0 1 0 2 1 0 2 0 1 1 1 0 1 1 1 0 1 0 0 0 0 1 2 2 2 1 1 0 2 0 1 1 1 1 1 1 1 1 1 1 1 2 2 2 2 0 2 1 1 1 1 1 1 1 1 2 0 1 1 1 0 1 1 0 0 2 1 1 0 1 0 1 2 2
geno chr19.52960707 tsi  1 1 1 1 1 1 0 0 0 0 1 2 1 2 1 0 1 1 1 1 0 1 0 0 0 1 1 2 1 0 0 1 1 0 1 0 1 1 1 1 1 1 2 2 1 0 2 0 0 1 1 0 1 1 1 0 2 2 1 0 0 0 2 1 1 0 1 1 2 1 0 2 1 1 2 0 0 1 1 1 0 2 0 1 2 1 1 1 2 2 1 2
geno chr19.52960707 yri  0 0 0 0 0 0 0 0 0 0 1 0 0 1 0 0 0 0 0 0 0 0 0 1 0 0 0 0 0 0 0 0 0 0 0 0 0 0 0 0 0 0 0 0 0 0 0 0 1 0 0 0 0 1 1 0 0 0 0 1 0 0 0 0 0 0 1 0 1 0 0 0 0 0 1 0 0
geno chr19.52960827 ceu  2 2 2 2 2 2 2 2 2 2 2 2 2 2 2 2 2 2 2 2 1 2 2 2 2 2 2 2 2 2 2 2 2 2 2 2 2 2 2 2 2 2 2 2 2 2 2 2 2 2 2 2 2 2 2 2 2 2 2 2 2 2 2 2 2 2 2 2 2 2 2 2 2 2 2 1 2 2
geno chr19.52960827 fin  2 1 1 1 1 2 2 2 2 2 2 2 2 2 2 2 2 2 2 2 2 2 2 2 2 2 2 2 2 2 2 2 2 2 2 2 2 2 2 2 2 2 2 2 2 1 2 2 2 2 2 2 2 2 2 2 2 2 2 2 2 2 2 2 2 2 2 2 2 2 2 2 2 2 1 2 2 2 2 2 2 2 2 2 2 2 2 1 2
geno chr19.52960827 gbr  2 2 2 2 2 2 1 2 2 2 1 2 1 2 2 2 2 2 2 2 2 2 2 2 2 2 2 2 2 2 2 2 2 2 2 2 2 1 2 1 2 2 2 2 2 2 2 2 2 2 2 2 2 2 2 2 2 2 2 1 2 2 2 2 2 2 2 2 2 2 2 2 2 2 2 2 2 2 1 2 1 2 2 2
geno chr19.52960827 tsi  2 2 2 2 2 2 2 2 2 2 2 2 2 2 2 2 2 2 2 1 2 2 2 2 2 2 2 2 2 2 1 2 2 1 2 2 2 2 1 2 2 2 2 2 2 1 2 2 2 2 2 2 2 2 2 2 2 2 2 2 2 1 2 2 2 2 2 2 2 2 2 2 2 2 2 2 2 2 2 2 2 2 2 2 2 2 2 2 2 2 2 2
geno chr19.52960827 yri  1 1 2 2 1 1 2 0 2 1 2 1 0 2 2 0 2 1 2 2 2 2 2 2 1 2 2 2 2 1 0 2 1 1 2 1 1 1 2 2 2 2 1 1 1 2 2 2 2 1 1 1 2 2 2 2 1 2 1 2 2 2 1 0 1 1 2 2 2 2 1 2 2 1 2 1 1
geno chr19.52961140 ceu  2 2 2 2 2 2 2 2 2 2 2 2 2 2 2 2 2 2 2 2 1 2 2 2 2 2 2 2 2 2 2 2 2 2 2 2 2 2 2 2 2 2 2 2 2 2 2 2 2 2 2 2 2 2 2 2 2 2 2 2 2 2 2 2 2 2 2 2 2 2 2 2 2 2 2 1 2 2
geno chr19.52961140 fin  2 1 1 1 1 2 2 2 2 2 2 2 2 2 2 2 2 2 2 2 2 2 2 2 2 2 2 2 2 2 2 2 2 2 2 2 2 2 2 2 2 2 2 2 2 1 2 2 2 2 2 2 2 2 2 2 2 2 2 2 2 2 2 2 2 2 2 2 2 2 2 2 2 2 1 2 2 2 2 2 2 2 2 2 2 2 2 1 2
geno chr19.52961140 gbr  2 2 2 2 2 2 1 2 2 2 1 2 1 2 2 2 2 2 2 2 2 2 2 2 2 2 2 2 2 2 2 2 2 2 2 2 2 1 2 1 2 2 2 2 2 2 2 2 2 2 2 2 2 2 2 2 2 2 2 1 2 2 2 2 2 2 2 2 2 2 2 2 2 2 2 2 2 2 1 2 1 2 2 2
geno chr19.52961140 tsi  2 2 2 2 2 2 2 2 2 2 2 2 2 2 2 2 2 2 2 1 2 2 2 2 2 2 2 2 2 2 1 2 2 1 2 2 2 2 1 2 2 2 2 2 2 1 2 2 2 2 2 2 2 2 2 2 2 2 2 2 2 1 2 2 2 2 2 2 2 2 2 2 2 2 2 2 2 2 2 2 2 2 2 2 2 2 2 2 2 2 2 2
geno chr19.52961140 yri  2 2 2 2 1 1 2 2 2 2 2 2 2 2 2 2 2 2 2 2 2 2 2 2 2 2 2 2 2 2 2 2 2 2 2 2 2 2 2 2 2 2 2 2 2 2 2 2 2 2 2 2 2 2 2 2 2 2 2 2 2 2 2 1 2 2 2 2 2 2 2 2 2 2 2 2 2
geno chr19.52961837 ceu  1 2 2 1 2 2 1 1 2 2 2 1 1 1 2 2 1 1 2 2 1 2 2 1 1 2 2 2 2 1 1 2 1 1 1 2 2 2 1 2 1 2 1 2 2 2 1 1 2 2 2 1 2 1 1 1 1 2 0 2 2 2 2 2 2 1 1 2 1 2 2 1 2 2 2 1 2 2
geno chr19.52961837 fin  1 1 1 1 1 1 2 0 1 2 1 1 0 2 2 2 2 1 2 2 1 1 2 1 2 2 1 1 2 1 2 2 2 2 1 2 0 0 2 2 1 1 2 1 2 0 1 1 1 2 2 0 2 2 1 1 0 2 2 2 2 2 1 1 1 2 1 1 2 2 2 2 2 2 1 1 1 2 1 1 0 1 2 1 2 0 1 1 1
geno chr19.52961837 gbr  2 1 2 1 1 2 1 1 2 1 0 1 1 2 2 1 2 1 2 2 2 2 2 2 1 0 1 0 1 1 2 1 2 2 2 1 1 1 2 1 2 2 1 1 1 2 1 1 2 2 1 2 2 2 2 2 2 2 1 1 2 2 2 2 2 2 0 2 2 1 1 1 2 2 0 2 1 2 1 1 1 1 2 2
geno chr19.52961837 tsi  1 1 1 1 1 1 1 2 2 2 2 2 2 2 2 2 2 2 1 1 1 2 2 1 2 2 1 2 2 0 0 2 2 0 1 2 2 2 1 1 2 1 2 2 1 0 2 0 1 1 1 0 2 2 1 1 2 2 1 1 0 1 2 2 1 1 1 2 2 2 1 2 1 2 2 2 1 2 1 2 1 2 2 2 2 2 1 1 2 2 2 2
geno chr19.52961837 yri  1 0 0 2 0 0 1 0 0 0 1 0 0 2 0 0 1 0 0 0 1 1 0 2 0 2 0 0 1 1 0 0 0 0 1 0 0 0 1 0 0 1 0 0 0 1 0 1 1 0 0 0 1 2 1 0 1 0 0 2 0 1 0 0 0 0 2 0 2 0 0 0 0 0 1 1 0
geno chr19.52962224 ceu  2 2 2 2 2 2 2 2 2 2 2 2 2 2 2 2 2 2 2 2 1 2 2 2 2 2 2 2 2 2 2 2 2 2 2 2 2 2 2 2 2 2 2 2 2 2 2 2 2 2 2 2 2 2 2 2 2 2 2 2 2 2 2 2 2 2 2 2 2 2 2 2 2 2 2 1 2 2
geno chr19.52962224 fin  2 1 1 1 1 2 2 2 2 2 2 2 2 2 2 2 2 2 2 2 2 2 2 2 2 2 2 2 2 2 2 2 2 2 2 2 2 2 2 2 2 2 2 2 2 1 2 2 2 2 2 2 2 2 2 2 2 2 2 2 2 2 2 2 2 2 2 2 2 2 2 2 2 2 1 2 2 2 2 2 2 2 2 2 2 2 2 1 2
geno chr19.52962224 gbr  2 2 2 2 2 2 1 2 2 2 1 2 1 2 2 2 2 2 2 2 2 2 2 2 2 2 2 2 2 2 2 2 2 2 2 2 2 1 2 1 2 2 2 2 2 2 2 2 2 2 2 2 2 2 2 2 2 2 2 1 2 2 2 2 2 2 2 2 2 2 2 2 2 2 2 2 2 2 1 2 1 2 2 2
geno chr19.52962224 tsi  2 2 2 2 2 2 2 2 2 2 2 2 2 2 2 2 2 2 2 1 2 2 2 2 2 2 2 2 2 2 1 2 2 1 2 2 2 2 1 2 2 2 2 2 2 1 2 2 2 2 2 2 2 2 2 2 2 2 2 2 2 1 2 2 2 2 2 2 2 2 2 2 2 2 2 2 2 2 2 2 2 2 2 2 2 2 2 2 2 2 2 2
geno chr19.52962224 yri  1 1 2 2 1 1 2 0 2 1 2 1 0 2 2 0 2 1 2 2 2 2 2 2 1 2 2 2 2 1 0 2 1 1 2 1 1 1 2 2 2 2 1 1 1 2 2 2 2 1 1 1 2 2 2 2 1 2 1 2 2 2 1 0 1 1 2 2 2 2 1 2 2 1 2 1 1
geno chr19.52962413 ceu  0 1 2 1 2 2 0 1 1 0 1 0 1 1 2 1 1 1 2 2 1 1 2 1 1 2 2 1 2 1 1 1 1 1 1 1 0 1 0 1 1 1 0 1 0 2 0 0 1 0 1 0 0 1 1 1 0 1 0 1 0 1 1 0 1 0 0 1 1 2 2 0 1 2 2 1 0 2
geno chr19.52962413 fin  1 1 1 1 0 1 1 0 0 2 1 1 0 1 2 1 2 1 2 2 0 0 2 1 1 1 0 0 0 0 1 0 1 1 1 1 0 0 1 2 0 1 2 1 1 0 0 0 1 2 1 0 0 2 0 0 0 1 1 1 1 2 0 0 0 2 1 1 1 2 0 1 1 1 0 1 0 1 0 0 0 1 0 1 1 0 0 1 1
geno chr19.52962413 gbr  1 1 2 1 1 0 1 0 1 1 0 1 0 2 1 0 2 0 1 1 1 0 1 1 1 0 1 0 0 0 0 1 2 2 2 1 1 0 2 0 1 1 1 1 1 1 1 1 1 1 1 2 2 2 2 0 2 1 1 1 1 1 1 1 1 2 0 1 1 1 0 1 1 0 0 2 1 1 0 1 0 1 2 2
geno chr19.52962413 tsi  1 1 1 1 1 1 0 0 0 0 1 2 1 2 1 0 1 1 1 1 0 1 0 0 0 1 1 2 1 0 0 1 1 0 1 0 1 1 1 1 1 1 2 2 1 0 2 0 0 1 1 0 1 1 1 0 2 2 1 0 0 0 2 1 1 0 1 1 2 1 0 2 1 1 2 0 0 1 1 1 0 2 0 1 2 1 1 1 2 2 1 2
geno chr19.52962413 yri  0 0 0 0 0 0 0 0 0 0 1 0 0 1 0 0 0 0 0 0 0 0 0 1 0 0 0 0 0 0 0 0 0 0 0 0 0 0 0 0 0 0 0 0 0 0 0 0 1 0 0 0 0 1 1 0 0 0 0 1 0 0 0 0 0 0 1 0 1 0 0 0 0 0 1 0 0
geno chr19.52962803 ceu  0 0 0 0 0 0 0 0 0 0 0 0 0 0 0 0 0 0 0 0 0 0 0 0 0 0 0 0 0 0 0 0 0 0 0 0 0 0 0 0 0 0 0 0 0 0 0 0 0 0 0 0 0 0 0 0 0 0 0 0 0 0 0 0 0 0 0 0 0 0 0 0 0 0 0 0 0 0
geno chr19.52962803 fin  0 0 0 0 0 0 0 0 0 0 0 0 0 0 0 0 0 0 0 0 0 0 0 0 0 0 0 0 0 0 0 0 0 0 0 0 0 0 0 0 0 0 0 0 0 0 0 0 0 0 0 0 0 0 0 0 0 0 0 0 0 0 0 0 0 0 0 0 0 0 0 0 0 0 0 0 0 0 0 0 0 0 0 0 0 0 0 0 0
geno chr19.52962803 gbr  0 0 0 0 0 0 0 0 0 0 0 0 0 0 0 0 0 0 0 0 0 0 0 0 0 0 0 0 0 0 0 0 0 0 0 0 0 0 0 0 0 0 0 0 0 0 0 0 0 0 0 0 0 0 0 0 0 0 0 0 0 0 0 0 0 0 0 0 0 0 0 0 0 0 0 0 0 0 0 0 0 0 0 0
geno chr19.52962803 tsi  0 0 0 0 0 0 0 0 0 0 0 0 0 0 0 0 0 0 0 0 0 0 0 0 0 0 0 0 0 0 0 0 0 0 0 0 0 0 0 0 0 0 0 0 0 0 0 0 0 0 0 0 0 0 0 0 0 0 0 0 0 0 0 0 0 0 0 0 0 0 0 0 0 0 0 0 0 0 0 0 0 0 0 0 0 0 0 0 0 0 0 0
geno chr19.52962803 yri  1 0 0 0 0 0 0 2 0 1 0 1 2 0 0 1 0 1 0 0 0 0 0 0 1 0 0 0 0 1 1 0 1 1 0 1 1 0 0 0 0 0 1 1 0 0 0 0 0 1 1 1 0 0 0 0 1 0 0 0 0 0 1 1 1 0 0 0 0 0 0 0 0 1 0 1 1
geno chr19.52962901 ceu  1 2 2 2 2 2 1 1 2 2 2 2 2 1 1 1 1 2 2 2 1 2 2 0 1 2 2 1 2 2 2 2 1 1 1 2 2 1 1 2 1 2 2 2 2 2 1 2 2 2 2 2 1 2 2 2 1 2 1 2 2 2 2 1 1 1 1 2 2 1 1 2 0 1 1 1 2 2
geno chr19.52962901 fin  2 1 1 1 1 1 2 1 1 2 1 1 0 2 2 1 1 1 2 1 1 1 2 2 2 2 1 1 2 1 1 2 2 2 2 2 1 2 2 2 2 2 2 1 2 0 2 2 1 2 2 2 2 2 1 1 2 2 1 1 2 2 2 2 2 2 1 1 2 2 2 1 1 1 0 2 1 2 1 2 1 1 2 1 2 2 2 1 2
geno chr19.52962901 gbr  1 1 1 0 2 2 0 1 2 1 1 1 0 2 2 1 2 1 2 2 2 2 2 2 2 1 1 2 1 2 2 0 1 2 2 2 2 1 1 1 2 2 1 1 1 1 2 2 2 1 2 2 2 2 2 2 2 2 1 0 1 2 2 2 2 2 2 2 2 2 1 2 2 1 2 2 2 1 1 1 1 1 2 2
geno chr19.52962901 tsi  2 1 2 1 1 1 2 2 1 2 1 2 1 2 2 2 2 2 1 1 2 2 1 1 1 1 2 2 1 2 1 2 1 1 2 2 2 1 1 2 1 0 2 1 2 1 1 1 2 1 1 0 2 1 2 1 1 2 2 2 1 1 1 2 2 1 2 2 1 2 1 2 2 1 1 2 1 2 2 1 1 2 1 2 2 1 1 1 2 1 2 2
geno chr19.52962901 yri  1 2 0 2 0 1 2 0 2 1 2 1 0 2 2 1 2 0 1 2 1 1 1 2 0 2 0 1 1 1 0 1 1 1 2 0 1 2 2 2 0 1 1 0 1 1 2 2 1 1 1 0 1 2 1 2 1 1 1 1 1 1 0 0 0 1 2 0 2 2 1 2 1 0 2 1 1
geno chr19.52962903 ceu  0 0 0 0 0 0 0 0 0 0 0 0 0 0 0 1 0 0 0 0 0 0 0 0 0 0 0 0 0 0 0 0 0 0 0 0 0 1 0 0 1 0 0 0 0 0 0 0 0 0 0 0 0 0 0 0 1 0 0 0 0 0 0 1 0 0 0 0 0 0 1 0 1 0 0 0 0 0
geno chr19.52962903 fin  0 0 0 0 0 0 0 1 1 0 0 1 0 0 0 1 0 0 0 1 1 1 0 0 0 0 0 1 0 1 0 0 0 0 0 0 0 0 0 0 0 0 0 0 0 0 0 0 1 0 0 0 0 0 0 1 0 0 0 0 0 0 0 0 0 0 0 1 0 0 0 0 0 1 0 0 0 0 0 0 1 1 0 0 0 0 0 0 0
geno chr19.52962903 gbr  0 0 1 0 0 0 1 0 0 0 0 1 0 1 0 1 0 1 0 0 0 0 0 0 0 0 0 0 0 0 1 0 0 0 0 0 0 0 0 0 0 0 0 0 1 0 0 0 0 0 0 0 0 0 0 0 0 0 0 1 0 0 0 0 0 0 0 0 0 0 0 0 0 1 0 0 0 0 0 0 0 1 0 0
geno chr19.52962903 tsi  1 0 0 0 0 0 0 0 1 0 1 0 1 0 0 0 0 0 0 0 0 0 0 0 0 0 0 0 0 0 0 0 0 0 0 0 0 1 0 0 1 1 1 0 0 0 1 1 0 0 0 0 0 0 0 1 1 0 0 0 1 0 1 0 0 1 0 0 1 0 1 0 0 0 1 0 0 1 0 1 1 0 1 0 0 0 0 0 0 1 0 0
geno chr19.52962903 yri  0 0 0 0 1 0 0 0 0 0 0 0 0 0 0 0 0 0 0 0 0 1 0 0 0 0 0 0 1 0 1 0 0 0 0 0 0 0 0 0 0 0 0 0 0 0 0 0 1 0 0 0 0 0 1 0 0 0 0 0 0 1 1 0 0 0 0 1 0 0 1 0 0 0 0 0 0
geno chr19.52962963 ceu  2 2 2 2 2 2 2 2 2 2 2 2 2 2 2 2 2 2 2 2 1 2 2 2 2 2 2 2 2 2 2 2 2 2 2 2 1 2 2 2 1 1 2 2 2 2 2 2 2 2 2 2 2 2 2 2 2 2 2 2 2 2 2 2 1 2 2 2 2 2 2 2 2 2 2 1 2 1
geno chr19.52962963 fin  2 1 1 1 1 2 2 2 2 2 2 2 2 2 2 2 2 2 2 2 2 2 2 2 2 2 2 2 2 2 2 2 2 2 2 2 2 2 2 2 2 2 2 2 2 1 2 2 2 2 2 2 2 2 2 2 2 2 1 2 2 2 2 2 2 2 2 2 2 2 1 1 1 2 1 2 2 1 1 2 2 2 2 2 2 2 2 1 2
geno chr19.52962963 gbr  1 2 2 1 2 2 1 2 2 2 1 2 1 2 2 2 2 2 2 2 2 2 2 2 2 2 2 2 2 2 2 2 1 2 2 2 2 1 2 1 2 2 2 2 2 2 2 2 2 2 2 2 2 2 1 2 2 2 1 1 1 2 2 2 2 2 2 2 2 2 2 2 2 2 2 2 2 2 0 2 0 2 1 1
geno chr19.52962963 tsi  2 2 2 2 2 2 2 2 2 2 2 2 2 2 2 2 2 2 2 1 2 2 2 2 2 1 2 2 2 2 1 2 2 1 2 2 2 2 1 2 2 2 2 2 2 1 2 2 2 2 2 2 2 2 2 2 2 2 2 2 2 1 2 2 2 2 2 2 2 2 2 2 2 2 2 2 2 1 2 2 2 2 2 2 2 2 2 2 2 2 2 2
geno chr19.52962963 yri  0 2 2 2 1 1 2 0 2 1 2 1 0 1 2 1 1 0 2 2 1 2 2 2 1 1 2 2 2 0 1 2 1 1 2 0 1 2 2 2 1 1 1 1 2 2 2 2 2 1 1 0 2 2 2 2 1 2 1 2 2 1 1 0 0 2 2 2 1 2 2 2 2 1 2 1 1
geno chr19.52962970 ceu  2 2 2 1 2 2 2 2 2 2 2 2 2 2 2 2 2 2 2 2 1 2 2 2 2 2 2 2 2 2 2 2 2 2 2 2 2 2 2 2 1 2 2 2 1 2 2 2 2 1 2 2 2 2 2 2 2 2 2 2 2 2 2 2 1 2 2 2 2 2 2 2 2 2 2 1 2 1
geno chr19.52962970 fin  1 1 1 1 1 2 2 2 2 2 2 2 2 2 2 2 2 2 2 2 2 2 2 2 2 2 2 2 2 2 2 2 2 2 1 2 2 2 2 2 2 2 2 2 2 1 2 2 2 2 2 2 2 2 2 1 2 2 2 2 2 2 2 1 1 2 2 2 2 2 1 2 1 2 1 2 2 2 0 2 1 2 2 2 2 2 2 1 2
geno chr19.52962970 gbr  2 2 2 1 2 2 1 2 2 2 1 2 1 2 2 2 2 1 2 2 2 2 2 2 2 1 2 1 2 2 2 2 1 2 2 2 1 1 2 1 2 2 2 2 2 2 2 2 2 2 2 2 2 2 2 2 2 2 1 1 1 2 2 2 1 2 1 2 1 2 1 2 2 2 2 2 1 2 1 1 1 2 1 2
geno chr19.52962970 tsi  2 2 2 2 2 2 2 2 2 2 2 2 2 2 2 2 2 2 2 1 2 2 2 1 2 1 2 2 2 2 1 2 2 0 2 2 2 2 1 2 2 2 2 2 2 0 2 2 2 2 1 2 2 2 2 2 2 2 2 2 2 1 2 2 2 2 2 2 2 2 2 2 2 2 2 2 2 1 2 2 2 2 2 2 2 2 2 2 2 2 2 2
geno chr19.52962970 yri  1 2 1 2 1 1 2 0 2 1 1 1 0 1 2 1 2 0 1 2 2 2 2 2 0 1 1 1 2 0 0 2 1 1 2 1 1 2 2 2 1 1 1 1 2 1 2 2 2 1 1 0 2 2 2 2 1 1 1 2 2 2 1 0 0 1 2 2 2 2 1 2 2 1 2 1 1
geno chr19.52963006 ceu  1 0 0 0 0 0 0 0 0 0 0 0 0 0 0 0 0 1 0 0 0 0 0 0 0 0 0 0 0 0 0 0 0 0 0 1 0 0 0 2 0 0 0 0 0 0 0 0 0 1 0 0 0 0 0 1 1 0 0 0 0 0 0 0 0 0 1 0 0 0 0 0 0 0 2 1 0 0
geno chr19.52963006 fin  1 0 0 0 0 0 1 0 0 0 0 0 0 0 0 0 0 0 0 0 0 0 0 0 0 0 0 0 0 1 0 0 0 0 1 0 0 0 0 0 0 0 0 1 1 0 1 0 0 0 0 0 0 0 0 1 0 0 0 0 0 0 0 0 0 0 0 0 1 0 0 0 0 0 0 0 0 0 0 0 0 0 0 0 0 0 1 0 0
geno chr19.52963006 gbr  0 1 0 1 0 0 0 1 0 0 0 0 0 0 0 1 0 1 0 0 0 0 0 0 0 1 0 0 0 0 0 0 0 0 0 0 0 0 0 0 0 0 1 0 0 0 0 0 0 0 0 0 1 1 0 0 0 0 0 2 0 0 0 0 2 0 0 0 1 0 0 0 0 0 0 0 0 0 0 0 0 0 0 0
geno chr19.52963006 tsi  0 0 0 0 0 0 0 0 0 0 0 0 0 0 0 0 0 0 0 0 0 1 0 0 0 0 0 0 0 0 0 0 0 0 0 0 0 0 0 0 1 1 0 0 0 0 0 1 0 0 0 0 0 0 0 0 0 0 1 0 0 1 0 0 0 0 0 1 1 0 0 0 1 0 1 0 0 0 0 0 0 0 0 0 0 0 0 0 0 0 0 0
geno chr19.52963006 yri  0 1 0 0 0 1 0 0 0 0 0 0 1 0 1 0 1 1 0 1 0 0 0 0 0 1 1 0 0 0 1 0 1 1 2 1 1 1 1 0 0 1 1 0 0 0 1 0 0 1 2 0 1 1 0 0 0 0 1 0 0 0 0 1 2 0 0 0 0 0 1 0 0 0 1 0 1
geno chr19.52963307 ceu  2 2 2 2 2 2 2 2 2 2 2 2 2 2 2 2 2 2 2 2 1 2 2 2 2 2 2 2 2 2 2 2 2 2 2 2 2 2 2 2 2 2 2 2 2 2 2 2 2 2 2 2 2 2 2 2 2 2 2 2 2 2 2 2 2 2 2 2 2 2 2 2 2 2 2 1 2 2
geno chr19.52963307 fin  2 1 1 1 1 2 2 2 2 2 2 2 2 2 2 2 2 2 2 2 2 2 2 2 2 2 2 2 2 2 2 2 2 2 2 2 2 2 2 2 2 2 2 2 2 1 2 2 2 2 2 2 2 2 2 2 2 2 2 2 2 2 2 2 2 2 2 2 2 2 2 2 2 2 1 2 2 2 2 2 2 2 2 2 2 2 2 1 2
geno chr19.52963307 gbr  2 2 2 2 2 2 1 2 2 2 1 2 1 2 2 2 2 2 2 2 2 2 2 2 2 2 2 2 2 2 2 2 2 2 2 2 2 1 2 1 2 2 2 2 2 2 2 2 2 2 2 2 2 2 2 2 2 2 2 1 2 2 2 2 2 2 2 2 2 2 2 2 2 2 2 2 2 2 1 2 1 2 2 2
geno chr19.52963307 tsi  2 2 2 2 2 2 2 2 2 2 2 2 2 2 2 2 2 2 2 1 2 2 2 2 2 2 2 2 2 2 1 2 2 1 2 2 2 2 1 2 2 2 2 2 2 1 2 2 2 2 2 2 2 2 2 2 2 2 2 2 2 1 2 2 2 2 2 2 2 2 2 2 2 2 2 2 2 2 2 2 2 2 2 2 2 2 2 2 2 2 2 2
geno chr19.52963307 yri  1 1 2 2 1 1 2 0 2 1 2 1 0 2 2 0 2 1 2 2 2 2 2 2 1 2 2 2 2 1 0 2 1 1 2 1 1 1 2 2 2 2 1 1 1 2 2 2 2 1 1 1 2 2 2 2 1 2 1 2 2 2 1 0 1 1 2 2 2 2 1 2 2 1 2 1 1
geno chr19.52963426 ceu  2 2 2 2 2 2 2 2 2 2 2 2 2 2 2 2 2 2 2 2 1 2 2 2 2 2 2 2 2 2 2 2 2 2 2 2 2 2 2 2 2 2 2 2 2 2 2 2 2 2 2 2 2 2 2 2 2 2 2 2 2 2 2 2 2 2 2 2 2 2 2 2 2 2 2 1 2 2
geno chr19.52963426 fin  2 1 1 1 1 2 2 2 2 2 2 2 2 2 2 2 2 2 2 2 2 2 2 2 2 2 2 2 2 2 2 2 2 2 2 2 2 2 2 2 2 2 2 2 2 1 2 2 2 2 2 2 2 2 2 2 2 2 2 2 2 2 2 2 2 2 2 2 2 2 2 2 2 2 1 2 2 2 2 2 2 2 2 2 2 2 2 1 2
geno chr19.52963426 gbr  2 2 2 2 2 2 1 2 2 2 1 2 1 2 2 2 2 2 2 2 2 2 2 2 2 2 2 2 2 2 2 2 2 2 2 2 2 1 2 1 2 2 2 2 2 2 2 2 2 2 2 2 2 2 2 2 2 2 2 1 2 2 2 2 2 2 2 2 2 2 2 2 2 2 2 2 2 2 1 2 1 2 2 2
geno chr19.52963426 tsi  2 2 2 2 2 2 2 2 2 2 2 2 2 2 2 2 2 2 2 1 2 2 2 2 2 2 2 2 2 2 1 2 2 1 2 2 2 2 1 2 2 2 2 2 2 1 2 2 2 2 2 2 2 2 2 2 2 2 2 2 2 1 2 2 2 2 2 2 2 2 2 2 2 2 2 2 2 2 2 2 2 2 2 2 2 2 2 2 2 2 2 2
geno chr19.52963426 yri  1 1 1 2 0 1 2 0 1 1 2 1 0 2 1 0 2 0 1 2 1 1 2 2 0 2 1 1 1 1 0 2 1 1 2 0 1 0 2 2 1 1 1 1 1 2 2 1 1 1 1 0 2 2 1 2 1 1 0 2 2 1 0 0 0 0 2 0 2 1 1 1 1 1 2 1 1
geno chr19.52963650 ceu  1 2 2 1 2 2 1 1 2 2 2 1 1 1 2 2 1 1 2 2 1 2 2 1 1 2 2 2 2 1 1 2 1 1 1 2 2 2 1 2 1 2 1 2 2 2 1 1 2 2 2 1 2 1 1 1 1 2 0 2 2 2 2 2 2 1 1 2 1 2 2 1 2 2 2 1 2 2
geno chr19.52963650 fin  1 1 1 1 1 1 2 0 1 2 1 1 0 2 2 2 2 1 2 2 1 1 2 1 2 2 1 1 2 1 2 2 2 2 1 2 0 0 2 2 1 1 2 1 2 0 1 1 1 2 2 0 2 2 1 1 0 2 2 2 2 2 1 1 1 2 1 1 2 2 2 2 2 2 1 1 1 2 1 1 0 1 2 1 2 0 1 1 1
geno chr19.52963650 gbr  2 1 2 1 1 2 1 1 2 1 0 1 1 2 2 1 2 1 2 2 2 2 2 2 1 0 1 0 1 1 2 1 2 2 2 1 1 1 2 1 2 2 1 1 1 2 1 1 2 2 1 2 2 2 2 2 2 2 1 1 2 2 2 2 2 2 0 2 2 1 1 1 2 2 0 2 1 2 1 1 0 1 2 2
geno chr19.52963650 tsi  1 1 1 1 1 1 1 2 2 2 2 2 2 2 2 2 2 2 1 1 1 2 2 1 2 1 1 2 2 0 0 2 2 0 1 2 2 2 1 1 2 1 2 2 1 0 2 0 1 1 1 0 2 2 1 1 2 2 1 1 0 0 2 2 1 1 1 2 2 2 1 2 1 2 2 2 1 1 1 2 1 2 2 2 2 2 1 1 2 2 2 2
geno chr19.52963650 yri  1 0 0 2 0 0 1 0 0 0 1 0 0 2 0 0 1 0 0 0 1 1 0 2 0 2 0 0 1 1 0 0 0 0 1 0 0 0 1 0 0 1 0 0 0 1 0 1 1 0 0 0 1 2 1 0 1 0 0 2 0 1 0 0 0 0 2 0 2 0 0 0 0 0 1 1 0
geno chr19.52964078 ceu  2 2 2 2 2 2 2 2 2 2 2 2 2 2 2 2 2 2 2 2 1 2 2 2 2 2 2 2 2 2 2 2 2 2 2 2 2 2 2 2 2 2 2 2 2 2 2 2 2 2 2 2 2 2 2 2 2 2 2 2 2 2 2 2 2 2 2 2 2 2 2 2 2 2 2 1 2 2
geno chr19.52964078 fin  2 1 1 1 1 2 2 2 2 2 2 2 2 2 2 2 2 2 2 2 2 2 2 2 2 2 2 2 2 2 2 2 2 2 2 2 2 2 2 2 2 2 2 2 2 1 2 2 2 2 2 2 2 2 2 2 2 2 2 2 2 2 2 2 2 2 2 2 2 2 2 2 2 2 1 2 2 2 2 2 2 2 2 2 2 2 2 1 2
geno chr19.52964078 gbr  2 2 2 2 2 2 1 2 2 2 1 2 1 2 2 2 2 2 2 2 2 2 2 2 2 2 2 2 2 2 2 2 2 2 2 2 2 1 2 1 2 2 2 2 2 2 2 2 2 2 2 2 2 2 2 2 2 2 2 1 2 2 2 2 2 2 2 2 2 2 2 2 2 2 2 2 2 2 1 2 1 2 2 2
geno chr19.52964078 tsi  2 2 2 2 2 2 2 2 2 2 2 2 2 2 2 2 2 2 2 1 2 2 2 2 2 2 2 2 2 2 1 2 2 1 2 2 2 2 1 2 2 2 2 2 2 1 2 2 2 2 2 2 2 2 2 2 2 2 2 2 2 1 2 2 2 2 2 2 2 2 2 2 2 2 2 2 2 2 2 2 2 2 2 2 2 2 2 2 2 2 2 2
geno chr19.52964078 yri  1 1 2 2 1 1 2 0 2 1 2 1 0 2 2 0 2 1 2 2 2 2 2 2 1 2 2 2 2 1 0 2 1 1 2 1 1 1 2 2 2 2 1 1 1 2 2 2 2 1 1 1 2 2 2 2 1 2 1 2 2 2 1 0 1 1 2 2 2 2 1 2 2 1 2 1 1
geno chr19.52964379 ceu  2 2 2 2 2 2 2 2 2 2 2 2 2 2 2 2 2 2 2 2 1 2 2 2 2 2 2 2 2 2 2 2 2 2 2 2 2 2 2 2 2 2 2 2 2 2 2 2 2 2 2 2 2 2 2 2 2 2 2 2 2 2 2 2 2 2 2 2 2 2 2 2 2 2 2 1 2 2
geno chr19.52964379 fin  2 1 1 1 1 2 2 2 2 2 2 2 2 2 2 2 2 2 2 2 2 2 2 2 2 2 2 2 2 2 2 2 2 2 2 2 2 2 2 2 2 2 2 2 2 1 2 2 2 2 2 2 2 2 2 2 2 2 2 2 2 2 2 2 2 2 2 2 2 2 2 2 2 2 1 2 2 2 2 2 2 2 2 2 2 2 2 1 2
geno chr19.52964379 gbr  2 2 2 2 2 2 1 2 2 2 1 2 1 2 2 2 2 2 2 2 2 2 2 2 2 2 2 2 2 2 2 2 2 2 2 2 2 1 2 1 2 2 2 2 2 2 2 2 2 2 2 2 2 2 2 2 2 2 2 1 2 2 2 2 2 2 2 2 2 2 2 2 2 2 2 2 2 2 1 2 1 2 2 2
geno chr19.52964379 tsi  2 2 2 2 2 2 2 2 2 2 2 2 2 2 2 2 2 2 2 1 2 2 2 2 2 2 2 2 2 2 1 2 2 1 2 2 2 2 1 2 2 2 2 2 2 1 2 2 2 2 2 2 2 2 2 2 2 2 2 2 2 1 2 2 2 2 2 2 2 2 2 2 2 2 2 2 2 2 2 2 2 2 2 2 2 2 2 2 2 2 2 2
geno chr19.52964379 yri  1 1 2 2 1 1 2 0 2 1 2 1 0 2 2 0 2 1 2 2 2 2 2 2 1 2 2 2 2 1 0 2 1 1 2 1 1 1 2 2 2 2 1 1 1 2 2 2 2 1 1 1 2 2 2 2 1 2 1 2 2 2 1 0 1 1 2 2 2 2 1 2 2 1 2 1 1
geno chr19.52964493 ceu  0 0 0 0 0 0 0 0 0 0 0 0 0 0 0 0 0 0 0 0 0 0 0 0 0 0 0 0 0 0 0 0 0 0 0 0 0 0 0 0 0 0 0 0 0 0 0 0 0 0 0 0 0 0 0 0 0 0 0 0 0 0 0 0 0 0 0 0 0 0 0 0 0 0 0 0 0 0
geno chr19.52964493 fin  0 0 0 0 0 0 0 0 0 0 0 0 0 0 0 0 0 0 0 0 0 0 0 0 0 0 0 0 0 0 0 0 0 0 0 0 0 0 0 0 0 0 0 0 0 0 0 0 0 0 0 0 0 0 0 0 0 0 0 0 0 0 0 0 0 0 0 0 0 0 0 0 0 0 0 0 0 0 0 0 0 0 0 0 0 0 0 0 0
geno chr19.52964493 gbr  0 0 0 0 0 0 0 0 0 0 0 0 0 0 0 0 0 0 0 0 0 0 0 0 0 0 0 0 0 0 0 0 0 0 0 0 0 0 0 0 0 0 0 0 0 0 0 0 0 0 0 0 0 0 0 0 0 0 0 0 0 0 0 0 0 0 0 0 0 0 0 0 0 0 0 0 0 0 0 0 0 0 0 0
geno chr19.52964493 tsi  0 0 0 0 0 0 0 0 0 0 0 0 0 0 0 0 0 0 0 0 0 0 0 0 0 0 0 0 0 0 0 0 0 0 0 0 0 0 0 0 0 0 0 0 0 0 0 0 0 0 0 0 0 0 0 0 0 0 0 0 0 0 0 0 0 0 0 0 0 0 0 0 0 0 0 0 0 0 0 0 0 0 0 0 0 0 0 0 0 0 0 0
geno chr19.52964493 yri  1 0 0 0 0 0 0 2 0 1 0 1 2 0 0 1 0 1 0 0 0 0 0 0 1 0 0 0 0 1 1 0 1 1 0 1 1 0 0 0 0 0 1 1 0 0 0 0 0 1 1 1 0 0 0 0 1 0 0 0 0 0 1 1 1 0 0 0 0 0 0 0 0 1 0 1 1
geno chr19.52964577 ceu  0 0 0 0 0 0 0 0 0 0 0 0 0 0 0 0 0 0 0 0 0 0 0 0 0 0 0 0 0 0 0 0 0 0 0 0 0 0 0 0 0 0 0 0 0 0 0 0 0 0 0 0 0 0 0 0 0 0 0 0 0 0 0 0 0 0 0 0 0 0 0 0 0 0 0 0 0 0
geno chr19.52964577 fin  0 0 0 0 0 0 0 0 0 0 0 0 0 0 0 0 0 0 0 0 0 0 0 0 0 0 0 0 0 0 0 0 0 0 0 0 0 0 0 0 0 0 0 0 0 0 0 0 0 0 0 0 0 0 0 0 0 0 0 0 0 0 0 0 0 0 0 0 0 0 0 0 0 0 0 0 0 0 0 0 0 0 0 0 0 0 0 0 0
geno chr19.52964577 gbr  0 0 0 0 0 0 0 0 0 0 0 0 0 0 0 0 0 0 0 0 0 0 0 0 0 0 0 0 0 0 0 0 0 0 0 0 0 0 0 0 0 0 0 0 0 0 0 0 0 0 0 0 0 0 0 0 0 0 0 0 0 0 0 0 0 0 0 0 0 0 0 0 0 0 0 0 0 0 0 0 0 0 0 0
geno chr19.52964577 tsi  0 0 0 0 0 0 0 0 0 0 0 0 0 0 0 0 0 0 0 0 0 0 0 0 0 0 0 0 0 0 0 0 0 0 0 0 0 0 0 0 0 0 0 0 0 0 0 0 0 0 0 0 0 0 0 0 0 0 0 0 0 0 0 0 0 0 0 0 0 0 0 0 0 0 0 0 0 0 0 0 0 0 0 0 0 0 0 0 0 0 0 0
geno chr19.52964577 yri  1 0 0 0 0 0 0 2 0 1 0 1 2 0 0 1 0 1 0 0 0 0 0 0 1 0 0 0 0 1 1 0 1 1 0 1 1 0 0 0 0 0 1 1 0 0 0 0 0 1 1 1 0 0 0 0 1 0 0 0 0 0 1 1 1 0 0 0 0 0 0 0 0 1 0 1 1
geno chr19.52965148 ceu  2 2 2 2 2 2 2 2 2 2 2 2 2 2 2 2 2 2 2 2 1 2 2 2 2 2 2 2 2 2 2 2 2 2 2 2 2 2 2 2 2 2 2 2 2 2 2 2 2 2 2 2 2 2 2 2 2 2 2 2 2 2 2 2 2 2 2 2 2 2 2 2 2 2 2 1 2 2
geno chr19.52965148 fin  2 1 1 1 1 2 2 2 2 2 2 2 2 2 2 2 2 2 2 2 2 2 2 2 2 2 2 2 2 2 2 2 2 2 2 2 2 2 2 2 2 2 2 2 2 1 2 2 2 2 2 2 2 2 2 2 2 2 2 2 2 2 2 2 2 2 2 2 2 2 2 2 2 2 1 2 2 2 2 2 2 2 2 2 2 2 2 1 2
geno chr19.52965148 gbr  2 2 2 2 2 2 1 2 2 2 1 2 1 2 2 2 2 2 2 2 2 2 2 2 2 2 2 2 2 2 2 2 2 2 2 2 2 1 2 1 2 2 2 2 2 2 2 2 2 2 2 2 2 2 2 2 2 2 2 1 2 2 2 2 2 2 2 2 2 2 2 2 2 2 2 2 2 2 1 2 1 2 2 2
geno chr19.52965148 tsi  2 2 2 2 2 2 2 2 2 2 2 2 2 2 2 2 2 2 2 1 2 2 2 2 2 2 2 2 2 2 1 2 2 1 2 2 2 2 1 2 2 2 2 2 2 1 2 2 2 2 2 2 2 2 2 2 2 2 2 2 2 1 2 2 2 2 2 2 2 2 2 2 2 2 2 2 2 2 2 2 2 2 2 2 2 2 2 2 2 2 2 2
geno chr19.52965148 yri  1 2 2 2 1 1 2 0 2 1 2 1 0 2 2 1 2 1 2 2 2 2 2 2 1 2 2 2 2 1 0 2 1 1 2 1 1 2 2 2 2 2 1 1 2 2 2 2 2 1 1 1 2 2 2 2 1 2 1 2 2 2 1 0 1 2 2 2 2 2 1 2 2 1 2 1 1
geno chr19.52965343 ceu  2 2 2 2 2 2 2 2 2 2 2 2 2 2 2 2 2 2 2 2 1 2 2 2 2 2 2 2 2 2 2 2 2 2 2 2 2 2 2 2 2 2 2 2 2 2 2 2 2 2 2 2 2 2 2 2 2 2 2 2 2 2 2 2 2 2 2 2 2 2 2 2 2 2 2 1 2 2
geno chr19.52965343 fin  2 1 1 1 1 2 2 2 2 2 2 2 2 2 2 2 2 2 2 2 2 2 2 2 2 2 2 2 2 2 2 2 2 2 2 2 2 2 2 2 2 2 2 2 2 1 2 2 2 2 2 2 2 2 2 2 2 2 2 2 2 2 2 2 2 2 2 2 2 2 2 2 2 2 1 2 2 2 2 2 2 2 2 2 2 2 2 1 2
geno chr19.52965343 gbr  2 2 2 2 2 2 1 2 2 2 1 2 1 2 2 2 2 2 2 2 2 2 2 2 2 2 2 2 2 2 2 2 2 2 2 2 2 1 2 1 2 2 2 2 2 2 2 2 2 2 2 2 2 2 2 2 2 2 2 1 2 2 2 2 2 2 2 2 2 2 2 2 2 2 2 2 2 2 1 2 1 2 2 2
geno chr19.52965343 tsi  2 2 2 2 2 2 2 2 2 2 2 2 2 2 2 2 2 2 2 1 2 2 2 2 2 2 2 2 2 2 1 2 2 1 2 2 2 2 1 2 2 2 2 2 2 1 2 2 2 2 2 2 2 2 2 2 2 2 2 2 2 1 2 2 2 2 2 2 2 2 2 2 2 2 2 2 2 2 2 2 2 2 2 2 2 2 2 2 2 2 2 2
geno chr19.52965343 yri  1 2 2 2 2 2 2 0 2 1 2 1 0 2 2 1 2 1 2 2 2 2 2 2 1 2 2 2 2 1 0 2 1 1 2 1 1 2 2 2 2 2 1 1 2 2 2 2 2 1 1 1 2 2 2 2 1 2 1 2 2 2 1 0 1 2 2 2 2 2 1 2 2 1 2 1 1
geno chr19.52965702 ceu  2 2 2 2 2 2 2 2 2 2 2 2 2 2 2 2 2 2 2 2 1 2 2 2 2 2 2 2 2 2 2 2 2 2 2 2 2 2 2 2 2 2 2 2 2 2 2 2 2 2 2 2 2 2 2 2 2 2 2 2 2 2 2 2 2 2 2 2 2 2 2 2 2 2 2 1 2 2
geno chr19.52965702 fin  2 1 1 1 1 2 2 2 2 2 2 2 2 2 2 2 2 2 2 2 2 2 2 2 2 2 2 2 2 2 2 2 2 2 2 2 2 2 2 2 2 2 2 2 2 1 2 2 2 2 2 2 2 2 2 2 2 2 2 2 2 2 2 2 2 2 2 2 2 2 2 2 2 2 1 2 2 2 2 2 2 2 2 2 2 2 2 1 2
geno chr19.52965702 gbr  2 2 2 2 2 2 1 2 2 2 1 2 1 2 2 2 2 2 2 2 2 2 2 2 2 2 2 2 2 2 2 2 2 2 2 2 2 1 2 1 2 2 2 2 2 2 2 2 2 2 2 2 2 2 2 2 2 2 2 1 2 2 2 2 2 2 2 2 2 2 2 2 2 2 2 2 2 2 1 2 1 2 2 2
geno chr19.52965702 tsi  2 2 2 2 2 2 2 2 2 2 2 2 2 2 2 2 2 2 2 1 2 2 2 2 2 2 2 2 2 2 1 2 2 1 2 2 2 2 1 2 2 2 2 2 2 1 1 2 2 2 2 2 2 2 2 2 2 2 2 2 2 1 2 2 2 2 2 2 2 2 2 2 2 2 2 2 2 2 2 2 2 2 2 2 2 2 2 2 2 2 2 2
geno chr19.52965702 yri  1 1 2 2 1 1 2 0 2 1 2 1 0 2 2 0 2 1 2 2 2 2 2 2 1 2 2 2 2 1 0 2 1 1 2 1 1 1 2 2 2 2 1 1 1 2 2 2 2 1 1 1 2 2 2 2 1 2 1 2 2 2 1 0 1 1 2 2 2 2 1 2 2 1 2 1 1
geno chr19.52965934 ceu  2 2 2 2 2 2 2 2 2 2 2 2 2 2 2 2 2 2 2 2 1 2 2 2 2 2 2 2 2 2 2 2 2 2 2 2 2 2 2 2 2 2 2 2 2 2 2 2 2 2 2 2 2 2 2 2 2 2 2 2 2 2 2 2 2 2 2 2 2 2 2 2 2 2 2 1 2 2
geno chr19.52965934 fin  2 1 1 1 1 2 2 2 2 2 2 2 2 2 2 2 2 2 2 2 2 2 2 2 2 2 2 2 2 2 2 2 2 2 2 2 2 2 2 2 2 2 2 2 2 1 2 2 2 2 2 2 2 2 2 2 2 2 2 2 2 2 2 2 2 2 2 2 2 2 2 2 2 2 1 2 2 2 2 2 2 2 2 2 2 2 2 1 2
geno chr19.52965934 gbr  2 2 2 2 2 2 1 2 2 2 1 2 1 2 2 2 2 2 2 2 2 2 2 2 2 2 2 2 2 2 2 2 2 2 2 2 2 1 2 1 2 2 2 2 2 2 2 2 2 2 2 2 2 2 2 2 2 2 2 1 2 2 2 2 2 2 2 2 2 2 2 2 2 2 2 2 2 2 1 2 1 2 2 2
geno chr19.52965934 tsi  2 2 2 2 2 2 2 2 2 2 2 2 2 2 2 2 2 2 2 1 2 2 2 2 2 2 2 2 2 2 1 2 2 1 2 2 2 2 1 2 2 2 2 2 2 1 2 2 2 2 2 2 2 2 2 2 2 2 2 2 2 1 2 2 2 2 2 2 2 2 2 2 2 2 2 2 2 2 2 2 2 2 2 2 2 2 2 2 2 2 2 2
geno chr19.52965934 yri  1 1 2 2 1 1 2 0 2 1 2 1 0 2 2 0 2 1 2 2 2 2 2 2 1 2 2 2 2 1 0 2 1 1 2 1 1 1 2 2 2 2 1 1 1 2 2 2 2 1 1 1 2 2 2 2 1 2 1 2 2 2 1 0 1 1 2 2 2 2 1 2 2 1 2 1 1
geno chr19.52965983 ceu  2 2 2 2 2 2 2 2 2 2 2 2 2 2 2 2 2 2 2 2 1 2 2 2 2 2 2 2 2 2 2 2 2 2 2 2 2 2 2 2 2 2 2 2 2 2 2 2 2 2 2 2 2 2 2 2 2 2 2 2 2 2 2 2 2 2 2 2 2 2 2 2 2 2 2 1 2 2
geno chr19.52965983 fin  2 1 1 1 1 2 2 2 2 2 2 2 2 2 2 2 2 2 2 2 2 2 2 2 2 2 2 2 2 2 2 2 2 2 2 2 2 2 2 2 2 2 2 2 2 1 2 2 2 2 2 2 2 2 2 2 2 2 2 2 2 2 2 2 2 2 2 2 2 2 2 2 2 2 1 2 2 2 2 2 2 2 2 2 2 2 2 1 2
geno chr19.52965983 gbr  2 2 2 2 2 2 1 2 2 2 1 2 1 2 2 2 2 2 2 2 2 2 2 2 2 2 2 2 2 2 2 2 2 2 2 2 2 1 2 1 2 2 2 2 2 2 2 2 2 2 2 2 2 2 2 2 2 2 2 1 2 2 2 2 2 2 2 2 2 2 2 2 2 2 2 2 2 2 1 2 1 2 2 2
geno chr19.52965983 tsi  2 2 2 2 2 2 2 2 2 2 2 2 2 2 2 2 2 2 2 1 2 2 2 2 2 2 2 2 2 2 1 2 2 1 2 2 2 2 1 2 2 2 2 2 2 1 2 2 2 2 2 2 2 2 2 2 2 2 2 2 2 1 2 2 2 2 2 2 2 2 2 2 2 2 2 2 2 2 2 2 2 2 2 2 2 2 2 2 2 2 2 2
geno chr19.52965983 yri  1 1 2 2 1 1 2 0 2 1 2 1 0 2 2 0 2 1 2 2 2 2 2 2 1 2 2 2 2 1 0 2 1 1 2 1 1 1 2 2 2 2 1 1 1 2 2 2 2 1 1 1 2 2 2 2 1 2 1 2 2 2 1 0 1 1 2 2 2 2 1 2 2 1 2 1 1
geno chr19.52966709 ceu  2 2 2 2 2 2 2 2 2 2 2 2 2 2 2 2 2 2 2 2 1 2 2 2 2 2 2 2 2 2 2 2 2 2 2 2 2 2 2 2 2 2 2 2 2 2 2 2 2 2 2 2 2 2 2 2 2 2 2 2 2 2 2 2 2 2 2 2 2 2 2 2 2 2 2 1 2 2
geno chr19.52966709 fin  2 1 1 1 1 2 2 2 2 2 2 2 2 2 2 2 2 2 2 2 2 2 2 2 2 2 2 2 2 2 2 2 2 2 2 2 2 2 2 2 2 2 2 2 2 1 2 2 2 2 2 2 2 2 2 2 2 2 2 2 2 2 2 2 2 2 2 2 2 2 2 2 2 2 1 2 2 2 2 2 2 2 2 2 2 2 2 1 2
geno chr19.52966709 gbr  2 2 2 2 2 2 1 2 2 2 1 2 1 2 2 2 2 2 2 2 2 2 2 2 2 2 2 2 2 2 2 2 2 2 2 2 2 1 2 1 2 2 2 2 2 2 2 2 2 2 2 2 2 2 2 2 2 2 2 1 2 2 2 2 2 2 2 2 2 2 2 2 2 2 2 2 2 2 1 2 1 2 2 2
geno chr19.52966709 tsi  2 2 2 2 2 2 2 2 2 2 2 2 2 2 2 2 2 2 2 1 2 2 2 2 2 2 2 2 2 2 1 2 2 1 2 2 2 2 1 2 2 2 2 2 2 1 2 2 2 2 2 2 2 2 2 2 2 2 2 2 2 1 2 2 2 2 2 2 2 2 2 2 2 2 2 2 2 2 2 2 2 2 2 2 2 2 2 2 2 2 2 2
geno chr19.52966709 yri  1 2 2 2 1 1 2 0 2 1 2 1 0 2 2 1 2 1 2 2 2 2 2 2 1 2 2 2 2 1 0 2 1 1 2 1 1 2 2 2 2 2 1 1 2 2 2 2 2 1 1 1 2 2 2 2 1 2 1 2 2 2 1 0 1 2 2 2 2 2 1 2 2 1 2 1 1
geno chr19.52966809 ceu  2 2 2 2 2 2 2 2 2 2 2 2 2 2 2 2 2 2 2 2 1 2 2 2 2 2 2 2 2 2 2 2 2 2 2 2 2 2 2 2 2 2 2 2 2 2 2 2 2 2 2 2 2 2 2 2 2 2 2 2 2 2 2 2 2 2 2 2 2 2 2 2 2 2 2 1 2 2
geno chr19.52966809 fin  2 1 1 1 1 2 2 2 2 2 2 2 2 2 2 2 2 2 2 2 2 2 2 2 2 2 2 2 2 2 2 2 2 2 2 2 2 2 2 2 2 2 2 2 2 1 2 2 2 2 2 2 2 2 2 2 2 2 2 2 2 2 2 2 2 2 2 2 2 2 2 2 2 2 1 2 2 2 2 2 2 2 2 2 2 2 2 1 2
geno chr19.52966809 gbr  2 2 2 2 2 2 1 2 2 2 1 2 1 2 2 2 2 2 2 2 2 2 2 2 2 1 2 2 2 2 2 2 2 2 2 2 2 1 2 1 2 2 2 2 2 2 2 2 2 2 2 2 2 2 2 2 2 2 2 1 2 2 2 2 1 2 2 2 1 2 2 2 2 2 2 2 2 2 1 2 1 2 2 2
geno chr19.52966809 tsi  2 2 2 2 2 2 2 2 2 2 2 2 2 2 2 2 2 2 2 1 2 2 2 2 2 2 2 2 2 2 1 2 2 1 2 2 2 2 1 2 2 2 2 2 2 1 2 2 2 2 2 2 2 2 2 2 2 2 2 2 2 1 2 2 2 2 2 2 2 2 2 2 2 2 2 2 2 2 2 2 2 2 2 2 2 2 2 2 2 2 2 2
geno chr19.52966809 yri  1 1 1 2 0 0 2 0 1 1 2 1 0 2 1 0 2 0 1 2 1 1 2 2 0 2 1 1 1 1 0 2 1 1 2 0 1 0 2 2 1 1 1 1 1 2 2 1 1 1 1 0 2 2 1 2 1 1 0 2 2 1 0 0 0 0 2 0 2 1 1 1 1 1 2 1 1
geno chr19.52967570 ceu  0 1 2 1 2 2 0 1 1 0 1 0 1 1 2 1 1 1 2 2 1 1 2 1 1 2 2 1 2 1 1 1 1 1 1 1 0 1 0 1 1 1 0 1 0 2 0 0 1 0 1 0 0 1 1 1 0 1 0 1 0 1 1 0 1 0 0 1 1 2 2 0 1 2 2 1 0 2
geno chr19.52967570 fin  1 1 1 1 0 1 1 0 0 2 1 1 0 1 2 1 2 1 2 2 0 0 2 1 1 1 0 0 0 0 1 0 1 1 1 1 0 0 1 2 0 1 2 1 1 0 0 0 1 2 1 0 0 2 0 0 0 1 1 1 1 2 0 0 0 2 1 1 1 2 0 1 1 0 0 1 0 1 0 0 0 1 0 1 1 0 0 1 1
geno chr19.52967570 gbr  1 1 2 1 1 0 1 0 1 1 0 1 0 2 1 0 2 0 1 1 1 0 1 1 1 0 1 0 0 0 0 1 2 2 2 1 1 0 2 0 1 1 1 1 1 1 1 1 1 1 1 2 2 2 2 0 2 1 1 1 1 1 1 1 1 2 0 1 1 1 0 1 1 0 0 2 1 1 0 1 0 1 2 2
geno chr19.52967570 tsi  1 1 1 1 1 1 0 0 0 0 1 2 1 2 1 0 1 1 1 1 0 1 0 0 0 1 1 2 1 0 0 1 1 0 1 0 1 1 1 1 1 1 2 2 1 0 2 0 0 1 1 0 1 1 1 0 2 2 1 0 0 0 2 1 1 0 1 1 2 1 0 2 1 1 2 0 0 1 1 1 0 2 0 1 2 1 1 1 2 2 1 2
geno chr19.52967570 yri  0 0 0 0 0 0 0 0 0 0 1 0 0 1 0 0 0 0 0 0 0 0 0 1 0 0 0 0 0 0 0 0 0 0 0 0 0 0 0 0 0 0 0 0 0 0 0 0 1 0 0 0 0 1 1 0 0 0 0 1 0 0 0 0 0 0 1 0 1 0 0 0 0 0 1 0 0
geno chr19.52967920 ceu  2 2 2 2 2 2 2 2 2 2 2 2 2 2 2 2 2 2 2 2 1 2 2 2 2 2 2 2 2 2 2 2 2 2 2 2 2 2 2 2 2 2 2 2 2 2 2 2 2 2 2 2 2 2 2 2 2 2 2 2 2 2 2 2 2 2 2 2 2 2 2 2 2 2 2 1 2 2
geno chr19.52967920 fin  2 1 1 1 1 2 2 2 2 2 2 2 2 2 2 2 2 2 2 2 2 2 2 2 2 2 2 2 2 2 2 2 2 2 2 2 2 2 2 2 2 2 2 2 2 1 2 2 2 2 2 2 2 2 2 2 2 2 2 2 2 2 2 2 2 2 2 2 2 2 2 2 2 2 1 2 2 2 2 2 2 2 2 2 2 2 2 1 2
geno chr19.52967920 gbr  2 2 2 2 2 2 1 2 2 2 1 2 1 2 2 2 2 2 2 2 2 2 2 2 2 2 2 2 2 2 2 2 2 2 2 2 2 1 2 1 2 2 2 2 2 2 2 2 2 2 2 2 2 2 2 2 2 2 2 1 2 2 2 2 2 2 2 2 2 2 2 2 2 2 2 2 2 2 1 2 1 2 2 2
geno chr19.52967920 tsi  2 2 2 2 2 2 2 2 2 2 2 2 2 2 2 2 2 2 2 1 2 2 2 2 2 2 2 2 2 2 1 2 2 1 2 2 2 2 1 2 2 2 2 2 2 1 2 2 2 2 2 2 2 2 2 2 2 2 2 2 2 1 2 2 2 2 2 2 2 2 2 2 2 2 2 2 2 2 2 2 2 2 2 2 2 2 2 2 2 2 2 2
geno chr19.52967920 yri  2 2 2 2 1 1 2 2 2 2 2 2 2 2 2 2 2 2 2 2 2 2 2 2 2 2 2 2 2 2 2 2 2 2 2 2 2 2 2 2 2 2 2 2 2 2 2 2 2 2 2 2 2 2 2 2 2 2 2 2 2 2 2 1 2 2 2 2 2 2 2 2 2 2 2 2 2
geno chr19.52968224 ceu  0 0 0 0 0 0 0 0 1 0 0 0 0 0 0 1 0 0 0 0 0 0 0 0 0 0 0 0 0 0 0 1 0 0 0 0 0 0 0 0 0 0 0 0 0 0 1 1 0 0 1 0 1 0 0 0 0 0 0 0 0 0 1 0 0 1 1 0 0 0 0 0 0 0 0 0 1 0
geno chr19.52968224 fin  0 0 0 0 0 0 1 0 0 0 0 0 0 0 0 0 0 0 0 0 0 0 0 0 0 0 0 0 1 0 0 0 0 1 0 0 0 0 0 0 0 0 0 0 1 0 0 0 0 0 0 0 0 0 1 0 0 0 0 1 0 0 1 1 1 0 0 0 0 0 0 1 0 0 1 0 0 0 0 0 0 0 0 0 0 0 1 0 0
geno chr19.52968224 gbr  1 0 0 0 0 0 0 0 0 0 0 0 0 0 0 0 0 0 0 1 0 0 0 0 0 0 0 0 0 0 1 0 0 0 0 0 0 0 0 0 0 0 0 0 0 0 0 0 0 0 0 0 0 0 0 2 0 0 0 0 0 0 0 0 0 0 0 0 0 0 0 0 0 0 0 0 0 1 0 0 0 0 0 0
geno chr19.52968224 tsi  0 0 0 0 0 0 1 0 1 0 1 0 0 0 0 0 0 0 0 0 0 0 0 0 0 0 0 0 0 0 0 0 0 0 0 1 0 0 0 0 0 0 0 0 0 0 0 0 0 0 0 0 0 0 0 0 0 0 0 0 0 0 0 0 0 0 0 0 0 0 1 0 0 0 0 0 0 0 0 0 0 0 1 0 0 0 0 0 0 0 0 0
geno chr19.52968224 yri  0 0 0 0 0 0 0 0 0 0 0 0 0 0 0 0 0 0 0 0 0 0 0 0 0 0 0 0 0 0 0 0 0 0 0 0 0 0 0 0 0 0 0 0 0 0 0 0 0 0 0 0 0 0 0 0 0 0 0 0 0 0 0 0 0 0 0 0 0 0 0 0 0 0 0 0 0
geno chr19.52968604 ceu  2 2 2 2 2 2 2 2 2 2 2 2 2 2 2 2 2 2 2 2 1 2 2 2 2 2 2 2 2 2 2 2 2 2 2 2 2 2 2 2 2 2 2 2 2 2 2 2 2 2 2 2 2 2 2 2 2 2 2 2 2 2 2 2 2 2 2 2 2 2 2 2 2 2 2 1 2 2
geno chr19.52968604 fin  2 1 1 1 1 2 2 2 2 2 2 2 2 2 2 2 2 2 2 2 2 2 2 2 2 2 2 2 2 2 2 2 2 2 2 2 2 2 2 2 2 2 2 2 2 1 2 2 2 2 2 2 2 2 2 2 2 2 2 2 2 2 2 2 2 2 2 2 2 2 2 2 2 2 1 2 2 2 2 2 2 2 2 2 2 2 2 1 2
geno chr19.52968604 gbr  2 2 2 2 2 2 1 2 2 2 1 2 1 2 2 2 2 2 2 2 2 2 2 2 2 2 2 2 2 2 2 2 2 2 2 2 2 1 2 1 2 2 2 2 2 2 2 2 2 2 2 2 2 2 2 2 2 2 2 1 2 2 2 2 2 2 2 2 2 2 2 2 2 2 2 2 2 2 1 2 1 2 2 2
geno chr19.52968604 tsi  2 2 2 2 2 2 2 2 2 2 2 2 2 2 2 2 2 2 2 1 2 2 2 2 2 2 2 2 2 2 1 2 2 1 2 2 2 2 1 2 2 2 2 2 2 1 2 2 2 2 2 2 2 2 2 2 2 2 2 2 2 1 2 2 2 2 2 2 2 2 2 2 2 2 2 2 2 2 2 2 2 2 2 2 2 2 2 2 2 2 2 2
geno chr19.52968604 yri  1 1 2 2 1 1 2 0 2 1 2 1 0 2 2 0 2 1 2 2 2 2 2 2 1 2 2 2 2 1 0 2 1 1 2 1 1 1 2 2 2 2 1 1 1 2 2 2 2 1 1 1 2 2 2 2 1 2 1 2 2 2 1 0 1 1 2 2 2 2 1 2 2 1 2 1 1
geno chr19.52969630 ceu  2 2 2 2 2 2 2 2 2 2 2 2 2 2 2 2 2 2 2 2 1 2 2 2 2 2 2 2 2 2 2 2 2 2 2 2 2 2 2 2 2 2 2 2 2 2 2 2 2 2 2 2 2 2 2 2 2 2 2 2 2 2 2 2 2 2 2 2 2 2 2 2 2 2 2 1 2 2
geno chr19.52969630 fin  2 1 1 1 1 2 2 2 2 2 2 2 2 2 2 2 2 2 2 2 2 2 2 2 2 2 2 2 2 2 2 2 2 2 2 2 2 2 2 2 2 2 2 2 2 1 2 2 2 2 2 2 2 2 2 2 2 2 2 2 2 2 2 2 2 2 2 2 2 2 2 2 2 2 1 2 2 2 2 2 2 2 2 2 2 2 2 1 2
geno chr19.52969630 gbr  2 2 2 2 2 2 1 2 2 2 1 2 1 2 2 2 2 2 2 2 2 2 2 2 2 2 2 2 2 2 2 2 2 2 2 2 2 1 2 1 2 2 2 2 2 2 2 2 2 2 2 2 2 2 2 2 2 2 2 1 2 2 2 2 2 2 2 2 2 2 2 2 2 2 2 2 2 2 1 2 1 2 2 2
geno chr19.52969630 tsi  2 2 2 2 2 2 2 2 2 2 2 2 2 2 2 2 2 2 2 1 2 2 2 2 2 2 2 2 2 2 1 2 2 1 2 2 2 2 1 2 2 2 2 2 2 1 2 2 2 2 2 2 2 2 2 2 2 2 2 2 2 1 2 2 2 2 2 2 2 2 2 2 2 2 2 2 2 2 2 2 2 2 2 2 2 2 2 2 2 2 2 2
geno chr19.52969630 yri  1 1 2 2 1 1 2 0 2 1 2 1 0 2 2 0 2 1 2 2 2 2 2 2 1 2 2 2 2 1 0 2 1 1 2 1 1 1 2 2 2 2 1 1 1 2 2 2 2 1 1 1 2 2 2 2 1 2 1 2 2 2 1 0 1 1 2 2 2 2 1 2 2 1 2 1 1
geno chr19.52969762 ceu  2 2 2 2 2 2 2 2 2 2 2 2 2 2 2 2 2 2 2 2 1 2 2 2 2 2 2 2 2 2 2 2 2 2 2 2 2 2 2 2 2 2 2 2 2 2 2 2 2 2 2 2 2 2 2 2 2 2 2 2 2 2 2 2 2 2 2 2 2 2 2 2 2 2 2 1 2 2
geno chr19.52969762 fin  2 1 1 1 1 2 2 2 2 2 2 2 2 2 2 2 2 2 2 2 2 2 2 2 2 2 2 2 2 2 2 2 2 2 2 2 2 2 2 2 2 2 2 2 2 1 2 2 2 2 2 2 2 2 2 2 2 2 2 2 2 2 2 2 2 2 2 2 2 2 2 2 2 2 1 2 2 2 2 2 2 2 2 2 2 2 2 1 2
geno chr19.52969762 gbr  2 2 2 2 2 2 1 2 2 2 1 2 1 2 2 2 2 2 2 2 2 2 2 2 2 2 2 2 2 2 2 2 2 2 2 2 2 1 2 1 2 2 2 2 2 2 2 2 2 2 2 2 2 2 2 2 2 2 2 1 2 2 2 2 2 2 2 2 2 2 2 2 2 2 2 2 2 2 1 2 1 2 2 2
geno chr19.52969762 tsi  2 2 2 2 2 2 2 2 2 2 2 2 2 2 2 2 2 2 2 1 2 2 2 2 2 2 2 2 2 2 1 2 2 1 2 2 2 2 1 2 2 2 2 2 2 1 2 2 2 2 2 2 2 2 2 2 2 2 2 2 2 1 2 2 2 2 2 2 2 2 2 2 2 2 2 2 2 2 2 2 2 2 2 2 2 2 2 2 2 2 2 2
geno chr19.52969762 yri  2 2 2 2 1 1 2 2 2 2 2 2 2 2 2 2 2 2 2 2 2 2 2 2 2 2 2 2 2 2 2 2 2 2 2 2 2 2 2 2 2 2 2 2 2 2 2 2 2 2 2 2 2 2 2 2 2 2 2 2 2 2 2 1 2 2 2 2 2 2 2 2 2 2 2 2 2
geno chr19.52969993 ceu  0 0 0 0 0 0 0 0 0 0 0 0 0 0 0 0 0 0 0 0 0 0 0 0 0 0 0 0 0 0 0 0 0 0 0 0 0 0 0 0 0 0 0 0 0 0 0 0 0 0 0 0 0 0 0 0 0 0 0 0 0 0 0 0 0 0 0 0 0 0 0 0 0 0 0 0 0 0
geno chr19.52969993 fin  0 0 0 0 0 0 0 0 0 0 0 0 0 0 0 0 0 0 0 0 0 0 0 0 0 0 0 0 0 0 0 0 0 0 0 0 0 0 0 0 0 0 0 0 0 0 0 1 0 0 0 0 0 0 0 0 0 0 0 0 0 0 0 0 0 0 0 0 0 0 0 0 0 0 0 0 0 0 0 0 0 0 0 0 0 0 0 0 0
geno chr19.52969993 gbr  0 0 0 0 0 0 0 0 0 0 0 0 0 0 0 0 0 0 0 0 0 0 0 0 0 1 0 0 0 0 0 0 0 0 0 0 0 0 0 0 0 0 0 0 0 0 0 0 0 0 0 0 0 0 0 0 0 0 0 0 0 0 0 0 0 0 0 0 0 0 0 0 0 0 0 0 0 0 0 0 0 0 0 0
geno chr19.52969993 tsi  0 0 0 0 0 0 0 0 0 0 0 0 0 0 0 0 0 0 0 0 0 0 0 0 0 0 0 0 0 0 0 0 0 0 0 0 0 0 0 0 0 0 0 0 0 0 0 0 0 0 0 0 0 0 0 0 0 0 0 0 0 0 0 0 0 0 0 0 0 0 0 0 0 0 0 0 0 0 0 0 0 0 0 0 0 0 0 0 0 0 0 0
geno chr19.52969993 yri  0 0 1 0 1 0 0 0 0 0 0 0 0 0 0 0 0 1 1 0 1 1 0 0 1 0 1 1 1 0 0 0 0 0 0 1 0 0 0 0 1 1 0 0 0 0 0 0 1 0 0 1 0 0 1 0 0 1 1 0 0 1 1 0 1 1 0 2 0 0 0 0 0 0 0 0 0
geno chr19.52970077 ceu  2 2 2 2 2 2 2 2 2 2 2 2 2 2 2 2 2 2 2 2 1 2 2 2 2 2 2 2 2 2 2 2 2 2 2 2 2 2 2 2 2 2 2 2 2 2 2 2 2 2 2 2 2 2 2 2 2 2 2 2 2 2 2 2 2 2 2 2 2 2 2 2 2 2 2 1 2 2
geno chr19.52970077 fin  2 1 1 1 1 2 2 2 2 2 2 2 2 2 2 2 2 2 2 2 2 2 2 2 2 2 2 2 2 2 2 2 2 2 2 2 2 2 2 2 2 2 2 2 2 1 2 1 2 2 2 2 2 2 2 2 2 2 2 2 2 2 2 2 2 2 2 2 2 2 2 2 2 2 1 2 2 2 2 2 2 2 2 2 2 2 2 1 2
geno chr19.52970077 gbr  2 2 2 2 2 2 1 2 2 2 1 2 1 2 2 2 2 2 2 2 2 2 2 2 2 1 2 2 2 2 2 2 2 2 2 2 2 1 2 1 2 2 2 2 2 2 2 2 2 2 2 2 2 2 2 2 2 2 2 1 2 2 2 2 2 2 2 2 2 2 2 2 2 2 2 2 2 2 1 2 1 2 2 2
geno chr19.52970077 tsi  2 2 2 2 2 2 2 2 2 2 2 2 2 2 2 2 2 2 2 1 2 2 2 2 2 2 2 2 2 2 1 2 2 1 2 2 2 2 1 2 2 2 2 2 2 1 2 2 2 2 2 2 2 2 2 2 2 2 2 2 2 1 2 2 2 2 2 2 2 2 2 2 2 2 2 2 2 2 2 2 2 2 2 2 2 2 2 2 2 2 2 2
geno chr19.52970077 yri  1 1 1 2 0 1 2 0 1 1 2 1 0 2 1 0 2 0 1 2 1 1 2 2 0 2 1 1 1 1 0 2 1 1 2 0 1 0 2 2 1 1 1 1 1 2 2 1 1 1 1 0 2 2 1 2 1 1 0 2 2 1 0 0 0 0 2 0 2 1 1 1 1 1 2 1 1
geno chr19.52970455 ceu  0 1 1 1 2 2 0 1 1 0 1 0 1 0 2 1 1 1 2 2 1 1 1 1 1 2 2 1 2 1 0 1 1 1 1 1 0 1 0 1 1 1 0 1 0 2 0 0 1 0 1 0 0 1 0 1 0 0 0 1 0 1 1 0 1 0 0 1 1 1 1 0 1 2 2 1 0 2
geno chr19.52970455 fin  1 1 0 1 0 1 1 0 0 2 1 1 0 0 1 1 2 1 2 2 0 0 1 1 1 1 0 0 0 0 1 0 1 1 1 1 0 0 1 2 0 1 2 1 1 0 0 0 1 2 0 0 0 2 0 0 0 1 1 1 1 1 0 0 0 1 0 1 1 2 0 1 1 0 0 0 0 0 0 0 0 1 0 0 1 0 0 1 0
geno chr19.52970455 gbr  1 1 1 1 1 0 1 0 1 1 0 0 0 2 0 0 2 0 1 1 0 0 1 0 1 0 1 0 0 0 0 1 2 2 2 1 1 0 1 0 1 1 1 1 1 1 1 1 1 1 1 1 2 2 2 0 2 0 1 1 1 1 1 1 1 2 0 1 1 1 0 0 1 0 0 2 0 1 0 1 0 1 2 2
geno chr19.52970455 tsi  1 1 1 1 1 1 0 0 0 0 0 2 0 1 1 0 1 1 1 0 0 1 0 0 0 1 1 2 1 0 0 1 1 0 1 0 1 1 1 1 0 1 1 2 1 0 2 0 0 0 0 0 1 1 1 0 2 2 1 0 0 0 2 1 1 0 0 1 2 1 0 2 1 1 2 0 0 1 1 1 0 1 0 1 1 1 1 0 2 2 1 2
geno chr19.52970455 yri  0 0 0 0 0 0 0 0 0 0 0 0 0 0 0 0 0 0 0 0 0 0 0 0 0 0 0 0 0 0 0 0 0 0 0 0 0 0 0 0 0 0 0 0 0 0 0 0 1 0 0 0 0 0 1 0 0 0 0 0 0 0 0 0 0 0 0 0 1 0 0 0 0 0 0 0 0
geno chr19.52970603 ceu  2 2 2 2 2 2 2 2 2 2 2 2 2 2 2 2 2 2 2 2 1 2 2 2 2 2 2 2 2 2 2 2 2 2 2 2 2 2 2 2 2 2 2 2 2 2 2 2 2 2 2 2 2 2 2 2 2 2 2 2 2 2 2 2 2 2 2 2 2 2 2 2 2 2 2 1 2 2
geno chr19.52970603 fin  2 1 1 1 1 2 2 2 2 2 2 2 2 2 2 2 2 2 2 2 2 2 2 2 2 2 2 2 2 2 2 2 2 2 2 2 2 2 2 2 2 2 2 2 2 1 2 2 2 2 2 2 2 2 2 2 2 2 2 2 2 2 2 2 2 2 2 2 2 2 2 2 2 2 1 2 2 2 2 2 2 2 2 2 2 2 2 1 2
geno chr19.52970603 gbr  2 2 2 2 2 2 1 2 2 2 1 2 1 2 2 2 2 2 2 2 2 2 2 2 2 2 2 2 2 2 2 2 2 2 2 2 2 1 2 1 2 2 2 2 2 2 2 2 2 2 2 2 2 2 2 2 2 2 2 1 2 2 2 2 2 2 2 2 2 2 2 2 2 2 2 2 2 2 1 2 1 2 2 2
geno chr19.52970603 tsi  2 2 2 2 2 2 2 2 2 2 2 2 2 2 2 2 2 2 2 1 2 2 2 2 2 2 2 2 2 2 1 2 2 1 2 2 2 2 1 2 2 2 2 2 2 1 2 2 2 2 2 2 2 2 2 2 2 2 2 2 2 1 2 2 2 2 2 2 2 2 2 2 2 2 2 2 2 2 2 2 2 2 2 2 2 2 2 2 2 2 2 2
geno chr19.52970603 yri  1 1 2 2 1 1 2 0 2 1 2 1 0 2 2 0 2 1 2 2 2 2 2 2 1 2 2 2 2 1 0 2 1 1 2 1 1 1 2 2 2 2 1 1 1 2 2 2 2 1 1 1 2 2 2 2 1 2 1 2 2 2 1 0 1 1 2 2 2 2 1 2 2 1 2 1 1
geno chr19.52970604 ceu  2 2 2 2 2 2 2 2 2 2 2 2 2 2 2 2 2 2 2 2 1 2 2 2 2 2 2 2 2 2 2 2 2 2 2 2 2 2 2 2 2 2 2 2 2 2 2 2 2 2 2 2 2 2 2 2 2 2 2 2 2 2 2 2 2 2 2 2 2 2 2 2 2 2 2 1 2 2
geno chr19.52970604 fin  2 1 1 1 1 2 2 2 2 2 2 2 2 2 2 2 2 2 2 2 2 2 2 2 2 2 2 2 2 2 2 2 2 2 2 2 2 2 2 2 2 2 2 2 2 1 2 2 2 2 2 2 2 2 2 2 2 2 2 2 2 2 2 2 2 2 2 2 2 2 2 2 2 2 1 2 2 2 2 2 2 2 2 2 2 2 2 1 2
geno chr19.52970604 gbr  2 2 2 2 2 2 1 2 2 2 1 2 1 2 2 2 2 2 2 2 2 2 2 2 2 2 2 2 2 2 2 2 2 2 2 2 2 1 2 1 2 2 2 2 2 2 2 2 2 2 2 2 2 2 2 2 2 2 2 1 2 2 2 2 2 2 2 2 2 2 2 2 2 2 2 2 2 2 1 2 1 2 2 2
geno chr19.52970604 tsi  2 2 2 2 2 2 2 2 2 2 2 2 2 2 2 2 2 2 2 1 2 2 2 2 2 2 2 2 2 2 1 2 2 1 2 2 2 2 1 2 2 2 2 2 2 1 2 2 2 2 2 2 2 2 2 2 2 2 2 2 2 1 2 2 2 2 2 2 2 2 2 2 2 2 2 2 2 2 2 2 2 2 2 2 2 2 2 2 2 2 2 2
geno chr19.52970604 yri  1 1 2 2 2 1 2 0 2 1 2 1 0 2 2 0 2 1 2 2 2 2 2 2 1 2 2 2 2 1 0 2 1 1 2 1 1 1 2 2 2 2 1 1 1 2 2 2 2 1 1 1 2 2 2 2 1 2 1 2 2 2 1 1 1 1 2 2 2 2 1 2 2 1 2 1 1
geno chr19.52970779 ceu  2 2 2 2 2 2 2 2 2 2 2 2 2 2 2 2 2 2 2 2 1 2 2 2 2 2 2 2 2 2 2 2 2 2 2 2 2 2 2 2 2 2 2 2 2 2 2 2 2 2 2 2 2 2 2 2 2 2 2 2 2 2 2 2 2 2 2 2 2 2 2 2 2 2 2 1 2 2
geno chr19.52970779 fin  2 1 1 1 1 2 2 2 2 2 2 2 2 2 2 2 2 2 2 2 2 2 2 2 2 2 2 2 2 2 2 2 2 2 2 2 2 2 2 2 2 2 2 2 2 1 2 2 2 2 2 2 2 2 2 2 2 2 2 2 2 2 2 2 2 2 2 2 2 2 2 2 2 2 1 2 2 2 2 2 2 2 2 2 2 2 2 1 2
geno chr19.52970779 gbr  2 1 2 1 2 2 1 2 2 2 1 2 1 2 2 2 2 2 2 2 2 2 2 2 2 2 2 2 2 2 2 2 2 2 2 2 2 1 2 1 2 2 2 2 2 2 2 2 2 2 2 2 2 2 2 2 2 2 2 1 2 2 2 2 2 2 2 2 2 2 2 2 2 2 2 2 2 2 1 2 1 2 2 2
geno chr19.52970779 tsi  2 2 2 2 2 2 2 2 2 2 2 2 2 2 2 2 2 2 2 1 2 2 2 2 2 2 2 2 2 2 1 2 2 1 2 2 2 2 1 2 2 2 2 2 2 1 2 2 2 2 2 2 2 2 2 2 2 2 2 2 2 1 2 2 2 2 2 2 2 2 2 2 2 2 2 2 2 2 2 2 2 2 2 2 2 2 2 2 2 2 2 2
geno chr19.52970779 yri  1 1 2 2 1 1 2 0 2 1 2 1 0 2 2 0 2 1 2 2 2 2 2 2 1 2 2 2 2 1 0 2 1 1 2 1 1 1 2 2 2 2 1 1 1 2 2 2 2 1 1 1 2 2 2 2 1 2 1 2 2 2 1 0 1 1 2 2 2 2 1 2 2 1 2 1 1
geno chr19.52970866 ceu  2 2 2 2 2 2 2 2 2 2 2 2 2 2 2 2 2 2 2 2 1 2 2 2 2 2 2 2 2 2 2 2 2 2 2 2 2 2 2 2 2 2 2 2 2 2 2 2 2 2 2 2 2 2 2 2 2 2 2 2 2 2 2 2 2 2 2 2 2 2 2 2 2 2 2 1 2 2
geno chr19.52970866 fin  2 1 1 1 1 2 2 2 2 2 2 2 2 2 2 2 2 2 2 2 2 2 2 2 2 2 2 2 2 2 2 2 2 2 2 2 2 2 2 2 2 2 2 2 2 1 2 2 2 2 2 2 2 2 2 2 2 2 2 2 2 2 2 2 2 2 2 2 2 2 2 2 2 2 1 2 2 2 2 2 2 2 2 2 2 2 2 1 2
geno chr19.52970866 gbr  2 2 2 2 2 2 1 2 2 2 1 2 1 2 2 2 2 2 2 2 2 2 2 2 2 2 2 2 2 2 2 2 2 2 2 2 2 1 2 1 2 2 2 2 2 2 2 2 2 2 2 2 2 2 2 2 2 2 2 1 2 2 2 2 2 2 2 2 2 2 2 2 2 2 2 2 2 2 1 2 1 2 2 2
geno chr19.52970866 tsi  2 2 2 2 2 2 2 2 2 2 2 2 2 2 2 2 2 2 2 1 2 2 2 2 2 2 2 2 2 2 1 2 2 1 2 2 2 2 1 2 2 2 2 2 2 1 2 2 2 2 2 2 2 2 2 2 2 2 2 2 2 1 2 2 2 2 2 2 2 2 2 2 2 2 2 2 2 2 2 2 2 2 2 2 2 2 2 2 2 2 2 2
geno chr19.52970866 yri  2 2 2 2 1 1 2 2 2 2 2 2 2 2 2 2 2 2 2 2 2 2 2 2 2 2 2 2 2 2 2 1 2 2 2 2 2 2 2 2 2 2 2 2 2 2 2 2 2 2 2 2 2 2 2 2 2 2 2 2 2 2 2 1 2 2 2 2 2 2 2 2 2 2 2 2 2
geno chr19.52971311 ceu  2 2 2 2 2 2 2 2 2 2 2 2 2 2 2 2 2 2 2 2 1 2 2 2 2 2 2 2 2 2 2 2 2 2 2 2 2 2 2 2 2 2 2 2 2 2 2 2 2 2 2 2 2 2 2 2 2 2 2 2 2 2 2 2 2 2 2 2 2 2 2 2 2 2 2 1 2 2
geno chr19.52971311 fin  2 1 1 1 1 2 2 2 2 2 2 2 2 2 2 2 2 2 2 2 2 2 2 2 2 2 2 2 2 2 2 2 2 2 2 2 2 2 2 2 2 2 2 2 2 1 2 2 2 2 2 2 2 2 2 2 2 2 2 2 2 2 2 2 2 2 2 2 2 2 2 2 2 2 1 2 2 2 2 2 2 2 2 2 2 2 2 1 2
geno chr19.52971311 gbr  2 2 2 2 2 2 1 2 2 2 1 2 1 2 2 2 2 2 2 2 2 2 2 2 2 2 2 2 2 2 2 2 2 2 2 2 2 1 2 1 2 2 2 2 2 2 2 2 2 2 2 2 2 2 2 2 2 2 2 1 2 2 2 2 2 2 2 2 2 2 2 2 2 2 2 2 2 2 1 2 1 2 2 2
geno chr19.52971311 tsi  2 2 2 2 2 2 2 2 2 2 2 2 2 2 2 2 2 2 2 1 2 2 2 2 2 2 2 2 2 2 1 2 2 1 2 2 2 2 1 2 2 2 2 2 2 1 2 2 2 2 2 2 2 2 2 2 2 2 2 2 2 1 2 2 2 2 2 2 2 2 2 2 2 2 2 2 2 2 2 2 2 2 2 2 2 2 2 2 2 2 2 2
geno chr19.52971311 yri  1 1 2 2 1 1 2 0 2 1 2 1 0 2 2 0 2 1 2 2 2 2 2 2 1 2 2 2 2 1 0 2 1 1 2 1 1 1 2 2 2 2 1 1 1 2 2 2 2 1 1 1 2 2 2 2 1 2 1 2 2 2 2 0 1 1 2 2 2 2 1 2 2 1 2 1 1
geno chr19.52971470 ceu  2 2 2 2 2 2 2 2 2 2 2 2 2 2 2 2 2 2 2 2 1 2 2 2 2 2 2 2 2 2 2 2 2 2 2 2 2 2 2 2 2 2 2 2 2 2 2 2 2 2 2 2 2 2 2 2 2 2 2 2 2 2 2 2 2 2 2 2 2 2 2 2 2 2 2 1 2 2
geno chr19.52971470 fin  2 1 1 1 1 2 2 2 2 2 2 2 2 2 2 2 2 2 2 2 2 2 2 2 2 2 2 2 2 2 2 2 2 2 2 2 2 2 2 2 2 2 2 2 2 1 2 2 2 2 2 2 2 2 2 2 2 2 2 2 2 2 2 2 2 2 2 2 2 2 2 2 2 2 1 2 2 2 2 2 2 2 2 2 2 2 2 1 2
geno chr19.52971470 gbr  2 2 2 2 2 2 1 2 2 2 1 2 1 2 2 2 2 2 2 2 2 2 2 2 2 2 2 2 2 2 2 2 2 2 2 2 2 1 2 1 2 2 2 2 2 2 2 2 2 2 2 2 2 2 2 2 2 2 2 1 2 2 2 2 2 2 2 2 2 2 2 2 2 2 2 2 2 2 1 2 1 2 2 2
geno chr19.52971470 tsi  2 2 2 2 2 2 2 2 2 2 2 2 2 2 2 2 2 2 2 1 2 2 2 2 2 2 2 2 2 2 1 2 2 1 2 2 2 2 1 2 2 2 2 2 2 1 2 2 2 2 2 2 2 2 2 2 2 2 2 2 2 1 2 2 2 2 2 2 2 2 2 2 2 2 2 2 2 2 2 2 2 2 2 2 2 2 2 2 2 2 2 2
geno chr19.52971470 yri  2 2 2 2 1 1 2 2 2 2 2 2 2 2 2 2 2 2 2 2 2 1 2 2 2 2 2 2 2 2 2 2 2 2 2 2 2 2 2 2 2 2 2 2 2 2 2 2 2 2 2 2 2 2 2 2 2 2 2 2 2 2 2 1 2 2 2 2 2 2 2 2 2 2 2 2 2
geno chr19.52971953 ceu  2 2 2 2 2 2 2 2 2 2 2 2 2 2 2 2 2 2 2 2 1 2 2 2 2 2 2 2 2 2 2 2 2 2 2 2 2 2 2 2 2 2 2 2 2 2 2 2 2 2 2 2 2 2 2 2 2 2 2 2 2 2 2 2 2 2 2 2 2 2 2 2 2 2 2 1 2 2
geno chr19.52971953 fin  2 1 1 1 1 2 2 2 2 2 2 2 2 2 2 2 2 2 2 2 2 2 2 2 2 2 2 2 2 2 2 2 2 2 2 2 2 2 2 2 2 2 2 2 2 1 2 2 2 2 2 2 2 2 2 2 2 2 2 2 2 2 2 2 2 2 2 2 2 2 2 2 2 2 1 2 2 2 2 2 2 2 2 2 2 2 2 1 2
geno chr19.52971953 gbr  2 2 2 2 2 2 1 2 2 2 1 2 1 2 2 2 2 2 2 2 2 2 2 2 2 2 2 2 2 2 2 2 2 2 2 2 2 1 2 1 2 2 2 2 2 2 2 2 2 2 2 2 2 2 2 2 2 2 2 1 2 2 2 2 2 2 2 2 2 2 2 2 2 2 2 2 2 2 1 2 1 2 2 2
geno chr19.52971953 tsi  2 2 2 2 2 2 2 2 2 2 2 2 2 2 2 2 2 2 2 1 2 2 2 2 2 2 2 2 2 2 1 2 2 1 2 2 2 2 1 2 2 2 2 2 2 1 2 2 2 2 2 2 2 2 2 2 2 2 2 2 2 1 2 2 2 2 2 2 2 2 2 2 2 2 2 2 2 2 2 2 2 2 2 2 2 2 2 2 2 2 2 2
geno chr19.52971953 yri  1 1 2 2 1 1 2 0 2 1 2 1 0 2 2 0 2 1 2 2 2 2 2 2 1 2 2 2 2 1 0 2 1 1 2 1 1 1 2 2 2 2 1 1 1 2 2 2 2 1 1 1 2 2 2 2 1 2 1 2 2 2 1 0 1 1 2 2 2 2 1 2 2 1 2 1 1
geno chr19.52971974 ceu  2 2 2 2 2 2 2 2 2 2 2 2 2 2 2 2 2 2 2 2 1 2 2 2 2 2 2 2 2 2 2 2 2 2 2 2 2 2 2 2 2 2 2 2 2 2 2 2 2 2 2 2 2 2 2 2 2 2 2 2 2 2 2 2 2 2 2 2 2 2 2 2 2 2 2 1 2 2
geno chr19.52971974 fin  2 1 1 1 1 2 2 2 2 2 2 2 2 2 2 2 2 2 2 2 2 2 2 2 2 2 2 2 2 2 2 2 2 2 2 2 2 2 2 2 2 2 2 2 2 1 2 2 2 2 2 2 2 2 2 2 2 2 2 2 2 2 2 2 2 2 2 2 2 2 2 2 2 2 1 2 2 2 2 2 2 2 2 2 2 2 2 1 2
geno chr19.52971974 gbr  2 2 2 2 2 2 1 2 2 2 1 2 1 2 2 2 2 2 2 2 2 2 2 2 2 2 2 2 2 2 2 2 2 2 2 2 2 1 2 1 2 2 2 2 2 2 2 2 2 2 2 2 2 2 2 2 2 2 2 1 2 2 2 2 2 2 2 2 2 2 2 2 2 2 2 2 2 2 1 2 1 2 2 2
geno chr19.52971974 tsi  2 2 2 2 2 2 2 2 2 2 2 2 2 2 2 2 2 2 2 1 2 2 2 2 2 2 2 2 2 2 1 2 2 1 2 2 2 2 1 2 2 2 2 2 2 1 2 2 2 2 2 2 2 2 2 2 2 2 2 2 2 1 2 2 2 2 2 2 2 2 2 2 2 2 2 2 2 2 2 2 2 2 2 2 2 2 2 2 2 2 2 2
geno chr19.52971974 yri  1 1 2 2 1 1 2 0 2 1 2 1 0 2 2 0 2 1 2 2 2 2 2 2 1 2 2 2 2 1 0 2 1 1 2 1 1 1 2 2 2 2 1 1 1 2 2 2 2 1 1 1 2 2 2 2 1 2 1 2 2 2 1 0 1 1 2 2 2 2 1 2 2 1 2 1 1
geno chr19.52972603 ceu  2 2 2 2 2 2 2 2 2 2 2 2 2 2 2 2 2 2 2 2 1 2 2 2 2 2 2 2 2 2 2 2 2 2 2 2 2 2 2 2 2 2 2 2 2 2 2 2 2 2 2 2 2 2 2 2 2 2 2 2 2 2 2 2 2 2 2 2 2 2 2 2 2 2 2 1 2 2
geno chr19.52972603 fin  2 1 1 1 1 2 2 2 2 2 2 2 2 2 2 2 2 2 2 2 2 2 2 2 2 2 2 2 2 2 2 2 2 2 2 2 2 2 2 2 2 2 2 2 2 1 2 2 2 2 2 2 2 2 2 2 2 2 2 2 2 2 2 2 2 2 2 2 2 2 2 2 2 2 1 2 2 2 2 2 2 2 2 2 2 2 2 1 2
geno chr19.52972603 gbr  2 2 2 2 2 2 1 2 2 2 1 2 1 2 2 2 2 2 2 2 2 2 2 2 2 2 2 2 2 2 2 2 2 2 2 2 2 1 2 1 2 2 2 2 2 2 2 2 2 2 2 2 2 2 2 2 2 2 2 1 2 2 2 2 2 2 2 2 2 2 2 2 2 2 2 2 2 2 1 2 1 2 2 2
geno chr19.52972603 tsi  2 2 2 2 2 2 2 2 2 2 2 2 2 2 2 2 2 2 2 1 2 2 2 2 2 2 2 2 2 2 1 2 2 1 2 2 2 2 1 2 2 2 2 2 2 1 2 2 2 2 2 2 2 2 2 2 2 2 2 2 2 1 2 2 2 2 2 2 2 2 2 2 2 2 2 2 2 2 2 2 2 2 2 2 2 2 2 2 2 2 2 2
geno chr19.52972603 yri  1 1 2 2 1 1 2 0 2 1 2 1 0 2 2 0 2 1 2 2 2 2 2 2 1 2 2 2 2 1 0 2 1 1 2 1 1 1 2 2 2 2 1 1 1 2 2 2 2 1 1 1 2 2 2 2 1 2 1 2 2 2 1 0 1 1 2 2 2 2 1 2 2 1 2 1 1
geno chr19.52972806 ceu  1 0 1 0 0 0 1 1 0 0 0 0 1 1 0 0 1 1 0 0 0 0 0 1 1 0 0 0 0 1 1 0 1 0 1 0 0 0 1 0 1 0 0 0 0 0 1 1 0 0 0 1 0 0 1 1 1 0 2 0 0 0 0 0 0 1 1 0 1 0 0 1 0 0 0 0 0 0
geno chr19.52972806 fin  1 0 0 0 0 0 0 2 1 0 1 1 2 0 0 0 0 1 0 0 1 1 0 1 0 0 1 1 0 1 0 0 0 0 1 0 1 2 0 0 1 1 0 1 0 1 1 0 1 0 0 2 0 0 1 1 1 0 0 0 0 0 1 1 0 0 0 1 0 0 0 0 0 0 0 1 1 0 1 1 2 1 0 1 0 2 1 0 1
geno chr19.52972806 gbr  0 0 0 0 1 0 0 1 0 1 0 1 0 0 0 1 0 1 0 0 0 0 0 0 1 1 1 1 1 1 0 1 0 0 0 1 0 0 0 0 0 0 1 1 1 0 1 1 0 0 0 0 0 0 0 0 0 0 0 0 0 0 0 0 0 0 1 0 0 1 0 1 0 0 2 0 0 0 0 0 0 1 0 0
geno chr19.52972806 tsi  1 0 1 1 1 1 1 0 0 0 0 0 0 0 0 0 0 0 0 0 0 0 0 1 0 0 1 0 0 1 1 0 0 1 1 0 0 0 0 1 0 1 0 0 1 1 0 2 1 0 0 2 0 0 1 0 0 0 0 1 2 0 0 0 1 0 1 0 0 0 1 0 1 0 0 0 0 0 1 0 0 0 0 0 0 0 1 1 0 0 0 0
geno chr19.52972806 yri  0 0 0 0 0 0 0 0 0 0 0 0 0 0 0 0 0 0 0 0 0 0 0 0 0 0 0 0 0 0 0 0 0 0 0 0 0 0 0 0 0 0 0 0 0 0 0 0 0 0 0 0 0 0 0 0 0 0 0 0 0 0 0 0 0 0 0 0 0 0 0 0 0 0 0 0 0
geno chr19.52972867 ceu  2 2 2 2 2 2 2 2 2 2 2 2 2 2 2 2 2 2 2 2 1 2 2 2 2 2 2 2 2 2 2 2 2 2 2 2 2 2 2 2 2 2 2 2 2 2 2 2 2 2 2 2 2 2 2 2 2 2 2 2 2 2 2 2 2 2 2 2 2 2 2 2 2 2 2 1 2 2
geno chr19.52972867 fin  2 1 1 1 1 2 2 2 2 2 2 2 2 2 2 2 2 2 2 2 2 2 2 2 2 2 2 2 2 2 2 2 2 2 2 2 2 2 2 2 2 2 2 2 2 1 2 2 2 2 2 2 2 2 2 2 2 2 2 2 2 2 2 2 2 2 2 2 2 2 2 2 2 2 1 2 2 2 2 2 2 2 2 2 2 2 2 1 2
geno chr19.52972867 gbr  2 2 2 2 2 2 1 2 2 2 1 2 1 2 2 2 2 2 2 2 2 2 2 2 2 2 2 2 2 2 2 2 2 2 2 2 2 1 2 1 2 2 2 2 2 2 1 2 2 2 2 2 2 2 2 2 2 2 2 1 2 2 2 2 2 2 2 2 2 2 2 2 2 2 2 2 2 2 1 2 1 2 2 2
geno chr19.52972867 tsi  2 2 2 2 2 2 2 2 2 2 2 2 2 2 2 2 2 2 2 1 2 2 2 2 2 2 2 2 2 2 1 2 2 1 2 2 2 2 1 2 2 2 2 2 2 1 2 2 2 2 2 2 2 2 2 2 2 2 2 2 2 1 2 2 2 2 2 2 2 2 2 2 2 2 2 2 2 2 2 2 2 2 2 2 2 2 2 2 2 2 2 2
geno chr19.52972867 yri  1 1 2 2 1 1 2 0 2 1 2 1 0 2 2 0 2 1 2 2 2 2 2 2 1 2 2 2 2 1 0 2 1 2 2 1 1 1 2 2 2 2 1 1 1 2 2 2 2 1 1 1 2 2 2 2 1 2 1 2 2 2 1 0 1 1 2 2 2 2 1 2 2 1 2 1 1
geno chr19.52973111 ceu  1 0 1 1 0 0 1 1 0 0 0 1 1 1 0 0 1 1 0 0 0 0 0 1 1 0 0 0 0 1 1 0 1 1 1 0 0 0 1 0 1 0 1 0 0 0 1 1 0 0 0 1 0 1 1 1 1 0 2 0 0 0 0 0 0 1 1 0 1 0 0 1 0 0 0 0 0 0
geno chr19.52973111 fin  1 0 0 0 0 1 0 2 1 0 1 1 2 0 0 0 0 1 0 0 1 1 0 1 0 0 1 1 0 1 0 0 0 0 1 0 2 2 0 0 1 1 0 1 0 1 1 0 1 0 0 2 0 0 1 1 2 0 0 0 0 0 1 1 1 0 1 1 0 0 0 0 0 0 0 1 1 0 1 1 2 1 0 1 0 2 1 0 1
geno chr19.52973111 gbr  0 1 0 1 1 0 0 1 0 1 1 1 0 0 0 1 0 1 0 0 0 0 0 0 1 1 1 2 1 1 0 1 0 0 0 1 1 0 0 0 0 0 1 1 1 0 1 1 0 0 1 0 0 0 0 0 0 0 1 0 0 0 0 0 0 0 2 0 0 1 1 1 0 0 2 0 1 0 0 1 1 1 0 0
geno chr19.52973111 tsi  1 1 1 1 1 1 1 0 0 0 0 0 0 0 0 0 0 0 1 0 0 0 0 1 0 1 1 0 0 2 1 0 0 1 1 0 0 0 0 1 0 1 0 0 1 1 0 2 1 1 1 2 0 0 1 1 0 0 1 1 2 0 0 0 1 1 1 0 0 0 1 0 1 0 0 0 1 1 1 0 0 0 0 0 0 0 1 1 0 0 0 0
geno chr19.52973111 yri  0 1 1 0 0 1 1 0 1 1 0 1 0 0 0 0 1 0 1 2 0 0 1 0 0 0 0 0 0 0 0 0 1 2 1 0 1 0 1 1 1 0 1 1 0 0 2 0 0 1 1 0 0 0 0 2 0 1 0 0 1 0 0 0 0 0 0 0 0 1 1 1 1 0 0 0 1
