pheno ENSG00000262304 ceu -1.594939 -0.6153097 -2.482592 -0.6598715 -1.730745 -2.336322 -1.239464 -2.995252 -1.273009 -1.296064 -2.689421 -1.574075 -1.649194 -2.632701 -3.249643 -0.5386109 -2.622679 -3.137946 -2.287171 -1.11241 -0.9321191 -4.310995 -2.267931 -1.889914 -1.944325 -1.895459 -2.657529 -0.2404557 -2.175765 -1.463031 -1.729141 -1.332479 -1.219974 -1.90389 -2.687261 -4.046182 -0.6197245 -2.408833 -2.434085 -1.982177 -1.617988 -3.311066 -2.281173 -1.639684 -1.880255 -3.379085 -3.575934 -3.305031 -2.663165 -1.177269 -3.252376 -1.623041 -2.331351 -2.651066 -1.544617 -3.246573 -3.90964 -2.495052 -0.1445498 -2.902999 -1.73744 -1.101272 -1.663625 -1.002002 -2.077025 -2.458734 -1.878884 -2.429281 -1.616016 -1.934077 -1.487094 -2.411096 -1.9963 -2.445517 -1.36952 -1.97989 -1.455032 -1.31202
pheno ENSG00000262304 fin -0.8879709 -0.6658272 -0.6889257 -0.8482108 0.8819065 0.6281151 -0.6744083 2.487013 -0.7043013 -1.551523 0.9382675 -1.126684 0.1320662 -0.3872009 -0.328965 0.1954839 -0.2050881 -0.2846572 -2.505516 -0.03192571 0.3850081 -1.68972 -1.000307 -1.513986 -0.916001 -1.114413 0.3075871 -0.6885619 -0.8645775 -1.602558 0.03951525 -0.3116048 0.3606879 -0.1835454 0.1972698 -1.752366 0.2417531 0.518556 -2.154258 -1.784601 -0.054921 0.6899097 0.7558333 -1.20073 1.092322 -0.4331065 -0.9922793 -1.490316 -0.2809343 -0.238704 1.598774 1.780838 2.369247 0.3088178 -1.766952 0.3575462 1.142516 -0.3999033 -3.014433 0.5757938 1.561645 1.181604 -1.730727 0.9345615 0.76435 -0.4096777 1.339466 1.700905 0.2735783 -0.5506505 -0.1309891 -0.002711729 0.160616 -0.1757244 -1.606462 -0.2628233 0.7575149 -0.8300924 -0.04517484 1.602533 0.9917519 -1.035436 -0.1421644 -0.9162967 0.2046965 -0.9285629 0.5723431 -1.516494 -1.842739
pheno ENSG00000262304 gbr -0.850238 -1.450315 -1.885257 -0.8860829 -1.950193 -3.770187 0.5617916 -0.5774395 -0.71236 -0.1817441 -2.047285 -0.9879641 -0.4763556 -1.542313 -2.262016 -0.5981612 -0.07728486 -2.831566 0.5875631 -1.121996 -1.062595 -1.52531 -1.58065 -2.108333 0.2033089 -1.246423 -1.055093 -0.4342473 -2.589657 -2.88352 -0.8540543 0.2029038 -3.804605 -1.66185 -1.031229 -2.482093 -3.287688 -1.2803 -2.700556 -2.522858 -0.2778771 -0.5609255 -2.828807 -0.7691551 -0.01920894 -0.3208835 -0.3176395 0.9444361 0.06766027 -0.6829285 -2.243351 -0.8746856 -2.109168 -0.9304069 0.8681342 -0.773758 -0.426 -1.805372 -1.603524 -1.25245 -2.582913 -3.134856 -1.895379 -1.460209 -1.833212 -1.567119 -2.86721 -0.03982935 -1.282179 0.1109996 -1.443334 -0.1872136 -1.77522 -0.9178749 -1.172077 -0.7005501 -1.366932 0.8514837 -1.862247 -1.347806 -0.6464286 -1.1765 -0.7454969 -0.9541956
pheno ENSG00000262304 tsi -0.6264587 -0.4156328 -0.1753777 -0.8574116 -0.3984057 -2.700621 -0.7993833 -0.4946108 -0.9624635 -0.4180922 -0.5227216 -0.4393853 0.2309415 -0.2528314 0.1356232 0.5579347 -0.4269246 -0.4891674 -1.179476 -0.4487455 0.1550215 1.153063 -2.383247 -1.862512 -0.62467 -0.99328 0.8416471 -1.466155 0.4400587 -0.7036443 -1.552955 -1.487456 -0.5264755 -0.6209631 -0.2049425 -0.7401368 -3.395878 1.30569 -0.3183231 -1.318056 0.06803152 -0.7407518 -0.2727641 -1.571474 -2.105869 -1.214248 -1.807309 0.1018804 -0.2595245 -0.2626005 -0.7665918 -1.474575 -2.186886 -1.160224 -1.91767 -1.403976 -0.276128 -1.173791 -0.733285 -2.168663 -0.6745811 -0.7591738 0.5833548 -1.190957 -4.330768 -0.4489234 -2.677343 -0.9390436 -0.6056462 0.8754174 -0.1388678 -0.1295667 -2.437784 -1.517931 -0.5669633 1.52468 0.5430421 -1.88996 -1.00531 -2.029722 -1.49776 -1.861772 -0.3287252 0.1125517 -1.275618 0.1581789 -0.3365578 -1.941063 -1.362378 -1.385249 0.1868241 0.3994818
pheno ENSG00000262304 yri -1.783186 -1.883745 -2.767805 -2.987594 -1.502778 -1.465865 -0.3575139 -0.2826036 -2.397087 -1.568179 -1.3193 -1.052334 -1.758568 -3.292821 -1.046944 -1.179256 -2.111856 -1.306383 -1.929702 -0.4599384 -0.8980891 -0.008670548 -2.610502 -0.8885983 -3.098417 -1.394318 -0.4917399 -1.996348 -1.649964 -2.91214 -0.05110721 -2.81567 -1.645109 -0.8907323 -2.834637 -1.618028 -1.680335 -2.39208 -1.961234 -3.165502 -1.755016 0.07485925 -0.8860879 -1.801639 -1.458767 -1.787312 -1.141695 -1.253273 -2.628716 -1.760858 -0.6012774 -0.7029407 -1.258513 0.7233884 -1.046611 -2.293101 -2.484836 -0.7279995 -1.211412 -2.568574 -3.497004 -1.767831 -0.8916257 -0.8798088 -1.879704 -1.630766 -2.168818 -1.921827 -2.031092 -1.53708 -0.8954322 -1.611412 -1.654483 -1.606358 -2.544878 -1.723775 -0.6569205
geno chr17.3439609 ceu  2 2 2 2 2 2 2 2 2 2 1 2 2 2 2 2 2 2 2 2 2 2 2 2 2 2 2 2 2 2 1 2 2 2 2 2 2 2 2 2 2 2 2 2 2 2 2 2 2 2 2 2 2 2 2 2 2 2 2 2 2 2 2 2 2 2 2 2 2 2 2 2 2 2 2 2 2 2
geno chr17.3439609 fin  2 2 2 2 2 2 2 2 2 2 2 2 2 2 2 2 2 2 2 2 2 2 2 1 2 2 2 2 2 2 2 2 2 2 2 2 2 2 2 2 2 2 2 2 2 2 2 2 2 2 2 2 2 2 2 2 2 2 2 2 2 2 2 2 2 2 2 2 2 2 2 2 2 2 2 2 2 2 2 2 2 2 2 2 2 2 2 2 2
geno chr17.3439609 gbr  2 2 2 2 2 2 2 2 2 2 2 2 2 2 2 2 2 2 2 2 2 2 2 2 2 2 2 2 2 2 2 2 2 2 2 2 2 2 2 2 2 2 2 2 2 2 2 2 1 2 2 2 2 2 2 2 2 1 2 2 2 2 2 2 2 2 2 2 2 2 2 2 2 2 2 2 2 2 2 2 2 2 2 2
geno chr17.3439609 tsi  2 2 2 2 2 2 2 2 2 2 2 2 2 2 2 2 2 2 2 2 2 2 2 2 2 2 2 2 2 2 2 2 1 1 2 2 2 2 2 2 2 1 2 2 2 2 2 2 2 2 2 2 2 2 2 2 2 2 2 2 2 2 2 2 2 2 2 2 2 2 2 2 2 2 2 2 2 2 2 2 2 2 2 2 2 2 2 1 2 2 2 2
geno chr17.3439609 yri  2 2 1 2 1 1 2 1 2 2 0 1 2 2 1 1 2 1 0 1 1 2 1 1 0 2 1 1 2 2 2 1 0 2 0 2 2 2 1 0 2 2 1 2 2 2 1 0 2 1 2 1 2 1 1 1 1 1 1 2 2 2 1 2 1 0 1 1 2 1 1 2 2 1 1 2 1
geno chr17.3439900 ceu  0 0 0 0 0 0 0 0 0 0 0 0 0 0 0 0 0 0 0 0 0 0 0 0 0 0 0 0 0 0 0 0 0 0 0 0 0 0 0 0 0 0 0 0 0 0 0 0 0 0 0 0 0 0 0 0 0 0 0 0 0 0 0 0 0 0 0 0 0 0 0 0 0 0 0 0 0 0
geno chr17.3439900 fin  0 0 0 0 0 0 0 0 0 0 0 0 0 0 0 0 0 0 0 0 0 0 0 0 0 0 0 0 0 0 0 0 0 0 0 0 0 0 0 0 0 0 0 0 0 0 0 0 0 0 0 0 0 0 0 0 0 0 0 0 0 0 0 0 0 0 0 0 0 0 0 0 0 0 0 0 0 0 0 0 0 0 0 0 0 0 0 0 0
geno chr17.3439900 gbr  0 0 0 0 0 0 0 0 0 0 0 0 0 0 0 0 0 0 0 0 0 0 0 0 0 0 0 0 0 0 0 0 0 0 0 0 0 0 0 0 0 0 0 0 0 0 0 0 0 0 0 0 0 0 0 0 0 0 0 0 0 0 0 0 0 0 0 0 0 0 0 0 0 0 0 0 0 0 0 0 0 0 0 0
geno chr17.3439900 tsi  0 0 0 0 0 0 0 0 0 0 0 0 0 0 0 0 0 0 0 0 0 0 0 0 0 0 0 0 0 0 0 0 0 0 0 0 0 0 0 0 0 0 0 0 0 0 0 0 0 0 0 0 0 0 0 0 0 0 0 0 0 0 0 0 0 0 0 0 0 0 0 0 0 0 0 0 0 0 0 0 0 0 0 0 0 0 0 0 0 0 0 0
geno chr17.3439900 yri  0 0 0 0 0 0 0 1 0 0 0 0 2 1 1 0 0 1 0 0 0 1 0 1 0 2 0 0 0 1 0 0 0 1 0 1 0 0 0 0 0 0 0 1 0 1 1 0 2 0 1 0 1 1 0 0 1 0 0 0 0 1 0 1 1 0 0 0 0 0 0 1 1 0 0 2 0
geno chr17.3439901 ceu  0 0 0 0 0 0 0 0 0 0 0 0 0 0 0 0 0 0 0 0 0 0 0 0 0 0 0 0 0 0 0 0 0 0 0 0 0 0 0 0 0 0 0 0 0 0 0 0 0 0 0 0 0 0 0 0 0 0 0 0 0 0 0 0 0 0 0 0 0 0 0 0 0 0 0 0 0 0
geno chr17.3439901 fin  0 0 0 0 0 0 0 0 0 0 0 0 0 0 0 0 0 0 0 0 0 0 0 0 0 0 0 0 0 0 0 0 0 0 0 0 0 0 0 0 0 0 0 0 0 0 0 0 0 0 0 0 0 0 0 0 0 0 0 0 0 0 0 0 0 0 0 0 0 0 0 0 0 0 0 0 0 0 0 0 0 0 0 0 0 0 0 0 0
geno chr17.3439901 gbr  0 0 0 0 0 0 0 0 0 0 0 0 0 0 0 0 0 0 0 0 0 0 0 0 0 0 0 0 0 0 0 0 0 0 0 0 0 0 0 0 0 0 0 0 0 0 0 0 0 0 0 0 0 0 0 0 0 0 0 0 0 0 0 0 0 0 0 0 0 0 0 0 0 0 0 0 0 0 0 0 0 0 0 0
geno chr17.3439901 tsi  0 0 0 0 0 0 0 0 0 0 0 0 0 0 0 0 0 0 0 0 0 0 0 0 0 0 0 0 0 0 0 0 0 0 0 0 0 0 0 0 0 0 0 0 0 0 0 0 0 0 0 0 0 0 0 0 0 0 0 0 0 0 0 0 0 0 0 0 0 0 0 0 0 0 0 0 0 0 0 0 0 0 0 0 0 0 0 0 0 0 0 0
geno chr17.3439901 yri  0 0 0 0 0 0 0 1 0 0 0 0 2 1 1 0 0 1 0 0 0 1 0 1 0 2 0 0 1 1 0 0 0 1 0 1 0 0 0 0 0 0 0 1 0 1 1 0 2 0 1 0 1 1 0 0 1 0 0 0 0 1 0 1 1 0 0 0 1 0 0 1 1 0 0 2 0
geno chr17.3440223 ceu  0 0 0 1 0 0 0 0 0 0 1 0 0 0 0 1 0 0 0 1 0 1 0 0 0 1 0 0 0 0 0 0 1 0 0 0 1 0 0 0 0 1 1 0 0 0 0 0 1 0 0 0 1 0 1 0 0 0 0 0 0 0 0 0 1 0 0 0 1 0 0 0 0 2 0 0 0 0
geno chr17.3440223 fin  0 0 0 0 1 0 0 1 1 0 0 1 1 1 0 0 0 0 0 0 0 0 0 0 0 0 1 0 1 0 0 0 0 0 2 0 2 0 1 1 1 0 1 0 1 0 0 0 1 0 1 1 1 0 0 2 0 0 0 1 0 2 1 0 0 1 0 1 0 0 0 1 0 1 1 0 1 1 2 0 0 0 0 0 0 0 0 0 1
geno chr17.3440223 gbr  0 0 0 0 0 0 0 0 0 1 0 1 0 0 0 0 0 0 0 0 0 1 0 0 1 2 0 1 1 0 0 1 1 0 1 0 0 0 0 0 0 0 1 1 0 0 0 0 0 0 1 0 0 1 0 0 1 0 0 0 0 0 1 0 2 0 0 1 0 0 1 0 0 0 1 0 1 0 1 1 0 0 0 0
geno chr17.3440223 tsi  0 0 0 0 2 0 0 0 1 0 0 0 0 0 0 0 0 0 0 0 0 1 1 0 0 0 0 0 0 2 0 0 0 0 1 1 0 0 0 0 0 0 0 0 1 0 0 1 1 0 0 0 0 0 1 0 0 0 1 0 0 0 1 0 1 0 0 0 0 0 0 0 0 0 1 0 0 0 1 0 0 1 0 1 1 0 0 0 0 0 0 0
geno chr17.3440223 yri  1 0 1 1 1 0 0 0 0 1 0 0 0 0 0 0 1 0 0 0 0 0 0 0 0 0 0 1 0 1 1 1 1 0 0 0 0 0 0 0 0 0 0 1 1 0 0 0 0 0 1 0 0 0 0 0 0 0 0 0 0 0 0 0 0 0 0 0 1 1 0 0 0 0 1 0 0
geno chr17.3440229 ceu  2 2 2 1 2 2 2 2 2 2 0 2 2 2 2 1 2 2 2 1 2 1 2 2 2 1 2 2 2 2 1 2 1 2 2 2 1 2 2 2 2 1 1 2 2 2 2 2 1 2 2 2 1 2 1 2 2 2 2 2 2 2 2 2 1 2 2 2 1 2 2 2 2 0 2 2 2 2
geno chr17.3440229 fin  2 2 2 2 1 2 2 1 1 2 2 1 1 1 2 2 2 2 2 2 2 2 2 2 2 2 1 2 1 2 2 2 2 2 0 2 0 2 1 1 1 2 1 2 1 2 2 2 1 2 1 1 1 2 2 0 2 2 2 1 2 0 1 2 2 1 2 1 2 2 2 1 2 1 1 2 1 1 0 2 2 2 2 2 2 2 2 2 1
geno chr17.3440229 gbr  2 2 2 2 2 2 2 2 2 1 2 1 2 2 2 2 2 2 2 2 2 1 2 2 1 0 2 1 1 2 2 1 1 2 1 2 2 2 2 2 2 2 1 1 2 2 2 2 2 2 1 2 2 1 2 2 1 2 2 2 2 2 1 2 0 2 2 1 2 2 1 2 2 2 1 2 1 2 1 0 2 2 2 2
geno chr17.3440229 tsi  2 2 2 2 0 2 2 2 1 2 2 2 2 2 2 2 2 2 2 2 2 1 1 2 2 2 2 2 2 0 2 2 1 1 1 1 2 2 2 2 2 1 2 2 1 2 2 1 1 2 2 2 2 2 1 2 2 2 1 2 2 2 1 2 1 2 2 2 2 2 2 2 2 2 1 2 2 2 1 2 2 1 2 1 1 2 2 1 2 2 2 2
geno chr17.3440229 yri  0 0 0 0 0 0 0 0 0 0 0 0 0 0 0 0 1 0 0 0 0 0 0 0 0 0 0 0 0 0 0 0 0 1 0 0 0 0 1 0 0 0 0 0 0 0 0 0 0 0 0 0 0 0 0 0 0 1 0 0 0 1 0 0 0 0 0 0 0 0 0 0 0 0 0 0 0
geno chr17.3440431 ceu  2 2 2 1 2 2 2 2 2 2 0 2 2 2 2 1 2 2 2 1 2 1 2 2 2 1 2 2 1 2 1 2 1 2 2 2 1 2 2 2 2 1 1 2 2 2 2 2 1 2 2 2 1 2 1 2 2 2 2 2 2 2 2 2 1 2 2 2 1 2 2 2 2 0 2 2 2 2
geno chr17.3440431 fin  2 2 2 2 1 2 2 1 1 2 2 1 1 1 2 2 2 2 2 2 2 2 2 1 2 2 1 2 1 2 2 2 2 2 0 2 0 2 1 1 1 2 1 2 1 2 2 2 1 2 1 1 1 2 2 0 2 2 2 1 2 0 1 2 2 1 1 1 1 2 2 1 2 1 1 2 1 1 0 2 2 2 2 2 2 2 2 2 1
geno chr17.3440431 gbr  2 2 2 2 2 2 2 2 2 1 2 1 1 2 2 2 1 2 2 2 2 1 2 2 1 0 2 1 1 2 2 1 1 2 1 2 2 1 2 2 2 2 1 1 2 2 2 2 1 2 1 2 2 1 2 2 1 1 2 2 2 2 1 2 0 2 2 1 2 2 1 2 2 2 1 2 1 2 1 0 2 2 2 2
geno chr17.3440431 tsi  2 2 2 1 0 2 2 2 1 2 2 2 2 2 2 2 2 2 2 2 2 1 1 2 2 2 2 2 2 0 1 2 1 1 1 1 2 2 2 2 2 1 2 2 1 2 2 1 1 2 2 2 2 2 1 2 2 2 1 2 2 2 1 2 1 2 2 2 2 2 2 2 2 2 1 2 2 2 1 2 2 1 2 1 1 2 2 1 2 2 2 2
geno chr17.3440431 yri  0 0 0 0 0 0 0 0 0 0 0 0 0 0 0 0 1 0 0 0 0 0 0 0 1 0 0 0 0 0 0 0 0 1 0 0 0 0 1 0 0 0 0 0 0 0 0 0 0 0 0 0 0 0 0 0 0 0 0 0 0 1 0 0 0 0 0 0 0 0 0 0 0 0 0 0 0
geno chr17.3440501 ceu  2 2 2 2 2 2 2 2 2 2 1 2 2 2 2 2 2 2 2 2 2 2 2 2 2 2 2 2 2 2 1 2 2 2 2 2 2 2 2 2 2 2 2 2 2 2 2 2 2 2 2 2 2 2 2 2 2 2 2 2 2 2 2 2 2 2 2 2 2 2 2 2 2 2 2 2 2 2
geno chr17.3440501 fin  2 2 2 2 2 2 2 2 2 2 2 2 2 2 2 2 2 2 2 2 2 2 2 1 2 2 2 2 2 2 2 2 2 2 2 2 2 2 2 2 2 2 2 2 2 2 2 2 2 2 2 2 2 2 2 2 2 2 2 2 2 2 2 2 2 2 2 2 2 2 2 2 2 2 2 2 2 2 2 2 2 2 2 2 2 2 2 2 2
geno chr17.3440501 gbr  2 2 2 2 2 2 2 2 2 2 2 2 2 2 2 2 2 2 2 2 2 2 2 2 2 2 2 2 2 2 2 2 2 2 2 2 2 2 2 2 2 2 2 2 2 2 2 2 1 2 2 2 2 2 2 2 2 1 2 2 2 2 2 2 2 2 2 2 2 2 2 2 2 2 2 2 2 2 2 1 2 2 2 2
geno chr17.3440501 tsi  2 2 2 2 2 2 2 2 2 2 2 2 2 2 2 2 2 2 2 2 2 2 2 2 2 2 2 2 2 2 2 2 1 1 2 2 2 2 2 2 2 1 2 2 2 2 2 2 2 2 2 2 2 2 2 2 2 2 2 2 2 2 2 2 2 2 2 2 2 2 2 2 2 2 2 2 2 2 2 2 2 2 2 2 2 2 2 1 2 2 2 2
geno chr17.3440501 yri  1 0 1 1 1 0 0 0 0 1 0 0 0 0 0 0 2 0 0 0 0 0 0 0 0 0 0 1 0 1 1 1 1 1 0 0 0 0 1 0 0 0 0 1 1 0 0 0 0 1 1 0 0 0 0 0 0 1 0 0 0 1 0 0 0 0 0 0 1 0 0 0 0 0 1 0 0
geno chr17.3440571 ceu  0 0 0 0 0 0 0 0 0 0 0 0 0 0 0 0 0 0 0 0 0 0 0 0 0 0 0 0 0 0 0 0 0 0 0 0 0 0 0 0 0 0 0 0 0 0 0 0 0 0 0 0 0 0 0 0 0 0 0 0 0 0 0 0 0 0 0 0 0 0 0 0 0 0 0 0 0 0
geno chr17.3440571 fin  0 0 0 0 0 0 0 0 0 0 0 0 0 0 0 0 0 0 0 0 0 0 0 0 0 0 0 0 0 0 0 0 0 0 0 0 0 0 0 0 0 0 0 0 0 0 0 0 0 0 0 0 0 0 0 0 0 0 0 0 0 0 0 0 0 0 0 0 0 0 0 0 0 0 0 0 0 0 0 0 0 0 0 0 0 0 0 0 0
geno chr17.3440571 gbr  0 0 0 0 0 0 0 0 0 0 0 0 0 0 0 0 0 0 0 0 0 0 0 0 0 0 0 0 0 0 0 0 0 0 0 0 0 0 0 0 0 0 0 0 0 0 0 0 0 0 0 0 0 0 0 0 0 0 0 0 0 0 0 0 0 0 0 0 0 0 0 0 0 0 0 0 0 0 0 0 0 0 0 0
geno chr17.3440571 tsi  0 0 0 0 0 0 0 0 0 0 0 0 0 0 0 0 0 0 0 0 0 0 0 0 0 0 0 0 0 0 0 0 0 0 0 0 0 0 0 0 0 0 0 0 0 0 0 0 0 0 0 0 0 0 0 0 0 0 0 0 0 0 0 0 0 0 0 0 0 0 0 0 0 0 0 0 0 0 0 0 0 0 0 0 0 0 0 0 0 0 0 0
geno chr17.3440571 yri  0 1 0 0 0 0 1 1 0 0 0 0 2 1 1 0 0 1 0 0 1 1 0 1 0 2 0 0 2 1 1 0 0 1 0 1 0 0 0 0 1 1 0 1 0 1 0 0 2 0 1 0 1 1 0 0 1 0 0 0 0 1 0 1 1 0 0 0 1 0 0 1 1 0 0 2 1
geno chr17.3440654 ceu  2 2 2 2 2 2 2 2 2 2 1 2 2 2 2 2 2 2 2 2 2 2 2 2 2 2 2 2 2 2 2 2 2 2 2 2 2 2 2 2 2 2 2 2 2 2 2 2 2 2 2 2 2 2 2 2 2 2 2 2 2 2 2 2 2 2 2 2 2 2 2 2 2 2 2 2 2 2
geno chr17.3440654 fin  2 2 2 2 2 2 2 2 2 2 2 2 2 2 2 2 2 2 2 2 2 2 2 1 2 2 2 2 2 2 2 2 2 2 2 2 2 2 2 2 2 2 2 2 2 2 2 2 2 2 2 2 2 2 2 2 2 2 2 2 2 2 2 2 2 2 2 2 2 2 1 2 2 2 2 2 2 2 2 2 2 2 2 2 2 2 2 2 2
geno chr17.3440654 gbr  2 1 1 2 2 2 2 2 2 2 2 2 2 2 2 2 2 2 2 2 2 2 2 2 2 2 2 2 2 2 2 2 2 2 2 2 2 2 2 2 2 2 2 2 2 2 2 2 1 2 2 2 2 2 2 2 2 1 2 2 1 2 2 2 2 2 2 2 2 2 2 2 2 2 2 2 2 2 2 1 2 2 2 2
geno chr17.3440654 tsi  2 2 2 2 2 2 2 2 2 2 2 2 2 2 2 2 2 2 2 2 2 2 2 2 2 2 2 2 2 2 2 2 1 1 2 2 2 2 2 2 2 1 2 2 2 2 2 2 2 2 2 2 2 2 2 2 2 2 2 2 2 2 2 2 2 2 2 2 2 2 2 2 2 2 2 2 2 2 2 2 2 2 2 2 2 2 2 1 2 2 2 2
geno chr17.3440654 yri  1 0 1 1 1 0 0 0 1 1 0 0 0 0 0 0 2 0 0 1 0 0 0 0 0 0 0 1 0 1 1 1 1 1 0 0 0 0 1 0 0 0 0 1 1 1 0 0 0 1 1 1 0 0 0 0 0 1 0 0 0 1 0 0 0 0 0 0 1 0 0 1 0 0 1 0 0
geno chr17.3440919 ceu  0 0 0 0 0 0 0 0 0 0 0 0 0 0 0 1 0 0 0 0 0 1 0 0 0 1 0 0 0 0 0 0 0 0 0 0 1 0 0 0 0 1 0 0 0 0 0 0 1 0 0 0 0 0 1 0 0 0 0 0 0 0 0 0 1 0 0 0 0 0 0 0 0 0 0 0 0 0
geno chr17.3440919 fin  0 0 0 0 0 0 0 0 0 0 0 1 0 0 0 0 0 0 0 0 0 0 0 0 0 0 0 0 0 0 0 0 0 0 0 0 1 0 0 0 0 0 0 0 1 0 0 0 0 0 0 1 0 0 0 0 0 0 0 1 0 0 0 0 0 0 0 0 0 0 0 0 0 1 1 0 0 0 0 0 0 0 0 0 0 0 0 0 0
geno chr17.3440919 gbr  0 0 0 0 0 0 0 0 0 0 0 0 0 0 0 0 0 0 0 0 0 1 0 0 1 1 0 0 0 0 0 0 0 0 1 0 0 0 0 0 0 0 1 0 0 0 0 0 0 0 0 0 0 1 0 0 1 0 0 0 0 0 1 0 1 0 0 0 0 0 0 0 0 0 0 0 0 0 1 0 0 0 0 0
geno chr17.3440919 tsi  0 0 0 0 0 0 0 0 1 0 0 0 0 0 0 0 0 0 0 0 0 0 0 0 0 0 0 0 0 1 0 0 0 0 1 0 0 0 0 0 0 0 0 0 0 0 0 0 1 0 0 0 0 0 1 0 0 0 0 0 0 0 1 0 0 0 0 0 0 0 0 0 0 0 0 0 0 0 0 0 0 0 0 1 0 0 0 0 0 0 0 0
geno chr17.3440919 yri  0 0 0 0 0 0 0 0 0 0 0 0 0 0 0 0 0 0 0 0 0 0 0 0 0 0 0 0 0 0 0 0 0 0 0 0 0 0 0 0 0 0 0 0 0 0 0 0 0 0 0 0 0 0 0 0 0 0 0 0 0 0 0 0 0 0 0 0 0 0 0 0 0 0 0 0 0
geno chr17.3441800 ceu  0 0 0 0 0 0 0 0 0 0 0 0 0 0 0 0 0 0 0 0 0 0 0 0 0 0 0 0 0 0 0 0 0 0 0 0 0 0 0 0 0 0 0 0 0 0 0 0 0 0 0 0 0 0 0 0 0 0 0 0 0 0 0 0 0 0 0 0 0 0 0 0 0 0 0 0 0 0
geno chr17.3441800 fin  0 0 0 0 0 0 0 0 0 0 0 0 0 0 0 0 0 0 0 0 0 0 0 0 0 0 0 0 0 0 0 0 0 0 0 0 0 0 0 0 0 0 0 0 0 0 0 0 0 0 0 0 0 0 0 0 0 0 0 0 0 0 0 0 0 0 0 0 0 0 0 0 0 0 0 0 0 0 0 0 0 0 0 0 0 0 0 0 0
geno chr17.3441800 gbr  0 0 0 0 0 0 0 0 0 0 0 0 0 0 0 0 0 0 0 0 0 0 0 0 0 0 0 0 0 0 0 0 0 0 0 0 0 0 0 0 0 0 0 0 0 0 0 0 0 0 0 0 0 0 0 0 0 0 0 0 0 0 0 0 0 0 0 0 0 0 0 0 0 0 0 0 0 0 0 0 0 0 0 0
geno chr17.3441800 tsi  0 0 0 0 0 0 0 0 0 0 0 0 0 0 0 0 0 0 0 0 0 0 0 0 0 0 0 0 0 0 0 0 0 0 0 0 0 0 0 0 0 0 0 0 0 0 0 0 0 0 0 0 0 0 0 0 0 0 0 0 0 0 0 0 0 0 0 0 0 0 0 0 0 0 0 0 0 0 0 0 0 0 0 0 0 0 0 0 0 0 0 0
geno chr17.3441800 yri  0 1 0 0 0 0 1 1 0 0 0 1 2 1 1 0 0 1 0 0 1 1 0 1 0 2 0 0 2 1 1 0 0 1 0 1 0 0 0 0 1 1 0 1 0 1 0 0 2 0 1 0 1 1 0 0 1 0 0 0 0 1 0 1 1 0 0 0 1 0 0 1 1 0 0 2 1
geno chr17.3441876 ceu  2 2 2 1 2 2 2 2 2 2 0 2 1 2 1 1 2 2 2 1 2 1 2 1 2 0 2 2 2 2 1 2 1 2 1 1 1 2 2 1 2 1 1 2 2 2 2 2 1 2 2 1 1 2 2 2 2 2 2 2 2 2 2 2 1 2 2 2 1 2 2 2 2 1 2 2 2 1
geno chr17.3441876 fin  2 2 2 2 1 2 2 1 1 2 2 1 1 1 2 1 2 2 2 2 2 2 2 1 2 2 1 2 1 2 2 2 2 2 0 2 1 1 1 1 1 1 1 2 1 2 2 2 0 2 0 1 1 2 2 0 2 2 2 1 2 0 1 2 1 0 2 1 2 0 2 1 2 1 0 2 1 1 0 2 1 2 2 2 2 1 2 2 1
geno chr17.3441876 gbr  2 1 1 2 2 2 2 2 2 1 2 1 2 2 2 2 2 2 2 2 2 1 1 1 1 0 2 1 1 2 2 1 1 2 1 2 2 2 2 2 2 2 1 1 2 2 2 2 1 2 0 1 2 0 2 2 2 1 2 2 2 2 0 2 0 2 2 1 1 2 1 2 2 2 1 1 1 2 1 0 2 2 2 2
geno chr17.3441876 tsi  2 2 2 2 0 2 2 2 1 2 2 2 2 2 2 2 2 2 2 2 2 1 1 1 2 2 2 2 2 0 2 2 1 1 1 1 2 2 2 1 2 1 2 2 1 2 2 1 1 2 2 2 2 2 1 2 2 2 1 2 2 2 1 2 1 2 2 2 2 2 2 1 2 1 1 2 2 2 1 2 2 1 2 1 1 2 1 1 2 2 2 2
geno chr17.3441876 yri  0 1 0 0 0 0 1 0 0 0 0 0 1 0 1 0 1 0 0 0 1 0 0 0 0 0 0 0 0 0 0 0 0 1 0 0 0 0 0 0 0 0 0 0 0 0 0 0 0 0 0 0 1 0 0 0 0 0 0 0 0 1 0 0 0 0 0 0 0 0 0 1 0 0 0 1 0
geno chr17.3441885 ceu  2 2 2 1 2 2 2 2 2 1 0 2 2 2 2 1 2 2 2 1 1 1 1 2 2 0 2 1 2 2 1 2 1 2 1 1 1 2 2 2 2 1 1 2 2 2 2 2 1 2 2 2 1 2 1 2 2 2 2 2 2 2 2 2 1 1 1 2 1 2 1 2 2 1 2 2 2 1
geno chr17.3441885 fin  2 2 2 2 1 2 1 1 1 2 2 1 1 1 2 2 2 2 2 2 2 2 2 1 2 2 1 2 1 2 2 1 2 2 0 2 0 1 1 1 1 2 1 2 1 2 2 2 1 2 1 1 1 2 2 0 2 2 2 1 2 0 1 2 1 0 1 1 1 1 2 1 2 1 0 1 1 1 0 2 2 2 2 2 2 2 2 2 1
geno chr17.3441885 gbr  1 1 1 2 2 2 2 2 2 1 2 1 2 2 2 2 2 2 2 2 2 1 2 2 1 0 2 1 1 2 2 1 1 2 1 2 2 1 2 1 2 2 1 1 2 2 2 2 1 2 1 1 2 1 2 1 1 1 2 2 2 2 1 2 0 2 2 1 2 2 1 2 2 1 1 2 1 2 1 0 2 2 2 2
geno chr17.3441885 tsi  2 2 2 2 0 2 2 2 1 2 2 1 2 1 1 2 2 2 2 1 2 1 1 1 2 2 2 2 2 0 1 2 1 1 1 1 2 2 2 2 2 1 2 2 1 2 2 1 1 2 2 2 1 2 1 1 2 2 1 1 2 2 1 2 1 2 2 1 2 2 2 2 2 2 1 2 2 2 1 2 2 1 2 1 1 1 2 1 2 2 2 2
geno chr17.3441885 yri  0 0 0 0 0 0 0 0 0 0 0 0 0 0 0 0 1 0 0 0 0 0 0 0 0 0 0 0 0 0 0 0 0 1 0 0 0 0 1 0 0 0 0 0 0 0 0 0 0 0 0 0 0 0 0 0 0 0 0 0 0 1 0 0 0 0 0 0 0 0 0 0 0 0 0 0 0
geno chr17.3442333 ceu  2 2 2 2 2 2 2 2 2 2 1 2 2 2 2 2 2 2 2 2 2 2 2 2 2 2 2 2 2 2 1 2 2 2 2 2 2 2 2 2 2 2 2 2 2 2 2 2 2 2 2 2 2 2 2 2 2 2 2 2 2 2 2 2 2 2 2 2 2 2 2 2 2 2 2 2 2 2
geno chr17.3442333 fin  2 2 2 2 2 2 2 2 2 2 2 2 2 2 2 2 2 2 2 2 2 2 2 1 2 2 2 2 2 2 2 2 2 2 2 2 2 2 2 2 2 2 2 2 2 2 2 2 2 2 2 2 2 2 2 2 2 2 2 2 2 2 2 2 2 2 2 2 2 2 2 2 2 2 2 2 2 2 2 2 2 2 2 2 2 2 2 2 2
geno chr17.3442333 gbr  2 2 2 2 2 2 2 2 2 2 2 2 2 2 2 2 2 2 2 2 2 2 2 2 2 2 2 2 2 2 2 2 2 2 2 2 2 2 2 2 2 2 2 2 2 2 2 2 1 2 2 2 2 2 2 2 2 1 2 2 2 2 2 2 2 2 2 2 2 2 2 2 2 2 2 2 2 2 2 2 2 2 2 2
geno chr17.3442333 tsi  2 2 2 2 2 2 2 2 2 2 2 2 2 2 2 2 2 2 2 2 2 2 2 2 2 2 2 2 2 2 2 2 1 1 2 2 2 2 2 2 2 1 2 2 2 2 2 2 2 2 2 2 2 2 2 2 2 2 2 2 2 2 2 2 2 2 2 2 2 2 2 2 2 2 2 2 2 2 2 2 2 2 2 2 2 2 2 1 2 2 2 2
geno chr17.3442333 yri  2 2 1 2 1 1 2 1 1 2 0 1 2 1 1 1 2 1 0 0 1 2 0 1 0 2 0 1 2 2 2 1 1 2 0 2 1 0 1 0 2 2 0 2 1 1 0 0 2 1 2 0 1 2 1 0 1 1 1 1 0 2 0 1 1 0 1 1 2 1 1 1 1 0 1 2 1
geno chr17.3442789 ceu  0 0 0 1 0 0 0 0 0 0 1 0 0 0 0 1 0 0 0 1 0 1 0 0 0 2 0 0 0 0 0 0 1 0 0 0 1 0 0 0 0 1 1 0 0 0 0 0 1 0 0 0 1 0 1 0 0 0 0 0 0 0 0 0 1 0 0 0 1 0 0 0 0 1 0 0 0 0
geno chr17.3442789 fin  0 0 0 0 1 0 0 1 1 0 0 1 1 2 0 0 0 0 0 0 0 0 0 0 0 0 1 0 1 0 0 0 0 0 2 0 2 0 1 1 1 0 1 0 1 0 0 0 1 0 1 1 1 0 0 2 0 0 0 1 0 2 1 0 0 1 0 1 0 0 0 1 0 1 1 0 1 1 2 0 0 0 0 0 0 0 0 0 1
geno chr17.3442789 gbr  0 0 0 0 0 0 1 0 0 1 0 1 0 0 0 0 0 0 0 0 0 1 0 0 1 2 0 1 1 0 0 1 1 0 1 0 0 0 0 0 0 0 1 1 0 0 1 0 0 0 1 0 0 1 0 0 1 0 0 0 0 0 1 0 2 0 0 1 0 0 1 0 0 0 1 0 1 0 1 1 0 0 0 0
geno chr17.3442789 tsi  0 0 0 0 2 0 0 0 1 0 0 0 0 0 0 0 0 0 0 0 0 1 1 0 0 0 0 0 0 2 0 0 0 0 1 1 0 0 0 0 0 0 0 0 1 0 0 1 1 0 0 0 0 0 1 0 0 0 1 0 0 0 1 0 1 0 0 0 0 0 0 0 0 0 1 0 0 0 1 0 0 1 0 1 1 0 0 0 0 0 0 0
geno chr17.3442789 yri  1 0 1 1 1 0 0 0 0 1 0 0 0 0 0 0 1 0 0 0 0 0 0 0 0 0 0 1 0 1 1 1 1 0 0 0 0 0 0 0 0 0 0 0 1 0 0 0 0 0 1 0 0 0 0 0 0 0 0 0 0 0 0 0 0 0 0 0 1 0 0 0 0 0 1 0 0
geno chr17.3443050 ceu  2 2 2 2 2 2 2 2 2 2 1 2 2 2 2 2 2 2 2 2 2 2 2 2 2 2 2 2 2 2 1 2 2 2 2 2 2 2 2 2 2 2 2 2 2 2 2 2 2 2 2 2 2 2 2 2 2 2 2 2 2 2 2 2 2 2 2 2 2 2 2 2 2 2 2 2 2 2
geno chr17.3443050 fin  2 2 2 2 2 2 2 2 2 2 2 2 2 2 2 2 2 2 2 2 2 2 2 1 2 2 2 2 2 2 2 2 2 2 2 2 2 2 2 2 2 2 2 2 2 2 2 2 2 2 2 2 2 2 2 2 2 2 2 2 2 2 2 2 2 2 2 2 2 2 2 2 2 2 2 2 2 2 2 2 2 2 2 2 2 2 2 2 2
geno chr17.3443050 gbr  2 2 2 2 2 2 2 2 2 2 2 2 2 2 2 2 2 2 2 2 2 2 2 2 2 2 2 2 2 2 2 2 2 2 2 2 2 2 2 2 2 2 2 2 2 2 2 2 1 2 2 2 2 2 2 2 2 1 2 2 2 2 2 2 2 2 2 2 2 2 2 2 2 2 2 2 2 2 2 2 2 2 2 2
geno chr17.3443050 tsi  2 2 2 2 2 2 2 2 2 2 2 2 2 2 2 2 2 2 2 2 2 2 2 2 2 2 2 2 2 2 2 2 1 1 2 2 2 2 2 2 2 1 2 2 2 2 2 2 2 2 2 2 2 2 2 2 2 2 2 2 2 2 2 2 2 2 2 2 2 2 2 2 2 2 2 2 2 2 2 2 2 2 2 2 2 2 2 1 2 2 2 2
geno chr17.3443050 yri  2 2 1 1 1 1 2 1 1 2 0 1 2 1 1 1 2 1 0 1 1 2 0 1 0 2 0 1 2 2 1 1 0 2 0 2 1 0 1 0 2 2 0 2 1 2 0 0 2 1 2 1 1 2 1 0 1 1 1 1 0 2 0 1 1 0 1 1 2 1 1 2 2 0 1 2 1
geno chr17.3444224 ceu  1 1 0 1 1 0 2 1 0 1 1 1 0 0 1 2 1 1 1 2 0 2 0 1 1 2 2 0 1 0 1 2 1 1 1 1 2 1 1 0 0 1 1 1 2 1 1 0 1 2 0 1 1 1 2 0 0 1 1 0 0 1 1 1 1 0 1 2 1 1 0 2 1 1 1 2 1 2
geno chr17.3444224 fin  2 2 1 2 1 1 1 1 1 0 0 2 1 1 2 1 2 2 2 1 2 1 0 1 2 2 2 2 2 2 1 2 2 2 2 2 2 2 1 2 2 1 1 1 2 1 2 2 2 0 1 2 1 1 1 2 1 1 1 1 1 2 2 1 0 1 1 2 2 1 1 1 2 2 1 1 1 1 2 0 0 1 0 1 1 1 1 2 2
geno chr17.3444224 gbr  1 0 0 1 0 0 0 1 1 1 1 1 1 0 2 0 1 2 2 2 1 1 1 1 2 2 2 2 1 1 2 1 1 1 1 1 2 0 1 1 1 1 2 2 1 1 1 2 1 1 1 0 1 1 0 2 1 1 0 1 1 2 1 1 2 0 1 1 2 2 2 1 1 1 1 0 2 1 1 1 1 2 2 1
geno chr17.3444224 tsi  0 1 0 1 2 0 2 0 2 1 1 1 0 1 1 0 0 2 1 0 0 2 2 1 0 1 0 1 0 2 0 1 0 1 2 1 1 2 1 0 1 0 0 1 2 1 2 1 1 0 0 1 0 2 2 0 1 2 2 2 1 0 2 2 1 1 2 1 1 0 1 0 1 1 1 0 1 0 1 2 2 2 0 1 2 1 1 1 2 2 0 1
geno chr17.3444224 yri  1 0 1 1 1 0 0 0 0 1 0 0 0 0 0 0 1 0 0 0 0 0 0 0 0 0 0 1 0 1 0 1 0 0 0 0 1 0 0 0 0 0 0 0 1 0 0 0 0 0 1 0 0 0 0 0 0 0 0 0 0 0 0 0 0 0 0 1 1 0 1 0 1 0 1 0 0
geno chr17.3444243 ceu  1 1 0 1 1 0 2 1 0 1 1 1 0 0 1 2 1 1 1 2 0 2 0 1 1 2 2 0 1 0 1 2 1 1 1 1 2 1 1 0 0 1 1 1 2 1 1 0 1 2 0 1 1 1 2 0 0 1 1 0 0 1 1 1 1 0 1 2 1 1 0 2 1 1 1 2 1 2
geno chr17.3444243 fin  2 2 1 2 1 1 1 1 1 0 0 2 1 1 2 1 2 2 2 1 2 1 0 1 2 2 2 2 2 2 1 2 2 2 2 2 2 2 1 2 2 1 1 1 2 1 2 2 2 0 1 2 1 1 1 2 1 1 1 1 1 2 2 1 0 1 1 2 2 1 1 1 2 2 1 1 1 1 2 0 0 1 0 1 1 1 1 2 2
geno chr17.3444243 gbr  1 0 0 1 0 0 0 1 1 1 1 1 1 0 2 0 1 2 2 2 1 1 1 1 2 2 2 2 1 1 2 1 1 1 1 1 2 0 1 1 1 1 2 2 1 1 1 2 1 1 1 0 1 1 0 2 1 1 0 1 1 2 1 1 2 0 1 1 2 2 2 1 1 1 1 0 2 1 1 1 1 2 2 1
geno chr17.3444243 tsi  0 1 0 1 2 0 2 0 2 1 1 1 0 1 1 0 0 2 1 0 0 2 2 1 0 1 0 1 0 2 0 1 0 1 2 1 1 2 1 0 1 0 0 1 2 1 2 1 1 0 0 1 0 2 2 0 1 2 2 2 1 0 2 2 1 1 2 1 1 0 1 0 1 1 1 0 1 0 1 2 2 2 0 1 2 1 1 1 2 2 0 1
geno chr17.3444243 yri  1 0 1 1 1 0 0 0 0 1 0 0 0 0 0 0 1 0 0 0 0 0 0 0 0 0 0 1 0 1 0 1 0 0 0 0 1 0 0 0 0 0 0 0 1 0 0 0 0 0 1 0 0 0 0 0 0 0 0 0 0 0 0 0 0 0 0 1 1 0 1 0 1 0 1 0 0
geno chr17.3444488 ceu  1 0 0 1 1 0 2 1 0 0 1 1 0 0 0 2 1 1 1 2 0 2 0 0 1 2 2 0 1 0 1 2 1 1 1 1 2 1 1 0 0 1 1 0 2 1 1 0 1 2 0 1 1 1 2 0 0 1 0 0 0 1 1 1 1 0 1 2 0 1 0 2 1 1 0 1 1 2
geno chr17.3444488 fin  1 2 1 2 1 1 1 1 1 0 0 2 1 1 2 1 2 2 2 1 2 1 0 1 2 2 2 2 1 2 1 2 2 2 2 2 2 2 1 2 2 1 1 1 2 1 2 2 2 0 1 2 1 1 1 2 1 0 1 1 1 2 2 0 0 1 1 2 1 1 1 1 1 2 1 0 1 1 2 0 0 1 0 1 1 1 0 2 2
geno chr17.3444488 gbr  1 1 1 1 0 0 0 1 1 1 1 1 1 0 2 0 1 2 2 2 1 1 0 1 2 2 1 1 1 1 2 1 1 1 1 0 2 0 1 0 1 1 2 2 1 1 1 2 1 1 1 0 1 1 0 2 1 1 0 1 1 2 1 1 2 0 1 1 2 2 2 1 0 1 1 0 2 1 1 1 1 2 2 1
geno chr17.3444488 tsi  0 1 0 1 2 0 2 0 2 1 1 1 0 0 1 0 0 2 0 0 0 2 2 1 0 1 0 1 0 2 0 1 0 1 2 1 1 2 0 0 1 0 0 0 2 1 2 1 1 0 0 1 0 2 2 0 1 2 2 2 1 0 2 2 1 1 2 1 1 0 1 0 1 1 1 0 1 0 1 2 2 2 0 1 2 1 0 1 2 2 0 1
geno chr17.3444488 yri  1 0 1 1 0 0 0 0 0 1 0 0 0 0 0 0 1 0 0 0 0 0 0 0 0 0 0 1 0 1 0 1 0 0 0 0 1 0 0 0 0 0 0 0 1 0 0 0 0 0 1 0 0 0 0 0 0 0 0 0 0 0 0 0 0 0 0 1 1 0 1 0 1 0 1 0 0
geno chr17.3444513 ceu  1 0 0 1 0 0 2 1 0 0 1 0 0 0 0 2 1 1 0 2 0 2 0 0 0 2 2 0 1 0 1 2 1 0 0 1 2 1 1 0 0 0 1 0 2 1 1 0 1 2 0 0 1 0 2 0 0 1 0 0 0 1 1 1 1 0 1 1 0 1 0 2 0 1 0 1 1 1
geno chr17.3444513 fin  2 2 1 2 1 1 1 1 1 0 0 2 1 1 2 1 2 2 2 1 2 1 0 1 2 2 2 2 2 2 0 2 2 2 2 2 2 2 0 2 2 1 1 1 2 1 2 2 2 0 1 1 1 1 0 2 1 1 1 1 1 2 2 0 0 1 1 2 1 0 1 0 0 2 1 0 1 1 2 0 0 1 0 0 1 1 0 1 1
geno chr17.3444513 gbr  1 0 0 1 0 0 0 1 1 1 1 1 1 0 1 0 1 2 2 2 1 1 0 0 2 2 1 1 1 0 2 1 1 1 1 0 2 0 0 0 1 1 2 2 1 1 1 2 1 0 1 0 1 1 0 2 1 1 0 1 1 2 1 1 2 0 1 1 2 2 2 1 0 1 1 0 2 1 1 1 0 2 2 1
geno chr17.3444513 tsi  0 1 0 1 2 0 2 0 2 1 1 0 0 0 1 0 0 2 0 0 0 1 2 0 0 1 0 0 0 2 0 1 0 1 2 1 1 2 0 0 0 0 0 0 2 1 2 1 1 0 0 1 0 2 2 0 1 2 2 1 1 0 2 2 1 1 2 0 1 0 0 0 1 1 1 0 0 0 1 2 2 1 0 1 2 0 0 1 2 2 0 1
geno chr17.3444513 yri  1 0 1 0 0 0 0 0 0 0 0 0 0 0 0 0 1 0 0 0 0 0 0 0 0 0 0 1 0 1 0 1 0 0 0 0 1 0 0 0 0 0 0 0 1 0 0 0 0 0 1 0 0 0 0 0 0 0 0 0 0 0 0 0 0 0 0 0 1 0 1 0 1 0 1 0 0
geno chr17.3444522 ceu  1 0 0 1 0 0 2 1 0 0 1 0 0 0 0 2 1 1 0 2 0 2 0 0 0 2 2 0 1 0 1 2 1 0 0 1 2 1 1 0 0 0 1 0 2 1 1 0 1 2 0 0 1 0 2 0 0 1 0 0 0 1 1 1 1 0 1 2 0 1 0 2 0 1 0 1 1 1
geno chr17.3444522 fin  2 2 1 2 1 1 1 1 1 0 0 2 1 1 2 1 2 2 2 1 2 1 0 1 2 2 2 2 2 2 0 2 2 2 2 2 2 2 0 2 2 1 1 1 2 1 2 2 2 0 1 1 1 1 0 2 1 1 1 1 1 2 2 0 0 1 1 2 1 0 1 0 0 2 1 0 1 1 2 0 0 1 0 0 1 1 0 2 1
geno chr17.3444522 gbr  1 0 0 1 0 0 0 1 1 1 1 1 1 0 1 0 1 2 2 2 1 1 0 0 2 2 1 1 1 0 2 1 1 1 1 0 2 0 0 0 1 1 2 2 1 1 1 2 1 0 1 0 1 1 0 2 1 1 0 1 1 2 1 1 2 0 1 1 2 2 2 1 0 1 1 0 2 1 1 1 1 2 2 1
geno chr17.3444522 tsi  0 1 0 1 2 0 2 0 2 1 1 0 0 0 1 0 0 2 0 0 0 1 2 0 0 1 0 0 0 2 0 1 0 1 2 1 1 2 0 0 0 0 0 0 2 1 2 1 1 0 0 1 0 2 2 0 1 2 2 1 1 0 2 2 1 1 2 0 1 0 0 0 1 1 1 0 0 0 1 2 2 1 0 1 2 0 0 1 2 2 0 1
geno chr17.3444522 yri  1 0 1 0 0 0 0 0 0 0 0 0 0 0 0 0 1 0 0 0 0 0 0 0 0 0 0 1 0 1 0 1 0 0 0 0 1 0 0 0 0 0 0 0 1 0 0 0 0 0 1 0 0 0 0 0 0 0 0 0 0 0 0 0 0 0 0 0 1 0 1 0 1 0 1 0 0
geno chr17.3444523 ceu  1 0 0 1 0 0 2 1 0 0 1 0 0 0 0 2 1 1 0 2 0 2 0 0 0 2 2 0 1 0 1 2 1 0 0 1 2 1 1 0 0 0 1 0 2 1 1 0 1 2 0 0 1 0 2 0 0 1 0 0 0 1 1 1 1 0 1 2 0 1 0 2 0 1 0 1 1 1
geno chr17.3444523 fin  2 2 1 2 1 1 1 1 1 0 0 2 1 1 2 1 2 2 2 1 2 1 0 1 2 2 2 2 2 2 0 2 2 2 2 2 2 2 0 2 2 1 1 1 2 1 2 2 2 0 1 1 1 1 0 2 1 1 1 1 1 2 2 0 0 1 1 2 1 0 1 0 0 2 1 0 1 1 2 0 0 1 0 0 1 1 0 2 1
geno chr17.3444523 gbr  1 0 0 1 0 0 0 1 1 1 1 1 1 0 1 0 1 2 2 2 1 1 0 0 2 2 1 1 1 0 2 1 1 1 1 0 2 0 0 0 1 1 2 2 1 1 1 2 1 0 1 0 1 1 0 2 1 1 0 1 1 2 1 1 2 0 1 1 2 2 2 1 0 1 1 0 2 1 1 1 0 2 2 1
geno chr17.3444523 tsi  0 1 0 1 2 0 2 0 2 1 1 0 0 0 1 0 0 2 0 0 0 1 2 0 0 1 0 0 0 2 0 1 0 1 2 1 1 2 0 0 0 0 0 0 1 0 2 1 1 0 0 1 0 2 2 0 1 2 2 1 1 0 2 2 1 1 2 0 1 0 0 0 1 1 1 0 0 0 1 2 2 1 0 1 2 0 0 1 2 2 0 1
geno chr17.3444523 yri  1 0 1 0 0 0 0 0 0 0 0 0 0 0 0 0 1 0 0 0 0 0 0 0 0 0 0 1 0 0 0 1 0 0 0 0 1 0 0 0 0 0 0 0 1 0 0 0 0 0 1 0 0 0 0 0 0 0 0 0 0 0 0 0 0 0 0 0 1 0 1 0 1 0 1 0 0
geno chr17.3444547 ceu  1 1 0 1 1 0 2 1 0 1 1 1 0 0 1 2 1 1 1 2 0 2 0 1 1 2 2 0 1 0 1 2 1 1 1 1 2 1 1 0 0 1 1 1 2 1 1 0 1 2 0 1 1 1 2 0 0 1 1 0 0 1 1 1 1 0 1 2 1 1 0 2 1 1 1 2 1 2
geno chr17.3444547 fin  2 2 1 2 1 1 1 1 1 0 0 2 1 1 2 1 2 2 2 1 2 1 0 1 2 2 2 2 2 2 1 2 2 2 2 2 2 2 0 2 2 1 1 1 2 1 2 2 2 0 1 2 1 1 1 2 1 1 1 1 1 2 2 1 0 1 1 2 2 1 1 1 2 2 1 1 1 1 2 0 0 1 0 1 1 1 1 2 2
geno chr17.3444547 gbr  1 0 0 1 0 0 0 1 1 1 1 1 1 0 2 0 1 2 2 2 1 1 1 1 2 2 2 2 1 1 2 1 1 1 1 1 2 0 1 1 1 1 2 2 1 1 1 2 1 1 1 0 1 1 0 2 1 1 0 1 1 2 1 1 2 0 1 1 2 2 2 1 1 1 1 0 2 1 1 1 1 2 2 1
geno chr17.3444547 tsi  0 1 0 1 2 0 2 0 2 1 1 1 0 1 1 0 0 2 1 0 0 2 2 1 0 1 0 1 0 2 0 1 0 1 2 1 1 2 1 0 1 0 0 1 2 1 2 1 1 0 0 1 0 2 2 0 1 2 2 2 1 0 2 2 1 1 2 1 1 0 1 0 1 1 1 0 1 0 1 2 2 2 0 1 2 1 1 1 2 2 0 1
geno chr17.3444547 yri  1 0 1 1 1 0 0 0 0 0 0 0 0 0 0 0 1 0 0 0 0 0 0 0 0 0 0 1 0 1 0 1 0 0 0 0 1 0 0 0 0 0 0 0 1 0 0 0 0 0 1 0 0 0 0 0 0 0 0 0 0 0 0 0 0 0 0 1 1 0 1 0 1 0 1 0 0
geno chr17.3444738 ceu  1 1 0 1 1 0 2 1 0 1 1 1 0 0 1 2 1 1 1 2 0 2 0 1 1 2 2 0 1 0 1 2 1 1 1 1 2 1 1 0 0 1 1 1 2 1 1 0 1 2 0 1 1 1 2 0 0 1 1 0 0 1 1 1 1 0 1 2 1 1 0 2 1 1 1 2 1 2
geno chr17.3444738 fin  2 2 1 2 1 1 1 1 1 0 0 2 1 1 2 1 2 2 2 1 2 1 0 1 2 2 2 2 2 2 1 2 2 2 2 2 2 2 1 2 2 1 1 1 2 1 2 2 2 0 1 2 1 1 1 2 1 1 1 1 1 2 2 1 0 1 1 2 2 1 1 1 2 2 1 1 1 1 2 0 0 1 0 1 1 1 1 2 2
geno chr17.3444738 gbr  1 0 0 1 0 0 0 1 1 1 1 1 1 0 2 0 1 2 2 2 1 1 1 1 2 2 2 2 1 1 2 1 1 1 1 1 2 0 1 1 1 1 2 2 1 1 1 2 1 1 1 0 1 1 0 2 1 1 0 1 1 2 1 1 2 0 1 1 2 2 2 1 1 1 1 0 2 1 1 1 1 2 2 1
geno chr17.3444738 tsi  0 1 0 1 2 0 2 0 2 1 1 1 0 1 1 0 0 2 1 0 0 2 2 1 0 1 0 1 0 2 0 1 0 1 2 1 1 2 1 0 1 0 0 1 2 1 2 1 1 0 0 1 0 2 2 0 1 2 2 2 1 0 2 2 1 1 2 1 1 0 1 0 1 1 1 0 1 0 1 2 2 2 0 1 2 1 1 1 2 2 0 1
geno chr17.3444738 yri  1 0 1 1 1 0 0 0 0 1 0 0 0 0 0 0 1 0 0 0 0 0 0 0 0 0 0 1 0 1 0 1 0 0 0 0 1 0 0 0 0 0 0 0 1 0 0 0 0 0 1 0 0 0 0 0 0 0 0 0 0 0 0 0 0 0 0 1 1 0 1 0 1 0 1 0 0
geno chr17.3444952 ceu  0 0 0 1 0 0 0 0 0 0 1 0 0 0 0 1 0 0 0 1 0 1 0 0 0 2 0 0 0 0 0 0 1 0 0 0 1 0 0 0 0 1 1 0 0 0 0 0 1 0 0 0 1 0 1 0 0 0 0 0 0 0 0 0 1 0 0 0 1 0 0 0 0 1 0 0 0 0
geno chr17.3444952 fin  0 0 0 0 1 0 0 1 1 0 0 1 1 1 0 0 0 0 0 0 0 0 0 0 0 0 1 0 1 0 0 0 0 0 2 0 2 0 1 1 1 0 1 0 1 0 0 0 1 0 1 1 1 0 0 2 0 0 0 1 0 2 1 0 0 1 0 1 0 0 0 1 0 1 1 0 1 1 2 0 0 0 0 0 0 0 0 0 1
geno chr17.3444952 gbr  0 0 0 0 0 0 0 0 0 1 0 1 0 0 0 0 0 0 0 0 0 1 0 0 1 2 0 1 1 0 0 1 1 0 1 0 0 0 0 0 0 0 1 1 0 0 0 0 0 0 1 0 0 1 0 0 1 0 0 0 0 0 1 0 2 0 0 1 0 0 1 0 0 0 1 0 1 0 1 1 0 0 0 0
geno chr17.3444952 tsi  0 0 0 0 2 0 0 0 1 0 0 0 0 0 0 0 0 0 0 0 0 1 1 0 0 0 0 0 0 2 0 0 0 0 1 1 0 0 0 0 0 0 0 0 1 0 0 1 1 0 0 0 0 0 1 0 0 0 1 0 0 0 1 0 1 0 0 0 0 0 0 0 0 0 1 0 0 0 1 0 0 1 0 1 1 0 0 0 0 0 0 0
geno chr17.3444952 yri  1 0 1 0 1 0 0 0 0 1 0 0 0 0 0 0 1 0 0 0 0 0 0 0 0 0 0 1 0 1 0 1 0 0 0 0 0 0 0 0 0 0 0 0 1 0 0 0 0 0 1 0 0 0 0 0 0 0 0 0 0 0 0 0 0 0 0 0 1 0 0 0 0 0 1 0 0
geno chr17.3445039 ceu  1 1 0 1 1 0 2 1 0 1 1 1 0 0 1 2 1 1 1 2 0 2 0 1 1 2 2 0 1 0 1 2 1 1 1 1 2 1 1 0 0 1 1 1 2 1 1 0 1 2 0 1 1 1 2 0 0 1 1 0 0 1 1 1 1 0 1 2 1 1 0 2 1 1 1 2 1 2
geno chr17.3445039 fin  1 2 1 2 1 1 1 1 1 0 0 2 1 1 2 1 2 2 2 1 2 1 0 1 2 2 2 2 1 2 1 2 2 2 2 2 2 2 1 2 2 1 1 0 2 1 2 2 2 0 1 2 1 1 1 2 0 0 1 1 1 2 2 1 0 1 1 2 2 1 1 1 2 2 1 1 1 1 2 0 0 1 0 1 1 1 1 2 2
geno chr17.3445039 gbr  1 0 0 1 0 0 0 1 1 1 1 1 1 0 2 0 1 2 2 2 1 1 1 1 2 2 2 2 1 1 2 1 1 1 1 1 2 0 1 1 1 1 2 2 1 1 1 2 1 1 1 0 1 1 0 2 1 1 0 1 1 2 1 1 2 0 1 1 2 2 2 1 1 1 1 0 2 1 1 1 1 2 2 1
geno chr17.3445039 tsi  0 1 0 1 2 0 2 0 2 1 1 1 0 1 1 0 0 1 1 0 0 2 2 1 0 1 0 1 0 2 0 1 0 1 2 1 1 2 1 0 1 0 0 1 2 1 2 1 1 0 0 1 0 1 2 0 1 2 2 2 1 0 2 2 1 1 2 1 1 0 1 0 1 1 1 0 1 0 1 2 2 2 0 1 2 1 1 1 2 2 0 1
geno chr17.3445039 yri  1 0 1 1 1 0 0 0 0 1 0 0 0 0 0 0 1 0 0 0 0 0 0 0 0 0 0 1 0 1 0 1 0 0 0 0 1 0 0 0 0 0 0 0 1 0 0 0 0 0 1 0 0 0 0 0 0 0 0 0 0 0 0 0 0 0 0 1 1 0 1 0 1 0 1 0 0
geno chr17.3445215 ceu  1 1 2 1 1 2 0 1 2 1 0 1 2 2 1 0 1 1 1 0 2 0 2 1 1 0 0 2 1 2 0 0 1 1 1 1 0 1 1 2 2 1 1 1 0 1 1 2 1 0 2 1 1 1 0 2 2 1 1 2 2 1 1 1 1 2 1 0 1 1 2 0 1 1 1 0 1 0
geno chr17.3445215 fin  1 0 1 0 1 1 1 1 1 2 2 0 1 1 0 1 0 0 0 1 0 1 2 0 0 0 0 0 1 0 1 0 0 0 0 0 0 0 1 0 0 1 1 2 0 1 0 0 0 2 1 0 1 1 1 0 2 2 1 1 1 0 0 1 2 1 1 0 0 1 1 1 0 0 1 1 1 1 0 2 2 1 2 1 1 1 1 0 0
geno chr17.3445215 gbr  1 2 2 1 2 2 2 1 1 1 1 1 1 2 0 2 1 0 0 0 1 1 1 1 0 0 0 0 1 1 0 1 1 1 1 1 0 2 1 1 1 1 0 0 1 1 1 0 0 1 1 2 1 1 2 0 1 0 2 1 1 0 1 1 0 2 1 1 0 0 0 1 1 1 1 2 0 1 1 1 1 0 0 1
geno chr17.3445215 tsi  2 1 2 1 0 2 0 2 0 1 1 1 2 1 1 2 2 0 1 2 2 0 0 1 2 1 2 1 2 0 2 1 1 0 0 1 1 0 1 2 1 1 2 1 0 1 0 1 1 2 2 1 2 0 0 2 1 0 0 0 1 2 0 0 1 1 0 1 1 2 1 2 1 1 1 2 1 2 1 0 0 0 2 1 0 1 1 0 0 0 2 1
geno chr17.3445215 yri  1 2 0 1 0 1 2 1 1 1 0 1 2 1 1 1 1 1 0 1 1 2 0 1 0 2 0 0 2 1 2 0 1 2 0 2 0 0 1 0 2 2 0 2 0 2 1 0 2 1 1 1 1 2 1 0 1 1 1 1 0 2 0 1 1 0 1 0 1 1 1 2 1 0 0 2 1
geno chr17.3445379 ceu  1 1 2 1 1 2 0 1 2 1 0 1 2 2 1 0 1 1 1 0 2 0 2 1 1 0 0 2 1 2 0 0 1 1 1 1 0 1 1 2 2 1 1 1 0 1 1 2 1 0 2 1 1 1 0 2 2 1 1 2 2 1 1 1 1 2 1 0 1 1 2 0 1 1 1 0 1 0
geno chr17.3445379 fin  1 0 1 0 1 1 1 1 1 2 2 0 1 1 0 1 0 0 0 1 0 1 2 0 0 0 0 0 1 0 1 0 0 0 0 0 0 0 1 0 0 1 1 2 0 1 0 0 0 2 1 0 1 1 1 0 2 2 1 1 1 0 0 1 2 1 1 0 0 1 1 1 0 0 1 1 1 1 0 2 2 1 2 1 1 1 1 0 0
geno chr17.3445379 gbr  1 2 2 1 2 2 2 1 1 1 1 1 1 2 0 2 1 0 0 0 1 1 1 1 0 0 0 0 1 1 0 1 1 1 1 1 0 2 1 1 1 1 0 0 1 1 1 0 0 1 1 2 1 1 2 0 1 0 2 1 1 0 1 1 0 2 1 1 0 0 0 1 1 1 1 2 0 1 1 1 1 0 0 1
geno chr17.3445379 tsi  2 1 2 1 0 2 0 2 0 1 1 1 2 1 1 2 2 0 1 2 2 0 0 1 2 1 2 1 2 0 2 1 1 0 0 1 1 0 1 2 1 1 2 1 0 1 0 1 1 2 2 1 2 0 0 2 1 0 0 0 1 2 0 0 1 1 0 1 1 2 1 2 1 1 1 2 1 2 1 0 0 0 2 1 0 1 1 0 0 0 2 1
geno chr17.3445379 yri  1 2 0 1 0 1 2 1 1 1 0 1 2 1 1 1 1 1 0 1 1 2 0 1 0 2 0 0 2 1 2 0 1 2 0 2 0 0 1 0 2 2 0 2 0 2 1 0 2 1 1 1 1 2 1 0 1 1 1 1 0 2 0 1 1 0 1 0 1 1 1 2 1 0 0 2 1
geno chr17.3445482 ceu  1 1 2 1 1 2 0 1 2 1 0 1 2 2 1 0 1 1 1 0 2 0 2 1 1 0 0 2 1 2 0 0 1 1 1 1 0 1 1 2 2 1 1 1 0 1 1 2 1 0 2 1 1 1 0 2 2 1 1 2 2 1 1 1 1 2 1 0 1 1 2 0 1 1 1 0 1 0
geno chr17.3445482 fin  1 0 1 0 1 1 1 1 1 2 2 0 1 1 0 1 0 0 0 1 0 1 2 0 0 0 0 0 1 0 1 0 0 0 0 0 0 0 1 0 0 1 1 2 0 1 0 0 0 2 1 0 1 1 1 0 2 2 1 1 1 0 0 1 1 0 1 0 0 0 1 1 0 0 0 1 1 1 0 2 2 1 2 1 1 1 1 0 0
geno chr17.3445482 gbr  1 2 2 1 2 2 2 1 1 1 1 1 1 2 0 2 1 0 0 0 1 1 1 1 0 0 0 0 1 1 0 1 1 1 1 1 0 2 1 1 1 1 0 0 1 1 1 0 0 1 1 2 1 1 2 0 1 0 2 1 1 0 1 1 0 2 1 1 0 0 0 1 1 1 1 2 0 1 1 1 1 0 0 1
geno chr17.3445482 tsi  2 1 2 1 0 2 0 2 0 1 1 1 2 1 1 2 2 0 1 2 2 0 0 1 2 1 2 1 2 0 2 1 1 0 0 1 1 0 1 2 1 1 2 1 0 1 0 1 1 2 2 1 2 0 0 2 1 0 0 0 1 2 0 0 1 1 0 1 1 2 1 2 1 1 1 2 1 2 1 0 0 0 2 1 0 1 1 0 0 0 2 1
geno chr17.3445482 yri  1 2 0 1 0 1 2 1 1 1 0 1 2 1 1 1 1 1 0 1 1 2 0 1 0 2 0 0 2 1 2 0 1 2 0 2 0 0 1 0 2 2 0 2 0 2 1 0 2 1 1 1 1 2 1 0 1 1 1 1 0 2 0 1 1 0 1 0 1 1 1 2 1 0 0 2 1
geno chr17.3445541 ceu  1 1 2 2 1 2 0 1 2 1 1 1 2 2 1 1 1 1 1 1 2 1 2 1 1 2 0 2 1 2 0 0 2 1 1 1 1 1 1 2 2 2 2 1 0 1 1 2 2 0 2 1 2 1 1 2 2 1 1 2 2 1 1 1 2 2 1 0 2 1 2 0 1 2 1 0 1 0
geno chr17.3445541 fin  1 0 1 0 2 1 1 2 2 2 2 1 2 2 0 1 0 0 0 1 0 1 2 0 0 0 1 0 2 0 1 0 0 0 2 0 2 0 2 1 1 1 2 2 1 1 0 0 1 2 2 1 2 1 1 2 2 2 1 2 1 2 1 1 2 2 1 1 0 1 1 2 0 1 2 1 2 2 2 2 2 1 2 1 1 1 1 0 1
geno chr17.3445541 gbr  1 2 2 1 2 2 2 1 1 2 1 2 1 2 0 2 1 0 0 0 1 2 1 1 1 2 0 1 2 1 0 2 2 1 2 1 0 2 1 1 1 1 1 1 1 1 1 0 0 1 2 2 1 2 2 0 2 0 2 1 1 0 2 1 2 2 1 2 0 0 1 1 1 1 2 2 1 1 2 2 1 0 0 1
geno chr17.3445541 tsi  2 1 2 1 2 2 0 2 1 1 1 1 2 1 1 2 2 0 1 2 2 1 1 1 2 1 2 1 2 2 2 1 1 0 1 2 1 0 1 2 1 1 2 1 1 1 0 2 2 2 2 1 2 0 1 2 1 0 1 0 1 2 1 0 2 1 0 1 1 2 1 2 1 1 2 2 1 2 2 0 0 1 2 2 1 1 1 0 0 0 2 1
geno chr17.3445541 yri  2 2 1 2 1 1 2 1 1 2 0 1 2 1 1 1 2 1 0 1 1 2 0 1 0 2 0 1 2 2 2 1 1 2 0 2 1 0 1 0 2 2 0 2 1 2 1 0 2 1 2 1 1 2 1 0 1 1 1 1 0 2 0 1 1 0 1 1 2 1 2 2 1 0 1 2 1
geno chr17.3445901 ceu  1 1 2 2 1 2 0 1 2 1 1 1 2 2 1 1 1 1 1 1 2 1 2 1 1 2 0 2 1 2 0 0 2 1 1 1 1 1 1 2 2 2 2 1 0 1 1 2 2 0 2 1 2 1 1 2 2 1 1 2 2 1 1 1 2 2 1 0 2 1 2 0 1 2 1 0 1 0
geno chr17.3445901 fin  1 0 1 0 2 1 1 2 2 2 2 1 2 2 0 1 0 0 0 1 0 1 2 0 0 0 1 0 2 0 1 0 0 0 2 0 2 0 2 1 1 1 2 2 1 1 0 0 1 2 2 1 2 1 1 2 2 2 1 2 1 2 1 1 2 2 1 1 0 1 1 2 0 1 2 1 2 2 2 2 2 1 2 1 1 1 1 0 1
geno chr17.3445901 gbr  1 2 2 1 2 2 2 1 1 2 1 2 1 2 0 2 1 1 0 0 1 2 1 1 1 2 0 1 2 1 0 2 2 1 2 1 0 2 1 1 1 1 1 1 1 1 1 0 0 1 2 2 1 2 2 0 2 0 2 1 1 0 2 1 2 2 1 2 0 0 1 1 1 1 2 2 1 1 2 2 1 0 0 2
geno chr17.3445901 tsi  2 1 2 1 2 2 0 2 1 1 1 1 2 1 1 2 2 0 1 2 2 1 1 1 2 1 2 1 2 2 2 1 1 0 1 2 1 0 1 2 1 1 2 1 1 1 0 2 2 2 2 1 2 0 1 2 1 0 1 0 1 2 1 0 2 1 0 1 1 2 1 2 1 1 2 2 1 2 2 0 0 1 2 2 1 1 1 1 0 0 2 1
geno chr17.3445901 yri  2 1 1 0 1 1 1 0 1 2 0 0 0 0 0 1 1 0 0 1 0 1 0 0 0 0 0 1 0 1 0 1 0 1 0 1 0 0 1 0 0 0 0 1 1 0 0 0 0 1 1 1 0 1 1 0 0 0 1 0 0 1 0 0 0 0 1 0 1 0 0 1 0 0 1 0 0
geno chr17.3446259 ceu  0 0 0 0 0 0 0 0 0 0 0 0 0 0 0 0 0 0 0 0 0 0 0 0 0 0 0 0 0 0 0 0 0 0 0 0 0 0 0 0 0 0 0 0 0 0 0 0 0 0 0 0 0 0 0 0 0 0 0 0 0 0 0 0 0 0 0 0 0 0 0 0 0 0 0 0 0 0
geno chr17.3446259 fin  0 0 0 0 0 0 0 0 0 0 0 0 0 0 0 0 0 0 0 0 0 0 0 0 0 0 0 0 0 0 0 0 0 0 0 0 0 0 0 0 0 0 0 0 0 0 0 0 0 0 0 0 0 0 0 0 0 0 0 0 0 0 0 0 0 0 0 0 0 0 0 0 0 0 0 0 0 0 0 0 0 0 0 0 0 0 0 0 0
geno chr17.3446259 gbr  0 0 0 0 0 0 0 0 0 0 0 0 0 0 0 0 0 0 0 0 0 0 0 0 0 0 0 0 0 0 0 0 0 0 0 0 0 0 0 0 0 0 0 0 0 0 0 0 0 0 0 0 0 0 0 0 0 0 0 0 0 0 0 0 0 0 0 0 0 0 0 0 0 0 0 0 0 0 0 1 0 0 0 0
geno chr17.3446259 tsi  0 0 0 0 0 0 0 0 0 0 0 0 0 0 0 0 0 0 0 0 0 0 0 0 0 0 0 0 0 0 0 0 0 0 0 0 0 0 0 0 0 0 0 0 0 0 0 0 0 0 0 0 0 0 0 0 0 0 0 0 0 0 0 0 0 0 0 0 0 0 0 0 0 0 0 0 0 0 0 0 0 0 0 0 0 0 0 0 0 0 0 0
geno chr17.3446259 yri  1 2 0 2 0 1 2 1 1 1 0 1 2 1 1 1 1 1 0 1 1 2 0 1 0 2 0 0 2 1 2 0 1 1 0 2 1 0 0 0 2 2 0 1 0 2 1 0 2 0 1 1 1 1 1 0 1 1 1 1 0 1 0 1 1 0 1 1 1 1 2 2 2 0 0 2 1
geno chr17.3446309 ceu  1 1 0 0 1 0 2 1 0 1 0 1 0 0 1 1 1 1 1 1 0 1 0 1 1 0 2 0 1 0 1 2 0 1 1 1 1 1 1 0 0 0 0 1 2 1 1 0 0 2 0 1 0 1 1 0 0 1 1 0 0 1 1 1 0 0 1 2 0 1 0 2 1 0 1 2 1 2
geno chr17.3446309 fin  2 2 1 2 0 1 1 0 0 0 0 1 0 0 2 1 2 2 2 1 2 1 0 1 2 2 1 2 1 2 1 2 2 2 0 2 0 2 0 1 1 1 0 1 1 1 2 2 1 0 0 1 0 1 1 0 1 1 1 0 1 0 1 0 0 0 1 1 2 1 1 0 2 1 0 1 0 0 0 0 0 1 0 1 1 1 1 2 1
geno chr17.3446309 gbr  1 0 0 1 0 0 0 1 1 0 1 0 1 0 2 0 1 2 2 2 1 0 1 1 1 0 2 1 0 1 2 0 0 1 0 1 2 0 1 1 1 1 1 1 1 1 1 2 1 1 0 0 1 0 0 2 0 1 0 1 1 2 0 1 0 0 1 0 2 2 1 1 1 1 0 0 1 1 0 1 1 2 2 0
geno chr17.3446309 tsi  0 1 0 1 0 0 2 0 1 1 1 1 0 1 1 0 0 1 1 0 0 1 1 1 0 1 0 1 0 0 0 1 0 1 1 0 1 2 1 0 1 0 0 1 1 1 2 0 0 0 0 1 0 1 1 0 1 2 1 2 1 0 1 1 0 1 2 1 1 0 1 0 1 1 0 0 1 0 0 2 2 1 0 0 1 1 1 1 2 2 0 1
geno chr17.3446309 yri  1 2 0 2 0 1 2 0 1 1 0 0 2 1 1 1 1 0 0 1 1 2 0 1 0 2 0 0 2 1 2 0 1 1 0 2 1 0 0 0 2 2 0 1 0 2 0 0 1 0 1 1 1 0 1 0 1 1 1 1 0 0 0 1 1 0 1 1 1 0 1 2 2 0 0 2 1
geno chr17.3446840 ceu  0 0 0 0 0 0 0 0 0 0 0 0 0 0 0 0 0 0 0 0 0 0 0 0 0 0 0 0 0 0 0 0 0 0 0 0 0 0 0 0 0 0 0 0 0 0 0 0 0 0 0 0 0 0 0 0 0 0 0 0 0 0 0 0 0 0 0 0 0 0 0 0 0 0 0 0 0 0
geno chr17.3446840 fin  0 0 0 0 0 0 0 0 0 0 0 0 0 0 0 0 0 0 0 0 0 0 0 0 0 0 0 0 0 0 0 0 0 0 0 0 0 0 0 0 0 0 0 0 0 0 0 0 0 0 0 0 0 0 0 0 0 0 0 0 0 0 0 0 0 0 0 0 0 0 0 0 0 0 0 0 0 0 0 0 0 0 0 0 0 0 0 0 0
geno chr17.3446840 gbr  NA 0 0 0 0 0 0 0 0 0 0 0 0 0 0 0 0 0 0 0 0 0 0 0 0 0 0 0 0 0 0 0 0 0 0 0 0 0 0 0 0 0 0 0 0 0 0 0 0 0 0 0 0 0 0 0 0 0 0 0 0 0 0 0 0 0 0 0 0 0 0 0 0 0 0 0 0 0 0 0 0 0 0 0
geno chr17.3446840 tsi  2 1 0 0 0 0 0 0 0 0 0 0 0 0 0 0 0 0 0 0 0 0 0 0 0 0 0 0 0 0 0 0 0 0 0 0 0 0 0 0 0 0 0 0 0 0 0 0 0 0 0 0 0 0 0 0 0 0 0 0 0 0 0 0 0 0 0 0 0 0 0 0 0 0 0 0 0 0 0 0 0 0 0 0 0 0 0 0 0 0 0 0
geno chr17.3446840 yri  0 0 0 1 0 1 0 0 1 1 0 0 0 1 2 1 1 0 1 1 0 1 1 1 0 1 0 2 0 0 2 1 1 0 0 1 0 1 1 0 0 0 2 2 0 1 0 2 1 0 2 0 1 1 1 1 0 0 1 0 0 1 0 1 0 1 1 0 0 1 1 1 2 2 1 0 0
geno chr17.3446885 ceu  1 1 0 0 1 0 2 1 0 1 0 1 0 0 1 1 1 1 1 1 0 1 0 1 1 0 2 0 1 0 1 2 0 1 1 1 1 1 1 0 0 0 0 1 2 1 1 0 0 2 0 1 0 1 1 0 0 1 1 0 0 1 1 1 0 0 1 2 0 1 0 2 1 0 1 2 1 2
geno chr17.3446885 fin  2 2 1 2 0 1 1 0 0 0 0 1 0 0 2 0 1 2 2 1 2 1 0 1 2 2 1 2 1 2 1 2 2 2 0 2 0 2 0 1 1 1 0 1 0 1 2 2 1 0 0 1 0 1 1 0 1 1 1 0 1 0 1 0 0 0 1 1 2 1 1 0 2 1 0 1 0 0 0 0 0 1 0 1 1 1 1 2 1
geno chr17.3446885 gbr  1 0 1 1 0 0 0 1 1 0 1 0 1 0 2 0 1 2 2 2 1 0 1 1 1 0 2 1 0 1 2 0 0 1 0 1 2 0 1 1 1 1 1 1 1 1 1 2 1 1 0 0 1 0 0 2 0 1 0 1 1 2 0 1 0 0 1 0 2 2 1 1 1 1 0 0 1 1 0 1 1 2 2 0
geno chr17.3446885 tsi  0 1 0 1 0 0 2 0 1 1 1 1 0 1 1 0 0 1 1 0 0 1 0 1 0 1 0 1 0 0 0 1 0 1 1 0 2 2 1 0 1 0 0 2 1 1 2 0 0 0 0 1 0 1 1 0 1 2 1 2 1 0 1 1 0 1 2 1 1 0 1 0 1 1 0 0 1 1 0 2 2 1 0 0 1 1 1 1 2 2 0 1
geno chr17.3446885 yri  1 1 0 0 0 1 1 0 1 1 0 0 0 0 0 1 0 0 0 0 0 1 0 0 0 0 0 0 0 0 0 0 0 0 0 1 0 0 0 0 0 0 0 0 0 0 0 0 0 0 0 0 0 0 1 0 0 0 1 0 0 0 0 0 0 0 1 0 0 0 0 0 0 0 0 0 0
geno chr17.3447130 ceu  2 2 2 2 2 2 2 2 2 2 1 2 2 2 2 2 2 2 2 2 2 2 2 2 2 2 2 2 2 2 1 2 2 2 2 2 2 2 2 2 2 2 2 2 2 2 2 2 2 2 2 2 2 2 2 2 2 2 2 2 2 2 2 2 2 2 2 2 2 2 2 2 2 2 2 2 2 2
geno chr17.3447130 fin  2 2 2 2 2 2 2 2 2 2 2 2 2 2 2 2 2 2 2 2 2 2 2 1 2 2 2 2 2 2 2 2 2 2 2 2 2 2 2 2 2 2 2 2 2 2 2 2 2 2 2 2 2 2 2 2 2 2 2 2 2 2 2 2 2 2 2 2 2 2 2 2 2 2 2 2 2 2 2 2 2 2 2 2 2 2 2 2 2
geno chr17.3447130 gbr  2 2 2 2 2 2 2 2 2 2 2 2 2 2 2 2 2 2 2 2 2 2 2 2 2 2 2 2 2 2 2 2 2 2 2 2 2 2 2 2 2 2 2 2 2 2 2 2 1 2 2 2 2 2 2 2 2 1 2 2 2 2 2 2 2 2 2 2 2 2 2 2 2 2 2 2 2 2 2 2 2 2 2 2
geno chr17.3447130 tsi  2 2 2 2 2 2 2 2 2 2 2 2 2 2 2 2 2 2 2 2 2 2 2 2 2 2 2 2 2 2 2 2 1 1 2 2 2 2 2 2 2 1 2 2 2 2 2 2 2 2 2 2 2 2 2 2 2 2 2 2 2 2 2 2 2 2 2 2 2 2 2 2 2 2 2 2 2 2 2 2 2 2 2 2 2 2 2 1 2 2 2 2
geno chr17.3447130 yri  1 2 1 2 1 1 2 1 1 2 0 1 2 1 1 1 1 1 0 1 1 2 0 1 0 2 0 0 2 2 2 0 0 2 0 2 1 0 1 0 2 2 0 2 0 2 1 0 2 1 1 1 1 2 1 0 1 1 1 1 0 2 0 1 1 0 1 1 2 1 2 2 2 0 1 2 1
geno chr17.3447316 ceu  1 1 1 1 1 2 0 0 2 1 0 0 1 2 1 0 1 1 1 0 2 0 2 1 1 0 0 2 0 1 0 0 0 0 0 1 0 1 1 2 1 1 0 1 0 1 1 2 1 0 2 0 1 0 0 2 2 1 0 2 2 1 1 1 0 2 1 0 0 1 2 0 1 1 1 0 0 0
geno chr17.3447316 fin  0 0 1 0 1 0 1 0 0 2 2 0 0 1 0 2 1 0 0 0 0 1 2 0 0 0 0 0 0 0 1 0 0 0 0 0 0 0 1 0 0 1 1 1 1 1 0 0 0 2 1 0 1 0 1 0 1 1 1 1 1 0 0 2 2 1 1 0 0 1 1 0 1 0 1 1 1 1 0 2 2 0 2 1 1 0 1 0 0
geno chr17.3447316 gbr  1 1 1 1 2 2 2 1 0 2 1 1 0 2 0 2 1 0 0 0 1 0 2 1 0 0 0 0 0 0 0 0 1 1 1 1 0 1 1 1 1 1 0 0 1 1 1 0 0 0 0 2 1 0 2 0 1 0 2 0 1 0 1 1 0 2 1 0 0 0 0 1 1 0 0 2 0 1 1 1 0 0 0 2
geno chr17.3447316 tsi  2 0 1 0 0 2 0 2 0 0 0 1 2 1 1 2 2 0 1 2 2 0 0 0 2 1 2 1 2 1 2 0 1 0 0 0 0 0 1 2 1 0 2 0 0 1 0 1 1 2 1 1 2 0 1 2 0 0 0 0 1 1 0 0 0 1 0 1 0 1 1 1 1 1 1 2 1 1 1 0 0 0 1 0 0 1 0 0 0 0 2 1
geno chr17.3447316 yri  1 1 0 0 0 1 0 0 1 0 0 0 0 0 0 0 0 0 0 0 0 0 0 0 0 0 0 0 0 0 0 0 0 1 0 1 0 0 1 0 0 0 0 0 0 0 0 0 0 0 0 0 0 0 1 0 0 0 0 0 0 1 0 0 0 0 1 0 0 0 0 0 0 0 0 0 0
geno chr17.3447489 ceu  0 0 0 1 0 0 0 0 0 0 1 0 0 0 0 1 0 0 0 1 0 1 0 0 0 2 0 0 0 0 0 0 1 0 0 0 1 0 0 0 0 1 1 0 0 0 0 0 1 0 0 0 1 0 1 0 0 0 0 0 0 0 0 0 0 0 0 0 1 0 0 0 0 1 0 0 0 0
geno chr17.3447489 fin  0 0 0 0 1 0 0 1 1 0 0 1 1 1 0 0 0 0 0 0 0 0 0 0 0 0 1 0 1 0 0 0 0 0 2 0 2 0 1 1 1 0 1 0 1 0 0 0 1 0 1 1 1 0 0 2 0 0 0 1 0 2 1 0 0 1 0 1 0 0 0 1 0 1 1 0 1 1 2 0 0 0 0 0 0 0 0 0 1
geno chr17.3447489 gbr  0 0 0 0 0 0 0 0 0 0 0 1 0 0 0 0 0 0 0 0 0 1 0 0 1 2 0 1 1 0 0 1 1 0 1 0 0 0 0 0 0 0 1 1 0 0 0 0 0 0 1 0 0 1 0 0 1 0 0 0 0 0 0 0 2 0 0 1 0 0 1 0 0 0 1 0 1 0 1 1 0 0 0 0
geno chr17.3447489 tsi  0 0 0 0 1 0 0 0 1 1 0 0 0 0 0 0 0 0 0 0 0 1 1 0 0 0 0 0 0 1 0 0 0 0 1 1 0 0 0 0 0 0 0 0 1 0 0 1 1 0 1 0 0 0 0 0 0 0 1 0 0 0 1 0 1 0 0 0 0 0 0 0 0 0 0 0 0 0 1 0 0 1 0 1 1 0 0 0 0 0 0 0
geno chr17.3447489 yri  0 1 1 0 1 0 1 0 0 1 0 0 2 1 1 0 1 0 0 0 1 1 0 1 0 2 0 0 2 2 1 0 0 1 0 1 0 0 0 0 2 2 0 2 0 1 1 0 1 0 1 0 1 0 0 0 1 0 0 1 0 0 0 1 1 0 0 0 2 0 1 1 1 0 1 2 1
geno chr17.3447551 ceu  1 0 1 1 1 1 1 0 1 1 1 1 0 0 0 2 1 1 1 1 0 2 0 1 1 2 2 0 1 0 1 1 0 1 1 1 1 1 2 0 0 1 1 1 1 1 1 0 1 1 0 1 0 1 1 0 1 0 1 0 0 1 1 1 1 1 0 1 2 1 0 1 1 1 1 2 0 1
geno chr17.3447551 fin  1 2 1 1 1 1 1 1 1 0 0 2 1 1 1 0 1 1 1 1 1 1 1 1 1 1 1 2 2 1 1 1 1 1 2 1 2 1 1 2 1 1 1 1 1 1 2 1 2 0 1 2 1 1 1 2 0 1 1 1 1 2 2 0 0 1 0 1 2 1 0 0 1 2 1 1 2 2 2 0 1 1 0 1 1 1 1 1 1
geno chr17.3447551 gbr  0 0 1 0 0 0 0 1 1 0 1 1 1 0 1 0 1 2 1 1 0 1 1 1 1 2 1 1 0 1 1 1 1 1 1 1 1 0 1 1 1 1 1 2 1 1 0 0 1 1 1 0 1 1 0 1 0 1 0 1 1 1 1 1 2 0 1 1 2 1 2 1 0 1 1 1 1 0 1 2 2 1 1 0
geno chr17.3447551 tsi  0 1 0 1 1 0 1 0 1 1 0 0 0 1 1 0 0 1 1 0 0 1 1 1 0 1 0 1 0 1 0 1 0 1 1 1 2 1 1 0 1 0 0 1 2 1 1 1 1 0 1 1 1 1 1 0 1 1 1 1 1 0 2 1 1 1 1 1 1 0 1 0 1 1 0 1 1 1 1 1 1 2 0 1 2 1 1 1 1 1 1 1
geno chr17.3447551 yri  0 2 1 0 0 1 2 0 2 2 0 0 2 1 1 1 1 0 0 0 1 2 0 1 0 2 0 0 2 1 1 0 0 1 0 2 0 0 0 0 2 2 0 2 0 1 1 0 1 0 1 0 1 1 1 0 1 1 1 1 0 1 0 1 1 0 1 0 2 0 1 1 1 0 0 2 1
geno chr17.3447914 ceu  1 1 2 2 1 2 0 1 2 1 1 1 1 2 1 1 2 1 1 1 2 1 2 1 1 2 0 2 1 2 0 0 2 1 1 1 1 1 1 2 2 2 2 2 0 1 1 2 2 0 2 1 2 0 2 2 2 1 1 2 2 1 1 1 1 2 1 0 1 1 2 0 1 2 1 0 1 0
geno chr17.3447914 fin  0 0 1 0 2 1 1 2 2 2 1 1 2 2 1 2 1 0 0 1 1 1 2 0 1 0 1 0 1 0 1 0 0 0 2 0 2 0 2 1 1 2 2 1 2 1 0 0 2 2 2 1 2 1 1 2 1 1 1 2 1 2 1 2 2 2 1 1 0 1 2 2 1 1 2 1 2 2 2 2 2 1 2 0 1 1 1 0 1
geno chr17.3447914 gbr  1 2 1 1 2 2 2 1 1 2 1 2 1 2 0 2 1 0 0 0 1 2 1 1 1 2 0 1 2 1 0 2 1 1 2 1 0 2 1 1 1 1 1 1 2 1 2 0 0 1 2 2 2 2 2 0 2 0 2 1 1 0 1 1 2 2 1 2 0 0 1 1 1 1 2 2 1 1 2 2 0 0 0 2
geno chr17.3447914 tsi  2 1 2 1 2 2 0 2 1 2 1 1 2 1 1 2 2 1 1 2 2 0 1 1 2 1 2 0 2 2 2 1 1 1 1 1 0 0 1 1 1 2 2 0 1 1 0 2 2 2 2 1 2 1 1 2 1 0 1 0 2 2 1 1 2 1 0 1 1 2 1 2 1 1 2 2 1 1 2 0 0 1 2 2 1 1 1 0 0 0 1 1
geno chr17.3447914 yri  1 2 1 1 1 1 2 1 2 2 0 1 2 2 1 1 1 1 1 1 0 2 1 1 1 2 1 1 1 2 2 1 1 1 0 2 1 2 0 0 1 2 1 2 0 2 1 0 2 0 1 1 2 2 1 1 1 0 1 2 1 2 0 2 2 0 1 0 2 1 1 2 2 1 1 2 0
geno chr17.3448261 ceu  2 1 1 2 1 2 0 1 2 1 2 1 2 2 1 1 2 1 0 1 2 1 2 0 0 2 0 2 1 2 1 0 2 1 1 1 1 1 1 1 2 2 2 2 1 1 1 2 2 0 2 1 2 0 2 2 2 1 1 2 2 1 1 1 1 2 1 1 1 1 2 1 1 2 1 0 0 0
geno chr17.3448261 fin  0 1 1 1 2 2 1 2 2 2 2 1 2 2 1 2 1 0 0 1 2 1 1 1 1 0 1 1 1 0 2 0 0 0 2 0 2 0 2 1 1 2 1 1 2 1 2 1 2 2 2 1 2 1 2 1 1 1 2 2 1 2 1 2 2 2 1 2 2 1 2 2 1 1 2 1 2 2 2 2 2 1 2 0 1 1 1 0 1
geno chr17.3448261 gbr  1 2 1 1 2 1 2 1 1 2 2 1 1 2 0 2 1 0 2 0 2 2 1 1 1 2 0 1 2 1 0 2 2 1 2 1 0 2 2 2 0 1 1 1 1 1 2 2 1 1 2 2 2 2 2 0 2 1 2 2 1 0 0 1 2 1 1 2 0 1 1 2 2 1 2 2 1 2 1 1 1 1 1 2
geno chr17.3448261 tsi  2 1 2 1 2 2 0 2 1 1 1 2 2 1 1 2 2 1 1 2 2 1 0 0 2 1 2 0 2 2 1 1 1 2 1 1 0 1 0 0 2 2 2 0 1 1 0 2 2 2 1 0 1 1 1 2 1 0 1 0 2 2 1 1 1 1 0 1 1 2 1 2 1 1 2 2 1 0 2 1 0 2 1 2 1 1 1 0 0 0 1 2
geno chr17.3448261 yri  0 0 1 1 0 0 0 0 1 1 0 0 0 0 0 0 0 0 0 0 0 0 0 0 0 1 0 1 0 0 1 0 0 0 0 0 0 0 0 0 0 0 0 1 0 1 0 0 0 1 0 0 0 0 0 0 0 0 0 0 0 0 0 1 0 0 0 0 1 1 0 0 1 1 1 0 0
geno chr17.3448272 ceu  0 1 0 0 1 0 2 1 0 1 0 1 0 0 1 1 0 1 2 1 0 1 0 1 1 0 2 0 1 0 1 2 0 1 1 1 1 1 1 0 0 0 0 0 1 1 1 0 0 2 0 1 0 2 0 0 0 1 1 0 0 1 1 1 1 0 1 1 1 1 0 1 1 0 1 2 1 2
geno chr17.3448272 fin  2 1 0 1 0 0 1 0 0 0 0 1 0 0 1 0 1 2 2 1 0 1 0 1 1 2 1 1 1 2 0 2 2 2 0 2 0 2 0 1 1 0 0 1 0 1 0 1 0 0 0 1 0 1 0 1 1 1 0 0 1 0 1 0 0 0 1 0 0 1 0 0 1 1 0 1 0 0 0 0 0 0 0 2 1 1 1 2 1
geno chr17.3448272 gbr  1 0 1 1 0 0 0 1 1 0 0 1 1 0 2 0 1 2 0 2 0 0 1 1 1 0 2 1 0 1 2 0 0 1 0 1 2 0 0 0 1 1 1 0 1 1 0 0 1 1 0 0 0 0 0 1 0 1 0 0 1 2 1 1 0 0 1 0 2 1 1 0 0 1 0 0 1 0 0 0 1 1 1 0
geno chr17.3448272 tsi  0 1 0 1 0 0 2 0 1 1 1 0 0 1 1 0 0 1 1 0 0 1 2 2 0 1 0 2 0 0 0 1 1 0 1 1 2 1 1 1 0 0 0 2 1 1 1 0 0 0 0 1 0 1 1 0 1 2 1 2 0 0 1 1 0 1 2 1 1 0 1 0 1 1 0 0 1 1 0 1 2 0 0 0 1 1 1 1 2 2 1 0
geno chr17.3448272 yri  0 0 0 0 0 0 0 0 0 0 0 0 0 0 0 0 0 0 0 0 0 0 0 0 0 0 0 0 0 0 0 0 0 0 0 0 0 0 0 0 0 0 0 0 0 0 0 0 0 0 0 0 0 0 0 0 0 0 0 0 0 0 0 0 0 0 0 0 0 0 0 0 0 0 0 0 0
geno chr17.3448331 ceu  0 1 0 0 1 0 2 1 0 1 0 1 0 0 1 1 0 1 2 1 0 1 0 1 1 0 2 0 1 1 1 2 0 1 1 1 1 1 1 0 0 0 0 0 1 1 1 0 1 2 0 1 0 2 0 0 0 1 1 0 0 1 1 1 1 0 1 1 1 1 0 1 1 0 1 1 1 2
geno chr17.3448331 fin  2 1 0 1 0 0 1 0 0 0 0 1 0 0 1 0 1 2 2 1 0 1 0 1 1 2 1 1 1 2 0 2 2 2 0 2 0 2 1 1 1 0 0 1 0 1 0 1 0 0 1 1 0 1 0 1 1 1 0 0 1 0 1 0 0 0 1 0 0 1 1 0 1 1 0 1 0 0 0 1 0 0 0 2 1 1 1 2 1
geno chr17.3448331 gbr  1 0 1 1 0 0 0 2 1 0 0 1 1 0 2 1 1 2 0 2 0 0 1 1 1 0 2 1 0 1 2 0 1 1 1 1 2 0 1 0 1 1 1 1 1 1 1 0 1 1 0 0 0 0 0 1 0 1 0 0 1 2 1 1 0 0 1 0 2 1 1 0 0 1 0 1 1 0 0 0 1 1 1 0
geno chr17.3448331 tsi  0 1 1 1 0 0 2 0 1 1 1 0 1 1 1 0 1 1 1 0 0 1 2 2 0 1 0 2 0 0 0 1 2 0 1 1 2 1 1 1 0 0 0 2 1 1 2 0 0 0 0 1 0 1 1 0 1 2 1 2 0 0 2 1 0 1 2 1 1 0 1 0 1 1 0 0 1 1 0 1 2 0 0 0 1 1 1 1 2 2 1 0
geno chr17.3448331 yri  0 0 0 1 0 0 0 0 0 0 0 0 0 0 0 0 0 0 0 0 0 0 0 0 0 0 0 0 0 0 0 0 0 1 0 0 1 0 0 0 0 0 0 0 1 0 0 0 0 0 0 0 0 0 0 0 0 1 0 0 0 0 0 0 0 0 0 1 0 0 1 0 0 0 0 0 0
geno chr17.3448434 ceu  0 1 1 0 1 0 2 1 0 1 0 1 0 0 1 1 0 1 2 1 0 1 0 2 2 0 2 0 1 0 1 2 0 1 1 1 1 1 1 1 0 0 0 0 1 1 1 0 0 2 0 1 0 2 0 0 0 1 1 0 0 1 1 1 1 0 1 1 1 1 0 1 1 0 1 1 1 2
geno chr17.3448434 fin  2 1 0 1 0 1 1 0 0 0 0 1 1 0 1 0 1 2 2 1 0 1 1 1 1 2 1 1 1 2 0 2 2 2 0 2 0 2 0 1 1 0 0 1 0 1 0 1 0 0 0 1 0 1 0 1 1 1 0 0 1 0 1 0 0 0 0 0 0 1 0 0 1 1 0 1 1 0 0 0 1 0 0 2 1 1 1 2 1
geno chr17.3448434 gbr  1 0 1 1 0 1 0 2 1 0 0 1 1 0 2 0 1 2 0 2 0 1 1 1 1 0 2 1 0 1 2 0 0 1 0 1 2 0 1 0 2 1 1 1 1 1 0 0 1 1 0 0 0 0 0 1 0 1 0 0 1 2 2 1 0 1 1 0 2 1 1 0 0 1 0 0 1 0 1 1 1 1 1 0
geno chr17.3448434 tsi  0 1 0 1 0 0 2 0 1 1 1 0 0 1 1 0 0 1 1 0 0 1 2 2 0 1 0 2 0 0 0 1 1 0 1 1 2 1 1 2 0 0 0 2 1 1 2 0 0 0 1 2 1 1 1 0 1 2 1 2 0 0 2 1 1 1 2 1 1 0 1 0 1 1 0 0 1 2 0 1 2 0 1 0 1 1 1 1 2 2 1 0
geno chr17.3448434 yri  1 1 0 2 0 1 1 0 1 1 0 0 0 0 0 1 0 0 0 0 0 1 0 0 0 0 0 0 0 0 1 0 0 1 0 1 1 0 0 0 0 0 0 0 1 0 0 0 0 0 0 0 0 0 1 0 0 1 1 0 0 0 0 0 0 0 1 1 0 0 1 0 1 1 1 0 0
geno chr17.3448722 ceu  0 1 1 0 1 0 2 1 0 1 1 1 0 0 1 1 0 1 2 1 0 1 0 2 2 0 2 0 1 0 2 2 0 1 1 1 1 1 1 1 0 0 0 0 1 1 1 0 0 2 0 1 0 2 0 0 0 1 1 0 0 1 1 1 1 0 1 1 1 1 0 1 1 0 1 1 1 2
geno chr17.3448722 fin  2 1 0 1 0 1 1 0 0 0 0 0 1 0 1 0 1 2 2 1 0 1 1 2 0 2 1 1 1 2 0 2 1 2 0 2 0 2 0 0 1 0 0 1 0 1 0 1 0 0 0 1 0 1 0 1 1 1 0 0 0 0 1 0 0 0 0 1 0 1 0 0 1 1 0 1 1 0 0 0 1 0 0 2 1 1 1 2 1
geno chr17.3448722 gbr  1 0 1 1 0 1 0 2 1 0 0 1 1 0 2 0 1 2 0 2 0 0 1 1 1 0 2 0 0 1 1 0 0 1 0 1 2 0 1 0 2 1 1 1 1 1 0 0 2 2 0 0 0 0 0 1 0 2 0 0 1 2 2 1 0 1 1 0 2 1 1 0 0 1 0 0 1 0 1 1 1 1 1 0
geno chr17.3448722 tsi  0 1 0 1 0 0 2 0 1 1 1 0 0 1 0 0 0 1 1 0 0 1 2 2 0 1 0 2 0 0 0 1 1 0 1 1 2 1 1 2 0 0 0 2 1 1 2 0 0 0 1 2 1 1 1 0 1 2 1 2 0 0 2 1 1 1 2 1 1 0 1 0 1 1 0 0 1 2 0 1 2 0 1 0 1 1 1 1 2 2 1 0
geno chr17.3448722 yri  1 1 0 1 0 1 1 0 1 1 0 0 0 0 0 1 0 0 0 0 0 1 0 0 0 0 0 0 0 0 0 0 0 1 0 1 1 0 0 0 0 0 0 0 1 0 0 0 0 0 0 0 0 0 1 0 0 1 1 0 0 0 0 0 1 0 1 1 0 0 1 0 1 0 0 0 0
geno chr17.3449198 ceu  0 1 1 0 1 0 2 1 0 0 1 1 0 0 1 1 0 1 2 1 0 1 0 2 2 0 2 0 1 0 2 2 0 1 1 1 1 1 1 1 0 0 0 0 1 1 1 0 0 2 0 1 0 2 0 0 0 1 1 0 0 1 1 1 1 0 1 1 1 1 0 1 1 0 1 1 1 2
geno chr17.3449198 fin  2 1 0 1 0 1 1 0 0 0 0 0 1 0 1 0 1 2 2 1 0 1 1 2 0 2 1 1 1 2 0 2 1 2 0 2 0 2 0 0 1 0 0 1 0 1 0 1 0 0 0 1 0 0 0 1 1 1 0 0 0 0 1 0 0 0 0 1 0 1 0 0 1 1 0 1 1 0 0 0 1 0 0 2 0 1 1 2 1
geno chr17.3449198 gbr  1 0 1 1 0 1 0 2 0 0 0 1 2 0 2 0 1 2 0 1 0 0 1 1 1 0 2 0 0 1 2 0 0 1 0 1 2 0 1 0 2 1 1 1 1 1 1 0 2 2 0 0 0 0 0 1 0 2 0 0 1 2 2 1 0 1 1 0 2 1 1 0 0 1 0 0 1 0 1 1 1 1 1 0
geno chr17.3449198 tsi  0 1 0 1 0 0 2 0 1 1 1 0 0 1 0 0 0 1 1 0 0 1 2 2 0 1 0 2 0 0 0 1 1 0 0 1 2 1 1 2 0 0 0 2 1 1 2 0 0 0 1 2 1 1 1 0 1 2 1 2 0 0 2 1 1 1 2 1 1 0 1 0 1 1 0 0 1 2 0 1 2 0 1 0 1 1 1 1 2 2 1 0
geno chr17.3449198 yri  1 1 0 1 0 1 1 0 1 1 0 0 0 0 0 1 0 0 0 0 0 1 0 0 0 0 0 0 0 0 1 0 0 1 0 1 1 0 0 0 0 0 0 1 1 0 0 0 0 0 0 0 0 0 1 0 0 1 1 0 0 0 0 0 1 0 1 0 0 0 1 0 1 1 1 0 0
geno chr17.3449215 ceu  0 1 1 0 1 0 2 1 0 0 0 1 0 0 0 1 0 1 2 1 0 1 0 2 2 0 2 0 1 0 2 2 0 1 1 1 1 1 1 1 0 0 0 0 1 1 1 0 0 2 0 1 0 2 0 0 0 0 1 0 0 0 1 0 1 0 1 1 1 1 0 0 1 0 1 1 1 2
geno chr17.3449215 fin  2 1 0 1 0 1 1 0 0 0 0 0 1 0 1 0 1 2 2 1 0 1 1 2 0 2 1 1 1 2 0 2 1 2 0 2 0 2 0 0 1 0 0 1 0 1 0 1 0 0 0 1 0 0 0 1 1 1 0 0 0 0 1 0 0 0 0 1 0 1 0 0 1 1 0 1 1 0 0 0 1 0 0 2 1 1 1 2 1
geno chr17.3449215 gbr  1 0 1 1 0 1 0 2 1 0 0 1 2 0 2 0 1 2 0 2 0 0 1 1 1 0 2 0 0 1 2 0 0 1 0 1 2 0 1 0 2 1 1 1 1 1 0 0 2 2 0 0 0 0 0 1 0 2 0 0 1 2 2 1 0 1 1 0 2 1 1 0 0 1 0 0 1 0 1 1 1 0 1 0
geno chr17.3449215 tsi  0 1 0 1 0 0 2 0 1 1 1 0 0 1 0 0 0 1 1 0 0 0 1 1 0 1 0 2 0 0 0 1 1 0 1 1 2 1 1 1 0 0 0 2 1 1 2 0 0 0 1 2 1 1 1 0 1 2 1 2 0 0 1 1 1 0 2 1 1 0 1 0 1 1 0 0 1 2 0 1 2 0 1 0 1 1 1 1 1 2 1 0
geno chr17.3449215 yri  1 0 0 0 0 0 1 0 1 0 0 0 0 0 0 1 0 0 0 0 0 1 0 0 0 0 0 0 0 0 0 0 0 1 0 1 1 0 0 0 0 0 0 0 0 0 0 0 0 0 0 0 0 0 1 0 0 1 1 0 0 0 0 0 1 0 1 0 0 0 1 0 1 0 0 0 0
geno chr17.3449237 ceu  0 1 1 0 1 0 2 1 0 0 0 1 0 0 0 1 0 1 2 1 0 0 0 1 2 0 2 0 1 0 2 2 0 1 1 1 1 1 1 1 0 0 0 0 1 1 1 0 0 2 0 1 0 2 0 0 0 0 1 0 0 0 1 0 1 0 1 1 1 1 0 0 1 0 1 1 1 2
geno chr17.3449237 fin  2 1 0 1 0 1 1 0 0 0 0 0 1 0 1 0 1 2 2 1 0 1 1 2 0 2 1 1 1 2 0 2 1 2 0 2 0 2 0 0 1 0 0 1 0 1 0 1 0 0 0 1 0 0 0 1 1 1 0 0 0 0 1 0 0 0 0 1 0 1 0 0 1 1 0 1 1 0 0 0 1 0 0 2 0 1 1 2 1
geno chr17.3449237 gbr  1 0 1 1 0 1 0 2 1 0 0 1 2 0 2 0 1 2 0 2 0 0 0 1 1 0 2 0 0 1 2 0 0 1 0 1 2 0 1 0 2 1 1 1 1 1 0 0 2 2 0 0 0 0 0 1 0 2 0 0 1 2 2 1 0 1 1 0 2 1 1 0 0 1 0 0 1 0 1 1 1 0 1 0
geno chr17.3449237 tsi  0 1 0 1 0 0 2 0 1 1 1 0 0 1 0 0 0 1 1 0 0 0 1 1 0 1 0 2 0 0 0 1 1 0 1 0 2 1 1 1 0 0 0 2 1 0 2 0 0 0 1 2 0 1 1 0 1 2 1 2 0 0 1 1 1 0 2 1 1 0 1 0 1 1 0 0 1 2 0 1 2 0 1 0 1 1 0 1 1 2 1 0
geno chr17.3449237 yri  1 0 0 1 0 0 1 0 1 0 0 0 0 0 0 1 0 0 0 0 0 1 0 0 0 0 0 0 0 0 1 0 0 1 0 1 1 0 0 0 0 0 0 0 0 0 1 0 0 0 0 0 0 0 1 0 0 0 1 0 0 0 0 0 1 0 1 1 0 0 1 0 1 0 0 0 0
geno chr17.3449256 ceu  0 1 1 0 1 0 2 1 0 0 0 1 0 0 1 1 0 1 2 1 0 0 0 1 2 0 2 0 1 0 2 2 0 1 1 1 1 1 1 1 0 0 0 0 1 1 1 0 0 2 0 1 0 2 0 0 0 1 1 0 0 0 1 1 1 0 1 1 1 1 0 1 1 0 1 1 1 2
geno chr17.3449256 fin  2 1 0 1 0 1 1 0 0 0 0 0 1 0 1 0 1 2 2 1 0 1 1 2 0 2 1 1 1 2 0 2 1 2 0 2 0 2 0 0 1 0 0 1 0 1 0 1 0 0 0 1 0 1 0 1 1 1 0 0 0 0 1 0 0 0 0 1 0 1 0 0 1 1 0 1 1 0 0 0 1 0 0 2 1 1 1 2 1
geno chr17.3449256 gbr  1 0 1 1 0 1 0 2 1 0 0 1 2 0 2 0 1 2 0 2 0 0 0 1 1 0 2 0 0 1 2 0 0 1 0 1 2 0 1 0 2 1 1 1 1 1 0 0 2 2 0 0 0 0 0 1 0 2 0 0 1 2 2 1 0 1 1 0 2 1 1 0 0 1 0 0 1 0 1 1 1 1 1 0
geno chr17.3449256 tsi  0 1 0 1 0 0 2 0 1 1 1 0 0 1 0 0 0 1 1 0 0 1 1 2 0 1 0 2 0 0 0 1 1 0 1 1 2 1 1 2 0 0 0 2 1 1 2 0 0 0 1 2 0 1 1 0 1 2 1 2 0 0 2 1 1 1 2 1 1 0 1 0 1 1 0 0 1 2 0 1 2 0 1 0 1 1 1 1 2 2 1 0
geno chr17.3449256 yri  1 0 0 1 0 0 1 0 1 0 0 0 0 0 0 1 0 0 0 0 0 1 0 0 0 0 0 0 0 0 1 0 0 1 0 1 1 0 0 0 0 0 0 0 1 0 0 0 0 0 0 0 0 0 1 0 0 1 1 0 0 0 0 0 1 0 1 0 0 0 1 0 1 1 1 0 0
geno chr17.3449260 ceu  1 0 0 1 0 0 0 0 0 0 1 0 0 0 0 1 1 0 0 1 0 1 1 0 0 2 0 1 0 0 0 0 1 0 0 0 1 0 1 0 0 1 1 1 1 0 0 0 1 0 0 0 1 0 2 0 0 0 0 0 0 0 0 0 0 0 0 0 1 0 0 1 0 1 0 0 0 0
geno chr17.3449260 fin  0 1 1 1 0 1 0 1 1 0 0 1 1 1 1 1 1 0 0 0 2 0 0 0 0 0 1 1 1 0 1 0 0 0 2 0 2 0 1 1 1 1 1 0 1 0 2 0 2 0 1 1 1 0 1 1 0 0 1 2 0 2 1 0 0 1 1 1 2 0 0 1 1 1 1 0 1 1 2 0 0 1 0 0 0 0 0 0 1
geno chr17.3449260 gbr  0 0 0 0 0 0 0 0 0 0 1 1 0 0 0 0 0 0 2 0 1 1 1 0 1 2 0 2 1 0 0 1 1 1 1 0 0 0 0 1 0 0 1 1 0 0 0 0 0 0 2 0 0 2 0 0 1 0 0 0 0 0 0 1 2 0 0 1 0 1 0 1 1 0 1 0 1 0 1 0 0 1 1 0
geno chr17.3449260 tsi  0 1 0 0 2 0 0 0 1 1 0 1 0 0 0 0 0 0 0 0 0 0 0 0 0 0 1 0 0 1 0 0 0 1 1 0 0 0 0 0 1 0 0 0 1 0 0 2 1 0 1 0 0 0 0 0 0 0 1 0 1 0 0 0 0 0 0 0 0 0 0 0 0 0 1 0 0 0 1 0 0 2 0 2 1 0 0 0 0 0 0 1
geno chr17.3449260 yri  0 0 1 1 0 0 0 0 0 1 0 0 0 0 0 0 0 0 0 0 0 0 0 0 0 0 0 0 0 0 0 0 0 0 0 0 0 0 1 0 0 0 0 0 0 0 0 0 0 0 0 0 0 0 0 0 0 0 0 0 0 0 0 0 0 0 0 1 1 0 0 0 0 0 0 0 0
