pheno ENSG00000243646 ceu -0.05249352 -0.6565821 -0.4168215 0.0480023 0.5085452 -0.7185691 -3.452393 0.109687 -0.9894819 -0.6867039 -0.8376623 -1.343011 -2.813876 -0.6245011 -0.8614125 -0.5534078 -1.722185 0.271142 0.3411679 -0.2862497 -1.052835 0.0600815 -1.010191 -0.7073499 0.8280382 -0.3555905 -1.52141 0.3279205 -0.938534 0.3234646 -2.409343 -1.486294 -1.210287 -2.596865 -0.307435 -0.1721135 -0.8452357 -2.442519 0.1112252 -0.06973322 -0.5117501 -1.867255 0.5503232 -0.7849283 -1.266323 0.7158144 -2.764187 -0.9700589 -1.285272 -0.7345371 -1.528041 -1.026974 -2.074568 -1.64512 -1.03851 0.3644907 -1.773624 -0.5502321 -0.8992499 -2.852472 -0.5244731 0.6420046 -1.12356 -0.9849056 -0.8055326 -1.085519 -0.2250189 -1.551951 -2.005932 -0.8876082 -2.962554 -1.461793 -1.73695 -0.5953768 -4.146037 -0.6175327 -1.833019 -1.443494
pheno ENSG00000243646 fin -0.3949432 0.5314694 -2.178646 -0.6194226 -1.965101 -0.89699 -1.539059 -1.238919 -0.5068195 -1.886528 -0.7069063 -0.5300373 0.5763673 -1.444156 -1.517765 -1.928214 -1.961308 -1.453801 0.4219761 -0.2966373 -0.119924 0.02189812 -2.202173 -1.304267 0.02514208 -1.114415 -0.3252584 -0.6033643 1.230277 -0.5198405 0.08763134 -1.91858 -2.859055 0.5453402 -0.3734219 -2.853151 -0.1342884 0.518775 -1.012564 -0.360952 -0.8489867 0.2930531 -1.086982 0.5447624 -1.41636 -0.2676278 -1.120195 -1.392666 -0.7037477 0.9762208 -1.789417 1.671813 -0.2540061 -0.4041561 -2.545035 -1.822795 1.229128 -2.341189 -0.8273701 -0.6342309 0.270452 0.006390817 0.5845286 -0.9383121 0.8856584 -0.3852776 -1.340141 -0.4034206 -0.6930241 -0.3943808 -0.1496563 -2.696613 -1.497982 -0.8339195 -2.751526 0.6824976 0.1446583 -0.2423481 1.150115 -0.3877179 0.3907571 -1.577638 -0.04331519 -0.02818647 -1.886836 0.1196649 -1.466706 -0.6738575 -1.29503
pheno ENSG00000243646 gbr -0.2502175 -1.976603 -2.894844 -2.980507 -0.8975711 -2.518299 0.7769824 -1.373882 -0.6417066 -1.732671 0.9047848 -1.456922 -0.1513515 -0.5815333 -1.638655 -1.132598 -1.116311 0.4660663 -2.766576 -0.5179847 -0.01222298 -1.485845 -1.852176 -1.145237 -0.7163137 1.115309 0.925783 -2.247703 0.1383385 -0.09825898 -0.1177397 -0.4109805 -1.742827 -1.169418 0.1323466 0.243378 -1.279987 -2.012191 -0.6563796 -1.338081 -0.1742482 0.1018512 -0.2474882 -2.075815 -0.5816155 -0.4344284 -1.315456 0.3225777 -2.139287 -1.109869 -2.011557 -0.803702 -0.2671701 -0.606064 0.2508911 -1.713926 -2.699843 0.654819 -0.4352858 -2.661228 -1.225032 -1.633463 0.03176399 -0.6369352 -1.65622 0.4365521 -1.496312 0.1276926 0.24216 -0.3483913 0.3146426 -0.7259689 -2.522893 -1.440966 0.7148636 0.3788676 -0.5594277 0.0337036 -0.4906052 -1.189935 -0.1593507 -0.2660917 -1.423978 -0.3174599
pheno ENSG00000243646 tsi -0.4705575 -0.6645661 -1.117636 -1.138142 -2.515446 -2.008785 -0.9174702 -1.123718 -1.647785 -0.749445 -2.648215 -1.679162 -1.884542 -2.986887 0.9766405 -1.5155 0.1166397 -1.077977 -3.387759 -1.317909 -2.761901 -1.516619 -1.799288 -2.050721 -0.9501053 -1.5063 -0.7683618 -1.958238 -3.200701 -0.9216112 -0.9554064 -0.4928401 0.109842 -0.7712791 -0.625167 -2.333162 -2.743473 -2.143413 -1.100187 -0.7381255 -0.8706028 -1.865268 -1.251484 -0.8346968 -2.182221 -0.09386785 -1.512472 -1.676744 -1.522632 -2.290155 -0.9797299 0.01273382 -1.320342 -2.932077 -1.333847 -1.578158 -2.047229 -3.379625 -2.576757 -3.041141 -1.825012 -2.228711 -2.610053 -1.752845 -1.509328 -0.7856546 -2.280776 -1.369042 -1.834322 -1.596619 -2.257132 0.8219668 -0.9389997 -2.163039 -0.1416535 -0.6135261 0.5332339 -3.151132 -3.089255 -2.626311 -2.192622 -0.01378546 -2.419517 -1.713772 -1.321059 -1.176113 -2.083409 -0.6256591 -1.095836 -0.2165605 -1.167648 -0.6544781
pheno ENSG00000243646 yri -0.6021132 -0.5262697 0.02251216 -1.381959 1.558276 -1.607131 0.5492748 0.2155797 -0.2959528 -1.066655 0.813259 -0.4065852 -1.751758 -0.5291348 1.253357 -1.104571 -0.887917 -1.866143 0.1730837 -0.8322525 -1.25171 0.009636309 1.017567 -1.721419 -2.242256 -1.244074 0.8269382 1.172232 0.861241 -0.7368203 -0.4858766 0.5520112 1.163001 2.38418 0.05605397 1.25701 -0.1072925 0.09039937 -0.4759544 -0.03560366 -0.249561 -0.1439663 -0.4143176 0.1605049 -0.5873159 1.054298 -0.01395407 -0.151406 0.3116148 -1.047639 0.7136603 -1.828575 0.5958474 -0.6650112 -1.480656 -0.2832949 0.6141657 0.0378227 -1.163806 0.1759102 0.8204821 0.943601 2.018035 -1.225412 -0.2725315 -0.1325517 -0.5333969 -0.5099676 1.396114 -1.022898 1.21628 -1.076701 0.01393315 -0.3833157 1.246789 0.1345648 -0.7693812
geno chr21.34540576 ceu  0 0 0 1 0 1 0 0 0 0 0 0 0 0 1 0 0 0 0 0 0 0 0 1 0 0 0 0 0 0 0 0 0 0 0 0 0 0 0 0 1 0 0 0 0 0 0 0 0 0 0 0 0 0 0 0 0 0 0 0 0 0 0 0 0 1 0 0 0 0 0 0 0 0 0 0 0 0
geno chr21.34540576 fin  0 0 0 0 0 0 0 0 0 0 0 0 0 0 0 0 0 0 0 0 0 0 0 0 0 0 0 0 0 0 0 0 0 0 0 0 0 0 0 0 0 0 0 0 0 0 0 1 0 0 0 0 0 0 0 0 0 0 0 0 0 0 0 0 0 0 0 0 0 0 0 0 0 0 0 0 0 0 0 1 0 0 0 0 0 0 0 0 0
geno chr21.34540576 gbr  1 0 0 0 0 0 0 0 0 0 0 0 0 0 0 0 0 0 0 0 0 0 0 0 1 0 0 0 0 0 0 0 0 0 0 0 0 0 0 0 0 0 0 0 0 0 0 0 0 0 0 0 0 0 0 0 0 0 0 0 0 0 0 0 0 0 0 0 0 0 1 0 0 0 0 0 0 0 0 0 0 0 0 0
geno chr21.34540576 tsi  0 0 0 0 0 0 0 0 0 0 0 0 0 0 0 0 0 0 0 0 1 0 0 0 0 0 0 0 0 0 0 0 0 0 0 0 1 0 0 0 0 0 0 0 0 0 0 0 0 0 0 0 0 0 0 0 0 0 0 0 0 0 0 0 0 0 1 0 0 0 0 0 0 0 0 1 0 0 0 1 0 0 0 0 0 0 0 0 0 0 0 0
geno chr21.34540576 yri  1 0 0 1 1 0 0 1 0 0 0 0 0 0 0 0 0 0 0 0 0 0 0 0 0 0 0 0 0 0 0 0 1 0 1 0 0 0 0 0 0 0 0 0 0 1 0 0 0 0 0 0 0 1 0 1 0 0 0 0 0 1 0 0 0 0 0 0 0 0 0 1 0 0 0 1 0
geno chr21.34541045 ceu  0 0 0 0 1 0 0 1 1 1 0 1 0 0 1 1 0 1 0 1 0 0 1 0 0 0 0 0 0 1 0 0 1 0 0 0 0 0 0 0 0 0 0 1 1 1 1 0 1 1 0 0 1 1 0 0 0 0 0 0 0 0 0 1 1 0 0 1 0 1 0 0 0 0 0 0 0 0
geno chr21.34541045 fin  1 0 0 0 0 0 0 0 0 0 0 1 0 1 1 1 0 0 0 0 0 0 1 0 0 0 0 0 0 1 0 0 0 0 0 1 0 0 2 0 0 0 1 0 0 0 0 0 0 0 0 0 0 0 0 0 0 0 0 0 0 0 0 0 0 0 0 0 0 0 0 0 1 0 1 1 0 0 0 0 0 0 1 0 0 0 0 0 0
geno chr21.34541045 gbr  0 0 0 0 0 1 0 0 0 0 0 0 0 0 0 0 0 0 0 0 0 0 0 0 0 0 0 0 0 0 0 0 0 1 0 0 0 0 0 0 1 0 0 0 1 0 0 0 1 0 1 0 0 0 0 1 0 0 1 0 0 0 0 0 0 0 1 0 0 0 0 0 0 0 1 0 0 0 0 0 0 0 0 0
geno chr21.34541045 tsi  0 1 1 0 1 0 0 0 1 0 0 1 1 0 0 0 0 1 0 2 0 0 0 0 0 0 0 0 0 1 0 0 0 0 0 0 0 0 0 0 0 0 1 0 0 1 0 0 0 0 0 1 0 0 1 0 2 0 0 0 0 0 1 1 1 1 0 0 0 1 0 0 1 0 0 0 0 0 0 0 0 1 0 0 0 0 1 0 0 0 0 0
geno chr21.34541045 yri  0 2 0 0 0 0 1 1 1 1 0 0 0 1 0 2 1 1 1 1 1 0 1 1 0 0 1 0 0 1 1 1 1 1 1 0 1 1 1 0 0 0 0 2 0 1 1 1 1 0 0 1 0 1 1 0 1 1 1 0 1 1 0 0 0 1 0 0 1 0 0 0 1 1 2 0 1
geno chr21.34541873 ceu  0 0 0 1 0 1 0 0 0 0 0 0 0 0 1 0 0 0 0 0 0 0 0 1 0 0 0 0 0 0 0 0 0 0 0 0 0 0 0 0 1 0 0 0 0 0 0 0 0 0 0 0 0 0 0 0 0 0 0 0 0 0 0 0 0 1 0 0 0 0 0 0 0 0 0 0 0 0
geno chr21.34541873 fin  0 0 0 0 0 0 0 0 0 0 0 0 0 0 0 0 0 0 0 0 0 0 0 0 0 0 0 0 0 0 0 0 0 0 0 0 0 0 0 0 0 0 0 0 0 0 0 1 0 0 0 0 0 0 0 0 0 0 0 0 0 0 0 0 0 0 0 0 0 0 0 0 0 0 0 0 0 0 0 1 0 0 0 0 0 0 0 0 0
geno chr21.34541873 gbr  1 0 0 0 0 0 0 0 0 0 0 0 0 0 0 0 0 0 0 0 0 0 0 0 1 0 0 0 0 0 0 0 0 0 0 0 0 0 0 0 0 0 0 0 0 0 0 0 0 0 0 0 0 0 0 0 0 0 0 0 0 0 0 0 0 0 0 0 0 0 1 0 0 0 0 0 0 0 0 0 0 0 0 0
geno chr21.34541873 tsi  0 0 0 0 0 0 0 0 0 0 0 0 0 0 0 0 0 0 0 0 1 0 0 0 0 0 0 0 0 0 0 0 0 0 0 0 1 0 0 0 0 0 0 0 0 0 0 0 0 0 0 0 0 0 0 0 0 0 0 0 0 0 0 0 0 0 1 0 0 0 0 0 0 0 0 1 0 0 0 1 0 0 0 0 0 0 0 0 0 0 0 0
geno chr21.34541873 yri  0 0 0 1 1 0 0 1 0 0 0 0 0 0 0 0 0 0 0 0 0 0 0 0 0 0 0 0 0 0 0 0 1 0 1 0 0 0 0 0 0 0 0 0 0 0 0 0 0 0 0 0 0 1 0 1 0 0 0 0 0 1 0 0 0 0 0 0 0 0 0 1 0 0 0 1 0
geno chr21.34542150 ceu  0 1 1 0 1 0 0 0 0 1 0 0 0 1 0 0 0 1 0 0 0 0 0 0 0 0 0 0 0 0 0 0 0 0 2 1 0 1 1 0 0 1 0 0 0 0 1 1 1 1 1 1 0 1 0 0 0 1 1 0 1 0 0 0 0 1 0 0 2 0 0 1 1 1 1 0 0 0
geno chr21.34542150 fin  0 0 0 0 0 1 1 1 0 0 1 1 0 1 0 1 0 0 0 0 1 1 0 0 0 2 1 0 0 0 0 1 0 0 0 0 1 0 0 0 0 0 0 0 1 2 0 0 0 1 0 0 0 1 0 0 0 0 0 0 0 0 1 0 0 0 0 1 0 0 0 0 0 1 0 0 0 0 0 1 0 0 0 0 0 1 1 0 0
geno chr21.34542150 gbr  1 0 0 1 0 1 0 0 2 1 0 0 0 1 0 0 0 2 0 0 1 0 1 1 0 0 1 1 0 0 0 1 0 0 1 0 0 1 0 0 0 0 1 2 0 0 1 1 0 0 0 1 0 1 1 1 2 0 0 0 0 1 1 1 0 1 0 1 1 0 0 1 0 0 0 1 1 0 0 1 0 0 0 0
geno chr21.34542150 tsi  0 0 0 1 0 0 1 0 0 0 0 0 1 1 1 1 1 1 0 0 0 1 0 0 1 0 0 0 1 1 0 1 1 1 0 0 0 1 0 1 0 0 0 0 1 0 0 0 0 0 1 0 0 0 0 0 0 0 1 1 0 0 0 1 0 0 1 1 0 0 1 0 0 1 0 0 0 2 1 1 0 0 0 0 1 0 0 0 0 1 0 1
geno chr21.34542150 yri  1 0 1 1 0 1 0 0 0 0 0 1 0 0 1 0 0 0 0 0 0 0 1 1 0 1 0 0 1 0 1 0 0 0 0 1 0 0 1 1 1 1 0 0 0 0 1 0 0 1 1 1 1 0 1 1 0 0 0 1 0 0 0 0 2 1 1 1 0 1 2 1 1 1 0 0 1
geno chr21.34542356 ceu  1 0 0 0 0 0 1 0 0 0 1 0 1 0 0 1 1 0 0 0 0 0 1 0 1 0 0 0 0 0 0 0 1 0 0 0 0 1 0 0 0 0 0 0 0 0 0 0 0 0 0 1 0 0 0 1 2 0 0 1 0 0 0 0 0 0 1 0 0 0 0 1 0 0 1 0 1 1
geno chr21.34542356 fin  1 1 0 1 0 0 0 0 0 1 0 0 0 0 0 0 0 0 1 1 0 1 0 2 2 0 0 1 0 1 1 1 0 0 1 1 0 0 0 0 2 1 1 0 0 0 1 0 1 1 1 0 1 1 1 0 0 1 0 0 1 0 0 0 0 1 0 0 2 0 2 0 0 1 0 1 1 1 1 0 2 0 1 0 1 0 0 0 1
geno chr21.34542356 gbr  0 0 0 1 0 0 0 0 0 0 1 1 0 0 2 2 1 0 1 0 0 0 1 0 0 0 0 0 1 0 1 1 1 0 1 0 2 1 2 0 0 2 0 0 0 0 0 0 0 0 0 0 0 0 1 0 0 0 0 1 1 0 0 0 0 0 0 0 0 0 1 0 2 0 0 0 0 1 2 0 1 1 1 0
geno chr21.34542356 tsi  0 0 0 0 1 0 0 2 1 0 1 0 0 0 1 0 0 0 0 0 1 1 0 0 1 0 0 1 1 0 0 1 1 0 1 0 0 0 2 0 1 1 1 0 0 0 0 1 0 0 1 2 1 0 0 0 0 1 1 0 0 1 0 0 0 0 0 0 1 0 0 0 1 1 0 0 1 0 1 0 0 0 2 1 0 0 0 1 1 0 1 1
geno chr21.34542356 yri  0 0 0 0 0 0 0 0 0 0 1 0 1 0 0 0 0 0 0 0 0 0 0 0 0 0 1 0 0 0 0 0 0 0 0 0 0 0 0 1 0 1 1 1 2 0 0 0 1 0 0 0 0 0 0 0 0 0 0 0 1 0 0 0 0 0 0 1 0 0 0 0 0 0 0 0 0
geno chr21.34542641 ceu  0 0 0 1 0 1 0 0 0 0 0 0 0 0 1 0 0 0 0 0 0 0 0 1 0 0 0 0 0 0 0 0 0 0 0 0 0 0 0 0 1 0 0 0 0 0 0 0 0 0 0 0 0 0 0 0 0 0 0 0 0 0 0 0 0 1 0 0 0 0 0 0 0 0 0 0 0 0
geno chr21.34542641 fin  0 0 0 0 0 0 0 0 0 0 0 0 0 0 0 0 0 0 0 0 0 0 0 0 0 0 0 0 0 0 0 0 0 0 0 0 0 0 0 0 0 0 0 0 0 0 0 1 0 0 0 0 0 0 0 0 0 0 0 0 0 0 0 0 0 0 0 0 0 0 0 0 0 0 0 0 0 0 0 1 0 0 0 0 0 0 0 0 0
geno chr21.34542641 gbr  1 0 0 0 0 0 0 0 0 0 0 0 0 0 0 0 0 0 0 0 0 0 0 0 1 0 0 0 0 0 0 0 0 0 0 0 0 0 0 0 0 0 0 0 0 0 0 0 0 0 0 0 0 0 0 0 0 0 0 0 0 0 0 0 0 0 0 0 0 0 1 0 0 0 0 0 0 0 0 0 0 0 0 0
geno chr21.34542641 tsi  0 0 0 0 0 0 0 0 0 0 0 0 0 0 0 0 0 0 0 0 1 0 0 0 0 0 0 0 0 0 0 0 0 0 0 0 1 0 0 0 0 0 0 0 0 0 0 0 0 0 0 0 0 0 0 0 0 0 0 0 0 0 0 0 0 0 1 0 0 0 0 0 0 0 0 1 0 0 0 1 0 0 0 0 0 1 0 0 0 0 0 0
geno chr21.34542641 yri  0 0 0 1 1 0 0 0 0 0 0 0 0 0 0 0 1 0 0 0 0 0 0 0 0 0 0 0 1 0 0 1 1 0 1 0 0 0 0 0 0 0 1 0 0 0 0 0 0 0 1 0 0 1 0 1 1 0 0 0 0 0 0 0 0 0 0 0 0 1 0 0 0 0 0 1 0
geno chr21.34542787 ceu  0 1 1 1 1 1 0 0 0 1 0 0 0 1 1 0 0 1 0 0 0 0 0 1 0 0 0 0 0 0 0 0 0 0 2 1 0 1 1 0 1 1 0 0 0 0 1 1 1 1 1 1 0 1 0 0 0 1 1 0 0 0 0 0 0 2 0 0 2 0 0 1 1 1 0 0 0 0
geno chr21.34542787 fin  0 0 0 0 1 1 1 1 0 0 1 1 0 1 0 1 0 0 0 0 1 1 0 0 0 2 1 0 0 0 0 1 0 0 0 0 1 0 0 0 0 0 0 0 1 2 0 1 0 1 0 0 0 1 0 0 0 0 0 0 0 0 1 0 0 0 0 1 0 0 0 0 0 1 0 0 0 0 0 2 0 0 0 0 0 0 1 0 0
geno chr21.34542787 gbr  2 0 0 1 0 1 0 0 2 1 0 0 0 1 0 0 0 2 0 0 1 0 1 1 1 0 1 1 0 0 0 1 0 0 1 0 0 1 0 0 0 0 1 2 0 0 1 1 0 0 0 1 0 1 1 1 2 0 0 0 0 1 1 1 0 1 0 1 1 0 1 1 0 0 0 1 1 0 0 1 0 0 0 0
geno chr21.34542787 tsi  0 0 0 1 0 0 1 0 0 0 0 0 1 1 1 1 1 1 0 0 1 1 0 0 1 0 0 0 1 1 0 1 1 1 0 0 1 1 0 1 0 0 0 0 1 0 0 0 0 0 1 0 0 0 0 0 0 0 1 1 0 0 0 1 0 0 2 1 0 0 1 0 0 1 0 1 0 2 1 2 0 0 0 0 0 0 0 0 0 1 0 1
geno chr21.34542787 yri  1 0 1 2 1 1 0 1 0 0 1 0 0 0 1 0 0 0 0 0 0 0 1 1 0 1 0 0 0 0 1 0 1 0 1 1 0 0 0 0 1 0 0 0 1 1 1 0 1 1 1 1 1 1 1 2 1 0 0 1 0 1 0 0 2 0 1 1 0 1 2 2 1 1 0 0 1
geno chr21.34543657 ceu  1 0 1 0 2 1 1 1 1 2 0 1 0 1 1 1 0 2 0 1 1 0 1 2 0 0 1 2 1 1 0 0 1 1 0 1 1 0 1 0 0 1 0 1 1 0 1 0 2 1 0 0 1 1 2 0 0 1 0 0 0 0 0 1 1 1 0 1 1 2 1 0 1 0 0 1 0 1
geno chr21.34543657 fin  1 0 0 0 1 1 0 0 1 0 1 2 1 1 1 2 0 0 0 1 1 1 2 0 0 2 1 0 0 1 0 1 0 0 0 1 1 0 2 1 0 0 1 1 0 0 0 1 1 0 0 1 0 1 0 1 0 0 1 0 0 1 1 0 0 0 1 2 0 0 0 0 1 0 1 1 0 0 0 0 0 0 1 1 0 1 1 0 0
geno chr21.34543657 gbr  0 1 0 1 0 2 0 1 2 0 0 1 0 1 0 0 0 0 1 0 0 0 0 1 0 0 1 1 0 1 0 1 1 1 1 0 0 1 0 1 1 0 1 1 1 1 1 1 1 0 0 0 0 2 1 1 2 2 2 1 0 1 2 0 2 1 2 1 1 0 0 0 0 1 2 1 0 0 1 2 0 0 0 0
geno chr21.34543657 tsi  1 1 2 1 1 0 0 0 1 1 0 1 1 1 0 1 0 2 1 2 0 1 1 1 1 2 1 0 0 1 0 1 1 2 1 0 0 1 0 0 0 1 1 1 0 2 1 0 1 1 1 0 0 1 1 0 2 0 1 1 0 0 1 2 1 1 0 0 0 1 2 1 0 1 0 1 0 1 0 0 0 0 0 1 0 2 0 0 0 1 0 1
geno chr21.34543657 yri  2 2 1 2 1 2 1 2 1 1 1 2 0 1 1 2 2 1 1 1 1 1 1 0 1 1 0 0 1 1 1 2 1 0 0 2 2 1 0 0 1 0 1 1 1 2 1 1 2 2 1 2 2 1 2 1 0 2 1 1 1 1 0 0 2 1 0 1 1 2 2 2 1 1 2 0 2
geno chr21.34543689 ceu  1 1 1 1 0 0 1 0 0 0 1 0 0 0 0 0 1 0 0 0 0 0 0 0 0 0 0 0 0 0 1 0 0 0 0 0 0 1 0 0 0 0 0 0 0 0 0 0 0 0 0 0 0 0 0 0 1 0 1 1 0 0 0 1 0 1 0 0 0 0 0 1 1 1 0 0 0 0
geno chr21.34543689 fin  1 1 1 0 0 0 0 0 0 1 0 0 0 1 0 0 0 0 0 0 0 1 0 2 1 0 0 1 0 1 1 1 0 0 0 1 0 0 0 0 0 1 0 0 0 0 1 1 0 1 0 0 0 0 0 0 0 1 0 0 0 0 0 0 0 1 0 0 1 0 1 0 0 0 1 0 1 1 0 1 1 0 1 0 1 0 0 0 0
geno chr21.34543689 gbr  2 0 1 1 0 0 0 0 0 1 0 0 1 1 1 2 1 1 0 0 0 0 0 0 1 0 0 0 1 0 0 1 0 0 0 0 0 0 1 0 0 1 0 0 0 0 1 0 0 1 0 0 1 0 0 0 0 0 0 1 1 0 0 0 0 0 0 0 0 0 2 0 0 0 0 0 0 0 1 0 0 0 0 0
geno chr21.34543689 tsi  0 0 0 0 1 0 0 2 0 0 1 0 0 0 1 0 0 0 0 0 1 0 0 0 0 0 0 1 0 0 0 1 0 0 1 0 1 0 1 0 1 0 1 0 0 0 0 1 0 0 1 1 1 0 0 0 0 1 1 0 0 0 0 0 0 0 1 0 1 0 0 0 0 1 0 1 0 0 1 0 1 0 2 0 0 0 0 0 1 0 1 1
geno chr21.34543689 yri  1 0 0 0 0 0 0 0 0 0 0 0 0 0 0 0 0 0 0 0 0 0 0 0 0 0 0 0 0 0 0 0 0 0 1 0 0 0 0 0 0 0 0 0 0 0 0 0 0 0 0 0 0 1 1 0 0 0 0 0 0 0 0 0 1 0 0 0 0 0 0 0 0 0 0 0 1
geno chr21.34543845 ceu  0 0 0 0 1 0 0 0 1 1 0 1 0 0 1 1 0 0 0 1 0 0 1 1 0 0 0 0 0 1 0 0 1 0 0 0 0 0 0 0 0 0 0 1 1 1 0 0 0 1 0 0 1 1 0 0 0 0 0 0 0 0 0 1 0 0 0 0 0 0 0 0 0 0 0 0 0 0
geno chr21.34543845 fin  0 0 0 0 0 0 0 0 0 0 0 1 0 0 1 0 0 0 0 0 0 0 0 0 0 0 0 0 0 1 0 0 0 0 0 1 0 0 2 0 0 0 0 0 0 0 0 0 0 0 0 0 0 0 0 0 0 0 0 0 0 0 0 0 0 0 0 0 0 0 0 0 1 0 1 0 0 0 0 0 0 0 1 0 0 1 0 0 0
geno chr21.34543845 gbr  0 0 0 0 0 1 0 0 1 0 0 0 0 0 0 0 0 0 0 0 0 0 0 0 0 0 0 0 0 0 0 0 0 1 0 0 0 0 0 0 1 0 0 0 0 0 0 0 1 0 0 0 0 0 0 0 0 0 0 0 0 0 0 0 0 0 1 0 0 0 0 0 0 0 1 0 0 0 0 0 0 0 0 0
geno chr21.34543845 tsi  0 1 1 0 1 0 0 0 1 0 0 1 1 0 0 0 0 1 0 2 0 0 1 0 0 0 0 0 1 0 0 0 0 0 0 0 0 0 0 0 0 0 1 0 0 2 0 0 0 0 0 1 0 0 0 0 2 0 0 0 0 0 0 0 1 1 0 0 0 1 0 0 1 0 0 0 0 0 0 0 0 1 0 0 0 0 1 0 0 0 0 0
geno chr21.34543845 yri  0 1 0 0 0 1 0 0 0 0 0 0 0 1 0 0 0 1 0 0 0 0 1 0 0 0 0 1 0 0 0 1 0 0 0 0 1 1 0 0 0 0 0 0 0 0 0 0 0 0 0 2 0 0 1 0 0 0 1 0 0 0 0 0 1 0 0 0 1 0 0 0 1 0 1 0 1
geno chr21.34544020 ceu  0 1 0 1 2 0 0 0 1 2 0 1 0 1 2 1 0 1 0 1 0 0 1 2 0 0 0 0 1 1 0 0 1 0 0 0 0 0 1 0 1 1 0 1 1 1 1 0 1 1 2 1 1 1 0 0 0 1 0 0 0 0 1 1 0 1 0 0 2 0 0 1 1 2 0 0 0 0
geno chr21.34544020 fin  0 0 0 0 1 1 0 1 0 0 1 2 0 0 1 1 0 0 0 0 0 0 0 0 0 1 0 0 0 1 0 1 0 0 0 1 1 0 2 0 0 0 0 0 0 0 0 1 0 0 0 0 0 0 0 0 0 0 0 0 0 1 1 0 0 0 0 0 0 0 0 0 1 1 1 0 0 0 0 2 0 0 1 0 0 1 0 0 0
geno chr21.34544020 gbr  0 0 0 1 0 2 0 0 2 0 0 0 1 1 0 0 0 0 0 0 0 1 0 1 1 0 0 1 0 1 0 1 0 1 0 0 0 0 0 0 1 0 0 1 1 0 1 2 1 1 0 1 0 1 0 1 2 1 0 0 0 1 1 0 0 1 2 1 1 0 0 1 0 0 2 1 0 0 1 0 0 0 0 0
geno chr21.34544020 tsi  0 1 1 1 1 1 0 0 1 1 0 1 1 0 0 1 0 2 1 2 0 1 1 0 1 0 0 0 1 0 0 1 1 1 1 0 1 0 0 1 0 1 1 0 0 2 0 0 0 1 1 1 0 0 0 0 2 0 1 0 0 0 0 1 1 1 0 2 0 1 1 0 1 1 0 1 0 1 0 2 0 1 0 0 1 0 1 1 0 0 0 1
geno chr21.34544020 yri  2 1 0 0 0 0 0 0 0 0 0 0 0 1 0 2 0 2 1 0 0 0 1 0 0 0 0 0 0 0 1 1 0 0 0 0 1 1 0 0 0 0 0 1 0 1 1 0 1 0 0 2 0 1 2 0 0 0 1 0 0 1 0 0 2 0 0 0 1 0 0 0 1 0 1 0 2
geno chr21.34544177 ceu  0 1 0 0 1 0 0 0 1 2 0 1 0 0 2 1 0 1 0 1 0 0 1 1 0 0 0 0 1 1 0 0 1 0 0 0 0 0 1 0 1 1 0 1 1 1 1 0 1 1 1 1 1 1 0 0 0 1 0 0 0 0 0 1 0 1 0 0 2 0 0 1 1 2 0 0 0 0
geno chr21.34544177 fin  0 0 0 0 1 1 0 1 0 0 1 2 0 0 1 1 0 0 0 0 0 0 0 0 0 1 0 0 0 1 0 1 0 0 0 1 1 0 2 0 0 0 0 0 0 0 0 1 0 0 0 0 0 0 0 0 0 0 0 0 0 1 1 0 0 0 0 0 0 0 0 0 1 1 1 0 0 0 0 2 0 0 1 0 0 1 0 0 0
geno chr21.34544177 gbr  0 0 1 1 0 2 0 0 2 0 0 0 1 0 0 0 0 0 0 0 1 0 0 1 1 0 0 0 0 0 0 1 0 1 0 0 0 0 0 0 1 0 0 0 0 0 1 1 1 1 0 1 0 1 0 1 2 1 0 0 0 1 1 0 0 1 1 1 1 0 0 1 0 0 1 1 0 0 1 0 0 0 0 0
geno chr21.34544177 tsi  0 1 1 1 1 0 0 0 1 0 0 1 1 0 0 1 0 1 0 2 0 1 1 0 1 0 0 0 1 0 0 1 1 1 0 0 1 0 0 0 0 0 1 0 0 2 0 0 0 1 0 1 0 0 0 0 2 0 1 0 0 0 0 0 1 1 0 1 0 1 1 0 1 1 0 1 0 1 0 2 0 1 0 0 0 0 1 0 0 0 0 0
geno chr21.34544177 yri  0 1 0 0 0 0 0 0 0 0 0 0 0 1 0 0 0 1 0 0 0 0 1 0 0 0 0 0 0 0 0 1 0 0 0 0 1 1 0 0 0 0 0 0 0 0 0 0 0 0 0 2 0 0 1 0 0 0 0 0 0 0 0 0 1 0 0 0 0 0 0 0 1 0 1 0 1
geno chr21.34544269 ceu  0 0 1 0 0 0 0 0 0 0 0 0 0 0 0 0 0 0 0 0 0 0 0 0 0 0 0 0 0 0 0 0 0 0 0 0 0 0 0 0 0 0 0 0 0 0 0 0 0 0 0 0 0 0 0 0 0 0 0 0 0 0 1 0 0 0 0 0 0 0 0 0 0 0 0 0 0 0
geno chr21.34544269 fin  0 0 0 0 0 0 0 1 0 0 0 0 0 0 0 0 0 0 0 0 0 1 0 0 0 0 1 0 0 0 1 0 0 0 0 0 0 0 0 0 0 0 0 0 0 0 0 0 0 0 0 0 0 1 0 0 0 0 1 0 0 0 0 0 0 0 0 0 0 0 0 0 0 0 0 0 0 0 0 0 0 0 0 0 0 0 1 0 0
geno chr21.34544269 gbr  0 0 0 0 0 0 0 0 0 0 0 0 0 0 0 0 0 0 0 0 0 0 0 0 0 0 1 0 0 0 0 0 0 0 1 0 0 1 0 0 0 0 0 0 0 0 0 0 0 0 0 0 0 0 0 0 0 0 0 0 0 0 0 0 0 0 0 0 0 0 0 0 0 0 0 0 0 0 0 1 0 0 0 0
geno chr21.34544269 tsi  0 0 0 0 0 0 0 0 0 0 0 0 0 0 0 0 0 0 0 0 1 0 0 0 0 0 0 0 0 0 0 0 0 0 0 0 0 0 0 0 0 0 0 0 0 0 0 0 0 0 0 0 0 0 0 0 0 0 0 0 0 0 0 0 0 0 0 0 0 0 0 0 0 0 0 0 0 0 0 0 0 0 0 0 0 1 0 0 0 0 0 0
geno chr21.34544269 yri  0 0 1 1 0 1 0 2 2 0 1 1 0 0 0 0 1 0 1 1 0 0 0 1 0 0 0 0 0 0 0 1 0 0 0 2 0 0 0 0 1 0 0 0 1 1 0 0 1 1 0 0 2 0 0 0 0 2 0 1 1 0 0 0 0 0 0 1 0 1 1 2 0 0 1 0 0
geno chr21.34544274 ceu  1 2 2 2 2 1 2 0 1 2 0 1 1 1 2 2 1 1 0 1 1 2 2 2 1 0 1 2 1 1 2 0 2 1 0 0 0 1 1 0 1 2 0 1 1 1 1 1 1 1 2 1 1 1 1 1 1 1 1 0 0 0 2 2 0 1 1 0 2 1 1 2 2 2 1 1 0 2
geno chr21.34544274 fin  0 0 1 0 1 1 0 2 1 2 1 2 1 1 1 1 0 0 1 2 0 1 1 1 1 1 1 0 1 1 1 1 1 0 1 1 1 0 2 1 1 0 1 1 0 0 1 2 1 1 1 1 0 2 1 1 0 0 2 0 1 1 1 0 0 1 1 1 2 0 1 0 1 2 2 1 0 0 0 2 1 0 1 1 1 1 1 0 0
geno chr21.34544274 gbr  2 1 1 2 0 2 0 2 2 1 0 1 1 2 2 2 1 1 1 0 1 1 0 1 1 0 1 1 1 2 0 1 1 2 1 0 1 1 2 2 1 2 2 2 1 1 2 2 1 1 1 1 1 2 1 1 2 2 1 1 0 1 2 0 2 1 2 1 1 0 1 1 1 1 2 2 0 1 2 2 1 1 1 0
geno chr21.34544274 tsi  1 1 2 1 2 1 0 2 2 2 1 1 1 0 1 1 1 2 1 2 1 2 2 1 2 2 1 1 1 0 0 2 2 2 2 0 1 1 2 1 0 2 2 1 0 2 1 1 1 1 2 2 1 1 1 0 2 1 2 1 1 0 0 1 1 1 2 2 1 1 2 1 2 2 0 2 1 1 0 2 1 1 1 2 1 2 1 2 1 1 0 1
geno chr21.34544274 yri  2 1 1 2 1 1 1 2 2 1 1 2 0 1 1 2 2 2 2 1 1 1 1 1 0 1 0 0 1 1 1 2 1 0 1 2 2 1 0 0 1 0 1 1 1 2 2 1 2 2 1 2 2 2 2 1 1 2 1 2 1 2 0 1 2 1 1 1 1 2 2 2 1 1 2 0 2
geno chr21.34544635 ceu  0 2 1 2 2 0 1 0 1 2 0 1 1 1 2 2 1 1 0 1 0 0 2 2 1 0 0 0 1 1 1 0 2 0 0 0 0 1 1 0 1 1 0 1 1 1 1 0 1 1 2 1 1 1 0 1 1 1 1 0 0 0 1 2 0 1 1 0 2 0 0 2 2 2 1 0 0 1
geno chr21.34544635 fin  0 0 1 0 1 1 0 1 0 2 1 2 0 1 1 1 0 0 1 1 0 0 0 1 1 1 0 0 0 1 0 1 0 0 1 1 1 0 2 0 1 0 1 0 0 0 1 1 0 1 1 0 0 1 1 0 0 0 0 0 1 1 1 0 0 1 0 0 2 0 1 0 1 2 2 1 0 0 0 2 1 0 1 0 1 1 0 0 0
geno chr21.34544635 gbr  2 0 1 2 0 2 0 0 2 1 0 0 1 2 2 2 0 1 0 0 1 1 0 1 1 0 0 1 1 1 0 1 0 1 0 0 1 0 2 0 1 2 1 2 1 0 2 2 1 1 1 1 1 1 0 1 2 1 0 0 0 1 1 0 0 1 2 1 1 0 1 1 1 0 2 1 0 1 2 0 1 1 1 0
geno chr21.34544635 tsi  0 1 1 1 2 1 0 2 2 1 1 1 1 0 1 1 1 2 1 2 0 2 1 0 2 0 0 1 1 0 0 2 2 1 2 0 1 0 2 1 0 1 2 0 0 2 0 1 0 1 2 2 1 0 0 0 2 1 2 0 1 0 0 1 1 1 2 2 1 1 1 0 2 2 0 1 1 1 0 2 1 1 1 1 1 0 1 2 1 0 0 1
geno chr21.34544635 yri  2 1 0 0 0 0 0 0 0 1 0 0 0 1 0 2 0 2 1 0 0 0 1 0 0 0 0 0 1 0 1 1 0 0 1 0 1 1 0 0 0 0 1 1 0 1 2 0 1 0 1 2 0 2 2 0 1 0 1 0 0 1 0 0 2 0 1 0 1 1 0 0 1 0 1 0 2
geno chr21.34544909 ceu  0 1 0 1 2 0 0 0 1 2 0 1 0 1 2 1 0 1 0 1 0 0 1 2 0 0 0 0 1 1 0 0 1 0 0 0 0 0 1 0 1 1 0 1 1 1 1 0 1 1 2 1 1 1 0 0 0 1 0 0 0 0 1 1 0 1 0 0 2 0 0 1 1 2 0 0 0 0
geno chr21.34544909 fin  0 0 0 0 1 1 0 1 0 0 1 2 0 0 1 1 0 0 0 0 0 0 0 0 0 1 0 0 0 1 0 1 0 0 0 1 1 0 2 0 0 0 0 0 0 0 0 1 0 0 0 0 0 0 0 0 0 0 0 0 0 1 1 0 0 0 0 0 0 0 0 0 1 1 1 0 0 0 0 2 0 0 1 0 0 1 0 0 0
geno chr21.34544909 gbr  0 0 1 1 0 2 0 0 2 0 0 0 1 1 0 0 0 0 0 0 1 1 0 1 1 0 0 1 0 1 0 1 0 1 0 0 0 0 0 0 1 0 0 1 1 0 1 2 1 1 0 1 0 1 0 1 2 1 0 0 0 1 1 0 0 1 2 1 1 0 0 1 0 0 2 1 0 0 1 0 0 0 0 0
geno chr21.34544909 tsi  0 1 1 1 1 1 0 0 1 1 0 1 1 0 0 1 0 2 1 2 0 1 1 0 1 0 0 0 1 0 0 1 1 1 1 0 1 0 0 1 0 1 1 0 0 2 0 0 0 1 1 1 0 0 0 0 2 0 1 0 0 0 0 1 1 1 0 2 0 1 1 0 1 1 0 1 0 1 0 2 0 1 0 0 1 0 1 1 0 0 0 1
geno chr21.34544909 yri  2 1 0 0 0 0 0 0 0 0 0 0 0 1 0 2 0 2 1 0 0 0 1 0 0 1 0 0 1 0 1 1 0 0 0 0 1 1 0 0 0 0 1 1 0 1 2 0 1 0 1 2 0 1 2 0 0 0 1 0 0 1 0 0 2 0 0 0 1 1 0 0 1 0 1 0 2
geno chr21.34545377 ceu  0 1 1 1 0 0 1 0 0 0 0 0 1 0 0 1 1 0 0 0 0 0 1 0 1 0 0 0 0 0 1 0 1 0 0 0 0 1 0 0 0 0 0 0 0 0 0 0 0 0 0 0 0 0 0 1 1 0 1 0 0 0 0 1 0 0 1 0 0 0 0 1 1 0 1 0 0 1
geno chr21.34545377 fin  0 0 1 0 0 0 0 0 0 2 0 0 0 1 0 0 0 0 1 1 0 0 0 1 1 0 0 0 0 0 0 0 0 0 1 0 0 0 0 0 1 0 1 0 0 0 1 0 0 1 1 0 0 1 1 0 0 0 0 0 1 0 0 0 0 1 0 0 2 0 1 0 0 1 1 1 0 0 0 0 1 0 0 0 1 0 0 0 0
geno chr21.34545377 gbr  2 0 0 1 0 0 0 0 0 1 0 0 0 1 2 2 0 1 0 0 0 0 0 0 0 0 0 0 1 0 0 0 0 0 0 0 1 0 2 0 0 2 1 1 0 0 1 0 0 0 1 0 1 0 0 0 0 0 0 0 0 0 0 0 0 0 0 0 0 0 1 0 1 0 0 0 0 1 1 0 1 1 1 0
geno chr21.34545377 tsi  0 0 0 0 1 0 0 2 1 0 1 0 0 0 1 0 1 0 0 0 0 1 0 0 1 0 0 1 0 0 0 1 1 0 1 0 0 0 2 0 0 0 1 0 0 0 0 1 0 0 1 1 1 0 0 0 0 1 1 0 1 0 0 0 0 0 2 0 1 0 0 0 1 1 0 0 1 0 0 0 1 0 1 1 0 0 0 1 1 0 0 0
geno chr21.34545377 yri  0 0 0 0 0 0 0 0 0 1 0 0 0 0 0 0 0 0 0 0 0 0 0 0 0 0 0 0 0 0 0 0 0 0 1 0 0 0 0 0 0 0 0 0 0 0 0 0 0 0 0 0 0 1 0 0 1 0 0 0 0 0 0 0 0 0 1 0 0 0 0 0 0 0 0 0 0
geno chr21.34545436 ceu  1 0 0 0 0 1 1 0 0 0 0 0 0 0 0 0 0 0 0 0 1 2 0 0 0 0 1 2 0 0 1 0 0 1 0 0 0 0 0 0 0 1 0 0 0 0 0 1 0 0 0 0 0 0 1 0 0 0 0 0 0 0 0 0 0 0 0 0 0 1 1 0 0 0 0 1 0 1
geno chr21.34545436 fin  0 0 0 0 0 0 0 0 1 0 0 0 1 0 0 0 0 0 0 1 0 0 1 0 0 0 0 0 1 0 0 0 1 0 0 0 0 0 0 1 0 0 0 1 0 0 0 1 1 0 0 1 0 0 0 1 0 0 1 0 0 0 0 0 0 0 1 1 0 0 0 0 0 0 0 0 0 0 0 0 0 0 0 1 0 0 0 0 0
geno chr21.34545436 gbr  0 1 0 0 0 0 0 2 0 0 0 1 0 0 0 0 1 0 1 0 0 0 0 0 0 0 0 0 0 1 0 0 1 1 0 0 0 0 0 2 0 0 1 0 0 1 0 0 0 0 0 0 0 1 1 0 0 1 1 1 0 0 1 0 2 0 0 0 0 0 0 0 0 1 0 1 0 0 0 1 0 0 0 0
geno chr21.34545436 tsi  1 0 1 0 0 0 0 0 0 1 0 0 0 0 0 0 0 0 0 0 0 0 1 1 0 2 1 0 0 0 0 0 0 1 0 0 0 1 0 0 0 1 0 1 0 0 1 0 1 0 0 0 0 1 1 0 0 0 0 1 0 0 0 0 0 0 0 0 0 0 1 1 0 0 0 1 0 0 0 0 0 0 0 1 0 1 0 0 0 1 0 0
geno chr21.34545436 yri  0 0 0 0 0 0 1 0 0 0 0 1 0 0 0 0 1 0 0 0 1 0 0 0 0 0 0 0 0 0 0 0 0 0 0 0 0 0 0 0 0 0 0 0 0 0 0 1 0 0 0 0 0 0 0 0 0 0 0 1 0 0 0 1 0 1 0 0 0 0 0 0 0 0 0 0 0
geno chr21.34545442 ceu  0 0 0 1 1 0 0 0 0 0 0 0 0 1 0 0 0 0 0 0 0 0 0 1 0 0 0 0 0 0 0 0 0 0 0 0 0 0 0 0 0 0 0 0 0 0 0 0 0 0 1 0 0 0 0 0 0 0 0 0 0 0 1 0 0 0 0 0 0 0 0 0 0 0 0 0 0 0
geno chr21.34545442 fin  0 0 0 0 0 0 0 0 0 0 0 0 0 0 0 0 0 0 0 0 0 0 0 0 0 0 0 0 0 0 0 0 0 0 0 0 0 0 0 0 0 0 0 0 0 0 0 0 0 0 0 0 0 0 0 0 0 0 0 0 0 0 0 0 0 0 0 0 0 0 0 0 0 0 0 0 0 0 0 0 0 0 0 0 0 0 0 0 0
geno chr21.34545442 gbr  0 0 0 0 0 0 0 0 0 0 0 0 0 1 0 0 0 0 0 0 0 1 0 0 0 0 0 1 0 1 0 0 0 0 0 0 0 0 0 0 0 0 0 1 1 0 0 1 0 0 0 0 0 0 0 0 0 0 0 0 0 0 0 0 0 0 1 0 0 0 0 0 0 0 1 0 0 0 0 0 0 0 0 0
geno chr21.34545442 tsi  0 0 0 0 0 1 0 0 0 1 0 0 0 0 0 0 0 1 1 0 0 0 0 0 0 0 0 0 0 0 0 0 0 0 1 0 0 0 0 1 0 1 0 0 0 0 0 0 0 0 1 0 0 0 0 0 0 0 0 0 0 0 0 1 0 0 0 1 0 0 0 0 0 0 0 0 0 0 0 0 0 0 0 0 1 0 0 1 0 0 0 1
geno chr21.34545442 yri  0 0 0 0 0 0 0 0 0 0 0 0 0 0 0 0 0 0 0 0 0 0 0 0 0 0 0 0 0 0 0 0 0 0 0 0 0 0 0 0 0 0 0 0 0 0 0 0 0 0 0 0 0 0 0 0 0 0 0 0 0 0 0 0 0 0 0 0 0 0 0 0 0 0 0 0 0
geno chr21.34545715 ceu  1 0 0 0 0 1 1 0 0 0 0 0 0 0 0 0 0 0 0 0 1 2 0 0 0 0 1 2 0 0 1 0 0 1 0 0 0 0 0 0 0 1 0 0 0 0 0 1 0 0 0 0 0 0 1 0 0 0 0 0 0 0 0 0 0 0 0 0 0 1 1 0 0 0 0 1 0 1
geno chr21.34545715 fin  0 0 0 0 0 0 0 0 1 0 0 0 1 0 0 0 0 0 0 1 0 0 1 0 0 0 0 0 1 0 0 0 1 0 0 0 0 0 0 1 0 0 0 1 0 0 0 1 1 0 0 1 0 0 0 1 0 0 1 0 0 0 0 0 0 0 1 1 0 0 0 0 0 0 0 0 0 0 0 0 0 0 0 1 0 0 0 0 0
geno chr21.34545715 gbr  0 1 0 0 0 0 0 2 0 0 0 1 0 0 0 0 1 0 1 0 0 0 0 0 0 0 0 0 0 1 0 0 1 1 0 0 0 0 0 2 0 0 1 0 0 1 0 0 0 0 0 0 0 1 1 0 0 1 1 1 0 0 1 0 2 0 0 0 0 0 0 0 0 1 0 1 0 0 0 1 0 0 0 0
geno chr21.34545715 tsi  1 0 1 0 0 0 0 0 0 1 0 0 0 0 0 0 0 0 0 0 0 0 1 1 0 2 1 0 0 0 0 0 0 1 0 0 0 1 0 0 0 1 0 1 0 0 1 0 1 0 0 0 0 1 1 0 0 0 0 1 0 0 0 0 0 0 0 0 0 0 1 1 0 0 0 1 0 0 0 0 0 0 0 1 0 1 0 0 0 1 0 0
geno chr21.34545715 yri  0 0 0 0 0 0 1 0 0 0 0 1 0 0 0 0 1 0 0 0 1 0 0 0 0 0 0 0 0 0 0 0 1 0 0 0 0 0 0 0 0 0 0 0 0 0 0 1 0 0 0 0 0 0 0 1 0 0 0 1 0 1 0 1 0 1 0 0 0 0 1 0 0 1 0 0 0
geno chr21.34545826 ceu  0 1 1 1 2 0 0 0 1 2 0 1 0 1 2 1 0 1 0 1 0 0 1 2 0 0 0 0 1 1 0 0 1 0 0 0 0 0 1 0 1 1 0 1 1 1 1 0 1 1 2 1 1 1 0 0 0 1 0 0 0 0 2 1 0 1 0 0 2 0 0 1 1 2 0 0 0 0
geno chr21.34545826 fin  0 0 0 0 1 1 0 2 0 0 1 2 0 0 1 1 0 0 0 0 0 1 0 0 0 1 1 0 0 1 1 1 0 0 0 1 1 0 2 0 0 0 0 0 0 0 0 1 0 0 0 0 0 1 0 0 0 0 1 0 0 1 1 0 0 0 0 0 0 0 0 0 1 1 1 0 0 0 0 2 0 0 1 0 0 1 1 0 0
geno chr21.34545826 gbr  0 0 1 1 0 2 0 0 2 0 0 0 1 1 0 0 0 0 0 0 1 1 0 1 1 0 1 1 0 1 0 1 0 1 1 0 0 1 0 0 1 0 0 1 1 0 1 2 1 1 0 1 0 1 0 1 2 1 0 0 0 1 1 0 0 1 2 1 1 0 0 1 0 0 2 1 0 0 1 1 0 0 0 0
geno chr21.34545826 tsi  0 1 1 1 1 1 0 0 1 1 0 1 1 0 0 1 0 2 1 2 1 1 1 0 1 0 0 0 1 0 0 1 1 1 1 0 1 0 0 1 0 1 1 0 0 2 0 0 0 1 1 1 0 0 0 0 2 0 1 0 0 0 0 1 1 1 0 2 0 1 1 0 1 1 0 1 0 1 0 2 0 1 0 0 1 0 1 1 0 0 0 1
geno chr21.34545826 yri  1 1 0 0 0 0 0 0 0 0 0 0 0 1 0 2 0 2 1 0 0 0 1 0 0 1 0 0 1 0 1 1 0 0 0 0 1 1 0 0 0 0 1 1 0 1 2 0 1 0 1 2 0 1 1 0 0 0 1 0 0 1 0 0 1 0 0 0 1 1 0 0 1 0 1 0 1
geno chr21.34546000 ceu  0 1 1 1 2 0 0 0 1 2 0 1 0 1 2 1 0 1 0 1 0 0 1 2 0 0 0 0 1 1 0 0 1 0 0 0 0 0 1 0 1 1 0 1 1 1 1 0 1 1 2 1 1 1 0 0 0 1 0 0 0 0 2 1 0 1 0 0 2 0 0 1 1 2 0 0 0 0
geno chr21.34546000 fin  0 0 0 0 1 1 0 2 0 0 1 2 0 0 1 1 0 0 0 0 0 1 0 0 0 1 1 0 0 1 1 1 0 0 0 1 1 0 2 0 0 0 0 0 0 0 0 1 0 0 0 0 0 1 0 0 0 0 1 0 0 1 1 0 0 0 0 0 0 0 0 0 1 1 0 0 0 0 0 2 0 0 0 0 0 1 1 0 0
geno chr21.34546000 gbr  0 0 1 1 0 2 0 0 2 0 0 0 1 1 0 0 0 0 0 0 1 1 0 1 1 0 1 1 0 1 0 1 0 1 1 0 0 1 0 0 1 0 0 1 1 0 1 2 1 1 0 1 0 1 0 1 2 1 0 1 0 1 1 0 1 1 2 1 1 0 0 1 0 0 2 1 0 0 1 1 0 0 0 0
geno chr21.34546000 tsi  0 1 1 1 1 1 0 0 1 1 0 1 1 0 0 1 0 2 1 2 1 1 1 0 1 0 0 0 1 0 0 1 1 1 1 0 1 0 0 1 0 1 1 0 0 2 0 0 0 1 1 1 0 0 0 0 2 0 1 0 0 0 0 1 1 1 0 2 0 1 1 0 1 1 0 1 0 1 0 2 0 1 0 0 1 0 1 1 0 0 0 1
geno chr21.34546000 yri  1 1 0 0 0 0 0 0 0 0 0 0 0 1 0 2 0 2 1 0 0 0 1 0 0 1 0 0 1 0 1 1 0 0 0 0 1 1 0 0 0 0 1 1 0 1 2 0 1 0 1 2 0 1 1 0 0 0 1 0 0 1 0 0 1 0 0 0 1 1 0 0 1 0 1 0 1
geno chr21.34546018 ceu  0 1 1 1 2 0 0 0 1 2 0 1 0 1 2 1 0 1 0 1 0 0 1 2 0 0 0 0 1 1 0 0 1 0 0 0 0 0 1 0 1 1 0 1 1 1 1 0 1 1 2 1 1 1 0 0 0 1 0 0 0 0 2 1 0 1 0 0 2 0 0 1 1 2 0 0 0 0
geno chr21.34546018 fin  0 0 0 0 1 1 0 2 0 0 1 2 0 0 1 1 0 0 0 0 0 1 0 0 0 1 1 0 0 1 1 1 0 0 0 1 1 0 2 0 0 0 0 0 0 0 0 1 0 0 0 0 0 1 0 0 0 0 1 0 0 1 1 0 0 0 0 0 0 0 0 0 1 1 1 0 0 0 0 2 0 0 1 0 0 1 1 0 0
geno chr21.34546018 gbr  0 0 1 1 0 2 0 0 2 0 0 0 1 1 0 0 0 0 0 0 1 1 0 1 1 0 1 1 0 1 0 1 0 1 1 0 0 1 0 0 1 0 0 1 1 0 1 2 1 1 0 1 0 1 0 1 2 1 0 0 0 1 1 0 0 1 2 1 1 0 0 1 0 0 2 1 0 0 1 1 0 0 0 0
geno chr21.34546018 tsi  0 1 1 1 1 1 0 0 1 1 0 1 1 0 0 1 0 2 1 2 1 1 1 0 1 0 0 0 1 0 0 1 1 1 1 0 1 0 0 1 0 1 1 0 0 2 0 0 0 1 1 1 0 0 0 0 2 0 1 0 0 0 0 1 1 1 0 2 0 1 1 0 1 1 0 1 0 1 0 2 0 1 0 0 1 0 1 1 0 0 0 1
geno chr21.34546018 yri  1 1 0 0 0 0 0 0 0 0 0 0 0 1 0 2 0 1 1 0 0 0 1 0 0 1 0 0 0 0 1 1 0 0 0 0 1 1 0 0 0 0 0 1 0 1 2 0 1 0 0 2 0 1 1 0 0 0 1 0 0 1 0 0 1 0 0 0 1 1 0 0 1 0 1 0 1
geno chr21.34546118 ceu  0 2 2 2 2 0 1 0 1 2 0 1 1 1 2 2 1 1 0 1 0 0 2 2 1 0 0 0 1 1 1 0 2 0 0 0 0 1 1 0 1 1 0 1 1 1 1 0 1 1 2 1 1 1 0 1 1 1 1 0 0 0 2 2 0 1 1 0 2 0 0 2 2 2 1 0 0 1
geno chr21.34546118 fin  0 0 1 0 1 1 0 2 0 2 1 2 0 1 1 1 0 0 1 1 0 1 0 1 1 1 1 0 0 1 1 1 0 0 1 1 1 0 2 0 1 0 1 0 0 0 1 1 0 1 1 0 0 2 1 0 0 0 1 0 1 1 1 0 0 1 0 0 2 0 1 0 1 2 2 1 0 0 0 2 1 0 1 0 1 1 1 0 0
geno chr21.34546118 gbr  2 0 1 2 0 2 0 0 2 1 0 0 1 2 2 2 0 1 0 0 1 1 0 1 1 0 1 1 1 1 0 1 0 1 1 0 1 1 2 0 1 2 1 2 1 0 2 2 1 1 1 1 1 1 0 1 2 1 0 0 0 1 1 0 0 1 2 1 1 0 1 1 1 0 2 1 0 1 2 1 1 1 1 0
geno chr21.34546118 tsi  0 1 1 1 2 1 0 2 2 1 1 1 1 0 1 1 1 2 1 2 1 2 1 0 2 0 0 1 1 0 0 2 2 1 2 0 1 0 2 1 0 1 2 0 0 2 0 1 0 1 2 2 1 0 0 0 2 1 2 0 1 0 0 1 1 1 2 2 1 1 1 0 2 2 0 1 1 1 0 2 1 1 1 1 1 1 1 2 1 0 0 1
geno chr21.34546118 yri  2 1 1 0 0 0 0 1 2 1 1 1 0 1 0 2 1 2 2 1 0 0 1 0 0 1 0 0 1 0 1 2 0 0 1 1 1 1 0 0 1 0 1 1 1 2 2 0 2 1 1 2 2 2 2 0 1 2 1 1 0 1 0 0 2 0 1 0 1 1 1 0 1 0 2 0 2
geno chr21.34546393 ceu  0 0 0 0 1 0 0 0 1 1 0 1 0 0 2 1 0 0 0 1 0 0 1 1 0 0 0 0 0 1 0 0 1 0 0 0 0 0 0 0 1 0 0 1 1 1 0 0 0 1 0 0 1 1 0 0 0 0 0 0 0 0 0 1 0 1 0 0 0 0 0 0 0 1 0 0 0 0
geno chr21.34546393 fin  0 0 0 0 0 0 0 0 0 0 0 1 0 0 1 0 0 0 0 0 0 0 0 0 0 0 0 0 0 1 0 0 0 0 0 1 0 0 2 0 0 0 0 0 0 0 0 1 0 0 0 0 0 0 0 0 0 0 0 0 0 0 0 0 0 0 0 0 0 0 0 0 1 1 1 0 0 0 0 1 0 0 1 0 0 1 0 0 0
geno chr21.34546393 gbr  0 0 0 0 0 1 0 0 1 0 0 0 1 0 0 0 0 0 0 0 1 0 0 0 1 0 0 0 0 0 0 0 0 1 0 0 0 0 0 0 1 0 0 0 0 0 0 0 1 1 0 0 0 0 0 0 0 0 0 0 0 0 0 0 0 0 1 0 0 0 0 0 0 0 1 0 0 0 0 0 0 0 0 0
geno chr21.34546393 tsi  0 1 1 1 1 0 0 0 1 0 0 1 1 0 0 0 0 1 0 2 0 0 1 0 0 0 0 0 1 0 0 0 0 0 0 0 1 0 0 0 0 0 1 0 0 2 0 0 0 1 0 1 0 0 0 0 2 0 0 0 0 0 0 0 1 1 0 0 0 1 0 0 1 0 0 1 0 0 0 2 0 1 0 0 0 0 1 0 0 0 0 0
geno chr21.34546393 yri  0 1 0 0 0 0 0 0 0 0 0 0 0 1 0 0 0 1 0 0 0 0 1 0 0 0 0 0 0 0 0 1 0 0 0 0 1 1 0 0 0 0 0 0 0 0 0 0 0 0 0 2 0 0 1 0 0 0 0 0 0 0 0 0 1 0 0 0 0 0 0 0 1 0 1 0 1
geno chr21.34546574 ceu  0 1 1 1 2 0 0 0 1 2 0 1 0 1 2 1 0 1 0 1 0 0 1 2 0 0 0 0 1 1 0 0 1 0 0 0 0 0 1 0 1 1 0 1 1 1 1 0 1 1 2 1 1 1 0 0 0 1 0 0 0 0 2 1 0 1 0 0 2 0 0 1 1 2 0 0 0 0
geno chr21.34546574 fin  0 0 0 0 1 1 0 2 0 0 1 2 0 0 1 1 0 0 0 0 0 1 0 0 0 1 1 0 0 1 1 1 0 0 0 1 1 0 2 0 0 0 0 0 0 0 0 1 0 0 0 0 0 1 0 0 0 0 1 0 0 1 1 0 0 0 0 0 0 0 0 0 1 1 1 0 0 0 0 2 0 0 1 0 0 1 1 0 0
geno chr21.34546574 gbr  0 0 1 1 0 2 0 0 2 0 0 0 1 1 0 0 0 0 0 0 1 1 0 1 1 0 1 1 0 1 0 1 0 1 1 0 0 1 0 0 1 0 0 1 1 0 1 2 1 1 0 1 0 1 0 1 2 1 0 0 0 1 1 0 0 1 2 1 1 0 0 1 0 0 2 1 0 0 1 1 0 0 0 0
geno chr21.34546574 tsi  0 1 1 1 1 1 0 0 1 1 0 1 1 0 0 1 0 2 1 2 1 1 1 0 1 0 0 0 1 0 0 1 1 1 1 0 1 0 0 1 0 1 1 0 0 2 0 0 0 1 1 1 0 0 0 0 2 0 1 0 0 0 0 1 1 1 0 2 0 1 1 0 1 1 0 1 0 1 0 2 0 1 0 0 1 0 1 1 0 0 0 1
geno chr21.34546574 yri  1 1 0 0 0 0 0 0 0 0 0 0 0 1 0 2 0 2 1 0 0 0 1 0 0 1 0 0 1 0 1 1 0 0 0 0 1 1 0 0 0 0 1 1 0 1 2 0 1 0 1 2 0 1 1 0 0 0 1 0 0 1 0 0 1 0 0 0 1 1 0 0 1 0 1 0 1
geno chr21.34546711 ceu  0 1 1 1 2 0 0 0 1 2 0 1 0 1 2 1 0 1 0 1 0 0 1 2 0 0 0 0 1 1 0 0 1 0 0 0 0 0 1 0 1 1 0 1 1 1 1 0 1 1 2 1 1 1 0 0 0 1 0 0 0 0 2 1 0 1 0 0 2 0 0 1 1 2 0 0 0 0
geno chr21.34546711 fin  0 0 0 0 1 1 0 2 0 0 1 2 0 0 1 1 0 0 0 0 0 1 0 0 0 1 1 0 0 1 1 1 0 0 0 1 1 0 2 0 0 0 0 0 0 0 0 1 0 0 0 0 0 1 0 0 0 0 1 0 0 1 1 0 0 0 0 0 0 0 0 0 1 1 1 0 0 0 0 2 0 0 1 0 0 1 1 0 0
geno chr21.34546711 gbr  0 0 1 1 0 2 0 0 2 0 0 0 1 1 0 0 0 0 0 0 1 1 0 1 1 0 1 1 0 1 0 1 0 1 1 0 0 1 0 0 1 0 0 1 1 0 1 2 1 1 0 1 0 1 0 1 2 1 0 0 0 1 1 0 0 1 2 1 1 0 0 1 0 0 2 1 0 0 1 1 0 0 0 0
geno chr21.34546711 tsi  0 1 1 1 1 1 0 0 1 1 0 1 1 0 0 1 0 2 1 2 1 1 1 0 1 0 0 0 1 0 0 1 1 1 1 0 1 0 0 1 0 1 1 0 0 2 0 0 0 1 1 1 0 0 0 0 2 1 1 0 0 0 0 1 1 1 0 2 0 1 1 0 1 1 0 1 0 1 0 2 0 1 0 0 1 0 1 1 0 0 0 1
geno chr21.34546711 yri  1 1 0 0 0 0 0 0 0 0 0 0 0 1 0 2 0 2 1 0 0 0 1 0 0 1 0 0 1 0 1 1 0 0 0 0 1 1 0 0 0 0 1 1 0 1 2 0 1 0 1 2 0 1 1 0 0 0 1 0 0 1 0 0 1 0 0 0 1 1 0 0 1 0 1 0 1
geno chr21.34546876 ceu  0 1 1 1 2 0 0 0 1 2 0 1 0 1 2 1 0 1 0 1 0 0 1 2 0 0 0 0 1 1 0 0 1 0 0 0 0 0 1 0 1 1 0 1 1 1 1 0 1 1 2 1 1 1 0 0 0 1 0 0 0 0 2 1 0 1 0 0 2 0 0 1 1 2 0 0 0 0
geno chr21.34546876 fin  0 0 0 0 1 1 0 2 0 0 1 2 0 0 1 1 0 0 0 0 0 1 0 0 0 1 1 0 0 1 1 1 0 0 0 1 1 0 2 0 0 0 0 0 0 0 0 1 0 0 0 0 0 1 0 0 0 0 1 0 0 1 1 0 0 0 0 0 0 0 0 0 1 1 1 0 0 0 0 2 0 0 1 0 0 1 1 0 0
geno chr21.34546876 gbr  0 0 1 1 0 2 0 0 2 0 0 0 1 1 0 0 0 0 0 0 1 1 0 1 1 0 1 1 0 1 0 1 0 1 1 0 0 1 0 0 1 0 0 1 1 0 1 2 1 1 0 1 0 1 0 1 2 1 0 0 0 1 1 0 0 1 2 1 1 0 0 1 0 0 2 1 0 0 1 1 0 0 0 0
geno chr21.34546876 tsi  0 1 1 1 1 1 0 0 1 1 0 1 1 0 0 1 0 2 1 2 1 1 1 0 1 0 0 0 1 0 0 1 1 1 1 0 1 0 0 1 0 1 1 0 0 2 0 0 0 1 1 1 0 0 0 0 2 0 1 0 0 0 0 1 1 1 0 2 0 1 1 0 1 1 0 1 0 1 0 2 0 1 0 0 1 0 1 1 0 0 0 1
geno chr21.34546876 yri  1 1 0 0 0 0 0 0 0 0 0 0 0 1 0 2 0 2 1 0 0 0 1 0 0 1 0 0 1 0 1 1 0 0 0 0 1 1 0 0 0 0 1 1 0 1 2 0 1 0 1 2 0 1 1 0 0 0 1 0 0 1 0 0 1 0 0 0 1 1 0 0 1 0 1 0 1
geno chr21.34547667 ceu  0 0 0 1 1 0 0 0 0 0 0 0 0 1 0 0 0 0 0 0 0 0 0 1 0 0 0 0 0 0 0 0 0 0 0 0 0 0 0 0 0 0 0 0 0 0 0 0 0 0 1 0 0 0 0 0 0 0 0 0 0 0 1 0 0 0 0 0 0 0 0 0 0 0 0 0 0 0
geno chr21.34547667 fin  0 0 0 0 0 0 0 0 0 0 0 0 0 0 0 0 0 0 0 0 0 0 0 0 0 0 0 0 0 0 0 0 0 0 0 0 0 0 0 0 0 0 0 0 0 0 0 0 0 0 0 0 0 0 0 0 0 0 0 0 0 0 0 0 0 0 0 0 0 0 0 0 0 0 0 0 0 0 0 0 0 0 0 0 0 0 0 0 0
geno chr21.34547667 gbr  0 0 0 0 0 0 0 0 0 0 0 0 0 1 0 0 0 0 0 0 0 1 0 0 0 0 0 1 0 1 0 0 0 0 0 0 0 0 0 0 0 0 0 1 1 0 0 1 0 0 0 0 0 0 0 0 0 0 0 0 0 0 0 0 0 0 1 0 0 0 0 0 0 0 1 0 0 0 0 0 0 0 0 0
geno chr21.34547667 tsi  0 0 0 0 0 1 0 0 0 1 0 0 0 0 0 0 0 1 1 0 0 0 0 0 0 0 0 0 0 0 0 0 0 0 1 0 0 0 0 1 0 1 0 0 0 0 0 0 0 0 1 0 0 0 0 0 0 0 0 0 0 0 0 1 0 0 0 1 0 0 0 0 0 0 0 0 0 0 0 0 0 0 0 0 1 0 0 1 0 0 0 1
geno chr21.34547667 yri  0 0 0 0 0 0 0 0 0 0 0 0 0 0 0 0 0 0 0 0 0 0 0 0 0 0 0 0 0 0 0 0 0 0 0 0 0 0 0 0 0 0 0 0 0 0 0 0 0 0 0 0 0 0 0 0 0 0 0 0 0 0 0 0 0 0 0 0 0 0 0 0 0 0 0 0 0
geno chr21.34548081 ceu  1 2 2 2 2 1 2 0 1 2 0 1 1 1 2 2 1 1 0 1 1 2 2 2 1 0 1 2 1 1 2 0 2 1 0 0 0 1 1 0 1 2 0 1 1 1 1 1 1 1 2 1 1 1 1 1 1 1 1 0 0 0 2 2 0 1 1 0 2 1 1 2 2 2 1 1 0 2
geno chr21.34548081 fin  0 0 1 0 1 1 0 2 1 2 1 2 1 1 1 1 0 0 1 2 0 1 1 1 1 1 1 0 1 1 1 1 1 0 1 1 1 0 1 1 1 0 1 1 0 0 1 2 1 1 1 1 0 2 1 1 0 0 2 0 1 1 1 0 0 1 1 1 2 0 1 0 1 2 2 1 0 0 0 2 1 0 1 1 1 1 1 0 0
geno chr21.34548081 gbr  2 1 1 2 0 2 0 2 2 1 0 1 1 2 2 2 1 1 1 0 1 1 0 1 1 0 1 1 1 2 0 1 1 2 1 0 1 1 2 2 1 2 2 2 1 1 2 2 1 1 1 1 1 2 1 1 2 2 1 1 0 1 2 0 2 1 2 1 1 0 1 1 1 1 2 2 0 1 2 2 1 1 1 0
geno chr21.34548081 tsi  1 1 2 1 2 1 0 2 2 2 1 1 1 0 1 1 1 2 1 2 1 2 2 1 2 2 1 1 1 0 0 2 2 2 2 0 1 1 2 1 0 2 2 1 0 2 1 1 1 1 2 2 1 1 1 0 2 1 2 1 1 0 0 1 1 1 2 2 1 1 2 1 2 2 0 2 1 1 0 2 2 1 1 1 1 2 1 2 1 1 0 1
geno chr21.34548081 yri  0 1 1 0 0 0 1 1 2 1 1 1 0 1 0 2 2 2 2 1 1 0 1 0 0 1 0 0 1 0 1 2 0 0 1 1 1 1 0 0 1 0 1 1 1 1 2 1 2 1 1 2 2 2 1 0 1 2 1 2 0 1 0 1 1 0 1 0 1 1 1 0 1 0 2 0 1
geno chr21.34548256 ceu  0 1 0 0 1 0 0 0 1 2 0 1 0 0 2 1 0 1 0 1 0 0 1 1 0 0 0 0 1 1 0 0 1 0 0 0 0 0 1 0 1 1 0 1 1 1 1 0 1 1 1 1 1 1 0 0 0 1 0 0 0 0 0 1 0 1 0 0 2 0 0 1 1 2 0 0 0 0
geno chr21.34548256 fin  0 0 0 0 1 1 0 1 0 0 1 2 0 0 1 1 0 0 0 0 0 0 0 0 0 1 0 0 0 1 0 1 0 0 0 1 1 0 1 0 0 0 0 0 0 0 0 1 0 0 0 0 0 0 0 0 0 0 0 0 0 1 1 0 0 0 0 0 0 0 0 0 1 1 1 0 0 0 0 2 0 0 1 0 0 1 0 0 0
geno chr21.34548256 gbr  0 0 1 1 0 2 0 0 2 0 0 0 1 0 0 0 0 0 0 0 1 0 0 1 1 0 0 0 0 0 0 1 0 1 0 0 0 0 0 0 1 0 0 0 0 0 1 1 1 1 0 1 0 1 0 1 2 1 0 0 0 1 1 0 0 1 1 1 1 0 0 1 0 0 1 1 0 0 1 0 0 0 0 0
geno chr21.34548256 tsi  0 1 1 1 1 0 0 0 1 0 0 1 1 0 0 1 0 1 0 2 0 1 1 0 1 0 0 0 1 0 0 1 1 1 0 0 1 0 0 0 0 0 1 0 0 2 0 0 0 1 0 1 0 0 0 0 2 0 1 0 0 0 0 0 1 1 0 1 0 1 1 0 1 1 0 1 0 1 0 2 0 1 0 0 0 0 1 0 0 0 0 0
geno chr21.34548256 yri  0 1 0 0 0 0 0 0 0 0 0 0 0 1 0 0 0 1 0 0 0 0 1 0 0 0 0 0 0 0 0 1 0 0 0 0 1 1 0 0 0 0 0 0 0 0 0 0 0 0 0 2 0 0 1 0 0 0 0 0 0 0 0 0 1 0 0 0 0 0 0 0 1 0 1 0 1
geno chr21.34548300 ceu  0 1 1 1 2 0 0 0 1 2 0 1 0 1 2 1 0 1 0 1 0 0 1 2 0 0 0 0 1 1 0 0 1 0 0 0 0 0 1 0 1 1 0 1 1 1 1 0 1 1 2 1 1 1 0 0 0 1 0 0 0 0 2 1 0 1 0 0 2 0 0 1 1 2 0 0 0 0
geno chr21.34548300 fin  0 0 0 0 1 1 0 2 0 0 1 2 0 0 1 1 0 0 0 0 0 1 0 0 0 1 1 0 0 1 1 1 0 0 0 1 1 0 1 0 0 0 0 0 0 0 0 1 0 0 0 0 0 1 0 0 0 0 1 0 0 1 1 0 0 0 0 0 0 0 0 0 1 1 1 0 0 0 0 2 0 0 1 0 0 1 1 0 0
geno chr21.34548300 gbr  0 0 1 1 0 2 0 0 2 0 0 0 1 1 0 0 0 0 0 0 1 1 0 1 1 0 1 1 0 1 0 1 0 1 1 0 0 1 0 0 1 0 0 1 1 0 1 2 1 1 0 1 0 1 0 1 2 1 0 0 0 1 1 0 0 1 2 1 1 0 0 1 0 0 2 1 0 0 1 1 0 0 0 0
geno chr21.34548300 tsi  0 1 1 1 1 1 0 0 1 1 0 1 1 0 0 1 0 2 1 2 1 1 1 0 1 0 0 0 1 0 0 1 1 1 1 0 1 0 0 1 0 1 1 0 0 2 0 0 0 1 1 1 0 0 0 0 2 0 1 0 0 0 0 1 1 1 0 2 0 1 1 0 1 1 0 1 0 1 0 2 0 1 0 0 1 0 1 1 0 0 0 1
geno chr21.34548300 yri  0 1 0 0 0 0 0 0 0 0 0 0 0 1 0 2 0 2 1 0 0 0 1 0 0 1 0 0 1 0 1 1 0 0 0 0 1 1 0 0 0 0 1 1 0 0 2 0 1 0 1 2 0 1 1 0 0 0 1 0 0 1 0 0 1 0 0 0 1 1 0 0 1 0 1 0 1
geno chr21.34548573 ceu  0 2 2 2 2 0 1 0 1 2 0 1 1 1 2 2 1 1 0 1 0 0 2 2 1 0 0 0 1 1 1 0 2 0 0 0 0 1 1 0 1 1 0 1 1 1 1 0 1 1 2 1 1 1 0 1 1 1 1 0 0 0 2 2 0 1 1 0 2 0 0 2 2 2 1 0 0 1
geno chr21.34548573 fin  0 0 1 0 1 1 0 2 0 2 1 2 0 1 1 1 0 0 1 1 0 1 0 1 1 1 1 0 0 1 1 1 0 0 1 1 1 0 1 0 1 0 1 0 0 0 1 1 0 1 1 0 0 2 1 0 0 0 1 0 1 1 1 0 0 1 0 0 2 0 1 0 1 2 2 1 0 0 0 2 1 0 1 0 1 1 1 0 0
geno chr21.34548573 gbr  2 0 1 2 0 2 0 0 2 1 0 0 1 2 2 2 0 1 0 0 1 1 0 1 1 0 1 1 1 1 0 1 0 1 1 0 1 1 2 0 1 2 1 2 1 0 2 2 1 1 1 1 1 1 0 1 2 1 0 0 0 1 1 0 0 1 2 1 1 0 1 1 1 0 2 1 0 1 2 1 1 1 1 0
geno chr21.34548573 tsi  0 1 1 1 2 1 0 2 2 1 1 1 1 0 1 1 1 2 1 2 1 2 1 0 2 0 0 1 1 0 0 2 2 1 2 0 1 0 2 1 0 1 2 0 0 2 0 1 0 1 2 2 1 0 0 0 2 1 2 0 1 0 0 1 1 1 2 2 1 1 1 0 2 2 0 1 1 1 0 2 1 1 1 1 1 1 1 2 1 0 0 1
geno chr21.34548573 yri  0 1 1 0 0 0 0 1 2 1 1 1 0 1 0 2 1 2 2 1 0 0 1 0 0 1 0 0 1 0 1 2 0 0 1 1 1 1 0 0 1 0 1 1 1 1 2 0 2 1 1 2 2 2 1 0 1 2 1 1 0 1 0 0 1 0 1 0 1 1 1 0 1 0 2 0 1
geno chr21.34549106 ceu  0 1 1 1 2 0 0 0 1 2 0 1 0 1 2 1 0 1 0 1 0 0 1 2 0 0 0 0 1 1 0 0 1 0 0 0 0 0 1 0 1 1 0 1 1 1 1 0 1 1 2 1 1 1 0 0 0 1 0 0 0 0 2 1 0 1 0 0 2 0 0 1 1 2 0 0 0 0
geno chr21.34549106 fin  0 0 0 0 1 1 0 2 0 0 1 2 0 0 1 1 0 0 0 0 0 1 0 0 0 1 1 0 0 1 1 1 0 0 0 1 1 0 1 0 0 0 0 0 0 0 0 1 0 0 0 0 0 1 0 0 0 0 1 0 0 1 1 0 0 0 0 0 0 0 0 0 1 1 1 0 0 0 0 2 0 0 1 0 0 1 1 0 0
geno chr21.34549106 gbr  0 0 1 1 0 2 0 0 2 0 0 0 1 1 0 0 0 0 0 0 1 1 0 1 1 0 1 1 0 1 0 1 0 1 1 0 0 1 0 0 1 0 0 1 1 0 1 2 1 1 0 1 0 1 0 1 2 1 0 0 0 1 1 0 0 1 2 1 1 0 0 1 0 0 2 1 0 0 1 1 0 0 0 0
geno chr21.34549106 tsi  0 1 1 1 0 1 0 0 1 1 0 1 1 0 0 1 0 2 1 2 1 1 1 0 1 0 0 0 1 0 0 1 1 1 1 0 1 0 0 1 0 1 1 0 0 2 0 0 0 1 1 1 0 0 0 0 2 0 1 0 0 0 0 1 1 1 0 2 0 1 1 0 1 1 0 1 0 1 0 2 0 1 0 0 1 0 1 1 0 0 0 1
geno chr21.34549106 yri  0 1 0 0 0 0 0 0 0 0 0 0 0 1 0 2 0 2 1 0 0 0 1 0 0 1 0 0 1 0 1 1 0 0 0 0 1 1 0 0 0 0 1 1 0 0 2 0 1 0 1 2 0 1 1 0 0 0 1 0 0 1 0 0 1 0 0 0 1 1 0 0 1 0 1 0 1
geno chr21.34549210 ceu  0 1 1 1 2 0 0 0 1 2 0 1 0 1 2 1 0 1 0 1 0 0 1 2 0 0 0 0 1 1 0 0 1 0 0 0 0 0 1 0 1 1 0 1 1 1 1 0 1 1 2 1 1 1 0 0 0 1 0 0 0 0 2 1 0 1 0 0 2 0 0 1 1 2 0 0 0 0
geno chr21.34549210 fin  0 0 0 0 1 1 0 2 0 0 1 2 0 0 1 1 0 0 0 0 0 1 0 0 0 1 1 0 0 1 1 1 0 0 0 1 1 0 1 0 0 0 0 0 0 0 0 1 0 0 0 0 0 1 0 0 0 0 1 0 0 1 1 0 0 0 0 0 0 0 0 0 1 1 1 0 0 0 0 2 0 0 1 0 0 1 1 0 0
geno chr21.34549210 gbr  0 0 1 1 0 2 0 0 2 0 0 0 1 1 0 0 0 0 0 0 1 1 0 1 1 0 1 1 0 1 0 1 0 1 1 0 0 1 0 0 1 0 0 1 1 0 1 2 1 1 0 1 0 1 0 1 2 1 0 0 0 1 1 0 0 1 2 1 1 0 0 1 0 0 2 1 0 0 1 1 0 0 0 0
geno chr21.34549210 tsi  0 1 1 1 0 1 0 0 1 1 0 1 1 0 0 1 0 2 1 2 1 1 1 0 1 0 0 0 1 0 0 1 1 1 1 0 1 0 0 1 0 1 1 0 0 2 0 0 0 1 1 1 0 0 0 0 2 0 1 0 0 0 0 1 1 1 0 2 0 1 1 0 1 1 0 1 0 1 0 2 0 1 0 0 1 0 1 1 0 0 0 1
geno chr21.34549210 yri  0 1 0 0 0 0 0 0 0 0 0 0 0 1 0 0 0 1 0 0 0 0 1 0 0 0 0 0 1 0 0 1 0 0 0 0 1 1 0 0 0 0 1 0 0 0 1 0 0 0 1 2 0 0 1 0 0 0 0 0 0 0 0 0 1 0 0 0 0 1 0 0 1 0 1 0 1
geno chr21.34549344 ceu  0 1 1 1 1 0 0 0 1 2 0 1 0 1 1 1 0 1 0 1 0 0 1 2 0 0 0 0 1 1 0 0 1 0 0 0 0 0 1 0 1 1 0 1 1 1 1 0 1 1 2 1 1 1 0 0 0 1 0 0 0 0 1 1 0 1 0 0 2 0 0 1 1 2 0 0 0 0
geno chr21.34549344 fin  0 0 0 0 1 1 0 2 0 0 1 2 0 0 1 1 0 0 0 0 0 1 0 0 0 1 1 0 0 1 1 1 0 0 0 1 1 0 1 0 0 0 0 0 0 0 0 1 0 0 0 0 0 1 0 0 0 0 1 0 0 1 1 0 0 0 0 0 0 0 0 0 1 1 1 0 0 0 0 2 0 0 1 0 0 1 1 0 0
geno chr21.34549344 gbr  0 0 1 1 0 2 0 0 2 0 0 0 1 1 0 0 0 0 0 0 1 1 0 1 1 0 1 1 0 1 0 1 0 1 1 0 0 1 0 0 0 0 0 0 1 0 1 2 1 1 0 1 0 1 0 1 2 1 0 0 0 1 1 0 0 1 2 1 1 0 0 1 0 0 2 1 0 0 1 1 0 0 0 0
geno chr21.34549344 tsi  0 1 1 1 0 1 0 0 1 1 0 1 0 0 0 1 0 1 1 1 1 1 1 0 1 0 0 0 1 0 0 1 1 1 1 0 1 0 0 1 0 1 1 0 0 1 0 0 0 1 1 1 0 0 0 0 1 0 1 0 0 0 0 1 1 1 0 1 0 1 1 0 1 1 0 1 0 1 0 2 0 1 0 0 1 0 1 1 0 0 0 1
geno chr21.34549344 yri  0 1 0 0 0 0 0 0 0 0 0 0 0 1 0 1 0 1 0 0 0 0 1 0 0 1 0 0 1 0 1 1 0 0 0 0 1 1 0 0 0 0 1 1 0 0 1 0 1 0 1 1 0 0 1 0 0 0 1 0 0 1 0 0 1 0 0 0 0 1 0 0 1 0 1 0 1
geno chr21.34549473 ceu  0 2 2 2 2 0 1 0 1 2 0 1 1 1 2 2 1 1 0 1 0 0 2 2 1 0 0 0 1 1 0 0 2 0 0 0 0 1 1 0 1 1 0 1 1 1 1 0 1 1 2 1 1 1 0 1 0 1 1 0 0 0 2 2 0 1 1 0 2 0 0 2 2 2 1 0 0 1
geno chr21.34549473 fin  0 0 1 0 1 1 0 2 0 2 1 2 0 1 1 1 0 0 1 1 0 1 0 1 1 1 1 0 0 1 1 1 0 0 1 1 1 0 1 0 1 0 1 0 0 0 1 1 0 1 1 0 0 2 1 0 0 0 1 0 1 1 1 0 0 1 0 0 2 0 1 0 1 2 2 1 0 0 0 2 1 0 1 0 1 1 1 0 0
geno chr21.34549473 gbr  1 0 1 1 0 2 0 0 2 1 0 0 1 2 1 2 0 1 0 0 1 1 0 1 1 0 1 1 1 1 0 1 0 1 1 0 1 1 2 0 1 2 1 2 1 0 2 2 1 1 1 1 1 1 0 1 2 1 0 0 0 1 1 0 0 1 2 1 1 0 1 1 1 0 2 1 0 1 2 1 1 1 1 0
geno chr21.34549473 tsi  0 1 1 1 2 1 0 2 2 1 1 1 1 0 1 1 1 2 1 2 1 2 1 0 2 0 0 1 1 0 0 2 2 1 2 0 1 0 2 1 0 1 2 0 0 2 0 1 0 1 2 2 1 0 0 0 2 1 2 0 1 0 0 1 1 1 2 2 1 1 1 0 2 2 0 1 1 1 0 2 1 1 1 1 1 1 1 2 1 0 0 1
geno chr21.34549473 yri  0 1 1 0 0 0 0 1 1 1 1 1 0 1 0 2 1 2 1 1 0 0 1 0 0 1 0 0 1 0 0 1 0 0 1 1 1 1 0 0 1 0 1 1 1 1 2 0 2 1 1 2 2 2 1 0 1 2 1 1 0 1 0 0 1 0 1 0 1 1 1 0 1 0 2 0 1
geno chr21.34549630 ceu  0 1 1 1 2 0 0 0 1 2 0 1 0 1 2 1 0 1 0 1 0 0 1 2 0 0 0 0 1 1 0 0 1 0 0 0 0 0 1 0 1 1 0 1 1 1 1 0 1 1 2 1 1 1 0 0 0 1 0 0 0 0 2 1 0 1 0 0 2 0 0 1 1 2 0 0 0 0
geno chr21.34549630 fin  0 0 0 0 1 1 0 2 0 0 1 2 0 0 1 1 0 0 0 0 0 1 0 0 0 1 1 0 0 1 1 1 0 0 0 1 1 0 1 0 0 0 0 0 0 0 0 1 0 0 0 0 0 1 0 0 0 0 1 0 0 1 1 0 0 0 0 0 0 0 0 0 1 1 1 0 0 0 0 2 0 0 1 0 0 1 1 0 0
geno chr21.34549630 gbr  0 0 1 1 0 2 0 0 2 0 0 0 1 1 0 0 0 0 0 0 1 1 0 1 1 0 1 1 0 1 0 1 0 1 1 0 0 1 0 0 1 0 0 1 1 0 1 2 1 1 0 1 0 1 0 1 2 1 0 0 0 1 1 0 0 1 2 1 1 0 0 1 0 0 2 1 0 0 1 1 0 0 0 0
geno chr21.34549630 tsi  0 1 1 1 0 1 0 0 1 1 0 1 1 0 0 1 0 2 1 2 1 1 1 0 1 0 0 0 1 0 0 1 1 1 1 0 1 0 0 1 0 1 1 0 0 2 0 0 0 1 1 1 0 0 0 0 2 0 1 0 0 0 0 1 1 1 0 2 0 1 1 0 1 1 0 1 0 1 0 2 0 1 0 0 1 0 1 1 0 0 0 1
geno chr21.34549630 yri  0 1 0 0 0 0 0 0 0 0 0 0 0 1 1 0 0 1 0 0 0 0 1 0 0 0 0 0 1 0 0 1 0 0 1 0 1 1 0 0 0 0 1 0 0 0 1 0 0 0 1 2 0 0 1 0 0 0 0 0 0 0 0 0 1 0 0 0 0 1 0 0 1 0 1 0 1
geno chr21.34549991 ceu  0 1 0 0 0 0 0 0 0 1 0 0 0 0 0 0 0 1 0 0 0 0 0 0 0 0 0 0 1 0 0 0 0 0 0 0 0 0 1 0 0 1 0 0 0 0 1 0 1 0 1 1 0 0 0 0 0 1 0 0 0 0 0 0 0 0 0 0 2 0 0 1 1 1 0 0 0 0
geno chr21.34549991 fin  0 0 0 0 1 1 0 1 0 0 1 1 0 0 0 1 0 0 0 0 0 0 0 0 0 1 0 0 0 0 0 1 0 0 0 0 1 0 0 0 0 0 0 0 0 0 0 0 0 0 0 0 0 0 0 0 0 0 0 0 0 1 1 0 0 0 0 0 0 0 0 0 0 0 0 0 0 0 0 1 0 0 0 0 0 0 0 0 0
geno chr21.34549991 gbr  0 0 1 1 0 1 0 0 1 0 0 0 0 0 0 0 0 0 0 0 0 0 0 1 0 0 0 0 0 0 0 1 0 0 0 0 0 0 0 0 0 0 0 0 0 0 1 1 0 0 0 1 0 1 0 1 2 1 0 0 0 1 1 0 0 1 0 1 1 0 0 1 0 0 0 1 0 0 1 0 0 0 0 0
geno chr21.34549991 tsi  0 0 0 0 0 0 0 0 0 0 0 0 0 0 0 1 0 0 0 0 0 1 0 0 1 0 0 0 0 0 0 1 1 1 0 0 0 0 0 0 0 0 0 0 0 0 0 0 0 0 0 0 0 0 0 0 0 0 1 0 0 0 0 0 0 0 0 1 0 0 1 0 0 1 0 0 0 1 0 0 0 0 0 0 0 0 0 0 0 0 0 0
geno chr21.34549991 yri  0 0 0 0 0 0 0 0 0 0 0 0 0 0 0 0 0 0 0 0 0 0 0 0 0 0 0 0 0 0 0 0 0 0 0 0 0 0 0 0 0 0 0 0 0 0 0 0 0 0 0 0 0 0 0 0 0 0 0 0 0 0 0 0 0 0 0 0 0 0 0 0 0 0 0 0 0
geno chr21.34550106 ceu  0 1 1 1 0 0 1 0 0 0 0 0 1 0 0 1 1 0 0 0 0 0 1 0 1 0 0 0 0 0 1 0 1 0 0 0 0 1 0 0 0 0 0 0 0 0 0 0 0 0 0 0 0 0 0 1 1 0 1 0 0 0 0 1 0 0 1 0 0 0 0 1 1 0 1 0 0 1
geno chr21.34550106 fin  0 0 1 0 0 0 0 0 0 2 0 0 0 1 0 0 0 0 1 1 0 0 0 1 1 0 0 0 0 0 0 0 0 0 1 0 0 0 0 0 1 0 1 0 0 0 1 0 0 1 1 0 0 1 1 0 0 0 0 0 1 0 0 0 0 1 0 0 2 0 1 0 0 1 1 1 0 0 0 0 1 0 0 0 1 0 0 0 0
geno chr21.34550106 gbr  2 0 0 1 0 0 0 0 0 1 0 0 0 1 2 2 0 1 0 0 0 0 0 0 0 0 0 0 1 0 0 0 0 0 0 0 1 0 2 0 0 2 1 1 0 0 1 0 0 0 1 0 1 0 0 0 0 0 0 0 0 0 0 0 0 0 0 0 0 0 1 0 1 0 0 0 0 1 1 0 1 1 1 0
geno chr21.34550106 tsi  0 0 0 0 2 0 0 2 1 0 1 0 0 0 1 0 1 0 0 0 0 1 0 0 1 0 0 1 0 0 0 1 1 0 1 0 0 0 2 0 0 0 1 0 0 0 0 1 0 0 1 1 1 0 0 0 0 1 1 0 1 0 0 0 0 0 2 0 1 0 0 0 1 1 0 0 1 0 0 0 1 0 1 1 0 0 0 1 1 0 0 0
geno chr21.34550106 yri  0 0 0 0 0 0 0 0 0 1 0 0 0 0 0 0 0 0 0 0 0 0 0 0 0 0 0 0 0 0 0 0 0 0 1 0 0 0 0 0 0 0 0 0 0 0 0 0 0 0 0 0 0 1 0 0 1 0 0 0 0 0 0 0 0 0 1 0 0 0 0 0 0 0 0 0 0
geno chr21.34550175 ceu  0 0 0 0 0 0 0 0 0 0 0 0 0 0 0 0 0 0 0 0 0 0 0 0 0 0 0 0 0 0 0 0 0 0 0 0 0 0 0 0 0 0 0 0 0 0 0 0 0 0 0 0 0 0 0 0 0 0 0 0 0 0 0 0 0 0 0 0 0 0 0 0 0 0 0 0 0 0
geno chr21.34550175 fin  0 0 0 0 0 0 0 0 0 0 0 0 0 0 0 0 0 0 0 0 0 0 0 0 0 0 0 0 0 0 0 0 0 0 0 0 0 0 0 0 0 0 0 0 0 0 0 0 0 0 0 0 0 0 0 0 0 0 0 0 0 0 0 0 0 0 0 0 0 0 0 0 0 0 0 0 0 0 0 0 0 0 0 0 0 0 0 0 0
geno chr21.34550175 gbr  0 0 0 0 0 0 0 0 0 0 0 0 0 0 0 0 0 0 0 0 0 0 0 0 0 0 0 0 0 0 0 0 0 0 0 0 0 0 0 0 0 0 0 0 0 0 0 0 0 0 0 0 0 0 0 0 0 0 0 0 0 0 0 0 0 0 0 0 0 0 0 0 0 0 0 0 0 0 0 0 0 0 0 0
geno chr21.34550175 tsi  0 0 0 0 0 0 0 0 0 0 0 0 0 0 0 0 0 0 0 0 0 0 0 0 0 0 0 0 0 0 0 0 0 0 0 0 0 0 0 0 0 0 0 0 0 0 0 0 0 0 0 0 0 0 0 0 0 0 0 0 0 0 0 0 0 0 0 0 0 0 0 0 0 0 0 0 0 0 0 0 0 0 0 0 0 1 0 0 0 0 0 0
geno chr21.34550175 yri  2 0 1 0 0 0 0 1 2 0 1 1 0 0 0 0 1 0 1 1 0 0 0 0 0 0 0 0 0 0 0 1 1 0 0 1 0 0 0 0 1 0 0 0 1 2 0 0 1 1 0 0 2 0 1 1 0 2 0 1 0 1 0 0 1 0 0 0 0 0 2 0 0 1 1 0 1
geno chr21.34550342 ceu  0 1 1 1 0 0 1 0 0 0 0 0 1 0 0 1 1 0 0 0 0 0 1 0 1 0 0 0 0 0 1 0 1 0 0 0 0 1 0 0 0 0 0 0 0 0 0 0 0 0 0 0 0 0 0 1 1 0 1 0 0 0 0 1 0 0 1 0 0 0 0 1 1 0 1 0 0 1
geno chr21.34550342 fin  0 0 1 0 0 0 0 0 0 2 0 0 0 1 0 0 0 0 1 1 0 0 0 1 1 0 0 0 0 0 0 0 0 0 1 0 0 0 0 0 1 0 1 0 0 0 1 0 0 1 1 0 0 1 1 0 0 0 0 0 1 0 0 0 0 1 0 0 2 0 1 0 0 1 1 1 0 0 0 0 1 0 0 0 1 0 0 0 0
geno chr21.34550342 gbr  2 0 0 1 0 0 0 0 0 1 0 0 0 1 2 2 0 1 0 0 0 0 0 0 0 0 0 0 1 0 0 0 0 0 0 0 1 0 2 0 0 2 1 1 0 0 1 0 0 0 1 0 1 0 0 0 0 0 0 0 0 0 0 0 0 0 0 0 0 0 1 0 1 0 0 0 0 1 1 0 1 1 1 0
geno chr21.34550342 tsi  0 0 0 0 2 0 0 2 1 0 1 0 0 0 1 0 1 0 0 0 0 1 0 0 1 0 0 1 0 0 0 1 1 0 1 0 0 0 2 0 0 0 1 0 0 0 0 1 0 0 1 1 1 0 0 0 0 1 1 0 1 0 0 0 0 0 2 0 1 0 0 0 1 1 0 0 1 0 0 0 1 0 1 1 0 0 0 1 1 0 0 0
geno chr21.34550342 yri  0 0 0 0 0 0 0 0 0 1 0 0 0 0 0 0 0 0 0 0 0 0 0 0 0 0 0 0 0 0 0 0 0 0 1 0 0 0 0 0 0 0 0 0 0 0 0 0 0 0 0 0 0 1 0 0 1 0 0 0 0 0 0 0 0 0 1 0 0 0 0 0 0 0 0 0 0
geno chr21.34550355 ceu  0 0 1 0 0 0 0 0 0 0 0 0 0 0 0 0 0 0 0 0 0 0 0 0 0 0 0 0 0 0 0 0 0 0 0 0 0 0 0 0 0 0 0 0 0 0 0 0 0 0 0 0 0 0 0 0 0 0 0 0 0 0 1 0 0 0 0 0 0 0 0 0 0 0 0 0 0 0
geno chr21.34550355 fin  0 0 0 0 0 0 0 1 0 0 0 0 0 0 0 0 0 0 0 0 0 1 0 0 0 0 1 0 0 0 1 0 0 0 0 0 0 0 0 0 0 0 0 0 0 0 0 0 0 0 0 0 0 1 0 0 0 0 1 0 0 0 0 0 0 0 0 0 0 0 0 0 0 0 0 0 0 0 0 0 0 0 0 0 0 0 1 0 0
geno chr21.34550355 gbr  0 0 0 0 0 0 0 0 0 0 0 0 0 0 0 0 0 0 0 0 0 0 0 0 0 0 1 0 0 0 0 0 0 0 1 0 0 1 0 0 0 0 0 0 0 0 0 0 0 0 0 0 0 0 0 0 0 0 0 0 0 0 0 0 0 0 0 0 0 0 0 0 0 0 0 0 0 0 0 1 0 0 0 0
geno chr21.34550355 tsi  0 0 0 0 0 0 0 0 0 0 0 0 0 0 0 0 0 0 0 0 1 0 0 0 0 0 0 0 0 0 0 0 0 0 0 0 0 0 0 0 0 0 0 0 0 0 0 0 0 0 0 0 0 0 0 0 0 0 0 0 0 0 0 0 0 0 0 0 0 0 0 0 0 0 0 0 0 0 0 0 0 0 0 0 0 1 0 0 0 0 0 0
geno chr21.34550355 yri  2 0 1 0 0 0 0 1 2 0 1 1 0 0 0 0 0 0 1 1 0 0 0 0 0 0 0 0 0 0 0 1 1 0 0 1 0 0 0 0 1 0 0 0 1 2 0 0 1 1 0 0 2 0 1 1 0 2 0 1 0 1 0 0 1 0 0 0 0 0 2 0 0 1 1 0 1
geno chr21.34550455 ceu  0 0 0 0 0 0 0 0 0 0 0 0 0 0 0 0 0 0 0 0 0 0 0 0 0 0 0 0 0 0 0 0 0 0 0 0 0 0 0 0 0 0 0 0 0 0 0 0 0 0 0 0 0 0 0 0 0 0 0 0 0 0 0 0 0 0 0 0 0 0 0 0 0 0 0 0 0 0
geno chr21.34550455 fin  0 0 0 0 0 0 0 0 0 0 0 0 0 0 0 0 0 0 0 0 0 0 0 0 0 0 0 0 0 0 0 0 0 0 0 0 0 0 0 0 0 0 0 0 0 0 0 0 0 0 0 0 0 0 0 0 0 0 0 0 0 0 0 0 0 0 0 0 0 0 0 0 0 0 0 0 0 0 0 0 0 0 0 0 0 0 0 0 0
geno chr21.34550455 gbr  0 0 0 0 0 0 0 0 0 0 0 0 0 0 0 0 0 0 0 0 0 0 0 0 0 0 0 0 0 0 0 0 0 0 0 0 0 0 0 0 0 0 0 0 0 0 0 0 0 0 0 0 0 0 0 0 0 0 0 0 0 0 0 0 0 0 0 0 0 0 0 0 0 0 0 0 0 0 0 0 0 0 0 0
geno chr21.34550455 tsi  0 0 0 0 0 0 0 0 0 0 0 0 0 0 0 0 0 0 0 0 0 0 0 0 0 0 0 0 0 0 0 0 0 0 0 0 0 0 0 0 0 0 0 0 0 0 0 0 0 0 0 0 0 0 0 0 0 0 0 0 0 0 0 0 0 0 0 0 0 0 0 0 0 0 0 0 0 0 0 0 0 0 0 0 0 1 0 0 0 0 0 0
geno chr21.34550455 yri  2 0 1 0 0 0 0 1 2 0 1 1 0 0 0 0 0 0 1 1 0 0 0 0 0 0 0 0 0 0 0 1 1 0 0 1 0 0 0 0 1 0 0 0 1 2 0 0 1 1 0 0 2 0 1 1 0 2 0 1 0 1 0 0 1 0 0 0 0 0 2 0 0 1 1 0 1
geno chr21.34551192 ceu  0 1 1 0 0 0 1 0 0 0 0 0 0 0 0 0 1 0 0 0 0 0 0 0 0 0 0 0 0 0 0 0 0 0 0 0 0 1 0 0 0 0 0 0 0 0 0 0 0 0 0 0 0 0 0 0 0 0 1 0 0 0 0 0 0 0 0 0 0 0 0 1 1 0 0 0 0 1
geno chr21.34551192 fin  0 0 0 0 0 0 0 0 0 0 0 0 0 1 0 0 0 0 0 0 0 0 0 0 0 0 0 0 0 0 0 0 0 0 0 0 0 0 0 0 0 0 0 0 0 0 0 0 0 0 0 0 0 0 0 0 0 0 0 0 0 0 0 0 0 0 0 0 0 0 0 0 0 0 1 0 0 0 0 0 0 0 0 0 0 0 0 0 0
geno chr21.34551192 gbr  1 0 0 1 0 0 0 0 0 1 0 0 0 1 0 0 0 1 0 0 0 0 0 0 0 0 0 0 1 0 0 0 0 0 0 0 0 0 1 0 0 1 0 0 0 0 1 0 0 0 0 0 1 0 0 0 0 0 0 0 0 0 0 0 0 0 0 0 0 0 0 0 0 0 0 0 0 0 0 0 0 0 0 0
geno chr21.34551192 tsi  0 0 0 0 1 0 0 2 0 0 0 0 0 0 1 0 0 0 0 0 0 0 0 0 0 0 0 1 0 0 0 0 0 0 1 0 0 0 1 0 0 0 1 0 0 0 0 1 0 0 1 0 0 0 0 0 0 1 0 0 0 0 0 0 0 0 0 0 0 0 0 0 0 0 0 0 0 0 0 0 1 0 0 0 0 0 0 0 1 0 0 0
geno chr21.34551192 yri  0 0 0 0 0 0 0 0 0 0 0 0 0 0 0 0 0 0 0 0 0 0 0 0 0 0 0 0 0 0 0 0 0 0 0 0 0 0 0 0 0 0 0 0 0 0 0 0 0 0 0 0 0 0 0 0 0 0 0 0 0 0 0 0 0 0 0 0 0 0 0 0 0 0 0 0 0
geno chr21.34551343 ceu  0 2 2 2 1 0 1 0 1 2 0 1 1 0 2 2 1 1 0 1 0 0 2 2 1 0 0 0 1 1 1 0 2 0 0 0 0 1 1 0 1 1 0 1 1 1 1 0 1 1 2 1 1 1 0 1 1 1 1 0 0 0 2 2 0 1 1 0 2 0 0 2 2 2 1 0 0 1
geno chr21.34551343 fin  0 0 1 0 1 1 0 1 0 2 1 2 0 1 1 1 0 0 1 1 0 1 0 1 1 1 1 0 0 1 0 1 0 0 1 1 1 0 1 0 1 0 1 0 0 0 1 1 0 1 1 0 0 2 1 0 0 0 0 0 1 1 1 0 0 1 0 0 2 0 1 0 1 2 2 1 0 0 0 2 1 0 1 0 1 1 1 0 0
geno chr21.34551343 gbr  2 0 1 2 0 2 0 0 2 1 0 0 1 2 2 2 0 1 0 0 1 1 0 1 1 0 1 1 1 1 0 1 0 1 1 0 1 1 2 0 1 2 1 2 1 0 2 2 1 1 1 1 1 1 0 1 2 1 0 0 0 1 1 0 0 1 2 1 1 0 1 1 1 0 2 1 0 1 2 1 1 1 1 0
geno chr21.34551343 tsi  0 1 1 1 2 1 0 2 2 1 1 1 1 0 1 1 1 1 1 2 1 2 1 0 2 0 0 1 1 0 0 2 2 1 2 0 1 0 2 1 0 1 2 0 0 2 0 1 0 1 2 2 1 0 0 0 2 1 2 0 1 0 0 1 1 1 2 2 1 1 1 0 2 2 0 1 1 1 0 2 1 1 1 1 1 1 1 2 1 0 0 1
geno chr21.34551343 yri  2 1 1 0 0 0 0 1 2 1 1 1 0 1 1 2 0 1 1 1 0 0 1 0 0 0 0 0 1 0 1 2 1 0 2 1 1 1 0 0 1 0 1 1 1 2 2 0 2 1 1 2 1 2 2 1 1 1 1 1 0 2 0 0 2 0 1 0 1 1 2 0 1 1 2 0 2
geno chr21.34551997 ceu  0 1 1 1 0 0 1 0 0 0 0 0 1 0 0 1 1 0 0 0 0 0 1 0 1 0 0 0 0 0 1 0 1 0 0 0 0 1 0 0 0 0 0 0 0 0 0 0 0 0 0 0 0 0 0 1 1 0 1 0 0 0 0 1 0 0 1 0 0 0 0 1 1 0 1 0 0 1
geno chr21.34551997 fin  0 0 1 0 0 0 0 0 0 2 0 0 0 1 0 0 0 0 1 1 0 0 0 1 1 0 0 0 0 0 0 0 0 0 1 0 0 0 0 0 1 0 1 0 0 0 1 0 0 1 1 0 0 1 1 0 0 0 0 0 1 0 0 0 0 1 0 0 2 0 1 0 0 1 1 1 0 0 0 0 1 0 0 0 1 0 0 0 0
geno chr21.34551997 gbr  2 0 0 1 0 0 0 0 0 1 0 0 0 1 2 2 0 1 0 0 0 0 0 0 0 0 0 0 1 0 0 0 0 0 0 0 1 0 2 0 0 2 1 1 0 0 1 0 0 0 1 0 1 0 0 0 0 0 0 0 0 0 0 0 0 0 0 0 0 0 1 0 1 0 0 0 0 1 1 0 1 1 1 0
geno chr21.34551997 tsi  0 0 0 0 2 0 0 2 1 0 1 0 0 0 1 0 1 0 0 0 0 1 0 0 1 0 0 1 0 0 0 1 1 0 1 0 0 0 2 0 0 0 1 0 0 0 0 1 0 0 1 1 1 0 0 0 0 1 1 0 1 0 0 0 0 0 2 1 1 0 0 0 1 1 0 0 1 0 0 0 1 0 1 1 0 0 0 1 1 0 0 0
geno chr21.34551997 yri  0 0 0 0 0 0 0 0 0 1 0 0 0 0 0 0 0 0 0 0 0 0 0 0 0 0 0 0 0 0 0 0 0 0 1 0 0 0 0 0 0 0 0 0 0 0 0 0 0 0 0 0 0 1 0 0 1 0 0 0 0 0 0 0 0 0 1 0 0 0 0 0 0 0 0 0 0
geno chr21.34552010 ceu  0 1 1 0 1 0 0 0 1 2 0 1 0 0 2 1 0 1 0 1 0 0 1 1 0 0 0 0 1 1 0 0 1 0 0 0 0 0 1 0 1 1 0 1 1 1 1 0 1 1 1 1 1 1 0 0 0 1 0 0 0 0 1 1 0 1 0 0 2 0 0 1 1 2 0 0 0 0
geno chr21.34552010 fin  0 0 0 0 1 1 0 2 0 0 1 2 0 0 1 1 0 0 0 0 0 1 0 0 0 1 1 0 0 1 1 1 0 0 0 1 1 0 1 0 0 0 0 0 0 0 0 1 0 0 0 0 0 1 0 0 0 0 1 0 0 1 1 0 0 0 0 0 0 0 0 0 1 1 1 0 0 0 0 2 0 0 1 0 0 1 1 0 0
geno chr21.34552010 gbr  0 0 1 1 0 2 0 0 2 0 0 0 1 0 0 0 0 0 0 0 1 0 0 1 1 0 1 0 0 0 0 1 0 1 1 0 0 1 0 0 1 0 0 0 0 0 1 1 1 1 0 1 0 1 0 1 2 1 0 0 0 1 1 0 0 1 1 1 1 0 0 1 0 0 1 1 0 0 1 1 0 0 0 0
geno chr21.34552010 tsi  0 1 1 1 0 0 0 0 1 0 0 1 1 0 0 1 0 1 0 2 1 1 1 0 1 0 0 0 1 0 0 1 1 1 0 0 1 0 0 0 0 0 1 0 0 2 0 0 0 1 0 1 0 0 0 0 2 0 1 0 0 0 0 0 1 1 0 0 0 1 1 0 1 1 0 1 0 1 0 2 0 1 0 0 0 0 1 0 0 0 0 0
geno chr21.34552010 yri  0 1 0 0 0 0 0 0 0 0 0 0 0 1 1 0 0 1 0 0 0 0 1 0 0 0 0 0 1 0 0 1 0 0 1 0 1 1 0 0 0 0 1 0 0 0 1 0 0 0 1 2 0 0 2 0 0 0 0 0 0 0 0 0 1 0 0 0 0 1 0 0 1 0 1 0 1
geno chr21.34552200 ceu  0 1 1 1 0 0 1 0 0 0 0 0 1 0 0 1 1 0 0 0 0 0 1 0 1 0 0 0 0 0 1 0 1 0 0 0 0 1 0 0 0 0 0 0 0 0 0 0 0 0 0 0 0 0 0 1 1 0 1 0 0 0 0 1 0 0 1 0 0 0 0 1 1 0 1 0 0 1
geno chr21.34552200 fin  0 0 1 0 0 0 0 0 0 2 0 0 0 1 0 0 0 0 1 1 0 0 0 1 1 0 0 0 0 0 0 0 0 0 1 0 0 0 0 0 1 0 1 0 0 0 1 0 0 1 1 0 0 1 1 0 0 0 0 0 1 0 0 0 0 1 0 0 2 0 1 0 0 1 1 1 0 0 0 0 1 0 0 0 1 0 0 0 0
geno chr21.34552200 gbr  2 0 0 1 0 0 0 0 0 1 0 0 0 1 2 2 0 1 0 0 0 0 0 0 0 0 0 0 1 0 0 0 0 0 0 0 1 0 2 0 0 2 1 1 0 0 1 0 0 0 1 0 1 0 0 0 0 0 0 0 0 0 0 0 0 0 0 0 0 0 1 0 1 0 0 0 0 1 1 0 1 1 1 0
geno chr21.34552200 tsi  0 0 0 0 2 0 0 2 1 0 1 0 0 0 1 0 1 0 0 0 0 1 0 0 1 0 0 1 0 0 0 1 1 0 1 0 0 0 2 0 0 0 1 0 0 0 0 1 0 0 1 1 1 0 0 0 0 1 1 0 1 0 0 0 0 0 2 1 1 0 0 0 1 1 0 0 1 0 0 0 1 0 1 1 0 0 0 1 1 0 0 0
geno chr21.34552200 yri  0 0 0 0 0 0 0 0 0 1 0 0 0 0 0 0 0 0 0 0 0 0 0 0 0 0 0 0 0 0 0 0 0 0 1 0 0 0 0 0 0 0 0 0 0 0 0 0 0 0 0 0 0 1 0 0 1 0 0 0 0 0 0 0 0 0 1 0 0 0 0 0 0 0 0 0 0
geno chr21.34552470 ceu  0 1 1 1 0 0 1 0 0 0 0 0 1 0 0 1 1 0 0 0 0 0 1 0 1 0 0 0 0 0 1 0 1 0 0 0 0 1 0 0 0 0 0 0 0 0 0 0 0 0 0 0 0 0 0 1 1 0 1 0 0 0 0 1 0 0 1 0 0 0 0 1 1 0 1 0 0 1
geno chr21.34552470 fin  0 0 1 0 0 0 0 0 0 2 0 0 0 1 0 0 0 0 1 1 0 0 0 1 1 0 0 0 0 0 0 0 0 0 1 0 0 0 0 0 1 0 1 0 0 0 1 0 0 1 1 0 0 1 1 0 0 0 0 0 1 0 0 0 0 1 0 0 2 0 1 0 0 1 1 1 0 0 0 0 1 0 0 0 1 0 0 0 0
geno chr21.34552470 gbr  2 0 0 1 0 0 0 0 0 1 0 0 0 1 2 2 0 1 0 0 0 0 0 0 0 0 0 0 1 0 0 0 0 0 0 0 1 0 2 0 0 2 1 1 0 0 1 0 0 0 1 0 1 0 0 0 0 0 0 0 0 0 0 0 0 0 0 0 0 0 1 0 1 0 0 0 0 1 1 0 1 1 1 0
geno chr21.34552470 tsi  0 0 0 0 2 0 0 2 1 0 1 0 0 0 1 0 1 0 0 0 0 1 0 0 1 0 0 1 0 0 0 1 1 0 1 0 0 0 2 0 0 0 1 0 0 0 0 1 0 0 1 1 1 0 0 0 0 1 1 0 1 0 0 0 0 0 2 1 1 0 0 0 1 1 0 0 1 0 0 0 1 0 1 1 0 1 0 1 1 0 0 0
geno chr21.34552470 yri  2 0 1 0 0 0 0 1 2 1 1 1 0 0 0 0 0 0 1 1 0 0 0 0 0 0 0 0 0 0 0 1 1 0 1 1 0 0 0 0 1 0 0 0 1 2 0 0 1 1 0 0 2 1 1 1 1 2 0 1 0 1 0 0 1 0 1 0 0 0 2 0 0 1 1 0 1
