pheno ENSG00000180611 ceu -2.784417 -0.7434284 -0.6173734 0.7884065 -0.1042736 0.008393274 -1.179373 0.7725009 -0.5089185 -1.250499 -1.612979 -0.9407915 -0.1641119 0.01319047 -1.901889 -0.7737621 1.911164 -1.167468 -1.081864 -0.5815668 -0.4077456 0.7403048 -0.7866223 0.9226472 0.08510341 0.6886836 -0.331518 0.3226983 -1.926441 -1.475193 0.1787454 -0.05807027 1.798487 -0.4374798 0.9086967 0.4298311 -0.6863296 -0.2650122 -0.4716926 0.339213 1.327198 0.1082179 -2.300136 -0.2968279 -1.298196 -0.4902036 -1.252884 -1.725144 -0.05779832 0.03947971 0.0417966 0.566657 -1.121952 -0.3812931 -1.820561 0.1644067 -0.09836572 0.3006087 -1.396887 -1.096979 0.9508582 -0.8124208 0.5615841 -1.300757 -0.2454416 0.162891 -0.184887 -0.3396594 0.4161795 -1.970364 0.5165396 -4.390029 -1.086168 -2.421662 0.01342858 -1.6195 -1.205655 0.1487769
pheno ENSG00000180611 fin -0.5365858 2.595311 1.795178 1.01703 1.117618 1.513217 0.649126 1.296019 2.390709 1.380395 1.54081 0.7201311 0.7167532 2.786622 1.072553 0.4772294 2.151874 0.3269178 0.8350223 0.7426327 1.195699 0.7589057 0.9133138 2.975216 1.797649 1.176098 1.335381 0.8730297 0.9470334 0.347835 0.5398757 1.842254 1.54017 1.160208 -0.3632446 0.3077931 2.005012 2.250641 0.7894393 2.853287 0.9183867 -0.6332293 0.84133 1.257569 0.03271933 3.649751 2.978082 0.7316365 -0.9295136 -1.051596 2.617011 1.666916 2.051239 1.099658 1.110975 1.598029 0.01831516 1.591202 0.5220707 2.07164 1.153706 -0.2890232 1.987745 2.239544 0.8959292 -0.2832648 -0.3049919 -0.03398182 0.5297228 4.565563 1.360499 1.199713 1.320843 1.445955 1.462324 0.5471218 -0.3306261 0.5922585 1.468715 0.04052621 0.1494886 0.5917914 0.2884734 2.021652 3.686743 0.5713759 0.1562488 -0.2414251 1.590466
pheno ENSG00000180611 gbr -0.9214557 -2.269229 -0.8626527 -1.939243 -1.15262 -2.407103 -2.140445 -1.476398 -1.053339 -4.667433 -0.2257211 -0.1324972 0.8246985 -1.711294 -1.715421 -1.47377 -0.7171866 -1.683949 -3.743429 -1.674039 -1.237951 -1.99738 -0.5698273 -2.854279 -1.436002 -2.047471 -0.1673932 -3.020694 -2.937016 -1.377387 -2.241384 -2.575875 -2.264258 -1.494837 -1.116026 -2.360392 -0.6603653 -1.82712 -1.01368 -1.133659 -1.255096 -3.097167 0.5300031 -3.838697 -1.065871 -1.330867 -3.866369 -1.914478 -3.328015 -2.254773 -1.709975 -1.672795 -2.356714 -2.368653 -1.236002 -1.290044 0.0145586 -1.641645 -1.25752 -0.9884205 -1.22257 -0.7518908 -2.067836 -2.68067 -3.208094 -1.844242 -1.501338 -2.508792 -1.836656 -1.992447 -1.558426 -2.248747 -2.188864 -2.994463 -2.3026 -0.7366951 -1.127758 -3.523839 -2.601907 -0.7739003 -0.9682255 -0.6780151 -3.50526 -1.532032
pheno ENSG00000180611 tsi 0.02499466 1.544742 0.7262237 1.396968 0.5901019 -0.1996765 0.9122285 1.399673 1.825152 0.1358829 0.1040753 -0.8212665 0.4451663 -1.136403 -0.5090088 0.6520693 0.8039511 -0.1715481 -1.529117 1.592463 0.1760297 2.123356 1.844343 1.265312 0.5573202 1.259672 0.923316 1.823682 0.3834956 0.2795322 1.154932 0.9826255 0.4692223 0.712176 -0.5708555 1.836707 0.496282 1.163212 0.1425808 1.755641 1.665167 1.73981 0.8627185 2.079649 1.559145 2.055625 0.2873642 0.4042315 1.074234 0.498339 0.6663578 1.252514 2.447521 0.8929547 0.7836002 0.9316638 2.231974 0.2110187 0.9437391 0.261845 1.844366 1.297012 -0.5849473 0.5396463 2.790465 0.498432 3.222333 1.509493 0.1596059 1.979989 0.5796227 1.132699 1.677302 1.500755 0.4208121 1.505098 1.325389 0.38424 -0.1445819 1.402667 1.914414 0.1653506 -0.9169896 0.9851188 0.1556562 0.4736276 -0.5234304 3.590745 0.369466 1.168912 1.184871 0.9086102
pheno ENSG00000180611 yri 2.319445 1.416702 1.711644 -0.3224334 0.5667413 1.614549 3.100623 2.727522 3.386573 1.97849 0.9736408 1.142075 1.675849 1.375096 2.448198 0.7049719 1.902698 2.839427 2.229319 1.179275 1.964993 0.7496323 0.6642229 1.736665 1.803368 2.959665 2.076377 1.938794 2.36159 1.97967 4.036897 2.383927 1.687828 4.354305 2.371426 1.767334 2.128788 1.774269 2.1056 1.185117 2.321443 2.011897 0.296566 -0.4393842 2.054135 1.888265 3.54454 2.055759 3.573792 1.922572 1.261254 2.226606 -0.2191402 1.814017 1.731322 0.6254388 0.3624122 0.2328444 1.337933 1.586613 4.268032 1.078411 1.699836 0.3433671 0.1296735 0.1713218 1.777126 1.375993 2.285066 1.619028 1.300272 0.2991677 2.260997 2.604589 2.716336 3.41427 0.8457582
geno chr3.192536060 ceu  0 0 0 0 0 1 0 0 0 0 0 0 0 0 0 0 0 0 0 0 0 1 0 0 1 0 0 0 0 0 1 0 0 1 0 0 0 0 0 0 0 0 0 0 0 0 0 1 0 0 1 0 0 0 0 0 1 0 1 0 0 0 0 0 2 0 0 0 0 0 0 1 0 0 0 0 0 1
geno chr3.192536060 fin  0 0 0 0 0 0 1 0 0 0 0 0 0 0 1 0 0 0 0 0 0 0 0 2 0 0 0 0 1 0 0 1 0 0 0 0 0 0 0 0 0 1 0 0 0 0 0 1 1 0 0 1 0 0 0 0 1 0 0 0 0 0 0 0 0 0 0 0 1 0 0 1 0 1 0 0 0 0 0 0 0 1 1 0 0 1 0 2 0
geno chr3.192536060 gbr  0 1 1 0 0 0 0 1 0 0 1 0 0 0 0 0 0 1 0 0 0 0 1 0 0 0 0 1 0 0 0 0 0 0 0 0 0 1 0 1 0 0 0 0 0 0 0 0 0 0 0 0 1 0 0 0 0 0 0 0 0 0 0 0 0 0 0 0 0 0 0 1 1 0 0 0 1 0 0 0 0 1 0 0
geno chr3.192536060 tsi  1 0 0 1 0 1 0 0 0 0 0 0 1 0 1 0 1 0 0 0 0 0 0 0 0 1 0 0 0 0 0 1 1 0 0 1 1 1 0 1 0 0 1 0 0 0 0 1 0 1 1 0 0 0 0 0 0 0 0 0 0 0 1 0 1 0 0 0 0 0 1 0 0 1 1 1 0 0 0 1 0 0 1 0 1 0 0 0 0 0 0 0
geno chr3.192536060 yri  1 1 0 1 1 1 1 2 1 2 2 2 1 1 2 1 0 1 2 1 1 1 2 1 1 1 1 1 1 0 2 2 1 2 1 1 1 2 0 1 1 2 1 2 0 1 1 2 2 1 2 0 1 1 2 2 2 2 2 1 2 1 2 2 1 2 2 1 0 1 2 2 1 1 1 0 1
geno chr3.192536466 ceu  0 2 1 1 2 0 1 2 0 2 0 0 0 1 2 2 1 2 1 1 0 1 1 2 0 2 0 1 2 1 0 0 0 1 1 0 0 0 1 2 1 0 1 0 1 2 2 1 2 1 0 1 0 1 2 0 0 0 0 0 1 1 1 1 0 1 0 0 1 1 1 1 2 1 1 0 2 0
geno chr3.192536466 fin  2 2 0 0 0 0 1 2 2 1 0 1 1 0 1 0 0 2 0 0 1 1 1 0 1 1 1 1 1 0 1 1 0 1 1 2 1 1 1 0 1 0 0 2 1 0 0 0 1 0 0 0 0 1 1 2 1 1 2 1 1 1 2 0 0 2 0 2 1 0 1 0 1 0 0 1 0 0 1 0 2 0 0 2 2 0 0 0 2
geno chr3.192536466 gbr  1 1 1 1 0 1 0 1 2 1 0 1 1 1 0 2 0 1 1 0 0 2 1 0 1 0 0 1 0 1 2 0 0 1 0 0 1 0 0 1 0 0 2 1 2 2 0 1 0 1 0 1 1 2 1 2 2 2 2 2 1 2 0 0 1 1 2 0 1 1 2 1 1 1 0 2 0 0 2 0 0 1 2 1
geno chr3.192536466 tsi  0 1 1 1 1 1 1 1 1 1 1 1 1 1 1 2 1 1 0 1 1 2 2 1 0 0 1 0 1 0 1 0 1 1 1 1 0 0 2 1 0 0 0 2 0 1 0 1 1 1 0 2 1 1 1 1 2 1 1 1 0 0 1 2 0 0 0 1 2 2 1 1 1 1 1 0 2 1 1 1 1 1 0 0 1 1 2 0 1 1 1 1
geno chr3.192536466 yri  0 1 2 0 1 0 0 0 1 0 0 0 0 1 0 0 2 1 0 1 1 1 0 1 0 1 0 0 1 1 0 0 0 0 1 1 1 0 2 1 1 0 0 0 2 1 1 0 0 0 0 2 1 0 0 0 0 0 0 1 0 1 0 0 1 0 0 1 1 1 0 0 1 0 1 2 1
geno chr3.192536623 ceu  0 2 1 1 2 0 1 2 0 2 0 0 0 1 2 2 1 2 1 1 0 1 1 2 0 2 0 1 2 1 0 0 0 1 1 0 0 0 1 2 1 0 1 0 1 2 2 1 2 1 0 1 0 1 2 0 0 0 0 0 1 1 1 1 0 1 0 0 1 1 1 1 2 1 1 0 2 0
geno chr3.192536623 fin  2 2 0 0 0 0 1 2 2 1 0 1 1 0 1 0 0 2 0 0 1 1 1 0 1 1 1 1 1 0 1 1 0 1 1 2 1 1 1 0 1 0 0 2 1 0 0 0 1 0 0 0 0 1 1 2 1 1 2 1 1 1 2 0 0 2 0 2 1 0 1 0 1 0 0 1 0 0 1 0 2 0 0 2 2 0 0 0 2
geno chr3.192536623 gbr  1 1 1 1 0 1 0 1 2 1 0 1 1 1 0 2 0 1 1 0 0 2 1 0 1 0 0 1 0 1 2 0 0 1 0 0 1 0 0 1 0 0 2 1 2 2 0 1 0 1 0 1 1 2 1 2 2 2 2 2 1 2 0 0 1 1 2 0 1 1 2 1 1 1 0 2 0 0 2 0 0 1 2 1
geno chr3.192536623 tsi  0 1 1 1 1 1 1 1 1 1 1 1 1 1 1 2 1 1 0 1 1 2 2 1 0 0 1 0 1 0 1 0 1 1 1 1 0 0 2 1 0 0 0 2 0 1 0 1 1 1 0 2 1 1 1 1 2 1 1 1 0 0 1 2 0 0 0 1 2 2 1 1 1 1 1 0 2 1 1 1 1 1 0 0 1 1 2 0 1 1 1 1
geno chr3.192536623 yri  0 0 2 0 1 0 0 0 1 0 0 0 0 1 0 0 2 1 0 0 1 1 0 1 0 0 0 0 0 1 0 0 0 0 0 1 1 0 0 0 1 0 0 0 0 1 1 0 0 0 0 2 1 0 0 0 0 0 0 1 0 1 0 0 1 0 0 1 1 1 0 0 1 0 1 1 1
geno chr3.192536950 ceu  0 2 1 1 2 1 1 2 0 2 0 0 0 1 2 2 1 2 1 1 0 2 1 2 1 2 0 1 2 1 1 0 0 2 1 0 0 0 1 2 1 0 1 0 1 2 2 2 2 1 1 1 0 1 2 0 1 0 1 0 1 1 1 1 2 1 0 0 1 1 1 2 2 1 1 0 2 1
geno chr3.192536950 fin  2 2 0 0 0 0 2 2 2 1 0 1 1 0 2 0 0 2 0 0 1 1 1 2 1 1 1 1 2 0 1 2 0 1 1 2 1 1 1 0 1 1 0 2 1 0 0 1 2 0 0 1 0 1 1 2 2 1 2 1 1 1 2 0 0 2 0 2 2 0 1 1 1 1 0 1 0 0 1 0 2 1 1 2 2 1 0 2 2
geno chr3.192536950 gbr  1 2 2 1 0 1 0 2 2 1 1 1 1 1 0 2 0 2 1 0 0 2 2 0 1 0 0 2 0 1 2 0 0 1 0 0 1 1 0 2 0 0 2 1 2 2 0 1 0 1 0 1 2 2 1 2 2 2 2 2 1 2 0 0 1 1 2 0 1 1 2 2 2 1 0 2 1 0 2 0 0 2 2 1
geno chr3.192536950 tsi  1 1 1 2 1 2 1 1 1 1 1 1 2 1 2 2 2 1 0 1 1 2 2 1 0 1 1 0 1 0 1 1 2 1 1 2 1 1 2 2 0 0 1 2 0 1 0 2 1 2 1 2 1 1 1 1 2 1 1 1 0 0 2 2 1 0 0 1 2 2 2 1 1 2 2 1 2 1 1 2 1 1 1 0 2 1 2 0 1 1 1 1
geno chr3.192536950 yri  2 2 2 1 2 1 1 2 2 2 2 2 1 2 2 1 2 2 2 2 2 2 1 2 1 2 1 1 2 1 2 2 1 2 2 2 2 1 2 2 2 2 1 2 2 2 2 2 2 1 2 2 2 1 2 2 2 2 2 2 2 2 2 2 2 2 2 2 2 2 2 1 2 1 2 2 2
geno chr3.192537009 ceu  0 0 0 0 0 1 0 0 0 0 0 0 0 0 0 0 0 0 0 0 0 0 0 0 0 0 0 0 0 0 0 0 0 0 0 0 0 0 0 0 0 0 0 0 0 0 0 0 0 0 0 0 0 0 0 0 0 0 1 0 0 0 0 0 0 0 0 0 0 0 0 0 0 0 0 0 0 0
geno chr3.192537009 fin  0 0 0 0 0 0 0 0 0 0 0 0 0 0 0 0 0 0 0 0 0 0 0 0 0 0 0 0 0 0 0 0 0 0 0 0 0 0 0 0 0 0 0 0 0 0 0 0 0 0 0 0 0 0 0 0 0 0 0 0 0 0 0 0 0 0 0 0 0 0 0 0 0 0 0 0 0 0 0 0 0 0 0 0 0 0 0 0 0
geno chr3.192537009 gbr  0 0 0 0 0 0 0 1 0 0 0 0 0 0 0 0 0 0 0 0 0 0 0 0 0 0 0 0 0 0 0 0 0 0 0 0 0 0 0 0 0 0 0 0 0 0 0 0 0 0 0 0 1 0 0 0 0 0 0 0 0 0 0 0 0 0 0 0 0 0 0 0 1 0 0 0 0 0 0 0 0 0 0 0
geno chr3.192537009 tsi  0 0 0 1 0 0 0 0 0 0 0 0 0 0 0 0 0 0 0 0 0 0 0 0 0 0 0 0 0 0 0 0 0 0 0 0 0 0 0 0 0 0 0 0 0 0 0 0 0 0 0 0 0 0 0 0 0 0 0 0 0 0 0 0 0 0 0 0 0 0 0 0 0 0 0 0 0 0 0 0 0 0 1 0 0 0 0 0 0 0 0 0
geno chr3.192537009 yri  1 1 0 1 1 0 1 1 1 2 2 2 1 1 1 1 0 1 1 1 1 1 2 1 1 1 0 0 1 0 0 1 1 1 1 1 1 2 0 1 1 2 1 1 0 1 1 1 1 1 2 0 1 0 1 1 2 2 2 1 1 0 2 1 1 2 1 1 0 0 1 1 1 0 1 0 0
geno chr3.192537014 ceu  0 0 0 0 0 1 0 0 0 0 0 0 0 0 0 0 0 0 0 0 0 0 0 0 0 0 0 0 0 0 0 0 0 0 0 0 0 0 0 0 0 0 0 0 0 0 0 0 0 0 0 0 0 0 0 0 0 0 1 0 0 0 0 0 0 0 0 0 0 0 0 0 0 0 0 0 0 0
geno chr3.192537014 fin  0 0 0 0 0 0 0 0 0 0 0 0 0 0 0 0 0 0 0 0 0 0 0 0 0 0 0 0 0 0 0 0 0 0 0 0 0 0 0 0 0 0 0 0 0 0 0 0 0 0 0 0 0 0 0 0 0 0 0 0 0 0 0 0 0 0 0 0 0 0 0 0 0 0 0 0 0 0 0 0 0 0 0 0 0 0 0 0 0
geno chr3.192537014 gbr  0 0 0 0 0 0 0 1 0 0 0 0 0 0 0 0 0 0 0 0 0 0 0 0 0 0 0 0 0 0 0 0 0 0 0 0 0 0 0 0 0 0 0 0 0 0 0 0 0 0 0 0 1 0 0 0 0 0 0 0 0 0 0 0 0 0 0 0 0 0 0 0 1 0 0 0 0 0 0 0 0 0 0 0
geno chr3.192537014 tsi  0 0 0 1 0 0 0 0 0 0 0 0 0 0 0 0 0 0 0 0 0 0 0 0 0 0 0 0 0 0 0 0 0 0 0 0 0 0 0 0 0 0 0 0 0 0 0 0 0 0 0 0 0 0 0 0 0 0 0 0 0 0 0 0 0 0 0 0 0 0 0 0 0 0 0 0 0 0 0 0 0 0 1 0 0 0 0 0 0 0 0 0
geno chr3.192537014 yri  1 1 0 1 1 0 1 1 1 2 2 2 1 1 1 1 0 1 1 1 1 1 1 1 1 1 0 0 1 0 0 1 0 1 1 1 1 1 0 1 0 2 1 1 0 1 1 1 1 1 1 0 1 0 1 1 1 2 2 0 1 0 2 1 1 1 1 1 0 0 1 1 1 0 1 0 0
geno chr3.192537316 ceu  0 2 1 1 2 1 1 2 0 2 0 0 0 1 2 2 1 2 1 1 0 2 1 2 2 2 0 1 2 1 1 1 0 2 1 1 0 0 1 2 1 0 1 0 1 2 2 2 2 1 1 1 0 1 2 1 1 0 1 0 1 1 1 1 2 1 0 0 1 1 1 2 2 1 1 0 2 1
geno chr3.192537316 fin  2 2 0 0 0 0 2 2 2 1 0 1 1 0 2 0 0 2 0 0 1 1 1 2 1 1 1 1 2 0 1 2 0 1 1 2 1 1 2 0 1 1 0 2 1 0 0 1 2 0 0 1 0 1 1 2 2 1 2 1 1 1 2 0 0 2 0 2 2 0 1 1 1 1 0 1 0 0 1 0 2 1 1 2 2 1 0 2 2
geno chr3.192537316 gbr  1 2 2 1 0 1 0 2 2 1 1 1 1 1 0 2 0 2 1 0 0 2 2 0 1 0 0 2 0 1 2 0 0 1 0 0 1 1 0 2 0 0 2 2 2 2 0 1 0 1 0 1 2 2 1 2 2 2 2 2 1 2 0 0 1 1 2 0 1 1 2 2 2 1 0 2 1 0 2 0 0 2 2 1
geno chr3.192537316 tsi  1 1 1 2 1 2 1 2 1 1 1 1 2 1 2 2 2 1 0 1 1 2 2 1 0 1 1 0 1 0 1 1 2 1 1 2 1 1 2 2 0 0 1 2 0 1 1 2 1 2 1 2 1 1 1 1 2 1 1 1 0 0 2 2 1 0 0 1 2 2 2 1 1 2 2 1 2 1 1 2 1 1 1 0 2 1 2 0 1 1 1 1
geno chr3.192537316 yri  2 2 2 2 2 2 2 2 2 2 2 2 1 2 2 1 2 2 2 2 2 2 2 2 2 2 1 1 2 1 2 2 1 2 2 2 2 2 2 2 2 2 1 2 2 2 2 2 2 2 2 2 2 2 2 2 2 2 2 2 2 2 2 2 2 2 2 2 2 2 2 1 2 2 2 2 2
geno chr3.192538160 ceu  0 2 1 1 2 1 1 2 0 2 0 0 0 1 2 2 1 2 1 1 0 2 1 2 1 2 0 1 2 1 1 0 0 2 1 0 0 0 1 2 1 0 1 0 1 2 2 2 2 1 1 1 0 1 2 0 1 0 1 0 1 1 1 1 2 1 0 1 1 1 1 2 2 1 1 0 2 1
geno chr3.192538160 fin  2 2 0 0 0 0 2 2 2 1 0 1 1 0 2 0 0 2 0 0 1 1 1 2 1 1 1 1 2 0 1 2 0 1 1 2 1 1 1 0 1 1 0 2 1 0 0 1 2 0 0 1 0 1 1 2 2 1 2 1 1 1 2 0 0 2 0 2 2 0 1 1 1 1 0 1 0 0 1 0 2 1 1 2 2 1 0 2 2
geno chr3.192538160 gbr  1 2 2 1 0 1 0 2 2 1 1 1 1 1 0 2 0 2 1 0 0 2 2 0 1 0 0 2 0 1 2 0 0 1 0 0 1 1 0 2 0 0 2 1 2 2 0 1 0 1 0 1 2 2 1 2 2 2 2 2 1 2 0 0 1 1 2 0 1 1 2 2 2 1 0 2 1 0 2 0 0 2 2 1
geno chr3.192538160 tsi  1 1 1 2 1 2 1 1 1 1 1 1 2 1 2 2 2 1 0 1 1 2 2 1 0 1 1 0 1 0 1 1 2 1 1 2 1 1 2 2 0 0 1 2 0 1 0 2 1 2 1 2 1 1 1 1 2 1 1 1 0 0 2 2 1 0 0 1 2 2 2 1 1 2 2 1 2 1 1 2 1 1 1 0 2 1 2 0 1 1 1 1
geno chr3.192538160 yri  1 1 2 1 2 1 1 2 2 2 2 2 1 2 2 1 2 2 2 1 2 2 2 2 1 1 1 1 1 1 2 2 1 2 1 2 2 2 0 1 2 2 1 2 0 2 2 2 2 1 2 2 2 1 2 2 2 2 2 2 2 2 2 2 2 2 2 2 1 2 2 1 2 1 2 1 2
geno chr3.192538167 ceu  0 2 1 1 2 1 1 2 0 2 0 0 0 1 2 2 1 2 1 1 0 2 1 2 1 2 0 1 2 1 1 0 0 2 1 0 0 0 1 2 1 0 1 0 1 2 2 2 2 1 1 1 0 1 2 0 1 0 1 0 1 1 1 1 2 1 0 1 1 1 1 2 2 1 1 0 2 1
geno chr3.192538167 fin  2 2 0 0 0 0 2 2 2 1 0 1 1 0 2 0 0 2 0 0 1 1 1 2 1 1 1 1 2 0 1 2 0 1 1 2 1 1 1 0 1 1 0 2 1 0 0 1 2 0 0 1 0 1 1 2 2 1 2 1 1 1 2 0 0 2 0 2 2 0 1 1 1 1 0 1 0 0 1 0 2 1 1 2 2 1 0 2 2
geno chr3.192538167 gbr  1 2 2 1 0 1 0 2 2 1 1 1 1 1 0 2 0 2 1 0 0 2 2 0 1 0 0 2 0 1 2 0 0 1 0 0 1 1 0 2 0 0 2 1 2 2 0 1 0 1 0 1 2 2 1 2 2 2 2 2 1 2 0 0 1 1 2 0 1 1 2 2 2 1 0 2 1 0 2 0 0 2 2 1
geno chr3.192538167 tsi  1 1 1 2 1 2 1 1 1 1 1 1 2 1 2 2 2 1 0 1 1 2 2 1 0 1 1 0 1 0 1 1 2 1 1 2 1 1 2 2 0 0 1 2 0 1 0 2 1 2 1 2 1 1 1 1 2 1 1 1 0 0 2 2 1 0 0 1 2 2 2 1 1 2 2 1 2 1 1 2 1 1 1 0 2 1 2 0 1 1 1 1
geno chr3.192538167 yri  2 2 2 1 2 1 1 2 2 2 2 2 1 2 2 1 2 2 2 2 2 2 2 2 1 2 1 1 2 2 2 2 2 2 2 2 2 2 2 2 2 2 1 2 2 2 2 2 2 1 2 2 2 1 2 2 2 2 2 2 2 2 2 2 2 2 2 2 2 2 2 1 2 1 2 2 2
geno chr3.192538313 ceu  0 2 1 1 2 1 1 2 0 2 0 0 0 1 2 2 1 2 1 1 0 2 1 2 1 2 0 1 2 1 1 0 0 2 1 0 0 0 1 2 1 0 1 0 1 2 2 2 2 1 1 1 0 1 2 0 1 0 1 0 1 1 1 1 2 1 0 1 1 1 1 2 2 1 1 0 2 1
geno chr3.192538313 fin  2 2 0 0 0 0 2 2 2 1 0 1 1 0 2 0 0 2 0 0 1 1 1 2 1 1 1 1 2 0 1 2 0 1 1 2 1 1 1 0 1 1 0 2 1 0 0 1 2 0 0 1 0 1 1 2 2 1 2 1 1 1 2 0 0 2 0 2 2 0 1 1 1 1 0 1 0 0 1 0 2 1 1 2 2 1 0 2 2
geno chr3.192538313 gbr  1 2 2 1 0 1 0 2 2 1 1 1 1 1 0 2 0 2 1 0 0 2 2 0 1 0 0 2 0 1 2 0 0 1 0 0 1 1 0 2 0 0 2 1 2 2 0 1 0 1 0 1 2 2 1 2 2 2 2 2 1 2 0 0 1 1 2 0 1 1 2 2 2 1 0 2 1 0 2 0 0 2 2 1
geno chr3.192538313 tsi  1 1 1 2 1 2 1 1 1 1 1 1 2 1 2 2 2 1 0 1 1 2 2 1 0 1 1 0 1 0 1 1 2 1 1 2 1 1 2 2 0 0 1 2 0 1 0 2 1 2 1 2 1 1 1 1 2 1 1 1 0 0 2 2 1 0 0 1 2 2 2 1 1 2 2 1 2 1 1 2 1 1 1 0 2 1 2 0 1 1 1 1
geno chr3.192538313 yri  2 2 2 1 2 1 1 2 2 2 2 2 1 2 2 1 2 2 2 2 2 2 2 2 1 2 1 1 2 1 2 2 1 2 2 2 2 2 2 2 2 2 1 2 2 2 2 2 2 1 2 2 2 1 2 2 2 2 2 2 2 2 2 2 2 2 2 2 2 2 2 1 2 1 2 2 2
geno chr3.192538716 ceu  0 0 0 0 0 0 0 0 0 0 0 0 0 0 1 0 0 0 0 0 0 0 0 0 0 0 0 0 1 1 0 0 0 1 0 0 0 0 0 0 0 0 0 0 0 0 1 0 0 0 0 0 0 0 0 0 0 0 0 0 0 0 1 0 0 0 0 0 0 0 0 0 0 0 0 0 1 0
geno chr3.192538716 fin  0 1 0 0 0 0 0 0 0 0 0 1 0 0 0 0 0 0 0 0 0 0 0 0 0 0 0 0 0 0 0 0 0 0 0 0 0 0 0 0 0 0 0 0 0 0 0 0 0 0 0 0 0 0 0 0 0 0 0 0 0 0 0 0 0 1 0 0 0 0 0 0 0 0 0 0 0 0 0 0 0 0 0 1 0 0 0 0 0
geno chr3.192538716 gbr  1 0 0 0 0 0 0 0 0 0 0 0 0 0 0 0 0 0 0 0 0 0 0 0 0 0 0 0 0 0 0 0 0 0 0 0 0 0 0 1 0 0 0 0 0 1 0 1 0 1 0 0 0 0 0 0 0 0 0 0 0 0 0 0 0 0 1 0 0 0 0 0 0 0 0 1 0 0 0 0 0 1 1 0
geno chr3.192538716 tsi  0 0 0 0 0 0 0 0 0 0 0 0 0 0 0 0 0 0 0 0 0 0 0 0 0 0 0 0 0 0 0 0 0 0 0 0 0 0 0 0 0 0 0 0 0 0 0 0 0 0 0 0 0 0 0 0 0 0 0 0 0 0 1 0 0 0 0 0 0 0 0 0 0 0 0 0 0 0 0 0 0 0 0 0 0 0 0 0 0 0 0 0
geno chr3.192538716 yri  0 0 0 0 1 0 0 0 0 0 0 0 0 0 0 0 0 0 0 0 0 0 1 0 0 0 0 0 0 0 0 2 0 0 0 1 0 0 0 0 0 0 0 0 0 0 0 0 0 0 0 0 0 0 2 1 0 0 0 0 0 0 0 0 0 1 0 0 0 0 0 0 0 0 0 0 0
geno chr3.192538725 ceu  0 2 1 1 2 1 1 2 0 2 0 0 0 1 2 2 1 2 1 1 0 2 1 2 1 2 0 1 2 1 1 0 0 2 1 0 0 0 1 2 1 0 1 0 1 2 2 2 2 1 1 1 0 1 2 0 1 0 1 0 1 1 1 1 2 1 0 1 1 1 1 2 2 1 1 0 2 1
geno chr3.192538725 fin  2 2 0 0 0 0 2 2 2 1 0 1 1 0 2 0 0 2 0 0 1 1 1 2 1 1 1 1 2 0 1 2 0 1 1 2 1 1 1 0 1 1 0 2 1 0 0 1 2 0 0 1 0 1 1 2 2 1 2 1 1 1 2 0 0 1 0 1 2 0 1 1 1 1 0 1 0 0 1 0 2 1 1 2 2 1 0 2 2
geno chr3.192538725 gbr  1 2 2 1 0 1 0 2 2 1 1 1 1 1 0 2 0 2 1 0 0 2 2 0 1 0 0 2 0 1 2 0 0 1 0 0 1 1 0 2 0 0 2 1 2 2 0 1 0 1 0 1 1 2 1 2 2 2 2 2 1 2 0 0 1 1 2 0 1 1 2 2 2 1 0 2 1 0 2 0 0 2 2 1
geno chr3.192538725 tsi  1 1 1 2 1 2 1 1 1 1 1 1 2 1 2 2 2 1 0 1 1 2 2 1 0 1 1 0 1 0 1 1 2 1 1 2 1 1 2 2 0 0 1 2 0 1 0 2 1 2 1 2 1 1 1 1 2 1 1 1 0 0 2 2 1 0 0 1 2 2 2 1 1 2 2 1 2 1 1 2 1 1 1 0 2 1 2 0 1 1 1 1
geno chr3.192538725 yri  1 2 2 1 2 1 1 2 2 2 2 2 1 2 2 1 2 1 2 2 1 2 2 2 1 2 1 1 2 1 2 2 0 1 2 2 2 2 2 2 2 2 1 2 2 2 2 2 2 1 2 2 2 1 2 2 2 2 2 2 2 2 2 2 1 2 2 2 2 2 2 1 2 1 2 2 2
geno chr3.192538804 ceu  0 0 0 0 0 0 0 0 0 0 0 0 0 0 0 0 0 0 0 0 0 1 0 0 1 0 0 0 0 0 1 0 0 1 0 0 0 0 0 0 0 0 0 0 0 0 0 1 0 0 1 0 0 0 0 0 1 0 0 0 0 0 0 0 2 0 0 0 0 0 0 1 0 0 0 0 0 1
geno chr3.192538804 fin  0 0 0 0 0 0 1 0 0 0 0 0 0 0 1 0 0 0 0 0 0 0 0 2 0 0 0 0 1 0 0 1 0 0 0 0 0 0 0 0 0 1 0 0 0 0 0 1 1 0 0 1 0 0 0 0 1 0 0 0 0 0 0 0 0 0 0 0 1 0 0 1 0 1 0 0 0 0 0 0 0 1 1 0 0 1 0 2 0
geno chr3.192538804 gbr  0 1 1 0 0 0 0 0 0 0 1 0 0 0 0 0 0 1 0 0 0 0 1 0 0 0 0 1 0 0 0 0 0 0 0 0 0 1 0 1 0 0 0 0 0 0 0 0 0 0 0 0 0 0 0 0 0 0 0 0 0 0 0 0 0 0 0 0 0 0 0 1 0 0 0 0 1 0 0 0 0 1 0 0
geno chr3.192538804 tsi  1 0 0 0 0 1 0 0 0 0 0 0 1 0 1 0 1 0 0 0 0 0 0 0 0 1 0 0 0 0 0 1 1 0 0 1 1 1 0 1 0 0 1 0 0 0 0 1 0 1 1 0 0 0 0 0 0 0 0 0 0 0 1 0 1 0 0 0 0 0 1 0 0 1 1 1 0 0 0 1 0 0 0 0 1 0 0 0 0 0 0 0
geno chr3.192538804 yri  0 0 0 0 0 1 0 1 0 0 0 0 0 0 1 0 0 0 1 0 0 0 0 0 0 0 1 1 0 0 2 1 0 1 0 0 0 0 0 0 0 0 0 1 0 0 0 1 1 0 0 0 0 1 1 1 0 0 0 0 1 1 0 1 0 0 1 0 0 1 1 0 0 1 0 0 1
geno chr3.192539244 ceu  0 2 1 1 2 0 1 2 0 2 0 0 0 1 2 2 1 2 1 1 0 1 1 2 0 2 0 1 2 1 0 0 0 1 1 0 0 0 1 2 1 0 1 0 1 2 2 1 2 1 0 1 0 1 2 0 0 0 0 0 1 1 1 1 0 1 0 1 1 1 1 1 2 1 1 0 2 0
geno chr3.192539244 fin  2 2 0 0 0 0 1 2 2 1 0 1 1 0 1 0 0 2 0 0 1 1 1 0 1 1 1 1 1 0 1 1 0 1 1 2 1 1 1 0 1 0 0 2 1 0 0 0 1 0 0 0 0 1 1 2 1 1 2 1 1 1 2 0 0 2 0 2 1 0 1 0 1 0 0 1 0 0 1 0 2 0 0 2 2 0 0 0 2
geno chr3.192539244 gbr  1 1 1 1 0 1 0 1 2 1 0 1 1 1 0 2 0 1 1 0 0 2 1 0 1 0 0 1 0 1 2 0 0 1 0 0 1 0 0 1 0 0 2 1 2 2 0 1 0 1 0 1 1 2 1 2 2 2 2 2 1 2 0 0 1 1 2 0 1 1 2 1 1 1 0 2 0 0 2 0 0 1 2 1
geno chr3.192539244 tsi  0 1 1 1 1 1 1 1 1 1 1 1 1 1 1 2 1 1 0 1 1 2 2 1 0 0 1 0 1 0 1 0 1 1 1 1 0 0 2 1 0 0 0 2 0 1 0 1 1 1 0 2 1 1 1 1 2 1 1 1 0 0 1 2 0 0 0 1 2 2 1 1 1 1 1 0 2 1 1 1 1 1 0 0 1 1 2 0 1 1 1 1
geno chr3.192539244 yri  0 0 2 0 1 0 0 0 1 0 0 0 0 1 0 0 2 1 0 0 1 1 0 1 0 0 0 0 0 1 0 0 0 0 0 1 1 0 0 0 1 0 0 0 0 1 1 0 0 0 0 2 1 0 0 0 0 0 0 1 0 1 0 0 1 0 0 1 1 1 0 0 1 0 1 1 1
geno chr3.192539326 ceu  0 0 0 0 0 0 0 0 0 0 0 0 0 0 0 0 0 0 0 0 0 0 0 0 0 0 0 0 0 0 0 0 0 0 0 0 0 0 0 0 0 0 0 0 0 0 0 0 0 0 0 0 0 0 0 0 0 0 0 0 0 0 0 0 0 0 0 0 0 0 0 0 0 0 0 0 0 0
geno chr3.192539326 fin  0 0 0 0 0 0 0 0 0 0 0 0 0 0 0 0 0 0 0 0 0 0 0 0 0 0 0 0 0 0 0 0 0 0 0 0 0 0 0 0 0 0 0 0 0 0 0 0 0 0 0 0 0 0 0 0 0 0 0 0 0 0 0 0 0 0 0 0 0 0 0 0 0 0 0 0 0 0 0 0 0 0 0 0 0 0 0 0 0
geno chr3.192539326 gbr  0 0 0 0 0 0 0 0 0 0 0 0 0 0 0 0 0 0 0 0 0 0 0 0 0 0 0 0 0 0 0 0 0 0 0 0 0 0 0 0 0 0 0 0 0 0 0 0 0 0 0 0 0 0 0 0 0 0 0 0 0 0 0 0 0 0 0 0 0 0 0 0 0 0 0 0 0 0 0 0 0 0 0 0
geno chr3.192539326 tsi  0 0 0 0 0 0 0 0 0 0 0 0 0 0 0 0 0 0 0 0 0 0 0 0 0 0 0 0 0 0 0 0 0 0 0 0 0 0 0 0 0 0 0 0 0 0 0 0 0 0 0 0 0 0 0 0 0 0 0 0 0 0 0 0 0 0 0 0 0 0 0 0 0 0 0 0 0 0 0 0 0 0 0 0 0 0 0 0 0 0 0 0
geno chr3.192539326 yri  0 1 0 1 1 0 1 0 1 2 2 2 1 1 1 1 0 0 1 1 0 1 1 1 1 1 0 0 1 0 0 1 0 0 0 1 1 1 0 1 0 2 1 1 0 1 1 1 0 1 2 0 0 0 1 1 2 2 1 1 1 0 2 1 0 2 0 1 0 0 0 1 1 0 1 0 0
geno chr3.192539599 ceu  0 2 1 1 2 1 1 2 0 2 0 0 0 1 2 2 1 2 1 1 0 2 1 2 1 2 0 1 2 1 1 0 0 2 1 0 0 0 1 2 1 0 1 0 1 2 2 2 2 1 1 1 0 1 2 0 1 0 1 0 1 1 1 1 2 1 0 1 1 1 1 2 2 1 1 0 2 1
geno chr3.192539599 fin  2 2 0 0 0 0 2 2 2 1 0 1 1 0 2 0 0 2 0 0 1 1 1 2 1 1 1 1 2 0 1 2 0 1 1 2 1 1 1 0 1 1 0 2 1 0 0 1 2 0 0 1 0 1 1 2 2 1 2 1 1 1 2 0 0 2 0 2 2 0 1 1 1 1 0 1 0 0 1 0 2 1 1 2 2 1 0 2 2
geno chr3.192539599 gbr  1 2 2 1 0 1 0 2 2 1 1 1 1 1 0 2 0 2 1 0 0 2 2 0 1 0 0 2 0 1 2 0 0 1 0 0 1 1 0 2 0 0 2 1 2 2 0 1 0 1 0 1 2 2 1 2 2 2 2 2 1 2 0 0 1 1 2 0 1 1 2 2 2 1 0 2 1 0 2 0 0 2 2 1
geno chr3.192539599 tsi  1 1 1 2 1 2 1 1 1 1 1 1 2 1 2 2 2 1 0 1 1 2 2 1 0 1 1 0 1 0 1 1 2 1 1 2 1 1 2 2 0 0 1 2 0 1 0 2 1 2 1 2 1 1 1 1 2 1 1 1 0 0 2 2 1 0 0 1 2 2 2 1 1 2 2 1 2 1 1 2 1 1 1 0 2 1 2 0 1 1 1 1
geno chr3.192539599 yri  1 2 2 1 2 1 1 2 2 2 2 2 1 2 2 1 2 2 2 2 1 2 2 2 1 2 1 1 2 1 2 2 1 1 2 2 2 2 2 2 2 2 1 2 2 2 2 2 2 1 2 2 2 1 2 2 2 2 2 2 2 2 2 2 2 2 2 2 2 2 2 1 2 1 2 2 2
geno chr3.192539824 ceu  0 2 1 1 2 1 1 2 0 2 0 0 0 1 2 2 1 2 1 1 0 2 1 2 1 2 0 1 2 1 1 0 0 2 1 0 0 0 1 2 1 0 1 0 1 2 2 2 2 1 1 1 0 1 2 0 1 0 1 0 1 1 1 1 2 1 0 1 1 1 1 2 2 1 1 0 2 1
geno chr3.192539824 fin  2 2 0 0 0 0 2 2 2 1 0 1 1 0 2 0 0 2 0 0 1 1 1 2 1 1 1 1 2 0 1 2 0 1 1 2 1 1 1 0 1 1 0 2 1 0 0 1 2 0 0 1 0 1 1 2 2 1 2 1 1 1 2 0 0 2 0 2 2 0 1 1 1 1 0 1 0 0 1 0 2 1 1 2 2 1 0 2 2
geno chr3.192539824 gbr  1 2 2 1 0 1 0 2 2 1 1 1 1 1 0 2 0 2 1 0 0 2 2 0 1 0 0 2 0 1 2 0 0 1 0 0 1 1 0 2 0 0 2 1 2 2 0 1 0 1 0 1 2 2 1 2 2 2 2 2 1 2 0 0 1 1 2 0 1 1 2 2 2 1 0 2 1 0 2 0 0 2 2 1
geno chr3.192539824 tsi  1 1 1 2 1 2 1 1 1 1 1 1 2 1 2 2 2 1 0 1 1 2 2 1 0 1 1 0 1 0 1 1 2 1 1 2 1 1 2 2 0 0 1 2 0 1 0 2 1 2 1 2 1 1 1 1 2 1 1 1 0 0 2 2 1 0 0 1 2 2 2 1 1 2 2 1 2 1 1 2 1 1 1 0 2 1 2 0 1 1 1 1
geno chr3.192539824 yri  1 2 2 1 2 1 1 2 2 2 2 2 1 2 2 1 2 2 2 2 1 2 2 2 1 2 1 1 2 1 2 2 1 1 2 2 2 2 2 2 2 2 1 2 2 2 2 2 2 1 2 2 2 1 2 2 2 2 2 2 2 2 2 2 2 2 2 2 2 2 2 1 2 1 2 2 2
geno chr3.192539831 ceu  0 0 0 0 0 0 0 0 0 0 0 0 0 0 0 0 0 0 0 0 0 0 0 0 0 0 0 0 0 0 0 0 0 0 0 0 0 0 0 0 0 0 0 0 0 0 0 0 0 0 0 0 0 0 0 0 0 0 0 0 0 0 0 0 0 0 0 0 0 0 0 0 0 0 0 0 0 0
geno chr3.192539831 fin  0 0 0 0 0 0 0 0 0 0 0 0 0 0 0 0 0 0 0 0 0 0 0 0 0 0 0 0 0 0 0 0 0 0 0 0 0 0 0 0 0 0 0 0 0 0 0 0 0 0 0 0 0 0 0 0 0 0 0 0 0 0 0 0 0 0 0 0 0 0 0 0 0 0 0 0 0 0 0 0 0 0 0 0 0 0 0 0 0
geno chr3.192539831 gbr  0 0 0 0 0 0 0 0 0 0 0 0 0 0 0 0 0 0 0 0 0 0 0 0 0 0 0 0 0 0 0 0 0 0 0 0 0 0 0 0 0 0 0 0 0 0 0 0 0 0 0 0 0 0 0 0 0 0 0 0 0 0 0 0 0 0 0 0 0 0 0 0 0 0 0 0 0 0 0 0 0 0 0 0
geno chr3.192539831 tsi  0 0 0 0 0 0 0 0 0 0 0 0 0 0 0 0 0 0 0 0 0 0 0 0 0 0 0 0 0 0 0 0 0 0 0 0 0 0 0 0 0 0 0 0 0 0 0 0 0 0 0 0 0 0 0 0 0 0 0 0 0 0 0 0 0 0 0 0 0 0 0 0 0 0 0 0 0 0 0 0 0 0 0 0 0 0 0 0 0 0 0 0
geno chr3.192539831 yri  0 1 0 1 1 0 0 0 1 2 1 2 1 1 0 1 0 0 1 0 0 1 1 1 1 1 0 0 1 0 0 1 0 0 0 1 1 0 0 1 0 2 1 1 0 1 1 1 0 1 1 0 0 0 1 1 2 2 1 0 1 0 1 0 0 2 0 1 0 0 0 1 1 0 1 0 0
geno chr3.192539905 ceu  0 2 1 1 2 0 1 2 0 2 0 0 0 1 2 2 1 2 1 1 0 1 1 2 0 2 0 1 2 1 0 0 0 1 1 0 0 0 1 2 1 0 1 0 1 2 2 1 2 1 0 1 0 1 2 0 0 0 0 0 1 1 1 1 0 1 0 1 1 1 1 1 2 1 1 0 2 0
geno chr3.192539905 fin  2 2 0 0 0 0 1 2 2 1 0 1 1 0 1 0 0 2 0 0 1 1 1 0 1 1 1 1 1 0 1 1 0 1 1 2 1 1 1 0 1 0 0 2 1 0 0 0 1 0 0 0 0 1 1 2 1 1 2 1 1 1 2 0 0 2 0 2 1 0 1 0 1 0 0 1 0 0 1 0 2 0 0 2 2 0 0 0 2
geno chr3.192539905 gbr  1 1 1 1 0 1 0 1 2 1 0 1 1 1 0 2 0 1 1 0 0 2 1 0 1 0 0 1 0 1 2 0 0 1 0 0 1 0 0 1 0 0 2 1 2 2 0 1 0 1 0 1 1 2 1 2 2 2 2 2 1 2 0 0 1 1 2 0 1 1 2 1 1 1 0 2 0 0 2 0 0 1 2 1
geno chr3.192539905 tsi  0 1 1 1 1 1 1 1 1 1 1 1 1 1 1 2 1 1 0 1 1 2 2 1 0 0 1 0 1 0 1 0 1 1 1 1 0 0 2 1 0 0 0 2 0 1 0 1 1 1 0 2 1 1 1 1 2 1 1 1 0 0 1 2 0 0 0 1 2 2 1 1 1 1 1 0 2 1 1 1 1 1 0 0 1 1 2 0 1 1 1 1
geno chr3.192539905 yri  0 0 2 0 1 0 0 0 1 0 0 0 0 1 0 0 2 1 0 0 1 1 0 1 0 0 0 0 0 1 0 0 0 0 0 1 1 0 0 0 1 0 0 0 0 1 1 0 0 0 0 2 1 0 0 0 0 0 0 1 0 1 0 0 1 0 0 1 1 1 0 0 1 0 1 1 1
geno chr3.192540047 ceu  0 0 0 0 0 0 0 0 0 0 0 0 0 0 0 0 0 0 0 0 0 0 0 0 1 0 0 0 0 0 0 0 0 0 0 1 0 0 0 0 0 0 0 0 0 0 0 0 0 1 0 0 1 0 0 1 0 0 0 0 0 0 0 0 0 0 0 0 0 0 0 0 0 0 0 0 0 0
geno chr3.192540047 fin  0 0 0 0 0 0 0 0 0 1 0 0 0 0 0 0 0 0 0 0 0 0 0 0 0 0 0 0 0 0 0 0 0 0 0 0 0 0 1 0 0 0 0 0 0 0 0 0 0 0 0 0 0 0 0 0 0 0 0 0 0 0 0 0 0 0 0 0 0 0 0 0 0 0 0 0 0 0 0 0 0 0 0 0 0 0 0 0 0
geno chr3.192540047 gbr  0 0 0 0 0 1 0 0 0 0 0 0 0 0 0 0 1 0 0 0 0 0 0 0 0 0 0 0 0 0 0 0 0 0 0 1 0 0 1 0 0 0 0 1 0 0 0 0 0 0 0 0 0 0 0 0 0 0 0 0 0 0 0 0 0 0 0 1 0 0 0 0 0 0 0 0 0 0 0 0 0 0 0 0
geno chr3.192540047 tsi  0 0 0 0 0 0 0 1 0 0 0 0 0 0 0 0 0 0 0 0 0 0 0 1 0 0 0 0 0 0 0 1 0 0 0 0 0 0 0 0 0 0 0 0 0 0 1 0 0 0 0 0 0 0 0 0 0 0 0 0 0 0 0 0 0 0 0 0 0 0 0 0 0 0 0 0 0 0 0 0 0 0 0 0 0 0 0 0 0 0 0 1
geno chr3.192540047 yri  1 0 0 1 0 1 1 0 0 0 0 0 0 0 0 0 0 0 0 0 1 0 0 0 1 0 0 1 0 1 0 0 1 1 0 0 0 0 0 0 0 0 1 0 0 0 0 0 0 1 0 0 0 1 0 0 0 0 0 0 0 0 0 0 0 0 0 0 0 0 0 1 0 1 0 0 0
geno chr3.192540266 ceu  0 2 1 1 2 0 1 2 0 2 0 0 0 1 2 2 1 2 1 1 0 2 1 2 2 2 0 1 2 1 1 0 0 2 1 1 0 0 1 2 1 0 1 0 1 2 2 2 2 2 1 1 1 1 2 1 1 0 0 0 1 1 1 1 2 1 0 1 1 1 1 2 2 1 1 0 2 1
geno chr3.192540266 fin  2 2 0 0 0 0 2 2 2 2 0 1 1 0 1 0 0 2 0 0 1 1 1 2 1 1 1 1 2 0 0 2 0 1 1 2 0 1 2 0 1 1 0 2 1 0 0 1 2 0 0 1 0 1 1 2 2 1 2 1 1 1 2 0 0 2 0 2 2 0 1 1 0 1 0 1 0 0 1 0 2 1 1 2 1 1 0 2 2
geno chr3.192540266 gbr  1 2 2 1 0 2 0 1 2 1 1 1 1 0 0 2 1 2 1 0 0 2 2 0 1 0 0 2 0 1 2 0 0 1 0 1 1 1 1 2 0 0 2 2 2 2 0 1 0 1 0 1 1 2 1 2 1 2 2 2 1 2 0 0 1 1 2 1 1 1 1 2 1 1 0 2 1 0 2 0 0 2 2 1
geno chr3.192540266 tsi  1 1 1 1 1 1 1 2 1 1 1 1 2 1 2 2 2 1 0 1 1 2 2 2 0 1 1 0 1 0 1 2 2 1 1 2 1 1 2 2 0 0 1 2 1 1 1 2 1 2 1 2 1 1 1 1 2 1 1 1 0 0 2 2 1 0 0 1 2 2 2 1 1 1 2 1 2 1 1 2 1 0 0 0 2 1 2 0 1 1 1 1
geno chr3.192540266 yri  2 1 2 1 1 2 1 1 1 0 0 0 0 1 1 0 2 1 1 1 2 1 0 1 1 1 1 2 1 1 1 0 0 2 1 1 1 0 2 1 1 0 1 0 2 1 1 1 1 1 0 2 0 2 0 0 0 0 0 1 1 2 0 0 0 0 1 1 2 2 1 0 1 2 1 2 1
geno chr3.192540321 ceu  0 0 0 0 0 0 0 0 0 0 0 0 0 0 0 0 0 0 0 0 0 0 0 0 1 0 0 0 0 0 0 1 0 0 0 1 0 0 0 0 0 0 0 0 0 0 0 0 0 1 0 0 1 0 0 1 0 0 0 0 0 0 0 0 0 0 0 0 0 0 0 0 0 0 0 0 0 0
geno chr3.192540321 fin  0 0 0 0 0 0 0 0 0 1 0 0 0 0 0 0 0 0 0 0 0 0 0 0 0 0 0 0 0 0 0 0 0 0 0 0 0 0 1 0 0 0 0 0 0 0 0 0 0 0 0 0 0 0 0 0 0 0 0 0 0 0 0 0 0 0 0 0 0 0 0 0 0 0 0 0 0 0 0 0 0 0 0 0 0 0 0 0 0
geno chr3.192540321 gbr  0 0 0 0 0 1 0 0 0 0 0 0 0 0 0 0 1 0 0 0 0 0 0 0 0 0 0 0 0 0 0 0 0 0 0 1 0 0 1 0 0 0 0 1 0 0 0 0 0 0 0 0 0 0 0 0 0 0 0 0 0 0 0 0 0 0 0 1 0 0 0 0 0 0 0 0 0 0 0 0 0 0 0 0
geno chr3.192540321 tsi  0 0 0 0 0 0 0 1 0 0 0 0 0 0 0 0 0 0 0 0 0 0 0 1 0 0 0 0 0 0 0 1 0 0 0 0 0 0 0 0 0 0 0 0 0 0 1 0 0 0 0 0 0 0 0 0 0 0 0 0 0 0 0 0 0 0 0 0 0 0 0 0 0 0 0 0 0 0 0 0 0 0 0 0 0 0 0 0 0 0 0 1
geno chr3.192540321 yri  1 0 0 0 0 0 0 0 0 0 0 0 0 0 0 0 0 0 0 0 1 0 0 0 0 0 0 1 0 1 0 0 1 1 0 0 0 0 0 0 0 0 1 0 0 0 0 0 0 1 0 0 0 0 0 0 0 0 0 0 0 0 0 0 0 0 0 0 0 0 0 0 0 0 0 0 0
geno chr3.192541300 ceu  0 0 0 0 0 0 0 0 0 0 0 0 0 0 0 0 0 0 0 0 0 0 0 0 0 0 0 0 0 0 0 0 0 0 0 0 0 0 0 0 0 0 0 0 0 0 0 0 0 0 0 0 0 0 0 0 0 0 0 0 0 0 0 0 0 0 0 0 0 0 0 0 0 0 0 0 0 0
geno chr3.192541300 fin  0 0 0 0 0 0 0 0 0 0 0 0 0 0 0 0 0 0 0 0 0 0 0 0 0 0 0 0 0 0 0 0 0 0 0 0 0 0 0 0 0 0 0 0 0 0 0 0 0 0 0 0 0 0 0 0 0 0 0 0 0 0 0 0 0 0 0 0 0 0 0 0 0 0 0 0 0 0 0 0 0 0 0 0 0 0 0 0 0
geno chr3.192541300 gbr  0 0 0 0 0 0 0 0 0 0 0 0 0 0 0 0 0 0 0 0 0 0 0 0 0 0 0 0 0 0 0 0 0 0 0 0 0 0 0 0 0 0 0 0 0 0 0 0 0 0 0 0 0 0 0 0 0 0 0 0 0 0 0 0 0 0 0 0 0 0 0 0 0 0 0 0 0 0 0 0 0 0 0 0
geno chr3.192541300 tsi  0 0 0 0 0 0 0 0 0 0 0 0 0 0 0 0 0 0 0 0 0 0 0 0 0 0 0 0 0 0 0 0 0 0 0 0 0 0 0 0 0 0 0 0 0 0 0 0 0 0 0 0 0 0 0 0 0 0 0 0 0 0 0 0 0 0 0 0 0 0 0 0 0 0 0 0 0 0 0 0 0 0 0 0 0 0 0 0 0 0 0 0
geno chr3.192541300 yri  0 1 0 1 1 0 1 0 1 2 2 2 1 1 1 1 0 0 1 1 0 1 1 1 1 1 0 0 1 0 0 1 0 0 0 1 1 1 0 1 0 2 1 1 0 1 1 1 0 1 2 0 0 0 1 1 2 2 1 1 1 0 2 1 0 2 0 1 0 0 0 1 1 0 1 0 0
geno chr3.192542162 ceu  0 2 1 1 2 0 1 2 0 2 0 0 0 1 2 2 1 2 1 1 0 1 1 2 0 2 0 1 2 1 0 0 0 1 1 0 0 0 1 2 1 0 1 0 1 2 2 1 2 1 0 1 0 1 2 0 0 0 0 0 1 1 1 1 0 1 0 1 1 1 1 1 2 1 1 0 2 0
geno chr3.192542162 fin  2 2 0 0 0 0 1 2 2 1 0 1 1 0 1 0 0 2 0 0 1 1 1 0 1 1 1 1 1 0 1 1 0 1 1 2 1 1 1 0 1 0 0 2 1 0 0 0 1 0 0 0 0 1 1 2 1 1 2 1 1 1 2 0 0 2 0 2 1 0 1 0 1 0 0 1 0 0 1 0 2 0 0 2 2 0 0 0 2
geno chr3.192542162 gbr  1 1 1 1 0 1 0 1 2 1 0 1 1 1 0 2 0 1 1 0 0 2 1 0 1 0 0 1 0 1 2 0 0 1 0 0 1 0 0 1 0 0 2 1 2 2 0 1 0 1 0 1 1 2 1 2 2 2 2 2 1 2 0 0 1 1 2 0 1 1 2 1 1 1 0 2 0 0 2 0 0 1 2 1
geno chr3.192542162 tsi  0 1 1 1 1 1 1 1 1 1 1 1 1 1 1 2 1 1 0 1 1 2 2 1 0 0 1 0 1 0 1 0 1 1 1 1 0 0 2 1 0 0 0 2 0 1 0 1 1 1 0 2 1 1 1 1 2 1 1 1 0 0 1 2 0 0 0 1 2 2 1 1 1 1 1 0 2 1 1 1 1 1 0 0 1 1 2 0 1 1 1 1
geno chr3.192542162 yri  1 0 2 0 1 0 0 0 1 0 0 0 0 1 0 0 2 1 0 0 1 1 0 1 0 0 0 0 0 1 0 0 0 0 0 1 1 0 0 0 1 0 0 0 0 1 1 0 0 0 0 2 1 0 0 0 0 0 0 1 0 1 0 0 1 0 0 1 2 1 0 0 1 0 1 1 1
geno chr3.192542583 ceu  0 0 0 0 0 0 0 0 0 0 0 0 0 0 0 0 0 0 0 0 0 1 0 0 1 0 0 0 0 0 1 0 0 1 0 0 0 0 0 0 0 0 0 0 0 0 0 1 0 1 1 0 1 0 0 1 1 0 0 0 0 0 0 0 2 0 0 0 0 0 0 1 0 0 0 0 0 1
geno chr3.192542583 fin  0 0 0 0 0 0 1 0 0 1 0 0 0 0 1 0 0 0 0 0 0 0 0 2 0 0 0 0 1 0 0 1 0 0 0 0 0 0 0 0 0 1 0 0 0 0 0 1 1 0 0 1 0 0 0 0 1 0 0 0 0 0 0 0 0 0 0 0 1 0 0 1 0 1 0 0 0 0 0 0 0 1 1 0 0 1 0 2 0
geno chr3.192542583 gbr  0 1 1 0 0 1 0 0 0 0 1 0 0 0 0 0 1 1 0 0 0 0 1 0 0 0 0 1 0 0 0 0 0 0 0 1 0 1 1 1 0 0 0 0 0 0 0 0 0 0 0 0 0 0 0 0 0 0 0 0 0 0 0 0 0 0 0 1 0 0 0 1 0 0 0 0 1 0 0 0 0 1 0 0
geno chr3.192542583 tsi  1 0 0 0 0 1 0 0 0 0 0 0 1 0 1 0 1 0 0 0 0 0 0 1 0 1 0 0 0 0 0 2 1 0 0 1 1 1 0 1 0 0 1 0 0 0 0 1 0 1 1 0 0 0 0 0 0 0 0 0 0 0 1 0 1 0 0 0 0 0 1 0 0 1 1 1 0 0 0 1 0 0 0 0 1 0 0 0 0 0 0 1
geno chr3.192542583 yri  0 1 0 0 0 1 0 1 0 0 0 0 0 0 1 0 0 0 1 1 0 0 0 0 0 1 1 2 1 1 2 1 1 1 1 0 0 0 2 1 1 0 1 1 2 0 0 1 1 0 0 0 0 1 1 1 0 0 0 0 1 1 0 1 0 0 1 0 0 1 1 0 0 1 0 1 1
geno chr3.192542632 ceu  0 2 1 1 2 1 1 2 0 2 0 0 0 1 2 2 1 2 1 1 0 2 1 2 1 2 0 1 2 1 1 0 0 2 1 0 0 0 1 2 1 0 1 0 1 2 2 2 2 2 1 1 1 1 2 1 1 0 1 0 1 1 1 1 2 1 0 1 1 1 1 2 2 1 1 0 2 1
geno chr3.192542632 fin  2 2 0 0 0 0 2 2 2 2 0 1 1 0 2 0 0 2 0 0 1 1 1 2 1 1 1 1 2 0 1 2 0 1 1 2 1 1 1 0 1 1 0 2 1 0 0 1 2 0 0 1 0 1 1 2 2 1 2 1 1 1 2 0 0 2 0 2 2 0 1 1 1 1 0 1 0 0 1 0 2 1 1 2 2 1 0 2 2
geno chr3.192542632 gbr  1 2 2 1 0 2 0 2 2 1 1 1 1 1 0 2 1 2 1 0 0 2 2 0 1 0 0 2 0 1 2 0 0 1 0 1 1 1 1 2 0 0 2 1 2 2 0 1 0 1 0 1 2 2 1 2 2 2 2 2 1 2 0 0 1 1 2 1 1 1 2 2 2 1 0 2 1 0 2 0 0 2 2 1
geno chr3.192542632 tsi  1 1 1 2 1 2 1 1 1 1 1 1 2 1 2 2 2 1 0 1 1 2 2 2 0 1 1 0 1 0 1 2 2 1 1 2 1 1 2 2 0 0 1 2 0 1 0 2 1 2 1 2 1 1 1 1 2 1 1 1 0 0 2 2 1 0 0 1 2 2 2 1 1 2 2 1 2 1 1 2 1 1 1 0 2 1 2 0 1 1 1 2
geno chr3.192542632 yri  1 2 2 2 2 2 2 2 2 2 2 2 1 2 2 1 2 2 2 2 1 2 2 2 2 2 1 2 2 2 2 2 2 1 2 2 2 2 2 2 2 2 2 2 2 2 2 2 2 1 2 2 2 2 2 2 2 2 2 2 2 2 2 2 2 2 2 2 2 2 2 2 2 2 2 2 2
geno chr3.192543272 ceu  0 0 0 0 0 0 0 0 0 0 0 0 0 0 0 0 0 0 0 0 0 0 0 0 0 0 0 0 0 0 0 0 0 0 0 0 0 0 0 0 0 0 0 0 0 0 0 0 0 0 0 0 0 0 0 0 0 0 0 0 0 0 0 0 0 0 0 0 0 0 0 0 0 0 0 0 0 0
geno chr3.192543272 fin  0 0 0 0 0 0 0 0 0 0 0 0 0 0 0 0 0 0 0 0 0 0 0 0 0 0 0 0 0 0 0 0 0 0 0 0 0 0 0 0 0 0 0 0 0 0 0 0 0 0 0 0 0 0 0 0 0 0 0 0 0 0 0 0 0 0 0 0 0 0 0 0 0 0 0 0 0 0 0 0 0 0 0 0 0 0 0 0 0
geno chr3.192543272 gbr  0 0 0 0 0 0 0 0 0 0 0 0 0 0 0 0 0 0 0 0 0 0 0 0 0 0 0 0 0 0 0 0 0 0 0 0 0 0 0 0 0 0 0 0 0 0 0 0 0 0 0 0 0 0 0 0 0 0 0 0 0 0 0 0 0 0 0 0 0 0 0 0 0 0 0 0 0 0 0 0 0 0 0 0
geno chr3.192543272 tsi  0 0 0 0 0 0 0 0 0 0 0 0 0 0 0 0 0 0 0 0 0 0 0 0 0 0 0 0 0 0 0 0 0 0 0 0 0 0 0 0 0 0 0 0 0 0 0 0 0 0 0 0 0 0 0 0 0 0 0 0 0 0 0 0 0 0 0 0 0 0 0 0 0 0 0 0 0 0 0 0 0 0 0 0 0 0 0 0 0 0 0 0
geno chr3.192543272 yri  0 1 0 2 1 1 2 0 1 2 2 2 1 1 1 1 0 0 1 1 0 1 1 1 2 1 0 0 1 0 0 1 0 0 0 1 1 1 0 1 0 2 1 1 0 1 1 1 0 1 2 0 0 1 1 1 2 2 1 1 1 0 2 1 0 2 0 1 0 0 0 1 1 0 1 0 0
geno chr3.192543808 ceu  0 2 1 1 2 0 1 2 0 2 0 0 0 1 2 2 1 2 1 1 0 1 1 2 0 2 0 1 2 1 0 0 0 1 1 0 0 0 1 2 1 0 1 0 1 2 2 1 2 1 0 1 0 1 2 0 0 0 0 0 1 1 1 1 0 1 0 1 1 1 1 1 2 1 1 0 2 0
geno chr3.192543808 fin  2 2 0 0 0 0 1 2 2 1 0 1 1 0 1 0 0 2 0 0 1 1 1 0 1 1 1 1 1 0 1 1 0 1 1 2 1 1 1 0 1 0 0 2 1 0 0 0 1 0 0 0 0 1 1 2 1 1 2 1 1 1 2 0 0 2 0 2 1 0 1 0 1 0 0 1 0 0 1 0 2 0 0 2 2 0 0 0 2
geno chr3.192543808 gbr  1 1 1 1 0 1 0 1 2 1 0 1 1 1 0 2 0 1 1 0 0 2 1 0 1 0 0 1 0 1 2 0 0 1 0 0 1 0 0 1 0 0 2 1 2 2 0 1 0 1 0 1 1 2 1 2 2 2 2 2 1 2 0 0 1 1 2 0 1 1 2 1 1 1 0 2 0 0 2 0 0 1 2 1
geno chr3.192543808 tsi  0 1 1 1 1 1 1 1 1 1 1 1 1 1 1 2 1 1 0 1 1 2 2 1 0 0 1 0 1 0 1 0 1 1 1 1 0 0 2 1 0 0 0 2 0 1 0 1 1 1 0 2 1 1 1 1 2 1 1 1 0 0 1 2 0 0 0 1 2 2 1 1 1 1 1 0 2 1 1 1 1 1 0 0 1 1 2 0 1 1 1 1
geno chr3.192543808 yri  0 0 2 0 1 0 0 0 1 0 0 0 0 1 0 0 2 1 0 0 1 1 0 1 0 0 0 0 0 1 0 0 0 0 0 1 1 0 0 0 1 0 0 0 0 1 1 0 0 0 0 2 1 0 0 0 0 0 0 1 0 0 0 0 1 0 0 1 1 1 0 0 1 0 1 1 1
geno chr3.192543876 ceu  0 0 0 0 0 0 0 0 0 0 0 0 0 0 0 0 0 0 0 0 0 1 0 0 1 0 0 0 0 0 1 0 0 1 0 0 0 0 0 0 0 0 0 0 0 0 0 1 0 1 1 0 1 0 0 1 1 0 0 0 0 0 0 0 2 0 0 0 0 0 0 1 0 0 0 0 0 1
geno chr3.192543876 fin  0 0 0 0 0 0 1 0 0 1 0 0 0 0 1 0 0 0 0 0 0 0 0 2 0 0 0 0 1 0 0 1 0 0 0 0 0 0 0 0 0 1 0 0 0 0 0 1 1 0 0 1 0 0 0 0 1 0 0 0 0 0 0 0 0 0 0 0 1 0 0 1 0 1 0 0 0 0 0 0 0 1 1 0 0 1 0 2 0
geno chr3.192543876 gbr  0 1 1 0 0 1 0 0 0 0 1 0 0 0 0 0 1 1 0 0 0 0 1 0 0 0 0 1 0 0 0 0 0 0 0 1 0 1 1 1 0 0 0 0 0 0 0 0 0 0 0 0 0 0 0 0 0 0 0 0 0 0 0 0 0 0 0 1 0 0 0 1 0 0 0 0 1 0 0 0 0 1 0 0
geno chr3.192543876 tsi  1 0 0 0 0 1 0 0 0 0 0 0 1 0 1 0 1 0 0 0 0 0 0 1 0 1 0 0 0 0 0 2 1 0 0 1 1 1 0 1 0 0 1 0 0 0 0 1 0 1 1 0 0 0 0 0 0 0 0 0 0 0 1 0 1 0 0 0 0 0 1 0 0 1 1 1 0 0 0 1 0 0 0 0 1 0 0 0 0 0 0 1
geno chr3.192543876 yri  0 0 0 0 0 1 0 1 0 0 0 0 0 0 1 0 0 0 1 0 0 0 0 0 0 0 1 2 0 1 2 1 1 1 0 0 0 0 0 0 0 0 1 1 0 0 0 1 1 0 0 0 0 1 1 1 0 0 0 0 1 1 0 1 0 0 1 0 0 1 1 0 0 1 0 0 1
geno chr3.192544334 ceu  0 0 0 0 0 0 0 0 0 0 0 0 0 0 0 0 0 0 0 0 0 1 0 0 1 0 0 0 0 0 1 0 0 1 0 0 0 0 0 0 0 0 0 0 0 0 0 1 0 1 1 0 1 0 0 1 1 0 0 0 0 0 0 0 2 0 0 0 0 0 0 1 0 0 0 0 0 1
geno chr3.192544334 fin  0 0 0 0 0 0 1 0 0 1 0 0 0 0 1 0 0 0 0 0 0 0 0 2 0 0 0 0 1 0 0 1 0 0 0 0 0 0 0 0 0 1 0 0 0 0 0 1 1 0 0 1 0 0 0 0 1 0 0 0 0 0 0 0 0 0 0 0 1 0 0 1 0 1 0 0 0 0 0 0 0 1 1 0 0 1 0 2 0
geno chr3.192544334 gbr  0 1 1 0 0 1 0 0 0 0 1 0 0 0 0 0 1 1 0 0 0 0 1 0 0 0 0 1 0 0 0 0 0 0 0 1 0 1 1 1 0 0 0 0 0 0 0 0 0 0 0 0 0 0 0 0 0 0 0 0 0 0 0 0 0 0 0 1 0 0 0 1 0 0 0 0 1 0 0 0 0 1 0 0
geno chr3.192544334 tsi  1 0 0 0 0 1 0 0 0 0 0 0 1 0 1 0 1 0 0 0 0 0 0 1 0 1 0 0 0 0 0 2 1 0 0 1 1 1 0 1 0 0 1 0 0 0 0 1 0 1 1 0 0 0 0 0 0 0 0 0 0 0 1 0 1 0 0 0 0 0 1 0 0 1 1 1 0 0 0 1 0 0 0 0 1 0 0 0 0 0 0 1
geno chr3.192544334 yri  0 1 0 0 0 1 0 1 0 0 0 0 0 0 1 0 0 0 1 1 0 0 0 0 0 1 1 2 1 1 2 1 1 1 1 0 0 0 2 1 0 0 1 1 2 0 0 1 1 0 0 0 0 1 1 1 0 0 0 0 1 1 0 1 0 0 1 0 0 1 1 0 0 1 0 1 1
geno chr3.192544974 ceu  0 2 0 1 2 0 1 2 0 2 0 0 0 1 2 2 1 2 1 1 0 2 1 2 2 2 0 1 2 1 1 1 0 2 1 1 0 0 1 2 1 0 1 0 1 2 2 2 2 2 1 1 1 1 2 2 1 0 1 0 1 1 1 1 2 1 0 1 1 1 1 2 2 1 1 0 2 1
geno chr3.192544974 fin  2 2 0 0 0 0 2 2 2 2 0 1 1 0 2 0 0 2 0 0 1 1 1 2 1 1 0 1 2 0 1 2 0 1 1 2 1 1 1 0 1 1 0 2 1 0 0 1 2 0 0 1 0 1 1 2 2 1 2 1 1 1 2 0 0 2 0 2 2 0 1 1 1 1 0 1 0 0 1 0 2 1 1 2 2 1 0 2 2
geno chr3.192544974 gbr  1 2 2 1 0 2 0 2 2 1 1 1 1 1 0 2 1 2 1 0 0 2 2 0 1 0 0 2 0 1 2 0 0 1 0 1 1 1 1 2 0 0 2 2 2 2 1 1 0 1 0 1 2 2 1 2 2 2 2 2 1 2 0 0 1 1 2 1 1 1 2 2 2 1 0 2 1 0 2 0 0 2 2 1
geno chr3.192544974 tsi  1 1 1 1 1 2 1 2 1 1 1 1 2 1 2 2 2 1 0 1 1 2 2 2 0 1 1 0 1 0 1 2 2 1 1 2 1 1 2 2 0 0 1 2 0 1 1 2 1 2 1 2 1 1 0 1 2 1 1 1 0 0 2 2 1 0 0 1 2 2 2 1 1 2 2 1 2 1 1 2 1 1 0 0 2 1 2 0 1 1 1 2
geno chr3.192544974 yri  2 2 2 2 2 2 1 2 2 2 1 1 2 2 2 2 2 2 2 2 2 2 2 2 2 1 2 2 2 2 2 1 2 2 2 2 2 2 2 1 2 2 2 2 2 2 2 2 2 2 2 2 2 2 1 2 2 2 2 2 2 1 2 2 2 2 2 1 2 2 2 2 2 2 2 2 2
geno chr3.192544984 ceu  0 2 1 1 2 1 1 2 0 2 0 0 0 1 2 2 1 2 1 1 0 2 1 2 1 2 0 1 2 1 1 0 0 2 1 0 0 0 1 2 1 0 1 0 1 2 2 2 2 2 1 1 1 1 2 1 1 0 1 0 1 1 1 1 2 1 0 1 1 1 1 2 2 1 1 0 2 1
geno chr3.192544984 fin  2 2 0 0 0 0 2 2 2 2 0 1 1 0 2 0 0 2 0 0 1 1 1 2 1 1 1 1 2 0 1 2 0 1 1 2 1 1 1 0 1 1 0 2 1 0 0 1 2 0 0 1 0 1 1 2 2 1 2 1 1 1 2 0 0 2 0 2 2 0 1 1 1 1 0 1 0 0 1 0 2 1 1 2 2 1 0 2 2
geno chr3.192544984 gbr  1 2 2 1 0 2 0 2 2 1 1 1 1 1 0 2 1 2 1 0 0 2 2 0 1 0 0 2 0 1 2 0 0 1 0 1 1 1 1 2 0 0 2 1 2 2 0 1 0 1 0 1 2 2 1 2 2 2 2 2 1 2 0 0 1 1 2 1 1 1 2 2 2 1 0 2 1 0 2 0 0 2 2 1
geno chr3.192544984 tsi  1 1 1 2 1 2 1 1 1 1 1 1 2 1 2 2 2 1 0 1 1 2 2 2 0 1 1 0 1 0 1 2 2 1 1 2 1 1 2 2 0 0 1 2 0 1 0 2 1 2 1 2 1 1 1 1 2 1 1 1 0 0 2 2 1 0 0 1 2 2 2 1 1 2 2 1 2 1 1 2 1 1 1 0 2 1 2 0 1 1 1 2
geno chr3.192544984 yri  1 2 2 2 2 2 2 2 2 2 2 2 1 2 2 1 2 2 2 2 1 2 2 2 2 2 1 2 2 2 2 2 2 1 2 2 2 2 2 2 2 2 2 2 2 2 2 2 2 1 2 2 2 2 2 2 2 2 2 1 2 1 2 2 2 2 2 2 2 2 2 2 2 2 2 2 2
geno chr3.192545113 ceu  0 2 1 1 2 0 1 2 0 2 0 0 0 1 2 2 1 2 1 1 0 1 1 2 0 2 0 1 2 1 0 0 0 1 1 0 0 0 1 2 1 0 1 0 1 2 2 1 2 1 0 1 0 1 2 0 0 0 0 0 1 1 1 1 0 1 0 1 1 1 1 1 2 1 1 0 2 0
geno chr3.192545113 fin  2 2 0 0 0 0 1 2 2 1 0 1 1 0 1 0 0 2 0 0 1 1 1 0 1 1 1 1 1 0 1 1 0 1 1 2 1 1 1 0 1 0 0 2 1 0 0 0 1 0 0 0 0 1 1 2 1 1 2 1 1 1 2 0 0 2 0 2 1 0 1 0 1 0 0 1 0 0 1 0 2 0 0 2 2 0 0 0 2
geno chr3.192545113 gbr  1 1 1 1 0 1 0 1 2 1 0 1 1 1 0 2 0 1 1 0 0 2 1 0 1 0 0 1 0 1 2 0 0 1 0 0 1 0 0 1 0 0 2 1 2 2 0 1 0 1 0 1 1 2 1 2 2 2 2 2 1 2 0 0 1 1 2 0 1 1 2 1 2 1 0 2 0 0 2 0 0 1 2 1
geno chr3.192545113 tsi  0 1 1 1 1 1 1 1 1 1 1 1 1 1 1 2 1 1 0 1 1 2 2 1 0 0 1 0 1 0 1 0 1 1 1 1 0 0 2 1 0 0 0 2 0 1 0 1 1 1 0 2 1 1 1 1 2 1 1 1 0 0 1 2 0 0 0 1 2 2 1 1 1 1 1 0 2 1 1 1 1 1 0 0 1 1 2 0 1 1 1 1
geno chr3.192545113 yri  1 0 2 0 1 0 0 0 1 0 0 0 0 1 0 0 2 1 0 0 1 1 0 1 0 0 0 0 0 1 0 0 0 0 0 1 1 0 0 0 1 0 0 0 0 1 1 0 0 0 0 2 1 0 0 0 0 0 0 1 0 0 0 0 1 0 0 1 2 1 0 0 1 0 1 1 1
geno chr3.192545118 ceu  0 0 0 0 0 0 0 0 0 0 0 0 0 0 0 0 0 0 0 0 0 0 0 0 0 0 0 0 0 0 0 0 0 0 0 0 0 0 0 0 0 0 0 0 0 0 0 0 0 0 0 0 0 0 0 0 0 0 0 0 0 0 0 0 0 0 0 0 0 0 0 0 0 0 0 0 0 0
geno chr3.192545118 fin  0 0 0 0 0 0 0 0 0 0 0 0 0 0 0 0 0 0 0 0 0 0 0 0 0 0 0 0 0 0 0 0 0 0 0 0 0 0 0 0 0 0 0 0 0 0 0 0 0 0 0 0 0 0 0 0 0 0 0 0 0 0 0 0 0 0 0 0 0 0 0 0 0 0 0 0 0 0 0 0 0 0 0 0 0 0 0 0 0
geno chr3.192545118 gbr  0 0 0 0 0 0 0 0 0 0 0 0 0 0 0 0 0 0 0 0 0 0 0 0 0 0 0 0 0 0 0 0 0 0 0 0 0 0 0 0 0 0 0 0 0 0 0 0 0 0 0 0 0 0 0 0 0 0 0 0 0 0 0 0 0 0 0 0 0 0 0 0 0 0 0 0 0 0 0 0 0 0 0 0
geno chr3.192545118 tsi  0 0 0 0 0 0 0 0 0 0 0 0 0 0 0 0 0 0 0 0 0 0 0 0 0 0 0 0 0 0 0 0 0 0 0 0 0 0 0 0 0 0 0 0 0 0 0 0 0 0 0 0 0 0 0 0 0 0 0 0 0 0 0 0 0 0 0 0 0 0 0 0 0 0 0 0 0 0 0 0 0 0 0 0 0 0 0 0 0 0 0 0
geno chr3.192545118 yri  0 1 0 1 1 0 0 0 1 2 1 2 1 1 1 1 0 0 1 1 0 1 1 1 1 1 0 0 1 0 0 1 0 0 0 1 1 1 0 1 0 2 1 1 0 1 1 1 0 1 2 0 0 0 1 1 2 2 1 1 1 0 2 1 0 2 0 1 0 0 0 1 1 0 1 0 0
geno chr3.192545437 ceu  0 2 1 1 2 0 1 2 0 2 0 1 0 1 2 2 1 2 1 1 0 1 1 2 0 2 0 0 2 1 0 0 0 1 1 0 0 0 1 2 1 0 1 0 1 2 2 1 2 1 0 1 0 1 2 0 0 0 0 0 1 1 1 1 0 1 0 1 1 1 1 1 2 1 1 0 2 0
geno chr3.192545437 fin  2 2 0 0 0 0 1 2 2 1 0 1 1 0 1 0 0 2 0 0 1 1 1 0 1 1 1 1 1 0 1 1 0 1 1 2 1 1 1 0 1 0 0 2 1 0 0 1 1 0 0 0 0 1 1 2 1 1 2 1 1 1 2 0 0 2 0 2 1 0 1 0 1 0 0 1 0 1 1 0 2 0 0 2 2 0 0 0 2
geno chr3.192545437 gbr  1 1 1 1 0 1 0 1 2 1 0 1 1 1 0 2 0 1 1 0 0 2 1 0 1 0 0 1 0 1 2 0 0 1 0 0 1 0 0 1 0 0 2 1 2 2 0 1 0 1 0 1 1 2 1 2 2 2 2 2 1 2 0 0 1 1 1 0 0 1 2 1 2 1 0 1 0 0 2 0 0 1 2 1
geno chr3.192545437 tsi  0 1 1 1 1 1 1 1 1 1 1 1 1 1 1 2 1 1 0 1 1 2 2 1 0 0 1 0 1 0 1 0 1 1 1 1 0 0 2 0 0 0 0 2 0 1 0 1 1 1 0 2 1 1 1 1 2 2 1 1 0 0 1 2 0 0 0 1 2 2 1 1 1 1 1 0 2 1 1 1 1 1 0 0 1 1 2 0 1 1 1 1
geno chr3.192545437 yri  1 0 2 0 1 0 0 0 1 0 0 0 0 1 0 0 2 1 0 0 2 1 0 1 0 0 0 0 0 1 0 0 0 1 0 1 1 0 0 0 1 0 0 0 0 1 1 0 0 0 0 2 1 0 0 0 0 0 0 1 0 1 0 0 1 0 0 1 1 1 0 0 1 1 1 1 1
geno chr3.192545512 ceu  0 1 1 1 2 1 0 1 1 2 0 1 0 0 2 2 1 2 1 1 0 2 1 2 1 2 0 0 1 1 1 0 0 2 1 0 0 0 1 2 1 0 1 0 1 2 2 2 2 2 1 1 1 0 2 1 1 0 1 0 1 1 1 1 2 1 0 1 1 1 1 2 2 1 1 0 2 1
geno chr3.192545512 fin  2 2 0 0 0 0 2 2 2 2 0 1 1 0 2 0 0 2 0 0 1 1 1 2 1 1 1 1 2 0 1 2 0 1 1 1 1 1 1 0 1 2 0 2 1 0 0 2 2 0 0 1 0 1 1 2 2 1 1 1 1 1 2 0 0 2 0 2 2 0 1 1 1 1 0 1 0 1 1 0 2 1 1 2 2 1 0 2 2
geno chr3.192545512 gbr  1 1 2 1 0 2 0 2 2 1 1 1 1 1 0 2 1 2 1 0 0 2 2 0 1 0 0 2 0 1 1 0 0 1 0 1 1 1 1 2 0 0 2 1 2 2 0 1 0 1 0 1 2 1 1 2 2 2 2 2 1 2 0 0 1 1 1 1 0 1 2 2 2 1 0 1 1 0 2 0 0 2 2 1
geno chr3.192545512 tsi  1 0 1 2 1 2 1 1 1 1 1 1 2 0 2 2 2 1 0 1 1 2 2 2 0 2 1 0 0 0 1 2 2 1 1 2 1 1 2 0 0 0 1 2 0 1 0 2 1 2 1 2 0 1 1 1 2 2 1 0 0 0 2 2 1 0 0 1 2 2 2 1 1 2 2 1 2 1 1 2 1 1 0 0 2 1 1 0 1 1 1 2
geno chr3.192545512 yri  2 2 2 1 2 1 0 2 2 1 1 2 1 1 2 1 2 2 2 2 2 2 2 2 1 2 1 2 2 1 2 1 1 2 2 2 2 2 2 2 2 2 2 2 2 2 2 2 1 1 2 2 1 1 1 1 2 2 1 2 2 1 2 2 2 1 2 2 1 2 2 2 2 2 1 2 2
geno chr3.192546196 ceu  0 2 1 1 2 1 2 2 1 2 0 0 0 1 2 2 1 2 1 1 0 2 1 2 2 2 0 0 2 1 1 0 0 2 1 0 0 0 1 2 1 0 1 0 1 2 2 2 2 2 1 1 1 1 2 1 2 0 1 0 1 1 2 1 2 1 0 1 1 1 2 2 2 1 1 0 2 1
geno chr3.192546196 fin  2 2 0 0 0 0 2 2 2 2 0 1 1 0 2 1 0 2 0 0 1 1 1 2 1 1 1 1 2 0 1 2 0 1 1 2 1 1 1 0 1 1 0 2 1 0 0 1 2 1 0 1 0 1 1 2 2 1 2 1 1 1 2 0 0 2 0 2 2 0 1 1 1 1 0 1 1 0 1 0 2 1 1 2 2 1 1 2 2
geno chr3.192546196 gbr  1 2 2 2 0 2 0 2 2 1 1 1 1 1 0 2 1 2 2 0 0 1 2 0 1 0 0 2 0 1 2 0 0 1 0 1 1 1 1 2 0 0 2 2 2 2 1 2 0 1 0 1 1 2 1 2 2 2 2 2 1 2 0 0 1 1 1 1 0 1 2 2 2 2 0 1 1 0 2 0 0 2 2 1
geno chr3.192546196 tsi  1 2 1 2 1 2 1 1 1 1 1 1 2 1 1 2 1 1 0 1 1 2 2 2 0 2 1 0 1 0 1 2 2 1 1 2 1 1 2 0 0 0 1 2 0 1 0 2 1 2 1 2 1 1 1 1 2 1 1 1 0 0 2 2 1 2 0 1 1 2 2 1 1 2 2 1 2 1 1 2 1 0 1 0 2 1 2 0 1 1 1 2
geno chr3.192546196 yri  2 2 2 2 2 2 2 2 2 2 2 2 1 2 2 1 2 2 2 2 2 2 2 2 2 2 1 2 2 2 2 2 2 2 2 2 2 2 2 2 2 2 2 2 2 2 2 2 2 2 2 2 2 2 2 2 2 2 2 2 2 2 2 2 2 2 2 2 2 2 2 2 2 2 2 2 2
geno chr3.192546372 ceu  0 0 0 1 1 1 0 1 1 1 0 0 0 1 1 2 1 2 1 0 0 1 1 2 1 2 0 0 2 1 0 0 0 1 1 1 0 0 1 2 1 0 1 0 1 2 1 1 2 2 0 1 1 1 2 0 1 0 1 0 1 1 1 1 0 1 0 1 1 1 1 0 2 1 1 0 1 0
geno chr3.192546372 fin  2 2 0 0 0 0 1 2 2 1 0 1 1 0 2 1 0 2 0 0 1 1 1 0 1 1 1 1 1 0 1 0 0 1 1 2 1 1 1 0 1 0 0 2 1 0 0 0 1 1 0 0 0 0 1 2 1 1 2 1 1 1 2 0 0 1 0 2 1 0 1 0 1 0 0 1 0 0 1 0 2 0 0 2 1 0 0 0 2
geno chr3.192546372 gbr  0 0 1 2 0 2 0 2 2 1 0 1 1 1 0 2 1 2 1 0 0 0 1 0 0 0 0 1 0 1 2 0 0 1 0 1 1 0 1 1 0 0 2 2 2 1 0 0 0 0 0 1 1 1 1 2 2 2 2 2 0 2 0 0 1 1 1 1 0 0 1 1 2 2 0 1 0 0 2 0 0 0 2 1
geno chr3.192546372 tsi  0 2 1 2 1 1 1 0 1 1 1 1 0 1 0 2 0 1 0 1 1 2 2 1 0 1 1 0 1 0 1 1 1 1 0 1 0 0 2 0 0 0 1 2 0 1 0 1 1 1 0 2 1 1 1 0 2 2 1 1 0 0 0 1 0 1 0 0 1 2 1 1 1 1 1 0 2 1 1 1 1 0 1 0 1 1 2 0 0 0 1 2
geno chr3.192546372 yri  0 1 1 0 1 0 1 1 1 0 1 0 0 1 0 1 1 1 0 1 1 1 1 0 0 1 1 0 1 1 0 0 2 0 2 1 1 1 2 1 1 0 0 0 2 1 0 0 1 1 0 1 2 0 0 0 0 0 0 0 0 1 0 0 2 0 1 1 1 1 1 0 1 1 0 2 1
geno chr3.192546381 ceu  0 0 0 0 0 0 0 0 0 0 0 0 0 0 0 0 0 0 0 0 0 0 0 0 1 0 0 0 0 0 0 0 0 1 0 0 0 0 0 0 0 0 0 0 0 0 0 1 0 1 1 0 1 0 0 1 1 0 0 0 0 0 0 0 2 0 0 0 0 0 0 1 0 0 0 0 0 1
geno chr3.192546381 fin  0 1 0 0 0 0 1 0 0 1 0 0 0 0 0 0 0 0 0 0 0 0 0 1 0 0 0 0 1 0 0 1 0 0 0 0 0 0 0 0 0 1 0 0 0 0 0 1 0 0 0 1 0 0 0 0 0 0 0 0 0 0 1 0 0 0 0 0 1 0 0 1 0 1 0 0 0 0 0 0 0 0 0 0 0 0 0 2 0
geno chr3.192546381 gbr  0 1 1 0 0 0 0 0 0 0 1 0 0 0 0 0 0 0 0 0 0 0 1 0 0 0 0 1 0 0 0 0 0 0 0 0 0 1 1 1 0 0 0 1 0 0 0 0 0 0 0 0 0 0 0 0 0 0 0 0 0 0 0 0 0 0 0 0 0 0 1 1 0 0 0 0 1 0 0 0 0 1 0 0
geno chr3.192546381 tsi  1 0 0 0 0 1 0 0 0 0 0 0 1 0 1 0 1 0 0 0 0 0 0 0 0 0 0 0 0 0 0 2 1 0 0 1 1 1 0 0 0 0 0 0 0 0 0 1 0 1 1 0 0 0 0 0 0 0 0 0 0 0 1 0 1 0 0 0 0 0 1 0 0 1 1 1 0 0 0 1 0 0 0 0 1 0 0 0 0 0 0 1
geno chr3.192546381 yri  0 1 0 0 0 1 1 1 0 0 1 0 0 0 0 0 0 0 0 0 0 0 0 0 1 0 0 0 0 1 2 1 2 1 0 0 0 0 0 0 0 0 0 1 0 0 0 1 1 1 0 1 0 1 1 1 0 0 0 1 1 0 0 1 1 0 1 0 0 1 1 0 0 1 0 0 1
geno chr3.192546660 ceu  0 1 1 1 1 1 1 2 1 1 0 0 0 1 1 2 1 2 2 0 0 2 1 2 2 2 0 0 1 1 0 0 0 2 1 0 0 0 1 2 1 0 1 0 1 2 1 2 2 2 1 1 1 1 2 1 1 0 1 0 1 1 1 1 2 1 0 1 1 1 2 2 2 1 1 0 2 1
geno chr3.192546660 fin  2 2 0 0 0 0 2 2 2 2 0 1 1 0 2 0 0 2 0 1 1 1 1 2 1 1 1 1 2 0 1 2 0 1 1 2 1 1 1 0 1 1 0 2 2 0 0 1 2 0 0 1 0 1 1 2 2 1 2 1 1 1 2 0 0 1 0 2 2 0 1 1 1 1 0 1 1 0 1 0 2 1 1 2 2 1 0 2 2
geno chr3.192546660 gbr  1 2 2 2 0 2 0 2 2 1 1 1 1 1 0 2 1 2 1 0 0 0 2 0 1 0 0 2 0 1 2 0 0 1 0 1 1 1 1 2 0 0 2 2 2 1 1 0 0 1 0 1 1 1 1 2 2 2 2 2 0 2 0 0 1 1 1 1 0 0 2 2 2 2 0 1 1 0 2 0 0 1 2 1
geno chr3.192546660 tsi  1 2 1 2 1 2 1 0 1 1 1 1 0 1 1 2 1 1 0 1 1 2 2 1 0 2 1 0 1 0 1 2 2 1 1 2 1 1 2 0 0 0 1 2 0 1 0 2 1 2 1 2 1 1 1 0 2 2 1 1 0 0 1 2 1 1 0 0 1 2 2 1 1 2 2 1 2 1 1 2 1 0 1 0 2 1 2 0 1 1 1 2
geno chr3.192546660 yri  2 2 2 1 2 2 1 2 2 2 2 2 1 2 2 1 2 2 2 2 2 2 2 2 2 2 1 1 2 2 2 1 2 2 2 2 2 2 2 2 2 2 1 2 2 2 1 2 2 2 2 2 2 1 1 2 2 2 2 2 2 2 2 2 2 2 2 2 2 2 2 2 2 2 2 2 2
geno chr3.192546953 ceu  0 1 1 1 1 1 1 2 1 1 0 0 0 1 1 2 1 2 2 0 0 2 1 2 2 2 0 0 1 1 0 0 0 2 1 0 0 0 1 2 1 0 1 0 1 2 1 2 2 2 1 1 1 1 2 1 1 0 1 0 1 1 1 1 2 1 0 0 1 1 2 2 2 1 1 0 2 1
geno chr3.192546953 fin  2 2 0 0 0 0 2 2 2 2 0 1 1 0 2 0 0 2 0 0 1 1 1 2 1 1 1 1 2 0 1 2 0 1 1 2 1 1 1 0 1 1 0 2 1 0 0 1 2 0 0 1 0 1 1 2 2 1 2 1 1 1 2 0 0 1 0 2 2 0 1 1 1 1 0 1 0 0 1 0 2 1 1 2 2 1 0 2 2
geno chr3.192546953 gbr  1 2 2 2 0 2 0 2 2 1 1 1 1 1 0 2 1 2 1 0 0 0 2 0 1 0 0 2 0 1 2 0 0 1 0 1 1 1 1 2 0 0 2 2 2 1 1 0 0 1 0 1 1 1 1 2 2 2 2 2 0 2 0 0 1 1 1 1 0 0 2 2 2 2 0 1 1 0 2 0 0 1 2 1
geno chr3.192546953 tsi  1 2 1 2 1 2 1 0 1 1 1 1 1 1 1 2 1 1 0 1 1 2 2 1 0 2 1 0 1 0 1 2 2 1 1 2 1 1 2 0 0 0 1 2 0 1 0 2 1 2 1 2 1 1 1 0 2 2 1 1 0 0 1 2 1 1 0 0 1 2 2 1 1 2 2 1 2 1 1 2 1 0 1 0 2 1 2 0 1 1 1 2
geno chr3.192546953 yri  1 2 2 2 2 2 2 2 2 2 2 2 1 2 2 1 2 2 2 2 1 2 2 2 2 2 1 2 2 2 2 2 2 1 2 2 2 2 2 2 2 2 2 2 2 2 2 2 2 2 2 2 2 2 2 2 2 2 2 2 2 2 2 2 2 2 2 2 2 2 2 2 2 2 2 2 2
geno chr3.192547128 ceu  0 1 0 1 1 1 0 1 1 1 0 0 0 1 1 2 1 2 1 0 0 1 1 2 0 2 0 0 1 1 0 0 0 1 1 0 0 0 1 2 1 0 1 0 1 2 1 1 2 1 0 1 0 1 2 0 0 0 1 0 1 1 1 1 0 1 0 0 1 1 2 1 2 1 1 0 2 0
geno chr3.192547128 fin  2 2 0 0 0 0 1 2 2 1 0 1 1 0 1 0 0 2 0 0 1 1 1 0 1 1 1 1 1 0 1 1 0 1 1 2 1 1 1 0 1 0 0 2 1 0 0 0 1 0 0 0 0 1 1 2 1 1 2 1 1 1 2 0 0 1 0 2 1 0 1 0 1 0 0 1 0 0 1 0 2 0 0 2 2 0 0 0 2
geno chr3.192547128 gbr  1 1 1 2 0 1 0 2 2 1 0 1 1 1 0 2 0 1 1 0 0 0 1 0 0 0 0 1 0 1 2 0 0 1 0 0 1 0 0 1 0 0 2 1 2 1 0 0 0 1 0 1 1 1 1 2 2 2 2 2 0 2 0 0 1 1 1 0 0 0 1 1 2 2 0 1 0 0 2 0 0 0 2 1
geno chr3.192547128 tsi  0 2 1 2 1 1 1 0 1 1 1 1 0 1 0 2 0 1 0 1 1 1 2 0 0 2 1 0 1 0 1 0 1 1 1 1 0 0 2 0 0 0 1 2 0 1 0 1 1 1 0 2 1 1 1 0 2 2 1 1 0 0 0 2 0 1 0 0 1 2 1 1 1 1 1 0 2 1 1 1 1 0 1 0 1 1 2 0 1 1 1 1
geno chr3.192547128 yri  0 0 0 0 1 0 0 1 1 0 0 0 0 1 0 0 1 1 0 1 1 1 0 1 0 1 0 0 1 1 0 0 0 0 1 1 1 0 2 1 0 0 0 0 2 1 0 0 1 0 0 0 1 0 0 0 0 0 0 0 0 1 0 0 1 0 0 1 1 1 0 0 1 0 0 1 0
geno chr3.192547173 ceu  0 1 0 1 1 1 0 1 1 1 0 0 0 1 1 2 1 2 2 0 0 2 1 2 2 2 0 0 1 1 0 0 0 2 1 0 0 0 1 2 1 0 1 0 1 2 1 2 2 2 1 1 1 1 2 1 1 0 1 0 1 1 1 1 2 1 0 0 1 1 2 2 2 1 1 0 2 1
geno chr3.192547173 fin  2 2 0 0 0 0 2 2 2 2 0 1 1 0 2 0 0 2 0 0 1 1 1 2 1 1 1 1 2 0 1 2 0 1 1 2 1 1 1 0 1 1 0 2 1 0 0 1 2 0 0 1 0 1 1 2 2 1 2 1 1 1 2 0 0 1 0 2 2 0 1 1 1 1 0 1 0 0 1 0 2 1 1 2 2 1 0 2 2
geno chr3.192547173 gbr  1 2 2 2 0 2 0 2 2 1 1 1 1 1 0 2 1 2 1 0 0 0 2 0 1 0 0 2 0 1 2 0 0 1 0 1 1 1 1 2 0 0 2 2 2 1 1 0 0 1 0 1 1 1 1 2 2 2 2 2 0 2 0 0 1 1 1 1 0 0 2 2 2 2 0 1 1 0 2 0 0 1 2 1
geno chr3.192547173 tsi  1 2 1 2 1 2 1 0 1 1 1 1 1 1 1 2 1 1 0 1 1 2 2 1 0 2 1 0 1 0 1 2 2 1 1 2 1 1 2 0 0 0 1 2 0 1 0 2 1 2 1 2 1 1 1 0 2 2 1 1 0 0 1 2 1 1 0 0 1 2 2 1 1 2 2 1 2 1 1 2 1 0 1 0 2 1 2 0 1 1 1 2
geno chr3.192547173 yri  2 2 2 2 2 2 2 2 2 2 2 2 1 2 2 1 2 2 2 2 2 2 2 2 2 2 1 2 2 2 2 2 2 2 2 2 2 2 2 2 2 2 2 2 2 2 2 2 2 2 2 2 2 2 2 2 2 2 2 2 2 2 2 2 2 2 2 2 2 2 2 1 2 2 2 2 2
geno chr3.192547205 ceu  0 1 0 1 1 1 0 1 1 1 0 0 0 1 1 2 1 2 2 0 0 2 1 2 2 2 0 0 1 1 0 0 0 2 1 0 0 0 1 2 1 0 1 0 1 2 1 2 2 2 1 1 1 1 2 1 1 0 1 0 1 1 1 1 2 1 0 0 1 1 2 2 2 1 1 0 2 1
geno chr3.192547205 fin  2 2 0 0 0 0 2 2 2 2 0 1 1 0 2 0 0 2 0 0 1 1 1 2 1 1 1 1 2 0 1 2 0 1 1 2 1 1 1 0 1 1 0 2 1 0 0 1 2 0 0 1 0 1 1 2 2 1 2 1 1 1 2 0 0 1 0 2 2 0 1 1 1 1 0 1 0 0 1 0 2 1 1 2 2 1 0 2 2
geno chr3.192547205 gbr  1 2 2 2 0 2 0 2 2 1 1 1 1 1 0 2 1 2 1 0 0 0 2 0 1 0 0 2 0 1 2 0 0 1 0 1 1 1 1 2 0 0 2 2 2 1 1 0 0 1 0 1 1 1 1 2 2 2 2 2 0 2 0 0 1 1 1 1 0 0 2 2 2 2 0 1 1 0 2 0 0 1 2 1
geno chr3.192547205 tsi  1 2 1 2 1 2 1 0 1 1 1 1 1 1 1 2 1 1 0 1 1 2 2 1 0 2 1 0 1 0 1 2 2 1 1 2 1 1 2 0 0 0 1 2 0 1 0 2 1 2 1 2 1 1 1 0 2 2 1 1 0 0 1 2 1 1 0 0 1 2 2 1 1 2 2 1 2 1 1 2 1 0 1 0 2 1 2 0 1 1 1 2
geno chr3.192547205 yri  1 2 2 2 2 2 2 2 2 2 2 2 1 2 2 1 2 2 2 2 1 2 2 2 2 2 1 2 2 2 2 2 2 1 2 2 2 2 2 2 2 2 2 2 2 2 2 2 2 2 2 2 2 2 2 2 2 2 2 2 2 2 2 2 2 2 2 2 2 2 2 1 2 2 2 2 2
geno chr3.192547425 ceu  0 0 0 0 0 0 0 0 0 0 0 0 0 0 0 0 0 0 0 0 0 0 0 0 0 0 0 0 0 0 0 0 0 0 0 0 0 0 0 0 0 0 0 0 0 0 0 0 0 0 0 0 0 0 0 0 0 0 0 0 0 0 0 0 0 0 0 0 0 0 0 0 0 0 0 0 0 0
geno chr3.192547425 fin  0 0 0 0 0 0 0 0 0 0 0 0 0 0 0 0 0 0 0 0 0 0 0 0 0 0 0 0 0 0 0 0 0 0 0 0 0 0 0 0 0 0 0 0 0 0 0 0 0 0 0 0 0 0 0 0 0 0 0 0 0 0 0 0 0 0 0 0 0 0 0 0 0 0 0 0 0 0 0 0 0 0 0 0 0 0 0 0 0
geno chr3.192547425 gbr  0 0 0 0 0 0 0 0 0 0 0 0 0 0 0 0 0 0 0 0 0 0 0 0 0 0 0 0 0 0 0 0 0 0 0 0 0 0 0 0 0 0 0 0 0 0 0 0 0 0 0 0 0 0 0 0 0 0 0 0 0 0 0 0 0 0 0 0 0 0 0 0 0 0 0 0 0 0 0 0 0 0 0 0
geno chr3.192547425 tsi  0 0 0 0 0 0 0 0 0 0 0 0 0 0 0 0 0 0 0 0 0 0 0 0 0 0 0 0 0 0 0 0 0 0 0 0 0 0 0 0 0 0 0 0 0 0 0 0 0 0 0 0 0 0 0 0 0 0 0 0 0 0 0 0 0 0 0 0 0 0 0 0 0 0 0 0 0 0 0 0 0 0 0 0 0 0 0 0 0 0 0 0
geno chr3.192547425 yri  0 1 1 1 1 0 0 0 1 2 1 2 1 1 1 1 1 0 1 1 0 1 1 1 1 1 0 0 1 0 0 1 0 0 0 1 1 1 0 1 1 2 1 1 0 1 1 1 0 1 2 0 0 0 1 1 1 2 1 1 1 0 1 1 0 2 0 1 1 0 0 1 1 0 2 0 1
geno chr3.192548545 ceu  0 1 0 1 1 1 0 1 1 1 0 0 0 1 1 2 1 2 1 0 0 2 1 2 2 2 0 0 1 1 0 0 0 2 1 0 0 0 1 2 1 0 1 0 1 2 1 2 2 2 1 1 1 1 2 1 1 0 1 0 1 1 1 1 2 1 0 1 1 1 2 2 2 1 1 0 2 1
geno chr3.192548545 fin  2 2 0 0 0 0 2 2 2 2 0 1 1 0 2 0 0 2 0 0 1 1 1 2 1 1 1 1 2 0 1 2 0 1 1 2 1 1 1 0 1 1 0 2 1 0 0 1 2 0 0 1 0 1 1 2 2 1 2 1 1 1 2 0 0 1 0 2 2 0 1 1 1 1 0 1 0 0 1 0 2 1 1 2 2 1 0 2 2
geno chr3.192548545 gbr  1 2 2 2 0 2 0 2 2 1 1 1 1 1 0 2 1 2 1 0 0 0 2 0 1 0 0 2 0 1 2 0 0 1 0 1 1 1 1 2 0 0 2 2 2 1 1 0 0 1 0 1 1 1 1 2 2 2 2 2 0 2 0 0 1 1 1 1 0 0 2 2 2 2 0 1 1 0 2 0 0 1 2 1
geno chr3.192548545 tsi  1 2 1 2 1 2 1 0 1 1 1 1 1 1 1 2 1 1 0 1 1 2 2 1 0 2 1 0 1 0 1 2 2 1 1 2 1 1 2 0 0 0 1 2 0 1 0 2 1 2 1 2 1 1 1 0 2 1 1 1 0 0 1 2 1 1 0 0 1 2 2 1 1 2 2 1 2 1 1 2 1 0 1 0 2 1 2 0 1 1 1 2
geno chr3.192548545 yri  2 2 2 2 2 2 2 2 2 2 2 2 1 2 2 1 2 2 2 2 2 2 2 2 2 2 1 2 2 2 2 2 2 2 2 2 2 2 2 2 2 2 2 2 2 2 2 2 2 2 2 2 2 2 2 2 2 2 2 2 2 2 2 2 2 2 2 2 2 2 2 1 2 2 2 2 2
geno chr3.192548650 ceu  0 1 0 1 1 1 0 1 1 1 0 0 0 1 1 2 1 2 1 0 0 2 1 2 2 2 0 0 1 1 0 0 0 2 1 0 0 0 1 2 1 0 1 0 1 2 1 2 2 2 1 1 1 1 2 1 1 0 1 0 1 1 1 1 2 1 0 1 1 1 2 2 2 1 1 0 2 1
geno chr3.192548650 fin  2 2 0 0 0 0 2 2 2 2 0 1 1 0 2 0 0 2 0 0 1 1 1 2 1 1 1 1 2 0 1 2 0 1 1 2 1 1 1 0 1 1 0 2 1 0 0 1 2 0 0 1 0 1 1 2 2 1 2 1 1 1 2 0 0 1 0 2 2 0 1 1 1 1 0 1 0 0 1 0 2 1 1 2 2 1 0 2 2
geno chr3.192548650 gbr  1 2 2 2 0 2 0 2 2 1 1 1 1 1 0 2 1 2 1 0 0 0 2 0 1 0 0 2 0 1 2 0 0 1 0 1 1 1 1 2 0 0 2 2 2 1 1 0 0 1 0 1 1 1 1 2 2 2 2 2 0 2 0 0 1 1 1 1 0 0 2 2 2 2 0 1 1 0 2 0 0 1 2 1
geno chr3.192548650 tsi  1 2 1 2 1 2 1 0 1 1 1 1 1 1 1 2 1 1 0 1 1 2 2 1 0 2 1 0 1 0 1 2 2 1 1 2 1 1 2 0 0 0 1 2 0 1 0 2 1 2 1 2 1 1 1 0 2 1 1 1 0 0 1 2 1 1 0 0 1 2 2 1 1 2 2 1 2 1 1 2 1 0 1 0 2 1 2 0 1 1 1 2
geno chr3.192548650 yri  2 2 2 2 2 2 2 2 2 2 2 2 1 2 2 1 2 2 2 2 2 2 2 2 2 2 1 2 2 2 2 2 2 2 2 2 2 2 2 2 2 2 2 2 2 2 2 2 2 2 2 2 2 2 2 2 2 2 2 2 2 2 2 2 2 2 2 2 2 2 2 1 2 2 2 2 2
geno chr3.192549113 ceu  0 1 0 1 1 1 0 1 1 1 0 0 0 1 1 2 1 2 1 0 0 2 1 2 2 2 0 0 1 1 0 0 0 2 1 0 0 0 1 2 1 0 1 0 1 2 1 2 2 1 1 1 0 1 2 1 1 0 1 0 1 1 1 1 2 1 0 0 1 1 2 2 2 1 1 0 2 1
geno chr3.192549113 fin  2 2 0 0 0 0 2 2 2 1 0 1 1 0 2 0 0 2 0 0 1 1 1 2 1 1 1 1 2 0 1 2 0 1 1 2 1 1 1 0 1 1 0 2 1 0 0 1 2 0 0 1 0 1 1 2 2 1 2 1 1 1 2 0 0 1 0 2 2 0 1 1 1 1 0 1 0 0 1 0 2 1 1 2 2 1 0 2 2
geno chr3.192549113 gbr  1 2 2 2 0 1 0 2 2 1 1 1 1 1 0 2 0 2 1 0 0 0 2 0 1 0 0 2 0 1 2 0 0 1 0 0 1 1 0 2 0 0 2 2 2 1 1 0 0 1 0 1 1 1 1 2 2 2 2 2 0 2 0 0 1 1 1 0 0 0 2 2 2 2 0 1 1 0 2 0 0 1 2 1
geno chr3.192549113 tsi  1 2 1 2 1 2 1 0 1 1 1 1 1 1 1 2 1 1 0 1 1 2 2 0 0 2 1 0 1 0 1 1 2 1 1 2 1 1 2 0 0 0 1 2 0 1 0 2 1 2 1 2 1 1 1 0 2 1 1 1 0 0 1 2 1 1 0 0 1 2 2 1 1 2 2 1 2 1 1 2 1 0 1 0 2 1 2 0 1 1 1 1
geno chr3.192549113 yri  1 0 1 1 1 2 2 2 1 0 1 0 0 1 1 0 1 1 1 1 2 1 1 1 1 1 1 1 1 1 2 1 0 2 2 1 1 1 2 1 1 0 0 1 2 1 1 1 2 1 0 2 2 2 1 1 1 0 1 1 1 2 1 1 1 0 2 1 1 2 2 0 1 1 0 2 1
geno chr3.192549421 ceu  0 1 0 1 1 1 0 1 1 1 0 0 0 1 1 2 1 2 1 0 0 2 1 2 2 2 0 0 1 1 0 0 0 2 1 0 0 0 1 2 1 0 1 0 1 2 1 2 2 2 1 1 1 1 2 1 1 0 1 0 1 1 1 1 2 1 0 0 1 1 2 2 2 1 1 0 2 1
geno chr3.192549421 fin  2 2 0 0 0 0 2 2 2 2 0 1 1 0 2 0 0 2 0 0 1 1 1 2 1 1 1 1 2 0 1 2 0 1 1 2 1 1 1 0 1 1 0 2 1 0 0 1 2 0 0 1 0 1 1 2 2 1 2 1 1 1 2 0 0 1 0 2 2 0 1 1 1 1 0 1 0 0 1 0 2 1 1 2 2 1 0 2 2
geno chr3.192549421 gbr  1 2 2 2 0 2 0 2 2 1 1 1 1 1 0 2 1 2 1 0 0 0 2 0 1 0 0 2 0 1 2 0 0 1 0 1 1 1 1 2 0 0 2 2 2 1 1 0 0 1 0 1 1 1 1 2 2 2 2 2 0 2 0 0 1 1 1 1 0 0 2 2 2 2 0 1 1 0 2 0 0 1 2 1
geno chr3.192549421 tsi  1 2 1 2 1 2 1 0 1 1 1 1 1 1 1 2 1 1 0 1 1 2 2 1 0 2 1 0 1 0 1 2 2 1 1 2 1 1 2 0 0 0 1 2 0 1 0 2 1 2 1 2 1 1 1 0 2 1 1 1 0 0 1 2 1 1 0 0 1 2 2 1 1 2 2 1 2 1 1 2 1 0 1 0 2 1 2 0 1 1 1 2
geno chr3.192549421 yri  2 2 2 2 2 2 2 2 2 2 2 2 1 2 2 1 2 2 2 2 2 2 2 2 2 2 1 2 2 2 2 2 2 2 2 2 2 2 2 2 2 2 2 2 2 2 2 2 2 2 2 2 2 2 2 2 2 2 2 2 2 2 2 2 2 2 2 2 2 2 2 1 2 1 2 2 2
geno chr3.192549447 ceu  0 1 0 1 1 1 0 1 1 1 0 0 0 1 1 2 1 2 1 0 0 2 1 2 2 2 0 0 1 1 0 0 0 2 1 0 0 0 1 2 1 0 1 0 1 2 1 2 2 2 1 1 1 1 2 1 1 0 1 0 1 1 1 1 2 1 0 0 1 1 2 2 2 1 1 0 2 1
geno chr3.192549447 fin  2 2 0 0 0 0 2 2 2 2 0 1 1 0 2 0 0 2 0 0 1 1 1 2 1 1 1 1 2 0 1 2 0 1 1 2 1 1 1 0 1 1 0 2 1 0 0 1 2 0 0 1 0 1 1 2 2 1 2 1 1 1 2 0 0 1 0 2 2 0 1 1 1 1 0 1 0 0 1 0 2 1 1 2 2 1 0 2 2
geno chr3.192549447 gbr  1 2 2 2 0 2 0 2 2 1 1 1 1 1 0 2 1 2 1 0 0 0 2 0 1 0 0 2 0 1 2 0 0 1 0 1 1 1 1 2 0 0 2 2 2 1 1 0 0 1 0 1 1 1 1 2 2 2 2 2 0 2 0 0 1 1 1 1 0 0 2 2 2 2 0 1 1 0 2 0 0 1 2 1
geno chr3.192549447 tsi  1 2 1 2 1 2 1 0 1 1 1 1 1 1 1 2 1 1 0 1 1 2 2 1 0 2 1 0 1 0 1 2 2 1 1 2 1 1 2 0 0 0 1 2 0 1 0 2 1 2 1 2 1 1 1 0 2 1 1 1 0 0 1 2 1 1 0 0 1 2 2 1 1 2 2 1 2 1 1 2 1 0 1 0 2 1 2 0 1 1 1 2
geno chr3.192549447 yri  2 2 2 2 2 2 2 2 2 2 2 2 1 2 2 1 2 2 2 2 2 2 2 2 2 2 1 2 2 2 2 2 2 2 2 2 2 2 2 2 2 2 2 2 2 2 2 2 2 2 2 2 2 2 2 2 2 2 2 2 2 2 2 2 2 2 2 2 2 2 2 1 2 1 2 2 2
