pheno ENSG00000185187 ceu -2.522139 -3.753037 -2.450254 -0.5602962 -0.9042745 -0.3741506 -1.532711 -4.775309 0.9165008 -1.628468 -2.567164 -0.5081091 -1.857221 -3.181388 -1.639911 -4.498404 -0.219393 -3.256739 -0.8979208 -3.333348 -0.7897688 -0.8874369 -2.399652 0.1244297 -2.015733 -1.063153 -1.888694 -1.834657 -0.826017 -1.886643 -1.648168 -1.573668 -2.257135 -1.680914 -1.075681 -1.219928 -0.7025542 -3.173431 -3.060107 -1.957483 -0.287192 -2.6641 -4.002125 -1.250536 -3.194542 -1.930516 -1.875075 -1.766634 -1.003894 -2.6127 -0.9430199 -1.611915 0.4945729 -1.463338 -2.275739 0.2514637 0.3218205 -4.08513 -1.339547 -2.27863 -2.363523 0.3523104 -1.127502 -1.373156 -1.512401 -0.6453642 -1.737978 -2.401556 -2.995487 -1.186209 -0.154625 -1.941298 -1.758575 -1.735058 -1.892498 -3.485194 -2.770465 -0.7937505
pheno ENSG00000185187 fin 2.618609 3.448321 0.4175837 0.09186152 2.221776 1.040404 2.440275 1.753656 1.361184 1.405824 0.7857074 1.573191 1.524463 1.086415 1.620731 2.463977 -0.1270753 0.8740783 1.923291 2.336565 2.510148 -1.379193 2.456742 1.539482 2.028991 2.644304 0.9781326 -0.3350523 2.012144 2.468042 2.837377 1.311017 3.342189 1.242995 1.473879 1.467239 -0.460978 1.398947 3.564462 0.7639256 1.896578 2.366176 -0.2706863 1.217296 1.618321 3.284516 0.4211902 1.915155 1.892455 1.961084 0.6420422 0.5846214 1.676085 1.92568 1.945294 2.299954 2.11155 0.21272 2.586177 0.9788858 1.736618 1.710173 2.550254 2.548657 1.226037 1.265428 1.736681 2.79279 0.8651296 1.43654 1.58283 2.007717 1.634828 2.526704 0.1715083 2.362473 0.9821298 2.772226 1.943678 1.661826 1.05065 3.258144 1.610351 0.3875395 2.302182 1.862121 1.615508 3.025573 1.713781
pheno ENSG00000185187 gbr -2.570048 -2.096867 -3.374039 -1.143344 -3.027828 -2.679903 -0.3645065 -3.82834 -2.636628 -0.257018 -2.051545 -2.361388 -2.190729 -1.613539 -3.375665 -1.549116 -1.655548 -1.328218 -4.483289 -2.286894 -0.2476455 -2.077019 -0.2548686 -2.738808 -4.455576 -1.880147 -0.8514416 -2.663613 -0.4535623 -2.680267 -2.970705 -2.427737 -0.7894723 -3.802548 -2.905721 -2.876037 -1.536005 -1.499402 -3.075887 -0.430543 -0.8613859 -1.09975 0.3202993 -1.30646 -2.998549 -2.164478 -2.054844 -4.586574 -2.126121 -1.967228 -2.082351 -1.809943 -2.778311 -1.020739 -3.213993 -0.704051 -2.059902 -2.103044 -1.505033 -0.8533716 -1.746173 -2.126488 -2.303389 -3.29454 -0.5652925 -2.824408 -3.822529 -1.173284 -2.549276 -2.320207 -3.251186 -2.290203 -1.990406 -4.308175 -3.913634 -0.9048251 -2.334161 -1.809796 -1.4756 -2.209593 -3.65896 -2.551037 -1.010435 -2.966895
pheno ENSG00000185187 tsi 0.335057 1.562455 -1.121733 0.7227015 1.136717 0.04953962 -0.6441876 1.369791 0.07324461 -0.492967 1.844346 -2.537904 0.1834391 1.636298 -0.6875061 0.6257144 1.232634 1.336259 -1.280287 -0.7412381 -0.4425646 -1.147821 -1.381587 -0.8701426 1.032577 1.624665 0.9281785 -0.7672722 -0.9657415 -0.7033058 1.292377 0.5808343 -0.5733476 0.8577783 1.178327 0.1266078 0.463733 -0.3660776 1.712927 1.180175 -0.6474693 0.3603815 0.3522819 0.8650582 2.038235 0.6080546 3.71549 0.7515914 2.13243 -1.042652 1.344109 -0.01349546 0.8346757 0.910701 -1.524071 -0.4079415 -1.69142 0.7087345 1.917749 0.4105866 -1.108151 0.4751178 -0.3487616 -0.5122691 -0.6839604 1.027574 -0.1624374 1.51809 0.8636989 -1.515902 1.519786 -0.5737677 0.4983163 0.005762985 0.7038875 -0.004455383 0.4526706 2.613694 0.2548689 1.606804 0.7216656 1.376829 0.1359173 1.320095 0.6069739 1.393249 -1.200712 -0.3849596 1.277371 -1.903432 1.789628 -1.954492
pheno ENSG00000185187 yri -3.295832 -2.04286 -2.04225 -3.23809 -1.021484 -3.730388 -0.854326 -1.816009 -1.313879 -1.066192 -2.640311 -2.564736 -4.001534 -2.460054 -1.792005 -0.1419092 -3.281254 -3.536577 -2.514229 -4.057407 -0.8753546 -0.8266999 -3.737079 -2.575557 -0.472465 -3.333817 -2.031325 -2.498114 -2.263388 -2.176216 -1.389012 -0.9082713 -3.711541 -2.580535 -3.156678 -1.305862 -2.200253 -2.283053 -1.678895 -2.149899 -2.357243 -1.751699 -1.555325 -2.799336 -0.6301291 -2.680314 -2.707408 -1.652241 -4.115956 -2.193479 -1.811956 -1.466428 -1.524684 -0.7716501 -0.7558489 -0.04769319 -2.061815 -1.425378 -1.355493 -2.472638 -2.686678 -3.542123 -1.693728 -3.74371 -3.619214 -1.783544 0.9009908 -1.984014 -0.7661021 -2.505586 -0.5650274 -3.350339 -0.8582833 -0.4117853 -1.375469 -3.038787 -1.301046
geno chr11.320115 ceu  2 2 1 1 2 2 2 2 2 2 2 2 1 1 2 1 2 2 2 2 1 2 2 1 2 2 1 1 2 2 2 0 1 1 2 2 1 2 1 2 2 1 1 2 2 2 2 1 1 2 2 2 2 2 2 2 2 2 2 2 2 1 1 2 2 1 1 1 2 1 1 1 2 2 1 0 0 1
geno chr11.320115 fin  1 2 1 1 1 2 1 1 2 2 1 1 2 1 2 2 2 0 2 2 2 1 2 2 2 2 2 2 2 2 2 2 1 2 1 1 2 1 2 2 2 2 1 1 2 1 1 2 2 1 2 2 2 2 1 2 2 1 1 1 2 2 2 1 1 2 2 1 2 1 2 1 1 2 1 1 2 2 2 1 1 2 1 1 0 2 1 2 2
geno chr11.320115 gbr  2 1 2 1 2 2 1 1 2 2 2 2 1 2 2 2 2 2 2 2 1 1 2 2 1 2 1 1 1 2 1 2 1 2 1 2 2 2 1 1 1 2 1 2 2 2 1 2 1 2 2 2 2 2 2 1 1 0 1 2 2 2 0 2 2 2 2 2 2 1 2 2 2 2 2 2 2 2 1 2 2 2 1 2
geno chr11.320115 tsi  2 1 2 2 1 1 1 1 1 1 0 2 1 1 1 1 0 1 2 2 1 2 1 2 0 2 2 1 1 1 1 1 2 1 2 2 1 2 2 2 2 2 2 2 2 2 2 1 0 1 1 2 0 2 2 1 2 1 2 2 2 2 1 1 1 1 1 2 2 2 2 2 1 2 2 2 2 2 1 2 1 2 2 2 1 2 2 2 2 2 1 2
geno chr11.320115 yri  1 2 1 2 2 2 1 2 1 2 2 1 1 2 2 1 2 2 2 1 2 2 2 2 2 2 1 2 1 2 1 1 2 2 1 2 1 0 2 2 2 1 2 1 2 2 2 2 2 1 1 1 1 2 2 2 2 1 1 2 2 1 2 2 2 2 2 1 1 2 2 2 2 2 2 2 2
geno chr11.320166 ceu  2 2 1 1 2 2 2 2 2 2 2 2 2 2 2 1 2 2 2 2 1 2 2 1 2 2 1 2 2 2 2 0 1 1 2 2 2 2 1 2 2 2 1 2 2 2 2 1 2 2 2 1 2 2 2 2 2 2 2 2 2 2 1 2 2 2 2 1 2 1 1 1 2 2 2 0 0 1
geno chr11.320166 fin  1 2 1 1 1 2 1 1 2 2 1 1 2 1 2 2 2 0 2 2 2 1 2 2 2 2 2 2 2 2 2 2 1 2 1 1 2 1 2 2 2 2 1 1 2 1 1 2 2 1 2 2 2 2 2 2 2 1 2 1 2 2 2 1 1 2 2 1 1 1 2 2 2 2 1 2 2 2 2 1 1 2 1 1 0 2 1 2 2
geno chr11.320166 gbr  2 1 2 1 2 2 2 1 2 2 2 2 1 2 2 2 2 2 2 2 1 1 2 2 1 2 1 1 1 2 1 2 2 2 1 2 2 2 1 1 1 2 1 2 2 2 1 2 2 2 2 2 2 2 2 2 1 0 2 2 2 2 0 2 2 2 2 2 2 1 2 2 2 2 2 2 2 2 1 2 2 2 1 2
geno chr11.320166 tsi  2 2 2 2 1 1 2 1 1 0 0 2 2 1 1 1 1 1 2 2 0 2 1 2 0 2 2 1 2 1 2 2 2 1 2 2 1 2 2 2 2 2 2 2 2 2 2 1 0 1 1 2 0 2 2 1 2 1 2 2 2 2 1 1 1 1 2 2 2 2 2 2 1 2 2 2 2 2 1 2 2 2 2 2 2 2 2 2 2 2 1 2
geno chr11.320166 yri  2 2 2 2 2 2 2 2 2 2 2 2 2 2 2 2 2 2 2 2 2 2 2 2 2 2 2 2 2 2 1 1 2 2 2 2 1 1 2 2 2 1 2 2 2 2 2 2 2 1 2 2 1 2 2 2 2 2 1 2 2 2 2 2 2 2 2 2 2 2 2 2 2 2 2 2 2
geno chr11.320237 ceu  2 2 1 1 2 2 2 2 2 2 2 1 2 2 2 1 2 2 2 2 1 2 2 1 2 1 2 2 2 2 2 0 2 1 2 2 2 2 1 2 2 2 1 2 2 2 2 1 2 2 2 2 2 2 2 2 2 2 2 2 2 2 1 2 2 1 2 1 2 1 1 1 2 2 2 0 1 1
geno chr11.320237 fin  1 2 1 1 1 2 1 1 2 2 1 1 2 1 2 2 2 0 2 1 2 1 2 2 2 2 2 2 2 2 2 2 1 2 2 1 2 1 2 2 1 2 1 1 1 1 1 2 2 1 2 2 2 2 2 2 2 1 1 1 2 2 2 1 1 2 1 1 1 1 1 2 1 2 1 1 2 2 2 1 1 2 0 1 0 0 1 1 2
geno chr11.320237 gbr  0 1 2 1 2 2 1 1 2 1 1 2 1 2 2 2 2 2 2 1 2 1 2 2 1 2 1 1 1 2 1 2 0 2 1 2 2 2 2 0 1 2 2 2 2 2 1 2 2 2 2 2 2 2 2 1 1 0 1 2 2 2 0 2 2 2 1 2 2 1 2 2 1 2 2 2 2 2 1 2 2 2 1 2
geno chr11.320237 tsi  2 1 2 2 1 1 2 1 1 1 1 1 2 1 1 1 1 1 2 2 1 1 1 1 0 2 2 1 2 1 2 2 2 1 2 2 1 2 2 2 2 1 2 2 2 2 2 1 0 1 1 2 0 2 2 1 2 1 2 2 2 2 1 1 1 1 2 2 2 2 2 2 1 2 2 2 2 2 1 2 2 2 2 2 2 2 2 2 2 2 1 2
geno chr11.320237 yri  2 2 2 2 2 2 1 2 1 2 2 2 2 2 2 1 2 2 2 2 2 2 2 2 2 2 2 2 2 2 1 1 2 2 2 2 1 0 2 2 2 1 2 1 2 2 2 2 2 1 1 1 1 2 2 2 2 1 1 2 2 2 2 2 2 2 2 1 1 2 2 2 2 2 2 2 2
geno chr11.320394 ceu  2 1 0 0 1 2 2 1 1 1 1 2 0 0 0 0 1 1 1 1 1 2 1 0 2 1 2 2 1 1 1 0 1 1 1 2 1 0 0 1 2 0 0 1 1 2 0 0 1 1 2 1 1 2 1 2 2 0 1 0 1 1 0 0 0 2 0 1 1 0 0 0 2 1 0 0 1 1
geno chr11.320394 fin  1 1 0 0 0 2 1 0 1 2 0 1 2 0 1 2 1 0 1 2 1 0 1 1 1 2 0 1 2 2 0 2 1 1 1 1 1 0 2 1 2 2 1 1 2 1 0 1 0 1 1 1 2 2 1 1 1 1 0 0 1 2 2 1 1 1 1 1 1 0 1 1 0 2 0 2 0 1 1 1 1 1 1 0 0 1 1 2 2
geno chr11.320394 gbr  1 1 1 1 0 0 2 1 2 2 1 0 0 2 1 2 1 2 0 1 2 0 2 0 1 0 1 1 1 2 1 1 1 1 1 2 2 2 2 0 1 2 2 1 1 1 0 1 1 2 2 2 1 2 1 1 1 0 2 1 2 0 0 1 1 1 0 0 1 0 0 1 2 1 1 2 1 1 0 1 0 1 0 1
geno chr11.320394 tsi  1 1 0 1 0 0 0 1 0 1 1 0 2 1 1 0 1 1 0 1 0 1 0 0 0 1 2 1 0 0 1 0 1 1 2 0 0 2 1 2 1 2 1 0 2 1 0 1 0 1 0 1 1 0 0 0 0 1 1 2 0 2 1 0 0 1 0 2 1 1 1 1 1 1 1 1 1 2 1 2 0 0 1 0 0 1 0 0 1 1 0 1
geno chr11.320394 yri  0 0 0 0 0 0 0 0 0 0 1 0 0 0 0 0 0 0 0 0 0 0 0 0 0 0 0 0 1 0 1 0 0 0 0 0 0 0 0 0 0 0 0 0 0 0 0 0 0 1 0 0 0 1 0 0 0 0 0 0 0 0 0 0 0 0 0 0 0 0 0 0 0 0 0 0 0
geno chr11.320772 ceu  0 0 0 0 0 0 0 0 1 0 0 0 0 0 1 0 1 0 0 0 0 0 0 0 0 0 0 0 0 0 0 0 0 0 0 0 0 0 1 0 0 0 0 0 0 0 0 0 0 0 0 0 1 0 0 0 0 0 0 0 0 1 1 0 0 0 0 0 0 0 0 0 0 0 1 0 0 0
geno chr11.320772 fin  0 0 0 0 0 0 0 0 0 0 0 0 0 0 0 0 0 0 0 0 0 0 1 0 0 0 1 0 0 0 1 0 0 1 0 0 0 0 0 0 0 0 0 0 0 0 0 1 0 0 0 0 0 0 0 0 1 0 1 0 0 0 0 0 0 0 0 0 0 0 0 0 0 0 0 0 0 0 1 0 0 1 0 0 0 0 0 0 0
geno chr11.320772 gbr  0 0 0 0 0 0 0 0 0 0 0 0 0 0 0 0 0 0 0 0 0 0 0 0 0 0 0 0 0 0 0 0 0 0 0 0 0 0 0 0 0 0 0 0 0 0 0 0 0 0 0 0 0 0 0 0 0 0 0 1 0 1 0 0 0 0 0 0 0 0 0 0 0 0 0 0 0 0 0 0 0 0 0 0
geno chr11.320772 tsi  0 1 0 0 0 0 0 0 0 0 0 0 0 0 0 0 0 0 0 0 0 0 0 0 0 0 0 0 0 0 0 0 0 0 0 0 0 0 0 0 0 0 0 0 0 0 1 0 0 0 0 0 0 0 0 0 0 0 1 0 0 0 0 0 0 0 0 0 0 0 0 0 0 0 0 0 0 0 1 0 1 0 0 0 0 0 1 0 0 0 0 0
geno chr11.320772 yri  1 0 1 1 0 0 0 1 1 0 0 0 1 0 1 2 0 0 0 1 2 1 0 1 1 1 2 1 1 1 0 0 0 0 0 0 0 0 1 0 0 0 0 0 2 2 1 0 0 0 1 0 0 0 1 1 1 1 0 1 0 0 0 0 0 0 1 1 1 1 1 0 1 0 1 0 1
geno chr11.320836 ceu  1 1 0 0 1 2 2 1 1 1 1 2 0 0 0 0 1 1 1 1 1 2 1 0 1 1 2 2 2 1 1 0 1 1 1 2 1 0 0 1 2 0 0 1 1 2 0 0 1 1 2 1 1 2 1 2 2 0 1 0 1 1 0 1 0 2 0 1 2 0 0 0 2 1 0 0 1 1
geno chr11.320836 fin  1 1 0 0 0 2 1 0 1 2 0 1 2 0 1 2 1 0 1 2 1 0 1 1 1 2 0 1 2 2 0 2 1 1 1 1 1 0 2 1 2 2 1 1 2 1 0 1 0 1 1 1 2 2 1 1 1 1 0 0 1 2 2 1 1 1 2 1 2 1 2 1 0 2 0 2 0 1 1 1 1 1 1 0 0 1 1 2 2
geno chr11.320836 gbr  1 1 1 1 0 1 2 1 2 2 1 1 0 2 1 2 1 2 0 1 2 0 2 0 1 0 1 2 1 1 1 1 1 2 1 2 2 2 2 0 1 2 2 1 1 1 0 1 0 2 2 2 1 2 1 1 1 0 2 1 2 0 0 1 1 1 0 0 1 0 0 1 2 1 1 2 1 1 0 1 0 1 0 1
geno chr11.320836 tsi  1 1 0 1 0 0 0 1 0 1 1 0 2 2 1 0 1 1 0 1 0 1 0 0 0 1 2 1 0 0 1 0 1 1 2 1 0 2 1 2 1 2 1 0 2 1 0 1 0 1 0 1 1 0 1 0 0 1 1 2 0 2 1 0 0 1 0 2 1 1 1 1 1 1 1 1 1 2 1 2 0 0 1 0 0 1 0 0 1 1 0 1
geno chr11.320836 yri  0 0 0 0 0 0 0 0 0 0 1 0 0 0 0 0 1 0 0 0 0 0 0 0 0 0 0 0 1 0 1 0 0 0 0 0 0 0 0 0 0 0 0 0 0 0 0 0 0 1 0 0 0 1 0 0 0 0 0 0 0 0 0 0 0 0 0 0 0 0 0 0 0 0 0 0 0
geno chr11.320848 ceu  0 0 0 0 0 0 0 0 0 0 0 0 1 0 1 0 0 0 0 0 0 0 0 0 0 0 0 0 0 0 0 0 0 0 0 0 1 0 0 0 0 0 0 0 0 0 0 0 0 0 0 0 0 0 0 0 0 0 0 0 0 0 0 0 0 0 0 0 0 0 0 0 0 0 0 0 0 0
geno chr11.320848 fin  0 0 0 0 0 0 0 0 0 0 1 0 0 0 0 0 0 0 0 0 0 1 0 0 0 0 0 0 0 0 0 0 0 0 0 0 0 0 0 0 0 0 0 0 0 0 0 0 0 0 1 0 0 0 0 0 0 0 0 0 0 0 0 0 0 0 0 0 0 0 0 0 0 0 0 0 0 0 0 0 0 0 0 0 0 0 0 0 0
geno chr11.320848 gbr  0 0 0 0 0 0 0 0 0 0 0 0 0 0 0 0 0 0 0 0 0 0 0 0 0 0 0 0 0 0 0 0 1 0 0 0 0 0 0 0 0 0 0 0 0 0 0 0 1 0 0 0 0 0 0 0 0 0 1 1 0 0 0 0 0 0 0 0 0 0 1 0 0 0 0 0 0 0 0 0 0 1 0 0
geno chr11.320848 tsi  0 1 0 0 0 0 0 0 0 0 0 1 0 0 0 1 0 0 0 0 0 0 0 1 0 0 0 0 0 0 0 0 0 0 0 0 0 0 0 0 0 0 0 1 0 0 1 0 0 0 0 0 0 0 0 0 1 0 1 0 0 0 0 0 0 0 0 0 0 0 0 0 0 0 0 1 0 0 0 0 0 0 0 1 0 0 1 0 0 0 0 0
geno chr11.320848 yri  1 0 1 0 1 0 0 0 0 0 0 0 1 0 0 0 1 1 0 0 0 0 0 0 0 0 0 0 0 1 0 0 1 0 0 0 0 0 0 1 0 0 0 0 0 1 0 0 1 0 0 0 0 0 0 0 1 0 1 0 0 1 0 0 0 1 0 0 0 1 0 0 0 0 0 2 0
geno chr11.320987 ceu  2 0 0 1 0 1 2 0 1 0 1 2 0 1 0 0 1 1 1 1 1 2 0 0 1 1 2 2 1 2 0 1 0 2 0 2 1 0 1 1 1 0 0 0 0 1 0 0 0 1 2 1 1 1 1 1 1 0 0 0 0 1 1 0 0 1 0 1 0 0 0 0 2 0 0 0 1 1
geno chr11.320987 fin  0 1 0 0 0 2 0 1 1 2 0 1 2 0 1 2 1 0 0 1 1 0 0 0 1 1 0 1 2 1 0 1 0 1 1 1 1 0 1 1 1 1 1 0 2 1 0 1 0 1 1 1 2 2 0 0 2 1 0 0 0 2 2 0 0 0 1 0 1 1 1 1 0 2 0 2 0 1 1 1 0 1 1 0 0 2 1 2 2
geno chr11.320987 gbr  0 1 1 2 0 1 1 1 2 2 1 1 0 2 0 1 0 2 0 1 1 1 2 0 0 0 0 1 1 2 0 0 1 0 0 2 1 1 1 0 0 1 1 1 1 0 1 1 1 2 1 2 1 1 2 1 1 0 2 1 2 0 0 1 1 2 1 0 1 0 0 0 2 0 1 2 1 0 1 1 0 1 0 1
geno chr11.320987 tsi  1 1 1 0 1 0 0 0 0 1 1 0 1 1 1 0 2 1 0 1 1 0 1 1 0 0 2 0 0 0 1 0 1 0 2 0 0 1 0 2 0 0 0 0 2 0 0 0 0 1 0 0 1 1 0 1 0 2 1 1 0 0 0 0 0 0 0 2 1 0 0 0 0 0 0 1 0 0 0 1 0 0 0 0 0 0 0 0 0 0 0 1
geno chr11.320987 yri  0 0 0 0 1 0 0 0 0 0 0 0 0 0 0 1 2 2 1 0 0 0 0 0 1 0 0 0 2 0 1 0 1 0 0 0 0 1 0 1 0 0 2 0 0 0 0 0 0 1 0 0 0 1 1 0 2 0 0 0 0 0 0 0 0 2 0 0 0 1 0 0 1 1 1 1 1
geno chr11.320988 ceu  2 1 0 1 1 2 2 1 2 1 1 2 0 1 0 0 1 1 1 1 1 2 0 0 1 1 2 2 1 2 1 1 0 2 1 2 1 0 2 1 2 0 0 1 1 1 0 0 1 1 2 2 2 1 1 2 2 0 1 0 1 2 1 1 0 2 0 1 1 0 1 1 2 1 1 1 2 2
geno chr11.320988 fin  1 2 0 0 0 2 1 1 1 2 0 1 2 0 1 2 1 0 1 2 1 0 2 0 1 2 1 1 2 2 1 2 1 2 1 1 1 0 2 1 2 2 1 1 2 1 0 2 0 1 1 1 2 2 0 0 2 1 1 0 1 2 2 0 1 0 2 1 1 1 1 1 0 2 0 2 0 2 2 1 1 2 1 0 0 2 1 2 2
geno chr11.320988 gbr  1 1 1 2 0 1 1 1 2 2 1 1 0 2 1 2 1 2 0 1 1 1 2 0 1 1 1 1 1 2 1 1 1 1 1 2 2 2 2 0 1 1 1 1 2 1 1 2 2 2 2 2 1 1 2 1 1 0 2 2 2 1 0 1 1 2 1 1 1 0 0 0 2 0 1 2 1 1 1 1 0 1 1 1
geno chr11.320988 tsi  1 1 1 1 1 1 0 1 0 1 1 0 1 1 1 0 2 2 0 1 1 1 1 1 0 1 2 1 0 1 1 0 1 1 2 0 0 2 1 2 0 1 1 0 1 1 1 1 0 2 0 1 2 1 1 1 0 2 2 2 0 2 1 1 0 1 0 2 1 1 1 1 1 1 1 1 1 2 1 2 0 0 1 1 0 1 1 0 1 1 0 1
geno chr11.320988 yri  1 0 1 1 1 1 0 1 1 0 1 0 1 0 0 1 2 2 1 1 1 1 0 0 1 0 1 1 2 0 1 0 1 0 1 0 1 1 0 1 0 0 2 0 0 2 0 0 1 1 1 0 0 1 1 0 2 0 1 1 0 0 0 0 0 2 0 1 0 1 0 0 1 1 1 2 2
geno chr11.320991 ceu  2 1 0 1 1 2 2 1 2 1 1 2 0 1 0 0 1 1 1 1 1 2 0 0 1 1 2 2 1 2 1 1 0 2 1 2 1 0 2 1 2 0 0 1 1 1 0 0 1 1 2 2 2 1 1 2 2 0 1 0 2 2 1 1 0 2 0 1 1 0 1 1 2 1 1 1 2 2
geno chr11.320991 fin  1 2 0 0 0 2 1 1 1 2 0 1 2 0 1 2 1 0 1 2 1 0 2 0 1 2 1 1 2 2 1 2 1 2 1 1 1 0 2 1 2 2 1 1 2 1 0 2 0 1 1 1 2 2 0 0 2 1 1 0 1 2 2 0 1 0 2 1 1 1 1 1 0 2 0 2 0 2 2 1 1 2 1 0 0 2 1 2 2
geno chr11.320991 gbr  1 1 1 2 0 1 1 1 2 2 1 1 0 2 1 2 1 2 0 1 1 1 2 0 1 1 1 1 1 2 1 1 1 1 1 2 2 2 2 0 1 1 1 1 2 1 1 2 2 2 2 2 1 1 2 1 1 0 2 2 2 1 0 1 1 2 1 1 1 0 0 0 2 0 1 2 1 1 1 1 0 1 1 1
geno chr11.320991 tsi  1 1 1 1 1 1 0 1 0 1 1 0 1 1 1 0 2 2 0 1 1 1 1 1 0 1 2 1 0 1 1 0 1 1 2 0 0 2 1 2 0 1 1 0 1 1 1 1 0 2 0 1 2 1 1 1 0 2 2 2 0 2 1 1 0 1 0 2 1 1 1 1 1 1 1 1 1 2 1 2 0 0 1 1 0 1 1 0 1 1 0 1
geno chr11.320991 yri  1 0 1 1 1 1 0 1 1 0 1 0 2 0 0 1 2 2 1 2 2 1 0 0 1 0 1 1 2 0 1 0 1 0 1 0 1 1 0 1 1 0 2 0 0 2 0 0 1 2 1 0 0 1 2 0 2 1 1 1 0 0 0 0 0 2 1 1 0 2 1 0 1 1 1 2 2
geno chr11.320994 ceu  2 1 0 1 1 2 2 1 2 1 1 2 0 1 0 0 1 1 1 1 1 2 0 0 1 1 2 2 1 2 1 1 0 2 1 2 1 0 2 1 2 0 0 1 1 1 0 0 1 1 2 2 2 1 1 2 2 0 1 0 2 2 1 1 0 2 0 1 1 0 1 1 2 1 1 1 2 2
geno chr11.320994 fin  1 2 0 0 0 2 1 1 1 2 0 1 2 0 1 2 1 0 1 2 1 0 2 0 1 2 1 1 2 2 1 2 1 2 1 1 1 0 2 1 2 2 1 1 2 1 0 2 0 1 1 1 2 2 0 0 2 1 1 0 1 2 2 0 1 0 2 1 1 1 1 1 0 2 0 2 0 2 2 1 1 2 1 0 0 2 1 2 2
geno chr11.320994 gbr  1 1 1 2 0 1 1 1 2 2 1 1 0 2 1 2 1 2 0 1 1 1 2 0 1 1 1 1 1 2 1 1 1 1 1 2 2 2 2 0 1 1 1 1 2 1 1 2 2 2 2 2 1 1 2 1 1 0 2 2 2 1 0 1 1 2 1 1 1 0 0 0 2 0 1 2 1 1 1 1 0 1 1 1
geno chr11.320994 tsi  1 1 1 1 1 1 0 1 0 1 1 0 1 1 1 0 2 2 0 1 1 1 1 1 0 1 2 1 0 1 1 0 1 1 2 0 0 2 1 2 0 1 1 0 1 1 1 1 0 2 0 1 2 1 1 1 0 2 2 2 0 2 1 1 0 1 0 2 1 1 1 1 1 1 1 1 1 2 1 2 0 0 1 1 0 1 1 0 1 1 0 1
geno chr11.320994 yri  1 0 1 1 1 1 0 1 1 0 1 0 2 0 0 1 2 2 1 2 2 1 0 0 1 0 1 1 2 0 1 0 1 0 1 0 1 0 0 1 1 0 2 0 0 2 0 0 1 2 1 0 0 1 2 0 2 1 1 1 0 0 0 0 0 2 1 1 0 2 1 0 1 1 1 2 2
geno chr11.321001 ceu  0 0 0 1 0 0 0 0 1 0 0 0 0 1 0 0 1 0 0 0 0 0 0 0 0 0 0 0 0 1 0 1 0 1 0 0 0 0 2 0 0 0 0 0 0 1 0 0 0 0 0 1 1 1 0 0 0 0 0 0 0 1 1 1 0 0 0 0 1 0 1 1 0 0 1 1 1 1
geno chr11.321001 fin  0 0 0 0 0 0 0 1 0 0 0 0 0 0 0 0 1 0 0 0 0 0 0 0 0 0 1 0 0 0 0 1 0 0 0 0 0 0 0 0 1 0 0 0 0 0 0 0 0 0 1 0 0 0 0 0 0 0 0 1 0 0 0 0 0 0 0 0 0 0 0 0 0 0 0 0 0 1 0 0 0 1 0 0 0 1 0 0 0
geno chr11.321001 gbr  0 0 0 0 0 1 0 0 0 0 0 1 0 0 0 0 1 0 0 0 0 1 0 0 0 1 0 0 0 0 0 0 0 1 0 0 0 0 0 0 0 0 1 0 1 0 1 1 1 0 0 0 0 0 1 0 1 0 0 1 0 1 0 0 1 1 1 1 0 0 0 0 0 0 0 0 0 0 1 0 0 0 1 0
geno chr11.321001 tsi  0 0 1 0 1 1 0 0 0 0 1 0 0 1 0 0 1 1 0 0 1 0 1 1 0 0 0 0 0 1 1 0 0 0 0 0 0 0 1 0 0 1 0 0 0 1 1 1 0 1 0 0 1 1 1 1 0 1 1 0 0 1 1 1 0 1 0 0 0 0 0 0 0 0 1 1 0 0 0 0 0 0 0 1 0 0 1 0 0 0 0 0
geno chr11.321001 yri  1 0 1 1 1 1 1 0 1 0 0 0 2 0 0 1 1 2 1 2 1 1 0 0 1 0 1 0 1 0 0 0 1 0 1 0 0 0 0 1 1 0 2 0 0 0 0 0 1 0 1 0 0 0 2 0 1 1 0 1 0 0 0 0 0 2 2 1 1 2 1 0 1 1 1 1 2
geno chr11.321017 ceu  0 1 1 0 1 0 0 1 1 0 0 0 1 1 1 1 1 0 0 0 0 0 1 1 1 1 0 0 0 0 0 1 0 1 1 0 1 1 2 0 1 1 1 0 1 1 1 0 0 0 0 1 0 2 0 0 0 0 0 0 1 1 2 0 0 0 0 0 0 1 1 1 0 1 1 1 2 1
geno chr11.321017 fin  0 2 0 1 1 1 0 1 1 0 1 0 0 1 1 0 1 1 0 0 2 1 1 1 1 0 0 0 0 1 1 1 0 1 1 0 0 0 0 1 1 0 0 0 0 0 0 2 0 0 1 0 0 0 0 1 1 0 1 0 0 0 0 0 0 0 0 2 0 0 0 0 1 0 0 1 1 0 2 1 0 0 0 0 0 0 0 0 1
geno chr11.321017 gbr  0 0 0 1 0 1 0 0 0 0 0 0 1 0 1 0 1 0 1 0 0 1 0 0 0 1 0 0 0 0 1 1 1 0 0 0 0 0 0 0 0 0 0 0 1 1 1 0 1 0 0 0 0 0 0 0 0 1 0 1 0 1 0 1 0 0 1 1 0 1 1 0 0 1 0 1 0 0 1 0 1 1 1 1
geno chr11.321017 tsi  0 0 1 1 1 1 1 0 0 1 2 1 0 1 1 0 1 1 1 0 1 1 1 1 0 1 0 0 1 1 1 0 1 1 0 1 0 0 2 0 1 1 0 0 1 0 1 2 0 1 1 0 1 1 0 1 1 1 1 0 1 1 2 1 1 0 0 0 1 1 1 0 0 1 1 1 1 0 0 0 1 1 0 1 0 1 1 1 0 1 0 1
geno chr11.321017 yri  1 1 1 1 1 1 1 1 0 1 1 1 1 1 1 1 1 1 1 1 1 1 1 0 1 1 1 1 1 1 0 0 1 0 1 1 1 1 1 1 0 0 1 1 1 2 0 1 1 0 1 1 0 0 0 2 1 1 1 1 1 1 0 0 0 1 0 1 1 1 1 1 1 1 1 1 1
geno chr11.321044 ceu  2 0 0 0 1 2 1 0 1 1 0 2 0 1 0 0 0 0 1 1 0 2 0 0 0 0 1 1 0 1 0 0 1 0 1 2 1 0 0 1 0 0 0 1 0 0 0 0 0 1 1 0 0 0 0 0 2 1 1 0 0 0 0 1 1 0 0 1 1 0 0 0 1 1 0 0 0 0
geno chr11.321044 fin  0 0 0 0 0 1 0 0 0 1 0 0 2 0 0 0 0 0 0 1 0 0 1 0 0 2 1 1 2 1 0 0 0 1 0 0 0 0 2 0 1 2 1 1 1 0 0 0 0 0 0 1 2 1 0 0 0 0 0 0 0 2 2 0 0 0 1 0 1 2 1 1 0 0 0 1 0 0 0 0 1 1 0 0 0 1 1 2 1
geno chr11.321044 gbr  1 1 1 1 1 0 1 0 2 1 1 0 0 2 0 1 0 1 0 1 1 0 2 0 1 0 0 1 0 2 0 0 0 0 1 1 0 2 2 0 1 1 0 0 0 0 0 0 0 2 2 2 0 0 0 1 1 0 1 0 1 0 0 0 0 1 0 1 1 0 0 0 2 1 1 1 0 0 0 1 0 0 0 0
geno chr11.321044 tsi  1 0 0 0 0 0 0 0 0 0 0 0 2 1 0 0 1 0 0 1 0 0 0 0 0 1 2 0 0 0 0 1 1 0 1 0 0 2 0 0 0 0 0 0 1 0 0 0 0 1 0 1 0 0 1 0 0 0 0 2 0 1 0 0 0 0 0 1 0 1 0 1 0 1 0 0 0 2 0 2 0 0 0 0 0 1 0 0 0 0 1 0
geno chr11.321044 yri  0 0 0 0 0 0 0 0 0 0 0 0 0 0 0 1 0 0 0 0 0 0 0 0 0 0 0 0 0 0 1 0 0 0 0 0 0 0 0 0 0 0 0 0 0 0 0 0 0 1 0 0 0 0 0 1 0 0 0 0 0 0 1 0 0 0 0 0 0 0 0 0 1 0 0 0 1
geno chr11.321055 ceu  2 0 0 0 0 2 1 0 1 0 0 2 0 0 0 0 1 0 1 0 0 2 0 0 0 0 1 1 0 1 0 0 1 0 1 2 0 0 0 1 1 0 0 1 0 0 0 0 0 1 1 0 1 0 0 0 2 0 1 0 0 1 1 0 0 0 0 1 0 0 0 0 1 0 1 0 0 0
geno chr11.321055 fin  0 0 0 0 0 1 0 0 0 1 0 0 2 0 0 0 0 0 0 1 0 0 0 0 0 1 1 0 1 1 0 0 0 1 0 0 0 0 2 0 1 2 0 0 1 0 0 0 0 0 0 1 2 1 0 0 0 0 0 0 0 2 2 0 1 0 0 0 1 1 1 1 0 0 0 1 0 0 0 0 0 1 0 0 0 0 0 2 1
geno chr11.321055 gbr  1 1 1 1 0 0 1 0 1 1 1 0 0 2 0 1 0 1 0 1 0 0 2 0 0 0 0 1 0 2 0 0 0 0 0 1 0 1 1 0 0 1 1 0 0 0 0 0 0 2 2 1 0 0 0 1 1 0 1 1 1 0 0 0 0 1 0 0 1 0 0 0 2 1 0 0 0 0 0 1 0 0 0 0
geno chr11.321055 tsi  0 1 1 0 0 0 0 0 0 0 0 0 1 0 1 0 1 0 0 0 0 0 0 0 0 0 2 0 0 0 0 0 1 0 1 0 0 2 0 1 0 0 0 0 1 0 1 0 0 1 0 0 0 0 0 0 0 1 1 0 0 0 0 0 0 0 0 2 0 0 0 0 0 0 0 0 0 1 0 2 0 0 0 0 0 0 1 0 0 0 0 0
geno chr11.321055 yri  0 0 0 0 0 0 1 0 0 0 0 0 0 0 0 1 0 0 0 1 0 0 0 0 0 0 1 0 1 0 1 0 0 0 0 0 1 0 0 0 0 0 0 0 0 0 0 0 0 1 1 0 0 0 0 0 0 0 0 0 0 0 0 0 0 0 0 0 0 0 0 0 0 0 0 0 1
geno chr11.321104 ceu  2 1 0 0 1 2 1 0 1 0 0 2 0 0 0 0 0 0 1 0 1 2 0 0 1 0 1 1 0 1 0 0 0 1 0 1 0 0 0 1 1 0 0 1 1 1 0 0 0 1 1 0 1 1 0 0 2 0 1 0 1 0 0 0 0 0 0 1 0 0 0 0 1 1 0 0 0 0
geno chr11.321104 fin  0 0 0 0 0 1 0 0 0 1 0 0 2 0 0 0 0 0 0 0 0 0 0 0 0 1 0 1 1 0 0 0 0 1 0 0 0 0 2 0 1 2 0 0 1 1 0 0 0 0 0 1 2 2 0 0 0 1 0 0 0 2 2 0 0 1 0 1 1 0 0 0 0 0 0 1 0 0 0 1 0 0 1 0 0 0 0 2 1
geno chr11.321104 gbr  0 0 1 0 0 0 1 0 1 2 1 0 0 2 0 1 0 1 0 1 0 0 1 0 0 0 1 1 1 2 1 1 1 1 0 1 0 0 1 0 0 1 1 0 0 1 0 0 1 2 2 1 0 0 0 1 0 0 2 1 0 0 0 1 1 1 0 0 1 0 0 0 2 0 0 0 0 0 0 1 0 0 1 1
geno chr11.321104 tsi  0 0 0 0 0 0 0 0 0 1 1 0 1 0 0 0 1 0 0 0 0 0 0 0 0 0 2 0 0 0 0 0 0 0 1 0 0 2 1 1 0 0 0 0 1 0 1 0 0 0 0 0 1 0 0 0 0 1 0 0 0 0 0 0 0 0 0 2 0 0 0 0 0 1 0 1 0 1 0 2 0 0 0 0 0 0 0 0 1 0 0 0
geno chr11.321104 yri  0 0 0 0 0 0 0 0 0 0 0 0 1 0 0 0 0 0 0 0 1 0 1 0 1 0 0 0 0 0 1 0 0 0 0 1 0 0 0 0 1 0 0 0 0 0 0 0 0 2 0 0 0 0 1 1 0 1 1 0 0 0 0 0 0 0 1 0 0 1 1 0 0 1 1 0 1
geno chr11.321138 ceu  2 1 0 0 0 2 1 0 1 0 1 0 0 0 0 0 1 0 1 1 0 2 1 0 0 0 1 1 0 0 1 1 1 1 0 2 1 0 1 1 0 0 1 1 0 1 0 0 0 1 1 0 0 0 0 0 2 0 1 0 1 0 1 0 0 1 0 1 0 0 1 1 1 1 0 1 1 1
geno chr11.321138 fin  1 0 0 0 0 1 1 1 0 1 0 0 2 0 0 0 0 0 1 1 1 0 0 0 0 1 0 1 1 1 0 1 0 1 0 0 1 0 2 0 1 1 0 0 1 0 0 0 0 0 0 1 2 1 1 0 0 1 0 0 1 2 2 1 1 0 1 0 2 1 1 0 0 1 0 2 0 1 0 1 0 0 1 0 0 0 0 2 1
geno chr11.321138 gbr  1 1 1 0 0 0 1 0 2 2 1 0 0 2 0 2 0 2 0 1 0 0 2 1 0 0 1 1 0 2 0 1 0 1 0 0 1 1 1 0 0 1 0 1 1 0 1 0 0 2 1 2 0 0 0 1 1 0 1 2 1 1 0 1 1 0 0 0 1 0 1 0 2 0 1 1 0 1 0 1 0 1 0 1
geno chr11.321138 tsi  0 0 1 0 1 1 0 1 0 0 1 0 1 0 0 0 2 1 0 0 0 0 0 0 0 1 2 0 0 1 0 0 1 0 2 0 0 2 0 1 0 0 1 0 1 0 0 1 0 2 0 1 2 0 1 0 0 1 1 2 0 0 0 0 0 0 0 2 0 0 1 0 0 0 0 1 1 1 0 2 0 0 0 0 0 1 0 0 0 1 1 0
geno chr11.321138 yri  1 0 1 0 0 0 0 0 0 0 0 0 0 1 0 0 0 0 0 0 0 0 0 0 0 0 0 0 0 0 1 0 0 0 0 0 0 0 0 0 0 0 0 0 0 0 0 0 0 1 0 0 0 0 0 0 0 0 0 0 0 0 0 0 0 0 0 0 0 0 0 0 0 0 0 0 0
geno chr11.321235 ceu  2 1 0 0 0 2 1 0 1 0 1 2 0 0 0 0 0 1 1 0 1 2 0 0 2 1 2 2 1 1 1 0 1 1 1 2 1 0 0 1 2 0 0 1 1 1 0 0 1 1 2 1 1 1 1 2 2 0 1 0 1 1 0 0 0 2 0 1 0 0 0 0 2 1 0 0 1 1
geno chr11.321235 fin  1 1 0 0 0 2 1 0 1 2 0 1 2 0 1 2 1 0 1 1 1 0 1 0 1 2 0 1 2 2 0 2 1 1 1 0 1 0 2 1 2 2 0 1 1 1 0 1 0 1 1 1 2 2 0 1 1 1 0 0 1 2 2 1 1 1 1 1 1 1 1 1 0 2 0 2 0 1 1 1 0 1 1 0 0 1 1 2 2
geno chr11.321235 gbr  1 1 1 1 0 0 2 0 2 2 1 0 0 2 1 2 1 2 0 1 2 0 2 1 0 0 1 1 0 2 1 1 1 1 0 2 2 2 2 0 0 2 2 1 1 1 0 0 1 2 2 2 1 1 1 1 1 0 2 1 2 0 0 1 1 1 0 0 1 0 0 1 2 1 0 2 1 1 0 1 0 1 0 1
geno chr11.321235 tsi  1 1 0 1 0 0 0 1 0 1 0 0 2 1 0 0 1 1 0 1 0 1 0 0 0 1 2 0 0 0 0 0 0 1 2 0 0 2 1 2 1 1 1 0 2 1 0 1 0 1 0 1 1 0 0 0 0 1 1 2 0 1 1 0 0 1 0 2 1 0 1 1 0 1 1 1 1 1 0 2 0 0 1 0 0 0 0 0 1 1 0 1
geno chr11.321235 yri  0 0 0 0 0 0 0 0 0 0 1 0 0 1 0 0 0 0 0 0 0 0 0 0 0 0 0 0 1 0 1 0 0 0 0 0 0 0 0 0 0 0 0 0 0 0 0 0 0 1 0 0 0 1 0 0 0 0 0 0 0 0 0 0 0 0 0 0 0 0 0 0 0 0 0 0 0
geno chr11.321267 ceu  2 1 0 1 0 2 2 0 1 0 1 2 0 1 0 0 0 1 1 1 0 2 0 0 2 1 2 2 1 2 1 0 1 1 1 2 1 0 0 1 0 0 0 1 1 1 0 0 1 1 1 1 1 1 1 2 2 0 1 0 1 1 0 1 0 2 0 1 0 0 0 0 2 1 0 0 0 1
geno chr11.321267 fin  1 1 0 0 0 2 0 0 1 2 0 1 2 0 1 2 0 0 1 1 1 0 1 0 1 2 0 1 2 2 0 2 0 1 1 0 1 0 2 1 2 2 0 1 1 1 0 1 0 1 1 1 2 2 0 1 1 0 0 0 1 2 2 1 0 1 1 1 1 1 1 1 0 2 0 1 0 2 1 1 0 1 1 0 0 1 1 2 2
geno chr11.321267 gbr  1 0 1 1 0 1 2 0 2 2 1 1 0 2 1 2 1 2 0 1 2 1 2 1 0 0 1 1 0 2 1 0 1 1 0 2 2 2 2 0 0 2 2 1 2 1 0 1 1 2 2 2 1 1 2 1 1 0 2 0 2 0 0 1 2 2 0 0 1 0 0 1 2 1 0 2 1 1 0 1 0 1 0 1
geno chr11.321267 tsi  1 1 0 1 0 0 0 1 0 0 0 0 2 1 0 0 1 0 0 1 0 1 1 0 0 1 2 0 0 0 2 0 1 0 2 0 0 2 1 2 1 1 1 0 2 0 1 0 0 0 0 0 0 1 0 0 0 0 1 1 0 1 0 1 0 0 0 2 1 0 1 1 0 1 0 1 0 1 0 2 0 0 1 1 0 0 0 0 1 1 0 1
geno chr11.321267 yri  0 0 1 0 0 0 0 0 0 0 1 0 2 0 0 1 1 1 0 0 0 0 0 0 1 0 0 0 0 0 1 0 1 0 0 0 0 0 0 1 0 0 1 0 0 0 0 0 1 1 0 0 0 1 1 1 1 1 0 0 0 0 1 0 0 2 1 0 0 1 1 0 2 1 1 1 1
geno chr11.321274 ceu  2 2 0 1 0 2 2 0 2 0 1 2 2 1 0 1 0 2 2 1 0 2 1 0 2 1 2 2 1 2 2 0 2 1 1 2 2 1 0 1 0 0 0 2 2 1 1 0 2 1 1 1 2 1 1 2 2 0 2 2 1 1 1 1 0 2 2 1 0 0 0 0 1 2 1 0 0 1
geno chr11.321274 fin  0 2 0 0 0 2 1 0 2 2 0 1 2 1 2 2 1 0 2 1 2 0 2 1 1 2 2 2 2 2 2 2 0 2 1 0 2 0 2 2 2 2 0 0 1 1 0 2 2 1 2 2 2 2 2 2 1 0 2 0 1 2 2 1 0 1 1 1 1 1 1 1 0 2 0 1 2 2 2 1 0 2 1 0 0 1 0 2 2
geno chr11.321274 gbr  1 0 2 1 1 2 2 0 2 2 1 2 1 2 1 2 2 2 1 1 2 1 2 2 0 1 1 1 0 2 1 1 1 1 0 2 2 2 2 0 0 2 2 1 2 2 1 1 1 2 2 2 2 1 2 1 1 0 2 1 2 1 0 1 2 1 1 1 2 0 1 1 2 1 1 2 2 2 1 2 1 2 0 2
geno chr11.321274 tsi  2 2 1 1 0 0 1 1 1 0 0 1 2 1 1 0 1 0 1 2 0 1 1 1 0 1 2 0 0 0 1 0 1 0 2 0 1 2 1 2 2 1 1 2 2 2 1 0 0 0 0 0 0 1 1 0 1 0 2 2 0 1 0 0 0 0 2 2 1 0 1 1 0 1 1 1 0 2 0 2 0 1 2 1 1 1 1 0 1 1 0 2
geno chr11.321274 yri  1 0 2 0 0 1 2 1 0 0 1 1 1 1 1 1 1 1 1 1 1 1 1 1 0 1 1 1 2 0 2 1 1 0 2 0 1 1 1 1 1 1 2 1 2 1 1 0 1 1 1 1 0 1 1 2 2 0 0 1 0 1 0 2 2 2 0 1 1 1 0 1 2 2 1 1 2
geno chr11.321283 ceu  2 2 0 0 0 2 2 0 2 0 1 2 2 1 0 1 1 2 2 0 0 2 1 0 2 1 2 2 1 2 2 0 2 1 1 2 2 1 0 0 0 0 0 2 2 1 1 0 2 1 1 0 2 1 1 2 2 0 2 2 1 2 1 1 0 2 2 1 0 0 0 0 1 2 1 0 0 1
geno chr11.321283 fin  1 2 0 0 0 2 1 0 2 2 1 1 2 1 2 2 1 0 2 1 2 0 2 1 1 2 1 2 2 2 2 2 0 2 1 0 2 0 2 2 2 2 0 0 1 1 0 2 2 1 2 2 2 2 2 2 2 0 2 0 1 2 2 1 1 1 1 1 1 0 1 1 0 2 0 1 2 2 2 1 0 2 1 0 0 1 0 2 2
geno chr11.321283 gbr  1 1 2 1 1 2 2 0 2 2 1 2 1 2 1 2 2 2 1 1 2 0 2 2 0 1 1 1 0 2 1 1 0 1 0 2 2 2 2 0 0 2 2 1 2 2 1 1 1 2 2 2 2 1 2 1 1 0 1 1 2 1 0 2 2 2 1 1 1 0 1 1 2 1 1 2 2 2 1 1 1 2 0 2
geno chr11.321283 tsi  2 2 2 1 0 0 0 1 1 0 0 1 2 1 1 0 1 0 1 2 0 1 1 1 0 1 2 0 0 0 2 0 1 0 2 0 1 1 1 2 2 1 1 1 2 2 1 0 0 0 0 0 0 1 1 0 1 0 2 2 0 1 0 0 0 0 2 2 1 0 1 1 0 1 1 1 0 2 0 2 0 1 2 1 1 1 1 0 1 1 0 2
geno chr11.321283 yri  1 0 1 0 0 1 1 1 1 0 1 1 0 1 1 1 1 1 1 1 1 1 1 0 0 1 1 1 2 0 2 1 1 0 1 0 1 1 1 1 0 2 1 1 1 1 1 0 1 1 1 1 1 2 1 2 2 0 0 0 0 1 0 1 0 2 0 1 1 1 0 1 2 1 2 1 2
geno chr11.321290 ceu  2 2 1 1 1 2 2 1 2 0 2 2 2 1 1 0 1 2 2 1 0 2 2 1 2 1 2 2 1 2 2 0 2 1 2 2 2 1 1 0 0 1 0 2 2 1 2 1 2 1 2 1 2 1 1 2 2 0 2 2 2 2 1 1 1 2 2 1 1 0 0 0 1 2 2 0 0 1
geno chr11.321290 fin  1 2 0 0 0 2 1 1 2 2 1 1 2 1 2 2 1 0 2 1 2 0 2 2 2 2 2 2 2 2 2 2 0 2 1 0 2 1 2 2 2 2 0 0 1 1 0 2 2 1 2 2 2 2 2 2 2 0 2 1 2 2 2 1 1 1 1 1 1 2 1 1 2 2 0 2 2 2 2 1 0 2 1 1 0 1 0 2 2
geno chr11.321290 gbr  2 0 2 1 1 2 2 0 2 2 1 2 1 2 2 2 2 2 2 1 2 1 2 2 0 2 1 2 1 2 1 1 1 2 0 2 2 2 2 0 1 2 2 2 2 2 1 1 2 2 2 2 2 1 2 1 1 0 2 1 2 2 0 2 2 2 1 1 2 1 2 2 2 1 1 2 2 2 1 1 1 2 0 2
geno chr11.321290 tsi  2 2 2 1 1 0 1 1 1 0 0 1 2 1 1 0 1 0 1 2 1 2 1 1 0 1 2 1 0 1 2 0 1 1 2 1 1 1 1 2 2 2 1 2 2 2 1 1 0 1 1 1 0 1 1 1 2 0 2 2 2 1 1 1 1 0 2 2 2 1 1 1 0 2 2 1 1 2 0 2 1 1 2 1 1 1 1 1 1 2 0 2
geno chr11.321290 yri  1 1 2 1 1 1 1 1 1 0 2 2 1 0 1 1 1 1 1 1 1 2 2 2 1 2 2 2 2 1 2 1 2 1 1 1 1 1 1 1 1 2 2 1 2 1 2 0 2 1 2 2 1 2 1 2 2 1 0 1 1 2 1 2 2 2 1 2 1 1 0 2 2 2 2 2 2
geno chr11.321320 ceu  2 1 0 0 1 2 2 1 2 1 1 2 0 0 0 0 1 1 1 1 1 2 1 0 2 1 2 2 1 1 1 0 1 1 1 2 1 0 1 0 1 0 0 1 1 2 0 0 1 1 2 1 1 1 1 2 2 0 0 0 1 2 1 0 0 2 0 1 1 0 0 0 2 1 0 0 1 1
geno chr11.321320 fin  1 2 0 0 0 1 1 0 1 2 0 1 2 0 1 2 0 0 1 1 1 0 2 0 1 2 1 1 2 2 1 2 0 2 1 0 1 0 2 1 2 2 1 1 1 1 0 2 0 2 2 1 2 2 1 1 2 1 1 0 1 2 2 1 1 1 2 1 2 1 2 1 1 2 1 2 0 1 2 1 1 2 1 0 0 1 1 2 2
geno chr11.321320 gbr  1 1 1 1 1 0 2 0 2 2 1 0 0 2 1 2 1 2 0 1 2 0 2 1 1 0 1 2 1 2 1 1 1 1 1 2 2 2 2 0 1 2 2 1 1 1 0 1 1 2 2 2 1 1 1 1 1 0 2 1 2 1 0 1 1 1 0 0 1 0 1 1 2 1 1 2 1 1 1 1 0 1 0 1
geno chr11.321320 tsi  1 2 0 1 0 0 0 1 0 1 1 0 2 1 1 0 1 1 0 1 0 1 0 0 0 1 2 1 0 0 0 0 1 1 2 0 0 2 0 2 1 1 1 0 2 1 1 1 0 1 0 2 1 0 0 0 0 1 2 2 0 2 1 0 0 0 0 2 1 1 1 1 1 1 1 1 1 2 1 2 0 0 1 0 0 1 1 0 1 1 0 1
geno chr11.321320 yri  1 0 1 1 1 1 1 0 0 0 1 0 0 1 1 1 2 1 0 1 1 0 0 1 0 1 1 1 1 0 1 1 1 0 1 0 1 1 1 0 0 1 0 1 1 2 0 0 1 1 1 1 1 1 0 0 2 1 1 1 0 0 0 0 0 1 0 1 1 1 0 0 0 0 0 1 0
geno chr11.321336 ceu  2 2 1 1 2 2 2 2 2 2 2 2 2 2 2 1 2 2 2 2 1 2 2 1 2 2 2 2 2 2 2 0 2 2 2 2 2 2 1 1 2 2 1 2 2 2 2 1 2 2 2 2 2 1 2 2 2 2 2 2 2 2 1 2 2 2 2 1 2 1 1 1 2 2 2 0 1 1
geno chr11.321336 fin  1 1 0 1 1 2 2 1 2 2 1 1 2 1 2 2 2 0 2 1 2 1 1 2 1 2 2 2 2 2 1 2 1 1 1 0 2 1 2 2 2 2 1 1 1 1 1 1 2 1 2 2 2 2 2 2 1 1 1 1 2 2 2 1 1 1 1 1 1 1 1 2 2 2 2 2 2 2 1 1 1 2 1 1 0 2 1 2 2
geno chr11.321336 gbr  1 1 2 1 1 2 2 1 2 2 2 2 1 2 2 2 2 2 2 2 2 1 2 2 1 2 1 1 1 2 1 2 1 2 1 2 2 2 2 1 1 2 2 2 2 2 1 2 2 2 2 2 2 2 2 2 1 0 1 2 1 2 0 2 2 2 2 2 2 1 2 2 2 2 2 2 2 2 1 2 2 2 0 2
geno chr11.321336 tsi  2 2 2 2 1 1 2 1 1 1 1 2 2 2 1 1 1 1 2 2 1 2 1 2 0 2 2 2 2 1 2 2 2 1 2 2 1 2 2 2 2 2 2 2 2 2 2 1 0 1 1 2 1 1 2 1 2 1 2 2 2 2 1 1 1 0 2 2 2 2 2 2 1 2 2 1 2 2 1 2 2 2 2 2 2 2 2 2 2 2 1 2
geno chr11.321336 yri  0 2 1 2 1 2 2 1 2 2 2 2 2 2 1 1 2 2 2 2 1 2 2 2 1 1 1 1 2 2 2 1 2 1 1 2 1 1 1 2 2 2 2 1 1 0 1 2 2 2 1 1 1 2 2 1 1 1 1 2 2 2 2 2 2 2 2 1 1 2 1 2 1 2 2 2 2
geno chr11.321371 ceu  0 1 1 0 1 0 0 1 1 1 1 0 2 1 2 1 1 1 1 1 0 0 1 1 1 1 0 0 0 1 1 0 1 0 1 0 1 2 0 0 0 2 1 1 1 0 2 1 1 1 0 0 1 0 1 0 0 2 1 2 1 1 1 0 1 0 2 0 0 1 1 1 0 1 1 0 0 0
geno chr11.321371 fin  0 0 1 1 1 0 1 1 1 0 1 0 0 1 1 0 0 0 1 0 1 0 0 1 1 0 2 1 0 0 1 0 0 0 0 0 1 1 0 1 0 0 0 0 0 0 1 0 2 0 1 1 0 0 1 1 0 0 1 0 1 0 0 0 0 0 0 0 0 1 0 0 2 0 1 1 2 0 0 0 0 1 0 0 0 0 0 0 0
geno chr11.321371 gbr  1 0 1 0 1 1 0 0 0 0 1 1 1 0 1 0 1 0 2 1 0 0 0 1 0 1 0 0 0 0 0 1 1 0 0 0 0 0 0 1 0 0 0 1 1 0 1 0 2 0 0 0 1 0 0 1 0 0 0 1 0 1 0 1 0 0 1 1 1 1 1 1 0 1 1 0 1 1 1 1 2 1 0 1
geno chr11.321371 tsi  1 1 2 1 0 1 2 0 1 0 0 2 0 1 0 1 0 0 2 1 0 1 0 1 0 1 0 1 2 1 0 2 0 0 0 1 1 0 0 0 1 0 1 2 0 0 1 0 0 0 1 0 0 0 1 1 2 0 1 0 2 0 0 0 1 0 2 0 1 1 1 1 0 1 1 0 1 0 0 0 2 2 1 1 2 1 2 2 1 1 1 1
geno chr11.321371 yri  0 2 0 2 1 2 1 1 2 1 1 2 0 2 1 1 0 1 1 2 1 2 2 2 0 1 1 1 1 2 1 1 1 2 1 2 1 1 1 1 2 1 1 1 1 0 1 2 1 1 1 1 1 1 0 1 0 1 1 2 2 2 2 2 2 0 1 1 1 1 1 2 0 1 1 1 1
geno chr11.321630 ceu  0 0 0 0 0 0 0 0 0 0 0 0 0 0 1 0 0 0 0 0 0 0 0 0 0 0 0 0 0 0 0 0 0 0 1 0 1 1 0 0 0 0 0 0 0 0 0 0 0 0 0 0 1 0 0 0 0 0 0 0 0 0 0 0 0 0 1 0 0 0 0 0 0 1 0 0 0 0
geno chr11.321630 fin  0 0 0 0 1 0 0 0 0 0 0 0 0 0 1 0 0 0 1 0 0 0 0 0 0 0 0 0 0 0 0 0 0 0 0 0 0 0 0 0 0 0 0 0 0 0 0 0 0 0 0 0 0 0 1 0 0 0 0 0 0 0 0 0 0 0 0 0 0 0 0 0 0 0 0 0 0 0 0 0 0 0 0 0 0 0 0 0 0
geno chr11.321630 gbr  0 0 1 0 0 1 0 0 0 0 0 2 0 0 0 0 0 0 0 0 0 0 0 0 0 0 0 0 0 0 0 0 0 0 0 0 0 0 0 0 0 0 0 0 1 0 0 0 0 0 0 0 1 0 0 0 0 0 0 0 0 1 0 0 0 0 1 0 0 0 0 0 0 0 0 0 0 0 0 0 0 0 0 0
geno chr11.321630 tsi  1 0 0 0 0 0 0 0 1 0 0 0 0 0 0 0 0 0 0 0 0 0 0 0 0 0 0 0 0 0 0 0 0 0 0 0 0 0 0 0 0 0 0 0 0 0 0 0 0 0 0 0 0 0 1 0 0 0 0 0 0 0 1 0 0 0 0 0 0 0 0 0 0 0 0 0 0 0 0 0 0 0 0 0 0 0 0 0 0 0 0 0
geno chr11.321630 yri  0 0 1 1 0 1 1 1 0 1 0 0 0 0 2 0 0 1 0 1 1 0 0 1 0 1 0 0 1 0 0 0 0 0 0 0 0 0 1 0 0 1 0 1 0 0 0 0 0 0 1 1 0 0 1 0 0 0 0 0 1 1 1 1 0 0 0 1 0 1 1 1 0 0 0 0 0
geno chr11.322722 ceu  0 1 0 0 1 0 0 1 1 1 1 0 2 2 2 1 1 1 1 1 0 0 1 1 0 1 0 0 1 0 1 0 1 0 1 0 1 2 1 0 0 2 1 1 1 0 2 1 1 1 0 0 1 0 1 0 0 2 1 2 1 1 1 2 2 0 2 0 1 0 1 1 0 1 2 0 0 0
geno chr11.322722 fin  0 0 1 1 1 0 1 1 1 0 1 0 0 1 1 0 1 0 1 0 1 0 0 1 1 0 2 1 0 0 1 0 0 0 0 0 1 1 0 1 0 0 0 0 0 0 1 0 2 0 1 1 0 0 1 1 0 0 1 0 1 0 0 0 0 0 0 0 0 1 0 0 2 0 1 0 2 1 0 0 0 1 0 0 0 0 0 0 0
geno chr11.322722 gbr  1 0 1 0 1 2 0 0 0 0 1 2 1 0 1 0 1 0 2 1 0 0 0 1 0 1 0 0 0 0 0 1 1 1 0 0 0 0 0 1 0 0 0 1 1 1 1 1 1 0 0 0 1 0 1 1 0 0 0 1 0 2 0 1 1 1 1 1 1 1 0 1 0 1 1 0 1 1 1 1 2 1 0 1
geno chr11.322722 tsi  1 1 2 1 0 1 2 0 1 0 0 2 0 1 0 1 0 0 2 1 0 1 1 1 0 1 0 1 2 1 1 2 1 1 0 2 1 0 0 0 1 0 1 2 0 0 1 0 0 0 1 0 0 1 2 0 2 0 1 0 2 0 0 1 1 0 2 0 1 1 1 1 0 1 1 0 1 0 0 0 2 2 1 2 2 1 2 2 1 1 1 1
geno chr11.322722 yri  1 2 2 2 2 2 1 1 2 1 1 2 1 2 2 1 1 1 2 2 0 2 2 2 0 2 2 1 2 2 1 2 2 2 1 1 1 1 2 2 1 2 1 2 2 0 2 2 2 0 2 2 1 1 0 1 1 1 0 2 2 2 2 2 2 2 1 2 2 1 1 2 1 1 1 2 1
geno chr11.322728 ceu  2 2 0 0 2 2 2 2 2 2 2 2 2 2 2 0 1 2 2 2 1 2 2 1 2 2 2 2 2 2 2 0 2 2 2 2 2 2 1 2 2 2 1 2 2 1 2 1 2 2 2 2 2 1 2 2 2 2 2 2 2 2 1 2 2 2 2 1 2 0 1 1 2 2 2 0 1 1
geno chr11.322728 fin  1 2 1 1 1 2 2 1 2 2 1 1 2 1 2 2 2 0 2 1 2 0 2 2 2 1 2 2 2 2 2 2 1 2 1 1 2 1 2 2 2 2 0 1 1 1 1 2 2 1 2 2 2 2 2 2 2 1 2 1 2 2 2 1 1 2 2 1 2 2 2 2 2 2 2 2 2 2 2 1 1 2 1 1 0 2 1 2 2
geno chr11.322728 gbr  2 1 2 1 1 2 1 1 2 2 2 2 1 2 2 2 2 2 2 2 2 0 2 2 1 2 1 2 1 2 1 2 1 2 1 2 2 2 2 1 1 2 2 2 2 2 1 2 2 2 1 2 2 1 2 2 1 0 2 2 2 2 0 2 2 2 2 2 2 1 2 2 2 2 2 2 2 2 1 2 2 2 1 2
geno chr11.322728 tsi  2 2 2 2 0 1 2 0 1 1 1 2 2 2 1 0 1 1 2 2 1 2 1 2 0 2 2 2 2 1 2 2 2 2 2 2 1 2 2 2 2 2 2 2 2 2 2 1 0 1 1 2 1 1 2 1 2 1 2 2 2 2 1 1 1 0 2 2 2 2 2 2 1 2 2 2 2 2 1 2 2 2 2 2 2 2 2 2 2 2 1 2
geno chr11.322728 yri  1 2 2 2 2 2 2 2 2 2 2 2 2 2 2 2 2 2 2 2 2 2 2 2 2 2 2 2 2 2 2 2 2 2 2 2 1 1 2 2 2 2 2 2 2 2 2 2 2 2 2 2 1 2 1 2 2 2 1 2 2 2 2 2 2 2 2 2 2 2 2 2 2 2 2 2 2
geno chr11.323062 ceu  2 2 1 1 2 2 1 2 2 2 2 2 1 2 2 1 1 2 2 0 1 2 2 1 2 2 2 2 2 2 2 1 2 1 2 2 1 2 1 2 2 2 1 2 2 2 2 1 1 2 2 2 2 1 2 2 2 2 2 2 2 2 1 2 2 2 2 1 2 1 1 1 2 2 2 0 1 1
geno chr11.323062 fin  1 2 1 1 1 2 2 1 2 2 1 1 2 1 2 2 2 0 2 1 2 0 2 2 2 1 2 2 2 2 2 2 1 2 1 0 2 1 2 2 2 2 0 1 1 0 1 2 2 1 2 2 2 2 1 2 2 1 2 1 2 2 2 1 1 2 2 1 2 2 2 1 2 2 1 2 1 2 2 1 1 2 1 1 0 2 1 2 2
geno chr11.323062 gbr  2 1 2 1 2 2 2 1 2 2 2 2 1 2 2 2 2 2 2 2 2 1 2 2 1 2 1 2 1 2 1 2 2 2 1 2 2 2 2 1 1 2 2 2 2 2 1 2 2 2 2 2 2 2 2 2 1 0 2 1 2 2 0 2 2 2 2 2 2 1 2 2 2 2 2 2 2 1 1 2 2 2 1 2
geno chr11.323062 tsi  2 2 2 2 1 1 2 1 1 1 1 2 2 2 1 1 1 1 2 2 1 2 1 2 0 2 2 2 2 1 2 2 2 2 1 2 1 2 2 2 2 2 2 2 2 2 1 1 0 1 1 2 0 1 2 0 2 1 1 2 2 2 1 1 1 1 2 2 2 2 2 2 1 2 1 2 2 1 1 2 1 2 1 2 2 2 2 2 2 2 0 2
geno chr11.323062 yri  1 2 2 2 2 2 1 2 2 2 2 2 1 2 2 1 2 2 2 2 1 2 2 2 1 2 2 2 2 2 2 2 2 1 1 2 1 1 2 2 1 2 2 2 2 2 2 2 2 1 2 2 1 2 1 1 2 1 1 2 2 2 2 2 2 2 1 2 2 1 0 1 1 2 2 2 2
geno chr11.323139 ceu  0 0 0 0 0 0 0 0 1 0 0 0 0 0 1 0 1 0 0 0 0 0 1 0 0 0 0 0 0 0 0 0 0 0 0 0 0 0 1 0 0 0 0 0 0 0 0 0 0 0 0 0 1 0 0 0 0 0 0 0 0 1 1 0 0 0 0 0 0 0 0 0 0 0 1 0 0 0
geno chr11.323139 fin  0 0 0 0 0 0 0 0 0 0 0 0 0 0 0 0 0 0 0 0 0 0 0 0 0 0 1 0 0 0 0 0 0 0 0 0 0 0 0 0 0 0 0 0 0 0 0 0 0 0 1 0 0 0 1 0 0 0 0 0 0 0 0 0 0 0 0 0 0 0 0 0 0 0 0 0 0 0 0 0 0 1 0 0 0 0 0 0 0
geno chr11.323139 gbr  0 0 0 0 0 0 0 0 0 0 0 0 0 0 0 0 0 0 0 0 0 0 0 0 0 0 0 0 0 0 0 0 0 0 0 0 0 0 0 0 0 0 0 0 0 0 0 0 0 0 0 0 0 0 0 0 0 0 0 1 0 1 0 0 0 0 0 0 0 0 0 0 0 0 0 0 0 0 0 0 0 0 0 0
geno chr11.323139 tsi  0 1 1 0 0 0 0 0 0 0 0 0 0 0 0 0 0 0 0 0 0 0 0 0 0 0 0 0 0 0 0 0 0 0 0 0 0 0 0 0 0 0 0 0 0 0 0 0 0 0 0 0 0 0 0 0 0 0 1 0 0 0 0 0 0 0 0 0 0 0 0 0 0 0 0 0 0 0 0 0 0 0 0 0 0 0 1 0 0 0 0 0
geno chr11.323139 yri  1 0 1 1 0 1 0 0 0 0 0 0 0 0 1 0 0 0 0 1 0 1 0 0 0 1 2 0 0 0 0 0 0 0 0 0 0 0 1 0 0 0 0 1 1 0 1 0 0 0 0 0 1 0 0 0 0 0 0 1 0 0 0 0 0 0 0 0 1 0 0 0 0 0 0 0 1
geno chr11.323222 ceu  2 2 1 1 2 2 1 2 2 2 2 2 2 2 2 1 1 2 2 1 1 2 2 1 2 2 2 2 2 2 2 0 2 1 2 2 2 2 1 2 2 2 1 1 1 1 2 1 2 2 2 2 2 1 2 1 2 2 2 2 1 2 1 2 2 1 2 1 2 1 1 1 2 2 2 0 1 1
geno chr11.323222 fin  1 2 1 1 1 2 2 1 2 2 1 1 2 1 2 2 1 0 2 1 2 0 2 2 1 1 2 2 2 2 2 2 1 2 1 0 2 1 2 2 2 2 0 1 1 0 1 2 2 1 2 2 2 2 2 2 2 1 2 1 2 2 2 1 1 2 2 1 2 2 2 2 2 2 1 2 2 2 2 1 1 2 1 1 0 2 1 2 2
geno chr11.323222 gbr  2 1 2 1 2 2 2 1 2 2 1 2 1 2 2 2 2 2 2 2 2 1 2 2 1 2 1 2 1 2 1 2 2 2 1 2 2 2 2 1 1 2 2 2 2 2 1 2 2 2 2 2 2 1 2 2 1 0 2 2 2 2 0 2 2 2 2 2 2 1 2 2 2 2 2 2 2 2 1 2 2 2 1 2
geno chr11.323222 tsi  2 2 2 2 1 1 2 1 1 1 1 1 2 2 1 1 1 1 2 2 1 2 1 2 0 2 2 2 2 1 2 2 2 1 2 2 1 2 2 2 2 2 2 2 2 2 2 1 0 1 1 2 1 1 2 1 2 1 2 2 1 2 1 1 1 1 2 2 2 2 1 2 1 1 2 2 2 2 1 2 2 2 2 2 2 2 1 2 1 0 1 2
geno chr11.323222 yri  2 2 2 2 2 2 2 2 2 2 2 2 2 2 2 2 2 2 2 2 2 2 2 1 2 2 2 2 2 2 2 2 2 2 2 1 1 1 2 2 2 2 2 2 2 2 2 1 2 2 2 2 1 2 2 2 2 2 2 2 2 2 2 2 2 2 2 2 2 2 2 2 2 2 2 1 2
geno chr11.323507 ceu  2 1 0 0 1 2 1 1 2 1 1 2 0 0 1 0 1 1 1 0 1 2 1 0 2 1 2 2 1 2 1 0 1 1 1 2 1 0 1 2 2 0 0 1 1 1 0 0 1 1 2 2 2 1 1 1 2 0 1 0 0 2 1 0 0 1 0 1 1 0 0 0 2 1 1 0 1 1
geno chr11.323507 fin  1 2 0 0 0 2 1 0 1 2 0 1 2 0 1 2 1 0 1 1 1 0 2 1 1 1 1 1 2 2 2 2 1 2 1 0 1 0 2 1 2 2 0 1 1 0 0 2 0 1 2 1 2 2 1 1 2 1 1 0 1 2 2 1 1 1 2 1 2 1 2 1 0 2 0 2 0 1 2 1 1 2 1 1 0 2 1 2 2
geno chr11.323507 gbr  1 1 1 1 0 0 2 1 2 2 0 0 0 2 1 2 1 2 0 1 2 0 2 1 1 1 1 2 1 2 1 1 1 1 1 2 2 2 2 0 1 2 2 1 1 1 0 1 1 2 2 2 1 1 1 1 1 0 2 2 2 1 0 1 1 1 1 1 1 0 1 1 2 1 1 2 1 1 0 1 0 1 1 1
geno chr11.323507 tsi  1 2 1 1 0 0 0 1 0 1 1 0 2 1 1 0 1 1 0 1 1 1 0 1 0 1 2 1 0 0 1 0 1 1 2 0 0 2 2 2 1 2 1 0 2 2 2 1 0 1 0 1 1 0 0 0 0 1 2 2 0 2 1 0 0 1 0 2 1 1 0 1 1 1 1 2 1 2 1 2 0 0 1 0 0 1 1 0 1 0 0 1
geno chr11.323507 yri  0 0 0 1 1 1 0 1 0 0 1 0 0 0 0 1 1 0 0 1 1 1 0 0 2 0 1 1 1 0 1 0 0 0 1 0 0 0 0 0 0 0 0 0 0 0 0 0 0 1 0 0 1 1 1 1 0 0 0 1 0 0 0 0 0 0 0 0 0 0 0 0 1 0 0 0 1
geno chr11.323649 ceu  2 1 0 0 1 2 1 1 1 1 1 2 0 0 0 0 1 1 1 0 1 2 1 0 2 1 2 2 1 1 1 0 1 0 1 2 1 0 0 2 2 0 0 1 1 1 0 0 1 1 2 1 1 1 1 1 2 0 1 0 0 1 0 0 0 1 0 1 1 0 0 0 2 1 0 0 1 1
geno chr11.323649 fin  1 1 0 0 0 2 1 0 1 2 0 1 2 0 2 2 1 0 1 1 1 0 1 1 1 1 0 1 2 2 1 2 1 1 1 0 1 0 2 0 2 2 0 1 1 0 0 1 0 1 1 1 2 2 1 1 1 1 0 0 1 2 2 1 1 1 2 1 2 1 2 1 0 2 0 2 0 1 1 1 1 1 1 0 0 1 1 2 2
geno chr11.323649 gbr  1 1 1 1 0 0 2 1 2 2 0 0 0 2 1 2 1 2 0 1 2 0 2 1 1 0 1 2 1 2 1 1 1 1 1 2 2 2 2 0 1 2 2 1 1 1 0 1 1 2 2 2 1 2 1 1 1 0 2 1 2 0 0 1 1 1 0 0 1 0 1 1 2 1 1 2 1 1 0 1 0 1 0 1
geno chr11.323649 tsi  1 1 0 1 0 0 0 1 0 1 1 0 2 1 1 0 1 1 0 1 0 1 0 0 0 1 2 1 0 0 1 0 1 1 2 0 0 2 1 2 1 2 1 0 2 1 0 1 0 1 0 1 1 0 0 0 0 1 1 2 0 2 1 0 0 1 0 2 1 1 0 1 1 1 1 1 1 2 1 2 0 0 1 0 0 1 0 0 1 0 0 0
geno chr11.323649 yri  0 0 0 0 0 0 0 0 0 0 0 0 0 0 1 1 0 0 0 0 0 0 0 0 1 0 0 0 1 0 0 0 0 0 1 0 1 0 0 0 0 0 0 0 0 0 0 1 0 0 0 0 0 1 0 1 0 0 0 0 0 1 0 0 0 0 0 0 0 0 0 0 1 0 0 0 0
geno chr11.323837 ceu  0 1 1 0 1 0 0 2 0 1 1 0 2 1 1 1 0 1 1 1 0 0 1 0 0 1 0 0 0 0 1 0 1 0 1 0 1 2 0 0 0 2 1 1 1 0 2 1 1 1 0 0 0 0 0 0 0 2 1 2 1 0 0 0 1 0 2 0 0 1 1 1 0 0 1 0 0 0
geno chr11.323837 fin  0 0 1 1 1 0 1 1 1 0 1 0 0 1 0 0 0 0 1 0 1 1 0 1 1 0 1 1 0 0 0 0 0 0 0 0 1 1 0 1 0 0 0 0 0 0 1 0 2 0 0 1 0 0 1 1 0 0 1 0 1 0 0 0 0 1 0 0 0 1 0 0 2 0 2 0 2 0 0 0 0 0 0 0 0 0 0 0 0
geno chr11.323837 gbr  1 0 1 0 1 1 0 0 0 0 1 1 1 0 1 0 1 0 2 1 0 0 0 1 0 1 0 0 0 0 0 1 1 0 0 0 0 0 0 1 0 0 0 1 1 0 1 0 1 0 0 0 1 0 0 1 0 0 0 0 0 0 0 1 0 0 1 1 1 0 1 1 0 1 1 0 1 1 1 1 2 1 0 1
geno chr11.323837 tsi  1 0 1 1 0 1 2 0 1 0 0 2 0 0 0 1 0 0 2 1 0 1 0 1 1 1 0 1 2 1 0 2 0 1 0 1 1 0 0 0 1 0 1 2 0 0 0 0 0 0 1 1 0 0 1 1 2 0 0 0 2 0 1 0 2 0 2 0 1 1 1 1 0 1 1 0 1 0 0 0 2 2 2 1 2 1 1 2 1 1 1 1
geno chr11.323837 yri  1 2 1 1 1 1 1 1 0 0 1 2 1 2 2 0 0 2 1 1 1 1 2 2 0 2 1 1 0 2 1 1 1 2 2 1 1 0 2 1 2 1 0 2 2 2 2 2 1 1 2 2 1 0 1 0 1 2 1 1 2 2 2 2 2 1 2 2 2 1 2 2 0 1 0 1 0
geno chr11.324003 ceu  2 1 1 1 2 2 2 2 2 2 2 2 2 0 2 1 2 2 2 1 1 2 2 1 2 2 2 1 2 1 2 1 2 2 1 2 2 2 2 2 2 1 1 2 2 2 2 1 2 2 2 2 2 1 2 2 2 2 2 1 2 1 2 1 1 2 2 1 2 1 2 2 2 2 2 1 1 2
geno chr11.324003 fin  1 1 1 1 1 2 2 2 2 2 1 1 2 0 2 2 1 0 2 2 2 1 1 2 2 2 2 2 2 2 1 2 1 1 2 1 2 1 2 2 2 2 1 0 2 1 1 1 2 1 2 1 2 2 2 2 1 1 1 0 2 2 2 1 1 1 2 1 2 2 2 1 1 2 1 1 2 1 1 1 1 2 1 1 0 2 0 2 1
geno chr11.324003 gbr  1 0 2 1 2 1 2 1 2 2 2 1 1 2 1 2 2 2 2 2 2 2 2 2 1 2 0 1 1 2 0 0 1 2 0 2 2 2 2 1 1 2 2 2 2 2 2 1 2 2 2 2 2 2 1 1 1 0 1 1 2 2 0 1 2 2 2 2 2 0 2 2 2 2 1 2 2 2 2 2 2 2 1 2
geno chr11.324003 tsi  2 1 1 2 0 2 2 1 1 1 2 2 2 2 1 1 2 2 2 2 1 2 0 2 0 2 1 2 2 2 1 2 2 2 2 2 1 2 2 2 2 2 2 2 2 1 2 2 1 2 2 2 1 2 2 2 2 2 2 2 2 2 1 1 1 1 2 2 2 2 2 2 1 2 2 2 1 2 1 2 2 2 2 2 2 2 2 2 2 2 1 2
geno chr11.324003 yri  2 2 1 1 2 1 2 0 1 2 2 2 1 1 1 1 1 1 1 1 1 1 2 1 1 1 1 1 1 2 1 0 1 2 1 2 1 0 1 1 1 1 1 1 1 1 1 1 1 0 1 0 0 2 2 2 0 0 0 2 2 2 2 2 2 1 1 1 1 1 2 2 1 1 2 1 1
geno chr11.324095 ceu  0 1 1 0 1 0 0 2 0 1 1 0 2 2 1 1 0 1 1 1 0 0 1 0 0 1 0 0 1 0 1 0 1 1 1 1 1 2 0 0 0 2 1 1 1 0 2 1 0 1 0 0 0 0 1 0 0 2 1 1 1 0 0 1 2 0 2 0 1 1 1 1 0 1 1 0 0 0
geno chr11.324095 fin  0 0 1 1 1 0 1 1 0 0 1 0 0 1 0 0 1 0 1 0 1 1 1 1 1 0 1 2 0 0 0 0 0 0 0 0 1 1 0 1 0 0 0 0 0 0 1 1 2 0 0 1 0 0 1 0 1 0 2 1 1 0 0 0 0 2 0 0 0 1 0 0 2 1 2 0 2 1 0 0 0 0 0 1 0 1 0 0 1
geno chr11.324095 gbr  1 0 1 0 1 2 0 0 0 0 1 2 1 0 1 0 1 0 2 1 0 0 0 1 0 2 0 0 0 0 0 1 1 1 0 0 0 0 0 1 0 0 0 1 1 0 1 1 1 0 0 0 1 0 1 1 0 0 0 0 0 1 0 1 0 0 2 1 1 0 1 1 0 1 1 0 1 1 1 1 2 1 0 1
geno chr11.324095 tsi  1 0 1 1 0 1 2 0 1 0 0 2 0 1 0 1 0 1 2 1 0 1 1 2 0 1 0 1 2 1 1 2 0 1 0 2 1 0 1 0 1 0 1 2 0 0 0 0 0 0 1 1 0 1 2 1 2 0 0 0 2 0 0 0 1 0 2 0 1 1 1 1 0 1 1 0 1 0 0 0 2 2 1 1 2 1 1 2 1 1 1 1
geno chr11.324095 yri  1 2 2 1 1 2 2 1 1 0 1 2 2 2 2 1 1 2 2 1 2 2 2 2 1 2 2 2 1 2 1 2 2 2 2 1 2 1 2 2 2 2 1 2 2 2 2 2 2 1 2 2 2 1 2 1 2 2 1 1 2 2 2 2 2 2 2 2 2 2 2 2 0 1 1 2 1
geno chr11.324098 ceu  0 1 1 0 1 0 0 2 0 1 1 0 1 1 1 1 0 1 1 1 0 0 1 0 0 0 0 0 1 0 1 0 1 0 1 0 0 2 0 0 0 2 1 1 1 0 2 1 0 1 0 0 0 0 0 0 0 2 0 1 1 0 0 0 1 0 2 0 1 1 1 0 0 1 1 0 0 0
geno chr11.324098 fin  0 0 1 1 0 0 0 1 0 0 1 0 0 0 0 0 0 0 1 0 1 1 0 1 1 0 1 1 0 0 0 0 0 0 0 0 1 1 0 1 0 0 0 0 0 0 1 0 2 0 0 1 0 0 0 0 0 0 1 1 1 0 0 0 0 1 0 0 0 1 0 0 1 1 2 0 2 0 0 0 0 0 0 0 0 0 0 0 0
geno chr11.324098 gbr  1 0 1 0 1 2 0 0 0 0 0 1 1 0 1 0 1 0 2 0 0 0 0 1 0 2 0 0 0 0 0 1 0 1 0 0 0 0 0 0 0 0 0 1 1 0 1 1 1 0 0 0 1 0 1 1 0 0 0 0 0 1 0 1 0 0 1 1 0 0 1 1 0 0 0 0 1 1 1 1 2 1 0 1
geno chr11.324098 tsi  0 0 1 1 0 1 2 0 1 0 0 2 0 0 0 0 0 0 2 1 0 1 1 1 0 1 0 1 2 1 0 1 0 1 0 1 1 0 0 0 1 0 0 2 0 0 0 0 0 0 0 1 0 0 1 1 2 0 0 0 2 0 0 0 1 0 2 0 1 1 1 1 0 1 0 0 1 0 0 0 1 1 1 1 2 1 1 1 1 1 1 1
geno chr11.324098 yri  1 2 2 1 1 2 2 1 1 0 1 2 1 1 2 1 1 2 1 1 1 2 2 2 1 2 2 2 1 2 1 1 2 2 2 1 2 0 1 2 1 2 1 1 2 2 2 2 2 0 1 1 1 0 1 0 2 1 0 1 2 2 2 2 1 2 1 2 2 1 1 2 0 1 1 1 1
geno chr11.324163 ceu  0 1 1 1 1 0 0 2 0 1 1 0 2 2 1 1 0 1 1 1 0 0 1 0 0 1 0 0 1 0 1 0 1 1 1 1 1 2 0 0 0 2 1 1 1 0 2 1 1 1 0 0 0 0 1 0 0 2 1 1 1 0 0 2 2 0 2 0 1 1 1 1 0 1 1 0 0 0
geno chr11.324163 fin  0 1 1 1 1 0 1 1 0 0 1 0 0 1 1 0 1 0 1 0 1 1 1 1 1 0 1 2 0 0 1 0 0 1 0 0 1 1 1 1 0 0 0 0 0 0 1 1 2 0 0 1 0 0 1 0 1 0 2 1 1 0 0 0 0 2 0 0 0 1 0 1 2 1 2 0 2 1 1 0 0 0 0 1 0 1 0 0 1
geno chr11.324163 gbr  1 0 1 0 1 2 0 0 0 0 1 2 1 0 1 0 1 0 2 1 0 1 0 1 0 2 0 0 0 0 0 1 1 1 0 0 0 0 0 1 0 0 0 1 1 0 1 1 1 0 0 0 1 0 1 1 0 0 0 0 0 1 0 1 1 1 2 1 1 1 1 1 0 1 1 0 1 1 1 1 2 1 0 1
geno chr11.324163 tsi  2 0 1 1 1 1 2 0 1 0 0 2 0 1 0 1 0 1 2 1 0 1 1 2 0 1 0 1 2 1 1 2 1 1 0 2 1 0 1 0 1 0 1 2 0 0 0 0 0 0 1 1 0 2 2 1 2 0 0 0 2 0 0 1 1 0 2 0 1 1 1 1 0 1 1 0 1 0 0 0 2 2 1 2 2 1 1 2 1 0 1 1
geno chr11.324163 yri  1 2 2 1 1 2 2 1 1 0 1 2 2 2 2 0 1 2 2 1 2 2 2 2 1 2 2 2 1 2 1 2 2 2 2 1 2 1 2 2 2 2 1 2 2 2 2 2 2 1 2 2 2 1 2 1 2 2 1 1 2 2 2 2 2 2 1 2 2 2 2 2 0 1 1 2 1
geno chr11.324170 ceu  0 1 1 1 1 0 0 2 0 1 1 0 2 2 1 1 0 1 1 1 0 0 1 0 0 1 0 0 1 0 1 0 1 1 1 1 1 2 0 0 0 2 1 1 1 0 2 1 1 1 0 0 0 0 0 0 0 2 1 1 1 0 0 2 2 0 2 0 1 1 1 1 0 1 1 0 0 0
geno chr11.324170 fin  0 0 1 1 1 0 1 1 0 0 1 0 0 1 1 0 1 0 1 0 1 1 0 1 1 0 1 2 0 0 0 0 0 0 0 0 1 1 1 1 0 0 0 0 0 0 1 0 2 0 0 1 0 0 1 0 0 0 2 1 1 0 0 0 0 2 0 0 0 1 0 0 2 1 2 0 2 1 0 0 0 0 0 1 0 1 0 0 1
geno chr11.324170 gbr  1 0 1 0 1 2 0 0 0 0 1 2 1 0 1 0 1 0 2 1 0 1 0 1 0 2 0 0 0 0 0 1 1 1 0 0 0 0 0 1 0 0 0 1 1 0 1 1 1 0 0 0 1 0 1 1 0 0 0 0 0 1 0 1 1 1 2 1 1 0 1 1 0 1 1 0 1 1 1 1 2 1 0 1
geno chr11.324170 tsi  2 0 1 1 0 1 2 0 1 0 0 2 0 1 0 1 0 1 2 1 0 1 1 2 0 1 0 1 2 1 1 2 1 1 0 2 1 0 1 0 1 0 1 2 0 0 0 0 0 0 1 1 0 2 2 1 2 0 0 0 2 0 0 1 1 0 2 0 1 1 1 1 0 1 1 0 1 0 0 0 2 2 1 2 2 1 1 2 1 1 1 1
geno chr11.324170 yri  1 2 2 1 1 2 2 1 1 0 1 2 2 2 2 0 1 2 2 1 2 2 2 2 1 2 2 2 1 2 1 2 2 2 2 1 2 1 2 2 2 2 1 2 2 2 2 2 2 1 2 2 2 1 2 1 2 2 1 1 2 2 2 2 2 2 1 2 2 2 2 2 0 1 1 2 1
geno chr11.324630 ceu  2 2 2 1 1 2 1 2 1 1 2 2 1 1 1 1 1 1 2 1 1 2 2 1 2 2 2 2 1 1 2 0 2 1 2 2 2 1 0 2 2 2 0 2 2 2 2 0 2 2 2 1 1 1 2 1 2 2 2 1 1 1 0 1 1 1 2 1 1 0 0 1 2 1 0 0 1 1
geno chr11.324630 fin  1 2 1 0 1 2 2 1 2 2 1 1 2 0 2 2 1 0 2 1 2 1 2 1 2 1 1 1 2 2 2 2 1 2 1 0 1 0 2 1 2 2 0 1 1 0 1 2 1 1 1 1 2 2 2 1 2 1 1 0 1 2 2 1 1 2 2 1 2 2 2 2 1 2 2 2 1 1 2 1 1 1 1 1 0 2 1 2 2
geno chr11.324630 gbr  1 1 2 2 2 1 2 1 2 2 0 1 0 2 2 2 2 2 2 2 2 1 2 2 1 1 2 2 1 2 1 1 2 1 1 2 2 2 2 1 1 2 2 2 1 1 0 1 2 2 2 2 2 2 1 2 1 0 2 1 2 0 0 1 2 2 1 1 1 1 2 2 2 2 2 2 2 2 1 2 2 1 0 2
geno chr11.324630 tsi  2 1 1 2 1 1 1 1 1 1 1 2 2 1 1 0 1 2 2 2 0 1 0 1 0 2 2 1 2 1 1 2 2 2 2 1 1 2 2 1 2 2 2 2 2 1 0 1 0 1 0 2 1 2 1 1 2 1 1 1 1 2 1 1 1 1 2 1 2 2 1 1 1 2 2 1 2 2 1 2 2 0 2 2 2 2 1 1 2 1 1 2
geno chr11.324630 yri  0 0 0 0 0 0 0 1 0 1 1 0 0 0 0 1 0 0 0 0 0 0 0 0 0 0 0 0 1 0 1 0 0 0 0 0 0 0 0 0 0 0 0 0 0 0 0 0 1 1 0 0 0 2 0 0 0 0 0 0 0 0 0 0 0 0 0 0 0 0 0 0 1 0 1 0 0
geno chr11.324635 ceu  2 1 0 0 1 2 1 1 1 1 1 2 0 0 0 0 1 1 1 0 1 2 1 1 2 1 2 2 1 1 1 0 1 0 1 1 1 0 0 2 2 0 0 1 1 2 0 0 1 1 2 1 1 1 1 1 2 0 1 0 0 1 0 0 0 1 0 1 1 0 0 0 2 1 0 0 1 1
geno chr11.324635 fin  1 1 0 0 0 2 1 0 2 2 0 1 2 0 1 2 1 0 1 1 1 0 1 1 1 1 0 0 2 2 1 2 1 1 1 0 1 0 1 1 2 2 0 1 1 0 0 1 0 1 1 1 2 2 1 1 1 1 0 0 1 2 2 1 1 0 2 1 2 1 2 1 0 1 0 2 0 1 1 1 1 1 1 0 0 1 1 2 1
geno chr11.324635 gbr  1 1 1 1 1 0 2 1 2 2 0 0 0 2 1 2 1 2 1 1 2 0 2 1 1 0 1 2 1 2 1 1 1 1 1 2 2 2 2 0 1 2 2 1 1 1 0 1 1 2 2 2 1 2 1 1 1 0 2 1 2 0 0 1 1 1 0 0 1 0 1 1 2 1 1 2 1 1 0 1 0 1 0 1
geno chr11.324635 tsi  0 1 0 1 1 0 0 1 0 1 1 0 2 1 1 0 1 1 0 1 0 1 0 0 0 1 2 1 0 0 1 0 0 1 2 0 0 2 1 1 1 2 1 0 2 1 0 1 0 1 0 1 1 0 0 0 0 1 1 1 0 2 1 0 0 1 0 1 1 1 0 1 1 1 1 0 1 2 1 2 0 0 1 0 0 1 0 0 1 0 0 1
geno chr11.324635 yri  0 0 0 0 0 0 0 0 0 0 1 0 0 0 0 0 0 0 0 0 0 0 0 0 0 0 0 0 1 0 1 0 0 0 0 0 0 0 0 0 0 0 0 0 0 0 0 0 1 1 0 0 0 1 0 0 0 0 0 0 0 0 0 0 0 0 0 0 0 0 0 0 1 0 0 0 0
geno chr11.324699 ceu  2 2 2 1 1 2 1 2 1 1 2 2 1 1 1 1 1 1 2 1 1 2 2 1 2 2 2 2 1 1 2 0 2 1 2 2 2 1 0 2 2 2 0 2 2 1 2 0 2 2 2 1 1 1 2 1 2 2 2 1 1 1 0 1 1 1 2 1 1 0 0 1 2 1 0 0 1 1
geno chr11.324699 fin  1 2 1 0 1 2 2 1 2 2 1 1 2 0 2 2 1 0 2 1 2 1 2 1 2 1 1 1 2 2 2 2 1 2 1 0 1 0 2 1 2 2 0 1 1 0 1 2 1 1 1 1 2 2 2 1 2 1 1 0 1 2 2 1 1 2 2 1 2 2 2 2 1 2 2 2 1 1 2 1 1 1 1 1 0 2 1 2 2
geno chr11.324699 gbr  1 1 2 2 2 1 2 1 2 2 0 1 0 2 2 2 2 2 2 2 2 1 2 2 1 1 2 2 1 2 1 1 2 1 1 2 2 2 2 1 1 2 2 2 1 1 0 1 2 2 2 2 2 2 1 2 1 0 2 1 2 0 0 1 2 2 1 1 1 1 2 2 2 2 2 2 2 2 1 2 2 1 0 2
geno chr11.324699 tsi  2 1 1 2 1 1 1 1 1 1 1 2 2 1 1 0 1 2 2 2 0 1 0 1 0 2 2 1 2 1 1 2 2 2 2 1 1 2 2 1 2 2 2 2 2 1 0 1 0 1 0 2 1 2 1 1 2 1 1 1 1 2 1 1 1 1 2 1 2 2 1 1 1 2 2 1 2 2 1 2 2 0 2 2 2 2 1 1 2 1 1 2
geno chr11.324699 yri  0 0 0 0 0 0 0 1 0 1 1 0 0 0 0 1 1 0 0 0 0 0 0 0 0 0 0 0 1 0 1 0 0 0 0 0 0 0 0 0 0 0 0 0 0 0 0 0 1 1 0 0 0 2 0 0 0 0 0 0 0 0 0 0 0 0 0 0 0 0 0 0 1 0 1 0 0
geno chr11.324880 ceu  0 1 2 1 0 0 0 1 0 0 1 0 1 1 1 1 0 0 1 1 0 0 1 0 0 1 0 0 0 0 1 0 1 1 1 1 1 1 0 0 0 2 0 1 1 0 2 0 1 1 0 0 0 0 1 0 0 2 1 1 1 0 0 1 1 0 2 0 0 0 0 1 0 0 0 0 0 0
geno chr11.324880 fin  0 1 1 0 1 0 1 1 0 0 1 0 0 0 1 0 0 0 1 0 1 1 1 0 1 0 1 1 0 0 1 0 0 1 0 0 0 0 1 0 0 0 0 0 0 0 1 1 1 0 0 0 0 0 1 0 1 0 1 0 0 0 0 0 0 2 0 0 0 1 0 1 1 1 2 0 1 0 1 0 0 0 0 1 0 1 0 0 1
geno chr11.324880 gbr  0 0 1 1 1 1 0 0 0 0 0 1 0 0 1 0 1 0 2 1 0 1 0 1 0 1 1 0 0 0 0 0 1 0 0 0 0 0 0 1 0 0 0 1 0 0 0 0 1 0 0 0 1 0 0 1 0 0 0 0 0 0 0 0 1 1 1 1 0 1 1 1 0 1 1 0 1 1 1 1 2 0 0 1
geno chr11.324880 tsi  2 0 1 1 0 1 1 0 1 0 0 2 0 0 0 0 0 1 2 1 0 0 0 1 0 1 0 0 2 1 0 2 2 1 0 1 1 0 1 0 1 0 1 2 0 0 0 0 0 0 0 1 0 2 1 1 2 0 0 0 1 0 0 1 1 0 2 0 1 1 1 0 0 1 1 1 1 0 0 0 2 0 1 2 2 1 1 1 1 1 1 1
geno chr11.324880 yri  0 0 0 0 0 0 0 1 0 0 0 0 0 0 0 0 0 0 0 0 0 0 0 0 0 0 0 0 0 0 0 0 0 0 0 0 0 0 0 0 0 0 0 0 0 0 0 0 0 0 0 0 0 1 0 0 0 0 0 0 0 0 0 0 0 0 0 0 0 0 0 0 0 0 1 0 0
geno chr11.325244 ceu  0 1 2 1 0 0 0 0 0 0 1 0 1 1 1 1 0 0 1 1 0 0 1 0 0 1 0 0 0 0 1 0 1 1 1 1 1 1 0 0 0 2 0 1 1 0 2 0 1 1 0 0 0 0 1 0 0 2 1 1 0 0 0 1 1 0 2 0 0 0 0 1 0 0 0 0 0 0
geno chr11.325244 fin  0 1 1 0 1 0 1 1 0 0 1 0 0 0 1 0 0 0 1 0 1 1 1 0 1 0 1 1 0 0 1 0 0 1 0 0 0 0 1 0 0 0 0 0 0 0 1 1 1 0 0 0 0 0 1 0 1 0 1 0 0 0 0 0 0 2 0 0 0 1 0 1 1 1 2 0 1 0 1 0 0 0 0 1 0 1 0 0 1
geno chr11.325244 gbr  0 0 1 1 1 1 0 0 0 0 0 1 0 0 1 0 1 0 2 1 0 1 0 1 0 1 1 0 0 0 0 0 1 0 0 0 0 0 0 1 0 0 0 1 0 0 0 0 1 0 0 0 1 0 0 1 0 0 0 0 0 0 0 0 1 1 1 1 0 1 1 1 0 1 1 0 1 1 1 1 2 0 0 1
geno chr11.325244 tsi  2 0 1 1 0 0 1 0 1 0 0 2 0 0 0 0 0 1 2 1 0 0 0 1 0 1 0 0 2 0 0 1 2 1 0 1 1 0 1 0 1 0 1 2 0 0 0 0 0 0 0 1 0 2 1 1 2 0 0 0 1 0 0 1 1 0 2 0 1 1 0 0 0 1 1 0 1 0 0 0 2 0 1 2 2 1 1 0 1 1 1 1
geno chr11.325244 yri  0 0 0 0 0 0 0 0 0 0 0 0 0 0 0 0 0 0 0 0 0 0 0 0 0 0 0 0 0 0 0 0 0 0 0 0 0 0 0 0 0 0 0 0 0 0 0 0 0 0 0 0 0 1 0 0 0 0 0 0 0 0 0 0 0 0 0 0 0 0 0 0 0 0 1 0 0
geno chr11.325249 ceu  2 2 2 1 1 2 1 1 1 1 2 2 1 1 1 1 1 1 2 1 1 2 2 1 2 2 2 2 1 1 2 0 2 1 2 2 2 1 0 2 2 2 0 2 2 1 2 0 2 2 2 1 1 1 2 1 2 2 2 1 0 1 0 1 1 1 2 1 1 0 0 1 2 1 0 0 1 1
geno chr11.325249 fin  1 2 1 0 1 2 2 1 2 2 1 1 2 0 2 2 1 0 2 1 2 1 2 1 2 1 1 1 2 2 2 2 1 2 1 0 1 0 2 1 2 2 0 1 1 0 1 2 1 1 1 1 2 2 2 1 2 1 1 0 1 2 2 1 1 2 2 1 2 2 2 2 1 2 2 2 1 1 2 1 1 1 1 1 0 2 1 2 2
geno chr11.325249 gbr  1 1 2 2 2 1 2 1 2 2 0 1 0 2 2 2 2 2 2 2 2 1 2 2 1 1 1 2 1 2 1 1 2 1 1 2 2 2 2 1 1 2 2 2 1 1 0 1 2 2 2 2 2 2 1 2 1 0 2 1 2 0 0 1 2 2 1 1 1 1 2 2 2 2 2 2 2 2 1 2 2 1 0 2
geno chr11.325249 tsi  2 1 1 2 1 0 1 1 1 1 1 2 2 1 1 0 1 2 2 2 0 1 0 1 0 2 2 1 2 0 1 1 2 2 2 1 1 2 2 1 2 2 2 2 2 1 0 1 0 1 0 2 0 2 1 1 2 1 1 1 1 2 1 1 1 1 2 1 2 2 0 1 1 2 2 0 2 2 1 2 2 0 2 2 2 2 1 0 2 1 1 2
geno chr11.325249 yri  0 0 0 0 0 0 0 0 0 0 1 0 0 0 0 0 1 0 0 0 0 0 0 0 0 0 0 0 1 0 1 0 0 0 0 0 0 0 0 0 0 0 0 0 0 0 0 0 1 1 0 0 0 2 0 0 0 0 0 0 0 0 0 0 0 0 0 0 0 0 0 0 1 0 1 0 0
geno chr11.325386 ceu  2 2 2 1 2 2 1 2 2 2 2 2 2 2 2 1 2 2 2 1 1 2 2 1 2 1 2 2 2 1 2 0 1 1 2 2 2 2 1 2 2 2 1 2 2 1 2 1 2 2 2 1 2 1 2 1 2 2 2 1 1 2 1 2 2 1 2 1 1 1 1 1 2 2 2 0 1 1
geno chr11.325386 fin  1 2 1 1 1 2 2 1 2 2 1 1 2 1 2 2 2 0 2 1 2 1 2 2 2 1 2 2 2 2 2 2 1 2 1 0 2 1 2 2 2 2 0 1 1 0 1 2 2 1 2 2 2 2 2 2 2 1 2 1 2 2 2 1 1 2 1 1 1 1 2 2 1 2 1 2 2 2 2 1 1 2 1 1 0 2 1 2 2
geno chr11.325386 gbr  2 1 2 2 2 2 2 1 2 2 1 2 1 2 2 2 2 2 2 2 2 1 2 2 1 2 1 2 1 2 1 2 1 2 1 2 2 2 2 0 1 2 2 2 2 2 1 2 2 2 2 2 2 2 1 2 1 0 2 2 1 2 0 1 2 2 2 1 2 1 2 2 2 2 2 2 2 2 1 2 2 2 0 2
geno chr11.325386 tsi  2 2 2 2 2 1 2 1 1 1 1 2 2 2 1 0 1 2 2 2 0 2 1 2 0 2 2 2 2 1 2 2 2 2 2 2 1 2 2 1 2 2 2 2 2 1 1 1 0 1 1 2 1 2 2 1 2 1 2 1 2 2 1 1 1 1 2 1 2 2 1 2 1 2 2 1 2 2 1 2 2 2 2 2 2 2 2 2 2 1 1 2
geno chr11.325386 yri  1 1 2 2 1 2 1 2 1 1 2 2 2 2 2 2 2 0 2 1 2 1 1 2 1 2 2 2 2 1 2 1 2 1 1 1 2 1 2 2 2 2 1 2 2 0 1 2 2 2 2 2 1 2 1 2 1 2 2 2 1 2 0 2 0 2 1 2 2 2 2 2 2 1 1 2 1
geno chr11.325418 ceu  0 1 2 1 0 0 0 1 0 0 1 0 1 1 1 1 0 0 1 1 0 0 1 0 0 1 0 0 0 0 1 0 1 1 1 1 0 1 0 0 0 2 0 1 1 0 2 0 1 1 0 0 0 0 1 0 0 2 1 1 1 0 0 1 1 0 2 0 0 0 0 1 0 0 0 0 0 0
geno chr11.325418 fin  0 1 1 0 1 0 1 1 0 0 1 0 0 0 1 0 0 0 1 0 1 1 1 0 1 0 1 1 0 0 1 0 0 1 0 0 0 0 1 0 0 0 0 0 0 0 1 1 1 0 0 0 0 0 0 0 1 0 1 0 0 0 0 0 0 2 0 0 0 1 0 1 1 1 2 0 1 0 1 0 0 0 0 1 0 1 0 0 1
geno chr11.325418 gbr  0 0 1 1 1 1 0 0 0 0 0 1 0 0 1 0 1 0 2 1 0 1 0 1 0 1 1 0 0 0 0 0 1 0 0 0 0 0 0 1 0 0 0 1 0 0 0 0 1 0 0 0 1 0 0 1 0 0 0 0 0 0 0 0 1 1 1 1 0 1 1 1 0 1 1 0 1 1 1 1 2 0 0 1
geno chr11.325418 tsi  2 0 1 1 0 1 1 0 1 0 0 2 0 0 0 0 0 1 2 1 0 0 0 1 0 1 0 0 2 1 0 2 2 1 0 1 1 0 1 0 1 0 1 2 0 0 0 0 0 0 0 1 0 2 1 1 2 0 0 0 1 0 0 1 1 0 2 0 1 1 1 0 0 1 1 1 1 0 0 0 2 0 1 2 2 1 1 1 1 1 1 1
geno chr11.325418 yri  0 0 0 0 0 0 0 1 0 0 0 0 0 0 0 0 0 0 0 0 0 0 0 0 0 0 0 0 0 0 0 0 0 0 0 0 0 0 0 0 0 0 0 0 0 0 0 0 0 0 0 0 0 1 0 0 0 0 0 0 0 0 0 0 0 0 0 0 0 0 0 0 0 0 1 0 0
geno chr11.325948 ceu  2 2 2 1 1 2 1 2 1 1 2 2 1 1 1 1 0 1 2 0 1 2 2 1 2 2 2 2 1 1 2 0 2 1 2 2 2 1 0 2 2 2 0 2 2 1 2 0 2 2 2 1 1 1 2 1 2 2 2 1 1 1 0 1 1 1 2 1 1 0 0 1 2 1 0 0 1 1
geno chr11.325948 fin  1 2 1 0 1 2 2 1 2 2 1 1 2 0 2 2 1 0 2 1 2 1 2 1 2 1 1 1 2 2 2 2 1 2 1 0 1 0 2 1 2 2 0 1 1 0 1 2 1 1 1 1 2 2 2 1 2 1 1 0 1 2 2 1 1 2 2 1 2 2 2 2 1 2 2 2 1 1 2 1 1 1 1 1 0 2 1 2 2
geno chr11.325948 gbr  1 1 2 2 2 1 2 1 2 2 0 1 0 2 2 2 2 2 2 2 2 1 2 2 1 1 1 2 1 2 1 1 1 1 1 2 2 2 2 1 1 2 2 2 1 1 0 1 2 2 2 2 2 1 1 2 0 0 1 1 2 0 0 1 2 2 1 1 1 1 2 2 2 2 2 2 2 1 1 2 2 1 0 2
geno chr11.325948 tsi  2 1 1 2 1 1 1 1 1 1 1 2 2 1 1 0 1 2 2 2 0 1 1 1 0 2 2 1 2 1 1 2 2 2 1 1 1 2 2 1 2 2 2 2 2 1 0 1 0 1 0 2 0 2 1 1 2 1 1 1 1 2 1 1 1 1 2 1 2 2 1 1 1 2 2 1 2 2 1 2 2 0 2 2 2 2 1 1 2 1 0 2
geno chr11.325948 yri  0 0 0 0 0 0 0 1 0 0 1 0 0 0 0 0 1 0 0 0 0 0 0 0 0 0 0 0 2 0 1 0 0 0 0 0 0 0 0 0 0 0 0 0 0 1 0 0 1 1 0 0 0 2 0 0 0 0 0 0 0 0 0 0 0 0 0 0 0 0 0 0 1 0 1 0 0
geno chr11.325977 ceu  1 1 2 1 1 2 1 1 1 1 1 2 0 1 0 1 1 1 2 1 1 2 2 1 1 2 1 2 1 1 2 0 1 1 1 2 1 1 0 2 2 2 0 0 1 1 1 0 1 2 1 1 0 1 1 1 1 2 2 0 1 1 0 1 1 1 2 1 1 0 0 1 2 1 0 0 1 1
geno chr11.325977 fin  1 1 1 0 1 2 1 1 2 1 1 1 2 0 1 2 1 0 2 1 2 1 2 1 1 0 0 1 1 2 1 2 1 2 1 0 1 0 2 1 1 2 0 1 1 0 1 1 1 1 0 1 1 1 1 1 1 1 1 0 1 1 2 1 1 2 2 1 2 1 2 2 1 2 1 2 1 1 1 1 1 1 1 1 0 2 1 2 2
geno chr11.325977 gbr  1 1 2 2 1 1 1 1 2 2 0 1 0 2 1 1 2 2 1 2 1 1 1 1 1 1 2 2 1 2 1 1 1 1 1 2 2 2 2 1 1 2 1 1 1 0 0 1 2 2 2 1 2 2 1 2 1 0 2 1 2 0 0 1 2 2 1 1 1 1 2 2 2 1 2 1 2 2 1 1 2 1 0 1
geno chr11.325977 tsi  1 1 0 2 1 1 1 1 1 1 1 1 2 1 1 0 1 1 1 1 0 1 0 1 0 1 1 1 1 1 1 1 1 2 2 1 1 1 1 1 2 1 2 1 1 1 0 1 0 1 0 1 1 1 1 1 1 1 1 0 0 2 1 1 1 1 1 1 1 2 1 1 1 1 1 0 1 1 1 1 2 0 1 1 1 1 1 0 1 0 1 1
geno chr11.325977 yri  0 0 0 0 0 0 0 0 0 0 1 0 0 0 0 0 1 0 0 0 0 0 0 0 0 0 0 0 1 0 0 0 0 0 0 0 0 0 0 0 0 0 0 0 0 0 0 0 1 0 0 0 0 2 0 0 0 0 0 0 0 0 0 0 0 0 0 0 0 0 0 0 1 0 1 0 0
geno chr11.326317 ceu  2 1 0 0 1 2 1 1 2 1 1 2 0 0 1 0 1 1 1 0 1 2 1 1 2 1 2 2 1 1 1 0 1 0 1 1 1 0 1 2 2 0 0 1 1 1 0 0 1 1 2 1 2 1 1 1 2 0 1 0 0 2 1 0 0 1 1 1 1 0 0 0 2 1 1 0 1 1
geno chr11.326317 fin  1 1 0 0 0 2 1 0 2 2 0 1 2 0 1 2 1 0 2 1 1 0 1 1 1 1 1 0 2 2 1 2 1 1 1 0 1 0 1 1 2 2 0 1 1 0 0 1 0 1 2 1 2 2 1 1 1 1 0 0 1 2 2 1 1 0 1 1 1 0 2 0 0 1 0 1 0 1 1 1 1 2 1 0 0 1 1 2 1
geno chr11.326317 gbr  0 0 1 0 1 0 1 1 2 2 0 0 0 2 1 2 1 2 0 1 2 0 2 1 1 0 0 1 1 2 1 0 0 1 1 2 2 2 2 0 1 2 2 1 1 1 0 1 1 2 2 2 1 1 1 1 0 0 1 2 1 1 0 1 1 1 0 0 1 0 1 1 1 1 1 2 1 1 0 1 0 1 0 1
geno chr11.326317 tsi  0 2 1 1 1 0 0 1 0 1 1 0 2 1 1 0 1 1 0 1 0 1 0 0 0 1 2 1 0 0 2 0 0 1 2 0 0 2 1 1 1 2 1 0 2 1 1 1 0 1 0 1 0 0 0 0 0 1 2 1 0 2 1 0 0 1 0 1 1 1 0 1 1 1 1 0 1 2 1 2 0 0 1 0 0 1 0 0 1 0 0 1
geno chr11.326317 yri  0 0 0 1 1 0 0 0 0 0 1 0 0 0 0 0 1 0 1 1 0 0 0 0 0 0 0 0 1 0 1 0 0 1 0 0 0 0 0 0 0 0 0 0 0 1 0 0 1 1 1 0 0 1 0 1 0 0 0 1 0 0 0 0 0 0 0 0 0 0 1 0 2 0 0 0 0
