pheno ENSG00000107077 ceu 0.5850718 -0.07769049 -0.2214739 0.3099594 -0.3125845 0.125045 -0.4010474 -1.694943 -1.507355 -0.6178585 -2.151333 -1.172678 0.5092874 -1.207662 1.379616 -0.639158 0.4345334 -0.1593393 0.01456429 0.1257735 -0.8978683 -0.2176669 -1.138635 -1.21007 0.1282239 -1.573463 0.2524088 -0.8416873 0.3840302 0.6375774 -1.716637 -0.09805 -2.578217 0.3225992 -1.645819 -0.8679997 1.700226 -1.078982 -0.9541566 -1.212295 0.4678217 -0.4315202 1.450435 -1.70647 0.7343818 -1.179251 -1.45533 0.3406422 -0.4004988 -1.676983 -1.178991 0.6612602 -0.5383497 -0.6176147 -0.5094267 -1.279015 -1.314027 -1.53736 -1.848465 -1.299335 -1.371725 -1.472342 -0.767575 -1.238961 -0.6983421 -2.620841 -1.478895 -1.784348 -1.850164 -3.108055 1.894049 -1.159083 -1.692986 -1.589545 -3.21354 -0.6655411 -2.942843 -1.182704
pheno ENSG00000107077 fin -2.189565 -1.527452 -1.468415 0.7747822 0.8461477 -0.9158474 -0.9307395 -0.5909379 -0.4042767 -0.5114576 0.7245627 -0.2695742 -0.5075257 -0.4034266 -1.519583 -0.7818566 -0.2073735 -1.304999 -1.450381 -1.607413 -1.641347 -0.4664316 -3.101295 -1.844989 -0.6222509 -0.005160308 -0.2650264 -0.7916751 0.0112409 -2.638089 -0.6164843 0.8971039 1.168586 -0.5713019 -2.171676 -1.547279 -0.6946483 -0.6273669 -0.9265545 -2.306257 -1.92264 -0.2123097 -1.179166 -0.2182309 -3.340836 -0.703085 -0.1704594 -0.3987675 -0.2911147 -0.9049404 0.123545 -0.7642838 -0.2384444 -0.2530165 -0.03166539 -0.9025167 -2.02918 -2.094104 0.6203737 -0.6921291 0.8793029 -1.311392 -0.3606403 -3.490293 -0.956722 -1.271978 0.1577485 -0.3359559 -1.30902 -1.474546 -1.146272 0.1125378 -0.4740156 0.941082 -1.130084 0.3646281 -0.8705699 -0.3456517 -2.162622 -1.714758 -2.440179 -2.429603 -0.4121482 0.4276632 -1.007166 -2.397471 -0.6468981 -0.2383333 -1.531609
pheno ENSG00000107077 gbr -1.862304 -0.7410611 0.3158991 -0.1003262 -1.211293 -0.6074929 1.108924 -0.3097089 0.6268932 2.130578 0.2209441 -0.0492496 1.859093 -0.1662402 0.6126218 -0.5906181 0.5351454 -0.4734813 0.6972044 0.3118041 0.6035917 -1.028265 -0.01435738 -0.969867 -0.5956369 -0.5924482 0.2944502 0.6817434 1.171185 -0.4379607 -0.01152753 0.01416293 -0.09787618 -1.334802 -0.5325983 -1.310298 0.0188816 -0.755813 -2.160834 1.292865 -0.711811 -0.204803 -1.256273 -1.207354 -0.5223144 -0.9671188 -0.5342846 -0.4928102 0.6390327 -2.335757 -0.5842747 -0.2096352 0.6365615 -1.294431 0.0949694 1.157955 3.126716 -1.322273 -1.154588 0.204934 0.4446511 0.9269035 0.9803028 -1.20733 -1.372337 -0.3667281 1.063297 -0.03923595 -0.5291906 -0.4641628 -0.3978673 -0.611524 0.5922495 -1.09092 -0.8085383 0.2574859 0.9083329 0.1342888 -0.6151904 -0.6871168 -1.837359 1.254161 -1.258467 0.06012695
pheno ENSG00000107077 tsi 0.01508579 0.4624282 1.556798 3.48368 1.690797 1.07489 0.5139844 0.7821976 0.5077845 1.893544 1.317496 1.615187 0.6401995 -0.09059065 0.2270935 0.6691823 0.4028078 1.166821 0.5140648 -0.07614635 0.5512401 2.810323 0.8055069 1.035498 0.7711986 0.191469 0.09892152 0.1219111 2.911518 1.108365 1.111675 -0.07882081 1.151962 2.436342 0.2141368 0.8397397 2.33172 2.680465 2.400106 -0.1412125 0.4822886 1.613296 0.3293942 3.572478 1.621789 0.2649352 1.825485 0.3926803 -0.1153969 -1.128581 1.11716 0.9983922 2.08526 -0.09693399 1.515164 1.872869 1.15273 1.989405 0.1622224 0.8726266 1.802996 1.928643 1.478261 2.260092 0.9948999 1.6317 1.030745 2.231304 0.309539 1.889577 1.243836 3.121021 2.11092 1.357473 -0.163719 1.417948 -0.221966 1.517525 0.8839242 1.308575 3.197273 1.368975 1.029334 3.114813 1.385697 1.751619 2.870688 1.161656 0.6694897 0.4267956 1.044366 0.1733244
pheno ENSG00000107077 yri -1.71151 -1.572202 -2.467637 -3.249531 -1.201258 -3.725606 -1.382755 -2.048129 -1.402361 -0.6478754 -1.500289 -2.829013 -3.275165 -0.3691419 -0.5448263 -1.702564 -2.434 -1.351505 -1.2288 -1.601392 -2.033685 -2.241077 -1.786638 -1.614853 -0.7135655 -0.8233695 -3.39375 -0.3275926 -3.537838 -4.092206 -1.891948 -2.118477 -1.261175 -1.662847 -1.290967 -1.459867 -0.9071096 -1.577164 0.1139716 -1.799669 -3.03992 -1.827295 -2.374554 -2.029823 -2.208783 -2.89455 -1.896311 0.7482754 -1.167992 -1.146116 -1.166455 1.106243 -1.663868 -1.267678 -3.036893 -1.125152 -1.909157 0.3825652 -0.3933662 -2.611995 -2.270119 1.65915 0.2814615 -1.555216 -1.726492 -1.326694 -2.524255 -3.510051 0.2435016 -3.210781 -1.707524 -1.097727 -2.346906 -1.455544 -2.17483 -1.049702 -3.367174
geno chr9.6621152 ceu  0 0 0 0 0 0 0 0 0 0 0 0 0 0 0 0 0 0 0 0 0 0 0 0 0 0 0 0 0 0 0 0 0 0 0 0 0 0 0 0 0 0 0 0 0 0 0 0 0 0 0 0 0 0 0 0 0 0 0 0 0 0 0 0 0 0 0 0 0 0 0 0 0 0 0 0 0 0
geno chr9.6621152 fin  0 0 0 0 0 0 0 0 0 0 0 0 0 0 0 0 0 0 0 0 0 0 0 0 0 0 0 0 0 0 0 0 0 0 0 0 0 0 0 0 0 0 0 0 0 0 0 0 0 0 0 0 0 0 0 0 0 0 0 0 0 0 0 0 0 0 0 0 0 0 0 0 0 0 0 0 0 0 0 0 0 0 0 0 0 0 0 0 0
geno chr9.6621152 gbr  0 0 0 0 0 0 0 0 0 0 0 0 0 0 0 0 0 0 0 0 0 0 0 0 0 0 0 0 0 0 0 0 0 0 0 0 0 0 0 0 0 0 0 0 0 0 0 0 0 0 0 0 0 0 0 0 0 0 0 0 0 0 0 0 0 0 0 0 0 0 0 0 0 0 0 0 0 0 0 0 0 0 0 0
geno chr9.6621152 tsi  0 0 0 0 0 0 0 0 0 0 0 0 0 0 0 0 0 0 0 0 0 0 0 0 0 0 0 0 0 0 0 0 0 0 0 0 0 0 0 0 0 0 0 0 0 0 0 0 0 0 0 0 0 0 0 0 0 0 0 0 0 0 0 0 0 0 0 0 0 0 0 0 0 0 0 0 0 0 0 0 0 0 0 0 0 0 0 0 0 0 0 0
geno chr9.6621152 yri  1 0 1 0 0 0 1 0 0 0 0 2 0 0 0 0 0 1 0 0 0 2 0 1 0 0 0 1 1 0 1 1 0 1 0 1 1 1 0 1 0 0 1 0 0 0 0 2 0 1 0 1 1 0 0 0 0 0 0 1 1 0 0 0 0 0 0 0 0 0 1 0 0 0 0 1 1
geno chr9.6621652 ceu  0 0 0 0 0 0 0 0 0 0 0 0 0 0 0 0 0 0 0 0 0 0 0 0 0 0 0 0 0 0 0 0 0 0 0 0 0 0 0 0 0 0 0 0 0 0 0 0 0 0 0 0 0 0 0 0 0 0 0 0 0 0 0 0 0 0 0 0 0 0 0 0 0 0 0 0 0 0
geno chr9.6621652 fin  0 0 0 0 0 0 0 0 0 0 0 0 0 0 0 0 0 0 0 0 0 0 0 0 0 0 0 0 0 0 0 0 0 0 0 0 0 0 0 0 0 0 0 0 0 0 0 0 0 0 0 0 0 0 0 0 0 0 0 0 0 0 0 0 0 0 0 0 0 0 0 0 0 0 0 0 0 0 0 0 0 0 0 0 0 0 0 0 0
geno chr9.6621652 gbr  0 0 0 0 0 0 0 0 0 0 0 0 0 0 0 0 0 0 0 0 0 0 0 0 0 0 0 0 0 0 0 0 0 0 0 0 0 0 0 0 0 0 0 0 0 0 0 0 0 0 0 0 0 0 0 0 0 0 0 0 0 0 0 0 0 0 0 0 0 0 0 0 0 0 0 0 0 0 0 0 0 0 0 0
geno chr9.6621652 tsi  0 0 0 0 0 0 0 0 0 0 0 0 0 0 0 0 0 0 0 0 0 0 0 0 0 0 0 0 0 0 0 0 0 0 0 0 0 0 0 0 0 0 0 0 0 0 0 0 0 0 0 0 0 0 0 0 0 0 0 0 0 0 0 0 0 0 0 0 0 0 0 0 0 0 0 0 0 0 0 0 0 0 0 0 0 0 0 0 0 0 0 0
geno chr9.6621652 yri  1 0 1 0 0 0 0 0 0 1 0 2 0 0 0 0 0 1 0 0 0 2 0 1 0 0 1 1 1 0 1 1 0 1 0 1 1 1 0 2 0 0 1 0 0 0 0 2 0 1 0 1 1 0 0 0 0 0 0 1 1 0 0 0 0 0 1 0 0 0 1 1 0 0 0 1 1
geno chr9.6621684 ceu  0 0 0 0 1 0 0 0 0 0 0 0 0 0 0 1 0 1 1 1 0 0 2 2 1 0 0 2 1 0 1 0 1 1 0 0 0 1 1 0 0 1 1 0 0 1 0 0 0 0 0 0 1 0 0 1 0 0 0 0 1 0 1 0 1 1 0 0 0 0 1 2 0 0 0 0 0 1
geno chr9.6621684 fin  0 0 2 1 1 0 0 1 0 0 1 0 0 1 0 1 0 0 0 1 0 1 0 1 0 1 1 0 0 0 0 1 0 2 0 0 0 0 1 1 0 0 1 1 1 0 1 0 1 2 0 2 1 1 1 1 0 0 0 1 0 0 0 0 1 0 1 1 0 1 0 1 0 1 0 0 0 1 2 0 0 0 0 1 2 0 0 0 1
geno chr9.6621684 gbr  0 1 1 0 0 0 0 0 0 1 0 0 1 0 1 2 2 0 0 1 1 1 0 1 0 0 0 1 0 1 1 0 0 0 1 0 0 0 0 1 1 0 1 1 0 1 0 0 1 0 1 1 0 0 0 1 0 0 1 0 1 1 0 0 0 0 0 1 0 0 1 0 0 0 0 0 0 1 0 0 0 1 0 0
geno chr9.6621684 tsi  1 0 0 0 0 0 0 0 1 0 0 1 0 2 1 1 1 0 1 0 0 0 0 1 0 0 0 0 1 1 2 1 0 0 0 0 0 0 0 0 0 0 0 0 1 1 0 0 0 0 1 0 0 0 0 0 0 1 1 0 0 1 0 0 0 0 0 0 0 2 0 0 0 0 0 1 0 0 0 1 0 1 0 0 0 0 1 1 0 0 0 0
geno chr9.6621684 yri  1 0 0 1 0 1 0 0 1 0 0 0 1 1 1 1 0 1 0 0 0 0 0 0 1 0 1 0 0 1 0 0 0 0 1 0 0 1 0 0 0 0 0 1 0 0 0 0 1 0 1 0 0 0 0 1 1 1 0 0 1 1 0 0 1 1 0 1 1 2 0 0 0 1 1 0 0
geno chr9.6621931 ceu  0 0 0 0 0 0 0 0 0 0 0 0 0 0 0 0 0 0 0 0 0 0 0 0 0 0 0 0 0 0 0 0 0 0 0 0 2 0 0 0 0 0 1 0 0 0 0 0 0 0 0 0 1 0 0 0 0 0 0 0 0 0 0 0 0 0 0 0 0 0 0 0 0 1 0 0 0 0
geno chr9.6621931 fin  0 0 0 1 1 0 0 0 0 1 0 1 0 0 0 0 0 1 0 0 0 0 0 0 0 0 0 0 0 0 0 0 0 0 0 0 0 0 0 1 0 0 0 0 0 1 0 1 0 0 0 0 0 0 0 0 0 0 0 0 0 0 0 0 0 0 0 0 0 0 0 0 0 0 0 0 0 0 0 0 1 0 1 0 0 0 0 0 0
geno chr9.6621931 gbr  0 0 0 0 0 0 1 0 0 0 0 0 0 0 0 0 0 0 0 0 1 1 1 0 0 0 0 0 0 0 0 0 0 0 0 0 0 0 0 0 0 0 0 0 0 0 0 0 1 0 0 0 1 0 0 0 1 0 0 0 0 0 0 0 0 0 1 0 0 0 0 0 1 0 1 0 0 0 1 0 0 0 0 0
geno chr9.6621931 tsi  0 0 0 0 0 0 0 0 0 0 0 0 0 0 0 0 0 0 0 0 0 0 0 0 0 0 0 0 0 0 0 0 0 0 0 0 0 0 0 0 0 0 1 0 0 0 0 0 0 0 0 0 0 0 1 0 0 0 0 0 0 0 0 0 0 0 0 0 0 0 0 0 0 0 0 0 0 0 0 0 0 0 0 1 0 0 1 0 0 0 0 0
geno chr9.6621931 yri  0 0 0 0 0 0 0 0 0 0 0 0 0 0 0 0 0 0 0 0 0 0 0 0 0 0 0 0 0 0 0 0 0 0 0 0 0 0 0 0 0 0 0 0 0 0 0 0 0 0 0 0 0 0 0 0 0 0 0 0 0 0 0 0 0 0 0 0 0 0 0 0 0 0 0 0 0
geno chr9.6622251 ceu  0 0 0 0 0 0 0 0 0 0 0 0 0 0 0 0 0 0 0 0 0 0 0 0 0 0 0 0 0 0 0 0 0 0 0 0 2 0 0 0 0 0 1 0 0 0 0 0 0 0 0 0 1 0 0 0 0 0 0 0 0 0 0 0 0 0 0 0 0 0 0 0 0 1 0 0 0 0
geno chr9.6622251 fin  0 1 0 1 1 0 0 0 0 1 0 1 0 0 0 0 0 1 0 0 0 0 0 1 0 1 0 0 0 0 0 0 0 0 1 0 0 0 0 1 0 0 0 0 0 1 0 1 0 0 0 0 0 0 0 0 0 0 0 0 0 0 0 0 0 0 0 0 0 0 0 0 0 0 0 0 0 0 0 0 1 0 1 0 0 0 0 0 0
geno chr9.6622251 gbr  0 0 0 0 0 0 1 0 0 0 0 0 0 0 0 0 0 0 0 0 1 1 1 0 0 0 0 0 0 0 0 0 0 0 0 0 0 0 0 0 0 0 0 0 0 0 0 0 1 0 0 0 1 0 0 0 1 0 0 0 0 0 0 0 0 0 1 0 0 0 0 0 0 0 1 0 0 0 1 0 0 0 0 0
geno chr9.6622251 tsi  0 0 0 0 0 0 0 0 0 0 0 0 0 0 0 0 0 0 0 0 0 0 0 0 0 1 0 0 0 0 0 0 0 0 0 0 0 0 0 0 0 0 1 0 0 0 0 0 0 0 0 0 0 0 2 0 0 0 0 0 0 0 0 0 0 0 0 0 0 0 0 0 0 0 0 0 0 0 0 0 0 0 0 1 0 0 1 0 0 0 0 0
geno chr9.6622251 yri  0 0 0 0 0 0 0 0 0 0 0 0 0 0 0 0 0 0 0 0 0 0 0 0 0 0 0 0 0 0 0 0 0 0 0 0 0 0 0 0 0 0 0 0 0 0 0 0 0 0 0 0 0 0 0 0 0 0 0 0 0 0 0 0 0 0 0 0 0 0 0 0 0 0 0 0 0
geno chr9.6622365 ceu  0 0 0 0 1 0 0 0 0 1 0 0 0 0 0 1 0 0 1 1 0 0 1 1 0 0 0 1 0 0 0 0 1 1 0 0 0 1 1 0 0 0 1 0 0 1 0 0 0 0 0 0 1 0 0 0 0 0 0 0 1 0 2 0 0 1 0 1 0 0 0 2 0 0 0 1 0 1
geno chr9.6622365 fin  0 1 2 1 1 0 0 0 0 0 0 0 0 1 0 0 0 1 0 1 0 0 0 1 0 1 0 0 0 0 0 1 0 2 1 1 0 0 1 1 0 0 1 0 1 0 0 0 0 1 0 1 1 1 1 0 0 0 0 0 0 0 0 0 1 0 0 1 0 1 0 1 0 1 1 0 0 0 0 0 0 0 1 0 2 0 0 0 1
geno chr9.6622365 gbr  0 0 1 0 0 0 0 1 0 1 0 0 1 0 1 1 2 0 0 1 1 0 0 0 0 0 0 1 0 1 0 1 0 0 2 0 1 0 0 1 1 0 1 1 0 1 0 0 2 0 1 1 0 1 0 0 0 0 1 1 1 2 1 0 0 0 0 1 1 0 0 0 0 0 0 0 1 1 0 0 0 1 0 0
geno chr9.6622365 tsi  0 1 1 0 0 1 0 0 0 0 0 0 0 0 1 0 0 0 0 0 1 0 0 1 0 1 0 0 1 1 1 0 1 0 0 0 1 0 0 0 1 0 0 0 0 1 0 0 0 1 0 0 1 0 0 0 0 0 0 0 0 0 0 1 0 0 0 0 1 1 0 0 0 0 0 1 0 0 0 1 0 1 0 0 0 0 1 1 0 0 0 0
geno chr9.6622365 yri  1 2 1 2 0 1 1 0 1 1 0 1 0 0 1 1 0 1 0 1 2 0 1 1 0 1 2 1 1 0 0 1 1 1 0 1 0 1 0 1 1 1 2 0 0 1 1 1 0 1 1 1 0 0 1 1 0 2 0 0 1 1 2 0 1 1 1 0 1 2 1 1 1 0 1 0 1
geno chr9.6622367 ceu  0 1 1 1 0 1 0 1 1 0 0 1 0 0 1 0 1 0 0 0 0 0 0 0 0 1 0 0 0 0 0 0 1 0 0 1 0 0 0 1 0 0 0 0 1 0 0 0 0 0 0 1 0 1 1 0 1 0 0 0 0 1 0 0 0 0 1 0 0 0 0 0 0 0 0 0 0 0
geno chr9.6622367 fin  0 0 0 0 0 1 0 0 0 0 0 0 0 0 1 0 0 0 0 0 0 0 0 0 1 0 0 0 2 0 0 1 0 0 0 0 0 1 0 0 0 0 0 0 0 0 0 0 0 0 0 0 0 0 2 0 0 0 2 0 0 1 0 1 0 0 1 0 1 1 0 0 0 0 0 0 1 0 0 0 0 0 1 1 0 1 1 1 0
geno chr9.6622367 gbr  0 0 0 1 0 1 0 0 0 1 0 1 1 1 2 0 1 0 1 1 0 0 0 0 0 1 0 0 1 0 0 0 0 0 0 0 0 0 0 0 0 0 2 0 1 0 0 0 0 0 1 0 1 0 0 1 1 0 0 1 0 0 0 1 0 0 0 0 0 1 1 1 0 0 0 0 1 0 0 0 0 0 0 0
geno chr9.6622367 tsi  0 0 0 1 0 0 1 0 0 1 0 0 0 0 1 0 1 0 0 0 0 1 0 0 0 1 0 1 1 0 0 0 0 1 0 0 0 0 2 1 0 1 0 2 0 0 2 0 1 0 1 0 1 0 0 2 1 0 1 0 0 1 0 1 1 0 0 1 1 0 0 1 0 1 0 1 1 1 0 0 0 1 0 0 0 1 0 0 0 0 0 1
geno chr9.6622367 yri  0 0 0 0 0 0 0 1 0 0 0 1 1 1 1 1 0 0 1 1 0 0 1 0 0 2 0 0 0 0 1 0 0 0 1 0 0 0 2 0 0 0 1 1 1 0 0 0 0 2 0 0 1 1 0 0 1 0 2 1 0 1 1 0 1 0 0 0 0 0 0 1 2 1 1 0 0
geno chr9.6622387 ceu  0 0 0 0 1 0 0 0 0 0 0 0 0 0 0 1 0 0 1 1 0 0 1 2 0 0 0 2 1 0 0 0 1 1 0 0 0 0 1 0 0 0 2 0 0 1 0 0 0 0 0 0 1 0 0 0 0 1 0 0 1 0 1 0 0 0 0 1 0 0 0 2 0 0 0 1 0 1
geno chr9.6622387 fin  0 0 2 1 2 0 0 0 0 0 0 1 0 1 0 0 0 1 0 1 0 0 0 1 0 1 0 0 0 0 0 0 0 1 0 1 0 0 1 1 0 0 1 0 0 1 0 1 0 1 0 0 1 1 0 0 0 0 0 1 0 0 0 0 1 0 1 1 0 1 0 1 0 1 0 0 0 0 2 0 0 1 1 2 2 0 0 0 0
geno chr9.6622387 gbr  0 0 2 0 0 0 1 0 0 1 0 0 1 0 0 2 1 0 0 0 1 1 1 0 1 0 0 1 0 1 1 1 0 1 2 0 0 0 0 0 1 0 0 1 0 1 0 0 2 0 1 1 1 0 0 0 1 0 0 0 1 1 1 0 0 0 0 1 1 0 0 0 0 0 0 0 1 1 1 0 0 1 0 0
geno chr9.6622387 tsi  1 0 0 0 0 0 1 0 0 0 0 0 0 1 1 0 1 0 1 0 1 0 0 1 0 0 0 0 1 1 0 0 1 0 0 0 0 0 0 1 1 0 1 0 0 1 0 0 0 0 1 0 1 0 0 0 0 0 0 0 0 0 0 0 0 0 0 0 0 1 0 0 0 0 0 0 0 0 0 1 0 1 1 0 0 0 1 1 0 0 0 0
geno chr9.6622387 yri  0 0 0 2 2 1 0 0 1 0 1 1 0 0 1 1 1 1 1 0 2 0 0 1 0 0 1 2 0 0 1 1 1 1 0 0 0 1 0 0 0 1 2 0 1 1 1 1 1 1 1 1 0 1 0 1 0 2 0 0 1 1 0 1 1 0 2 0 1 2 0 0 0 0 1 1 1
geno chr9.6622898 ceu  0 0 0 0 2 0 0 0 0 1 0 1 0 0 0 1 0 0 0 0 0 0 0 1 0 0 0 2 1 0 0 0 1 0 0 0 0 0 1 0 0 0 0 0 0 0 0 0 0 0 0 0 0 0 0 0 0 0 0 1 0 0 1 0 0 0 0 1 0 0 1 1 0 0 0 0 0 0
geno chr9.6622898 fin  1 0 2 0 2 0 0 0 0 0 0 0 0 0 0 1 0 1 0 0 0 0 0 1 0 1 1 0 0 0 0 0 0 1 0 0 0 0 0 1 0 0 0 1 1 0 1 0 0 1 0 1 0 0 0 1 0 0 0 1 0 0 0 0 1 0 1 0 0 1 0 0 0 0 0 0 1 0 2 0 0 0 0 1 2 0 0 0 1
geno chr9.6622898 gbr  0 0 1 0 0 0 0 0 0 0 0 0 1 0 0 1 1 0 0 0 0 1 0 0 0 0 0 1 0 1 1 0 0 0 2 0 0 0 0 0 0 0 0 0 0 0 0 0 1 0 1 1 0 1 0 0 0 0 1 1 1 1 0 0 0 0 0 1 0 0 0 0 0 0 0 0 0 0 0 0 0 0 0 0
geno chr9.6622898 tsi  1 1 1 0 0 2 0 0 0 0 0 0 0 1 1 0 1 0 0 0 1 0 0 0 0 0 0 0 1 0 1 0 0 0 0 0 1 0 0 0 0 0 0 0 0 1 0 0 0 0 1 0 0 0 0 0 0 0 1 0 0 0 0 0 0 0 0 0 0 2 0 1 0 0 1 0 0 0 0 0 0 0 0 0 0 0 0 0 0 0 0 0
geno chr9.6622898 yri  1 1 0 1 0 0 0 1 1 1 0 0 1 1 0 1 0 0 1 1 1 0 1 0 0 1 2 0 1 0 0 1 2 2 0 1 0 1 0 0 1 0 1 0 0 0 2 1 0 1 2 0 0 1 0 1 1 2 0 0 1 0 2 0 1 1 1 0 1 2 1 0 1 0 2 1 0
geno chr9.6622914 ceu  0 0 0 0 1 0 0 0 0 1 0 0 0 0 0 0 0 0 0 0 0 0 0 0 0 0 0 0 0 0 0 1 0 0 0 0 0 0 0 0 0 0 0 1 0 0 0 0 0 1 0 0 0 0 1 0 0 2 0 0 0 0 0 0 0 0 0 0 0 0 0 0 1 0 0 0 0 0
geno chr9.6622914 fin  0 0 0 0 0 0 1 0 0 0 0 0 0 0 0 0 0 0 0 0 0 0 0 0 0 0 0 0 0 0 0 0 0 0 0 1 0 0 0 0 0 1 0 0 0 0 0 0 0 0 0 0 0 0 0 0 1 0 0 0 0 0 1 0 0 1 0 0 0 0 0 0 0 0 0 0 1 0 0 0 0 1 0 0 0 0 0 0 1
geno chr9.6622914 gbr  0 0 1 0 0 0 0 0 0 0 0 0 0 0 0 0 0 0 0 0 0 0 0 0 0 0 0 0 0 0 0 0 0 1 0 0 0 0 0 0 0 0 0 0 0 0 0 0 0 0 0 0 0 1 0 0 0 0 0 0 0 1 0 0 0 0 0 1 0 0 0 0 0 1 0 0 1 0 0 0 0 0 0 1
geno chr9.6622914 tsi  0 1 1 0 0 2 0 0 0 0 1 0 1 0 0 0 0 1 0 0 0 0 0 0 0 0 0 0 1 0 0 0 1 0 0 1 1 0 0 0 0 0 0 0 0 1 0 0 0 1 0 0 0 1 0 0 0 1 0 0 1 0 0 0 0 0 0 0 1 0 1 1 1 0 0 0 0 0 0 0 0 0 1 0 0 0 0 0 0 0 1 0
geno chr9.6622914 yri  0 0 0 0 0 0 0 0 0 0 1 0 0 0 0 0 0 0 0 0 1 0 0 0 1 0 0 0 0 0 0 0 0 0 0 0 0 0 0 0 0 0 0 0 0 1 0 0 0 0 0 0 0 1 0 0 0 0 0 0 0 0 0 0 0 0 0 0 0 0 0 0 0 0 0 0 0
geno chr9.6622917 ceu  0 0 0 0 1 0 0 0 0 1 0 0 0 0 0 0 0 0 0 0 0 0 0 0 0 0 0 0 0 0 0 1 0 0 0 0 0 0 0 0 0 0 0 1 0 0 0 0 0 1 0 0 0 0 0 0 0 2 0 0 0 0 0 0 0 0 0 0 0 0 0 0 1 0 0 0 0 0
geno chr9.6622917 fin  0 0 0 0 0 0 1 0 0 0 0 0 0 0 0 0 0 0 0 0 0 0 0 0 0 0 0 0 0 0 0 0 0 0 0 1 0 0 0 0 0 1 0 0 0 0 0 0 0 0 0 0 0 0 0 0 1 0 0 0 0 0 1 0 0 1 0 0 0 0 0 0 0 0 0 0 1 0 0 0 0 0 0 0 0 0 0 0 0
geno chr9.6622917 gbr  0 0 1 0 0 0 0 0 0 0 0 0 0 0 0 0 0 0 0 0 0 0 0 0 0 0 0 0 0 0 0 0 0 0 0 0 0 0 0 0 0 0 0 0 0 0 0 0 0 0 0 0 0 1 0 0 0 0 0 0 0 1 0 0 0 0 0 0 0 0 0 0 0 1 0 0 0 0 0 0 0 0 0 1
geno chr9.6622917 tsi  0 1 1 0 0 2 0 0 0 0 0 0 1 0 0 0 0 1 0 0 0 0 0 0 0 0 0 0 0 0 0 0 1 0 0 1 1 0 0 0 0 0 0 0 0 1 0 0 0 1 0 0 0 0 0 0 0 1 0 0 1 0 0 0 0 0 0 0 1 0 1 1 1 0 0 0 0 0 0 0 0 0 0 0 0 0 0 0 0 0 1 0
geno chr9.6622917 yri  0 0 0 0 0 0 0 0 0 1 0 0 0 1 0 0 0 0 0 0 1 0 0 0 0 0 0 0 0 0 0 0 0 0 0 0 0 0 0 1 0 0 0 0 0 0 0 0 0 0 0 0 0 0 0 0 0 0 0 0 0 0 0 0 0 0 0 0 0 0 0 1 0 0 1 0 0
geno chr9.6623025 ceu  0 1 1 1 0 1 0 1 1 0 0 1 0 0 1 1 1 0 1 0 0 0 1 1 0 1 0 2 1 0 0 0 0 1 0 1 1 1 1 1 0 0 2 0 1 0 1 0 0 1 0 1 2 1 1 0 1 1 0 0 1 1 1 0 1 1 2 0 0 0 0 1 0 1 0 0 0 1
geno chr9.6623025 fin  1 0 2 2 1 1 1 0 0 2 0 1 0 1 1 0 0 1 0 0 0 0 0 2 1 1 1 0 2 0 0 1 0 2 0 2 0 1 1 2 0 0 1 0 1 1 0 1 0 2 0 1 1 1 2 1 1 0 2 0 0 1 0 1 0 0 1 1 1 2 0 1 0 1 0 0 2 0 0 0 1 1 2 1 2 1 1 1 2
geno chr9.6623025 gbr  0 0 1 1 0 1 1 0 0 2 0 2 1 1 1 1 1 0 1 0 2 2 1 0 0 1 0 0 1 1 1 1 0 1 1 0 0 0 0 0 1 0 1 1 1 1 0 0 2 0 2 1 2 1 0 1 2 0 1 2 1 1 0 1 0 0 1 1 0 1 1 1 0 1 1 0 1 1 1 0 0 1 1 1
geno chr9.6623025 tsi  0 0 1 1 0 1 1 0 0 1 0 0 1 0 2 0 1 0 0 0 1 1 0 1 0 1 0 1 2 0 2 0 1 1 0 0 0 0 2 1 1 1 1 2 0 1 2 0 1 1 1 0 1 0 1 2 1 1 1 0 0 2 1 1 2 0 0 1 2 2 0 2 0 1 0 0 1 1 0 1 0 2 1 1 0 1 1 0 0 0 0 0
geno chr9.6623025 yri  1 1 0 2 2 2 1 2 0 1 1 0 1 1 2 2 1 2 1 2 2 0 1 1 1 2 2 2 1 1 1 1 1 1 2 1 1 1 2 0 2 2 2 1 2 1 2 2 2 1 2 0 0 1 2 1 1 0 1 2 1 2 2 2 2 2 1 2 2 2 1 1 1 1 2 0 1
geno chr9.6623091 ceu  0 1 1 1 0 1 0 1 1 0 0 1 0 0 1 0 1 0 1 1 0 0 1 0 0 1 0 2 0 0 0 0 0 1 0 1 1 1 0 1 0 0 2 0 1 0 0 0 0 0 0 1 2 1 1 0 1 0 0 0 0 1 1 0 0 0 1 0 0 0 0 1 0 0 0 0 0 1
geno chr9.6623091 fin  0 0 1 1 0 1 0 0 0 0 0 1 0 1 1 0 0 1 0 1 0 0 0 1 1 1 1 0 2 0 0 1 0 1 0 1 0 1 1 1 0 0 1 0 0 1 0 0 0 2 0 0 1 1 2 1 0 0 2 1 0 0 0 1 0 0 2 1 1 2 0 1 0 1 0 0 1 0 1 0 1 1 2 2 1 1 1 1 0
geno chr9.6623091 gbr  0 0 1 1 0 1 1 0 0 2 0 2 1 1 1 1 0 0 1 0 1 1 1 0 0 1 0 0 1 1 0 0 0 1 0 0 0 0 0 0 1 0 1 1 1 0 0 0 2 0 2 1 2 0 0 1 1 0 1 1 1 0 0 1 0 0 0 0 0 1 1 1 0 0 0 0 1 1 1 0 0 1 0 0
geno chr9.6623091 tsi  0 0 0 1 0 0 1 0 0 1 0 0 0 0 2 0 1 0 0 0 0 1 0 1 0 1 0 1 1 1 0 0 0 1 0 0 0 0 1 1 1 1 1 2 0 0 2 0 1 0 0 0 1 0 0 2 0 1 0 0 0 1 0 1 1 0 0 1 1 1 0 2 0 1 0 0 1 1 0 1 0 2 0 1 0 1 1 1 0 0 0 1
geno chr9.6623091 yri  1 0 1 0 0 0 1 0 1 0 1 0 2 1 1 2 0 0 2 0 1 0 1 0 1 1 1 1 0 0 1 1 2 0 0 0 0 0 1 0 1 0 1 1 2 2 1 0 0 1 1 2 1 1 0 0 2 0 1 1 0 1 2 0 1 2 1 1 1 1 0 0 1 1 2 0 0
geno chr9.6623116 ceu  0 0 0 0 0 0 0 0 0 0 0 0 0 0 0 0 0 1 0 0 0 0 0 0 1 0 0 0 0 0 0 0 0 0 0 0 2 0 0 0 0 0 1 0 0 0 0 0 0 0 0 0 1 0 0 1 0 0 0 0 0 0 1 0 0 0 0 0 0 0 0 0 0 0 0 0 0 0
geno chr9.6623116 fin  0 0 2 0 0 0 0 0 0 0 0 1 0 0 0 0 0 1 0 0 0 0 0 0 0 0 1 0 0 0 0 0 0 0 0 0 0 0 0 1 0 0 0 0 1 1 0 0 0 1 0 1 0 0 0 1 0 0 0 1 0 0 0 0 0 0 1 0 0 0 0 0 0 0 0 0 0 0 1 0 1 0 1 1 0 0 0 0 1
geno chr9.6623116 gbr  0 0 0 0 0 0 1 0 0 1 0 0 0 0 0 0 0 0 0 0 1 1 1 1 0 0 0 0 0 1 0 0 0 0 0 0 0 0 0 0 0 0 0 0 0 0 0 0 1 0 0 0 1 0 0 1 1 0 0 0 0 0 0 0 0 0 0 1 0 0 0 0 0 0 0 0 0 0 1 0 0 0 0 0
geno chr9.6623116 tsi  0 0 0 0 0 0 0 0 0 0 0 0 0 0 0 1 0 0 0 0 0 0 0 0 0 0 0 0 0 0 0 0 0 0 0 0 0 0 0 0 0 0 1 0 0 0 0 0 0 0 0 0 0 0 1 0 0 0 0 0 0 0 0 0 0 0 0 0 0 0 0 0 0 0 0 0 0 0 0 1 0 0 0 1 0 0 1 0 0 0 0 0
geno chr9.6623116 yri  0 1 0 1 0 0 1 0 0 0 0 1 0 1 2 1 0 1 0 0 0 0 1 0 0 1 0 0 0 0 0 0 1 0 1 0 0 0 0 0 0 0 1 0 1 0 0 0 0 1 0 0 0 0 0 0 0 0 1 0 1 1 2 0 0 1 0 1 0 0 0 1 1 0 1 0 0
geno chr9.6623401 ceu  0 0 0 0 0 0 0 1 0 0 0 1 0 0 0 0 0 0 0 0 0 0 0 0 0 0 0 0 0 0 0 0 0 0 0 0 0 0 0 0 0 0 0 0 0 0 0 0 0 0 0 0 0 0 0 0 0 0 0 0 0 0 0 0 0 0 0 0 0 0 0 0 0 0 0 0 0 0
geno chr9.6623401 fin  0 0 0 0 0 0 0 0 0 0 0 0 0 0 0 0 0 0 0 0 0 0 0 0 0 0 0 0 0 0 0 0 0 0 0 0 0 0 0 0 0 0 0 0 0 0 0 0 0 0 0 0 0 0 0 0 0 0 0 0 0 0 0 0 0 0 0 0 1 0 0 0 0 0 0 0 0 0 0 0 0 0 0 0 0 0 1 0 0
geno chr9.6623401 gbr  0 0 0 0 0 0 0 0 0 0 0 0 0 0 0 0 0 0 0 0 0 0 0 0 0 0 0 0 0 0 0 0 0 0 0 0 0 0 0 0 0 0 0 0 0 0 0 0 0 0 0 0 0 0 0 0 0 0 0 1 0 0 0 0 0 0 0 0 0 1 0 1 0 0 0 0 0 0 0 0 0 0 0 0
geno chr9.6623401 tsi  0 0 0 0 0 0 0 0 0 0 0 0 0 0 0 0 0 0 0 0 0 0 0 0 0 1 0 0 0 0 0 0 0 0 0 0 0 0 0 0 0 0 0 0 0 0 1 0 0 0 0 0 0 0 0 0 0 0 0 0 0 0 0 0 0 0 0 0 0 0 0 0 0 1 0 0 0 0 0 0 0 0 0 0 0 0 0 0 0 0 0 0
geno chr9.6623401 yri  1 0 0 0 0 0 0 1 0 1 0 1 0 1 0 0 0 0 0 0 0 0 0 1 0 0 0 0 1 0 0 1 0 0 0 0 1 1 0 1 0 0 0 0 0 0 0 0 0 0 0 0 1 0 0 0 0 0 0 0 0 0 0 1 0 0 0 0 0 0 0 1 1 0 1 0 1
geno chr9.6623568 ceu  0 0 0 0 0 0 0 0 0 0 0 0 0 0 0 1 0 1 0 0 0 0 1 1 1 0 0 2 1 0 1 0 0 0 0 0 0 0 1 0 0 0 0 0 0 1 0 0 0 0 0 0 0 0 0 1 0 0 0 0 1 0 1 0 1 1 1 0 0 0 1 1 0 0 0 0 0 0
geno chr9.6623568 fin  0 0 2 0 1 0 0 1 0 0 1 0 0 0 0 1 0 0 0 0 0 1 0 1 0 1 1 0 0 0 0 0 0 1 0 0 0 0 0 1 0 0 0 1 1 0 1 0 1 1 0 2 0 0 0 1 0 0 0 1 0 0 0 0 0 0 1 0 0 1 0 0 0 0 1 0 0 1 1 0 0 0 0 1 2 0 0 0 1
geno chr9.6623568 gbr  1 1 1 0 0 0 0 0 0 0 0 0 1 0 0 0 1 0 0 0 1 1 0 1 0 0 0 1 0 1 0 0 0 0 1 0 1 0 0 1 0 0 0 0 0 1 0 0 0 0 1 0 0 0 0 1 0 0 1 0 1 1 0 0 0 0 0 1 0 0 1 0 0 0 0 0 0 0 0 0 0 0 0 0
geno chr9.6623568 tsi  0 0 0 0 0 0 0 0 1 0 0 1 0 1 1 1 0 0 1 0 0 0 0 0 0 0 0 0 1 0 2 1 0 0 0 0 0 0 0 0 0 0 0 0 1 1 0 0 0 0 0 0 0 0 0 0 0 1 0 0 0 1 0 0 0 1 0 0 0 2 0 0 0 0 0 0 0 0 0 0 0 0 0 0 0 0 0 0 0 0 0 0
geno chr9.6623568 yri  1 0 1 1 0 1 0 0 1 0 0 1 1 1 1 1 0 2 0 0 0 1 0 0 1 0 1 0 0 1 1 0 0 1 1 1 0 1 0 0 1 0 0 1 0 0 0 2 1 1 1 0 0 0 0 1 1 1 0 1 2 1 0 0 1 1 0 1 1 2 1 0 0 1 1 1 0
geno chr9.6623781 ceu  0 0 0 0 0 0 0 0 0 0 0 0 0 0 0 0 0 0 0 0 0 0 0 0 0 0 0 0 0 0 0 0 0 0 0 0 0 0 0 0 0 0 0 0 0 0 0 0 0 0 0 0 0 0 0 0 0 0 0 0 0 0 0 0 0 0 0 0 0 0 0 0 0 0 0 0 0 0
geno chr9.6623781 fin  0 0 0 0 0 0 0 0 0 0 0 0 0 0 0 0 0 0 0 0 0 0 0 0 0 0 0 0 0 0 0 0 0 0 0 0 0 0 0 0 0 0 0 0 0 0 0 0 0 0 0 0 0 0 0 0 0 0 0 0 0 0 0 0 0 0 0 0 0 0 0 0 0 0 0 0 0 0 0 0 0 0 0 0 0 0 0 0 0
geno chr9.6623781 gbr  0 0 0 0 0 0 0 0 0 0 0 0 0 0 0 0 0 0 0 0 0 0 0 0 0 0 0 0 0 0 0 0 0 0 0 0 0 0 0 0 0 0 0 0 0 0 0 0 0 0 0 0 0 0 0 0 0 0 0 0 0 0 0 0 0 0 0 0 0 0 0 0 0 0 0 0 0 0 0 0 0 0 0 0
geno chr9.6623781 tsi  0 0 0 0 0 0 0 0 0 0 0 0 0 0 0 0 0 0 0 0 0 0 0 0 0 0 0 0 0 0 0 0 0 0 0 0 0 0 0 0 0 0 0 0 0 0 0 0 0 0 0 0 0 0 0 0 0 0 0 0 0 0 0 0 0 0 0 0 0 0 0 0 0 0 0 0 0 0 0 0 0 0 0 0 0 0 0 0 0 0 0 0
geno chr9.6623781 yri  0 1 0 0 0 0 1 0 0 1 0 0 0 0 0 1 0 0 0 2 0 0 1 1 0 1 1 0 1 0 0 1 1 0 0 0 1 0 1 1 1 0 2 0 0 1 1 0 0 0 1 0 0 0 0 0 0 0 0 0 0 0 2 0 0 1 1 1 0 0 0 1 1 0 0 0 0
geno chr9.6623801 ceu  0 0 0 0 0 0 0 0 0 0 0 0 0 0 0 0 0 0 0 0 0 0 0 0 0 0 0 0 0 0 0 0 0 0 0 0 0 0 0 0 0 0 0 0 0 0 0 0 0 0 0 0 0 0 0 0 0 0 0 0 0 0 0 0 0 0 0 0 0 0 0 0 0 0 0 0 0 0
geno chr9.6623801 fin  0 0 0 0 0 0 0 0 0 0 0 0 0 0 0 0 0 0 0 0 0 0 0 0 0 0 0 0 0 0 0 0 0 0 0 0 0 0 0 0 0 0 0 0 0 0 0 0 0 0 0 0 0 0 0 0 0 0 0 0 0 0 0 0 0 0 0 0 0 0 0 0 0 0 0 0 0 0 0 0 0 0 0 0 0 0 0 0 0
geno chr9.6623801 gbr  0 0 0 0 0 0 0 0 0 0 0 0 0 0 0 0 0 0 0 0 0 0 0 0 0 0 0 0 0 0 0 0 0 0 0 0 0 0 0 0 0 0 0 0 0 0 0 0 0 0 0 0 0 0 0 0 0 0 0 0 0 0 0 0 0 0 0 0 0 0 0 0 0 0 0 0 0 0 0 0 0 0 0 0
geno chr9.6623801 tsi  0 0 0 0 0 0 0 0 0 0 0 0 0 0 0 0 0 0 0 0 0 0 0 0 0 0 0 0 0 0 0 0 0 0 0 0 0 0 0 0 0 0 0 0 0 0 0 0 0 0 0 0 0 0 0 0 0 0 0 0 0 0 0 0 0 0 0 0 0 0 0 0 0 0 0 0 0 0 0 0 0 0 0 0 0 0 0 0 0 0 0 0
geno chr9.6623801 yri  0 1 0 0 0 0 1 0 0 1 0 0 0 0 0 1 0 0 0 2 0 0 1 1 0 1 1 0 1 0 0 1 1 0 0 0 1 0 1 1 1 0 2 0 0 1 1 0 0 0 1 0 0 0 0 0 0 0 0 0 0 0 2 0 0 1 1 1 0 0 0 1 1 0 0 0 0
geno chr9.6623931 ceu  0 0 0 0 0 0 0 0 0 0 0 0 0 1 0 1 0 1 0 0 0 0 1 1 1 0 0 2 1 0 1 0 0 0 0 0 0 0 1 0 0 0 0 0 0 1 0 0 0 0 0 0 0 0 0 1 0 0 0 0 1 0 1 0 1 1 1 0 0 0 1 1 0 0 1 0 0 0
geno chr9.6623931 fin  0 0 2 0 1 0 0 1 0 0 1 0 0 0 0 1 0 0 0 0 0 1 0 1 0 1 1 0 0 0 0 0 0 1 0 0 0 0 0 1 0 0 0 1 1 0 1 0 1 1 0 2 0 0 0 1 0 0 0 1 0 0 0 0 0 0 1 0 0 1 0 0 0 0 0 0 0 1 1 0 0 0 0 1 2 0 0 0 1
geno chr9.6623931 gbr  1 1 1 0 0 0 0 0 0 0 0 0 1 0 0 0 1 0 0 0 1 1 0 1 0 0 0 1 0 1 0 0 0 0 1 0 0 0 0 1 0 0 0 0 0 1 0 0 0 0 1 0 0 0 0 1 0 0 1 0 1 1 0 0 0 0 0 1 0 0 1 0 0 0 0 0 0 0 0 0 0 0 0 0
geno chr9.6623931 tsi  0 0 0 0 0 0 0 0 1 0 0 1 0 1 1 1 0 0 1 0 0 0 0 0 1 0 0 0 1 0 2 1 1 0 0 0 0 0 0 0 0 0 0 0 1 1 0 0 0 0 0 0 0 0 0 0 0 1 0 0 0 1 0 0 0 1 0 0 0 2 0 0 0 0 0 0 0 0 0 0 0 0 0 0 0 0 0 0 0 0 0 0
geno chr9.6623931 yri  1 0 1 1 0 1 0 0 1 0 0 1 1 1 1 1 0 2 0 0 0 1 0 0 1 0 1 0 0 1 1 0 0 1 1 1 0 1 0 0 1 1 0 1 0 0 0 2 1 1 1 0 0 0 0 1 1 1 0 1 2 1 0 0 1 1 0 1 1 2 1 0 0 1 1 1 0
geno chr9.6624131 ceu  0 0 0 0 1 0 0 0 0 1 0 0 0 1 0 1 0 1 0 0 0 0 1 1 1 0 0 2 1 0 1 1 1 0 1 1 0 0 2 0 0 0 0 1 0 1 0 0 0 1 0 0 0 0 1 1 0 2 0 0 2 0 2 0 1 1 1 1 0 1 1 1 1 0 1 1 0 0
geno chr9.6624131 fin  1 0 2 0 1 0 1 1 0 0 1 0 0 0 0 1 0 0 1 0 0 1 0 1 0 1 1 0 0 0 0 0 0 1 0 1 0 0 0 1 0 1 0 1 1 0 1 0 1 1 1 2 0 0 0 1 1 0 0 1 0 0 1 0 1 1 1 0 0 1 0 0 0 0 0 0 1 1 1 0 0 1 0 1 2 0 0 0 2
geno chr9.6624131 gbr  1 1 2 1 0 0 0 1 0 0 0 0 1 0 0 0 1 0 0 0 1 1 0 1 1 0 0 2 0 2 0 1 1 1 2 1 0 1 1 1 0 0 0 0 0 1 0 0 0 0 1 0 0 1 0 1 0 0 1 1 1 2 1 0 1 0 0 1 1 0 1 0 0 1 0 0 1 1 0 0 0 0 0 2
geno chr9.6624131 tsi  0 1 1 0 0 2 0 0 1 1 1 1 1 1 1 1 0 1 1 0 2 0 0 0 1 0 0 0 1 0 2 1 2 0 0 1 1 0 0 0 1 0 0 0 1 2 0 0 0 1 0 0 1 1 0 0 0 2 0 0 1 1 0 1 1 1 0 0 1 2 1 1 1 0 1 0 0 0 0 0 0 0 1 0 0 0 0 0 0 1 1 0
geno chr9.6624131 yri  1 0 1 2 0 2 0 0 2 0 1 1 1 1 1 1 0 2 1 0 2 1 0 0 1 0 1 1 0 1 1 0 1 2 1 1 0 1 0 0 1 1 0 1 0 0 0 2 1 1 1 1 0 0 0 2 1 2 0 1 2 1 0 0 1 1 1 1 1 2 1 0 0 1 1 2 0
geno chr9.6624259 ceu  0 0 0 0 1 0 0 0 0 1 0 0 0 1 0 1 0 1 0 0 0 0 1 1 1 0 0 2 1 0 1 1 1 0 1 1 0 0 2 0 0 0 0 1 0 1 0 0 0 1 0 0 0 0 1 1 0 2 0 0 2 0 2 0 1 1 1 1 0 1 1 1 1 0 1 1 0 0
geno chr9.6624259 fin  1 0 2 0 1 0 1 1 0 0 1 0 0 1 0 1 0 0 1 0 0 1 0 1 0 1 1 0 0 0 0 0 0 1 0 1 0 0 0 1 0 1 0 1 1 0 1 0 1 1 1 2 0 0 0 1 1 0 0 1 0 0 1 0 1 1 1 0 0 1 0 0 0 0 0 0 1 1 1 0 0 2 0 1 2 0 0 0 2
geno chr9.6624259 gbr  1 1 2 1 0 0 0 1 0 0 0 0 1 0 0 0 1 0 0 0 1 1 0 1 1 0 0 2 0 2 0 1 1 1 2 1 0 1 1 1 0 0 0 0 0 1 0 0 0 0 1 0 0 1 0 1 0 0 1 1 1 2 1 0 1 0 0 1 1 0 1 0 0 1 0 0 1 1 0 0 0 0 0 2
geno chr9.6624259 tsi  0 1 1 0 0 2 0 0 1 1 1 1 1 1 1 1 0 1 1 0 2 0 0 0 1 0 0 0 1 0 2 1 2 0 0 1 1 0 0 0 1 0 0 0 1 2 0 0 0 1 0 0 1 1 0 0 0 2 0 0 1 1 0 1 1 1 0 0 1 2 1 1 1 0 1 0 0 0 0 0 0 0 1 0 0 0 0 0 0 1 1 0
geno chr9.6624259 yri  1 0 1 2 0 2 0 0 2 0 1 1 1 1 1 1 0 2 1 0 2 1 0 0 1 0 1 1 0 1 1 0 1 2 1 1 0 1 0 0 1 1 0 1 0 0 0 2 1 1 1 1 0 0 0 2 1 2 0 1 2 1 0 0 1 1 1 1 1 2 1 0 0 1 1 2 0
geno chr9.6624376 ceu  0 0 0 0 0 0 0 0 0 0 0 0 0 1 0 1 0 1 0 0 0 0 1 1 1 0 0 2 1 0 1 0 0 0 0 0 0 0 1 0 0 0 0 0 0 1 0 0 0 0 0 0 0 0 0 1 0 0 0 0 1 0 1 0 1 1 1 0 0 0 1 1 0 0 1 0 0 0
geno chr9.6624376 fin  0 0 2 0 1 0 0 1 0 0 1 0 0 0 0 1 0 0 0 0 0 1 0 1 0 1 1 0 0 0 0 0 0 1 0 0 0 0 0 1 0 0 0 1 1 0 1 0 1 1 0 2 0 0 0 1 0 0 0 1 0 0 0 0 0 0 1 0 0 1 0 0 0 0 0 0 0 1 1 0 0 0 0 1 2 0 0 0 1
geno chr9.6624376 gbr  1 1 1 0 0 0 0 0 0 0 0 0 1 0 0 0 1 0 0 0 1 1 0 1 0 0 0 1 0 1 0 0 0 0 1 0 0 0 0 1 0 0 0 0 0 1 0 0 0 0 1 0 0 0 0 1 0 0 1 0 1 1 0 0 0 0 0 1 0 0 1 0 0 0 0 0 0 0 0 0 0 0 0 0
geno chr9.6624376 tsi  0 0 0 0 0 0 0 0 1 0 0 1 0 1 1 1 0 0 1 0 0 0 0 0 1 0 0 0 1 0 2 1 1 0 0 0 0 0 0 0 0 0 0 0 1 1 0 0 0 0 0 0 0 0 0 0 0 1 0 0 0 0 0 0 0 1 0 0 0 2 0 0 0 0 0 0 0 0 0 0 0 0 0 0 0 0 0 0 0 0 0 0
geno chr9.6624376 yri  1 0 0 0 0 0 0 0 1 0 0 0 1 1 0 0 0 0 0 0 0 1 0 0 0 0 1 1 0 0 0 0 0 0 0 0 0 1 0 0 0 1 0 1 0 0 0 1 0 0 1 0 0 0 0 0 1 1 0 0 0 0 0 0 1 1 0 0 1 2 0 0 0 1 1 1 0
geno chr9.6624484 ceu  0 1 1 1 1 1 0 1 1 1 0 1 0 1 1 1 1 1 1 1 0 0 2 1 1 1 0 2 1 0 1 1 1 1 1 2 2 1 2 1 0 0 2 1 1 1 0 0 0 1 0 1 2 1 2 1 1 2 0 0 2 1 2 0 1 1 2 1 0 1 1 2 1 1 1 1 0 1
geno chr9.6624484 fin  1 0 2 2 1 1 1 1 0 1 1 1 0 1 1 1 0 1 1 1 0 1 0 1 1 1 1 1 2 0 0 1 0 2 0 2 0 1 1 2 0 1 1 1 1 1 1 1 1 2 1 2 1 1 2 1 1 0 2 1 0 1 1 1 1 1 2 1 1 2 0 1 0 1 0 0 2 1 1 0 1 1 2 2 2 1 1 1 2
geno chr9.6624484 gbr  1 1 2 2 0 1 1 1 0 2 0 2 2 1 1 1 1 0 1 0 2 2 1 1 1 1 0 2 1 2 0 1 1 1 2 1 0 1 1 1 1 0 1 1 1 1 0 0 2 0 2 1 2 1 1 2 2 0 1 2 2 2 1 1 1 0 1 1 1 1 2 1 0 1 1 0 2 2 1 0 0 1 0 2
geno chr9.6624484 tsi  0 1 1 1 0 2 1 0 1 2 1 1 1 1 2 1 1 1 1 0 2 1 0 1 1 1 0 1 2 1 2 1 2 1 0 1 1 0 2 1 1 1 1 2 1 2 2 0 1 1 1 0 2 1 1 2 1 2 1 0 1 2 0 2 2 1 0 1 2 2 1 2 1 1 1 0 1 1 0 1 0 2 1 1 0 1 2 1 0 1 1 1
geno chr9.6624484 yri  2 2 1 2 2 2 1 2 2 2 2 2 2 2 2 2 1 2 2 2 2 2 1 2 2 2 2 2 2 2 2 2 2 2 2 2 2 2 2 2 2 2 2 2 2 2 2 2 2 2 2 2 2 2 2 2 2 2 2 2 2 2 2 2 2 2 2 2 2 2 2 2 2 2 2 2 2
geno chr9.6624541 ceu  0 0 0 0 1 0 0 0 0 1 0 0 0 1 0 1 0 1 0 0 0 0 1 1 1 0 0 2 1 0 1 1 1 0 1 1 0 0 2 0 0 0 0 1 0 1 0 0 0 1 0 0 0 0 1 1 0 2 0 0 2 0 2 0 1 1 1 1 0 1 1 1 1 0 1 1 0 0
geno chr9.6624541 fin  1 0 2 0 1 0 1 1 0 0 1 0 0 0 0 1 0 0 1 0 0 1 0 1 0 1 1 0 0 0 0 0 0 1 0 1 0 0 0 1 0 1 0 1 1 0 1 0 1 1 1 2 0 0 0 1 1 0 0 1 0 0 1 0 1 1 1 0 0 1 0 0 0 0 0 0 1 1 1 0 0 1 0 1 2 0 0 0 2
geno chr9.6624541 gbr  1 1 2 1 0 0 0 1 0 0 0 0 1 0 0 0 1 0 0 0 1 1 0 1 1 0 0 2 0 2 0 1 1 1 2 1 0 1 1 1 0 0 0 0 0 1 0 0 0 0 1 0 0 1 0 1 0 0 1 1 1 2 1 0 1 0 0 1 1 0 1 0 0 1 0 0 1 1 0 0 0 0 0 2
geno chr9.6624541 tsi  0 1 1 0 0 2 0 0 1 1 1 1 1 1 1 1 0 1 1 0 2 0 0 0 1 0 0 0 1 0 2 1 2 0 0 1 1 0 0 0 1 0 0 0 1 2 0 0 0 1 0 0 1 1 0 0 0 2 0 0 1 1 0 1 1 1 0 0 1 2 1 1 1 0 1 0 0 0 0 0 0 0 1 0 0 0 0 0 0 1 1 0
geno chr9.6624541 yri  1 0 1 2 0 2 0 0 2 0 1 1 1 1 1 1 0 2 1 0 2 1 0 0 1 0 1 1 0 1 1 0 1 2 1 1 0 1 0 0 1 1 0 1 0 0 0 2 1 1 1 1 0 0 0 2 1 2 0 1 2 1 0 0 1 1 1 1 1 2 1 0 0 1 1 2 0
geno chr9.6624752 ceu  0 0 0 0 1 0 0 0 0 1 0 0 0 1 0 1 0 1 0 0 0 0 1 1 1 0 0 2 1 0 1 1 1 0 1 1 2 0 2 0 0 0 1 1 0 1 0 0 0 1 0 0 1 0 1 1 0 2 0 0 2 0 2 0 1 1 1 1 0 1 1 1 1 1 1 1 0 0
geno chr9.6624752 fin  1 0 2 1 1 0 1 1 0 0 1 1 0 1 0 1 0 1 1 0 0 1 0 1 0 1 1 0 0 0 0 0 0 1 0 1 0 0 0 2 0 1 0 1 1 1 1 0 1 1 1 2 0 0 0 1 1 0 0 1 0 0 1 0 1 1 1 0 0 1 0 0 0 0 0 0 1 1 1 0 1 2 1 1 2 0 0 0 2
geno chr9.6624752 gbr  1 1 2 1 0 0 1 1 0 0 0 0 1 0 0 0 1 0 0 0 2 2 1 1 1 0 0 2 0 2 0 1 1 1 2 1 0 1 1 1 0 0 0 0 0 1 0 0 1 0 1 0 1 1 0 1 1 0 1 1 1 2 1 0 1 0 1 1 1 0 1 0 0 1 1 0 1 1 1 0 0 0 0 2
geno chr9.6624752 tsi  0 1 1 0 0 2 0 0 1 1 1 1 1 1 1 1 0 1 1 0 2 0 0 0 1 0 0 0 1 0 2 1 2 0 0 1 1 0 0 0 1 0 1 0 1 2 0 0 0 1 0 0 1 1 1 0 0 2 0 0 1 1 0 1 1 1 0 0 1 2 1 1 1 0 1 0 0 0 0 0 0 0 1 1 0 0 1 0 0 1 1 0
geno chr9.6624752 yri  2 1 1 1 0 2 1 0 2 1 2 2 1 1 1 2 0 2 1 1 2 2 1 2 2 1 2 1 2 1 1 1 1 2 1 1 2 1 0 2 2 0 2 1 1 2 1 2 1 1 2 2 0 0 0 2 1 1 0 1 2 1 2 0 1 2 2 2 1 2 1 1 1 1 1 2 1
geno chr9.6624817 ceu  0 0 0 0 1 0 0 0 0 1 0 0 0 1 0 1 0 1 0 0 0 0 1 1 1 0 0 2 1 0 1 1 1 0 1 1 0 0 2 0 0 0 0 1 0 1 0 0 0 1 0 0 0 0 1 1 0 2 0 0 2 0 2 0 1 1 1 1 0 1 1 1 1 0 1 1 0 0
geno chr9.6624817 fin  1 0 2 0 1 0 1 1 0 0 1 0 0 1 0 1 0 0 1 0 0 1 0 1 0 1 1 0 0 0 0 0 0 1 0 1 0 0 0 1 0 1 0 1 1 0 1 0 1 1 1 2 0 0 0 1 1 0 0 1 0 0 1 0 1 1 1 0 0 1 0 0 0 0 0 0 1 1 1 0 0 2 0 1 2 0 0 0 2
geno chr9.6624817 gbr  1 1 2 1 0 0 0 1 0 0 0 0 1 0 0 0 1 0 0 0 1 1 0 1 1 0 0 2 0 2 0 1 1 1 2 1 0 1 1 1 0 0 0 0 0 1 0 0 0 0 1 0 0 1 0 1 0 0 1 1 1 2 1 0 1 0 0 0 1 0 1 0 0 1 0 0 1 1 0 0 0 0 0 2
geno chr9.6624817 tsi  0 1 1 0 0 2 0 0 1 1 1 1 1 1 1 1 0 1 1 0 2 0 0 0 1 0 0 0 1 0 2 1 2 0 0 1 1 0 0 0 1 0 0 0 1 2 0 0 0 1 0 0 1 1 0 0 0 2 0 0 1 1 0 1 1 1 0 0 1 2 1 1 1 0 1 0 0 0 0 0 0 0 1 0 0 0 0 0 0 1 1 0
geno chr9.6624817 yri  1 0 1 2 0 2 0 0 2 0 1 1 1 1 1 1 0 2 1 0 2 1 0 0 1 0 1 1 0 1 1 0 1 2 1 1 0 1 0 0 1 1 0 1 0 0 0 2 1 1 1 1 0 0 0 2 1 2 0 1 2 1 0 0 1 1 1 1 1 2 1 0 0 1 1 2 1
geno chr9.6624924 ceu  0 0 0 0 1 0 0 0 0 1 0 0 0 1 0 1 0 1 0 0 0 0 1 1 1 0 0 2 1 0 1 1 1 0 1 1 2 0 2 0 0 0 1 1 0 1 0 0 0 1 0 0 1 0 1 1 0 2 0 0 2 0 2 0 1 1 1 1 0 1 1 1 1 1 1 1 0 0
geno chr9.6624924 fin  1 0 2 1 1 0 1 1 0 1 1 1 0 1 0 1 0 1 1 0 0 1 0 1 0 1 1 0 0 0 0 0 0 1 0 1 0 0 0 2 0 1 0 1 1 1 1 1 1 1 1 2 0 0 0 1 1 0 0 1 0 0 1 0 1 1 1 0 0 1 0 0 0 0 0 0 1 1 1 0 1 2 1 1 2 0 0 0 2
geno chr9.6624924 gbr  1 1 2 1 0 0 1 1 0 0 0 0 1 0 0 0 1 0 0 0 2 2 1 1 1 0 0 2 0 2 0 1 1 1 2 1 0 1 1 1 0 0 0 0 0 1 0 0 1 0 1 0 1 1 0 1 1 0 1 1 1 2 1 0 1 0 1 1 1 0 1 0 0 1 1 0 1 1 1 0 0 0 0 2
geno chr9.6624924 tsi  0 1 1 0 0 2 0 0 1 1 1 1 1 1 1 1 0 1 1 0 2 0 0 0 1 0 0 0 1 0 2 1 2 0 0 1 1 0 0 0 1 0 1 0 1 2 0 0 0 1 0 0 1 1 1 0 0 2 0 0 1 1 0 1 1 1 0 0 1 2 1 1 1 0 1 0 0 0 0 0 0 0 1 1 0 0 1 0 0 1 1 0
geno chr9.6624924 yri  1 1 1 2 0 2 1 0 2 1 2 1 1 1 1 2 0 2 1 2 2 1 1 1 2 1 2 1 1 1 1 1 2 2 1 1 1 1 1 1 2 1 2 1 1 2 1 2 1 1 2 1 0 0 0 2 1 2 0 1 2 1 2 0 1 2 2 2 1 2 1 1 1 1 1 2 1
geno chr9.6624974 ceu  0 0 0 0 1 0 0 0 0 1 0 0 0 1 0 1 0 1 0 0 0 0 1 1 1 0 0 2 1 0 1 1 1 0 1 1 0 0 2 0 0 0 0 1 0 1 0 0 0 1 0 0 0 0 1 1 0 2 0 0 2 0 2 0 1 1 1 1 0 1 1 1 1 0 1 1 0 0
geno chr9.6624974 fin  1 0 2 0 1 0 1 1 0 0 1 0 0 1 0 1 0 0 1 0 0 1 0 1 0 1 1 0 0 0 0 0 0 1 0 1 0 0 0 1 0 1 0 1 1 0 1 0 1 1 1 2 0 0 0 1 1 0 0 1 0 0 1 0 1 1 1 0 0 1 0 0 0 0 0 0 1 1 1 0 0 2 0 1 2 0 0 0 2
geno chr9.6624974 gbr  1 1 2 1 0 0 0 1 0 0 0 0 1 0 0 0 1 0 0 0 1 1 0 1 1 0 0 2 0 2 0 1 1 1 2 1 0 1 1 1 0 0 0 0 0 1 0 0 0 0 1 0 0 1 0 1 0 0 1 1 1 2 1 0 1 0 0 1 1 0 1 0 0 1 0 0 1 1 0 0 0 0 0 2
geno chr9.6624974 tsi  0 1 1 0 0 2 0 0 1 1 1 1 1 1 1 1 0 1 1 0 2 0 0 0 1 0 0 0 1 0 2 1 2 0 0 1 1 0 0 0 1 0 0 0 1 2 0 0 0 1 0 0 1 1 0 0 0 2 0 0 1 1 0 1 1 1 0 0 1 2 1 1 1 0 1 0 0 0 0 0 0 0 1 0 0 0 0 0 0 1 1 0
geno chr9.6624974 yri  1 0 1 2 0 2 0 0 2 0 1 1 1 1 1 1 0 2 1 0 2 1 0 0 1 0 1 1 0 1 1 0 1 2 1 2 0 1 0 0 1 1 0 1 0 0 0 2 1 1 1 1 0 0 1 2 1 2 0 1 2 1 0 0 1 1 1 1 1 2 2 0 0 1 1 2 1
geno chr9.6625157 ceu  0 0 0 0 0 0 0 0 0 0 0 0 0 1 0 1 0 1 0 0 0 0 1 1 1 0 0 2 1 0 1 0 0 0 0 0 0 0 1 0 0 0 0 0 0 1 0 0 0 0 0 0 0 0 0 1 0 0 0 0 1 0 1 0 1 1 1 0 0 0 1 1 0 0 1 0 0 0
geno chr9.6625157 fin  0 0 2 0 1 0 0 1 0 0 1 0 0 0 0 1 0 0 0 0 0 1 0 1 0 1 1 0 0 0 0 0 0 1 0 0 0 0 0 1 0 0 0 1 1 0 1 0 1 1 0 2 0 0 0 1 0 0 0 1 0 0 0 0 0 0 1 0 0 1 0 0 0 0 0 0 0 1 1 0 0 0 0 1 2 0 0 0 1
geno chr9.6625157 gbr  1 1 1 0 0 0 0 0 0 0 0 0 1 0 0 0 1 0 0 0 1 1 0 1 0 0 0 1 0 1 0 0 0 0 1 0 0 0 0 1 0 0 0 0 0 1 0 0 0 0 1 0 0 0 0 1 0 0 1 0 1 1 0 0 0 0 0 1 0 0 1 0 0 0 0 0 0 0 0 0 0 0 0 0
geno chr9.6625157 tsi  0 0 0 0 0 0 0 0 1 0 0 1 0 1 1 1 0 0 1 0 0 0 0 0 1 0 0 0 1 0 2 1 1 0 0 0 0 0 0 0 0 0 0 0 1 1 0 0 0 0 0 0 0 0 0 0 0 1 0 0 0 1 0 0 0 1 0 0 0 2 0 0 0 0 0 0 0 0 0 0 0 0 0 0 0 0 0 0 0 0 0 0
geno chr9.6625157 yri  1 0 1 1 0 1 0 0 1 0 0 1 1 1 1 1 0 2 0 0 0 1 0 0 1 0 1 1 0 1 1 0 0 1 1 1 0 1 0 0 1 1 0 1 0 0 0 2 1 1 1 0 0 0 0 1 1 1 0 1 2 1 0 0 1 1 0 1 1 2 1 0 0 1 1 1 0
geno chr9.6625272 ceu  0 0 0 0 0 0 0 0 0 0 0 0 0 1 0 1 0 1 0 0 0 0 1 1 1 0 0 2 1 0 1 0 0 0 0 0 0 0 1 0 0 0 0 0 0 1 0 0 0 0 0 0 0 0 0 1 0 0 0 0 1 0 1 0 1 1 1 0 0 0 1 1 0 0 1 0 0 0
geno chr9.6625272 fin  0 0 2 0 1 0 0 1 0 0 1 0 0 0 0 1 0 0 0 0 0 1 0 1 0 1 1 0 0 0 0 0 0 1 0 0 0 0 0 1 0 0 0 1 1 0 1 0 1 1 0 2 0 0 0 1 0 0 0 1 0 0 0 0 0 0 1 0 0 1 0 0 0 0 0 0 0 1 1 0 0 0 0 1 2 0 0 0 1
geno chr9.6625272 gbr  1 1 1 0 0 0 0 0 0 0 0 0 1 0 0 0 1 0 0 0 1 1 0 1 0 0 0 1 0 1 0 0 0 0 1 0 0 0 0 1 0 0 0 0 0 1 0 0 0 0 1 0 0 0 0 1 0 0 1 0 1 1 0 0 0 0 0 1 0 0 1 0 0 0 0 0 0 0 0 0 0 0 0 0
geno chr9.6625272 tsi  0 0 0 0 0 0 0 0 1 0 0 1 0 1 1 1 0 0 1 0 0 0 0 0 1 0 0 0 1 0 2 1 1 0 0 0 0 0 0 0 0 0 0 0 1 1 0 0 0 0 0 0 0 0 0 0 0 1 0 0 0 1 0 0 0 1 0 0 0 2 0 0 0 0 0 0 0 0 0 0 0 0 0 0 0 0 0 0 0 0 0 0
geno chr9.6625272 yri  1 0 1 1 0 1 0 0 1 1 0 1 1 1 1 1 0 2 0 0 0 1 0 0 1 0 1 1 0 1 1 0 0 1 1 1 0 1 0 1 1 1 1 1 0 0 0 2 1 1 1 0 0 0 0 1 1 1 0 1 2 1 0 0 1 1 0 1 1 2 1 1 0 1 1 1 0
geno chr9.6625281 ceu  0 0 0 0 0 0 0 0 0 0 0 0 0 1 0 1 0 1 0 0 0 0 1 1 1 0 0 2 1 0 1 0 0 0 0 0 0 0 1 0 0 0 0 0 0 0 0 0 0 0 0 0 0 0 0 1 0 0 0 0 1 0 1 0 1 1 1 0 0 0 1 1 0 0 1 0 0 0
geno chr9.6625281 fin  0 0 2 0 1 0 0 1 0 0 1 0 0 0 0 1 0 0 0 0 0 1 0 1 0 1 1 0 0 0 0 0 0 1 0 0 0 0 0 1 0 0 0 1 1 0 1 0 1 1 0 2 0 0 0 1 0 0 0 1 0 0 0 0 0 0 1 0 0 1 0 0 0 0 0 0 0 1 1 0 0 0 0 1 2 0 0 0 1
geno chr9.6625281 gbr  1 1 1 0 0 0 0 0 0 0 0 0 1 0 0 0 1 0 0 0 1 1 0 1 0 0 0 1 0 1 0 0 0 0 1 0 0 0 0 1 0 0 0 0 0 1 0 0 0 0 1 0 0 0 0 1 0 0 1 0 1 1 0 0 0 0 0 1 0 0 1 0 0 0 0 0 0 0 0 0 0 0 0 0
geno chr9.6625281 tsi  0 0 0 0 0 0 0 0 1 0 0 1 0 1 1 1 0 0 1 0 0 0 0 0 1 0 0 0 1 0 2 1 1 0 0 0 0 0 0 0 0 0 0 0 1 1 0 0 0 0 0 0 0 0 0 0 0 1 0 0 0 0 0 0 0 1 0 0 0 2 0 0 0 0 0 0 0 0 0 0 0 0 0 0 0 0 0 0 0 0 0 0
geno chr9.6625281 yri  1 0 0 0 0 0 0 0 1 0 0 0 1 1 0 0 0 0 0 0 0 1 0 0 0 0 1 1 0 0 0 0 0 0 0 0 0 1 0 0 0 1 0 1 0 0 0 1 0 0 1 0 0 0 0 0 1 1 0 0 0 0 0 0 1 1 0 0 1 2 0 0 0 1 1 1 0
geno chr9.6625501 ceu  0 1 1 1 1 1 0 1 1 1 0 1 0 1 1 1 1 1 1 1 0 0 2 1 1 0 0 2 1 0 1 1 1 1 1 2 2 1 2 1 0 0 2 1 1 1 0 0 0 1 0 1 2 1 2 1 1 2 0 0 2 1 2 0 1 1 2 1 0 1 1 2 1 1 1 1 0 1
geno chr9.6625501 fin  1 0 2 2 1 1 1 1 0 1 1 1 0 2 1 1 0 1 1 1 0 1 0 1 1 1 1 1 2 0 0 1 0 2 0 2 0 1 1 2 0 1 1 1 1 1 1 1 1 2 1 2 1 1 2 1 1 0 2 1 0 0 1 1 1 1 2 1 1 2 0 1 0 1 0 0 2 1 1 0 1 2 2 2 2 1 1 1 2
geno chr9.6625501 gbr  1 1 2 2 0 1 1 1 0 2 0 2 2 1 1 1 1 0 1 0 2 2 1 1 1 1 0 2 1 2 0 1 1 1 2 1 0 1 1 1 1 0 1 1 1 1 0 0 2 0 2 1 2 1 1 2 2 0 1 2 2 2 1 1 1 0 1 1 1 1 2 1 0 1 1 0 2 2 1 0 0 1 0 2
geno chr9.6625501 tsi  0 1 1 1 0 2 1 0 1 2 1 1 1 1 2 1 1 1 1 0 2 1 0 1 1 1 0 1 2 1 2 1 2 1 0 1 1 0 2 1 1 1 1 2 1 2 2 0 1 1 1 0 2 1 1 2 0 2 1 0 1 2 0 2 2 1 0 1 2 2 1 2 1 1 1 0 1 1 0 1 0 2 1 1 0 1 2 1 0 1 1 1
geno chr9.6625501 yri  1 1 1 2 0 2 1 0 2 1 1 1 2 2 2 2 0 2 2 2 2 1 1 1 1 2 2 1 1 1 2 1 2 2 2 1 1 1 2 1 2 1 2 2 2 1 1 2 1 2 2 1 1 1 0 2 2 2 2 2 2 2 2 0 2 2 2 2 1 2 1 2 1 2 2 2 1
geno chr9.6625560 ceu  0 1 1 1 0 1 0 1 1 0 0 1 0 1 1 1 1 1 1 1 0 0 2 1 1 0 1 2 1 0 1 0 0 1 0 1 0 1 1 1 0 0 1 0 1 1 0 0 0 0 0 1 1 1 1 1 1 0 0 0 1 1 1 0 1 1 2 0 0 0 1 2 0 0 1 0 0 1
geno chr9.6625560 fin  0 0 2 1 1 1 0 1 0 0 1 0 0 1 1 1 0 0 0 1 0 1 0 1 1 1 1 1 2 0 0 1 0 2 0 1 0 1 1 1 0 0 1 1 1 0 1 0 1 2 0 2 1 1 2 1 0 0 2 1 0 0 0 1 0 0 2 1 1 2 0 1 0 1 0 0 1 1 1 0 0 0 1 2 2 1 1 1 1
geno chr9.6625560 gbr  1 1 1 1 0 1 0 0 0 2 0 2 2 1 1 1 1 0 1 0 1 1 0 1 0 1 0 1 1 1 0 0 0 0 1 0 0 0 0 1 1 0 1 1 1 1 0 0 1 0 2 1 1 0 1 2 1 0 1 1 2 1 0 1 0 0 0 1 0 1 2 1 0 0 0 0 1 1 0 0 0 1 0 0
geno chr9.6625560 tsi  0 0 0 1 0 0 1 0 1 1 0 1 0 1 2 1 1 0 1 0 0 1 0 1 1 1 0 1 2 1 2 1 1 1 0 0 0 0 2 1 0 1 0 2 1 1 2 0 1 0 1 0 1 0 0 2 0 1 1 0 0 2 0 1 1 1 0 1 1 2 0 1 0 1 0 1 1 1 0 1 0 2 0 0 0 1 1 1 0 0 0 1
geno chr9.6625560 yri  1 1 1 1 0 1 1 0 1 0 0 1 2 2 2 2 0 2 1 2 0 1 1 1 1 2 2 1 1 1 2 1 1 1 2 1 1 1 2 0 2 1 1 2 1 1 1 2 1 2 2 0 1 1 0 1 2 1 2 2 2 2 2 0 2 2 1 2 1 2 1 1 1 2 2 1 0
geno chr9.6625562 ceu  0 0 0 0 1 0 0 0 0 1 0 0 0 0 0 0 0 0 0 0 0 0 0 0 0 0 0 0 0 0 0 1 1 0 1 1 0 0 1 0 0 0 0 1 0 0 0 0 0 1 0 0 0 0 1 0 0 2 0 0 1 0 1 0 0 0 0 1 0 1 0 0 1 0 0 1 0 0
geno chr9.6625562 fin  1 0 0 0 0 0 1 0 0 0 0 0 0 1 0 0 0 0 1 0 0 0 0 0 0 0 0 0 0 0 0 0 0 0 0 1 0 0 0 0 0 1 0 0 0 0 0 0 0 0 1 0 0 0 0 0 1 0 0 0 0 0 1 0 1 1 0 0 0 0 0 0 0 0 0 0 1 0 0 0 0 2 0 0 0 0 0 0 1
geno chr9.6625562 gbr  0 0 1 1 0 0 0 1 0 0 0 0 0 0 0 0 0 0 0 0 0 0 0 0 1 0 0 1 0 1 0 1 1 1 1 1 0 1 1 0 0 0 0 0 0 0 0 0 0 0 0 0 0 1 0 0 0 0 0 1 0 1 1 0 1 0 0 0 1 0 0 0 0 1 0 0 1 1 0 0 0 0 0 2
geno chr9.6625562 tsi  0 1 1 0 0 2 0 0 0 1 1 0 1 0 0 0 0 1 0 0 2 0 0 0 0 0 0 0 0 0 0 0 1 0 0 1 1 0 0 0 1 0 0 0 0 1 0 0 0 1 0 0 1 1 0 0 0 1 0 0 1 0 0 1 1 0 0 0 1 0 1 1 1 0 1 0 0 0 0 0 0 0 1 0 0 0 0 0 0 1 1 0
geno chr9.6625562 yri  0 0 0 1 0 1 0 0 1 1 1 0 0 0 0 0 0 0 1 0 2 0 0 0 0 0 0 0 0 0 0 0 1 1 0 0 0 0 0 1 0 0 1 0 0 0 0 0 0 0 0 1 0 0 0 1 0 1 0 0 0 0 0 0 0 0 1 0 0 0 0 1 0 0 0 1 1
geno chr9.6625606 ceu  0 1 1 1 1 1 0 1 1 1 0 1 0 1 1 1 1 1 1 1 0 0 2 1 1 0 0 2 1 0 1 1 1 1 1 2 2 1 2 1 0 0 2 1 1 1 0 0 0 1 0 1 2 1 2 1 1 2 0 0 2 1 2 0 1 1 2 1 0 1 1 2 1 1 1 1 0 1
geno chr9.6625606 fin  1 0 2 2 1 1 1 1 0 1 1 1 0 2 1 1 0 1 1 1 0 1 0 1 1 1 1 1 2 0 0 1 0 2 0 2 0 1 1 2 0 1 1 1 1 1 1 1 1 2 1 2 1 1 2 1 1 0 2 1 0 0 1 1 1 1 2 1 1 2 0 1 0 1 0 0 2 1 1 0 1 2 2 2 2 1 1 1 2
geno chr9.6625606 gbr  1 1 2 2 0 1 1 1 0 2 0 2 2 1 1 1 1 0 1 0 2 2 1 1 1 1 0 2 1 2 0 1 1 1 2 1 0 1 1 1 1 0 1 1 1 1 0 0 2 0 2 1 2 1 1 2 2 0 1 2 2 2 1 1 1 0 1 1 1 1 2 1 0 1 1 0 2 2 1 0 0 1 0 2
geno chr9.6625606 tsi  0 1 1 1 0 2 1 0 1 2 1 1 1 1 2 1 1 1 1 0 2 1 0 1 1 1 0 1 2 1 2 1 2 1 0 1 1 0 2 1 1 1 1 2 1 2 2 0 1 1 1 0 2 1 1 2 0 2 1 0 1 2 0 2 2 1 0 1 2 2 1 2 1 1 1 0 1 1 0 1 0 2 1 1 0 1 2 1 0 1 1 1
geno chr9.6625606 yri  1 0 1 2 0 2 0 0 2 1 1 1 2 2 2 1 0 2 2 2 2 1 0 1 1 1 1 2 1 1 2 1 1 2 2 1 1 1 2 1 2 1 1 2 2 0 1 2 1 2 1 1 1 2 0 2 2 2 2 2 2 2 1 0 2 2 1 2 2 2 1 2 0 2 2 2 1
geno chr9.6625864 ceu  0 0 0 0 1 0 0 0 0 1 0 0 0 0 0 0 0 0 0 0 0 0 0 0 0 0 0 0 0 0 0 1 1 0 1 1 0 0 1 0 0 0 0 1 0 0 0 0 0 1 0 0 0 0 1 0 0 2 0 0 1 0 1 0 0 0 0 1 0 1 0 0 1 0 0 1 0 0
geno chr9.6625864 fin  1 0 0 0 0 0 1 0 0 0 0 0 0 1 0 0 0 0 1 0 0 0 0 0 0 0 0 0 0 0 0 0 0 0 0 1 0 0 0 0 0 1 0 0 0 0 0 0 0 0 1 0 0 0 0 0 1 0 0 0 0 0 1 0 1 1 0 0 0 0 0 0 0 0 0 0 1 0 0 0 0 2 0 0 0 0 0 0 1
geno chr9.6625864 gbr  0 0 1 1 0 0 0 1 0 0 0 0 0 0 0 0 0 0 0 0 0 0 0 0 1 0 0 1 0 1 0 1 1 1 1 1 0 1 1 0 0 0 0 0 0 0 0 0 0 0 0 0 0 1 0 0 0 0 0 1 0 1 1 0 1 0 0 0 1 0 0 0 0 1 0 0 1 1 0 0 0 0 0 2
geno chr9.6625864 tsi  0 1 1 0 0 2 0 0 0 1 1 0 1 0 0 0 0 1 0 0 2 0 0 0 0 0 0 0 0 0 0 0 1 0 0 1 1 0 0 0 1 0 0 0 0 1 0 0 0 1 0 0 1 1 0 0 0 1 0 0 1 0 0 1 1 0 0 0 1 0 1 1 1 0 1 0 0 0 0 0 0 0 1 0 0 0 0 0 0 1 1 0
geno chr9.6625864 yri  0 0 0 1 0 1 0 0 1 0 1 0 0 0 0 0 0 0 1 0 2 0 0 0 0 0 0 0 0 0 0 0 1 1 0 0 0 0 0 0 0 0 0 0 0 0 0 0 0 0 0 1 0 0 0 1 0 1 0 0 0 0 0 0 0 0 1 0 0 0 0 0 0 0 0 1 1
geno chr9.6626013 ceu  0 0 0 0 0 0 0 0 0 0 0 0 0 1 0 1 0 1 0 0 0 0 1 1 1 0 0 2 1 0 1 0 0 0 0 0 0 0 1 0 0 0 0 0 0 1 0 0 0 0 0 0 0 0 0 1 0 0 0 0 1 0 1 0 1 1 1 0 0 0 1 1 0 0 1 0 0 0
geno chr9.6626013 fin  0 0 2 0 1 0 0 1 0 0 1 0 0 0 0 1 0 0 0 0 0 1 0 1 0 1 1 0 0 0 0 0 0 1 0 0 0 0 0 1 0 0 0 1 1 0 1 0 1 1 0 2 0 0 0 1 0 0 0 1 0 0 0 0 0 0 1 0 0 1 0 0 0 0 0 0 0 1 1 0 0 0 0 1 2 0 0 0 1
geno chr9.6626013 gbr  1 1 1 0 0 0 0 0 0 0 0 0 1 0 0 0 1 0 0 0 1 1 0 1 0 0 0 1 0 1 0 0 0 0 1 0 0 0 0 1 0 0 0 0 0 1 0 0 0 0 1 0 0 0 0 1 0 0 1 0 1 1 0 0 0 0 0 1 0 0 1 0 0 0 0 0 0 0 0 0 0 0 0 0
geno chr9.6626013 tsi  0 0 0 0 0 0 0 0 1 0 0 1 0 1 1 1 0 0 1 0 0 0 0 0 1 0 0 0 1 0 2 1 1 0 0 0 0 0 0 0 0 0 0 0 1 1 0 0 0 0 0 0 0 0 0 0 0 1 0 0 0 1 0 0 0 1 0 0 0 2 0 0 0 0 0 0 0 0 0 0 0 0 0 0 0 0 0 0 0 0 0 0
geno chr9.6626013 yri  1 0 1 1 0 1 0 0 1 0 0 1 1 1 1 1 0 2 0 0 0 1 0 0 1 0 1 1 0 1 1 0 0 1 1 1 0 1 0 0 1 1 0 1 0 0 0 2 1 1 1 0 0 0 0 1 1 1 0 1 2 1 0 0 1 1 0 1 1 2 1 0 0 1 1 1 0
geno chr9.6626197 ceu  0 1 1 1 0 1 0 1 1 0 0 1 0 0 1 0 1 0 1 1 0 0 1 0 0 0 0 0 0 0 0 0 0 1 0 1 2 1 0 1 0 0 2 0 1 0 0 0 0 0 0 1 2 1 1 0 1 0 0 0 0 1 0 0 0 0 1 0 0 0 0 1 0 1 0 0 0 0
geno chr9.6626197 fin  0 0 0 2 0 1 0 0 0 1 0 1 0 1 1 0 0 1 0 1 0 0 0 0 1 0 0 1 2 0 0 1 0 1 0 1 0 1 1 1 0 0 1 0 0 1 0 1 0 1 0 0 1 1 2 0 0 0 2 0 0 0 0 1 0 0 1 1 1 1 0 1 0 1 0 0 1 0 0 0 1 0 2 1 0 1 1 1 0
geno chr9.6626197 gbr  0 0 0 1 0 1 1 0 0 2 0 2 1 1 1 1 0 0 1 0 1 1 1 0 0 1 0 0 1 0 0 0 0 0 0 0 0 0 0 0 1 0 1 1 1 0 0 0 2 0 1 1 2 0 1 1 2 0 0 1 1 0 0 1 0 0 1 0 0 1 1 1 0 0 1 0 1 1 1 0 0 1 0 0
geno chr9.6626197 tsi  0 0 0 1 0 0 1 0 0 1 0 0 0 0 1 0 1 0 0 0 0 1 0 1 0 1 0 1 1 1 0 0 0 1 0 0 0 0 2 1 0 1 1 2 0 0 2 0 1 0 1 0 1 0 1 2 0 0 1 0 0 1 0 1 1 0 0 1 1 0 0 1 0 1 0 0 1 1 0 1 0 2 0 1 0 1 2 1 0 0 0 1
geno chr9.6626197 yri  0 0 0 0 0 0 0 1 0 1 0 0 0 1 1 0 0 0 1 2 0 0 0 1 0 1 0 0 1 0 1 1 0 0 1 0 1 0 2 1 1 0 1 1 1 0 1 0 0 1 0 0 1 1 0 0 1 0 2 1 0 1 1 1 1 1 0 1 0 0 0 2 1 1 1 0 0
geno chr9.6626351 ceu  0 1 1 1 0 1 0 1 1 0 0 1 0 0 1 0 1 0 1 1 0 0 1 0 0 0 0 0 0 0 0 0 0 1 0 1 2 1 0 1 0 0 2 0 1 0 0 0 0 0 0 1 2 1 1 0 1 0 0 0 0 1 0 0 0 0 1 0 0 0 0 1 0 1 0 0 0 1
geno chr9.6626351 fin  0 0 0 2 0 1 0 0 0 1 0 1 0 1 1 0 0 1 0 1 0 0 0 0 1 0 0 1 2 0 0 1 0 1 0 1 0 1 1 1 0 0 1 0 0 1 0 1 0 1 0 0 1 1 2 0 0 0 2 0 0 0 0 1 0 0 1 1 1 1 0 1 0 1 0 0 1 0 0 0 1 0 2 1 0 1 1 1 0
geno chr9.6626351 gbr  0 0 0 1 0 1 1 0 0 2 0 2 1 1 1 1 0 0 1 0 1 1 1 0 0 1 0 0 1 0 0 0 0 0 0 0 0 0 0 0 1 0 1 1 1 0 0 0 2 0 1 1 2 0 1 1 2 0 0 1 1 0 0 1 0 0 1 0 0 1 1 1 0 0 1 0 1 1 1 0 0 1 0 0
geno chr9.6626351 tsi  0 0 0 1 0 0 1 0 0 1 0 0 0 0 1 0 1 0 0 0 0 1 0 1 0 1 0 1 1 1 0 0 0 1 0 0 0 0 2 1 0 1 1 2 0 0 2 0 1 0 1 0 1 0 1 2 0 0 1 0 0 1 0 1 1 0 0 1 1 0 0 1 0 1 0 0 1 1 0 1 0 2 0 1 0 1 2 1 0 0 0 1
geno chr9.6626351 yri  0 0 0 0 0 0 0 0 0 1 0 0 0 1 1 0 0 0 1 2 0 0 0 1 0 1 0 0 1 0 1 1 0 0 1 0 1 0 2 1 1 0 1 1 1 0 1 0 0 1 0 0 1 1 0 0 1 0 2 1 0 1 1 0 1 1 0 1 0 0 0 2 0 1 1 0 0
geno chr9.6626369 ceu  0 1 1 1 0 1 0 1 1 0 0 1 0 0 1 0 1 0 1 1 0 0 1 0 0 0 0 0 0 0 0 0 0 1 0 1 2 1 0 1 0 0 2 0 1 0 0 0 0 0 0 1 2 1 1 0 1 0 0 0 0 1 0 0 0 0 1 0 0 0 0 1 0 1 0 0 0 1
geno chr9.6626369 fin  0 0 0 2 0 1 0 0 0 1 0 1 0 1 1 1 0 1 0 1 0 0 0 0 1 0 0 1 2 0 0 1 0 1 0 1 0 1 1 1 0 0 1 1 0 1 1 1 0 1 0 0 1 1 2 0 0 0 2 0 0 0 0 1 0 0 1 1 1 1 0 1 0 1 0 0 1 0 0 0 1 0 2 1 0 1 1 1 0
geno chr9.6626369 gbr  0 0 0 1 0 1 1 0 0 2 0 2 1 1 1 1 0 0 1 0 1 1 1 0 0 1 0 0 1 0 0 0 0 0 0 0 0 0 0 0 1 0 1 1 1 0 0 0 2 0 1 1 2 0 1 1 2 0 0 1 1 0 0 1 0 0 1 0 0 1 1 1 0 0 1 0 1 1 1 0 0 1 0 0
geno chr9.6626369 tsi  0 0 0 1 0 0 1 0 0 1 0 0 0 0 1 0 1 0 0 0 0 1 0 1 0 1 0 1 1 1 0 0 0 1 0 0 0 0 2 1 0 1 1 2 0 0 2 0 1 0 1 0 1 0 1 2 0 0 1 0 0 1 0 1 1 0 0 1 1 0 0 1 0 1 0 0 1 1 0 1 0 2 0 1 0 1 2 1 0 0 0 1
geno chr9.6626369 yri  0 0 0 0 0 0 0 0 0 1 0 0 0 1 1 0 0 0 1 2 0 0 0 1 0 1 0 0 1 0 1 1 0 0 1 0 1 0 2 1 1 0 1 1 1 0 1 0 0 1 0 0 1 1 0 0 1 0 2 1 0 1 1 0 1 1 0 1 0 0 0 2 0 1 1 0 0
geno chr9.6626520 ceu  0 1 1 1 0 1 0 1 1 0 0 1 0 0 1 0 1 0 1 1 0 0 1 0 0 0 0 0 0 0 0 0 0 1 0 1 2 1 0 1 0 0 2 0 1 0 0 0 0 0 0 1 2 1 1 0 1 0 0 0 0 1 0 0 0 0 1 0 0 0 0 1 0 1 0 0 0 1
geno chr9.6626520 fin  0 0 0 2 0 1 0 0 0 1 0 1 0 1 1 0 0 1 0 1 0 0 0 0 1 0 0 1 2 0 0 1 0 1 0 1 0 1 1 1 0 0 0 0 0 1 0 1 0 1 0 0 1 1 2 0 0 0 2 0 0 0 0 1 0 0 1 1 1 1 0 1 0 1 0 0 1 0 0 0 1 0 2 1 0 1 1 1 0
geno chr9.6626520 gbr  0 0 0 1 0 1 1 0 0 1 0 2 1 1 1 1 0 0 1 0 1 1 1 0 0 1 0 0 1 0 0 0 0 0 0 0 0 0 0 0 1 0 1 1 1 0 0 0 2 0 1 1 2 0 1 1 2 0 0 1 1 0 0 1 0 0 1 0 0 1 1 1 0 0 1 0 1 1 1 0 0 1 0 0
geno chr9.6626520 tsi  0 0 0 1 0 0 1 0 0 1 0 0 0 0 1 0 1 0 0 0 0 1 0 1 0 1 0 1 1 1 0 0 0 1 0 0 0 0 2 1 0 1 1 2 0 0 2 0 1 0 1 0 1 0 1 2 0 0 1 0 0 1 0 1 1 0 0 1 1 0 0 1 0 1 0 0 1 1 0 0 0 2 0 1 0 1 2 1 0 0 0 1
geno chr9.6626520 yri  0 0 0 0 0 0 0 0 0 1 0 0 0 1 1 0 0 0 1 2 0 0 0 1 0 1 0 0 1 0 1 1 0 0 1 0 1 0 2 1 1 0 1 1 1 0 1 0 0 1 0 0 0 1 0 0 1 0 1 1 0 1 1 0 1 1 0 1 0 0 0 2 0 1 1 0 0
geno chr9.6626524 ceu  0 0 0 0 0 0 0 0 0 0 0 0 0 0 0 0 0 0 0 0 0 0 0 0 0 0 0 0 0 0 0 0 0 0 0 0 2 0 0 0 0 0 1 0 0 0 0 0 0 0 0 0 1 0 0 0 0 0 0 0 0 0 0 0 0 0 0 0 0 0 0 0 0 1 0 0 0 0
geno chr9.6626524 fin  0 0 0 1 0 0 0 0 0 1 0 1 0 0 0 0 0 1 0 0 0 0 0 0 0 0 0 0 0 0 0 0 0 0 0 0 0 0 0 1 0 0 0 0 0 1 0 1 0 0 0 0 0 0 0 0 0 0 0 0 0 0 0 0 0 0 0 0 0 0 0 0 0 0 0 0 0 0 0 0 1 0 1 0 0 0 0 0 0
geno chr9.6626524 gbr  0 0 0 0 0 0 1 0 0 0 0 0 0 0 0 0 0 0 0 0 1 1 1 0 0 0 0 0 0 0 0 0 0 0 0 0 0 0 0 0 0 0 0 0 0 0 0 0 1 0 0 0 1 0 0 0 1 0 0 0 0 0 0 0 0 0 1 0 0 0 0 0 0 0 1 0 0 0 1 0 0 0 0 0
geno chr9.6626524 tsi  0 0 0 0 0 0 0 0 0 0 0 0 0 0 0 0 0 0 0 0 0 0 0 0 0 0 0 0 0 0 0 0 0 0 0 0 0 0 0 0 0 0 1 0 0 0 0 0 0 0 0 0 0 0 1 0 0 0 0 0 0 0 0 0 0 0 0 0 0 0 0 0 0 0 0 0 0 0 0 0 0 0 0 1 0 0 1 0 0 0 0 0
geno chr9.6626524 yri  0 0 0 0 0 0 0 0 0 0 0 0 0 0 0 0 0 0 0 0 0 0 0 0 0 0 0 0 0 0 0 0 0 0 0 0 0 0 0 0 0 0 0 0 0 0 0 0 0 0 0 0 0 0 0 0 0 0 0 0 0 0 0 0 0 0 0 0 0 0 0 0 0 0 0 0 0
geno chr9.6626617 ceu  0 1 1 1 0 1 0 1 1 0 0 1 0 0 1 0 1 0 1 1 0 0 1 0 0 0 0 0 0 0 0 0 0 1 0 1 2 1 0 1 0 0 2 0 1 0 0 0 0 0 0 1 2 1 1 0 1 0 0 0 0 1 0 0 0 0 1 0 0 0 0 1 0 1 0 0 0 1
geno chr9.6626617 fin  0 0 0 2 0 1 0 0 0 1 0 1 0 1 1 0 0 1 0 1 0 0 0 0 1 0 0 1 2 0 0 1 0 1 0 1 0 1 1 1 0 0 1 0 0 1 0 1 0 1 0 0 1 1 2 0 0 0 2 0 0 0 0 1 0 0 1 1 1 1 0 1 0 1 0 0 1 0 0 0 1 0 2 1 0 1 1 1 0
geno chr9.6626617 gbr  0 0 0 1 0 1 1 0 0 2 0 2 1 1 1 1 0 0 1 0 1 1 1 0 0 1 0 0 1 0 0 0 0 0 0 0 0 0 0 0 1 0 1 1 1 0 0 0 2 0 1 1 2 0 1 1 2 0 0 1 1 0 0 1 0 0 1 0 0 1 1 1 0 0 1 0 1 1 1 0 0 1 0 0
geno chr9.6626617 tsi  0 0 0 1 0 0 1 0 0 1 0 0 0 0 1 0 1 0 0 0 0 1 0 1 0 1 0 1 1 1 0 0 0 1 0 0 0 0 2 1 0 1 1 2 0 0 2 0 1 0 1 0 1 0 1 2 0 0 1 0 0 1 0 1 1 0 0 1 1 0 0 1 0 1 0 0 1 1 0 1 0 2 0 1 0 1 2 1 0 0 0 1
geno chr9.6626617 yri  0 0 0 0 0 0 0 0 0 1 0 0 0 1 1 0 0 0 1 2 0 0 0 1 0 1 0 0 1 0 1 1 0 0 1 0 1 0 2 1 1 0 1 1 1 0 1 0 0 1 0 0 1 1 0 0 1 0 2 1 0 1 1 0 1 1 0 1 0 0 0 2 0 1 1 0 0
geno chr9.6626623 ceu  0 1 1 1 0 1 0 1 1 0 0 1 0 0 1 0 1 0 1 1 0 0 1 0 0 0 0 0 0 0 0 0 0 1 0 1 2 1 0 1 0 0 2 0 1 0 0 0 0 0 0 1 2 1 1 0 1 0 0 0 0 1 0 0 0 0 1 0 0 0 0 1 0 1 0 0 0 1
geno chr9.6626623 fin  0 0 0 2 0 1 0 0 0 1 0 1 0 1 1 0 0 1 0 1 0 0 0 0 1 0 0 1 2 0 0 1 0 1 0 1 0 1 1 1 0 0 1 0 0 1 0 1 0 1 0 0 1 1 2 0 0 0 2 0 0 0 0 1 0 0 1 1 1 1 0 1 0 1 0 0 1 0 0 0 1 0 2 1 0 1 1 1 0
geno chr9.6626623 gbr  0 0 0 1 0 1 1 0 0 2 0 2 1 1 1 1 0 0 1 0 1 1 1 0 0 1 0 0 1 0 0 0 0 0 0 0 0 0 0 0 1 0 1 1 1 0 0 0 2 0 1 1 2 0 1 1 2 0 0 1 1 0 0 1 0 0 1 0 0 1 1 1 0 0 1 0 1 1 1 0 0 1 0 0
geno chr9.6626623 tsi  0 0 0 1 0 0 1 0 0 1 0 0 0 0 1 0 1 0 0 0 0 1 0 1 0 1 0 1 1 1 0 0 0 1 0 0 0 0 2 1 0 1 1 2 0 0 2 0 1 0 1 0 1 0 1 2 0 0 1 0 0 1 0 1 1 0 0 1 1 0 0 1 0 1 0 0 1 1 0 1 0 2 0 1 0 1 2 1 0 0 0 1
geno chr9.6626623 yri  0 0 0 0 0 0 0 0 0 1 0 0 0 1 1 0 0 0 1 2 0 0 0 1 0 1 0 0 1 0 1 1 0 0 1 0 1 0 2 1 1 0 1 1 1 0 1 0 0 1 0 0 1 1 0 0 1 0 2 1 0 1 1 0 1 1 0 1 0 0 0 2 0 1 1 0 0
geno chr9.6626660 ceu  0 1 1 1 0 1 0 1 1 0 0 1 0 0 1 0 1 0 1 1 0 0 1 0 0 0 0 0 0 0 0 0 0 1 0 1 2 1 0 1 0 0 2 0 1 0 0 0 0 0 0 1 2 1 1 0 1 0 0 0 0 1 0 0 0 0 1 0 0 0 0 1 0 1 0 0 0 1
geno chr9.6626660 fin  0 0 0 2 0 1 0 0 0 1 0 1 0 1 1 0 0 1 0 1 0 0 0 0 1 0 0 1 2 0 0 1 0 1 0 1 0 1 1 1 0 0 1 0 0 1 0 1 0 1 0 0 1 1 2 0 0 0 2 0 0 0 0 1 0 0 1 1 1 1 0 1 0 1 0 0 1 0 0 0 1 0 2 1 0 1 1 1 0
geno chr9.6626660 gbr  0 0 0 1 0 1 1 0 0 2 0 2 1 1 1 1 0 0 1 0 1 1 1 0 0 1 0 0 1 0 0 0 0 0 0 0 0 0 0 0 1 0 1 1 1 0 0 0 2 0 1 1 2 0 1 1 2 0 0 1 1 0 0 1 0 0 1 0 0 1 1 1 0 0 1 0 1 1 1 0 0 1 0 0
geno chr9.6626660 tsi  0 0 0 1 0 0 1 0 0 1 0 0 0 0 1 0 1 0 0 0 0 1 0 1 0 1 0 1 1 1 0 0 0 1 0 0 0 0 2 1 0 1 1 2 0 0 2 0 1 0 1 0 1 0 1 2 0 0 1 0 0 1 0 1 1 0 0 1 1 0 0 1 0 1 0 0 1 1 0 1 0 2 0 1 0 1 2 1 0 0 0 1
geno chr9.6626660 yri  0 0 0 0 0 0 0 0 0 1 0 0 0 1 1 0 0 0 1 2 0 0 0 1 0 1 0 0 1 0 1 1 0 0 1 0 1 0 2 1 1 0 1 1 1 0 1 0 0 1 0 0 1 1 0 0 1 0 2 1 0 1 1 0 1 1 0 1 0 0 0 2 0 1 1 0 0
geno chr9.6627017 ceu  0 1 1 1 0 1 0 1 1 0 0 1 0 0 1 0 1 0 1 1 0 0 1 0 0 0 0 0 0 0 0 0 0 1 0 1 2 1 0 1 0 0 2 0 1 0 0 0 0 0 0 1 2 1 1 0 1 0 0 0 0 1 0 0 0 0 1 0 0 0 0 1 0 1 0 0 0 1
geno chr9.6627017 fin  0 0 0 2 0 1 0 0 0 1 0 1 0 1 1 0 0 1 0 1 0 0 0 0 1 0 0 1 2 0 0 1 0 1 0 1 0 1 1 1 0 0 1 0 0 1 0 1 0 1 0 0 1 1 2 0 0 0 2 0 0 0 0 1 0 0 1 1 1 1 0 1 0 1 0 0 1 0 0 0 1 0 2 1 0 1 1 1 0
geno chr9.6627017 gbr  0 0 0 1 0 1 1 0 0 2 0 2 1 1 1 1 0 0 1 0 1 1 1 0 0 1 0 0 1 0 0 0 0 0 0 0 0 0 0 0 1 0 1 1 1 0 0 0 2 0 1 1 2 0 1 1 2 0 0 1 1 0 0 1 0 0 1 0 0 1 1 1 0 0 1 0 1 1 1 0 0 1 0 0
geno chr9.6627017 tsi  0 0 0 1 0 0 1 0 0 1 0 0 0 0 1 0 1 0 0 0 0 1 0 1 0 1 0 1 1 1 0 0 0 1 0 0 0 0 2 1 0 1 1 2 0 0 2 0 1 0 1 0 1 0 1 2 0 0 1 0 0 1 0 1 1 0 0 1 1 0 0 1 0 1 0 0 1 1 0 1 0 2 0 1 0 1 2 1 0 0 0 1
geno chr9.6627017 yri  0 0 0 0 1 0 0 0 0 1 0 0 0 1 1 0 0 0 1 2 0 0 0 1 0 1 0 0 1 0 1 1 0 0 1 0 1 0 2 1 1 0 1 1 1 0 1 0 1 1 0 0 1 1 0 0 1 0 2 1 0 1 1 1 1 1 0 1 0 0 0 2 0 1 1 0 0
geno chr9.6627115 ceu  0 1 1 1 0 1 0 1 1 0 0 1 0 1 1 0 1 0 1 1 0 0 1 0 0 0 0 0 0 0 0 0 0 1 0 1 1 1 0 1 0 0 2 0 1 0 0 0 0 0 0 1 2 1 1 0 1 0 0 0 0 1 0 0 0 0 1 0 0 0 0 1 0 1 0 0 0 0
geno chr9.6627115 fin  0 0 0 2 0 1 0 0 0 1 0 1 0 1 1 0 0 1 0 1 0 0 0 0 1 0 0 1 2 0 0 1 0 1 0 1 0 1 1 1 0 0 0 0 0 1 0 1 0 1 0 0 1 1 2 0 0 0 2 0 0 0 0 1 0 0 1 1 1 1 0 1 0 1 0 0 1 0 0 0 0 0 2 1 0 1 1 1 0
geno chr9.6627115 gbr  0 0 0 1 0 1 1 0 0 1 0 2 1 1 1 1 0 0 1 0 1 1 1 0 0 1 0 0 1 0 0 0 0 0 0 0 0 0 0 0 1 0 1 1 1 0 0 0 2 0 1 1 2 0 1 1 2 0 0 1 1 0 0 1 0 0 1 0 0 1 1 1 0 0 1 0 1 1 1 0 0 1 0 0
geno chr9.6627115 tsi  0 0 0 1 0 0 1 0 0 1 0 0 0 0 1 0 1 0 0 0 0 1 0 1 1 1 0 1 1 1 0 0 0 1 0 0 0 0 2 1 0 1 1 2 0 0 2 0 1 0 1 0 1 0 0 2 0 0 1 0 0 1 0 1 1 0 0 1 1 0 0 1 0 1 0 0 1 1 0 0 0 2 0 0 0 1 2 1 0 0 0 1
geno chr9.6627115 yri  0 0 0 0 0 0 0 0 0 0 0 0 0 1 1 0 0 0 1 2 0 0 0 1 0 1 0 0 1 0 1 1 0 0 1 0 1 0 2 0 1 0 1 1 1 0 1 0 0 1 0 0 1 1 0 0 1 0 2 1 0 1 1 0 1 1 0 1 0 0 0 1 0 1 1 0 0
geno chr9.6627123 ceu  0 1 1 1 0 1 0 1 1 0 0 1 0 0 1 0 1 0 1 1 0 0 1 0 0 0 0 0 0 0 0 0 0 1 0 1 2 1 0 1 0 0 2 0 1 0 0 0 0 0 0 1 2 1 1 0 1 0 0 0 0 1 0 0 0 0 1 0 0 0 0 1 0 1 0 0 0 1
geno chr9.6627123 fin  0 0 0 2 0 1 0 0 0 1 0 1 0 1 1 0 0 1 0 1 0 0 0 0 1 0 0 1 2 0 0 1 0 1 0 1 0 1 1 1 0 0 0 0 0 1 0 1 0 1 0 0 1 1 2 0 0 0 2 0 0 0 0 1 0 0 1 1 1 1 0 1 0 1 0 0 1 0 0 0 1 0 2 1 0 1 1 1 0
geno chr9.6627123 gbr  0 0 0 1 0 1 1 0 0 1 0 2 1 1 1 1 0 0 1 0 1 1 1 0 0 1 0 0 1 0 0 0 0 0 0 0 0 0 0 0 1 0 1 1 1 0 0 0 2 0 1 1 2 0 1 1 2 0 0 1 1 0 0 1 0 0 1 0 0 1 1 1 0 0 1 0 1 1 1 0 0 1 0 0
geno chr9.6627123 tsi  0 0 0 1 0 0 1 0 0 1 0 0 0 0 1 0 1 0 0 0 0 1 0 1 0 1 0 1 1 1 0 0 0 1 0 0 0 0 2 1 0 1 1 2 0 0 2 0 1 0 1 0 1 0 1 2 0 0 1 0 0 1 0 1 1 0 0 1 1 0 0 1 0 1 0 0 1 1 0 0 0 2 0 1 0 1 2 1 0 0 0 1
geno chr9.6627123 yri  0 0 0 0 0 0 0 0 0 0 0 0 0 1 0 0 0 0 1 2 0 0 0 0 0 1 0 0 1 0 1 1 0 0 0 0 1 0 2 0 1 0 1 1 1 0 1 0 0 1 0 0 1 1 0 0 1 0 2 1 0 1 1 0 1 1 0 1 0 0 0 1 0 1 1 0 0
geno chr9.6627775 ceu  0 1 1 1 0 1 0 1 1 0 0 1 0 0 1 0 1 0 1 1 0 0 1 0 0 0 0 0 0 0 0 0 0 1 0 1 2 1 0 1 0 0 2 0 1 0 0 0 0 0 0 1 2 1 1 0 1 0 0 0 0 1 0 0 0 0 1 0 0 0 0 1 0 1 0 0 0 1
geno chr9.6627775 fin  0 0 0 2 0 1 0 0 0 1 0 1 0 1 1 0 0 1 0 1 0 0 0 0 1 0 0 1 2 0 0 1 0 1 0 1 0 1 1 1 0 0 1 0 0 1 0 1 0 1 0 0 1 1 2 0 0 0 2 0 0 0 0 1 0 0 1 1 1 1 0 1 0 1 0 0 1 0 0 0 1 0 2 1 0 1 1 1 0
geno chr9.6627775 gbr  0 0 0 1 0 1 1 0 0 2 0 2 1 1 1 1 0 0 1 0 1 1 1 0 0 1 0 0 1 0 0 0 0 0 0 0 0 0 0 0 1 0 1 1 1 0 0 0 2 0 1 1 2 0 1 1 2 0 0 1 1 0 0 1 0 0 1 0 0 1 1 1 0 0 1 0 1 1 1 0 0 1 0 0
geno chr9.6627775 tsi  0 0 0 1 0 0 1 0 0 1 0 0 0 0 1 0 1 0 0 0 0 1 0 1 0 1 0 1 1 1 0 0 0 1 0 0 0 0 2 1 0 1 1 2 0 0 2 0 1 0 1 0 1 0 1 2 0 0 1 0 0 1 0 1 1 0 0 1 1 0 0 1 0 1 0 0 1 1 0 1 0 2 0 1 0 1 2 1 0 0 0 1
geno chr9.6627775 yri  0 0 0 0 0 0 0 0 0 1 0 0 0 1 1 0 0 0 1 2 0 0 0 1 0 1 0 0 1 0 1 1 0 0 1 0 1 0 2 1 1 0 1 1 1 0 1 0 0 1 0 0 1 1 0 0 1 0 2 1 0 1 1 0 1 1 0 1 0 0 0 2 0 1 1 0 0
geno chr9.6628579 ceu  0 0 0 0 0 0 0 0 0 0 0 0 0 1 0 1 0 1 0 0 0 0 1 1 1 0 0 2 1 0 1 0 0 0 0 0 0 0 1 0 0 0 0 0 0 0 0 0 0 0 0 0 0 0 0 1 0 0 0 0 1 0 1 0 1 1 1 0 0 0 1 1 0 0 1 0 0 0
geno chr9.6628579 fin  0 0 2 0 1 0 0 1 0 0 1 0 0 0 0 1 0 0 0 0 0 1 0 1 0 1 1 0 0 0 0 0 0 1 0 0 0 0 0 1 0 0 0 1 1 0 1 0 1 1 0 2 0 0 0 1 0 0 0 1 0 0 0 0 0 0 1 0 0 1 0 0 0 0 0 0 0 1 1 0 0 0 0 1 2 0 0 0 1
geno chr9.6628579 gbr  1 1 1 0 0 0 0 0 0 0 0 0 1 0 0 0 1 0 0 0 1 1 0 1 0 0 0 1 0 1 0 0 0 0 1 0 0 0 0 1 0 0 0 0 0 1 0 0 0 0 1 0 0 0 0 1 0 0 1 0 1 1 0 0 0 0 0 1 0 0 1 0 0 0 0 0 0 0 0 0 0 0 0 0
geno chr9.6628579 tsi  0 0 0 0 0 0 0 0 1 0 0 1 0 1 1 1 0 0 1 0 0 0 0 0 1 0 0 0 1 0 2 1 1 0 0 0 0 0 0 0 0 0 0 0 1 1 0 0 0 0 0 0 0 0 0 0 0 1 0 0 0 1 0 0 0 1 0 0 0 2 0 0 0 0 0 0 0 0 0 0 0 0 0 0 0 0 0 0 0 0 0 0
geno chr9.6628579 yri  1 0 1 1 0 1 0 0 1 0 0 1 1 1 1 1 0 2 0 0 0 1 0 0 1 0 1 1 0 1 1 0 0 1 1 1 0 1 0 0 1 1 0 1 0 0 0 2 1 1 1 0 0 0 0 1 1 1 0 1 2 1 0 0 1 1 0 1 1 2 1 0 0 1 1 1 0
