pheno ENSG00000198816 ceu 0.02719333 0.9074677 1.62039 0.456765 1.274891 0.82377 0.0218792 1.782412 1.380032 0.8562867 2.499404 -0.1731274 0.7676717 0.2593782 0.4161218 -0.7325993 2.102446 2.772081 -0.6351379 2.045444 0.1431352 -0.3104301 3.141592 1.044591 -0.4431022 0.04756185 -0.2190442 -0.4534254 0.539012 -1.162969 0.2107858 1.308638 -0.7152657 1.391736 1.942132 -0.2508146 0.7286598 1.112783 2.278148 0.2907782 1.719475 1.747707 0.9137389 -0.1142858 0.08029598 0.9902487 -1.042806 0.7594255 2.054708 -1.479816 0.3348859 -0.6255198 1.673958 2.085286 -0.4864982 1.697906 -0.487493 0.6060623 0.4508192 1.838613 0.8880922 1.993795 0.9699391 0.4896251 2.57811 -0.1884341 0.8503249 -0.4184368 0.5944171 0.3749323 0.03284975 1.182995 1.713431 0.7803996 -1.42278 1.525669 -0.5667673 -1.470649
pheno ENSG00000198816 fin 2.123316 -0.1113219 -1.76707 -1.373541 -1.31609 -0.9674197 -0.4023281 -1.434504 -2.202603 0.3599832 0.9800694 1.731906 -1.163428 -1.299267 -0.29872 -1.728607 -1.764554 -2.225512 -1.419309 0.03049755 -0.1424641 1.023315 -0.6578148 -2.016194 -0.3971378 0.3160848 -1.468385 -0.2903089 -2.398921 0.2369936 -1.779704 -0.3753432 -1.545838 -1.671124 0.4773979 0.5092957 -0.2955957 -1.329107 0.4300544 -2.611346 -1.590427 -2.859137 0.3308291 -0.3163747 -2.053465 -1.156456 0.7983317 -1.705369 -1.755928 0.1230262 -2.603291 -1.578933 -0.213284 0.68805 -0.3596942 -0.1777477 0.4200308 -1.653461 -2.009725 -2.883493 -0.7930509 -0.45961 -0.9399351 -0.7714115 -0.5254855 -1.491421 -1.350366 -1.221003 -2.472993 -1.652237 -2.099209 0.03737687 -1.446577 -1.642412 0.08239159 -2.416929 -1.992658 -0.989187 -2.129748 -1.826836 -0.1561885 0.4249207 -1.717225 -0.6496929 -1.780468 -0.4818783 -1.194405 -1.568726 -2.15479
pheno ENSG00000198816 gbr -1.504933 -1.402259 -1.981138 1.714947 -0.711799 -2.985525 -2.236527 0.6137443 -1.933065 -1.962804 -2.52045 -1.864783 -2.043293 -1.473859 -2.340418 -4.079853 -2.019562 -1.973779 -2.07711 -0.6941147 -2.145683 -2.352435 -2.515287 -0.7665629 -2.208315 -1.752716 -2.757239 0.5527314 -1.929235 -2.010598 -1.940122 -0.420167 -0.022883 -1.450184 -1.664438 1.039723 -2.518934 -0.5344658 -0.04069818 -0.7217523 -1.322895 -0.3743097 -0.4210955 -1.126452 -0.02912535 -2.506632 0.1426079 -0.2290463 -1.860588 -0.7199261 0.08271337 1.689293 -0.0345273 -1.979602 -1.442232 -3.168115 -1.002445 -0.4781279 -1.273606 -1.472332 0.3509573 -1.951864 -1.307817 -0.1384932 -1.479038 -0.6852657 0.5353512 -1.520685 -2.363785 -1.864475 -1.444804 -0.3639106 -2.905857 -2.078268 -0.9650224 -3.884948 -2.91018 -2.096975 -0.9891363 0.06604122 -1.176679 -2.725837 -2.924947 -1.51775
pheno ENSG00000198816 tsi 0.4637688 -0.07500575 1.117826 1.878078 2.731118 -0.176948 0.4920046 0.6919092 1.757432 0.7799163 0.256513 2.304633 1.186197 -0.419621 1.926693 1.943078 3.445652 -0.4288405 2.688314 0.5436748 0.04842671 1.696656 1.8196 0.2824069 1.643484 1.450232 -0.02173004 0.9570992 1.020556 1.445538 1.096201 -0.3102265 1.722442 -0.4923912 1.797239 1.402849 0.5771551 1.740412 2.003273 -0.0122922 1.53883 2.849783 0.07723308 3.244062 1.78675 1.592828 1.545885 2.148219 0.2016871 1.614131 2.375463 1.05622 0.03204914 -0.3083733 1.077078 0.881157 1.668623 1.018761 3.85266 2.425727 1.998376 1.448765 -0.1801754 0.1333917 0.2161707 1.832331 1.735658 1.155377 0.4598508 0.7009355 2.26639 2.206417 1.070736 2.08274 0.7393117 1.159904 0.9946316 -0.4497874 0.2117262 -0.9898485 2.201974 2.302116 -0.7943819 0.7578333 0.3917845 2.894773 1.537551 0.5060227 0.5960591 3.925275 2.745546 2.733907
pheno ENSG00000198816 yri 2.591544 2.002932 4.739486 2.700713 0.3598463 2.758975 1.220843 -0.1202804 4.194992 2.693358 2.498658 1.301014 2.218865 2.041814 0.5102111 3.896304 2.89199 3.648992 1.179321 1.71357 0.813956 1.641429 0.5212939 1.912533 1.919386 1.415897 -0.4840027 0.2824885 -0.3832537 0.375507 2.446643 1.864954 0.5489129 -0.3359949 1.59245 2.127859 1.540653 2.618652 1.54616 -0.1039392 0.8355056 4.320235 1.965259 2.96091 0.5434671 2.377659 2.082723 2.005197 2.13612 1.605825 1.846975 1.536685 0.5266931 3.145213 -0.3397345 3.366498 3.84956 3.972182 0.456383 3.071765 1.287211 1.690482 -0.4384915 3.135015 2.537039 3.044891 1.901545 2.195611 3.147333 2.386216 2.461806 0.9824191 0.1814621 2.80783 2.490194 2.779301 2.347762
geno chr19.7480195 ceu  1 1 1 1 1 2 2 0 1 1 1 2 0 1 1 1 1 2 2 0 0 2 0 1 1 0 0 1 1 1 2 1 2 0 2 1 1 2 0 1 0 1 0 1 1 2 2 1 0 2 1 2 1 1 2 1 1 2 0 0 2 1 1 2 1 1 1 1 2 1 2 1 1 0 1 0 1 2
geno chr19.7480195 fin  0 1 2 1 2 0 2 1 2 0 0 0 1 0 1 1 1 2 1 0 0 0 1 2 0 1 2 1 1 1 1 1 1 1 1 0 0 1 0 2 1 2 0 0 2 1 1 2 1 1 2 0 2 0 0 1 1 1 2 2 1 1 2 0 0 0 2 0 2 1 2 0 0 1 0 1 2 0 1 2 1 0 1 1 1 1 1 2 1
geno chr19.7480195 gbr  0 2 1 1 2 2 1 1 2 2 1 1 2 1 1 1 1 2 0 1 2 2 1 1 2 2 1 0 1 2 2 0 2 1 1 0 2 0 0 2 1 0 0 1 1 2 1 2 2 0 0 0 1 2 1 2 2 0 1 2 2 1 2 1 1 1 0 1 1 1 1 1 1 1 1 2 2 2 0 0 0 0 2 2
geno chr19.7480195 tsi  2 0 0 1 1 2 2 1 1 1 1 1 1 1 2 2 1 2 2 2 2 1 1 2 2 2 0 2 2 2 2 1 2 2 2 2 2 1 2 2 2 1 2 1 1 1 1 1 2 0 1 0 1 1 1 1 2 1 2 1 2 2 2 2 1 2 0 1 1 1 2 1 0 2 1 1 2 2 2 2 1 2 2 1 2 1 2 2 1 1 2 2
geno chr19.7480195 yri  1 0 0 0 1 1 1 0 0 0 2 1 1 0 2 0 0 1 2 1 0 1 2 0 1 2 1 2 1 1 0 1 2 1 1 1 2 1 1 1 1 0 1 1 2 0 1 1 1 2 1 2 1 1 1 0 0 0 0 2 1 1 1 1 0 1 1 0 1 1 1 0 2 1 0 1 1
geno chr19.7480289 ceu  1 1 1 1 1 2 2 0 1 1 1 2 0 1 1 1 1 2 2 0 0 2 0 1 1 0 0 1 1 1 2 1 2 0 2 1 1 2 0 1 0 1 0 1 1 2 2 1 0 2 1 2 1 1 2 1 1 2 0 0 2 1 1 2 1 1 1 1 2 1 2 1 1 0 1 0 1 2
geno chr19.7480289 fin  0 1 2 1 2 0 2 1 2 0 0 0 1 0 1 1 1 2 1 0 0 0 1 2 0 1 2 1 1 1 1 1 1 1 1 0 0 1 0 2 1 2 0 0 2 1 1 2 1 1 2 0 2 0 0 1 1 1 2 2 1 1 2 0 0 0 2 0 2 1 2 0 0 1 0 1 2 0 1 2 1 0 1 1 1 1 1 2 1
geno chr19.7480289 gbr  0 2 1 1 2 2 1 1 2 2 1 1 2 1 1 1 1 2 0 1 2 2 1 1 2 2 1 0 1 2 2 0 2 1 1 0 2 0 0 2 1 0 0 1 1 2 1 2 2 0 0 0 1 2 1 2 2 0 1 2 2 1 2 1 1 1 0 1 1 1 1 1 1 1 1 2 2 2 0 0 0 0 2 2
geno chr19.7480289 tsi  2 0 0 1 1 2 2 1 1 1 1 1 1 1 2 2 1 2 2 2 2 1 1 2 2 2 0 2 2 2 2 1 2 2 2 2 2 1 2 2 2 1 2 1 1 1 1 1 2 0 1 0 1 1 1 1 2 1 2 1 2 2 2 2 1 2 0 1 1 1 2 1 0 2 1 1 2 2 2 2 1 2 2 1 2 1 2 2 1 1 2 2
geno chr19.7480289 yri  1 0 0 0 1 1 1 0 0 0 2 1 1 0 2 0 0 1 2 1 0 1 2 0 1 2 1 2 1 1 0 1 2 1 1 1 2 1 1 1 1 0 1 1 2 0 1 1 1 2 1 2 1 1 1 0 0 0 0 2 1 1 1 1 0 1 1 0 1 1 1 0 2 1 0 1 1
geno chr19.7480364 ceu  1 1 1 1 1 2 2 1 1 1 1 2 0 1 1 1 1 2 2 0 0 2 1 1 1 0 0 1 1 1 2 1 2 0 2 1 1 2 0 1 0 1 0 1 1 2 2 1 0 2 1 2 1 1 2 1 1 2 0 0 2 1 1 2 1 2 1 1 2 1 2 1 1 0 1 0 1 2
geno chr19.7480364 fin  2 1 2 1 2 0 2 1 2 0 1 1 1 0 1 1 1 2 1 0 0 0 1 2 0 1 2 1 1 1 1 1 1 1 1 0 0 1 0 2 1 2 0 1 2 1 1 2 1 1 2 0 2 1 0 1 1 2 2 2 1 1 2 0 0 0 2 0 2 1 2 1 0 1 0 1 2 1 1 2 1 0 1 1 1 2 1 2 1
geno chr19.7480364 gbr  1 2 1 2 2 2 2 2 2 2 1 1 2 1 1 1 1 2 0 1 2 2 1 1 2 2 1 0 1 2 2 0 2 1 1 1 2 0 0 2 1 0 0 1 1 2 1 2 2 0 0 1 1 2 1 2 2 0 1 2 2 1 2 1 1 1 0 1 1 1 1 1 1 1 1 2 2 2 0 0 0 0 2 2
geno chr19.7480364 tsi  2 0 0 1 1 2 2 1 1 1 1 1 1 1 2 2 2 2 2 2 2 1 1 2 2 2 0 2 2 2 2 1 2 2 2 2 2 1 2 2 2 1 2 1 1 1 1 1 2 0 1 0 1 1 1 1 2 1 2 1 2 2 2 2 1 2 0 1 1 1 2 1 0 2 1 1 2 2 2 2 1 2 2 1 2 2 2 2 1 2 2 2
geno chr19.7480364 yri  1 2 2 2 2 2 2 2 2 1 2 2 2 2 2 2 2 2 2 1 1 2 2 1 1 2 2 2 2 2 2 2 2 2 2 2 2 2 2 2 2 2 2 2 2 2 2 2 2 2 2 2 2 2 2 2 2 2 2 2 2 2 2 2 2 2 2 2 2 2 1 1 2 2 2 2 2
geno chr19.7480455 ceu  0 0 0 0 0 0 0 1 0 0 0 0 0 0 0 0 0 0 0 0 0 0 1 0 0 0 0 0 0 0 0 0 0 0 0 0 0 0 0 0 0 0 0 0 0 0 0 0 0 0 0 0 0 0 0 0 0 0 0 0 0 0 0 0 0 1 0 0 0 0 0 0 0 0 0 0 0 0
geno chr19.7480455 fin  2 0 0 0 0 0 0 0 0 0 1 1 0 0 0 0 0 0 0 0 0 0 0 0 0 0 0 0 0 0 0 0 0 0 0 0 0 0 0 0 0 0 0 1 0 0 0 0 0 0 0 0 0 1 0 0 0 1 0 0 0 0 0 0 0 0 0 0 0 0 0 1 0 0 0 0 0 1 0 0 0 0 0 0 0 1 0 0 0
geno chr19.7480455 gbr  1 0 0 1 0 0 1 1 0 0 0 0 0 0 0 0 0 0 0 0 0 0 0 0 0 0 0 0 0 0 0 0 0 0 0 1 0 0 0 0 0 0 0 0 0 0 0 0 0 0 0 1 0 0 0 0 0 0 0 0 0 0 0 0 0 0 0 0 0 0 0 0 0 0 0 0 0 0 0 0 0 0 0 0
geno chr19.7480455 tsi  0 0 0 0 0 0 0 0 0 0 0 0 0 0 0 0 1 0 0 0 0 0 0 0 0 0 0 0 0 0 0 0 0 0 0 0 0 0 0 0 0 0 0 0 0 0 0 0 0 0 0 0 0 0 0 0 0 0 0 0 0 0 0 0 0 0 0 0 0 0 0 0 0 0 0 0 0 0 0 0 0 0 0 0 0 0 0 0 0 1 0 0
geno chr19.7480455 yri  0 2 2 2 1 1 0 1 2 1 0 0 1 2 0 2 1 1 0 0 1 1 0 1 0 0 0 0 0 0 2 0 0 1 1 1 0 1 1 0 1 2 1 1 0 2 1 1 1 0 0 0 1 1 0 2 1 2 1 0 1 1 1 1 2 1 1 2 1 1 0 0 0 1 1 1 1
geno chr19.7480667 ceu  0 0 0 0 0 0 0 1 0 0 0 0 0 0 0 0 0 0 0 0 0 0 1 0 0 0 0 0 0 0 0 0 0 0 0 0 0 0 0 0 0 0 0 0 0 0 0 0 0 0 0 0 0 0 0 0 0 0 0 0 0 0 0 0 0 0 0 0 0 0 0 0 0 0 0 0 0 0
geno chr19.7480667 fin  2 0 0 0 0 0 0 0 0 0 1 1 0 0 0 0 0 0 0 0 0 0 0 0 0 0 0 0 0 0 0 0 0 0 0 0 0 0 0 0 0 0 0 1 0 0 0 0 0 0 0 0 0 1 0 0 0 1 0 0 0 0 0 0 0 0 0 0 0 0 0 1 0 0 0 0 0 1 0 0 0 0 0 0 0 1 0 0 0
geno chr19.7480667 gbr  1 0 0 1 0 0 1 1 0 0 0 0 0 0 0 0 0 0 0 0 0 0 0 0 0 0 0 0 0 0 0 0 0 0 0 1 0 0 0 0 0 0 0 0 0 0 0 0 0 0 0 1 0 0 0 0 0 0 0 0 0 0 0 0 0 0 0 0 0 0 0 0 0 0 0 0 0 0 0 0 0 0 0 0
geno chr19.7480667 tsi  0 0 0 0 0 0 0 0 0 0 0 0 0 0 0 0 1 0 0 0 0 0 0 0 0 0 0 0 0 0 0 0 0 0 0 0 0 0 0 0 0 0 0 0 0 0 0 0 0 0 0 0 0 0 0 0 0 0 0 0 0 0 0 0 0 0 0 0 0 0 0 0 0 0 0 0 0 0 0 0 0 0 0 0 0 0 0 0 0 1 0 0
geno chr19.7480667 yri  0 2 2 2 1 1 0 1 2 1 0 0 1 2 0 2 1 1 0 0 1 1 0 1 0 0 0 0 0 0 2 0 0 1 1 1 0 1 1 0 1 2 1 1 0 2 1 1 1 0 0 0 1 1 0 2 1 2 1 0 1 1 1 1 2 1 1 2 1 1 0 0 0 1 1 1 1
geno chr19.7480686 ceu  1 1 1 1 1 2 2 0 1 1 1 2 0 1 1 1 1 2 2 0 0 2 0 1 1 0 0 1 2 1 2 1 2 0 2 1 1 2 0 1 0 1 0 1 1 2 2 1 0 2 1 2 1 1 2 0 1 2 0 0 2 1 1 2 1 2 1 1 2 1 2 1 1 0 1 0 1 2
geno chr19.7480686 fin  0 1 2 1 2 0 2 1 2 0 0 0 1 0 1 1 1 2 2 0 0 0 1 2 0 1 2 1 1 1 1 1 1 1 1 0 0 1 0 2 1 2 0 0 2 1 2 2 1 1 2 0 2 0 0 1 1 1 2 2 1 1 2 0 0 0 2 0 2 1 2 0 0 1 0 1 2 0 1 2 1 0 1 1 1 1 1 2 1
geno chr19.7480686 gbr  0 2 1 1 2 2 1 1 2 2 1 1 2 1 1 1 1 2 0 1 2 2 1 1 2 2 1 0 1 2 2 0 2 1 1 0 2 0 0 2 1 0 0 2 1 2 1 2 2 0 0 0 1 2 1 2 2 0 1 2 2 1 2 1 1 1 0 1 1 1 1 1 1 1 1 2 2 2 0 0 0 0 2 2
geno chr19.7480686 tsi  2 0 0 1 1 2 2 1 1 1 1 1 1 1 2 2 1 2 2 2 2 1 2 2 2 2 0 2 2 2 2 1 2 2 2 2 2 1 2 2 2 1 2 1 1 1 1 1 2 0 2 0 1 1 1 1 2 1 2 1 2 2 2 2 1 2 0 1 1 1 2 1 0 2 1 1 2 2 2 2 1 2 2 1 2 1 2 2 1 1 2 2
geno chr19.7480686 yri  1 0 0 0 1 1 1 0 0 0 2 1 1 0 2 0 0 1 2 1 0 1 2 0 1 2 1 2 1 1 0 1 2 1 1 1 2 1 1 1 1 0 1 1 2 0 1 1 1 2 1 2 1 1 1 0 0 0 0 2 1 1 1 1 0 1 1 0 1 1 1 0 2 1 0 1 1
geno chr19.7480701 ceu  1 1 1 1 1 2 2 0 1 1 1 2 0 1 1 1 1 2 2 0 0 2 0 1 1 0 0 1 2 1 2 1 2 0 2 1 1 2 0 1 0 1 0 1 1 2 2 1 0 2 1 2 1 1 2 0 1 2 0 0 2 1 1 2 1 2 1 1 2 1 2 1 1 0 1 0 1 2
geno chr19.7480701 fin  0 1 2 1 2 0 2 1 2 0 0 0 1 0 1 1 1 2 1 0 0 0 1 2 0 1 2 1 1 1 1 1 1 1 1 0 0 1 0 2 1 2 0 0 2 1 2 2 1 1 2 0 2 0 0 1 1 1 2 2 1 1 2 0 0 0 2 0 2 1 2 0 0 1 0 1 2 0 1 2 1 0 1 1 1 1 1 2 1
geno chr19.7480701 gbr  0 2 1 1 2 2 1 1 2 2 1 1 2 1 1 1 1 2 0 1 2 2 1 1 2 2 1 0 1 2 2 0 2 1 1 0 2 0 0 2 1 0 0 2 1 2 1 2 2 0 0 0 1 2 1 2 2 0 1 2 2 1 2 1 1 1 0 1 1 1 1 1 1 1 1 2 2 2 0 0 0 0 2 2
geno chr19.7480701 tsi  2 0 0 1 1 2 2 1 1 1 1 1 1 1 2 2 1 2 2 2 2 1 1 2 2 2 0 2 2 2 2 1 2 2 2 2 2 1 2 2 2 1 2 1 1 1 1 1 2 0 1 0 1 1 1 1 2 1 2 1 2 2 2 2 1 2 0 1 1 1 2 1 0 2 1 1 2 2 2 2 1 2 2 1 2 1 2 2 1 1 2 2
geno chr19.7480701 yri  1 0 0 0 1 1 1 0 0 0 2 1 1 0 2 0 0 1 2 1 0 1 2 0 1 2 1 2 1 1 0 1 2 1 1 1 2 1 1 1 1 0 1 1 2 0 1 1 1 2 1 2 1 1 1 0 0 0 0 2 1 1 1 1 0 1 1 0 1 1 1 0 2 1 0 1 1
geno chr19.7480906 ceu  1 1 1 1 1 2 2 1 1 1 1 2 0 1 1 1 1 2 2 0 0 2 1 1 1 0 0 1 1 1 2 1 2 0 2 1 1 2 0 1 0 1 0 1 1 2 2 1 0 2 1 2 1 1 2 0 1 2 0 0 2 1 1 2 1 2 1 1 2 1 2 1 1 0 1 0 1 2
geno chr19.7480906 fin  2 1 2 1 2 0 2 1 2 0 1 1 1 0 1 1 1 2 1 0 0 0 1 2 0 1 2 1 1 1 1 1 1 1 1 0 0 1 0 2 1 2 0 1 2 1 1 2 1 1 2 0 2 1 0 1 1 2 2 2 1 1 2 0 0 0 2 0 2 1 2 1 0 1 0 1 2 1 1 2 1 0 1 1 1 2 1 2 1
geno chr19.7480906 gbr  1 2 1 2 2 2 2 2 2 2 1 1 2 1 1 1 1 2 0 1 2 2 1 1 2 2 1 0 1 2 2 0 2 1 1 1 2 0 0 2 1 0 0 1 1 2 1 2 2 0 0 1 1 2 1 2 2 0 1 2 2 1 2 1 1 1 0 1 1 1 1 1 1 1 1 2 2 2 0 0 0 0 2 2
geno chr19.7480906 tsi  2 0 0 1 1 2 2 1 1 1 1 1 1 1 2 2 2 2 2 2 2 1 1 2 2 2 0 2 2 2 2 1 2 2 2 2 2 1 2 2 2 1 2 1 1 1 1 1 2 0 1 0 1 1 1 1 2 1 2 1 2 2 2 2 1 2 0 1 1 1 2 1 0 2 1 0 2 2 2 2 1 2 2 1 2 1 2 2 1 2 2 2
geno chr19.7480906 yri  1 2 2 2 2 2 1 1 2 1 2 1 2 2 2 2 1 2 2 1 1 1 2 1 1 2 1 2 1 0 2 1 2 2 2 2 2 2 2 1 2 2 1 2 1 2 2 2 2 2 0 1 2 2 1 2 1 2 1 2 2 2 2 2 2 2 2 2 2 2 1 0 2 2 1 2 2
geno chr19.7481251 ceu  0 0 1 0 0 0 0 0 0 0 0 0 0 0 0 0 0 0 0 0 0 0 0 0 0 0 0 0 0 0 0 0 0 0 0 0 0 0 0 0 0 0 0 0 0 0 0 0 0 0 0 0 0 0 0 0 0 0 0 0 0 0 0 0 0 0 0 0 0 0 0 0 0 0 0 0 0 0
geno chr19.7481251 fin  0 0 0 0 0 0 0 0 0 0 0 0 0 0 0 0 0 0 0 0 0 0 0 0 0 0 0 0 0 0 0 0 0 0 0 0 0 0 0 0 0 0 0 0 0 0 1 0 0 0 0 0 0 0 0 0 0 0 0 0 0 0 0 0 0 0 0 0 0 0 0 0 0 0 0 0 0 0 0 0 0 0 0 0 0 0 0 0 0
geno chr19.7481251 gbr  0 0 0 0 0 0 0 0 0 0 0 0 0 0 0 0 0 0 0 0 0 0 0 0 0 0 0 0 0 0 0 0 0 0 0 0 0 0 0 0 0 0 0 0 0 0 0 0 0 0 0 0 0 0 0 0 0 0 0 0 0 0 0 0 0 0 0 0 0 0 0 0 0 0 0 0 0 0 0 0 0 0 0 0
geno chr19.7481251 tsi  0 0 0 0 0 0 0 0 0 0 0 0 0 0 0 0 0 0 0 0 0 0 0 0 0 0 0 0 0 0 0 0 0 0 0 0 0 0 0 0 0 0 0 0 0 0 0 0 0 0 0 0 0 0 0 0 0 0 0 0 0 0 0 0 0 0 0 0 0 0 0 0 0 0 0 1 0 0 0 0 0 0 0 0 0 0 0 0 0 0 0 0
geno chr19.7481251 yri  1 0 0 0 0 1 1 0 0 0 1 0 0 0 1 0 0 1 2 1 0 1 1 0 1 1 0 0 0 1 0 0 1 0 1 1 1 1 0 0 1 0 1 1 1 0 1 0 1 1 1 2 0 1 0 0 0 0 0 2 1 0 0 1 0 1 0 0 0 1 1 0 0 0 0 1 1
geno chr19.7481527 ceu  1 1 1 1 1 2 2 0 1 1 1 2 0 1 1 1 1 2 2 0 0 2 0 1 1 0 0 1 0 1 2 1 2 0 2 1 1 2 0 1 0 1 0 1 1 2 2 1 0 2 1 2 1 1 2 0 1 2 0 0 2 1 1 2 1 2 1 1 2 1 2 1 0 0 1 0 1 2
geno chr19.7481527 fin  0 1 2 1 2 0 2 1 2 0 0 0 1 0 1 1 1 2 1 0 0 0 1 2 0 1 2 1 1 1 1 1 1 1 1 0 0 1 0 2 1 2 0 0 2 1 1 2 1 1 2 0 2 0 0 1 1 1 2 2 1 1 2 0 0 0 1 0 2 1 1 0 0 1 0 1 2 0 1 2 1 0 0 1 0 1 1 1 1
geno chr19.7481527 gbr  0 2 1 1 2 2 1 0 2 2 1 1 2 1 1 1 1 2 0 1 2 2 1 1 2 2 1 0 1 2 2 0 1 1 1 0 2 0 0 2 1 0 0 1 1 2 1 2 2 0 0 0 1 2 1 1 1 0 0 2 1 1 2 1 1 1 0 1 1 1 1 1 1 1 1 2 2 2 0 0 0 0 2 2
geno chr19.7481527 tsi  2 0 0 1 1 2 2 0 1 1 1 1 1 1 1 1 1 2 2 2 2 1 1 2 2 2 0 2 2 2 1 1 2 2 2 2 2 1 2 2 2 1 2 1 1 1 1 1 2 0 1 0 1 1 1 1 2 1 2 1 2 2 2 2 1 2 0 1 1 1 2 1 0 2 1 1 2 2 2 2 1 2 2 1 2 1 2 2 1 1 2 2
geno chr19.7481527 yri  1 0 0 0 1 0 1 0 0 0 2 1 1 0 2 0 0 0 2 1 0 1 2 0 1 2 1 2 1 1 0 1 2 1 1 1 2 1 1 1 1 0 1 0 2 0 1 1 1 2 1 1 1 1 1 0 0 0 0 2 1 1 1 1 0 0 1 0 1 1 1 0 2 1 0 1 1
geno chr19.7481545 ceu  1 1 1 1 1 2 2 0 1 1 1 2 0 1 1 1 1 2 2 0 0 2 0 1 1 0 0 1 0 1 2 1 2 0 2 1 1 2 0 1 0 0 0 1 1 2 2 1 0 2 1 2 1 1 2 0 1 2 0 0 2 1 1 2 1 2 1 1 2 1 2 1 0 0 1 0 1 2
geno chr19.7481545 fin  0 1 2 1 2 0 2 1 2 0 0 0 1 0 1 1 1 2 1 0 0 0 1 2 0 1 2 1 1 1 1 1 1 1 1 0 0 1 0 2 1 2 0 0 2 1 1 2 1 1 2 0 2 0 0 1 1 1 2 2 1 1 2 0 0 0 1 0 2 1 1 0 0 1 0 1 2 0 1 2 1 0 1 1 1 1 1 1 1
geno chr19.7481545 gbr  0 2 1 1 2 2 1 0 2 2 1 1 2 1 1 1 1 2 0 1 2 2 1 1 2 2 1 0 1 2 2 0 1 1 1 0 2 0 0 2 1 0 0 1 1 2 1 2 2 0 0 0 1 2 1 1 1 0 0 2 1 1 2 1 1 1 0 1 1 1 1 1 1 1 1 2 2 2 0 0 0 0 2 2
geno chr19.7481545 tsi  2 0 0 1 1 2 2 0 1 1 1 1 1 1 1 1 1 2 2 2 2 1 1 2 2 2 0 2 2 2 1 1 2 2 2 2 2 1 2 2 2 1 2 1 1 1 1 1 2 0 1 0 1 1 1 1 2 1 2 1 2 2 2 2 1 2 0 1 1 1 2 1 0 2 1 1 2 2 2 2 1 2 2 1 2 1 2 2 1 1 2 2
geno chr19.7481545 yri  1 0 0 0 1 0 1 0 0 0 2 1 1 0 2 0 0 0 2 1 0 1 2 0 1 2 1 2 1 1 0 1 2 1 1 1 2 1 1 1 1 0 1 1 2 0 1 1 1 2 1 1 1 1 1 0 0 0 0 2 1 1 1 1 0 0 1 0 1 1 1 0 2 1 0 1 1
geno chr19.7481590 ceu  1 1 1 1 1 2 2 0 1 1 1 2 0 1 1 1 1 2 2 0 0 2 0 1 1 0 0 1 0 1 2 1 2 0 2 1 1 2 0 1 0 1 0 1 1 2 2 1 0 2 1 2 1 1 2 0 1 2 0 0 2 1 1 2 1 2 1 1 2 1 2 1 0 0 1 0 1 2
geno chr19.7481590 fin  0 1 2 1 2 0 2 1 2 0 0 0 1 0 1 1 1 2 1 0 0 0 1 2 0 1 2 1 1 1 1 1 1 1 1 0 0 1 0 2 1 2 0 0 2 1 1 2 1 1 2 0 2 0 0 1 1 1 2 2 1 1 2 0 0 0 1 0 2 1 2 0 0 1 0 1 2 0 1 2 1 0 1 1 1 1 1 1 1
geno chr19.7481590 gbr  0 2 1 1 2 2 1 0 2 2 1 1 2 1 1 1 1 2 0 1 2 2 1 1 2 2 1 0 1 2 2 0 1 1 1 0 2 0 0 2 1 0 0 1 1 2 1 2 2 0 0 0 1 2 1 1 1 0 0 2 1 1 2 1 1 1 0 1 1 1 1 1 1 1 1 2 2 2 0 0 0 0 2 2
geno chr19.7481590 tsi  2 0 0 1 1 2 2 1 1 1 1 1 1 1 1 2 1 2 2 2 2 1 1 2 2 2 0 2 2 2 2 1 2 2 2 2 2 1 2 2 2 1 2 1 1 1 1 1 2 0 1 0 1 1 1 1 2 1 2 1 2 2 2 2 1 2 0 1 1 1 2 1 0 2 1 1 2 2 2 2 1 2 2 1 2 1 2 2 1 1 2 2
geno chr19.7481590 yri  1 0 0 0 1 1 1 0 0 0 2 1 1 0 1 0 0 0 2 1 0 1 2 0 1 2 1 2 1 1 0 1 2 0 1 1 2 1 0 1 1 0 1 1 2 0 1 1 1 1 1 2 1 1 1 0 0 0 0 2 1 1 1 1 0 1 1 0 1 1 1 0 2 1 0 1 1
geno chr19.7481677 ceu  1 1 1 0 0 2 2 0 1 0 0 1 0 1 1 1 1 2 2 0 0 2 0 1 1 0 0 1 0 1 2 1 2 0 2 1 1 2 0 1 0 1 0 1 1 2 2 1 0 2 1 2 0 1 1 0 1 2 0 0 2 1 1 2 0 2 1 0 1 1 2 1 0 0 1 0 1 2
geno chr19.7481677 fin  0 1 2 0 2 0 2 0 2 0 0 0 1 0 1 1 1 1 1 0 0 0 1 2 0 1 2 1 0 1 1 1 1 1 1 0 0 1 0 2 1 2 0 0 2 1 1 2 1 1 2 0 2 0 0 1 1 1 2 2 0 1 2 0 0 0 1 0 2 1 0 0 0 1 0 1 2 0 1 2 1 0 0 1 0 1 0 1 0
geno chr19.7481677 gbr  0 2 1 1 2 2 0 0 2 2 1 1 2 1 1 1 1 2 0 1 2 2 0 1 2 2 0 0 1 2 2 0 1 1 1 0 2 0 0 2 1 0 0 1 1 2 1 2 2 0 0 0 1 2 1 1 1 0 0 2 1 1 2 1 1 1 0 1 1 1 1 0 1 1 1 2 2 2 0 0 0 0 2 2
geno chr19.7481677 tsi  2 0 0 1 0 2 2 0 0 1 1 0 1 1 1 1 1 1 1 1 2 1 1 2 2 1 0 2 2 1 1 1 2 1 1 2 2 1 2 1 2 1 2 1 1 1 1 1 2 0 1 0 1 1 1 1 2 0 2 1 2 2 2 2 1 2 0 1 1 1 2 1 0 2 1 1 2 2 2 2 0 1 2 1 2 1 2 2 0 1 2 2
geno chr19.7481677 yri  1 0 0 0 1 0 1 0 0 0 1 1 1 0 2 0 0 0 2 0 0 1 2 0 1 1 1 2 1 1 0 1 2 0 1 1 1 1 0 1 0 0 1 0 2 0 1 0 1 2 1 1 1 1 1 0 0 0 0 2 0 1 1 0 0 0 1 0 1 1 0 0 2 1 0 1 0
geno chr19.7481683 ceu  1 1 1 0 0 2 2 0 1 0 1 1 0 1 1 1 1 2 2 0 0 2 0 1 1 0 0 1 0 1 2 1 2 0 2 1 1 2 0 1 0 1 0 1 1 2 2 1 0 2 1 2 0 1 1 0 1 2 0 0 2 1 1 2 0 2 1 0 1 1 2 1 0 0 1 0 1 2
geno chr19.7481683 fin  0 1 2 0 2 0 2 1 2 0 0 0 1 0 1 1 1 1 1 0 0 0 1 2 0 1 2 1 0 1 1 1 1 1 1 0 0 1 0 2 1 2 0 0 2 1 1 2 1 1 2 0 2 0 0 1 1 1 2 2 0 1 2 0 0 0 1 0 2 1 0 0 0 1 0 1 2 0 1 2 1 0 0 1 0 1 0 1 0
geno chr19.7481683 gbr  0 2 1 1 2 2 0 0 2 2 1 1 2 1 1 1 1 2 0 1 2 2 0 1 2 2 0 0 1 2 2 0 1 1 1 0 2 0 0 2 1 0 0 1 1 2 1 2 2 0 0 0 1 2 1 1 2 0 0 2 1 1 2 1 1 1 0 1 1 1 1 0 1 1 1 2 2 2 0 0 0 0 2 2
geno chr19.7481683 tsi  2 0 0 1 0 2 2 0 0 1 1 0 1 1 1 1 1 1 1 1 2 1 1 2 2 1 0 2 2 1 1 1 2 1 1 2 2 1 2 1 2 1 2 1 1 1 1 1 2 0 1 0 1 1 1 1 2 0 2 1 2 2 2 2 1 2 0 1 1 1 2 1 0 2 1 1 2 2 2 2 0 1 2 1 2 1 2 2 1 1 2 2
geno chr19.7481683 yri  1 0 0 0 0 0 1 0 0 0 1 1 0 0 2 0 0 0 2 0 0 1 2 0 1 1 1 2 1 1 0 1 1 0 1 1 1 1 0 1 0 0 1 0 2 0 0 0 1 2 1 1 1 1 1 0 0 0 0 2 0 1 1 0 0 0 1 0 1 1 0 0 1 1 0 1 0
geno chr19.7481693 ceu  1 1 1 0 0 2 2 0 1 0 1 1 0 1 1 1 1 2 2 0 0 2 0 1 1 0 0 1 0 1 2 1 2 0 2 1 1 2 0 1 0 1 0 1 1 2 2 1 0 2 1 2 0 1 1 0 1 2 0 0 2 1 1 2 0 2 1 0 1 1 2 1 0 0 1 0 1 2
geno chr19.7481693 fin  0 1 2 0 2 0 2 1 2 0 0 0 1 0 1 1 1 1 1 0 0 0 1 2 0 1 2 1 0 1 1 1 1 1 1 0 0 1 0 2 1 2 0 0 2 1 1 2 1 1 2 0 2 0 0 1 1 1 2 2 0 1 2 0 0 0 1 0 2 1 0 0 0 1 0 1 2 0 1 2 1 0 0 1 0 1 0 1 0
geno chr19.7481693 gbr  0 2 1 1 2 2 0 0 2 2 1 1 2 1 1 1 1 2 0 1 2 2 0 1 2 2 0 0 1 2 2 0 1 1 1 0 2 0 0 2 1 0 0 1 1 2 1 2 2 0 0 0 1 2 1 1 1 0 0 2 1 1 2 1 1 1 0 1 1 1 1 0 1 1 1 2 2 2 0 0 0 0 2 2
geno chr19.7481693 tsi  2 0 0 1 0 2 2 0 0 1 1 0 1 1 1 1 1 1 1 1 2 1 1 2 2 1 0 2 2 1 1 1 2 1 1 2 2 1 2 1 2 1 2 1 1 1 1 1 2 0 1 0 1 1 1 1 2 0 2 1 2 2 2 2 1 2 0 1 1 1 2 1 0 2 1 0 2 2 2 2 0 1 2 1 2 1 2 2 1 1 2 2
geno chr19.7481693 yri  1 0 0 0 1 1 1 0 0 0 1 1 1 0 2 0 0 0 2 0 0 0 2 0 1 1 1 2 1 0 0 1 1 0 1 1 1 1 0 1 0 0 0 0 1 0 0 0 1 2 0 1 1 1 1 0 0 0 0 2 0 1 1 0 0 0 1 0 1 1 0 0 2 1 0 1 0
geno chr19.7481735 ceu  0 0 0 0 0 0 0 1 0 0 0 0 0 0 0 0 0 0 0 0 0 0 1 0 0 0 0 0 0 0 0 0 0 0 0 0 0 0 0 0 0 0 0 0 0 0 0 0 0 0 0 0 0 0 0 0 0 0 0 0 0 0 0 0 0 0 0 0 0 0 0 0 0 0 0 0 0 0
geno chr19.7481735 fin  2 0 0 0 0 0 0 0 0 0 1 1 0 0 0 0 0 0 0 0 0 0 0 0 0 0 0 0 0 0 0 0 0 0 0 0 0 0 0 0 0 0 0 1 0 0 0 0 0 0 0 0 0 1 0 0 0 1 0 0 0 0 0 0 0 0 0 0 0 0 0 1 0 0 0 0 0 1 0 0 0 0 0 0 0 1 0 0 0
geno chr19.7481735 gbr  1 0 0 1 0 0 1 1 0 0 0 0 0 0 0 0 0 0 0 0 0 0 0 0 0 0 0 0 0 0 0 0 0 0 0 1 0 0 0 0 0 0 0 0 0 0 0 0 0 0 0 1 0 0 0 0 0 0 0 0 0 0 0 0 0 0 0 0 0 0 0 0 0 0 0 0 0 0 0 0 0 0 0 0
geno chr19.7481735 tsi  0 0 0 0 0 0 0 0 0 0 0 0 0 0 0 0 1 0 0 0 0 0 0 0 0 0 0 0 0 0 0 0 0 0 0 0 0 0 0 0 0 0 0 0 0 0 0 0 0 0 0 0 0 0 0 0 0 0 0 0 0 0 0 0 0 0 0 0 0 0 0 0 0 0 0 0 0 0 0 0 0 0 0 0 0 0 0 0 0 1 0 0
geno chr19.7481735 yri  0 2 2 2 1 1 0 1 2 1 0 0 1 2 0 2 1 1 0 0 1 1 0 1 0 0 0 0 0 0 2 0 0 1 1 1 0 1 1 0 1 2 1 1 0 2 1 1 1 0 0 0 1 1 0 2 1 2 0 0 1 1 1 1 2 1 1 2 1 1 0 0 0 1 1 1 1
geno chr19.7481792 ceu  0 0 0 0 0 0 0 0 1 0 0 1 0 0 0 1 0 0 0 0 0 0 0 0 0 0 0 0 0 0 0 0 0 0 0 0 1 0 0 0 0 0 0 0 0 0 0 0 0 0 0 0 0 0 0 0 0 0 0 0 0 0 0 1 0 0 0 0 0 1 0 0 0 0 0 0 0 0
geno chr19.7481792 fin  0 0 0 0 0 0 0 0 0 0 0 0 0 0 0 0 0 0 0 0 0 0 0 0 0 0 0 0 0 0 0 0 1 0 0 0 0 1 0 0 0 0 0 0 0 0 0 0 0 0 0 0 0 0 0 0 0 0 0 0 0 0 0 0 0 0 0 0 0 0 0 0 0 0 0 0 0 0 0 0 0 0 0 0 0 0 0 0 0
geno chr19.7481792 gbr  0 0 0 0 0 0 0 0 0 0 0 0 0 1 0 0 0 0 0 0 0 0 0 0 0 0 0 0 0 0 0 0 0 0 0 0 0 0 0 0 0 0 0 0 0 0 0 0 0 0 0 0 0 0 0 0 0 0 0 0 0 0 1 0 1 0 0 0 0 0 0 1 0 0 0 0 0 0 0 0 0 0 0 0
geno chr19.7481792 tsi  0 0 0 1 0 1 0 0 0 0 0 0 0 0 0 0 0 0 0 0 0 0 0 1 0 0 0 0 0 1 0 0 0 1 0 0 1 0 0 0 1 0 0 0 2 0 0 1 0 0 1 0 0 0 0 0 0 0 0 0 0 0 0 0 0 0 0 0 0 0 0 0 0 0 0 0 0 0 0 0 0 0 0 0 0 1 0 0 0 1 0 1
geno chr19.7481792 yri  0 0 0 0 0 0 0 0 0 0 0 0 0 0 0 0 0 0 0 0 0 0 0 0 0 0 0 0 0 0 0 0 0 0 0 0 0 0 0 0 0 1 0 0 0 0 0 0 0 0 0 0 0 0 0 0 1 0 0 0 0 0 0 0 0 0 0 0 0 0 0 0 0 0 0 0 0
geno chr19.7481877 ceu  0 0 0 0 0 0 0 1 0 0 0 0 0 0 0 0 0 0 0 0 0 0 1 0 0 0 0 0 0 0 0 0 0 0 0 0 0 0 0 0 0 0 0 0 0 0 0 0 0 0 0 0 0 0 0 0 0 0 0 0 0 0 0 0 0 0 0 0 0 0 0 0 0 0 0 0 0 0
geno chr19.7481877 fin  2 0 0 0 0 0 0 0 0 0 1 1 0 0 0 0 0 0 0 0 0 0 0 0 0 0 0 0 0 0 0 0 0 0 0 0 0 0 0 0 0 0 0 1 0 0 0 0 0 0 0 0 0 1 0 0 0 1 0 0 0 0 0 0 0 0 0 0 0 0 0 1 0 0 0 0 0 1 0 0 0 0 0 0 0 1 0 0 0
geno chr19.7481877 gbr  1 0 0 1 0 0 1 1 0 0 0 0 0 0 0 0 0 0 0 0 0 0 0 0 0 0 0 0 0 0 0 0 0 0 0 1 0 0 0 0 0 0 0 0 0 0 0 0 0 0 0 1 0 0 0 0 0 0 0 0 0 0 0 0 0 0 0 0 0 0 0 0 0 0 0 0 0 0 0 0 0 0 0 0
geno chr19.7481877 tsi  0 0 0 0 0 0 0 0 0 0 0 0 0 0 0 0 1 0 0 0 0 0 0 0 0 0 0 0 0 0 0 0 0 0 0 0 0 0 0 0 0 0 0 0 0 0 0 0 0 0 0 0 0 0 0 0 0 0 0 0 0 0 0 0 0 0 0 0 0 0 0 0 0 0 0 0 0 0 0 0 0 0 0 0 0 0 0 0 0 1 0 0
geno chr19.7481877 yri  0 2 2 2 1 1 0 1 2 1 0 0 1 2 0 2 1 1 0 0 1 1 0 1 0 0 0 0 0 0 2 0 0 1 1 1 0 1 1 0 1 2 1 1 0 2 1 1 1 0 0 0 1 1 0 2 1 2 0 0 1 1 1 1 2 1 1 2 1 1 0 0 0 1 1 1 1
geno chr19.7481994 ceu  1 1 1 1 1 2 2 1 1 1 1 2 0 1 1 1 1 2 2 0 0 2 1 1 1 0 0 1 1 1 2 1 2 0 2 1 1 2 0 1 0 1 0 1 1 2 2 1 0 2 1 2 1 1 2 1 1 2 0 0 2 1 1 2 1 2 1 1 2 1 2 1 1 0 1 0 1 2
geno chr19.7481994 fin  2 1 2 1 2 0 2 1 2 0 1 1 1 0 1 1 1 2 1 0 0 0 1 2 0 1 2 1 1 1 1 1 1 1 1 0 0 1 0 2 1 2 0 1 2 1 1 2 1 1 2 0 2 1 0 1 1 2 2 2 1 1 2 0 0 0 2 0 2 1 2 1 0 1 0 1 2 1 1 2 1 0 1 1 1 2 1 2 1
geno chr19.7481994 gbr  1 2 1 2 2 2 2 2 2 2 1 1 2 1 1 1 1 2 0 1 2 2 1 1 2 2 1 0 1 2 2 0 2 1 1 1 2 0 0 2 1 0 0 1 1 2 1 2 2 0 0 1 1 2 1 2 1 0 1 2 2 1 2 1 1 1 0 1 1 1 1 1 1 1 1 2 2 2 0 0 0 0 2 2
geno chr19.7481994 tsi  2 0 0 1 1 2 2 1 1 1 1 1 1 1 2 2 2 2 2 2 2 1 1 2 2 2 0 2 2 2 2 1 2 2 2 2 2 1 2 2 2 1 2 1 1 1 1 1 2 0 1 0 1 1 1 1 2 1 2 1 2 2 2 2 1 2 0 1 1 1 2 1 0 2 1 0 2 2 2 2 1 2 2 1 2 1 2 2 1 2 2 2
geno chr19.7481994 yri  1 2 2 2 2 2 1 1 2 1 2 1 2 2 2 2 1 1 2 1 1 1 2 1 1 2 1 2 1 0 2 1 2 2 2 2 2 2 2 1 2 2 1 1 1 2 2 2 2 2 0 1 2 2 1 2 1 2 0 2 2 2 2 2 2 2 2 2 2 2 1 0 2 2 1 2 2
geno chr19.7482637 ceu  0 0 1 0 0 0 0 1 0 0 0 0 0 0 0 0 0 0 0 0 0 0 1 0 0 0 0 0 0 0 0 0 0 0 0 0 0 0 0 0 0 0 0 0 0 0 0 0 0 0 0 0 0 0 0 0 0 0 0 0 0 0 0 0 0 0 0 0 0 0 0 0 0 0 0 0 0 0
geno chr19.7482637 fin  2 0 0 0 0 0 0 0 0 0 1 1 0 0 0 0 0 0 0 0 0 0 0 0 0 0 0 0 0 0 0 0 0 0 0 0 0 0 0 0 0 0 0 1 0 0 1 0 0 0 0 0 0 1 0 0 0 1 0 0 0 0 0 0 0 0 0 0 0 0 0 1 0 0 0 0 0 1 0 0 0 0 0 0 0 1 0 0 0
geno chr19.7482637 gbr  1 0 0 1 0 0 1 1 0 0 0 0 0 0 0 0 0 0 0 0 0 0 0 0 0 0 0 0 0 0 0 0 0 0 0 1 0 0 0 0 0 0 0 0 0 0 0 0 0 0 0 1 0 0 0 0 0 0 0 0 0 0 0 0 0 0 0 0 0 0 0 0 0 0 0 0 0 0 0 0 0 0 0 0
geno chr19.7482637 tsi  0 0 0 0 0 0 0 0 0 0 0 0 0 0 0 0 1 0 0 0 0 0 0 0 0 0 0 0 0 0 0 0 0 0 0 0 0 0 0 0 0 0 0 0 0 0 0 0 0 0 0 0 0 0 0 0 0 0 0 0 0 0 0 0 0 0 0 0 0 0 0 0 0 0 0 1 0 0 0 0 0 0 0 0 0 0 0 0 0 1 0 0
geno chr19.7482637 yri  1 2 2 2 1 1 1 1 2 1 0 0 1 2 1 2 1 2 1 0 1 2 1 1 1 1 0 0 0 1 2 0 1 1 1 2 1 2 1 0 2 2 2 2 1 2 2 1 2 1 1 1 1 2 0 2 1 2 0 2 2 1 1 1 2 2 1 2 1 2 1 0 0 1 1 2 2
geno chr19.7482810 ceu  0 0 1 0 0 0 0 1 0 0 0 0 0 0 0 0 0 0 0 0 0 0 1 0 0 0 0 0 0 0 0 0 0 0 0 0 0 0 0 0 0 0 0 0 0 0 0 0 0 0 0 0 0 0 0 0 0 0 0 0 0 0 0 0 0 0 0 0 0 0 0 0 0 0 0 0 0 0
geno chr19.7482810 fin  2 0 0 0 0 0 0 0 0 0 1 1 0 0 0 0 0 0 0 0 0 0 0 0 0 0 0 0 0 0 0 0 0 0 0 0 0 0 0 0 0 0 0 1 0 0 1 0 0 0 0 0 0 1 0 0 0 1 0 0 0 0 0 0 0 0 0 0 0 0 0 1 0 0 0 0 0 1 0 0 0 0 0 0 0 1 0 0 0
geno chr19.7482810 gbr  1 0 0 1 0 0 1 1 0 0 0 0 0 0 0 0 0 0 0 0 0 0 0 0 0 0 0 0 0 0 0 0 0 0 0 1 0 0 0 0 0 0 0 0 0 0 0 0 0 0 0 1 0 0 0 0 0 0 0 0 0 0 0 0 0 0 0 0 0 0 0 0 0 0 0 0 0 0 0 0 0 0 0 0
geno chr19.7482810 tsi  0 0 0 0 0 0 0 0 0 0 0 0 0 0 0 0 1 0 0 0 0 0 0 0 0 0 0 0 0 0 0 0 0 0 0 0 0 0 0 0 0 0 0 0 0 0 0 0 0 0 0 0 0 0 0 0 0 0 0 0 0 0 0 0 0 0 0 0 0 0 0 0 0 0 0 1 0 0 0 0 0 0 0 0 0 0 0 0 0 1 0 0
geno chr19.7482810 yri  1 2 2 2 1 1 1 1 2 1 0 0 1 2 1 2 1 2 1 0 1 2 1 1 1 1 0 0 0 1 2 0 1 1 1 2 1 2 1 0 2 2 2 2 1 2 2 1 2 1 1 1 1 2 0 2 1 2 0 2 2 1 1 1 2 2 1 2 1 2 1 0 0 1 1 2 2
geno chr19.7482890 ceu  0 0 1 0 0 0 0 1 0 0 0 0 0 0 0 0 0 0 0 0 0 0 1 0 0 0 0 0 0 0 0 0 0 0 0 0 0 0 0 0 0 0 0 0 0 0 0 0 0 0 0 0 0 0 0 0 0 0 0 0 0 0 0 0 0 0 0 0 0 0 0 0 0 0 0 0 0 0
geno chr19.7482890 fin  2 0 0 0 0 0 0 0 0 0 1 1 0 0 0 0 0 0 0 0 0 0 0 0 0 0 0 0 0 0 0 0 0 0 0 0 0 0 0 0 0 0 0 1 0 0 1 0 0 0 0 0 0 1 0 0 0 1 0 0 0 0 0 0 0 0 0 0 0 0 0 1 0 0 0 0 0 1 0 0 0 0 0 0 0 1 0 0 0
geno chr19.7482890 gbr  1 0 0 1 0 0 1 1 0 0 0 0 0 0 0 0 0 0 0 0 0 0 0 0 0 0 0 0 0 0 0 0 0 0 0 1 0 0 0 0 0 0 0 0 0 0 0 0 0 0 0 1 0 0 0 0 0 0 0 0 0 0 0 0 0 0 0 0 0 0 0 0 0 0 0 0 0 0 0 0 0 0 0 0
geno chr19.7482890 tsi  0 0 0 0 0 0 0 0 0 0 0 0 0 0 0 0 1 0 0 0 0 0 0 0 0 0 0 0 0 0 0 0 0 0 0 0 0 0 0 0 0 0 0 0 0 0 0 0 0 0 0 0 0 0 0 0 0 0 0 0 0 0 0 0 0 0 0 0 0 0 0 0 0 0 0 0 0 0 0 0 0 0 0 0 0 0 0 0 0 1 0 0
geno chr19.7482890 yri  1 2 2 2 1 1 1 1 2 1 0 0 1 2 1 2 1 2 1 0 1 1 1 1 1 1 0 0 0 0 2 0 1 1 1 2 1 2 1 0 2 2 1 2 0 2 2 1 2 1 0 0 1 2 0 2 1 2 0 2 2 1 1 1 2 2 1 2 1 2 1 0 0 1 1 2 2
geno chr19.7482895 ceu  0 0 1 0 0 0 0 1 0 0 0 0 0 0 0 0 0 0 0 0 0 0 1 0 0 0 0 0 0 0 0 0 0 0 0 0 0 0 0 0 0 0 0 0 0 0 0 0 0 0 0 0 0 0 0 0 0 0 0 0 0 0 0 0 0 0 0 0 0 0 0 0 0 0 0 0 0 0
geno chr19.7482895 fin  2 0 0 0 0 0 0 0 0 0 1 1 0 0 0 0 0 0 0 0 0 0 0 0 0 0 0 0 0 0 0 0 0 0 0 0 0 0 0 0 0 0 0 1 0 0 1 0 0 0 0 0 0 1 0 0 0 1 0 0 0 0 0 0 0 0 0 0 0 0 0 1 0 0 0 0 0 1 0 0 0 0 0 0 0 1 0 0 0
geno chr19.7482895 gbr  1 0 0 1 0 0 1 1 0 0 0 0 0 0 0 0 0 0 0 0 0 0 0 0 0 0 0 0 0 0 0 0 0 0 0 1 0 0 0 0 0 0 0 0 0 0 0 0 0 0 0 1 0 0 0 0 0 0 0 0 0 0 0 0 0 0 0 0 0 0 0 0 0 0 0 0 0 0 0 0 0 0 0 0
geno chr19.7482895 tsi  0 0 0 0 0 0 0 0 0 0 0 0 0 0 0 0 1 0 0 0 0 0 0 0 0 0 0 0 0 0 0 0 0 0 0 0 0 0 0 0 0 0 0 0 0 0 0 0 0 0 0 0 0 0 0 0 0 0 0 0 0 0 0 0 0 0 0 0 0 0 0 0 0 0 0 0 0 0 0 0 0 0 0 0 0 0 0 0 0 1 0 0
geno chr19.7482895 yri  1 2 2 2 1 1 1 1 2 1 0 0 1 2 1 2 1 2 1 0 1 1 1 1 1 1 0 0 0 0 2 0 1 1 1 2 1 2 1 0 2 2 1 2 0 2 2 1 2 1 0 0 1 2 0 2 1 2 0 2 2 1 1 1 2 2 1 2 1 2 1 0 0 1 1 2 2
geno chr19.7483264 ceu  0 0 1 0 0 0 0 1 0 0 0 0 0 0 0 0 0 0 0 0 0 0 1 0 0 0 0 0 0 0 0 0 0 0 0 0 0 0 0 0 0 0 0 0 0 0 0 0 0 0 0 0 0 0 0 0 0 0 0 0 0 0 0 0 0 0 0 0 0 0 0 0 0 0 0 0 0 0
geno chr19.7483264 fin  2 0 0 0 0 0 0 0 0 0 1 1 0 0 0 0 0 0 0 0 0 0 0 0 0 0 0 0 0 0 0 0 0 0 0 0 0 0 0 0 0 0 0 1 0 0 1 0 0 0 0 0 0 1 0 0 0 1 0 0 0 0 0 0 0 0 0 0 0 0 0 1 0 0 0 0 0 1 0 0 0 0 0 0 0 1 0 0 0
geno chr19.7483264 gbr  1 0 0 1 0 0 1 1 0 0 0 0 0 0 0 0 0 0 0 0 0 0 0 0 0 0 0 0 0 0 0 0 0 0 0 1 0 0 0 0 0 0 0 0 0 0 0 0 0 0 0 1 0 0 0 0 0 0 0 0 0 0 0 0 0 0 0 0 0 0 0 0 0 0 0 0 0 0 0 0 0 0 0 0
geno chr19.7483264 tsi  0 0 0 0 0 0 0 0 0 0 0 0 0 0 0 0 1 0 0 0 0 0 0 0 0 0 0 0 0 0 0 0 0 0 0 0 0 0 0 0 0 0 0 0 0 0 0 0 0 0 0 0 0 0 0 0 0 0 0 0 0 0 0 0 0 0 0 0 0 0 0 0 0 0 0 0 0 0 0 0 0 0 0 0 0 0 0 0 0 1 0 0
geno chr19.7483264 yri  1 2 2 2 1 1 1 1 2 1 0 0 1 2 1 2 1 2 1 0 1 1 1 1 1 1 0 0 0 0 2 0 1 1 1 2 1 2 1 0 2 2 1 2 0 2 2 1 2 1 0 0 1 2 0 2 1 2 1 2 2 1 1 1 2 2 1 2 1 2 1 0 0 1 1 2 2
geno chr19.7483457 ceu  0 0 1 0 0 0 0 1 0 0 0 0 0 0 0 0 0 0 0 0 0 0 1 0 0 0 0 0 0 0 0 0 0 0 0 0 0 0 0 0 0 0 0 0 0 0 0 0 0 0 0 0 0 0 0 0 0 0 0 0 0 0 0 0 0 0 0 0 0 0 0 0 0 0 0 0 0 0
geno chr19.7483457 fin  2 0 0 0 0 0 0 0 0 0 1 1 0 0 0 0 0 0 0 0 0 0 0 0 0 0 0 0 0 0 0 0 0 0 0 0 0 0 0 0 0 0 0 1 0 0 1 0 0 0 0 0 0 1 0 0 0 1 0 0 0 0 0 0 0 0 0 0 0 0 0 1 0 0 0 0 0 1 0 0 0 0 0 0 0 1 0 0 0
geno chr19.7483457 gbr  1 0 0 1 0 0 1 1 0 0 0 0 0 0 0 0 0 0 0 0 0 0 0 0 0 0 0 0 0 0 0 0 0 0 0 1 0 0 0 0 0 0 0 0 0 0 0 0 0 0 0 1 0 0 0 0 0 0 0 0 0 0 0 0 0 0 0 0 0 0 0 0 0 0 0 0 0 0 0 0 0 0 0 0
geno chr19.7483457 tsi  0 0 0 0 0 0 0 0 0 0 0 0 0 0 0 0 1 0 0 0 0 0 0 0 0 0 0 0 0 0 0 0 0 0 0 0 0 0 0 0 0 0 0 0 0 0 0 0 0 0 0 0 0 0 0 0 0 0 0 0 0 0 0 0 0 0 0 0 0 0 0 0 0 0 0 0 0 0 0 0 0 0 0 0 0 0 0 0 0 1 0 0
geno chr19.7483457 yri  1 2 2 2 1 1 1 1 2 1 0 0 1 2 1 2 1 2 1 0 1 1 1 1 1 1 0 0 0 0 2 0 1 1 1 2 1 2 1 0 2 2 1 2 0 2 2 1 2 1 0 0 1 2 0 2 1 2 1 2 2 1 1 1 2 2 1 2 1 2 1 0 0 1 1 2 2
geno chr19.7483632 ceu  1 1 1 1 1 2 2 1 1 1 1 2 0 1 1 1 1 2 2 0 0 2 1 1 1 0 0 1 1 1 2 1 2 0 2 1 1 2 0 1 0 1 0 1 1 2 2 1 0 2 1 2 1 1 2 1 1 2 0 0 2 1 1 2 1 1 1 1 2 1 2 1 1 0 1 0 1 2
geno chr19.7483632 fin  2 1 2 1 2 0 2 1 2 0 1 1 1 0 1 1 1 2 1 0 0 0 1 2 0 1 2 1 1 1 1 1 1 1 1 0 0 1 0 2 1 2 0 1 2 1 1 2 1 1 2 0 2 1 0 1 1 2 2 2 1 1 2 0 0 0 2 0 2 1 2 1 0 1 0 1 2 1 1 2 1 0 1 1 1 2 1 2 1
geno chr19.7483632 gbr  1 2 1 2 2 2 2 2 2 2 1 1 2 1 1 1 1 2 0 1 2 2 1 1 2 2 1 0 1 2 2 0 2 1 1 1 2 0 0 2 1 0 0 1 1 2 1 2 2 0 0 1 1 2 1 2 2 0 1 2 2 1 2 1 1 1 0 1 1 1 1 1 1 1 1 2 2 2 0 0 0 0 2 2
geno chr19.7483632 tsi  2 0 0 1 1 2 2 1 1 1 1 1 1 1 2 2 2 2 2 2 2 1 1 2 2 2 0 2 2 2 1 1 2 2 2 2 2 1 2 2 2 1 2 1 1 1 1 1 2 0 1 0 1 1 1 1 2 1 2 1 2 2 2 2 1 2 0 1 1 1 2 1 0 2 1 0 2 2 2 2 1 2 2 1 2 1 2 2 1 2 2 2
geno chr19.7483632 yri  1 2 2 2 1 1 1 1 2 1 0 0 1 2 1 2 1 2 1 0 1 1 1 1 1 2 0 2 0 0 2 0 1 2 1 2 1 2 2 1 2 2 1 2 1 2 2 2 2 2 0 0 1 2 1 2 1 2 1 2 2 2 1 1 2 2 1 2 2 2 1 0 0 1 1 2 2
geno chr19.7483658 ceu  0 0 1 0 0 0 0 1 0 0 0 0 0 0 0 0 0 0 0 0 0 0 1 0 0 0 0 0 0 0 0 0 0 0 0 0 0 0 0 0 0 0 0 0 0 0 0 0 0 0 0 0 0 0 0 0 0 0 0 0 0 0 0 0 0 0 0 0 0 0 0 0 0 0 0 0 0 0
geno chr19.7483658 fin  2 0 0 0 0 0 0 0 0 0 1 1 0 0 0 0 0 0 0 0 0 0 0 0 0 0 0 0 0 0 0 0 0 0 0 0 0 0 0 0 0 0 0 1 0 0 1 0 0 0 0 0 0 1 0 0 0 1 0 0 0 0 0 0 0 0 0 0 0 0 0 1 0 0 0 0 0 1 0 0 0 0 0 0 0 1 0 0 0
geno chr19.7483658 gbr  1 0 0 1 0 0 1 1 0 0 0 0 0 0 0 0 0 0 0 0 0 0 0 0 0 0 0 0 0 0 0 0 0 0 0 1 0 0 0 0 0 0 0 0 0 0 0 0 0 0 0 1 0 0 0 0 0 0 0 0 0 0 0 0 0 0 0 0 0 0 0 0 0 0 0 0 0 0 0 0 0 0 0 0
geno chr19.7483658 tsi  0 0 0 0 0 0 0 0 0 0 0 0 0 0 0 0 1 0 0 0 0 0 0 0 0 0 1 0 0 0 0 0 0 0 0 0 0 0 0 0 0 0 0 0 0 0 0 0 0 0 0 0 0 0 0 0 0 0 0 0 0 0 0 0 0 0 0 0 0 0 0 0 0 0 0 1 0 0 0 0 0 0 0 0 0 0 0 0 0 1 0 0
geno chr19.7483658 yri  1 2 2 2 1 1 1 1 2 1 0 0 1 2 1 2 1 2 1 0 1 1 1 1 1 1 0 0 0 0 2 0 1 1 1 2 1 2 1 0 2 2 1 2 0 2 2 1 2 1 0 0 1 2 0 2 1 2 1 2 2 1 1 1 2 2 1 2 1 2 1 0 0 1 1 2 2
geno chr19.7483975 ceu  0 0 1 0 0 0 0 1 0 0 0 0 0 0 0 0 0 0 1 0 0 0 0 0 0 0 0 0 0 0 0 0 0 0 0 0 0 0 0 0 0 0 0 0 0 0 0 0 0 0 0 0 0 0 0 0 0 0 0 0 0 0 0 0 0 0 0 0 0 0 0 0 0 0 0 0 0 0
geno chr19.7483975 fin  2 0 0 0 0 0 0 0 0 0 0 1 0 0 0 0 0 0 0 0 0 0 0 0 0 0 0 0 0 0 0 0 0 0 0 0 0 0 0 0 0 0 0 0 0 0 1 0 1 0 0 0 0 1 0 0 0 1 0 0 0 0 0 0 0 0 0 0 0 0 0 0 0 0 0 0 0 0 0 0 0 0 0 0 0 0 0 0 0
geno chr19.7483975 gbr  0 0 0 0 0 1 0 0 0 0 0 0 0 0 0 0 0 0 0 0 0 0 0 0 0 0 0 0 0 0 0 0 0 0 0 0 0 0 0 0 0 0 0 0 0 0 0 0 0 0 0 0 0 0 0 0 0 0 0 0 0 1 0 0 0 0 0 0 0 0 0 0 0 0 0 0 0 0 0 0 0 0 0 0
geno chr19.7483975 tsi  0 0 0 0 0 0 0 0 0 0 0 0 0 0 0 0 0 0 0 0 0 0 0 0 0 0 0 0 0 0 0 0 0 0 0 0 0 0 0 0 0 0 0 0 0 0 0 0 0 0 0 0 0 0 0 0 0 0 0 0 0 0 0 0 0 0 0 0 0 0 0 0 0 0 0 0 0 0 0 0 0 0 0 0 0 0 1 0 0 0 0 0
geno chr19.7483975 yri  0 1 2 1 1 0 0 0 1 0 0 0 0 1 0 1 0 0 1 0 1 0 1 1 0 1 0 0 0 0 1 0 0 1 1 2 0 1 0 0 1 1 1 0 0 1 0 0 0 0 0 0 0 2 0 0 0 1 0 1 1 1 1 1 0 1 0 1 0 1 0 0 0 0 0 1 1
geno chr19.7483990 ceu  0 0 1 0 0 0 1 1 0 0 0 0 0 0 0 0 0 0 0 0 0 0 1 0 0 0 0 0 0 0 0 0 0 0 0 0 0 0 0 0 0 0 0 0 0 0 0 0 0 0 0 0 0 0 0 0 0 0 0 0 0 0 0 0 0 0 0 0 0 0 0 0 0 0 0 0 0 0
geno chr19.7483990 fin  2 0 1 0 0 0 0 0 0 0 1 1 0 0 0 0 0 0 0 0 0 0 0 0 0 0 0 0 0 0 0 0 0 0 0 0 0 0 0 0 0 0 0 1 0 0 1 0 0 0 0 0 0 1 0 0 0 1 0 0 0 0 0 0 0 0 0 0 0 0 0 0 0 0 0 0 0 1 0 0 0 0 0 0 0 1 0 0 0
geno chr19.7483990 gbr  1 0 0 1 0 0 0 1 0 0 0 0 0 0 0 0 0 0 0 0 0 0 0 0 0 0 0 0 0 0 0 0 0 0 0 0 0 0 0 0 0 0 0 0 0 0 0 0 0 0 0 1 0 0 0 0 0 0 0 0 0 0 0 0 0 0 0 0 0 0 0 0 0 0 0 0 0 0 0 0 0 0 0 0
geno chr19.7483990 tsi  0 0 0 0 0 0 0 0 0 0 0 0 0 0 0 0 1 0 0 0 0 0 0 0 0 0 0 0 0 0 0 0 0 0 0 0 0 0 0 0 0 0 0 0 0 0 0 0 0 0 0 0 0 0 0 0 0 0 0 0 0 0 0 0 0 0 0 0 0 0 0 0 0 0 0 0 0 0 0 0 0 0 0 0 0 0 0 0 0 1 0 0
geno chr19.7483990 yri  2 2 2 2 1 1 1 1 2 0 0 0 1 2 0 2 0 1 1 0 1 1 1 1 0 0 0 0 0 0 1 0 1 1 1 1 0 1 0 0 1 1 1 1 0 2 2 1 0 0 0 0 0 2 0 0 0 2 0 2 1 1 1 1 1 1 0 1 0 1 0 0 0 1 1 1 1
geno chr19.7484047 ceu  0 0 0 0 0 0 0 1 0 0 0 0 0 0 0 0 0 0 0 0 0 0 0 0 0 0 0 0 0 0 0 0 0 0 0 0 0 0 0 0 0 0 0 0 0 0 0 0 0 0 0 0 0 0 0 0 0 0 0 0 0 0 0 0 0 0 0 0 0 0 0 0 0 0 0 0 0 0
geno chr19.7484047 fin  2 0 0 0 0 0 0 0 0 0 1 1 0 0 0 0 0 0 0 0 0 0 0 0 0 0 0 0 0 0 0 0 0 0 0 0 0 0 0 0 0 0 0 0 0 0 0 0 0 0 0 0 0 1 0 0 0 1 0 0 0 0 0 0 0 0 0 0 0 0 0 0 0 0 0 0 0 0 0 0 0 0 0 0 0 1 0 0 0
geno chr19.7484047 gbr  0 0 0 1 0 0 0 0 0 0 0 0 0 0 0 0 0 0 0 0 0 0 0 0 0 0 0 0 0 0 0 0 0 0 0 0 0 0 1 0 0 0 0 0 0 0 0 0 0 0 0 1 0 0 0 0 0 0 0 0 0 0 0 0 0 0 0 0 0 0 0 0 0 0 0 0 0 0 0 0 0 0 0 0
geno chr19.7484047 tsi  0 0 0 0 0 0 0 0 0 0 0 0 0 0 0 0 1 0 0 0 0 0 0 0 0 0 0 0 0 0 0 0 0 0 0 0 0 0 0 0 0 0 0 0 0 0 0 0 0 0 0 0 0 0 0 0 0 0 0 0 0 0 0 0 0 0 0 0 0 0 0 0 0 0 0 0 0 0 0 0 0 0 0 0 0 0 0 0 0 1 0 0
geno chr19.7484047 yri  0 2 2 1 0 1 0 0 1 0 0 0 1 1 0 2 1 1 0 0 1 1 0 1 0 1 0 0 0 0 2 0 0 1 1 0 1 1 0 0 1 2 1 1 0 2 1 1 1 0 0 0 0 1 0 1 1 1 0 0 1 1 1 1 2 1 0 1 0 2 1 0 0 0 1 2 1
geno chr19.7484051 ceu  0 0 0 0 0 0 0 1 0 0 0 0 0 0 0 0 0 0 0 0 0 0 0 0 0 0 0 0 0 0 0 0 0 0 0 0 0 0 0 0 0 0 0 0 0 0 0 0 0 0 0 0 0 0 0 0 0 0 0 0 0 0 0 0 0 0 0 0 0 0 0 0 0 0 0 0 0 0
geno chr19.7484051 fin  2 0 0 0 0 0 0 0 0 0 1 1 0 0 0 0 0 0 0 0 0 0 0 0 0 0 0 0 0 0 0 0 0 0 0 0 0 0 0 0 0 0 0 0 0 0 0 0 0 0 0 0 0 1 0 0 0 1 0 0 0 0 0 0 0 0 0 0 0 0 0 0 0 0 0 0 0 0 0 0 0 0 0 0 0 1 0 0 0
geno chr19.7484051 gbr  0 0 0 1 0 0 0 0 0 0 0 0 0 0 0 0 0 0 0 0 0 0 0 0 0 0 0 0 0 0 0 0 0 0 0 0 0 0 0 0 0 0 0 0 0 0 0 0 0 0 0 1 0 0 0 0 0 0 0 0 0 0 0 0 0 0 0 0 0 0 0 0 0 0 0 0 0 0 0 0 0 0 0 0
geno chr19.7484051 tsi  0 0 0 0 0 0 0 0 0 0 0 0 0 0 0 0 1 0 0 0 0 0 0 0 0 0 0 0 0 0 0 0 0 0 0 0 0 0 0 0 0 0 0 0 0 0 0 0 0 0 0 0 0 0 0 0 0 0 0 0 0 0 0 0 0 0 0 0 0 0 0 0 0 0 0 0 0 0 0 0 0 0 0 0 0 0 0 0 0 1 0 0
geno chr19.7484051 yri  0 2 2 2 0 1 0 1 1 0 0 0 1 2 0 2 1 1 0 0 1 1 0 1 0 0 0 0 0 0 2 0 0 2 1 1 0 1 1 0 1 2 1 0 0 2 0 2 1 0 0 0 0 1 0 1 0 2 0 0 1 1 1 1 2 1 0 1 0 2 1 0 0 0 1 2 1
geno chr19.7484094 ceu  0 0 1 0 0 0 0 0 0 0 0 0 0 0 0 0 0 0 0 0 0 0 0 0 0 0 0 0 0 0 0 0 0 0 0 0 0 0 0 0 0 0 0 0 0 0 0 0 0 0 0 0 0 0 0 0 0 0 0 0 0 0 0 0 0 0 0 0 0 0 0 0 0 0 0 0 0 0
geno chr19.7484094 fin  0 0 0 0 0 0 0 0 0 0 0 0 0 0 0 0 0 0 0 0 0 0 0 0 0 0 0 0 0 0 0 0 0 0 0 0 0 0 0 0 0 0 0 0 0 0 1 0 0 0 0 0 0 0 0 0 0 0 0 0 0 0 0 0 0 0 0 0 0 0 0 1 0 0 0 0 0 0 0 0 0 0 0 0 0 0 0 0 0
geno chr19.7484094 gbr  0 0 0 0 0 0 0 0 0 0 0 0 0 0 0 0 0 0 0 0 0 0 0 0 0 0 0 0 0 0 0 0 0 0 0 1 0 0 0 0 0 0 0 0 0 0 0 0 0 0 0 0 0 0 0 0 0 0 0 0 0 0 0 0 0 0 0 0 0 0 0 0 0 0 0 0 0 0 0 0 0 0 0 0
geno chr19.7484094 tsi  0 0 0 0 0 0 0 0 0 0 0 0 0 0 0 0 0 0 0 0 0 0 0 0 0 0 0 0 0 0 0 0 0 0 0 0 0 0 0 0 0 0 0 0 0 0 0 0 0 0 0 0 0 0 0 0 0 0 0 0 0 0 0 0 0 0 0 0 0 0 0 0 0 0 0 0 0 0 0 0 0 0 0 0 0 0 0 0 0 1 0 0
geno chr19.7484094 yri  1 1 0 1 0 0 0 0 1 0 0 0 0 1 0 1 0 1 1 0 0 0 0 1 0 1 0 0 0 0 1 0 1 0 0 1 1 0 0 0 1 1 0 1 0 1 1 0 0 0 0 0 0 2 0 0 1 0 0 1 0 1 0 0 0 0 0 1 0 1 0 0 0 1 0 0 0
geno chr19.7484116 ceu  1 1 0 1 1 2 1 0 1 1 1 1 0 1 1 1 1 2 2 0 0 2 0 1 1 0 0 1 1 1 2 1 2 0 2 1 1 2 0 1 0 1 0 1 1 2 2 1 0 2 1 2 1 1 1 1 1 2 0 0 1 1 1 2 1 2 1 1 2 1 2 1 1 0 1 0 1 2
geno chr19.7484116 fin  0 1 2 1 2 0 2 1 2 0 0 0 1 0 1 1 1 2 1 0 0 0 1 2 0 1 2 1 1 1 1 1 1 1 1 0 0 1 0 2 1 2 0 0 2 1 0 2 1 1 1 0 2 0 0 1 1 1 2 2 1 1 1 0 0 0 2 0 2 1 2 0 0 1 0 1 2 0 1 2 1 0 1 1 1 1 1 2 1
geno chr19.7484116 gbr  0 2 1 1 2 2 1 1 2 2 1 1 2 1 1 1 1 2 0 1 2 2 1 1 2 2 1 0 1 2 2 0 2 1 1 0 2 0 0 2 1 0 0 1 1 2 1 2 2 0 0 0 1 2 1 1 2 0 1 2 2 1 2 1 1 1 0 1 1 1 1 1 1 1 1 2 2 2 0 0 0 0 2 2
geno chr19.7484116 tsi  2 0 0 1 1 2 2 1 1 1 1 1 1 1 2 1 1 2 2 2 1 1 1 2 2 2 0 2 2 2 2 1 1 2 2 2 2 1 2 2 2 1 1 1 1 1 1 1 2 0 1 0 1 1 1 1 1 1 2 1 2 2 2 2 1 2 0 1 1 1 2 1 0 2 1 0 1 2 2 2 1 2 2 1 2 1 2 2 1 1 2 2
geno chr19.7484116 yri  1 0 0 0 1 0 0 0 0 0 1 1 1 0 1 0 0 0 0 0 0 0 1 0 0 1 1 2 1 0 0 1 1 1 0 0 1 0 1 1 0 0 0 0 1 0 0 1 0 1 0 0 1 0 1 0 0 0 0 0 0 1 1 0 0 0 1 0 1 0 0 0 2 1 0 0 0
geno chr19.7484145 ceu  0 0 1 0 0 0 0 1 0 0 0 0 0 0 0 0 0 0 0 0 0 0 0 0 0 0 0 0 0 0 0 0 0 0 0 0 0 0 0 0 0 0 0 0 0 0 0 0 0 0 0 0 0 0 0 0 0 0 0 0 0 0 0 0 0 0 0 0 0 0 0 0 0 0 0 0 0 0
geno chr19.7484145 fin  2 0 0 0 0 0 0 0 0 0 1 1 0 0 0 0 0 0 0 0 0 0 0 0 0 0 0 0 0 0 0 0 0 0 0 0 0 0 0 0 0 0 0 1 0 0 0 0 0 0 0 0 0 1 0 0 0 1 0 0 0 0 0 0 0 0 0 0 0 0 0 0 0 0 0 0 0 1 0 0 0 0 0 0 0 1 0 0 0
geno chr19.7484145 gbr  1 0 0 1 0 0 1 1 0 0 0 0 0 0 0 0 0 0 0 0 0 0 0 0 0 0 0 0 0 0 0 0 0 0 0 0 0 0 0 0 0 0 0 0 0 0 0 0 0 0 0 1 0 0 0 0 0 0 0 0 0 0 0 0 0 0 0 0 0 0 0 0 0 0 0 0 0 0 0 0 0 0 0 0
geno chr19.7484145 tsi  0 0 0 0 0 0 0 0 0 0 0 0 0 0 0 0 1 0 0 0 0 0 0 0 0 0 0 0 0 0 0 0 0 0 0 0 0 0 0 0 0 0 0 0 0 0 0 0 0 0 0 0 0 0 0 0 0 0 0 0 0 0 0 0 0 0 0 0 0 0 0 0 0 0 0 1 0 0 0 0 0 0 0 0 0 0 0 0 0 0 0 0
geno chr19.7484145 yri  1 2 2 2 1 1 0 1 2 0 0 0 0 1 0 2 1 1 1 0 1 2 0 1 0 0 0 0 0 1 1 0 0 1 1 1 0 1 1 0 1 1 2 0 1 2 1 1 1 0 1 1 0 2 0 2 0 1 1 2 2 1 0 1 1 2 1 2 0 2 1 0 0 1 1 2 2
geno chr19.7484147 ceu  0 0 1 0 0 0 0 1 0 0 0 0 0 0 0 0 0 0 0 0 0 0 0 0 0 0 0 0 0 0 0 0 0 0 0 0 0 0 0 0 0 0 0 0 0 0 0 0 0 0 0 0 0 0 0 0 0 0 0 0 0 0 0 0 0 0 0 0 0 0 0 0 0 0 0 0 0 0
geno chr19.7484147 fin  2 0 0 0 0 0 0 0 0 0 1 1 0 0 0 0 0 0 0 0 0 0 0 0 0 0 0 0 0 0 0 0 0 0 0 0 0 0 0 0 0 0 0 1 0 0 0 0 0 0 0 0 0 1 0 0 0 1 0 0 0 0 0 0 0 0 0 0 0 0 0 0 0 0 0 0 0 1 0 0 0 0 0 0 0 1 0 0 0
geno chr19.7484147 gbr  1 0 0 1 0 0 1 1 0 0 0 0 0 0 0 0 0 0 0 0 0 0 0 0 0 0 0 0 0 0 0 0 0 0 0 0 0 0 0 0 0 0 0 0 0 0 0 0 0 0 0 1 0 0 0 0 0 0 0 0 0 0 0 0 0 0 0 0 0 0 0 0 0 0 0 0 0 0 0 0 0 0 0 0
geno chr19.7484147 tsi  0 0 0 0 0 0 0 0 0 0 0 0 0 0 0 0 1 0 0 0 0 0 0 0 0 0 0 0 0 0 0 0 0 0 0 0 0 0 0 0 0 0 0 0 0 0 0 0 0 0 0 0 0 0 0 0 0 0 0 0 0 0 0 0 0 0 0 0 0 0 0 0 0 0 0 0 0 0 0 0 0 0 0 0 0 0 0 0 0 0 0 0
geno chr19.7484147 yri  1 2 2 1 1 1 0 1 2 0 0 0 0 1 0 2 1 1 1 0 1 1 0 1 0 0 0 0 0 0 1 0 0 1 1 1 0 1 1 0 1 1 1 0 0 2 1 1 1 0 0 0 0 2 0 2 0 1 1 2 2 1 0 1 1 2 1 2 0 2 1 0 0 1 1 2 2
geno chr19.7484158 ceu  0 0 1 0 0 0 0 1 0 0 0 0 0 0 0 0 0 0 0 0 0 0 0 0 0 0 0 0 0 0 0 0 0 0 0 0 0 0 0 0 0 0 0 0 0 0 0 0 0 0 0 0 0 0 0 0 0 0 0 0 0 0 0 0 0 0 0 0 0 0 0 0 0 0 0 0 0 0
geno chr19.7484158 fin  2 0 0 0 0 0 0 0 0 0 1 1 0 0 0 0 0 0 0 0 0 0 0 0 0 0 0 0 0 0 0 0 0 0 0 0 0 0 0 0 0 0 0 1 0 0 0 0 0 0 0 0 0 1 0 0 0 1 0 0 0 0 0 0 0 0 0 0 0 0 0 0 0 0 0 0 0 1 0 0 0 0 0 0 0 1 0 0 0
geno chr19.7484158 gbr  1 0 0 1 0 0 1 1 0 0 0 0 0 0 0 0 0 0 0 0 0 0 0 0 0 0 0 0 0 0 0 0 0 0 0 0 0 0 0 0 0 0 0 0 0 0 0 0 0 0 0 1 0 0 0 0 0 0 0 0 0 0 0 0 0 0 0 0 0 0 0 0 0 0 0 0 0 0 0 0 0 0 0 0
geno chr19.7484158 tsi  0 0 0 0 0 0 0 0 0 0 0 0 0 0 0 0 1 0 0 0 0 0 0 0 0 0 0 0 0 0 0 0 0 0 0 0 0 0 0 0 0 0 0 0 0 0 0 0 0 0 0 0 0 0 0 0 0 0 0 0 0 0 0 0 0 0 0 0 0 0 0 0 0 0 0 0 0 0 0 0 0 0 0 0 0 0 0 0 0 0 0 0
geno chr19.7484158 yri  1 2 2 1 1 1 0 1 2 0 0 0 0 1 0 2 1 1 0 0 1 1 0 1 0 0 0 0 0 0 1 0 0 1 1 1 0 1 0 0 1 1 1 0 0 2 1 1 1 0 0 0 0 1 0 2 0 1 1 1 2 1 0 1 1 2 0 2 0 2 1 0 0 0 1 2 2
geno chr19.7484168 ceu  0 0 1 0 0 0 0 1 0 0 0 0 0 0 0 0 0 0 0 0 0 0 0 0 0 0 0 0 0 0 0 0 0 0 0 0 0 0 0 0 0 0 0 0 0 0 0 0 0 0 0 0 0 0 0 0 0 0 0 0 0 0 0 0 0 0 0 0 0 0 0 0 0 0 0 0 0 0
geno chr19.7484168 fin  2 0 0 0 0 0 0 0 0 0 1 1 0 0 0 0 0 0 0 0 0 0 0 0 0 0 0 0 0 0 0 0 0 0 0 0 0 0 0 0 0 0 0 1 0 0 1 0 0 0 0 0 0 1 0 0 0 1 0 0 0 0 0 0 0 0 0 0 0 0 0 0 0 0 0 0 0 1 0 0 0 0 0 0 0 1 0 0 0
geno chr19.7484168 gbr  1 0 0 1 0 0 1 1 0 0 0 0 0 0 0 0 0 0 0 0 0 0 0 0 0 0 0 0 0 0 0 0 0 0 0 0 0 0 0 0 0 0 0 0 0 0 0 0 0 0 0 1 0 0 0 0 0 0 0 0 0 0 0 0 0 0 0 0 0 0 0 0 0 0 0 0 0 0 0 0 0 0 0 0
geno chr19.7484168 tsi  0 0 0 0 0 0 0 0 0 0 0 0 0 0 0 0 1 0 0 0 0 0 0 0 0 0 0 0 0 0 0 0 0 0 0 0 0 0 0 0 0 0 0 0 0 0 0 0 0 0 0 0 0 0 0 0 0 0 0 0 0 0 0 0 0 0 0 0 0 0 0 0 0 0 0 0 0 0 0 0 0 0 0 0 0 0 0 0 0 0 0 0
geno chr19.7484168 yri  1 1 2 2 0 1 0 1 1 0 0 0 0 1 0 2 0 1 1 0 1 0 0 1 0 0 0 0 0 0 1 0 0 1 1 1 0 1 0 0 1 1 1 0 0 2 1 1 1 0 0 0 0 2 0 2 0 1 1 2 2 0 0 1 0 2 0 2 0 2 1 0 0 0 1 2 2
geno chr19.7484176 ceu  0 0 1 0 0 0 0 1 0 0 0 0 0 0 0 0 0 0 0 0 0 0 0 0 0 0 0 0 0 0 0 0 0 0 0 0 0 0 0 0 0 0 0 0 0 0 0 0 0 0 0 0 0 0 0 0 0 0 0 0 0 0 0 0 0 0 0 0 0 0 0 0 0 0 0 0 0 0
geno chr19.7484176 fin  2 0 0 0 0 0 0 0 0 0 1 1 0 0 0 0 0 0 0 0 0 0 0 0 0 0 0 0 0 0 0 0 0 0 0 0 0 0 0 0 0 0 0 1 0 0 0 0 0 0 0 0 0 1 0 0 0 1 0 0 0 0 0 0 0 0 0 0 0 0 0 0 0 0 0 0 0 1 0 0 0 0 0 0 0 1 0 0 0
geno chr19.7484176 gbr  1 0 0 1 0 0 1 1 0 0 0 0 0 0 0 0 0 0 0 0 0 0 0 0 0 0 0 0 0 0 0 0 0 0 0 0 0 0 0 0 0 0 0 0 0 0 0 0 0 0 0 1 0 0 0 0 0 0 0 0 0 0 0 0 0 0 0 0 0 0 0 0 0 0 0 0 0 0 0 0 0 0 0 0
geno chr19.7484176 tsi  0 0 0 0 0 0 0 0 0 0 0 0 0 0 0 0 1 0 0 0 0 0 0 0 0 0 0 0 0 0 0 0 0 0 0 0 0 0 0 0 0 0 0 0 0 0 0 0 0 0 0 0 0 0 0 0 0 0 0 0 0 0 0 0 0 0 0 0 0 0 0 0 0 0 0 0 0 0 0 0 0 0 0 0 0 0 0 0 0 0 0 0
geno chr19.7484176 yri  1 2 2 2 0 0 0 1 1 0 0 0 0 1 0 2 0 1 1 0 1 0 0 1 0 0 0 0 0 0 1 0 0 1 0 1 0 1 0 0 1 1 1 0 0 2 1 1 1 0 0 0 0 2 0 2 1 1 1 2 1 0 0 1 1 1 0 2 0 2 1 0 0 0 1 2 1
geno chr19.7484181 ceu  0 0 1 0 0 0 0 1 0 0 0 0 0 0 0 0 0 0 0 0 0 0 0 0 0 0 0 0 0 0 0 0 0 0 0 0 0 0 0 0 0 0 0 0 0 0 0 0 0 0 0 0 0 0 0 0 0 0 0 0 0 0 0 0 0 0 0 0 0 0 0 0 0 0 0 0 0 0
geno chr19.7484181 fin  2 0 0 0 0 0 0 0 0 0 1 1 0 0 0 0 0 0 0 0 0 0 0 0 0 0 0 0 0 0 0 0 0 0 0 0 0 0 0 0 0 0 0 1 0 0 1 0 0 0 0 0 0 1 0 0 0 1 0 0 0 0 0 0 0 0 0 0 0 0 0 0 0 0 0 0 0 1 0 0 0 0 0 0 0 1 0 0 0
geno chr19.7484181 gbr  1 0 0 1 0 0 1 1 0 0 0 0 0 0 0 0 0 0 0 0 0 0 0 0 0 0 0 0 0 0 0 0 0 0 0 0 0 0 0 0 0 0 0 0 0 0 0 0 0 0 0 1 0 0 0 0 0 0 0 0 0 0 0 0 0 0 0 0 0 0 0 0 0 0 0 0 0 0 0 0 0 0 0 0
geno chr19.7484181 tsi  0 0 0 0 0 0 0 0 0 0 0 0 0 0 0 0 1 0 0 0 0 0 0 0 0 0 0 0 0 0 0 0 0 0 0 0 0 0 0 0 0 0 0 0 0 0 0 0 0 0 0 0 0 0 0 0 0 0 0 0 0 0 0 0 0 0 0 0 0 0 0 0 0 0 0 0 0 0 0 0 0 0 0 0 0 0 0 0 0 1 0 0
geno chr19.7484181 yri  1 2 2 2 0 0 0 1 1 0 0 0 0 1 0 2 0 1 1 0 1 0 0 2 1 0 0 0 0 0 1 0 0 1 0 1 0 1 0 0 1 2 1 0 0 2 1 1 1 0 0 0 1 2 0 1 1 1 0 2 2 0 0 1 1 2 0 1 1 2 2 0 0 0 1 2 2
geno chr19.7484187 ceu  0 0 1 0 0 0 0 1 0 0 0 0 0 0 0 0 0 0 0 0 0 0 0 0 0 0 0 0 0 0 0 0 0 0 0 0 0 0 0 0 0 0 0 0 0 0 0 0 0 0 0 0 0 0 0 0 0 0 0 0 0 0 0 0 0 0 0 0 0 0 0 0 0 0 0 0 0 0
geno chr19.7484187 fin  2 0 0 0 0 0 0 0 0 0 1 1 0 0 0 0 0 0 0 0 0 0 0 0 0 0 0 0 0 0 0 0 0 0 0 0 0 0 0 0 1 0 0 0 0 0 0 0 0 0 0 0 0 1 0 0 0 2 0 0 0 0 1 0 0 0 0 0 0 0 0 0 0 0 0 0 0 1 0 0 0 0 0 0 0 1 0 0 0
geno chr19.7484187 gbr  1 0 0 1 0 0 0 1 0 0 0 0 0 0 0 0 0 0 0 0 0 0 0 0 0 0 0 0 0 0 0 0 0 0 0 0 0 0 0 0 0 0 0 0 0 0 0 0 0 0 0 1 0 0 0 0 0 0 0 0 0 0 0 0 0 0 0 0 0 0 0 0 0 0 0 0 0 0 0 0 0 0 0 0
geno chr19.7484187 tsi  0 0 0 0 0 0 0 0 0 0 0 0 0 0 0 0 1 0 0 0 0 1 0 0 0 0 0 0 0 0 0 0 0 0 0 0 0 0 0 0 0 0 0 0 0 0 0 0 0 0 0 0 0 0 0 0 0 0 0 0 0 0 0 0 0 0 0 0 0 0 0 0 0 0 0 0 0 0 0 0 0 0 0 0 0 0 0 0 0 1 0 0
geno chr19.7484187 yri  1 1 2 1 1 1 1 1 1 1 0 0 1 2 0 2 0 1 1 0 1 0 1 0 0 1 0 0 0 0 1 0 0 1 0 0 0 1 1 0 1 1 1 1 0 2 1 1 1 0 0 0 1 2 0 1 1 2 0 2 2 0 1 1 1 1 1 1 1 1 1 0 0 0 1 1 2
geno chr19.7484247 ceu  0 0 1 0 0 0 0 1 0 0 0 0 0 0 0 0 0 0 0 0 0 0 1 0 0 0 0 0 0 0 0 0 0 0 0 0 0 0 0 0 0 0 0 0 0 0 0 0 0 0 0 0 0 0 0 0 0 0 0 0 0 0 0 0 0 0 0 0 0 0 0 0 0 0 0 0 0 0
geno chr19.7484247 fin  2 0 0 0 0 0 0 0 0 0 1 1 0 0 0 0 0 0 0 0 0 0 0 0 0 0 0 0 0 0 0 0 0 0 0 0 0 0 0 0 0 0 0 1 0 0 1 0 0 0 0 0 0 1 0 0 0 1 0 0 0 0 0 0 0 0 0 0 0 0 0 1 0 0 0 0 0 1 0 0 0 0 0 0 0 1 0 0 0
geno chr19.7484247 gbr  1 0 0 1 0 0 1 1 0 0 0 0 0 0 0 0 0 0 0 0 0 0 0 0 0 0 0 0 0 0 0 0 0 0 0 1 0 0 0 0 0 0 0 0 0 0 0 0 0 0 0 1 0 0 0 0 0 0 0 0 0 0 0 0 0 0 0 0 0 0 0 0 0 0 0 0 0 0 0 0 0 0 0 0
geno chr19.7484247 tsi  0 0 0 0 0 0 0 0 0 0 0 0 0 0 0 0 1 0 0 0 0 0 0 0 0 0 0 0 0 0 0 0 0 0 0 0 0 0 0 0 0 0 0 0 0 0 0 0 0 0 0 0 0 0 0 0 0 0 0 0 0 0 0 0 0 0 0 0 0 0 0 0 0 0 0 0 0 0 0 0 0 0 0 0 0 0 0 0 0 1 0 0
geno chr19.7484247 yri  1 2 2 2 1 1 1 1 2 1 0 0 1 2 1 2 1 2 1 0 1 1 1 1 1 1 0 0 0 0 2 0 1 1 1 2 1 2 1 0 2 2 1 2 0 2 2 1 2 1 0 0 1 2 0 2 1 2 1 2 2 1 1 1 2 2 1 2 1 2 1 0 0 1 1 2 2
geno chr19.7484305 ceu  0 0 1 0 0 0 0 1 0 0 0 0 0 0 0 0 0 0 0 0 0 0 1 0 0 0 0 0 0 0 0 0 0 0 0 0 0 0 0 0 0 0 0 0 0 0 0 0 0 0 0 0 0 0 0 0 0 0 0 0 0 0 0 0 0 0 0 0 0 0 0 0 0 0 0 0 0 0
geno chr19.7484305 fin  2 0 0 0 0 0 0 0 0 0 1 1 0 0 0 0 0 0 0 0 0 0 0 0 0 0 0 0 0 0 0 0 0 0 0 0 0 0 0 0 0 0 0 1 0 0 1 0 0 0 0 0 0 1 0 0 0 1 0 0 0 0 0 0 0 0 0 0 0 0 0 1 0 0 0 0 0 1 0 0 0 0 0 0 0 1 0 0 0
geno chr19.7484305 gbr  1 0 0 1 0 0 1 1 0 0 0 0 0 0 0 0 0 0 0 0 0 0 0 0 0 0 0 0 0 0 0 0 0 0 0 1 0 0 0 0 0 0 0 0 0 0 0 0 0 0 0 1 0 0 0 0 0 0 0 0 0 0 0 0 0 0 0 0 0 0 0 0 0 0 0 0 0 0 0 0 0 0 0 0
geno chr19.7484305 tsi  0 0 0 0 0 0 0 0 0 0 0 0 0 0 0 0 1 0 0 0 0 0 0 0 0 0 0 0 0 0 0 0 0 0 0 0 0 0 0 0 0 0 0 0 0 0 0 0 0 0 0 0 0 0 0 0 0 0 0 0 0 0 0 0 0 0 0 0 0 0 0 0 0 0 0 0 0 0 0 0 0 0 0 0 0 0 0 0 0 1 0 0
geno chr19.7484305 yri  1 2 2 2 1 1 1 1 2 1 0 0 1 2 1 2 1 2 1 0 1 1 1 1 1 1 0 0 0 0 2 0 1 1 1 2 1 2 1 0 2 2 1 2 0 2 2 1 2 1 0 0 1 2 0 2 1 2 1 2 2 1 1 1 2 2 1 2 1 2 1 0 0 1 1 2 2
geno chr19.7484318 ceu  0 0 1 0 0 0 0 0 0 0 0 0 0 0 0 0 0 0 0 0 0 0 0 0 0 0 0 0 0 0 0 0 0 0 0 0 0 0 0 0 0 0 0 0 0 0 0 0 0 0 0 0 0 0 0 0 0 0 0 0 0 0 0 0 0 0 0 0 0 0 0 0 0 0 0 0 0 0
geno chr19.7484318 fin  0 0 0 0 0 0 0 0 0 0 0 0 0 0 0 0 0 0 0 0 0 0 0 0 0 0 0 0 0 0 0 0 0 0 0 0 0 0 0 0 0 0 0 0 0 0 1 0 0 0 0 0 0 0 0 0 0 0 0 0 0 0 0 0 0 0 0 0 0 0 0 0 0 0 0 0 0 0 0 0 0 0 0 0 0 0 0 0 0
geno chr19.7484318 gbr  0 0 0 0 0 0 0 0 0 0 0 0 0 0 0 0 0 0 0 0 0 0 0 0 0 0 0 0 0 0 0 0 0 0 0 0 0 0 0 0 0 0 0 0 0 0 0 0 0 0 0 0 0 0 0 0 0 0 0 0 0 0 0 0 0 0 0 0 0 0 0 0 0 0 0 0 0 0 0 0 0 0 0 0
geno chr19.7484318 tsi  0 0 0 0 0 0 0 0 0 0 0 0 0 0 0 0 0 0 0 0 0 0 0 0 0 0 0 0 0 0 0 0 0 0 0 0 0 0 0 0 0 0 0 0 0 0 0 0 0 0 0 0 0 0 0 0 0 0 0 0 0 0 0 0 0 0 0 0 0 0 0 0 0 0 0 0 0 0 0 0 0 0 0 0 0 0 0 0 0 0 0 0
geno chr19.7484318 yri  1 0 0 0 0 0 1 0 0 0 0 0 0 0 1 0 0 1 1 0 0 0 1 0 1 1 0 0 0 0 0 0 1 0 0 1 1 1 0 0 1 0 0 1 0 0 1 0 1 1 0 0 0 1 0 0 0 0 0 2 1 0 0 0 0 1 0 0 0 1 1 0 0 0 0 1 1
geno chr19.7484368 ceu  1 1 0 1 1 2 2 0 1 1 1 2 0 1 1 1 1 2 2 0 0 2 0 1 1 0 0 1 1 1 2 1 2 0 2 1 1 2 0 1 0 1 0 1 1 2 2 1 0 2 1 2 1 1 2 1 1 2 0 0 2 1 1 2 1 1 1 1 2 1 2 1 1 0 1 0 1 2
geno chr19.7484368 fin  0 1 2 1 2 0 2 1 2 0 0 0 1 0 1 1 1 2 1 0 0 0 1 2 0 1 2 1 1 1 1 1 1 1 1 0 0 1 0 2 1 2 0 0 2 1 0 2 1 1 2 0 2 0 0 1 1 1 2 2 1 1 2 0 0 0 2 0 2 1 2 0 0 1 0 1 2 0 1 2 1 0 1 1 1 1 1 2 1
geno chr19.7484368 gbr  0 2 1 1 2 2 1 1 2 2 1 1 2 1 1 1 1 2 0 1 2 2 1 1 2 2 1 0 1 2 2 0 2 1 1 0 2 0 0 2 1 0 0 1 1 2 1 2 2 0 0 0 1 2 1 2 2 0 1 2 2 1 2 1 1 1 0 1 1 1 1 1 1 1 1 2 2 2 0 0 0 0 2 2
geno chr19.7484368 tsi  2 0 0 1 1 2 2 1 1 1 1 1 1 1 2 2 1 2 2 2 2 1 1 2 2 2 0 2 2 2 1 1 2 2 2 2 2 1 2 2 2 1 2 1 1 1 1 1 2 0 1 0 1 1 1 1 2 1 2 1 2 2 2 2 1 2 0 1 1 1 2 1 0 2 1 0 2 2 2 2 1 2 2 1 2 1 2 2 1 1 2 2
geno chr19.7484368 yri  0 0 0 0 1 1 0 0 0 0 1 0 1 0 1 0 0 0 1 1 0 0 0 0 0 1 0 2 0 0 0 0 0 1 1 0 0 0 1 1 0 0 0 0 1 0 0 1 0 1 0 1 0 0 1 0 0 0 0 0 0 1 1 1 0 0 1 0 0 0 0 0 0 0 0 0 0
geno chr19.7484530 ceu  0 0 0 0 0 0 0 1 0 0 0 0 0 0 0 0 0 0 0 0 0 0 1 0 0 0 0 0 0 0 0 0 0 0 0 0 0 0 0 0 0 0 0 0 0 0 0 0 0 0 0 0 0 0 0 0 0 0 0 0 0 0 0 0 0 0 0 0 0 0 0 0 0 0 0 0 0 0
geno chr19.7484530 fin  2 0 0 0 0 0 0 0 0 0 1 1 0 0 0 0 0 0 0 0 0 0 0 0 0 0 0 0 0 0 0 0 0 0 0 0 0 0 0 0 0 0 0 1 0 0 0 0 0 0 0 0 0 1 0 0 0 1 0 0 0 0 0 0 0 0 0 0 0 0 0 1 0 0 0 0 0 1 0 0 0 0 0 0 0 1 0 0 0
geno chr19.7484530 gbr  1 0 0 1 0 0 1 1 0 0 0 0 0 0 0 0 0 0 0 0 0 0 0 0 0 0 0 0 0 0 0 0 0 0 0 1 0 0 0 0 0 0 0 0 0 0 0 0 0 0 0 1 0 0 0 0 0 0 0 0 0 0 0 0 0 0 0 0 0 0 0 0 0 0 0 0 0 0 0 0 0 0 0 0
geno chr19.7484530 tsi  0 0 0 0 0 0 0 0 0 0 0 0 0 0 0 0 1 0 0 0 0 0 0 0 0 0 0 0 0 0 0 0 0 0 0 0 0 0 0 0 0 0 0 0 0 0 0 0 0 0 0 0 0 0 0 0 0 0 0 0 0 0 0 0 0 0 0 0 0 0 0 0 0 0 0 0 0 0 0 0 0 0 0 0 0 0 0 0 0 1 0 0
geno chr19.7484530 yri  0 2 2 2 1 1 1 2 2 1 0 1 1 2 0 2 1 1 0 0 1 1 0 1 0 0 1 0 1 0 2 1 0 1 1 1 0 1 1 0 1 2 1 1 0 2 1 1 1 0 0 0 1 1 1 2 1 2 1 0 1 1 1 1 2 1 1 2 1 1 0 0 0 1 1 1 1
geno chr19.7484589 ceu  0 0 1 0 0 0 0 1 0 0 0 0 0 0 0 0 0 0 0 0 0 0 1 0 0 0 0 0 0 0 0 0 0 0 0 0 0 0 0 0 0 0 0 0 0 0 0 0 0 0 0 0 0 0 0 0 0 0 0 0 0 0 0 0 0 0 0 0 0 0 0 0 0 0 0 0 0 0
geno chr19.7484589 fin  2 0 0 0 0 0 0 0 0 0 1 1 0 0 0 0 0 0 0 0 0 0 0 0 0 0 0 0 0 0 0 0 0 0 0 0 0 0 0 0 0 0 0 1 0 0 1 0 0 0 0 0 0 1 0 0 0 1 0 0 0 0 0 0 0 0 0 0 0 0 0 1 0 0 0 0 0 1 0 0 0 0 0 0 0 1 0 0 0
geno chr19.7484589 gbr  1 0 0 1 0 0 1 1 0 0 0 0 0 0 0 0 0 0 0 0 0 0 0 0 0 0 0 0 0 0 0 0 0 0 0 1 0 0 0 0 0 0 0 0 0 0 0 0 0 0 0 1 0 0 0 0 0 0 0 0 0 0 0 0 0 0 0 0 0 0 0 0 0 0 0 0 0 0 0 0 0 0 0 0
geno chr19.7484589 tsi  0 0 0 0 0 0 0 0 0 0 0 0 0 0 0 0 1 0 0 0 0 0 0 0 0 0 0 0 0 0 0 0 0 0 0 0 0 0 0 0 0 0 0 0 0 0 0 0 0 0 0 0 0 0 0 0 0 0 0 0 0 0 0 0 0 0 0 0 0 0 0 0 0 0 0 0 0 0 0 0 0 0 0 0 0 0 0 0 0 1 0 0
geno chr19.7484589 yri  1 2 2 2 1 1 1 1 2 1 0 0 1 2 1 2 1 2 1 0 1 1 1 1 1 1 0 0 0 0 2 0 1 1 1 2 1 2 1 0 2 2 1 2 0 2 2 1 2 1 0 0 1 2 0 2 1 2 1 2 2 1 1 1 2 2 1 2 1 2 1 0 0 1 1 2 2
geno chr19.7484625 ceu  0 0 1 0 0 0 0 1 0 0 0 0 0 0 0 0 0 0 0 0 0 0 1 0 0 0 0 0 0 0 0 0 0 0 0 0 0 0 0 0 0 0 0 0 0 0 0 0 0 0 0 0 0 0 0 0 0 0 0 0 0 0 0 0 0 0 0 0 0 0 0 0 0 0 0 0 0 0
geno chr19.7484625 fin  2 0 0 0 0 0 0 0 0 0 1 1 0 0 0 0 0 0 0 0 0 0 0 0 0 0 0 0 0 0 0 0 0 0 0 0 0 0 0 0 0 0 0 1 0 0 1 0 0 0 0 0 0 1 0 0 0 1 0 0 0 0 0 0 0 0 0 0 0 0 0 1 0 0 0 0 0 1 0 0 0 0 0 0 0 1 0 0 0
geno chr19.7484625 gbr  1 0 0 1 0 0 1 1 0 0 0 0 0 0 0 0 0 0 0 0 0 0 0 0 0 0 0 0 0 0 0 0 0 0 0 1 0 0 0 0 0 0 0 0 0 0 0 0 0 0 0 1 0 0 0 0 0 0 0 0 0 0 0 0 0 0 0 0 0 0 0 0 0 0 0 0 0 0 0 0 0 0 0 0
geno chr19.7484625 tsi  0 0 0 0 0 0 0 0 0 0 0 0 0 0 0 0 1 0 0 0 0 0 0 0 0 0 0 0 0 0 0 0 0 0 0 0 0 0 0 0 0 0 0 0 0 0 0 0 0 0 0 0 0 0 0 0 0 0 0 0 0 0 0 0 0 0 0 0 0 0 0 0 0 0 0 0 0 0 0 0 0 0 0 0 0 0 0 0 0 1 0 0
geno chr19.7484625 yri  1 2 2 2 1 2 1 1 2 1 1 0 1 2 1 2 1 2 2 1 1 1 1 1 1 1 0 0 0 0 2 0 1 1 2 2 1 2 1 0 2 2 1 2 0 2 2 1 2 1 0 1 1 2 0 2 1 2 1 2 2 1 1 2 2 2 1 2 1 2 1 0 0 1 1 2 2
geno chr19.7484741 ceu  0 0 1 0 0 0 0 1 0 0 0 0 0 0 0 0 0 0 0 0 0 0 1 0 0 0 0 0 0 0 0 0 0 0 0 0 0 0 0 0 0 0 0 0 0 0 0 0 0 0 0 0 0 0 0 0 0 0 0 0 0 0 0 0 0 0 0 0 0 0 0 0 0 0 0 0 0 0
geno chr19.7484741 fin  2 0 0 0 0 0 0 0 0 0 1 1 0 0 0 0 0 0 0 0 0 0 0 0 0 0 0 0 0 0 0 0 0 0 0 0 0 0 0 0 0 0 0 1 0 0 1 0 0 0 0 0 0 1 0 0 0 1 0 0 0 0 0 0 0 0 0 0 0 0 0 1 0 0 0 0 0 1 0 0 0 0 0 0 0 1 0 0 0
geno chr19.7484741 gbr  1 0 0 1 0 0 1 1 0 0 0 0 0 0 0 0 0 0 0 0 0 0 0 0 0 0 0 0 0 0 0 0 0 0 0 1 0 0 0 0 0 0 0 0 0 0 0 0 0 0 0 1 0 0 0 0 0 0 0 0 0 0 0 0 0 0 0 0 0 0 0 0 0 0 0 0 0 0 0 0 0 0 0 0
geno chr19.7484741 tsi  0 0 0 0 0 0 0 0 0 0 0 0 0 0 0 0 1 0 0 0 0 0 0 0 0 0 0 0 0 0 0 0 0 0 0 0 0 0 0 0 0 0 0 0 0 0 0 0 0 0 0 0 0 0 0 0 0 0 0 0 0 0 0 0 0 0 0 0 0 0 0 0 0 0 0 0 0 0 0 0 0 0 0 0 0 0 0 0 0 1 0 0
geno chr19.7484741 yri  1 2 2 1 1 1 1 1 2 0 0 0 1 2 1 2 1 2 1 0 0 1 1 1 1 1 0 0 0 0 2 0 1 1 1 2 1 2 0 0 2 2 1 2 0 2 2 1 2 1 0 0 1 1 0 2 1 2 1 2 1 1 1 1 2 2 0 2 1 2 1 0 0 0 0 2 2
geno chr19.7484916 ceu  0 0 1 0 0 0 0 1 0 0 0 0 0 0 0 0 0 0 0 0 0 0 1 0 0 0 0 0 0 0 0 0 0 0 0 0 0 0 0 0 0 0 0 0 0 0 0 0 0 0 0 0 0 0 0 0 0 0 0 0 0 0 0 0 0 0 0 0 0 0 0 0 0 0 0 0 0 0
geno chr19.7484916 fin  2 0 0 0 0 0 0 0 0 0 1 1 0 0 0 0 0 0 0 0 0 0 0 0 0 0 0 0 0 0 0 0 0 0 0 0 0 0 0 0 0 0 0 1 0 0 1 0 0 0 0 0 0 1 0 0 0 1 0 0 0 0 0 0 0 0 0 0 0 0 0 1 0 0 0 0 0 1 0 0 0 0 0 0 0 1 0 0 0
geno chr19.7484916 gbr  1 0 0 1 0 0 1 1 0 0 0 0 0 0 0 0 0 0 0 0 0 0 0 0 0 0 0 0 0 0 0 0 0 0 0 1 0 0 0 0 0 0 0 0 0 0 0 0 0 0 0 1 0 0 0 0 0 0 0 0 0 0 0 0 0 0 0 0 0 0 0 0 0 0 0 0 0 0 0 0 0 0 0 0
geno chr19.7484916 tsi  0 0 0 0 0 0 0 0 0 0 0 0 0 0 0 0 1 0 0 0 0 0 0 0 0 0 0 0 0 0 0 0 0 0 0 0 0 0 0 0 0 0 0 0 0 0 0 0 0 0 0 0 0 0 0 0 0 0 0 0 0 0 0 0 0 0 0 0 0 0 0 0 0 0 0 0 0 0 0 0 0 0 0 0 0 0 0 0 0 1 0 0
geno chr19.7484916 yri  1 2 2 2 1 1 1 1 2 1 0 0 1 2 1 2 1 2 1 0 1 1 1 1 1 1 0 0 0 0 2 0 1 1 1 2 1 2 1 0 2 2 1 2 0 2 2 1 2 1 0 0 1 2 0 2 1 2 1 2 2 1 1 1 2 2 1 2 1 2 1 0 0 1 1 2 2
geno chr19.7484923 ceu  0 0 0 0 0 0 0 0 1 0 0 1 0 0 0 1 0 0 0 0 0 0 0 0 0 0 0 0 0 0 0 0 0 0 0 0 1 0 0 0 0 0 0 0 0 0 0 0 0 0 0 0 0 0 0 0 0 0 0 0 0 0 0 1 0 0 0 0 1 1 0 0 0 0 0 0 0 0
geno chr19.7484923 fin  0 0 0 0 0 0 0 0 0 0 0 0 0 0 0 1 0 1 0 0 0 0 0 0 0 0 1 0 0 0 0 0 1 0 0 0 0 1 0 0 1 0 0 0 0 0 0 0 2 0 0 0 0 0 0 0 0 1 0 0 0 0 1 0 0 0 0 0 0 0 0 0 0 0 0 0 0 0 0 1 0 0 0 0 0 1 1 0 0
geno chr19.7484923 gbr  0 0 0 0 0 0 1 1 0 0 0 0 0 1 0 0 0 0 0 0 0 0 0 0 0 0 1 0 0 0 0 0 0 0 0 0 0 0 0 0 0 0 0 0 0 0 0 0 0 0 0 0 0 0 0 0 0 0 0 0 0 0 1 0 1 0 0 0 0 0 0 0 0 0 1 0 0 0 0 0 0 0 0 0
geno chr19.7484923 tsi  0 0 0 0 0 1 0 0 0 0 0 0 0 0 0 0 0 0 0 0 0 0 0 1 0 0 0 0 1 1 0 0 0 1 0 0 1 0 0 0 2 0 0 0 1 0 0 1 0 0 1 0 0 0 0 0 0 0 0 0 0 0 0 0 0 0 0 0 0 0 0 0 0 0 0 0 0 0 0 0 1 0 0 0 0 0 1 0 0 1 0 1
geno chr19.7484923 yri  0 0 0 0 0 0 0 0 0 0 0 0 0 0 0 0 0 0 0 0 0 0 0 0 0 0 0 0 0 0 0 0 0 0 0 0 0 0 0 0 0 0 0 0 0 0 0 0 0 0 0 0 0 0 0 0 0 0 0 0 0 0 0 0 0 0 0 0 0 0 0 0 0 0 0 0 0
