pheno ENSG00000198961 ceu 0.5119403 2.189691 -0.4502375 0.4419893 1.186489 0.6304882 -0.6160061 0.05865206 1.242473 0.4879285 0.2687039 0.8771074 -0.8088115 1.402962 0.9488434 -0.9027494 0.141048 0.3201893 -2.210905 -0.3368748 0.6043773 2.436459 1.016715 0.531719 2.158249 0.6087619 1.590462 0.1206797 0.685348 2.183066 0.7012737 -0.2379865 0.1136924 0.6693513 0.05346318 0.9278124 1.327748 0.7788075 0.7846893 -0.2641745 1.40941 -0.1790734 -0.4612499 1.184642 0.8440542 0.5818461 0.7949143 0.8918404 0.9463128 1.295269 0.4649603 1.169333 1.430045 1.855028 1.0954 -0.1677701 0.8044745 -1.061199 -0.1441964 1.252353 -1.547747 2.451726 0.698541 2.557981 1.763197 2.102471 0.1763871 1.952012 -0.4646641 1.066636 0.03390233 -0.3430128 2.923532 1.878108 1.297525 0.02697011 0.7580479 1.324532
pheno ENSG00000198961 fin -3.131481 -0.5578051 0.2348938 -2.688043 -2.809068 -1.782 -0.8720673 -1.275562 -2.548461 -1.721027 -4.239382 -2.098087 -2.073335 -3.073689 -2.645541 -2.157522 -2.549711 -1.550146 -1.898717 -1.393514 -0.8952414 -1.734698 -3.290559 -2.320569 -1.795356 -2.420574 -1.795628 -2.282704 -1.047909 -3.26831 -3.446267 -1.774553 -1.910551 -2.969903 -2.009049 -2.507066 -1.616998 -1.553093 -1.849369 -2.052027 -3.442366 -3.104481 -0.1123935 -2.57086 -1.490271 -4.221397 -1.704657 -2.246621 -3.859498 -2.314376 -1.331049 -2.805866 -2.820484 -2.088412 -1.906929 -1.4721 -3.111445 -0.5674903 -1.260022 -2.971629 -3.352566 -2.551529 -1.87671 -3.302295 -0.788274 -2.304238 -2.793175 -2.625252 -2.789812 -3.45284 -3.096123 -0.5101721 -1.792682 -1.041359 -2.265713 -3.029309 -1.074255 -2.839864 -2.045056 -0.2985399 -3.474893 -1.448311 -2.210953 -2.20348 -1.135821 -1.713428 -3.287755 -2.896786 -3.417688
pheno ENSG00000198961 gbr -0.7561863 -1.520549 -0.2289999 -3.096266 -2.811324 -1.688592 -1.49793 -1.597586 -1.99601 -1.838912 -0.6671458 -1.805273 -1.159655 -1.14602 -1.129351 -0.9838113 0.01034302 -1.966222 -1.814229 -0.7637647 -2.258027 -1.756593 -2.786972 -2.166945 -4.235716 -2.399068 -1.227663 -2.775318 0.3323706 -4.076262 -2.482597 -1.848274 0.00713555 -1.370993 -0.8066409 -2.985322 -0.9842876 -3.795298 -1.809163 -2.79216 -1.071783 -1.223457 -0.1575218 -3.514202 -1.826275 -4.147502 -1.197022 -1.265171 -3.259558 -2.123053 -2.326193 -1.201163 -1.956324 -3.091072 -3.899769 -3.131872 -3.574197 -0.5529403 -1.977278 -3.259259 -1.423491 -1.463544 -1.933289 -3.60092 -1.234717 -1.312975 -0.3420532 -4.085131 -1.421886 -3.364379 0.09510082 -2.767155 -1.257304 -0.9871584 -1.887051 0.312773 -2.689787 -1.644665 -3.40012 -0.4701793 -1.625538 -0.4712545 1.310908 -2.804656
pheno ENSG00000198961 tsi 0.993219 -1.404679 -0.3907215 -1.085213 0.1485761 -1.082621 -1.071172 0.6641825 1.325404 -0.1766272 0.6431123 0.2946324 -1.42946 -0.6166565 -1.809668 1.185221 2.803699 0.8192285 -1.618817 -1.935195 -0.4220217 1.238431 -1.943481 -1.622231 -0.6465686 -0.5993062 2.198459 0.4802765 0.9364723 -1.251304 -1.126126 1.560423 -0.5640902 2.249438 0.1107465 0.3961658 -0.605724 -0.9056358 1.279455 -0.7550488 1.62767 -1.322995 -1.280104 -0.9812876 0.4206562 1.917608 -0.5525175 1.115461 -1.222519 2.213169 1.865702 -0.3418393 1.461184 -1.276943 0.8130961 1.788004 0.3806235 0.05704286 -1.426352 1.211618 -1.402356 -2.01376 0.1464617 0.8146238 2.100292 0.4446027 0.188747 -2.472587 -0.3876122 -0.003637168 0.7389971 -0.3824328 0.8998519 -0.8658344 0.7690518 0.5752696 0.4221462 0.6934832 -1.040376 0.3945848 0.7351524 -1.86768 0.1793154 2.219656 0.9474902 0.9316937 -0.400762 2.060919 0.5857188 1.105326 0.657242 0.9580731
pheno ENSG00000198961 yri -1.995397 -2.451579 -2.427107 -0.8781038 -1.368429 -2.441997 -2.351044 -1.061699 -0.1114173 -3.402042 -1.129554 0.09674615 -0.7880694 -0.8444186 -0.7041525 -2.367568 -0.1125417 -1.046066 -2.688601 -0.1307261 -3.891359 -2.271733 -2.260908 -2.015166 0.4515851 -2.054416 -2.514604 -1.558372 -2.338255 -2.222039 0.4030443 -3.609555 -1.873833 -1.98648 -1.978208 -2.951302 -1.474375 -1.478461 -2.152259 -3.08397 -1.245179 -3.048129 -0.6709219 -1.213031 -1.832283 -4.892593 -0.4885614 0.3198427 -1.730974 -0.5073185 -1.108198 -0.4513157 -1.165368 -0.8800099 -1.282199 -0.2121327 -1.267173 -1.82933 -2.585395 -3.134005 -2.326046 0.1874793 -0.03374344 0.3080377 -1.124669 -2.427074 -1.558834 -1.683289 -0.4675149 -2.144087 -2.310558 -1.546267 -1.857173 -1.006278 -2.131173 -0.6893209 -2.241823
geno chr5.108646167 ceu  0 0 0 0 0 0 0 0 0 0 0 0 0 0 0 0 0 0 0 0 0 0 0 0 0 0 0 0 0 0 0 0 0 0 0 0 0 0 0 0 0 0 0 0 0 0 0 0 0 0 0 0 0 0 0 0 0 0 0 0 0 0 0 0 0 0 0 0 0 0 0 0 0 0 0 0 0 0
geno chr5.108646167 fin  0 0 0 0 0 0 0 0 0 0 0 0 0 0 0 0 0 0 0 0 0 0 0 0 0 0 0 0 0 0 0 0 0 0 0 0 0 0 0 0 0 0 0 0 0 0 0 0 0 0 0 0 0 0 0 0 0 0 0 0 0 0 0 0 0 0 0 0 0 0 0 0 0 0 0 0 0 0 0 0 0 0 0 0 0 0 0 0 0
geno chr5.108646167 gbr  0 0 0 0 0 0 0 0 0 0 0 0 0 0 0 0 0 0 0 0 0 0 0 0 0 0 0 0 0 0 0 0 0 0 0 0 0 0 0 0 0 0 0 0 0 0 0 0 0 0 0 0 0 0 0 0 0 0 0 0 0 0 0 0 0 0 0 0 0 0 0 0 0 0 0 0 0 0 0 0 0 0 0 0
geno chr5.108646167 tsi  0 0 0 0 0 0 0 0 0 0 0 0 0 0 0 0 0 0 0 0 0 0 0 0 0 0 0 0 0 0 0 0 0 0 0 0 0 0 0 0 0 0 0 0 0 0 0 0 0 0 0 0 0 0 0 0 0 0 0 0 0 0 0 0 0 0 0 0 0 0 0 0 0 0 0 0 0 0 0 0 0 0 0 0 0 0 0 0 0 0 0 0
geno chr5.108646167 yri  1 0 0 1 0 0 1 0 0 1 1 0 0 1 1 1 0 0 0 0 2 1 0 1 0 0 1 1 1 1 0 2 0 0 0 1 0 0 0 1 1 0 1 0 2 2 0 0 1 1 0 0 0 1 1 0 0 0 2 0 1 0 0 0 0 1 0 0 0 1 1 0 1 0 2 1 1
geno chr5.108646169 ceu  2 0 0 1 1 1 1 1 0 1 1 1 1 2 1 1 1 1 1 1 1 0 0 1 0 0 1 1 1 0 2 2 2 1 2 0 0 1 0 1 0 1 1 0 1 1 0 1 1 1 1 2 2 0 2 2 0 2 1 2 1 0 2 0 1 1 0 2 1 0 0 1 1 1 0 0 0 0
geno chr5.108646169 fin  1 1 0 1 0 1 0 1 0 0 0 1 0 2 1 1 0 1 0 0 0 0 1 0 1 2 0 0 1 1 1 1 0 1 0 0 0 1 1 0 1 2 0 0 1 2 2 0 1 1 2 1 2 0 0 0 1 1 0 0 2 1 0 0 1 0 1 1 1 1 0 0 1 1 1 1 1 0 2 0 1 1 0 0 0 2 1 1 1
geno chr5.108646169 gbr  0 1 0 1 1 1 0 1 2 0 0 2 0 0 0 0 0 1 1 2 2 1 1 0 1 1 0 1 0 1 0 0 1 2 0 2 1 1 2 0 0 1 0 0 1 1 0 1 0 0 1 0 2 2 2 1 0 0 1 0 2 1 0 1 0 0 1 0 1 2 0 1 0 1 1 1 1 0 1 2 0 0 0 2
geno chr5.108646169 tsi  0 1 1 0 2 0 1 1 0 1 1 2 0 0 0 1 0 0 2 1 1 1 0 0 0 1 0 0 0 0 0 0 1 0 2 0 1 0 0 0 0 1 2 1 1 0 0 1 2 0 0 2 1 2 1 0 1 2 2 2 2 1 1 0 0 0 0 2 0 1 2 0 0 0 1 0 1 1 1 1 0 1 0 1 1 0 2 0 0 0 1 0
geno chr5.108646169 yri  1 2 2 1 2 2 1 1 2 1 1 0 1 1 1 1 2 2 2 2 0 0 2 0 2 2 1 1 1 1 2 0 1 2 1 0 2 2 2 0 1 2 0 1 0 0 2 0 1 1 1 2 2 0 1 2 2 1 0 2 1 2 1 2 2 1 0 1 2 0 1 1 1 1 0 1 1
geno chr5.108647516 ceu  2 0 0 1 1 1 1 1 0 2 1 2 1 2 1 2 1 1 2 1 1 0 0 1 2 0 1 1 1 0 2 2 2 1 2 0 0 1 0 1 1 1 1 0 1 1 1 1 1 1 1 2 2 0 2 2 0 2 2 2 1 0 2 0 1 1 1 2 1 0 0 1 1 2 0 0 0 0
geno chr5.108647516 fin  1 1 0 1 0 1 0 1 0 0 0 1 0 2 1 1 0 1 0 0 0 0 2 0 1 2 0 0 1 1 1 1 0 1 0 0 0 1 1 0 1 2 0 0 1 2 2 0 1 1 2 1 2 0 0 0 1 1 0 0 2 1 0 0 1 0 1 1 1 1 0 0 1 1 1 1 1 0 2 0 1 1 0 0 0 2 1 1 1
geno chr5.108647516 gbr  0 1 0 1 1 1 0 1 2 0 0 2 0 0 0 0 0 1 1 2 2 1 1 0 2 2 1 1 0 2 1 0 1 2 1 2 1 1 2 0 0 1 0 0 1 1 0 1 0 0 1 0 2 2 2 2 0 0 1 0 2 1 0 1 0 0 1 0 1 2 0 2 0 1 1 1 1 0 1 2 0 0 0 2
geno chr5.108647516 tsi  1 2 1 1 2 0 1 1 0 1 1 2 0 0 1 1 0 0 2 2 1 1 1 0 0 1 0 0 0 0 0 1 1 0 2 0 1 1 0 0 0 1 2 1 1 1 0 1 2 1 0 2 2 2 1 0 1 2 2 2 2 1 1 0 0 0 1 2 0 1 2 0 0 0 1 0 1 1 1 1 0 1 0 1 1 0 2 0 0 0 1 0
geno chr5.108647516 yri  1 2 2 1 2 2 1 2 2 1 1 2 2 1 1 1 2 2 2 2 1 1 2 0 2 2 1 1 1 1 2 0 2 2 2 0 2 2 2 1 1 2 1 1 0 0 2 1 1 1 2 2 2 0 1 2 2 1 0 2 1 2 1 2 2 1 0 2 2 0 1 1 1 2 0 1 1
geno chr5.108647651 ceu  2 0 0 1 1 1 1 1 0 2 1 2 1 2 1 2 1 1 2 1 1 0 0 1 2 0 1 1 1 0 2 2 2 1 2 0 0 1 0 1 1 1 1 0 1 1 1 1 1 1 1 2 2 0 2 2 0 2 2 2 1 0 2 0 1 1 1 2 1 0 0 1 1 2 0 0 0 0
geno chr5.108647651 fin  1 1 0 1 0 1 0 1 0 0 0 1 0 2 1 1 0 1 0 0 0 0 2 0 1 2 0 0 1 1 1 1 0 1 0 0 0 1 1 0 1 2 0 0 1 2 2 0 1 1 2 1 2 0 0 0 1 1 0 0 2 1 0 0 1 0 1 1 1 1 0 0 1 1 1 1 1 0 2 0 1 1 0 0 0 2 1 1 1
geno chr5.108647651 gbr  0 1 0 0 1 1 0 1 2 0 0 2 0 0 0 0 0 1 1 2 2 1 1 0 2 2 1 1 0 2 1 0 1 2 1 2 1 1 2 0 0 1 0 0 1 1 0 1 0 0 1 0 2 2 2 2 0 0 1 0 2 1 0 1 0 0 1 0 1 2 0 2 0 1 1 1 1 0 1 2 0 0 0 2
geno chr5.108647651 tsi  1 2 1 1 2 0 1 1 0 1 1 2 0 0 1 1 0 0 2 2 1 1 1 0 0 1 0 0 0 0 0 1 1 0 2 0 1 1 0 0 0 1 2 1 1 1 0 1 2 1 0 2 2 2 1 0 1 2 2 2 2 1 1 0 0 0 1 2 0 1 2 0 0 0 1 0 1 1 1 1 0 1 0 1 1 0 2 0 0 0 1 0
geno chr5.108647651 yri  2 2 2 2 2 2 2 2 2 2 2 2 2 2 2 2 2 2 2 2 2 2 2 1 2 2 2 2 2 2 2 2 2 2 2 2 2 2 2 2 2 2 2 1 2 2 2 1 2 2 2 2 2 1 2 2 2 1 2 2 2 2 1 2 2 2 2 2 2 1 2 1 2 2 2 2 2
geno chr5.108647951 ceu  1 0 0 1 1 0 1 0 0 0 0 1 0 0 0 1 1 0 1 1 0 0 0 1 0 0 1 1 0 0 0 1 0 0 0 0 0 1 0 0 0 1 0 0 0 1 0 0 0 1 0 2 0 0 1 1 0 0 0 0 0 0 0 0 1 0 0 0 0 0 0 0 0 1 0 0 0 0
geno chr5.108647951 fin  1 1 0 0 0 0 0 0 0 0 0 0 0 1 0 1 0 0 0 0 0 0 0 0 0 0 0 0 0 0 0 0 0 0 0 0 0 0 0 0 0 0 0 0 0 1 0 0 0 0 0 0 1 0 0 0 0 0 0 0 0 0 0 0 0 0 0 1 0 0 0 0 0 1 1 0 1 0 0 0 0 0 0 0 0 0 0 1 0
geno chr5.108647951 gbr  0 0 0 0 1 0 0 0 1 0 0 1 0 0 0 0 0 1 0 1 1 0 1 0 0 0 0 0 0 0 0 0 1 0 0 1 0 0 0 0 0 0 0 0 0 0 0 0 0 0 0 0 2 1 2 0 0 0 0 0 0 0 0 0 0 0 0 0 1 0 0 0 0 1 0 1 0 0 0 1 0 0 0 1
geno chr5.108647951 tsi  0 0 1 0 0 0 0 0 0 1 1 1 0 0 0 1 0 0 1 0 0 0 0 0 0 1 0 0 0 0 0 0 0 0 0 0 1 0 0 0 0 0 0 0 0 0 0 0 0 0 0 1 0 1 0 0 0 1 2 1 0 1 0 0 0 0 0 0 0 0 0 0 0 0 0 0 0 0 1 0 0 0 0 1 0 0 1 0 0 0 1 0
geno chr5.108647951 yri  0 2 1 1 2 0 1 1 2 1 1 0 0 1 0 1 2 0 1 2 0 0 1 0 2 2 1 1 1 1 1 0 1 1 0 0 2 2 1 0 0 1 0 0 0 0 2 0 0 0 1 2 1 0 0 2 2 1 0 1 1 2 1 1 2 1 0 0 1 0 1 1 0 1 0 1 1
geno chr5.108648002 ceu  2 0 0 1 1 1 1 1 0 2 1 2 1 2 1 2 1 1 2 1 1 0 0 1 2 0 1 1 1 0 2 2 2 1 2 0 0 1 0 1 1 1 1 0 1 1 1 1 1 1 1 2 2 0 2 2 0 2 2 2 1 0 2 0 1 1 1 2 1 0 0 1 1 2 0 0 0 0
geno chr5.108648002 fin  1 1 0 1 0 1 0 1 0 0 0 1 0 2 1 1 0 1 0 0 0 0 2 0 1 2 0 0 1 1 1 1 0 1 0 0 0 1 1 0 1 2 0 0 1 2 2 0 1 1 2 1 2 0 0 0 1 1 0 0 2 1 0 0 1 0 1 1 1 1 0 0 1 1 1 1 1 0 2 0 1 1 0 0 0 2 1 1 1
geno chr5.108648002 gbr  0 1 0 1 1 1 0 1 2 0 0 2 0 0 0 0 0 1 1 2 2 1 1 0 2 2 1 1 0 2 1 0 1 2 1 2 1 1 2 0 0 1 0 0 1 1 0 1 0 0 1 0 2 2 2 2 0 0 1 0 2 1 0 1 0 0 1 0 1 2 0 2 0 1 1 1 1 0 1 2 0 0 0 2
geno chr5.108648002 tsi  1 2 1 1 2 0 1 1 0 1 1 2 0 0 1 1 0 0 2 2 1 1 1 0 0 1 0 0 0 0 0 1 1 0 2 0 1 1 0 0 0 1 2 1 1 1 0 1 2 1 0 2 2 2 1 0 1 2 2 2 2 1 1 0 0 0 1 2 0 1 2 0 0 0 1 0 1 1 1 1 0 1 0 1 1 0 2 0 0 0 1 0
geno chr5.108648002 yri  2 2 2 2 2 2 2 2 2 2 2 2 2 2 2 2 2 2 2 2 2 2 2 1 2 2 2 2 2 2 2 2 2 2 2 2 2 2 2 2 2 2 2 1 2 2 2 1 2 2 2 2 2 1 2 2 2 1 2 2 2 2 1 2 2 2 2 2 2 1 2 1 2 2 2 2 2
geno chr5.108648231 ceu  1 0 0 1 1 0 1 0 0 0 0 1 0 0 0 1 1 0 1 1 0 0 0 1 0 0 1 1 0 0 0 1 0 0 0 0 0 1 0 0 0 1 0 0 0 1 0 0 0 1 0 2 0 0 1 1 0 0 0 0 0 0 0 0 1 0 0 0 0 0 0 0 0 1 0 0 0 0
geno chr5.108648231 fin  1 1 0 0 0 0 0 0 0 0 0 0 0 1 0 1 0 0 0 0 0 0 0 0 0 0 0 0 0 0 0 0 0 0 0 0 0 0 0 0 0 0 0 0 0 1 0 0 0 0 0 0 1 0 0 0 0 0 0 0 0 0 0 0 0 0 0 1 0 0 0 0 0 1 1 0 1 0 0 0 0 0 0 0 0 0 0 1 0
geno chr5.108648231 gbr  0 0 0 0 1 0 0 0 1 0 0 1 0 0 0 0 0 1 0 1 1 0 1 0 0 0 0 0 0 0 0 0 1 0 0 1 0 0 0 0 0 0 0 0 0 0 0 0 0 0 0 0 2 1 2 0 0 0 0 0 0 0 0 0 0 0 0 0 1 0 0 0 0 1 0 1 0 0 0 1 0 0 0 1
geno chr5.108648231 tsi  0 0 1 0 0 0 0 0 0 1 1 1 0 0 0 1 0 0 1 0 0 0 0 0 0 1 0 0 0 0 0 0 0 0 0 0 1 0 0 0 0 0 0 0 0 0 0 0 0 0 0 1 0 1 0 0 0 1 2 1 0 1 0 0 0 0 0 0 0 0 0 0 0 0 0 0 0 0 1 0 0 0 0 1 0 0 1 0 0 0 1 0
geno chr5.108648231 yri  0 2 1 1 2 0 1 1 2 1 1 0 0 1 0 1 2 0 1 2 0 0 1 0 2 2 1 1 1 1 1 0 1 1 0 0 2 2 1 0 0 1 0 0 0 0 2 0 0 0 1 2 1 0 0 2 2 1 0 1 1 2 1 1 2 1 0 0 1 0 1 1 0 1 0 1 1
geno chr5.108649326 ceu  0 0 0 0 0 0 0 0 0 1 0 1 0 0 0 1 0 0 1 0 0 0 0 0 2 0 0 0 0 0 0 0 0 0 0 0 0 0 0 0 1 0 0 0 0 0 1 0 0 0 0 0 0 0 0 0 0 0 1 0 0 0 0 0 0 0 1 0 0 0 0 0 0 1 0 0 0 0
geno chr5.108649326 fin  0 0 0 0 0 0 0 0 0 0 0 0 0 0 0 0 0 0 0 0 0 0 1 0 0 0 0 0 0 0 0 0 0 0 0 0 0 0 0 0 0 0 0 0 0 0 0 0 0 0 0 0 0 0 0 0 0 0 0 0 0 0 0 0 0 0 0 0 0 0 0 0 0 0 0 0 0 0 0 0 0 0 0 0 0 0 0 0 0
geno chr5.108649326 gbr  0 0 0 0 0 0 0 0 0 0 0 0 0 0 0 0 0 0 0 0 0 0 0 0 1 1 1 0 0 1 1 0 0 0 1 0 0 0 0 0 0 0 0 0 0 0 0 0 0 0 0 0 0 0 0 1 0 0 0 0 0 0 0 0 0 0 0 0 0 0 0 1 0 0 0 0 0 0 0 0 0 0 0 0
geno chr5.108649326 tsi  1 1 0 1 0 0 0 0 0 0 0 0 0 0 1 0 0 0 0 1 0 0 1 0 0 0 0 0 0 0 0 1 0 0 0 0 0 1 0 0 0 0 0 0 0 1 0 0 0 1 0 0 1 0 0 0 0 0 0 0 0 0 0 0 0 0 1 0 0 0 0 0 0 0 0 0 0 0 0 0 0 0 0 0 0 0 0 0 0 0 0 0
geno chr5.108649326 yri  0 0 0 0 0 0 0 0 0 0 0 0 0 0 0 0 0 0 0 0 0 0 0 0 0 0 0 0 0 0 0 0 0 0 0 0 0 0 0 0 0 0 0 0 0 0 0 0 0 0 0 0 0 0 0 0 0 0 0 0 0 0 0 0 0 0 0 0 0 0 0 0 0 0 0 0 0
geno chr5.108649613 ceu  0 0 0 0 0 1 0 1 0 1 1 0 1 2 1 0 0 1 0 0 1 0 0 0 0 0 0 0 1 0 2 1 1 1 2 0 0 0 0 1 0 0 1 0 1 0 0 1 1 0 1 0 2 0 1 1 0 2 1 2 1 0 2 0 0 1 0 1 0 0 0 0 1 0 0 0 0 0
geno chr5.108649613 fin  0 0 0 1 0 1 0 1 0 0 0 1 0 1 1 0 0 1 0 0 0 0 1 0 1 1 0 0 1 1 1 1 0 1 0 0 0 1 1 0 1 2 0 0 1 1 2 0 1 1 1 1 1 0 0 0 1 1 0 0 2 1 0 0 1 0 1 0 1 1 0 0 1 0 0 1 0 0 2 0 1 1 0 0 0 2 1 0 1
geno chr5.108649613 gbr  0 1 0 1 0 1 0 1 1 0 0 1 0 0 0 0 0 0 1 1 1 1 0 0 1 1 0 1 0 0 0 0 0 2 0 1 1 1 2 0 0 0 0 0 1 1 0 1 0 0 1 0 0 1 0 1 0 0 1 0 2 1 0 1 0 0 0 0 0 2 0 1 0 0 1 0 1 0 1 0 0 0 0 1
geno chr5.108649613 tsi  0 1 0 0 2 0 1 1 0 0 0 1 0 0 0 0 0 0 0 1 1 1 0 0 0 0 0 0 0 0 0 0 1 0 2 0 0 0 0 0 0 1 1 1 0 0 0 1 1 0 0 1 0 1 1 0 1 1 0 0 2 0 1 0 0 0 0 2 0 1 2 0 0 0 1 0 1 1 0 1 0 1 0 0 1 0 1 0 0 0 0 0
geno chr5.108649613 yri  0 0 1 0 0 1 0 0 0 0 0 0 1 0 0 0 0 1 1 0 0 0 0 0 0 0 0 0 0 0 1 0 0 0 0 0 0 0 1 0 0 0 0 0 0 0 0 0 0 0 0 0 0 0 0 0 0 0 0 0 0 0 0 1 0 0 0 1 0 0 0 0 0 0 0 0 0
geno chr5.108649615 ceu  1 0 0 0 0 1 0 1 0 1 1 0 1 2 1 0 0 1 0 0 1 0 0 0 0 0 0 0 1 0 2 1 1 1 2 0 0 0 0 1 0 0 1 0 1 0 0 1 1 0 1 0 2 0 1 1 0 2 1 2 1 0 2 0 0 1 0 2 1 0 0 1 1 0 0 0 0 0
geno chr5.108649615 fin  0 0 0 1 0 1 0 1 0 0 0 1 0 1 1 0 0 1 0 0 0 0 1 0 1 2 0 0 1 1 1 1 0 1 0 0 0 1 1 0 1 2 0 0 1 1 2 0 1 1 2 1 1 0 0 0 1 1 0 0 2 1 0 0 1 0 1 0 1 1 0 0 1 0 0 1 0 0 2 0 1 1 0 0 0 2 1 0 1
geno chr5.108649615 gbr  0 1 0 1 0 1 0 1 1 0 0 1 0 0 0 0 0 0 1 1 1 1 0 0 1 1 0 1 0 1 0 0 0 2 0 1 1 1 2 0 0 1 0 0 1 1 0 1 0 0 1 0 0 1 0 1 0 0 1 0 2 1 0 1 0 0 0 0 0 2 0 1 0 0 1 0 1 0 1 1 0 0 0 1
geno chr5.108649615 tsi  0 1 0 0 2 0 1 1 0 0 0 1 0 0 0 0 0 0 1 1 1 1 0 0 0 0 0 0 0 0 0 0 1 0 2 0 0 0 0 0 0 1 2 1 0 0 0 1 2 0 0 1 1 1 1 0 1 1 0 1 2 0 1 0 0 0 0 2 0 1 2 0 0 0 1 0 1 1 0 1 0 1 0 0 1 0 1 0 0 0 0 0
geno chr5.108649615 yri  0 0 1 0 0 1 0 0 0 0 0 0 1 0 0 0 0 1 1 0 0 0 0 0 0 0 0 0 0 0 1 0 0 0 0 0 0 0 1 0 0 0 0 0 0 0 0 0 1 0 0 0 0 0 0 0 0 0 0 0 0 0 0 1 0 0 0 1 0 0 0 0 0 0 0 0 0
geno chr5.108649798 ceu  1 0 0 0 0 1 0 1 0 1 1 0 1 2 1 0 0 1 0 0 1 0 0 0 0 0 0 0 1 0 2 1 2 1 2 0 0 0 0 1 0 0 1 0 1 0 0 1 1 0 1 0 2 0 1 1 0 2 1 2 1 0 2 0 0 1 0 2 1 0 0 1 1 0 0 0 0 0
geno chr5.108649798 fin  0 0 0 1 0 1 0 1 0 0 0 1 0 1 1 0 0 1 0 0 0 0 1 0 1 2 0 0 1 1 1 1 0 1 0 0 0 1 1 0 1 2 0 0 1 1 2 0 1 1 2 1 1 0 0 0 1 1 0 0 2 1 0 0 1 0 1 0 1 1 0 0 1 0 0 1 0 0 2 0 1 1 0 0 0 2 1 0 1
geno chr5.108649798 gbr  0 1 0 1 0 1 0 1 1 0 0 1 0 0 0 0 0 0 1 1 1 1 0 0 1 1 0 1 0 1 0 0 0 2 0 1 1 1 2 0 0 1 0 0 1 1 0 1 0 0 1 0 0 1 0 1 0 0 1 0 2 1 0 1 0 0 1 0 0 2 0 1 0 0 1 0 1 0 1 1 0 0 0 1
geno chr5.108649798 tsi  0 1 0 0 2 0 1 1 0 0 0 1 0 0 0 0 0 0 1 1 1 1 0 0 0 0 0 0 0 0 0 0 1 0 2 0 0 0 0 0 0 1 2 1 1 0 0 1 2 0 0 1 1 1 1 0 1 1 0 1 2 0 1 0 0 0 0 2 0 1 2 0 0 0 1 0 1 1 0 1 0 1 0 0 1 0 1 0 0 0 0 0
geno chr5.108649798 yri  1 0 1 0 0 2 0 0 0 0 0 0 1 0 1 0 0 2 1 0 0 0 1 0 0 0 0 0 0 0 1 0 0 1 1 0 0 0 1 0 1 1 0 1 0 0 0 0 1 1 0 0 1 0 1 0 0 0 0 1 0 0 0 1 0 0 0 1 1 0 0 0 1 0 0 0 0
geno chr5.108650580 ceu  0 0 0 0 0 0 0 0 0 0 0 0 0 0 0 0 0 0 0 0 0 0 0 0 0 0 0 0 0 0 0 0 0 0 0 0 0 0 0 0 0 0 0 0 0 0 0 0 0 0 0 0 0 0 0 0 0 0 0 0 0 0 0 0 0 0 0 0 0 0 0 0 0 0 0 0 0 0
geno chr5.108650580 fin  0 0 0 0 0 0 0 0 0 0 0 0 0 0 0 0 0 0 0 0 0 0 0 0 0 0 0 0 0 0 0 0 0 0 0 0 0 0 0 0 0 0 0 0 0 0 0 0 0 0 0 0 0 0 0 0 0 0 0 0 0 0 0 0 0 0 0 0 0 0 0 0 0 0 0 0 0 0 0 0 0 0 0 0 0 0 0 0 0
geno chr5.108650580 gbr  0 0 0 0 0 0 0 0 0 0 0 0 0 0 0 0 0 0 0 0 0 0 0 0 0 0 0 0 0 0 0 0 0 0 0 0 0 0 0 0 0 0 0 0 0 0 0 0 0 0 0 0 0 0 0 0 0 0 0 0 0 0 0 0 0 0 0 0 0 0 0 0 0 0 0 0 0 0 0 0 0 0 0 0
geno chr5.108650580 tsi  0 0 0 0 0 0 0 0 0 0 0 0 0 0 0 0 0 0 0 0 0 0 0 0 0 0 0 0 0 0 0 0 0 0 0 0 0 0 0 0 0 0 0 0 0 0 0 0 0 0 0 0 0 0 0 0 0 0 0 0 0 0 0 0 0 0 0 0 0 0 0 0 0 0 0 0 0 0 0 0 0 0 0 0 0 0 0 0 0 0 0 0
geno chr5.108650580 yri  1 0 0 1 0 0 1 0 0 1 1 0 0 1 1 1 0 0 0 0 2 1 1 1 0 0 1 1 1 1 0 2 0 0 0 2 0 0 0 1 1 0 1 0 2 2 0 0 1 1 0 0 0 1 1 0 0 0 2 0 1 0 0 0 0 1 1 0 0 1 1 0 1 0 2 1 1
geno chr5.108650937 ceu  1 0 0 1 1 0 1 0 0 0 0 1 0 0 0 1 0 0 1 1 0 0 0 0 0 0 1 1 0 0 0 0 0 0 0 0 0 1 0 0 0 1 0 0 0 1 0 0 0 1 0 1 0 0 1 1 0 0 0 0 0 0 0 0 0 0 0 0 0 0 0 0 0 0 0 0 0 0
geno chr5.108650937 fin  0 0 0 0 0 0 0 0 0 0 0 0 0 1 0 1 0 0 0 0 0 0 0 0 0 0 0 0 0 0 0 0 0 0 0 0 0 0 0 0 0 0 0 0 0 1 0 0 0 0 0 0 1 0 0 0 0 0 0 0 0 0 0 0 0 0 0 0 0 0 0 0 0 1 1 0 0 0 0 0 0 0 0 0 0 0 0 0 0
geno chr5.108650937 gbr  0 0 0 0 0 0 0 0 1 0 0 0 0 0 0 0 0 0 0 1 1 0 0 0 0 0 0 0 0 0 0 0 1 0 0 1 0 0 0 0 0 0 0 0 0 0 0 0 0 0 0 0 1 0 0 0 0 0 0 0 0 0 0 0 0 0 0 0 1 0 0 0 0 1 0 1 0 0 0 1 0 0 0 1
geno chr5.108650937 tsi  0 0 0 0 0 0 0 0 0 1 0 1 0 0 0 1 0 0 1 0 0 0 0 0 0 1 0 0 0 0 0 0 0 0 0 0 1 0 0 0 0 0 0 0 0 0 0 0 0 0 0 1 0 1 0 0 0 0 2 1 0 0 0 0 0 0 0 0 0 0 0 0 0 0 0 0 0 0 1 0 0 0 0 1 0 0 1 0 0 0 1 0
geno chr5.108650937 yri  0 0 1 0 0 1 0 0 1 0 0 0 0 0 0 0 0 1 1 1 0 0 0 0 0 0 0 1 0 0 1 0 0 0 0 0 0 0 1 0 0 0 0 0 0 0 0 0 0 0 0 1 0 0 0 0 1 0 0 0 0 0 0 1 1 0 0 1 1 0 0 0 0 0 0 0 0
geno chr5.108651741 ceu  1 0 0 1 1 0 1 0 0 0 0 1 0 0 0 1 1 0 1 1 0 0 0 1 0 0 1 1 0 0 0 1 0 0 0 0 0 1 0 0 0 1 0 0 0 1 0 0 0 1 0 2 0 0 1 1 0 0 0 0 0 0 0 0 1 0 0 0 0 0 0 0 0 1 0 0 0 0
geno chr5.108651741 fin  1 1 0 0 0 0 0 0 0 0 0 0 0 1 0 1 0 0 0 0 0 0 0 0 0 0 0 0 0 0 0 0 0 0 0 0 0 0 0 0 0 0 0 0 0 1 0 0 0 0 0 0 1 0 0 0 0 0 0 0 0 0 0 0 0 0 0 1 0 0 0 0 0 1 1 0 1 0 0 0 0 0 0 0 0 0 0 1 0
geno chr5.108651741 gbr  0 0 0 0 1 0 0 0 1 0 0 1 0 0 0 0 0 1 0 1 1 0 1 0 0 0 0 0 0 0 0 0 1 0 0 1 0 0 0 0 0 0 0 0 0 0 0 0 0 0 0 0 2 1 2 0 0 0 0 0 0 0 0 0 0 0 0 0 1 0 0 0 0 1 0 1 0 0 0 1 0 0 0 1
geno chr5.108651741 tsi  0 0 1 0 0 0 0 0 0 1 1 1 0 0 0 1 0 0 1 0 0 0 0 0 0 1 0 0 0 0 0 0 0 0 0 0 1 0 0 0 0 0 0 0 0 0 0 0 0 0 0 1 0 1 0 0 0 1 2 1 0 1 0 0 0 0 0 0 0 0 0 0 0 0 0 0 0 0 1 0 0 0 0 1 0 0 1 0 0 0 1 0
geno chr5.108651741 yri  0 2 1 0 2 0 1 1 2 1 1 0 0 1 0 1 1 0 1 1 0 0 0 0 2 2 1 1 1 0 1 0 1 1 0 0 2 2 1 0 0 1 0 0 0 0 1 0 0 0 1 2 1 0 0 2 2 1 0 1 1 1 1 1 2 1 0 0 1 0 1 1 0 1 0 1 1
geno chr5.108651872 ceu  2 0 0 1 1 1 0 1 0 2 1 2 1 2 1 2 1 1 2 1 1 0 0 1 2 0 1 1 1 0 2 2 2 1 2 0 0 1 0 1 1 1 1 0 1 1 1 1 1 1 1 2 2 0 2 2 0 2 2 2 1 0 2 0 1 1 1 2 1 0 0 1 1 2 0 0 0 0
geno chr5.108651872 fin  1 1 0 1 0 1 0 1 0 0 0 1 0 1 1 1 0 1 0 0 0 0 2 0 1 2 0 0 1 1 1 1 0 1 0 0 0 1 1 0 1 2 0 0 1 1 2 0 1 1 2 1 2 0 0 0 1 1 0 0 2 1 0 0 1 0 1 1 1 1 0 0 1 0 1 1 1 0 2 0 1 1 0 0 0 2 1 1 1
geno chr5.108651872 gbr  0 1 0 1 1 1 0 1 2 0 0 2 0 0 0 0 0 1 1 2 2 1 1 0 2 2 1 1 0 2 1 0 1 2 1 2 1 1 2 0 0 1 0 0 1 1 0 1 0 0 1 0 2 2 2 2 0 0 1 0 2 1 0 1 0 0 1 0 1 2 0 2 0 1 1 0 1 0 1 2 0 0 0 2
geno chr5.108651872 tsi  1 2 1 1 2 0 1 1 0 1 1 2 0 0 1 1 0 0 2 2 1 1 1 0 0 1 0 0 0 0 0 1 1 0 2 0 1 1 0 0 0 1 2 1 1 1 0 1 2 1 0 2 2 2 1 0 1 2 2 2 2 1 1 0 0 0 1 2 0 1 2 0 0 0 1 0 1 1 1 1 0 1 0 1 1 0 2 0 0 0 1 0
geno chr5.108651872 yri  1 2 2 1 2 2 1 2 2 1 1 1 2 1 1 1 2 2 2 2 0 1 1 0 2 2 1 1 1 1 2 0 1 2 2 0 2 2 2 1 1 2 1 1 0 1 2 1 1 1 2 2 2 0 1 2 2 1 0 2 1 2 1 2 2 1 1 2 2 0 1 1 1 2 0 1 1
geno chr5.108652042 ceu  0 0 0 0 0 0 0 0 0 1 0 1 0 0 0 1 0 0 1 0 0 0 0 0 2 0 0 0 0 0 0 0 0 0 0 0 0 0 0 0 1 0 0 0 0 0 1 0 0 0 0 0 0 0 0 0 0 0 1 0 0 0 0 0 0 0 1 0 0 0 0 0 0 1 0 0 0 0
geno chr5.108652042 fin  0 0 0 0 0 0 0 0 0 0 0 0 0 0 0 0 0 0 0 0 0 0 1 0 0 0 0 0 0 0 0 0 0 0 0 0 0 0 0 0 0 0 0 0 0 0 0 0 0 0 0 0 0 0 0 0 0 0 0 0 0 0 0 0 0 0 0 0 0 0 0 0 0 0 0 0 0 0 0 0 0 0 0 0 0 0 0 0 0
geno chr5.108652042 gbr  0 0 0 0 0 0 0 0 0 0 0 0 0 0 0 0 0 0 0 0 0 0 0 0 1 1 1 0 0 1 1 0 0 0 1 0 0 0 0 0 0 0 0 0 0 0 0 0 0 0 0 0 0 0 0 1 0 0 0 0 0 0 0 0 0 0 0 0 0 0 0 1 0 0 0 0 0 0 0 0 0 0 0 0
geno chr5.108652042 tsi  1 1 0 1 0 0 0 0 0 0 0 0 0 0 1 0 0 0 0 1 0 0 1 0 0 0 0 0 0 0 0 1 0 0 0 0 0 1 0 0 0 0 0 0 0 1 0 0 0 1 0 0 1 0 0 0 0 0 0 0 0 0 0 1 0 0 1 0 0 0 0 0 0 0 0 0 0 0 0 0 0 0 0 1 0 0 0 0 0 0 0 0
geno chr5.108652042 yri  0 0 0 0 0 0 0 1 0 0 0 1 1 0 0 0 0 0 0 0 0 1 1 0 0 0 0 0 0 0 0 0 0 0 1 0 0 0 0 1 0 0 1 0 0 1 0 1 0 0 1 0 0 0 0 0 0 0 0 1 0 0 0 0 0 0 1 1 0 0 0 0 0 1 0 0 0
geno chr5.108652300 ceu  2 0 0 1 1 1 1 1 0 2 1 2 1 2 1 2 1 1 2 1 1 0 0 1 2 0 1 1 1 0 2 2 2 1 2 0 0 1 0 1 1 1 1 0 1 1 1 1 1 1 1 2 2 0 2 2 0 2 2 2 1 0 2 0 1 1 1 2 1 0 0 1 1 2 0 0 0 0
geno chr5.108652300 fin  1 1 0 1 0 1 0 1 0 0 0 1 0 2 1 1 0 1 0 0 0 0 2 0 1 2 1 0 1 1 1 1 0 1 0 0 0 1 1 0 1 2 0 0 1 2 2 0 1 1 2 1 2 0 0 0 1 1 0 0 2 1 0 0 1 0 1 1 1 1 0 0 1 1 1 1 1 0 2 0 1 1 0 0 0 2 1 1 1
geno chr5.108652300 gbr  0 1 0 1 1 1 0 1 2 0 0 2 0 0 0 0 0 1 1 2 2 1 1 0 2 2 1 1 0 2 1 0 1 2 1 2 1 1 2 0 0 1 0 0 1 1 0 1 0 0 1 0 2 2 2 2 0 0 1 0 2 1 0 1 0 0 1 0 2 2 0 2 0 1 1 1 1 0 1 2 0 0 0 2
geno chr5.108652300 tsi  1 2 1 1 2 0 1 1 0 1 1 2 0 0 1 1 0 0 2 2 1 1 1 0 0 1 1 0 0 0 0 1 1 0 2 0 1 2 0 0 0 1 2 1 1 1 0 1 2 1 0 2 2 2 1 0 1 2 2 2 2 1 1 0 0 0 1 2 0 1 2 0 0 0 1 0 1 1 1 1 0 1 0 1 1 0 2 0 0 0 1 0
geno chr5.108652300 yri  2 2 2 2 2 2 2 2 2 2 2 2 2 2 2 2 2 2 2 2 2 2 2 1 2 2 2 2 2 2 2 2 2 2 2 2 2 2 2 2 2 2 2 1 2 2 2 1 2 2 2 2 2 1 2 2 2 1 2 2 2 2 1 2 2 2 2 2 2 1 2 2 2 2 2 2 2
geno chr5.108652526 ceu  0 0 0 0 0 0 0 0 0 1 0 1 0 0 0 1 0 0 1 0 0 0 0 0 2 0 0 0 0 0 0 0 0 0 0 0 0 0 0 0 1 0 0 0 0 0 1 0 0 0 0 0 0 0 0 0 0 0 1 0 0 0 0 0 0 0 1 0 0 0 0 0 0 1 0 0 0 0
geno chr5.108652526 fin  0 0 0 0 0 0 0 0 0 0 0 0 0 0 0 0 0 0 0 0 0 0 1 0 0 0 0 0 0 0 0 0 0 0 0 0 0 0 0 0 0 0 0 0 0 0 0 0 0 0 0 0 0 0 0 0 0 0 0 0 0 0 0 0 0 0 0 0 0 0 0 0 0 0 0 0 0 0 0 0 0 0 0 0 0 0 0 0 0
geno chr5.108652526 gbr  0 0 0 0 0 0 0 0 0 0 0 0 0 0 0 0 0 0 0 0 0 0 0 0 1 1 1 0 0 1 1 0 0 0 1 0 0 0 0 0 0 0 0 0 0 0 0 0 0 0 0 0 0 0 0 1 0 0 0 0 0 0 0 0 0 0 0 0 0 0 0 1 0 0 0 0 0 0 0 0 0 0 0 0
geno chr5.108652526 tsi  1 1 0 1 0 0 0 0 0 0 0 0 0 0 1 0 0 0 0 1 0 0 1 0 0 0 0 0 0 0 0 1 0 0 0 0 0 1 0 0 0 0 0 0 0 1 0 0 0 1 0 0 1 0 0 0 0 0 0 0 0 0 0 0 0 0 1 0 0 0 0 0 0 0 0 0 0 0 0 0 0 0 0 0 0 0 0 0 0 0 0 0
geno chr5.108652526 yri  0 0 0 0 0 0 0 0 0 0 0 0 0 0 0 0 0 0 0 0 0 0 0 0 0 0 0 0 0 0 0 0 0 0 0 0 0 0 0 0 0 0 0 0 0 0 0 0 0 0 0 0 0 0 0 0 0 0 0 0 0 0 0 0 0 0 0 0 0 0 0 0 0 0 0 0 0
geno chr5.108653590 ceu  2 0 0 1 1 1 1 0 0 0 0 1 1 2 1 2 1 1 2 1 1 0 0 1 2 0 0 1 1 0 2 2 1 1 1 0 0 1 0 1 1 1 1 0 1 1 1 1 1 1 1 2 2 0 2 2 0 2 2 2 1 0 2 0 1 1 1 2 1 0 0 1 1 2 0 0 0 0
geno chr5.108653590 fin  1 1 0 1 0 1 0 1 0 0 0 1 0 2 1 1 0 1 0 0 0 0 2 0 1 2 0 0 1 1 0 1 0 1 0 0 0 1 2 0 1 2 0 0 1 1 2 0 1 1 1 1 2 1 0 0 1 1 0 0 2 1 0 0 0 0 1 1 1 1 0 0 2 1 1 1 1 0 2 0 1 1 0 0 0 2 1 1 0
geno chr5.108653590 gbr  0 1 0 1 1 2 0 1 2 0 0 2 0 0 0 0 0 1 1 2 2 1 1 0 1 2 1 1 0 2 0 0 1 2 1 2 1 1 2 0 0 1 0 0 1 1 0 1 0 0 1 0 2 2 2 2 0 0 0 0 2 1 0 1 0 0 0 0 1 2 0 2 0 1 1 1 1 0 1 1 0 0 0 2
geno chr5.108653590 tsi  1 2 0 0 2 0 1 1 0 1 1 2 0 0 0 1 0 0 2 2 1 1 1 0 0 1 0 0 0 0 0 1 1 0 2 0 1 1 0 0 0 1 2 1 1 1 0 1 2 1 0 2 2 2 1 0 1 2 2 2 2 1 1 0 0 0 1 2 0 1 2 0 0 0 1 0 1 1 1 1 0 1 0 1 1 0 2 0 0 0 1 0
geno chr5.108653590 yri  1 2 2 1 1 1 2 1 1 1 1 2 2 1 1 2 1 1 2 1 2 2 1 1 2 1 2 2 2 1 2 2 1 2 1 2 1 1 1 2 2 2 2 1 1 1 1 1 2 1 2 2 2 0 2 1 2 1 2 2 2 2 2 2 1 1 1 2 1 1 2 1 1 2 1 2 2
geno chr5.108653720 ceu  2 0 0 1 1 1 1 1 0 2 1 2 1 2 1 2 1 1 2 1 1 0 0 1 2 0 1 1 1 0 2 2 2 1 2 0 0 1 0 1 1 1 1 0 1 1 1 1 1 1 1 2 2 0 2 2 0 2 2 2 1 0 2 0 1 1 1 2 1 0 0 1 1 2 0 0 0 0
geno chr5.108653720 fin  1 1 0 1 0 1 0 1 0 0 0 1 0 2 1 1 0 1 0 0 0 0 2 0 1 2 0 0 1 1 1 1 0 1 0 0 1 1 1 0 1 2 0 0 1 2 2 0 1 1 2 1 2 1 0 0 1 1 0 0 2 1 0 0 1 0 1 1 1 1 0 0 2 1 1 1 1 0 2 0 1 1 0 0 0 2 1 1 1
geno chr5.108653720 gbr  0 1 0 1 1 1 0 1 2 0 0 2 0 0 0 0 0 1 1 2 2 1 1 0 2 2 1 1 0 2 1 0 1 2 1 2 1 1 2 0 0 1 0 0 1 1 0 1 0 0 1 0 2 2 2 2 0 0 1 0 2 1 0 1 0 0 1 0 1 2 0 2 0 1 1 1 1 0 1 2 0 0 0 2
geno chr5.108653720 tsi  1 2 1 1 2 0 1 1 0 1 1 2 0 0 1 1 0 0 2 2 1 1 1 0 0 1 0 0 0 0 0 1 1 0 2 0 1 1 0 0 0 1 2 1 1 1 0 1 2 1 0 2 2 2 1 0 1 2 2 2 2 1 1 0 0 0 1 2 0 1 2 0 0 0 1 0 1 1 1 1 0 1 0 0 1 0 2 0 0 0 1 0
geno chr5.108653720 yri  1 2 2 1 2 2 1 2 2 1 1 1 2 1 1 1 2 2 2 2 0 1 2 0 2 2 1 1 1 1 2 0 1 2 2 0 2 2 2 1 1 2 1 1 0 1 2 1 1 1 2 2 2 0 1 2 2 1 0 2 1 2 1 2 2 1 1 2 2 0 1 1 1 2 0 1 1
geno chr5.108653727 ceu  0 0 0 0 0 0 0 0 0 1 0 1 0 0 0 1 0 0 1 0 0 0 0 0 2 0 0 0 0 0 0 0 0 0 0 0 0 0 0 0 1 0 0 0 0 0 1 0 0 0 0 0 0 0 0 0 0 0 1 0 0 0 0 0 0 0 1 0 0 0 0 0 0 1 0 0 0 0
geno chr5.108653727 fin  0 0 0 0 0 0 0 0 0 0 0 0 0 0 0 0 0 0 0 0 0 0 1 0 0 0 0 0 0 0 0 0 0 0 0 0 0 0 0 0 0 0 0 0 0 0 0 0 0 0 0 0 0 0 0 0 0 0 0 0 0 0 0 0 0 0 0 0 0 0 0 0 0 0 0 0 0 0 0 0 0 0 0 0 0 0 0 0 0
geno chr5.108653727 gbr  0 0 0 0 0 0 0 0 0 0 0 0 0 0 0 0 0 0 0 0 0 0 0 0 1 1 1 0 0 1 1 0 0 0 1 0 0 0 0 0 0 0 0 0 0 0 0 0 0 0 0 0 0 0 0 1 0 0 0 0 0 0 0 0 0 0 0 0 0 0 0 1 0 0 0 0 0 0 0 0 0 0 0 0
geno chr5.108653727 tsi  1 1 0 1 0 0 0 0 0 0 0 0 0 0 1 0 0 0 0 1 0 0 1 0 0 0 0 0 0 0 0 1 0 0 0 0 0 1 0 0 0 0 0 0 0 1 0 0 0 1 0 0 1 0 0 0 0 0 0 0 0 0 0 0 0 0 1 0 0 0 0 0 0 0 0 0 0 0 0 0 0 0 0 0 0 0 0 0 0 0 0 0
geno chr5.108653727 yri  0 0 0 0 0 0 0 1 0 0 0 1 1 0 0 0 0 0 0 0 0 1 0 0 0 0 0 0 0 1 0 0 0 0 1 0 0 0 0 1 0 0 1 0 0 1 0 1 0 0 1 0 0 0 0 0 0 0 0 0 0 0 0 0 0 0 0 1 0 0 0 0 0 1 0 0 0
geno chr5.108654117 ceu  0 0 0 0 0 0 0 0 0 1 0 1 0 0 0 1 0 0 1 0 0 0 0 0 2 0 0 0 0 0 0 0 0 0 0 0 0 0 0 0 1 0 0 0 0 0 1 0 0 0 0 0 0 0 0 0 0 0 1 0 0 0 0 0 0 0 1 0 0 0 0 0 0 1 0 0 0 0
geno chr5.108654117 fin  0 0 0 0 0 0 0 0 0 0 0 0 0 0 0 0 0 0 0 0 0 0 1 0 0 0 0 0 0 0 0 0 0 0 0 0 0 0 0 0 0 0 0 0 0 0 0 0 0 0 0 0 0 0 0 0 0 0 0 0 0 0 0 0 0 0 0 0 0 0 0 0 0 0 0 0 0 0 0 0 0 0 0 0 0 0 0 0 0
geno chr5.108654117 gbr  0 0 0 0 0 0 0 0 0 0 0 0 0 0 0 0 0 0 0 0 0 0 0 0 1 1 1 0 0 1 1 0 0 0 1 0 0 0 0 0 0 0 0 0 0 0 0 0 0 0 0 0 0 0 0 1 0 0 0 0 0 0 0 0 0 0 0 0 0 0 0 1 0 0 0 0 0 0 0 0 0 0 0 0
geno chr5.108654117 tsi  1 1 0 1 0 0 0 0 0 0 0 0 0 0 1 0 0 0 0 1 0 0 1 0 0 0 0 0 0 0 0 1 0 0 0 0 0 1 0 0 0 0 0 0 0 1 0 0 0 1 0 0 1 0 0 0 0 0 0 0 0 0 0 0 0 0 1 0 0 0 0 0 0 0 0 0 0 0 0 0 0 0 0 0 0 0 0 0 0 0 0 0
geno chr5.108654117 yri  0 0 0 0 0 0 0 0 0 0 0 0 0 0 0 0 0 0 0 0 0 0 0 0 0 0 0 0 0 0 0 0 0 0 0 0 0 0 0 0 0 0 0 0 0 0 0 0 0 0 0 0 0 0 0 0 0 0 0 0 0 0 0 0 0 0 0 0 0 0 0 0 0 0 0 0 0
geno chr5.108654729 ceu  1 0 0 1 1 0 1 0 0 0 0 1 0 0 0 1 1 0 1 1 0 0 0 1 0 0 1 1 0 0 0 1 0 0 0 0 0 1 0 0 0 1 0 0 0 1 0 0 0 1 0 2 0 0 1 1 0 0 0 0 0 0 0 0 1 0 0 0 0 0 0 0 0 1 0 0 0 0
geno chr5.108654729 fin  1 1 0 0 0 0 0 0 0 0 0 0 0 1 0 1 0 0 0 0 0 0 0 0 0 0 0 0 0 0 0 0 0 0 0 0 0 0 0 0 0 0 0 0 0 1 0 0 0 0 0 0 1 0 0 0 0 0 0 0 0 0 0 0 0 0 0 1 0 0 0 0 1 1 1 0 1 0 0 0 0 0 0 0 0 0 0 1 0
geno chr5.108654729 gbr  0 0 0 0 1 0 0 0 1 0 0 1 0 0 0 0 0 1 0 1 1 0 1 0 0 0 0 0 0 0 0 0 1 0 0 1 0 0 0 0 0 0 0 0 0 0 0 0 0 0 0 0 2 1 2 0 0 0 0 0 0 0 0 0 0 0 0 0 1 0 0 0 0 1 0 1 0 0 0 1 0 0 0 1
geno chr5.108654729 tsi  0 0 1 0 0 0 0 0 0 1 1 1 0 0 0 1 0 0 1 0 0 0 0 0 0 1 0 0 0 0 0 0 0 0 0 0 1 0 0 0 0 0 0 0 0 0 0 0 0 0 0 1 0 1 0 0 0 1 2 1 0 1 0 0 0 0 0 0 0 0 0 0 0 0 0 0 0 0 1 0 0 0 0 1 0 0 1 0 0 0 1 0
geno chr5.108654729 yri  0 2 2 1 2 1 1 1 1 1 1 0 0 1 0 1 2 1 1 2 0 0 0 0 2 2 1 1 1 1 2 0 1 1 0 0 2 2 2 0 0 1 0 0 0 0 2 0 0 0 1 2 1 0 0 2 1 1 0 1 1 2 1 2 2 1 0 1 1 0 1 1 0 1 0 1 1
geno chr5.108655227 ceu  0 0 0 0 0 0 0 0 0 1 0 1 0 0 0 1 0 0 1 0 0 0 0 0 2 0 0 0 0 0 0 0 0 0 0 0 0 0 0 0 1 0 0 0 0 0 1 0 0 0 0 0 0 0 0 0 0 0 1 0 0 0 0 0 0 0 1 0 0 0 0 0 0 1 0 0 0 0
geno chr5.108655227 fin  0 0 0 0 0 0 0 0 0 0 0 0 0 0 0 0 0 0 0 0 0 0 1 0 0 0 0 0 0 0 0 0 0 0 0 0 0 0 0 0 0 0 0 0 0 0 0 0 0 0 0 0 0 0 0 0 0 0 0 0 0 0 0 0 0 0 0 0 0 0 0 0 0 0 0 0 0 0 0 0 0 0 0 0 0 0 0 0 0
geno chr5.108655227 gbr  0 0 0 0 0 0 0 0 0 0 0 0 0 0 0 0 0 0 0 0 0 0 0 0 1 1 1 0 0 1 1 0 0 0 1 0 0 0 0 0 0 0 0 0 0 0 0 0 0 0 0 0 0 0 0 1 0 0 0 0 0 0 0 0 0 0 0 0 0 0 0 1 0 0 0 0 0 0 0 0 0 0 0 0
geno chr5.108655227 tsi  1 1 0 1 0 0 0 0 0 0 0 0 0 0 1 0 0 0 0 1 0 0 1 0 0 0 0 0 0 0 0 1 0 0 0 0 0 1 0 0 0 0 0 0 0 1 0 0 0 1 0 0 1 0 0 0 0 0 0 0 0 0 0 0 0 0 1 0 0 0 0 0 0 0 0 0 0 0 0 0 0 0 0 0 0 0 0 0 0 0 0 0
geno chr5.108655227 yri  0 0 0 0 0 0 0 0 0 0 0 1 0 0 0 0 0 0 0 0 0 0 0 0 0 0 0 0 0 0 0 0 1 0 0 0 0 0 0 0 0 0 0 0 0 0 0 0 0 0 0 0 0 0 0 0 0 0 0 0 0 0 0 0 0 0 0 0 0 0 0 0 0 0 0 0 0
geno chr5.108655628 ceu  1 0 0 0 0 1 0 1 1 2 1 1 1 2 1 1 0 1 1 0 1 0 0 0 2 0 0 0 1 0 2 1 2 1 2 0 0 0 1 1 1 0 1 0 1 0 1 1 1 0 1 0 1 0 1 1 0 2 2 2 1 0 2 0 0 1 1 2 1 0 0 1 1 1 0 0 0 0
geno chr5.108655628 fin  0 0 0 1 0 1 0 1 0 0 0 1 0 1 1 0 0 1 0 0 0 0 2 0 1 2 0 0 1 1 1 1 0 1 0 0 0 1 1 1 1 2 0 0 1 1 2 0 1 1 2 1 1 0 0 0 1 1 0 0 2 1 0 0 1 0 1 0 1 1 0 0 1 0 0 1 0 0 2 0 1 1 0 0 0 2 1 0 1
geno chr5.108655628 gbr  0 1 0 1 0 1 0 1 1 0 0 1 0 0 0 0 0 0 1 1 1 1 0 0 2 2 1 1 0 2 1 0 0 2 1 1 1 1 2 0 0 1 0 0 1 1 0 1 0 0 1 0 0 1 0 2 0 0 1 0 2 1 0 1 0 0 1 0 0 2 0 2 0 0 1 0 1 0 1 1 0 0 0 1
geno chr5.108655628 tsi  1 2 0 1 1 0 1 1 0 0 0 1 0 0 1 0 0 0 1 2 1 1 1 0 0 0 0 0 0 0 0 1 1 0 2 0 0 1 0 0 0 1 2 1 1 1 0 1 2 1 0 1 2 1 1 0 1 1 0 1 2 0 1 0 0 0 1 2 0 1 2 0 0 0 1 0 1 1 0 1 0 1 0 0 1 0 1 0 0 0 0 0
geno chr5.108655628 yri  1 0 0 0 0 1 0 0 0 0 0 1 1 0 1 0 0 1 1 0 0 0 0 0 0 0 0 0 0 0 0 0 1 1 1 0 0 0 0 0 1 1 0 1 0 0 0 0 1 2 0 0 1 0 1 0 0 0 0 0 0 0 0 0 0 0 0 0 1 0 0 0 0 0 0 0 0
geno chr5.108655701 ceu  0 0 0 0 0 0 0 0 0 0 0 0 0 0 0 0 0 0 0 0 0 0 0 0 0 0 0 0 0 0 0 0 0 0 0 0 0 0 0 0 0 0 0 0 0 0 0 0 0 0 0 0 0 0 0 0 0 0 0 0 0 0 0 0 0 0 0 0 0 0 0 0 0 0 0 0 0 0
geno chr5.108655701 fin  0 0 0 0 0 0 0 0 0 0 0 0 0 0 0 0 0 0 0 0 0 0 0 0 0 0 0 0 0 0 0 0 0 0 0 0 0 0 0 0 0 0 0 0 0 0 0 0 0 0 0 0 0 0 0 0 0 0 0 0 0 0 0 0 0 0 0 0 0 0 0 0 0 0 0 0 0 0 0 0 0 0 0 0 0 0 0 0 0
geno chr5.108655701 gbr  0 0 0 0 0 0 0 0 0 0 0 0 0 0 0 0 0 0 0 0 0 0 0 0 0 0 0 0 0 0 0 0 0 0 0 0 0 0 0 0 0 0 0 0 0 0 0 0 0 0 0 0 0 0 0 0 0 0 0 0 0 0 0 0 0 0 0 0 0 0 0 0 0 0 0 0 0 0 0 0 0 0 0 0
geno chr5.108655701 tsi  0 0 0 0 0 0 0 0 0 0 0 0 0 0 0 0 0 0 0 0 0 0 0 0 0 0 0 0 0 0 0 0 0 0 0 0 0 0 0 0 0 0 0 0 0 0 0 0 0 0 0 0 0 0 0 0 0 0 0 0 0 0 0 0 0 0 0 0 0 0 0 0 0 0 0 0 0 0 0 0 0 0 0 0 0 0 0 0 0 0 0 0
geno chr5.108655701 yri  1 0 0 1 0 0 1 1 0 1 1 1 1 1 1 1 0 0 0 0 2 2 1 1 0 0 1 1 1 1 0 2 0 0 1 2 0 0 0 2 1 0 2 0 2 2 0 1 1 1 1 0 0 1 1 0 0 0 2 0 1 0 0 0 0 1 2 1 0 1 1 0 1 1 2 1 1
geno chr5.108656067 ceu  1 0 0 0 0 1 0 1 0 1 1 0 1 2 1 0 0 1 0 0 1 0 1 0 0 1 0 0 1 0 2 1 2 1 2 0 0 0 0 1 0 0 1 0 1 0 0 1 1 0 1 0 2 0 1 1 0 2 1 2 1 0 2 0 0 1 0 2 1 0 0 1 1 0 0 0 0 0
geno chr5.108656067 fin  0 0 0 1 0 1 0 1 0 0 0 1 0 1 1 0 0 1 0 0 0 0 1 0 1 2 0 0 1 1 1 1 0 1 0 0 0 1 1 0 1 2 0 0 1 1 2 0 1 1 2 1 1 0 0 0 1 1 0 0 2 1 0 0 1 0 1 0 1 1 0 0 1 0 0 1 0 0 2 0 1 1 0 0 0 2 1 0 1
geno chr5.108656067 gbr  0 1 0 1 0 1 0 1 1 0 0 1 0 0 0 0 0 0 1 1 1 1 0 0 1 1 0 1 0 1 0 0 0 2 0 1 1 1 2 0 0 1 0 0 1 1 0 1 0 0 1 0 0 1 0 1 0 0 1 0 2 1 0 1 0 0 1 0 0 2 0 1 0 0 1 0 1 0 1 1 0 0 0 1
geno chr5.108656067 tsi  0 1 0 0 2 0 1 1 0 0 0 1 0 0 0 0 0 0 1 1 1 1 0 0 0 0 0 0 0 0 0 0 1 0 2 0 0 0 0 0 0 1 2 1 1 0 0 1 2 0 0 1 1 1 1 0 1 1 0 1 2 0 1 0 0 0 0 2 0 0 2 0 0 0 1 0 1 1 0 1 0 1 0 0 1 0 1 0 0 0 0 0
geno chr5.108656067 yri  1 0 0 0 0 1 0 0 0 0 0 0 1 0 1 0 0 1 1 0 0 0 1 0 0 0 0 0 0 0 0 0 0 1 1 0 0 0 0 0 1 1 0 1 0 0 0 0 1 1 0 0 1 0 1 0 0 0 0 1 0 0 0 0 0 0 0 0 1 0 0 0 1 0 0 0 0
geno chr5.108656440 ceu  2 0 0 1 1 1 1 1 0 2 1 2 1 2 1 2 1 1 2 1 1 0 0 1 2 0 1 1 1 0 2 2 2 1 2 0 0 1 0 1 1 1 1 0 1 1 1 1 1 1 1 2 2 0 2 2 0 2 2 2 1 0 2 0 1 1 1 2 1 0 0 1 1 2 0 0 0 0
geno chr5.108656440 fin  1 1 0 1 0 1 0 1 0 0 0 1 0 2 1 1 0 1 0 0 0 0 2 0 1 2 0 0 1 1 1 1 0 1 0 0 0 1 1 0 1 2 0 0 1 2 2 0 1 1 2 1 2 0 0 0 1 1 0 0 2 1 0 0 1 0 1 1 1 1 0 0 1 1 1 1 1 0 2 0 1 1 0 0 0 2 1 1 1
geno chr5.108656440 gbr  0 1 0 1 1 1 0 1 2 0 0 2 0 0 0 0 0 1 1 2 2 1 1 0 2 2 1 1 0 2 1 0 1 1 1 2 1 1 2 0 0 1 0 0 1 1 0 1 0 0 1 0 2 2 2 2 0 0 1 0 2 1 0 1 0 0 1 0 2 2 0 2 0 1 1 1 1 0 1 2 0 0 0 2
geno chr5.108656440 tsi  1 2 1 1 2 0 1 1 0 1 1 2 0 0 1 1 0 0 2 2 1 1 1 0 0 1 0 0 0 0 0 1 1 0 2 0 1 1 0 0 0 1 2 1 1 1 0 1 2 1 0 2 2 2 1 0 1 2 2 2 2 1 1 0 0 0 1 2 0 1 2 0 0 0 1 0 1 1 1 1 0 1 0 1 1 0 2 0 0 0 1 0
geno chr5.108656440 yri  2 2 2 2 2 2 2 2 2 2 2 2 2 2 2 2 2 2 2 2 2 2 2 1 2 2 2 2 2 2 2 2 2 2 2 2 2 2 2 2 2 2 2 1 2 2 2 1 2 2 2 2 2 1 2 2 2 1 2 2 2 2 1 2 2 2 2 2 2 1 2 1 2 2 2 2 2
geno chr5.108656635 ceu  2 0 0 1 1 1 1 1 0 2 1 2 1 2 1 2 1 1 2 1 1 0 0 1 2 0 1 1 1 0 2 2 2 1 2 0 0 1 0 1 1 1 1 0 1 1 1 1 1 1 1 2 2 0 2 2 0 2 2 2 1 0 2 0 1 1 1 2 1 0 0 1 1 2 0 0 0 0
geno chr5.108656635 fin  1 1 0 1 0 1 0 1 0 0 0 1 0 2 1 1 0 1 0 0 0 0 2 0 1 2 0 0 1 1 1 1 0 1 0 0 0 1 1 0 1 2 0 0 1 2 2 0 1 1 2 1 2 0 0 0 1 1 0 0 2 1 0 0 1 0 1 1 1 1 0 0 1 1 1 1 1 0 2 0 1 1 0 0 0 2 1 1 1
geno chr5.108656635 gbr  0 1 0 0 1 0 0 1 2 0 0 2 0 0 0 0 0 1 1 2 1 1 1 0 2 2 1 1 0 2 1 0 1 2 1 2 1 1 2 0 0 1 0 0 1 1 0 1 0 0 1 0 2 1 2 2 0 0 1 0 2 1 0 1 0 0 1 0 2 2 0 2 0 1 1 1 1 0 1 2 0 0 0 2
geno chr5.108656635 tsi  1 2 1 1 2 0 1 1 0 1 1 2 0 0 1 1 0 0 2 2 1 1 1 0 0 1 0 0 0 0 0 1 1 0 2 0 1 1 0 0 0 1 2 1 1 1 0 1 2 1 0 2 2 2 1 0 1 2 2 2 2 1 1 0 0 0 1 2 0 1 2 0 0 0 1 0 1 1 1 1 0 1 0 1 1 0 2 0 0 0 1 0
geno chr5.108656635 yri  2 2 2 2 2 2 2 2 2 2 2 2 2 2 2 2 2 2 2 2 2 2 2 1 2 2 2 2 2 2 2 2 2 2 2 2 2 2 2 2 2 2 2 1 2 2 2 1 2 2 2 2 2 1 2 2 2 1 2 2 2 2 1 2 2 2 2 2 2 1 2 1 2 2 2 2 2
geno chr5.108656837 ceu  0 0 0 0 0 0 0 0 0 1 0 1 0 0 0 1 0 0 1 0 0 0 0 0 2 0 0 0 0 0 0 0 0 0 0 0 0 0 0 0 1 0 0 0 0 0 1 0 0 0 0 0 0 0 0 0 0 0 1 0 0 0 0 0 0 0 1 0 0 0 0 0 0 1 0 0 0 0
geno chr5.108656837 fin  0 0 0 0 0 0 0 0 0 0 0 0 0 0 0 0 0 0 0 0 0 0 1 0 0 0 0 0 0 0 0 0 0 0 0 0 0 0 0 0 0 0 0 0 0 0 0 0 0 0 0 0 0 0 0 0 0 0 0 0 0 0 0 0 0 0 0 0 0 0 0 0 0 0 0 0 0 0 0 0 0 0 0 0 0 0 0 0 0
geno chr5.108656837 gbr  0 0 0 0 0 0 0 0 0 0 0 0 0 0 0 0 0 0 0 0 0 0 0 0 1 1 1 0 0 1 1 0 0 0 1 0 0 0 0 0 0 0 0 0 0 0 0 0 0 0 0 0 0 0 0 1 0 0 0 0 0 0 0 0 0 0 0 0 0 0 0 1 0 0 0 0 0 0 0 0 0 0 0 0
geno chr5.108656837 tsi  1 1 0 1 0 0 0 0 0 0 0 0 0 0 1 0 0 0 0 1 0 0 1 0 0 0 0 0 0 0 0 1 0 0 0 0 0 1 0 0 0 0 0 0 0 1 0 0 0 1 0 0 1 0 0 0 0 0 0 0 0 0 0 0 0 0 1 0 0 0 0 0 0 0 0 0 0 0 0 0 0 0 0 0 0 0 0 0 0 0 0 0
geno chr5.108656837 yri  0 0 0 0 0 0 0 0 0 0 0 0 0 0 0 0 0 0 0 0 0 0 0 0 0 0 0 0 0 0 0 0 0 0 0 0 0 0 0 0 0 0 0 0 0 0 0 0 0 0 0 0 0 0 0 0 0 0 0 0 0 0 0 0 0 0 0 0 0 0 0 0 0 0 0 0 0
geno chr5.108657053 ceu  0 0 2 0 0 1 0 1 2 0 0 0 0 0 0 0 1 0 0 1 0 0 0 1 0 0 0 1 0 1 0 0 0 1 0 0 1 1 2 0 0 1 1 1 1 0 1 0 1 0 0 0 0 1 0 0 0 0 0 0 1 1 0 1 0 0 0 0 1 2 0 0 0 0 1 2 1 1
geno chr5.108657053 fin  0 0 0 0 1 1 0 1 1 2 1 1 0 0 0 1 0 1 2 1 2 1 0 1 1 0 0 2 0 0 1 0 2 1 2 1 1 1 1 2 1 0 0 0 0 0 0 1 0 1 0 1 0 2 2 0 1 1 0 1 0 0 1 1 1 2 0 0 1 0 2 0 1 1 1 0 1 0 0 1 0 0 0 1 0 0 0 0 1
geno chr5.108657053 gbr  0 1 0 0 0 0 2 0 0 0 1 0 2 2 0 1 2 1 0 0 0 0 1 0 0 0 0 0 1 0 0 1 0 0 0 0 1 0 0 0 0 0 0 1 1 0 2 0 2 0 0 0 0 0 0 0 1 0 1 1 0 1 1 0 0 0 1 2 0 0 1 0 1 0 0 0 0 0 1 0 1 0 0 0
geno chr5.108657053 tsi  0 0 1 0 0 1 0 1 1 1 0 0 0 1 1 0 2 2 0 0 0 0 0 1 1 1 0 1 1 2 2 0 0 0 0 0 1 0 0 1 2 0 0 0 1 0 1 0 0 0 0 0 0 0 0 1 0 0 0 0 0 0 1 0 1 1 1 0 1 0 0 1 1 1 0 1 0 0 1 1 2 0 1 0 0 1 0 2 1 0 1 0
geno chr5.108657053 yri  0 0 0 0 0 0 0 0 0 0 0 0 0 0 0 0 0 0 0 0 0 0 0 0 0 0 0 0 0 0 0 0 0 0 0 0 0 0 0 0 0 0 0 0 0 0 0 0 0 0 0 0 0 0 0 0 0 0 0 0 0 0 0 0 0 0 0 0 0 0 0 0 0 0 0 0 0
geno chr5.108657103 ceu  0 0 0 0 0 0 0 0 0 1 0 1 0 0 0 1 0 0 1 0 0 0 0 0 2 0 0 0 0 0 0 0 0 0 0 0 0 0 0 0 1 0 0 0 0 0 1 0 0 0 0 0 0 0 0 0 0 0 1 0 0 0 0 0 0 0 1 0 0 0 0 0 0 1 0 0 0 0
geno chr5.108657103 fin  0 0 0 0 0 0 0 0 0 0 0 0 0 0 0 0 0 0 0 0 0 0 1 0 0 0 0 0 0 0 0 0 0 0 0 0 0 0 0 0 0 0 0 0 0 0 0 0 0 0 0 0 0 0 0 0 0 0 0 0 0 0 0 0 0 0 0 0 0 0 0 0 0 0 0 0 0 0 0 0 0 0 0 0 0 0 0 0 0
geno chr5.108657103 gbr  0 0 0 0 0 0 0 0 0 0 0 0 0 0 0 0 0 0 0 0 0 0 0 0 1 1 1 0 0 1 1 0 0 0 1 0 0 0 0 0 0 0 0 0 0 0 0 0 0 0 0 0 0 0 0 1 0 0 0 0 0 0 0 0 0 0 0 0 0 0 0 1 0 0 0 0 0 0 0 0 0 0 0 0
geno chr5.108657103 tsi  1 1 0 1 0 0 0 0 0 0 0 0 0 0 1 0 0 0 0 1 0 0 1 0 0 0 0 0 0 0 0 1 0 0 0 0 0 1 0 0 0 0 0 0 0 1 0 0 0 1 0 0 1 0 0 0 0 0 0 0 0 0 0 0 0 0 1 0 0 0 0 0 0 0 0 0 0 0 0 0 0 0 0 0 0 0 0 0 0 0 0 0
geno chr5.108657103 yri  0 0 0 0 0 0 0 0 0 0 0 1 0 0 0 0 0 0 0 0 0 0 0 0 0 0 0 0 0 0 0 0 1 0 0 0 0 0 0 0 0 0 0 0 0 0 0 0 0 0 0 0 0 0 0 0 0 0 0 0 0 0 0 0 0 0 0 0 0 0 0 0 0 0 0 0 0
geno chr5.108657462 ceu  0 0 0 0 0 0 0 0 0 1 0 1 0 0 0 1 0 0 1 0 0 0 0 0 2 0 0 0 0 0 0 0 0 0 0 0 0 0 0 0 1 0 0 0 0 0 1 0 0 0 0 0 0 0 0 0 0 0 1 0 0 0 0 0 0 0 1 0 0 0 0 0 0 1 0 0 0 0
geno chr5.108657462 fin  0 0 0 0 0 0 0 0 0 0 0 0 0 0 0 0 0 0 0 0 0 0 1 0 0 0 0 0 0 0 0 0 0 0 0 0 0 0 0 0 0 0 0 0 0 0 0 0 0 0 0 0 0 0 0 0 0 0 0 0 0 0 0 0 0 0 0 0 0 0 0 0 0 0 0 0 0 0 0 0 0 0 0 0 0 0 0 0 0
geno chr5.108657462 gbr  0 0 0 0 0 0 0 0 0 0 0 0 0 0 0 0 0 0 0 0 0 0 0 0 1 1 1 0 0 1 1 0 0 0 1 0 0 0 0 0 0 0 0 0 0 0 0 0 0 0 0 0 0 0 0 1 0 0 0 0 0 0 0 0 0 0 0 0 0 0 0 1 0 0 0 0 0 0 0 0 0 0 0 0
geno chr5.108657462 tsi  1 1 0 1 0 0 0 0 0 0 0 0 0 0 1 0 0 0 0 1 0 0 1 0 0 0 0 0 0 0 0 1 0 0 0 0 0 1 0 0 0 0 0 0 0 1 0 0 0 1 0 0 1 0 0 0 0 0 0 0 0 0 0 0 0 0 1 0 0 0 0 0 0 0 0 0 0 0 0 0 0 0 0 0 0 0 0 0 0 0 0 0
geno chr5.108657462 yri  0 0 0 0 0 0 0 0 0 0 0 0 0 0 0 0 0 0 0 0 0 0 0 0 0 0 0 0 0 0 0 0 0 0 0 0 0 0 0 0 0 0 0 0 0 0 0 0 0 0 0 0 0 0 0 0 0 0 0 0 0 0 0 0 0 0 0 0 0 0 0 0 0 0 0 0 0
geno chr5.108658310 ceu  0 0 0 0 0 0 0 0 0 1 0 1 0 0 0 1 0 0 1 0 0 0 0 0 2 0 0 0 0 0 0 0 0 0 0 0 0 0 0 0 1 0 0 0 0 0 1 0 0 0 0 0 0 0 0 0 0 0 1 0 0 0 0 0 0 0 1 0 0 0 0 0 0 1 0 0 0 0
geno chr5.108658310 fin  0 0 0 0 0 0 0 0 0 0 0 0 0 0 0 0 0 0 0 0 0 0 1 0 0 0 0 0 0 0 0 0 0 0 0 0 0 0 0 0 0 0 0 0 0 0 0 0 0 0 0 0 0 0 0 0 0 0 0 0 0 0 0 0 0 0 0 0 0 0 0 0 0 0 0 0 0 0 0 0 0 0 0 0 0 0 0 0 0
geno chr5.108658310 gbr  0 0 0 0 0 0 0 0 0 0 0 0 0 0 0 0 0 0 0 0 0 0 0 0 1 1 1 0 0 1 1 0 0 0 1 0 0 0 0 0 0 0 0 0 0 0 0 0 0 0 0 0 0 0 0 1 0 0 0 0 0 0 0 0 0 0 0 0 0 0 0 1 0 0 0 0 0 0 0 0 0 0 0 0
geno chr5.108658310 tsi  1 1 0 1 0 0 0 0 0 0 0 0 0 0 1 0 0 0 0 1 0 0 1 0 0 0 0 0 0 0 0 1 0 0 0 0 0 1 0 0 0 0 0 0 0 1 0 0 0 1 0 0 1 0 0 0 0 0 0 0 0 0 0 0 0 0 1 0 0 0 0 0 0 0 0 0 0 0 0 0 0 0 0 0 0 0 0 0 0 0 0 0
geno chr5.108658310 yri  0 0 0 0 0 0 0 0 0 0 0 0 0 0 0 0 0 0 0 0 0 0 0 0 0 0 0 0 0 0 0 0 0 0 0 0 0 0 0 0 0 0 0 0 0 0 0 0 0 0 0 0 0 0 0 0 0 0 0 0 0 0 0 0 0 0 0 0 0 0 0 0 0 0 0 0 0
geno chr5.108658822 ceu  0 0 0 0 0 0 0 0 0 1 0 1 0 0 0 1 0 0 1 0 0 0 0 0 2 0 0 0 0 0 0 0 0 0 0 0 0 0 0 0 1 0 0 0 0 0 1 0 0 0 0 0 0 0 0 0 0 0 1 0 0 0 0 0 0 0 1 0 0 0 0 0 0 1 0 0 0 0
geno chr5.108658822 fin  0 0 0 0 0 0 0 0 0 0 0 0 0 0 0 0 0 0 0 0 0 0 1 0 0 0 0 0 0 0 0 0 0 0 0 0 0 0 0 0 0 0 0 0 0 0 0 0 0 0 0 0 0 0 0 0 0 0 0 0 0 0 0 0 0 0 0 0 0 0 0 0 0 0 0 0 0 0 0 0 0 0 0 0 0 0 0 0 0
geno chr5.108658822 gbr  0 0 0 0 0 0 0 0 0 0 0 0 0 0 0 0 0 0 0 0 0 0 0 0 1 1 1 0 0 1 1 0 0 0 1 0 0 0 0 0 0 0 0 0 0 0 0 0 0 0 0 0 0 0 0 1 0 0 0 0 0 0 0 0 0 0 0 0 0 0 0 1 0 0 0 0 0 0 0 0 0 0 0 0
geno chr5.108658822 tsi  1 1 0 1 0 0 0 0 0 0 0 0 0 0 1 0 0 0 0 1 0 0 1 0 0 0 0 0 0 0 0 1 0 0 0 0 0 1 0 0 0 0 0 0 0 1 0 0 0 1 0 0 1 0 0 0 0 0 0 0 0 0 0 0 0 0 1 0 0 0 0 0 0 0 0 0 0 0 0 0 0 0 0 0 0 0 0 0 0 0 0 0
geno chr5.108658822 yri  0 0 0 0 0 0 0 0 0 0 0 0 0 0 0 0 0 0 0 0 0 0 0 0 0 0 0 0 0 0 0 0 0 0 0 0 0 0 0 0 0 0 0 0 0 0 0 0 0 0 0 0 0 0 0 0 0 0 0 0 0 0 0 0 0 0 0 0 0 0 0 0 0 0 0 0 0
geno chr5.108658898 ceu  2 0 0 1 1 1 1 1 0 2 1 2 1 2 1 2 1 1 2 1 1 0 0 1 2 0 1 1 1 0 2 2 2 1 2 0 0 1 0 1 1 1 1 0 1 1 1 1 1 1 1 2 2 0 2 2 0 2 2 2 1 0 2 0 1 1 1 2 1 0 0 1 0 2 0 0 0 0
geno chr5.108658898 fin  1 1 0 1 0 1 0 1 0 0 0 1 0 2 1 1 0 1 0 0 0 0 2 0 1 2 0 0 1 1 1 1 0 1 0 0 0 1 1 0 1 2 0 0 1 2 2 0 1 1 2 1 2 0 0 0 1 1 0 0 2 1 0 0 1 0 1 1 1 1 0 0 1 1 1 1 1 0 2 0 1 1 0 0 0 2 1 1 1
geno chr5.108658898 gbr  0 1 0 1 1 1 0 1 2 0 0 2 0 0 0 0 0 1 1 2 2 1 1 0 2 2 1 1 0 2 1 0 1 2 1 2 1 1 2 0 0 1 0 0 1 1 0 1 0 0 1 0 2 2 2 2 0 0 1 0 2 1 0 1 0 0 1 0 2 2 0 2 0 1 1 1 1 0 1 2 1 0 0 2
geno chr5.108658898 tsi  1 2 1 1 2 0 1 1 0 1 1 2 0 0 1 1 0 0 2 2 1 1 1 0 0 1 0 0 0 0 0 1 1 0 2 0 1 1 0 0 0 1 2 1 1 1 0 1 2 1 0 2 2 2 1 0 1 2 2 2 2 1 2 0 0 0 1 2 0 1 2 0 0 0 1 0 1 1 1 1 1 1 0 1 1 0 2 0 0 0 1 0
geno chr5.108658898 yri  2 2 2 2 2 2 2 2 2 2 2 2 2 2 2 2 2 2 2 2 2 2 2 1 2 2 2 2 2 2 2 2 2 2 2 2 2 2 2 2 2 2 2 1 2 2 2 1 2 2 2 2 2 1 2 2 2 1 2 2 2 2 1 2 2 2 2 2 2 1 2 1 2 2 2 2 2
geno chr5.108659407 ceu  0 0 0 0 0 0 0 0 0 1 0 1 0 0 0 1 0 0 1 0 0 0 0 0 2 0 0 0 0 0 0 0 0 0 0 0 0 0 0 0 1 0 0 0 0 0 1 0 0 0 0 0 0 0 0 0 0 0 1 0 0 0 0 0 0 0 1 0 0 0 0 0 0 1 0 0 0 0
geno chr5.108659407 fin  0 0 0 0 0 0 0 0 0 0 0 0 0 0 0 0 0 0 0 0 0 0 1 0 0 0 0 0 0 0 0 0 0 0 0 0 0 0 0 0 0 0 0 0 0 0 0 0 0 0 0 0 0 0 0 0 0 0 0 0 0 0 0 0 0 0 0 0 0 0 0 0 0 0 0 0 0 0 0 0 0 0 0 0 0 0 0 0 0
geno chr5.108659407 gbr  0 0 0 0 0 0 0 0 0 0 0 0 0 0 0 0 0 0 0 0 0 0 0 0 1 1 1 0 0 1 1 0 0 0 1 0 0 0 0 0 0 0 0 0 0 0 0 0 0 0 0 0 0 0 0 1 0 0 0 0 0 0 0 0 0 0 0 0 0 0 0 1 0 0 0 0 0 0 0 0 0 0 0 0
geno chr5.108659407 tsi  1 1 0 1 0 0 0 0 0 0 0 0 0 0 1 0 0 0 0 1 0 0 1 0 0 0 0 0 0 0 0 1 0 0 0 0 0 1 0 0 0 0 0 0 0 1 0 0 0 1 0 0 1 0 0 0 0 0 0 0 0 0 0 0 0 0 1 0 0 0 0 0 0 0 0 0 0 0 0 0 0 0 0 0 0 0 0 0 0 0 0 0
geno chr5.108659407 yri  0 0 0 0 0 0 0 0 0 0 0 0 0 0 0 0 0 0 0 0 0 0 0 0 0 0 0 0 0 0 0 0 0 0 0 0 0 0 0 0 0 0 0 0 0 0 0 0 0 0 0 0 0 0 0 0 0 0 0 0 0 0 0 0 0 0 0 0 0 0 0 0 0 0 0 0 0
geno chr5.108659644 ceu  0 0 0 0 0 0 0 0 0 1 0 1 0 0 0 1 0 0 1 0 0 0 0 0 2 0 0 0 0 0 0 0 0 0 0 0 0 0 0 0 1 0 0 0 0 0 1 0 0 0 0 0 0 0 0 0 0 0 1 0 0 0 0 0 0 0 1 0 0 0 0 0 0 1 0 0 0 0
geno chr5.108659644 fin  0 0 0 0 0 0 0 0 0 0 0 0 0 0 0 0 0 0 0 0 0 0 1 0 0 0 0 0 0 0 0 0 0 0 0 0 0 0 0 0 0 0 0 0 0 0 0 0 0 0 0 0 0 0 0 0 0 0 0 0 0 0 0 0 0 0 0 0 0 0 0 0 0 0 0 0 0 0 0 0 0 0 0 0 0 0 0 0 0
geno chr5.108659644 gbr  0 0 0 0 0 0 0 0 0 0 0 0 0 0 0 0 0 0 0 0 0 0 0 0 1 1 1 0 0 1 1 0 0 0 1 0 0 0 0 0 0 0 0 0 0 0 0 0 0 0 0 0 0 0 0 1 0 0 0 0 0 0 0 0 0 0 0 0 0 0 0 1 0 0 0 0 0 0 0 0 0 0 0 0
geno chr5.108659644 tsi  1 1 0 1 0 0 0 0 0 0 0 0 0 0 1 0 0 0 0 1 0 0 1 0 0 0 0 0 0 0 0 1 0 0 0 0 0 1 0 0 0 0 0 0 0 1 0 0 0 1 0 0 1 0 0 0 0 0 0 0 0 0 0 0 0 0 1 0 0 0 0 0 0 0 0 0 0 0 0 0 0 0 0 0 0 0 0 0 0 0 0 0
geno chr5.108659644 yri  0 0 0 0 0 0 0 0 0 0 0 0 0 0 0 0 0 0 0 0 0 0 0 0 0 0 0 0 0 0 0 0 0 0 0 0 0 0 0 0 0 0 0 0 0 0 0 0 0 0 0 0 0 0 0 0 0 0 0 0 0 0 0 0 0 0 0 0 0 0 0 0 0 0 0 0 0
geno chr5.108659763 ceu  2 0 0 1 1 1 1 1 0 2 1 2 1 2 1 2 1 1 2 1 1 0 0 1 2 0 1 1 1 0 2 2 2 1 2 0 0 1 0 1 1 1 1 0 1 1 1 1 1 1 1 2 2 0 2 2 0 2 2 2 1 0 2 0 1 1 1 2 1 0 0 1 0 2 0 0 0 0
geno chr5.108659763 fin  1 1 0 1 0 1 0 1 0 0 0 1 0 2 1 1 0 1 0 0 0 0 2 0 1 2 0 0 1 1 1 1 0 1 0 0 0 1 1 0 1 2 0 0 1 2 2 0 1 1 2 1 2 0 0 0 1 1 0 0 2 1 0 0 1 0 1 1 1 1 0 0 1 1 1 1 1 0 2 0 1 1 0 0 0 2 1 1 1
geno chr5.108659763 gbr  0 1 0 1 1 1 0 1 2 0 0 2 0 0 0 0 0 1 1 2 2 1 1 0 2 2 1 1 0 2 1 0 1 2 1 2 1 1 2 0 0 1 0 0 1 1 0 1 0 0 1 0 2 2 2 2 0 0 1 0 2 1 0 1 0 0 1 0 2 2 0 2 0 1 1 1 1 0 1 2 0 0 0 2
geno chr5.108659763 tsi  1 2 1 1 2 0 1 1 0 1 1 2 0 0 1 1 0 0 2 2 1 1 1 0 0 1 0 0 0 0 0 1 1 0 2 0 1 1 0 0 0 1 2 1 1 1 0 1 2 1 0 2 2 2 1 0 1 2 2 2 2 1 1 0 0 0 1 2 0 1 2 0 0 0 1 0 1 1 1 1 0 1 0 1 1 0 2 0 0 0 1 0
geno chr5.108659763 yri  2 2 2 2 2 2 2 2 2 2 2 2 2 2 2 2 2 2 2 2 2 2 2 1 2 2 2 2 2 2 2 2 2 2 2 2 2 2 2 2 2 2 2 1 2 2 2 1 2 2 2 2 2 1 2 2 2 1 2 2 2 2 1 2 2 2 2 2 2 1 2 1 2 2 2 2 2
geno chr5.108660528 ceu  1 0 0 0 0 1 0 1 0 1 1 0 1 2 1 0 0 1 0 0 1 0 0 0 0 0 0 0 1 0 2 1 2 1 2 0 0 0 0 1 0 0 1 0 1 0 0 1 1 0 1 0 2 0 1 1 0 2 1 2 1 0 2 0 0 1 0 2 1 0 0 1 0 0 0 0 0 0
geno chr5.108660528 fin  0 0 0 1 0 1 0 1 0 0 0 1 0 1 1 0 0 1 0 0 0 0 1 0 1 2 0 0 1 1 1 1 0 1 0 0 0 1 1 0 1 2 0 0 1 1 2 0 1 1 2 1 1 0 0 0 1 1 0 0 2 1 0 0 1 0 1 0 1 1 0 0 1 0 0 1 0 0 2 0 1 1 0 0 0 2 1 0 1
geno chr5.108660528 gbr  0 1 0 1 0 1 0 1 1 0 0 1 0 0 0 0 0 0 1 1 1 1 0 0 1 1 0 1 0 1 0 0 0 2 0 1 1 1 2 0 0 1 0 0 1 1 0 1 0 0 1 0 0 1 0 1 0 0 1 0 2 1 0 1 0 0 1 0 0 2 0 1 0 0 1 0 1 0 1 1 0 0 0 1
geno chr5.108660528 tsi  0 1 0 0 2 0 1 1 0 0 0 1 0 0 0 0 0 0 1 1 1 1 0 0 0 0 0 0 0 0 0 0 1 0 2 0 0 0 0 0 0 1 2 1 1 0 0 1 2 0 0 1 1 1 1 0 1 1 0 1 2 0 1 0 0 0 0 2 0 0 2 0 0 0 1 0 1 1 0 1 0 1 0 0 1 0 1 0 0 0 0 0
geno chr5.108660528 yri  0 0 1 0 0 1 0 0 0 0 0 0 1 0 0 0 0 1 1 0 0 0 0 0 0 0 0 0 0 0 1 0 0 0 0 0 0 0 1 0 0 0 0 0 0 0 0 0 1 0 0 0 0 0 0 0 0 0 0 0 0 0 0 1 0 0 0 1 0 0 0 0 0 0 0 0 0
geno chr5.108660690 ceu  0 0 0 0 0 0 0 0 0 1 0 1 0 0 0 1 0 0 1 0 0 0 0 0 2 0 0 0 0 0 0 0 0 0 0 0 0 0 0 0 1 0 0 0 0 0 1 0 0 0 0 0 0 0 0 0 0 0 1 0 0 0 0 0 0 0 1 0 0 0 0 0 0 1 0 0 0 0
geno chr5.108660690 fin  0 0 0 0 0 0 0 0 0 0 0 0 0 0 0 0 0 0 0 0 0 0 1 0 0 0 0 0 0 0 0 0 0 0 0 0 0 0 0 0 0 0 0 0 0 0 0 0 0 0 0 0 0 0 0 0 0 0 0 0 0 0 0 0 0 0 0 0 0 0 0 0 0 0 0 0 0 0 0 0 0 0 0 0 0 0 0 0 0
geno chr5.108660690 gbr  0 0 0 0 0 0 0 0 0 0 0 0 0 0 0 0 0 0 0 0 0 0 0 0 1 1 1 0 0 1 1 0 0 0 1 0 0 0 0 0 0 0 0 0 0 0 0 0 0 0 0 0 0 0 0 1 0 0 0 0 0 0 0 0 0 0 0 0 0 0 0 1 0 0 0 0 0 0 0 0 0 0 0 0
geno chr5.108660690 tsi  1 1 0 1 0 0 0 0 0 0 0 0 0 0 1 0 0 0 0 1 0 0 1 0 0 0 0 0 0 0 0 1 0 0 0 0 0 1 0 0 0 0 0 0 0 1 0 0 0 1 0 0 1 0 0 0 0 0 0 0 0 0 0 0 0 0 1 0 0 0 0 0 0 0 0 0 0 0 0 0 0 0 0 0 0 0 0 0 0 0 0 0
geno chr5.108660690 yri  0 0 0 0 0 0 0 0 0 0 0 0 0 0 0 0 0 0 0 0 0 0 0 0 0 0 0 0 0 0 0 0 0 0 0 0 0 0 0 0 0 0 0 0 0 0 0 0 0 0 0 0 0 0 0 0 0 0 0 0 0 0 0 0 0 0 0 0 0 0 0 0 0 0 0 0 0
geno chr5.108660765 ceu  2 0 0 1 1 1 1 1 0 2 1 2 1 2 1 2 1 1 2 1 1 0 0 1 2 0 1 1 1 0 2 2 2 1 2 0 0 1 0 1 1 1 1 0 1 1 1 1 1 1 1 2 2 0 2 2 0 2 2 2 1 0 2 0 1 1 1 2 1 0 0 1 0 2 0 0 0 0
geno chr5.108660765 fin  1 1 0 1 0 1 0 1 0 0 0 1 0 2 1 1 0 1 0 0 0 0 2 0 1 2 0 0 1 1 1 1 0 1 0 0 0 1 1 0 1 2 0 0 1 2 2 0 1 1 2 1 2 0 0 0 1 1 0 0 2 1 0 0 1 0 1 1 1 1 0 0 1 1 1 1 1 0 2 0 1 1 0 0 0 2 1 1 1
geno chr5.108660765 gbr  0 1 0 1 1 1 0 1 2 0 0 2 0 0 0 0 0 1 1 2 2 1 1 0 2 2 1 1 0 2 1 0 1 2 1 2 1 1 2 0 0 1 0 0 1 1 0 1 0 0 1 0 2 2 2 2 0 0 1 0 2 1 0 1 0 0 1 0 2 2 0 2 0 1 1 1 1 0 1 2 0 0 0 2
geno chr5.108660765 tsi  1 2 1 1 2 0 1 1 0 1 1 2 0 0 1 1 0 0 2 2 1 1 1 0 0 1 0 0 0 0 0 1 1 0 2 0 1 1 0 0 0 1 2 1 1 1 0 1 2 1 0 2 2 2 1 0 1 2 2 2 2 1 1 0 0 0 1 2 0 1 2 0 0 0 1 0 1 1 1 1 0 1 0 1 1 0 2 0 0 0 1 0
geno chr5.108660765 yri  2 2 2 2 2 2 2 2 2 2 2 2 2 2 2 2 2 2 2 2 2 2 2 1 2 2 2 2 2 2 2 2 2 2 2 2 2 2 2 2 2 2 2 1 2 2 2 1 2 2 2 2 2 1 2 2 2 1 2 2 2 2 1 2 2 2 2 2 2 1 2 1 2 2 2 2 2
geno chr5.108661551 ceu  0 0 0 0 0 0 0 0 0 1 0 1 0 0 0 1 0 0 1 0 0 0 0 0 2 0 0 0 0 0 0 0 0 0 0 0 0 0 0 0 1 0 0 0 0 0 1 0 0 0 0 0 0 0 0 0 0 0 1 0 0 0 0 0 0 0 1 0 0 0 0 0 0 1 0 0 0 0
geno chr5.108661551 fin  0 0 0 0 0 0 0 0 0 0 0 0 0 0 0 0 0 0 0 0 0 0 1 0 0 0 0 0 0 0 0 0 0 0 0 0 0 0 0 0 0 0 0 0 0 0 0 0 0 0 0 0 0 0 0 0 0 0 0 0 0 0 0 0 0 0 0 0 0 0 0 0 0 0 0 0 0 0 0 0 0 0 0 0 0 0 0 0 0
geno chr5.108661551 gbr  0 0 0 0 0 0 0 0 0 0 0 0 0 0 0 0 0 0 0 0 0 0 0 0 1 1 1 0 0 1 1 0 0 0 1 0 0 0 0 0 0 0 0 0 0 0 0 0 0 0 0 0 0 0 0 1 0 0 0 0 0 0 0 0 0 0 0 0 0 0 0 1 0 0 0 0 0 0 0 0 0 0 0 0
geno chr5.108661551 tsi  1 1 0 1 0 0 0 0 0 0 0 0 0 0 1 0 0 0 0 1 0 0 1 0 0 0 0 0 0 0 0 1 0 0 0 0 0 1 0 0 0 0 0 0 0 1 0 0 0 1 0 0 1 0 0 0 0 0 0 0 0 0 0 0 0 0 1 0 0 0 0 0 0 0 0 0 0 0 0 0 0 0 0 0 0 0 0 0 0 0 0 0
geno chr5.108661551 yri  0 0 0 0 0 0 0 0 0 0 0 0 0 0 0 0 0 0 0 0 0 0 0 0 0 0 0 0 0 0 0 0 0 0 0 0 0 0 0 0 0 0 0 0 0 0 0 0 0 0 0 0 0 0 0 0 0 0 0 0 0 0 0 0 0 0 0 0 0 0 0 0 0 0 0 0 0
geno chr5.108661647 ceu  2 0 0 1 1 1 1 1 0 2 1 2 1 2 1 2 1 1 2 1 1 0 0 1 2 0 1 1 1 0 2 2 2 1 2 0 0 1 0 1 1 1 1 0 1 1 1 1 1 1 1 2 2 0 2 2 0 2 2 2 1 0 2 0 1 1 1 2 1 0 0 1 0 2 0 0 0 0
geno chr5.108661647 fin  1 1 0 1 0 1 0 1 0 0 0 1 0 2 1 1 0 1 0 0 0 0 2 0 1 2 0 0 1 1 1 1 0 1 0 0 0 1 1 0 1 2 0 0 1 2 2 0 1 1 2 1 2 0 0 0 1 1 0 0 2 1 0 0 1 0 1 1 1 1 0 0 1 1 1 1 1 0 2 0 1 1 0 0 0 2 1 1 1
geno chr5.108661647 gbr  0 1 0 1 1 1 0 1 2 0 0 2 0 0 0 0 0 1 1 2 2 1 1 0 2 2 1 1 0 2 1 0 1 2 1 2 1 1 2 0 0 1 0 0 1 1 0 1 0 0 1 0 2 2 2 2 0 0 1 0 2 1 0 1 0 0 1 0 2 2 0 2 0 1 1 1 1 0 1 2 0 0 0 2
geno chr5.108661647 tsi  1 2 1 1 2 0 1 1 0 1 1 2 0 0 1 1 0 0 2 2 1 1 1 0 0 1 0 0 0 0 0 1 1 0 2 0 1 1 0 0 0 1 2 1 1 1 0 1 2 1 0 2 2 2 1 0 1 2 2 2 2 1 1 0 0 0 1 2 0 1 2 0 0 0 1 0 1 1 1 1 0 1 0 1 1 0 2 0 0 0 1 0
geno chr5.108661647 yri  2 2 2 2 2 2 2 2 2 2 2 2 2 2 2 2 2 2 2 2 2 2 2 1 2 2 2 2 2 2 2 2 2 2 2 2 2 2 2 2 2 2 2 1 2 2 2 1 2 2 2 2 2 1 2 2 2 1 2 2 2 2 1 2 2 2 2 2 2 1 2 1 2 2 2 2 2
geno chr5.108661938 ceu  0 0 0 0 1 0 1 0 0 0 0 1 0 0 0 0 1 0 0 1 0 0 0 1 0 0 0 0 0 0 0 1 0 0 0 0 0 0 0 0 0 0 0 0 0 0 0 0 0 0 0 1 0 0 0 0 0 0 0 0 0 0 0 0 1 0 0 0 0 0 0 0 0 1 0 0 0 0
geno chr5.108661938 fin  1 1 0 0 0 0 0 0 0 0 0 0 0 1 0 1 0 0 0 0 0 0 0 0 0 0 0 0 0 0 0 0 0 0 0 0 0 0 0 0 0 0 0 0 0 1 0 0 0 0 0 0 1 0 0 0 0 0 0 0 0 0 0 0 0 0 0 1 0 0 0 0 0 1 0 0 1 0 0 0 0 0 0 0 0 0 0 1 0
geno chr5.108661938 gbr  0 0 0 0 0 0 0 0 0 0 0 1 0 0 0 0 0 1 0 0 0 0 1 0 0 0 0 0 0 0 0 0 0 0 0 1 0 0 0 0 0 0 0 0 0 0 0 0 0 0 0 0 2 1 2 0 0 0 0 0 0 0 0 0 0 0 0 0 1 0 0 0 0 0 0 1 0 0 0 0 0 0 0 1
geno chr5.108661938 tsi  0 0 1 0 0 0 0 0 0 0 1 1 0 0 0 1 0 0 0 0 0 0 0 0 0 0 0 0 0 0 0 0 0 0 0 0 1 0 0 0 0 0 0 0 0 0 0 0 0 0 0 0 0 0 0 0 0 1 1 1 0 1 0 0 0 0 0 0 0 1 0 0 0 0 0 0 0 0 0 0 0 0 0 1 0 0 1 0 0 0 1 0
geno chr5.108661938 yri  0 2 1 0 0 0 0 1 0 1 1 0 0 1 0 1 1 1 0 0 0 0 1 0 1 2 1 0 0 0 1 0 0 1 0 0 2 2 2 0 0 1 0 0 0 0 1 0 0 0 1 1 1 0 0 1 0 1 0 1 1 1 1 2 1 0 0 1 0 0 1 1 0 1 0 1 1
geno chr5.108662005 ceu  0 0 0 0 0 0 0 0 0 1 0 1 0 0 0 1 0 0 1 0 0 0 0 0 2 0 0 0 0 0 0 0 0 0 0 0 0 0 0 0 1 0 0 0 0 0 1 0 0 0 0 0 0 0 0 0 0 0 1 0 0 0 0 0 0 0 1 0 0 0 0 0 0 1 0 0 0 0
geno chr5.108662005 fin  0 0 0 0 0 0 0 0 0 0 0 0 0 0 0 0 0 0 0 0 0 0 1 0 0 0 0 0 0 0 0 0 0 0 0 0 0 0 0 0 0 0 0 0 0 0 0 0 0 0 0 0 0 0 0 0 0 0 0 0 0 0 0 0 0 0 0 0 0 0 0 0 0 0 0 0 0 0 0 0 0 0 0 0 0 0 0 0 0
geno chr5.108662005 gbr  0 0 0 0 0 0 0 0 0 0 0 0 0 0 0 0 0 0 0 0 0 0 0 0 1 1 1 0 0 1 1 0 0 0 1 0 0 0 0 0 0 0 0 0 0 0 0 0 0 0 0 0 0 0 0 1 0 0 0 0 0 0 0 0 0 0 0 0 0 0 0 1 0 0 0 0 0 0 0 0 0 0 0 0
geno chr5.108662005 tsi  1 1 0 1 0 0 0 0 0 0 0 0 0 0 1 0 0 0 0 1 0 0 1 0 0 0 0 0 0 0 0 1 0 0 0 0 0 1 0 0 0 0 0 0 0 1 0 0 0 1 0 0 1 0 0 0 0 0 0 0 0 0 0 0 0 0 1 0 0 0 0 0 0 0 0 0 0 0 0 0 0 0 0 0 0 0 0 0 0 0 0 0
geno chr5.108662005 yri  0 0 0 0 0 0 0 0 0 0 0 0 0 0 0 0 0 0 0 0 0 0 0 0 0 0 0 0 0 0 0 0 0 0 0 0 0 0 0 0 0 0 0 0 0 0 0 0 0 0 0 0 0 0 0 0 0 0 0 0 0 0 0 0 0 0 0 0 0 0 0 0 0 0 0 0 0
geno chr5.108662174 ceu  0 0 0 0 0 0 0 0 0 1 0 1 0 0 0 1 0 0 1 0 0 0 0 0 2 0 0 0 0 0 0 0 0 0 0 0 0 0 0 0 1 0 0 0 0 0 1 0 0 0 0 0 0 0 0 0 0 0 1 0 0 0 0 0 0 0 1 0 0 0 0 0 0 1 0 0 0 0
geno chr5.108662174 fin  0 0 0 0 0 0 0 0 0 0 0 0 0 0 0 0 0 0 0 0 0 0 1 0 0 0 0 0 0 0 0 0 0 0 0 0 0 0 0 0 0 0 0 0 0 0 0 0 0 0 0 0 0 0 0 0 0 0 0 0 0 0 0 0 0 0 0 0 0 0 0 0 0 0 0 0 0 0 0 0 0 0 0 0 0 0 0 0 0
geno chr5.108662174 gbr  0 0 0 0 0 0 0 0 0 0 0 0 0 0 0 0 0 0 0 0 0 0 0 0 1 1 1 0 0 1 1 0 0 0 1 0 0 0 0 0 0 0 0 0 0 0 0 0 0 0 0 0 0 0 0 1 0 0 0 0 0 0 0 0 0 0 0 0 0 0 0 1 0 0 0 0 0 0 0 0 0 0 0 0
geno chr5.108662174 tsi  1 1 0 1 0 0 0 0 0 0 0 0 0 0 1 0 0 0 0 1 0 0 1 0 0 0 0 0 0 0 0 1 0 0 0 0 0 1 0 0 0 0 0 0 0 1 0 0 0 1 0 0 1 0 0 0 0 0 0 0 0 0 0 0 0 0 1 0 0 0 0 0 0 0 0 0 0 0 0 0 0 0 0 0 0 0 0 0 0 0 0 0
geno chr5.108662174 yri  0 0 0 0 0 0 0 0 0 0 0 0 0 0 0 0 0 0 0 0 0 0 0 0 0 0 0 0 0 0 0 0 0 0 0 0 0 0 0 0 0 0 0 0 0 0 0 0 0 0 0 0 0 0 0 0 0 0 0 0 0 0 0 0 0 0 0 0 0 0 0 0 0 0 0 0 0
geno chr5.108662516 ceu  0 0 0 0 0 0 0 0 0 1 0 1 0 0 0 1 0 0 1 0 0 0 0 0 2 0 0 0 0 0 0 0 0 0 0 0 0 0 0 0 1 0 0 0 0 0 1 0 0 0 0 0 0 0 0 0 0 0 1 0 0 0 0 0 0 0 1 0 0 0 0 0 0 1 0 0 0 0
geno chr5.108662516 fin  0 0 0 0 0 0 0 0 0 0 0 0 0 0 0 0 0 0 0 0 0 0 1 0 0 0 0 0 0 0 0 0 0 0 0 0 0 0 0 0 0 0 0 0 0 0 0 0 0 0 0 0 0 0 0 0 0 0 0 0 0 0 0 0 0 0 0 0 0 0 0 0 0 0 0 0 0 0 0 0 0 0 0 0 0 0 0 0 0
geno chr5.108662516 gbr  0 0 0 0 0 0 0 0 0 0 0 0 0 0 0 0 0 0 0 0 0 0 0 0 1 1 1 0 0 1 1 0 0 0 1 0 0 0 0 0 0 0 0 0 0 0 0 0 0 0 0 0 0 0 0 1 0 0 0 0 0 0 0 0 0 0 0 0 0 0 0 1 0 0 0 0 0 0 0 0 0 0 0 0
geno chr5.108662516 tsi  1 1 0 1 0 0 0 0 0 0 0 0 0 0 1 0 0 0 0 1 0 0 1 0 0 0 0 0 0 0 0 1 0 0 0 0 0 1 0 0 0 0 0 0 0 1 0 0 0 1 0 0 1 0 0 0 0 0 0 0 0 0 0 0 0 0 1 0 0 0 0 0 0 0 0 0 0 0 0 0 0 0 0 0 0 0 0 0 0 0 0 0
geno chr5.108662516 yri  0 0 0 0 0 0 0 0 0 0 0 0 0 0 0 0 0 0 0 0 0 0 0 0 0 0 0 0 0 0 0 0 0 0 0 0 0 0 0 0 0 0 0 0 0 0 0 0 0 0 0 0 0 0 0 0 0 0 0 0 0 0 0 0 0 0 0 0 0 0 0 0 0 0 0 0 0
geno chr5.108663013 ceu  0 0 0 0 0 0 0 0 0 1 0 1 0 0 0 1 0 0 1 0 0 0 0 0 2 0 0 0 0 0 0 0 0 0 0 0 0 0 0 0 1 0 0 0 0 0 1 0 0 0 0 0 0 0 0 0 0 0 1 0 0 0 0 0 0 0 1 0 0 0 0 0 0 1 0 0 0 0
geno chr5.108663013 fin  0 0 0 0 0 0 0 0 0 0 0 0 0 0 0 0 0 0 0 0 0 0 1 0 0 0 0 0 0 0 0 0 0 0 0 0 0 0 0 0 0 0 0 0 0 0 0 0 0 0 0 0 0 0 0 0 0 0 0 0 0 0 0 0 0 0 0 0 0 0 0 0 0 0 0 0 0 0 0 0 0 0 0 0 0 0 0 0 0
geno chr5.108663013 gbr  0 0 0 0 0 0 0 0 0 0 0 0 0 0 0 0 0 0 0 0 0 0 0 0 1 1 1 0 0 1 1 0 0 0 1 0 0 0 0 0 0 0 0 0 0 0 0 0 0 0 0 0 0 0 0 1 0 0 0 0 0 0 0 0 0 0 0 0 0 0 0 1 0 0 0 0 0 0 0 0 0 0 0 0
geno chr5.108663013 tsi  1 1 0 1 0 0 0 0 0 0 0 0 0 0 1 0 0 0 0 1 0 0 1 0 0 0 0 0 0 0 0 1 0 0 0 0 0 1 0 0 0 0 0 0 0 1 0 0 0 1 0 0 1 0 0 0 0 0 0 0 0 0 0 0 0 0 1 0 0 0 0 0 0 0 0 0 0 0 0 0 0 0 0 0 0 0 0 0 0 0 0 0
geno chr5.108663013 yri  0 0 0 0 0 0 0 0 0 0 0 0 0 0 0 0 0 0 0 0 0 0 0 0 0 0 0 0 0 0 0 0 0 0 0 0 0 0 0 0 0 0 0 0 0 0 0 0 0 0 0 0 0 0 0 0 0 0 0 0 0 0 0 0 0 0 0 0 0 0 0 0 0 0 0 0 0
geno chr5.108663115 ceu  1 0 0 0 0 1 0 1 0 1 1 0 1 2 1 0 0 1 0 0 1 0 0 0 0 0 0 0 1 0 2 1 2 1 2 0 0 0 0 1 0 0 1 0 1 0 0 1 1 0 1 0 2 0 1 1 0 2 1 2 1 0 2 0 0 1 0 2 1 0 0 1 0 0 0 0 0 0
geno chr5.108663115 fin  0 0 0 1 0 1 0 1 0 0 0 1 0 1 1 0 0 1 0 0 0 0 1 0 1 2 0 0 1 1 1 1 0 1 0 0 0 1 1 0 1 2 0 0 1 1 2 0 1 1 2 1 1 0 0 0 1 1 0 0 2 1 0 0 1 0 1 0 1 1 0 0 1 0 0 1 0 0 2 0 1 1 0 0 0 2 1 0 1
geno chr5.108663115 gbr  0 1 0 1 0 1 0 1 1 0 0 1 0 0 0 0 0 0 1 1 1 1 0 0 1 1 0 1 0 1 0 0 0 2 0 1 1 1 2 0 0 1 0 0 1 1 0 1 0 0 1 0 0 1 0 1 0 0 1 0 2 1 0 1 0 0 1 0 0 2 0 1 0 0 1 0 1 0 1 1 0 0 0 1
geno chr5.108663115 tsi  0 1 0 0 2 0 1 1 0 0 0 1 0 0 0 0 0 0 1 1 1 1 0 0 0 0 0 0 0 0 0 0 1 0 2 0 0 0 0 0 0 1 2 1 1 0 0 1 2 0 0 1 1 1 1 0 1 1 0 1 2 0 1 0 0 0 0 2 0 0 2 0 0 0 1 0 1 1 0 1 0 1 0 0 1 0 1 0 0 0 0 0
geno chr5.108663115 yri  0 0 0 0 0 0 0 0 0 0 0 0 1 0 0 0 0 0 1 0 0 0 0 0 0 0 0 0 0 0 0 0 0 0 0 0 0 0 0 0 0 0 0 0 0 0 0 0 1 0 0 0 0 0 0 0 0 0 0 0 0 0 0 0 0 0 0 0 0 0 0 0 0 0 0 0 0
