pheno ENSG00000160932 ceu 1.095344 -0.8207578 1.027921 -1.640137 0.4832827 1.469819 -0.01292066 -1.258063 0.09860268 -1.326905 0.2111528 0.7708093 -0.3497869 1.247873 0.395249 0.5688212 1.617648 -0.8599106 -1.837583 -2.361837 -1.559841 0.2583789 0.1179837 0.9102115 -0.8310994 -2.275834 -0.7102036 0.2382755 1.144198 2.088977 -0.8570711 -0.5755853 0.03194099 -1.186237 -1.328013 0.8797979 -0.2599567 0.6078845 1.097305 -1.450029 0.4727487 -0.939941 0.3355324 -1.617711 -1.205263 1.235042 -1.635593 1.003746 -2.681153 -0.8098939 -1.240034 -0.9613007 -1.102046 -0.2406191 -0.2252521 0.2769299 -0.7065244 0.6537295 -0.1959319 -0.6382223 -0.2450101 0.8871316 -1.051391 -1.392837 -1.104556 -0.7919753 1.548649 -0.2585247 -1.851711 -0.3343369 -2.671264 0.6974513 -1.091456 1.135333 0.08994109 0.697231 0.09695871 -0.2713752
pheno ENSG00000160932 fin 0.8521596 0.997376 2.110571 0.7060021 1.5033 1.262274 1.411529 1.087409 -1.388621 2.609608 3.718235 0.4625993 0.9204746 2.919166 3.755582 0.6454106 1.046698 2.431482 -0.5588559 -0.6526675 1.334337 2.38793 1.669235 1.329555 3.222719 1.437839 2.187079 0.5742367 0.5591122 2.271664 2.000929 2.65079 2.354592 0.5731917 -0.9360545 1.382796 1.372702 0.3492281 2.408401 -0.1240557 3.640251 2.306147 1.529459 1.508763 1.819706 1.582319 2.250498 0.9814235 0.8381898 2.384512 3.198537 1.180956 0.5398953 1.452372 1.581267 1.687588 1.813539 1.394653 -0.1111993 0.9280794 1.736932 1.637539 0.3923076 2.266101 -0.7213314 2.066333 1.97796 1.028727 2.693516 -0.1983896 1.763009 1.431148 0.3801023 -0.4704332 1.448733 2.035528 0.8416835 0.8877931 2.322163 1.523186 1.14495 0.1229729 3.496235 1.246915 1.062905 1.029144 1.330593 1.377959 1.541808
pheno ENSG00000160932 gbr 2.734577 1.654554 2.138856 1.03896 1.233328 1.385828 0.9220397 0.2483003 1.019852 1.774392 -0.04446298 1.40862 1.182663 1.002897 1.423129 0.9253548 0.377813 2.735311 -0.1425149 0.6015491 0.8430837 -1.049829 0.3988461 3.130626 0.5174303 1.654325 0.9799567 1.64637 1.87947 0.5141608 1.329016 -0.6690838 0.5594312 0.5303525 0.3861224 1.251037 1.381611 1.093345 0.6998196 0.4487195 0.753455 1.744319 1.171444 0.8168687 0.04458639 0.9994886 0.9530833 -0.1238819 1.247298 -2.01331 1.11408 -0.2519023 -0.2906714 0.8841285 0.3605803 1.774253 0.1696352 -0.1908763 1.045504 -0.6422396 0.2696584 1.358465 1.829321 -0.9971768 2.017661 1.684759 1.048747 0.1151105 1.478756 1.434216 0.6318292 2.885966 1.930697 -1.067656 2.368378 1.713665 1.386782 1.173013 2.141546 0.672324 -0.1187458 -0.8515993 3.050778 -0.8660717
pheno ENSG00000160932 tsi -0.9152108 -2.317096 -3.27915 -2.289205 -2.847564 -0.7336539 -4.023833 -0.3649388 -2.398294 -2.803181 -1.738966 -1.024113 -2.429414 -2.709382 -0.8088802 -0.1474761 -1.943162 -1.057841 -2.712092 -0.9929584 -2.223935 -0.3283524 -0.1899877 -2.635743 -2.101301 -0.1574201 -2.504039 -2.240661 -1.423935 -3.05404 -2.08048 -2.007378 -0.9563638 -0.6732261 0.0659029 -2.422264 -1.862302 0.1485503 -2.17373 -1.181198 -2.084037 -2.561206 -3.390347 -0.9122549 -2.350747 -1.451538 -1.230452 -3.45094 -1.939978 -2.303954 -1.543835 -1.849383 -1.029426 -2.948237 -2.025111 -0.2957009 -2.629522 -1.783378 -2.202833 -0.6007863 -1.129038 -3.311855 -1.06681 -1.39501 -0.9920132 -2.917214 -0.7984248 -1.445637 -2.064113 -2.096116 0.4894696 -2.790108 -2.449993 -1.345599 -2.27131 -1.000007 -2.465959 -1.808616 -2.350125 -0.6320652 -1.147643 -1.614387 -1.545398 -2.070247 -2.006978 -1.526617 -1.250403 -1.342103 -0.186861 -2.070597 -2.123935 -0.4575735
pheno ENSG00000160932 yri 1.129716 2.705835 1.832739 0.7680371 0.6282258 2.24985 1.071374 2.103965 2.186581 1.54718 0.8020969 1.406449 2.228769 0.05709632 2.171368 1.356835 1.117426 0.8688735 -0.1891828 -0.1088371 2.32203 0.5110914 3.475771 0.9541352 2.493309 0.7615312 0.5979063 2.130035 0.2212646 1.842401 1.999951 2.861966 2.979829 1.166304 1.577859 0.9287819 1.889514 -1.079049 0.7029904 2.190524 1.8111 0.9278423 1.698201 1.985426 1.412609 3.005027 3.247306 0.6592191 2.089881 2.380635 1.961798 1.914691 3.846463 0.8300658 1.287194 2.396074 3.613266 1.446471 1.022494 1.838681 1.947618 0.5531457 0.6802876 1.593356 0.465594 2.003557 2.150319 0.6870134 4.30317 -0.4437134 0.136874 -0.549849 2.757987 1.257849 0.4322286 0.03733087 1.950021
geno chr8.143999600 ceu  0 0 2 1 0 0 0 1 0 1 0 2 1 1 1 2 0 1 2 2 1 0 2 1 1 1 1 1 1 1 1 1 1 1 0 0 1 0 1 0 0 2 2 0 1 1 2 0 0 1 1 1 2 0 1 1 1 0 0 2 1 0 1 1 2 0 0 2 1 2 2 1 1 1 1 0 0 1
geno chr8.143999600 fin  1 2 0 2 1 2 1 1 1 2 2 0 1 0 0 0 1 0 0 0 1 2 2 1 1 1 0 0 1 2 2 1 2 1 0 1 1 1 1 0 1 1 0 1 1 1 1 0 2 0 1 2 1 0 1 1 2 1 2 2 0 1 0 2 1 1 2 0 2 2 1 0 2 0 1 1 0 2 0 0 0 1 2 1 1 1 0 1 1
geno chr8.143999600 gbr  0 1 2 0 0 0 2 1 1 0 0 1 2 1 0 1 2 1 1 2 1 1 1 2 0 1 2 1 2 2 2 1 1 0 2 1 2 0 1 0 1 0 2 1 1 2 1 1 0 2 2 1 1 1 0 1 2 1 0 0 2 2 2 2 0 0 0 1 0 2 1 1 1 2 0 0 0 2 0 0 1 1 1 1
geno chr8.143999600 tsi  0 1 1 1 1 1 0 1 1 1 1 2 1 1 1 2 1 1 1 1 1 1 0 1 1 2 0 1 2 2 2 2 1 1 1 1 2 1 1 0 1 1 2 1 0 2 1 2 1 0 1 0 1 2 2 0 2 2 1 1 1 1 0 1 1 2 1 1 1 1 2 0 2 2 1 2 1 2 1 1 1 2 1 1 1 1 0 2 0 2 0 2
geno chr8.143999600 yri  0 0 0 0 1 1 0 0 1 0 1 1 0 0 0 0 0 1 0 0 0 0 0 1 1 0 0 0 1 0 0 1 2 0 0 0 0 0 1 0 0 0 0 0 0 0 1 1 0 0 1 0 0 0 0 1 1 0 0 0 0 0 1 1 0 0 1 0 0 1 1 0 0 1 0 1 0
geno chr8.143999726 ceu  0 0 2 1 0 0 0 1 0 1 0 2 1 1 1 2 0 1 2 2 1 0 2 1 1 1 1 1 1 1 1 1 1 1 0 0 1 0 1 0 0 2 2 0 1 1 2 0 0 1 1 1 2 0 1 1 1 0 0 2 1 0 1 1 2 0 0 2 1 2 2 1 1 1 1 0 0 1
geno chr8.143999726 fin  1 2 0 2 1 2 1 1 1 2 2 0 1 0 0 0 1 0 0 0 1 2 2 1 1 1 0 0 1 2 2 1 2 1 0 1 1 1 1 0 1 1 0 1 1 1 1 0 2 0 1 2 1 0 1 1 2 1 2 2 0 1 0 2 1 1 2 0 2 2 1 0 2 0 1 1 0 2 0 0 0 1 2 1 1 1 0 1 1
geno chr8.143999726 gbr  0 1 2 0 0 0 2 1 1 0 0 1 2 1 0 1 2 1 1 2 1 1 1 2 0 1 2 1 2 2 2 1 1 0 2 1 2 0 1 0 1 0 2 1 1 2 1 1 0 2 2 1 1 1 0 1 2 1 0 0 2 2 2 2 0 0 0 1 0 2 1 1 1 2 0 0 0 2 0 0 1 1 1 1
geno chr8.143999726 tsi  0 1 1 1 1 1 0 1 1 1 1 2 1 1 1 2 1 1 1 1 1 1 0 1 0 2 0 1 2 2 2 2 1 1 1 1 2 1 1 0 1 1 2 1 0 2 1 2 1 0 1 0 1 2 2 0 2 2 1 0 1 1 0 1 1 2 1 1 1 1 2 0 2 2 1 2 1 2 1 0 1 2 1 1 1 1 0 2 0 2 0 2
geno chr8.143999726 yri  0 0 0 0 1 1 0 0 1 0 1 1 0 0 0 0 0 1 0 0 0 0 0 1 1 0 0 0 1 0 0 1 2 0 0 0 0 0 1 0 0 0 0 0 0 0 1 1 0 0 1 0 0 0 0 1 1 0 0 0 0 0 1 1 0 0 1 0 0 1 1 0 0 1 0 1 0
geno chr8.143999901 ceu  0 1 0 0 1 1 1 1 1 1 1 0 0 1 0 0 1 1 0 0 0 1 0 0 1 0 0 1 1 1 1 1 0 1 1 0 1 0 0 2 1 0 0 1 0 0 0 2 2 1 0 0 0 1 1 1 0 1 1 0 1 0 1 1 0 2 2 0 1 0 0 1 1 1 0 1 1 1
geno chr8.143999901 fin  0 0 0 0 0 0 1 0 1 0 0 0 1 2 0 1 0 1 0 1 0 0 0 0 0 1 1 2 0 0 0 0 0 1 1 0 1 0 1 2 0 0 1 0 1 0 1 1 0 1 0 0 0 1 0 0 0 1 0 0 1 1 2 0 1 0 0 1 0 0 0 1 0 0 1 1 0 0 1 0 1 1 0 0 0 0 1 1 1
geno chr8.143999901 gbr  2 1 0 1 0 1 0 0 0 1 0 0 0 0 0 1 0 0 0 0 0 1 1 0 1 1 0 0 0 0 0 1 1 1 0 0 0 2 0 1 1 2 0 0 1 0 0 1 1 0 0 1 1 1 1 0 0 1 1 0 0 0 0 0 1 1 1 1 1 0 0 0 0 0 1 0 1 0 1 0 0 0 1 1
geno chr8.143999901 tsi  1 0 0 1 1 0 1 1 1 1 0 0 1 1 1 0 0 1 1 1 0 0 1 0 1 0 2 0 0 0 0 0 1 1 0 0 0 1 0 1 1 0 0 1 1 0 1 0 1 2 0 0 1 0 0 1 0 0 1 0 0 1 1 1 0 0 1 1 1 0 0 1 0 0 1 0 1 0 0 1 0 0 1 1 1 1 2 0 0 0 2 0
geno chr8.143999901 yri  0 0 0 0 0 0 0 0 0 0 0 0 0 0 0 0 0 0 0 0 0 0 0 0 0 0 0 0 0 0 0 0 0 0 0 0 0 0 0 0 0 0 0 0 0 0 0 0 0 0 0 0 0 0 0 0 0 0 0 0 0 0 0 0 0 0 0 0 0 0 0 0 0 0 0 0 0
geno chr8.143999919 ceu  0 0 2 1 0 0 0 1 0 1 0 2 1 1 1 2 0 1 2 2 1 0 2 1 1 1 1 1 1 1 1 0 1 1 0 0 1 0 1 0 0 2 2 0 1 1 2 0 0 1 1 1 2 0 1 1 1 0 0 2 1 0 1 1 2 0 0 2 1 2 2 1 1 1 1 0 0 1
geno chr8.143999919 fin  1 2 0 2 1 2 1 1 1 2 2 0 1 0 0 0 1 0 0 0 1 2 2 1 1 1 0 0 1 2 2 1 2 1 0 1 1 1 1 0 1 1 0 1 1 1 1 0 2 0 1 2 1 0 1 1 2 1 2 2 0 1 0 2 1 1 2 0 2 2 1 0 2 0 1 1 0 2 0 0 0 1 2 1 1 1 0 1 1
geno chr8.143999919 gbr  0 1 2 0 0 0 2 1 1 0 0 1 2 1 0 1 2 1 1 2 1 1 1 2 0 1 2 1 2 2 2 1 1 0 2 1 2 0 1 0 1 0 2 1 1 2 1 1 0 2 2 1 1 1 0 1 2 1 0 0 2 2 2 2 0 0 0 1 0 2 1 1 1 2 0 0 0 2 0 0 1 1 1 1
geno chr8.143999919 tsi  0 1 1 1 1 1 0 1 1 1 1 2 1 1 1 2 1 1 1 1 1 1 0 1 1 2 0 1 2 2 2 2 1 1 1 1 2 1 1 0 1 1 2 1 0 2 1 2 1 0 1 0 1 2 2 0 2 2 1 1 1 1 0 1 1 2 1 1 1 1 2 0 2 2 1 2 1 2 1 1 1 2 1 1 1 1 0 2 0 2 0 2
geno chr8.143999919 yri  0 0 0 0 1 1 0 0 1 0 1 1 0 0 0 0 0 1 0 0 0 0 0 1 1 0 0 0 1 0 0 1 2 0 0 0 0 0 1 0 0 0 0 0 0 0 1 1 0 0 1 0 0 0 0 1 1 0 0 0 0 0 1 1 0 0 1 0 0 1 1 0 0 1 0 1 0
geno chr8.144000400 ceu  0 0 0 0 0 0 0 0 0 0 0 0 0 0 0 0 0 0 0 0 0 0 0 0 0 0 0 0 0 0 0 0 0 0 0 0 0 0 0 0 0 0 0 0 0 0 0 0 0 0 0 0 0 0 0 0 0 0 0 0 0 0 0 0 0 0 0 0 0 0 0 0 0 0 0 0 0 0
geno chr8.144000400 fin  0 0 0 0 1 0 0 0 0 0 0 0 0 0 0 0 0 0 0 0 0 0 0 0 0 0 0 0 1 0 0 0 0 0 0 0 0 0 0 0 0 0 0 0 0 0 0 0 0 0 0 0 0 0 0 0 0 0 0 0 0 0 0 0 0 0 0 0 0 0 0 0 0 0 0 0 0 0 0 0 0 0 0 0 0 0 0 0 0
geno chr8.144000400 gbr  0 0 0 0 0 0 0 0 0 0 0 0 0 0 0 0 0 0 0 0 0 0 0 0 0 0 0 0 0 0 0 0 0 0 0 0 0 0 0 0 0 0 0 0 0 0 0 0 0 0 0 0 0 0 0 0 0 0 0 0 0 0 0 0 0 0 0 0 0 0 0 0 0 0 0 0 0 0 0 0 0 0 0 0
geno chr8.144000400 tsi  0 0 0 0 0 0 0 0 0 0 0 0 0 0 0 0 0 0 0 0 0 0 1 0 0 0 0 0 0 0 0 0 0 0 0 0 0 0 0 0 0 0 0 0 0 0 0 0 0 0 0 1 0 0 0 0 0 0 0 0 0 0 0 0 0 0 0 0 0 0 0 0 0 0 0 0 0 0 0 0 0 0 0 0 0 0 0 0 0 0 0 0
geno chr8.144000400 yri  0 0 1 2 1 1 0 2 1 1 0 1 2 1 2 1 1 0 2 1 2 1 2 0 1 1 1 1 0 0 2 0 0 0 0 0 2 2 1 0 2 0 0 2 0 0 0 0 1 0 0 0 1 0 1 0 1 0 1 1 1 2 0 1 1 1 1 1 1 1 1 0 1 0 1 0 0
geno chr8.144000674 ceu  2 2 2 2 2 2 2 2 2 2 1 2 2 1 2 2 2 1 2 2 1 1 2 2 1 2 2 2 2 2 2 2 2 2 2 2 2 2 2 2 2 2 2 2 2 2 2 2 2 2 2 2 2 2 2 2 2 2 2 2 2 2 2 2 2 2 2 2 2 2 2 2 2 2 2 1 2 2
geno chr8.144000674 fin  2 2 1 2 2 2 2 1 2 2 2 2 2 2 2 2 2 2 2 2 2 2 2 1 2 2 2 2 2 2 2 2 2 2 1 2 2 2 1 2 2 2 2 1 2 2 2 2 2 2 2 2 2 1 2 2 2 2 2 1 2 2 2 2 2 2 2 2 2 1 2 2 2 2 1 2 1 2 2 2 2 2 2 2 2 2 2 1 2
geno chr8.144000674 gbr  1 2 2 2 2 2 1 2 2 2 2 2 2 2 2 2 2 2 2 2 1 2 2 2 2 2 2 2 2 2 2 2 2 2 2 2 2 2 2 2 1 2 2 2 2 2 2 2 2 2 2 2 2 2 2 2 2 2 2 2 2 2 2 2 2 2 2 1 2 2 2 2 2 2 2 2 2 2 1 2 2 2 2 2
geno chr8.144000674 tsi  2 2 2 2 2 2 2 2 2 2 2 2 2 2 2 2 2 1 2 2 2 2 2 2 2 2 2 2 2 2 2 2 2 2 2 2 2 2 2 2 2 2 2 2 2 2 2 2 2 2 2 2 2 2 2 2 2 1 2 2 2 2 2 2 1 2 1 2 2 2 1 2 1 1 2 2 2 2 2 2 2 2 2 2 2 1 2 2 2 2 2 1
geno chr8.144000674 yri  2 1 2 1 2 1 2 2 2 1 0 2 2 2 2 2 2 2 2 1 2 1 2 1 1 2 1 1 1 2 1 2 2 0 2 1 2 2 1 2 2 2 1 2 2 2 1 2 1 1 2 1 1 2 1 2 2 0 2 2 2 2 2 2 1 2 2 1 2 2 2 2 1 2 2 1 0
geno chr8.144000727 ceu  0 0 2 1 0 0 0 1 0 1 0 2 1 1 1 2 0 1 2 2 1 0 2 1 1 1 1 1 1 1 1 0 1 1 0 0 1 0 1 0 0 2 2 0 1 1 2 0 0 1 1 1 2 0 1 1 1 0 0 2 1 0 1 1 2 0 0 2 1 2 2 1 0 1 1 0 0 1
geno chr8.144000727 fin  1 2 0 2 1 2 1 1 1 2 2 0 1 0 0 0 1 0 0 0 1 2 2 1 1 1 0 0 1 2 2 1 2 1 0 1 1 1 1 0 1 1 0 1 1 1 1 0 2 0 1 2 1 0 1 1 2 1 2 2 0 1 0 2 0 0 1 0 2 1 1 0 1 0 1 1 0 2 0 0 0 1 2 1 1 1 0 1 1
geno chr8.144000727 gbr  0 1 2 0 0 0 1 1 1 0 0 1 2 1 0 1 2 1 1 2 1 1 1 2 0 1 1 1 1 2 2 1 1 0 2 1 2 0 1 0 1 0 2 1 1 2 1 1 0 2 2 1 1 1 0 1 1 1 0 0 1 2 2 2 0 0 0 1 0 2 1 1 1 2 0 0 0 2 0 0 1 1 1 1
geno chr8.144000727 tsi  0 1 1 1 1 1 0 1 1 1 1 2 1 1 1 2 1 1 1 1 1 1 0 1 1 2 0 1 2 2 2 2 1 1 1 1 2 1 1 0 1 1 2 1 0 2 1 2 0 0 1 0 1 2 2 0 2 2 1 1 1 1 0 1 1 2 1 1 1 1 2 0 2 2 1 2 1 2 1 1 1 2 1 1 1 1 0 2 0 2 0 2
geno chr8.144000727 yri  0 0 0 0 1 1 0 0 1 0 1 1 0 1 0 0 0 1 0 0 0 0 0 1 1 0 0 0 1 0 0 1 2 0 0 0 0 0 1 0 0 0 0 0 0 0 1 1 0 0 1 0 0 0 0 1 1 0 0 0 0 0 1 1 0 0 1 0 0 1 1 0 0 1 1 1 0
geno chr8.144000768 ceu  0 0 2 1 0 1 0 1 0 1 0 2 1 1 1 2 0 1 2 2 1 0 2 0 1 1 1 1 1 1 1 0 0 1 0 0 1 0 1 0 0 2 2 0 1 1 2 0 0 1 1 1 2 0 1 1 1 0 0 2 1 0 1 1 2 0 0 2 1 2 2 1 1 1 1 0 0 1
geno chr8.144000768 fin  1 2 0 2 1 2 1 1 1 2 2 0 1 0 0 0 1 0 0 0 1 2 2 1 1 1 0 0 1 2 2 1 2 1 0 1 1 1 1 0 1 1 0 1 1 1 1 1 2 0 1 2 1 0 1 1 2 1 2 2 0 1 0 2 0 0 1 1 1 0 1 0 1 0 1 1 0 2 0 0 0 1 2 1 1 1 0 1 1
geno chr8.144000768 gbr  0 1 2 0 0 0 0 1 1 0 0 1 2 1 0 1 2 1 1 2 1 1 1 2 0 1 1 1 1 2 2 1 1 0 2 1 2 0 1 0 1 0 2 1 1 2 1 1 0 2 2 1 1 1 0 0 1 1 0 0 1 2 2 2 0 0 0 1 0 2 1 1 1 2 0 0 0 2 0 0 1 1 1 1
geno chr8.144000768 tsi  0 1 1 0 1 0 0 1 1 1 1 2 1 1 1 1 0 1 1 1 1 1 0 1 1 2 0 1 1 2 1 1 1 1 0 1 2 1 1 0 1 1 2 1 0 2 1 2 0 0 1 0 1 2 2 0 2 2 1 1 1 1 0 1 1 2 1 1 1 1 2 0 2 2 1 2 1 2 1 1 1 2 1 1 1 1 0 2 0 2 0 2
geno chr8.144000768 yri  0 0 0 0 1 1 0 0 1 0 1 0 0 0 0 0 0 1 0 0 0 0 0 1 1 0 0 0 1 0 0 1 2 0 0 0 0 0 1 0 0 0 0 0 0 1 1 1 0 0 0 0 0 0 0 1 1 0 0 0 0 0 1 1 0 0 1 0 0 1 1 0 0 1 0 1 0
geno chr8.144000838 ceu  1 1 0 2 0 0 0 0 1 0 0 1 1 2 1 0 1 2 0 0 1 0 0 1 1 2 1 0 0 0 2 2 1 0 1 0 1 2 1 0 1 0 1 1 2 2 0 0 0 0 1 1 0 1 0 0 1 1 1 1 1 2 0 0 0 1 1 0 0 2 0 1 0 0 1 1 2 0
geno chr8.144000838 fin  2 0 1 0 2 1 1 1 0 2 1 1 1 1 1 1 1 0 1 1 2 1 2 0 2 1 2 2 2 0 2 1 2 0 1 2 0 0 2 1 0 1 2 0 1 1 0 0 1 0 0 1 0 2 1 2 1 1 1 1 0 1 1 1 0 1 0 1 1 0 1 1 0 1 1 0 1 2 2 2 1 0 2 2 2 2 2 2 0
geno chr8.144000838 gbr  1 1 1 2 2 1 0 1 0 0 2 1 0 2 1 0 2 2 1 1 0 0 2 1 1 0 1 0 1 0 1 1 0 1 0 2 2 0 2 1 0 0 1 1 0 1 1 1 0 0 0 1 0 0 2 1 1 2 1 2 1 1 0 0 0 2 1 0 0 0 1 2 1 1 2 2 1 0 1 1 1 2 0 1
geno chr8.144000838 tsi  2 1 1 0 0 2 2 0 0 0 1 0 1 0 0 0 1 1 0 0 2 1 1 1 0 0 0 1 0 1 1 0 1 0 0 2 0 0 2 1 2 1 1 1 2 0 0 0 0 2 2 2 0 0 1 1 1 1 0 1 0 1 1 1 0 0 1 2 1 1 0 1 0 1 1 2 2 2 1 0 1 0 0 1 2 1 1 1 2 1 0 1
geno chr8.144000838 yri  1 1 2 2 1 1 1 2 1 1 0 2 2 2 1 1 1 1 2 1 2 2 2 2 1 2 1 0 0 1 2 1 0 1 1 2 2 2 0 2 0 1 1 2 2 2 1 1 1 1 1 1 0 2 1 1 1 0 2 2 2 2 1 1 1 2 1 1 2 1 1 2 1 0 2 1 2
geno chr8.144000906 ceu  2 2 0 1 2 2 2 1 2 1 1 0 1 1 1 0 2 1 0 0 0 2 0 1 1 1 1 1 1 1 1 2 1 1 2 2 1 2 1 2 2 0 0 2 1 1 0 2 2 1 1 1 0 2 1 1 1 2 2 0 1 2 1 1 0 2 2 0 1 0 0 1 1 1 1 2 2 1
geno chr8.144000906 fin  1 0 1 0 0 0 1 0 1 0 0 2 1 2 2 2 1 1 2 2 1 0 0 0 1 1 2 2 0 0 0 1 0 1 1 1 1 1 1 2 1 1 2 0 1 1 1 2 0 1 1 0 1 2 1 1 0 1 0 0 1 1 2 0 1 1 0 2 0 0 1 2 0 2 1 1 1 0 2 2 2 1 0 0 1 1 2 1 1
geno chr8.144000906 gbr  2 1 0 2 2 2 0 1 1 2 2 1 0 1 2 1 0 1 1 0 0 1 1 0 2 1 0 1 0 0 0 1 1 2 0 1 0 2 1 2 1 2 0 1 1 0 1 1 2 0 0 1 1 1 2 1 0 1 2 2 0 0 0 0 2 2 2 1 2 0 1 1 1 0 2 2 2 0 2 2 1 1 1 1
geno chr8.144000906 tsi  2 1 1 1 1 1 2 1 1 1 1 0 1 1 1 0 1 1 1 1 0 1 1 1 1 0 2 1 0 0 0 0 1 1 1 1 0 1 1 2 1 1 0 1 2 0 1 0 1 2 1 1 1 0 0 2 0 0 1 1 1 1 2 1 0 0 1 1 1 1 0 2 0 0 1 0 1 0 1 1 1 0 1 1 1 1 2 0 2 0 2 0
geno chr8.144000906 yri  1 1 0 0 0 0 0 0 0 0 0 0 0 0 0 1 0 0 0 0 0 1 0 0 0 1 1 1 0 1 0 1 0 2 1 2 0 0 0 1 0 1 1 0 2 1 1 1 1 1 0 1 0 2 1 1 0 1 1 1 1 0 1 0 1 1 0 1 1 0 0 2 1 0 1 1 2
geno chr8.144000922 ceu  2 2 0 1 2 2 2 1 2 1 1 0 1 1 1 0 2 1 0 0 0 2 0 1 1 1 1 1 1 1 1 2 1 1 2 2 1 2 1 1 2 0 0 2 1 1 0 2 2 1 1 1 0 2 1 1 1 2 2 0 1 2 1 1 0 2 2 0 1 0 0 1 1 1 1 2 2 1
geno chr8.144000922 fin  1 0 1 0 0 0 1 0 1 0 0 2 1 2 2 2 1 1 2 2 1 0 0 0 1 1 2 2 0 0 0 1 0 1 1 1 1 1 1 2 1 1 2 0 1 1 1 2 0 1 1 0 1 2 1 1 0 1 0 0 1 1 2 0 1 1 0 2 0 0 1 2 0 2 1 1 1 0 2 2 2 1 0 1 1 1 2 1 1
geno chr8.144000922 gbr  2 1 0 2 2 2 0 1 1 2 2 1 0 1 2 1 0 1 1 0 0 1 1 0 2 1 0 1 0 0 0 1 1 2 0 1 0 2 1 2 1 2 0 1 1 0 1 1 2 0 0 1 1 1 2 1 0 1 2 2 0 0 0 0 2 2 2 1 2 0 1 1 1 0 2 2 2 0 2 2 1 1 1 1
geno chr8.144000922 tsi  2 1 1 1 1 1 2 1 1 1 1 0 1 1 1 0 1 1 1 1 1 1 1 1 1 0 2 1 0 0 0 0 1 1 1 1 0 1 1 2 1 1 0 1 2 0 1 0 1 2 1 1 1 0 0 2 0 0 1 1 1 1 2 1 0 0 1 1 1 1 0 2 0 0 1 0 1 0 1 1 1 0 1 1 1 1 2 0 2 0 2 0
geno chr8.144000922 yri  1 1 0 1 0 0 1 0 0 0 0 0 0 0 0 1 0 0 0 0 0 1 0 0 0 1 1 1 0 0 0 1 0 2 1 2 0 0 0 1 0 1 1 0 1 1 1 1 1 1 0 1 0 2 1 1 0 1 1 1 1 0 1 0 1 1 0 1 1 0 0 2 1 0 1 1 2
geno chr8.144001245 ceu  0 0 0 0 0 0 0 0 0 0 0 0 0 0 0 0 0 0 0 0 0 0 0 0 0 0 0 0 0 0 0 0 0 0 0 0 0 0 0 0 0 0 0 0 0 0 0 0 0 0 0 0 0 0 0 0 0 0 0 0 0 0 0 0 0 0 0 0 0 0 0 0 0 0 0 0 0 0
geno chr8.144001245 fin  0 0 0 0 1 0 0 0 0 0 0 0 0 0 0 0 0 0 0 0 0 0 0 0 0 0 0 0 1 0 0 0 0 0 0 0 0 0 0 0 0 0 0 0 0 0 0 0 0 0 0 0 0 0 0 0 0 0 0 0 0 0 0 0 0 0 0 0 0 0 0 0 0 0 0 0 0 0 0 0 0 0 0 0 0 0 0 0 0
geno chr8.144001245 gbr  0 0 0 0 0 0 0 0 0 0 0 0 0 0 0 0 0 0 0 0 0 0 0 0 0 0 1 0 0 0 0 0 0 0 0 0 0 0 0 0 0 0 0 0 0 0 0 0 0 0 0 0 0 0 0 0 0 0 0 0 0 0 0 0 0 0 0 0 0 0 0 0 0 0 0 0 0 0 0 0 0 0 0 0
geno chr8.144001245 tsi  0 0 0 0 0 0 0 0 0 0 0 0 0 0 0 0 0 0 0 0 0 0 1 0 0 0 0 0 0 0 0 0 0 0 0 0 0 0 0 0 0 0 0 0 0 0 0 0 0 0 0 1 0 0 0 0 0 0 0 0 0 0 0 0 0 0 0 0 0 0 0 0 0 0 0 0 0 0 0 0 0 0 0 0 0 0 0 0 0 0 0 0
geno chr8.144001245 yri  0 0 1 2 1 1 0 2 1 1 0 1 2 1 2 1 1 0 2 1 2 1 2 0 1 1 1 1 0 0 2 0 0 0 0 0 2 2 1 0 2 0 0 2 0 0 0 0 1 0 0 0 1 0 1 0 1 0 1 1 1 2 0 1 1 1 1 1 1 1 1 0 1 0 1 0 0
geno chr8.144001550 ceu  0 0 0 0 0 0 0 0 0 0 0 0 0 0 0 0 0 0 0 0 0 0 0 0 0 0 0 0 0 0 0 0 0 0 0 0 0 0 0 0 0 0 0 0 0 0 0 0 0 0 0 0 0 0 0 0 0 0 0 0 0 0 0 0 0 0 0 0 0 0 0 0 0 0 0 0 0 0
geno chr8.144001550 fin  0 0 0 0 1 0 0 0 0 0 0 0 0 0 0 0 0 0 0 0 0 0 0 0 0 0 0 0 1 0 0 0 0 0 0 0 0 0 0 0 0 0 0 0 0 0 0 0 0 0 0 0 0 0 0 0 0 0 0 0 0 0 0 0 0 0 0 0 0 0 0 0 0 0 0 0 0 0 0 0 0 0 0 0 0 0 0 0 0
geno chr8.144001550 gbr  0 0 0 0 0 0 0 0 0 0 0 0 0 0 0 0 0 0 0 0 0 0 0 0 0 0 0 0 0 0 0 0 0 0 0 0 0 0 0 0 0 0 0 0 0 0 0 0 0 0 0 0 0 0 0 0 0 0 0 0 0 0 0 0 0 0 0 0 0 0 0 0 0 0 0 0 0 0 0 0 0 0 0 0
geno chr8.144001550 tsi  0 0 0 0 0 0 0 0 0 0 0 0 0 0 0 0 0 0 0 0 0 0 1 0 0 0 0 0 0 0 0 0 0 0 0 0 0 0 0 0 0 0 0 0 0 0 0 0 0 0 0 1 0 0 0 0 0 0 0 0 0 0 0 0 0 0 0 0 0 0 0 0 0 0 0 0 0 0 0 0 0 0 0 0 0 0 0 0 0 0 0 0
geno chr8.144001550 yri  0 0 1 2 1 1 0 2 1 1 0 1 2 1 2 1 1 0 2 1 2 1 2 0 1 1 1 1 0 0 2 0 0 0 0 0 2 2 1 0 2 0 0 2 0 0 0 0 1 0 0 0 1 0 1 0 1 0 1 1 1 2 0 1 1 1 1 1 1 1 1 0 1 0 1 0 0
geno chr8.144001874 ceu  0 0 0 1 0 1 0 0 0 0 0 0 0 0 0 0 0 0 0 0 0 0 0 0 0 0 0 0 0 0 0 0 0 0 0 0 0 0 0 0 0 0 0 1 0 0 0 0 0 0 1 0 0 1 0 0 0 0 1 0 0 0 0 0 0 0 0 0 0 0 0 0 0 0 0 0 0 0
geno chr8.144001874 fin  0 0 0 0 0 0 0 0 0 0 0 0 0 0 0 1 0 0 0 0 0 0 0 0 0 0 0 0 0 0 0 0 0 0 0 1 0 0 0 0 0 0 0 0 0 0 0 1 0 0 0 0 0 1 0 1 0 0 0 0 0 0 0 0 0 1 0 1 0 0 0 1 0 1 0 0 0 0 0 2 0 0 0 1 0 1 0 0 0
geno chr8.144001874 gbr  0 0 0 0 0 0 0 0 0 0 0 0 0 0 1 0 0 1 0 0 0 0 0 0 0 0 0 0 0 0 0 0 0 1 0 0 0 0 0 1 0 0 0 0 0 0 0 0 0 0 0 0 0 0 0 1 0 0 0 0 0 0 0 0 0 0 0 0 0 0 0 0 0 0 0 0 0 0 0 0 0 1 0 0
geno chr8.144001874 tsi  0 0 0 0 0 0 0 0 0 0 1 0 0 0 0 0 0 0 0 0 0 0 0 1 0 0 0 0 0 0 0 0 0 0 0 0 0 0 0 1 0 0 0 0 0 0 0 0 0 0 0 1 0 0 0 0 0 0 0 0 0 0 0 0 0 0 0 0 0 0 0 0 0 0 0 0 0 0 0 0 0 0 0 0 0 0 0 0 2 0 0 0
geno chr8.144001874 yri  0 0 0 0 0 0 1 0 0 0 0 0 0 0 0 0 0 0 0 0 0 0 0 0 0 0 0 0 0 0 0 0 0 0 0 0 0 0 0 1 0 0 0 0 0 0 0 0 0 0 0 0 0 0 0 0 0 0 0 0 0 0 0 0 0 0 0 0 0 0 0 0 0 0 0 0 0
geno chr8.144002184 ceu  0 1 0 1 0 1 0 0 0 0 0 0 0 0 0 0 0 0 0 0 0 0 0 0 0 0 0 0 0 0 0 0 0 0 0 0 0 1 0 0 0 0 0 1 1 0 0 0 0 0 1 0 0 1 0 0 0 0 1 0 0 1 0 0 0 0 0 0 0 0 0 0 0 0 0 0 0 0
geno chr8.144002184 fin  0 0 0 0 0 0 0 0 0 0 0 0 0 0 0 1 0 0 0 0 0 0 0 0 0 0 0 0 0 0 0 0 0 0 0 1 0 0 0 0 0 0 0 0 0 1 0 1 0 0 0 0 0 1 0 1 0 0 0 0 0 0 0 0 0 1 0 1 0 0 0 1 0 1 0 0 0 0 0 2 0 0 0 1 0 1 0 0 0
geno chr8.144002184 gbr  0 0 0 0 1 0 0 0 0 0 1 0 0 0 1 0 0 1 0 0 0 0 0 0 0 0 0 0 0 0 0 0 0 1 0 0 0 0 0 1 0 0 0 0 0 0 0 0 0 0 0 0 0 0 1 1 0 0 0 0 0 0 0 0 0 0 0 0 0 0 0 0 1 0 0 1 0 0 1 0 0 1 0 0
geno chr8.144002184 tsi  0 1 1 0 0 0 1 0 0 0 1 0 0 0 0 0 0 0 0 0 0 1 0 1 0 0 0 0 0 0 0 0 0 0 0 0 0 0 1 1 0 0 0 0 0 0 0 0 0 0 0 1 0 0 0 0 0 0 0 0 0 0 0 0 0 0 0 0 0 1 0 0 0 0 0 0 0 0 0 0 1 0 0 0 0 0 0 0 2 0 0 0
geno chr8.144002184 yri  1 1 0 0 0 0 0 0 0 0 0 0 0 0 0 1 0 0 0 0 0 1 0 0 0 1 1 1 0 1 0 1 0 2 1 2 0 0 0 1 0 1 1 0 2 1 1 1 1 1 0 1 0 2 1 1 0 1 1 1 1 0 1 0 1 1 0 1 1 0 0 2 1 0 1 1 2
geno chr8.144002283 ceu  0 0 2 1 0 0 0 1 0 1 0 2 1 1 1 2 0 1 2 2 1 0 2 1 1 1 1 1 1 1 1 0 1 1 0 0 1 0 1 0 0 2 2 0 1 1 2 0 0 1 1 1 2 0 1 1 1 0 0 2 1 0 1 1 2 0 0 2 1 2 2 1 1 1 1 0 0 1
geno chr8.144002283 fin  1 2 0 2 1 2 1 1 1 2 2 0 1 0 0 0 1 0 0 0 1 2 2 1 1 1 0 0 1 2 2 1 2 1 0 1 1 1 1 0 1 1 0 1 1 1 1 0 2 0 1 2 1 0 1 1 2 1 2 2 0 1 0 2 1 1 2 0 2 2 1 0 2 0 1 1 0 2 0 0 0 1 2 1 1 1 0 1 1
geno chr8.144002283 gbr  0 1 2 0 0 0 2 1 1 0 0 1 2 1 0 1 2 1 1 2 1 1 1 2 0 1 2 1 2 2 2 1 1 0 2 1 2 0 1 0 1 0 2 1 1 2 1 1 0 2 2 1 1 1 0 1 2 1 0 0 2 2 2 2 0 0 0 1 0 2 1 1 1 2 0 0 0 2 0 0 1 1 1 1
geno chr8.144002283 tsi  0 1 1 1 1 1 0 1 1 1 1 2 1 1 1 2 1 1 1 1 1 1 0 1 1 2 0 1 2 2 2 2 1 1 1 1 2 1 1 0 1 1 2 1 0 2 1 2 1 0 1 0 1 2 2 0 2 2 1 1 1 1 0 1 1 2 1 1 1 1 2 0 2 2 1 2 1 2 1 1 1 2 1 1 1 1 0 2 0 2 0 2
geno chr8.144002283 yri  0 0 0 0 1 1 0 0 1 0 1 1 0 0 0 0 0 1 0 0 0 0 0 1 1 0 0 0 1 0 0 1 2 0 0 0 0 0 1 0 0 0 0 0 0 0 1 1 0 0 1 0 0 0 0 1 1 0 0 0 0 0 1 1 0 0 1 0 0 1 1 0 0 1 0 1 0
geno chr8.144002443 ceu  0 1 0 0 1 1 1 1 1 1 1 0 0 1 0 0 1 1 0 0 0 1 0 0 1 0 0 1 1 1 1 1 0 1 1 0 1 0 0 2 1 0 0 1 0 0 0 2 2 1 0 0 0 1 1 1 0 1 1 0 1 0 1 1 0 2 2 0 1 0 0 1 1 1 0 1 1 1
geno chr8.144002443 fin  0 0 0 0 0 0 1 0 1 0 0 0 1 2 0 1 0 1 0 1 0 0 0 0 0 1 1 2 0 0 0 0 0 1 1 0 1 0 1 1 0 0 1 0 1 0 1 1 0 1 0 0 0 1 0 0 0 1 0 0 1 1 2 0 1 0 0 1 0 0 0 1 0 0 1 1 0 0 1 0 1 1 0 0 0 0 1 1 1
geno chr8.144002443 gbr  2 1 0 1 0 1 0 0 0 1 0 0 0 0 0 1 0 0 0 0 0 1 1 0 1 1 0 0 0 0 0 1 1 1 0 0 0 2 0 1 1 2 0 0 1 0 0 1 1 0 0 1 1 1 1 0 0 1 1 0 0 0 0 0 1 1 1 1 1 0 0 0 0 0 1 0 1 0 1 0 0 0 1 1
geno chr8.144002443 tsi  1 0 0 1 1 0 1 1 1 1 0 0 1 1 1 0 0 1 1 1 0 0 1 0 1 0 2 0 0 0 0 0 1 1 0 0 0 1 0 1 1 0 0 1 1 0 1 0 1 2 0 0 1 0 0 1 0 0 1 0 0 1 1 1 0 0 1 1 1 0 0 1 0 0 1 0 1 0 0 1 0 0 1 1 1 1 2 0 0 0 2 0
geno chr8.144002443 yri  0 0 0 0 0 0 0 0 0 0 0 0 0 0 0 0 0 0 0 0 0 0 0 0 0 0 0 0 0 0 0 0 0 0 0 0 0 0 0 0 0 0 0 0 0 0 0 0 0 0 0 0 0 0 0 0 0 0 0 0 0 0 0 0 0 0 0 0 0 0 0 0 0 0 0 0 0
geno chr8.144002558 ceu  0 1 0 0 1 1 1 1 1 1 1 0 0 1 0 0 1 1 0 0 0 1 0 0 1 0 0 1 1 1 1 1 0 1 1 0 1 0 0 2 1 0 0 1 0 0 0 2 2 1 0 0 0 1 1 1 0 1 1 0 1 0 1 1 0 2 2 0 1 0 0 1 1 1 0 1 1 1
geno chr8.144002558 fin  0 0 0 0 0 0 1 0 1 0 0 0 1 2 0 1 0 1 0 1 0 0 0 0 0 1 1 2 0 0 0 0 0 1 1 0 1 0 1 1 0 0 1 0 1 0 1 1 0 1 0 0 0 1 0 0 0 1 0 0 1 1 2 0 1 0 0 1 0 0 0 1 0 0 1 1 0 0 1 0 1 1 0 0 0 0 1 1 1
geno chr8.144002558 gbr  2 1 0 1 0 1 0 0 0 1 0 0 0 0 0 1 0 0 0 0 0 1 1 0 1 1 0 0 0 0 0 1 1 1 0 0 0 2 0 1 1 2 0 0 1 0 0 1 1 0 0 1 1 1 1 0 0 1 1 0 0 0 0 0 1 1 1 1 1 0 0 0 0 0 1 0 1 0 1 0 0 0 1 1
geno chr8.144002558 tsi  1 0 0 1 1 0 1 1 1 1 0 0 1 1 1 0 0 1 1 1 0 0 1 0 1 0 2 0 0 0 0 0 1 1 0 0 0 1 0 1 1 0 0 1 1 0 1 0 1 2 0 0 1 0 0 1 0 0 1 0 0 1 1 1 0 0 1 1 1 0 0 1 0 0 1 0 1 0 0 1 0 0 1 1 1 1 2 0 0 0 2 0
geno chr8.144002558 yri  0 0 0 0 0 0 0 0 0 0 0 0 0 0 0 0 0 0 0 0 0 0 0 0 0 0 0 0 0 0 0 0 0 0 0 0 0 0 0 0 0 0 0 0 0 0 0 0 0 0 0 0 0 0 0 0 0 0 0 0 0 0 0 0 0 0 0 0 0 0 0 0 0 0 0 0 0
geno chr8.144003138 ceu  0 0 2 1 0 0 0 1 0 1 0 2 1 1 1 2 0 1 2 2 1 0 2 1 1 1 1 1 1 1 1 0 1 1 0 0 1 0 1 0 0 2 2 0 1 1 2 0 0 1 1 1 2 0 1 1 1 0 0 2 1 0 1 1 2 0 0 2 1 2 2 1 1 1 1 0 0 1
geno chr8.144003138 fin  1 2 0 2 1 2 1 1 1 2 2 0 1 0 0 0 1 0 0 0 1 2 2 1 1 1 0 0 1 2 2 1 2 1 0 1 1 1 1 0 1 1 0 1 1 1 1 0 2 0 1 2 1 0 1 1 2 1 2 2 0 1 0 2 1 1 2 0 2 2 1 0 2 0 1 1 0 2 0 0 0 1 2 1 1 1 0 1 1
geno chr8.144003138 gbr  0 1 2 0 0 0 2 1 1 0 0 1 2 1 0 1 2 1 1 2 1 1 1 2 0 1 2 1 2 2 2 1 1 0 2 1 2 0 1 0 1 0 2 1 1 2 1 1 0 2 2 1 1 1 0 1 2 1 0 0 2 2 2 2 0 0 0 1 0 2 1 1 1 2 0 0 0 2 0 0 1 1 1 1
geno chr8.144003138 tsi  0 1 1 1 1 1 0 1 1 1 1 2 1 1 1 2 1 1 1 1 1 1 0 1 1 2 0 1 2 2 2 2 1 1 1 1 2 1 1 0 1 1 2 1 0 2 1 2 1 0 1 0 1 2 2 0 2 2 1 1 1 1 0 1 1 2 1 1 1 1 2 0 2 2 1 2 1 2 1 1 1 2 1 1 1 1 0 2 0 2 0 2
geno chr8.144003138 yri  0 0 0 0 1 1 0 0 1 0 0 1 0 0 0 0 0 0 0 0 0 0 0 0 0 0 0 0 1 0 0 1 2 0 0 0 0 0 1 0 0 0 0 0 0 0 1 0 0 0 1 0 0 0 0 1 1 0 0 0 0 0 1 1 0 0 1 0 0 1 1 0 0 0 0 1 0
geno chr8.144003207 ceu  0 0 2 1 0 0 0 1 0 1 0 2 1 1 1 2 0 1 2 2 1 0 2 1 1 1 1 1 1 1 1 0 1 1 0 0 1 0 1 0 0 2 2 0 1 1 2 0 0 1 1 1 2 0 1 1 1 0 0 2 1 0 1 1 2 0 0 2 1 2 2 1 1 1 1 0 0 1
geno chr8.144003207 fin  1 2 0 2 2 2 1 1 1 2 2 0 1 0 0 0 1 0 0 0 1 2 2 1 1 1 0 0 2 2 2 1 2 1 0 1 1 1 1 0 1 1 0 1 1 1 1 0 2 0 1 2 1 0 1 1 2 1 2 2 0 1 0 2 1 1 2 0 2 2 1 0 2 0 1 1 0 2 0 0 0 1 2 1 1 1 0 1 1
geno chr8.144003207 gbr  0 1 2 0 0 0 2 1 1 0 0 1 2 1 0 1 2 1 1 2 1 1 1 2 0 1 2 1 2 2 2 1 1 0 2 1 2 0 1 0 1 0 2 1 1 2 1 1 0 2 2 1 1 1 0 1 2 1 0 0 2 2 2 2 0 0 0 1 0 2 1 1 1 2 0 0 0 2 0 0 1 1 1 1
geno chr8.144003207 tsi  0 1 1 1 1 1 0 1 1 1 1 2 1 1 1 2 1 1 1 1 1 1 1 1 0 2 0 1 2 2 2 2 1 1 1 1 2 1 1 0 1 1 2 1 0 2 1 2 1 0 1 1 1 2 2 0 2 2 1 0 1 1 0 1 1 2 1 1 1 1 2 0 2 2 1 2 1 2 1 0 1 2 1 1 1 1 0 2 0 2 0 2
geno chr8.144003207 yri  0 0 1 2 2 2 0 2 2 1 1 2 2 1 2 1 1 0 2 1 2 1 2 1 2 1 1 1 1 0 2 1 2 0 0 0 2 2 2 0 2 0 0 2 0 0 1 1 1 0 1 0 1 0 1 1 2 0 1 1 1 2 1 2 1 1 2 1 1 2 2 0 1 0 1 1 0
geno chr8.144003253 ceu  0 0 1 0 0 0 0 1 0 0 0 0 0 0 1 0 0 0 0 0 1 0 0 0 1 0 1 0 0 0 0 0 0 0 0 0 0 0 1 0 0 0 0 0 1 0 0 0 0 0 0 0 0 0 0 0 0 0 0 0 0 0 1 0 0 0 0 0 0 0 0 0 1 1 0 0 0 0
geno chr8.144003253 fin  1 0 0 0 1 0 0 0 0 1 0 0 1 0 0 0 1 0 0 0 1 0 1 0 0 1 0 0 0 1 1 0 1 0 0 1 0 0 1 0 0 0 0 0 0 0 0 0 0 0 0 0 0 0 0 1 1 0 0 2 0 0 0 1 0 1 1 0 0 0 0 0 0 0 1 0 0 1 0 0 0 0 0 1 0 1 0 1 0
geno chr8.144003253 gbr  0 0 1 0 0 0 0 1 0 0 0 0 1 0 0 0 1 0 0 0 1 0 0 0 0 0 0 0 1 0 0 0 0 0 1 0 0 0 1 0 0 0 1 0 0 0 0 1 0 0 0 0 0 0 0 0 1 0 0 0 0 0 0 1 0 0 0 0 0 0 0 1 0 0 0 0 0 0 0 0 0 0 0 0
geno chr8.144003253 tsi  0 1 0 0 0 0 0 0 0 0 0 0 0 0 0 0 0 1 0 0 0 0 0 0 0 0 0 0 0 0 1 0 0 0 0 0 1 0 0 0 0 0 1 0 0 1 0 1 0 0 0 0 0 1 0 0 0 0 0 0 0 1 0 0 0 0 1 1 0 0 0 0 0 0 1 2 0 1 0 0 0 0 0 1 0 0 0 1 0 0 0 1
geno chr8.144003253 yri  0 0 0 0 0 0 0 0 0 0 0 0 0 0 0 0 0 0 0 0 0 0 0 0 0 0 0 0 0 0 0 0 0 0 0 0 0 0 0 0 0 0 0 0 0 0 0 0 0 0 0 0 0 0 0 0 0 0 0 0 0 0 0 0 0 0 0 0 0 0 0 0 0 0 0 0 0
geno chr8.144003290 ceu  0 0 2 1 0 0 0 1 0 1 0 2 1 1 1 2 0 1 2 2 1 0 2 1 1 1 1 1 1 1 1 0 1 1 0 0 1 0 1 0 0 2 2 0 1 1 2 0 0 1 1 1 2 0 1 1 1 0 0 2 1 0 1 1 2 0 0 2 1 2 2 1 1 1 1 0 0 1
geno chr8.144003290 fin  1 2 0 2 2 2 1 1 1 2 2 0 1 0 0 0 1 0 0 0 1 2 2 1 1 1 0 0 2 2 2 1 2 1 0 1 1 1 1 0 1 1 0 1 1 1 1 0 2 0 1 2 1 0 1 1 2 1 2 2 0 1 0 2 1 1 2 0 2 2 1 0 2 0 1 1 0 2 0 0 0 1 2 1 1 1 0 1 1
geno chr8.144003290 gbr  0 1 2 0 0 0 2 1 1 0 0 1 2 1 0 1 2 1 1 2 1 1 1 2 0 1 2 1 2 2 2 1 1 0 2 1 2 0 1 0 1 0 2 1 1 2 1 1 0 2 2 1 1 1 0 1 2 1 0 0 2 2 2 2 0 0 0 1 0 2 1 1 1 2 0 0 0 2 0 0 1 1 1 1
geno chr8.144003290 tsi  0 1 1 1 1 1 0 1 1 1 1 2 1 1 1 2 1 1 1 1 1 1 1 1 1 2 0 1 2 2 2 2 1 1 1 1 2 1 1 0 1 1 2 1 0 2 1 2 1 0 1 1 1 2 2 0 2 2 1 1 1 1 0 1 1 2 1 1 1 1 2 0 2 2 1 2 1 2 1 1 1 2 1 1 1 1 0 2 0 2 0 2
geno chr8.144003290 yri  0 0 1 2 2 2 1 2 2 1 1 2 2 1 2 1 1 0 2 1 2 1 2 1 2 1 1 1 1 0 2 1 2 0 0 0 2 2 2 1 2 0 0 2 0 0 1 1 1 0 1 0 1 0 1 1 2 0 1 1 1 2 1 2 1 1 2 1 1 2 2 0 1 0 1 1 0
geno chr8.144003806 ceu  2 2 0 0 2 1 2 1 2 1 0 0 1 1 1 0 2 1 0 0 0 2 0 1 1 1 1 1 1 1 1 2 1 1 2 2 1 1 1 2 2 0 0 1 0 1 0 2 2 1 0 1 0 1 1 1 1 2 1 0 1 1 1 1 0 2 2 0 1 0 0 1 1 1 1 2 2 1
geno chr8.144003806 fin  1 0 1 0 0 0 1 0 1 0 0 2 1 2 2 1 1 1 2 2 1 0 0 0 1 1 2 2 0 0 0 1 0 1 1 0 1 1 1 2 1 1 2 0 1 0 1 1 0 1 1 1 1 1 1 0 0 1 0 0 1 1 2 0 1 0 0 1 0 0 1 1 0 1 0 1 1 0 2 0 2 1 1 0 1 0 2 1 1
geno chr8.144003806 gbr  2 1 0 2 1 2 0 1 1 2 1 1 0 1 1 1 0 0 1 0 0 1 1 0 2 1 0 1 0 1 0 0 1 1 0 1 0 1 1 1 1 2 0 1 1 0 1 1 2 0 0 1 1 1 1 0 0 1 2 2 0 0 0 0 2 2 2 0 2 0 1 1 1 0 2 1 2 0 1 2 1 0 1 1
geno chr8.144003806 tsi  2 0 0 1 1 1 1 1 1 1 0 0 1 1 1 0 1 1 1 1 1 0 1 0 1 0 2 1 0 0 0 0 1 1 1 1 0 1 0 1 1 1 0 1 2 0 1 0 2 2 1 0 1 0 0 2 0 0 1 1 1 1 2 1 0 0 1 1 1 0 0 2 0 0 1 0 1 0 1 1 0 0 1 1 1 1 2 0 0 0 2 0
geno chr8.144003806 yri  1 0 1 0 0 0 1 0 0 0 0 0 0 1 0 0 0 1 0 0 0 0 0 0 0 0 0 0 0 0 0 0 0 0 0 0 0 0 0 0 0 0 0 0 0 1 0 0 0 0 1 0 0 0 0 0 0 0 0 0 0 0 0 0 0 0 0 0 0 0 0 0 0 0 0 0 0
geno chr8.144003917 ceu  0 0 2 1 0 0 0 1 0 1 0 2 1 1 1 2 0 1 2 2 1 0 2 1 1 1 1 1 1 1 1 0 1 1 0 0 1 0 1 0 0 2 2 0 1 1 2 0 0 1 1 1 2 0 1 1 1 0 0 2 1 0 1 0 1 0 0 2 1 2 2 1 1 1 1 0 0 1
geno chr8.144003917 fin  1 2 0 1 2 2 1 1 1 2 2 0 1 0 0 0 1 0 0 0 1 2 2 1 1 1 0 0 2 2 2 1 2 1 0 1 1 1 1 0 1 1 0 1 1 1 1 0 2 0 1 2 1 0 1 1 2 1 2 2 0 1 0 2 1 1 2 0 2 2 1 0 2 0 1 1 0 2 0 0 0 1 2 1 1 1 0 1 1
geno chr8.144003917 gbr  0 1 2 0 0 0 2 1 1 0 0 0 2 1 0 1 2 1 1 2 1 1 1 2 0 1 2 1 2 2 2 1 1 0 2 1 2 0 1 0 1 0 2 1 1 2 1 1 0 2 2 1 1 1 0 1 2 1 0 0 2 2 2 2 0 0 0 1 0 2 1 1 1 2 0 0 0 2 0 0 1 1 1 1
geno chr8.144003917 tsi  0 1 1 1 1 1 0 1 1 1 1 2 1 1 1 2 1 1 1 1 1 1 1 1 1 2 0 1 2 2 2 2 1 1 1 1 2 1 1 0 1 1 2 1 0 2 1 2 1 0 1 1 1 2 2 0 2 2 1 1 1 1 0 1 1 2 1 1 1 1 2 0 2 2 1 2 1 2 1 1 1 2 1 1 1 1 0 2 0 2 0 2
geno chr8.144003917 yri  0 0 1 2 2 2 1 2 2 1 1 2 2 1 2 1 1 1 2 1 2 1 2 1 2 1 1 1 1 0 2 1 2 0 0 0 2 2 2 0 1 0 0 2 0 0 1 1 1 0 1 0 0 0 1 1 2 0 1 1 1 2 1 2 1 1 2 1 1 2 2 0 1 1 1 1 0
geno chr8.144004124 ceu  0 1 0 1 0 1 0 0 0 0 0 0 0 0 0 0 0 0 0 0 0 0 0 0 0 0 0 0 0 0 0 0 0 0 0 0 0 1 0 0 0 0 0 1 1 0 0 0 0 0 1 0 0 1 0 0 0 0 1 0 0 1 0 0 0 0 0 0 0 0 0 0 0 0 0 0 0 0
geno chr8.144004124 fin  0 0 0 0 0 0 0 0 0 0 0 0 0 0 0 1 0 0 0 0 0 0 0 0 0 0 0 0 0 0 0 0 0 0 0 1 0 0 0 0 0 0 0 0 0 1 0 1 0 0 0 0 0 1 0 1 0 0 0 0 0 0 0 0 0 1 0 1 0 0 0 1 0 1 0 0 0 0 0 2 0 0 0 1 0 1 0 0 0
geno chr8.144004124 gbr  0 0 0 0 1 0 0 0 0 0 1 0 0 0 1 0 0 1 0 0 0 0 0 0 0 0 0 0 0 0 0 0 0 1 0 0 0 0 0 1 0 0 0 0 0 0 0 0 0 0 0 0 0 0 1 1 0 0 0 0 0 0 0 0 0 0 0 0 0 0 0 0 1 0 0 1 0 0 1 0 0 1 0 0
geno chr8.144004124 tsi  0 1 1 0 0 0 1 0 0 0 1 0 0 0 0 0 0 0 0 0 0 1 0 1 0 0 0 0 0 0 0 0 0 0 0 0 0 0 1 1 0 0 0 0 0 0 0 0 0 0 0 1 0 0 0 0 0 0 0 0 0 0 0 0 0 0 0 0 0 1 0 0 0 0 0 0 0 0 0 0 1 0 0 0 0 0 0 0 2 0 0 0
geno chr8.144004124 yri  1 1 0 0 0 0 0 0 0 0 0 0 0 0 0 1 0 0 0 0 0 1 0 0 0 1 1 1 0 1 0 1 0 2 1 2 0 0 0 1 0 1 1 0 2 1 1 1 1 1 0 1 0 2 1 1 0 1 1 1 1 0 1 0 1 1 0 1 1 0 0 2 1 0 1 1 2
geno chr8.144004698 ceu  0 0 0 0 0 0 0 0 0 0 0 0 0 0 0 0 0 0 0 0 0 0 0 0 0 0 0 0 0 0 0 0 0 0 0 0 0 0 0 0 0 0 0 0 0 0 0 0 0 0 0 0 0 0 0 0 0 0 0 0 0 0 0 0 0 0 0 0 0 0 0 0 0 0 0 0 0 0
geno chr8.144004698 fin  0 0 0 0 1 0 0 0 0 0 0 0 0 0 0 0 0 0 0 0 0 0 0 0 0 0 0 0 1 0 0 0 0 0 0 0 0 0 0 0 0 0 0 0 0 0 0 0 0 0 0 0 0 0 0 0 0 0 0 0 0 0 0 0 0 0 0 0 0 0 0 0 0 0 0 0 0 0 0 0 0 0 0 0 0 0 0 0 0
geno chr8.144004698 gbr  0 0 0 0 0 0 0 0 0 0 0 0 0 0 0 0 0 0 0 0 0 0 0 0 0 0 0 0 0 0 0 0 0 0 0 0 0 0 0 0 0 0 0 0 0 0 0 0 0 0 0 0 0 0 0 0 0 0 0 0 0 0 0 0 0 0 0 0 0 0 0 0 0 0 0 0 0 0 0 0 0 0 0 0
geno chr8.144004698 tsi  0 0 0 0 0 0 0 0 0 0 0 0 0 0 0 0 0 0 0 0 0 0 1 0 0 0 0 0 0 0 0 0 0 0 0 0 0 0 0 0 0 0 0 0 0 0 0 0 0 0 0 1 0 0 0 0 0 0 0 0 0 0 0 0 0 0 0 0 0 0 0 0 0 0 0 0 0 0 0 0 0 0 0 0 0 0 0 0 0 0 0 0
geno chr8.144004698 yri  1 0 2 1 1 1 0 2 1 1 0 2 2 1 2 1 1 1 2 1 2 1 2 0 1 1 1 1 1 0 2 1 0 0 0 1 2 2 1 1 2 0 0 2 0 0 0 0 1 0 2 1 1 1 1 1 1 1 2 2 1 2 2 1 1 1 2 1 2 1 1 0 2 0 1 0 1
geno chr8.144005260 ceu  0 0 2 1 0 0 0 1 0 1 0 2 1 1 1 2 0 1 2 2 1 0 2 1 1 1 1 1 1 1 1 0 1 1 0 0 1 0 1 0 0 2 2 0 1 1 2 0 0 1 1 1 2 0 1 1 1 0 0 2 1 0 1 1 2 0 0 2 1 2 2 1 1 1 1 0 0 1
geno chr8.144005260 fin  1 2 0 2 1 2 1 1 1 2 2 0 1 0 0 0 1 0 0 0 1 2 2 1 1 1 0 0 1 2 2 1 2 1 0 1 1 1 1 0 1 1 0 1 1 1 1 0 2 0 1 2 1 0 1 1 2 1 2 2 0 1 0 2 1 0 2 0 2 2 1 0 2 0 1 1 0 2 0 0 0 1 2 1 1 1 0 1 1
geno chr8.144005260 gbr  0 1 2 0 0 0 2 1 1 0 0 1 1 1 0 1 2 1 1 2 1 1 1 2 0 1 2 1 1 2 2 1 1 0 1 1 2 0 1 0 1 0 2 0 1 2 1 1 0 2 2 1 1 1 0 1 2 1 0 0 2 2 1 2 0 0 0 1 0 2 1 1 1 2 0 0 0 2 0 0 1 1 1 1
geno chr8.144005260 tsi  0 1 1 1 1 1 0 1 1 1 1 2 1 1 1 2 1 1 1 1 1 1 0 1 0 2 0 1 2 2 2 2 1 1 1 1 2 1 1 0 1 1 2 1 0 2 1 2 1 0 1 0 1 2 2 0 2 2 1 0 1 1 1 1 1 2 1 1 1 1 2 0 2 2 1 2 1 2 1 0 1 2 1 1 1 1 0 2 0 2 0 2
geno chr8.144005260 yri  0 0 0 0 0 1 0 0 0 0 0 0 0 0 0 0 0 0 0 0 0 0 0 0 0 0 0 0 0 0 0 0 0 0 0 0 0 0 0 0 0 0 0 0 0 0 0 0 0 0 0 0 0 0 0 0 0 0 0 0 0 0 0 0 0 0 0 0 0 0 0 0 0 0 0 0 0
geno chr8.144005364 ceu  0 1 0 1 0 1 0 0 0 0 0 0 0 0 0 0 0 0 0 0 0 0 0 0 0 0 0 0 0 0 0 0 0 0 0 0 0 1 0 0 0 0 0 1 1 0 0 0 0 0 1 0 0 1 0 0 0 0 1 0 0 1 0 0 0 0 0 0 0 0 0 0 0 0 0 0 0 0
geno chr8.144005364 fin  0 0 0 0 0 0 0 0 0 0 0 0 0 0 0 1 0 0 0 0 0 0 0 0 0 0 0 0 0 0 0 0 0 0 0 1 0 0 0 0 0 0 0 0 0 1 0 1 0 0 0 0 0 1 0 1 0 0 0 0 0 0 0 0 0 1 0 1 0 0 1 1 0 1 1 0 0 0 0 2 0 0 0 1 0 1 0 0 0
geno chr8.144005364 gbr  0 1 0 0 1 0 0 0 0 0 1 0 1 0 1 0 0 1 0 0 0 0 0 0 0 0 0 0 0 0 0 1 0 1 1 0 0 0 0 1 0 0 0 0 0 0 0 0 0 0 0 0 0 0 1 1 0 0 0 0 0 0 0 0 0 0 0 0 0 0 0 0 1 0 0 1 0 0 1 0 0 1 0 0
geno chr8.144005364 tsi  0 1 1 0 0 0 1 0 0 0 1 0 0 0 0 0 0 0 0 0 0 1 0 1 1 0 0 0 0 0 0 0 0 0 0 0 0 0 1 1 0 0 0 0 0 0 0 0 0 0 0 1 0 0 0 0 0 0 0 1 0 0 0 0 0 0 0 0 0 1 0 0 0 0 0 0 0 0 0 1 1 0 0 0 0 0 0 0 2 0 0 0
geno chr8.144005364 yri  1 1 0 0 0 0 0 0 0 0 0 0 0 0 0 1 0 1 0 0 0 1 0 0 0 1 1 1 0 1 0 1 0 2 1 2 0 0 0 1 0 1 1 0 2 1 1 1 1 1 0 1 0 2 1 1 0 1 1 1 1 0 1 0 1 1 0 1 1 0 0 2 1 2 1 1 2
geno chr8.144005505 ceu  0 0 0 0 0 0 0 0 0 0 0 0 0 0 0 0 0 0 0 0 0 0 0 0 0 0 0 0 0 0 0 0 0 0 0 0 0 0 0 0 0 0 0 0 0 0 0 0 0 0 0 0 0 0 0 0 0 0 0 0 0 0 0 0 0 0 0 0 0 0 0 0 0 0 0 0 0 0
geno chr8.144005505 fin  0 0 0 0 1 0 0 0 0 0 0 0 0 0 0 0 0 0 0 0 0 0 0 0 0 0 0 0 0 0 0 0 0 0 0 0 0 0 0 0 0 0 0 0 0 0 0 0 0 0 0 0 0 0 0 0 0 0 0 0 0 0 0 0 0 0 0 0 0 0 0 0 0 0 0 0 0 0 0 0 0 0 0 0 0 0 0 0 0
geno chr8.144005505 gbr  0 0 0 0 0 0 0 0 0 0 0 0 0 0 0 0 0 0 0 0 0 0 0 0 0 0 0 0 0 0 0 0 0 0 0 0 0 0 0 0 0 0 0 0 0 0 0 0 0 0 0 0 0 0 0 0 0 0 0 0 0 0 0 0 0 0 0 0 0 0 0 0 0 0 0 0 0 0 0 0 0 0 0 0
geno chr8.144005505 tsi  0 0 0 0 0 0 0 0 0 0 0 0 0 0 0 0 0 0 0 0 0 0 1 0 0 0 0 0 0 0 0 0 0 0 0 0 0 0 0 0 0 0 0 0 0 0 0 0 0 0 0 0 0 0 0 0 0 0 0 0 0 0 0 0 0 0 0 0 0 0 0 0 0 0 0 0 0 0 0 0 0 0 0 0 0 0 0 0 0 0 0 0
geno chr8.144005505 yri  0 0 0 0 1 0 0 1 0 1 0 1 0 1 1 1 0 0 1 1 1 0 0 0 1 0 0 0 0 0 2 0 0 0 0 0 0 0 0 0 2 0 0 1 0 0 0 0 0 0 0 0 2 0 0 0 0 0 1 1 0 1 0 1 0 0 0 1 0 1 1 0 1 0 1 0 0
geno chr8.144005573 ceu  2 2 2 2 2 2 2 2 2 2 1 2 2 2 2 2 2 2 2 2 1 2 2 2 2 2 2 2 2 2 2 2 2 2 2 2 2 2 2 2 2 2 2 2 2 2 2 2 2 2 2 2 2 2 2 2 2 2 2 2 2 2 2 2 2 2 2 2 2 2 2 2 2 2 2 2 2 2
geno chr8.144005573 fin  2 2 1 2 2 2 2 1 2 2 2 2 2 2 2 2 2 1 2 2 2 2 2 1 2 2 2 2 2 2 2 2 2 2 1 2 2 2 2 2 2 2 2 1 2 2 2 2 2 1 2 2 2 2 2 2 2 2 2 2 1 2 2 2 2 2 2 2 2 2 2 1 2 2 2 2 1 2 2 2 2 2 2 2 2 2 2 2 2
geno chr8.144005573 gbr  2 2 2 2 2 2 2 2 2 2 2 2 2 2 2 2 2 2 2 2 1 2 2 2 2 2 2 2 2 2 2 2 2 2 2 2 2 2 2 2 2 2 2 2 2 2 2 2 2 2 2 2 2 2 2 2 2 2 2 2 2 2 2 2 2 2 2 2 2 2 2 2 2 2 2 2 2 2 2 2 2 2 2 2
geno chr8.144005573 tsi  2 2 2 2 2 2 2 2 2 2 2 2 2 2 2 2 2 2 2 2 2 2 2 2 2 2 2 2 2 2 2 2 2 2 2 2 2 2 2 2 2 2 2 2 2 2 2 2 2 2 2 2 2 2 2 2 2 2 2 2 2 2 2 2 1 2 2 2 2 2 2 2 2 2 2 2 2 2 2 2 2 2 2 2 2 2 2 2 2 2 2 2
geno chr8.144005573 yri  2 1 2 2 2 2 2 2 2 1 2 2 2 2 2 2 2 1 2 1 2 2 2 1 2 2 2 2 1 2 2 2 2 2 2 2 2 2 2 2 2 2 1 2 2 2 2 2 2 1 2 1 2 2 2 2 2 1 2 2 2 2 2 2 2 2 2 2 2 2 2 2 2 0 2 2 2
geno chr8.144006073 ceu  2 2 0 1 2 2 2 1 2 1 1 0 1 1 1 0 2 1 0 0 0 2 0 1 1 1 1 1 1 1 1 2 1 1 2 2 1 2 1 2 2 0 0 2 1 1 0 2 2 1 1 1 0 2 1 1 1 2 2 0 1 2 1 1 0 2 2 0 1 0 0 1 1 1 1 2 2 1
geno chr8.144006073 fin  1 0 1 0 1 0 1 0 1 0 0 2 1 2 2 2 1 1 2 2 1 0 0 0 1 1 2 2 1 0 0 1 0 1 1 1 1 1 1 2 1 1 2 0 1 1 1 2 0 1 1 0 1 2 1 1 0 1 0 0 1 1 1 0 1 1 0 2 0 0 1 2 0 2 1 1 1 0 2 2 2 1 0 1 1 1 2 1 1
geno chr8.144006073 gbr  2 1 0 2 2 2 0 1 1 2 2 1 1 1 2 1 0 1 1 0 0 1 1 0 2 1 0 1 0 0 0 1 1 2 1 1 0 2 1 2 1 2 0 2 1 0 1 1 2 0 0 1 1 1 2 1 0 1 2 2 0 0 1 0 2 2 2 1 2 0 1 1 1 0 2 2 2 0 2 2 1 1 1 1
geno chr8.144006073 tsi  2 1 1 1 1 1 2 1 1 1 1 0 1 1 1 0 1 1 1 1 1 1 2 1 2 0 2 1 0 0 0 0 1 1 1 1 0 1 1 2 1 1 0 1 2 0 1 0 2 2 1 2 1 0 0 2 0 0 1 2 1 1 1 1 0 0 1 1 1 1 0 2 0 0 1 0 1 0 1 2 1 0 1 1 1 1 2 0 2 0 2 0
geno chr8.144006073 yri  2 1 2 2 2 1 2 2 2 1 2 2 2 2 2 2 2 2 2 1 2 2 2 1 2 2 2 2 1 2 2 2 2 2 2 2 2 2 2 2 2 2 1 2 2 2 2 2 2 1 2 1 2 2 2 2 2 1 2 2 2 2 2 2 2 2 2 2 2 2 2 2 2 2 2 2 2
geno chr8.144007104 ceu  0 1 2 2 0 1 0 1 0 1 0 2 1 1 1 1 0 1 1 2 1 0 2 1 1 1 1 1 1 1 1 0 1 1 0 0 1 1 1 0 0 2 1 1 2 1 1 0 0 0 2 1 2 1 1 1 0 0 1 2 1 1 1 1 2 0 0 0 1 2 1 1 1 1 1 0 0 0
geno chr8.144007104 fin  1 1 0 2 2 2 1 1 1 2 2 0 1 0 0 1 1 0 0 0 1 2 2 1 1 1 0 0 2 2 2 1 2 1 0 2 1 1 1 0 1 1 0 1 1 1 1 1 2 0 1 1 1 1 1 2 2 1 2 2 0 1 0 2 1 2 2 1 2 2 1 1 2 1 1 1 0 2 0 2 0 0 1 2 1 2 0 1 1
geno chr8.144007104 gbr  0 0 2 0 1 0 2 1 1 0 1 1 2 1 1 1 2 2 1 1 1 1 1 2 0 1 2 1 2 2 2 1 1 1 2 1 2 0 1 1 1 0 2 0 1 2 1 1 0 2 2 1 1 1 1 2 2 1 0 0 2 2 1 2 0 0 0 1 0 2 1 1 2 2 0 1 0 1 1 0 1 2 1 1
geno chr8.144007104 tsi  0 2 2 1 1 1 1 0 1 1 2 2 1 1 1 2 1 1 0 1 1 2 1 2 1 2 0 0 2 2 2 1 1 1 1 1 2 1 2 1 1 1 2 1 0 2 1 2 1 0 1 2 1 2 2 0 1 2 0 1 0 1 1 1 1 2 1 1 0 2 1 0 1 2 1 2 1 2 1 1 2 1 0 1 1 2 0 2 2 1 0 2
geno chr8.144007104 yri  2 1 2 2 2 2 2 2 2 1 2 2 2 2 2 2 2 2 2 1 2 2 2 2 2 2 2 2 1 2 2 2 2 2 2 2 2 2 2 2 2 2 1 2 2 2 2 2 2 1 2 1 2 2 2 2 2 1 2 2 2 2 2 2 2 2 2 2 2 2 2 2 2 2 2 2 2
geno chr8.144007670 ceu  0 0 0 0 0 0 0 0 0 0 0 0 0 0 0 0 0 0 0 0 0 0 0 0 0 0 0 0 0 0 0 0 0 0 0 0 0 0 0 0 0 0 0 0 0 0 0 0 0 0 0 0 0 0 0 0 0 0 0 0 0 0 0 0 0 0 0 0 0 0 0 0 0 0 0 0 0 0
geno chr8.144007670 fin  0 0 0 0 1 0 0 0 0 0 0 0 0 0 0 0 0 0 0 0 0 0 0 0 0 0 0 0 1 0 0 0 0 0 0 0 0 0 0 0 0 0 0 0 0 0 0 0 0 0 0 0 0 0 0 0 0 0 0 0 0 0 0 0 0 0 0 0 0 0 0 0 0 0 0 0 0 0 0 0 0 0 0 0 0 0 0 0 0
geno chr8.144007670 gbr  0 0 0 0 0 0 0 0 0 0 0 0 0 0 0 0 0 0 0 0 0 0 0 0 0 0 0 0 0 0 0 0 0 0 0 0 0 0 0 0 0 0 0 0 0 0 0 0 0 0 0 0 0 0 0 0 0 0 0 0 0 0 0 0 0 0 0 0 0 0 0 0 0 0 0 0 0 0 0 0 0 0 0 0
geno chr8.144007670 tsi  0 0 0 0 0 0 0 0 0 0 0 0 0 0 0 0 0 0 0 0 0 0 1 0 0 0 0 0 0 0 0 0 0 0 0 0 0 0 0 0 0 0 0 0 0 0 0 0 0 0 0 1 0 0 0 0 0 0 0 0 0 0 0 0 0 0 0 0 0 0 0 0 0 0 0 0 0 0 0 0 0 0 0 0 0 0 0 0 0 0 0 0
geno chr8.144007670 yri  0 0 1 1 1 1 0 2 1 1 0 1 2 1 2 1 1 0 2 1 2 1 2 0 1 1 1 1 0 0 2 0 0 0 0 0 2 2 1 0 2 0 0 2 0 0 0 0 1 0 0 0 2 0 1 0 1 0 1 1 1 2 0 1 1 1 1 1 1 1 1 0 1 0 1 0 0
geno chr8.144007939 ceu  0 0 0 0 0 0 0 0 0 0 0 0 0 0 0 0 0 0 0 0 0 0 0 0 0 0 0 0 0 0 0 0 0 0 0 0 0 0 0 0 0 0 0 0 0 0 0 0 0 0 0 0 0 0 0 0 0 0 0 0 0 0 0 0 0 0 0 0 0 0 0 0 0 0 0 0 0 0
geno chr8.144007939 fin  0 0 0 0 1 0 0 0 0 0 0 0 0 0 0 0 0 0 0 0 0 0 0 0 0 0 0 0 1 0 0 0 0 0 0 0 0 0 0 0 0 0 0 0 0 0 0 0 0 0 0 0 0 0 0 0 0 0 0 0 0 0 0 0 0 0 0 0 0 0 0 0 0 0 0 0 0 0 0 0 0 0 0 0 0 0 0 0 0
geno chr8.144007939 gbr  0 0 0 0 0 0 0 0 0 0 0 0 0 0 0 0 0 0 0 0 0 0 0 0 0 0 0 0 0 0 0 0 0 0 0 0 0 0 0 0 0 0 0 0 0 0 0 0 0 0 0 0 0 0 0 0 0 0 0 0 0 0 0 0 0 0 0 0 0 0 0 0 0 0 0 0 0 0 0 0 0 0 0 0
geno chr8.144007939 tsi  0 0 0 0 0 0 0 0 0 0 0 0 0 0 0 0 0 0 0 0 0 0 1 0 0 0 0 0 0 0 0 0 0 0 0 0 0 0 0 0 0 0 0 0 0 0 0 0 0 0 0 1 0 0 0 0 0 0 0 0 0 0 0 0 0 0 0 0 0 0 0 0 0 0 0 0 0 0 0 0 0 0 0 0 0 0 0 0 0 0 0 0
geno chr8.144007939 yri  0 0 1 1 1 1 0 2 1 1 0 1 2 1 2 1 1 0 2 1 2 1 2 0 1 1 1 1 0 0 2 0 0 0 0 0 2 2 1 0 2 0 0 2 0 0 0 0 1 0 0 0 2 0 1 0 1 0 1 1 1 2 0 1 1 1 1 1 1 1 1 0 1 0 1 0 0
geno chr8.144008153 ceu  0 1 0 1 0 1 0 0 0 0 0 0 0 0 0 0 0 0 0 0 0 0 0 0 0 0 0 0 0 0 0 0 0 0 0 0 0 1 0 0 0 0 0 1 1 0 0 0 0 0 1 0 0 1 0 0 0 0 1 0 0 1 0 0 0 0 0 0 0 0 0 0 0 0 0 0 0 0
geno chr8.144008153 fin  0 0 0 0 0 0 0 0 0 0 0 0 0 0 0 1 0 0 0 0 0 0 0 0 0 0 0 0 0 0 0 0 0 0 0 1 0 0 0 0 0 0 0 0 0 1 0 1 0 0 0 0 0 1 0 1 0 0 0 0 0 0 0 0 0 1 0 1 0 0 0 1 0 1 0 0 0 0 0 2 0 0 0 1 0 1 0 0 0
geno chr8.144008153 gbr  0 0 0 0 1 0 0 0 0 0 1 0 1 0 1 0 0 1 0 0 0 0 0 0 0 0 0 0 0 0 0 0 0 1 1 0 0 0 0 1 0 0 0 0 0 0 0 0 0 0 0 0 0 0 1 1 0 0 0 0 0 0 0 0 0 0 0 0 0 0 0 0 1 0 0 1 0 0 1 0 0 1 0 0
geno chr8.144008153 tsi  0 1 1 0 0 0 1 0 0 0 1 0 0 0 0 0 0 0 0 0 0 1 0 1 0 0 0 0 0 0 0 0 0 0 0 0 0 0 1 1 0 0 0 0 0 0 0 0 0 0 0 1 0 0 0 0 0 0 0 0 0 0 0 0 0 0 0 0 0 1 0 0 0 0 0 0 0 0 0 0 1 0 0 0 0 1 0 0 2 0 0 0
geno chr8.144008153 yri  1 1 0 0 0 0 0 0 0 0 0 0 0 0 0 1 0 0 0 0 0 1 0 0 0 1 1 1 0 1 0 1 0 2 1 2 0 0 0 1 0 1 1 0 2 1 1 2 1 1 0 1 0 2 1 1 0 1 1 1 1 0 1 0 1 1 0 1 1 0 0 2 1 0 1 1 2
geno chr8.144008181 ceu  2 1 0 0 2 1 2 1 2 1 1 0 1 1 1 0 2 1 0 0 0 2 0 1 1 1 1 1 1 1 1 2 1 1 2 2 1 1 1 2 2 0 0 1 0 1 0 2 2 1 0 1 0 1 1 1 1 2 1 0 1 1 1 1 0 2 2 0 1 0 0 1 1 1 1 2 2 1
geno chr8.144008181 fin  1 0 1 0 0 0 1 0 1 0 0 2 1 2 2 1 1 1 2 2 1 0 0 0 1 1 2 2 0 0 0 1 0 1 1 0 1 1 1 2 1 1 2 0 1 0 1 1 0 1 1 0 1 1 1 0 0 1 0 0 1 1 2 0 1 0 0 1 0 0 1 1 0 1 1 1 1 0 2 0 2 1 0 0 1 0 2 1 1
geno chr8.144008181 gbr  2 1 0 2 1 2 0 1 1 2 1 1 0 1 1 1 0 0 1 0 0 1 1 0 2 1 0 1 0 0 0 1 1 1 0 1 0 2 1 1 1 2 0 2 1 0 1 1 2 0 0 1 1 1 1 0 0 1 2 2 0 0 1 0 2 2 2 1 2 0 1 1 0 0 2 1 2 0 1 2 1 0 1 1
geno chr8.144008181 tsi  2 0 0 1 1 1 1 1 1 1 0 0 1 1 1 0 1 1 1 1 1 0 1 0 1 0 2 1 0 0 0 0 1 1 1 1 0 1 0 1 1 1 0 1 2 0 1 0 1 2 1 0 1 0 0 2 0 0 1 1 1 1 1 1 0 0 1 1 1 0 0 2 0 0 1 0 1 0 1 1 0 0 1 1 1 0 2 0 0 0 2 0
geno chr8.144008181 yri  1 0 1 0 0 0 1 0 0 0 0 1 0 0 0 0 0 2 0 0 0 0 0 0 0 0 0 0 0 1 0 0 0 0 1 0 0 0 0 1 0 1 0 0 0 0 0 0 0 0 2 0 0 0 0 0 0 0 0 0 0 0 0 0 0 0 1 0 0 0 0 0 0 2 0 0 0
geno chr8.144008926 ceu  0 0 0 0 0 0 0 0 0 0 0 0 0 0 0 0 0 0 0 0 0 0 0 0 0 0 0 0 0 0 0 0 0 0 0 0 0 0 0 0 0 0 0 0 0 0 0 0 0 0 0 0 0 0 0 0 0 0 0 0 0 0 0 0 0 0 0 0 0 0 0 0 0 0 0 0 0 0
geno chr8.144008926 fin  0 0 0 0 1 0 0 0 0 0 0 0 0 0 0 0 0 0 0 0 0 0 0 0 0 0 0 0 1 0 0 0 0 0 0 0 0 0 0 0 0 0 0 0 0 0 0 0 0 0 0 0 0 0 0 0 0 0 0 0 0 0 0 0 0 0 0 0 0 0 0 0 0 0 0 0 0 0 0 0 0 0 0 0 0 0 0 0 0
geno chr8.144008926 gbr  0 0 0 0 0 0 0 0 0 0 0 0 0 0 0 0 0 0 0 0 0 0 0 0 0 0 0 0 0 0 0 0 0 0 0 0 0 0 0 0 0 0 0 0 0 0 0 0 0 0 0 0 0 0 0 0 0 0 0 0 0 0 0 0 0 0 0 0 0 0 0 0 0 0 0 0 0 0 0 0 0 0 0 0
geno chr8.144008926 tsi  0 0 0 0 0 0 0 0 0 0 0 0 0 0 0 0 0 0 0 0 0 0 1 0 0 0 0 0 0 0 0 0 0 0 0 0 0 0 0 0 0 0 0 0 0 0 0 0 0 0 0 1 0 0 0 0 0 0 0 0 0 0 0 0 0 0 0 0 0 0 0 0 0 0 0 0 0 0 0 0 0 0 0 0 0 0 0 0 0 0 0 0
geno chr8.144008926 yri  0 0 1 1 1 1 0 2 1 1 0 1 2 1 2 1 1 0 2 1 2 1 2 0 1 1 1 1 0 0 2 0 0 0 0 0 2 2 1 0 2 0 0 2 0 0 0 0 1 0 0 0 2 0 1 0 1 0 1 1 1 2 0 1 1 1 1 1 1 1 1 0 1 0 1 0 0
geno chr8.144009349 ceu  0 0 2 1 0 0 0 1 0 1 0 2 1 1 1 2 0 1 2 2 1 0 2 1 1 1 1 1 1 1 1 0 1 1 0 0 1 0 1 0 0 2 2 0 1 1 2 0 0 1 1 1 2 0 1 1 1 0 0 2 1 0 1 1 2 0 0 2 1 2 2 1 1 1 1 0 0 1
geno chr8.144009349 fin  1 2 0 2 1 2 1 1 1 2 2 0 1 0 0 0 1 0 0 0 1 2 2 1 1 1 0 0 1 2 2 1 2 1 0 1 1 1 1 0 1 1 0 1 1 1 1 0 2 0 1 2 1 0 1 1 2 1 2 2 0 1 0 2 1 1 2 0 2 2 1 0 2 0 1 1 0 2 0 0 0 1 2 1 1 1 0 1 1
geno chr8.144009349 gbr  0 1 2 0 0 0 2 1 1 0 0 1 1 1 0 1 2 1 1 2 1 1 1 2 0 1 2 1 2 2 2 1 1 0 1 1 2 0 1 0 1 0 2 0 1 2 1 1 0 2 2 1 1 1 0 1 2 1 0 0 2 2 1 2 0 0 0 1 0 2 1 1 1 2 0 0 0 2 0 0 1 1 1 1
geno chr8.144009349 tsi  0 1 1 1 1 1 0 1 1 1 1 2 1 1 1 2 1 1 1 1 1 1 0 1 1 2 0 1 2 2 2 2 1 1 1 1 2 1 1 0 1 1 2 1 0 2 1 2 1 0 1 0 1 2 2 0 2 2 0 1 1 1 1 1 1 2 1 1 1 1 2 0 2 2 1 2 1 2 1 1 1 2 1 1 1 1 0 2 0 2 0 2
geno chr8.144009349 yri  0 0 0 1 1 1 0 0 1 0 1 0 0 0 0 0 1 0 0 0 0 0 0 1 1 0 0 0 1 0 0 1 2 0 0 0 0 0 1 0 0 0 0 0 0 0 1 0 0 0 0 0 0 0 0 1 1 0 0 0 0 0 1 1 0 0 0 0 0 1 1 0 0 0 0 1 0
geno chr8.144009640 ceu  1 0 0 0 0 0 0 0 1 0 0 0 0 0 0 0 0 0 0 0 0 0 0 0 0 0 0 0 0 0 0 0 0 0 1 1 0 0 0 0 1 0 0 0 0 0 0 0 0 0 0 0 0 0 0 0 0 0 0 0 0 0 0 0 0 0 0 0 0 0 0 0 0 0 0 1 0 0
geno chr8.144009640 fin  0 0 0 0 0 0 0 0 0 0 0 1 0 0 0 0 0 0 0 0 0 0 0 0 0 0 0 0 0 0 0 0 0 0 0 0 0 0 0 1 0 0 0 0 0 0 0 0 0 0 1 0 0 0 0 0 0 0 0 0 0 0 0 0 0 0 0 0 0 0 0 0 0 1 0 0 0 0 0 0 0 0 0 0 0 0 0 0 0
geno chr8.144009640 gbr  0 0 0 0 0 0 0 0 1 0 0 0 0 0 1 0 0 0 0 0 0 0 0 0 0 0 0 1 0 0 0 0 0 0 0 0 0 0 0 0 0 0 0 0 0 0 0 0 0 0 0 0 0 0 0 0 0 0 0 0 0 0 0 0 0 0 0 0 0 0 0 1 0 0 1 0 0 0 0 1 0 0 0 0
geno chr8.144009640 tsi  1 0 0 0 0 1 0 0 0 0 0 0 0 0 0 0 0 0 0 0 1 0 0 0 0 0 0 1 0 0 0 0 0 0 1 1 0 0 0 0 0 0 0 0 0 0 0 0 0 0 1 0 0 0 0 1 0 0 0 1 0 0 1 0 0 0 0 0 0 0 0 0 0 0 0 0 0 0 0 0 0 0 0 0 0 0 0 0 0 0 0 0
geno chr8.144009640 yri  0 0 0 0 0 0 0 0 0 0 0 0 0 0 0 0 0 0 0 0 0 0 0 0 0 0 0 0 0 0 0 0 0 0 0 0 0 0 0 0 0 0 0 0 0 0 0 0 0 0 0 0 0 0 0 0 0 0 0 0 0 0 0 0 0 0 0 0 0 0 0 0 0 0 0 0 0
geno chr8.144009765 ceu  0 0 2 1 0 0 0 1 0 1 0 2 1 1 1 2 0 1 2 2 1 0 2 1 1 1 1 1 1 1 1 0 1 1 0 0 1 0 1 0 0 2 2 0 1 1 2 0 0 1 1 1 2 0 1 1 1 0 0 2 1 0 1 1 2 0 0 2 1 2 2 1 1 1 1 0 0 1
geno chr8.144009765 fin  1 2 0 2 1 2 1 1 1 2 2 0 1 0 0 0 1 0 0 0 1 2 2 1 1 1 0 0 1 2 2 1 2 1 0 1 1 1 1 0 1 1 0 1 1 1 1 0 2 0 1 2 1 0 1 1 2 1 2 2 0 1 0 2 1 1 2 0 2 2 1 0 2 0 1 1 0 2 0 0 0 1 2 1 1 1 0 1 1
geno chr8.144009765 gbr  0 1 2 0 0 0 2 1 1 0 0 1 1 1 0 1 2 1 1 2 1 1 1 2 0 1 2 1 2 2 2 1 1 0 1 1 2 0 1 0 1 0 2 0 1 2 1 1 0 2 2 1 1 1 0 1 2 1 0 0 2 2 1 2 0 0 0 1 0 2 1 1 1 2 0 0 0 2 0 0 1 1 1 1
geno chr8.144009765 tsi  0 1 1 1 1 1 0 1 1 1 1 2 1 1 1 2 1 1 1 1 1 1 1 1 1 2 0 1 2 2 2 2 1 1 1 1 2 1 1 0 1 1 2 1 0 2 1 2 1 0 1 0 1 2 2 0 2 2 0 1 1 1 1 1 1 2 1 1 1 1 2 0 2 2 1 2 1 2 1 1 1 2 1 1 1 1 0 2 0 2 0 2
geno chr8.144009765 yri  0 0 0 1 1 1 0 0 1 0 1 0 0 0 0 0 1 0 0 0 0 0 0 1 1 0 0 0 1 0 0 1 2 0 0 0 0 0 1 0 0 0 0 0 0 0 1 0 0 0 0 0 0 0 0 1 1 0 0 0 0 0 1 1 0 0 0 0 0 2 1 0 0 0 0 1 0
geno chr8.144010456 ceu  0 1 0 1 0 1 0 0 0 0 0 0 0 0 0 0 0 0 0 0 0 0 0 0 0 0 0 0 0 0 0 0 0 0 0 0 0 1 0 0 0 0 0 1 1 0 0 0 0 0 1 0 0 1 0 0 0 0 1 0 0 1 0 0 0 0 0 0 0 0 0 0 0 0 0 0 0 0
geno chr8.144010456 fin  0 0 0 0 0 0 0 0 0 0 0 0 0 0 0 1 0 0 0 0 0 0 0 0 0 0 0 0 0 0 0 0 0 0 0 1 0 0 0 0 0 0 0 0 0 1 0 1 0 0 0 0 0 1 0 1 0 0 0 0 0 0 0 0 0 1 0 1 0 0 0 1 0 1 0 0 0 0 0 2 0 0 0 1 0 1 0 0 0
geno chr8.144010456 gbr  0 0 0 0 1 0 0 0 0 0 1 0 1 0 1 0 0 1 0 0 0 0 0 0 0 0 0 0 0 0 0 0 0 1 1 0 0 0 0 1 0 0 0 0 0 0 0 0 0 0 0 0 0 0 1 1 0 0 0 0 0 0 0 0 0 0 0 0 0 0 0 0 1 0 0 1 0 0 1 0 0 1 0 0
geno chr8.144010456 tsi  0 1 0 0 0 0 0 0 0 0 1 0 0 0 0 0 0 0 0 0 0 1 0 1 0 0 0 0 0 0 0 0 0 0 0 0 0 0 1 1 0 0 0 0 0 0 0 0 0 0 0 1 0 0 0 0 0 0 0 0 0 0 0 0 0 0 0 0 0 1 0 0 0 0 0 0 0 0 0 0 1 0 0 0 0 1 0 0 2 0 0 0
geno chr8.144010456 yri  1 1 0 0 0 0 0 0 0 0 0 0 0 0 0 1 0 0 0 0 0 1 0 0 0 1 1 1 0 1 0 1 0 2 1 2 0 0 0 1 0 1 1 1 2 1 1 2 1 1 0 1 0 2 1 1 0 1 1 1 1 0 1 0 1 1 0 1 1 0 0 2 1 0 1 1 2
geno chr8.144010690 ceu  2 1 0 0 2 1 2 1 2 1 1 0 1 1 1 0 2 1 0 0 0 2 0 1 1 1 1 1 1 1 1 2 1 1 2 2 1 1 1 2 2 0 0 1 0 1 0 2 2 1 0 1 0 1 1 1 1 2 1 0 1 1 1 1 0 2 2 0 1 0 0 1 1 1 1 2 2 1
geno chr8.144010690 fin  1 0 1 0 0 0 1 0 1 0 0 2 1 2 2 1 1 1 2 2 1 0 0 0 1 1 2 2 0 0 0 1 0 1 1 0 1 1 1 2 1 1 2 0 1 0 1 1 0 1 1 0 1 1 1 0 0 1 0 0 1 1 2 0 1 0 0 1 0 0 1 1 0 1 1 1 1 0 2 0 2 1 0 0 1 0 2 1 1
geno chr8.144010690 gbr  2 1 0 1 1 2 0 1 1 2 1 1 0 1 1 1 0 0 1 0 0 1 1 0 2 1 0 1 0 0 0 1 1 1 0 1 0 2 1 1 1 2 0 2 1 0 1 1 2 0 0 1 1 1 1 0 0 1 2 2 0 0 1 0 2 2 2 1 2 0 1 1 0 0 2 1 2 0 1 2 1 0 1 1
geno chr8.144010690 tsi  2 0 1 1 1 1 2 1 1 1 0 0 1 1 1 0 1 1 1 1 1 0 1 0 1 0 2 1 0 0 0 0 1 1 1 1 0 1 0 1 1 1 0 1 2 0 1 0 1 2 1 0 1 0 0 2 0 0 1 1 1 1 1 1 0 0 1 1 1 0 0 2 0 0 1 0 1 0 1 1 0 0 1 1 1 0 2 0 0 0 2 0
geno chr8.144010690 yri  1 0 1 0 1 0 2 0 0 0 1 1 0 1 0 0 0 2 0 0 0 0 0 0 0 0 0 0 1 1 1 0 2 0 1 0 0 0 0 1 0 1 0 0 0 1 0 0 0 0 2 0 0 0 0 1 1 0 0 0 0 0 1 1 0 0 1 0 0 1 1 0 0 2 0 0 0
geno chr8.144010768 ceu  2 1 0 0 2 1 2 1 2 1 1 0 1 1 1 0 2 1 0 0 0 2 0 1 1 1 1 1 1 1 1 2 1 1 2 2 1 1 1 2 2 0 0 1 0 1 0 2 2 1 0 1 0 1 1 1 1 2 1 0 1 1 1 1 0 2 2 0 1 0 0 1 1 1 1 2 2 1
geno chr8.144010768 fin  1 0 1 0 0 0 1 0 1 0 0 2 1 2 2 1 1 1 2 2 1 0 0 0 1 1 2 2 0 0 0 1 0 1 1 0 1 1 1 2 1 1 2 0 1 0 1 1 0 1 1 0 1 1 1 0 0 1 0 0 1 1 2 0 1 0 0 1 0 0 1 1 0 1 1 1 1 0 2 0 2 1 0 0 1 0 2 1 1
geno chr8.144010768 gbr  2 1 0 2 1 2 0 1 1 2 1 1 0 1 1 1 0 0 1 0 0 1 1 0 2 1 0 1 0 0 0 1 1 1 0 1 0 2 1 1 1 2 0 2 1 0 1 1 2 0 0 1 1 1 1 0 0 1 2 2 0 0 1 0 2 2 2 1 2 0 1 1 0 0 2 1 2 0 1 2 1 0 1 1
geno chr8.144010768 tsi  2 0 1 1 1 1 2 1 1 1 0 0 1 1 1 0 1 1 1 1 1 0 1 0 1 0 2 1 0 0 0 0 1 1 1 1 0 1 0 1 1 1 0 1 2 0 1 0 1 2 1 0 1 0 0 2 0 0 1 1 1 1 1 1 0 0 1 1 1 0 0 2 0 0 1 0 1 0 1 1 0 0 1 1 1 0 2 0 0 0 2 0
geno chr8.144010768 yri  1 0 1 0 1 0 1 0 0 0 0 0 0 0 0 0 0 1 0 0 0 0 0 0 0 0 0 0 1 1 0 0 2 0 1 0 0 0 0 1 0 1 0 0 0 0 0 0 0 0 1 0 0 0 0 1 1 0 0 0 0 0 1 1 0 0 0 0 0 1 1 0 0 0 0 0 0
geno chr8.144011963 ceu  0 1 0 1 0 1 0 0 0 0 0 0 0 0 0 0 0 0 0 0 0 0 0 0 0 0 0 0 0 0 0 0 0 0 0 0 0 1 0 0 0 0 0 1 1 0 0 0 0 0 1 0 0 1 0 0 0 0 1 0 0 1 0 0 0 0 0 0 0 0 0 0 0 0 0 0 0 0
geno chr8.144011963 fin  0 0 0 0 0 0 0 0 0 0 0 0 0 0 0 1 0 0 0 0 0 0 0 0 0 0 0 0 0 0 0 0 0 0 0 1 0 0 0 0 0 0 0 0 0 1 0 1 0 0 0 0 0 1 0 1 0 0 0 0 0 0 0 0 0 1 0 1 0 0 0 1 0 1 0 0 0 0 0 2 0 0 0 1 0 1 0 0 0
geno chr8.144011963 gbr  0 0 0 0 1 0 0 0 0 0 1 0 1 0 1 0 0 1 0 0 0 0 0 0 0 0 0 0 0 0 0 0 0 1 1 0 0 0 0 1 0 0 0 0 0 0 0 0 0 0 0 0 0 0 1 1 0 0 0 0 0 0 0 0 0 0 0 0 0 0 0 0 1 0 0 1 0 0 1 0 0 1 0 0
geno chr8.144011963 tsi  0 1 0 0 0 0 0 0 0 0 1 0 0 0 0 0 0 0 0 0 0 1 0 1 0 0 0 0 0 0 0 0 0 0 0 0 0 0 1 1 0 0 0 0 0 0 0 0 0 0 0 1 0 0 0 0 0 0 0 0 0 0 0 0 0 0 0 0 0 1 0 0 0 0 0 0 0 0 0 0 1 0 0 0 0 1 0 0 2 0 0 0
geno chr8.144011963 yri  1 1 0 0 0 0 0 0 0 0 0 0 0 0 0 1 0 0 0 0 0 1 0 0 0 1 1 1 0 1 0 1 0 2 1 2 0 0 0 1 0 1 1 1 2 1 1 2 1 1 0 1 0 2 1 1 0 1 1 1 1 0 1 0 1 1 0 1 1 0 0 2 1 0 1 1 2
geno chr8.144012574 ceu  2 1 0 0 2 1 2 1 2 1 1 0 1 1 1 0 2 1 0 0 0 2 0 1 1 1 1 1 1 1 1 2 1 1 2 2 1 1 1 2 2 0 0 1 0 1 0 2 2 1 0 1 0 1 1 1 1 2 1 0 1 1 1 1 0 2 2 0 1 0 0 1 1 1 1 2 2 1
geno chr8.144012574 fin  1 0 1 0 0 0 1 0 1 0 0 2 1 2 2 1 1 1 2 2 1 0 0 0 1 1 2 2 0 0 0 1 0 1 1 0 1 1 1 2 1 1 2 0 1 0 1 1 0 1 1 0 1 1 1 0 0 1 0 0 1 1 2 0 1 0 0 1 0 0 1 1 0 1 1 1 1 0 2 0 2 1 0 0 1 0 2 1 1
geno chr8.144012574 gbr  2 1 0 2 1 2 0 1 1 2 1 1 0 1 1 1 0 0 1 0 0 1 1 0 2 1 0 1 0 0 0 1 1 1 0 1 0 2 1 1 1 2 0 2 1 0 1 1 2 0 0 1 1 1 1 0 0 1 2 2 0 0 1 0 2 2 2 1 2 0 1 1 0 0 2 1 2 0 1 2 1 0 1 1
geno chr8.144012574 tsi  2 0 1 1 1 1 2 1 1 1 0 0 1 1 1 0 1 1 1 1 1 0 1 0 1 0 2 1 0 0 0 0 1 1 1 1 0 1 0 1 1 1 0 1 2 0 1 0 2 2 1 0 1 0 0 2 0 0 1 1 1 1 1 1 0 0 1 1 1 0 0 2 0 0 1 0 1 0 1 1 0 0 1 1 1 0 2 0 0 0 2 0
geno chr8.144012574 yri  1 0 1 0 1 0 1 0 0 0 0 1 0 0 0 0 0 2 0 0 0 0 0 0 0 0 0 0 1 1 0 0 2 0 1 0 0 0 0 1 0 1 0 0 0 0 0 0 0 0 2 0 0 0 0 1 1 0 0 0 0 0 0 1 0 0 1 0 0 1 1 0 0 2 0 0 0
geno chr8.144012945 ceu  2 1 0 0 2 1 2 1 2 1 1 0 1 1 1 0 2 1 0 0 0 2 0 1 1 1 1 1 1 1 1 2 1 1 2 2 1 1 1 2 2 0 0 1 0 1 0 2 2 1 0 1 0 1 1 1 1 2 1 0 1 1 1 1 0 2 2 0 1 0 0 1 1 1 1 2 2 1
geno chr8.144012945 fin  1 0 1 0 0 0 1 0 1 0 0 2 1 2 2 1 1 1 2 2 1 0 0 0 1 1 2 2 0 0 0 1 0 1 1 0 1 1 1 2 1 1 2 0 1 0 1 1 0 1 1 0 1 1 1 0 0 1 0 0 1 1 2 0 1 0 0 1 0 0 1 1 0 1 1 1 1 0 2 0 2 1 0 0 1 0 2 1 1
geno chr8.144012945 gbr  2 1 0 2 1 2 0 1 1 2 1 1 0 1 1 1 0 0 1 0 0 1 1 0 2 1 0 1 0 0 0 1 1 1 0 1 0 2 1 1 1 2 0 2 1 0 1 1 2 0 0 1 1 1 1 0 0 1 2 2 0 0 1 0 2 2 2 1 2 0 1 1 0 0 2 1 2 0 1 2 1 0 1 1
geno chr8.144012945 tsi  2 0 1 1 1 1 2 1 1 1 0 0 1 1 1 0 1 1 1 1 1 0 1 0 1 0 2 1 0 0 0 0 1 1 1 1 0 1 0 1 1 1 0 1 2 0 1 0 1 2 1 0 1 0 0 2 0 0 1 1 1 1 1 1 0 0 1 1 1 0 0 2 0 0 1 0 1 0 1 1 0 0 1 1 1 0 2 0 0 0 2 0
geno chr8.144012945 yri  1 0 1 0 1 0 1 0 0 0 0 0 0 0 0 0 0 1 0 0 0 0 0 0 0 0 0 0 1 1 0 0 2 0 1 0 0 0 0 1 0 1 0 0 0 0 0 0 0 0 1 0 0 0 0 1 1 0 0 0 0 0 0 1 0 0 0 0 0 1 1 0 0 0 0 0 0
geno chr8.144013274 ceu  0 0 0 0 0 0 0 0 0 0 0 0 0 0 0 0 0 0 0 0 0 0 0 0 0 0 0 0 0 0 0 0 0 0 0 0 0 0 0 0 0 0 0 0 0 0 0 0 0 0 0 0 0 0 0 0 0 0 0 0 0 0 0 0 0 0 0 0 0 0 0 0 0 0 0 0 0 0
geno chr8.144013274 fin  0 0 0 0 1 0 0 0 0 0 0 0 0 0 0 0 0 0 0 0 0 0 0 0 0 0 0 0 1 0 0 0 0 0 0 0 0 0 0 0 0 0 0 0 0 0 0 0 0 0 0 0 0 0 0 0 0 0 0 0 0 0 0 0 0 0 0 0 0 0 0 0 0 0 0 0 0 0 0 0 0 0 0 0 0 0 0 0 0
geno chr8.144013274 gbr  0 0 0 0 0 0 0 0 0 0 0 0 0 0 0 0 0 0 0 0 0 0 0 0 0 0 0 0 0 0 0 0 0 0 0 0 0 0 0 0 0 0 0 0 0 0 0 0 0 0 0 0 0 0 0 0 0 0 0 0 0 0 0 0 0 0 0 0 0 0 0 0 0 0 0 0 0 0 0 0 0 0 0 0
geno chr8.144013274 tsi  0 0 0 0 0 0 0 0 0 0 0 0 0 0 0 0 0 0 0 0 0 0 1 0 0 0 0 0 0 0 0 0 0 0 0 0 0 0 0 0 0 0 0 0 0 0 0 0 0 0 0 1 0 0 0 0 0 0 0 0 0 0 0 0 0 0 0 0 0 0 0 0 0 0 0 0 0 0 0 0 0 0 0 0 0 0 0 0 0 0 0 0
geno chr8.144013274 yri  0 0 1 1 1 1 0 2 1 1 0 1 2 1 2 1 1 0 2 1 2 1 2 0 1 1 1 1 0 0 2 0 0 0 0 0 2 2 1 0 2 0 0 1 0 0 0 0 1 0 0 0 2 0 1 0 1 0 1 1 1 2 0 1 1 1 1 1 1 1 1 0 1 0 1 0 0
geno chr8.144013471 ceu  0 0 0 0 0 0 0 0 0 0 0 0 0 0 0 0 0 0 0 0 0 0 0 0 0 0 0 0 0 0 0 0 0 0 0 0 0 0 0 0 0 0 0 0 0 0 0 0 0 0 0 0 0 0 0 0 0 0 0 0 0 0 0 0 0 0 0 0 0 0 0 0 0 0 0 0 0 0
geno chr8.144013471 fin  0 0 0 0 1 0 0 0 0 0 0 0 0 0 0 0 0 0 0 0 0 0 0 0 0 0 0 0 1 0 0 0 0 0 0 0 0 0 0 0 0 0 0 0 0 0 0 0 0 0 0 0 0 0 0 0 0 0 0 0 0 0 0 0 0 0 0 0 0 0 0 0 0 0 0 0 0 0 0 0 0 0 0 0 0 0 0 0 0
geno chr8.144013471 gbr  0 0 0 0 0 0 0 0 0 0 0 0 0 0 0 0 0 0 0 0 0 0 0 0 0 0 0 0 0 0 0 0 0 0 0 0 0 0 0 0 0 0 0 0 0 0 0 0 0 0 0 0 0 0 0 0 0 0 0 0 0 0 0 0 0 0 0 0 0 0 0 0 0 0 0 0 0 0 0 0 0 0 0 0
geno chr8.144013471 tsi  0 0 0 0 0 0 0 0 0 0 0 0 0 0 0 0 0 0 0 0 0 0 1 0 0 0 0 0 0 0 0 0 0 0 0 0 0 0 0 0 0 0 0 0 0 0 0 0 0 0 0 1 0 0 0 0 0 0 0 0 0 0 0 0 0 0 0 0 0 0 0 0 0 0 0 0 0 0 0 0 0 0 0 0 0 0 0 0 0 0 0 0
geno chr8.144013471 yri  0 0 1 1 1 1 0 2 1 1 0 1 2 1 2 1 1 0 2 1 2 1 2 0 1 1 1 1 0 0 2 0 0 0 0 0 2 2 1 0 2 0 0 1 0 0 0 0 1 0 0 0 2 0 1 0 1 0 1 1 1 2 0 1 1 1 1 1 1 1 1 0 1 0 1 0 0
geno chr8.144013498 ceu  2 1 0 0 2 1 2 1 2 1 1 0 1 1 1 0 2 1 0 0 0 2 0 1 1 0 1 1 1 1 1 2 1 1 2 2 1 1 1 2 2 0 0 1 0 1 0 2 2 1 0 1 0 1 1 1 1 2 1 0 1 1 1 1 0 2 2 0 1 0 0 1 1 1 1 2 2 1
geno chr8.144013498 fin  1 0 1 0 0 0 1 0 1 0 0 2 1 2 2 1 1 1 2 2 1 0 0 0 1 1 2 2 0 0 0 1 0 1 1 0 1 1 1 2 1 1 2 0 1 0 1 1 0 1 1 0 1 1 1 0 0 1 0 0 1 1 2 0 1 0 0 1 0 0 0 0 0 1 0 0 1 0 2 0 2 1 0 0 1 0 2 1 0
geno chr8.144013498 gbr  2 0 0 2 1 2 0 1 1 2 1 1 0 1 1 1 0 0 1 0 0 1 1 0 2 1 0 0 0 0 0 0 0 1 0 1 0 2 1 1 1 2 0 2 1 0 1 1 2 0 0 1 1 1 0 0 0 1 1 2 0 0 1 0 2 2 2 1 2 0 1 1 0 0 2 1 2 0 1 2 1 0 1 1
geno chr8.144013498 tsi  2 0 1 1 1 1 2 1 1 1 0 0 1 1 1 0 1 1 1 1 1 0 1 0 1 0 2 1 0 0 0 0 1 1 1 1 0 1 0 1 1 1 0 1 2 0 1 0 1 2 1 0 1 0 0 2 0 0 1 1 1 1 1 1 0 0 1 1 1 0 0 2 0 0 1 0 1 0 1 1 0 0 1 1 1 0 2 0 0 0 2 0
geno chr8.144013498 yri  1 0 1 0 1 0 2 0 0 0 1 1 0 1 0 0 0 2 0 0 0 0 0 0 0 0 0 0 1 1 0 0 2 0 1 0 0 0 0 1 0 1 0 0 0 1 0 0 0 0 2 0 0 0 0 1 1 0 0 0 0 0 0 1 0 0 1 0 0 1 1 0 0 2 0 0 0
geno chr8.144013499 ceu  2 1 0 0 2 1 2 1 2 1 1 0 1 1 1 0 2 1 0 0 0 2 0 1 1 0 1 1 1 1 1 2 1 1 2 2 1 1 1 2 2 0 0 1 0 1 0 2 2 1 0 1 0 1 1 1 1 2 1 0 1 1 1 1 0 2 2 0 1 0 0 1 1 1 1 2 2 1
geno chr8.144013499 fin  1 0 1 0 0 0 1 0 1 0 0 2 1 2 2 1 1 1 2 2 1 0 0 0 1 1 2 2 0 0 0 1 0 1 1 0 1 1 1 2 1 1 2 0 1 0 1 1 0 1 1 0 1 1 1 0 0 1 0 0 1 1 2 0 1 0 0 1 0 0 0 0 0 1 0 0 1 0 2 0 2 1 0 0 1 0 2 1 0
geno chr8.144013499 gbr  2 0 0 2 1 2 0 1 1 2 1 1 0 1 1 1 0 0 1 0 0 1 1 0 2 1 0 0 0 0 0 0 0 1 0 1 0 2 1 1 1 2 0 2 1 0 1 1 2 0 0 1 1 1 0 0 0 1 1 2 0 0 1 0 2 2 2 1 2 0 1 1 0 0 2 1 2 0 1 2 1 0 1 1
geno chr8.144013499 tsi  2 0 1 1 1 1 2 1 1 1 0 0 1 1 1 0 1 1 1 1 1 0 1 0 1 0 2 1 0 0 0 0 1 1 1 1 0 1 0 1 1 1 0 1 2 0 1 0 1 2 1 0 1 0 0 2 0 0 1 1 1 1 1 1 0 0 1 1 1 0 0 2 0 0 1 0 1 0 1 1 0 0 1 1 1 0 2 0 0 0 2 0
geno chr8.144013499 yri  1 0 1 0 1 0 2 0 0 0 1 1 0 1 0 0 0 2 0 0 0 0 0 0 0 0 0 0 1 1 0 0 2 0 1 0 0 0 0 1 0 1 0 0 0 1 0 0 0 0 2 0 0 0 0 1 1 0 0 0 0 0 0 1 0 0 1 0 0 1 1 0 0 2 0 0 0
