pheno ENSG00000066230 ceu 2.356678 0.1636522 -0.799029 0.4292633 0.3124209 -1.206117 -0.3152612 -0.226695 -0.7074688 -0.2506737 0.867824 2.632585 -0.2746852 -0.680411 1.841072 2.015329 0.8114079 0.4539619 1.272001 0.2769872 1.055892 -1.307903 1.607062 0.1865535 0.8542737 0.2640519 1.047816 -0.981824 -0.3493656 -0.1834337 0.1319467 0.2495285 -0.275667 0.05224765 1.398644 -1.774503 2.795038 0.1221399 -1.453064 -0.435422 -0.3433643 -0.9967874 1.438262 0.8554278 0.1067939 0.704339 -1.213733 0.2004801 0.3722387 1.530585 0.06628259 -0.7142283 -0.3206618 -0.9503778 0.9399316 1.574653 -1.071238 2.131079 -1.355246 2.078453 1.888632 -0.2123869 0.801445 -0.8567847 0.1786664 -0.8069776 0.3319942 -1.701818 1.210338 0.9299212 0.3686289 -0.4427072 -1.421488 0.02659164 -0.2867376 1.762262 1.938074 0.9676451
pheno ENSG00000066230 fin 1.552342 0.2953882 -0.06993487 1.348869 1.86247 2.259342 0.09862155 1.925041 0.865588 1.694725 0.8154068 2.448583 1.258614 1.613828 1.950987 3.672926 2.089169 1.563415 2.630357 2.815888 1.269236 2.305803 3.104475 1.598948 0.4607826 2.751795 2.346997 2.423556 1.49861 3.146901 1.858323 1.867803 4.11554 3.16379 1.223331 1.749851 2.091438 2.936197 1.900225 3.608778 2.790919 3.115186 0.4672842 2.336529 3.114231 3.407582 3.683391 2.130013 0.3228375 3.451117 2.640257 1.10757 3.409026 1.565057 2.727441 1.925176 3.055623 0.6598506 2.260744 0.8179343 0.8610724 3.609442 3.200609 0.0635328 1.577091 4.260186 2.070786 1.179751 2.194694 3.713962 1.599393 3.210787 2.847632 1.229984 2.514307 0.8961255 1.549598 1.490629 0.7987741 1.174081 1.58776 0.7994211 0.8300218 1.865312 2.332748 0.8157731 1.354071 2.446251 1.799054
pheno ENSG00000066230 gbr 0.3878305 -1.304679 -0.8728891 2.131279 0.7842274 -0.2546621 -0.4842633 0.1398424 0.6331843 -0.0881918 0.02731105 -1.523227 -0.725278 -0.05683985 0.2893204 -0.6800397 -0.9961644 0.6067287 0.3679249 -0.5516089 -0.123709 -1.086494 -0.2615027 -0.1884667 0.2311256 -0.6257495 0.7029028 -0.401049 -0.7288049 -0.2976667 0.5362522 -0.5848009 0.2269303 0.6153394 -1.159095 -1.994066 -2.432923 -0.5971103 0.03606992 0.9199851 -0.594962 -1.301232 -0.1424262 -0.1296097 0.418436 0.02066362 0.428595 0.6729658 1.145007 -0.5502587 -1.274897 1.074128 1.007581 0.3946962 0.6594136 1.708863 -0.01626241 -0.2377691 0.1814549 0.2703539 0.2597945 -0.7742936 1.21913 0.1957527 1.429673 -3.038711 0.3772617 2.104086 0.1659097 -0.07661557 -0.8320213 0.05721894 -0.631513 0.581061 1.133405 -0.4043134 0.432231 -1.334449 -0.5633736 -0.3069001 -1.289119 -0.6717589 1.531818 -0.6121906
pheno ENSG00000066230 tsi -0.2898442 0.7592855 0.6199309 1.373621 0.05702788 0.2817661 0.2047964 0.3609867 0.3565505 -0.3260258 0.3921951 -0.4784159 1.524393 1.930082 1.366591 0.1601446 -0.06655421 -3.421779 0.8385252 -0.09121208 -0.06552834 1.877186 0.2760617 0.5435907 -0.493718 0.5084665 0.3948777 -1.857063 -1.519845 0.9744829 -1.552367 -0.463432 1.251491 -0.402268 1.271877 1.265244 1.913126 -1.808808 -0.04107531 -0.1983383 0.6885845 -1.506175 -1.038784 0.4086501 -0.4242834 -0.1363477 0.9268206 -0.5678373 -0.2336375 -0.907763 -0.784413 1.013903 0.1740304 1.280695 -0.7449865 -0.374525 -1.553448 -0.7910722 0.6273804 0.8939298 -0.2352162 0.1054027 -1.477493 -0.9441011 -1.785685 -2.013721 0.08766701 1.197312 0.2769576 0.1069922 0.5049132 0.4685859 -0.9135103 0.314779 0.8331264 1.2238 -0.8058718 0.4415487 1.093624 -0.0387342 -0.6409744 0.08815906 0.3681188 0.363199 2.362027 1.152431 1.088718 -1.526757 -0.5580752 -1.417597 0.9076541 -0.9797141
pheno ENSG00000066230 yri 0.01772544 -0.01052529 -2.396449 0.1534128 -0.2842973 -1.194166 0.2345087 0.4748645 -0.1216454 -0.04839342 0.02363653 -3.208232 -0.6419881 -0.2481606 -0.5639739 -1.123015 -0.5845538 -0.2447459 -0.6445273 0.7320034 -0.1466678 -0.1592962 -0.4252143 -1.653542 -0.9019833 -0.7083025 0.01067638 -0.07118477 -1.694337 -0.2345188 -0.5533888 -0.02808466 -0.1349245 -1.467094 -1.037669 -1.013292 -0.7083101 -1.227969 -0.5196458 0.7849493 0.4953092 0.9260619 0.4706957 -0.1878205 -0.7959405 -0.2707015 0.002575723 1.087344 -0.2077863 0.567024 -1.31549 -1.510424 -1.042148 -1.843356 -0.336372 -1.815459 0.4794041 -1.198805 0.03219012 2.18576 0.08042551 1.095838 0.4311638 -0.8497681 -0.9145825 -0.581956 0.4659616 -0.4779729 -0.9100858 0.9034139 0.3262233 -0.8226529 -1.190696 -0.7507854 -0.7664829 -0.195831 -0.4707162
geno chr5.424463 ceu  1 1 1 0 1 0 1 1 0 1 0 0 1 1 1 0 1 2 1 1 1 0 1 0 1 1 1 1 0 0 0 2 1 0 1 0 1 1 1 1 1 1 0 2 2 1 1 1 1 1 1 1 1 1 1 0 1 1 0 1 1 1 1 1 1 1 1 0 1 1 0 1 1 1 2 0 0 0
geno chr5.424463 fin  0 1 2 1 0 2 2 0 1 2 1 1 0 1 0 1 2 2 1 0 1 1 1 0 0 1 0 0 1 1 0 0 2 1 0 1 2 0 2 1 0 0 1 1 2 1 1 2 1 1 1 1 1 0 0 1 1 1 0 1 2 2 1 1 1 1 1 2 1 1 0 1 1 0 0 1 1 0 2 0 1 1 1 0 1 1 0 2 0
geno chr5.424463 gbr  2 1 1 1 1 2 2 1 2 2 1 1 2 1 1 1 2 0 0 1 0 0 1 2 2 1 0 1 1 1 0 0 2 1 1 1 1 0 0 1 1 1 1 0 1 0 2 0 0 1 1 2 2 1 0 0 0 1 1 2 1 2 2 2 1 1 1 1 2 1 0 2 0 1 1 2 1 1 0 1 1 1 1 1
geno chr5.424463 tsi  1 1 1 1 1 1 0 0 1 0 1 1 1 1 1 0 0 1 0 0 1 0 2 1 0 1 0 0 0 1 0 1 1 0 1 1 1 1 1 1 0 0 0 1 0 1 1 1 2 0 1 0 1 0 0 1 1 1 1 1 0 1 0 1 1 1 0 1 1 1 1 0 1 1 0 1 1 1 0 1 1 0 2 0 1 1 1 0 1 1 1 0
geno chr5.424463 yri  1 0 0 0 0 0 0 0 0 0 1 0 0 1 0 0 0 0 0 0 0 0 0 0 0 1 0 0 0 0 0 1 0 0 1 0 0 0 0 0 0 0 1 0 0 0 0 0 0 0 0 0 1 0 1 0 1 0 0 1 0 0 1 0 0 1 1 0 0 0 0 0 0 0 1 0 0
geno chr5.424500 ceu  1 1 0 0 1 0 1 1 0 0 0 0 0 1 1 1 0 1 0 0 1 0 1 0 1 0 0 0 0 0 0 1 1 0 0 0 1 1 1 1 1 0 0 1 0 0 0 0 1 1 1 0 0 0 1 0 1 0 0 0 1 0 1 1 0 1 1 0 1 1 0 1 1 1 1 0 0 0
geno chr5.424500 fin  0 1 0 1 0 0 0 0 1 1 1 1 0 1 0 0 1 0 1 1 1 0 0 0 0 0 0 0 1 0 0 0 1 0 1 0 1 0 0 1 0 0 0 0 2 0 0 1 2 0 0 0 0 0 0 1 1 0 0 1 1 1 0 0 0 0 0 2 0 0 0 0 0 0 0 0 1 1 1 0 1 1 1 0 1 0 0 0 0
geno chr5.424500 gbr  0 0 0 0 0 1 0 0 1 0 0 1 1 1 0 1 1 0 1 0 0 1 1 0 0 1 0 0 1 0 0 0 0 1 1 0 1 0 0 1 1 0 0 0 1 0 0 0 0 1 0 1 0 0 0 0 1 1 0 0 0 1 1 1 0 0 0 0 1 0 0 1 0 1 0 1 0 1 0 1 1 0 1 0
geno chr5.424500 tsi  1 0 0 0 1 1 0 0 1 0 1 0 1 0 0 0 0 1 0 0 1 0 0 0 0 1 0 0 0 1 0 0 1 0 1 1 1 1 0 1 0 0 0 1 0 0 1 1 0 0 0 0 0 1 0 1 1 0 0 1 0 1 0 0 0 0 0 1 1 1 1 0 1 1 0 0 1 1 0 0 0 0 0 0 1 0 1 0 1 1 1 0
geno chr5.424500 yri  1 0 0 0 0 1 0 0 0 0 0 0 0 1 0 0 0 0 0 0 1 0 0 0 0 0 0 0 0 0 0 0 1 0 1 0 0 0 0 1 0 0 0 0 0 0 0 0 0 0 0 0 0 0 0 0 0 0 0 0 0 0 1 0 0 0 0 0 0 0 0 0 0 0 0 0 1
geno chr5.424513 ceu  0 0 0 0 0 0 0 0 0 0 0 0 0 0 1 0 0 0 0 0 0 0 0 0 0 0 0 0 0 0 0 0 0 0 0 0 0 0 0 0 1 0 1 0 0 0 1 0 0 1 0 0 0 1 0 0 0 0 0 0 1 0 0 0 0 0 1 0 0 0 0 0 0 0 0 0 0 0
geno chr5.424513 fin  0 1 0 0 0 0 0 0 0 1 0 0 0 1 0 0 0 0 1 0 1 0 0 0 0 0 0 0 0 0 0 0 0 0 1 0 0 0 0 0 0 0 0 0 0 0 0 0 0 0 0 1 0 0 0 0 0 0 0 0 0 1 0 1 0 0 0 0 0 1 0 0 0 0 1 0 0 1 0 0 1 0 0 0 1 1 0 1 0
geno chr5.424513 gbr  0 0 0 0 1 0 0 0 0 0 0 0 0 1 0 0 0 0 0 1 0 0 0 0 0 0 0 0 0 0 0 0 0 0 1 0 0 0 0 1 0 0 0 0 0 0 0 0 0 0 0 0 1 0 0 0 0 0 0 0 0 0 0 0 0 1 0 1 0 0 0 1 0 0 0 0 0 0 0 0 0 0 1 0
geno chr5.424513 tsi  1 0 1 0 0 0 0 0 1 0 0 0 0 0 0 0 0 1 0 0 0 0 1 0 0 1 0 0 0 0 0 0 1 0 0 0 1 1 0 1 0 0 0 0 0 0 1 0 0 0 1 0 0 0 0 0 1 0 0 0 0 0 0 0 0 0 0 1 0 1 0 0 0 0 0 0 1 1 0 0 1 1 0 0 0 0 1 0 1 0 1 0
geno chr5.424513 yri  1 0 0 0 0 1 0 0 0 0 0 0 0 0 0 0 0 0 0 0 0 0 0 0 0 0 0 0 0 0 0 1 0 0 0 0 0 0 0 0 0 0 0 0 0 0 0 0 0 0 0 0 0 0 0 0 0 0 0 1 0 0 0 0 0 0 0 0 0 0 0 0 0 1 0 0 0
geno chr5.424537 ceu  0 0 0 0 0 0 0 0 0 0 0 0 0 0 1 0 0 0 0 0 0 0 0 0 0 0 0 0 0 0 0 0 0 0 0 0 0 0 0 0 1 0 1 0 0 0 1 0 0 1 0 0 0 1 0 0 1 0 0 0 1 0 0 0 0 0 0 0 0 0 0 0 0 0 0 0 0 0
geno chr5.424537 fin  0 1 0 0 0 0 0 0 0 1 0 0 0 0 0 0 0 0 1 0 1 0 0 0 0 0 0 0 0 0 0 0 0 0 1 0 0 0 0 0 0 0 0 0 0 0 0 0 0 0 0 1 0 0 0 0 0 0 0 0 0 1 0 1 0 0 0 0 0 1 0 0 0 0 1 0 0 1 0 0 0 0 0 0 1 1 0 1 0
geno chr5.424537 gbr  0 0 0 0 1 0 0 0 0 0 0 0 0 0 0 0 0 0 0 1 0 0 0 0 0 0 0 0 0 0 0 0 0 0 1 0 0 0 1 0 0 0 0 0 0 0 0 0 0 0 0 1 0 0 0 0 0 0 0 0 0 0 0 0 0 1 0 0 0 0 0 0 0 0 0 0 0 0 0 0 0 0 1 0
geno chr5.424537 tsi  0 0 1 0 0 0 0 0 0 0 0 0 0 0 0 0 0 2 0 0 0 0 0 0 0 1 0 0 0 0 0 0 1 0 0 0 1 1 0 0 0 0 0 0 0 0 1 0 0 0 1 0 0 0 0 0 1 0 0 0 0 0 0 0 0 0 0 1 0 1 0 0 0 0 0 0 0 1 0 0 1 1 0 0 0 0 1 0 0 0 1 0
geno chr5.424537 yri  0 0 0 0 0 0 0 0 0 0 0 0 0 0 0 0 0 0 0 0 0 0 0 0 0 0 0 0 0 0 0 0 0 0 0 0 0 0 0 0 0 0 0 0 0 0 0 0 0 0 0 0 0 0 0 0 0 0 0 1 0 0 0 0 0 0 0 0 0 0 0 0 0 0 0 0 0
geno chr5.424551 ceu  0 0 0 0 0 1 1 0 0 0 0 0 1 1 1 0 1 0 0 0 0 0 0 0 1 0 0 0 0 0 0 0 1 0 0 0 0 0 0 1 0 0 1 0 1 1 1 1 0 1 0 0 1 1 1 0 1 1 0 1 1 1 1 0 0 1 1 0 0 1 0 1 1 1 1 0 0 0
geno chr5.424551 fin  0 1 1 1 0 0 0 1 1 1 0 0 0 1 1 0 1 1 1 0 1 0 0 0 0 0 1 0 0 0 0 0 0 0 1 1 1 0 0 0 0 1 0 0 0 1 0 0 0 0 0 1 0 0 0 0 0 0 0 0 0 1 1 1 0 0 0 0 1 1 0 0 0 1 0 0 0 1 1 0 1 1 0 0 0 0 0 0 0
geno chr5.424551 gbr  0 1 0 0 1 1 0 1 1 0 0 0 0 1 0 0 0 0 1 0 0 0 0 1 1 0 0 0 0 0 0 0 0 0 0 1 1 0 1 1 1 0 1 1 1 0 0 1 0 0 0 1 1 0 0 0 0 0 0 0 0 1 1 0 0 1 0 1 0 0 0 1 0 1 0 0 0 1 0 0 0 0 1 1
geno chr5.424551 tsi  0 0 1 1 1 0 0 0 1 0 0 0 1 0 1 0 0 2 0 0 0 0 1 1 0 1 0 0 0 0 0 1 1 0 0 0 1 1 0 1 1 1 0 0 0 1 1 0 1 1 1 0 0 0 0 0 1 0 1 0 0 0 0 0 1 0 0 1 1 1 0 0 1 0 0 0 0 1 0 0 1 2 0 0 0 0 1 0 2 1 1 0
geno chr5.424551 yri  1 0 0 0 0 0 0 0 0 0 2 0 0 0 0 0 0 0 0 0 0 0 0 0 0 1 0 0 0 0 0 0 0 0 1 0 0 0 0 0 0 0 1 0 0 0 0 0 0 0 0 0 1 0 0 0 0 0 0 1 0 0 1 0 0 0 0 0 0 0 0 0 0 0 1 0 0
geno chr5.424580 ceu  1 1 1 0 1 1 0 1 0 1 0 0 1 1 0 0 1 1 1 1 1 0 1 0 1 1 1 1 0 0 0 1 0 0 1 0 1 1 1 1 0 1 0 2 1 1 0 1 1 1 1 1 1 1 0 0 1 1 0 1 0 1 1 1 0 1 1 0 1 1 0 1 1 1 1 0 0 0
geno chr5.424580 fin  0 1 1 1 0 1 1 0 1 1 1 1 0 0 0 1 1 1 0 0 0 1 1 0 0 2 0 0 1 0 0 0 1 1 0 1 1 0 2 1 0 0 1 1 0 1 1 1 1 1 1 0 1 0 1 0 1 1 0 1 1 0 1 1 2 1 1 1 1 1 0 1 1 0 0 0 1 1 1 0 0 1 1 0 1 1 0 1 1
geno chr5.424580 gbr  1 0 1 1 1 1 2 0 1 1 1 1 1 0 1 1 1 0 1 1 0 0 1 1 1 1 0 1 1 1 0 0 1 1 0 1 1 0 0 0 1 1 1 0 1 0 1 0 0 2 1 1 1 1 0 0 0 1 1 2 1 1 1 1 1 0 0 0 1 1 0 1 0 1 1 1 1 1 1 1 1 1 0 1
geno chr5.424580 tsi  1 1 1 1 0 1 0 0 1 0 1 1 0 1 1 0 0 1 0 0 0 0 1 1 0 1 0 0 0 1 0 1 0 0 1 1 1 1 1 1 0 0 0 1 0 1 1 1 1 0 0 0 1 0 0 1 0 1 1 0 0 1 0 1 1 1 0 1 1 0 1 0 1 1 0 1 1 1 0 1 0 0 1 0 0 1 0 0 0 1 0 0
geno chr5.424580 yri  0 0 0 0 0 0 0 0 0 0 0 0 0 0 0 0 0 0 0 0 0 0 0 0 0 0 0 0 0 0 0 0 0 0 0 0 0 0 0 0 0 0 0 0 0 0 0 0 0 0 0 0 0 0 0 0 0 0 0 0 0 0 0 0 0 0 0 0 0 0 0 0 0 0 0 0 0
geno chr5.424612 ceu  1 2 1 0 1 1 1 2 0 1 0 0 1 2 1 0 1 2 1 2 1 0 1 1 2 2 2 1 0 0 0 1 1 0 1 0 1 1 1 2 0 1 1 2 2 1 1 1 1 2 2 1 2 2 1 0 1 1 0 1 1 1 2 1 1 1 1 0 1 2 0 2 1 2 2 0 0 0
geno chr5.424612 fin  0 2 2 1 0 2 2 0 1 2 1 1 0 2 0 1 2 2 1 0 1 1 1 0 0 1 0 0 0 1 0 0 2 1 1 1 2 0 2 1 0 1 1 1 2 1 1 2 1 1 1 1 1 0 1 1 1 1 0 1 2 2 1 2 2 2 1 2 1 2 0 1 2 0 1 1 1 1 1 0 1 1 1 0 0 2 0 2 1
geno chr5.424612 gbr  2 1 1 1 2 2 2 2 2 2 1 1 2 1 1 1 2 0 1 2 0 0 1 2 2 1 0 2 1 1 0 0 2 1 0 1 1 0 0 2 1 1 1 0 1 0 2 0 0 2 1 2 2 1 0 0 0 1 1 2 1 2 2 2 1 1 1 1 2 1 0 2 0 1 1 2 2 1 1 1 1 1 1 1
geno chr5.424612 tsi  1 1 2 1 1 1 0 0 2 0 2 1 0 1 1 0 0 1 0 0 1 0 2 1 0 2 0 0 0 1 0 1 1 0 1 1 1 2 1 2 0 1 0 1 0 1 1 1 2 0 1 0 1 0 0 1 1 1 1 1 0 1 0 1 1 1 0 1 1 1 1 0 2 1 0 1 2 2 0 1 1 2 2 0 1 1 1 0 1 1 1 0
geno chr5.424612 yri  1 0 0 0 0 0 0 0 0 0 1 0 0 0 0 0 0 0 0 0 0 0 0 0 0 1 0 0 0 0 0 1 0 0 1 0 0 0 0 0 0 0 1 0 0 0 0 0 0 0 0 0 1 0 1 0 0 0 0 1 0 0 1 0 0 0 1 0 0 0 0 0 0 0 1 0 0
geno chr5.424653 ceu  1 2 1 0 1 1 0 2 0 1 0 0 1 2 0 0 1 2 1 2 1 0 1 1 2 2 2 1 0 0 0 2 1 0 1 0 1 1 1 1 0 1 0 2 2 1 0 1 1 1 2 1 2 1 0 0 1 1 0 1 0 1 2 1 1 1 1 0 1 2 0 2 1 2 2 0 0 0
geno chr5.424653 fin  0 1 2 1 0 2 2 0 1 1 1 1 0 1 0 1 2 2 0 0 0 1 1 0 0 2 0 0 1 1 0 0 2 1 0 1 2 0 2 1 0 1 1 1 2 1 1 2 1 1 1 0 1 0 1 1 1 1 0 1 2 1 1 1 2 2 1 2 1 1 0 1 2 0 0 1 1 0 2 0 0 1 1 0 0 1 0 1 1
geno chr5.424653 gbr  2 0 1 1 1 2 2 2 2 2 1 1 2 1 1 1 2 0 1 1 0 0 1 2 2 2 0 2 1 1 0 0 2 1 0 1 1 0 0 1 1 1 1 0 1 0 2 0 0 2 1 1 1 1 0 0 0 1 1 2 1 2 2 2 1 0 1 0 2 1 0 2 0 1 1 2 2 1 1 1 1 1 0 1
geno chr5.424653 tsi  1 1 1 1 0 1 0 0 1 0 2 1 0 1 1 0 0 0 0 0 1 0 1 1 0 1 0 0 0 1 0 1 0 0 1 1 0 1 1 1 0 0 0 1 0 1 0 1 2 0 0 0 1 0 0 1 0 1 1 1 0 1 0 1 1 1 0 0 1 0 1 0 2 1 0 1 1 1 0 1 0 0 2 0 1 1 0 0 0 1 0 0
geno chr5.424653 yri  0 0 0 0 0 0 0 0 0 0 0 0 0 0 0 0 0 0 0 0 0 0 0 0 0 0 0 0 0 0 0 0 0 0 0 0 0 0 0 0 0 0 0 0 0 0 0 0 0 0 0 0 0 0 0 0 0 0 0 0 0 0 0 0 0 0 0 0 0 0 0 0 0 0 0 0 0
geno chr5.425464 ceu  0 0 0 0 0 0 0 0 0 0 0 0 0 0 1 0 0 0 0 0 0 0 0 0 0 0 0 0 0 0 0 0 0 0 0 0 0 0 0 0 1 0 1 0 0 0 1 0 0 1 0 0 0 1 1 0 0 0 0 0 1 0 0 0 0 0 0 0 0 0 0 0 0 0 0 0 0 0
geno chr5.425464 fin  0 1 0 0 0 0 0 0 0 1 0 0 0 1 0 0 0 0 1 0 1 0 0 0 0 0 0 0 0 0 0 0 0 0 1 0 0 0 0 0 0 0 0 0 0 0 0 0 0 0 0 1 0 0 0 0 0 0 0 0 0 1 0 1 0 0 0 0 0 1 0 0 0 0 1 0 0 1 0 0 0 0 0 0 1 1 0 1 0
geno chr5.425464 gbr  0 0 0 0 1 0 0 0 0 0 0 0 0 0 0 0 0 0 0 1 0 0 0 0 0 0 0 0 0 0 0 0 0 0 1 0 0 0 0 1 0 0 0 0 0 0 0 0 0 0 0 1 1 0 0 0 0 0 0 0 0 0 0 0 0 1 0 1 0 0 0 0 0 0 0 0 0 0 0 0 0 0 1 0
geno chr5.425464 tsi  0 0 1 0 0 0 0 0 0 0 0 0 0 0 0 0 0 2 0 0 0 0 0 0 0 1 0 0 0 0 0 0 1 0 0 0 1 1 0 1 0 0 0 0 0 0 1 0 0 0 1 0 0 0 0 0 1 0 0 0 0 0 0 0 0 0 0 1 0 1 0 0 0 0 0 0 1 1 0 0 1 1 0 0 0 0 1 0 1 0 1 0
geno chr5.425464 yri  0 0 0 0 0 0 0 0 0 0 0 0 0 0 0 0 0 0 0 0 0 0 0 0 0 0 0 0 0 0 0 0 0 0 0 0 0 0 0 0 0 0 0 0 0 0 0 0 0 0 0 0 0 0 0 0 0 0 0 1 0 0 0 0 0 0 0 0 0 0 0 0 0 0 0 0 0
geno chr5.425468 ceu  0 0 0 0 0 1 0 0 0 0 0 0 0 0 0 0 0 0 0 0 0 0 1 0 0 0 0 0 0 0 0 0 0 0 0 0 0 0 0 0 1 0 0 0 0 0 0 0 0 0 0 0 0 0 0 0 0 0 0 0 0 0 0 1 0 1 1 0 0 0 0 0 1 0 0 0 0 0
geno chr5.425468 fin  0 0 0 0 0 0 0 1 0 0 0 0 0 0 0 0 0 0 0 0 0 0 0 0 0 0 1 0 0 0 1 0 0 0 0 0 0 0 0 0 0 0 0 0 0 0 0 0 0 1 0 1 0 1 0 0 0 0 0 0 0 0 0 0 0 0 1 0 0 0 0 0 0 0 0 0 1 0 0 0 0 0 0 0 0 0 0 0 0
geno chr5.425468 gbr  0 0 0 0 0 0 0 0 0 0 0 0 0 0 0 0 0 1 0 0 1 0 1 0 0 0 0 0 0 0 1 1 0 0 0 0 0 0 1 0 0 0 0 1 0 0 0 1 0 0 0 0 0 0 0 2 0 1 0 0 0 0 0 0 1 0 0 0 0 0 0 0 0 0 0 0 0 0 0 0 0 0 0 0
geno chr5.425468 tsi  0 0 0 0 0 0 0 0 0 0 0 0 0 0 0 0 0 0 0 0 0 0 0 0 0 0 0 1 0 0 0 0 1 0 0 0 1 0 1 0 0 0 0 0 0 0 1 1 0 1 0 1 0 1 1 0 0 0 0 0 0 1 1 0 0 0 0 0 0 1 1 0 0 0 0 1 0 0 0 1 1 0 0 0 0 0 1 2 0 1 0 0
geno chr5.425468 yri  0 0 0 0 0 0 0 0 0 0 0 0 0 0 0 0 0 0 0 0 0 0 0 0 0 0 0 0 0 0 0 0 0 0 0 0 0 0 0 0 0 0 0 0 0 0 0 0 0 0 0 0 0 0 0 0 0 0 0 0 0 0 0 0 0 0 0 0 0 0 0 0 0 0 0 0 0
geno chr5.425631 ceu  0 0 0 0 0 0 0 0 0 0 0 0 0 0 1 0 0 0 0 0 0 0 0 0 0 0 0 0 0 0 0 0 0 0 0 0 0 0 0 0 1 0 1 0 0 0 1 0 0 1 0 0 0 1 1 0 0 0 0 0 1 0 0 0 0 0 0 0 0 0 0 0 0 0 0 0 0 0
geno chr5.425631 fin  0 1 0 0 0 0 0 0 0 1 0 0 0 1 0 0 0 0 1 0 1 0 0 0 0 0 0 0 0 0 0 0 0 0 1 0 0 0 0 0 0 0 0 0 0 0 0 0 0 0 0 1 0 0 0 0 0 0 0 0 0 1 0 1 0 0 0 0 0 1 0 0 0 0 1 0 0 1 0 0 0 0 0 0 1 1 0 1 0
geno chr5.425631 gbr  0 0 0 0 1 0 0 0 0 0 0 0 0 0 0 0 0 0 0 1 0 0 0 0 0 0 0 0 0 0 0 0 0 0 1 0 0 0 0 1 0 0 0 0 0 0 0 0 0 0 0 1 1 0 0 0 0 0 0 0 0 0 0 0 0 1 0 1 0 0 0 0 0 0 0 0 0 0 0 0 0 0 1 0
geno chr5.425631 tsi  0 0 1 0 0 0 0 0 0 0 0 0 0 0 0 0 0 2 0 0 0 0 0 0 0 1 0 0 0 0 0 0 1 0 0 0 1 1 0 1 0 0 0 0 0 0 1 0 0 0 1 0 0 0 0 0 1 0 0 0 0 0 0 0 0 0 0 1 0 1 0 0 0 0 0 0 1 1 0 0 1 1 0 0 0 0 1 0 1 0 1 0
geno chr5.425631 yri  0 0 0 0 0 1 0 0 0 0 0 0 0 0 0 0 0 0 0 0 0 0 0 0 0 0 0 0 0 0 0 0 0 0 0 0 0 0 0 0 0 0 0 0 0 0 0 0 0 0 0 0 0 0 0 0 0 0 0 1 0 0 0 0 0 0 0 0 0 0 0 0 0 0 0 0 0
geno chr5.426445 ceu  1 0 0 0 1 0 0 2 0 0 0 0 0 1 0 0 0 0 1 0 0 0 0 0 1 2 0 0 0 0 0 1 1 0 0 0 1 1 1 0 0 0 0 2 0 1 0 1 0 0 2 0 1 1 0 0 1 0 0 1 0 0 0 0 0 1 0 0 0 1 0 0 0 1 2 0 0 0
geno chr5.426445 fin  0 0 1 0 0 1 0 0 0 0 1 1 0 1 0 0 2 1 0 0 0 0 1 0 0 0 0 0 0 1 0 0 1 1 0 1 2 0 0 1 0 0 0 0 0 0 0 1 1 0 1 0 0 0 1 0 1 1 0 1 2 1 0 0 2 2 1 1 1 1 0 1 2 0 0 0 0 0 1 0 0 1 0 0 0 1 0 1 0
geno chr5.426445 gbr  1 0 1 0 0 1 1 2 2 1 1 0 0 1 0 0 1 0 0 0 0 0 1 1 2 1 0 2 0 0 0 0 2 0 0 0 0 0 0 0 1 1 0 0 0 0 0 0 0 1 0 1 0 0 0 0 0 0 1 0 0 2 2 1 0 0 1 0 1 0 0 1 0 0 1 2 1 1 1 1 0 1 0 1
geno chr5.426445 tsi  0 0 0 1 0 1 0 0 0 0 1 1 0 0 1 0 0 0 0 0 0 0 1 0 0 0 0 0 0 1 0 1 0 0 0 0 0 1 1 1 0 0 0 1 0 1 0 1 2 0 0 0 0 0 0 1 0 0 0 0 0 0 0 0 1 1 0 0 1 0 1 0 1 0 0 0 1 1 0 0 0 0 1 0 1 1 0 0 0 1 0 0
geno chr5.426445 yri  0 0 0 0 0 0 0 0 0 0 0 0 0 0 0 0 0 0 0 0 0 0 0 0 0 0 0 0 0 0 0 0 0 0 0 0 0 0 0 0 0 0 0 0 0 0 0 0 0 0 0 0 0 0 0 0 0 0 0 0 0 0 0 0 0 0 0 0 0 0 0 0 0 0 0 0 0
geno chr5.426541 ceu  1 2 1 1 1 1 1 2 0 1 0 0 1 2 1 0 1 2 1 2 1 0 1 1 2 2 2 1 0 0 0 2 1 0 1 0 1 1 1 1 1 1 1 2 2 1 1 1 0 2 2 0 2 2 1 0 1 1 0 1 1 1 2 1 1 1 1 0 1 2 0 2 1 2 2 0 0 0
geno chr5.426541 fin  0 2 2 1 0 2 2 0 1 2 1 1 0 2 0 1 2 2 1 0 1 0 1 0 0 2 0 0 1 1 0 0 2 1 1 1 2 0 1 1 0 1 1 1 2 1 1 2 1 1 1 1 1 0 1 1 1 1 0 1 2 2 2 2 2 2 1 2 1 2 0 1 2 0 0 1 1 1 2 0 1 1 1 0 1 2 0 1 1
geno chr5.426541 gbr  2 0 1 1 2 2 2 2 2 2 1 1 2 1 1 1 2 0 1 2 0 0 1 2 2 2 0 2 1 1 0 0 1 1 2 1 1 0 0 1 1 1 1 0 1 0 2 0 0 2 1 2 2 1 0 0 0 1 0 2 1 2 2 2 1 1 1 1 2 1 0 2 0 1 1 2 2 1 1 1 1 1 1 1
geno chr5.426541 tsi  1 1 2 1 1 1 0 0 2 0 2 1 1 1 1 0 0 2 0 0 1 0 2 1 0 2 1 0 0 0 0 1 1 0 1 1 1 2 1 2 0 1 0 1 0 0 1 1 2 0 1 0 1 0 0 1 1 0 1 0 0 1 0 1 1 1 0 1 1 1 1 0 2 1 0 1 2 2 1 1 1 2 2 0 1 0 0 0 1 1 0 0
geno chr5.426541 yri  1 1 1 0 1 0 0 0 1 0 1 0 0 0 1 1 0 0 0 0 0 1 0 0 0 2 0 0 0 1 0 1 0 1 1 0 1 0 0 0 0 2 1 1 0 1 0 0 0 1 1 0 2 1 1 0 0 1 1 1 0 0 1 0 0 0 2 0 0 1 0 0 0 1 1 0 0
geno chr5.426842 ceu  1 0 0 0 1 0 0 2 0 0 0 0 0 1 0 0 0 0 1 0 0 0 0 0 1 2 0 0 0 0 0 1 1 0 0 0 1 1 1 0 0 0 0 2 0 1 0 1 0 0 2 0 1 1 0 0 1 0 0 1 0 0 0 0 0 1 0 0 0 1 0 0 0 1 2 0 0 0
geno chr5.426842 fin  0 0 1 0 0 1 0 0 0 0 1 1 0 1 0 0 2 1 0 0 0 0 1 0 0 0 0 0 0 1 0 0 1 1 0 1 2 0 0 1 0 0 0 0 0 0 0 1 1 0 1 0 0 0 1 0 1 1 0 1 2 1 0 0 2 2 1 1 1 1 0 1 2 0 0 0 0 0 1 0 0 1 0 0 0 1 0 1 0
geno chr5.426842 gbr  1 0 1 0 0 1 1 2 2 1 1 0 0 1 0 0 1 0 0 0 0 0 1 1 2 1 0 2 0 0 0 0 2 0 0 0 0 0 0 0 1 1 0 0 0 0 0 0 0 1 0 0 0 0 0 0 0 0 1 0 0 2 2 1 0 0 1 0 1 0 0 1 0 0 1 1 1 1 1 1 0 1 0 1
geno chr5.426842 tsi  0 0 0 1 0 1 0 0 0 0 1 1 0 0 1 0 0 0 0 0 0 0 1 0 0 0 0 0 0 1 0 1 0 0 0 0 0 1 0 1 0 0 0 1 0 1 0 1 2 0 0 0 0 0 0 1 0 0 0 0 0 0 0 0 1 1 0 0 1 0 0 0 1 0 0 0 1 1 0 0 0 0 1 0 1 1 0 0 0 1 0 0
geno chr5.426842 yri  0 0 0 0 0 0 0 0 0 0 0 0 0 0 0 0 0 0 0 0 0 0 0 0 0 0 0 0 0 0 0 0 0 0 0 0 0 0 0 0 0 0 0 0 0 0 0 0 0 0 0 0 0 0 0 0 0 0 0 0 0 0 0 0 0 0 0 0 0 0 0 0 0 0 0 0 0
geno chr5.427255 ceu  0 0 0 1 0 0 0 0 0 0 0 0 0 0 0 0 0 0 0 0 0 0 0 0 0 0 0 0 0 0 0 0 0 0 0 0 0 0 0 0 0 0 0 0 0 0 0 0 0 0 0 0 0 0 0 0 0 0 0 0 0 0 0 0 0 0 0 0 0 0 0 0 0 0 0 0 0 0
geno chr5.427255 fin  0 0 0 0 0 0 0 0 0 0 0 0 0 0 0 0 0 0 0 0 0 0 0 0 0 0 0 0 0 0 0 0 0 0 0 0 0 0 0 0 0 0 0 0 0 0 0 0 0 0 0 0 0 0 0 0 0 0 0 0 0 0 1 0 0 0 0 0 0 0 0 0 0 0 0 0 0 0 0 0 0 0 0 0 0 0 0 0 0
geno chr5.427255 gbr  0 0 0 0 0 0 0 0 0 0 0 0 0 0 0 0 0 0 0 0 0 0 0 0 0 0 0 0 0 0 0 0 0 0 0 0 0 0 0 0 0 0 0 0 0 0 0 0 0 0 0 0 0 0 0 0 0 0 0 0 0 0 0 0 0 0 0 0 0 0 0 0 0 0 0 0 0 0 0 0 0 0 0 0
geno chr5.427255 tsi  0 0 0 0 0 0 0 0 0 0 0 0 0 0 0 0 0 0 0 0 0 0 0 0 0 0 1 0 0 0 0 0 0 0 0 0 0 0 0 0 0 0 0 0 0 0 0 0 0 0 0 0 0 0 0 0 0 0 0 0 0 0 0 0 0 0 0 0 0 0 0 0 0 0 0 0 0 0 1 0 0 0 0 0 0 0 0 0 0 0 0 0
geno chr5.427255 yri  0 1 1 0 1 0 0 1 1 0 0 0 0 0 1 1 0 0 0 0 0 1 0 0 0 1 0 0 0 1 0 0 0 1 0 0 1 0 0 0 0 2 0 1 0 1 0 0 1 1 1 0 1 0 0 0 0 1 1 0 0 0 0 0 0 0 1 0 0 1 0 0 0 1 0 0 0
geno chr5.427466 ceu  2 2 2 2 2 1 2 2 2 2 2 2 2 2 2 1 2 2 1 2 1 2 1 1 2 2 2 2 2 2 2 2 1 2 2 2 2 2 2 2 1 2 2 2 2 2 2 2 2 2 2 2 2 2 2 1 2 2 1 2 2 1 2 1 2 1 1 2 2 2 1 2 1 2 2 2 2 2
geno chr5.427466 fin  2 2 2 2 2 2 2 1 2 2 2 1 2 2 2 2 2 2 2 2 2 2 2 2 1 2 1 1 2 2 1 2 2 2 2 2 2 2 2 2 1 2 2 2 2 2 2 2 1 1 2 1 2 1 2 2 2 2 2 2 2 2 2 2 2 2 1 2 1 2 2 2 2 2 2 2 1 1 2 1 2 2 2 2 2 2 2 2 2
geno chr5.427466 gbr  2 1 1 1 2 2 2 2 2 2 2 2 2 2 2 2 2 1 2 2 0 1 1 2 2 2 2 2 2 2 0 1 2 2 2 1 1 2 1 2 1 2 2 0 2 2 2 1 2 2 2 2 2 2 1 0 1 1 2 2 1 2 2 2 1 2 2 2 2 2 2 2 1 2 2 2 2 1 2 2 2 2 2 2
geno chr5.427466 tsi  2 1 2 2 2 2 1 2 2 1 2 2 1 2 2 2 2 2 1 2 2 2 2 2 1 2 1 1 2 2 2 1 1 1 2 2 1 2 1 2 2 2 1 2 2 2 1 1 2 1 1 1 1 1 1 2 2 2 2 2 2 1 1 2 2 2 1 2 2 1 1 1 2 1 2 1 2 2 2 1 1 2 2 1 2 2 1 0 2 1 2 2
geno chr5.427466 yri  2 2 2 2 2 2 2 2 2 2 2 2 2 2 2 2 2 1 2 2 2 2 2 2 2 2 2 2 2 2 2 2 2 2 2 2 2 2 2 2 2 2 2 2 2 2 2 2 2 2 2 2 2 2 2 2 2 2 2 2 2 2 2 2 2 2 2 2 2 2 2 2 2 2 2 2 2
geno chr5.427609 ceu  0 0 0 0 0 0 0 0 0 0 0 0 0 0 1 0 0 0 0 0 0 0 0 0 0 0 0 0 0 0 0 0 0 0 0 0 0 0 0 0 1 0 1 0 0 0 1 0 0 1 0 0 0 1 1 0 0 0 0 0 1 0 0 0 0 0 0 0 0 0 0 0 0 0 0 0 0 0
geno chr5.427609 fin  0 1 0 0 0 0 0 0 0 1 0 0 0 1 0 0 0 0 1 0 1 0 0 0 0 0 0 0 0 0 0 0 0 0 1 0 0 0 0 0 0 0 0 0 0 0 0 0 0 0 0 1 0 0 0 0 0 0 0 0 0 1 0 1 0 0 0 0 0 1 0 0 0 0 1 0 0 1 0 0 0 0 0 0 1 1 0 1 0
geno chr5.427609 gbr  0 0 0 0 1 0 0 0 0 0 0 0 0 0 0 0 0 0 0 1 0 0 0 0 0 0 0 0 0 0 0 0 0 0 1 0 0 0 0 1 0 0 0 0 0 0 0 0 0 0 0 1 1 0 0 0 0 0 0 0 0 0 0 0 0 1 0 1 0 0 0 0 0 0 0 0 0 0 0 0 0 0 1 0
geno chr5.427609 tsi  0 0 1 0 0 0 0 0 0 0 0 0 0 0 0 0 0 2 0 0 0 0 0 0 0 1 0 0 0 0 0 0 1 0 0 0 1 1 0 1 0 0 0 0 0 0 1 0 0 0 1 0 0 0 0 0 1 0 0 0 0 0 0 0 0 0 0 1 0 1 0 0 0 0 0 0 1 1 0 0 1 1 0 0 0 0 1 0 1 0 1 0
geno chr5.427609 yri  0 0 0 0 0 0 0 0 0 0 0 0 0 0 0 0 0 0 0 0 0 0 0 0 0 0 0 0 0 0 0 0 0 0 0 0 0 0 0 0 0 0 0 0 0 0 0 0 0 0 0 0 0 0 0 0 0 0 0 1 0 0 0 0 0 0 0 0 0 0 0 0 0 0 0 0 0
geno chr5.427842 ceu  0 0 0 0 0 0 0 0 0 0 0 0 0 0 1 0 0 0 0 0 0 0 0 0 0 0 0 0 0 0 0 0 0 0 0 0 0 0 0 0 1 0 1 0 0 0 1 0 0 1 0 0 0 1 1 0 0 0 0 0 1 0 0 0 0 0 0 0 0 0 0 0 0 0 0 0 0 0
geno chr5.427842 fin  0 1 0 0 0 0 0 0 0 1 0 0 0 1 0 0 0 0 1 0 1 0 0 0 0 0 0 0 0 0 0 0 0 0 1 0 0 0 0 0 0 0 0 0 0 0 0 0 0 0 0 1 0 0 0 0 0 0 0 0 0 1 0 1 0 0 0 0 0 1 0 0 0 0 1 0 0 1 0 0 0 0 0 0 1 1 0 1 0
geno chr5.427842 gbr  0 0 0 0 1 0 0 0 0 0 0 0 0 0 0 0 0 0 0 1 0 0 0 0 0 0 0 0 0 0 0 0 0 0 1 0 0 0 0 1 0 0 0 0 0 0 0 0 0 0 0 1 1 0 0 0 0 0 0 0 0 0 0 0 0 1 0 1 0 0 0 0 0 0 0 0 0 0 0 0 0 0 1 0
geno chr5.427842 tsi  0 0 1 0 0 0 0 0 0 0 0 0 0 0 0 0 0 2 0 0 0 0 0 0 0 1 0 0 0 0 0 0 1 0 0 0 1 1 0 1 0 0 0 0 0 0 1 0 0 0 1 0 0 0 0 0 1 0 0 0 0 0 0 0 0 0 0 1 0 1 0 0 0 0 0 0 1 1 0 0 1 1 0 0 0 0 1 0 1 0 1 0
geno chr5.427842 yri  0 0 0 0 0 1 0 0 0 0 0 0 0 0 0 0 0 0 0 0 0 0 0 0 0 0 0 0 0 0 0 0 0 0 0 0 0 0 0 0 0 0 0 0 0 0 0 0 0 0 0 0 0 0 0 0 0 0 0 1 0 0 0 0 0 0 0 0 0 0 0 0 0 0 0 0 0
geno chr5.428166 ceu  1 2 1 0 1 1 0 2 0 1 0 0 1 2 0 0 1 2 1 2 1 0 1 1 2 2 2 1 0 0 0 2 1 0 1 0 1 1 1 1 0 1 0 2 2 1 0 1 1 1 2 1 2 1 0 0 1 1 0 1 0 1 2 1 1 1 1 0 1 2 0 2 1 2 2 0 0 0
geno chr5.428166 fin  0 1 2 1 0 2 2 0 1 1 1 1 0 1 0 1 2 2 0 0 0 1 1 0 0 2 0 0 1 1 0 0 2 1 0 1 2 0 2 1 0 1 1 1 2 1 1 2 1 1 1 0 1 0 1 1 1 1 0 1 2 1 1 1 2 2 1 2 1 1 0 1 1 0 0 1 1 0 2 0 0 1 1 0 0 1 0 1 1
geno chr5.428166 gbr  2 0 1 1 1 2 1 2 2 2 1 1 2 1 1 1 2 0 1 1 0 0 1 2 2 2 0 2 1 1 0 0 1 1 0 1 1 0 0 1 1 1 1 0 1 0 2 0 0 2 1 1 1 1 0 0 0 1 1 2 1 2 2 2 1 0 1 0 2 1 0 2 0 1 1 2 2 1 1 1 1 1 0 1
geno chr5.428166 tsi  1 1 1 1 0 1 0 0 1 0 2 1 0 1 1 0 0 0 0 0 1 0 1 1 0 1 0 0 0 1 0 1 0 0 1 1 0 1 1 1 0 0 0 1 0 1 0 1 2 0 0 0 1 0 0 1 0 1 1 1 0 1 0 1 1 1 0 0 1 0 1 0 2 1 0 1 1 1 0 1 0 0 2 0 1 1 0 0 0 1 0 0
geno chr5.428166 yri  0 0 0 0 0 0 0 0 0 0 0 0 0 0 0 0 0 0 0 0 0 0 0 0 0 0 0 0 0 0 0 0 0 0 0 0 0 0 0 0 0 0 0 0 0 0 0 0 0 0 0 0 0 0 0 0 0 0 0 0 0 0 0 0 0 0 0 0 0 0 0 0 0 0 0 0 0
geno chr5.428171 ceu  0 2 1 0 1 1 0 1 0 1 0 0 1 1 0 0 1 1 0 1 1 0 1 1 2 1 2 1 0 0 0 1 1 0 1 0 0 1 0 1 0 1 0 2 2 1 0 1 1 1 2 1 1 0 0 0 1 1 0 0 0 1 2 1 1 1 1 0 1 2 0 1 1 2 2 0 0 0
geno chr5.428171 fin  0 1 2 1 0 2 2 0 1 1 0 1 0 1 0 1 1 2 0 0 0 1 1 0 0 2 0 0 1 1 0 0 1 1 0 1 2 0 2 1 0 1 1 1 2 1 1 2 1 1 1 0 1 0 0 0 1 0 0 1 1 1 1 1 0 1 0 1 0 1 0 0 0 0 0 1 1 0 2 0 0 0 1 0 0 0 0 1 1
geno chr5.428171 gbr  1 0 1 1 1 2 1 2 1 1 0 1 2 1 1 1 2 0 1 1 0 0 1 2 1 2 0 1 1 1 0 0 1 1 0 1 1 0 0 1 1 1 1 0 1 0 2 0 0 1 1 0 1 1 0 0 0 1 0 2 1 2 1 1 0 0 0 0 1 1 0 2 0 1 1 2 1 0 1 1 1 0 0 0
geno chr5.428171 tsi  1 1 1 0 0 1 0 0 1 0 2 0 0 1 1 0 0 0 0 0 1 0 1 1 0 1 0 0 0 1 0 0 0 0 1 1 0 1 1 0 0 0 0 1 0 0 0 1 1 0 0 0 1 0 0 1 0 1 1 1 0 1 0 1 1 1 0 0 0 0 1 0 2 1 0 1 1 0 0 1 0 0 2 0 0 0 0 0 0 1 0 0
geno chr5.428171 yri  0 0 0 0 0 0 0 0 0 0 0 0 0 0 0 0 0 0 0 0 0 0 0 0 0 0 0 0 0 0 0 0 0 0 0 0 0 0 0 0 0 0 0 0 0 0 0 0 0 0 0 0 0 0 0 0 0 0 0 0 0 0 0 0 0 0 0 0 0 0 0 0 0 0 0 0 0
geno chr5.428231 ceu  1 2 1 0 1 1 0 2 0 1 0 0 1 2 0 0 1 2 1 2 1 0 1 1 2 2 2 1 0 0 0 2 1 0 1 0 1 1 1 1 0 1 0 2 2 1 0 1 1 1 2 1 2 1 0 0 1 1 0 1 0 1 2 1 1 1 1 0 1 2 0 2 1 2 2 0 0 0
geno chr5.428231 fin  0 1 2 1 0 2 2 0 1 1 1 1 0 1 0 1 2 2 0 0 0 1 1 0 0 2 0 0 1 1 0 0 2 1 0 1 2 0 2 1 0 1 1 1 2 1 1 2 1 1 1 0 1 0 1 1 1 1 0 1 2 1 1 1 2 2 1 2 1 1 0 1 2 0 0 1 1 0 2 0 0 1 1 0 0 1 0 1 1
geno chr5.428231 gbr  2 0 1 1 1 2 2 2 2 2 1 1 2 1 1 1 2 0 1 1 0 0 1 2 2 2 0 2 1 1 0 0 2 1 0 1 1 0 0 1 1 1 1 0 1 0 2 0 0 2 1 1 1 1 0 0 0 1 1 2 1 2 2 2 1 0 1 0 2 1 0 2 0 1 1 2 2 1 1 1 1 1 0 1
geno chr5.428231 tsi  1 1 1 1 0 1 0 0 1 0 2 1 0 1 1 0 0 0 0 0 1 0 1 1 0 1 0 0 0 1 0 1 0 0 1 1 0 1 1 1 0 0 0 1 0 1 0 1 2 0 0 0 1 0 0 1 0 1 1 1 0 1 0 1 1 1 0 0 1 0 1 0 2 1 0 1 1 1 0 1 0 0 2 0 1 1 0 0 0 1 0 0
geno chr5.428231 yri  0 0 0 0 0 0 0 0 0 0 0 0 0 0 0 0 0 0 0 0 0 0 0 0 0 0 0 0 0 0 0 0 0 0 0 0 0 0 0 0 0 0 0 0 0 0 0 0 0 0 0 0 0 0 0 0 0 0 0 0 0 0 0 0 0 0 0 0 0 0 0 0 0 0 0 0 0
geno chr5.428236 ceu  1 2 1 0 1 1 0 2 0 1 0 0 1 2 0 0 1 2 1 2 1 0 1 1 2 2 2 1 0 0 0 2 1 0 1 0 1 1 1 1 0 1 0 2 2 1 0 1 1 1 2 1 2 1 0 0 1 1 0 1 0 1 2 1 1 1 1 0 1 2 0 2 1 2 2 0 0 0
geno chr5.428236 fin  0 1 2 1 0 2 2 0 1 1 1 1 0 1 0 1 2 2 0 0 0 1 1 0 0 2 0 0 1 1 0 0 2 1 0 1 2 0 2 1 0 1 1 1 2 1 1 2 1 1 1 0 1 0 1 1 1 1 0 1 2 1 1 1 2 2 1 2 1 1 0 1 2 0 0 1 1 0 2 0 0 1 1 0 0 1 0 1 1
geno chr5.428236 gbr  2 0 1 1 1 2 2 2 2 2 1 1 2 1 1 1 2 0 1 1 0 0 1 2 2 2 0 2 1 1 0 0 2 1 0 1 1 0 0 1 1 1 1 0 1 0 2 0 0 2 1 1 1 1 0 0 0 1 1 2 1 2 2 2 1 0 1 0 2 1 0 2 0 1 1 2 2 1 1 1 1 1 0 1
geno chr5.428236 tsi  1 1 1 1 0 1 0 0 1 0 2 1 0 1 1 0 0 0 0 0 1 0 1 1 0 1 0 0 0 1 0 1 0 0 1 1 0 1 1 1 0 0 0 1 0 1 0 1 2 0 0 0 1 0 0 1 0 1 1 1 0 1 0 1 1 1 0 0 1 0 1 0 2 1 0 1 1 1 0 1 0 0 2 0 1 1 0 0 0 1 0 0
geno chr5.428236 yri  0 0 0 0 0 0 0 0 0 0 0 0 0 0 0 0 0 0 0 0 0 0 0 0 0 0 0 0 0 0 0 0 0 0 0 0 0 0 0 0 0 0 0 0 0 0 0 0 0 0 0 0 0 0 0 0 0 0 0 0 0 0 0 0 0 0 0 0 0 0 0 0 0 0 0 0 0
geno chr5.428348 ceu  0 0 0 1 0 0 0 0 0 0 0 0 0 0 1 0 0 0 0 0 0 0 0 0 0 0 0 0 0 0 0 0 0 0 0 0 0 0 0 0 1 0 1 0 0 0 1 0 0 1 0 0 0 1 1 0 0 0 0 0 1 0 0 0 0 0 0 0 0 0 0 0 0 0 0 0 0 0
geno chr5.428348 fin  0 1 0 0 0 0 0 0 0 1 0 0 0 1 0 0 0 0 1 0 1 0 0 0 0 0 0 0 0 0 0 0 0 0 1 0 0 0 0 0 0 0 0 0 0 0 0 0 0 0 0 1 0 0 0 0 0 0 0 0 0 1 1 1 0 0 0 0 0 1 0 0 0 0 1 0 0 1 0 0 0 0 0 0 1 1 0 1 0
geno chr5.428348 gbr  0 0 0 0 1 0 0 0 0 0 0 0 0 0 0 0 0 0 0 1 0 0 0 0 0 0 0 0 0 0 0 0 0 0 1 0 0 0 0 1 0 0 0 0 0 0 0 0 0 0 0 1 1 0 0 0 0 0 0 0 0 0 0 0 0 1 0 1 0 0 0 0 0 0 0 0 0 0 0 0 0 0 1 0
geno chr5.428348 tsi  0 0 1 0 0 0 0 0 0 0 0 0 0 0 0 0 0 2 0 0 0 0 0 0 0 1 1 0 0 0 0 0 1 0 0 0 1 1 0 1 0 0 0 0 0 0 1 0 0 0 1 0 0 0 0 0 1 0 0 0 0 0 0 0 0 0 0 1 0 1 0 0 0 0 0 0 1 1 1 0 1 1 0 0 0 0 1 0 1 0 1 0
geno chr5.428348 yri  0 0 1 0 0 1 0 1 0 0 0 0 0 0 1 1 0 0 0 0 0 1 0 0 0 0 0 0 0 0 0 0 0 0 0 0 0 0 0 0 0 1 0 0 0 0 0 0 0 0 0 0 1 0 0 0 0 0 1 1 0 0 0 0 0 0 0 0 0 0 0 0 0 0 0 0 0
geno chr5.428418 ceu  1 2 1 0 1 1 1 2 0 1 0 0 1 2 1 0 1 2 1 2 1 0 1 1 2 2 2 1 0 0 0 2 1 0 1 0 1 1 1 2 1 1 1 2 2 1 1 1 1 2 2 1 2 2 1 0 1 1 0 1 1 1 2 1 1 1 1 0 1 2 0 2 1 2 2 0 0 0
geno chr5.428418 fin  0 2 2 1 0 2 2 0 1 2 1 1 0 2 0 1 2 2 1 0 1 1 1 0 0 2 0 0 1 1 0 0 2 1 1 1 2 0 2 1 0 1 1 1 2 1 1 2 1 1 1 1 1 0 1 1 1 1 0 1 2 2 1 2 2 2 1 2 1 2 0 1 2 0 1 1 1 1 2 0 1 1 1 0 1 2 0 2 1
geno chr5.428418 gbr  2 1 1 1 2 2 2 2 2 2 1 1 2 1 1 1 2 0 1 2 0 0 1 2 2 2 0 2 1 1 0 0 2 1 1 1 1 0 0 2 1 1 1 0 1 0 2 0 0 2 1 2 2 1 0 0 0 1 1 2 1 2 2 2 1 1 1 1 2 1 0 2 0 1 1 2 2 1 1 1 1 1 1 1
geno chr5.428418 tsi  1 1 2 1 1 1 0 0 2 0 2 1 1 1 1 0 0 2 0 0 1 0 2 1 0 2 0 0 0 1 0 1 1 0 1 1 1 2 1 2 0 1 0 1 0 1 1 1 2 0 1 0 1 0 0 1 1 1 1 1 0 1 0 1 1 1 0 1 1 1 1 0 2 1 0 1 2 2 0 1 1 2 2 0 1 1 1 0 2 1 1 0
geno chr5.428418 yri  1 0 1 0 0 1 0 1 0 0 1 0 0 0 1 0 0 0 0 0 0 0 0 0 0 1 0 0 0 0 0 1 0 0 1 0 0 0 0 0 0 1 1 0 0 0 0 0 0 0 0 0 2 0 1 0 0 0 0 1 0 0 1 0 0 0 1 0 0 0 0 0 0 0 1 0 0
geno chr5.428462 ceu  0 0 0 0 0 0 1 0 0 0 0 0 0 0 1 0 0 0 0 0 0 0 0 0 0 0 0 0 0 0 0 0 0 0 0 0 0 0 0 1 1 0 1 0 0 0 1 0 0 1 0 0 0 1 1 0 0 0 0 0 1 0 0 0 0 0 0 0 0 0 0 0 0 0 0 0 0 0
geno chr5.428462 fin  0 1 0 0 0 0 0 0 0 1 0 0 0 1 0 0 0 0 1 0 1 0 0 0 0 0 0 0 0 0 0 0 0 0 1 0 0 0 0 0 0 0 0 0 0 0 0 0 0 0 0 1 0 0 0 0 0 0 0 0 0 1 0 1 0 0 0 0 0 1 0 0 0 0 1 0 0 1 0 0 1 0 0 0 1 1 0 1 0
geno chr5.428462 gbr  0 1 0 0 1 0 0 0 0 0 0 0 0 0 0 0 0 0 0 1 0 0 0 0 0 0 0 0 0 0 0 0 0 0 1 0 0 0 0 1 0 0 0 0 0 0 0 0 0 0 0 1 1 0 0 0 0 0 0 0 0 0 0 0 0 1 0 1 0 0 0 0 0 0 0 0 0 0 0 0 0 0 1 0
geno chr5.428462 tsi  0 0 1 0 1 0 0 0 1 0 0 0 1 0 0 0 0 2 0 0 0 0 1 0 0 1 0 0 0 0 0 0 1 0 0 0 1 1 0 1 0 1 0 0 0 0 1 0 0 0 1 0 0 0 0 0 1 0 0 0 0 0 0 0 0 0 0 1 0 1 0 0 0 0 0 0 1 1 0 0 1 2 0 0 0 0 1 0 2 0 1 0
geno chr5.428462 yri  1 0 0 0 0 1 0 0 0 0 1 0 0 0 0 0 0 0 0 0 0 0 0 0 0 1 0 0 0 0 0 1 0 0 1 0 0 0 0 0 0 0 1 0 0 0 0 0 0 0 0 0 1 0 1 0 0 0 0 1 0 0 1 0 0 0 1 0 0 0 0 0 0 0 1 0 0
geno chr5.428642 ceu  0 0 0 0 0 0 0 0 0 0 0 0 0 0 1 0 0 0 0 0 0 0 0 0 0 0 0 0 0 0 0 0 0 0 0 0 0 0 0 0 1 0 1 0 0 0 1 0 0 1 0 0 0 1 1 0 0 0 0 0 1 0 0 0 0 0 0 0 0 0 0 0 0 0 0 0 0 0
geno chr5.428642 fin  0 1 0 0 0 0 0 0 0 1 0 0 0 1 0 0 0 0 1 0 1 0 0 0 0 0 0 0 0 0 0 0 0 0 1 0 0 0 0 0 0 0 0 0 0 0 0 0 0 0 0 1 0 0 0 0 0 0 0 0 0 1 0 1 0 0 0 0 0 1 0 0 0 0 1 0 0 1 0 0 0 0 0 0 1 1 0 1 0
geno chr5.428642 gbr  0 0 0 0 1 0 0 0 0 0 0 0 0 0 0 0 0 0 0 1 0 0 0 0 0 0 0 0 0 0 0 0 0 0 1 0 0 0 0 1 0 0 0 0 0 0 0 0 0 0 0 1 1 0 0 0 0 0 0 0 0 0 0 0 0 1 0 1 0 0 0 0 0 0 0 0 0 0 0 0 0 0 1 0
geno chr5.428642 tsi  0 0 1 0 0 0 0 0 0 0 0 0 0 0 0 0 0 2 0 0 0 0 0 0 0 1 0 0 0 0 0 0 1 0 0 0 1 1 0 1 0 0 0 0 0 0 1 0 0 0 1 0 0 0 0 0 1 0 0 0 0 0 0 0 0 0 0 1 0 1 0 0 0 0 0 0 1 1 0 0 1 1 0 0 0 0 1 0 1 0 1 0
geno chr5.428642 yri  0 0 0 0 0 1 0 0 0 0 0 0 0 0 0 0 0 0 0 0 0 0 0 0 0 0 0 0 0 0 0 0 0 0 0 0 0 0 0 0 0 0 0 0 0 0 0 0 0 0 0 0 0 0 0 0 0 0 0 1 0 0 0 0 0 0 0 0 0 0 0 0 0 0 0 0 0
geno chr5.428754 ceu  1 2 1 0 1 1 1 2 0 1 0 0 1 2 1 0 1 2 1 2 1 0 1 1 2 2 2 1 0 0 0 2 1 0 1 0 1 1 1 2 1 1 1 2 2 1 1 1 1 2 2 1 2 2 1 0 1 1 0 1 1 1 2 1 1 1 1 0 1 2 0 2 1 2 2 0 0 0
geno chr5.428754 fin  0 2 2 1 0 2 2 0 1 2 1 1 0 2 0 1 2 2 1 0 1 1 1 0 0 2 0 0 1 1 0 0 2 1 1 1 2 0 2 1 0 1 1 1 2 1 1 2 1 1 1 1 1 0 1 1 1 1 0 1 2 2 1 2 2 2 1 2 1 2 0 1 2 0 1 1 1 1 2 0 1 1 1 0 1 2 0 2 1
geno chr5.428754 gbr  2 1 1 1 2 2 2 2 2 2 1 1 2 1 1 1 2 0 1 2 0 0 1 2 2 2 0 2 1 1 0 0 2 1 1 1 1 0 0 2 1 1 1 0 1 0 2 0 0 2 1 2 2 1 0 0 0 1 1 2 1 2 2 2 1 1 1 1 2 1 0 2 0 1 1 2 2 1 1 1 1 1 1 1
geno chr5.428754 tsi  1 1 2 1 1 1 0 0 2 0 2 1 1 1 1 0 0 2 0 0 1 0 2 1 0 2 0 0 0 1 0 1 1 0 1 1 1 2 1 2 0 1 0 1 0 1 1 1 2 0 1 0 1 0 0 1 1 1 1 1 0 1 0 1 1 1 0 1 1 1 1 0 2 1 0 1 2 2 0 1 1 2 2 0 1 1 1 0 2 1 1 0
geno chr5.428754 yri  1 0 1 0 0 1 0 0 0 0 1 0 0 0 1 0 0 0 0 0 0 0 0 0 0 1 0 0 0 0 0 1 0 0 1 0 0 0 0 0 0 1 1 0 0 0 0 0 0 0 0 0 2 0 1 0 0 0 0 1 0 0 1 0 0 0 1 0 0 0 0 0 0 0 1 0 0
geno chr5.428785 ceu  1 2 1 0 1 1 0 2 0 1 0 0 1 2 0 0 1 2 1 2 1 0 1 1 2 2 2 1 0 0 0 2 1 0 1 0 1 1 1 1 0 1 0 2 2 1 0 1 1 1 2 1 2 1 0 0 1 1 0 1 0 1 2 1 1 1 1 0 1 2 0 2 1 2 2 0 0 0
geno chr5.428785 fin  0 1 2 1 0 2 2 0 1 1 1 1 0 1 0 1 2 2 0 0 0 1 1 0 0 2 0 0 1 1 0 0 2 1 0 1 2 0 2 1 0 1 1 1 2 1 1 2 1 1 1 0 1 0 1 1 1 1 0 1 2 1 1 1 2 2 1 2 1 1 0 1 2 0 0 1 1 0 2 0 0 1 1 0 0 1 0 1 1
geno chr5.428785 gbr  2 0 1 1 1 2 2 2 2 2 1 1 2 1 1 1 2 0 1 1 0 0 1 2 2 2 0 2 1 1 0 0 2 1 0 1 1 0 0 1 1 1 1 0 1 0 2 0 0 2 1 1 1 1 0 0 0 1 1 2 1 2 2 2 1 0 1 0 2 2 0 2 0 1 1 2 2 1 1 1 1 1 1 1
geno chr5.428785 tsi  1 1 1 1 0 1 0 0 1 0 2 1 0 1 1 0 0 0 0 0 1 0 1 1 0 1 0 0 0 1 0 1 0 0 1 1 0 1 1 1 0 0 0 1 0 1 0 1 2 0 0 0 1 0 0 1 0 1 1 1 0 1 0 1 1 1 0 0 1 0 1 0 2 1 0 1 1 1 0 1 0 0 2 0 1 1 0 0 0 1 0 0
geno chr5.428785 yri  0 0 0 0 0 0 0 0 0 0 0 0 0 0 0 0 0 0 0 0 0 0 0 0 0 0 0 0 0 0 0 0 0 0 0 0 0 0 0 0 0 0 0 0 0 0 0 0 0 0 0 0 0 0 0 0 0 0 0 0 0 0 0 0 0 0 0 0 0 0 0 0 0 0 0 0 0
geno chr5.429030 ceu  0 0 0 0 0 0 0 0 0 0 0 0 0 0 1 0 0 0 0 0 0 0 0 0 0 0 0 0 0 0 0 0 0 0 0 0 0 0 0 0 1 0 1 0 0 0 1 0 0 1 0 0 0 1 1 0 0 0 0 0 1 0 0 0 0 0 0 0 0 0 0 0 0 0 0 0 0 0
geno chr5.429030 fin  0 1 0 0 0 0 0 0 0 1 0 0 0 1 0 0 0 0 1 0 1 0 0 0 0 0 0 0 0 0 0 0 0 0 1 0 0 0 0 0 0 0 0 0 0 0 0 0 0 0 0 1 0 0 0 0 0 0 0 0 0 1 0 1 0 0 0 0 0 1 0 0 0 0 1 0 0 1 0 0 0 0 0 0 1 1 0 1 0
geno chr5.429030 gbr  0 0 0 0 1 0 0 0 0 0 0 0 0 0 0 0 0 0 0 1 0 0 0 0 0 0 0 0 0 0 0 0 0 0 1 0 0 0 0 1 0 0 0 0 0 0 0 0 0 0 0 1 1 0 0 0 0 0 0 0 0 0 0 0 0 1 0 1 0 0 0 0 0 0 0 0 0 0 0 0 0 0 1 0
geno chr5.429030 tsi  0 0 1 0 0 0 0 0 0 0 0 0 0 0 0 0 0 2 0 0 0 0 0 0 0 1 0 0 0 0 0 0 1 0 0 0 1 1 0 1 0 0 0 0 0 0 1 0 0 0 1 0 0 0 0 0 1 0 0 0 0 0 0 0 0 0 0 1 0 1 0 0 0 0 0 0 1 1 0 0 1 1 0 0 0 0 1 0 1 0 1 0
geno chr5.429030 yri  0 0 0 0 0 1 0 0 0 0 0 0 0 0 0 0 0 0 0 0 0 0 0 0 0 0 0 0 0 0 0 0 0 0 0 0 0 0 0 0 0 0 0 0 0 0 0 0 0 0 0 0 0 0 0 0 0 0 0 1 0 0 0 0 0 0 0 0 0 0 0 0 0 0 0 0 0
geno chr5.429031 ceu  0 0 0 0 0 0 0 0 0 0 0 0 0 0 1 0 0 0 0 0 0 0 0 0 0 0 0 0 0 0 0 0 0 0 0 0 0 0 0 0 1 0 1 0 0 0 1 0 0 1 0 0 0 1 1 0 0 0 0 0 1 0 0 0 0 0 0 0 0 0 0 0 0 0 0 0 0 0
geno chr5.429031 fin  0 1 0 0 0 0 0 0 0 1 0 0 0 1 0 0 0 0 1 0 1 0 0 0 0 0 0 0 0 0 0 0 0 0 1 0 0 0 0 0 0 0 0 0 0 0 0 0 0 0 0 1 0 0 0 0 0 0 0 0 0 1 0 1 0 0 0 0 0 1 0 0 0 0 1 0 0 1 0 0 0 0 0 0 1 1 0 1 0
geno chr5.429031 gbr  0 0 0 0 1 0 0 0 0 0 0 0 0 0 0 0 0 0 0 1 0 0 0 0 0 0 0 0 0 0 0 0 0 0 1 0 0 0 0 1 0 0 0 0 0 0 0 0 0 0 0 1 1 0 0 0 0 0 0 0 0 0 0 0 0 1 0 1 0 0 0 0 0 0 0 0 0 0 0 0 0 0 1 0
geno chr5.429031 tsi  0 0 1 0 0 0 0 0 0 0 0 0 0 0 0 0 0 2 0 0 0 0 0 0 0 1 0 0 0 0 0 0 1 0 0 0 1 1 0 1 0 0 0 0 0 0 1 0 0 0 1 0 0 0 0 0 1 0 0 0 0 0 0 0 0 0 0 1 0 1 0 0 0 0 0 0 1 1 0 0 1 1 0 0 0 0 1 0 1 0 1 0
geno chr5.429031 yri  0 0 0 0 0 1 0 0 0 0 0 0 0 0 0 0 0 0 0 0 0 0 0 0 0 0 0 0 0 0 0 0 0 0 0 0 0 0 0 0 0 0 0 0 0 0 0 0 0 0 0 0 0 0 0 0 0 0 0 1 0 0 0 0 0 0 0 0 0 0 0 0 0 0 0 0 0
geno chr5.429033 ceu  0 0 0 0 0 0 0 0 0 0 0 0 0 0 1 0 0 0 0 0 0 0 0 0 0 0 0 0 0 0 0 0 0 0 0 0 0 0 0 0 1 0 1 0 0 0 1 0 0 1 0 0 0 1 1 0 0 0 0 0 1 0 0 0 0 0 0 0 0 0 0 0 0 0 0 0 0 0
geno chr5.429033 fin  0 1 0 0 0 0 0 0 0 1 0 0 0 1 0 0 0 0 1 0 1 0 0 0 0 0 0 0 0 0 0 0 0 0 1 0 0 0 0 0 0 0 0 0 0 0 0 0 0 0 0 1 0 0 0 0 0 0 0 0 0 1 0 1 0 0 0 0 0 1 0 0 0 0 1 0 0 1 0 0 0 0 0 0 1 1 0 1 0
geno chr5.429033 gbr  0 0 0 0 1 0 0 0 0 0 0 0 0 0 0 0 0 0 0 1 0 0 0 0 0 0 0 0 0 0 0 0 0 0 1 0 0 0 0 1 0 0 0 0 0 0 0 0 0 0 0 1 1 0 0 0 0 0 0 0 0 0 0 0 0 1 0 1 0 0 0 0 0 0 0 0 0 0 0 0 0 0 1 0
geno chr5.429033 tsi  0 0 1 0 0 0 0 0 0 0 0 0 0 0 0 0 0 2 0 0 0 0 0 0 0 1 0 0 0 0 0 0 1 0 0 0 1 1 0 1 0 0 0 0 0 0 1 0 0 0 1 0 0 0 0 0 1 0 0 0 0 0 0 0 0 0 0 1 0 1 0 0 0 0 0 0 1 1 0 0 1 1 0 0 0 0 1 0 1 0 1 0
geno chr5.429033 yri  0 0 0 0 0 1 0 0 0 0 0 0 0 0 0 0 0 0 0 0 0 0 0 0 0 0 0 0 0 0 0 0 0 0 0 0 0 0 0 0 0 0 0 0 0 0 0 0 0 0 0 0 0 0 0 0 0 0 0 1 0 0 0 0 0 0 0 0 0 0 0 0 0 0 0 0 0
geno chr5.429124 ceu  1 2 1 0 1 1 0 2 0 1 0 0 1 2 0 0 1 2 1 2 1 0 1 1 2 2 2 1 0 0 0 2 1 0 1 0 1 1 1 1 0 1 0 2 2 1 0 1 1 1 2 1 2 1 0 0 1 1 0 1 0 1 2 1 1 1 1 0 1 2 0 2 1 2 2 0 0 0
geno chr5.429124 fin  0 1 2 1 0 2 2 0 1 1 1 1 0 1 0 1 2 2 0 0 0 1 1 0 0 2 0 0 1 1 0 0 2 1 0 1 2 0 2 1 0 1 1 1 2 1 1 2 1 1 1 0 1 0 1 1 1 1 0 1 2 1 1 1 2 2 1 2 1 1 0 1 2 0 0 1 1 0 2 0 0 1 1 0 0 1 0 1 1
geno chr5.429124 gbr  2 0 1 1 1 2 2 2 2 2 1 1 2 1 1 1 2 0 1 1 0 0 1 2 2 2 0 2 1 1 0 0 2 1 0 1 1 0 0 1 1 1 1 0 1 0 2 0 0 2 1 1 1 1 0 0 0 1 1 2 1 2 2 2 1 0 1 0 2 1 0 2 0 1 1 2 2 1 1 1 1 1 0 1
geno chr5.429124 tsi  1 1 1 1 0 1 0 0 1 0 2 1 0 1 1 0 0 0 0 0 1 0 1 1 0 1 0 0 0 1 0 1 0 0 1 1 0 1 1 1 0 0 0 1 0 1 0 1 2 0 0 0 1 0 0 1 0 1 1 1 0 1 0 1 1 1 0 0 1 0 1 0 2 1 0 1 1 1 0 1 0 0 2 0 1 1 0 0 0 1 0 0
geno chr5.429124 yri  0 0 0 0 0 0 0 0 0 0 0 0 0 0 0 0 0 0 0 0 0 0 0 0 0 0 0 0 0 0 0 0 0 0 0 0 0 0 0 0 0 0 0 0 0 0 0 0 0 0 0 0 0 0 0 0 0 0 0 0 0 0 0 0 0 0 0 0 0 0 0 0 0 0 0 0 0
geno chr5.429317 ceu  0 0 0 0 0 0 0 0 0 0 0 0 0 0 1 0 0 0 0 0 0 0 0 0 0 0 0 0 0 0 0 0 0 0 0 0 0 0 0 0 1 0 1 0 0 0 1 0 0 1 0 0 0 1 1 0 0 0 0 0 1 0 0 0 0 0 0 0 0 0 0 0 0 0 0 0 0 0
geno chr5.429317 fin  0 1 0 0 0 0 0 0 0 1 0 0 0 1 0 0 0 0 1 0 1 0 0 0 0 0 0 0 0 0 0 0 0 0 1 0 0 0 0 0 0 0 0 0 0 0 0 0 0 0 0 1 0 0 0 0 0 0 0 0 0 1 0 1 0 0 0 0 0 1 0 0 0 0 1 0 0 1 0 0 0 0 0 0 1 1 0 1 0
geno chr5.429317 gbr  0 0 0 0 1 0 0 0 0 0 0 0 0 0 0 0 0 0 0 1 0 0 0 0 0 0 0 0 0 0 0 0 0 0 1 0 0 0 0 1 0 0 0 0 0 1 0 0 0 0 0 1 1 0 0 0 0 0 0 0 0 0 0 0 0 1 0 1 0 0 0 0 0 0 0 0 0 0 0 0 0 0 1 0
geno chr5.429317 tsi  0 0 1 0 0 0 0 0 0 0 0 0 0 0 0 0 0 2 0 0 0 0 0 0 0 1 0 0 0 0 0 0 1 0 0 0 1 1 0 1 0 0 0 0 0 0 1 0 0 0 1 0 0 0 0 0 1 0 0 0 0 0 0 0 0 0 0 1 0 1 0 0 0 0 0 0 1 1 0 0 1 1 0 0 0 0 1 0 1 0 1 0
geno chr5.429317 yri  0 0 0 0 0 1 0 0 0 0 0 0 0 0 0 0 0 0 0 0 0 0 0 0 0 0 0 0 0 0 0 0 0 0 0 0 0 0 0 0 0 0 0 0 0 0 0 0 0 0 0 0 0 0 0 0 0 0 0 1 0 0 0 0 0 0 0 0 0 0 0 0 0 0 0 0 0
geno chr5.429381 ceu  1 2 1 0 1 1 0 2 0 1 0 0 1 2 0 0 1 2 1 2 1 0 1 1 2 2 2 1 0 0 0 2 1 0 1 0 1 1 1 1 0 1 0 2 2 1 0 1 1 1 2 1 2 1 0 0 1 1 0 1 0 1 2 1 1 1 1 0 1 2 0 2 1 2 2 0 0 0
geno chr5.429381 fin  0 1 2 1 0 2 2 0 1 1 1 1 0 1 0 1 2 2 0 0 0 1 1 0 0 2 0 0 1 1 0 0 2 1 0 1 2 0 2 1 0 1 1 1 2 1 1 2 1 1 1 0 1 0 1 1 1 1 0 1 2 1 1 1 2 2 1 2 1 1 0 1 2 0 0 1 1 0 2 0 0 1 1 0 0 1 0 1 1
geno chr5.429381 gbr  2 0 1 1 1 2 2 2 2 2 1 1 2 1 1 1 2 0 1 1 0 0 1 2 2 2 0 2 1 1 0 0 2 1 0 1 1 0 0 1 1 1 1 0 1 0 2 0 0 2 1 1 1 1 0 0 0 1 1 2 1 2 2 2 0 0 1 0 2 1 0 2 0 1 1 2 2 1 1 1 1 1 0 1
geno chr5.429381 tsi  1 1 1 1 0 1 0 0 1 0 2 1 0 1 1 0 0 0 0 0 1 0 1 1 0 1 0 0 0 1 0 1 0 0 1 1 0 1 1 1 0 0 0 1 0 1 0 1 2 0 0 0 1 0 0 1 0 1 1 1 0 1 0 1 1 1 0 0 1 0 1 0 2 1 0 1 1 1 0 1 0 0 2 0 1 1 0 0 0 1 0 0
geno chr5.429381 yri  0 0 0 0 0 0 0 0 0 0 0 0 0 0 0 0 0 0 0 0 0 0 0 0 0 0 0 0 0 0 0 0 0 0 0 0 0 0 0 0 0 0 0 0 0 0 0 0 0 0 0 0 0 0 0 0 0 0 0 0 0 0 0 0 0 0 0 0 0 0 0 0 0 0 0 0 0
geno chr5.429393 ceu  0 0 0 0 0 0 0 0 0 0 0 0 0 0 1 0 0 0 0 0 0 0 0 0 0 0 0 0 0 0 0 0 0 0 0 0 0 0 0 0 1 0 1 0 0 0 0 0 0 1 0 0 0 1 1 0 0 0 0 0 1 0 0 0 0 0 0 0 0 0 0 0 0 0 0 0 0 0
geno chr5.429393 fin  0 1 0 0 0 0 0 0 0 1 0 0 0 1 0 0 0 0 1 0 1 0 0 0 0 0 0 0 0 0 0 0 0 0 1 0 0 0 0 0 0 0 0 0 0 0 0 0 0 0 0 1 0 0 0 0 0 0 0 0 0 1 0 1 0 0 0 0 0 1 0 0 0 0 1 0 0 1 0 0 0 0 0 0 1 1 0 1 0
geno chr5.429393 gbr  0 0 0 0 1 0 0 0 0 0 0 0 0 0 0 0 0 0 0 1 0 0 0 0 0 0 0 0 0 0 0 0 0 0 1 0 0 0 0 1 0 0 0 0 0 0 0 0 0 0 0 1 1 0 0 0 0 0 0 0 0 0 0 0 0 1 0 1 0 0 0 0 0 0 0 0 0 0 0 0 0 0 1 0
geno chr5.429393 tsi  0 0 1 0 0 0 0 0 0 0 0 0 0 0 0 0 0 2 0 0 0 0 0 0 0 1 0 0 0 0 0 0 1 0 0 0 1 1 0 1 0 0 0 0 0 0 1 0 0 0 1 0 0 0 0 0 1 0 0 0 0 0 0 0 0 0 0 1 0 1 0 0 0 0 0 0 1 1 0 0 1 1 0 0 0 0 1 0 1 0 1 0
geno chr5.429393 yri  0 0 0 0 0 1 0 0 0 0 0 0 0 0 0 0 0 0 0 0 0 0 0 0 0 0 0 0 0 0 0 0 0 0 0 0 0 0 0 0 0 0 0 0 0 0 0 0 0 0 0 0 0 0 0 0 0 0 0 1 0 0 0 0 0 0 0 0 0 0 0 0 0 0 0 0 0
geno chr5.429441 ceu  0 2 1 0 0 1 0 0 0 1 0 0 1 1 0 0 1 2 0 2 1 0 1 1 1 0 2 1 0 0 0 1 0 0 1 0 0 0 0 1 0 1 0 0 2 0 0 0 1 2 0 1 1 0 1 0 0 1 0 0 0 1 2 1 1 0 1 0 1 1 0 1 1 1 0 0 0 0
geno chr5.429441 fin  0 1 1 1 0 1 2 0 1 1 0 0 0 0 0 1 0 1 0 0 0 1 0 0 0 2 0 0 1 0 0 0 1 0 0 0 0 0 2 0 0 1 1 1 2 1 1 1 0 1 0 0 1 0 0 1 0 0 0 0 0 0 1 2 0 0 0 1 0 0 0 0 0 0 0 1 1 0 1 0 0 0 1 0 0 0 0 0 1
geno chr5.429441 gbr  1 0 0 1 1 1 1 0 0 1 0 1 2 0 1 1 1 0 1 1 0 0 0 1 0 1 0 0 1 1 0 0 0 1 0 1 1 0 0 1 0 0 1 0 1 0 2 0 0 1 1 1 1 1 0 0 0 1 0 2 1 0 0 1 1 0 0 0 1 1 0 1 0 1 0 0 1 0 0 0 1 0 0 0
geno chr5.429441 tsi  1 1 2 0 0 0 0 0 1 0 1 0 0 1 0 0 0 0 0 0 1 0 0 1 0 1 0 0 0 0 0 0 0 0 1 1 0 0 0 0 0 0 0 0 0 0 0 0 0 0 0 0 1 0 0 0 0 1 1 1 0 1 0 1 0 0 0 0 0 0 1 0 1 1 0 1 0 0 0 1 0 0 1 0 0 0 0 0 0 0 0 0
geno chr5.429441 yri  0 0 0 0 0 0 0 0 0 0 0 0 0 0 0 0 0 0 0 0 0 0 0 0 0 0 0 0 0 0 0 0 0 0 0 0 0 0 0 0 0 0 0 0 0 0 0 0 0 0 0 0 0 0 0 0 0 0 0 0 0 0 0 0 0 0 0 0 0 0 0 0 0 0 0 0 0
geno chr5.429458 ceu  0 0 0 0 0 0 1 0 0 0 0 0 0 0 0 0 0 0 0 0 0 0 0 0 0 0 0 0 0 0 0 0 0 0 0 0 0 0 0 1 0 0 0 0 0 0 0 0 0 0 0 0 0 0 0 0 0 0 0 0 0 0 0 0 0 0 0 0 0 0 0 0 0 0 0 0 0 0
geno chr5.429458 fin  0 0 0 0 0 0 0 0 0 0 0 0 0 0 0 0 0 0 0 0 0 0 0 0 0 0 0 0 0 0 0 0 0 0 0 0 0 0 0 0 0 0 0 0 0 0 0 0 0 0 0 0 0 0 0 0 0 0 0 0 0 0 0 0 0 0 0 0 0 0 0 0 0 0 0 1 0 0 0 0 1 0 0 0 0 0 0 0 0
geno chr5.429458 gbr  0 1 0 0 0 0 0 0 0 0 0 0 0 0 0 0 0 0 0 0 0 0 0 0 0 0 0 0 0 0 0 0 0 0 0 0 0 0 0 0 0 0 0 0 0 0 0 0 0 0 0 0 0 0 0 0 0 0 0 0 0 0 0 1 0 0 0 0 0 0 0 1 0 0 0 0 0 0 0 0 0 0 0 0
geno chr5.429458 tsi  0 0 0 0 1 0 0 0 1 0 0 0 1 0 0 0 0 0 0 0 0 0 1 0 0 0 0 0 0 0 0 0 0 0 0 0 0 0 0 0 0 1 0 0 0 0 0 0 0 0 0 0 0 0 0 0 0 0 0 0 0 0 0 0 0 0 0 0 0 0 0 0 0 0 0 0 0 0 0 0 0 1 0 0 0 0 0 0 1 0 0 0
geno chr5.429458 yri  1 0 0 0 0 0 0 0 0 0 1 0 1 0 0 0 0 0 0 0 0 0 0 0 0 1 0 0 0 0 0 1 0 0 1 0 0 1 0 0 0 0 1 0 0 0 0 0 0 0 0 0 1 0 1 0 0 0 0 0 0 0 1 0 0 0 1 0 0 0 0 0 1 0 1 0 0
geno chr5.429569 ceu  0 0 0 0 0 0 1 0 0 0 0 0 0 0 0 0 0 0 0 0 0 0 0 0 0 0 0 0 0 0 0 0 0 0 0 0 0 0 0 1 0 0 0 0 0 0 0 0 0 0 0 0 0 0 0 0 0 0 0 0 0 0 0 0 0 0 0 0 0 0 0 0 0 0 0 0 0 0
geno chr5.429569 fin  0 0 0 0 0 0 0 0 0 0 0 0 0 0 0 0 0 0 0 0 0 0 0 0 0 0 0 0 0 0 0 0 0 0 0 0 0 0 0 0 0 0 0 0 0 0 0 0 0 0 0 0 0 0 0 0 0 0 0 0 0 0 0 0 0 0 0 0 0 0 0 0 0 0 0 0 0 0 0 0 1 0 0 0 0 0 0 0 0
geno chr5.429569 gbr  0 1 0 0 0 0 0 0 0 0 0 0 0 0 0 0 0 0 0 0 0 0 0 0 0 0 0 0 0 0 0 0 0 0 0 0 0 0 0 0 0 0 0 0 0 0 0 0 0 0 0 0 0 0 0 0 0 0 0 0 0 0 0 0 0 0 0 0 0 0 0 0 0 0 0 0 0 0 0 0 0 0 0 0
geno chr5.429569 tsi  0 0 0 0 1 0 0 0 1 0 0 0 1 0 0 0 0 0 0 0 0 0 1 0 0 0 0 0 0 0 0 0 0 0 0 0 0 0 0 0 0 1 0 0 0 0 0 0 0 0 0 0 0 0 0 0 0 0 0 0 0 0 0 0 0 0 0 0 0 0 0 0 0 0 0 0 0 0 0 0 0 1 0 0 0 0 0 0 1 0 0 0
geno chr5.429569 yri  1 0 0 0 0 0 0 0 0 0 2 0 1 0 0 0 0 0 0 0 0 0 0 0 0 1 0 0 0 0 0 1 0 0 1 0 0 1 0 0 0 0 1 0 0 0 0 0 0 0 0 0 1 0 1 0 1 0 0 0 0 0 1 0 0 0 1 0 0 0 0 0 0 0 1 0 0
geno chr5.429582 ceu  1 2 1 0 1 1 0 2 0 1 0 0 1 2 0 0 1 2 1 2 1 0 1 1 2 2 2 1 0 0 0 2 1 0 1 0 1 1 1 1 0 1 0 2 2 1 0 1 1 1 2 1 2 1 0 0 1 1 0 1 0 1 2 1 1 1 1 0 1 2 0 2 1 2 2 0 0 0
geno chr5.429582 fin  0 1 2 1 0 2 2 0 1 1 1 1 0 1 0 1 2 2 0 0 0 1 1 0 0 2 0 0 1 1 0 0 2 1 0 1 2 0 2 1 0 1 1 1 2 1 1 2 1 1 1 0 1 0 1 1 1 1 0 1 2 1 1 1 2 2 1 2 1 1 0 2 2 0 1 1 1 0 2 0 1 1 1 0 0 1 0 1 1
geno chr5.429582 gbr  2 0 1 1 1 2 2 2 2 2 1 1 2 1 1 1 2 0 1 1 0 0 1 2 2 2 0 2 1 1 0 0 2 1 0 1 1 0 0 1 1 1 1 0 1 0 2 0 0 2 1 1 1 1 0 0 0 1 1 2 1 2 2 2 1 0 1 0 2 1 0 2 0 1 1 2 2 1 1 1 1 1 0 1
geno chr5.429582 tsi  1 1 1 1 0 1 0 0 2 0 2 1 0 1 1 0 0 0 0 0 1 0 2 1 0 1 0 0 0 1 0 1 0 0 1 1 0 1 1 1 0 0 0 1 0 1 0 1 2 0 0 0 1 0 0 1 0 1 1 1 0 1 0 1 1 1 0 0 1 0 1 0 2 1 0 1 1 1 0 1 0 0 2 0 1 1 0 0 0 1 0 0
geno chr5.429582 yri  0 0 0 0 0 0 0 0 0 0 0 0 0 0 0 0 0 0 0 0 0 0 0 0 0 0 0 0 0 0 0 0 0 0 0 0 0 0 0 0 0 0 0 0 0 0 0 0 0 0 0 0 0 0 0 0 0 0 0 0 0 0 0 0 0 0 0 0 0 0 0 0 0 0 0 0 0
geno chr5.429596 ceu  0 0 0 0 0 0 0 0 0 0 0 0 0 0 0 0 0 0 0 0 0 0 0 0 0 0 0 0 0 0 0 0 0 0 0 0 0 0 0 0 1 0 1 0 0 0 1 0 0 0 0 0 0 1 0 0 0 0 0 0 1 0 0 0 0 0 0 0 0 0 0 0 0 0 0 0 0 0
geno chr5.429596 fin  0 1 0 0 0 0 0 0 0 0 0 0 0 1 0 0 0 0 1 0 0 0 0 0 0 0 0 0 0 0 0 0 0 0 1 0 0 0 0 0 0 0 0 0 0 0 0 0 0 0 0 1 0 0 0 0 0 0 0 0 0 1 0 1 0 0 0 1 0 1 0 0 0 0 1 0 0 1 0 0 0 0 0 0 1 1 0 1 0
geno chr5.429596 gbr  0 0 0 0 1 0 0 0 0 0 0 0 0 0 0 0 0 0 0 1 0 0 0 0 0 0 0 0 0 0 0 0 0 0 2 0 0 0 0 1 0 0 0 0 0 0 0 0 0 0 0 1 1 0 0 0 0 1 0 0 0 0 0 0 0 1 0 1 0 0 0 0 0 0 0 0 0 0 0 0 0 0 0 0
geno chr5.429596 tsi  0 0 1 0 0 0 0 0 0 0 0 0 0 0 0 0 0 2 0 0 0 0 0 0 0 1 0 0 0 0 0 0 1 0 0 0 1 0 0 1 0 0 0 0 0 0 1 0 0 0 0 0 0 0 0 0 0 0 0 0 0 0 0 0 0 0 0 1 0 1 0 0 0 0 0 0 1 1 0 0 1 1 0 0 1 0 0 1 1 0 0 0
geno chr5.429596 yri  0 0 0 0 0 1 0 0 0 0 0 0 0 0 0 0 0 0 0 0 0 0 0 0 0 0 0 0 0 0 0 0 0 0 0 0 0 0 0 0 0 0 0 0 0 0 0 0 0 0 0 0 0 0 0 0 0 0 0 1 0 0 0 0 0 0 0 0 0 0 0 0 0 0 0 0 0
geno chr5.429818 ceu  1 2 1 0 1 1 0 2 0 1 0 0 1 2 0 0 1 2 1 2 1 0 1 1 2 2 2 1 0 0 0 2 1 0 1 0 1 1 1 1 0 1 0 2 2 1 0 1 1 1 2 1 2 1 0 0 1 1 0 1 0 1 2 1 1 1 1 0 1 2 0 2 1 2 2 0 0 0
geno chr5.429818 fin  0 1 2 1 0 2 2 0 1 1 1 1 0 1 0 1 2 2 0 0 0 1 1 0 0 2 0 0 1 1 0 0 2 1 0 1 2 0 2 1 0 1 1 1 2 1 1 2 1 1 1 0 1 0 1 1 1 1 0 1 2 1 1 1 2 2 1 2 1 1 0 1 2 0 0 1 1 0 2 0 0 1 1 0 0 1 0 1 1
geno chr5.429818 gbr  2 0 1 1 1 2 2 2 2 2 1 1 2 1 1 1 2 0 1 1 0 0 1 2 2 2 0 2 1 1 0 0 2 1 0 1 1 0 0 1 1 1 1 0 1 0 2 0 0 2 1 1 1 1 0 0 0 1 1 2 1 2 2 2 1 0 1 0 2 1 0 2 0 1 1 2 2 1 1 1 1 1 0 1
geno chr5.429818 tsi  1 1 1 1 0 1 0 0 1 0 2 1 0 1 1 0 0 0 0 0 1 0 1 1 0 1 0 0 0 1 0 1 0 0 1 1 0 1 1 1 0 0 0 1 0 1 0 1 2 0 0 0 1 0 0 1 0 1 1 1 0 1 0 1 1 1 0 0 1 0 1 0 2 1 0 1 1 1 0 1 0 0 2 0 1 1 0 0 0 1 0 0
geno chr5.429818 yri  0 0 0 0 0 0 0 0 0 0 0 0 0 0 0 0 0 0 0 0 0 0 0 0 0 0 0 0 0 0 0 0 0 0 0 0 0 0 0 0 0 0 0 0 0 0 0 0 0 0 0 0 0 0 0 0 0 0 0 0 0 0 0 0 0 0 0 0 0 0 0 0 0 0 0 0 0
geno chr5.429989 ceu  0 0 0 0 0 0 0 0 0 0 0 0 0 0 1 0 0 0 0 0 0 0 0 0 0 0 0 0 0 0 0 0 0 0 0 0 0 0 0 0 1 0 1 0 0 0 1 0 0 1 0 0 0 1 1 0 0 0 0 0 1 0 0 0 0 0 0 0 0 0 0 0 0 0 0 0 0 0
geno chr5.429989 fin  0 1 0 0 0 0 0 0 0 1 0 0 0 1 0 0 0 0 1 0 1 0 0 0 0 0 0 0 0 0 0 0 0 0 1 0 0 0 0 0 0 0 0 0 0 0 0 0 0 0 0 1 0 0 0 0 0 0 0 0 0 1 0 1 0 0 0 0 0 1 0 0 0 0 1 0 0 1 0 0 0 0 0 0 1 1 0 1 0
geno chr5.429989 gbr  0 0 0 0 1 0 0 0 0 0 0 0 0 0 1 0 0 0 0 1 0 0 0 0 0 0 0 0 0 0 0 0 0 0 1 0 0 0 0 1 0 0 0 0 0 0 0 0 0 0 0 1 1 0 0 0 0 0 0 0 0 0 0 0 0 1 0 1 0 0 0 0 0 0 0 0 0 0 0 0 0 0 1 0
geno chr5.429989 tsi  0 0 1 0 0 0 0 0 0 0 0 0 0 0 0 0 0 2 0 0 0 0 0 0 0 1 0 0 0 0 0 0 1 0 0 0 1 1 0 1 0 0 0 0 0 0 1 0 0 0 1 0 0 0 0 0 1 0 0 0 0 0 0 0 0 0 0 1 0 1 0 0 0 0 0 0 1 1 0 0 1 1 0 0 0 0 1 0 1 0 1 0
geno chr5.429989 yri  0 0 0 0 0 1 0 0 0 0 0 0 0 0 0 0 0 0 0 0 0 0 0 0 0 0 0 0 0 0 0 0 0 0 0 0 0 0 0 0 0 0 0 0 0 0 0 0 0 0 0 0 0 0 0 0 0 0 0 1 0 0 0 0 0 0 0 0 0 0 0 0 0 0 0 0 0
geno chr5.430059 ceu  1 2 1 0 1 1 0 2 0 1 0 0 1 2 0 0 1 2 1 2 1 0 1 1 2 2 2 1 0 0 0 2 1 0 1 0 1 1 1 1 0 1 0 2 2 1 0 1 1 1 2 1 2 1 0 0 1 1 0 1 0 1 2 1 1 1 1 0 1 2 0 2 1 2 2 0 0 0
geno chr5.430059 fin  0 1 2 1 0 2 2 0 1 1 1 1 0 1 0 1 2 2 0 0 0 1 1 0 0 2 0 0 1 1 0 0 2 1 0 1 2 0 2 1 0 1 1 1 2 1 1 2 1 1 1 0 1 0 1 1 1 1 0 1 2 1 1 1 2 2 1 2 1 1 0 1 2 0 0 1 1 0 2 0 0 1 1 0 0 1 0 1 1
geno chr5.430059 gbr  2 0 1 1 1 2 2 2 2 2 1 1 2 1 1 1 2 0 1 1 0 0 1 2 2 2 0 2 1 1 0 0 2 1 0 1 1 0 0 1 1 1 1 0 1 0 2 0 0 2 1 1 1 1 0 0 0 1 1 2 1 2 2 2 1 0 1 0 2 1 0 2 0 1 1 2 2 1 1 1 1 1 0 1
geno chr5.430059 tsi  1 1 1 1 0 1 0 0 1 0 2 1 0 1 1 0 0 0 0 0 1 0 1 1 0 1 0 0 0 1 0 1 0 0 1 1 0 1 1 1 0 0 0 1 0 1 0 1 2 0 0 0 1 0 0 1 0 1 1 1 0 1 0 1 1 1 0 0 1 0 1 0 2 1 0 1 1 1 0 1 0 0 2 0 1 1 0 0 0 1 0 0
geno chr5.430059 yri  0 0 0 0 0 0 0 0 0 0 0 0 0 0 0 0 0 0 0 0 0 0 0 0 0 0 0 0 0 0 0 0 0 0 0 0 0 0 0 0 0 0 0 0 0 0 0 0 0 0 0 0 0 0 0 0 0 0 0 0 0 0 0 0 0 0 0 0 0 0 0 0 0 0 0 0 0
geno chr5.430217 ceu  1 2 1 0 1 1 0 2 0 1 0 0 1 2 1 0 1 2 1 2 1 0 1 1 2 2 2 1 0 0 0 2 1 0 1 0 1 1 1 1 1 1 1 2 2 1 1 1 1 2 2 1 2 2 1 0 1 1 0 1 1 1 2 1 1 1 1 0 1 2 0 2 1 2 2 0 0 0
geno chr5.430217 fin  0 2 2 1 0 2 2 0 1 2 1 1 0 2 0 1 2 2 1 0 1 1 1 0 0 2 0 0 1 1 0 0 2 1 1 1 2 0 2 1 0 1 1 1 2 1 1 2 1 1 1 1 1 0 1 1 1 1 0 1 2 2 1 2 2 2 1 2 1 2 0 1 2 0 1 1 1 1 2 0 0 1 1 0 1 2 0 2 1
geno chr5.430217 gbr  2 0 1 1 2 2 2 2 2 2 1 1 2 1 1 1 2 0 1 2 0 0 1 2 2 2 0 2 1 1 0 0 2 1 1 1 1 0 0 2 1 1 1 0 1 0 2 0 0 2 1 2 2 1 0 0 0 1 1 2 1 2 2 2 1 1 1 1 2 1 0 2 0 1 1 2 2 1 1 1 1 1 1 1
geno chr5.430217 tsi  1 1 2 1 0 1 0 0 1 0 2 1 0 1 1 0 0 2 0 0 1 0 1 1 0 2 0 0 0 1 0 1 1 0 1 1 1 2 1 2 0 0 0 1 0 1 1 1 2 0 1 0 1 0 0 1 1 1 1 1 0 1 0 1 1 1 0 1 1 1 1 0 2 1 0 1 2 2 0 1 1 1 2 0 1 1 1 0 1 1 1 0
geno chr5.430217 yri  0 0 0 0 0 0 0 0 0 0 0 0 0 0 0 0 0 0 0 0 0 0 0 0 0 0 0 0 0 0 0 0 0 0 0 0 0 0 0 0 0 0 0 0 0 0 0 0 0 0 0 0 0 0 0 0 0 0 0 1 0 0 0 0 0 0 0 0 0 0 0 0 0 0 0 0 0
geno chr5.430413 ceu  2 2 2 2 2 1 2 2 2 2 2 2 2 2 2 2 2 2 1 2 1 2 1 1 2 2 2 2 2 2 2 2 1 2 2 2 2 2 2 2 1 2 2 2 2 2 2 2 2 2 2 2 2 2 2 1 2 2 1 2 2 1 2 1 2 1 1 2 2 2 1 2 1 2 2 2 2 2
geno chr5.430413 fin  2 2 2 2 2 2 2 1 2 2 2 1 2 2 2 2 2 2 2 2 2 2 2 2 1 2 1 1 2 2 1 2 2 2 2 2 2 2 2 2 1 2 2 2 2 2 2 2 1 1 2 1 2 1 2 2 2 2 2 2 2 2 2 2 2 2 1 2 1 2 2 2 2 2 2 2 1 1 2 1 2 2 2 2 2 2 2 2 2
geno chr5.430413 gbr  2 1 1 1 2 2 2 2 2 2 2 2 2 2 2 2 2 1 2 2 0 1 1 2 2 2 2 2 2 2 0 1 2 2 2 1 1 2 1 2 1 2 2 0 2 2 2 1 2 2 2 2 2 2 1 0 1 1 2 2 1 2 2 2 1 2 2 2 2 2 2 2 1 2 2 2 2 1 2 2 2 2 2 2
geno chr5.430413 tsi  2 1 2 2 2 2 1 2 2 1 2 2 1 2 2 2 2 2 2 2 2 2 2 2 1 2 1 1 2 2 2 1 1 1 2 2 1 2 1 2 2 2 1 2 2 2 1 1 2 1 2 1 1 1 1 2 2 2 2 2 2 1 1 2 2 2 1 2 2 1 1 1 2 2 2 1 2 2 2 1 1 2 2 1 2 2 1 0 2 1 2 2
geno chr5.430413 yri  2 2 2 2 2 2 2 2 2 2 2 2 2 2 2 2 2 1 2 2 2 2 1 2 2 2 2 2 2 2 2 2 2 2 2 2 1 2 2 2 2 2 2 2 2 2 2 2 2 2 2 2 2 2 2 2 2 2 2 2 2 2 2 2 2 2 2 2 2 2 2 2 2 2 2 2 2
geno chr5.430776 ceu  1 0 0 0 1 0 0 2 0 0 0 0 0 1 0 0 0 0 1 0 0 0 0 0 1 2 0 0 0 0 0 1 1 0 0 0 1 1 1 0 0 0 0 2 0 1 0 1 0 0 2 0 1 1 0 0 1 0 0 1 0 0 0 0 0 1 0 0 0 1 0 0 0 1 2 0 0 0
geno chr5.430776 fin  0 0 1 0 0 1 0 0 0 0 1 1 0 1 0 0 2 1 0 0 0 0 1 0 0 0 0 0 0 1 0 0 1 1 0 1 2 0 0 1 0 0 0 0 0 0 0 1 1 0 1 0 0 0 1 0 1 1 0 1 2 1 0 0 2 2 1 1 1 1 0 1 2 0 0 0 0 0 1 0 0 1 0 0 0 1 0 1 0
geno chr5.430776 gbr  1 0 1 0 0 1 1 2 2 1 1 0 0 1 0 0 1 0 0 0 0 0 1 1 2 1 0 2 0 0 0 0 2 0 0 0 0 0 0 0 1 1 0 0 0 0 0 0 0 1 0 0 0 0 0 0 0 0 1 0 0 2 2 1 0 0 1 0 1 0 0 1 0 0 1 2 1 1 1 1 0 1 0 1
geno chr5.430776 tsi  0 0 0 1 0 1 0 0 0 0 1 1 0 0 1 0 0 0 0 0 0 0 1 0 0 0 0 0 0 1 0 1 0 0 0 0 0 1 0 1 0 0 0 1 0 1 0 1 2 0 0 0 0 0 0 1 0 0 0 0 0 0 0 0 1 1 0 0 1 0 0 0 1 0 0 0 1 1 0 0 0 0 1 0 1 1 0 0 0 1 0 0
geno chr5.430776 yri  0 0 0 0 0 0 0 0 0 0 0 0 0 0 0 0 0 0 0 0 0 0 0 0 0 0 0 0 0 0 0 0 0 0 0 0 0 0 0 0 0 0 0 0 0 0 0 0 0 0 0 0 0 0 0 0 0 0 0 0 0 0 0 0 0 0 0 0 0 0 0 0 0 0 0 0 0
geno chr5.431196 ceu  1 1 1 0 1 0 0 2 0 0 0 0 1 2 1 0 1 2 1 2 1 0 1 0 1 2 1 1 0 0 0 2 1 0 1 0 1 1 1 1 0 1 1 1 2 1 1 1 0 1 2 1 1 2 1 0 1 0 0 1 1 1 2 1 1 1 1 0 1 2 0 1 1 2 2 0 0 0
geno chr5.431196 fin  0 2 2 0 0 2 2 0 1 2 1 1 0 2 0 1 2 2 1 0 1 1 1 0 0 1 0 0 1 1 0 0 2 1 1 1 2 0 1 1 0 1 1 1 2 1 1 2 1 0 1 1 1 0 1 1 1 1 0 1 2 2 1 2 2 2 1 2 1 2 0 1 2 0 1 1 1 1 2 0 0 1 1 0 0 2 0 2 0
geno chr5.431196 gbr  2 0 1 1 2 2 2 2 2 2 1 1 2 1 1 1 2 0 1 2 0 0 1 2 2 1 0 2 1 1 0 0 2 1 1 1 1 0 0 1 1 1 1 0 1 0 2 0 0 2 1 2 2 1 0 0 0 1 1 2 1 2 2 2 0 1 1 1 2 1 0 2 0 0 1 2 2 1 1 1 0 1 1 1
geno chr5.431196 tsi  1 1 2 1 0 1 0 0 0 0 2 1 0 1 1 0 0 2 0 0 0 0 1 1 0 2 0 0 0 1 0 1 1 0 0 1 1 2 1 2 0 0 0 1 0 1 1 1 2 0 1 0 0 0 0 1 1 1 1 1 0 1 0 1 1 1 0 1 1 1 0 0 1 1 0 1 2 2 0 1 1 1 2 0 1 1 1 0 1 1 1 0
geno chr5.431196 yri  0 1 1 0 0 0 0 0 1 0 0 0 0 0 1 0 0 0 1 0 0 0 0 0 0 1 0 0 0 1 0 0 0 1 0 0 1 0 0 0 0 1 0 1 0 1 0 0 0 1 1 0 0 0 0 0 0 1 0 1 0 0 0 0 0 0 1 0 0 0 0 0 0 1 0 0 0
geno chr5.431212 ceu  1 0 1 2 1 1 2 0 2 1 2 2 1 0 1 2 1 0 0 0 0 2 0 0 0 0 0 1 2 2 2 0 0 2 1 2 1 0 1 1 0 1 1 0 0 1 1 1 1 0 0 1 0 0 1 1 1 1 1 1 1 0 0 0 1 0 0 2 1 0 1 0 0 0 0 2 2 2
geno chr5.431212 fin  2 0 0 1 2 0 0 1 1 0 1 0 2 0 2 1 0 0 1 2 1 1 1 2 1 0 1 1 1 1 1 2 0 1 1 1 0 2 0 1 1 1 1 1 0 1 1 0 0 0 1 0 1 1 1 1 1 1 2 1 0 0 1 0 0 0 0 0 0 0 2 1 0 2 1 1 0 0 0 1 2 1 1 2 1 0 2 0 1
geno chr5.431212 gbr  0 1 0 0 0 0 0 0 0 0 1 1 0 1 1 1 0 1 1 0 1 2 0 0 0 0 2 0 1 1 0 2 0 1 1 0 0 2 2 0 0 1 1 0 1 2 0 1 2 0 1 0 0 1 1 0 1 0 1 0 0 0 0 0 0 1 1 1 0 1 2 0 1 1 1 0 0 0 1 1 1 1 1 1
geno chr5.431212 tsi  1 0 0 1 2 1 1 2 1 1 0 1 1 1 1 2 2 0 2 2 1 2 1 1 1 0 1 1 2 1 2 0 0 1 1 1 0 0 0 0 2 2 1 1 2 1 0 0 0 1 1 1 1 1 1 1 1 1 1 1 2 0 1 1 1 1 1 1 1 0 0 1 0 1 2 0 0 0 2 0 0 1 0 1 1 1 0 0 1 0 1 2
geno chr5.431212 yri  2 1 1 0 1 1 1 1 0 2 2 2 1 1 2 2 1 1 2 2 1 2 0 2 2 1 2 1 2 0 2 2 1 1 2 0 0 2 2 2 2 1 2 1 2 1 1 2 1 0 1 2 2 2 1 2 2 1 2 1 1 2 2 2 2 2 1 1 1 1 2 2 2 1 2 2 2
geno chr5.431538 ceu  0 2 1 0 0 1 0 0 0 1 0 0 1 1 0 0 1 2 0 2 1 0 1 1 1 0 2 1 0 0 0 1 0 0 1 0 0 0 0 1 0 1 0 0 2 0 0 0 1 1 0 1 1 0 0 0 0 1 0 0 0 1 2 1 1 0 1 0 1 1 0 2 1 1 0 0 0 0
geno chr5.431538 fin  0 1 1 1 0 1 2 0 1 1 0 0 0 0 0 1 0 1 0 0 0 1 0 0 0 2 0 0 1 0 0 0 1 0 0 0 0 0 2 0 0 1 1 1 2 1 1 1 0 1 0 0 1 0 0 1 0 0 0 0 0 0 1 1 0 0 0 1 0 0 0 0 0 0 0 1 1 0 1 0 0 0 1 0 0 0 0 0 1
geno chr5.431538 gbr  1 0 0 1 1 1 1 0 0 1 0 1 2 0 1 1 1 0 1 1 0 0 0 1 0 1 0 0 1 1 0 0 0 1 0 1 1 0 0 1 0 0 1 0 1 0 2 0 0 1 1 1 1 1 0 0 0 1 0 2 1 0 0 1 1 0 0 0 1 1 0 1 0 1 0 0 1 0 0 0 1 0 0 0
geno chr5.431538 tsi  1 1 1 0 0 0 0 0 1 0 1 0 0 1 0 0 0 0 0 0 1 0 0 1 0 1 0 0 0 0 0 0 0 0 1 1 0 0 0 0 0 0 0 0 0 0 0 0 0 0 0 0 1 0 0 0 0 1 1 1 0 1 0 1 0 0 0 0 0 0 1 0 1 1 0 1 0 0 0 1 0 0 1 0 0 0 0 0 0 0 0 0
geno chr5.431538 yri  0 0 0 0 0 0 0 0 0 0 0 0 0 0 0 0 0 0 0 0 0 0 0 0 0 0 0 0 0 0 0 0 0 0 0 0 0 0 0 0 0 0 0 0 0 0 0 0 0 0 0 0 0 0 0 0 0 0 0 0 0 0 0 0 0 0 0 0 0 0 0 0 0 0 0 0 0
geno chr5.431860 ceu  0 0 0 0 1 0 0 0 0 0 0 0 0 0 1 0 0 0 0 0 0 0 0 0 0 0 0 0 0 0 0 0 0 0 0 0 0 0 0 0 1 0 1 0 0 0 1 0 0 1 0 0 0 1 1 0 0 0 0 0 1 0 0 0 0 0 0 0 0 0 0 0 0 0 0 0 0 0
geno chr5.431860 fin  0 1 0 0 0 0 0 0 0 1 0 0 0 1 0 0 0 0 1 0 1 0 0 0 0 0 0 0 0 0 0 0 0 0 1 0 0 0 0 0 0 0 0 0 0 0 0 0 0 0 0 1 0 0 0 0 0 0 0 0 0 1 0 1 0 0 0 0 0 1 0 0 0 0 1 0 0 1 0 0 0 0 0 0 1 1 0 1 0
geno chr5.431860 gbr  0 0 0 0 1 0 0 0 0 0 0 0 0 0 0 0 0 0 0 1 0 0 0 0 0 0 0 0 0 0 0 0 0 0 1 0 0 0 0 1 0 0 0 0 0 0 0 0 0 0 0 1 1 0 0 0 0 0 0 0 0 0 0 0 0 1 0 1 0 0 0 0 0 0 0 0 0 0 0 0 0 0 1 0
geno chr5.431860 tsi  0 0 1 0 0 0 0 0 0 0 0 0 0 0 0 0 0 2 0 0 0 0 0 0 0 1 0 0 0 0 0 0 1 0 0 0 1 1 0 1 0 1 0 0 0 0 1 0 0 0 1 0 0 0 0 0 1 0 0 0 0 0 0 0 0 0 0 1 0 1 0 0 0 0 0 0 1 1 0 0 1 2 0 0 0 0 1 0 1 0 1 0
geno chr5.431860 yri  0 0 0 0 0 0 0 0 0 0 0 0 0 0 0 0 0 0 0 0 0 0 0 0 0 0 0 0 0 0 0 0 0 0 0 0 0 0 0 0 0 0 0 0 0 0 0 0 0 0 0 0 0 0 0 0 0 0 0 1 0 0 0 0 0 0 0 0 0 0 0 0 0 0 0 0 0
