pheno ENSG00000184402 ceu -1.175097 -1.76978 -1.820681 -1.767516 -1.16458 -2.085712 -0.1890775 -0.8241448 0.5917361 -0.9747022 -1.867882 -0.7578549 -0.4057786 -0.7419787 0.3735613 -1.492759 -1.249743 -0.573369 -1.435498 -0.7741802 -3.675166 -0.289787 -0.9086094 -1.952188 -1.830416 0.9548876 -0.8557094 -2.084885 -0.3319717 -0.7496059 -1.015436 -1.203847 -1.246242 -1.046523 -0.4469692 -1.071782 -0.911832 0.03307364 -2.686615 -1.280404 0.3307724 -1.562508 -0.3282167 -0.3218414 -0.3418125 -2.180345 -1.484807 -1.270236 0.498151 -2.41128 -0.7538823 -1.356711 -2.380077 -1.416365 -1.52932 0.8374406 -0.7737641 -1.613459 -2.594658 0.008922752 -2.564298 -0.3847074 -2.75308 -1.765469 -0.3854872 -0.4062807 -0.6004636 -0.03085941 -0.2646148 -1.45123 -3.007456 -0.1549962 -0.477762 -1.020762 -1.646728 -0.1514634 -2.171447 -0.5922678
pheno ENSG00000184402 fin -0.1290558 -1.176995 -1.43526 -3.716224 -1.445206 -1.176479 -0.9862988 -0.6583925 -2.209342 -1.866672 -2.509706 0.5239503 -0.2297559 -0.6285399 0.0360204 -1.580393 -0.754046 -1.313881 -0.4383807 -0.2364121 -2.603092 -1.537801 -0.5254984 -2.885952 -2.307926 -3.147585 -2.684736 -0.8184166 -1.433046 -0.9673969 -1.135517 -2.206212 -2.585927 -0.9606226 -1.54337 -1.26294 -2.301737 -1.273905 -2.600748 -1.943308 -1.367462 -2.52288 -2.18544 -0.005309173 -1.908115 -0.8858968 -0.3791589 -2.211136 -3.797326 -1.537364 -2.46766 -1.583911 -1.220336 0.2352347 -0.7261932 -3.234332 -3.783903 -1.624548 -1.311523 -1.550252 -0.9540683 -2.169194 -3.36637 -1.470464 1.15404 -0.9839002 0.4889749 -1.725372 -1.102958 -1.796203 -0.5397417 -0.832893 -2.637022 -1.351524 -0.6377831 -1.729249 -1.405322 -2.057151 -1.328439 -0.503806 -0.8401808 -0.3141913 -0.03161593 -1.635842 -2.542198 0.2664056 -0.2445148 -0.9224625 -2.593569
pheno ENSG00000184402 gbr -0.9980233 -3.717421 -2.916012 -1.737954 -1.97457 -2.977617 -1.211538 -1.773474 -3.473926 -1.330279 -1.660064 0.208415 0.2000445 -1.249202 -1.134099 -2.540981 -0.2110459 -1.689641 -1.885403 -1.00485 -2.526919 -1.159682 -1.592207 -1.116191 -3.617929 -2.155098 -1.018276 -3.083321 -0.01421312 -2.260735 -1.160948 -2.828094 -1.930099 -2.075174 -3.268834 1.018666 -1.987507 0.07814703 -0.7951723 -3.930677 -2.297693 -2.491648 -1.950197 -2.424104 -2.379283 -1.237999 -1.542659 -2.204728 -3.016733 -1.778599 -0.2487266 -1.080762 -2.430615 -1.264789 -1.666774 -0.382228 -2.076757 -2.037617 -1.416043 -2.205789 -2.225345 -0.6606404 -2.643386 -1.490498 -2.859491 -2.369875 -1.815733 -1.126334 -1.669969 -2.265483 -1.023798 -2.707419 -2.221938 -3.589371 -3.486649 -1.685443 -1.480107 -1.51617 -3.236961 -2.831404 -2.302847 -1.2329 -1.342674 -1.056905
pheno ENSG00000184402 tsi -0.2105858 0.5831057 1.615833 2.03342 0.6999447 2.518328 1.178434 2.118783 1.380415 1.800007 1.133726 2.832881 2.246816 1.61429 1.008064 1.564262 0.2491696 0.6837648 0.3746137 1.44577 2.115882 2.254676 -1.333689 1.696633 0.3083388 1.201348 1.736412 1.719184 1.316875 2.704762 -0.05364626 1.746916 -0.3838431 0.5652184 0.744635 0.1543731 2.193335 1.124082 1.633358 0.3638958 -0.2299033 -0.5399561 0.8923618 0.9088513 0.8198509 -0.9384069 1.840337 1.999047 0.3769539 -1.903013 2.655194 1.564768 0.1898788 0.9946457 0.9546026 1.643466 0.5848694 1.024927 -1.096113 0.7901935 2.260049 -0.4317695 -0.3029227 0.2171685 0.9802377 1.538316 1.496597 2.933131 1.421416 0.9525949 0.3599373 2.232514 -0.2355962 0.669098 2.397984 1.377403 1.537744 1.865405 3.217979 1.671965 2.30442 0.7291277 2.180149 -0.05034581 1.410129 2.495147 1.836216 -0.1496122 1.204478 0.3379201 -0.651715 1.471722
pheno ENSG00000184402 yri 1.353098 2.304376 1.49194 0.000114059 1.467182 0.888905 1.69323 2.673883 0.9391557 1.686847 2.847867 2.075521 1.509455 3.552366 2.196679 2.099069 1.93508 1.31879 2.18572 3.447116 0.9719444 1.237938 -0.2407991 2.425694 2.784309 2.429077 1.720858 2.587214 -0.7085059 0.9793889 2.55678 2.035251 1.924675 2.1836 1.074225 2.04291 0.367284 2.376888 2.644839 0.9156165 2.007711 3.941365 0.01275005 1.320082 2.95584 1.842332 1.34172 1.218206 3.515349 1.612164 1.905603 0.5724635 3.018937 2.88014 3.079935 2.635697 2.086449 3.554612 2.200098 1.812474 2.931157 3.425146 2.628892 3.070382 0.5358362 1.560415 0.5715077 1.42381 1.56473 1.125139 2.937974 1.979196 2.978294 1.973816 1.725115 1.27615 2.794463
geno chr20.60618877 ceu  1 1 1 2 1 1 2 2 2 1 0 2 1 2 0 2 1 1 2 2 1 2 1 2 2 1 2 0 1 0 1 0 1 2 2 1 2 2 2 0 1 2 1 1 1 0 2 2 2 1 1 1 0 2 2 1 2 2 1 1 0 2 1 0 1 0 2 1 1 1 1 1 1 1 1 1 1 0
geno chr20.60618877 fin  0 2 1 2 0 0 2 1 0 1 1 1 0 2 2 1 2 2 2 0 1 2 1 0 1 1 0 1 2 1 1 2 1 0 1 0 0 0 1 1 0 0 1 0 1 1 1 2 1 1 0 2 1 1 2 1 1 0 1 0 0 0 2 2 1 1 1 2 1 0 2 0 1 2 0 1 0 1 2 2 0 0 1 1 1 0 0 0 2
geno chr20.60618877 gbr  1 2 1 0 1 1 0 0 2 2 1 1 2 1 1 2 2 2 0 1 0 1 0 1 1 2 2 0 2 0 1 1 1 0 1 2 0 1 1 2 1 2 2 1 1 1 1 1 1 1 1 1 1 1 0 2 2 1 2 2 1 1 1 2 1 1 2 2 2 1 2 2 2 0 0 1 1 1 1 1 0 2 1 1
geno chr20.60618877 tsi  1 2 1 2 0 2 1 1 0 1 1 2 2 2 2 2 1 0 1 1 2 1 1 1 2 2 1 2 0 0 2 0 1 1 0 0 1 2 1 1 2 2 1 1 2 1 1 2 1 2 0 0 2 2 2 2 2 1 1 0 1 2 0 2 1 2 2 2 0 1 1 2 2 1 0 1 2 2 2 0 1 1 1 1 1 1 0 1 2 2 2 2
geno chr20.60618877 yri  2 1 0 2 0 2 2 0 1 1 1 1 1 1 0 1 1 1 1 1 0 0 2 1 0 1 2 1 2 1 1 1 0 1 1 1 0 1 0 0 2 0 1 0 2 0 1 1 1 2 0 1 1 1 0 0 1 1 1 0 1 1 0 0 0 2 2 0 1 0 0 1 0 2 0 1 1
geno chr20.60618973 ceu  1 1 1 2 1 1 2 2 2 1 0 2 2 2 0 2 1 1 2 2 2 2 1 2 2 1 2 0 2 0 1 0 1 2 2 1 2 2 2 1 1 2 1 1 1 1 2 2 2 1 1 1 1 2 2 2 2 2 1 2 0 2 1 0 1 1 2 1 1 1 1 2 1 1 2 2 1 0
geno chr20.60618973 fin  2 2 2 2 1 0 2 1 0 2 2 2 1 2 2 1 2 2 2 1 1 2 1 1 1 1 2 1 2 2 2 2 1 2 1 2 0 1 1 1 0 2 2 0 1 1 1 2 2 1 1 2 1 1 2 1 1 1 1 0 0 0 2 2 1 1 1 2 1 0 2 1 2 2 1 1 0 1 2 2 0 1 1 2 2 1 0 1 2
geno chr20.60618973 gbr  2 2 1 1 1 1 1 0 2 2 1 1 2 2 1 2 2 2 1 2 0 1 0 1 1 2 2 1 2 0 1 1 2 0 2 2 0 1 1 2 2 2 2 1 1 2 1 1 1 1 1 2 1 1 1 2 2 1 2 2 2 1 2 2 2 1 2 2 2 1 2 2 2 1 0 1 1 1 2 1 0 2 1 1
geno chr20.60618973 tsi  1 2 2 2 0 2 1 1 1 2 1 2 2 2 2 2 1 1 2 1 2 2 1 1 2 2 2 2 0 1 2 0 1 1 0 1 2 2 1 1 2 2 1 1 2 2 2 2 1 2 0 0 2 2 2 2 2 1 1 0 1 2 0 2 1 2 2 2 0 1 1 2 2 1 0 2 2 2 2 0 1 2 1 2 1 1 0 1 2 2 2 2
geno chr20.60618973 yri  2 1 1 2 0 2 2 1 1 2 1 1 1 2 2 2 2 2 2 2 0 1 2 2 1 2 2 2 2 2 2 2 2 2 1 1 2 2 2 1 2 0 2 1 2 2 2 1 2 2 1 2 1 2 1 1 2 2 2 2 1 2 2 1 0 2 2 0 2 2 1 2 2 2 1 2 1
geno chr20.60619759 ceu  0 0 0 0 0 0 0 0 0 0 0 0 1 0 0 0 0 0 0 0 1 0 0 0 0 0 0 0 1 0 0 0 0 0 0 0 0 0 0 1 0 0 0 0 0 1 0 0 0 0 0 0 1 0 0 1 0 0 0 1 0 0 0 0 0 1 0 0 0 0 0 1 0 0 1 1 0 0
geno chr20.60619759 fin  2 0 1 0 1 0 0 0 0 1 1 1 1 0 0 0 0 0 0 1 0 0 0 1 0 0 2 0 0 1 1 0 0 2 0 1 1 1 0 0 0 2 1 0 0 0 0 0 1 0 0 0 0 0 0 0 0 1 0 0 0 0 0 0 0 0 0 0 0 0 0 1 1 0 1 0 0 0 0 0 0 1 0 1 1 1 0 1 0
geno chr20.60619759 gbr  1 0 0 1 0 0 1 0 0 0 0 0 0 1 0 0 0 0 1 1 0 0 0 0 0 0 0 1 0 0 0 0 1 0 1 0 0 0 0 0 1 0 0 0 0 1 0 0 0 0 0 1 0 0 1 0 0 0 0 0 1 0 1 0 1 0 0 0 0 0 0 0 0 1 0 0 0 0 1 0 0 0 0 0
geno chr20.60619759 tsi  0 0 0 0 0 0 0 0 1 1 0 0 0 0 0 0 0 1 1 0 0 1 0 0 0 0 1 0 0 1 0 0 0 0 0 1 1 0 0 0 0 0 0 0 0 1 1 0 0 0 0 0 0 0 0 0 0 0 0 0 0 0 0 0 0 0 0 0 0 0 0 0 0 0 0 1 0 0 0 0 0 1 0 1 0 0 0 0 0 0 0 0
geno chr20.60619759 yri  0 0 0 0 0 0 0 1 0 0 0 0 0 1 2 0 1 1 0 1 0 0 0 0 1 1 0 1 0 1 1 1 1 0 0 0 0 0 1 0 0 0 1 0 0 1 0 0 1 0 0 1 0 1 0 1 0 0 0 2 0 1 1 1 0 0 0 0 0 2 1 1 1 0 1 1 0
geno chr20.60619907 ceu  1 1 1 2 1 1 2 2 2 1 0 2 2 2 0 2 1 1 2 2 2 2 1 2 2 1 2 0 2 0 1 0 1 2 2 1 2 2 2 1 1 2 1 1 1 1 2 2 2 1 1 1 1 2 2 2 2 2 1 2 0 2 1 0 1 1 2 1 1 1 1 2 1 1 2 2 1 0
geno chr20.60619907 fin  2 2 2 2 1 0 2 1 0 2 2 2 1 2 2 1 2 2 2 1 1 2 1 1 1 1 2 1 2 2 2 2 1 2 1 2 1 1 1 1 0 2 2 0 1 1 1 2 2 1 1 2 1 1 2 1 1 1 1 0 0 0 2 2 1 1 1 2 1 0 2 1 2 2 1 1 0 1 2 2 0 1 1 2 2 1 0 1 2
geno chr20.60619907 gbr  2 2 1 1 1 1 1 0 2 2 1 1 2 2 1 2 2 2 1 2 0 1 0 1 1 2 2 1 2 0 1 1 2 0 2 2 0 1 1 2 2 2 2 1 1 2 1 1 1 1 1 2 1 1 1 2 2 1 2 2 2 1 2 2 2 1 2 2 2 1 2 2 2 1 0 1 1 1 2 1 0 2 1 1
geno chr20.60619907 tsi  1 2 2 2 0 2 1 1 1 2 1 2 2 2 2 2 1 1 2 1 2 2 1 1 2 2 2 2 0 1 2 0 1 1 0 1 2 2 1 1 2 2 1 1 2 2 2 2 1 2 0 0 2 2 2 2 2 1 1 0 1 2 0 2 1 2 2 2 0 1 1 2 2 1 0 2 2 2 2 0 1 2 1 2 1 1 0 1 2 2 2 2
geno chr20.60619907 yri  2 1 1 2 0 2 2 1 1 2 1 1 1 2 2 2 2 2 2 2 0 1 2 2 1 2 2 2 2 2 2 2 2 2 1 1 2 2 2 1 2 0 2 1 2 2 2 1 2 2 1 2 1 2 1 1 2 2 2 2 1 2 2 1 0 2 2 0 2 2 1 2 2 2 1 2 1
geno chr20.60620304 ceu  0 0 0 0 0 0 0 0 0 0 0 0 1 0 0 0 0 0 0 0 1 0 0 0 0 0 0 0 1 0 0 0 0 0 0 0 0 0 0 1 0 0 0 0 0 1 0 0 0 0 0 0 1 0 0 1 0 0 0 1 0 0 0 0 0 1 0 0 0 0 0 1 0 0 1 1 0 0
geno chr20.60620304 fin  2 0 1 0 1 0 0 0 0 1 1 1 1 0 0 0 0 0 0 1 0 0 0 1 0 0 2 0 0 1 1 0 0 2 0 1 1 1 0 0 0 2 1 0 0 0 0 0 1 0 0 0 0 0 0 0 0 1 0 0 0 0 0 0 0 0 0 0 0 0 0 1 1 0 1 0 0 0 0 0 0 1 0 1 1 1 0 1 0
geno chr20.60620304 gbr  1 0 0 1 0 0 1 0 0 0 0 0 0 1 0 0 0 0 1 1 0 0 0 0 0 0 0 1 0 0 0 0 1 0 1 0 0 0 0 0 1 0 0 0 0 1 0 0 0 0 0 1 0 0 1 0 0 0 0 0 1 0 1 0 1 0 0 0 0 0 0 0 0 1 0 0 0 0 1 0 0 0 0 0
geno chr20.60620304 tsi  0 0 0 0 0 0 0 0 1 0 0 0 0 0 0 0 0 1 1 0 0 1 0 0 0 0 1 0 0 1 0 0 0 0 0 1 1 0 0 0 0 0 0 0 0 1 1 0 0 0 0 0 0 0 0 0 0 0 0 0 0 0 0 0 0 0 0 0 0 0 0 0 0 0 0 1 0 0 0 0 0 1 0 1 0 0 0 0 0 0 0 0
geno chr20.60620304 yri  0 0 0 0 0 0 0 0 0 0 0 0 0 0 0 0 0 0 0 0 0 0 0 0 0 0 0 0 0 0 0 0 0 0 0 0 0 0 0 0 0 0 0 0 0 0 0 0 0 0 0 0 0 0 0 0 0 0 0 0 0 0 0 0 0 0 0 0 0 0 0 0 0 0 0 0 0
geno chr20.60620526 ceu  0 0 0 0 0 0 0 0 0 0 0 0 1 0 0 0 0 0 0 0 1 0 0 0 0 0 0 0 1 0 0 0 0 0 0 0 0 0 0 1 0 0 0 0 0 1 0 0 0 0 0 0 1 0 0 1 0 0 0 1 0 0 0 0 0 1 0 0 0 0 0 1 0 0 1 1 0 0
geno chr20.60620526 fin  2 0 1 0 1 0 0 0 0 1 1 1 1 0 0 0 0 0 0 1 0 0 0 1 0 0 2 0 0 1 1 0 0 2 0 1 1 1 0 0 0 2 1 0 0 0 0 0 1 0 0 0 0 0 0 0 0 1 0 0 0 0 0 0 0 0 0 0 0 0 0 1 1 0 1 0 0 0 0 0 0 1 0 1 1 1 0 1 0
geno chr20.60620526 gbr  1 0 0 1 0 0 1 0 0 0 0 0 0 1 0 0 0 0 1 1 0 0 0 0 0 0 0 1 0 0 0 0 1 0 1 0 0 0 0 0 1 0 0 0 0 1 0 0 0 0 0 1 0 0 1 0 0 0 0 0 1 0 1 0 1 0 0 0 0 0 0 0 0 1 0 0 0 0 1 0 0 0 0 0
geno chr20.60620526 tsi  0 0 0 0 0 0 0 0 1 0 0 0 0 0 0 0 0 1 1 0 0 1 0 0 0 0 1 0 0 1 0 0 0 0 0 1 1 0 0 0 0 0 0 0 0 1 1 0 0 0 0 0 0 0 0 0 0 0 0 0 0 0 0 0 0 0 0 0 0 0 0 0 0 0 0 1 0 0 0 0 0 1 0 1 0 0 0 0 0 0 0 0
geno chr20.60620526 yri  0 0 0 0 0 0 0 0 0 0 0 0 0 0 0 0 0 0 0 0 0 0 0 0 0 0 0 0 0 0 0 0 0 0 0 0 0 0 0 0 0 0 0 0 0 0 0 0 0 0 0 0 0 0 0 0 0 0 0 0 0 0 0 0 0 0 0 0 0 0 0 0 0 0 0 0 0
geno chr20.60620622 ceu  1 1 1 2 1 1 2 2 2 1 0 2 2 2 0 2 1 1 2 2 2 2 1 2 2 1 2 0 2 0 1 0 1 2 2 1 2 2 2 1 1 2 1 1 1 1 2 2 2 1 1 1 1 2 2 2 2 2 1 2 0 2 1 0 1 1 2 1 1 1 1 2 1 1 2 2 1 0
geno chr20.60620622 fin  2 2 2 2 1 0 2 1 0 2 2 2 1 2 2 1 2 2 2 1 1 2 1 1 1 1 2 1 2 2 2 2 1 2 1 2 1 1 1 1 0 2 2 0 1 1 1 2 2 1 1 2 1 1 2 1 1 1 1 0 0 0 2 2 1 1 1 2 1 0 2 1 2 2 1 1 0 1 2 2 0 1 1 2 2 1 0 1 2
geno chr20.60620622 gbr  2 2 1 1 1 1 1 0 2 2 1 1 2 2 1 2 2 2 1 2 0 1 0 1 1 2 2 1 2 0 1 1 2 0 2 2 0 1 1 2 2 2 2 1 1 2 1 1 1 1 1 2 1 1 1 2 2 1 2 2 2 1 2 2 2 1 2 2 2 1 2 2 2 1 0 1 1 1 2 1 0 2 1 1
geno chr20.60620622 tsi  1 2 2 2 0 2 1 1 1 2 1 2 2 2 2 2 1 1 2 1 2 2 1 1 2 2 2 2 0 1 2 0 1 1 0 1 2 2 1 1 2 2 1 1 2 2 2 2 1 2 0 0 2 2 2 2 2 1 1 0 1 2 0 2 1 2 2 2 0 1 1 2 2 1 0 2 2 2 2 0 1 2 1 2 1 1 0 1 2 2 2 2
geno chr20.60620622 yri  2 1 1 2 0 2 2 1 1 2 1 1 1 1 2 2 1 2 2 2 0 1 2 2 1 2 2 1 2 2 2 1 2 2 1 1 2 2 2 1 2 0 2 1 2 2 2 1 2 2 1 1 1 1 1 0 2 2 2 2 1 2 2 0 0 2 2 0 2 0 1 2 1 2 0 1 1
geno chr20.60620673 ceu  1 1 1 2 1 1 2 2 2 1 0 2 2 2 0 2 1 1 2 2 2 2 1 2 2 1 2 0 2 0 1 0 1 2 2 1 2 2 2 1 1 2 1 1 1 1 2 2 2 1 1 1 1 2 2 2 2 2 1 2 0 2 1 0 1 1 2 1 1 1 1 2 1 1 2 2 1 0
geno chr20.60620673 fin  2 2 2 2 1 0 2 1 0 2 2 2 1 2 2 1 2 2 2 1 1 2 1 1 1 1 2 1 2 2 2 2 1 2 1 2 1 1 1 1 0 2 2 0 1 1 1 2 2 1 1 2 1 1 2 1 1 1 1 0 0 0 2 2 1 1 1 2 1 0 2 1 2 2 1 1 0 1 2 2 0 1 1 2 2 1 0 1 2
geno chr20.60620673 gbr  2 2 1 1 1 1 1 0 2 2 1 1 2 2 1 2 2 2 1 2 0 1 0 1 1 2 2 1 2 0 1 1 2 0 2 2 0 1 1 2 2 2 2 1 1 2 1 1 1 1 1 2 1 1 1 2 2 1 2 2 2 1 2 2 2 1 2 2 2 1 2 2 2 1 0 1 1 1 2 1 0 2 1 1
geno chr20.60620673 tsi  1 2 2 2 0 2 1 1 1 2 1 2 2 2 2 2 1 1 2 1 2 2 1 1 2 2 2 2 0 1 2 0 1 1 0 1 2 2 1 1 2 2 1 1 2 2 2 2 1 2 0 0 2 2 2 2 2 1 1 0 1 2 0 2 1 2 2 2 0 1 1 2 2 1 0 2 2 2 2 0 1 2 1 2 1 1 0 1 2 2 2 2
geno chr20.60620673 yri  2 1 1 2 0 2 2 1 1 2 1 1 1 2 2 2 2 2 2 2 0 1 2 2 1 2 2 2 2 2 2 2 2 2 1 1 2 2 2 1 2 0 2 1 2 2 2 1 2 2 1 2 1 2 1 1 2 2 2 2 1 2 2 1 0 2 2 0 2 2 1 2 2 2 1 2 1
geno chr20.60620894 ceu  0 0 0 0 1 0 0 0 0 1 0 0 0 0 0 0 0 0 0 0 0 0 0 0 0 0 0 0 0 0 0 0 0 0 0 0 0 0 0 0 0 0 0 0 0 0 0 0 0 0 0 0 0 0 0 0 0 0 0 0 1 0 0 1 0 0 0 1 0 0 0 0 0 0 0 0 0 1
geno chr20.60620894 fin  0 0 0 0 0 1 0 0 1 0 0 0 0 0 0 0 0 0 0 0 0 0 0 0 0 0 0 0 0 0 0 0 0 0 1 0 0 1 0 0 1 0 0 0 0 0 1 0 0 0 0 0 1 0 0 0 0 1 0 0 1 1 0 0 1 0 0 0 0 0 0 0 0 0 0 0 1 1 0 0 0 0 0 0 0 0 0 0 0
geno chr20.60620894 gbr  0 0 0 0 0 0 0 0 0 0 1 1 0 0 1 0 0 0 0 0 0 0 0 0 0 0 0 0 0 0 1 0 0 0 0 0 0 0 0 0 0 0 0 0 0 0 0 0 0 0 0 0 0 0 0 0 0 1 0 0 0 0 0 0 0 0 0 0 0 0 0 0 0 1 1 0 0 0 0 1 0 0 0 0
geno chr20.60620894 tsi  0 0 0 0 0 0 0 0 0 0 0 0 0 0 0 0 0 0 0 0 0 0 0 0 0 0 0 0 1 1 0 0 0 0 0 0 0 0 0 0 0 0 0 0 0 0 0 0 0 0 0 0 0 0 0 0 0 0 0 0 0 0 0 0 0 0 0 0 0 0 0 0 0 1 0 0 0 0 0 0 0 0 0 0 0 0 0 1 0 0 0 0
geno chr20.60620894 yri  0 0 0 0 0 0 0 0 0 0 0 0 0 0 0 0 0 0 0 0 0 0 0 0 0 0 0 0 0 0 0 0 0 0 0 0 0 0 0 0 0 0 0 0 0 0 0 0 0 0 0 0 0 0 0 0 0 0 0 0 0 0 0 0 0 0 0 0 0 0 0 0 0 0 0 0 0
geno chr20.60621202 ceu  1 1 1 2 1 1 2 2 2 1 0 2 2 2 0 2 1 1 2 2 2 2 1 2 2 1 2 0 2 0 1 0 1 2 2 1 2 2 2 1 1 2 1 1 1 1 2 2 2 1 1 1 1 2 2 2 2 2 1 2 0 2 1 0 1 1 2 1 1 1 1 2 1 1 2 2 1 0
geno chr20.60621202 fin  2 2 2 2 1 0 2 1 0 2 2 2 1 2 2 1 2 2 2 1 1 2 1 1 1 1 2 1 2 2 2 2 1 2 1 2 1 1 1 1 0 2 2 0 1 1 1 2 2 1 1 2 1 1 2 1 1 1 1 0 0 0 2 2 1 1 1 2 1 0 2 1 2 2 1 1 0 1 2 2 0 1 1 2 2 1 0 1 2
geno chr20.60621202 gbr  2 2 1 1 1 1 1 0 2 2 1 1 2 2 1 2 2 2 1 2 0 1 0 1 1 2 2 1 2 0 1 1 2 0 2 2 0 1 1 2 2 2 2 1 1 2 1 1 1 1 1 2 1 1 1 2 2 1 2 2 2 1 2 2 2 1 2 2 2 1 2 2 2 1 0 1 1 1 2 1 0 2 1 1
geno chr20.60621202 tsi  1 2 2 2 0 2 1 1 1 2 1 2 2 2 2 2 1 1 2 1 2 2 1 1 2 2 2 2 0 1 2 0 1 1 0 1 2 2 1 1 2 2 1 1 2 2 2 2 1 2 0 0 2 2 2 2 2 1 1 0 1 2 0 2 1 2 2 2 0 1 1 2 2 1 0 2 2 2 2 0 1 2 1 2 1 1 0 1 2 2 2 2
geno chr20.60621202 yri  2 1 1 2 0 2 2 1 1 2 1 1 1 2 2 2 2 2 2 2 0 1 2 2 1 2 2 2 2 2 2 2 2 2 1 1 2 2 2 1 2 0 2 1 2 2 2 1 2 2 1 2 1 2 1 1 2 2 2 2 1 2 2 1 0 2 2 0 2 2 1 2 2 2 1 2 1
geno chr20.60621854 ceu  0 0 0 0 0 0 0 0 0 0 0 0 1 0 0 0 0 0 0 0 1 0 0 0 0 0 0 0 1 0 0 0 0 0 0 0 0 0 0 1 0 0 0 0 0 1 0 0 0 0 0 0 1 0 0 1 0 0 0 1 0 0 0 0 0 1 0 0 0 0 0 1 0 0 1 1 0 0
geno chr20.60621854 fin  2 0 1 0 1 0 0 0 0 1 1 1 1 0 0 0 0 0 0 1 0 0 0 1 0 0 2 0 0 1 1 0 0 2 0 1 1 1 0 0 0 2 1 0 0 0 0 0 1 0 0 0 0 0 0 0 0 1 0 0 0 0 0 0 0 0 0 0 0 0 0 1 1 0 1 0 0 0 0 0 0 1 0 1 1 1 0 1 0
geno chr20.60621854 gbr  1 0 0 1 0 0 1 0 0 0 0 0 0 1 0 0 0 0 1 1 0 0 0 0 0 0 0 1 0 0 0 0 1 0 1 0 0 0 0 0 1 0 0 0 0 1 0 0 0 0 0 1 0 0 1 0 0 0 0 0 1 0 1 0 1 0 0 0 0 0 0 0 0 1 0 0 0 0 1 0 0 0 0 0
geno chr20.60621854 tsi  0 0 0 0 0 0 0 0 1 0 0 0 0 0 0 0 0 1 1 0 0 1 0 0 0 0 1 0 0 1 0 0 0 0 0 1 1 0 0 0 0 0 0 0 0 1 1 0 0 0 0 0 0 0 0 0 0 0 0 0 0 0 0 0 0 0 0 0 0 0 0 0 0 0 0 1 0 0 0 0 0 1 0 1 0 0 0 0 0 0 0 0
geno chr20.60621854 yri  0 0 0 0 0 0 0 0 0 0 0 0 0 0 0 0 0 0 0 0 0 0 0 0 0 0 0 0 0 0 0 0 0 0 0 0 0 0 0 0 0 0 0 0 0 0 0 0 0 0 0 0 0 0 0 0 0 0 0 0 0 0 0 0 0 0 0 0 0 0 0 0 0 0 0 0 0
geno chr20.60622004 ceu  1 1 1 2 1 1 2 2 2 1 0 2 1 2 0 2 1 1 2 2 1 2 1 2 2 1 2 0 1 0 1 0 1 2 2 1 2 2 2 0 1 2 1 1 1 0 2 2 2 1 1 1 0 2 2 1 2 2 1 1 0 2 1 0 1 0 2 1 1 1 1 1 1 1 1 1 1 0
geno chr20.60622004 fin  0 2 1 2 0 0 2 1 0 1 1 1 0 2 2 1 2 2 2 0 1 2 1 0 1 1 0 1 2 1 1 2 1 0 1 1 0 0 1 1 0 0 1 0 1 1 1 2 1 1 1 2 1 1 2 1 1 0 1 0 0 0 2 2 1 1 1 2 1 0 2 0 1 2 0 1 0 1 2 2 0 0 1 1 1 0 0 0 2
geno chr20.60622004 gbr  1 2 1 0 1 1 0 0 2 2 1 1 2 1 1 2 2 2 0 1 0 1 0 1 1 2 2 0 2 0 1 1 1 0 1 2 0 1 1 2 1 2 2 1 1 1 1 1 1 1 1 1 1 1 0 2 2 1 2 2 1 1 1 2 1 1 2 2 2 1 2 2 2 0 0 1 1 1 1 1 0 2 1 1
geno chr20.60622004 tsi  1 2 2 2 0 2 1 1 0 2 1 2 2 2 2 2 1 0 1 1 2 1 1 1 2 2 1 2 0 0 2 0 1 1 0 0 1 2 1 1 2 2 1 1 2 1 1 2 1 2 0 0 2 2 2 2 2 1 1 0 1 2 0 2 1 2 2 2 0 1 1 2 2 1 0 1 2 2 2 0 1 1 1 1 1 1 0 1 2 2 2 2
geno chr20.60622004 yri  2 1 1 2 0 2 2 1 1 2 1 1 1 1 2 2 1 2 2 2 0 1 2 2 1 2 2 1 2 2 2 1 2 2 1 1 2 2 2 1 2 0 2 1 2 2 2 1 2 2 1 1 1 1 1 0 2 2 2 2 1 2 2 0 0 2 2 0 2 1 1 2 1 2 0 1 1
geno chr20.60622048 ceu  1 1 1 2 1 1 2 2 2 1 0 2 2 2 0 2 1 1 2 2 2 2 1 2 2 1 2 0 2 0 1 0 1 2 2 1 2 2 2 1 1 2 1 1 1 1 2 2 2 1 1 1 1 2 2 2 2 2 1 2 0 2 1 0 1 1 2 1 1 1 1 2 1 1 2 2 1 0
geno chr20.60622048 fin  2 2 2 2 1 0 2 1 0 2 2 2 1 2 2 1 2 2 2 1 1 2 1 1 1 1 2 1 2 2 2 2 1 2 1 2 1 1 1 1 0 2 2 0 1 1 1 2 2 1 1 2 1 1 2 1 1 1 1 0 0 0 2 2 1 1 1 2 1 0 2 1 2 2 1 1 0 1 2 2 0 1 1 2 2 1 0 1 2
geno chr20.60622048 gbr  2 2 1 1 1 1 1 0 2 2 1 1 2 2 1 2 2 2 1 2 0 1 0 1 1 2 2 1 2 0 1 1 2 0 2 2 0 1 1 2 2 2 2 1 1 2 1 1 1 1 1 2 1 1 1 2 2 1 2 2 2 1 2 2 2 1 2 2 2 1 2 2 2 1 0 1 1 1 2 1 0 2 1 1
geno chr20.60622048 tsi  1 2 2 2 0 2 1 1 1 2 1 2 2 2 2 2 1 1 2 1 2 2 1 1 2 2 2 2 0 1 2 0 1 1 0 1 2 2 1 1 2 2 1 1 2 2 2 2 1 2 0 0 2 2 2 2 2 1 1 0 1 2 0 2 1 2 2 2 0 1 1 2 2 1 0 2 2 2 2 0 1 2 1 2 1 1 0 1 2 2 2 2
geno chr20.60622048 yri  2 1 1 2 0 2 2 1 1 2 1 1 1 2 2 2 2 2 2 2 0 1 2 2 1 2 2 2 2 2 2 2 2 2 1 1 2 2 2 1 2 0 2 1 2 2 2 1 2 2 1 2 1 2 1 1 2 2 2 2 1 2 2 1 0 2 2 0 2 2 1 2 2 2 1 2 1
geno chr20.60622362 ceu  1 1 1 2 1 1 2 2 2 1 0 2 2 2 0 2 1 1 2 2 2 2 1 2 2 1 2 0 2 0 1 0 1 2 2 1 2 2 2 1 1 2 1 1 1 1 2 2 2 1 1 1 1 2 2 2 2 2 1 2 0 2 1 0 1 1 2 1 1 1 1 2 1 1 2 2 1 0
geno chr20.60622362 fin  2 2 2 2 1 0 2 1 0 2 2 2 1 2 2 1 2 2 2 1 1 2 1 1 1 1 2 1 2 2 2 2 1 2 1 2 1 1 1 1 0 2 2 0 1 1 1 2 2 1 1 2 1 1 2 1 1 1 1 0 0 0 2 2 1 1 1 2 1 0 2 1 2 2 1 1 0 1 2 2 0 1 1 2 2 1 0 1 2
geno chr20.60622362 gbr  2 2 1 1 1 1 1 0 2 2 1 1 2 2 1 2 2 2 1 2 0 1 0 1 1 2 2 1 2 0 1 1 2 0 2 2 0 1 1 2 2 2 2 1 1 2 1 1 1 1 1 2 1 1 1 2 2 1 2 2 2 1 2 2 2 1 2 2 2 1 2 2 2 1 0 1 1 1 2 1 0 2 1 1
geno chr20.60622362 tsi  1 2 2 2 0 2 1 1 1 2 1 2 2 2 2 2 1 1 2 1 2 2 1 1 2 2 2 2 0 1 2 0 1 1 0 1 2 2 1 1 2 2 1 1 2 2 2 2 1 2 0 0 2 2 2 2 2 1 1 0 1 2 0 2 1 2 2 2 0 1 1 2 2 1 0 2 2 2 2 0 1 2 1 2 1 1 0 1 2 2 2 2
geno chr20.60622362 yri  2 1 1 2 0 2 2 1 1 2 1 1 1 2 2 2 2 2 2 2 0 1 2 2 1 2 2 2 2 2 2 2 2 2 1 1 2 2 2 1 2 0 2 1 2 2 2 1 2 2 1 2 1 2 1 1 2 2 2 2 1 2 2 1 0 2 2 0 2 2 1 2 2 2 1 2 1
geno chr20.60622583 ceu  0 0 0 0 0 0 0 0 0 0 0 0 1 0 0 0 0 0 0 0 1 0 0 0 0 0 0 0 1 0 0 0 0 0 0 0 0 0 0 1 0 0 0 0 0 1 0 0 0 0 0 0 1 0 0 1 0 0 0 1 0 0 0 0 0 1 0 0 0 0 0 1 0 0 1 1 0 0
geno chr20.60622583 fin  2 0 1 0 1 0 0 0 0 1 1 1 1 0 0 0 0 0 0 1 0 0 0 1 0 0 2 0 0 1 1 0 0 2 0 1 1 1 0 0 0 2 1 0 0 0 0 0 1 0 0 0 0 0 0 0 0 1 0 0 0 0 0 0 0 0 0 0 0 0 0 1 1 0 1 0 0 0 0 0 0 1 0 1 1 1 0 1 0
geno chr20.60622583 gbr  1 0 0 1 0 0 1 0 0 0 0 0 0 1 0 0 0 0 1 1 0 0 0 0 0 0 0 1 0 0 0 0 1 0 1 0 0 0 0 0 1 0 0 0 0 1 0 0 0 0 0 1 0 0 1 0 0 0 0 0 1 0 1 0 1 0 0 0 0 0 0 0 0 1 0 0 0 0 1 0 0 0 0 0
geno chr20.60622583 tsi  0 0 0 0 0 0 0 0 1 0 0 0 0 0 0 0 0 1 1 0 0 1 0 0 0 0 1 0 0 1 0 0 0 0 0 1 1 0 0 0 0 0 0 0 0 1 1 0 0 0 0 0 0 0 0 0 0 0 0 0 0 0 0 0 0 0 0 0 0 0 0 0 0 0 0 1 0 0 0 0 0 1 0 1 0 0 0 0 0 0 0 0
geno chr20.60622583 yri  0 0 0 0 0 0 0 0 0 0 0 0 0 1 0 0 1 0 0 0 0 0 0 0 0 0 0 1 0 0 0 1 0 0 0 0 0 0 0 0 0 0 0 0 0 0 0 0 0 0 0 1 0 1 0 1 0 0 0 0 0 0 0 1 0 0 0 0 0 1 0 0 1 0 1 1 0
geno chr20.60622723 ceu  0 0 0 0 0 0 0 0 0 0 0 0 1 0 0 0 0 0 0 0 1 0 0 0 0 0 0 0 1 0 0 0 0 0 0 0 0 0 0 1 0 0 0 0 0 1 0 0 0 0 0 0 1 0 0 1 0 0 0 1 0 0 0 0 0 1 0 0 0 0 0 1 0 0 1 1 0 0
geno chr20.60622723 fin  2 0 1 0 1 0 0 0 0 1 1 1 1 0 0 0 0 0 0 1 0 0 0 1 0 0 2 0 0 1 1 0 0 2 0 1 1 1 0 0 0 2 1 0 0 0 0 0 1 0 0 0 0 0 0 0 0 1 0 0 0 0 0 0 0 0 0 0 0 0 0 1 1 0 1 0 0 0 0 0 0 1 0 1 1 1 0 1 0
geno chr20.60622723 gbr  1 0 0 1 0 0 1 0 0 0 0 0 0 1 0 0 0 0 1 1 0 0 0 0 0 0 0 1 0 0 0 0 1 0 1 0 0 0 0 0 1 0 0 0 0 1 0 0 0 0 0 1 0 0 1 0 0 0 0 0 1 0 1 0 1 0 0 0 0 0 0 0 0 1 0 0 0 0 1 0 0 0 0 0
geno chr20.60622723 tsi  0 0 0 0 0 0 0 0 1 0 0 0 0 0 0 0 0 1 1 0 0 1 0 0 0 0 1 0 0 1 0 0 0 0 0 1 1 0 0 0 0 0 0 0 0 1 1 0 0 0 0 0 0 0 0 0 0 0 0 0 0 0 0 0 0 0 0 0 0 0 0 0 0 0 0 1 0 0 0 0 0 1 0 1 0 0 0 0 0 0 0 0
geno chr20.60622723 yri  0 0 0 0 0 0 0 0 0 0 0 0 0 1 0 0 1 0 0 0 0 0 0 0 0 0 0 1 0 0 0 1 0 0 0 0 0 0 0 0 0 0 0 0 0 0 0 0 0 0 0 1 0 1 0 1 0 0 0 0 0 0 0 1 0 0 0 0 0 1 0 0 1 0 1 1 0
geno chr20.60622817 ceu  1 1 1 2 1 1 2 2 2 1 0 2 1 2 0 2 1 1 2 2 1 2 1 2 2 1 2 0 1 0 1 0 1 2 2 1 2 2 2 0 1 2 1 1 1 0 2 2 2 1 1 1 0 2 2 1 2 2 1 1 0 2 1 0 1 0 2 1 1 1 1 1 1 1 1 1 1 0
geno chr20.60622817 fin  0 2 1 2 0 0 2 1 0 1 1 1 0 2 2 1 2 2 2 0 1 2 1 0 1 1 0 1 2 1 1 2 1 0 1 1 0 0 1 1 0 0 1 0 1 1 1 2 1 1 1 2 1 1 2 1 1 0 1 0 0 0 2 2 1 1 1 2 1 0 2 0 1 2 0 1 0 1 2 2 0 0 1 1 1 0 0 0 2
geno chr20.60622817 gbr  1 2 1 0 1 1 0 0 2 2 1 1 2 1 1 2 2 2 0 1 0 1 0 1 1 2 2 0 2 0 1 1 1 0 1 2 0 1 1 2 1 2 2 1 1 1 1 1 1 1 1 1 1 1 0 2 2 1 2 2 1 1 1 2 1 1 2 2 2 1 2 2 2 0 0 1 1 1 1 1 0 2 1 1
geno chr20.60622817 tsi  1 2 2 2 0 2 1 1 0 1 1 2 2 2 2 2 1 0 1 1 2 1 1 1 2 2 1 2 0 0 2 0 1 1 0 0 1 2 1 1 2 2 1 1 2 1 1 2 1 2 0 0 2 2 2 2 2 1 1 0 1 2 0 2 1 2 2 2 0 1 1 2 2 1 0 1 2 2 2 0 1 1 1 1 1 1 0 1 2 2 2 2
geno chr20.60622817 yri  2 1 1 2 0 2 2 0 1 2 1 1 1 1 0 2 1 1 2 1 0 1 2 2 0 1 2 1 2 1 1 1 1 2 1 1 2 2 1 1 2 0 1 0 2 1 2 1 1 2 1 1 1 1 1 0 2 2 2 0 1 1 1 0 0 2 2 0 2 0 0 1 1 2 0 1 1
geno chr20.60622843 ceu  1 1 1 2 1 1 2 2 2 1 0 2 2 2 0 2 1 1 2 2 2 2 1 2 2 1 2 0 2 0 1 0 1 2 2 1 2 2 2 1 1 2 1 1 1 1 2 2 2 1 1 1 1 2 2 2 2 2 1 2 0 2 1 0 1 1 2 1 1 1 1 2 1 1 2 2 1 0
geno chr20.60622843 fin  2 2 2 2 1 0 2 1 0 2 2 2 1 2 2 1 2 2 2 1 1 2 1 1 1 1 2 1 2 2 2 2 1 2 1 2 1 1 1 1 0 2 2 0 1 1 1 2 2 1 1 2 1 1 2 1 1 1 1 0 0 0 2 2 1 1 1 2 1 0 2 1 2 2 1 1 0 1 2 2 0 1 1 2 2 1 0 1 2
geno chr20.60622843 gbr  2 2 1 1 1 1 1 0 2 2 1 1 2 2 1 2 2 2 1 2 0 1 0 1 1 2 2 1 2 0 1 1 2 0 2 2 0 1 1 2 2 2 2 1 1 2 1 1 1 1 1 2 1 1 1 2 2 1 2 2 2 1 2 2 2 1 2 2 2 1 2 2 2 1 0 1 1 1 2 1 0 2 1 1
geno chr20.60622843 tsi  1 2 2 2 0 2 1 1 1 2 1 2 2 2 2 2 1 1 2 1 2 2 1 1 2 2 2 2 0 1 2 0 1 1 0 1 2 2 1 1 2 2 1 1 2 2 2 2 1 2 0 0 2 2 2 2 2 1 1 0 1 2 0 2 1 2 2 2 0 1 1 2 2 1 0 2 2 2 2 0 1 2 1 2 1 1 0 1 2 2 2 2
geno chr20.60622843 yri  2 1 1 2 0 2 2 1 1 2 1 1 1 2 2 2 2 2 2 2 0 1 2 2 1 2 2 2 2 2 2 2 2 2 1 1 2 2 2 1 2 0 2 1 2 2 2 1 2 2 1 2 1 2 1 1 2 2 2 2 1 2 2 1 0 2 2 0 2 2 1 2 2 2 1 2 1
geno chr20.60623155 ceu  0 0 0 0 1 0 0 0 0 0 0 0 0 0 0 0 0 0 0 0 0 0 0 0 0 0 0 0 0 0 0 0 0 0 0 0 0 0 0 0 0 0 0 0 0 0 0 0 0 0 0 0 0 0 0 0 0 0 0 0 1 0 0 1 0 0 0 1 0 0 0 0 0 0 0 0 0 1
geno chr20.60623155 fin  0 0 0 0 0 1 0 0 1 0 0 0 0 0 0 0 0 0 0 0 0 0 0 0 0 0 0 0 0 0 0 0 0 0 1 0 0 1 0 0 1 0 0 0 0 0 1 0 0 0 0 0 1 0 0 0 0 1 0 0 0 1 0 0 1 0 0 0 0 0 0 0 0 0 0 0 1 1 0 0 0 0 0 0 0 0 0 0 0
geno chr20.60623155 gbr  0 0 0 0 0 0 0 0 0 0 1 0 0 0 1 0 0 0 0 0 0 0 0 0 0 0 0 0 0 0 1 0 0 0 0 0 0 0 0 0 0 0 0 0 0 0 0 0 0 0 0 0 0 0 0 0 0 1 0 0 0 0 0 0 0 0 0 0 0 0 0 0 0 1 1 0 0 0 0 1 0 0 0 0
geno chr20.60623155 tsi  0 0 0 0 0 0 0 0 0 0 0 0 0 0 0 0 0 0 0 0 0 0 0 0 0 0 0 0 1 1 0 0 0 0 0 0 0 0 0 0 0 0 0 0 0 0 0 0 0 0 0 0 0 0 0 0 0 0 0 0 0 0 0 0 0 0 0 0 0 0 0 0 0 1 0 0 0 0 0 0 0 0 0 0 0 0 0 1 0 0 0 0
geno chr20.60623155 yri  0 0 0 0 0 0 0 0 0 0 0 0 0 0 0 0 0 0 0 0 0 0 0 0 0 0 0 0 0 0 0 0 0 0 0 0 0 0 0 0 0 0 0 0 0 0 0 0 0 0 0 0 0 0 0 0 0 0 0 0 0 0 0 0 0 0 0 0 0 0 0 0 0 0 0 0 0
geno chr20.60623268 ceu  1 1 1 2 1 1 2 2 2 1 0 2 1 2 0 2 1 1 2 2 1 2 1 2 2 1 2 0 1 0 1 0 1 2 2 1 2 2 2 0 1 2 1 1 1 0 2 2 2 1 1 1 0 2 2 1 2 2 1 1 0 2 1 0 1 0 2 1 1 1 1 1 1 1 1 1 1 0
geno chr20.60623268 fin  0 2 1 2 0 0 2 1 0 1 1 1 0 2 2 1 2 2 2 0 1 2 1 0 1 1 0 1 2 1 1 2 1 0 1 1 0 0 1 1 0 0 1 0 1 1 1 2 1 1 1 2 1 1 2 1 1 0 1 0 0 0 2 2 1 1 1 2 1 0 2 0 1 2 0 1 0 1 2 2 0 0 1 1 1 0 0 0 2
geno chr20.60623268 gbr  1 2 1 0 1 1 0 0 2 2 1 1 2 1 1 2 2 2 0 1 0 1 0 1 1 2 2 0 2 0 1 1 1 0 1 2 0 1 1 2 1 2 2 1 1 1 1 1 1 1 1 1 1 1 0 2 2 1 2 2 1 1 1 2 1 1 2 2 2 1 2 2 2 0 0 1 1 1 1 1 0 2 1 1
geno chr20.60623268 tsi  1 2 2 2 0 2 1 1 0 1 1 2 2 2 2 2 1 0 1 1 2 1 1 1 2 2 1 2 0 0 2 0 1 1 0 0 1 2 1 1 2 2 1 1 2 1 1 2 1 2 0 0 2 2 2 2 2 1 1 0 1 2 0 2 1 2 2 2 0 1 1 2 2 1 0 1 2 2 2 0 1 1 1 1 1 1 0 1 2 2 2 2
geno chr20.60623268 yri  2 1 1 2 0 2 2 0 1 2 1 1 1 1 0 2 1 1 2 1 0 1 2 2 0 1 2 1 2 1 1 1 1 2 1 1 2 2 1 1 2 0 1 1 2 1 2 1 1 2 1 1 1 1 1 0 2 2 2 0 1 1 1 0 0 2 2 0 2 0 0 1 1 2 0 1 1
geno chr20.60623701 ceu  0 0 0 0 0 0 0 0 0 0 0 0 1 0 0 0 0 0 0 0 1 0 0 0 0 0 0 0 1 0 0 0 0 0 0 0 0 0 0 1 0 0 0 0 0 1 0 0 0 0 0 0 1 0 0 1 0 0 0 1 0 0 0 0 0 1 0 0 0 0 0 1 0 0 1 1 0 0
geno chr20.60623701 fin  2 0 1 0 1 0 0 0 0 1 1 1 1 0 0 0 0 0 0 1 0 0 0 1 0 0 2 0 0 1 1 0 0 2 0 1 1 1 0 0 0 2 1 0 0 0 0 0 1 0 0 0 0 0 0 0 0 1 0 0 0 0 0 0 0 0 0 0 0 0 0 1 1 0 1 0 0 0 0 0 0 1 0 1 1 1 0 1 0
geno chr20.60623701 gbr  1 0 0 1 0 0 1 0 0 0 0 0 0 1 0 0 0 0 1 1 0 0 0 0 0 0 0 1 0 0 0 0 1 0 1 0 0 0 0 0 1 0 0 0 0 1 0 0 0 0 0 1 0 0 1 0 0 0 0 0 1 0 1 0 1 0 0 0 0 0 0 0 0 1 0 0 0 0 1 0 0 0 0 0
geno chr20.60623701 tsi  0 0 0 0 0 0 0 0 1 0 0 0 0 0 0 0 0 1 1 0 0 1 0 0 0 0 1 0 0 1 0 0 0 0 0 1 1 0 0 0 0 0 0 0 0 1 1 0 0 0 0 0 0 0 0 0 0 0 0 0 0 0 0 0 0 0 0 0 0 0 0 0 0 0 0 1 0 0 0 0 0 1 0 1 0 0 0 0 0 0 0 0
geno chr20.60623701 yri  0 0 0 0 0 0 0 0 0 0 0 0 0 0 0 0 0 0 0 0 0 0 0 0 0 0 0 0 0 0 0 0 0 0 0 0 0 0 0 0 0 0 0 0 0 0 0 0 0 0 0 0 0 0 0 0 0 0 0 0 0 0 0 0 0 0 0 0 0 0 0 0 0 0 0 0 0
geno chr20.60623862 ceu  1 1 1 2 1 1 2 2 2 2 0 2 2 2 0 2 1 1 2 2 2 2 1 2 2 1 2 0 2 0 1 0 1 2 2 1 2 2 2 1 1 2 1 1 1 1 2 2 2 1 1 1 1 2 2 2 2 2 1 2 0 2 1 0 1 1 2 1 1 1 1 2 1 1 2 2 1 0
geno chr20.60623862 fin  2 2 2 2 1 0 2 1 0 2 2 2 1 2 2 1 2 2 2 1 1 2 1 1 1 1 2 1 2 2 2 2 1 2 1 2 1 1 1 1 0 2 2 0 1 1 1 2 2 1 1 2 1 1 2 1 1 1 1 0 1 0 2 2 1 1 1 2 1 0 2 1 2 2 1 1 0 1 2 2 0 1 1 2 2 1 0 1 2
geno chr20.60623862 gbr  2 2 1 1 1 1 1 0 2 2 1 2 2 2 1 2 2 2 1 2 0 1 0 1 1 2 2 1 2 0 1 1 2 0 2 2 0 1 1 2 2 2 2 1 1 2 1 1 1 1 1 2 1 1 1 2 2 1 2 2 2 1 2 2 2 1 2 2 2 1 2 2 2 1 0 1 1 1 2 1 0 2 1 1
geno chr20.60623862 tsi  1 2 2 2 0 2 1 1 1 2 1 2 2 2 2 2 1 1 2 1 2 2 1 1 2 2 2 2 0 1 2 0 1 1 0 1 2 2 1 1 2 2 1 1 2 2 2 2 1 2 0 0 2 2 2 2 2 1 1 0 1 2 0 2 1 2 2 2 0 1 1 2 2 1 0 2 2 2 2 0 1 2 1 2 1 1 0 1 2 2 2 2
geno chr20.60623862 yri  2 1 1 2 0 2 2 1 1 2 1 1 1 2 2 2 2 2 2 2 0 1 2 2 1 2 2 2 2 2 2 2 2 2 1 1 2 2 2 1 2 0 2 1 2 2 2 1 2 2 1 2 1 2 1 1 2 2 2 2 1 2 2 1 0 2 2 0 2 2 1 2 2 2 1 2 1
geno chr20.60623931 ceu  1 1 1 2 1 1 2 2 2 2 0 2 1 2 0 2 1 1 2 2 1 2 1 2 2 1 2 0 1 0 1 0 1 2 2 1 2 2 2 0 1 2 1 1 1 0 2 2 2 1 1 1 0 2 2 1 2 2 1 1 0 2 1 0 1 0 2 1 1 1 1 1 1 1 1 1 1 0
geno chr20.60623931 fin  0 2 1 2 0 0 2 1 0 1 1 1 0 2 2 1 2 2 2 0 1 2 1 0 1 1 0 1 2 1 1 2 1 0 1 1 0 0 1 1 0 0 1 0 1 1 1 2 1 1 1 2 1 1 2 1 1 0 1 0 1 0 2 2 1 1 1 2 1 0 2 0 1 2 0 1 0 1 2 2 0 0 1 1 1 0 0 0 2
geno chr20.60623931 gbr  1 2 1 0 1 1 0 0 2 2 1 2 2 1 1 2 2 2 0 1 0 1 0 1 1 2 2 0 2 0 1 1 1 0 1 2 0 1 1 2 1 2 2 1 1 1 1 1 1 1 1 1 1 1 0 2 2 1 2 2 1 1 1 2 1 1 2 2 2 1 2 2 2 0 0 1 1 1 1 1 0 2 1 1
geno chr20.60623931 tsi  1 2 2 2 0 2 1 1 0 1 1 2 2 2 2 2 1 0 1 1 2 1 1 1 2 2 1 2 0 0 2 0 1 1 0 0 1 2 1 1 2 2 1 1 2 1 1 2 1 2 0 0 2 2 2 2 2 1 1 0 1 2 0 2 1 2 2 2 0 1 1 2 2 1 0 1 2 2 2 0 1 1 1 1 1 1 0 1 2 2 2 2
geno chr20.60623931 yri  2 1 1 2 0 2 2 0 1 2 1 1 1 1 0 2 1 1 2 1 0 1 2 2 0 1 2 1 2 1 1 1 1 2 1 1 2 2 1 1 2 0 1 0 2 1 2 1 1 2 1 1 1 1 1 0 2 2 2 0 1 1 1 0 0 2 2 0 2 0 0 1 1 2 0 1 1
geno chr20.60624124 ceu  0 0 0 0 0 0 0 0 0 0 0 0 1 0 0 0 0 0 0 0 1 0 0 0 0 0 0 0 1 0 0 0 0 0 0 0 0 0 0 1 0 0 0 0 0 1 0 0 0 0 0 0 1 0 0 1 0 0 0 1 0 0 0 0 0 1 0 0 0 0 0 1 0 0 1 1 0 0
geno chr20.60624124 fin  2 0 1 0 1 0 0 0 0 1 1 1 1 0 0 0 0 0 0 1 0 0 0 1 0 0 2 0 0 1 1 0 0 2 0 1 1 1 0 0 0 2 1 0 0 0 0 0 1 0 0 0 0 0 0 0 0 1 0 0 0 0 0 0 0 0 0 0 0 0 0 1 1 0 1 0 0 0 0 0 0 1 0 1 1 1 0 1 0
geno chr20.60624124 gbr  1 0 0 1 0 0 1 0 0 0 0 0 0 1 0 0 0 0 1 1 0 0 0 0 0 0 0 1 0 0 0 0 1 0 1 0 0 0 0 0 1 0 0 0 0 1 0 0 0 0 0 1 0 0 1 0 0 0 0 0 1 0 1 0 1 0 0 0 0 0 0 0 0 1 0 0 0 0 1 0 0 0 0 0
geno chr20.60624124 tsi  0 0 0 0 0 0 0 0 1 0 0 0 0 0 0 0 0 1 1 0 0 1 0 0 0 0 1 0 0 1 0 0 0 0 0 1 1 0 0 0 0 0 0 0 0 1 1 0 0 0 0 0 0 0 0 0 0 0 0 0 0 0 0 0 0 0 0 0 0 0 0 0 0 0 0 1 0 0 0 0 0 1 0 1 0 0 0 0 0 0 0 0
geno chr20.60624124 yri  0 0 0 0 0 0 0 0 0 0 0 0 0 1 0 0 1 0 0 0 0 0 0 0 0 0 0 1 0 0 0 1 0 0 0 0 0 0 0 0 0 0 0 0 0 0 0 0 0 0 0 1 0 1 0 1 0 0 0 0 0 0 0 1 0 0 0 0 0 1 0 0 1 0 1 1 0
geno chr20.60624169 ceu  0 0 0 0 0 0 0 0 0 0 0 0 0 0 0 0 0 0 0 0 0 0 0 0 0 0 0 0 0 0 0 0 0 0 0 0 0 0 0 0 0 0 0 0 0 0 0 0 0 0 0 0 0 0 0 0 0 0 0 0 0 0 0 0 0 0 0 0 0 0 0 0 0 0 0 0 0 0
geno chr20.60624169 fin  0 0 0 0 0 0 0 0 0 0 0 0 0 0 0 0 0 0 0 0 0 0 0 0 0 0 0 0 0 0 0 0 0 0 0 0 0 0 0 0 0 0 0 0 0 0 0 0 0 0 0 0 0 0 0 0 0 0 0 0 0 0 0 0 0 0 0 0 0 0 0 0 0 0 0 0 0 0 0 0 0 0 0 0 0 0 0 0 0
geno chr20.60624169 gbr  0 0 0 0 0 0 0 0 0 0 0 0 0 0 0 0 0 0 0 0 0 0 0 0 0 0 0 0 0 0 0 0 0 0 0 0 0 0 0 0 0 0 0 0 0 0 0 0 0 0 0 0 0 0 0 0 0 0 0 0 0 0 0 0 0 0 0 0 0 0 0 0 0 0 0 0 0 0 0 0 0 0 0 0
geno chr20.60624169 tsi  0 0 0 0 0 0 0 0 0 1 0 0 0 0 0 0 0 0 0 0 0 0 0 0 0 0 0 0 0 0 0 0 0 0 0 0 0 0 0 0 0 0 0 0 0 0 0 0 0 0 0 0 0 0 0 0 0 0 0 0 0 0 0 0 0 0 0 0 0 0 0 0 0 0 0 0 0 0 0 0 0 0 0 0 0 0 0 0 0 0 0 0
geno chr20.60624169 yri  0 0 0 0 0 0 0 1 0 0 0 0 0 1 2 0 1 1 0 1 0 0 0 0 1 1 0 1 0 1 1 1 1 0 0 0 0 0 1 0 0 0 1 0 0 1 0 0 1 0 0 1 0 1 0 1 0 0 0 2 0 1 1 1 0 0 0 0 0 2 1 1 1 0 1 1 0
geno chr20.60624296 ceu  1 1 1 2 1 1 2 2 2 2 0 2 2 2 0 2 1 1 2 2 2 2 1 2 2 1 2 0 2 0 1 0 1 2 2 1 2 2 2 1 1 2 1 1 1 1 2 2 2 1 1 1 1 2 2 2 2 2 1 2 0 2 1 0 1 1 2 1 1 1 1 2 1 1 2 2 1 0
geno chr20.60624296 fin  2 2 2 2 1 0 2 1 0 2 2 2 1 2 2 1 2 2 2 1 1 2 1 1 1 1 2 1 2 2 2 2 1 2 1 2 1 1 1 1 0 2 2 0 1 1 1 2 2 1 1 2 1 1 2 1 1 1 1 0 1 0 2 2 1 1 1 2 1 0 2 1 2 2 1 1 0 2 2 2 0 1 1 2 2 1 0 1 2
geno chr20.60624296 gbr  2 2 1 1 1 1 1 0 2 2 2 2 2 2 1 2 2 2 1 2 0 1 0 1 1 2 2 1 2 0 2 1 2 0 2 2 0 1 1 2 2 2 2 1 1 2 1 1 1 1 1 2 1 1 1 2 2 1 2 2 2 1 2 2 2 1 2 2 2 1 2 2 2 1 0 1 1 1 2 2 0 2 1 1
geno chr20.60624296 tsi  1 2 2 2 0 2 1 1 1 2 1 2 2 2 2 2 1 1 2 1 2 2 1 1 2 2 2 2 0 2 2 0 1 1 0 1 2 2 1 1 2 2 1 1 2 2 2 2 1 2 0 0 2 2 2 2 2 1 1 0 1 2 0 2 1 2 2 2 0 1 1 2 2 1 0 2 2 2 2 0 1 2 1 2 1 1 0 1 2 2 2 2
geno chr20.60624296 yri  2 1 1 2 0 2 2 1 1 2 1 1 1 2 2 2 2 2 2 2 0 1 2 2 1 2 2 2 2 2 2 2 2 2 1 1 2 2 2 1 2 0 2 1 2 2 2 1 2 2 1 2 1 2 1 1 2 2 2 2 1 2 2 1 0 2 2 0 2 2 1 2 2 2 1 2 1
geno chr20.60624376 ceu  0 0 0 0 0 0 0 0 0 1 0 0 0 1 1 0 0 0 0 0 0 0 0 0 0 0 0 0 1 0 0 0 1 0 1 0 0 0 0 0 0 0 0 0 0 0 0 0 0 0 0 0 0 0 0 0 0 1 0 0 0 0 0 0 0 0 1 1 0 0 0 0 0 0 1 1 0 0
geno chr20.60624376 fin  0 0 0 0 0 0 0 0 0 0 0 0 0 0 0 0 0 0 1 0 0 0 0 0 0 0 0 0 0 0 0 0 0 0 0 0 0 0 0 0 0 0 0 0 0 0 0 0 0 0 0 0 0 0 0 0 0 0 0 0 0 0 0 0 0 0 1 0 0 1 0 1 0 0 0 0 0 0 0 0 0 0 0 0 1 0 0 0 0
geno chr20.60624376 gbr  0 1 0 0 0 0 1 0 0 0 0 0 0 0 0 0 0 0 0 0 0 0 0 0 0 0 0 0 0 0 0 1 0 0 0 0 0 0 0 0 0 0 1 0 0 0 1 0 0 0 0 0 0 0 0 0 1 0 0 0 1 0 0 0 0 0 0 0 0 0 0 0 0 0 0 0 0 0 0 0 0 0 0 0
geno chr20.60624376 tsi  0 0 0 0 0 0 0 0 0 0 0 0 0 0 1 0 0 0 0 0 1 0 0 0 0 0 1 0 0 0 0 0 0 0 0 0 0 0 0 0 0 0 0 0 0 0 0 0 0 0 0 0 0 0 0 0 0 0 0 0 0 0 0 0 0 0 0 0 0 0 0 0 0 0 0 0 0 0 0 0 0 0 0 0 0 0 0 0 0 0 0 0
geno chr20.60624376 yri  0 0 0 0 0 0 0 0 0 0 0 0 0 0 0 0 0 0 0 0 0 0 0 0 0 0 0 0 0 0 0 0 0 0 0 0 0 0 0 0 1 0 0 1 0 0 0 0 0 1 0 1 0 0 0 0 0 0 1 0 0 0 0 0 0 0 0 0 0 0 0 0 0 0 0 0 0
geno chr20.60625188 ceu  0 0 0 0 0 0 0 0 0 0 0 0 1 0 0 0 0 0 0 0 1 0 0 0 0 0 0 0 1 0 0 0 0 0 0 0 0 0 0 1 0 0 0 0 0 1 0 0 0 0 0 0 1 0 0 1 0 0 0 1 0 0 0 0 0 1 0 0 0 0 0 1 0 0 1 1 0 0
geno chr20.60625188 fin  2 0 1 0 1 0 0 0 0 1 1 1 1 0 0 0 0 0 0 1 0 0 0 1 0 0 2 0 0 1 1 0 0 2 0 1 1 1 0 0 0 2 1 0 0 0 0 0 1 0 0 0 0 0 0 0 0 1 0 0 0 0 0 0 0 0 0 0 0 0 0 1 1 0 1 0 0 0 0 0 0 1 0 1 1 1 0 1 0
geno chr20.60625188 gbr  1 0 0 1 0 0 1 0 0 0 0 0 0 1 0 0 0 0 1 1 0 0 0 0 0 0 0 1 0 0 0 0 1 0 1 0 0 0 0 0 1 0 0 0 0 1 0 0 0 0 0 1 0 0 1 0 0 0 0 0 1 0 1 0 1 0 0 0 0 0 0 0 0 1 0 0 0 0 1 0 0 0 0 0
geno chr20.60625188 tsi  0 0 0 0 0 0 0 0 1 0 0 0 0 0 0 0 0 1 1 0 0 1 0 0 0 0 1 0 0 1 0 0 0 0 0 1 1 0 0 0 0 0 0 0 0 1 1 0 0 0 0 0 0 0 0 0 0 0 0 0 0 0 0 0 0 0 0 0 0 0 0 0 0 0 0 1 0 0 0 0 0 1 0 1 0 0 0 0 0 0 0 0
geno chr20.60625188 yri  0 0 0 0 0 0 0 0 0 0 0 0 0 0 0 0 0 0 0 0 0 0 0 0 0 0 0 0 0 0 0 0 0 0 0 0 0 0 0 0 0 0 0 0 0 0 0 0 0 0 0 0 0 0 0 0 0 0 0 0 0 0 0 0 0 0 0 0 0 0 0 0 0 0 0 0 0
geno chr20.60625329 ceu  1 1 1 2 1 1 2 2 2 2 0 2 2 2 0 2 1 1 2 2 2 2 1 2 2 1 2 0 2 0 1 0 1 2 2 1 2 2 2 1 1 2 1 1 1 1 2 2 2 1 1 1 1 2 2 2 2 2 1 2 0 2 1 0 1 1 2 1 1 1 1 2 1 1 2 2 1 0
geno chr20.60625329 fin  2 2 2 2 1 0 2 1 0 2 2 2 1 2 2 1 2 2 2 1 1 2 1 1 1 1 2 1 2 2 2 2 1 2 1 2 1 1 1 1 0 2 2 0 1 1 1 2 2 1 1 2 1 1 2 1 1 1 1 0 1 0 2 2 1 1 1 2 1 0 2 1 2 2 1 1 0 1 2 2 0 1 1 2 2 1 0 1 2
geno chr20.60625329 gbr  2 2 1 1 1 1 1 0 2 2 1 2 2 2 1 2 2 2 1 2 0 1 0 1 1 2 2 1 2 0 1 1 2 0 2 2 0 1 1 2 2 2 2 1 1 2 1 1 1 1 1 2 1 1 1 2 2 1 2 2 2 1 2 2 2 1 2 2 2 1 2 2 2 1 0 1 1 1 2 1 0 2 1 1
geno chr20.60625329 tsi  1 2 2 2 0 2 1 1 1 2 1 2 2 2 2 2 1 1 2 1 2 2 1 1 2 2 2 2 0 1 2 0 1 1 0 1 2 2 1 1 2 2 1 1 2 2 2 2 1 2 0 0 2 2 2 2 2 1 1 0 1 2 0 2 1 2 2 2 0 1 1 2 2 1 0 2 2 2 2 0 1 2 1 2 1 1 0 1 2 2 2 2
geno chr20.60625329 yri  2 1 1 2 0 2 2 1 1 2 1 1 1 2 2 2 2 2 2 2 0 1 2 2 1 2 2 2 2 2 2 2 2 2 1 1 2 2 2 1 2 0 2 1 2 2 2 1 2 2 1 2 1 2 1 1 2 2 2 2 1 2 2 1 0 2 2 0 2 2 1 2 2 2 1 2 1
geno chr20.60625337 ceu  0 0 0 0 0 0 0 0 0 0 0 0 0 0 0 0 0 0 0 0 0 0 0 0 0 0 0 0 0 0 0 0 0 0 0 0 0 0 0 0 0 0 0 0 0 0 0 0 0 0 0 0 0 0 0 0 0 0 0 0 0 0 0 0 0 0 0 0 0 0 0 0 0 0 0 0 0 0
geno chr20.60625337 fin  0 0 0 0 0 0 0 0 0 0 0 0 0 0 0 0 0 0 0 0 0 0 0 0 0 0 0 0 0 0 0 0 0 0 0 1 0 0 0 0 0 0 0 0 0 0 0 0 0 0 1 0 0 0 0 0 0 0 0 0 0 0 0 0 0 0 0 0 0 0 0 0 0 0 0 0 0 0 0 0 0 0 0 0 0 0 0 0 0
geno chr20.60625337 gbr  0 0 0 0 0 0 0 0 0 0 0 0 0 0 0 0 0 0 0 0 0 0 0 0 0 0 0 0 0 0 0 0 0 0 0 0 0 0 0 0 0 0 0 0 0 0 0 0 0 0 0 0 0 0 0 0 0 0 0 0 0 0 0 0 0 0 0 0 0 0 0 0 0 0 0 0 0 0 0 0 0 0 0 0
geno chr20.60625337 tsi  0 0 1 0 0 0 0 0 0 0 0 0 0 0 0 0 0 0 0 0 0 0 0 0 0 0 0 0 0 0 0 0 0 0 0 0 0 0 0 0 0 0 0 0 0 0 0 0 0 0 0 0 0 0 0 0 0 0 0 0 0 0 0 0 0 0 0 0 0 0 0 0 0 0 0 0 0 0 0 0 0 0 0 0 0 0 0 0 0 0 0 0
geno chr20.60625337 yri  0 0 1 0 0 0 0 0 0 1 0 0 0 0 0 1 0 0 1 0 0 1 0 1 0 0 0 0 0 0 0 0 1 1 0 0 2 1 1 1 0 0 0 0 0 1 1 0 0 0 1 0 0 0 1 0 1 1 1 0 0 0 1 0 0 0 0 0 1 0 0 0 1 0 0 0 0
geno chr20.60625401 ceu  0 1 1 0 1 0 0 0 0 0 2 0 0 0 2 0 1 1 0 0 0 0 1 0 0 1 0 1 0 2 0 2 1 0 0 1 0 0 0 1 1 0 0 1 1 1 0 0 0 1 1 1 1 0 0 0 0 0 1 0 2 0 1 2 1 1 0 1 1 1 1 0 1 1 0 0 1 1
geno chr20.60625401 fin  0 0 0 0 1 2 0 1 2 0 0 0 1 0 0 1 0 0 0 1 1 0 0 1 1 1 0 1 0 0 0 0 1 0 1 0 1 1 1 1 2 0 0 2 1 1 1 0 0 1 1 0 1 1 0 1 1 1 1 2 1 2 0 0 1 1 1 0 0 2 0 1 0 0 1 1 1 1 0 0 2 1 0 0 0 1 2 1 0
geno chr20.60625401 gbr  0 0 1 1 1 1 1 2 0 0 1 0 0 0 1 0 0 0 1 0 2 1 2 1 0 0 0 1 0 2 1 1 0 2 0 0 1 1 1 0 0 0 0 1 1 0 1 1 1 1 1 0 1 1 1 0 0 1 0 0 0 1 0 0 0 1 0 0 0 1 0 0 0 1 2 1 1 1 0 1 2 0 1 1
geno chr20.60625401 tsi  1 0 0 0 2 0 1 1 1 0 1 0 0 0 0 0 1 1 0 1 0 0 1 1 0 0 0 0 2 1 0 2 0 1 2 1 0 0 1 1 0 0 0 1 0 0 0 0 1 0 1 0 0 0 0 0 0 1 1 2 1 0 2 0 1 0 0 0 2 1 0 0 0 1 1 0 0 0 0 1 1 0 1 0 0 1 2 1 0 0 0 0
geno chr20.60625401 yri  0 0 0 0 0 0 0 0 0 0 0 0 0 0 0 0 0 0 0 0 0 0 0 0 0 0 0 0 0 0 0 0 0 0 0 0 0 0 0 0 0 0 0 0 0 0 0 0 0 0 0 0 0 0 0 0 0 0 0 0 0 0 0 0 0 0 0 0 0 0 0 0 0 0 0 0 0
geno chr20.60625434 ceu  0 0 0 0 0 0 0 0 0 0 0 0 1 0 0 0 0 0 0 0 1 0 0 0 0 0 0 0 1 0 0 0 0 0 0 0 0 0 0 1 0 0 0 0 0 1 0 0 0 0 0 0 1 0 0 1 0 0 0 1 0 0 0 0 0 1 0 0 0 0 0 1 0 0 1 1 0 0
geno chr20.60625434 fin  2 0 1 0 1 0 0 0 0 1 1 1 1 0 0 0 0 0 0 1 0 0 0 1 0 0 2 0 0 1 1 0 0 2 0 1 1 1 0 0 0 2 1 0 0 0 0 0 1 0 0 0 0 0 0 0 0 1 0 0 0 0 0 0 0 0 0 0 0 0 0 1 1 0 1 0 0 0 0 0 0 1 0 1 1 1 0 1 0
geno chr20.60625434 gbr  1 0 0 1 0 0 1 0 0 0 0 0 0 1 0 0 0 0 1 1 0 0 0 0 0 0 0 1 0 0 0 0 1 0 1 0 0 0 0 0 1 0 0 0 0 1 0 0 0 0 0 1 0 0 1 0 0 0 0 0 1 0 1 0 1 0 0 0 0 0 0 0 0 1 0 0 0 0 1 0 0 0 0 0
geno chr20.60625434 tsi  0 0 0 0 0 0 0 0 1 0 0 0 0 0 0 0 0 1 1 0 0 1 0 0 0 0 1 0 0 1 0 0 0 0 0 1 1 0 0 0 0 0 0 0 0 1 1 0 0 0 0 0 0 0 0 0 0 0 0 0 0 0 0 0 0 0 0 0 0 0 0 0 0 0 0 1 0 0 0 0 0 1 0 1 0 0 0 0 0 0 0 0
geno chr20.60625434 yri  0 0 0 0 0 0 0 0 0 0 0 0 0 0 0 0 0 0 0 0 0 0 0 0 0 0 0 0 0 0 0 0 0 0 0 0 0 0 0 0 0 0 0 0 0 0 0 0 0 0 0 0 0 0 0 0 0 0 0 0 0 0 0 0 0 0 0 0 0 0 0 0 0 0 0 0 0
geno chr20.60626299 ceu  1 1 1 2 1 1 2 2 2 2 0 2 1 2 0 2 1 1 2 2 1 2 1 2 2 1 2 0 1 0 1 0 1 2 2 1 2 2 2 0 1 2 1 1 1 0 2 2 2 1 1 1 0 2 2 1 2 2 1 1 0 2 1 0 1 0 2 1 1 1 1 1 1 1 1 1 1 0
geno chr20.60626299 fin  0 2 1 2 0 0 2 1 0 1 1 1 0 2 2 1 2 2 2 0 1 2 1 0 1 1 0 1 2 1 1 2 1 0 1 1 0 0 1 1 0 0 1 0 1 1 1 2 1 1 1 2 1 1 2 1 1 0 1 0 1 0 2 2 1 1 1 2 1 0 2 0 1 2 0 1 0 1 2 2 0 0 1 1 1 0 0 0 2
geno chr20.60626299 gbr  1 2 1 0 1 1 0 0 2 2 1 2 2 1 1 2 2 2 0 1 0 1 0 1 1 2 2 0 2 0 1 1 1 0 1 2 0 1 1 1 1 2 1 1 1 1 1 1 1 1 1 1 1 1 0 2 2 1 2 2 1 1 1 2 1 1 2 2 2 1 2 2 2 0 0 1 1 1 1 1 0 2 1 1
geno chr20.60626299 tsi  1 2 2 2 0 2 1 1 0 1 1 2 2 2 2 2 1 0 1 1 2 1 1 1 2 2 1 2 0 0 2 0 1 1 0 0 1 2 1 1 2 2 1 1 2 1 1 2 1 2 0 0 2 2 2 2 2 1 1 0 1 2 0 2 1 2 2 2 0 1 1 2 2 1 0 1 2 2 2 0 1 1 1 1 1 1 0 1 2 2 2 2
geno chr20.60626299 yri  2 1 1 2 0 2 2 0 1 2 1 1 1 1 0 2 1 1 2 1 0 1 2 2 0 1 2 1 2 1 1 1 1 2 1 1 2 2 1 1 2 0 1 0 2 1 2 1 1 2 1 1 1 1 1 0 2 1 2 0 1 1 1 0 0 2 2 0 2 0 0 1 1 2 0 1 1
geno chr20.60626300 ceu  1 1 1 2 1 1 2 2 2 2 0 2 1 2 0 2 1 1 2 2 1 2 1 2 2 1 2 0 1 0 1 0 1 2 2 1 2 2 2 0 1 2 1 1 1 0 2 2 2 1 1 1 0 2 2 1 2 2 1 1 0 2 1 0 1 0 2 1 1 1 1 1 1 1 1 1 1 0
geno chr20.60626300 fin  0 2 1 2 0 0 2 1 0 1 1 1 0 2 2 1 2 2 2 0 1 2 1 0 1 1 0 1 2 2 2 2 1 0 1 1 0 0 1 1 0 0 1 0 1 1 1 2 1 1 1 2 1 1 2 1 1 0 1 0 1 0 2 2 1 1 1 2 1 0 2 0 1 2 0 1 0 1 2 2 0 0 1 1 1 0 0 0 2
geno chr20.60626300 gbr  1 2 1 0 1 1 0 0 2 2 1 2 2 1 1 2 2 2 0 1 0 1 0 1 1 2 2 0 2 0 1 1 1 0 1 2 0 1 0 1 1 2 1 1 1 1 1 1 1 1 1 1 1 1 0 2 2 1 2 2 1 1 1 2 1 1 2 2 2 1 2 2 2 0 0 1 1 1 1 1 0 2 1 1
geno chr20.60626300 tsi  1 2 2 2 0 2 1 1 0 1 1 2 2 2 2 2 1 0 1 1 2 1 1 1 2 2 1 2 0 0 2 0 1 1 0 0 1 2 1 1 2 2 1 1 2 1 1 2 1 2 0 0 2 2 2 2 2 1 1 0 1 2 0 2 1 2 2 2 0 1 1 2 2 1 0 1 2 2 2 0 1 1 1 1 1 1 0 1 2 2 2 2
geno chr20.60626300 yri  2 1 1 2 0 2 2 0 1 2 1 1 1 1 0 2 1 1 2 1 0 1 2 2 0 1 2 1 2 1 1 1 1 2 1 1 2 2 1 1 2 0 1 0 2 1 2 1 1 2 1 1 1 1 1 0 2 1 2 0 1 1 1 0 0 2 2 0 2 0 0 1 1 2 0 1 1
geno chr20.60626377 ceu  1 1 1 2 1 1 2 2 2 2 0 2 1 2 0 2 1 1 2 2 1 2 1 2 2 1 2 0 1 0 1 0 1 2 2 1 2 2 2 0 1 2 1 1 1 0 2 2 2 1 1 1 0 2 2 1 2 2 1 1 0 2 1 0 1 0 2 1 1 1 1 1 1 1 1 1 1 0
geno chr20.60626377 fin  0 2 1 2 0 0 2 1 0 1 1 1 0 2 2 1 2 2 2 0 1 2 1 0 1 1 0 1 2 1 1 2 1 0 1 1 0 0 1 1 0 0 1 0 1 1 1 2 1 1 1 2 1 1 2 1 1 0 1 0 1 0 2 2 1 1 1 2 1 0 2 0 1 2 0 1 0 1 2 2 0 0 1 1 1 0 0 0 2
geno chr20.60626377 gbr  1 2 1 0 1 1 0 0 2 2 1 2 2 1 1 2 2 2 0 1 0 1 0 1 1 2 2 0 2 0 1 1 1 0 1 2 0 1 1 2 1 2 2 1 1 1 1 1 1 1 1 1 1 1 0 2 2 1 2 2 1 1 1 2 1 1 2 2 2 1 2 2 2 0 0 1 1 1 1 1 0 2 1 1
geno chr20.60626377 tsi  1 2 2 2 0 2 1 1 0 1 1 2 2 2 2 2 1 0 1 1 2 1 1 1 2 2 1 2 0 0 2 0 1 1 0 0 1 2 1 1 2 2 1 1 2 1 1 2 1 2 0 0 2 2 2 2 2 1 1 0 1 2 0 2 1 2 2 2 0 1 1 2 2 1 0 1 2 2 2 0 1 1 1 1 1 1 0 1 2 2 2 2
geno chr20.60626377 yri  2 1 1 2 0 2 2 0 1 2 1 1 1 1 0 2 1 1 2 1 0 1 2 2 0 1 2 1 2 1 1 1 1 2 1 1 2 2 1 1 2 0 1 0 2 1 2 1 1 2 1 1 1 1 1 0 2 2 2 0 1 1 1 0 0 2 2 0 2 0 0 1 1 2 0 1 1
geno chr20.60626769 ceu  1 1 1 2 1 1 2 2 2 2 0 2 1 2 0 2 1 1 2 2 1 2 1 2 2 1 2 0 1 0 1 0 1 2 2 1 2 2 2 0 1 2 1 1 1 0 2 2 2 1 1 1 0 2 2 1 2 2 1 1 0 2 1 0 1 0 2 1 1 1 1 1 1 1 1 1 1 0
geno chr20.60626769 fin  0 2 1 2 0 0 2 1 0 1 1 1 0 2 2 1 2 2 2 0 1 2 1 0 1 1 0 1 2 1 1 2 1 0 1 1 0 0 1 1 0 0 1 0 1 1 1 2 1 1 1 2 1 1 2 1 1 0 1 0 1 0 2 2 1 1 1 2 1 0 2 0 1 2 0 1 0 1 2 2 0 0 1 1 1 0 0 0 2
geno chr20.60626769 gbr  1 2 1 0 1 1 0 0 2 2 1 2 2 1 1 2 2 2 0 1 0 1 0 1 1 2 2 0 2 0 1 1 1 0 1 2 0 1 1 2 1 2 2 1 1 1 1 1 1 1 1 1 1 1 0 2 2 1 2 2 1 1 1 2 1 1 2 2 2 1 2 2 2 0 0 1 1 1 1 1 0 2 1 1
geno chr20.60626769 tsi  1 2 2 2 0 2 1 1 0 1 1 2 2 2 2 2 1 0 1 1 2 1 1 1 2 2 1 2 0 0 2 0 1 1 0 0 1 2 1 1 2 2 1 1 2 1 1 2 1 2 0 0 2 2 2 2 2 1 1 0 1 2 0 2 1 2 2 2 0 1 1 2 2 1 0 1 2 2 2 0 1 1 1 1 1 1 0 1 2 2 2 2
geno chr20.60626769 yri  2 1 1 2 0 2 2 0 1 2 1 1 1 1 0 2 1 1 2 1 0 1 2 2 0 1 2 1 2 1 1 1 1 2 1 1 2 2 1 1 2 0 1 0 2 1 2 1 1 2 1 1 1 1 1 0 2 2 2 0 1 1 1 0 0 2 2 0 2 0 0 1 1 2 0 1 1
geno chr20.60627034 ceu  1 1 1 2 1 1 2 2 2 2 0 2 1 2 0 2 1 1 2 2 1 2 1 2 2 1 2 0 1 0 1 0 1 2 2 1 2 2 2 0 1 2 1 1 1 0 2 2 2 1 1 1 0 2 2 1 2 2 1 1 0 2 1 0 1 0 2 1 1 1 1 1 1 1 1 1 1 0
geno chr20.60627034 fin  0 2 1 2 0 0 2 1 0 1 1 1 0 2 2 1 2 2 2 0 1 2 1 0 1 1 0 1 2 1 1 2 1 0 1 1 0 0 1 1 0 0 1 0 1 1 1 2 1 1 1 2 1 1 2 1 1 0 1 0 1 0 2 2 1 1 1 2 1 0 2 0 1 2 0 1 0 1 2 2 0 0 1 1 1 0 0 0 2
geno chr20.60627034 gbr  1 2 1 0 1 1 0 0 2 2 1 2 2 1 1 2 2 2 0 1 0 1 0 1 1 2 2 0 2 0 1 1 1 0 1 2 0 1 1 2 1 2 2 1 1 1 1 1 1 1 1 1 1 1 0 2 2 1 2 2 1 1 1 2 1 1 2 2 2 1 2 2 2 0 0 1 1 1 1 1 0 2 1 1
geno chr20.60627034 tsi  1 2 2 2 0 2 1 1 0 1 1 2 2 2 2 2 1 0 1 1 2 1 1 1 2 2 1 2 0 0 2 0 1 1 0 0 1 2 1 1 2 2 1 1 2 1 1 2 1 2 0 0 2 2 2 2 2 1 1 0 1 2 0 2 1 2 2 2 0 1 1 2 2 1 0 1 2 2 2 0 1 1 1 1 1 1 0 1 2 2 2 2
geno chr20.60627034 yri  2 1 1 2 0 2 2 0 1 2 1 1 1 1 0 2 1 1 2 1 0 1 2 2 0 1 2 1 2 1 1 1 1 2 1 1 2 2 1 1 2 0 1 0 2 1 2 1 1 2 1 1 1 1 1 0 2 2 2 0 1 1 1 0 0 2 2 0 2 0 0 1 1 2 0 1 1
geno chr20.60627180 ceu  1 1 1 2 1 1 2 2 2 2 0 2 2 2 0 2 1 1 2 2 2 2 1 2 2 1 2 0 2 0 1 0 1 2 2 1 2 2 2 1 1 2 1 1 1 1 2 2 2 1 1 1 1 2 2 2 2 2 1 2 0 2 1 0 1 1 2 1 1 1 1 2 1 1 2 2 1 0
geno chr20.60627180 fin  2 2 2 2 1 0 2 1 0 2 2 2 1 2 2 1 2 2 2 1 1 2 1 1 1 1 2 1 2 2 2 2 1 2 1 2 1 1 1 1 0 2 2 0 1 1 1 2 2 1 1 2 1 1 2 1 1 1 1 0 1 0 2 2 1 1 1 2 1 0 2 1 2 2 1 1 0 1 2 2 0 1 1 2 2 1 0 1 2
geno chr20.60627180 gbr  2 2 1 1 1 1 1 0 2 2 1 2 2 2 1 2 2 2 1 2 0 1 0 1 1 2 2 1 2 0 1 1 2 0 2 2 0 1 1 2 2 2 2 1 1 2 1 1 1 1 1 2 1 1 1 2 2 1 2 2 2 1 2 2 2 1 2 2 2 1 2 2 2 1 0 1 1 1 2 1 0 2 1 1
geno chr20.60627180 tsi  1 2 2 2 0 2 1 1 1 2 1 2 2 2 2 2 1 1 2 1 2 2 1 1 2 2 2 2 0 1 2 0 1 1 0 1 2 2 1 1 2 2 1 1 2 2 2 2 1 2 0 0 2 2 2 2 2 1 1 0 1 2 0 2 1 2 2 2 0 1 1 2 2 1 0 2 2 2 2 0 1 2 1 2 1 1 0 1 2 2 2 2
geno chr20.60627180 yri  2 1 1 2 0 2 2 1 1 2 1 1 1 2 2 2 2 2 2 2 0 1 2 2 1 2 2 2 2 2 2 2 2 2 1 1 2 2 2 1 2 0 2 0 2 2 2 1 2 2 1 2 1 2 1 1 2 2 2 2 1 2 2 1 0 2 2 0 2 2 1 2 2 2 1 2 1
geno chr20.60627552 ceu  1 1 1 2 1 1 2 2 2 2 0 2 1 2 0 2 1 1 2 2 1 2 1 2 2 1 2 0 1 0 1 0 1 2 2 1 2 2 2 0 1 2 1 1 1 0 2 2 2 1 1 2 0 2 2 1 2 2 1 1 0 2 1 0 1 0 2 1 1 1 1 1 1 1 1 1 1 0
geno chr20.60627552 fin  0 2 1 2 0 0 2 2 0 1 1 1 0 2 2 1 2 2 2 0 1 2 1 0 1 1 0 1 2 1 1 2 1 0 1 1 0 0 1 1 0 0 1 0 1 1 1 2 1 1 1 2 1 1 2 1 1 0 1 0 1 0 2 2 1 1 1 2 1 0 2 0 1 2 0 1 0 1 2 2 0 0 1 1 1 0 0 0 2
geno chr20.60627552 gbr  1 2 1 0 1 1 0 0 2 2 1 2 2 1 1 2 2 2 0 1 0 1 0 1 1 2 2 0 2 0 1 1 1 0 1 2 0 1 1 2 1 2 2 1 1 1 1 1 1 1 1 1 1 1 0 2 2 1 2 2 1 1 1 2 1 1 2 2 2 1 2 2 2 0 0 1 1 1 1 1 0 2 1 1
geno chr20.60627552 tsi  1 2 2 2 0 2 1 1 0 1 1 2 2 2 2 2 1 0 1 1 2 1 1 1 2 2 1 2 0 0 2 0 1 1 0 0 1 2 1 1 2 2 1 1 2 1 1 2 1 2 0 0 2 2 2 2 2 1 1 0 1 2 0 2 1 2 2 2 0 1 1 2 2 1 0 1 2 2 2 0 1 1 1 1 1 1 0 1 2 2 2 2
geno chr20.60627552 yri  2 1 1 2 0 2 2 0 1 2 1 1 1 1 0 2 1 1 2 1 0 1 2 2 0 1 2 1 2 1 1 1 1 2 1 1 2 2 1 1 2 0 1 0 2 1 2 1 1 2 1 1 1 1 1 0 2 2 2 0 1 1 1 0 0 2 2 0 2 0 0 1 1 2 0 1 1
geno chr20.60627723 ceu  1 1 1 2 1 1 2 2 2 2 0 2 2 2 0 2 1 1 2 2 2 2 1 2 2 1 2 0 2 0 1 0 1 2 2 1 2 2 2 1 1 2 1 1 1 1 2 2 2 1 1 1 1 2 2 2 2 2 1 2 0 2 1 0 1 1 2 1 1 1 1 2 1 1 2 2 1 0
geno chr20.60627723 fin  2 2 2 2 1 0 2 1 0 2 2 2 1 2 2 1 2 2 2 1 1 2 1 1 1 1 2 1 2 2 2 2 1 2 1 2 1 1 1 1 0 2 2 0 1 1 1 2 2 1 1 2 1 1 2 1 1 1 1 0 1 0 2 2 1 1 1 2 1 0 2 1 2 2 1 1 0 1 2 2 0 1 1 2 2 1 0 1 2
geno chr20.60627723 gbr  2 2 1 1 1 1 1 0 2 2 1 2 2 2 1 2 2 2 1 2 0 1 0 1 1 2 2 1 2 0 1 1 2 0 2 2 0 1 1 2 2 2 2 1 1 2 1 1 1 1 1 2 1 1 1 2 2 1 2 2 2 1 2 2 2 1 2 2 2 1 2 2 2 1 0 1 1 1 2 1 0 2 2 1
geno chr20.60627723 tsi  1 2 2 2 0 2 1 1 1 2 1 2 2 2 2 2 1 1 2 1 2 2 1 1 2 2 2 2 0 1 2 0 1 1 0 1 2 2 1 1 2 2 1 1 2 2 2 2 1 2 0 0 2 2 2 2 2 1 1 0 1 2 0 2 1 2 2 2 0 1 1 2 2 1 0 2 2 2 2 0 1 2 1 2 1 1 0 1 2 2 2 2
geno chr20.60627723 yri  2 1 1 2 0 2 2 1 1 2 1 1 1 2 2 2 2 2 2 2 0 1 2 2 1 2 2 2 2 2 2 2 2 2 1 1 2 2 2 1 2 0 2 1 2 2 2 1 2 2 1 2 1 2 1 1 2 2 2 2 1 2 2 1 0 2 2 0 2 2 1 2 2 2 1 2 1
geno chr20.60627729 ceu  1 1 1 2 1 1 2 2 2 2 0 2 2 2 0 2 1 1 2 2 2 2 1 2 2 1 2 0 2 0 1 0 1 2 2 1 2 2 2 1 1 2 1 1 1 1 2 2 2 1 1 1 1 2 2 2 2 2 1 2 0 2 1 0 1 1 2 1 1 1 1 2 1 1 2 2 1 0
geno chr20.60627729 fin  2 2 2 2 1 0 2 1 0 2 2 2 1 2 2 1 2 2 2 1 1 2 1 1 1 1 2 1 2 2 2 2 1 2 1 2 1 1 1 1 0 2 2 0 1 1 1 2 2 1 1 2 1 1 2 1 1 1 1 0 1 0 2 2 1 1 1 2 1 0 2 1 2 2 1 1 0 1 2 2 0 1 1 2 2 1 0 1 2
geno chr20.60627729 gbr  2 2 1 1 1 1 1 0 2 2 1 2 2 2 1 2 2 2 1 2 0 1 0 1 1 2 2 1 2 0 1 1 2 0 2 2 0 1 1 2 2 2 2 1 1 2 1 1 1 1 1 2 1 1 1 2 2 1 2 2 2 1 2 2 2 1 2 2 2 1 2 2 2 1 0 1 1 1 2 1 0 2 2 1
geno chr20.60627729 tsi  1 2 2 2 0 2 1 1 1 2 1 2 2 2 2 2 1 1 2 1 2 2 1 1 2 2 2 2 0 1 2 0 1 1 0 1 2 2 1 1 2 2 1 1 2 2 2 2 1 2 0 0 2 2 2 2 2 1 1 0 1 2 0 2 1 2 2 2 0 1 1 2 2 1 0 2 2 2 2 0 1 2 1 2 1 1 0 1 2 2 2 2
geno chr20.60627729 yri  2 1 1 2 0 2 2 1 1 2 1 1 1 2 2 2 2 2 2 2 0 1 2 2 1 2 2 2 2 2 2 2 2 2 1 1 2 2 2 1 2 0 2 1 2 2 2 1 2 2 1 2 1 2 1 1 2 2 2 2 1 2 2 1 0 2 2 0 2 2 1 2 2 2 1 2 1
geno chr20.60627893 ceu  1 1 1 2 1 1 2 2 2 2 0 2 1 2 0 2 1 1 2 2 1 2 1 2 2 1 2 0 1 0 1 0 1 2 2 1 2 2 2 0 1 2 1 1 1 0 2 2 2 1 1 1 0 2 2 1 2 2 1 1 0 2 1 0 1 0 2 1 1 1 1 1 1 1 1 1 1 0
geno chr20.60627893 fin  0 2 1 2 0 0 2 1 0 1 1 1 0 2 1 1 2 2 2 0 1 2 1 0 1 1 0 1 2 1 1 2 1 0 1 1 0 0 1 1 0 0 1 0 0 1 1 2 1 1 1 2 1 1 2 1 1 0 1 0 1 0 2 2 1 1 1 2 1 0 2 0 1 2 0 1 0 1 2 2 0 0 1 1 1 0 0 0 2
geno chr20.60627893 gbr  1 2 1 0 1 1 0 0 2 2 1 2 2 1 1 2 2 2 0 1 0 1 0 1 1 2 2 0 2 0 1 1 1 0 1 2 0 1 1 2 1 2 2 1 1 1 1 1 1 1 1 1 1 1 0 2 2 1 2 2 1 1 1 2 1 1 2 2 2 1 2 2 2 0 0 1 1 1 1 1 0 2 2 1
geno chr20.60627893 tsi  1 2 2 2 0 2 1 1 0 1 1 2 2 2 2 2 1 0 1 1 2 1 1 1 2 2 1 2 0 0 2 0 1 1 0 0 1 2 1 1 2 2 1 1 2 1 1 2 1 2 0 0 2 2 2 2 2 1 1 0 1 2 0 2 1 2 2 2 0 1 1 2 2 1 0 1 2 2 2 0 1 1 1 1 1 1 0 1 2 2 2 2
geno chr20.60627893 yri  2 2 1 2 0 2 2 0 1 2 1 1 1 1 0 2 1 1 2 1 0 1 2 2 0 1 2 1 2 1 1 1 1 2 1 1 2 2 1 1 2 0 1 0 2 1 2 1 1 2 1 1 0 1 1 0 2 2 2 0 1 1 1 0 0 2 2 0 2 0 0 1 1 2 0 1 1
geno chr20.60628382 ceu  1 2 1 2 1 1 2 2 2 2 0 2 2 2 0 2 1 1 2 2 2 2 2 2 2 1 2 0 2 0 1 0 1 2 2 1 2 2 2 1 1 2 1 1 1 1 2 2 2 2 1 1 1 2 2 2 2 2 2 2 0 2 2 0 1 1 2 1 1 1 1 2 1 1 2 2 1 0
geno chr20.60628382 fin  2 2 2 2 1 0 2 1 0 2 2 2 1 2 2 1 2 2 2 1 2 2 1 1 1 1 2 1 2 2 2 2 1 2 1 1 1 1 1 1 0 2 2 0 1 2 1 2 2 1 0 2 1 1 2 1 1 1 1 0 1 1 2 2 1 1 2 2 1 0 2 1 2 2 1 1 0 1 2 2 0 1 1 2 2 1 1 2 2
geno chr20.60628382 gbr  2 2 1 1 1 1 1 0 2 1 1 1 2 2 1 2 2 2 1 2 1 1 1 1 1 2 2 1 2 0 1 1 2 0 2 2 0 1 1 2 2 2 2 1 1 2 2 1 1 1 1 2 1 1 1 2 2 1 2 2 2 1 2 2 2 2 2 2 2 1 2 2 2 1 0 1 1 1 2 1 0 2 2 1
geno chr20.60628382 tsi  1 2 1 2 0 2 1 1 1 2 1 2 2 2 2 2 1 1 2 1 2 2 1 1 2 2 2 2 0 1 2 0 1 1 1 1 2 2 1 2 2 2 1 2 2 2 2 2 1 2 0 1 2 2 2 2 2 1 1 1 1 2 0 2 1 2 2 2 0 1 1 2 2 1 0 2 2 2 2 1 1 2 1 2 1 1 1 1 2 2 2 2
geno chr20.60628382 yri  2 1 1 2 0 2 2 1 1 2 1 2 1 2 2 2 2 2 2 2 0 2 2 2 1 2 2 2 2 2 2 2 2 2 1 1 2 2 2 1 2 1 2 0 2 2 2 1 2 2 1 2 1 2 1 1 2 2 2 2 1 2 2 1 1 2 2 1 2 2 1 2 2 2 2 2 1
geno chr20.60628401 ceu  0 0 0 0 0 0 0 0 0 0 0 0 0 0 0 0 0 0 0 0 0 0 0 0 0 0 0 0 0 0 0 0 0 0 0 0 0 0 0 0 0 0 0 0 0 0 0 0 0 0 0 0 0 0 0 0 0 0 0 0 0 0 0 0 0 0 0 0 0 0 0 0 0 0 0 0 0 0
geno chr20.60628401 fin  0 0 0 0 0 0 0 0 0 0 0 0 0 0 0 0 0 0 0 0 0 0 0 0 0 0 0 0 0 0 0 0 0 0 0 1 0 0 0 0 0 0 0 0 0 0 0 0 0 0 1 0 0 0 0 0 0 0 0 0 0 0 0 0 0 0 0 0 0 0 0 0 0 0 0 0 0 0 0 0 0 0 0 0 0 0 0 0 0
geno chr20.60628401 gbr  0 0 0 0 0 0 0 0 0 0 0 0 0 0 0 0 0 0 0 0 0 0 0 0 0 0 0 0 0 0 0 0 0 0 0 0 0 0 0 0 0 0 0 0 0 0 0 0 0 0 0 0 0 0 0 0 0 0 0 0 0 0 0 0 0 0 0 0 0 0 0 0 0 0 0 0 0 0 0 0 0 0 0 0
geno chr20.60628401 tsi  0 0 1 0 0 0 0 0 0 0 0 0 0 0 0 0 0 0 0 0 0 0 0 0 0 0 0 0 0 0 0 0 0 0 0 0 0 0 0 0 0 0 0 0 0 0 0 0 0 0 0 0 0 0 0 0 0 0 0 0 0 0 0 0 0 0 0 0 0 0 0 0 0 0 0 0 0 0 0 0 0 0 0 0 0 0 0 0 0 0 0 0
geno chr20.60628401 yri  0 0 1 0 0 0 0 0 0 1 0 0 0 0 0 1 0 0 1 0 0 1 0 1 0 0 0 0 0 0 0 0 1 1 0 0 2 1 1 1 0 0 0 0 0 1 1 0 0 0 1 0 0 0 1 0 1 1 1 0 0 0 1 0 0 0 0 0 1 0 0 0 1 0 0 0 0
geno chr20.60628429 ceu  1 1 1 2 1 1 2 2 2 2 0 2 1 2 0 2 1 1 2 2 1 2 1 2 2 1 2 0 1 0 1 0 1 2 2 1 2 2 2 0 1 2 1 1 1 0 2 2 2 1 1 1 0 2 2 1 2 2 1 1 0 2 1 0 1 0 2 1 1 1 1 1 1 1 1 1 1 0
geno chr20.60628429 fin  0 2 1 2 0 0 2 1 0 1 1 1 0 2 2 1 2 2 2 0 1 2 1 0 1 1 0 1 2 1 1 2 1 0 1 1 0 0 1 1 0 0 1 0 1 1 1 2 1 1 1 2 1 1 2 1 1 0 1 0 1 0 2 2 1 1 1 2 1 0 2 0 1 2 0 1 0 1 2 2 0 0 1 1 1 0 0 0 2
geno chr20.60628429 gbr  1 2 1 0 1 0 0 0 2 2 1 2 2 1 1 2 2 2 0 1 0 1 0 1 1 2 2 0 2 0 1 1 1 0 1 2 0 1 1 2 1 2 2 1 1 1 0 1 1 1 1 1 1 1 0 2 2 1 2 2 1 1 1 2 1 1 2 2 2 1 2 2 2 0 0 1 1 1 1 1 0 2 2 1
geno chr20.60628429 tsi  1 2 2 2 0 2 1 1 0 1 1 2 2 2 2 2 1 0 1 1 2 1 1 1 2 2 1 2 0 0 2 0 1 1 0 0 1 2 1 1 2 2 1 1 2 1 1 2 1 2 0 0 2 2 2 2 2 1 1 0 1 2 0 2 1 2 2 2 0 1 1 2 2 1 0 1 2 2 2 0 1 1 1 1 1 1 0 1 2 2 2 2
geno chr20.60628429 yri  2 1 0 2 0 2 2 0 1 1 1 1 1 1 0 1 1 1 1 1 0 0 2 1 0 1 2 1 2 1 1 1 0 1 1 1 0 1 0 0 2 0 1 0 2 0 1 1 1 2 0 1 1 1 0 0 1 1 1 0 1 1 0 0 0 2 2 0 1 0 0 1 0 2 0 1 1
geno chr20.60628486 ceu  1 1 1 2 1 1 2 2 2 2 0 2 2 1 0 2 1 1 2 2 2 2 1 2 2 1 2 0 2 0 0 0 1 2 2 1 2 2 2 1 1 2 1 1 1 1 2 1 2 1 1 1 1 2 2 2 2 2 1 1 0 1 1 0 1 1 1 1 1 1 1 2 1 1 2 2 1 0
geno chr20.60628486 fin  2 2 2 2 1 0 2 1 0 2 2 2 1 2 2 1 2 2 2 1 1 2 1 1 1 1 2 1 2 2 2 2 1 2 1 2 1 1 1 1 0 2 2 0 1 1 1 2 2 1 1 2 1 1 2 1 1 1 1 0 1 0 1 2 1 1 1 2 1 0 2 1 2 1 1 1 0 1 2 2 0 1 1 2 2 1 0 1 2
geno chr20.60628486 gbr  2 2 1 1 1 1 1 0 2 2 1 2 2 2 1 2 2 2 1 2 0 1 0 1 1 2 2 1 2 0 1 1 2 0 1 2 0 1 1 2 2 2 2 1 0 2 1 1 1 1 1 2 1 1 1 2 2 1 2 2 2 0 2 2 1 1 2 2 1 1 2 2 2 1 0 1 1 1 2 1 0 2 1 0
geno chr20.60628486 tsi  1 2 2 2 0 2 1 1 1 2 1 2 1 2 1 2 1 1 2 1 2 2 1 1 2 2 1 2 0 1 2 0 1 1 0 1 2 2 0 1 2 2 1 1 2 2 1 2 0 2 0 0 2 2 2 2 2 0 1 0 1 2 0 2 1 2 2 2 0 1 0 2 1 1 0 2 2 1 2 0 1 2 1 2 1 1 0 1 2 2 2 2
geno chr20.60628486 yri  2 1 1 2 0 2 2 1 1 1 1 1 1 2 2 2 2 2 2 2 0 1 2 2 1 2 2 2 2 2 2 2 2 2 1 1 2 2 2 0 2 0 2 0 2 2 1 1 2 2 1 2 1 2 1 1 1 2 2 2 1 2 2 1 0 2 2 0 2 2 1 2 2 2 1 2 1
geno chr20.60628666 ceu  0 0 0 0 0 0 0 0 0 0 0 0 0 0 0 0 0 1 0 0 0 0 1 0 0 0 0 0 0 0 0 0 0 0 0 0 0 0 0 0 0 0 0 0 0 0 0 0 0 0 0 0 0 0 0 0 0 0 0 0 0 0 0 0 0 0 0 0 0 0 0 0 0 0 0 0 0 0
geno chr20.60628666 fin  0 0 0 0 0 0 0 0 0 0 0 0 0 0 0 0 0 0 0 0 0 0 0 0 0 0 0 0 0 0 0 0 0 0 0 0 0 0 0 0 0 0 0 0 0 1 0 0 0 0 0 0 0 0 0 0 0 0 0 0 0 0 0 0 0 0 1 0 0 0 0 0 0 0 0 1 0 0 1 0 0 0 0 0 0 0 0 0 0
geno chr20.60628666 gbr  0 0 0 0 0 0 0 0 0 0 0 0 0 0 0 0 0 0 0 0 0 0 0 0 0 0 0 0 0 0 0 0 0 0 0 0 0 0 0 0 0 0 0 0 0 0 0 0 0 0 0 0 0 0 0 0 0 0 0 0 0 0 0 0 0 0 0 0 0 0 0 0 0 0 0 0 0 1 0 0 0 0 0 0
geno chr20.60628666 tsi  0 0 0 0 0 0 0 0 0 0 0 0 0 0 0 0 0 0 0 0 0 0 0 0 0 0 0 0 0 0 0 0 0 0 0 0 0 0 0 0 0 0 0 0 0 0 0 0 0 0 0 0 0 0 0 0 0 0 0 0 0 0 0 0 0 0 0 0 0 0 0 0 0 0 0 0 0 0 0 0 0 0 0 0 0 0 0 0 0 0 0 0
geno chr20.60628666 yri  0 0 0 0 0 0 0 0 0 0 0 0 0 1 1 0 1 0 0 2 0 0 0 0 0 0 1 1 0 0 1 1 0 0 0 0 0 0 0 0 0 0 0 1 1 0 0 0 0 0 0 1 0 1 0 1 1 1 0 0 0 1 0 1 0 0 0 0 0 1 0 0 1 0 1 1 0
geno chr20.60628858 ceu  0 0 0 0 0 0 0 0 0 0 0 0 1 0 0 0 0 0 0 0 1 0 0 0 0 0 0 0 1 0 0 0 0 0 0 0 0 0 0 1 0 0 0 0 0 1 0 0 0 0 0 0 1 0 0 1 0 0 0 1 0 0 0 0 0 1 0 0 0 0 0 1 0 0 1 1 0 0
geno chr20.60628858 fin  2 0 1 0 1 0 0 0 0 1 1 1 1 0 0 0 0 0 0 1 0 0 0 1 0 0 2 0 0 1 1 0 0 2 0 1 1 1 0 0 0 2 1 0 0 0 0 0 1 0 0 0 0 0 0 0 0 1 0 0 0 0 0 0 0 0 0 0 0 0 0 1 1 0 1 0 0 0 0 0 0 1 0 1 1 1 0 1 0
geno chr20.60628858 gbr  1 0 0 1 0 0 1 0 0 0 0 0 0 1 0 0 0 0 1 1 0 0 0 0 0 0 0 1 0 0 0 0 1 0 1 0 0 0 0 0 1 0 0 0 0 1 0 0 0 0 0 1 0 0 1 0 0 0 0 0 1 0 1 0 1 0 0 0 0 0 0 0 0 1 0 0 0 0 1 0 0 0 0 0
geno chr20.60628858 tsi  0 0 0 0 0 0 0 0 1 0 0 0 0 0 0 0 0 1 1 0 0 1 0 0 0 0 1 0 0 1 0 0 0 0 0 1 1 0 0 0 0 0 0 0 0 1 1 0 0 0 0 0 0 0 0 0 0 0 0 0 0 0 0 0 0 0 0 0 0 0 0 0 0 0 0 1 0 0 0 0 0 1 0 1 0 0 0 0 0 0 0 0
geno chr20.60628858 yri  0 0 0 0 0 0 0 0 0 0 0 0 0 0 0 0 0 0 0 0 0 0 0 0 0 0 0 0 0 0 0 0 0 0 0 0 0 0 0 0 0 0 0 0 0 0 0 0 0 0 0 0 0 0 0 0 0 0 0 0 0 0 0 0 0 0 0 0 0 0 0 0 0 0 0 0 0
geno chr20.60629107 ceu  0 0 0 0 0 0 0 0 0 0 0 0 0 0 0 0 0 0 0 0 0 0 0 0 0 0 0 0 0 0 0 0 0 0 0 0 0 0 0 0 0 0 0 0 0 0 0 0 0 0 0 0 0 0 0 0 0 0 0 0 0 0 0 0 0 0 0 0 0 0 0 0 0 0 0 0 0 0
geno chr20.60629107 fin  0 0 0 0 0 0 0 0 0 0 0 0 0 0 0 0 0 0 0 0 0 0 0 0 0 0 0 0 0 0 0 0 0 0 0 1 0 0 0 0 0 0 0 0 0 0 0 0 0 0 1 0 0 0 0 0 0 0 0 0 0 0 0 0 0 0 0 0 0 0 0 1 0 0 0 0 0 0 0 0 0 0 0 0 1 0 0 0 0
geno chr20.60629107 gbr  0 0 0 0 0 0 0 0 0 0 0 0 0 0 0 0 0 0 0 0 0 0 0 0 0 0 0 0 0 0 0 0 0 0 0 0 0 0 0 0 0 0 0 0 0 0 0 0 0 0 0 0 0 0 0 0 0 0 0 0 1 0 0 0 0 0 0 0 0 0 0 0 0 0 0 0 0 0 0 0 0 0 0 0
geno chr20.60629107 tsi  0 0 1 0 0 0 0 0 0 0 0 0 0 0 0 0 0 0 0 0 0 0 0 0 0 0 0 0 0 0 0 0 0 0 0 0 0 0 0 0 0 0 0 0 0 0 0 0 0 0 0 0 0 0 0 0 0 0 0 0 0 0 0 0 0 0 0 0 0 0 0 0 0 0 0 0 0 0 0 0 0 0 0 0 0 0 0 0 0 0 0 0
geno chr20.60629107 yri  0 0 1 0 0 0 0 0 0 1 0 0 0 0 0 0 0 0 1 0 0 1 0 1 0 0 0 0 0 0 0 0 1 1 0 0 2 1 1 1 0 0 0 0 0 1 1 0 0 0 1 0 0 0 1 0 1 1 1 0 0 0 1 0 0 0 0 0 1 0 0 0 1 0 0 0 0
geno chr20.60629332 ceu  1 1 1 2 1 1 2 2 2 2 0 2 1 2 0 2 1 1 2 2 1 2 1 2 2 1 2 0 1 0 1 0 1 2 2 1 2 2 2 0 1 2 1 1 1 1 2 2 2 1 1 1 0 2 2 1 2 2 1 1 0 2 1 0 1 0 2 1 1 1 1 1 1 1 1 1 1 0
geno chr20.60629332 fin  0 2 1 2 0 0 2 1 0 1 1 1 0 2 2 1 2 2 2 0 1 2 1 0 1 1 0 1 2 1 1 2 1 0 1 0 0 0 1 1 0 0 1 0 1 1 1 2 1 1 0 2 1 1 2 1 1 0 1 0 1 0 2 2 1 1 1 2 1 0 2 0 1 2 0 1 0 1 2 2 0 0 1 1 1 0 0 0 2
geno chr20.60629332 gbr  1 2 1 0 1 1 0 0 2 2 1 2 2 1 1 2 2 2 0 1 0 1 0 1 1 2 2 0 2 0 1 1 1 0 1 2 0 1 1 2 1 2 2 1 1 1 1 1 1 1 1 1 1 1 0 2 2 1 2 2 1 1 1 2 1 1 2 2 2 1 2 2 2 0 0 1 1 1 1 1 0 2 1 1
geno chr20.60629332 tsi  1 2 1 2 0 2 1 1 0 1 1 2 2 2 2 2 1 0 1 1 2 1 1 1 2 2 1 2 0 0 2 0 1 1 0 0 1 2 1 1 2 2 1 1 2 1 1 2 1 2 0 0 2 2 2 2 2 1 1 0 1 2 0 2 1 2 2 2 0 1 1 2 2 1 0 1 2 2 2 0 1 1 1 1 1 1 0 1 2 2 2 2
geno chr20.60629332 yri  2 1 0 2 0 2 2 0 1 1 1 1 1 1 0 2 1 1 1 1 0 0 2 1 0 1 2 1 2 1 1 1 0 1 1 1 0 1 0 0 2 0 1 0 2 0 1 1 1 2 0 1 1 1 0 0 1 1 1 0 1 1 0 0 0 2 2 0 1 0 0 1 0 2 0 1 1
