pheno ENSG00000107669 ceu -1.057767 -0.5103039 -1.017838 -1.066809 -3.181428 -1.73327 -1.679257 -3.613432 -2.104264 -1.342173 -0.8285011 -0.606718 -3.218808 -0.6256536 -1.125249 -1.815263 -0.3062231 -1.946935 -0.6645727 -0.8938924 -1.756492 -0.6247186 -0.8035897 -3.173007 -1.957494 0.1794421 -3.508662 -2.85838 -1.17274 -1.453907 -2.398092 -0.9901804 -0.976873 -1.031963 -0.1419536 -0.5439186 -0.1706786 -2.253772 -3.785243 -0.7645957 -0.9790012 -0.377627 -1.219352 -0.4409097 -1.766034 -0.1817607 -0.5963975 0.09535001 -2.225303 -1.19399 -0.5424102 -3.238437 -1.010394 -2.339935 -1.557005 -2.247283 -2.352762 0.2769509 -1.163839 -1.761008 0.5134377 -1.296211 -1.69997 -4.499127 -0.9788219 -2.465158 -2.51062 -0.8046473 -1.17915 -0.4202494 -2.437966 -3.077386 -2.544581 -0.9200917 -1.830402 -1.077216 -1.325648 -1.65834
pheno ENSG00000107669 fin -0.1029488 0.09309229 -0.3929078 -1.715391 -2.067797 -2.366119 -1.967355 -1.793425 -1.496685 -0.3097927 -1.483171 0.6583467 -3.621613 -2.756131 -2.276744 -2.849819 -1.690424 -1.123752 -1.128389 -0.04971347 -0.6851034 -0.916622 -1.063145 -1.83849 0.9938441 -0.7848402 -2.404986 -1.884824 0.442186 -2.779585 -0.9725646 0.08988187 -2.178974 -0.2821849 -2.198496 -2.527586 -2.139277 -1.657303 -1.494584 0.01442069 0.0435921 -0.6857766 -0.6942919 -3.341056 -0.5531849 -2.696782 0.2886979 -0.000488583 -2.120009 -0.5101424 0.1611227 -2.483458 -2.042485 -0.55573 -2.387823 -0.3045398 -0.5892357 -2.64599 -2.242012 -1.073419 -0.4642795 -1.046908 -2.088289 -1.249459 -0.2823436 -0.5678636 -0.7125305 -0.2445214 -2.43319 -0.9135447 -1.690617 -2.168053 -2.717199 -1.131926 -1.885343 -1.713361 -0.2971377 -0.06287707 -1.225665 -0.8813113 -2.609337 -1.518262 -0.3725589 -2.548866 -0.3691514 -0.4968401 -1.270697 -0.2576456 -2.974295
pheno ENSG00000107669 gbr 0.2901122 2.518907 1.887442 1.81685 1.675215 2.886949 3.278417 3.276436 1.951616 2.124702 1.744565 1.123997 3.721368 0.7295559 1.752961 1.092541 2.404776 3.594063 1.869355 1.530612 2.620996 -0.3107889 2.531969 2.442242 1.897557 0.4904788 2.240939 3.432664 2.696935 1.519 2.565062 1.446281 2.003394 0.8886793 0.953572 1.726303 3.198434 1.626098 1.317952 0.7693526 1.590545 0.4447752 1.23027 -0.2084854 0.7194308 0.92997 2.280305 1.870394 0.4308395 0.2455387 1.691834 1.700613 0.9143667 1.780697 0.9464075 0.4640077 1.624714 2.249522 1.721641 1.515263 0.2328236 0.4368155 1.177764 1.161425 1.75618 -0.2661207 0.9137717 1.645549 0.2682421 2.689614 0.7379013 1.248791 3.124887 1.379212 0.6305506 1.100889 2.031131 2.928726 1.479382 3.205193 1.467134 2.216027 -2.408128 0.5132003
pheno ENSG00000107669 tsi -0.3361713 1.80912 0.8943318 -0.1732798 0.427199 1.205231 0.7567183 -1.60328 3.133076 -1.765538 0.2153348 1.247304 0.6383877 0.4190548 0.3658438 -1.520325 -1.304706 0.1126985 1.256324 -0.8148771 -0.09961794 0.2927491 -2.10956 -0.757794 -0.08218623 -1.196215 0.46286 0.9679975 1.370288 0.4560776 2.916914 3.612519 3.347048 -0.9054974 1.692303 -0.2164616 -0.467662 1.195072 0.7796128 0.8298513 1.713002 1.193471 0.9616952 1.210814 -0.4499526 1.309845 -0.7517906 -1.955757 0.1410478 -0.06141323 1.150428 1.412156 1.719765 -0.3129262 1.538114 -0.6770315 0.8340198 -0.4919133 0.036494 1.152365 0.2881446 1.771621 0.02115254 1.231548 -0.2723318 0.05853088 0.3341048 0.1637344 0.2297136 0.01008473 -1.572181 0.3047852 -0.8650838 1.537673 2.519412 0.9749896 1.935453 0.8981183 1.051309 -0.3870471 -0.8132062 1.658791 1.18978 1.193446 1.053974 1.488888 0.5529085 0.1205091 0.6910227 1.584864 1.43217 0.8109686
pheno ENSG00000107669 yri 4.020067 1.832364 3.239435 1.689525 3.059808 0.2008532 1.448559 2.720015 0.5806265 1.330097 2.67649 2.818007 1.645955 2.635259 4.034394 5.011793 2.80825 2.820641 2.334117 3.955473 1.873397 2.131088 3.574457 2.2315 2.07861 3.253585 1.421955 2.326891 2.759153 4.478786 2.609901 1.691616 4.549899 4.672799 2.340606 4.767988 1.69372 3.274521 0.9056913 2.272554 0.8798864 4.703073 4.894916 3.442297 2.09158 1.378288 3.531575 2.672471 2.602463 3.183492 2.166138 2.258859 3.931265 2.565533 1.253056 3.361202 2.745339 1.718442 3.508825 2.2598 0.5016462 2.002208 1.635779 1.222573 1.955242 1.418995 1.299865 5.163374 5.268635 3.33404 3.37127 3.592336 1.499319 2.380061 2.647168 3.136545 3.722172
geno chr10.123588330 ceu  0 1 0 0 0 0 1 1 0 0 0 1 1 1 0 0 1 0 0 0 1 0 0 0 0 1 0 1 0 1 0 0 1 0 2 2 0 0 0 0 1 0 0 0 1 1 0 0 0 0 1 0 0 1 0 0 2 0 1 0 0 0 0 0 0 0 1 0 1 0 1 0 0 0 0 0 0 1
geno chr10.123588330 fin  0 0 0 0 0 0 0 1 0 0 0 0 0 1 0 0 0 0 0 0 0 0 0 0 0 1 0 1 0 0 0 0 0 1 0 0 0 1 0 0 0 0 1 1 1 1 1 0 1 0 1 0 1 0 1 0 1 0 1 0 0 0 0 0 0 1 0 0 0 0 0 0 1 0 1 0 0 0 0 1 0 1 0 1 0 0 1 0 0
geno chr10.123588330 gbr  0 1 0 0 0 1 0 0 0 0 0 0 0 0 0 1 1 0 0 0 0 0 0 0 1 0 0 0 0 0 1 1 0 0 1 0 1 0 0 0 0 0 0 1 1 0 1 0 0 1 0 1 0 0 0 1 0 0 0 0 1 1 0 0 0 0 0 0 0 0 0 0 1 0 0 0 0 0 0 0 0 1 0 0
geno chr10.123588330 tsi  0 1 2 0 0 0 1 0 0 0 1 0 0 0 1 0 0 1 1 0 1 1 0 0 0 1 0 1 0 0 1 1 1 0 0 0 2 1 0 0 0 0 1 0 1 0 0 0 0 0 0 0 0 0 0 0 0 0 0 0 0 1 0 0 0 0 0 0 0 0 0 0 0 0 0 0 0 0 0 0 1 0 0 0 0 0 1 0 0 1 0 1
geno chr10.123588330 yri  0 1 0 0 0 0 0 0 0 0 0 0 0 0 0 0 0 0 0 0 0 0 0 0 0 0 0 0 0 0 0 0 0 0 0 0 0 0 0 0 0 0 0 0 0 0 0 0 0 0 0 0 0 0 0 0 0 0 0 0 0 0 0 0 0 0 1 0 0 0 0 0 0 0 0 0 0
geno chr10.123588526 ceu  0 0 0 0 0 0 0 0 0 0 0 0 0 0 0 0 0 0 0 0 0 0 0 0 0 0 0 0 0 0 1 0 0 0 0 0 0 0 0 0 0 0 0 0 0 0 0 0 0 0 0 0 0 0 0 0 0 0 0 0 0 0 0 0 0 0 0 0 0 0 0 0 0 0 0 0 0 0
geno chr10.123588526 fin  0 0 0 0 0 0 0 0 0 0 0 0 0 0 0 0 0 0 0 0 0 0 0 0 0 0 0 0 0 0 0 0 0 0 0 0 0 0 0 0 0 0 0 0 0 0 0 0 0 0 0 0 0 0 0 0 0 0 0 0 0 0 0 0 0 0 0 0 0 0 0 0 0 0 0 0 0 0 0 0 0 0 0 0 0 0 0 0 0
geno chr10.123588526 gbr  0 0 0 0 0 0 0 0 0 0 0 0 0 0 0 0 0 0 0 0 0 0 0 0 0 0 0 0 0 0 0 0 0 0 0 0 0 0 0 0 0 0 0 0 0 0 0 0 0 0 0 0 0 0 0 0 0 0 0 0 0 0 0 0 0 0 0 0 0 0 0 0 0 0 0 0 0 0 0 0 0 0 0 0
geno chr10.123588526 tsi  0 0 0 0 0 0 0 0 0 0 0 0 0 0 0 0 0 0 0 0 0 0 0 0 0 0 0 0 0 0 0 0 0 0 0 0 0 0 0 0 0 0 0 0 0 0 0 0 0 0 0 0 0 0 0 0 0 0 0 0 0 0 0 0 0 0 0 0 0 0 0 0 0 0 0 0 0 0 0 0 0 0 0 0 0 0 0 0 0 0 0 0
geno chr10.123588526 yri  2 0 1 0 1 1 1 1 1 0 2 1 2 2 2 1 2 1 2 1 0 0 2 0 0 1 0 1 2 2 0 0 1 1 0 1 0 0 1 0 1 1 1 0 1 0 2 1 0 1 1 1 1 0 0 2 1 2 2 0 1 0 0 0 0 1 1 2 2 1 2 1 0 0 1 0 1
geno chr10.123588554 ceu  0 0 0 0 0 0 0 0 0 0 0 0 0 0 0 0 0 0 0 0 0 0 0 0 0 0 0 0 0 0 1 0 0 0 0 0 0 0 0 0 0 0 0 0 0 0 0 0 0 0 0 0 0 0 0 0 0 0 0 0 0 0 0 0 0 0 0 0 0 0 0 0 0 0 0 0 0 0
geno chr10.123588554 fin  0 0 0 0 0 0 0 0 0 0 0 0 0 0 0 0 0 0 0 0 0 0 0 0 0 0 0 0 0 0 0 0 0 0 0 0 0 0 0 0 0 0 0 0 0 0 0 0 0 0 0 0 0 0 0 0 0 0 0 0 0 0 0 0 0 0 0 0 0 0 0 0 0 0 0 0 0 0 0 0 0 0 0 0 0 0 0 0 0
geno chr10.123588554 gbr  0 0 0 0 0 0 0 0 0 0 0 0 0 0 0 0 0 0 0 0 0 0 0 0 0 0 0 0 0 0 0 0 0 0 0 0 0 0 0 0 0 0 0 0 0 0 0 0 0 0 0 0 0 0 0 0 0 0 0 0 0 0 0 0 0 0 0 0 0 0 0 0 0 0 0 0 0 0 0 0 0 0 0 0
geno chr10.123588554 tsi  0 0 0 0 0 0 0 0 0 0 0 0 0 0 0 0 0 0 0 0 0 0 0 0 0 0 0 0 0 0 0 0 0 0 0 0 0 0 0 0 0 0 0 0 0 0 0 0 0 0 0 0 0 0 0 0 0 0 0 0 0 0 0 0 0 0 0 0 0 0 0 0 0 0 0 0 0 0 0 0 0 0 0 0 0 0 0 0 0 0 0 0
geno chr10.123588554 yri  2 0 1 0 1 1 1 1 1 0 2 1 2 2 2 1 2 1 2 1 0 0 2 0 0 1 0 1 2 2 0 0 1 1 0 1 0 0 1 0 1 1 1 0 1 0 2 1 0 1 1 1 1 0 0 2 1 2 2 0 1 0 0 0 0 1 1 2 2 1 2 1 0 0 1 0 1
geno chr10.123588822 ceu  0 1 0 0 2 1 1 2 0 0 1 1 1 1 0 2 1 1 0 1 1 0 1 2 0 2 0 1 2 1 0 0 2 0 2 2 1 1 1 1 1 0 0 0 1 1 0 1 0 0 2 0 1 1 1 1 2 0 1 0 2 1 1 1 0 0 2 1 1 1 1 1 0 0 0 0 0 2
geno chr10.123588822 fin  1 0 1 2 2 1 1 1 1 2 1 0 0 1 1 0 0 1 0 1 1 0 1 0 0 1 1 1 2 1 1 0 1 2 1 2 0 1 1 1 1 1 2 2 2 1 2 0 2 1 1 1 1 0 2 2 1 1 1 0 0 2 0 1 0 1 1 1 1 1 1 0 1 0 2 1 1 1 1 1 2 2 0 2 2 1 1 1 0
geno chr10.123588822 gbr  1 2 0 1 1 1 1 0 0 1 1 1 0 1 0 1 1 0 1 0 0 1 0 1 2 1 1 0 0 0 1 1 1 0 1 0 1 1 1 1 0 1 2 1 1 0 1 0 1 2 0 1 0 0 1 2 0 0 1 0 2 1 2 0 0 0 0 0 1 0 2 0 1 1 0 1 0 0 0 0 1 2 0 2
geno chr10.123588822 tsi  0 1 2 1 1 1 1 0 1 0 2 1 0 2 1 1 0 2 1 1 1 2 1 0 0 2 0 2 1 0 1 1 2 1 2 1 2 2 2 2 1 1 2 1 2 0 1 1 1 2 0 2 0 1 0 2 1 0 0 1 0 1 1 2 0 0 0 0 1 1 1 0 1 1 2 0 0 0 0 1 1 1 0 0 1 0 1 0 1 1 0 1
geno chr10.123588822 yri  0 1 0 0 0 0 0 0 0 0 0 0 0 0 0 0 0 0 0 0 0 0 0 0 0 0 0 0 0 0 0 0 0 0 0 0 0 0 0 0 0 0 0 0 0 0 0 0 0 0 0 0 1 0 0 0 0 0 0 0 0 0 0 0 0 0 1 0 0 0 0 0 0 0 0 0 0
geno chr10.123588948 ceu  1 2 1 2 2 2 2 2 1 2 2 1 2 2 2 2 2 2 2 2 2 2 1 1 1 1 2 1 1 2 1 2 1 2 1 2 1 2 2 1 2 1 2 1 2 1 1 1 2 2 2 2 1 2 2 2 2 1 2 0 2 1 2 2 2 2 1 2 2 2 2 2 1 1 1 1 2 2
geno chr10.123588948 fin  2 1 2 2 2 2 1 2 2 2 1 2 2 2 2 1 1 2 1 2 2 2 2 2 2 2 2 2 2 2 2 2 2 2 2 2 1 1 1 2 1 2 2 2 2 2 2 2 2 2 2 2 2 2 2 2 2 2 2 1 2 2 2 2 0 1 1 2 2 2 2 1 2 2 2 2 2 1 2 2 2 2 1 2 1 2 2 1 2
geno chr10.123588948 gbr  2 2 2 2 1 2 2 1 2 2 2 1 1 2 2 2 1 2 2 2 1 1 2 1 1 2 1 1 1 1 2 0 1 2 2 2 2 0 2 2 2 1 2 2 1 2 2 2 2 2 2 2 2 2 2 2 2 2 2 2 1 2 2 2 1 2 1 2 2 1 2 2 2 2 2 2 1 2 2 1 1 2 2 2
geno chr10.123588948 tsi  2 2 2 2 0 1 1 1 2 1 2 2 2 1 2 1 2 2 2 2 2 2 2 2 2 1 1 2 2 1 1 2 1 1 2 2 2 2 2 2 2 2 2 2 2 2 2 2 2 2 2 2 2 2 2 2 2 1 2 2 2 2 2 2 2 1 2 2 2 1 1 1 2 1 2 2 1 0 1 2 2 2 2 2 1 2 2 1 2 2 2 2
geno chr10.123588948 yri  2 2 1 1 1 0 1 2 2 1 2 1 2 2 1 2 2 1 2 2 1 1 2 1 1 1 1 1 2 2 1 1 1 1 2 1 1 2 2 2 1 2 1 1 1 2 2 2 2 1 1 2 1 1 1 2 2 1 1 1 1 2 1 2 1 1 2 2 2 1 2 2 1 2 2 1 2
geno chr10.123589267 ceu  1 2 1 2 2 2 2 2 1 2 2 2 2 2 2 2 2 2 2 2 2 2 2 2 1 2 2 2 2 2 1 2 2 2 2 2 2 2 2 1 2 1 2 1 2 1 1 1 2 2 2 2 1 2 2 2 2 1 2 1 2 1 2 2 2 2 2 2 2 2 2 2 1 2 1 2 2 2
geno chr10.123589267 fin  2 1 2 2 2 2 2 2 2 2 1 2 2 2 2 1 1 2 2 2 2 2 2 2 2 2 2 2 2 2 2 2 2 2 2 2 1 1 1 2 1 2 2 2 2 2 2 2 2 2 2 2 2 2 2 2 2 2 2 1 2 2 2 2 1 2 2 2 2 2 2 2 2 2 2 2 2 1 2 2 2 2 1 2 2 2 2 1 2
geno chr10.123589267 gbr  2 2 2 2 1 2 2 1 2 2 2 1 2 2 2 2 2 2 2 2 1 1 2 1 2 2 1 1 2 1 2 1 2 2 2 2 2 2 2 2 2 1 2 2 1 2 2 2 2 2 2 2 2 2 2 2 2 2 2 2 2 2 2 2 1 2 1 2 2 1 2 2 2 2 2 2 1 2 2 1 1 2 2 2
geno chr10.123589267 tsi  2 2 2 2 1 2 1 1 2 2 2 2 2 2 2 2 2 2 2 2 2 2 2 2 2 2 2 2 2 2 2 2 2 2 2 2 2 2 2 2 2 2 2 2 2 2 2 2 2 2 2 2 2 2 2 2 2 1 2 2 2 2 2 2 2 1 2 2 2 1 1 1 2 1 2 2 1 0 1 2 2 2 2 2 1 2 2 1 2 2 2 2
geno chr10.123589267 yri  2 2 1 1 0 1 1 2 2 1 2 1 2 2 1 2 2 1 2 2 1 1 2 1 1 1 1 1 2 2 2 2 1 1 2 1 1 2 1 2 2 2 1 1 1 2 2 1 2 2 1 2 1 1 1 2 2 1 1 1 0 1 1 2 1 1 2 2 2 1 2 2 1 2 2 1 2
geno chr10.123589328 ceu  0 1 0 0 2 1 1 2 0 0 1 1 1 1 0 2 1 1 0 1 1 0 1 2 0 2 0 1 2 1 0 0 2 0 2 2 1 1 1 1 1 0 0 0 1 1 0 1 0 0 2 0 1 1 1 1 2 0 1 0 2 1 1 1 0 0 2 1 1 1 1 1 0 0 0 0 0 2
geno chr10.123589328 fin  1 0 1 2 2 1 1 1 1 2 1 0 0 1 1 0 0 1 0 1 1 0 1 0 0 1 1 1 2 1 1 0 1 2 1 2 0 1 1 1 1 1 2 2 2 1 2 0 2 1 1 1 1 0 2 2 1 1 1 0 0 2 0 1 0 1 1 1 1 1 1 0 1 0 2 1 1 1 1 1 2 2 0 2 2 1 1 1 0
geno chr10.123589328 gbr  1 2 0 1 1 1 1 0 0 1 1 1 0 1 0 1 1 0 1 0 0 1 0 1 2 1 1 0 0 0 1 1 1 0 1 0 1 1 1 1 0 1 2 1 1 0 1 0 1 2 0 1 0 0 1 2 0 0 1 0 2 1 2 0 0 0 0 0 1 0 2 0 1 1 0 1 0 0 0 0 1 2 0 2
geno chr10.123589328 tsi  0 1 2 1 1 1 1 0 1 0 2 1 0 2 1 1 0 2 1 1 1 2 1 0 0 2 0 2 1 0 1 1 2 1 2 1 2 2 2 2 1 1 2 1 2 0 1 1 1 2 0 2 0 1 0 2 1 0 0 1 0 1 1 2 0 0 0 0 1 1 1 0 1 1 2 0 0 0 0 1 1 1 0 0 1 0 1 0 1 1 0 1
geno chr10.123589328 yri  0 1 0 0 0 0 0 0 0 0 0 0 0 0 0 0 0 0 0 0 0 0 0 0 0 0 0 0 0 0 0 0 0 0 0 0 0 0 0 0 0 0 0 0 0 0 0 0 0 0 0 0 1 0 0 0 0 0 0 0 0 0 0 0 0 0 1 0 0 0 0 0 0 0 0 0 0
geno chr10.123589423 ceu  1 0 0 0 0 1 0 0 1 1 0 1 0 0 0 0 0 1 1 0 1 1 0 0 1 0 0 0 0 1 0 0 0 0 0 0 1 1 0 0 1 0 0 0 1 0 0 0 0 0 0 1 0 0 0 0 0 1 0 0 0 0 0 0 1 1 0 1 0 1 1 0 0 1 0 0 1 0
geno chr10.123589423 fin  0 0 1 0 0 0 1 0 1 0 0 2 1 0 0 1 0 1 0 1 0 2 0 1 0 0 0 0 0 1 1 1 1 0 1 0 0 0 0 0 0 0 0 0 0 0 0 0 0 1 0 0 0 0 0 0 0 0 0 0 0 0 1 0 0 1 1 1 0 0 0 0 0 0 0 1 0 0 0 0 0 0 0 0 0 0 0 0 0
geno chr10.123589423 gbr  1 0 0 0 0 0 0 1 0 1 1 0 0 1 1 1 0 0 0 0 1 0 0 0 0 0 0 0 0 0 0 0 0 2 0 0 0 0 1 0 1 0 0 0 0 1 0 1 0 0 0 0 1 0 0 0 1 1 0 0 0 0 0 0 0 0 0 1 0 1 0 1 0 1 1 0 0 1 0 1 0 0 0 0
geno chr10.123589423 tsi  1 0 0 0 0 1 0 0 0 1 0 0 2 0 0 0 0 0 1 1 1 0 1 1 0 0 1 0 0 1 0 0 0 0 0 0 0 0 0 0 1 0 0 1 0 1 1 0 1 0 1 0 1 0 1 0 0 0 1 0 1 1 0 0 1 1 1 1 0 0 0 0 0 0 0 0 0 0 0 0 1 1 0 1 0 2 0 1 0 0 1 0
geno chr10.123589423 yri  0 0 0 1 0 0 0 1 0 0 0 0 0 0 0 0 0 0 0 0 0 1 0 0 0 0 0 0 0 0 1 0 0 0 0 0 0 0 0 0 0 0 0 0 0 2 0 0 1 0 0 0 0 0 0 0 0 0 0 0 0 0 0 0 0 0 0 0 0 0 0 0 1 0 0 0 0
geno chr10.123589552 ceu  0 1 0 0 2 1 1 2 0 0 1 1 1 1 0 2 1 1 0 1 1 0 1 2 0 2 0 1 2 1 0 0 2 0 2 2 1 1 1 1 1 0 0 0 1 1 0 1 0 0 2 0 1 1 1 1 2 0 1 0 2 1 1 1 0 0 2 1 1 1 1 1 0 0 0 0 0 2
geno chr10.123589552 fin  1 0 1 2 2 1 1 1 1 2 1 0 0 1 1 0 0 1 0 1 1 0 1 0 0 1 1 1 2 1 1 0 1 2 1 2 0 1 1 1 1 1 2 2 2 1 2 0 2 1 1 1 1 0 2 2 1 1 1 0 0 2 0 1 0 1 1 1 1 1 1 0 1 0 2 1 1 1 1 1 2 2 0 2 2 1 1 1 0
geno chr10.123589552 gbr  1 2 0 1 1 1 1 0 0 1 1 1 0 1 0 1 1 0 1 0 0 1 0 1 2 1 1 0 0 0 1 1 1 0 1 0 1 1 1 1 0 1 2 1 1 0 1 0 1 2 0 1 0 0 1 2 0 0 1 0 2 1 2 0 0 0 0 0 1 0 2 0 1 1 0 1 0 0 0 0 1 2 0 2
geno chr10.123589552 tsi  0 1 2 1 1 1 1 0 1 0 2 1 0 2 1 1 0 2 1 1 1 2 1 0 0 2 0 2 1 0 1 1 2 1 2 1 2 2 2 2 1 1 2 1 2 0 1 1 1 2 0 2 0 1 0 2 1 0 0 1 0 1 1 2 0 0 0 0 1 1 1 0 1 1 2 0 0 0 0 1 1 1 0 0 1 0 1 0 1 1 0 1
geno chr10.123589552 yri  0 1 0 0 0 0 0 0 0 0 0 0 0 0 0 0 0 0 0 0 0 0 0 0 0 0 0 0 0 0 0 0 0 0 0 0 0 0 0 0 0 0 0 0 0 0 0 0 0 0 0 0 1 0 0 0 0 0 0 0 0 0 0 0 0 0 1 0 0 0 0 0 0 0 0 0 0
geno chr10.123590152 ceu  0 0 0 0 0 0 0 0 0 0 0 0 0 0 0 0 0 0 0 0 0 0 0 0 0 0 0 0 0 0 1 0 0 0 0 0 0 0 0 0 0 0 0 0 0 0 0 0 0 0 0 0 0 0 0 0 0 0 0 0 0 0 0 0 0 0 0 0 0 0 0 0 0 0 0 0 0 0
geno chr10.123590152 fin  0 0 0 0 0 0 0 0 0 0 0 0 0 0 0 0 0 0 0 0 0 0 0 0 0 0 0 0 0 0 0 0 0 0 0 0 0 0 0 0 0 0 0 0 0 0 0 0 0 0 0 0 0 0 0 0 0 0 0 0 0 0 0 0 0 0 0 0 0 0 0 0 0 0 0 0 0 0 0 0 0 0 0 0 0 0 0 0 0
geno chr10.123590152 gbr  0 0 0 0 0 0 0 0 0 0 0 0 0 0 0 0 0 0 0 0 0 0 0 0 0 0 0 0 0 0 0 0 0 0 0 0 0 0 0 0 0 0 0 0 0 0 0 0 0 0 0 0 0 0 0 0 0 0 0 0 0 0 0 0 0 0 0 0 0 0 0 0 0 0 0 0 0 0 0 0 0 0 0 0
geno chr10.123590152 tsi  0 0 0 0 0 0 0 0 0 0 0 0 0 0 0 0 0 0 0 0 0 0 0 0 0 0 0 0 0 0 0 0 0 0 0 0 0 0 0 0 0 0 0 0 0 0 0 0 0 0 0 0 0 0 0 0 0 0 0 0 0 0 0 0 0 0 0 0 0 0 0 0 0 0 0 0 0 0 0 0 0 0 0 0 0 0 0 0 0 0 0 0
geno chr10.123590152 yri  2 0 1 0 1 1 1 1 1 0 2 1 2 2 2 1 1 1 2 1 0 0 2 0 0 1 0 1 2 2 0 0 1 1 0 1 0 0 1 0 1 1 1 0 1 0 2 1 0 1 1 1 1 0 0 2 1 2 2 0 1 0 0 0 0 1 1 2 2 1 2 1 0 0 1 0 1
geno chr10.123590183 ceu  0 1 0 0 0 0 1 1 0 0 0 1 1 1 0 0 1 0 0 0 1 0 0 0 0 1 0 1 0 1 0 0 1 0 2 2 0 0 0 1 1 0 0 0 1 1 0 0 0 0 1 0 0 1 0 0 2 0 1 0 0 0 0 0 0 0 1 0 1 0 1 0 0 0 0 0 0 1
geno chr10.123590183 fin  0 0 0 0 0 0 0 1 0 0 0 0 0 1 0 0 0 0 0 0 0 0 0 0 0 1 0 1 0 0 0 0 0 1 0 0 0 1 0 0 0 0 1 1 1 1 1 0 1 0 1 0 1 0 1 0 1 0 1 0 0 0 0 0 0 1 0 0 0 0 0 0 1 0 1 0 0 0 0 1 0 1 0 1 0 0 1 0 0
geno chr10.123590183 gbr  0 1 0 0 0 1 0 0 0 0 0 0 0 0 0 1 1 0 0 0 0 0 0 0 1 0 0 0 0 0 1 1 0 0 1 0 1 0 0 0 0 0 0 1 1 0 1 0 0 1 0 1 0 0 0 1 0 0 0 0 1 1 0 0 0 0 0 0 0 0 0 0 1 0 0 0 0 0 0 0 0 1 0 0
geno chr10.123590183 tsi  0 1 2 0 0 0 1 0 0 0 1 0 0 0 1 0 0 1 1 0 1 1 0 0 0 1 0 1 0 0 1 1 1 0 0 0 2 1 0 0 0 0 1 0 1 0 0 0 0 0 0 0 0 0 0 0 0 0 0 0 0 1 0 0 0 0 0 0 0 0 0 0 0 0 0 0 0 0 0 0 1 0 0 0 0 0 1 0 0 1 0 0
geno chr10.123590183 yri  0 1 0 0 0 0 0 0 0 0 0 0 0 0 0 0 0 0 0 0 0 0 0 0 0 0 0 0 0 0 0 0 0 0 0 0 0 0 0 0 0 0 0 0 0 0 0 0 0 0 0 0 0 0 0 0 0 0 0 0 0 0 0 0 0 0 1 0 0 0 0 0 0 0 0 0 0
geno chr10.123590899 ceu  0 0 0 0 0 0 0 0 0 0 0 0 0 0 0 0 0 0 0 0 0 0 0 0 0 0 0 0 0 0 1 0 0 0 0 0 0 0 0 0 0 0 0 0 0 0 0 0 0 0 0 0 0 0 0 0 0 0 0 0 0 0 0 0 0 0 0 0 0 0 0 0 0 0 0 0 0 0
geno chr10.123590899 fin  0 0 0 0 0 0 0 0 0 0 0 0 0 0 0 0 0 0 0 0 0 0 0 0 0 0 0 0 0 0 0 0 0 0 0 0 0 0 0 0 0 0 0 0 0 0 0 0 0 0 0 0 0 0 0 0 0 0 0 0 0 0 0 0 0 0 0 0 0 0 0 0 0 0 0 0 0 0 0 0 0 0 0 0 0 0 0 0 0
geno chr10.123590899 gbr  0 0 0 0 0 0 0 0 0 0 0 0 0 0 0 0 0 0 0 0 0 0 0 0 0 0 0 0 0 0 0 0 0 0 0 0 0 0 0 0 0 0 0 0 0 0 0 0 0 0 0 0 0 0 0 0 0 0 0 0 0 0 0 0 0 0 0 0 0 0 0 0 0 0 0 0 0 0 0 0 0 0 0 0
geno chr10.123590899 tsi  0 0 0 0 0 0 0 0 0 0 0 0 0 0 0 0 0 0 0 0 0 0 0 0 0 0 0 0 0 0 0 0 0 0 0 0 0 0 0 0 0 0 0 0 0 0 0 0 0 0 0 0 0 0 0 0 0 0 0 0 0 0 0 0 0 0 0 0 0 0 0 0 0 0 0 0 0 0 0 0 0 0 0 0 0 0 0 0 0 0 0 0
geno chr10.123590899 yri  2 0 1 0 1 1 1 1 1 0 2 1 2 2 2 1 1 1 2 1 0 0 2 0 0 1 0 1 2 2 0 0 1 1 0 1 0 0 1 0 1 1 1 0 1 0 2 1 0 1 1 1 1 0 0 2 1 2 2 0 1 0 0 0 0 1 1 2 2 1 2 1 0 0 1 0 1
geno chr10.123591176 ceu  1 0 0 0 0 1 0 0 1 1 0 1 0 0 0 0 0 1 1 0 1 1 0 0 1 0 0 0 0 1 0 0 0 0 0 0 1 1 0 0 1 0 0 0 1 0 0 0 0 0 0 1 0 0 0 0 0 1 0 0 0 0 0 0 1 1 0 1 0 1 1 0 0 1 0 0 1 0
geno chr10.123591176 fin  0 0 1 0 0 0 1 0 1 0 0 2 1 0 0 1 0 1 0 1 0 2 0 1 0 0 0 0 0 1 1 1 1 0 1 0 0 0 0 0 0 0 0 0 0 0 0 0 0 1 0 0 0 0 0 0 0 0 0 0 0 0 1 0 0 1 1 1 0 0 0 0 0 0 0 1 0 0 0 0 0 0 0 0 0 0 0 0 0
geno chr10.123591176 gbr  1 0 0 0 0 0 0 1 0 1 1 0 0 1 1 1 0 0 0 0 1 0 0 0 0 0 0 0 0 0 0 0 0 2 0 0 0 0 1 0 1 0 0 0 0 1 0 1 0 0 0 0 1 0 0 0 1 1 0 0 0 0 0 0 0 0 0 1 0 1 0 1 0 1 1 0 0 1 0 1 0 0 0 0
geno chr10.123591176 tsi  1 0 0 0 0 1 0 0 0 1 0 0 2 0 0 0 0 0 1 1 1 0 1 1 0 0 1 0 0 1 0 0 0 0 0 0 0 0 0 0 1 0 0 1 0 1 1 0 1 0 1 0 1 0 1 0 0 0 1 0 1 1 0 0 1 1 1 1 0 0 0 0 0 0 0 0 0 0 0 0 1 1 0 1 0 2 0 1 0 0 1 0
geno chr10.123591176 yri  0 0 0 1 0 0 0 1 0 0 0 0 0 0 0 0 0 0 0 0 0 1 0 0 0 0 0 0 0 0 1 0 0 0 0 0 0 0 0 0 0 0 0 0 0 2 0 0 1 0 0 0 0 0 0 0 0 0 0 0 0 0 0 0 0 0 0 0 0 0 0 0 1 0 0 0 0
geno chr10.123591218 ceu  1 2 1 2 2 2 2 2 1 2 2 2 2 2 2 2 2 2 2 2 2 2 2 2 1 2 2 2 2 2 1 2 2 2 2 2 2 2 2 1 2 1 2 1 2 1 1 1 2 2 2 2 1 2 2 2 2 1 2 1 2 1 2 2 2 2 2 2 2 2 2 2 1 2 1 2 2 2
geno chr10.123591218 fin  2 1 2 2 2 2 2 2 2 2 1 2 2 2 2 1 1 2 2 2 2 2 2 2 2 2 2 2 2 2 2 2 2 2 2 2 1 1 1 2 1 2 2 2 2 2 2 2 2 2 2 2 2 2 2 2 2 2 2 1 2 2 2 2 1 2 2 2 2 2 2 2 2 2 2 2 2 1 2 2 2 2 1 2 2 2 2 1 2
geno chr10.123591218 gbr  2 2 2 2 1 2 2 1 2 2 2 1 2 2 2 2 2 2 2 2 1 1 2 1 2 2 1 1 2 1 2 1 2 2 2 2 2 2 2 2 2 1 2 2 1 2 2 2 2 2 2 2 2 2 2 2 2 2 2 2 2 2 2 2 1 2 1 2 2 1 2 2 2 2 2 2 1 2 2 1 1 2 2 2
geno chr10.123591218 tsi  2 2 2 2 1 2 1 1 2 2 2 2 2 2 2 2 2 2 2 2 2 2 2 2 2 2 2 2 2 2 2 2 2 2 2 2 2 2 2 2 2 2 2 2 2 2 2 2 2 2 2 2 2 2 2 2 2 1 2 2 2 2 2 2 2 1 2 2 2 1 1 1 2 1 2 2 1 0 1 2 2 2 2 2 1 2 2 1 2 2 2 2
geno chr10.123591218 yri  2 2 2 1 1 2 1 2 2 2 2 1 2 2 1 2 2 1 2 2 1 2 2 1 1 1 2 1 2 2 2 2 1 1 2 1 1 2 1 2 2 2 1 1 1 2 2 1 2 2 1 2 2 1 2 2 2 2 2 2 0 2 1 2 1 1 2 2 2 1 2 2 2 2 2 1 2
geno chr10.123591544 ceu  0 0 0 0 0 0 0 0 0 0 0 0 0 0 0 0 0 0 0 0 0 0 0 0 0 0 0 0 0 0 1 0 0 0 0 0 0 0 0 0 0 0 0 0 0 0 0 0 0 0 0 0 0 0 0 0 0 0 0 0 0 0 0 0 0 0 0 0 0 0 0 0 0 0 0 0 0 0
geno chr10.123591544 fin  0 0 0 0 0 0 0 0 0 0 0 0 0 0 0 0 0 0 0 0 0 0 0 0 0 0 0 0 0 0 0 0 0 0 0 0 0 0 0 0 0 0 0 0 0 0 0 0 0 0 0 0 0 0 0 0 0 0 0 0 0 0 0 0 0 0 0 0 0 0 0 0 0 0 0 0 0 0 0 0 0 0 0 0 0 0 0 0 0
geno chr10.123591544 gbr  0 0 0 0 0 0 0 0 0 0 0 0 0 0 0 0 0 0 0 0 0 0 0 0 0 0 0 0 0 0 0 0 0 0 0 0 0 0 0 0 0 0 0 0 0 0 0 0 0 0 0 0 0 0 0 0 0 0 0 0 0 0 0 0 0 0 0 0 0 0 0 0 0 0 0 0 0 0 0 0 0 0 0 0
geno chr10.123591544 tsi  0 0 0 0 0 0 0 0 0 0 0 0 0 0 0 0 0 0 0 0 0 0 0 0 0 0 0 0 0 0 0 0 0 0 0 0 0 0 0 0 0 0 0 0 0 0 0 0 0 0 0 0 0 0 0 0 0 0 0 0 0 0 0 0 0 0 0 0 0 0 0 0 0 0 0 0 0 0 0 0 0 0 0 0 0 0 0 0 0 0 0 0
geno chr10.123591544 yri  2 0 1 0 1 1 1 1 1 0 2 1 2 2 1 1 2 1 2 1 0 0 2 0 0 1 0 1 2 2 0 0 1 1 0 1 0 0 0 0 1 1 1 0 1 0 2 0 0 1 1 1 1 0 0 2 1 2 2 0 0 0 0 0 0 1 1 2 2 1 2 1 0 0 1 0 1
geno chr10.123592047 ceu  0 0 0 0 0 0 0 0 0 0 0 0 0 0 0 0 0 0 0 0 0 0 0 0 0 0 0 0 0 0 1 0 0 0 0 0 0 0 0 0 0 0 0 0 0 0 0 0 0 0 0 0 0 0 0 0 0 0 0 0 0 0 0 0 0 0 0 0 0 0 0 0 0 0 0 0 0 0
geno chr10.123592047 fin  0 0 0 0 0 0 0 0 0 0 0 0 0 0 0 0 0 0 0 0 0 0 0 0 0 0 0 0 0 0 0 0 0 0 0 0 0 0 0 0 0 0 0 0 0 0 0 0 0 0 0 0 0 0 0 0 0 0 0 0 0 0 0 0 0 0 0 0 0 0 0 0 0 0 0 0 0 0 0 0 0 0 0 0 0 0 0 0 0
geno chr10.123592047 gbr  0 0 0 0 0 0 0 0 0 0 0 0 0 0 0 0 0 0 0 0 0 0 0 0 0 0 0 0 0 0 0 0 0 0 0 0 0 0 0 0 0 0 0 0 0 0 0 0 0 0 0 0 0 0 0 0 0 0 0 0 0 0 0 0 0 0 0 0 0 0 0 0 0 0 0 0 0 0 0 0 0 0 0 0
geno chr10.123592047 tsi  0 0 0 0 0 0 0 0 0 0 0 0 0 0 0 0 0 0 0 0 0 0 0 0 0 0 0 0 0 0 0 0 0 0 0 0 0 0 0 0 0 0 0 0 0 0 0 0 0 0 0 0 0 0 0 0 0 0 0 0 0 0 0 0 0 0 0 0 0 0 0 0 0 0 0 0 0 0 0 0 0 0 0 0 0 0 0 0 0 0 0 0
geno chr10.123592047 yri  2 0 1 0 1 1 1 1 1 0 2 1 2 2 1 1 2 1 2 1 0 0 2 0 0 1 0 1 2 2 0 0 1 1 0 1 0 0 0 0 1 1 1 0 1 0 2 0 0 1 1 1 1 0 0 2 1 2 2 0 0 0 0 0 0 1 1 2 2 1 2 1 0 0 1 0 1
geno chr10.123592049 ceu  0 0 0 0 0 0 0 0 0 0 0 0 0 0 0 0 0 0 0 0 0 0 0 0 0 0 0 0 0 0 1 0 0 0 0 0 0 0 0 0 0 0 0 0 0 0 0 0 0 0 0 0 0 0 0 0 0 0 0 0 0 0 0 0 0 0 0 0 0 0 0 0 0 0 0 0 0 0
geno chr10.123592049 fin  0 0 0 0 0 0 0 0 0 0 0 0 0 0 0 0 0 0 0 0 0 0 0 0 0 0 0 0 0 0 0 0 0 0 0 0 0 0 0 0 0 0 0 0 0 0 0 0 0 0 0 0 0 0 0 0 0 0 0 0 0 0 0 0 0 0 0 0 0 0 0 0 0 0 0 0 0 0 0 0 0 0 0 0 0 0 0 0 0
geno chr10.123592049 gbr  0 0 0 0 0 0 0 0 0 0 0 0 0 0 0 0 0 0 0 0 0 0 0 0 0 0 0 0 0 0 0 0 0 0 0 0 0 0 0 0 0 0 0 0 0 0 0 0 0 0 0 0 0 0 0 0 0 0 0 0 0 0 0 0 0 0 0 0 0 0 0 0 0 0 0 0 0 0 0 0 0 0 0 0
geno chr10.123592049 tsi  0 0 0 0 0 0 0 0 0 0 0 0 0 0 0 0 0 0 0 0 0 0 0 0 0 0 0 0 0 0 0 0 0 0 0 0 0 0 0 0 0 0 0 0 0 0 0 0 0 0 0 0 0 0 0 0 0 0 0 0 0 0 0 0 0 0 0 0 0 0 0 0 0 0 0 0 0 0 0 0 0 0 0 0 0 0 0 0 0 0 0 0
geno chr10.123592049 yri  2 0 1 0 1 1 1 1 1 0 2 1 2 2 1 1 2 1 2 1 0 0 2 0 0 1 0 1 2 2 0 0 1 1 0 1 0 0 0 0 1 1 1 0 1 0 1 0 0 1 1 1 1 0 0 2 1 2 2 0 0 0 0 0 0 1 1 2 2 1 1 1 0 0 1 0 1
geno chr10.123592061 ceu  1 0 0 0 0 1 1 0 1 1 0 1 0 0 0 0 0 1 1 0 1 1 0 0 1 0 0 0 0 1 0 0 0 0 0 0 1 1 0 0 1 0 0 0 1 0 0 0 0 0 0 1 0 0 0 0 0 1 0 0 0 0 0 0 1 1 0 1 0 1 1 0 0 1 0 0 1 0
geno chr10.123592061 fin  0 0 1 0 0 0 1 0 1 0 0 2 1 1 0 1 0 1 0 1 0 2 0 1 0 0 0 0 0 1 1 1 1 0 1 0 0 0 0 0 0 0 0 0 0 0 0 0 0 1 0 0 0 0 0 0 0 0 0 0 0 0 1 0 0 1 1 1 0 1 0 0 0 1 0 1 0 0 0 0 0 0 0 0 0 0 0 0 0
geno chr10.123592061 gbr  1 0 0 0 0 0 0 1 0 1 1 0 0 1 1 1 0 0 0 0 1 0 0 0 0 0 0 0 0 0 0 0 0 2 0 0 0 0 1 0 1 0 0 0 0 1 0 1 0 0 0 0 1 0 0 0 1 1 0 0 0 0 0 0 0 0 0 1 0 1 0 1 0 1 1 0 0 1 0 1 0 0 0 0
geno chr10.123592061 tsi  1 0 0 0 0 1 0 0 0 1 0 0 2 0 0 0 0 0 1 1 1 0 1 1 0 0 1 0 0 1 0 0 0 0 0 0 0 0 0 0 1 0 0 1 0 1 1 0 1 0 1 0 1 0 1 0 0 0 1 0 2 1 0 0 1 1 1 1 1 0 0 0 0 0 0 0 0 0 0 0 1 1 0 1 0 2 0 1 0 0 1 0
geno chr10.123592061 yri  0 0 0 1 0 0 0 1 0 0 0 0 0 0 0 1 0 0 0 1 0 1 0 0 0 0 1 0 0 0 2 0 0 0 0 0 1 1 0 0 0 0 0 1 0 2 0 0 1 0 0 1 0 0 1 0 0 0 0 0 0 0 1 2 1 0 0 0 0 0 0 0 1 1 0 0 1
geno chr10.123592315 ceu  1 0 0 0 0 1 0 0 1 1 0 1 0 0 0 0 0 1 1 0 1 1 0 0 1 0 0 0 0 1 0 0 0 0 0 0 1 1 0 0 1 0 0 0 1 0 0 0 0 0 0 1 0 0 0 0 0 1 0 0 0 0 0 0 1 1 0 1 0 1 1 0 0 1 0 0 1 0
geno chr10.123592315 fin  0 0 1 0 0 0 1 0 1 0 0 2 1 0 0 1 0 1 0 1 0 2 0 1 0 0 0 0 0 1 1 1 1 0 1 0 0 0 0 0 0 0 0 0 0 0 0 0 0 1 0 0 0 0 0 0 0 0 0 0 0 0 1 0 0 1 1 1 0 0 0 0 0 0 0 1 0 0 0 0 0 0 0 0 0 0 0 0 0
geno chr10.123592315 gbr  1 0 0 0 0 0 0 1 0 1 1 0 0 1 1 1 0 0 0 0 1 0 0 0 0 0 0 0 0 0 0 0 0 2 0 0 0 0 1 0 1 0 0 0 0 1 0 1 0 0 0 0 1 0 0 0 1 1 0 0 0 0 0 0 0 0 0 1 0 1 0 1 0 1 1 0 0 1 0 1 0 0 0 0
geno chr10.123592315 tsi  1 0 0 0 0 1 0 0 0 1 0 0 2 0 0 0 0 0 1 1 1 0 1 1 0 0 1 0 0 1 0 0 0 0 0 0 0 0 0 0 1 0 0 1 0 1 1 0 1 0 1 0 1 0 1 0 0 0 1 0 1 1 0 0 1 1 1 1 0 0 0 0 0 0 0 0 0 0 0 0 1 1 0 1 0 2 0 1 0 0 1 0
geno chr10.123592315 yri  0 0 0 1 0 0 0 1 0 0 0 0 0 0 0 0 0 0 0 0 0 1 0 0 0 0 0 0 0 0 1 0 0 0 0 0 0 0 0 0 0 0 0 0 0 2 0 0 1 0 0 0 0 0 0 0 0 0 0 0 0 0 0 0 0 0 0 0 0 0 0 0 1 0 0 0 0
geno chr10.123592346 ceu  0 0 0 0 2 1 0 1 0 0 1 0 0 0 0 2 0 1 0 1 0 0 1 2 0 1 0 0 2 0 0 0 1 0 0 0 1 1 1 0 0 0 0 0 0 0 0 1 0 0 1 0 1 0 1 1 0 0 0 0 2 1 1 1 0 0 1 1 0 1 0 1 0 0 0 0 0 1
geno chr10.123592346 fin  1 0 1 2 2 1 1 0 1 2 1 0 0 0 1 0 0 1 0 1 1 0 1 0 0 0 1 0 2 1 1 0 1 1 1 2 0 0 1 1 1 1 1 1 1 0 1 0 1 1 0 1 0 0 1 2 0 1 0 0 0 2 0 1 0 0 1 1 1 1 1 0 0 0 1 1 1 1 1 0 2 1 0 1 2 1 0 1 0
geno chr10.123592346 gbr  1 1 0 1 1 0 1 0 0 1 1 1 0 1 0 0 0 0 1 0 0 1 0 1 1 1 1 0 0 0 0 0 1 0 0 0 0 1 1 1 0 1 2 0 0 0 0 0 1 1 0 0 0 0 1 1 0 0 1 0 1 0 2 0 0 0 0 0 1 0 2 0 0 1 0 1 0 0 0 0 1 1 0 2
geno chr10.123592346 tsi  0 0 0 1 1 1 0 0 1 0 1 1 0 2 0 1 0 1 0 1 0 1 1 0 0 1 0 1 1 0 0 0 1 1 2 1 0 1 2 2 1 1 1 1 1 0 1 1 1 2 0 2 0 1 0 2 1 0 0 1 0 0 1 2 0 0 0 0 1 1 1 0 1 1 2 0 0 0 0 1 0 1 0 0 1 0 0 0 1 0 0 0
geno chr10.123592346 yri  0 0 0 0 0 0 0 0 0 0 0 0 0 0 0 0 0 0 0 0 0 0 0 0 0 0 0 0 0 0 0 0 0 0 0 0 0 0 0 0 0 0 0 0 0 0 0 0 0 0 0 0 1 0 0 0 0 0 0 0 0 0 0 0 0 0 0 0 0 0 0 0 0 0 0 0 0
geno chr10.123593763 ceu  0 0 0 0 0 0 0 0 0 0 0 0 0 0 0 0 0 0 0 0 0 0 0 0 0 0 0 0 0 0 0 0 0 0 0 0 0 0 0 0 0 0 0 0 0 0 0 0 0 0 0 0 0 0 0 0 0 0 0 0 0 0 0 0 0 0 0 0 0 0 0 0 0 0 0 0 0 0
geno chr10.123593763 fin  0 0 0 0 0 0 0 0 0 0 0 0 0 0 0 0 0 0 0 0 0 0 0 0 0 0 0 0 0 0 0 0 0 0 0 0 0 0 0 0 0 0 0 0 0 0 0 0 0 0 0 0 0 0 0 0 0 0 0 0 0 0 0 0 0 0 0 0 0 0 0 0 0 0 0 0 0 0 0 0 0 0 0 0 0 0 0 0 0
geno chr10.123593763 gbr  0 0 0 0 0 0 0 0 0 0 0 0 0 0 0 0 0 0 0 0 0 0 0 0 0 0 0 0 0 0 0 0 0 0 0 0 0 0 0 0 0 0 0 0 0 0 0 0 0 0 0 0 0 0 0 0 0 0 0 0 0 0 0 0 0 0 0 0 0 0 0 0 0 0 0 0 0 0 0 0 0 0 0 0
geno chr10.123593763 tsi  0 0 0 0 0 0 0 0 0 0 0 0 0 0 0 0 0 0 0 0 0 0 0 0 0 0 0 0 0 0 0 0 0 0 0 0 0 0 0 0 0 0 0 0 0 0 0 0 0 0 0 0 0 0 0 0 0 0 0 0 0 0 0 0 0 0 0 0 0 0 0 0 0 0 0 0 0 0 0 0 0 0 0 0 0 0 0 0 0 0 0 0
geno chr10.123593763 yri  2 0 1 0 1 0 0 1 1 0 1 1 1 1 1 1 0 0 1 1 0 0 2 0 0 1 0 1 1 2 0 0 1 1 0 1 0 0 0 0 0 1 1 0 0 0 2 0 0 1 1 1 1 0 0 2 0 1 1 0 0 0 0 0 0 0 1 2 2 1 1 1 0 0 1 0 0
geno chr10.123593921 ceu  0 1 1 2 0 0 0 0 0 1 1 0 1 1 2 0 1 0 1 1 0 1 1 0 0 0 2 1 0 0 0 2 0 2 0 0 0 0 1 0 0 1 2 1 0 0 1 0 2 2 0 1 0 1 1 1 0 0 1 1 0 0 1 1 1 1 0 0 1 0 0 1 1 1 1 2 1 0
geno chr10.123593921 fin  1 1 0 0 0 1 0 1 0 0 0 0 1 0 1 0 1 0 2 0 1 0 1 1 2 1 1 1 0 0 0 1 0 0 0 0 1 0 0 1 0 1 0 0 0 1 0 2 0 0 1 1 1 2 0 0 1 1 1 1 2 0 1 1 1 0 0 0 1 0 1 2 1 1 0 0 1 0 1 1 0 0 1 0 0 1 1 0 2
geno chr10.123593921 gbr  0 0 2 1 0 1 1 0 2 0 0 0 2 0 1 0 1 2 1 2 0 0 2 0 0 1 0 1 2 1 1 0 1 0 1 2 1 1 0 1 1 0 0 1 0 1 1 1 1 0 2 1 1 2 1 0 1 1 1 2 0 1 0 2 1 2 1 1 1 0 0 1 1 0 1 1 1 1 2 0 0 0 2 0
geno chr10.123593921 tsi  1 1 0 1 0 0 0 1 1 1 0 1 0 0 1 1 2 0 0 0 0 0 0 1 2 0 1 0 1 1 1 1 0 1 0 1 0 0 0 0 0 1 0 0 0 1 0 1 0 0 1 0 1 1 1 0 1 1 1 1 0 0 1 0 1 0 1 1 0 0 0 1 1 0 0 2 1 0 1 1 0 0 2 1 0 0 1 0 1 1 1 1
geno chr10.123593921 yri  0 0 0 0 0 0 0 0 1 1 0 0 0 0 0 0 0 0 0 0 1 0 0 1 1 0 0 0 0 0 0 1 0 0 1 0 0 1 1 1 0 1 0 0 0 0 0 0 1 1 0 0 0 0 0 0 0 0 0 1 0 0 0 0 0 0 0 0 0 0 0 1 0 0 1 1 0
geno chr10.123594941 ceu  0 2 1 2 2 1 1 2 0 1 2 1 2 2 2 2 2 1 1 2 1 1 2 2 0 2 2 2 2 1 0 2 2 2 2 2 1 1 2 1 1 1 2 1 1 1 1 1 2 2 2 1 1 2 2 2 2 0 2 1 2 1 2 2 1 1 2 1 2 1 1 2 1 1 1 2 1 2
geno chr10.123594941 fin  2 1 1 2 2 2 1 2 1 2 1 0 1 1 2 0 1 1 2 1 2 0 2 1 2 2 2 2 2 1 1 1 1 2 1 2 1 1 1 2 1 2 2 2 2 2 2 2 2 1 2 2 2 2 2 2 2 2 2 1 2 2 1 2 1 1 1 1 2 1 2 2 2 1 2 1 2 1 2 2 2 2 1 2 2 2 2 1 2
geno chr10.123594941 gbr  1 2 2 2 1 2 2 0 2 1 1 1 2 1 1 1 2 2 2 2 0 1 2 1 2 2 1 1 2 1 2 1 2 0 2 2 2 2 1 2 1 1 2 2 1 1 2 1 2 2 2 2 1 2 2 2 1 1 2 2 2 2 2 2 1 2 1 1 2 0 2 1 2 1 1 2 1 1 2 0 1 2 2 2
geno chr10.123594941 tsi  1 2 2 2 1 1 1 1 2 1 2 2 0 2 2 2 2 2 1 1 1 2 1 1 2 2 1 2 2 1 2 2 2 2 2 2 2 2 2 2 1 2 2 1 2 1 1 2 1 2 1 2 1 2 1 2 2 1 1 2 0 1 2 2 1 0 1 1 1 1 1 1 2 1 2 2 1 0 1 2 1 1 2 1 1 0 2 0 2 2 1 2
geno chr10.123594941 yri  0 1 0 0 0 0 0 0 1 1 0 0 0 0 0 0 0 0 0 0 1 0 0 1 1 0 0 0 0 0 0 1 0 0 1 0 0 1 1 1 0 1 0 0 0 0 0 0 1 1 0 0 1 0 0 0 0 0 0 1 0 0 0 0 0 0 1 0 0 0 0 1 0 0 1 1 0
geno chr10.123595874 ceu  0 0 0 0 0 0 0 0 0 0 0 0 0 0 0 0 0 0 0 0 0 0 0 0 0 0 0 0 0 0 1 0 0 0 0 0 0 0 0 0 0 0 0 0 0 0 0 0 0 0 0 0 0 0 0 0 0 0 0 0 0 0 0 0 0 0 0 0 0 0 0 0 0 0 0 0 0 0
geno chr10.123595874 fin  0 0 0 0 0 0 0 0 0 0 0 0 0 0 0 0 0 0 0 0 0 0 0 0 0 0 0 0 0 0 0 0 0 0 0 0 0 0 0 0 0 0 0 0 0 0 0 0 0 0 0 0 0 0 0 0 0 0 0 0 0 0 0 0 0 0 0 0 0 0 0 0 0 0 0 0 0 0 0 0 0 0 0 0 0 0 0 0 0
geno chr10.123595874 gbr  0 0 0 0 0 0 0 0 0 0 0 0 0 0 0 0 0 0 0 0 0 0 0 0 0 0 0 0 0 0 0 0 0 0 0 0 0 0 0 0 0 0 0 0 0 0 0 0 0 0 0 0 0 0 0 0 0 0 0 0 0 0 0 0 0 0 0 0 0 0 0 0 0 0 0 0 0 0 0 0 0 0 0 0
geno chr10.123595874 tsi  0 0 0 0 0 0 0 0 0 0 0 0 0 0 0 0 0 0 0 0 0 0 0 0 0 0 0 0 0 0 0 0 0 0 0 0 0 0 0 0 0 0 0 0 0 0 0 0 0 0 0 0 0 0 0 0 0 0 0 0 0 0 0 0 0 0 0 0 0 0 0 0 0 0 0 0 0 0 0 0 0 0 0 0 0 0 0 0 0 0 0 0
geno chr10.123595874 yri  2 0 1 0 1 1 1 1 1 0 2 1 2 2 2 1 2 1 2 1 0 0 2 0 0 1 0 1 2 2 0 0 1 1 0 1 0 0 1 0 1 1 1 0 1 0 2 1 0 1 1 1 1 0 0 2 1 2 2 0 1 0 0 0 0 1 1 2 2 1 2 1 0 0 1 0 1
geno chr10.123596254 ceu  1 2 1 2 2 2 2 2 1 2 2 2 2 2 2 2 2 2 2 2 2 2 2 2 1 2 2 2 2 2 1 2 2 2 2 2 2 2 2 1 2 1 2 1 2 1 1 1 2 2 2 2 1 2 2 2 2 1 2 1 2 1 2 2 2 2 2 2 2 2 2 2 1 2 1 2 2 2
geno chr10.123596254 fin  2 1 2 2 2 2 2 2 2 2 1 2 2 2 2 1 1 2 2 2 2 2 2 2 2 2 2 2 2 2 2 2 2 2 2 2 1 1 1 2 1 2 2 2 2 2 2 2 2 2 2 2 2 2 2 2 2 2 2 1 2 2 2 2 1 2 2 2 2 2 2 2 2 2 2 2 2 1 2 2 2 2 1 2 2 2 2 1 2
geno chr10.123596254 gbr  2 2 2 2 1 2 2 1 2 2 2 1 2 2 2 2 2 2 2 2 1 1 2 1 2 2 1 1 2 1 2 1 2 2 2 2 2 2 2 2 2 1 2 2 1 2 2 2 2 2 2 2 2 2 2 2 2 2 2 2 2 2 2 2 1 2 1 2 2 1 2 2 2 2 2 2 1 2 2 1 2 2 2 2
geno chr10.123596254 tsi  2 2 2 2 1 2 1 1 2 2 2 2 2 2 2 2 2 2 2 2 2 2 2 2 2 2 2 2 2 2 2 2 2 2 2 2 2 2 2 2 2 2 2 2 2 2 2 2 2 2 2 2 2 2 2 2 2 1 2 2 2 2 2 2 2 1 2 2 2 1 1 1 2 1 2 2 1 0 1 2 2 2 2 2 1 2 2 1 2 2 2 2
geno chr10.123596254 yri  2 2 2 2 1 2 1 2 2 2 2 1 2 2 2 2 2 1 2 2 1 2 2 1 1 1 2 1 2 2 2 2 1 2 2 1 1 2 2 2 2 2 1 1 2 2 2 2 2 2 1 2 2 1 2 2 2 2 2 2 1 2 2 2 2 1 2 2 2 1 2 2 2 2 2 1 2
geno chr10.123596823 ceu  1 0 0 0 0 1 1 0 1 1 0 1 0 0 0 0 0 1 1 0 1 1 0 0 1 0 0 0 0 1 0 0 0 0 0 0 1 1 0 0 1 0 0 0 1 0 0 0 0 0 0 1 0 0 0 0 0 1 0 0 0 0 0 0 1 1 0 1 0 1 1 0 0 1 0 0 1 0
geno chr10.123596823 fin  0 0 1 0 0 0 1 0 1 0 0 2 1 1 0 1 0 1 0 1 0 2 0 1 0 0 0 0 0 1 1 1 1 0 1 0 0 0 0 0 0 0 0 0 0 0 0 0 0 1 0 0 0 0 0 0 0 0 0 0 0 0 1 0 0 1 1 1 0 1 0 0 0 1 0 1 0 0 0 0 0 0 0 0 0 0 0 0 0
geno chr10.123596823 gbr  1 0 0 0 0 0 0 1 0 1 1 0 0 1 1 1 0 0 0 0 1 0 0 0 0 0 0 0 0 0 0 0 0 2 0 0 0 0 1 0 1 0 0 0 0 1 0 1 0 0 0 0 1 0 0 0 1 1 0 0 0 0 0 0 0 0 0 1 0 1 0 1 0 1 1 0 0 1 0 1 0 0 0 0
geno chr10.123596823 tsi  1 0 0 0 0 1 0 0 0 1 0 0 2 0 0 0 0 0 1 1 1 0 1 1 0 0 1 0 0 1 0 0 0 0 0 0 0 0 0 0 1 0 0 1 0 1 1 0 1 0 1 0 1 0 1 0 0 0 1 0 2 1 0 0 1 1 1 1 1 0 0 0 0 0 0 0 0 0 0 0 1 1 0 1 0 2 0 1 0 0 1 0
geno chr10.123596823 yri  0 0 0 1 0 0 0 1 0 0 0 0 0 0 0 1 0 0 0 1 0 1 0 0 0 0 1 0 0 0 2 0 0 0 0 0 1 1 0 0 0 0 0 1 0 2 0 0 1 0 0 1 0 0 1 0 0 0 0 0 0 0 1 2 1 0 0 0 0 0 0 0 1 1 0 0 1
geno chr10.123597569 ceu  0 1 1 2 0 0 0 0 0 1 1 0 1 1 2 0 1 0 1 1 0 1 1 0 0 0 2 1 0 0 0 2 0 2 0 0 0 0 1 0 0 1 2 1 0 0 1 0 2 2 0 1 0 1 1 1 0 0 1 1 0 0 1 1 1 1 0 0 1 0 0 1 1 1 1 2 1 0
geno chr10.123597569 fin  1 1 0 0 0 1 0 1 0 0 0 0 1 0 1 0 1 0 2 0 1 0 1 1 2 1 1 1 0 0 0 1 0 0 0 0 1 0 0 1 0 1 0 0 0 1 0 2 0 0 1 1 1 2 0 0 1 1 1 1 2 0 1 1 1 0 0 0 1 0 1 2 1 1 0 0 1 0 1 1 0 0 1 0 0 1 1 0 2
geno chr10.123597569 gbr  0 0 2 1 0 1 1 0 2 0 0 0 2 0 1 0 1 2 1 2 0 0 2 0 0 1 0 1 2 1 1 0 1 0 1 2 1 1 0 1 1 0 0 1 0 1 1 1 1 0 2 1 1 2 1 0 1 1 1 2 0 1 0 2 1 2 1 1 1 0 0 1 1 0 1 1 1 1 2 0 0 0 2 0
geno chr10.123597569 tsi  1 1 0 1 0 0 0 1 1 1 0 1 0 0 1 1 2 0 0 0 0 0 0 1 2 0 1 0 1 1 1 1 0 1 0 1 0 0 0 0 0 1 0 0 0 1 0 1 0 0 1 0 1 1 1 0 1 1 1 1 0 0 1 0 1 0 1 1 0 0 0 1 1 0 0 2 1 0 1 1 0 0 2 1 0 0 1 0 1 1 1 1
geno chr10.123597569 yri  0 0 0 0 0 0 0 0 1 1 0 0 0 0 0 0 0 0 0 0 1 0 0 1 1 0 0 0 0 0 0 1 0 0 1 0 0 1 1 1 0 1 0 0 0 0 0 0 1 1 0 0 0 0 0 0 0 0 0 1 0 0 0 0 0 0 0 0 0 0 0 1 0 0 1 1 0
geno chr10.123597817 ceu  1 2 1 2 2 2 2 2 1 2 2 2 2 2 2 2 2 2 2 2 2 2 2 2 1 2 2 2 2 2 0 2 2 2 2 2 2 2 2 1 2 1 2 1 2 1 1 1 2 2 2 2 1 2 2 2 2 1 2 1 2 1 2 2 2 2 2 2 2 2 2 2 1 2 1 2 2 2
geno chr10.123597817 fin  2 1 2 2 2 2 2 2 2 2 1 2 2 2 2 1 1 2 2 2 2 2 2 2 2 2 2 2 2 2 2 2 2 2 2 2 1 1 1 2 1 2 2 2 2 2 2 2 2 2 2 2 2 2 2 2 2 2 2 1 2 2 2 2 1 2 2 2 2 2 2 2 2 2 2 2 2 1 2 2 2 2 1 2 2 2 2 1 2
geno chr10.123597817 gbr  2 2 2 2 1 2 2 1 2 2 2 1 2 2 2 2 2 2 2 2 1 1 2 1 2 2 1 1 2 1 2 1 2 2 2 2 2 2 2 2 2 1 2 2 1 2 2 2 2 2 2 2 2 2 2 2 2 2 2 2 2 2 2 2 1 2 1 2 2 1 2 2 2 2 2 2 1 2 2 1 1 2 2 2
geno chr10.123597817 tsi  2 2 2 2 1 2 1 1 2 2 2 2 2 2 2 2 2 2 2 2 2 2 2 2 2 2 2 2 2 2 2 2 2 2 2 2 2 2 2 2 2 2 2 2 2 2 2 2 2 2 2 2 2 2 2 2 2 1 2 2 2 2 2 2 2 1 2 2 2 1 1 1 2 1 2 2 1 0 1 2 2 2 2 2 1 2 2 1 2 2 2 2
geno chr10.123597817 yri  0 2 0 1 0 0 0 1 1 1 0 0 0 0 0 1 0 0 0 1 1 1 0 1 1 0 1 0 0 0 2 2 0 0 2 0 1 2 1 2 1 1 0 1 0 2 0 1 2 1 0 1 1 1 1 0 1 0 0 1 0 1 1 2 1 0 1 0 0 0 0 1 1 2 1 1 1
geno chr10.123598628 ceu  0 0 0 0 0 0 0 0 0 0 0 0 0 0 0 0 0 0 0 0 0 0 0 0 0 0 0 0 0 0 1 0 0 0 0 0 0 0 0 0 0 0 0 0 0 0 0 0 0 0 0 0 0 0 0 0 0 0 0 0 0 0 0 0 0 0 0 0 0 0 0 0 0 0 0 0 0 0
geno chr10.123598628 fin  0 0 0 0 0 0 0 0 0 0 0 0 0 0 0 0 0 0 0 0 0 0 0 0 0 0 0 0 0 0 0 0 0 0 0 0 0 0 0 0 0 0 0 0 0 0 0 0 0 0 0 0 0 0 0 0 0 0 0 0 0 0 0 0 0 0 0 0 0 0 0 0 0 0 0 0 0 0 0 0 0 0 0 0 0 0 0 0 0
geno chr10.123598628 gbr  0 0 0 0 0 0 0 0 0 0 0 0 0 0 0 0 0 0 0 0 0 0 0 0 0 0 0 0 0 0 0 0 0 0 0 0 0 0 0 0 0 0 0 0 0 0 0 0 0 0 0 0 0 0 0 0 0 0 0 0 0 0 0 0 0 0 0 0 0 0 0 0 0 0 0 0 0 0 0 0 0 0 0 0
geno chr10.123598628 tsi  0 0 0 0 0 0 0 0 0 0 0 0 0 0 0 0 0 0 0 0 0 0 0 0 0 0 0 0 0 0 0 0 0 0 0 0 0 0 0 0 0 0 0 0 0 0 0 0 0 0 0 0 0 0 0 0 0 0 0 0 0 0 0 0 0 0 0 0 0 0 0 0 0 0 0 0 0 0 0 0 0 0 0 0 0 0 0 0 0 0 0 0
geno chr10.123598628 yri  2 0 1 0 1 1 1 1 1 0 2 1 2 2 1 1 1 1 2 1 0 0 2 0 0 1 0 1 2 2 0 0 1 1 0 1 0 0 0 0 1 1 1 0 1 0 2 0 0 1 1 1 1 0 0 2 1 2 2 0 0 0 0 0 0 1 1 2 2 1 2 1 0 0 1 0 1
geno chr10.123598831 ceu  0 0 0 0 0 0 0 0 0 0 0 0 0 0 0 0 0 0 0 0 0 0 0 0 0 0 0 0 0 0 1 0 0 0 0 0 0 0 0 0 0 0 0 0 0 0 0 0 0 0 0 0 0 0 0 0 0 0 0 0 0 0 0 0 0 0 0 0 0 0 0 0 0 0 0 0 0 0
geno chr10.123598831 fin  0 0 0 0 0 0 0 0 0 0 0 0 0 0 0 0 0 0 0 0 0 0 0 0 0 0 0 0 0 0 0 0 0 0 0 0 0 0 0 0 0 0 0 0 0 0 0 0 0 0 0 0 0 0 0 0 0 0 0 0 0 0 0 0 0 0 0 0 0 0 0 0 0 0 0 0 0 0 0 0 0 0 0 0 0 0 0 0 0
geno chr10.123598831 gbr  0 0 0 0 0 0 0 0 0 0 0 0 0 0 0 0 0 0 0 0 0 0 0 0 0 0 0 0 0 0 0 0 0 0 0 0 0 0 0 0 0 0 0 0 0 0 0 0 0 0 0 0 0 0 0 0 0 0 0 0 0 0 0 0 0 0 0 0 0 0 0 0 0 0 0 0 0 0 0 0 0 0 0 0
geno chr10.123598831 tsi  0 0 0 0 0 0 0 0 0 0 0 0 0 0 0 0 0 0 0 0 0 0 0 0 0 0 0 0 0 0 0 0 0 0 0 0 0 0 0 0 0 0 0 0 0 0 0 0 0 0 0 0 0 0 0 0 0 0 0 0 0 0 0 0 0 0 0 0 0 0 0 0 0 0 0 0 0 0 0 0 0 0 0 0 0 0 0 0 0 0 0 0
geno chr10.123598831 yri  2 0 1 0 1 1 1 1 1 0 2 1 2 2 1 1 1 1 2 1 0 0 2 0 0 1 0 1 2 2 0 0 1 1 0 1 0 0 0 0 1 1 1 0 1 0 2 0 0 1 1 1 1 0 0 2 1 2 2 0 0 0 0 0 0 1 1 2 2 1 2 1 0 0 1 0 1
geno chr10.123600343 ceu  0 1 0 0 2 1 1 2 0 0 1 1 1 1 0 2 1 1 0 1 1 0 1 2 0 2 0 1 2 1 0 0 2 0 2 2 1 1 1 1 1 0 0 0 1 1 0 1 0 0 2 0 1 1 1 1 2 0 1 0 2 1 1 1 0 0 2 1 1 1 1 1 0 0 0 0 0 2
geno chr10.123600343 fin  1 0 1 2 2 1 1 1 1 2 1 0 0 1 1 0 0 1 0 1 1 0 1 0 0 1 1 1 2 1 1 0 1 2 1 2 0 1 1 1 1 1 2 2 2 1 2 0 2 1 1 1 1 0 2 2 1 1 1 0 0 2 0 1 0 1 1 1 1 1 1 0 1 0 2 1 1 1 1 1 2 2 0 2 2 1 1 1 0
geno chr10.123600343 gbr  1 2 0 1 1 1 1 0 0 1 1 1 0 1 0 1 1 0 1 0 0 1 0 1 2 1 1 0 0 0 1 1 1 0 1 0 1 1 1 1 0 1 2 1 1 0 1 0 1 2 0 1 0 0 1 2 0 0 1 0 2 1 2 0 0 0 0 0 1 0 2 0 1 1 0 1 0 0 0 0 1 2 0 2
geno chr10.123600343 tsi  0 1 2 1 1 1 1 0 1 0 2 1 0 2 1 1 0 2 1 1 1 2 1 0 0 2 0 2 1 0 1 1 2 1 2 1 2 2 2 2 1 1 2 1 2 0 1 1 1 2 0 2 0 1 0 2 1 0 0 1 0 1 1 2 0 0 0 0 1 1 1 0 1 1 2 0 0 0 0 1 1 1 0 0 1 0 1 0 1 1 0 1
geno chr10.123600343 yri  0 1 0 0 0 0 0 0 0 0 0 0 0 0 0 0 0 0 0 0 0 0 0 0 0 0 0 0 0 0 0 0 0 0 0 0 0 0 0 0 0 0 0 0 0 0 0 0 0 0 0 0 1 0 0 0 0 0 0 0 0 0 0 0 0 0 1 0 0 0 0 0 0 0 0 0 0
geno chr10.123600590 ceu  1 0 0 0 0 1 0 0 1 1 0 1 0 0 0 0 0 1 1 0 1 1 0 0 1 0 0 0 0 1 0 0 0 0 0 0 1 1 0 0 1 0 0 0 1 0 0 0 0 0 0 1 0 0 0 0 0 1 0 0 0 0 0 0 1 1 0 1 0 1 1 0 0 1 0 0 1 0
geno chr10.123600590 fin  0 0 1 0 0 0 1 0 1 0 0 2 1 0 0 1 0 1 0 1 0 2 0 1 0 0 0 0 0 1 1 1 1 0 1 0 0 0 0 0 0 0 0 0 0 0 0 0 0 1 0 0 0 0 0 0 0 0 0 0 0 0 1 0 0 1 1 1 0 0 0 0 0 0 0 1 0 0 0 0 0 0 0 0 0 0 0 0 0
geno chr10.123600590 gbr  1 0 0 0 0 0 0 1 0 1 1 0 0 1 1 1 0 0 0 0 1 0 0 0 0 0 0 0 0 0 0 0 0 2 0 0 0 0 1 0 1 0 0 0 0 1 0 1 0 0 0 0 1 0 0 0 1 1 0 0 0 0 0 0 0 0 0 1 0 1 0 1 0 1 1 0 0 1 0 1 0 0 0 0
geno chr10.123600590 tsi  1 0 0 0 0 1 0 0 0 1 0 0 2 0 0 0 0 0 1 1 1 0 1 1 0 0 1 0 0 1 0 0 0 0 0 0 0 0 0 0 1 0 0 1 0 1 1 0 1 0 1 0 1 0 1 0 0 0 1 0 1 1 0 0 1 1 1 1 0 0 0 0 0 0 0 0 0 0 0 0 1 1 0 1 0 2 0 1 0 0 1 0
geno chr10.123600590 yri  0 0 0 1 0 0 0 1 0 0 0 0 0 0 0 0 0 0 0 0 0 1 0 0 0 0 0 0 0 0 1 0 0 0 0 0 0 0 0 0 0 0 0 0 0 2 0 0 1 0 0 0 0 0 0 0 0 0 0 0 0 0 0 0 0 0 0 0 0 0 0 0 1 0 0 0 0
geno chr10.123601566 ceu  0 1 0 0 2 1 1 2 0 0 1 1 1 1 0 2 1 1 0 1 1 0 1 2 0 2 0 1 2 1 0 0 2 0 2 2 1 1 1 1 1 0 0 0 1 1 0 1 0 0 2 0 1 1 1 1 2 0 1 0 2 1 1 1 0 0 2 1 1 1 1 1 0 0 0 0 0 2
geno chr10.123601566 fin  1 0 1 2 2 1 1 1 1 2 1 0 0 1 1 0 0 1 0 1 1 0 1 0 0 1 1 1 2 1 1 0 1 2 1 2 0 1 1 1 1 1 2 2 2 1 2 0 2 1 1 1 1 0 2 2 1 1 1 0 0 2 0 1 0 1 1 1 1 1 1 0 1 0 2 1 1 1 1 1 2 2 0 2 2 1 1 1 0
geno chr10.123601566 gbr  1 2 0 1 1 1 1 0 0 1 1 1 0 1 0 1 1 0 1 0 0 1 0 1 2 1 1 0 0 0 1 1 1 0 1 0 1 1 1 1 0 1 2 1 1 0 1 0 1 2 0 1 0 0 1 2 0 0 1 0 2 1 2 0 0 0 0 0 1 0 2 0 1 1 0 1 0 0 0 0 1 2 0 2
geno chr10.123601566 tsi  0 1 2 1 1 1 1 0 1 0 2 1 0 2 1 1 0 2 1 1 1 2 1 0 0 2 0 2 1 0 1 1 2 1 2 1 2 2 2 2 1 1 2 1 2 0 1 1 1 2 0 2 0 1 0 2 1 0 0 1 0 1 1 2 0 0 0 0 1 1 1 0 1 1 2 0 0 0 0 1 1 1 0 0 1 0 1 0 1 1 0 1
geno chr10.123601566 yri  0 1 0 0 0 0 0 0 0 0 0 0 0 0 0 0 0 0 0 0 0 0 0 0 0 0 0 0 0 0 0 0 0 0 0 0 0 0 0 0 0 0 0 0 0 0 0 0 0 0 0 0 1 0 0 0 0 0 0 0 0 0 0 0 0 0 1 0 0 0 0 0 0 0 0 0 0
geno chr10.123601849 ceu  1 2 1 2 2 2 2 2 1 2 2 2 2 2 2 2 2 2 2 2 2 2 2 2 1 2 2 2 2 2 1 2 2 2 2 2 2 2 2 1 2 1 2 1 2 1 1 1 2 2 2 2 1 2 2 2 2 1 2 1 2 1 2 2 2 2 2 2 2 2 2 2 1 2 1 2 2 2
geno chr10.123601849 fin  2 1 2 2 2 2 2 2 2 2 1 2 2 2 2 1 1 2 2 2 2 2 2 2 2 2 2 2 2 2 2 2 2 2 2 2 1 1 1 2 1 2 2 2 2 2 2 2 2 2 2 2 2 2 2 2 2 2 2 1 2 2 2 2 1 2 2 2 2 2 2 2 2 2 2 2 2 1 2 2 2 2 1 2 2 2 2 1 2
geno chr10.123601849 gbr  2 2 2 2 1 2 2 1 2 2 2 1 2 2 2 2 2 2 2 2 1 1 2 1 2 2 1 1 2 1 2 1 2 2 2 2 2 2 2 2 2 1 2 2 1 2 2 2 2 2 2 2 2 2 2 2 2 2 2 2 2 2 2 2 1 2 1 2 2 1 2 2 2 2 2 2 1 2 2 1 1 2 2 2
geno chr10.123601849 tsi  2 2 2 2 1 2 1 1 2 2 2 2 2 2 2 2 2 2 2 2 2 2 2 2 2 2 2 2 2 2 2 2 2 2 2 2 2 2 2 2 2 2 2 2 2 2 2 2 2 2 2 2 2 2 2 2 2 1 2 2 2 2 2 2 2 1 2 2 2 1 1 1 2 1 2 2 1 0 1 2 2 2 2 2 1 2 2 1 2 2 2 2
geno chr10.123601849 yri  2 2 2 1 1 2 1 2 2 1 2 1 2 2 1 2 2 1 2 2 1 2 2 1 1 1 2 1 2 2 2 2 1 1 2 1 1 2 1 2 2 2 1 1 1 2 2 1 2 2 1 2 2 1 2 2 2 2 2 2 0 2 1 2 1 1 2 2 2 1 2 2 2 2 2 1 2
geno chr10.123602565 ceu  1 0 0 0 0 1 0 0 1 1 0 1 0 0 0 0 0 1 1 0 1 1 0 0 1 0 0 0 0 1 0 0 0 0 0 0 1 1 0 0 1 0 0 0 1 0 0 0 0 0 0 1 0 0 0 0 0 1 0 0 0 0 0 0 1 1 0 1 0 1 1 0 0 1 0 0 1 0
geno chr10.123602565 fin  0 0 1 0 0 0 1 0 1 0 0 2 1 0 0 1 0 1 0 1 0 2 0 1 0 0 0 0 0 1 1 1 1 0 1 0 0 0 0 0 0 0 0 0 0 0 0 0 0 1 0 0 0 0 0 0 0 0 0 0 0 0 1 0 0 1 1 1 0 0 0 0 0 0 0 1 0 0 0 0 0 0 0 0 0 0 0 0 0
geno chr10.123602565 gbr  1 0 0 0 0 0 0 1 0 1 1 0 0 1 1 1 0 0 0 0 1 0 0 0 0 0 0 0 0 0 0 0 0 2 0 0 0 0 1 0 1 0 0 0 0 1 0 1 0 0 0 0 1 0 0 0 1 1 0 0 0 0 0 0 0 0 0 1 0 1 0 1 0 1 1 0 0 1 0 1 0 0 0 0
geno chr10.123602565 tsi  1 0 0 0 0 1 0 0 0 1 0 0 2 0 0 0 0 0 1 1 1 0 1 1 0 0 1 0 0 1 0 0 0 0 0 0 0 0 0 0 1 0 0 1 0 1 1 0 1 0 1 0 1 0 1 0 0 0 1 0 1 1 0 0 1 1 1 1 0 0 0 0 0 0 0 0 0 0 0 0 1 1 0 1 0 2 0 1 0 0 1 0
geno chr10.123602565 yri  0 0 0 1 0 0 0 1 0 0 0 0 0 0 0 0 0 0 0 0 0 1 0 0 0 0 0 0 0 0 1 0 0 0 0 0 0 0 0 0 0 0 0 0 0 2 0 0 1 0 0 0 0 0 0 0 0 0 0 0 0 0 0 0 0 0 0 0 0 0 0 0 1 0 0 0 0
geno chr10.123603556 ceu  0 1 0 0 0 0 1 1 0 0 0 1 1 1 0 0 1 0 0 0 1 0 0 1 0 1 0 1 0 1 0 0 1 0 2 2 0 0 0 1 1 0 0 0 1 1 0 0 0 0 1 0 0 1 0 0 2 0 1 0 0 0 0 0 0 0 1 0 1 0 1 0 0 0 0 0 0 1
geno chr10.123603556 fin  0 0 0 0 0 0 0 1 0 0 0 0 0 1 0 0 0 0 0 0 0 0 0 0 0 1 0 1 0 0 0 0 0 1 0 0 0 1 0 0 0 0 1 1 1 1 1 0 1 0 1 0 1 0 1 0 1 0 1 0 0 0 0 0 0 1 0 0 1 0 0 0 1 0 1 0 0 0 0 1 0 1 0 1 0 0 1 0 0
geno chr10.123603556 gbr  0 1 0 0 0 1 0 0 0 0 0 0 0 0 0 1 1 0 0 0 0 0 0 0 1 0 0 0 0 0 1 1 0 0 1 0 1 0 1 0 0 0 1 1 1 0 1 0 0 1 0 1 0 0 0 1 0 0 0 0 1 1 0 0 0 0 0 0 0 0 0 0 1 0 0 0 0 0 0 0 0 1 0 0
geno chr10.123603556 tsi  0 1 2 0 0 0 1 0 0 0 1 0 0 0 1 0 0 1 1 0 1 1 0 0 0 1 0 1 0 0 1 1 1 0 1 0 2 1 0 0 0 0 1 0 1 0 0 0 0 0 0 0 0 0 0 0 0 0 0 0 0 1 0 0 0 0 0 0 0 0 0 0 0 0 0 0 0 0 0 0 1 0 0 0 0 0 1 0 0 1 0 1
geno chr10.123603556 yri  0 1 0 0 0 0 0 0 0 0 0 0 0 0 0 0 0 0 0 0 0 0 0 0 0 0 0 0 0 0 0 0 0 0 0 0 0 0 0 0 0 0 0 0 0 0 0 0 0 0 0 0 0 0 0 0 0 0 0 0 0 0 0 0 0 0 1 0 0 0 0 0 0 0 0 0 0
geno chr10.123603683 ceu  0 1 0 0 2 1 1 2 0 0 1 1 1 1 0 2 1 1 0 1 1 0 1 2 0 2 0 1 2 1 0 0 2 0 2 2 1 1 1 1 1 0 0 0 1 1 0 1 0 0 2 0 1 1 1 1 2 0 1 0 2 1 1 1 0 0 2 1 1 1 1 1 0 0 0 0 0 2
geno chr10.123603683 fin  1 0 1 2 2 1 1 1 1 2 1 0 0 1 1 0 0 1 0 1 1 0 1 0 0 1 1 1 2 1 1 0 1 2 1 2 0 1 1 1 1 1 2 2 2 1 2 0 2 1 1 1 1 0 2 2 1 1 1 0 0 2 0 1 0 1 1 1 1 1 1 0 1 0 2 1 1 1 1 1 2 2 0 2 2 1 1 1 0
geno chr10.123603683 gbr  1 2 0 1 1 1 1 0 0 1 1 1 0 1 0 1 1 0 1 0 0 1 0 1 2 1 1 0 0 0 1 1 1 0 1 0 1 1 1 1 0 1 2 1 1 0 1 0 1 2 0 1 0 0 1 2 0 0 1 0 2 1 2 0 0 0 0 0 1 0 2 0 1 1 0 1 0 0 0 0 1 2 0 2
geno chr10.123603683 tsi  0 1 2 1 1 1 1 0 1 0 2 1 0 2 1 1 0 2 1 1 1 2 1 0 0 2 0 2 1 0 1 1 2 1 2 1 2 2 2 2 1 1 2 1 2 0 1 1 1 2 0 2 0 1 0 2 1 0 0 1 0 1 1 2 0 0 0 0 1 1 1 0 1 1 2 0 0 0 0 1 1 1 0 0 1 0 1 0 1 1 0 1
geno chr10.123603683 yri  0 1 0 0 0 0 0 0 0 0 0 0 0 0 0 0 0 0 0 0 0 0 0 0 0 0 0 0 0 0 0 0 0 0 0 0 0 0 0 0 0 0 0 0 0 0 0 0 0 0 0 0 1 0 0 0 0 0 0 0 0 0 0 0 0 0 1 0 0 0 0 0 0 0 0 0 0
geno chr10.123604355 ceu  0 2 1 2 2 1 1 2 0 1 2 1 2 2 2 2 2 1 1 2 1 1 2 2 0 2 2 2 2 1 0 2 2 2 2 2 1 1 2 1 1 1 2 1 1 1 1 1 2 2 2 1 1 2 2 2 2 0 2 1 2 1 2 2 1 1 2 1 2 1 1 2 1 1 1 2 1 2
geno chr10.123604355 fin  2 1 1 2 2 2 1 2 1 2 1 0 1 1 2 0 1 1 2 1 2 0 2 1 2 2 2 2 2 1 1 1 1 2 1 2 1 1 1 2 1 2 2 2 2 2 2 2 2 1 2 2 2 2 2 2 2 2 2 1 2 2 1 2 1 1 1 1 2 1 2 2 2 1 2 1 2 1 2 2 2 2 1 2 2 2 2 1 2
geno chr10.123604355 gbr  1 2 2 2 1 2 2 0 2 1 1 1 2 1 1 1 2 2 2 2 0 1 2 1 2 2 1 1 2 1 2 1 2 0 2 2 2 2 1 2 1 1 2 2 1 1 2 1 2 2 2 2 1 2 2 2 1 1 2 2 2 2 2 2 1 2 1 1 2 0 2 1 2 1 1 2 1 1 2 0 1 2 2 2
geno chr10.123604355 tsi  1 2 2 2 1 1 1 1 2 1 2 2 0 2 2 2 2 2 1 1 1 2 1 1 2 2 1 2 2 1 2 2 2 2 2 2 2 2 2 2 1 2 2 1 2 1 1 2 1 2 1 2 1 2 1 2 2 1 1 2 0 1 2 2 1 0 1 1 1 1 1 1 2 1 2 2 1 0 1 2 1 1 2 1 1 0 2 0 2 2 1 2
geno chr10.123604355 yri  0 1 0 0 0 0 0 0 1 1 0 0 0 0 0 0 0 0 0 0 1 0 0 1 1 0 0 0 0 0 0 1 0 0 1 0 0 1 1 2 0 1 0 0 0 0 0 0 1 1 0 0 1 1 0 0 1 0 0 1 0 0 0 0 0 0 1 0 0 0 0 1 0 0 1 1 0
geno chr10.123606239 ceu  1 0 0 0 0 1 0 0 0 1 0 1 0 0 0 0 0 1 1 0 0 1 0 0 1 0 0 0 0 1 0 0 0 0 0 0 1 0 0 0 0 0 0 0 1 0 0 0 0 0 0 0 0 0 0 0 0 0 0 0 0 0 0 0 1 0 0 1 0 0 0 0 0 0 0 0 1 0
geno chr10.123606239 fin  0 0 1 0 0 0 1 0 1 0 0 1 0 0 0 1 0 0 0 0 0 1 0 1 0 0 0 0 0 0 0 1 1 0 0 0 0 0 0 0 0 0 0 0 0 0 0 0 0 1 0 0 0 0 0 0 0 0 0 0 0 0 0 0 0 0 0 0 0 0 0 0 0 0 0 0 0 0 0 0 0 0 0 0 0 0 0 0 0
geno chr10.123606239 gbr  1 0 0 0 0 0 0 1 0 0 0 0 0 0 1 1 0 0 0 0 0 0 0 0 0 0 0 0 0 0 0 0 0 1 0 0 0 0 1 0 0 0 0 0 0 0 0 0 0 0 0 0 0 0 0 0 1 0 0 0 0 0 0 0 0 0 0 1 0 1 0 0 0 1 1 0 0 1 0 0 0 0 0 0
geno chr10.123606239 tsi  0 0 0 0 0 0 0 0 0 0 0 0 2 0 0 0 0 0 1 1 0 0 1 1 0 0 0 0 0 0 0 0 0 0 0 0 0 0 0 0 0 0 0 0 0 1 1 0 1 0 1 0 0 0 0 0 0 0 1 0 1 1 0 0 1 1 0 1 0 0 0 0 0 0 0 0 0 0 0 0 1 1 0 0 0 2 0 1 0 0 1 0
geno chr10.123606239 yri  0 0 0 1 0 0 0 0 0 0 0 0 0 0 0 0 0 0 0 0 0 1 0 0 0 0 0 0 0 0 0 0 0 0 0 0 0 0 0 0 0 0 0 0 0 2 0 0 1 0 0 0 0 0 0 0 0 0 0 0 0 0 0 0 0 0 0 0 1 0 0 0 1 0 0 0 0
geno chr10.123606502 ceu  1 2 1 2 2 2 2 2 1 2 2 2 2 2 2 2 2 2 2 2 2 2 2 2 1 2 2 2 2 2 1 2 2 2 2 2 2 2 2 1 2 1 2 1 2 1 1 1 2 2 2 2 1 2 2 2 2 1 2 1 2 1 2 2 2 2 2 2 2 2 2 2 1 2 1 2 2 2
geno chr10.123606502 fin  2 1 2 2 2 2 2 2 2 2 1 2 2 2 2 1 1 2 2 2 2 2 2 2 2 2 2 2 2 2 2 2 2 2 2 2 1 1 1 2 1 2 2 2 2 2 2 2 2 2 2 2 2 2 2 2 2 2 2 1 2 2 2 2 1 2 2 2 2 2 2 2 2 2 2 2 2 1 2 2 2 2 1 2 2 2 2 1 2
geno chr10.123606502 gbr  2 2 2 2 1 2 2 1 2 2 2 1 2 2 2 2 2 2 2 2 1 1 2 2 2 2 1 1 2 1 2 1 2 2 2 2 2 2 2 2 2 1 2 2 1 2 2 2 2 2 2 2 2 2 2 2 2 2 2 2 2 2 2 2 1 2 1 2 2 1 2 2 2 2 2 2 1 2 2 1 1 2 2 2
geno chr10.123606502 tsi  2 2 2 2 1 2 1 1 2 2 2 2 2 2 2 2 2 2 2 2 2 2 2 2 2 2 2 2 2 2 2 2 2 2 2 2 2 2 2 2 2 2 2 2 2 2 2 2 2 2 2 2 2 2 2 2 2 1 2 2 2 2 2 2 2 1 2 2 2 1 1 1 2 1 2 2 1 0 1 2 2 2 2 2 1 2 2 1 2 2 2 2
geno chr10.123606502 yri  2 2 2 1 1 2 1 2 2 1 2 1 2 2 1 2 2 1 2 2 1 2 2 1 1 1 2 1 2 2 2 2 1 1 2 1 1 2 1 2 2 2 1 1 1 2 2 1 2 2 1 2 2 1 2 2 2 2 2 2 0 2 1 2 1 1 2 2 2 1 2 2 2 2 2 1 2
geno chr10.123606627 ceu  0 1 1 2 0 0 0 0 0 1 1 0 1 1 2 0 1 0 1 1 0 1 1 0 0 0 2 1 0 0 0 2 0 2 0 0 0 0 1 0 0 1 2 1 0 0 1 0 2 2 0 1 0 1 1 1 0 0 1 1 0 0 1 1 1 1 0 0 1 0 0 1 1 1 1 2 1 0
geno chr10.123606627 fin  1 1 0 0 0 1 0 1 0 0 0 0 1 0 1 0 1 0 2 0 1 0 1 1 2 1 1 1 0 0 0 1 0 0 0 0 1 0 0 1 0 1 0 0 0 1 0 2 0 0 1 1 1 2 0 0 1 1 1 1 2 0 1 1 1 0 0 0 1 0 1 2 1 1 0 0 1 0 1 1 0 0 1 0 0 1 1 0 2
geno chr10.123606627 gbr  0 0 2 1 0 1 1 0 2 0 0 0 2 0 1 0 1 2 1 2 0 0 2 0 0 1 0 1 2 1 1 0 1 0 1 2 1 1 0 1 1 0 0 1 0 1 1 1 1 0 2 1 1 2 1 0 1 1 1 2 0 1 0 2 1 2 1 1 1 0 0 1 1 0 1 1 1 1 2 0 0 0 2 0
geno chr10.123606627 tsi  1 1 0 1 0 0 0 1 1 1 0 1 0 0 1 1 2 0 0 0 0 0 0 1 2 0 1 0 1 1 1 1 0 1 0 1 0 0 0 0 0 1 0 0 0 1 0 1 0 0 1 0 1 1 1 0 1 1 1 1 0 0 1 0 1 0 1 1 0 0 0 1 1 0 0 2 1 0 1 1 0 0 2 1 0 0 1 0 1 1 1 1
geno chr10.123606627 yri  0 1 0 0 0 0 0 0 1 1 0 0 0 0 0 0 0 0 0 0 1 0 0 1 1 0 0 0 0 0 0 2 0 0 2 0 0 1 1 1 1 1 0 0 0 0 0 0 1 1 0 0 0 0 0 0 0 0 0 1 0 1 0 0 0 0 0 0 0 0 0 1 0 1 1 1 0
geno chr10.123607191 ceu  0 1 0 0 2 1 1 2 0 0 1 1 1 1 0 2 1 1 0 1 1 0 1 1 0 2 0 1 2 1 0 0 2 0 2 2 1 1 1 1 1 0 0 0 1 1 0 1 0 0 2 0 1 1 1 1 2 0 1 0 2 1 1 1 0 0 2 1 1 1 1 1 0 0 0 0 0 2
geno chr10.123607191 fin  1 0 1 2 2 1 1 1 1 2 1 0 0 1 1 0 0 1 0 1 1 0 1 0 0 1 1 1 2 1 1 0 1 1 1 2 0 1 1 1 1 1 2 2 2 1 2 0 2 1 1 1 1 0 2 2 1 1 1 0 0 2 0 1 0 1 1 1 1 1 1 0 1 0 2 1 1 1 1 1 2 2 0 2 2 1 1 1 0
geno chr10.123607191 gbr  1 2 0 1 1 1 1 0 0 1 1 1 0 1 0 1 1 0 1 0 0 1 0 2 2 1 1 0 0 0 1 1 1 0 1 0 1 1 1 1 0 1 2 1 1 0 1 0 1 2 0 1 0 0 1 2 0 0 1 0 2 1 2 0 0 0 0 0 1 0 2 0 1 1 0 1 0 0 0 0 1 2 0 2
geno chr10.123607191 tsi  0 1 2 1 1 1 1 1 1 0 2 1 0 2 1 1 0 2 1 1 1 2 1 0 0 2 0 2 1 0 1 1 2 1 1 1 2 2 2 2 1 1 2 1 2 0 1 1 1 2 0 1 0 1 0 2 2 0 0 1 0 1 1 2 0 0 0 0 1 1 1 0 1 2 2 0 0 0 0 1 1 1 0 0 1 0 2 0 2 1 0 1
geno chr10.123607191 yri  0 2 0 0 0 0 0 0 0 0 0 0 0 0 0 0 0 0 0 0 0 0 0 0 0 0 0 0 0 0 0 1 0 0 0 0 0 0 0 0 1 0 0 0 0 0 0 1 0 0 0 0 0 0 0 0 0 0 0 0 0 1 0 0 0 0 1 0 0 0 0 0 0 0 0 0 0
geno chr10.123607634 ceu  0 0 0 0 0 0 0 0 0 0 0 0 0 0 0 0 0 0 0 0 0 0 0 0 0 0 0 0 0 0 0 0 0 0 0 0 0 0 0 0 0 0 0 0 0 0 0 0 0 0 0 0 0 0 0 0 0 0 0 0 0 0 0 0 0 0 0 0 0 0 0 0 0 0 0 0 0 0
geno chr10.123607634 fin  0 0 0 0 0 0 0 0 0 0 0 0 0 0 0 0 0 0 0 0 0 0 0 0 0 0 0 0 0 0 0 0 0 0 0 0 0 0 1 1 0 0 0 0 0 0 0 0 0 0 0 0 0 0 0 0 0 1 0 0 0 0 0 0 0 0 0 0 0 0 0 0 0 0 0 0 0 0 0 0 0 0 0 0 0 0 0 0 0
geno chr10.123607634 gbr  0 0 0 0 0 0 0 0 0 0 0 0 0 0 0 0 0 0 0 0 0 0 0 0 0 0 0 0 0 0 0 0 0 0 0 0 0 0 0 0 0 0 0 0 0 0 0 0 0 0 0 0 0 0 0 0 0 0 0 0 0 0 0 0 0 0 0 0 0 0 0 0 0 0 0 0 0 0 0 0 0 0 0 0
geno chr10.123607634 tsi  0 0 0 0 0 0 0 0 0 0 0 0 0 0 0 0 0 0 0 0 0 0 0 0 0 0 0 0 0 0 0 0 0 0 0 0 0 0 0 0 0 0 0 0 0 0 0 0 0 0 0 0 0 0 0 0 0 0 0 0 0 0 0 0 0 0 0 0 0 0 0 0 0 0 0 0 0 0 0 0 0 0 0 0 0 0 0 0 0 0 0 0
geno chr10.123607634 yri  2 0 1 0 1 0 0 1 1 0 1 1 1 1 1 1 0 0 1 1 0 0 2 0 0 1 0 1 1 2 0 0 1 1 0 1 0 0 0 0 0 1 1 0 0 0 2 0 0 1 1 1 1 0 0 2 0 1 1 0 0 0 0 0 0 0 1 2 2 1 1 1 0 0 1 0 0
geno chr10.123608283 ceu  0 0 0 2 0 0 0 0 0 0 1 0 1 1 2 0 1 0 0 1 0 0 0 0 0 0 0 1 0 0 0 1 0 0 0 0 0 0 1 0 0 1 0 1 0 0 0 0 2 2 0 0 0 1 1 0 0 0 0 1 0 0 1 1 1 0 0 0 1 0 0 1 1 1 1 2 1 0
geno chr10.123608283 fin  1 1 0 0 0 1 0 0 0 0 0 0 1 0 0 0 1 0 1 0 0 0 1 1 2 1 1 0 0 0 0 1 0 0 0 0 1 0 0 0 0 0 0 0 0 0 0 2 0 0 1 1 0 2 0 0 1 1 1 0 2 0 1 2 1 0 0 0 1 0 1 1 1 1 0 0 0 0 1 1 0 0 1 0 0 0 0 0 2
geno chr10.123608283 gbr  0 0 1 0 0 1 1 0 0 0 0 0 2 0 1 0 0 1 1 2 0 0 1 0 0 1 0 1 2 0 1 0 0 0 1 1 1 0 0 1 1 0 0 1 0 1 1 0 1 0 2 0 1 2 1 0 1 1 1 1 0 1 0 1 1 1 0 0 1 0 0 1 1 0 1 1 1 0 2 0 0 0 2 0
geno chr10.123608283 tsi  1 1 0 1 0 0 0 1 1 1 0 0 0 0 1 0 2 0 0 0 0 0 0 1 1 0 1 0 0 1 1 0 0 1 0 1 0 0 0 0 0 1 0 0 0 1 0 0 0 0 1 0 1 1 1 0 1 1 1 0 0 0 0 0 1 0 1 1 0 0 0 1 1 0 0 2 1 1 1 0 0 0 1 1 0 0 1 0 1 1 1 1
geno chr10.123608283 yri  0 0 0 0 0 0 0 0 0 0 0 0 0 0 0 0 0 0 0 0 0 0 0 0 0 0 0 0 0 0 0 0 0 0 0 0 0 0 0 0 0 0 0 0 0 0 0 0 0 0 0 0 0 0 0 0 0 0 0 0 0 0 0 0 0 0 0 0 0 0 0 0 0 0 0 0 0
geno chr10.123609263 ceu  1 2 1 2 2 2 2 2 1 2 2 2 2 2 2 2 2 2 2 2 2 2 2 2 1 2 2 2 2 2 1 2 2 2 2 2 2 2 2 1 2 1 2 1 2 1 1 1 2 2 2 2 1 2 2 2 2 1 2 1 2 1 2 2 2 2 2 2 2 2 2 2 1 2 1 2 2 2
geno chr10.123609263 fin  2 1 2 2 2 2 2 2 2 2 1 2 2 2 2 1 1 2 2 2 2 2 2 2 2 2 2 2 2 2 2 2 2 1 2 2 1 1 1 2 1 2 2 2 2 2 2 2 2 2 2 2 2 2 2 2 2 2 2 1 2 2 2 2 1 2 2 2 2 2 2 2 2 2 2 2 2 1 2 2 2 2 1 2 2 2 2 1 2
geno chr10.123609263 gbr  2 2 2 2 1 2 2 1 2 2 2 1 2 2 2 2 2 2 2 2 1 1 2 2 2 2 1 1 2 1 2 1 2 2 2 2 2 2 2 2 2 1 2 2 1 2 2 2 2 2 2 2 2 2 2 2 2 2 2 2 2 2 2 2 1 2 1 2 2 1 2 2 2 2 2 2 1 2 2 1 2 2 2 2
geno chr10.123609263 tsi  2 2 2 2 1 2 1 1 2 2 2 2 2 2 2 2 2 2 2 2 2 2 2 2 2 2 2 2 2 2 2 2 2 2 2 2 2 2 2 2 2 2 2 2 2 2 2 2 2 2 2 1 2 2 2 2 2 1 2 2 2 2 2 2 2 1 2 2 2 1 1 1 2 1 2 2 1 1 1 2 2 2 2 2 1 2 2 1 2 2 2 2
geno chr10.123609263 yri  2 2 2 2 2 2 1 2 2 2 2 1 2 2 1 2 2 1 2 2 2 2 2 1 1 1 2 1 2 2 2 2 1 2 2 1 2 2 1 2 2 2 1 1 2 2 2 1 2 2 2 2 2 1 2 2 2 2 2 2 0 2 2 2 2 1 2 2 2 1 2 2 2 2 2 1 2
geno chr10.123609422 ceu  0 2 1 2 2 1 1 2 0 1 2 1 2 2 2 2 2 1 1 2 1 1 2 2 0 2 2 2 2 1 0 2 2 2 2 2 1 1 2 1 1 1 2 1 1 1 1 1 2 2 2 1 1 2 2 2 2 0 2 1 2 1 2 2 1 1 2 1 2 1 1 2 1 1 1 2 1 2
geno chr10.123609422 fin  2 1 1 2 2 2 1 2 1 2 1 0 1 1 2 0 1 1 2 1 2 0 2 1 2 2 2 2 2 1 1 1 1 1 1 2 1 1 1 2 1 2 2 2 2 2 2 2 2 1 2 2 2 2 2 2 2 2 2 1 2 2 1 2 1 1 1 1 2 1 2 2 2 1 2 1 2 1 2 2 2 2 1 2 2 2 2 1 2
geno chr10.123609422 gbr  1 2 2 2 1 2 2 0 2 1 1 1 2 1 1 1 2 2 2 2 0 1 2 2 2 2 1 1 2 1 2 1 2 0 2 2 2 2 1 2 1 1 2 2 1 1 2 1 2 2 2 2 1 2 2 2 1 1 2 2 2 2 2 2 1 2 1 1 2 0 2 1 2 1 1 2 1 1 2 0 1 2 2 2
geno chr10.123609422 tsi  1 2 2 2 1 1 1 1 2 1 2 2 0 2 2 2 2 2 1 1 1 2 1 1 2 2 1 2 2 1 2 2 2 2 2 2 2 2 2 2 1 2 2 1 2 1 1 2 1 2 1 1 1 2 1 2 2 1 1 2 0 1 2 2 1 0 1 1 1 1 1 1 2 1 2 2 1 1 1 2 1 1 2 1 1 0 2 0 2 2 1 2
geno chr10.123609422 yri  0 1 0 0 0 0 0 0 1 1 0 0 0 0 0 0 0 0 0 0 1 0 0 1 1 0 0 0 0 0 0 1 0 0 2 0 0 1 1 1 0 1 0 0 0 0 0 0 1 1 0 0 1 0 0 0 0 0 0 1 0 0 0 0 0 0 1 0 0 0 0 1 0 0 1 1 0
geno chr10.123610433 ceu  0 1 0 0 2 1 1 1 0 0 1 1 1 1 0 2 1 1 0 1 1 0 1 2 0 2 0 1 2 1 0 0 2 0 2 2 1 1 1 1 1 0 0 0 1 1 0 1 0 0 2 0 1 1 1 1 2 0 1 0 2 1 1 1 0 0 2 1 1 1 1 1 0 0 0 0 0 2
geno chr10.123610433 fin  1 0 1 2 2 1 1 1 1 2 1 0 0 1 1 0 0 0 0 1 1 0 0 0 0 1 1 1 2 1 1 0 1 1 1 2 0 1 1 1 1 1 2 2 2 1 2 0 2 1 1 1 1 0 2 1 1 1 1 0 0 2 0 0 0 1 1 1 1 1 1 0 1 0 2 1 1 1 1 1 2 2 0 2 2 1 1 1 0
geno chr10.123610433 gbr  0 2 0 1 1 1 1 0 0 0 1 1 0 1 0 1 1 0 1 0 0 1 0 2 2 1 1 0 0 0 1 1 1 0 1 0 1 1 1 1 0 1 2 1 1 0 1 0 1 2 0 1 0 0 1 2 0 0 1 0 2 1 2 0 0 0 0 0 1 0 2 0 1 1 0 1 0 0 0 0 1 2 0 2
geno chr10.123610433 tsi  0 1 2 1 1 1 1 1 1 0 2 1 0 2 1 1 0 2 1 1 1 2 1 0 0 2 0 2 1 0 1 1 2 1 2 1 2 2 2 2 0 1 2 1 2 0 1 1 1 2 0 1 0 1 0 1 1 0 0 2 0 1 1 2 0 0 0 0 0 1 1 0 1 1 2 0 0 0 0 1 1 1 0 0 1 0 1 0 1 1 0 1
geno chr10.123610433 yri  0 1 0 0 1 0 0 0 0 0 0 0 0 0 0 0 0 0 0 0 0 0 0 0 0 0 0 0 0 0 0 0 0 0 0 0 0 0 0 0 0 0 0 0 0 0 0 0 0 0 0 0 2 0 0 0 0 1 0 0 0 0 0 0 0 0 1 0 0 0 0 0 0 0 0 0 0
geno chr10.123611090 ceu  1 0 0 0 0 1 0 0 1 1 0 1 0 0 0 0 0 1 1 0 1 1 0 0 0 0 0 0 0 1 0 0 0 0 0 0 1 1 0 0 1 0 0 0 1 0 0 0 0 0 0 1 0 0 0 0 0 1 0 0 0 0 0 0 1 1 0 1 0 1 1 0 0 1 0 0 1 0
geno chr10.123611090 fin  0 0 1 0 0 0 1 0 1 0 0 2 1 0 0 1 0 1 0 1 0 2 0 1 0 0 0 0 0 1 1 1 1 0 1 0 0 0 0 0 0 0 0 0 0 0 0 0 0 1 0 0 0 0 0 0 0 0 0 0 0 0 1 0 0 1 1 1 0 0 0 0 0 0 0 1 0 0 0 0 0 0 0 0 0 0 0 0 0
geno chr10.123611090 gbr  1 0 0 0 0 0 0 1 0 1 1 0 0 1 1 1 0 0 0 0 1 0 0 0 0 0 0 0 0 0 0 0 0 2 0 0 0 0 1 0 1 0 0 0 0 1 0 1 0 0 0 0 1 0 0 0 1 1 0 0 0 0 0 0 0 0 0 1 0 1 0 1 0 1 1 0 0 1 0 1 0 0 0 0
geno chr10.123611090 tsi  1 0 0 0 0 1 0 1 0 1 0 0 2 0 0 0 0 0 1 1 1 0 1 1 0 0 1 0 0 1 0 0 0 0 0 0 0 0 0 0 1 0 0 1 0 1 1 0 1 0 1 0 1 0 1 0 0 0 1 0 1 1 0 0 1 1 1 1 0 0 0 0 0 1 0 0 0 0 0 0 1 1 0 1 0 2 0 1 0 0 1 0
geno chr10.123611090 yri  0 0 1 1 0 0 0 1 0 0 0 0 0 0 0 0 0 0 0 0 0 1 0 0 0 0 0 0 0 0 1 0 0 0 0 0 0 0 0 0 0 0 1 0 0 2 0 0 1 0 0 0 0 0 0 0 0 0 0 0 0 0 0 0 0 0 0 0 0 0 0 0 1 0 0 0 0
geno chr10.123611136 ceu  1 2 1 2 2 2 2 2 1 2 2 2 2 2 2 2 2 2 2 2 2 2 2 2 1 2 2 2 2 2 0 2 2 2 2 2 2 2 2 1 2 1 2 1 2 1 1 1 2 2 2 2 1 2 2 2 2 1 2 1 2 1 2 2 2 2 2 2 2 2 2 2 1 2 1 2 2 2
geno chr10.123611136 fin  2 1 2 2 2 2 2 2 2 2 1 2 2 2 2 1 1 2 2 2 2 2 2 2 2 2 2 2 2 2 2 2 2 1 2 2 1 1 1 2 1 2 2 2 2 2 2 2 2 2 2 2 2 2 2 2 2 2 2 1 2 2 2 2 1 2 2 2 2 2 2 2 2 2 2 2 2 1 2 2 2 2 1 2 2 2 2 1 2
geno chr10.123611136 gbr  2 2 2 2 1 2 2 1 2 2 2 1 2 2 2 2 2 2 2 2 1 1 2 2 2 2 1 1 2 1 2 1 2 2 2 2 2 2 2 2 2 1 2 2 1 2 2 2 2 2 2 2 2 2 2 2 2 2 2 2 2 2 2 2 1 2 1 2 2 1 2 2 2 2 2 2 1 2 2 1 2 2 2 2
geno chr10.123611136 tsi  2 2 2 2 1 2 1 1 2 2 2 2 2 2 2 2 2 2 2 2 2 2 2 2 2 2 2 2 2 2 2 2 2 2 2 2 2 2 2 2 2 2 2 2 2 2 2 2 2 2 2 1 2 2 2 2 2 1 2 2 2 2 2 2 2 1 2 2 2 1 1 1 2 1 2 2 1 1 1 2 2 2 2 2 1 2 2 1 2 2 2 2
geno chr10.123611136 yri  0 2 1 2 1 1 0 1 1 2 0 0 0 0 0 1 0 0 0 1 2 2 0 1 1 0 2 0 0 0 2 2 0 1 2 0 2 2 0 2 1 1 0 1 1 2 0 1 2 1 1 1 1 1 2 0 1 0 0 2 0 2 2 2 2 0 1 0 0 0 0 1 2 1 1 1 1
geno chr10.123611921 ceu  1 0 0 0 0 1 0 0 1 1 0 1 0 0 0 0 0 1 1 0 1 1 0 0 1 0 0 0 0 1 0 0 0 0 0 0 1 1 0 0 1 0 0 0 1 0 0 0 0 0 0 1 0 0 0 0 0 1 0 0 0 0 0 0 1 1 0 1 0 1 1 0 0 1 0 0 1 0
geno chr10.123611921 fin  0 0 1 0 0 0 1 0 1 0 0 2 1 0 0 1 0 1 0 1 0 2 0 1 0 0 0 0 0 1 1 1 1 0 1 0 0 0 0 0 0 0 0 0 0 0 0 0 0 1 0 0 0 0 0 0 0 0 0 0 0 0 1 0 0 1 1 1 0 0 0 0 0 0 0 1 0 0 0 0 0 0 0 0 0 0 0 0 0
geno chr10.123611921 gbr  1 0 0 0 0 0 0 1 0 1 1 0 0 1 1 1 0 0 0 0 1 0 0 0 0 0 0 0 0 0 0 0 0 2 0 0 0 0 1 0 1 0 0 0 0 1 0 1 0 0 0 0 1 0 0 0 1 1 0 0 0 0 0 0 0 0 0 1 0 1 0 1 0 1 1 0 0 1 0 1 0 0 0 0
geno chr10.123611921 tsi  1 0 0 0 1 1 0 0 0 1 0 0 2 0 0 0 0 0 1 1 1 0 1 1 0 0 1 0 0 1 0 0 0 0 0 0 0 0 0 0 1 0 0 1 0 1 1 0 1 0 1 0 1 0 1 0 0 0 1 1 1 2 0 0 1 1 1 1 0 0 0 0 0 0 0 0 0 0 0 0 1 1 0 1 1 2 0 1 0 0 1 0
geno chr10.123611921 yri  0 0 0 1 0 0 0 0 0 0 0 0 0 0 0 0 0 0 0 0 0 1 0 0 0 0 0 0 0 0 0 0 0 0 0 0 0 0 0 0 0 0 0 0 0 2 0 0 1 0 0 0 0 0 0 0 0 0 0 0 0 0 0 0 0 0 0 0 0 0 0 0 1 0 0 0 0
