pheno ENSG00000140199 ceu 2.184409 1.019235 2.745224 0.3859515 -0.2552599 0.4160657 1.630104 0.6431385 0.9897122 1.124412 1.248763 1.566672 1.458382 1.39115 1.988297 0.6505331 1.325979 1.096003 1.222892 1.403221 1.901869 1.215411 1.48999 1.397275 1.699845 -1.737841 0.2549543 0.643894 2.019865 -0.2775901 0.2631827 2.702672 0.8482974 2.86146 1.650734 -0.7145846 0.2064708 2.624774 1.436265 3.049999 0.6595573 1.614999 -0.1778807 0.7104911 0.8030211 1.88033 2.860943 0.8163269 1.860059 3.886361 1.723866 0.2090515 2.797072 -0.7021419 2.370001 -0.8073417 0.7614909 0.4393799 0.3940349 3.067262 2.145129 0.8438671 0.3007889 0.6818032 1.351869 2.554966 -1.228659 -0.2966051 1.62285 0.9542031 1.600046 0.2548407 0.2304281 0.7473639 1.687913 2.452176 2.045132 2.158076
pheno ENSG00000140199 fin 1.551902 0.6785817 1.240974 1.319371 1.962911 2.615334 -0.3569587 0.7967635 0.09309607 -0.1211577 1.374183 0.4457278 1.580608 2.339061 3.342477 1.436013 0.4103225 -0.7861902 1.200218 2.248853 0.8074645 0.8327154 1.335461 -0.3182062 1.30523 0.8883307 0.1614923 1.383826 0.3330342 -0.3218401 -0.3533863 3.350001 2.599053 -0.3949673 3.072132 1.260402 1.097614 0.816977 1.890095 0.4065104 2.056423 0.6552822 0.4889394 1.841048 1.653478 -0.2858751 1.179557 1.601924 0.4206401 -0.2244919 0.7585638 0.592951 0.4746695 0.8173011 0.5211813 -1.227602 -0.8092721 1.281618 1.378756 1.755017 1.679857 -0.6355081 2.367152 0.4102468 0.3684342 1.078045 1.305276 0.9256636 -0.6205377 1.216886 -0.1057268 1.027738 1.363585 0.4875458 0.4080773 0.6885817 1.141237 -0.03131354 1.076183 2.452238 1.991678 1.518562 1.359579 -0.8048711 2.468039 1.389692 1.210002 2.439025 1.729327
pheno ENSG00000140199 gbr -0.9305745 -0.8151929 -0.033364 0.002142148 0.2164034 1.184133 -1.029391 1.25554 -0.9960436 0.9749386 0.8604366 0.4908801 0.6830073 -0.8122209 0.5640944 -0.2040072 -1.039491 -0.463892 -1.15291 0.4287748 -1.599782 0.581114 -0.6386983 -0.5722306 -0.9984952 -0.02145298 -1.184366 -1.921462 -0.6619174 -1.463013 0.1840575 -0.8748728 -0.3707211 0.3429092 0.2326042 -0.7351858 -1.123322 1.080208 -1.059633 -1.176266 0.2376561 -0.7941966 -1.741659 -0.3432262 -0.1698217 -0.8260561 -1.017661 -0.2852371 -1.202729 -1.389617 0.4866288 -0.6761415 -0.04113491 -1.297132 0.7911126 2.238392 0.1830948 -0.4473544 -0.02364103 -0.2635223 -0.7802239 -0.1777213 -0.01752448 1.405629 0.4785926 0.4579395 -1.085109 0.1623816 0.514759 -1.187874 0.2395914 0.08840168 -0.7418024 -1.446934 1.171228 0.2414254 -1.242104 0.8774013 -2.342015 -0.5544252 0.6545868 -1.035 -0.7286171 0.7055703
pheno ENSG00000140199 tsi -0.3293155 -0.9578358 -0.2295235 -2.797816 -1.474078 0.8804196 -2.917692 -2.289585 -0.3639435 -1.479127 -1.861838 -0.1440925 0.559301 1.052703 1.668543 -2.698975 0.4410252 -0.5760801 -1.758134 -0.3096756 -0.5766049 -2.033586 -2.593036 -0.9691559 -1.093465 -0.5631436 -0.2184108 -0.5461391 -1.745524 -2.628884 -1.662596 -2.306219 0.8288603 -0.8183394 1.684897 -1.942058 -1.083078 -0.008112962 -1.329762 -2.40746 -1.521902 -1.551484 -1.692288 -0.7866617 -2.279548 0.1464108 -0.2877713 -1.344313 -0.9266505 -0.5018948 0.8239179 0.08270153 -0.7899195 1.395966 -1.255478 -0.5268322 -0.04289288 -1.478565 -1.922739 -1.048481 -0.6874651 0.638956 -1.490241 -0.7033816 -1.736064 -0.5767857 -1.069133 -2.907443 0.03005643 -0.7193147 -0.3025921 -0.9637456 -1.670573 -1.386985 -1.208077 -0.9315837 -1.972765 -0.8470952 -1.211269 -1.101035 0.2359269 -1.339958 -0.6144359 -2.720799 -1.078543 -2.174812 -1.80572 -0.4077331 -1.865185 -2.842177 -1.065236 -1.078336
pheno ENSG00000140199 yri 3.699584 2.269618 1.195124 3.726598 2.681538 0.2300282 2.706655 2.485101 1.12735 1.154441 2.633023 2.110255 -0.02598089 3.296189 2.759853 1.008988 2.970355 1.807539 3.568255 2.144335 2.942361 1.1041 2.429323 0.4685342 0.5383527 1.478204 1.775657 3.656016 0.9171703 3.573985 3.001768 2.355209 0.7112257 2.867541 2.998049 1.643803 3.397763 0.6742958 0.3351634 2.52645 2.606965 2.937079 0.12109 1.880636 2.181613 2.201633 1.21605 0.5491746 2.45827 2.847844 1.099743 1.43263 2.075833 1.628284 2.538823 3.665329 2.114089 3.685095 1.51899 1.735234 2.730144 2.598815 3.997263 0.571125 0.6697168 1.865423 4.367105 2.75111 0.6302202 1.762271 1.120569 2.551751 1.88569 1.670439 1.103767 2.230321 2.798665
geno chr15.34530939 ceu  0 1 0 0 0 0 0 0 2 0 0 0 0 0 0 1 0 0 0 1 1 0 0 0 0 1 0 0 1 1 1 1 0 0 1 1 0 1 0 0 1 1 0 1 0 0 0 0 0 0 0 1 0 1 0 1 0 1 0 0 0 0 0 0 0 0 0 0 0 0 0 1 1 1 0 0 0 0
geno chr15.34530939 fin  1 1 1 0 0 0 1 0 0 1 2 0 0 0 0 0 0 0 0 1 0 0 0 0 0 0 0 0 0 0 0 0 0 0 0 0 0 0 2 0 0 1 0 0 0 0 0 0 0 0 0 0 0 0 0 1 0 0 1 1 0 0 0 1 0 1 1 0 0 0 0 0 0 1 1 1 0 0 0 0 0 1 0 0 0 0 0 0 0
geno chr15.34530939 gbr  0 0 1 0 0 0 0 0 0 0 0 0 0 1 0 0 1 0 0 0 0 0 0 0 0 0 0 0 0 0 0 0 0 0 0 0 0 0 0 0 0 0 1 0 0 0 0 1 0 0 0 1 0 0 1 1 0 0 0 0 0 0 0 0 1 0 0 0 0 0 1 0 0 0 0 0 0 0 0 0 0 1 0 0
geno chr15.34530939 tsi  0 0 0 0 0 0 0 1 0 0 0 0 0 0 0 0 1 0 0 0 0 0 0 0 0 1 0 0 0 1 0 0 0 1 0 1 1 0 0 0 0 0 0 0 2 0 0 0 1 0 1 0 0 0 0 0 0 0 0 0 1 0 0 0 0 0 1 0 0 0 0 0 0 0 0 0 0 0 0 0 0 0 0 0 0 1 1 1 0 1 1 0
geno chr15.34530939 yri  0 0 0 0 0 0 0 0 0 0 0 0 0 0 0 0 0 0 0 0 0 0 0 0 0 0 0 0 0 0 0 0 0 0 0 0 0 0 0 0 0 0 0 0 0 0 0 0 0 0 0 0 0 0 0 0 0 0 0 0 0 0 0 0 0 0 0 0 0 0 0 0 0 0 0 0 0
geno chr15.34531474 ceu  0 1 0 1 0 0 1 1 2 0 0 0 0 1 0 1 0 0 0 2 1 0 0 0 0 2 0 0 1 1 1 1 1 0 1 1 0 1 1 1 1 1 0 1 0 1 1 0 0 0 0 1 0 1 1 1 0 1 2 0 0 0 0 0 0 1 0 0 1 1 0 1 1 1 0 0 0 0
geno chr15.34531474 fin  1 1 1 0 0 1 1 0 0 2 2 0 1 1 0 1 0 0 1 1 0 0 0 0 0 0 0 0 0 0 1 0 0 1 0 0 0 0 2 0 0 1 0 0 0 0 1 1 0 1 0 0 0 0 0 1 0 0 1 1 0 0 0 1 0 1 1 1 1 0 0 0 0 1 1 1 0 0 0 0 0 1 0 1 0 0 0 0 1
geno chr15.34531474 gbr  0 0 1 0 0 0 0 0 0 1 1 0 1 1 0 0 2 0 0 0 0 1 0 0 0 0 1 1 0 0 0 0 1 0 0 1 0 0 0 0 0 0 1 0 0 1 1 1 1 0 1 1 1 0 1 1 0 0 1 0 0 0 0 0 1 0 0 0 1 0 1 0 1 0 0 0 0 0 2 0 0 1 1 0
geno chr15.34531474 tsi  0 2 1 0 0 1 0 1 0 0 1 0 1 0 0 1 1 0 0 0 1 0 0 0 0 1 1 0 2 1 0 0 0 1 0 1 1 1 0 1 1 2 0 1 2 0 0 0 1 1 1 0 1 0 0 0 2 0 0 0 1 0 0 1 0 2 1 0 1 0 1 0 0 0 1 0 0 2 0 0 0 0 0 1 0 1 1 1 0 1 2 0
geno chr15.34531474 yri  0 0 0 0 2 0 0 0 0 0 0 0 1 0 0 0 0 0 1 0 0 0 1 0 0 0 1 0 0 0 0 0 0 0 0 0 0 0 0 0 0 0 0 0 1 0 0 0 2 0 0 1 0 1 0 0 0 0 0 0 0 0 0 0 0 0 0 0 0 0 1 0 0 0 0 0 0
geno chr15.34531829 ceu  0 1 0 1 0 0 1 1 2 0 0 0 0 1 0 1 0 0 0 2 1 0 0 0 0 2 0 0 1 1 1 1 1 0 1 1 0 1 1 1 1 1 0 1 0 1 1 0 0 0 0 1 0 1 1 1 0 1 2 0 0 0 0 0 0 1 0 0 1 1 0 1 1 1 0 0 0 0
geno chr15.34531829 fin  1 1 1 0 0 1 1 0 0 2 2 0 1 1 0 1 0 0 1 1 0 0 0 0 0 0 0 0 0 0 1 0 0 1 0 0 0 0 2 0 0 1 0 0 0 0 1 1 0 1 0 0 0 0 0 1 0 0 1 1 0 0 0 1 0 1 1 1 1 0 0 0 0 1 1 1 0 0 0 0 0 1 0 1 0 0 0 0 1
geno chr15.34531829 gbr  0 0 1 0 0 0 0 0 0 1 1 0 1 1 0 0 2 0 0 0 0 1 0 0 0 0 1 1 0 0 0 0 1 0 0 1 0 0 0 0 0 0 1 0 0 1 1 1 1 0 1 1 1 0 1 1 0 0 1 0 0 0 0 0 1 0 0 0 1 0 1 0 1 0 0 0 0 0 2 0 0 1 1 0
geno chr15.34531829 tsi  0 2 1 0 0 1 0 1 0 0 1 0 1 0 0 1 1 0 0 0 1 0 0 0 0 1 1 0 2 1 0 0 0 1 0 1 1 1 0 1 1 2 0 1 2 0 0 0 1 1 1 0 1 0 0 0 2 0 0 0 1 0 0 1 0 2 1 0 1 0 1 0 0 0 1 0 0 2 0 0 0 0 0 1 0 1 1 1 0 1 2 0
geno chr15.34531829 yri  0 0 0 0 2 0 0 0 0 0 1 0 1 0 0 0 0 0 1 0 0 0 1 0 0 0 1 0 0 0 0 0 0 0 0 0 0 0 0 0 0 0 0 0 1 0 0 0 2 0 0 1 0 1 0 0 0 0 0 0 0 0 0 1 0 0 0 0 0 0 1 0 0 0 0 0 0
geno chr15.34531963 ceu  0 0 0 0 0 0 0 1 0 0 0 0 0 0 0 0 0 0 0 0 0 0 0 0 0 0 1 0 0 0 0 0 0 0 0 0 0 0 0 1 0 0 0 0 0 0 0 0 0 0 0 0 0 0 0 0 0 0 0 0 0 0 0 0 0 0 0 0 0 0 0 0 0 0 0 0 0 0
geno chr15.34531963 fin  0 0 0 0 0 0 1 0 0 0 0 0 0 0 0 0 0 0 0 0 0 0 0 0 0 0 0 0 0 0 0 0 0 0 0 0 0 0 0 0 0 0 0 0 0 0 0 0 0 0 0 0 0 0 0 0 0 0 1 0 0 0 0 0 1 0 1 0 0 1 0 0 0 0 1 0 0 0 0 0 0 0 1 0 0 0 0 0 0
geno chr15.34531963 gbr  0 1 0 1 0 0 1 0 0 0 0 0 1 0 0 0 0 0 0 0 0 0 0 0 0 0 1 0 0 0 0 0 1 0 0 0 0 0 0 0 0 0 0 0 0 0 0 0 0 0 0 0 0 0 0 0 1 0 0 0 0 0 0 0 0 0 0 0 0 0 0 0 0 0 0 0 0 0 0 0 0 0 0 0
geno chr15.34531963 tsi  0 0 0 0 0 0 0 0 0 1 0 0 1 0 0 1 0 0 0 0 0 0 0 0 0 0 0 0 1 0 0 0 0 0 0 0 0 0 0 0 0 0 0 0 0 0 0 0 0 0 0 0 0 0 0 0 0 0 0 0 0 0 0 0 0 0 0 0 0 0 0 0 0 0 0 0 0 0 0 0 0 0 0 0 0 0 0 0 0 0 0 0
geno chr15.34531963 yri  0 0 0 0 0 0 0 0 0 0 0 0 0 0 0 0 0 0 0 0 0 0 0 0 0 0 0 0 0 0 0 0 0 0 0 0 0 1 0 0 0 0 0 1 0 0 0 0 0 0 0 1 0 0 0 0 0 0 0 0 0 0 0 0 0 0 0 0 1 0 0 0 0 0 0 0 1
geno chr15.34532293 ceu  0 1 0 0 0 0 0 0 2 0 0 0 0 0 0 1 0 0 0 1 1 0 0 0 0 1 0 0 1 1 1 1 0 0 1 1 0 1 0 0 1 1 0 1 0 0 0 0 0 0 0 1 0 1 0 1 0 1 0 0 0 0 0 0 0 0 0 0 0 0 0 1 1 1 0 0 0 0
geno chr15.34532293 fin  1 1 1 0 0 0 1 0 0 1 2 0 0 0 0 0 0 0 0 1 0 0 0 0 0 0 0 0 0 0 0 0 0 0 0 0 0 0 2 0 0 1 0 0 0 0 0 0 0 0 0 0 0 0 0 1 0 0 1 1 0 0 0 1 0 1 1 0 0 0 0 0 0 1 1 1 0 0 0 0 0 1 0 0 0 0 0 0 0
geno chr15.34532293 gbr  0 0 1 0 0 0 0 0 0 0 0 0 0 1 0 0 1 0 0 0 0 0 0 0 0 0 0 0 0 0 0 0 0 0 0 0 0 0 0 0 0 0 1 0 0 0 0 1 0 0 0 1 0 0 1 1 0 0 0 0 0 0 0 0 1 0 0 0 0 0 1 0 0 0 0 0 0 0 0 0 0 1 0 0
geno chr15.34532293 tsi  0 0 0 0 0 0 0 1 0 0 0 0 0 0 0 0 1 0 0 0 0 0 0 0 0 1 0 0 0 1 0 0 0 1 0 1 1 0 0 0 0 0 0 0 2 0 0 0 1 0 1 0 0 0 0 0 0 0 0 0 1 0 0 0 0 0 1 0 0 0 0 0 0 0 0 0 0 0 0 0 0 0 0 0 0 1 1 1 0 1 1 0
geno chr15.34532293 yri  0 0 0 0 0 0 0 0 0 0 0 0 0 0 0 0 0 0 0 0 0 0 0 0 0 0 0 0 0 0 0 0 0 0 0 0 0 0 0 0 0 0 0 0 0 0 0 0 0 0 0 0 0 0 0 0 0 0 0 0 0 0 0 0 0 0 0 0 0 0 0 0 0 0 0 0 0
geno chr15.34532299 ceu  0 1 0 0 0 0 0 0 2 0 0 0 0 0 0 1 0 0 0 1 1 0 0 0 0 1 0 0 1 1 1 1 0 0 1 1 0 1 0 0 1 1 0 1 0 0 0 0 0 0 0 1 0 1 0 1 0 1 0 0 0 0 0 0 0 0 0 0 0 0 0 1 1 1 0 0 0 0
geno chr15.34532299 fin  1 1 1 0 0 0 1 0 0 1 2 0 0 0 0 0 0 0 0 1 0 0 0 0 0 0 0 0 0 0 0 0 0 0 0 0 0 0 2 0 0 1 0 0 0 0 0 0 0 0 0 0 0 0 0 1 0 0 1 1 0 0 0 1 0 1 1 0 0 0 0 0 0 1 1 1 0 0 0 0 0 1 0 0 0 0 0 0 0
geno chr15.34532299 gbr  0 0 1 0 0 0 0 0 0 0 0 0 0 1 0 0 1 0 0 0 0 0 0 0 0 0 0 0 0 0 0 0 0 0 0 0 0 0 0 0 0 0 1 0 0 0 0 1 0 0 0 1 0 0 1 1 0 0 0 0 0 0 0 0 1 0 0 0 0 0 1 0 0 0 0 0 0 0 0 0 0 1 0 0
geno chr15.34532299 tsi  0 0 0 0 0 0 0 1 0 0 0 0 0 0 0 0 1 0 0 0 0 0 0 0 0 1 0 0 0 1 0 0 0 1 0 1 1 0 0 0 0 0 0 0 2 0 0 0 1 0 1 0 0 0 0 0 0 0 0 0 1 0 0 0 0 0 1 0 0 0 0 0 0 0 0 0 0 0 0 0 0 0 0 0 0 1 1 1 0 1 1 0
geno chr15.34532299 yri  0 0 0 0 0 0 0 0 0 0 0 0 0 0 0 0 0 0 0 0 0 0 0 0 0 0 0 0 0 0 0 0 0 0 0 0 0 0 0 0 0 0 0 0 0 0 0 0 0 0 0 0 0 0 0 0 0 0 0 0 0 0 0 0 0 0 0 0 0 0 0 0 0 0 0 0 0
geno chr15.34532726 ceu  0 1 0 1 0 0 1 1 2 0 0 0 0 1 0 1 0 0 0 2 1 0 0 0 0 2 0 0 1 1 1 1 1 0 1 1 0 1 1 1 1 1 0 1 0 1 1 0 0 0 0 1 0 1 1 1 0 1 2 0 0 0 0 0 0 1 0 0 1 1 0 1 1 1 0 0 0 0
geno chr15.34532726 fin  1 1 1 0 0 1 1 0 0 2 2 0 1 1 0 1 0 0 1 1 0 0 0 0 0 0 0 0 0 0 1 0 0 1 0 0 0 0 2 0 0 1 0 0 0 0 1 1 0 1 0 0 0 0 0 1 0 0 1 1 0 0 0 1 0 1 1 1 1 0 0 0 0 1 1 1 0 0 0 0 0 1 0 1 0 0 0 0 1
geno chr15.34532726 gbr  0 0 1 0 0 0 0 0 0 1 1 0 1 1 0 0 2 0 0 0 0 1 0 0 0 0 1 1 0 0 0 0 1 0 0 1 0 0 0 0 0 0 1 0 0 1 1 1 1 0 1 1 1 0 1 1 0 0 1 0 0 0 0 0 1 0 0 0 1 0 1 0 1 0 0 0 0 0 2 0 0 1 1 0
geno chr15.34532726 tsi  0 2 1 0 0 1 0 1 0 0 1 0 1 0 0 1 1 0 0 0 1 0 0 0 0 1 1 0 2 1 0 0 0 1 0 1 1 1 0 1 1 2 0 1 2 0 0 0 1 1 1 0 1 0 0 0 2 0 0 0 1 0 0 1 0 2 1 0 1 0 1 0 0 0 1 0 0 2 0 0 0 0 0 1 0 1 1 1 0 1 2 0
geno chr15.34532726 yri  0 0 0 0 2 0 0 0 0 0 1 0 1 0 0 0 0 0 1 0 0 0 1 0 0 0 1 0 0 0 0 0 0 0 0 0 0 0 0 0 0 0 0 0 1 0 0 0 2 0 0 1 0 1 0 0 0 0 0 0 0 0 0 1 0 0 0 0 0 0 1 0 0 0 0 0 0
geno chr15.34533897 ceu  0 1 0 0 0 0 0 0 2 0 0 0 0 0 0 1 0 0 0 1 1 0 0 0 0 1 0 0 1 1 1 1 0 0 1 1 0 1 0 0 1 1 0 1 0 0 0 0 0 0 0 1 0 1 0 1 0 1 0 0 0 0 0 0 0 0 0 0 0 0 0 1 1 1 0 0 0 0
geno chr15.34533897 fin  1 1 1 0 0 0 1 0 0 1 2 0 0 0 0 0 0 0 0 1 0 0 0 0 0 0 0 0 0 0 0 0 0 0 0 0 0 0 2 0 0 1 0 0 0 0 0 0 0 0 0 0 0 0 0 1 0 0 1 1 0 0 0 1 0 1 1 0 0 0 0 0 0 1 1 1 0 0 0 0 0 1 0 0 0 0 0 0 0
geno chr15.34533897 gbr  0 0 1 0 0 0 0 0 0 0 0 0 0 1 0 0 1 0 0 0 0 0 0 0 0 0 0 0 0 0 0 0 0 0 0 0 0 0 0 0 0 0 1 0 0 0 0 1 0 0 0 1 0 0 1 1 0 0 0 0 0 0 0 0 1 0 0 0 0 0 1 0 0 0 0 0 0 0 0 0 0 1 0 0
geno chr15.34533897 tsi  0 0 0 0 0 0 0 1 0 0 0 0 0 0 0 0 1 0 0 0 0 0 0 0 0 1 0 0 0 1 0 0 0 1 0 1 1 0 0 0 0 0 0 0 2 0 0 0 1 0 1 0 0 0 0 0 0 0 0 0 1 0 0 0 0 0 1 0 0 0 0 0 0 0 0 0 0 0 0 0 0 0 0 0 0 1 1 1 0 1 1 0
geno chr15.34533897 yri  0 0 0 0 0 0 0 0 0 0 0 0 0 0 0 0 0 0 0 0 0 0 0 0 0 0 0 0 0 0 0 0 0 0 0 0 0 0 0 0 0 0 0 0 0 0 0 0 0 0 0 0 0 0 0 0 0 0 0 0 0 0 0 0 0 0 0 0 0 0 0 0 0 0 0 0 0
geno chr15.34533980 ceu  0 0 0 0 1 1 0 0 0 0 0 1 0 0 1 0 0 0 1 0 0 0 1 1 0 0 0 1 1 1 0 0 0 0 0 0 0 0 0 1 0 0 0 1 0 0 0 0 0 0 0 0 0 1 0 0 0 0 0 0 0 0 1 0 0 0 0 0 0 0 1 0 0 1 0 1 0 0
geno chr15.34533980 fin  0 0 0 0 0 0 0 0 1 0 0 0 0 0 0 0 0 1 1 0 1 0 0 0 1 0 0 0 0 1 0 0 0 1 0 0 1 0 0 0 0 1 1 0 0 0 0 0 0 0 0 0 1 0 1 0 0 0 0 0 0 0 0 0 0 0 0 0 0 0 1 1 1 0 0 0 0 0 0 0 1 0 1 0 0 0 0 1 0
geno chr15.34533980 gbr  0 0 0 0 0 0 0 0 0 0 0 1 0 0 1 0 0 1 1 0 1 0 1 0 0 1 0 0 0 0 0 1 0 0 0 1 1 0 0 0 1 1 0 0 0 0 0 0 0 0 0 0 1 0 0 0 0 0 1 0 0 1 0 0 0 0 0 0 0 1 0 1 1 0 0 0 0 0 0 0 0 0 0 1
geno chr15.34533980 tsi  0 0 0 1 0 1 0 0 0 0 0 0 1 0 0 0 0 0 0 1 0 0 0 0 0 0 0 0 0 0 1 0 1 1 1 0 0 1 1 0 0 0 1 0 0 1 0 1 1 0 0 0 1 1 1 0 0 0 1 0 0 1 0 0 0 0 0 0 0 0 0 0 0 1 0 0 0 0 2 0 1 0 1 0 0 0 0 0 1 0 0 0
geno chr15.34533980 yri  0 1 0 0 0 0 0 0 1 1 0 1 0 0 0 0 0 0 1 1 1 0 0 0 0 0 0 1 0 0 1 0 0 0 0 0 0 0 0 0 0 0 0 0 0 0 0 0 0 0 0 0 0 0 0 0 0 0 0 0 0 0 2 0 0 1 0 0 1 0 0 0 0 0 0 0 0
geno chr15.34534512 ceu  0 1 0 0 0 0 0 0 2 0 0 0 0 0 0 1 0 0 0 1 1 0 0 0 0 1 0 0 1 1 1 1 0 0 1 1 0 1 0 0 1 1 0 1 0 0 0 0 0 0 0 1 0 1 0 1 0 1 0 0 0 0 0 0 0 0 0 0 0 0 0 1 1 1 0 0 0 0
geno chr15.34534512 fin  1 1 1 0 0 0 1 0 0 1 2 0 0 0 0 0 0 0 0 1 0 0 0 0 0 0 0 0 0 0 0 0 0 0 0 0 0 0 2 0 0 1 0 0 0 0 0 0 0 0 0 0 0 0 0 1 0 0 1 1 0 0 0 1 0 1 1 0 0 0 0 0 0 1 1 1 0 0 0 0 0 1 0 0 0 0 0 0 0
geno chr15.34534512 gbr  0 0 1 0 0 0 0 0 0 0 0 0 0 1 0 0 1 0 0 0 0 0 0 0 0 0 0 0 0 0 0 0 0 0 0 0 0 0 0 0 0 0 1 0 0 0 0 1 0 0 0 1 0 0 1 1 0 0 0 0 0 0 0 0 1 0 0 0 0 0 1 0 0 0 0 0 0 0 0 0 0 1 0 0
geno chr15.34534512 tsi  0 0 0 0 0 0 0 1 0 0 0 0 0 0 0 0 1 0 0 0 0 0 0 0 0 1 0 0 0 1 0 0 0 1 0 1 1 0 0 0 0 0 0 0 2 0 0 0 1 0 1 0 0 0 0 0 0 0 0 0 1 0 0 0 0 0 1 0 0 0 0 0 0 0 0 0 0 0 0 0 0 0 0 0 0 1 1 1 0 1 1 0
geno chr15.34534512 yri  0 0 0 0 0 0 0 0 0 0 0 0 0 0 0 0 0 0 0 0 0 0 0 0 0 0 0 0 0 0 0 0 0 0 0 0 0 0 0 0 0 0 0 0 0 0 0 0 0 0 0 0 0 0 0 0 0 0 0 0 0 0 0 0 0 0 0 0 0 0 0 0 0 0 0 0 0
geno chr15.34534723 ceu  0 0 0 1 0 0 1 1 0 0 0 0 0 1 0 0 0 0 0 1 0 0 0 0 0 1 0 0 0 0 0 0 1 0 0 0 0 0 1 1 0 0 0 0 0 1 1 0 0 0 0 0 0 0 1 0 0 0 2 0 0 0 0 0 0 1 0 0 1 1 0 0 0 0 0 0 0 0
geno chr15.34534723 fin  0 0 0 0 0 1 0 0 0 1 0 0 1 1 0 1 0 0 1 0 0 0 0 0 0 0 0 0 0 0 1 0 0 1 0 0 0 0 0 0 0 0 0 0 0 0 1 1 0 1 0 0 0 0 0 0 0 0 0 0 0 0 0 0 0 0 0 1 1 0 0 0 0 0 0 0 0 0 0 0 0 0 0 1 0 0 0 0 1
geno chr15.34534723 gbr  0 0 0 0 0 0 0 0 0 1 1 0 1 0 0 0 1 0 0 0 0 1 0 0 0 0 1 1 0 0 0 0 1 0 0 1 0 0 0 0 0 0 0 0 0 1 1 0 1 0 1 0 1 0 0 0 0 0 1 0 0 0 0 0 0 0 0 0 1 0 0 0 1 0 0 0 0 0 2 0 0 0 1 0
geno chr15.34534723 tsi  0 2 1 0 0 1 0 0 0 0 1 0 1 0 0 1 0 0 0 0 1 0 0 0 0 0 1 0 2 0 0 0 0 0 0 0 0 1 0 1 1 2 0 1 0 0 0 0 0 1 0 0 1 0 0 0 2 0 0 0 0 0 0 1 0 2 0 0 1 0 1 0 0 0 1 0 0 2 0 0 0 0 0 1 0 0 0 0 0 0 1 0
geno chr15.34534723 yri  0 0 0 0 2 0 0 0 0 0 1 0 1 0 0 0 0 0 1 0 0 0 1 0 0 0 1 0 0 0 0 0 0 0 0 0 0 0 0 0 0 0 0 0 1 0 0 0 2 0 0 1 0 1 0 0 0 0 0 0 0 0 0 1 0 0 0 0 0 0 1 0 0 0 0 0 0
geno chr15.34534957 ceu  0 1 0 1 0 0 1 1 2 0 0 0 0 1 0 1 0 0 0 2 1 0 0 0 0 2 0 0 1 1 1 1 1 0 1 1 0 1 1 1 1 1 0 1 0 1 1 0 0 0 0 1 0 1 1 1 0 1 2 0 0 0 0 0 0 1 0 0 1 1 0 1 1 1 0 0 0 0
geno chr15.34534957 fin  1 1 1 0 0 1 1 0 0 2 2 0 1 1 0 1 0 0 1 1 0 0 0 0 0 0 0 0 0 0 1 0 0 1 0 0 0 0 2 0 0 1 0 0 0 0 1 1 0 1 0 0 0 0 0 1 0 0 1 1 0 0 0 1 0 1 1 1 1 0 0 0 0 1 1 1 0 0 0 0 0 1 0 1 0 0 0 0 1
geno chr15.34534957 gbr  0 0 1 0 0 0 0 0 0 1 1 0 1 1 0 0 2 0 0 0 0 1 0 0 0 0 1 1 0 0 0 0 1 0 0 1 0 0 0 0 0 0 1 0 0 1 1 1 1 0 1 1 1 0 1 1 0 0 1 0 0 0 0 0 1 0 0 0 1 0 1 0 1 0 0 0 0 0 2 0 0 1 1 0
geno chr15.34534957 tsi  0 2 1 0 0 1 0 1 0 0 1 0 1 0 0 1 1 0 0 0 1 0 0 0 0 1 1 0 2 1 0 0 0 1 0 1 1 1 0 1 1 2 0 1 2 0 0 0 1 1 1 0 1 0 0 0 2 0 0 0 1 0 0 1 0 2 1 0 1 0 1 0 0 0 1 0 0 2 0 0 0 0 0 1 0 1 1 1 0 1 2 0
geno chr15.34534957 yri  0 0 0 0 2 0 0 0 0 0 1 0 1 0 0 0 0 0 1 0 0 0 1 0 0 0 1 0 0 0 0 0 0 0 0 0 0 0 0 0 0 0 0 0 1 1 0 0 2 0 0 1 0 1 0 0 0 0 0 0 0 0 0 1 0 0 0 0 0 0 1 0 0 0 0 0 0
geno chr15.34535022 ceu  0 1 0 0 0 0 0 0 2 0 0 0 0 0 0 1 0 0 0 1 1 0 0 0 0 1 0 0 1 1 1 1 0 0 1 1 0 1 0 0 1 1 0 1 0 0 0 0 0 0 0 1 0 1 0 1 0 1 0 0 0 0 0 0 0 0 0 0 0 0 0 1 1 1 0 0 0 0
geno chr15.34535022 fin  1 1 1 0 0 0 1 0 0 1 2 0 0 0 0 0 0 0 0 1 0 0 0 0 0 0 0 0 0 0 0 0 0 0 0 0 0 0 2 0 0 1 0 0 0 0 0 0 0 0 0 0 0 0 0 1 0 0 1 1 0 0 0 1 0 1 1 0 0 0 0 0 0 1 1 1 0 0 0 0 0 1 0 0 0 0 0 0 0
geno chr15.34535022 gbr  0 0 1 0 0 0 0 0 0 0 0 0 0 1 0 0 1 0 0 0 0 0 0 0 0 0 0 0 0 0 0 0 0 0 0 0 0 0 0 0 0 0 1 0 0 0 0 1 0 0 0 1 0 0 1 1 0 0 0 0 0 0 0 0 1 0 0 0 0 0 1 0 0 0 0 0 0 0 0 0 0 1 0 0
geno chr15.34535022 tsi  0 0 0 0 0 0 0 1 0 0 0 0 0 0 0 0 1 0 0 0 0 0 0 0 0 1 0 0 0 1 0 0 0 1 0 1 1 0 0 0 0 0 0 0 2 0 0 0 1 0 1 0 0 0 0 0 0 0 0 0 1 0 0 0 0 0 1 0 0 0 0 0 0 0 0 0 0 0 0 0 0 0 0 0 0 1 1 1 0 1 1 0
geno chr15.34535022 yri  0 0 0 0 0 0 0 0 0 0 0 0 0 0 0 0 0 0 0 0 0 0 0 0 0 0 0 0 0 0 0 0 0 0 0 0 0 0 0 0 0 0 0 0 0 0 0 0 0 0 0 0 0 0 0 0 0 0 0 0 0 0 0 0 0 0 0 0 0 0 0 0 0 0 0 0 0
geno chr15.34535197 ceu  0 0 0 0 1 1 0 0 0 0 0 1 0 0 1 0 0 0 1 0 0 0 1 1 0 0 0 1 1 1 0 0 0 0 0 0 0 0 0 1 0 0 0 1 0 0 0 0 0 0 0 0 0 1 0 0 0 0 0 0 0 0 1 0 0 0 0 0 0 0 1 0 0 1 0 1 0 0
geno chr15.34535197 fin  0 0 0 0 0 0 0 0 1 0 0 0 0 0 0 0 0 1 1 0 1 0 0 0 1 0 0 0 0 1 0 0 0 1 0 0 1 0 0 0 0 1 1 0 0 0 0 0 0 0 0 0 1 0 1 0 0 0 0 0 0 0 0 0 0 0 0 0 0 0 1 1 1 0 0 0 0 0 0 0 1 0 1 0 0 0 0 1 0
geno chr15.34535197 gbr  0 0 0 0 0 0 0 0 0 0 0 1 0 0 1 0 0 1 1 0 1 0 1 0 0 1 0 0 0 0 0 1 0 0 0 1 1 0 0 0 1 1 0 0 0 0 0 0 0 0 0 0 1 0 0 0 0 0 1 0 0 1 0 0 0 0 0 0 0 1 0 1 1 0 0 0 0 0 0 0 0 0 0 1
geno chr15.34535197 tsi  0 0 0 1 0 1 0 0 0 0 0 0 1 0 0 0 0 0 0 1 0 0 0 0 0 0 0 0 0 0 1 0 1 1 1 0 0 1 1 0 0 0 1 0 0 1 0 1 1 0 0 0 1 1 1 0 0 0 1 0 0 1 0 0 0 0 0 0 0 0 0 0 0 1 0 0 0 0 2 0 1 0 1 0 0 0 0 0 1 0 0 0
geno chr15.34535197 yri  0 1 0 0 0 0 0 0 1 1 0 1 0 0 0 0 0 0 1 1 1 0 0 0 0 0 1 1 0 0 1 0 0 0 0 0 0 0 0 0 0 0 0 0 0 0 0 0 0 0 0 0 0 0 0 0 0 0 0 0 0 0 2 0 0 1 0 0 1 0 0 0 0 0 0 0 0
geno chr15.34535245 ceu  0 0 0 1 0 0 1 1 0 0 0 0 0 1 0 0 0 0 0 1 0 0 0 0 0 1 0 0 0 0 0 0 1 0 0 0 0 0 1 1 0 0 0 0 0 1 1 0 0 0 0 0 0 0 1 0 0 0 2 0 0 0 0 0 0 1 0 0 1 1 0 0 0 0 0 0 0 0
geno chr15.34535245 fin  0 0 0 0 0 1 0 0 0 1 0 0 1 1 0 1 0 0 1 0 0 0 0 0 0 0 0 0 0 0 1 0 0 1 0 0 0 0 0 0 0 0 0 0 0 0 1 1 0 1 0 0 0 0 0 0 0 0 0 0 0 0 0 0 0 0 0 1 1 0 0 0 0 0 0 0 0 0 0 0 0 0 0 1 0 0 0 0 1
geno chr15.34535245 gbr  0 0 0 0 0 0 0 0 0 1 1 0 1 0 0 0 1 0 0 0 0 1 0 0 0 0 1 1 0 0 0 0 1 0 0 1 0 0 0 0 0 0 0 0 0 1 1 0 1 0 1 0 1 0 0 0 0 0 1 0 0 0 0 0 0 0 0 0 1 0 0 0 1 0 0 0 0 0 2 0 0 0 1 0
geno chr15.34535245 tsi  0 2 1 0 0 1 0 0 0 0 1 0 1 0 0 1 0 0 0 0 1 0 0 0 0 0 1 0 2 0 0 0 0 0 0 0 0 1 0 1 1 2 0 1 0 0 0 0 0 1 0 0 1 0 0 0 2 0 0 0 0 0 0 1 0 2 0 0 1 0 1 0 0 0 1 0 0 2 0 0 0 0 0 1 0 0 0 0 0 0 1 0
geno chr15.34535245 yri  0 0 0 0 2 0 0 0 0 0 1 0 1 0 0 0 0 0 1 0 0 0 1 0 0 0 1 0 0 0 0 0 0 0 0 0 0 0 0 0 0 0 0 0 1 0 0 0 2 0 0 1 0 1 0 0 0 0 0 0 0 0 0 1 0 0 0 0 0 0 1 0 0 0 0 0 0
geno chr15.34535248 ceu  0 1 0 0 0 0 0 0 2 0 0 0 0 0 0 1 0 0 0 1 1 0 0 0 0 1 0 0 1 1 1 1 0 0 1 1 0 1 0 0 1 1 0 1 0 0 0 0 0 0 0 1 0 1 0 1 0 1 0 0 0 0 0 0 0 0 0 0 0 0 0 1 1 1 0 0 0 0
geno chr15.34535248 fin  1 1 1 0 0 0 1 0 0 1 2 0 0 0 0 0 0 0 0 1 0 0 0 0 0 0 0 0 0 0 0 0 0 0 0 0 0 0 2 0 0 1 0 0 0 0 0 0 0 0 0 0 0 0 0 1 0 0 1 1 0 0 0 1 0 1 1 0 0 0 0 0 0 1 1 1 0 0 0 0 0 1 0 0 0 0 0 0 0
geno chr15.34535248 gbr  0 0 1 0 0 0 0 0 0 0 0 0 0 1 0 0 1 0 0 0 0 0 0 0 0 0 0 0 0 0 0 0 0 0 0 0 0 0 0 0 0 0 1 0 0 0 0 1 0 0 0 1 0 0 1 1 0 0 0 0 0 0 0 0 1 0 0 0 0 0 1 0 0 0 0 0 0 0 0 0 0 1 0 0
geno chr15.34535248 tsi  0 0 0 0 0 0 0 1 0 0 0 0 0 0 0 0 1 0 0 0 0 0 0 0 0 1 0 0 0 1 0 0 0 1 0 1 1 0 0 0 0 0 0 0 2 0 0 0 1 0 1 0 0 0 0 0 0 0 0 0 1 0 0 0 0 0 1 0 0 0 0 0 0 0 0 0 0 0 0 0 0 0 0 0 0 1 1 1 0 1 1 0
geno chr15.34535248 yri  0 0 0 0 0 0 0 0 0 0 0 0 0 0 0 0 0 0 0 0 0 0 0 0 0 0 0 0 0 0 0 0 0 0 0 0 0 0 0 0 0 0 0 0 0 0 0 0 0 0 0 0 0 0 0 0 0 0 0 0 0 0 0 0 0 0 0 0 0 0 0 0 0 0 0 0 0
geno chr15.34535283 ceu  0 0 0 1 0 0 1 1 0 0 0 0 0 1 0 0 0 0 0 1 0 0 0 0 0 1 0 0 0 0 0 0 1 0 0 0 0 0 1 1 0 0 0 0 0 1 1 0 0 0 0 0 0 0 1 0 0 0 2 0 0 0 0 0 0 1 0 0 1 1 0 0 0 0 0 0 0 0
geno chr15.34535283 fin  0 0 0 0 0 1 0 0 0 1 0 0 1 1 0 1 0 0 1 0 0 0 0 0 0 0 0 0 0 0 1 0 0 1 0 0 0 0 0 0 0 0 0 0 0 0 1 1 0 1 0 0 0 0 0 0 0 0 0 0 0 0 0 0 0 0 0 1 1 0 0 0 0 0 0 0 0 0 0 0 0 0 0 1 0 0 0 0 1
geno chr15.34535283 gbr  0 0 0 0 0 0 0 0 0 1 0 0 1 0 0 0 1 0 0 0 0 1 0 0 0 0 1 1 0 0 0 0 1 0 0 1 0 0 0 0 0 0 0 0 0 1 1 0 1 0 1 0 1 0 0 0 0 0 1 0 0 0 0 0 0 0 0 0 1 0 0 0 1 0 0 0 0 0 2 0 0 0 1 0
geno chr15.34535283 tsi  0 2 1 0 0 1 0 0 0 0 1 0 1 0 0 1 0 0 0 0 1 0 0 0 0 0 1 0 2 0 0 0 0 0 0 0 0 1 0 1 1 2 0 1 0 0 0 0 0 1 0 0 1 0 0 0 2 0 0 0 0 0 0 1 0 2 0 0 1 0 1 0 0 0 1 0 0 2 0 0 0 0 0 1 0 0 0 0 0 0 1 0
geno chr15.34535283 yri  0 0 0 0 2 0 0 0 0 0 0 0 1 0 0 0 0 0 1 0 0 0 1 0 0 0 1 0 0 0 0 0 0 0 0 0 0 0 0 0 0 0 0 0 1 0 0 0 2 0 0 1 0 1 0 0 0 0 0 0 0 0 0 0 0 0 0 0 0 0 1 0 0 0 0 0 0
geno chr15.34535522 ceu  0 0 0 0 1 1 0 0 0 0 0 1 0 0 1 0 0 0 1 0 0 0 1 1 0 0 0 1 1 1 0 0 0 0 0 0 0 0 0 1 0 0 0 1 0 0 0 0 0 0 0 0 0 1 0 0 0 0 0 0 0 0 1 0 0 0 0 0 0 0 1 0 0 1 0 1 0 0
geno chr15.34535522 fin  0 0 0 0 0 0 0 0 1 0 0 0 0 0 0 0 0 1 1 0 1 0 0 0 1 0 0 0 0 1 0 0 0 1 0 0 1 0 0 0 0 1 1 0 0 0 0 0 0 0 0 0 1 0 1 0 0 0 0 0 0 0 0 0 0 0 0 0 0 0 1 1 1 0 0 0 0 0 0 0 1 0 1 0 0 0 0 1 0
geno chr15.34535522 gbr  0 0 0 0 0 0 0 0 0 0 0 1 0 0 1 0 0 1 1 0 1 0 1 0 0 1 0 0 0 0 0 1 0 0 0 1 1 0 0 0 1 1 0 0 0 0 0 0 0 0 0 0 1 0 0 0 0 0 1 0 0 1 0 0 0 0 0 0 0 1 0 1 1 0 0 0 0 0 0 0 0 0 0 1
geno chr15.34535522 tsi  0 0 0 1 0 1 0 0 0 0 0 0 1 0 0 0 0 0 0 1 0 0 0 0 0 0 0 0 0 0 1 0 1 1 1 0 0 1 1 0 0 0 1 0 0 1 0 1 1 0 0 0 1 1 1 0 0 0 1 0 0 1 0 0 0 0 0 0 0 0 0 0 0 1 0 0 0 0 2 0 1 0 1 0 0 0 0 0 1 0 0 0
geno chr15.34535522 yri  0 1 0 0 0 0 0 0 1 1 0 1 0 0 0 0 0 0 1 1 1 0 0 0 0 0 0 1 0 0 1 0 0 0 0 0 0 0 0 0 0 0 0 0 0 0 0 0 0 0 0 0 0 0 0 0 0 0 0 0 0 0 2 0 0 1 0 0 1 0 0 0 0 0 0 0 0
geno chr15.34536090 ceu  0 0 0 1 0 0 1 1 0 0 0 0 0 1 0 0 0 0 0 1 0 0 0 0 0 1 0 0 0 0 0 0 1 0 0 0 0 0 1 1 0 0 0 0 0 1 1 0 0 0 0 0 0 0 1 0 0 0 2 0 0 0 0 0 0 1 0 0 1 1 0 0 0 0 0 0 0 0
geno chr15.34536090 fin  0 0 0 0 0 1 0 0 0 1 0 0 1 1 0 1 0 0 1 0 0 0 0 0 0 0 0 0 0 0 1 0 0 1 0 0 0 0 0 0 0 0 0 0 0 0 1 1 0 1 0 0 0 0 0 0 0 0 0 0 0 0 0 0 0 0 0 1 1 0 0 0 0 0 0 0 0 0 0 0 0 0 0 1 0 0 0 0 1
geno chr15.34536090 gbr  0 0 0 0 0 0 0 0 0 1 1 0 1 0 0 0 1 0 0 0 0 1 0 0 0 0 1 1 0 0 0 0 1 0 0 1 0 0 0 0 0 0 0 0 0 1 1 0 1 0 1 0 1 0 0 0 0 0 1 0 0 0 0 0 0 0 0 0 1 0 0 0 1 0 0 0 0 0 2 0 0 0 1 0
geno chr15.34536090 tsi  0 2 1 0 0 1 0 0 0 0 1 0 1 0 0 1 0 0 0 0 1 0 0 0 0 0 1 0 2 0 0 0 0 0 0 0 0 1 0 1 1 2 0 1 0 0 0 0 0 1 0 0 1 0 0 0 2 0 0 0 0 0 0 1 0 2 0 0 1 0 1 0 0 0 1 0 0 2 0 0 0 0 0 1 0 0 0 0 0 0 1 0
geno chr15.34536090 yri  0 0 0 0 2 0 0 0 0 0 0 0 1 0 0 0 0 0 1 0 0 0 1 0 0 0 1 0 0 0 0 0 0 0 0 0 0 0 0 0 0 0 0 0 1 0 0 0 2 0 0 1 0 1 0 0 0 0 0 0 0 0 0 0 0 0 0 0 0 0 1 0 0 0 0 0 0
geno chr15.34536143 ceu  0 0 0 0 0 0 0 0 0 0 0 0 0 0 0 0 0 0 0 1 0 0 0 0 0 0 0 0 0 0 0 0 1 0 0 0 0 0 1 1 0 0 0 0 0 1 0 0 0 0 0 0 0 0 0 0 0 0 1 0 0 0 0 0 0 1 0 0 0 0 0 0 0 0 0 0 0 0
geno chr15.34536143 fin  0 0 0 0 0 0 0 0 0 1 0 0 0 0 0 0 0 0 0 0 0 0 0 0 0 0 0 0 0 0 1 0 0 0 0 0 0 0 0 0 0 0 0 0 0 0 0 0 0 0 0 0 0 0 0 0 0 0 0 0 0 0 0 0 0 0 0 0 1 0 0 0 0 0 0 0 0 0 0 0 0 0 0 0 0 0 0 0 0
geno chr15.34536143 gbr  0 0 0 0 0 0 0 0 0 1 0 0 0 0 0 0 1 0 0 0 0 0 0 0 0 0 1 0 0 0 0 0 1 0 0 1 0 0 0 0 0 0 0 0 0 1 1 0 0 0 0 0 0 0 0 0 0 0 0 0 0 0 0 0 0 0 0 0 1 0 0 0 0 0 0 0 0 0 1 0 0 0 1 0
geno chr15.34536143 tsi  0 2 0 0 0 0 0 0 0 0 1 0 1 0 0 0 0 0 0 0 1 0 0 0 0 0 1 0 1 0 0 0 0 0 0 0 0 1 0 0 1 2 0 1 0 0 0 0 0 0 0 0 0 0 0 0 0 0 0 0 0 0 0 0 0 0 0 0 1 0 1 0 0 0 1 0 0 1 0 0 0 0 0 1 0 0 0 0 0 0 0 0
geno chr15.34536143 yri  0 0 0 0 0 0 0 0 0 0 0 0 0 0 0 0 0 0 0 0 0 0 0 0 0 0 0 0 0 0 0 0 0 0 0 0 0 0 0 0 0 0 0 0 0 0 0 0 0 0 0 0 0 0 0 0 0 0 0 0 0 0 0 0 0 0 0 0 0 0 0 0 0 0 0 0 0
geno chr15.34536299 ceu  0 0 0 0 0 0 0 0 0 0 0 0 1 1 0 0 0 0 0 0 0 0 0 0 0 0 0 1 0 0 0 0 0 0 0 0 0 1 0 0 0 0 0 0 0 0 0 0 0 0 0 0 0 0 0 0 0 0 0 1 0 0 0 0 0 0 0 1 0 0 0 0 0 0 0 0 0 0
geno chr15.34536299 fin  0 0 0 0 0 0 0 0 0 0 0 0 0 0 0 0 0 0 0 0 0 0 1 0 0 0 0 0 0 0 0 0 0 0 0 0 0 0 0 0 0 0 0 2 0 0 0 0 0 0 0 0 0 1 0 0 0 1 0 0 0 0 1 1 0 0 0 0 0 0 1 0 0 0 0 0 1 0 0 0 0 0 0 0 0 0 0 0 1
geno chr15.34536299 gbr  0 0 0 0 0 0 0 0 0 0 0 0 0 0 0 0 0 0 0 0 0 0 0 0 0 0 0 0 1 0 0 0 0 0 1 0 0 1 0 0 0 0 0 0 1 0 0 0 0 0 0 0 0 0 0 0 0 1 0 0 0 0 0 0 0 0 0 0 0 0 0 0 0 0 0 1 0 1 0 0 0 0 0 0
geno chr15.34536299 tsi  0 0 0 0 0 0 0 0 0 1 0 0 0 0 0 0 0 0 0 0 0 0 0 0 1 0 1 0 0 0 0 1 0 0 0 0 0 0 0 0 0 0 0 0 0 0 0 0 0 0 0 0 0 0 0 1 0 0 0 0 0 0 0 0 0 0 0 0 0 0 0 0 0 0 0 0 0 0 0 1 0 0 0 0 0 0 0 0 0 0 0 0
geno chr15.34536299 yri  0 0 0 0 0 0 0 0 0 0 0 0 0 0 0 0 0 0 0 0 0 0 0 0 0 0 0 0 0 0 0 0 0 0 0 0 0 0 0 0 0 0 0 0 0 0 0 0 0 0 0 0 0 0 0 0 0 0 0 0 0 0 0 0 0 0 0 0 0 0 0 0 0 0 0 0 0
geno chr15.34537617 ceu  0 0 0 0 1 1 0 0 0 0 0 1 0 0 1 0 0 0 1 0 0 0 1 1 0 0 0 1 1 1 0 0 0 0 0 0 0 0 0 1 0 0 0 1 0 0 0 0 0 0 0 0 0 1 0 0 0 0 0 0 0 0 1 0 0 0 0 0 0 0 1 0 0 1 0 1 0 0
geno chr15.34537617 fin  0 0 0 0 0 0 0 0 1 0 0 0 0 0 0 0 0 1 1 0 1 0 0 0 1 0 0 0 0 1 0 0 0 1 0 0 1 0 0 0 0 1 1 0 0 0 0 0 0 0 0 0 1 0 1 0 0 0 0 0 0 0 0 0 0 0 0 0 0 0 1 1 1 0 0 0 0 0 0 0 1 0 1 0 0 0 0 1 0
geno chr15.34537617 gbr  0 0 0 0 0 0 0 0 0 0 0 1 0 0 1 0 0 1 1 0 1 0 1 0 0 1 0 0 0 0 0 1 0 0 0 1 1 0 0 0 1 1 0 0 0 0 0 0 0 0 0 0 1 0 0 0 0 0 1 0 0 1 0 0 0 0 0 0 0 1 0 1 1 0 0 0 0 0 0 0 0 0 0 1
geno chr15.34537617 tsi  0 0 0 1 0 1 0 0 0 0 0 0 1 0 0 0 0 0 0 1 0 0 0 0 0 0 0 0 0 0 1 0 1 1 1 0 0 1 1 0 0 0 1 0 0 1 0 1 1 0 0 0 1 1 1 0 0 0 1 0 0 1 0 0 0 0 0 0 0 0 0 0 0 1 0 0 0 0 2 0 1 0 1 0 0 0 0 0 1 0 0 0
geno chr15.34537617 yri  0 1 0 0 0 0 0 0 1 1 0 1 0 0 0 0 0 0 1 1 1 0 0 0 0 0 0 1 0 0 1 0 0 0 0 0 0 0 0 0 0 0 0 0 0 0 0 0 0 0 0 0 0 0 0 0 0 0 0 0 0 0 2 0 0 1 0 0 1 0 0 0 0 0 0 0 0
geno chr15.34537742 ceu  0 1 0 0 0 0 0 0 2 0 0 0 0 0 0 1 0 0 0 1 1 0 0 0 0 1 0 0 1 1 1 1 0 0 1 1 0 1 0 0 1 1 0 1 0 0 0 0 0 0 0 1 0 1 0 1 0 1 0 0 0 0 0 0 0 0 0 0 0 0 0 1 1 1 0 0 0 0
geno chr15.34537742 fin  1 1 1 0 0 0 1 0 0 1 2 0 0 0 0 0 0 0 0 1 0 0 0 0 0 0 0 0 0 0 0 0 0 0 0 0 0 0 2 0 0 1 0 0 0 0 0 0 0 0 0 0 0 0 0 1 0 0 1 1 0 0 0 1 0 1 1 0 0 0 0 0 0 1 1 1 0 0 0 0 0 1 0 0 0 0 0 0 0
geno chr15.34537742 gbr  0 0 1 0 0 0 0 0 0 0 0 0 0 1 0 0 1 0 0 0 0 0 0 0 0 0 0 0 0 0 0 0 0 0 0 0 0 0 0 0 0 0 1 0 0 0 0 1 0 0 0 1 0 0 1 1 0 0 0 0 0 0 0 0 1 0 0 0 0 0 1 0 0 0 0 0 0 0 0 0 0 1 0 0
geno chr15.34537742 tsi  0 0 0 0 0 0 0 1 0 0 0 0 0 0 0 0 1 0 0 0 0 0 0 0 0 1 0 0 0 1 0 0 0 1 0 1 1 0 0 0 0 0 0 0 2 0 0 0 1 0 1 0 0 0 0 0 0 0 0 0 1 0 0 0 0 0 1 0 0 0 0 0 0 0 0 0 0 0 0 0 0 0 0 0 0 1 1 1 0 1 1 0
geno chr15.34537742 yri  0 0 0 0 0 0 0 0 0 0 0 0 0 0 0 0 0 0 0 0 0 0 0 0 0 0 0 0 0 0 0 0 0 0 0 0 0 0 0 0 0 0 0 0 0 0 0 0 0 0 0 0 0 0 0 0 0 0 0 0 0 0 0 0 0 0 0 0 0 0 0 0 0 0 0 0 0
geno chr15.34538438 ceu  0 1 0 0 0 0 0 0 2 0 0 0 0 0 0 1 0 0 0 1 1 0 0 0 0 1 0 0 1 1 1 1 0 0 1 1 0 1 0 0 1 1 0 1 0 0 0 0 0 0 0 1 0 1 0 1 0 1 0 0 0 0 0 0 0 0 0 0 0 0 0 1 1 1 0 0 0 0
geno chr15.34538438 fin  1 1 1 0 0 0 1 0 0 1 2 0 0 0 0 0 0 0 0 1 0 0 0 0 0 0 0 0 0 0 0 0 0 0 0 0 0 0 2 0 0 1 0 0 0 0 0 0 0 0 0 0 0 0 0 1 0 0 1 1 0 0 0 1 0 1 1 0 0 0 0 0 0 1 1 1 0 0 0 0 0 1 0 0 0 0 0 0 0
geno chr15.34538438 gbr  0 0 1 0 0 0 0 0 0 0 0 0 0 1 0 0 1 0 0 0 0 0 0 0 0 0 0 0 0 0 0 0 0 0 0 0 0 0 0 0 0 0 1 0 0 0 0 1 0 0 0 1 0 0 1 1 0 0 0 0 0 0 0 0 1 0 0 0 0 0 1 0 0 0 0 0 0 0 0 0 0 1 0 0
geno chr15.34538438 tsi  0 0 0 0 0 0 0 1 0 0 0 0 0 0 0 0 1 0 0 0 0 0 0 0 0 1 0 0 0 1 0 0 0 1 0 1 1 0 0 0 0 0 0 0 2 0 0 0 1 0 1 0 0 0 0 0 0 0 0 0 1 0 0 0 0 0 1 0 0 0 0 0 0 0 0 0 0 0 0 0 0 0 0 0 0 1 1 1 0 1 1 0
geno chr15.34538438 yri  0 0 0 0 0 0 0 0 0 0 0 0 0 0 0 0 0 0 0 0 0 0 0 0 0 0 0 0 0 0 0 0 0 0 0 0 0 0 0 0 0 0 0 0 0 0 0 0 0 0 0 0 0 0 0 0 0 0 0 0 0 0 0 0 0 0 0 0 0 0 0 0 0 0 0 0 0
geno chr15.34538560 ceu  0 0 0 1 0 0 1 1 0 0 0 0 0 1 0 0 0 0 0 1 0 0 0 0 0 1 0 0 0 0 0 0 1 0 0 0 0 0 1 1 0 0 0 0 0 1 1 0 0 0 0 0 0 0 1 0 0 0 2 0 0 0 0 0 0 1 0 0 1 1 0 0 0 0 0 0 0 0
geno chr15.34538560 fin  0 0 0 0 0 1 0 0 0 1 0 0 1 1 0 1 0 0 1 0 0 0 0 0 0 0 0 0 0 0 1 0 0 1 0 0 0 0 0 0 0 0 0 0 0 0 1 1 0 1 0 0 0 0 0 0 0 0 0 0 0 0 0 0 0 0 0 1 1 0 0 0 0 0 0 0 0 0 0 0 0 0 0 1 0 0 0 0 1
geno chr15.34538560 gbr  0 0 0 0 0 0 0 0 0 1 1 0 1 0 0 0 1 0 0 0 0 1 0 0 0 0 1 1 0 0 0 0 1 0 0 1 0 0 0 0 0 0 0 0 0 1 1 0 1 0 1 0 1 0 0 0 0 0 1 0 0 0 0 0 0 0 0 0 1 0 0 0 1 0 0 0 0 0 2 0 0 0 1 0
geno chr15.34538560 tsi  0 2 1 0 0 1 0 0 0 0 1 0 1 0 0 1 0 0 0 0 1 0 0 0 0 0 1 0 2 0 0 0 0 0 0 0 0 1 0 1 1 2 0 1 0 0 0 0 0 1 0 0 1 0 0 0 2 0 0 0 0 0 0 1 0 2 0 0 1 0 1 0 0 0 1 0 0 2 0 0 0 0 0 1 0 0 0 0 0 0 1 0
geno chr15.34538560 yri  0 0 0 0 2 0 0 0 0 0 1 0 1 0 0 0 0 0 1 0 0 0 1 0 0 0 1 0 0 0 0 0 0 0 0 0 0 0 0 0 0 0 0 0 1 0 0 0 2 0 0 1 0 1 0 0 0 0 0 0 0 0 0 1 0 0 0 0 0 0 1 0 0 0 0 0 0
geno chr15.34538636 ceu  0 1 0 0 0 0 0 0 2 0 0 0 0 0 0 1 0 0 0 1 1 0 0 0 0 1 0 0 1 1 1 2 0 0 1 1 0 1 0 0 1 1 0 1 0 0 0 0 0 0 0 1 0 1 0 1 0 1 0 0 0 0 0 0 0 0 0 0 0 0 0 1 1 1 0 0 0 0
geno chr15.34538636 fin  1 1 1 0 0 0 1 0 0 1 2 0 0 0 0 0 0 0 0 1 0 0 0 0 0 0 0 0 0 0 0 0 0 0 0 0 0 0 2 0 0 1 0 0 0 0 0 0 0 0 0 0 0 0 0 1 0 0 1 1 0 0 0 1 0 1 1 0 0 0 0 0 0 1 1 1 0 0 0 0 0 1 0 0 0 0 0 0 0
geno chr15.34538636 gbr  0 0 1 0 0 0 0 0 0 0 0 0 0 1 0 0 1 0 0 0 0 0 0 0 0 0 0 0 0 0 0 0 0 0 0 0 0 0 0 0 0 0 1 0 0 0 0 1 0 0 0 1 0 0 1 1 0 0 0 0 0 0 0 0 1 0 0 0 0 0 1 0 0 0 0 0 0 0 0 0 0 1 0 0
geno chr15.34538636 tsi  0 0 0 0 0 0 0 1 0 0 0 0 0 0 0 0 1 0 0 0 0 0 0 0 0 1 0 0 0 1 0 0 0 1 0 1 1 0 0 0 0 0 0 0 2 0 0 0 1 0 1 0 0 0 0 0 0 0 0 0 1 0 0 0 0 0 1 0 0 0 0 0 0 0 0 0 0 0 0 0 0 0 0 0 0 1 1 1 0 1 1 0
geno chr15.34538636 yri  0 0 0 0 0 0 0 0 0 0 0 0 0 0 0 0 0 0 0 0 0 0 0 0 0 0 0 0 0 0 0 0 0 0 0 0 0 0 0 0 0 0 0 0 0 0 0 0 0 0 0 0 0 0 0 0 0 0 0 0 0 0 0 0 0 0 0 0 0 0 0 0 0 0 0 0 0
geno chr15.34538974 ceu  2 2 2 2 2 2 2 2 2 2 2 2 2 2 2 2 2 2 2 2 2 2 2 2 2 2 2 2 2 2 2 2 2 2 2 2 2 2 2 2 2 2 2 2 2 2 2 2 2 2 2 2 2 2 2 2 2 2 2 2 2 2 2 2 2 2 2 2 2 2 2 2 2 2 2 2 2 2
geno chr15.34538974 fin  2 2 2 2 2 2 2 2 2 2 2 2 2 2 2 2 2 2 2 2 2 2 2 2 2 2 2 2 2 2 2 2 2 2 2 2 2 2 2 2 2 2 2 2 2 2 2 2 2 2 2 2 2 2 2 2 2 2 2 2 2 2 2 2 2 2 2 2 2 2 2 2 2 2 2 2 2 2 2 2 2 2 2 2 2 2 2 2 2
geno chr15.34538974 gbr  2 2 2 2 2 2 2 2 2 2 2 2 2 2 2 2 2 2 2 2 2 2 2 2 2 2 2 2 2 2 2 2 2 2 2 2 2 2 2 2 2 2 2 2 2 2 2 2 2 2 2 2 2 2 2 2 2 2 2 2 2 2 2 2 2 2 2 2 2 2 2 2 2 2 2 2 2 2 2 2 2 2 2 2
geno chr15.34538974 tsi  2 2 2 2 2 2 2 2 2 2 2 2 2 2 2 2 2 2 2 2 2 2 2 2 2 2 2 2 2 2 2 2 2 2 2 2 2 2 2 2 2 2 2 2 2 2 2 2 2 2 2 2 2 2 2 2 2 2 2 2 2 2 2 2 2 2 2 2 2 2 2 2 2 2 2 2 2 2 2 2 2 2 2 2 2 2 2 2 2 2 2 2
geno chr15.34538974 yri  1 2 1 0 2 1 0 1 2 1 2 2 1 0 0 1 1 2 2 1 2 1 1 1 2 2 1 2 1 2 2 1 0 1 1 1 1 1 2 2 2 1 2 2 2 0 1 1 2 2 1 2 1 1 0 1 1 0 2 0 1 1 2 2 0 1 2 1 2 2 2 2 2 1 1 0 2
geno chr15.34539013 ceu  0 1 0 0 0 0 0 0 2 0 0 0 0 0 0 1 0 0 0 1 1 0 0 0 0 1 0 0 1 1 1 1 0 0 1 1 0 1 0 0 1 1 0 1 0 0 0 0 0 0 0 1 0 1 0 1 0 1 0 0 0 0 0 0 0 0 0 0 0 0 0 1 1 1 0 0 0 0
geno chr15.34539013 fin  1 1 1 0 0 0 1 0 0 1 2 0 0 0 0 0 0 0 0 1 0 0 0 0 0 0 0 0 0 0 0 0 0 0 0 0 0 0 2 0 0 1 0 0 0 0 0 0 0 0 0 0 0 0 0 1 0 0 1 1 0 0 0 1 0 1 1 0 0 0 0 0 0 1 1 1 0 0 0 0 0 1 0 0 0 0 0 0 0
geno chr15.34539013 gbr  0 0 1 0 0 0 0 0 0 0 0 0 0 1 0 0 1 0 0 0 0 0 0 0 0 0 0 0 0 0 0 0 0 0 0 0 0 0 0 0 0 0 1 0 0 0 0 1 0 0 0 1 0 0 1 1 0 0 0 0 0 0 0 0 1 0 0 0 0 0 1 0 0 0 0 0 0 0 0 0 0 1 0 0
geno chr15.34539013 tsi  0 0 0 0 0 0 0 1 0 0 0 0 0 0 0 0 1 0 0 0 0 0 0 0 0 1 0 0 0 1 0 0 0 1 0 1 1 0 0 0 0 0 0 0 2 0 0 0 1 0 1 0 0 0 0 0 0 0 0 0 1 0 0 0 0 0 1 0 0 0 0 0 0 0 0 0 0 0 0 0 0 0 0 0 0 1 1 1 0 1 1 0
geno chr15.34539013 yri  0 0 0 0 0 0 0 0 0 0 0 0 0 0 0 0 0 0 0 0 0 0 0 0 0 0 0 0 0 0 0 0 0 0 0 0 0 1 0 0 0 0 0 0 0 0 0 0 0 0 0 0 1 0 0 0 0 0 0 0 1 0 0 0 0 0 0 0 0 0 0 0 0 0 0 0 0
geno chr15.34539107 ceu  0 0 0 0 0 0 0 0 0 0 0 0 0 0 0 0 0 0 0 0 0 0 0 0 0 0 0 0 0 0 0 0 0 0 0 0 0 0 0 0 0 0 0 0 0 0 0 0 0 0 0 0 0 0 0 0 0 0 0 0 0 0 0 0 0 0 0 0 0 0 0 0 0 0 0 0 0 0
geno chr15.34539107 fin  0 0 0 0 0 0 0 0 0 0 0 0 0 0 0 0 0 0 0 0 0 0 0 0 0 0 0 0 0 0 0 0 0 0 0 0 0 0 0 0 0 0 0 0 0 0 0 0 0 0 0 0 0 0 0 0 0 0 0 0 0 0 0 0 0 0 0 0 0 0 0 0 0 0 0 0 0 0 0 0 0 0 0 0 0 0 0 0 0
geno chr15.34539107 gbr  0 0 0 0 0 0 0 0 0 0 0 0 0 0 0 0 0 0 0 0 0 0 0 0 0 0 0 0 0 0 0 0 0 0 0 0 0 0 0 0 0 0 0 0 0 0 0 0 0 0 0 0 0 0 0 0 0 0 0 0 0 0 0 0 0 0 0 0 0 0 0 0 0 0 0 0 0 0 0 0 0 0 0 0
geno chr15.34539107 tsi  0 0 0 0 0 0 0 0 0 0 0 0 0 0 0 0 0 0 0 0 0 0 0 0 0 0 0 0 0 0 0 0 0 0 0 0 0 0 0 0 0 0 0 0 0 0 0 0 0 0 0 0 0 0 0 0 0 0 0 0 0 0 0 0 0 0 0 0 0 0 0 0 0 0 0 0 0 0 0 0 0 0 0 0 0 0 0 0 0 0 0 0
geno chr15.34539107 yri  1 0 1 1 0 1 2 1 0 0 0 0 1 2 0 1 1 0 0 1 0 0 1 0 0 0 0 0 1 0 0 1 1 1 0 0 1 1 0 0 0 0 0 0 0 1 1 1 0 0 1 0 1 1 1 0 1 2 0 2 0 1 0 0 1 0 0 1 0 0 0 0 0 0 0 1 0
geno chr15.34539604 ceu  2 2 2 2 2 2 2 2 2 2 2 2 2 2 2 2 2 2 2 2 2 2 2 2 2 2 2 2 2 2 2 1 2 2 2 2 2 2 2 2 2 2 2 2 2 2 2 2 2 2 2 1 2 2 2 2 2 2 2 2 2 2 2 2 2 2 2 2 2 2 2 2 2 2 2 2 2 2
geno chr15.34539604 fin  1 2 2 1 2 2 2 2 2 2 2 2 2 2 2 2 2 2 2 2 2 2 2 2 2 2 2 2 2 2 2 2 1 2 2 2 2 2 2 2 2 1 2 2 2 2 2 2 2 2 2 2 2 2 2 2 2 2 2 2 2 2 2 2 2 2 2 2 2 2 2 2 2 2 2 2 2 2 2 2 2 2 2 2 2 2 2 2 2
geno chr15.34539604 gbr  2 2 2 2 2 2 2 2 2 2 2 2 2 2 2 2 2 2 2 2 2 2 2 2 2 2 2 2 2 2 2 2 2 2 2 2 2 2 2 2 2 2 2 2 2 2 2 2 2 2 2 2 2 2 2 2 2 2 2 1 2 2 2 2 2 2 1 2 2 2 2 2 2 2 2 2 2 2 2 2 2 2 2 2
geno chr15.34539604 tsi  2 2 2 2 2 2 2 1 2 2 2 2 2 2 2 2 2 2 2 2 2 2 2 2 2 2 2 2 2 2 2 2 2 2 2 2 2 2 2 2 2 2 2 2 2 2 2 2 2 2 2 2 2 2 2 2 2 2 2 2 1 2 2 2 2 2 2 2 2 2 2 2 2 1 2 2 2 2 2 1 2 2 2 2 2 2 2 2 2 2 2 2
geno chr15.34539604 yri  2 2 2 1 1 2 2 2 2 1 2 2 2 2 0 2 2 2 2 1 2 1 2 1 2 2 1 2 2 2 2 2 1 2 1 1 2 2 2 2 2 1 2 2 2 0 1 2 1 2 2 2 2 2 1 1 2 2 2 2 1 2 2 2 1 1 2 2 2 2 2 2 2 2 1 1 2
geno chr15.34539713 ceu  0 1 0 1 0 0 1 1 2 0 0 0 0 1 0 1 0 0 0 2 1 0 0 0 0 2 0 0 1 1 1 1 1 0 1 1 0 1 1 1 1 1 0 1 0 1 1 0 0 0 0 1 0 1 1 1 0 1 2 0 0 0 0 0 0 1 0 0 1 1 0 1 1 1 0 0 0 0
geno chr15.34539713 fin  1 1 1 0 0 1 1 0 0 2 2 0 1 1 0 1 0 0 1 1 0 0 0 0 0 0 0 0 0 0 1 0 0 1 0 0 0 0 2 0 0 1 0 0 0 0 1 1 0 1 0 0 0 0 0 1 0 0 1 1 0 0 0 1 0 1 1 1 1 0 0 0 0 1 1 1 0 0 0 0 0 1 0 1 0 0 0 0 1
geno chr15.34539713 gbr  0 0 1 0 0 0 0 0 0 1 1 0 1 1 0 0 2 0 0 0 0 1 0 0 0 0 1 1 0 0 0 0 1 0 0 1 0 0 0 0 0 0 1 0 0 1 1 1 1 0 1 1 1 0 1 1 0 0 1 0 0 0 0 0 1 0 0 0 1 0 1 0 1 0 0 0 0 0 2 0 0 1 1 0
geno chr15.34539713 tsi  0 2 1 0 0 1 0 1 0 0 1 0 1 0 0 1 1 0 0 0 1 0 0 0 0 1 1 0 2 1 0 0 0 1 0 1 1 1 0 1 1 2 0 1 2 0 0 0 1 1 1 0 1 0 0 0 2 0 0 0 1 0 0 1 0 2 1 0 1 0 1 0 0 0 1 0 0 2 0 0 0 0 0 1 0 1 1 1 0 1 2 0
geno chr15.34539713 yri  0 0 0 0 2 0 0 0 0 0 1 0 1 0 0 0 0 0 1 0 0 0 1 0 0 0 1 0 0 0 0 0 0 0 0 0 0 0 0 0 0 0 0 0 1 0 0 0 2 0 0 1 0 1 0 0 0 0 0 0 0 0 0 1 0 0 0 0 0 0 1 0 0 0 0 0 0
geno chr15.34540495 ceu  0 1 0 0 0 0 0 0 2 0 0 0 0 0 0 1 0 0 0 1 1 0 0 0 0 1 0 0 1 1 1 1 0 0 1 1 0 1 0 0 1 1 0 1 0 0 0 0 0 0 0 1 0 1 0 1 0 1 0 0 0 0 0 0 0 0 0 0 0 0 0 1 1 1 0 0 0 0
geno chr15.34540495 fin  1 1 1 0 0 0 1 0 0 1 2 0 0 0 0 0 0 0 0 1 0 0 0 0 0 0 0 0 0 0 0 0 0 0 0 0 0 0 2 0 0 1 0 0 0 0 0 0 0 0 0 0 0 0 0 1 0 0 1 1 0 0 0 1 0 1 1 0 0 0 0 0 0 1 1 1 0 0 0 0 0 1 0 0 0 0 0 0 0
geno chr15.34540495 gbr  0 0 1 0 0 0 0 0 0 0 0 0 0 1 0 0 1 0 0 0 0 0 0 0 0 0 0 0 0 0 0 0 0 0 0 0 0 0 0 0 0 0 1 0 0 0 0 1 0 0 0 1 0 0 1 1 0 0 0 0 0 0 0 0 1 0 0 0 0 0 1 0 0 0 0 0 0 0 0 0 0 1 0 0
geno chr15.34540495 tsi  0 0 0 0 0 0 0 1 0 0 0 0 0 0 0 0 1 0 0 0 0 0 0 0 0 1 0 0 0 1 0 0 0 1 0 1 1 0 0 0 0 0 0 0 2 0 0 0 1 0 1 0 0 0 0 0 0 0 0 0 1 0 0 0 0 0 1 0 0 0 0 0 0 0 0 0 0 0 0 0 0 0 0 0 0 1 1 1 0 1 1 0
geno chr15.34540495 yri  0 0 0 0 0 0 0 0 0 0 0 0 0 0 0 0 0 0 0 0 0 0 0 0 0 0 0 0 0 0 0 0 0 0 0 0 0 0 0 0 0 0 0 0 0 0 0 0 0 0 0 0 0 0 0 0 0 0 0 0 0 0 0 0 0 0 0 0 0 0 0 0 0 0 0 0 0
geno chr15.34540582 ceu  0 0 0 1 0 0 1 1 0 0 0 0 0 1 0 0 0 0 0 1 0 0 0 0 0 1 0 0 0 0 0 0 1 0 0 0 0 0 1 1 0 0 0 0 0 1 1 0 0 0 0 0 0 0 1 0 0 0 2 0 0 0 0 0 0 1 0 0 1 1 0 0 0 0 0 0 0 0
geno chr15.34540582 fin  0 0 0 0 0 1 0 0 0 1 0 0 1 1 0 1 0 0 1 0 0 0 0 0 0 0 0 0 0 0 1 0 0 1 0 0 0 0 0 0 0 0 0 0 0 0 1 1 0 1 0 0 0 0 0 0 0 0 0 0 0 0 0 0 0 0 0 1 1 0 0 0 0 0 0 0 0 0 0 0 0 0 0 1 0 0 0 0 1
geno chr15.34540582 gbr  0 0 0 0 0 0 0 0 0 1 1 0 1 0 0 0 1 0 0 0 0 1 0 0 0 0 1 1 0 0 0 0 1 0 0 1 0 0 0 0 0 0 0 0 0 1 1 0 1 0 1 0 1 0 0 0 0 0 1 0 0 0 0 0 0 0 0 0 1 0 0 0 1 0 0 0 0 0 2 0 0 0 1 0
geno chr15.34540582 tsi  0 2 1 0 0 1 0 0 0 0 1 0 1 0 0 1 0 0 0 0 1 0 0 0 0 0 1 0 2 0 0 0 0 0 0 0 0 1 0 1 1 2 0 1 0 0 0 0 0 1 0 0 1 0 0 0 2 0 0 0 0 0 0 1 0 2 0 0 1 0 1 0 0 0 1 0 0 2 0 0 0 0 0 1 0 0 0 0 0 0 1 0
geno chr15.34540582 yri  0 0 0 0 2 0 0 0 0 0 0 0 1 0 0 0 0 0 1 0 0 0 1 0 0 0 1 0 0 0 0 0 0 0 0 0 0 0 0 0 0 0 0 0 1 0 0 0 2 0 0 1 0 1 0 0 0 0 0 0 0 0 0 0 0 0 0 0 0 0 1 0 0 0 0 0 0
geno chr15.34540763 ceu  0 1 0 1 0 0 1 1 2 0 0 0 0 1 0 1 0 0 0 2 1 0 0 0 0 2 0 0 1 1 1 1 1 0 1 1 0 1 1 1 1 1 0 1 0 1 1 0 0 0 0 1 0 1 1 1 0 1 2 0 0 0 0 0 0 1 0 0 1 1 0 1 1 1 0 0 0 0
geno chr15.34540763 fin  1 1 1 0 0 1 1 0 0 2 2 0 1 1 0 1 0 0 1 1 0 0 0 0 0 0 0 0 0 0 1 0 0 1 0 0 0 0 2 0 0 1 0 0 0 0 1 1 0 1 0 0 0 0 0 1 0 0 1 1 0 0 0 1 0 1 1 1 1 0 0 0 0 1 1 1 0 0 0 0 0 1 0 1 0 0 0 0 1
geno chr15.34540763 gbr  0 0 1 0 0 0 0 0 0 1 1 0 1 1 0 0 2 0 0 0 0 1 0 0 0 0 1 1 0 0 0 0 1 0 0 1 0 0 0 0 0 0 1 0 0 1 1 1 1 0 1 1 1 0 1 1 0 0 1 0 0 0 0 0 1 0 0 0 1 0 1 0 1 0 0 0 0 0 2 0 0 1 1 0
geno chr15.34540763 tsi  0 2 1 0 0 1 0 1 0 0 1 0 1 0 0 1 1 0 0 0 1 0 0 0 0 1 1 0 2 1 0 0 0 1 0 1 1 1 0 1 1 2 0 1 2 0 0 0 1 1 1 0 1 0 0 0 2 0 0 0 1 0 0 1 0 2 1 0 1 0 1 0 0 0 1 0 0 2 0 0 0 0 0 1 0 1 1 1 0 1 2 0
geno chr15.34540763 yri  0 0 0 0 2 0 0 0 0 0 1 0 1 0 0 0 0 0 1 0 0 0 1 0 0 0 1 0 0 0 0 0 0 0 0 0 0 0 0 0 0 0 0 0 1 0 0 0 2 0 0 1 0 1 0 0 0 0 0 0 0 0 0 1 0 0 0 0 0 0 1 0 0 0 0 0 0
geno chr15.34540946 ceu  0 1 0 1 0 0 1 1 2 0 0 0 0 1 0 1 0 0 0 2 1 0 0 0 0 2 0 0 1 1 1 1 1 0 1 1 0 1 1 1 1 1 0 1 0 1 1 0 0 0 0 1 0 1 1 1 0 1 2 0 0 0 0 0 0 1 0 0 1 1 0 1 1 1 0 0 0 0
geno chr15.34540946 fin  1 1 1 0 0 1 1 0 0 2 2 0 1 1 0 1 0 0 1 1 0 0 0 0 0 0 0 0 0 0 1 0 0 1 0 0 0 0 2 0 0 1 0 0 0 0 1 1 0 1 0 0 0 0 0 1 0 0 1 1 0 0 0 1 0 1 1 1 1 0 0 0 0 1 1 1 0 0 0 0 0 1 0 1 0 0 0 0 1
geno chr15.34540946 gbr  0 0 1 0 0 0 0 0 0 1 1 0 1 1 0 0 2 0 0 0 0 1 0 0 0 0 1 1 0 0 0 0 1 0 0 1 0 0 0 0 0 0 1 0 0 1 1 1 1 0 1 1 1 0 1 1 0 0 1 0 0 0 0 0 1 0 0 0 1 0 1 0 1 0 0 0 0 0 2 0 0 1 1 0
geno chr15.34540946 tsi  0 2 1 0 0 1 0 1 0 0 1 0 1 0 0 1 1 0 0 0 1 0 0 0 0 1 1 0 2 1 0 0 0 1 0 1 1 1 0 1 1 2 0 1 2 0 0 0 1 1 1 0 1 0 0 0 2 0 0 0 1 0 0 1 0 2 1 0 1 0 1 0 0 0 1 0 0 2 0 0 0 0 0 1 0 1 1 1 0 1 2 0
geno chr15.34540946 yri  0 0 0 0 2 0 0 0 0 0 1 0 1 0 0 0 0 0 1 0 0 0 1 0 0 0 1 0 0 0 0 0 0 0 0 0 0 0 0 0 0 0 0 0 1 0 0 0 2 0 0 1 0 1 0 0 0 0 0 0 0 0 0 1 0 0 0 0 0 0 1 0 0 0 0 0 0
geno chr15.34541376 ceu  2 1 2 1 1 1 1 1 0 2 2 1 2 1 1 1 2 2 1 0 1 2 1 1 2 0 2 1 0 0 1 1 1 2 1 1 2 1 1 0 1 1 2 0 2 1 1 2 2 2 2 0 2 0 1 1 2 1 0 2 2 2 1 2 2 1 2 2 1 1 1 1 1 0 2 1 2 2
geno chr15.34541376 fin  1 1 1 2 2 1 1 2 1 0 0 2 1 1 2 1 2 0 0 1 1 2 2 2 1 2 1 2 2 1 1 2 2 0 2 2 1 2 0 2 2 0 1 2 2 2 1 1 2 1 2 2 1 2 1 1 2 2 1 1 2 2 2 1 2 1 1 1 1 2 1 1 1 1 1 0 2 2 2 2 1 1 1 1 2 2 2 1 1
geno chr15.34541376 gbr  1 2 1 2 2 2 2 2 2 1 1 1 1 1 1 2 0 1 1 2 1 1 1 2 2 1 1 1 2 2 2 1 1 2 2 0 1 2 2 2 1 1 0 2 2 1 1 1 1 2 1 1 0 2 1 1 2 2 0 2 2 1 2 1 1 2 2 2 1 1 1 1 0 2 2 2 2 2 0 2 2 1 1 1
geno chr15.34541376 tsi  2 0 1 1 2 0 2 0 2 1 1 2 0 2 2 0 1 2 2 0 1 1 2 2 2 1 1 2 0 1 1 2 1 0 0 1 1 0 1 1 1 0 1 1 0 1 2 1 0 1 1 2 0 1 1 2 0 2 1 2 1 1 2 1 2 0 1 2 1 2 1 2 2 1 1 2 2 0 0 2 1 2 1 1 2 1 1 1 1 1 0 2
geno chr15.34541376 yri  1 1 1 0 0 1 0 1 1 0 1 1 0 0 0 1 1 2 0 0 1 1 0 1 1 2 0 0 1 2 1 1 0 0 0 1 1 0 2 1 2 0 1 2 1 0 1 1 0 2 1 1 0 0 0 0 1 0 1 0 0 1 0 1 0 0 2 1 1 2 1 2 2 1 1 0 2
geno chr15.34541892 ceu  0 1 0 0 0 0 0 0 2 0 0 0 0 0 0 1 0 0 0 1 1 0 0 0 0 1 0 0 1 1 1 1 0 0 1 1 0 1 0 0 1 1 0 1 0 0 0 0 0 0 0 1 0 1 0 1 0 1 0 0 0 0 0 0 0 0 0 0 0 0 0 1 1 1 0 0 0 0
geno chr15.34541892 fin  1 1 1 0 0 0 1 0 0 1 2 0 0 0 0 0 0 0 0 1 0 0 0 0 0 0 0 0 0 0 0 0 0 0 0 0 0 0 2 0 0 1 0 0 0 0 0 0 0 0 0 0 0 0 0 1 0 0 1 1 0 0 0 1 0 1 1 0 0 0 0 0 0 1 1 1 0 0 0 0 0 1 0 0 0 0 0 0 0
geno chr15.34541892 gbr  0 0 1 0 0 0 0 0 0 0 0 0 0 1 0 0 1 0 0 0 0 0 0 0 0 0 0 0 0 0 0 0 0 0 0 0 0 0 0 0 0 0 1 0 0 0 0 1 0 0 0 1 0 0 1 1 0 0 0 0 0 0 0 0 1 0 0 0 0 0 1 0 0 0 0 0 0 0 0 0 0 1 0 0
geno chr15.34541892 tsi  0 0 0 0 0 0 0 1 0 0 0 0 0 0 0 0 1 0 0 0 0 0 0 0 0 1 0 0 0 1 0 0 0 1 0 1 1 0 0 0 0 0 0 0 2 0 0 0 1 0 1 0 0 0 0 0 0 0 0 0 1 0 0 0 0 0 1 0 0 0 0 0 0 0 0 0 0 0 0 0 0 0 0 0 0 1 1 1 0 1 1 0
geno chr15.34541892 yri  0 0 0 0 0 0 0 0 0 0 1 0 0 0 0 0 0 0 0 0 0 0 0 0 0 0 0 0 0 0 0 0 0 0 0 0 0 0 0 0 0 0 0 0 0 0 0 0 0 0 0 0 0 0 0 0 0 0 0 0 0 0 0 1 0 0 0 0 0 0 0 0 0 0 0 0 0
geno chr15.34542038 ceu  0 1 0 1 0 0 1 1 2 0 0 0 0 1 0 1 0 0 0 2 1 0 0 0 0 2 0 0 1 1 1 1 1 0 1 1 0 1 1 1 1 1 0 1 0 1 1 0 0 0 0 1 0 1 1 1 0 1 2 0 0 0 0 0 0 1 0 0 1 1 0 1 1 1 0 0 0 0
geno chr15.34542038 fin  1 1 1 0 0 1 1 0 0 2 2 0 1 1 0 1 0 0 1 1 0 0 0 0 0 0 0 0 0 0 1 0 0 1 0 0 0 0 2 0 0 1 0 0 0 0 1 1 0 1 0 0 0 0 0 1 0 0 1 1 0 0 0 1 0 1 1 1 1 0 0 0 0 1 1 1 0 0 0 0 0 1 0 1 0 0 0 0 1
geno chr15.34542038 gbr  0 0 1 0 0 0 0 0 0 1 1 0 1 1 0 0 2 0 0 0 0 1 0 0 0 0 1 1 0 0 0 0 1 0 0 1 0 0 0 0 0 0 1 0 0 1 1 1 1 0 1 1 1 0 1 1 0 0 1 0 0 0 0 0 1 0 0 0 1 0 1 0 1 0 0 0 0 0 2 0 0 1 1 0
geno chr15.34542038 tsi  0 2 1 0 0 1 0 1 0 0 1 0 1 0 0 1 1 0 0 0 1 0 0 0 0 1 1 0 2 1 0 0 0 1 0 1 1 1 0 1 1 2 0 1 2 0 0 0 1 1 1 0 1 0 0 0 2 0 0 0 1 0 0 1 0 2 1 0 1 0 1 0 0 0 1 0 0 2 0 0 0 0 0 1 0 1 1 1 0 1 2 0
geno chr15.34542038 yri  0 0 0 0 2 0 0 0 0 0 1 0 1 0 0 0 0 0 1 0 0 0 1 0 0 0 1 0 0 0 0 0 0 0 0 0 0 0 0 0 0 0 0 0 1 0 0 0 2 0 0 1 0 1 0 0 0 0 0 0 0 0 0 1 0 0 0 0 0 0 1 0 0 0 0 0 0
geno chr15.34542606 ceu  0 0 0 0 0 0 0 0 0 0 2 0 1 0 0 0 1 0 0 0 0 0 0 0 1 0 0 0 0 0 0 0 0 2 0 0 0 0 0 0 0 0 0 0 0 0 0 2 1 0 1 0 1 0 0 0 1 0 0 0 0 0 0 0 1 1 1 0 0 1 0 1 0 0 0 1 0 0
geno chr15.34542606 fin  0 0 0 0 0 0 0 0 0 0 0 1 0 0 2 0 0 0 0 0 0 1 1 1 0 1 0 0 1 0 0 0 0 0 0 1 0 0 0 0 0 0 0 0 0 0 0 1 0 0 0 0 0 1 0 0 1 0 0 0 0 0 1 0 1 1 0 0 0 0 0 1 0 0 0 0 1 0 1 0 0 0 0 0 2 0 0 0 0
geno chr15.34542606 gbr  1 0 0 0 0 0 0 0 0 0 0 0 0 0 0 1 0 0 0 1 1 0 0 1 0 0 0 0 0 0 2 0 0 0 1 0 0 0 1 0 0 0 0 0 1 0 0 0 0 0 0 0 0 1 0 0 0 0 0 0 1 1 0 0 0 1 0 1 0 0 0 0 0 0 0 0 0 1 0 1 1 0 1 1
geno chr15.34542606 tsi  1 0 0 0 0 0 0 0 0 0 0 0 0 0 1 0 1 1 0 0 0 0 0 2 0 0 0 0 0 0 0 0 0 0 0 0 0 0 0 0 1 0 0 0 0 0 0 0 0 0 0 1 0 0 0 0 0 1 0 0 0 1 1 0 1 0 0 0 0 0 0 1 0 0 0 2 0 0 0 0 1 0 0 0 1 0 1 0 1 0 0 2
geno chr15.34542606 yri  0 0 0 0 0 0 0 0 0 0 0 0 0 0 0 0 0 0 0 0 0 0 0 0 0 0 0 0 0 0 0 0 0 0 0 0 0 0 0 0 0 0 0 0 0 0 0 0 0 0 0 0 0 0 0 0 0 0 0 0 0 0 0 0 0 0 0 0 0 0 0 0 0 0 0 0 0
geno chr15.34542730 ceu  0 0 0 1 0 0 1 1 0 0 0 0 0 1 0 0 0 0 0 1 0 0 0 0 0 1 0 0 0 0 0 0 1 0 0 0 0 0 1 1 0 0 0 0 0 1 1 0 0 0 0 0 0 0 1 0 0 0 2 0 0 0 0 0 0 1 0 0 1 1 0 0 0 0 0 0 0 0
geno chr15.34542730 fin  0 0 0 0 0 1 0 0 0 1 0 0 1 1 0 1 0 0 1 0 0 0 0 0 0 0 0 0 0 0 1 0 0 1 0 0 0 0 0 0 0 0 0 0 0 0 1 1 0 1 0 0 0 0 0 0 0 0 0 0 0 0 0 0 0 0 0 1 1 0 0 0 0 0 0 0 0 0 0 0 0 0 0 1 0 0 0 0 1
geno chr15.34542730 gbr  0 0 0 0 0 0 0 0 0 1 1 0 1 0 0 0 1 0 0 0 0 1 0 0 0 0 1 1 0 0 0 0 1 0 0 1 0 0 0 0 0 0 0 0 0 1 1 0 1 0 1 0 1 0 0 0 0 0 1 0 0 0 0 0 0 0 0 0 1 0 0 0 1 0 0 0 0 0 2 0 0 0 1 0
geno chr15.34542730 tsi  0 2 1 0 0 1 0 0 0 0 1 0 1 0 0 1 0 0 0 0 1 0 0 0 0 0 1 0 2 0 0 0 0 0 0 0 0 1 0 1 1 2 0 1 0 0 0 0 0 1 0 0 1 0 0 0 2 0 0 0 0 0 0 1 0 2 0 0 1 0 1 0 0 0 1 0 0 2 0 0 0 0 0 1 0 0 0 0 0 0 1 0
geno chr15.34542730 yri  0 0 0 0 2 0 0 0 0 0 0 0 1 0 0 0 0 0 1 0 0 0 1 0 0 0 1 0 0 0 0 0 0 0 0 0 0 0 0 0 0 0 0 0 1 0 0 0 2 0 0 1 0 1 0 0 0 0 0 0 0 0 0 0 0 0 0 0 0 0 1 0 0 0 0 0 0
geno chr15.34542739 ceu  0 0 0 1 0 0 1 1 0 0 0 0 0 1 0 0 0 0 0 1 0 0 0 0 0 1 0 0 0 0 0 0 1 0 0 0 0 0 1 1 0 0 0 0 0 1 1 0 0 0 0 0 0 0 1 0 0 0 2 0 0 0 0 0 0 1 0 0 1 1 0 0 0 0 0 0 0 0
geno chr15.34542739 fin  0 0 0 0 0 1 0 0 0 1 0 0 1 1 0 1 0 0 1 0 0 0 0 0 0 0 0 0 0 0 1 0 0 1 0 0 0 0 0 0 0 0 0 0 0 0 1 1 0 1 0 0 0 0 0 0 0 0 0 0 0 0 0 0 0 0 0 1 1 0 0 0 0 0 0 0 0 0 0 0 0 0 0 1 0 0 0 0 1
geno chr15.34542739 gbr  0 0 0 0 0 0 0 0 0 1 1 0 1 0 0 0 1 0 0 0 0 1 0 0 0 0 1 1 0 0 0 0 1 0 0 1 0 0 0 0 0 0 0 0 0 1 1 0 1 0 1 0 1 0 0 0 0 0 1 0 0 0 0 0 0 0 0 0 1 0 0 0 1 0 0 0 0 0 2 0 0 0 1 0
geno chr15.34542739 tsi  0 2 1 0 0 1 0 0 0 0 1 0 1 0 0 1 0 0 0 0 1 0 0 0 0 0 1 0 2 0 0 0 0 0 0 0 0 1 0 1 1 2 0 1 0 0 0 0 0 1 0 0 1 0 0 0 2 0 0 0 0 0 0 1 0 2 0 0 1 0 1 0 0 0 1 0 0 2 0 0 0 0 0 1 0 0 0 0 0 0 1 0
geno chr15.34542739 yri  0 0 0 0 2 0 0 0 0 0 0 0 1 0 0 0 0 0 1 0 0 0 1 0 0 0 1 0 0 0 0 0 0 0 0 0 0 0 0 0 0 0 0 0 1 0 0 0 2 0 0 1 0 1 0 0 0 0 0 0 0 0 0 0 0 0 0 0 0 0 1 0 0 0 0 0 0
geno chr15.34542872 ceu  0 1 0 1 0 0 1 1 2 0 0 0 0 1 0 1 0 0 0 2 1 0 0 0 0 2 0 0 1 1 1 1 1 0 1 1 0 1 1 1 1 1 0 1 0 1 1 0 0 0 0 1 0 1 1 1 0 1 2 0 0 0 0 0 0 1 0 0 1 1 0 1 1 1 0 0 0 0
geno chr15.34542872 fin  1 1 1 0 0 1 1 0 0 2 2 0 1 1 0 1 0 0 1 1 0 0 0 0 0 0 0 0 0 0 1 0 0 1 0 0 0 0 2 0 0 1 0 0 0 0 1 1 0 1 0 0 0 0 0 1 0 0 1 1 0 0 0 1 0 1 1 1 1 0 0 0 0 1 1 1 0 0 0 0 0 1 0 1 0 0 0 0 1
geno chr15.34542872 gbr  0 0 1 0 0 0 0 0 0 1 1 0 1 1 0 0 2 0 0 0 0 1 0 0 0 0 1 1 0 0 0 0 1 0 0 1 0 0 0 0 0 0 1 0 0 1 1 1 1 0 1 1 1 0 1 1 0 0 1 0 0 0 0 0 1 0 0 0 1 0 1 0 1 0 0 0 0 0 2 0 0 1 1 0
geno chr15.34542872 tsi  0 2 1 0 0 1 0 1 0 0 1 0 1 0 0 1 1 0 0 0 1 0 0 0 0 1 1 0 2 1 0 0 0 1 0 1 1 1 0 1 1 2 0 1 2 0 0 0 1 1 1 0 1 0 0 0 2 0 0 0 1 0 0 1 0 2 1 0 1 0 1 0 0 0 1 0 0 2 0 0 0 0 0 1 0 1 1 1 0 1 2 0
geno chr15.34542872 yri  0 0 0 0 2 0 0 0 0 0 1 0 1 0 0 0 0 0 1 0 0 0 1 0 0 0 1 0 0 0 0 0 0 0 0 0 0 0 0 0 0 0 0 0 1 0 0 0 2 0 0 1 0 1 0 0 0 0 0 0 0 0 0 1 0 0 0 0 0 0 1 0 0 0 0 0 0
geno chr15.34543055 ceu  2 1 2 1 1 1 1 1 0 2 2 1 2 1 1 1 2 2 1 0 1 2 1 1 2 0 2 1 0 0 1 1 1 2 1 1 2 1 1 0 1 1 2 0 2 1 1 2 2 2 2 0 2 0 1 1 2 1 0 2 2 2 1 2 2 1 2 2 1 1 1 1 1 0 2 1 2 2
geno chr15.34543055 fin  1 1 1 2 2 1 1 2 1 0 0 2 1 1 2 1 2 0 0 1 1 2 2 2 1 2 1 2 2 1 1 2 2 0 2 2 1 2 0 2 2 0 1 2 2 2 1 1 2 1 2 2 1 2 1 1 2 2 1 1 2 2 2 1 2 1 1 1 1 2 1 1 1 1 1 0 2 2 2 2 1 1 1 1 2 2 2 1 1
geno chr15.34543055 gbr  1 2 1 2 2 2 2 2 2 1 1 1 1 1 1 2 0 1 1 2 1 1 1 2 2 1 1 1 2 2 2 1 1 2 2 0 1 2 2 2 1 1 0 2 2 1 1 1 1 2 1 1 0 2 1 1 2 2 0 2 2 1 2 1 1 2 2 2 1 1 1 1 0 2 2 2 2 2 0 2 2 1 1 1
geno chr15.34543055 tsi  2 0 1 1 2 0 2 0 2 1 1 2 0 2 2 0 1 2 2 0 1 1 2 2 2 1 1 2 0 1 1 2 1 0 0 1 1 0 1 1 1 0 1 1 0 1 2 1 0 1 1 2 0 1 1 2 0 2 1 2 1 1 2 1 2 0 1 2 1 2 1 2 2 1 1 2 1 0 0 2 1 2 1 1 2 1 1 1 1 1 0 2
geno chr15.34543055 yri  1 1 1 0 0 1 0 1 1 0 1 1 0 0 0 1 1 2 0 0 1 1 0 1 1 2 0 0 1 2 1 1 0 0 0 1 1 0 2 1 2 0 1 2 1 0 1 1 0 2 1 1 0 0 0 0 1 0 1 0 0 1 0 1 0 0 2 1 1 2 1 2 2 1 1 0 2
geno chr15.34544190 ceu  2 1 2 1 1 1 1 1 0 2 2 1 2 1 1 1 2 2 1 0 1 2 1 1 2 0 2 1 0 0 1 1 1 2 1 1 2 1 1 0 1 1 2 0 2 1 1 2 2 2 2 0 2 0 1 1 2 1 0 2 2 2 1 2 2 1 2 2 1 1 1 1 1 0 2 1 2 2
geno chr15.34544190 fin  1 1 1 2 2 1 1 2 1 0 0 2 1 1 2 1 2 0 0 1 1 2 2 2 1 2 1 2 2 1 1 2 2 0 2 2 1 2 0 2 2 0 1 2 2 2 1 1 2 1 2 2 1 2 1 1 2 2 1 1 2 2 2 1 2 1 1 1 1 2 1 1 1 1 1 0 2 2 2 2 1 1 1 1 2 2 2 1 1
geno chr15.34544190 gbr  1 2 1 2 2 2 2 2 2 1 1 1 1 1 1 2 0 1 1 2 1 1 1 2 2 1 1 1 2 2 2 1 1 2 2 0 1 2 2 2 1 1 0 2 2 1 1 1 1 2 1 1 0 2 1 1 2 2 0 2 2 1 2 1 1 2 2 2 1 1 1 1 0 2 2 2 2 2 0 2 2 1 1 1
geno chr15.34544190 tsi  2 0 1 1 2 0 2 0 2 1 1 2 0 2 2 0 1 2 2 0 1 1 2 2 2 1 1 2 0 1 1 2 1 0 0 1 1 0 1 1 1 0 1 1 0 1 2 1 0 1 1 2 0 1 1 2 0 2 1 2 1 1 2 1 2 0 1 2 1 2 1 2 2 1 1 2 1 0 0 2 1 2 1 1 2 1 1 1 1 1 0 2
geno chr15.34544190 yri  1 1 1 0 0 1 0 1 1 0 1 1 0 0 0 1 1 2 0 0 1 1 0 1 1 2 0 0 1 2 1 1 0 0 0 1 1 0 2 1 2 0 1 2 1 0 1 1 0 2 1 1 0 0 0 0 1 0 1 0 0 1 0 1 0 0 2 1 1 2 1 2 2 1 1 0 2
geno chr15.34544274 ceu  0 1 0 1 0 0 1 1 2 0 0 0 0 1 0 1 0 0 0 2 1 0 0 0 0 2 0 0 1 1 1 1 1 0 1 1 0 1 1 1 1 1 0 1 0 1 1 0 0 0 0 1 0 1 1 1 0 1 2 0 0 0 0 0 0 1 0 0 1 1 0 1 1 1 0 0 0 0
geno chr15.34544274 fin  1 1 1 0 0 1 1 0 0 2 2 0 1 1 0 1 0 0 1 1 0 0 0 0 0 0 0 0 0 0 1 0 0 1 0 0 0 0 2 0 0 1 0 0 0 0 1 1 0 1 0 0 0 0 0 1 0 0 1 1 0 0 0 1 0 1 1 1 1 0 0 0 0 1 1 1 0 0 0 0 0 1 0 1 0 0 0 0 1
geno chr15.34544274 gbr  0 0 1 0 0 0 0 0 0 1 1 0 1 1 0 0 2 0 0 0 0 1 0 0 0 0 1 1 0 0 0 0 1 0 0 1 0 0 0 0 0 0 1 0 0 1 1 1 1 0 1 1 1 0 1 1 0 0 1 0 0 0 0 0 1 0 0 0 1 0 1 0 1 0 0 0 0 0 2 0 0 1 1 0
geno chr15.34544274 tsi  0 2 1 0 0 1 0 1 0 0 1 0 1 0 0 1 1 0 0 0 1 0 0 0 0 1 1 0 2 1 0 0 0 1 0 1 1 1 0 1 1 2 0 1 2 0 0 0 1 1 1 0 1 0 0 0 2 0 0 0 1 0 0 1 0 2 1 0 1 0 1 0 0 0 1 0 0 2 0 0 0 0 0 1 0 1 1 1 0 1 2 0
geno chr15.34544274 yri  0 0 0 0 2 0 0 0 0 0 1 0 1 0 0 0 0 0 1 0 0 0 1 0 0 0 1 0 0 0 0 0 0 0 0 0 0 0 0 0 0 0 0 0 1 0 0 0 2 0 0 1 0 1 0 0 0 0 0 0 0 0 0 1 0 0 0 0 0 0 1 0 0 0 0 0 0
geno chr15.34544351 ceu  0 1 0 1 0 0 1 1 2 0 0 0 0 1 0 1 0 0 0 2 1 0 0 0 0 2 0 0 1 1 1 1 1 0 1 1 0 1 1 1 1 1 0 1 0 1 1 0 0 0 0 1 0 1 1 1 0 1 2 0 0 0 0 0 0 1 0 0 1 1 0 1 1 1 0 0 0 0
geno chr15.34544351 fin  1 1 1 0 0 1 1 0 0 2 2 0 1 1 0 1 0 0 1 1 0 0 0 0 0 0 0 0 0 0 1 0 0 1 0 0 0 0 2 0 0 1 0 0 0 0 1 1 0 1 0 0 0 0 0 1 0 0 1 1 0 0 0 1 0 1 1 1 1 0 0 0 0 1 1 1 0 0 0 0 0 1 0 1 0 0 0 0 1
geno chr15.34544351 gbr  0 0 1 0 0 0 0 0 0 1 1 0 1 1 0 0 2 0 0 0 0 1 0 0 0 0 1 1 0 0 0 0 1 0 0 1 0 0 0 0 0 0 1 0 0 1 1 1 1 0 1 1 1 0 1 1 0 0 1 0 0 0 0 0 1 0 0 0 1 0 1 0 1 0 0 0 0 0 2 0 0 1 1 0
geno chr15.34544351 tsi  0 2 1 0 0 1 0 1 0 0 1 0 1 0 0 1 1 0 0 0 1 0 0 0 0 1 1 0 2 1 0 0 0 1 0 1 1 1 0 1 1 2 0 1 2 0 0 0 1 1 1 0 1 0 0 0 2 0 0 0 1 0 0 1 0 2 1 0 1 0 1 0 0 0 1 0 0 2 0 0 0 0 0 1 0 1 1 1 0 1 2 0
geno chr15.34544351 yri  0 0 0 0 2 0 0 0 0 0 1 0 1 0 0 0 0 0 1 0 0 0 1 0 0 0 1 0 0 0 0 0 0 0 0 0 0 0 0 0 0 0 0 0 1 0 0 0 2 0 0 1 0 1 0 0 0 0 0 0 0 0 0 1 0 0 0 0 0 0 1 0 0 0 0 0 0
geno chr15.34544468 ceu  0 1 0 1 0 0 1 1 2 0 0 0 0 1 0 1 0 0 0 2 1 0 0 0 0 2 0 0 1 1 1 1 1 0 1 1 0 1 1 1 1 1 0 1 0 1 1 0 0 0 0 1 0 1 1 1 0 1 2 0 0 0 0 0 0 1 0 0 1 1 0 1 1 1 0 0 0 0
geno chr15.34544468 fin  1 1 1 0 0 1 1 0 0 2 2 0 1 1 0 1 0 0 1 1 0 0 0 0 0 0 0 0 0 0 1 0 0 1 0 0 0 0 2 0 0 1 0 0 0 0 1 1 0 1 0 0 0 0 0 1 0 0 1 1 0 0 0 1 0 1 1 1 1 0 0 0 0 1 1 1 0 0 0 0 0 1 0 1 0 0 0 0 1
geno chr15.34544468 gbr  0 0 1 0 0 0 0 0 0 1 1 0 1 1 0 0 2 0 0 0 0 1 0 0 0 0 1 1 0 0 0 0 1 0 0 1 0 0 0 0 0 0 1 0 0 1 1 1 1 0 1 1 1 0 1 1 0 0 1 0 0 0 0 0 1 0 0 0 1 0 1 0 1 0 0 0 0 0 2 0 0 1 1 0
geno chr15.34544468 tsi  0 2 1 0 0 1 0 1 0 0 1 0 1 0 0 1 1 0 0 0 1 0 0 0 0 1 1 0 2 1 0 0 0 1 0 1 1 1 0 1 1 2 0 1 2 0 0 0 1 1 1 0 1 0 0 0 2 0 0 0 1 0 0 1 0 2 1 0 1 0 1 0 0 0 1 0 0 2 0 0 0 0 0 1 0 1 1 1 0 1 2 0
geno chr15.34544468 yri  0 0 0 0 2 0 0 0 0 0 1 0 1 0 0 0 0 0 1 0 0 0 1 0 0 0 1 0 0 0 0 0 0 0 0 0 0 0 0 0 0 0 0 0 1 0 0 0 2 0 0 1 0 1 0 0 0 0 0 0 0 0 0 1 0 0 0 0 0 0 1 0 0 0 0 0 0
geno chr15.34544852 ceu  0 1 0 1 0 0 1 1 2 0 0 0 0 1 0 1 0 0 0 2 1 0 0 0 0 2 0 0 1 1 1 1 1 0 1 1 0 1 1 1 1 1 0 1 0 1 1 0 0 0 0 1 0 1 1 1 0 1 2 0 0 0 0 0 0 1 0 0 1 1 0 1 1 1 0 0 0 0
geno chr15.34544852 fin  1 1 1 0 0 1 1 0 0 2 2 0 1 1 0 1 0 0 1 1 0 0 0 0 0 0 0 0 0 0 1 0 0 1 0 0 0 0 2 0 0 1 0 0 0 0 1 1 0 1 0 0 0 0 0 1 0 0 1 1 0 0 0 1 0 1 1 1 1 0 0 0 0 1 1 1 0 0 0 0 0 1 0 1 0 0 0 0 1
geno chr15.34544852 gbr  0 0 1 0 0 0 0 0 0 1 1 0 1 1 0 0 2 0 0 0 0 1 0 0 0 0 1 1 0 0 0 0 1 0 0 1 0 0 0 0 0 0 1 0 0 1 1 1 1 0 1 1 1 0 1 1 0 0 1 0 0 0 0 0 1 0 0 0 1 0 1 0 1 0 0 0 0 0 2 0 0 1 1 0
geno chr15.34544852 tsi  0 2 1 0 0 1 0 1 0 0 1 0 1 0 0 1 1 0 0 0 1 0 0 0 0 1 1 0 2 1 0 0 0 1 0 1 1 1 0 1 1 2 0 1 2 0 0 0 1 1 1 0 1 0 0 0 2 0 0 0 1 0 0 1 0 2 1 0 1 0 1 0 0 0 1 0 0 2 0 0 0 0 0 1 0 1 1 1 0 1 2 0
geno chr15.34544852 yri  0 0 0 0 2 0 0 0 0 0 1 0 1 0 0 0 0 0 1 0 0 0 1 0 0 0 1 0 0 0 0 0 0 0 0 0 0 0 0 0 0 0 0 0 1 0 0 0 2 0 0 1 0 1 0 0 0 0 0 0 0 0 0 1 0 0 0 0 0 0 1 0 0 0 0 0 0
geno chr15.34545113 ceu  0 1 0 1 0 0 1 1 2 0 0 0 0 1 0 1 0 0 0 2 1 0 0 0 0 2 0 0 1 1 1 1 1 0 1 1 0 1 1 1 1 1 0 1 0 1 1 0 0 0 0 1 0 1 1 1 0 1 2 0 0 0 0 0 0 1 0 0 1 1 0 1 1 1 0 0 0 0
geno chr15.34545113 fin  1 1 1 0 0 1 1 0 0 2 2 0 1 1 0 1 0 0 1 1 0 0 0 0 0 0 0 0 0 0 1 0 0 1 0 0 0 0 2 0 0 1 0 0 0 0 1 1 0 1 0 0 0 0 0 1 0 0 1 1 0 0 0 1 0 1 1 1 1 0 0 0 0 1 1 1 0 0 0 0 0 1 0 1 0 0 0 0 1
geno chr15.34545113 gbr  0 0 1 0 0 0 0 0 0 1 1 0 1 1 0 0 2 0 0 0 0 1 0 0 0 0 1 1 0 0 0 0 1 0 0 1 0 0 0 0 0 0 1 0 0 1 1 1 1 0 1 1 1 0 1 1 0 0 1 0 0 0 0 0 1 0 0 0 1 0 1 0 1 0 0 0 0 0 2 0 0 1 1 0
geno chr15.34545113 tsi  0 2 1 0 0 1 0 1 0 0 1 0 1 0 0 1 1 0 0 0 1 0 0 0 0 1 1 0 2 1 0 0 0 1 0 1 1 1 0 1 1 2 0 1 2 0 0 0 1 1 1 0 1 0 0 0 2 0 0 0 1 0 0 1 0 2 1 0 1 0 1 0 0 0 1 0 0 2 0 0 0 0 0 1 0 1 1 1 0 1 2 0
geno chr15.34545113 yri  0 0 0 0 2 0 0 0 0 0 1 0 1 0 0 0 0 0 1 0 0 0 1 0 0 0 1 0 0 0 0 0 0 0 0 0 0 0 0 0 0 0 0 0 1 0 0 0 2 0 0 1 0 1 0 0 0 0 0 0 0 0 0 1 0 0 0 0 0 0 1 0 0 0 0 0 0
geno chr15.34545214 ceu  0 1 0 0 0 0 0 0 2 0 0 0 0 0 0 1 0 0 0 1 1 0 0 0 0 1 0 0 1 1 1 1 0 0 1 1 0 1 0 0 1 1 0 1 0 0 0 0 0 0 0 1 0 1 0 1 0 1 0 0 0 0 0 0 0 0 0 0 0 0 0 1 1 1 0 0 0 0
geno chr15.34545214 fin  1 1 1 0 0 0 1 0 0 1 2 0 0 0 0 0 0 0 0 1 0 0 0 0 0 0 0 0 0 0 0 0 0 0 0 0 0 0 2 0 0 1 0 0 0 0 0 0 0 0 0 0 0 0 0 1 0 0 1 1 0 0 0 1 0 1 1 0 0 0 0 0 0 1 1 1 0 0 0 0 0 1 0 0 0 0 0 0 0
geno chr15.34545214 gbr  0 0 1 0 0 0 0 0 0 0 0 0 0 1 0 0 1 0 0 0 0 0 0 0 0 0 0 0 0 0 0 0 0 0 0 0 0 0 0 0 0 0 1 0 0 0 0 1 0 0 0 1 0 0 1 1 0 0 0 0 0 0 0 0 1 0 0 0 0 0 1 0 0 0 0 0 0 0 0 0 0 1 0 0
geno chr15.34545214 tsi  0 0 0 0 0 0 0 1 0 0 0 0 0 0 0 0 1 0 0 0 0 0 0 0 0 1 0 0 0 1 0 0 0 1 0 1 1 0 0 0 0 0 0 0 2 0 0 0 1 0 1 0 0 0 0 0 0 0 0 0 1 0 0 0 0 0 1 0 0 0 0 0 0 0 0 0 0 0 0 0 0 0 0 0 0 1 1 1 0 1 1 0
geno chr15.34545214 yri  0 0 0 0 0 0 0 0 0 0 0 0 0 0 0 0 0 0 0 0 0 0 0 0 0 0 0 0 0 0 0 0 0 0 0 0 0 0 0 0 0 0 0 0 0 0 0 0 0 0 0 0 0 0 0 0 0 0 0 0 0 0 0 0 0 0 0 0 0 0 0 0 0 0 0 0 0
