pheno ENSG00000107099 ceu -2.754589 0.7160272 -1.99545 -1.122356 0.2827194 -0.2811761 -0.5148353 -2.690422 -1.837894 -1.018101 -0.8420738 0.5269111 -1.480221 0.8499925 -0.8201081 0.9467937 0.7167468 -0.801543 -1.936391 0.3892559 -3.138611 -1.09028 -0.519657 -1.526871 -1.549449 0.8929284 -2.346946 -1.595356 -1.955613 0.5997684 -0.09103154 -0.4380382 -0.2086465 -1.785306 -1.531435 -1.237694 -0.1564478 0.7934773 0.41339 -1.169421 -0.5202062 -1.27733 -1.849697 -1.39403 -1.167798 -0.04459713 0.883136 -1.422971 -0.6855574 -1.444026 -1.381978 -1.165959 0.03739918 -1.190138 -1.504476 -1.790411 -2.206364 -1.204334 -0.1770478 -1.284119 -1.17018 -1.306484 -1.477148 -0.768454 1.003901 -0.9576225 -1.083515 -1.374887 -0.7248793 -0.001610305 -1.577402 0.1657472 -1.555746 -1.876931 0.02443249 -0.7218909 -1.091314 0.259455
pheno ENSG00000107099 fin 1.965722 0.7242504 0.4160064 1.082405 1.610813 1.122386 -0.1274621 -0.7202481 0.9163547 1.316068 -0.5543038 1.890275 0.5099032 0.9461008 2.750049 3.298355 1.603379 1.202676 1.211795 0.782967 0.7160724 0.8774268 0.7531715 0.8007714 1.334721 1.954633 0.7407268 0.5946589 0.1929146 0.7674847 -0.05875194 0.2452275 2.729771 1.559526 1.625006 1.966904 1.637743 -1.056008 -1.08662 1.588605 1.991693 -1.226411 0.7808536 2.900171 -1.110525 2.427658 0.6554995 1.30692 1.007832 1.163363 1.955205 0.9360943 2.459332 2.189351 1.299931 2.180939 2.69334 2.063361 1.73979 2.397276 1.600178 -0.7651191 0.66509 2.240742 3.122822 2.569567 0.4029683 0.4388141 0.335246 0.6367593 2.026681 -0.8140858 2.02913 0.5884147 0.08579676 0.7605791 -0.4601955 -0.3066982 1.176215 1.675743 0.7735721 2.913727 1.406644 3.942905 2.453647 0.0964191 0.8440571 1.197128 1.884363
pheno ENSG00000107099 gbr 0.6428925 1.338788 -1.050637 -1.19713 -0.9352089 -1.440353 -0.3285981 -1.21916 -0.05408936 -0.1160289 -0.4493455 -0.6863348 1.448343 0.5881294 1.082093 0.8070574 -0.6346849 0.729601 0.7816433 0.8870831 0.4239122 -0.7659291 -0.6867482 -1.909505 1.363214 1.391784 -0.5753841 -1.028843 -0.001591646 -0.2038798 -2.234062 -2.082438 0.3902533 -0.7496103 -1.848035 -2.281259 -0.2414188 1.415917 -0.2008107 -2.118127 -0.02059554 0.3447157 1.235266 -0.2144969 -0.04347718 -1.084721 -1.836309 0.5992342 0.9572745 0.2912787 -0.7409686 -0.6126895 -0.706433 0.1504032 -3.33496 -0.4542968 0.6457806 -1.251399 0.9521044 1.571543 0.2194193 0.6061753 0.1032616 -0.1755199 -0.3012348 -1.312069 0.7046766 1.372906 0.0806737 -2.015193 1.440942 -1.362428 0.01794688 2.250782 0.3616432 -0.5846638 -0.7256467 -0.9708517 0.9121293 0.3589097 -0.7110116 -0.3714236 -0.8968888 -1.595767
pheno ENSG00000107099 tsi 0.9813545 -0.9008345 -1.695796 -2.140984 0.2343495 -1.499251 0.4990407 -1.223128 -1.472119 -0.2489627 -2.676437 -1.941471 0.9852681 -0.7977871 -1.087977 -1.204103 -1.324008 -1.791006 -2.849625 -2.291162 -0.3704117 -0.524648 -1.460702 -2.63002 0.3091855 -1.262943 -2.224565 -0.5766523 -0.5084437 -1.300069 -1.571039 -2.19935 -0.3065441 -0.8220897 -1.680788 -0.9027199 -1.474036 -0.06130779 0.2435119 -2.224812 0.1677975 -0.7047859 -3.388664 0.06040128 -1.62254 -1.046702 -2.477548 -0.6857709 -1.94166 1.508966 -0.9741597 -1.105895 0.2450012 -2.156058 -2.079204 -0.3798043 -2.390257 0.3233016 -0.5558053 -2.366018 -0.5349909 0.3230756 -1.18393 -0.7027092 -1.139675 -2.215663 -2.521766 -2.639003 -0.9875895 -0.006870469 -0.1454361 -2.168168 -1.602779 -0.8746061 -2.751994 -1.556168 -0.7930702 -3.515905 -0.8594375 -1.273735 0.9561773 -0.1489834 -0.03517223 -1.826665 -0.9031533 0.7024829 -2.219532 0.07449599 -1.271241 -0.4567879 -0.9754071 -1.012764
pheno ENSG00000107099 yri -1.529876 -1.47574 -1.753451 2.053464 1.534393 1.80898 -1.539037 -1.151031 0.06843527 -1.108795 -0.2515515 -2.078531 1.268329 -0.5640397 0.1657394 0.04730173 -0.3762617 -0.4591184 0.4668805 -0.2751661 0.522851 1.074469 -2.025466 -1.254954 0.3310972 1.384469 -1.628095 -1.025558 -0.119156 -0.5112398 -0.1492021 0.1275784 -2.346413 -0.6544866 -2.000546 -0.6592628 1.1542 -1.241434 0.2039315 -0.8831869 -0.02515011 -0.6773211 0.1983196 0.1368552 -0.2083142 -0.9562247 -1.123933 -1.85716 -0.6605784 0.3981612 1.092731 0.3549726 -1.513689 -0.9098867 -0.6900152 -1.062575 0.127014 -0.4489447 -0.2355375 -1.303306 1.209068 -0.7319506 -1.317967 1.408151 -0.5087703 0.1719459 -0.7239283 -0.8335322 -0.8080165 -1.079406 -2.050239 0.2109067 -2.454436 0.4163641 -1.359084 -0.160864 1.874354
geno chr9.114961 ceu  0 0 0 0 0 0 0 0 0 0 0 0 0 0 0 0 0 0 0 0 0 0 0 0 0 0 0 0 0 0 0 0 0 0 0 1 0 0 0 0 0 0 0 0 0 0 1 0 0 0 0 0 0 0 0 0 0 0 0 0 0 1 0 0 0 0 0 0 0 0 0 0 0 0 0 0 0 0
geno chr9.114961 fin  0 0 1 0 0 0 0 0 0 0 0 0 0 0 0 0 0 0 0 0 0 0 0 0 0 0 0 0 0 0 0 0 0 0 0 0 0 0 0 0 0 0 0 0 0 0 0 0 0 0 0 1 0 0 0 0 0 0 0 0 0 0 0 0 0 0 0 0 1 1 0 0 1 0 1 0 0 0 0 0 0 0 0 0 0 1 0 0 1
geno chr9.114961 gbr  1 1 0 1 0 0 1 0 0 1 0 0 0 0 0 0 0 0 0 0 0 0 0 0 0 0 0 0 0 0 0 1 0 0 0 0 0 0 0 0 0 0 0 0 0 0 0 0 0 0 0 1 0 0 0 0 1 0 1 0 1 0 0 0 0 0 0 0 0 0 0 0 0 0 0 0 0 0 0 0 0 0 0 1
geno chr9.114961 tsi  0 0 0 0 0 1 0 0 0 0 0 1 0 1 0 0 0 1 0 1 0 0 0 0 0 0 0 0 0 1 0 0 0 0 0 0 0 0 0 0 1 1 0 0 0 0 0 0 0 0 0 0 0 1 0 0 0 0 0 0 0 0 0 0 0 0 0 0 0 0 0 0 0 0 0 0 0 0 0 0 0 1 0 0 0 1 0 0 0 1 0 0
geno chr9.114961 yri  0 0 1 0 1 0 0 1 0 1 1 0 0 1 0 0 0 0 1 1 1 2 0 1 0 0 0 0 0 0 0 0 0 0 0 1 0 0 1 1 2 1 0 1 1 0 0 0 0 0 0 1 1 0 1 0 0 0 0 0 1 0 0 0 0 0 1 0 2 0 0 0 1 0 0 1 0
geno chr9.115166 ceu  1 1 1 1 2 1 2 1 2 2 0 0 2 0 2 2 0 1 2 1 1 0 1 2 1 1 1 2 2 0 2 1 1 0 2 2 2 1 2 1 1 2 1 1 1 1 2 2 0 1 2 0 1 2 2 2 1 2 0 2 2 1 1 2 2 2 1 2 2 2 2 2 2 1 1 2 1 2
geno chr9.115166 fin  1 2 2 2 0 2 1 1 2 0 2 1 1 2 1 0 2 2 2 2 0 0 2 1 2 2 1 1 0 2 0 2 2 2 1 2 1 1 1 0 0 2 0 2 1 2 1 1 2 2 1 1 2 2 2 2 2 2 1 1 1 1 2 0 1 1 1 1 1 1 0 0 1 1 1 2 2 2 0 1 1 0 2 1 1 1 2 1 2
geno chr9.115166 gbr  1 1 2 1 1 0 2 0 2 2 1 2 2 0 1 2 1 2 1 2 2 2 2 1 1 1 1 2 1 1 1 2 1 1 0 0 2 2 2 2 2 0 1 2 1 2 1 2 2 2 1 2 2 2 0 2 2 1 1 1 0 2 2 2 1 1 1 1 0 2 2 1 0 1 2 0 2 1 2 1 2 2 1 1
geno chr9.115166 tsi  2 1 1 2 2 2 2 2 2 1 2 2 2 2 2 2 1 2 2 0 0 2 2 0 1 1 2 2 1 1 1 2 1 2 1 1 2 1 2 2 1 2 2 1 1 2 2 2 1 2 2 1 2 1 1 2 1 2 2 2 1 0 2 0 2 0 1 2 2 2 1 1 1 2 2 1 2 2 2 2 2 2 1 0 1 2 2 0 1 2 2 2
geno chr9.115166 yri  2 1 1 1 2 2 2 1 1 2 0 2 0 2 2 0 2 2 2 2 2 2 2 1 1 1 1 1 2 1 2 1 1 2 2 1 2 0 2 0 2 2 0 2 2 2 0 1 0 2 2 1 1 0 0 1 2 1 2 2 1 2 2 2 2 2 1 1 1 2 2 2 1 0 1 1 1
geno chr9.115190 ceu  0 0 1 0 0 0 0 0 0 0 0 0 0 0 1 0 1 1 0 0 1 0 0 1 0 0 0 0 0 0 0 1 1 0 1 0 0 0 0 0 0 0 0 0 0 1 1 0 0 0 0 0 1 0 0 0 0 0 0 1 0 0 0 1 0 0 0 0 0 0 0 1 1 0 0 1 0 0
geno chr9.115190 fin  1 0 0 0 0 0 0 0 1 0 0 1 1 0 1 0 0 0 0 0 0 1 0 0 0 0 0 0 1 1 0 0 1 0 0 1 0 0 0 1 0 0 0 0 0 0 0 0 0 0 1 0 0 0 0 0 0 0 0 0 0 0 0 1 0 1 0 0 0 0 0 0 0 1 0 0 0 0 0 1 0 0 0 0 0 0 0 0 0
geno chr9.115190 gbr  0 0 0 0 0 0 0 0 0 0 0 0 1 0 0 0 0 0 0 0 0 0 0 0 0 1 0 1 1 0 1 0 0 0 0 0 0 0 0 0 0 0 0 0 0 0 1 0 0 0 1 0 0 0 0 0 0 0 0 0 0 1 0 0 0 1 0 0 1 0 1 0 0 0 0 0 0 0 0 0 0 0 0 0
geno chr9.115190 tsi  0 0 1 0 0 0 0 1 0 0 0 0 0 1 0 0 0 0 0 0 0 1 0 0 0 0 0 0 0 0 0 0 0 1 0 0 0 1 0 0 0 0 0 0 0 0 0 0 0 0 0 0 0 0 1 0 0 0 0 0 0 0 0 0 0 1 0 0 0 0 0 0 0 0 0 0 0 0 0 0 0 0 0 0 0 0 0 0 0 0 0 0
geno chr9.115190 yri  0 0 0 1 0 0 0 0 0 0 0 0 0 0 0 0 0 0 0 0 0 0 0 0 0 0 0 0 0 0 1 0 0 1 0 0 0 0 0 0 0 0 0 0 1 0 0 0 0 0 1 0 0 0 0 0 0 0 0 0 0 0 0 0 0 0 0 0 0 0 0 0 0 0 0 0 0
geno chr9.115624 ceu  1 1 0 1 1 0 1 1 2 2 0 0 0 0 1 2 0 0 1 1 2 0 1 2 0 0 1 1 2 0 0 1 0 0 1 1 1 1 2 1 1 1 1 1 1 1 1 1 0 1 1 0 1 1 1 1 0 2 0 1 1 0 0 1 0 1 1 2 1 1 2 1 2 0 1 0 1 1
geno chr9.115624 fin  0 0 2 2 0 2 1 2 1 0 2 0 1 1 1 0 1 2 1 1 0 0 2 1 2 1 1 1 0 1 0 1 1 2 0 2 0 0 1 0 0 1 0 1 0 2 1 1 1 1 1 1 2 2 2 0 0 1 0 1 0 0 1 0 1 0 1 1 0 0 0 0 1 1 1 1 1 2 0 1 0 0 1 0 0 0 2 1 1
geno chr9.115624 gbr  0 0 1 0 0 0 1 0 2 1 1 2 1 0 1 1 0 2 1 1 1 1 2 1 1 0 0 2 0 1 1 0 1 0 1 0 1 0 1 1 2 0 0 1 1 1 1 1 1 1 0 1 1 1 0 1 0 0 0 0 0 1 0 1 0 1 0 0 0 2 1 1 0 0 1 0 0 1 2 1 1 2 1 1
geno chr9.115624 tsi  2 1 1 2 2 1 1 2 1 1 1 1 1 0 1 2 0 1 2 0 0 1 1 0 0 1 2 1 1 0 1 1 1 1 1 1 2 0 1 1 1 1 1 1 1 1 1 1 0 2 1 1 2 0 0 1 1 1 1 1 1 0 1 0 1 0 1 2 1 2 1 1 0 0 2 0 2 1 0 2 0 1 1 0 1 0 2 1 1 1 1 0
geno chr9.115624 yri  1 0 0 0 0 1 0 0 0 2 1 0 0 1 1 0 0 1 0 1 1 1 1 0 0 0 1 0 1 1 1 0 2 1 2 2 0 0 1 1 0 1 0 1 2 1 0 0 1 0 0 0 1 0 1 1 1 0 2 0 0 2 1 1 1 1 2 1 1 1 0 1 0 0 0 2 0
geno chr9.115758 ceu  0 1 1 0 0 0 1 0 0 0 0 1 0 0 0 0 1 1 0 0 1 0 0 1 0 0 0 0 0 1 0 1 1 0 1 0 1 0 0 0 0 1 0 0 0 1 1 0 0 0 0 0 1 0 0 0 0 0 0 1 0 0 0 1 0 0 0 0 0 0 0 1 0 0 0 1 0 0
geno chr9.115758 fin  0 0 0 0 1 0 0 0 0 1 0 1 1 1 1 0 0 0 0 0 1 0 0 0 0 1 0 0 1 1 0 0 0 0 0 1 0 0 0 1 0 0 2 0 0 0 1 0 0 0 1 0 0 0 0 0 0 1 0 0 0 0 0 1 0 1 0 0 0 0 0 1 0 0 1 1 0 0 0 0 0 1 0 1 0 0 0 0 0
geno chr9.115758 gbr  1 0 0 1 0 0 0 0 0 0 0 0 1 0 0 0 0 0 0 0 0 0 0 0 0 1 0 0 1 0 1 0 0 0 0 0 0 0 0 0 0 0 0 0 0 0 1 0 0 0 1 0 1 0 0 0 0 0 1 0 1 1 0 0 1 1 0 1 1 0 1 0 1 0 0 0 0 0 0 0 0 0 0 0
geno chr9.115758 tsi  0 0 1 0 0 0 0 1 1 1 0 0 1 1 0 0 0 0 0 0 0 0 0 0 0 0 0 0 0 0 0 0 1 1 0 0 1 1 0 0 0 0 0 0 1 0 1 0 0 0 0 0 0 0 1 0 0 1 0 0 0 0 0 0 0 1 0 0 0 0 0 0 0 0 0 0 0 0 0 0 0 0 0 0 0 0 0 0 0 0 0 1
geno chr9.115758 yri  0 0 1 1 0 0 0 0 0 0 0 0 0 0 0 0 0 0 0 0 0 0 0 0 1 0 0 0 0 0 1 0 0 0 0 0 0 0 0 0 0 0 0 0 1 0 0 0 0 0 1 1 0 0 0 0 1 0 0 0 0 0 1 1 0 0 1 0 1 0 0 0 0 0 0 0 0
geno chr9.115968 ceu  0 1 1 0 0 0 1 0 0 0 1 1 0 0 1 0 1 0 0 0 0 0 0 0 0 0 0 0 0 0 0 1 1 0 1 0 1 0 0 0 0 1 0 0 0 1 1 0 0 0 0 0 1 0 0 0 0 0 0 1 0 1 1 1 0 0 0 0 0 0 0 1 0 0 0 1 0 0
geno chr9.115968 fin  0 0 1 0 1 0 0 0 0 0 0 1 1 1 1 0 0 0 0 0 1 0 0 0 0 1 0 0 1 1 0 0 0 0 0 0 0 0 0 0 0 0 1 0 0 0 0 0 0 0 1 0 0 0 0 0 0 1 0 0 1 0 0 1 0 0 0 0 1 0 0 1 0 0 0 1 0 0 0 0 0 1 1 1 0 0 0 0 0
geno chr9.115968 gbr  1 0 0 0 0 0 0 0 0 0 0 0 1 0 0 0 0 0 0 0 0 0 0 0 0 1 0 0 1 0 1 0 0 0 0 0 0 0 0 0 0 0 0 1 0 0 1 0 0 0 1 1 1 0 0 0 1 0 0 1 0 1 0 0 1 1 0 0 1 0 1 0 0 0 0 0 0 0 0 0 0 0 0 0
geno chr9.115968 tsi  0 0 0 0 0 1 0 1 1 1 0 1 0 1 0 0 0 1 0 1 0 0 0 0 0 0 0 0 0 1 0 1 1 1 0 1 1 1 0 0 0 1 0 0 1 1 1 0 0 0 0 0 0 1 1 0 0 1 0 0 0 0 0 0 0 1 0 0 0 0 0 0 0 0 0 0 0 0 0 0 0 1 0 0 0 0 0 1 0 1 0 1
geno chr9.115968 yri  0 0 1 1 0 0 0 0 0 0 0 0 0 0 0 0 0 0 0 0 0 1 0 0 1 0 0 0 0 0 1 0 0 0 0 0 0 0 0 0 0 0 0 0 1 0 0 1 0 0 1 0 0 0 0 0 0 0 0 0 0 0 1 0 0 0 0 0 0 0 0 0 0 0 0 0 0
geno chr9.116800 ceu  1 0 0 2 1 0 1 1 2 1 1 0 0 0 1 2 0 0 1 1 1 0 0 1 0 0 1 0 1 0 0 1 0 0 0 0 1 1 2 0 0 1 0 1 0 1 1 1 0 0 1 0 0 0 1 1 0 1 0 1 1 0 0 1 1 0 1 2 1 1 1 0 1 0 0 0 1 1
geno chr9.116800 fin  0 0 1 2 0 1 1 0 1 0 2 0 1 1 1 0 1 2 1 1 0 0 1 1 2 0 1 0 0 1 0 0 1 2 1 2 0 0 1 0 0 1 0 1 0 1 1 1 1 1 1 1 2 2 2 1 0 1 0 1 0 0 1 0 1 0 1 1 0 0 0 0 1 1 0 0 1 1 1 0 0 1 1 0 0 0 2 1 1
geno chr9.116800 gbr  0 0 1 0 0 1 0 0 1 1 1 1 0 0 1 0 0 2 0 1 0 1 2 1 0 0 0 1 0 1 1 0 0 0 2 0 1 0 0 0 0 0 0 0 0 0 1 0 0 1 0 0 0 1 0 1 0 0 0 0 0 1 0 1 0 1 0 0 0 2 0 0 0 0 1 0 0 1 0 1 1 2 1 0
geno chr9.116800 tsi  0 1 1 2 1 1 1 2 1 1 1 0 1 0 1 2 0 0 1 0 0 1 1 0 0 1 1 1 1 0 0 1 0 1 0 1 1 0 0 1 0 0 0 0 1 1 1 1 1 0 1 1 2 0 0 1 1 0 1 1 1 0 0 0 1 0 1 0 0 0 1 0 0 0 2 0 1 1 0 2 0 0 0 0 1 0 0 1 1 0 1 0
geno chr9.116800 yri  0 0 0 0 0 0 0 0 0 1 0 0 0 1 0 0 0 0 0 0 0 0 0 0 0 0 0 0 0 1 1 0 1 0 1 1 0 0 1 0 0 0 0 1 0 0 0 0 0 0 0 0 0 0 0 0 1 0 0 0 0 2 0 1 0 0 1 1 0 0 0 1 0 0 0 0 0
geno chr9.116832 ceu  1 0 0 2 1 0 1 1 2 1 1 0 0 0 1 2 0 0 1 1 1 0 0 1 0 0 1 0 1 0 0 1 0 0 0 0 1 1 2 0 0 1 0 1 0 1 1 1 0 0 1 0 0 0 1 1 0 1 0 1 1 0 0 1 1 0 1 2 1 1 1 0 1 0 0 0 1 1
geno chr9.116832 fin  0 0 1 2 0 1 1 0 1 0 2 0 1 1 1 0 1 2 1 1 0 0 1 1 2 0 1 0 0 1 0 0 1 2 1 2 0 0 1 0 0 1 0 1 0 1 1 1 1 1 1 1 2 2 2 1 0 1 0 1 0 0 1 0 1 0 1 1 0 0 0 0 1 1 0 0 1 1 1 0 0 1 1 0 0 0 2 1 1
geno chr9.116832 gbr  0 0 1 0 0 1 0 0 1 1 1 1 0 0 1 0 0 2 0 1 0 1 2 1 0 0 0 1 0 1 1 0 0 0 2 0 1 0 0 0 0 0 0 0 0 0 1 0 0 1 0 0 0 1 0 1 0 0 0 0 0 1 0 1 0 1 0 0 0 2 0 0 0 0 1 0 0 1 0 1 1 2 1 0
geno chr9.116832 tsi  0 1 1 2 1 1 1 2 1 1 1 0 1 0 1 2 0 0 1 0 0 1 1 0 0 1 1 1 1 0 0 1 0 1 1 1 1 0 0 1 0 0 0 0 1 1 1 1 1 0 1 1 2 0 0 1 1 0 1 1 1 0 0 0 1 0 1 0 0 0 1 0 0 0 2 0 1 1 0 2 0 0 0 0 1 0 0 1 1 0 1 0
geno chr9.116832 yri  0 0 0 0 0 1 1 0 0 2 0 0 0 1 0 0 0 1 0 0 0 0 0 0 0 0 0 1 1 1 1 0 2 0 1 1 0 0 1 0 0 0 0 1 0 1 0 0 1 0 0 0 0 0 0 0 1 0 1 0 0 2 1 1 0 0 1 1 0 1 0 1 0 0 0 1 0
geno chr9.117371 ceu  1 0 1 2 1 1 2 1 2 0 1 0 2 0 1 2 0 0 1 1 2 0 0 2 0 1 1 1 0 0 2 0 0 0 1 1 0 1 2 0 0 1 0 1 0 1 2 2 0 0 2 0 0 2 2 2 0 2 0 2 2 0 1 2 2 1 1 1 1 1 1 1 1 1 0 2 1 2
geno chr9.117371 fin  0 0 2 2 0 1 1 0 2 0 2 1 0 2 0 0 0 2 2 2 0 0 0 1 2 1 1 0 0 1 0 1 2 2 2 2 0 0 0 0 0 2 0 2 0 1 1 1 0 2 1 1 2 2 2 2 2 2 1 1 0 1 1 0 0 0 1 1 1 0 0 0 1 0 0 1 2 1 1 0 0 1 2 0 1 0 2 1 2
geno chr9.117371 gbr  1 0 2 0 0 1 0 0 0 0 1 1 1 0 1 1 0 2 1 1 1 2 2 1 0 1 0 2 1 1 1 1 0 1 2 0 1 2 1 1 0 0 1 1 0 0 0 1 1 2 1 0 0 2 0 2 0 1 0 1 0 0 1 1 1 1 1 0 0 2 2 0 0 0 2 0 1 1 1 1 2 0 1 1
geno chr9.117371 tsi  0 1 0 2 0 1 2 1 2 0 2 0 1 2 0 2 0 1 0 1 0 2 2 0 1 1 0 1 1 1 0 2 0 1 0 1 1 1 1 2 1 1 0 0 1 2 1 2 1 0 2 1 2 1 0 2 1 0 2 1 1 0 0 0 2 0 1 0 1 0 1 0 1 1 2 1 0 2 2 2 1 0 0 1 1 2 0 1 1 0 1 0
geno chr9.117371 yri  2 2 1 1 2 2 2 2 1 1 1 2 0 1 1 0 2 1 2 2 1 2 1 1 1 2 0 2 2 2 1 1 2 1 1 2 2 0 2 1 1 1 0 0 2 2 0 0 2 1 1 1 2 0 2 2 2 1 1 2 1 2 2 1 2 1 2 2 1 2 2 2 1 0 1 1 1
geno chr9.117428 ceu  1 0 0 1 1 0 1 1 1 0 0 0 0 0 1 2 0 0 1 1 1 0 0 2 0 0 0 0 0 0 0 1 0 0 1 0 0 1 2 0 0 0 0 1 0 1 1 1 0 0 1 0 0 1 1 1 0 2 0 1 1 0 0 1 1 0 1 2 1 1 1 0 1 0 0 0 1 1
geno chr9.117428 fin  0 0 1 2 0 1 1 0 1 0 1 0 1 1 1 0 1 1 1 1 0 0 1 1 2 1 1 0 0 0 0 0 1 2 0 1 0 0 0 0 0 1 0 1 0 1 1 1 1 1 1 1 2 2 2 1 0 1 0 1 0 0 1 0 0 0 1 1 0 0 0 0 0 1 0 0 1 1 1 0 0 1 1 0 0 0 1 1 1
geno chr9.117428 gbr  0 0 1 0 0 1 0 0 0 0 1 1 0 0 1 0 0 2 1 1 0 1 2 1 0 0 0 1 0 1 1 0 0 0 0 0 1 0 0 0 0 0 0 0 0 0 1 0 0 1 0 0 0 1 0 1 0 0 0 0 0 0 0 1 0 1 0 0 0 2 1 0 0 0 1 0 0 1 1 1 1 1 1 0
geno chr9.117428 tsi  0 1 0 1 0 0 1 2 2 0 1 0 1 0 0 2 0 0 0 0 0 2 1 0 0 0 0 1 1 0 0 1 0 1 1 1 1 0 0 1 0 0 0 0 1 1 0 1 1 0 1 1 2 0 0 1 1 0 1 1 1 0 0 0 1 0 1 0 0 0 1 0 0 0 2 0 0 1 0 2 0 0 0 0 1 0 0 0 1 0 1 0
geno chr9.117428 yri  1 0 0 0 0 0 1 0 0 0 0 0 0 0 0 0 0 0 0 1 0 0 1 0 0 0 1 0 0 1 0 0 1 0 1 1 0 0 1 1 0 0 0 0 0 0 0 0 0 0 0 0 0 0 0 0 1 0 0 0 0 2 0 1 0 0 1 1 0 0 0 1 0 0 1 0 0
geno chr9.117666 ceu  0 0 0 1 0 1 1 1 0 0 0 0 1 2 1 0 0 0 0 1 0 0 0 0 0 1 1 0 1 0 0 2 0 0 0 0 0 0 0 0 0 0 0 0 0 0 0 0 1 1 0 1 0 0 1 1 0 1 0 0 1 1 0 0 1 1 2 0 0 1 0 0 1 0 1 0 2 0
geno chr9.117666 fin  0 1 2 0 0 0 0 0 0 1 0 0 1 0 1 0 0 0 0 1 1 0 0 0 0 0 0 0 0 0 1 0 1 1 0 1 0 1 1 0 0 0 1 0 1 1 0 0 0 1 1 0 0 0 0 0 1 1 0 1 0 1 1 1 0 0 0 0 0 0 1 0 0 0 0 0 0 1 0 0 0 1 0 0 0 1 1 0 0
geno chr9.117666 gbr  0 1 0 1 0 1 0 0 0 0 0 0 0 0 0 0 1 0 0 0 1 0 1 0 0 0 1 1 0 1 0 0 1 0 1 1 0 1 2 1 1 0 0 1 1 0 0 0 1 1 1 1 0 0 1 0 1 0 0 1 1 0 1 2 1 1 0 1 1 0 0 1 0 0 1 1 1 2 0 0 0 1 0 1
geno chr9.117666 tsi  0 0 0 0 0 1 0 1 0 0 0 1 0 0 1 0 0 1 0 0 0 0 0 1 0 1 0 0 1 0 0 0 0 0 0 0 0 0 0 2 1 0 0 1 0 0 1 1 1 0 0 1 0 0 0 1 1 0 1 1 1 1 0 1 0 1 0 0 0 1 0 0 0 1 2 0 1 0 1 2 0 1 0 0 1 0 1 0 0 0 0 1
geno chr9.117666 yri  1 1 1 0 1 0 0 0 0 1 0 0 2 0 1 1 0 1 0 1 1 1 1 1 0 1 1 0 1 1 0 0 0 0 1 0 0 0 0 1 0 0 0 0 0 0 1 0 0 0 0 0 1 0 1 0 0 1 0 0 2 0 0 1 1 1 0 0 0 1 1 1 1 0 0 0 0
geno chr9.117696 ceu  0 1 0 0 0 1 0 1 0 2 0 1 0 0 0 1 2 0 0 1 1 1 0 0 2 0 0 0 0 0 0 0 1 0 0 1 0 1 1 2 0 0 1 0 1 0 1 1 1 0 0 1 0 0 1 1 2 0 2 0 1 1 0 0 1 1 0 1 2 1 1 1 0 1 0 0 0 1
geno chr9.117696 fin  0 0 0 1 2 0 1 0 0 1 0 1 0 0 1 1 0 0 1 1 1 0 0 1 1 1 1 1 0 0 1 0 0 0 2 0 1 0 0 0 0 0 1 0 1 0 1 1 1 1 1 1 1 2 2 2 0 0 1 0 1 0 0 1 0 0 0 1 1 0 0 0 0 0 1 0 0 1 1 1 0 0 1 1 0 0 0 2 1
geno chr9.117696 gbr  0 0 0 1 0 0 1 0 0 0 1 1 1 0 0 1 1 0 2 1 1 0 1 2 1 0 0 0 1 0 1 1 0 0 0 0 0 1 0 0 0 0 0 0 0 0 0 1 0 0 1 0 1 0 1 0 1 0 0 0 0 0 1 0 1 0 1 0 0 0 2 1 0 0 0 1 0 0 1 1 1 1 1 1
geno chr9.117696 tsi  0 0 0 0 1 0 1 1 1 2 0 1 0 1 0 0 2 0 0 0 0 0 2 0 0 0 0 0 0 1 0 0 1 0 0 1 1 1 0 0 1 0 0 0 0 1 1 1 1 1 0 1 1 2 0 0 1 0 0 1 1 1 0 0 0 1 0 1 0 1 0 0 0 0 0 2 0 1 1 0 2 0 0 0 0 1 0 1 1 1 0 1
geno chr9.117696 yri  1 1 0 0 0 0 1 0 0 0 0 0 0 0 0 0 0 0 0 0 0 0 0 1 0 0 0 1 0 1 1 0 0 1 0 1 1 1 0 1 0 0 0 0 0 0 1 0 0 1 0 0 0 0 0 0 0 0 0 1 0 0 2 1 1 0 0 1 1 0 1 0 0 0 0 0 0
geno chr9.117713 ceu  2 1 1 2 2 1 2 0 2 0 1 0 1 1 1 2 0 0 2 2 2 1 0 2 1 0 0 1 0 0 2 2 0 0 1 1 1 1 2 0 1 1 0 1 0 2 2 1 1 0 2 1 0 2 2 2 2 2 1 2 2 1 1 2 2 2 1 2 2 2 1 1 1 0 0 1 1 2
geno chr9.117713 fin  1 1 2 2 0 1 0 0 2 0 2 1 1 2 2 0 0 2 2 2 0 0 1 1 2 1 1 0 0 2 0 0 2 2 2 2 1 1 0 0 0 2 0 2 1 1 1 1 2 2 1 1 2 2 2 2 2 2 1 1 1 1 2 0 0 0 0 1 0 1 0 1 0 1 1 0 2 1 1 1 1 1 2 1 1 1 2 1 2
geno chr9.117713 gbr  1 0 2 0 1 1 0 0 1 1 1 1 0 1 1 2 0 2 1 2 0 2 2 1 0 1 0 1 0 1 1 1 0 0 2 0 2 2 0 1 0 0 0 1 0 0 1 1 1 2 1 1 0 2 0 2 1 1 1 1 1 2 2 2 1 1 0 1 0 2 2 0 0 1 2 1 2 1 1 1 2 2 1 1
geno chr9.117713 tsi  0 0 1 2 0 1 2 2 2 0 2 1 0 1 0 2 0 0 1 0 0 2 1 0 1 0 0 1 0 1 0 2 0 0 1 2 1 1 2 2 1 1 1 0 2 2 2 2 2 0 2 1 2 2 1 2 1 1 2 2 2 0 1 0 2 1 1 0 2 0 1 0 1 2 2 2 1 2 2 2 2 1 0 1 1 2 1 1 1 1 2 2
geno chr9.117713 yri  2 2 1 1 2 2 2 2 1 1 1 1 0 1 1 0 2 2 2 2 1 2 2 1 1 2 1 2 2 2 1 0 1 0 1 2 2 0 2 1 1 0 0 0 2 2 0 0 2 2 2 1 1 2 2 2 1 0 1 2 1 2 2 2 2 1 2 2 1 2 2 2 1 1 1 0 1
geno chr9.117877 ceu  0 0 1 0 1 1 1 0 0 0 0 1 1 1 0 0 0 1 1 0 0 0 0 0 1 1 0 1 0 0 2 0 0 0 0 0 0 0 0 0 0 0 0 0 0 0 0 1 1 0 1 0 0 1 1 0 1 0 0 1 1 0 0 1 1 1 0 0 1 1 0 1 0 1 0 2 0 1
geno chr9.117877 fin  1 1 0 0 0 0 0 0 1 0 0 1 0 1 0 0 0 0 1 1 0 0 0 0 0 0 0 0 0 1 0 1 1 0 2 0 1 1 0 0 0 1 0 1 1 0 0 0 1 1 0 0 0 0 0 1 2 0 1 0 1 1 1 0 0 0 1 0 1 1 0 1 0 0 0 0 1 0 0 0 1 0 0 0 1 1 0 0 1
geno chr9.117877 gbr  1 0 1 0 1 0 0 0 0 0 0 0 0 0 0 1 0 0 0 1 1 1 0 0 0 1 1 0 1 0 0 1 0 1 1 0 1 2 1 1 0 0 1 1 0 1 0 1 1 1 1 0 0 1 0 1 1 1 1 1 0 1 2 1 1 0 1 1 0 0 1 0 0 1 1 1 2 0 0 0 1 0 0 0
geno chr9.117877 tsi  0 0 0 0 0 0 1 0 0 0 1 0 0 1 0 0 1 0 0 0 0 0 1 0 1 0 0 1 0 0 0 0 0 0 0 0 0 1 2 1 0 0 1 0 0 1 1 1 0 0 1 0 0 0 1 1 0 1 1 1 1 0 1 0 1 0 0 0 1 0 0 0 1 2 0 1 0 1 2 0 2 0 0 1 0 1 0 0 0 0 1 2
geno chr9.117877 yri  1 2 1 1 1 0 0 1 1 0 1 2 0 1 1 0 2 0 2 2 1 2 1 1 1 2 0 1 1 1 0 0 0 1 0 1 1 0 1 1 1 1 0 0 1 1 0 0 1 0 0 2 0 1 1 1 1 0 0 2 1 0 1 1 2 0 1 1 1 1 1 1 1 0 0 0 0
geno chr9.117934 ceu  0 1 0 0 0 0 0 0 0 1 0 0 0 0 0 0 0 0 0 0 0 0 0 0 0 0 0 0 1 0 0 0 1 0 1 1 1 0 0 1 1 1 1 0 1 0 0 0 0 1 0 0 1 0 0 0 0 0 0 0 0 0 0 0 0 0 0 0 0 0 1 1 1 0 1 0 0 0
geno chr9.117934 fin  0 0 0 0 0 1 0 1 0 0 0 0 0 0 0 0 0 0 0 0 0 0 1 0 0 1 0 1 0 0 0 0 0 0 0 0 0 0 0 0 0 0 0 0 0 1 0 0 0 0 0 0 0 0 0 0 0 0 0 0 0 0 0 0 0 0 0 0 0 0 0 0 0 0 0 2 0 1 0 1 0 0 0 1 0 0 0 0 0
geno chr9.117934 gbr  0 0 0 0 0 0 1 0 1 1 0 1 2 0 0 0 1 0 0 0 1 0 0 0 1 0 0 0 0 0 0 0 0 0 0 0 0 0 1 0 2 0 0 0 1 1 0 1 0 0 0 1 1 0 0 0 0 0 0 0 0 0 0 0 0 0 0 0 0 0 0 1 0 0 0 0 0 0 1 0 0 0 0 0
geno chr9.117934 tsi  1 0 0 0 1 0 0 0 0 0 0 1 1 0 1 0 0 1 1 0 0 0 0 0 0 0 1 0 0 0 1 0 0 1 0 0 1 0 0 0 0 1 1 1 0 0 0 0 0 2 0 0 0 0 0 0 0 1 0 0 0 0 1 0 0 1 0 2 1 2 0 1 0 0 0 0 1 0 0 0 0 1 1 0 0 0 1 0 0 1 0 0
geno chr9.117934 yri  0 0 0 0 0 0 0 0 0 0 0 0 0 0 1 0 0 0 0 0 1 0 0 0 0 0 0 0 0 0 0 0 0 1 1 0 0 0 0 0 0 1 0 0 0 0 0 1 0 0 0 0 0 0 0 0 0 0 0 0 0 0 0 0 0 1 0 0 0 0 0 0 0 0 0 1 0
geno chr9.118032 ceu  0 0 1 0 1 1 1 0 0 0 0 1 2 1 0 0 0 0 1 0 0 0 0 0 1 1 0 2 0 0 2 0 0 0 0 0 0 0 0 0 0 0 0 0 0 0 0 1 1 0 1 0 0 1 1 0 1 1 0 1 1 0 0 1 1 2 0 0 1 1 0 1 0 1 0 2 0 1
geno chr9.118032 fin  1 2 0 1 0 0 0 0 1 0 0 1 0 1 0 0 0 0 1 1 0 0 0 0 0 0 0 0 0 1 0 1 1 0 2 0 1 1 0 1 0 1 0 1 1 0 0 0 1 1 0 0 0 0 0 1 2 0 1 0 1 1 1 0 0 0 1 0 0 1 1 2 0 0 0 0 1 0 0 0 1 0 0 0 1 1 0 0 1
geno chr9.118032 gbr  1 0 1 0 1 0 0 0 0 0 0 0 0 0 0 1 0 0 0 1 1 1 0 0 0 1 1 0 1 0 0 2 0 1 1 0 1 2 1 1 0 0 1 1 0 0 0 1 1 1 1 0 0 1 0 1 1 1 1 1 0 1 2 1 1 0 2 1 0 0 1 0 0 1 1 1 2 0 0 0 1 0 0 0
geno chr9.118032 tsi  0 0 0 0 0 0 1 0 0 0 1 0 0 1 0 0 1 0 0 0 0 0 0 0 1 0 0 1 0 0 0 0 0 0 0 0 0 1 2 1 0 0 1 0 0 1 1 1 0 0 1 0 0 0 1 1 0 1 1 1 1 0 1 0 1 0 0 0 1 0 0 0 1 2 0 1 0 1 2 0 2 0 0 1 0 1 0 0 0 0 1 2
geno chr9.118032 yri  1 1 0 1 0 0 0 0 1 0 0 2 0 1 1 0 2 0 1 1 0 0 1 0 1 1 0 1 1 0 0 0 0 1 0 0 1 0 0 0 1 0 0 1 0 1 0 0 0 0 0 2 0 1 0 0 1 0 0 2 0 0 1 1 1 0 0 0 1 1 1 1 0 0 0 0 0
geno chr9.118173 ceu  2 1 1 1 1 1 1 0 2 1 2 1 0 1 1 2 2 1 2 1 2 1 2 2 2 0 2 0 1 1 0 2 2 0 1 1 2 1 2 2 1 2 1 1 2 1 2 1 1 2 0 0 1 0 1 2 1 1 0 1 1 1 1 1 1 1 1 2 1 0 2 2 1 1 2 0 2 1
geno chr9.118173 fin  1 1 2 1 2 2 2 2 1 2 2 1 2 1 1 1 1 2 0 1 2 2 2 2 2 2 2 2 2 1 1 0 1 2 0 2 0 0 2 1 1 1 2 1 1 1 1 2 1 1 2 2 2 2 2 1 0 2 0 1 0 0 1 1 0 1 0 1 0 0 1 0 1 1 1 2 1 2 1 2 1 2 2 1 1 0 2 2 1
geno chr9.118173 gbr  0 1 1 1 1 1 1 0 2 1 1 2 2 2 2 1 1 2 2 2 1 1 2 2 2 1 0 1 1 2 2 0 1 0 1 2 2 0 1 0 2 2 0 1 2 1 0 1 0 1 1 1 2 1 0 1 0 1 1 0 2 2 1 1 1 1 1 0 1 2 2 2 1 1 1 1 1 2 2 1 2 2 2 2
geno chr9.118173 tsi  1 2 0 2 1 1 1 1 2 1 1 2 1 1 1 1 0 2 2 1 0 2 0 1 0 1 2 1 1 2 1 1 2 1 1 1 1 1 0 1 2 2 2 1 1 1 2 1 1 2 1 2 2 1 2 1 2 2 1 2 1 2 1 2 1 2 1 2 1 2 2 2 1 1 2 1 2 1 0 2 0 2 1 1 2 1 2 2 2 2 2 2
geno chr9.118173 yri  1 0 1 1 1 0 2 0 1 0 2 0 2 1 1 2 1 2 0 1 1 0 1 1 1 0 2 1 0 0 1 1 1 1 2 1 0 0 0 2 0 1 2 0 1 0 1 2 0 1 2 0 1 1 0 2 1 1 0 0 1 0 0 0 1 2 1 0 1 0 0 0 1 2 2 2 1
geno chr9.118250 ceu  0 0 1 1 1 1 1 0 1 0 0 1 2 1 0 0 0 1 1 0 0 0 0 0 1 1 0 1 0 0 2 0 0 0 0 1 0 0 0 0 0 0 0 0 0 0 1 1 1 0 1 0 0 1 1 0 1 0 0 1 1 1 1 1 1 1 0 0 1 1 0 1 0 1 0 2 0 0
geno chr9.118250 fin  1 2 1 0 0 0 0 0 1 0 0 1 0 1 0 0 0 0 1 1 0 0 0 0 0 0 0 0 1 1 0 1 1 0 2 0 1 1 0 1 0 1 0 1 1 0 0 0 1 1 0 0 0 0 0 1 2 0 1 0 1 1 1 0 0 0 1 0 1 0 0 0 0 0 0 0 1 0 0 0 1 0 1 0 1 1 0 0 1
geno chr9.118250 gbr  1 0 1 0 1 0 0 0 0 0 0 0 0 0 0 1 0 0 0 1 1 1 0 0 0 1 1 0 0 0 0 1 0 1 2 0 1 2 1 1 0 0 1 1 0 1 0 1 1 1 1 1 0 1 0 1 1 1 1 1 0 1 2 1 1 0 1 1 0 0 1 0 0 1 1 1 2 0 0 0 1 1 0 1
geno chr9.118250 tsi  0 0 0 1 0 1 1 1 0 0 1 1 1 2 0 0 1 0 0 1 0 0 0 0 1 0 0 1 0 1 0 1 0 0 1 0 0 1 2 1 1 1 1 0 0 1 1 1 0 0 1 0 0 1 1 1 0 1 1 1 1 1 1 1 1 0 0 1 1 0 0 0 1 2 0 1 0 1 2 0 2 1 0 1 0 2 0 0 0 1 1 1
geno chr9.118250 yri  1 1 1 1 2 1 0 1 1 0 1 2 0 1 1 0 1 1 2 2 1 2 1 1 1 1 0 1 1 0 0 1 0 1 0 1 1 0 1 0 1 1 0 0 1 1 0 0 0 1 1 2 1 1 1 1 1 1 0 2 1 0 1 1 2 1 1 0 1 1 2 1 1 0 0 0 1
geno chr9.118339 ceu  0 0 0 0 0 0 0 0 0 0 0 0 0 0 0 2 1 0 0 0 1 1 0 0 0 0 0 0 0 0 0 1 0 0 0 0 0 0 0 0 0 0 0 0 0 1 0 0 0 0 0 0 0 0 0 2 0 0 0 0 1 1 0 0 1 0 1 0 0 0 0 0 0 0 0 0 1 0
geno chr9.118339 fin  0 0 1 0 0 1 0 0 1 0 2 0 1 1 1 0 1 1 0 1 0 0 0 0 1 0 0 0 0 0 0 0 0 1 0 2 0 0 0 0 0 0 0 0 0 0 0 1 0 0 0 1 1 0 2 1 0 2 0 0 0 0 0 0 0 0 0 0 0 0 0 0 0 0 0 0 1 1 0 0 0 0 0 0 0 0 0 0 0
geno chr9.118339 gbr  0 0 0 0 0 1 0 0 0 0 0 1 0 0 0 0 0 2 0 0 0 0 2 0 0 0 0 0 0 0 1 0 0 1 0 0 0 0 0 0 0 0 0 0 0 0 0 0 0 1 0 0 0 0 0 0 0 0 0 0 0 0 0 0 0 0 0 0 0 2 0 0 1 0 0 0 0 1 0 1 0 0 1 0
geno chr9.118339 tsi  0 0 0 1 0 0 0 0 2 0 0 0 0 0 0 0 0 0 0 0 0 0 0 0 0 0 0 0 1 0 0 0 0 1 0 0 0 0 0 0 0 0 0 0 0 0 0 0 1 0 0 0 1 0 0 0 0 0 0 0 0 0 0 0 0 0 1 0 0 0 0 0 0 0 1 0 0 1 0 0 0 0 0 0 0 0 0 0 0 0 0 0
geno chr9.118339 yri  0 1 0 0 0 0 0 1 0 0 0 0 0 0 0 0 0 0 0 0 0 0 1 0 0 0 1 0 0 1 0 0 0 0 0 0 0 0 0 0 0 0 0 0 0 0 0 0 0 0 0 0 0 0 1 0 0 0 0 0 0 1 0 0 0 0 0 0 0 0 0 0 0 0 0 0 0
geno chr9.118342 ceu  0 0 0 0 0 0 0 0 0 0 0 0 0 0 0 2 1 0 1 0 1 1 0 0 1 0 0 0 0 0 0 1 0 0 0 1 0 0 0 0 0 0 0 0 0 1 1 0 0 1 0 0 0 0 0 2 0 0 0 0 1 1 1 0 1 0 1 0 0 0 0 0 0 0 1 0 1 0
geno chr9.118342 fin  0 0 2 0 0 2 0 0 1 0 2 0 1 1 1 0 1 1 0 1 0 0 0 0 1 0 0 0 0 0 0 0 0 1 0 2 0 0 0 0 0 0 0 0 0 0 0 1 0 0 0 1 1 0 2 1 0 2 0 0 0 0 0 0 0 0 0 0 1 0 0 0 0 0 1 0 1 1 0 1 0 0 1 0 0 0 0 0 0
geno chr9.118342 gbr  0 0 0 0 0 1 0 0 0 0 0 1 0 0 0 0 0 2 0 0 0 0 2 0 0 0 0 0 0 0 1 0 0 1 0 0 0 0 0 0 2 0 0 0 0 0 0 0 0 1 0 1 0 0 0 0 0 0 0 0 0 0 0 0 0 0 0 0 0 2 0 0 1 0 0 0 0 1 1 1 0 0 1 1
geno chr9.118342 tsi  0 0 0 1 0 1 0 0 2 0 0 1 0 1 1 0 0 2 1 1 0 0 0 0 0 0 0 0 1 1 0 1 0 1 0 0 0 0 0 0 1 1 1 0 0 0 1 0 1 1 0 0 1 1 1 0 0 1 0 0 0 0 1 0 0 0 1 0 0 0 0 0 0 0 1 0 0 1 0 0 0 1 0 0 0 1 1 0 0 2 1 0
geno chr9.118342 yri  0 1 0 0 0 0 0 0 0 0 1 0 0 0 0 0 0 0 0 1 0 0 1 0 0 0 1 0 0 1 0 0 0 0 0 1 0 0 0 1 0 0 0 0 0 0 0 0 0 0 0 0 0 0 2 1 0 0 0 0 0 1 0 0 0 0 1 0 1 0 0 0 0 0 0 0 0
geno chr9.118345 ceu  0 0 0 0 0 0 0 0 0 0 0 0 0 0 0 0 0 0 0 0 0 0 0 0 1 0 0 0 0 0 0 0 0 0 0 1 0 0 0 0 0 0 0 0 0 0 1 0 0 1 0 0 0 0 0 0 0 0 0 0 0 1 1 0 0 0 0 0 0 0 0 0 0 0 1 0 0 0
geno chr9.118345 fin  0 0 1 0 0 1 0 0 0 0 0 0 0 0 0 0 0 0 0 0 0 0 0 0 0 0 0 0 0 0 0 0 0 0 0 0 0 0 0 0 0 0 0 0 0 0 0 0 0 0 0 0 0 0 0 0 0 0 0 0 0 0 0 0 0 0 0 0 1 0 0 0 0 0 0 0 0 0 0 1 0 0 1 0 0 0 0 0 0
geno chr9.118345 gbr  0 0 0 0 0 0 0 0 0 0 0 0 0 0 0 0 0 0 0 0 0 0 0 0 0 0 0 0 0 0 0 0 0 0 0 0 0 0 0 0 2 0 0 0 0 0 0 0 0 0 0 1 0 0 0 0 0 0 0 0 0 0 0 0 0 0 0 0 0 0 0 0 0 0 0 0 0 0 1 0 0 0 0 1
geno chr9.118345 tsi  0 0 0 0 0 1 0 0 0 0 0 1 0 1 1 0 0 2 1 1 0 0 0 0 0 0 0 0 0 1 0 1 0 0 0 0 0 0 0 0 1 1 1 0 0 0 1 0 0 1 0 0 0 1 1 0 0 1 0 0 0 0 1 0 0 0 0 0 0 0 0 0 0 0 0 0 0 0 0 0 0 1 0 0 0 1 1 0 0 2 1 0
geno chr9.118345 yri  0 0 0 0 0 0 0 0 0 0 0 0 0 0 0 0 0 0 0 0 0 0 0 0 0 0 0 0 0 0 0 0 0 0 0 0 0 0 0 0 0 0 0 0 0 0 0 0 0 0 0 0 0 0 0 0 0 0 0 0 0 0 0 0 0 0 0 0 0 0 0 0 0 0 0 0 0
geno chr9.118418 ceu  2 1 1 1 1 1 0 1 1 2 1 1 0 1 2 2 1 2 1 2 2 1 2 1 1 1 2 0 2 1 1 1 2 1 1 0 2 2 2 2 2 1 1 2 2 1 1 1 1 2 1 2 2 1 1 1 1 2 2 2 1 0 1 1 1 0 1 2 1 0 2 1 2 1 2 1 2 1
geno chr9.118418 fin  1 0 0 1 2 1 2 2 1 2 2 1 2 1 2 2 0 2 1 1 1 2 2 2 2 2 2 2 2 2 2 1 0 2 1 2 1 2 2 2 2 1 0 2 1 2 2 2 1 1 1 1 2 2 2 1 1 2 1 2 1 1 1 1 1 1 1 2 0 1 1 2 0 1 1 1 1 2 2 2 1 2 2 2 0 0 0 2 1
geno chr9.118418 gbr  1 1 2 1 1 1 2 2 2 2 1 2 2 2 2 1 2 2 2 1 1 1 2 2 2 1 1 1 2 2 1 1 1 1 1 2 1 0 1 0 2 2 1 1 2 2 1 1 0 1 2 1 1 1 1 1 0 1 1 2 1 1 0 2 0 2 0 1 0 2 1 2 0 1 1 1 0 2 2 2 1 2 2 1
geno chr9.118418 tsi  2 2 1 1 2 1 1 2 2 1 1 1 1 1 2 2 1 1 1 1 2 2 2 1 1 2 2 1 2 1 2 1 1 1 2 2 1 1 0 1 2 0 1 2 2 0 1 1 1 1 1 2 2 1 0 2 2 1 1 1 1 2 1 1 1 1 2 1 1 2 2 2 1 0 2 1 1 1 1 2 1 1 2 1 2 1 2 1 1 1 1 0
geno chr9.118418 yri  1 0 1 0 0 0 1 0 0 0 1 0 2 0 1 2 0 1 0 1 0 0 1 1 1 0 1 0 0 0 1 0 1 0 1 0 0 1 0 0 1 0 2 0 1 0 1 0 0 0 1 0 0 1 0 0 0 0 1 0 1 1 0 0 0 2 0 0 1 0 0 0 1 1 2 1 1
geno chr9.118449 ceu  1 0 1 0 1 1 1 1 1 0 2 1 0 1 2 2 2 0 1 0 2 2 2 1 2 0 1 0 1 1 0 1 0 0 1 0 2 1 2 1 1 0 0 1 1 2 0 1 1 1 0 2 0 0 0 2 1 0 1 0 0 1 2 1 0 0 1 2 1 0 0 0 1 1 1 0 2 0
geno chr9.118449 fin  1 0 2 1 1 0 1 1 0 2 2 1 2 1 2 1 0 2 1 1 2 2 0 2 2 1 2 1 2 0 2 0 0 2 0 2 1 0 2 0 2 1 2 1 1 0 2 2 1 1 2 1 2 2 2 1 0 2 0 2 1 1 1 1 1 1 0 1 2 0 1 0 1 1 1 0 1 0 2 1 1 2 2 0 0 0 1 2 0
geno chr9.118449 gbr  1 1 1 1 1 1 0 0 1 1 0 1 0 2 2 1 0 2 2 0 0 0 1 2 0 1 1 0 1 2 2 0 1 0 0 2 1 0 0 0 0 2 0 0 0 0 1 0 0 0 0 0 1 1 1 1 1 1 1 0 2 0 0 1 1 1 0 0 1 2 0 1 1 1 1 1 0 2 0 0 1 2 2 2
geno chr9.118449 tsi  1 2 1 2 1 2 0 2 2 2 1 1 1 1 0 1 1 1 1 2 0 2 0 1 0 2 1 0 2 2 1 2 2 1 1 2 0 1 1 0 2 1 0 1 2 1 2 1 1 0 0 2 2 2 2 1 2 0 1 0 1 2 0 2 1 1 2 0 0 0 2 1 1 0 2 1 1 1 0 0 0 1 1 1 2 1 1 2 2 0 2 0
geno chr9.118449 yri  1 1 2 1 1 0 1 1 0 0 2 0 2 1 0 1 0 0 0 0 1 1 0 2 1 1 1 1 0 2 0 0 2 0 1 1 0 1 0 0 1 1 2 1 0 0 1 0 1 0 0 0 1 1 1 1 1 1 1 0 2 1 0 1 0 0 2 2 0 0 0 1 2 1 1 1 1
geno chr9.118535 ceu  0 0 1 1 1 1 1 1 2 0 1 1 2 1 1 1 0 1 1 2 1 0 0 1 0 1 2 2 1 0 2 1 0 1 0 0 1 1 2 0 2 1 0 0 0 1 1 2 1 0 2 1 1 2 1 2 1 2 0 1 1 0 0 1 2 1 0 1 1 2 0 1 1 2 0 2 1 1
geno chr9.118535 fin  1 0 0 2 1 0 1 1 1 1 1 1 0 2 1 1 0 1 1 2 0 0 0 1 1 1 2 1 0 1 0 1 1 2 2 1 1 1 0 1 0 2 0 1 1 1 1 1 2 2 1 1 2 1 2 2 2 1 2 0 1 2 2 0 0 0 1 2 0 2 1 1 1 1 1 0 2 0 1 0 1 0 1 1 1 1 1 1 1
geno chr9.118535 gbr  1 0 2 0 1 0 0 1 0 1 0 1 0 0 0 2 0 2 1 1 0 2 2 1 0 1 1 2 1 0 1 2 0 1 1 0 2 2 1 2 0 1 1 1 0 1 1 1 2 1 2 0 0 1 0 2 1 1 0 2 0 1 2 2 1 1 0 1 0 2 0 0 0 1 2 1 2 1 1 1 1 2 1 0
geno chr9.118535 tsi  1 1 1 1 1 1 1 2 1 1 1 0 0 1 1 1 1 0 0 0 1 1 1 1 2 1 1 2 1 0 0 1 1 1 2 1 1 1 1 2 1 0 0 0 2 1 1 1 2 0 2 1 1 1 0 0 1 0 1 1 2 0 1 0 2 0 1 0 1 0 2 0 1 2 2 1 2 2 2 2 2 0 0 1 0 1 1 1 1 0 1 1
geno chr9.118535 yri  1 2 0 1 1 1 0 1 1 0 1 2 0 1 1 1 1 2 1 1 0 0 1 0 1 2 1 1 1 1 0 1 0 1 0 0 2 1 0 2 1 0 0 1 1 1 1 1 1 0 1 2 1 1 1 1 1 1 0 2 0 1 0 1 2 1 1 1 1 1 2 1 1 1 0 0 1
geno chr9.118586 ceu  0 0 0 0 0 0 0 0 0 0 0 0 0 0 0 0 0 0 0 0 0 0 0 0 0 0 0 0 0 0 0 0 0 0 0 0 0 0 0 0 0 0 1 0 0 0 0 0 0 1 0 0 0 0 0 0 0 0 0 0 0 0 0 0 0 0 0 0 0 0 0 0 0 0 0 0 0 0
geno chr9.118586 fin  0 0 0 0 0 0 0 1 0 0 0 0 0 0 0 0 0 0 0 0 0 0 0 0 0 0 0 0 0 0 0 0 0 0 0 0 0 0 0 0 0 0 0 0 0 0 0 0 0 0 0 0 0 0 0 0 0 0 0 0 0 0 0 0 0 0 0 0 0 0 0 0 0 0 0 0 0 0 0 1 0 0 0 0 0 0 0 0 0
geno chr9.118586 gbr  0 0 0 0 0 0 0 0 1 1 0 1 2 0 0 0 1 0 0 0 1 0 0 0 1 0 0 0 0 0 0 0 0 0 0 0 0 0 0 0 0 0 0 0 0 0 0 0 0 0 0 1 0 0 0 0 0 0 0 0 0 0 0 0 0 0 0 0 0 0 0 0 0 0 0 0 0 0 0 0 0 0 0 0
geno chr9.118586 tsi  1 0 0 0 1 0 0 0 0 0 0 0 0 0 0 0 0 1 0 0 0 0 0 0 0 0 0 0 0 0 0 0 0 0 0 0 0 0 0 0 0 1 0 0 0 0 0 0 0 1 0 0 0 0 0 0 0 1 0 0 0 0 0 0 0 1 0 0 1 0 0 1 0 0 0 0 0 0 0 0 0 1 1 0 0 0 1 0 0 0 0 0
geno chr9.118586 yri  0 0 0 0 0 0 0 0 0 0 0 0 0 0 0 0 0 0 0 0 0 0 0 0 0 0 0 0 0 0 0 0 0 0 0 0 0 0 0 0 0 0 0 0 0 0 0 0 0 0 0 0 0 0 0 0 0 0 0 0 0 0 0 0 0 0 0 0 0 0 0 0 0 0 0 0 0
geno chr9.118653 ceu  2 2 1 0 1 1 0 2 0 1 2 0 0 1 1 2 1 0 2 0 0 2 2 2 0 1 1 0 2 1 0 2 0 2 2 0 2 1 1 2 1 1 2 0 2 2 0 0 1 1 1 2 0 2 0 2 2 0 2 0 0 2 1 0 0 0 2 1 1 1 0 1 2 0 0 0 1 1
geno chr9.118653 fin  0 1 0 0 1 1 1 2 0 1 1 1 2 1 2 2 1 1 1 0 1 1 2 2 1 0 0 2 2 2 2 1 0 1 0 1 1 2 1 1 2 0 2 2 1 1 1 2 0 0 2 1 1 2 2 0 0 1 0 2 2 1 0 2 1 0 0 2 0 0 1 0 1 1 2 1 1 0 1 2 0 1 1 2 0 0 1 1 0
geno chr9.118653 gbr  0 1 1 0 0 2 1 2 1 0 0 2 2 1 0 0 2 2 0 0 2 1 1 1 1 1 1 1 1 2 0 0 1 0 1 2 0 0 1 1 1 2 0 0 1 1 1 1 1 1 1 2 2 0 1 0 0 1 0 1 1 1 0 0 1 0 1 0 1 2 1 0 0 0 1 1 0 2 2 1 1 1 2 1
geno chr9.118653 tsi  1 1 0 0 1 0 1 0 1 1 0 0 1 0 2 0 1 1 0 0 0 2 1 1 1 0 2 0 1 1 2 1 1 0 2 0 2 0 1 0 2 1 2 2 0 0 0 0 2 2 0 1 1 0 1 2 1 2 1 1 0 1 0 2 0 2 2 0 0 2 0 2 1 0 2 0 0 0 0 0 0 2 1 1 2 0 2 2 2 1 0 1
geno chr9.118653 yri  1 0 0 0 0 0 0 0 0 0 1 0 1 0 0 2 1 0 0 0 2 0 0 0 0 0 0 0 1 0 0 0 0 0 0 1 0 0 0 1 0 0 2 0 0 0 0 0 0 1 0 0 0 0 0 1 0 0 0 0 0 2 1 0 0 0 0 0 0 0 0 1 0 0 1 1 0
geno chr9.118719 ceu  0 0 0 0 0 0 0 0 0 0 0 0 0 0 0 0 0 0 0 0 0 0 0 0 0 0 0 0 0 0 0 0 0 0 0 0 0 0 0 0 0 0 0 0 0 0 0 0 0 0 0 0 0 0 0 0 0 0 0 0 0 0 0 0 0 0 0 0 0 0 0 0 0 0 0 0 0 0
geno chr9.118719 fin  0 0 0 0 0 0 0 0 0 0 0 0 0 0 0 0 0 0 0 0 0 0 0 0 0 0 0 0 0 0 0 0 0 0 0 0 0 0 0 0 0 0 0 0 0 0 0 0 0 0 0 0 0 0 0 0 0 0 0 0 0 0 0 0 0 0 0 0 0 0 0 0 0 0 0 0 0 0 0 0 0 0 0 0 0 0 0 0 0
geno chr9.118719 gbr  0 0 0 0 0 0 0 0 0 0 0 0 0 0 0 0 0 0 0 0 0 0 0 0 0 0 0 0 0 0 0 0 0 0 0 0 0 0 0 0 0 0 0 0 0 0 0 0 0 0 0 0 0 0 0 0 0 0 0 0 0 0 0 0 0 0 0 0 0 0 0 0 0 0 0 0 0 0 0 0 0 0 0 0
geno chr9.118719 tsi  0 0 0 0 0 0 0 0 0 0 0 0 0 0 0 0 0 0 0 0 0 0 0 0 0 0 0 0 0 0 0 0 0 0 0 0 0 0 0 0 0 0 0 0 0 0 0 0 0 0 0 0 0 0 0 0 0 0 0 0 0 0 0 0 0 0 0 0 0 0 0 0 0 0 0 0 0 0 0 0 0 0 0 0 0 0 0 0 0 0 0 0
geno chr9.118719 yri  1 1 0 1 1 0 0 0 1 0 0 0 0 0 1 0 1 0 1 0 0 0 1 0 1 1 0 1 1 1 0 0 0 1 0 0 1 0 0 0 0 0 0 0 0 1 0 0 0 0 0 1 0 0 0 1 1 0 0 2 0 0 1 0 2 0 0 1 0 0 0 1 0 0 0 0 1
geno chr9.118898 ceu  1 0 1 0 0 1 0 0 0 0 1 1 0 1 0 0 0 1 0 0 0 1 1 0 0 1 1 0 0 1 0 0 0 0 0 0 0 0 0 0 0 0 0 1 0 0 0 0 1 1 0 1 0 0 0 0 1 0 1 0 0 1 1 0 0 0 0 0 0 0 0 0 0 1 1 0 1 0
geno chr9.118898 fin  0 0 1 0 1 0 1 1 0 1 0 1 0 0 0 1 0 0 0 0 1 1 0 1 0 0 1 1 1 0 1 0 0 0 0 0 1 0 0 1 1 0 1 0 1 0 0 1 0 0 1 0 0 0 0 1 0 0 0 1 1 1 0 0 0 1 0 0 0 0 0 0 0 0 1 0 0 0 0 0 1 0 1 0 0 1 0 0 0
geno chr9.118898 gbr  0 1 0 0 1 1 0 0 0 0 0 0 0 2 1 0 0 0 1 0 0 0 0 1 0 1 1 0 0 1 1 0 0 0 0 2 0 0 0 0 0 2 0 0 1 0 0 0 0 0 1 0 0 0 0 0 0 0 0 0 0 0 0 0 0 0 0 0 1 0 0 1 0 1 0 1 0 1 0 0 0 0 1 1
geno chr9.118898 tsi  0 1 0 0 0 0 0 0 0 0 0 1 0 1 0 0 1 0 0 1 0 0 0 1 0 1 0 0 1 1 1 1 1 0 0 1 0 1 0 0 2 1 0 1 0 0 0 0 0 0 0 1 0 1 1 0 1 0 0 0 0 1 0 0 0 1 0 0 0 0 1 1 1 0 0 1 0 0 0 0 0 1 1 0 0 0 0 0 0 0 0 0
geno chr9.118898 yri  0 0 0 1 0 0 0 1 0 0 0 0 2 0 0 0 0 1 0 0 0 0 0 0 1 0 0 0 0 0 1 0 0 0 0 0 0 0 0 0 0 0 2 0 0 0 1 0 0 0 0 0 0 1 0 0 0 0 1 0 1 0 0 0 0 0 0 0 0 0 0 0 0 0 0 0 1
geno chr9.119586 ceu  0 1 0 0 0 0 0 0 0 1 0 0 0 0 0 0 0 0 0 0 0 0 0 0 0 0 0 0 1 0 0 0 1 0 1 1 1 0 0 1 1 1 1 0 1 0 0 0 0 1 0 0 1 0 0 0 0 0 0 0 0 0 0 0 0 0 0 0 0 0 0 1 1 0 1 0 0 0
geno chr9.119586 fin  0 0 0 0 0 1 0 1 0 0 0 0 0 0 0 0 0 0 0 0 0 0 1 0 0 1 0 1 0 0 0 0 0 0 0 0 0 0 0 0 0 0 0 0 0 1 0 0 0 0 0 0 0 0 0 0 0 0 0 0 0 0 0 0 0 0 0 0 0 0 0 0 0 0 0 2 0 1 0 1 0 0 0 1 0 0 0 0 0
geno chr9.119586 gbr  0 0 0 0 0 0 1 0 1 1 0 1 2 1 0 0 1 0 0 0 1 0 0 0 1 0 0 0 0 0 0 0 0 0 0 0 0 0 1 0 2 0 0 0 1 1 0 1 0 0 0 1 1 0 0 0 0 1 0 0 0 0 0 0 0 0 0 0 0 0 0 1 0 0 0 0 0 0 1 0 0 0 0 0
geno chr9.119586 tsi  1 0 0 0 1 0 0 0 0 0 0 1 1 0 1 0 0 1 1 0 0 0 0 0 0 0 1 0 0 0 1 0 0 1 0 0 1 0 0 0 0 1 1 1 0 0 0 0 0 2 0 0 0 0 0 0 0 1 0 0 0 0 1 0 0 1 0 2 1 1 0 1 0 0 0 0 1 0 0 0 0 1 1 0 0 0 1 0 0 0 0 0
geno chr9.119586 yri  0 0 0 0 0 0 0 0 0 0 0 0 0 0 0 0 0 0 0 0 0 0 0 0 0 0 0 0 0 0 0 1 0 0 0 0 0 0 0 0 0 0 0 0 0 0 0 0 0 0 0 0 0 0 0 0 0 0 0 0 0 0 0 0 0 0 0 0 0 0 0 0 0 0 0 0 0
geno chr9.119587 ceu  0 0 1 0 0 0 0 0 0 0 1 0 0 0 0 0 0 0 0 0 0 0 0 1 0 0 0 1 0 0 0 1 0 0 0 0 2 0 0 0 0 1 0 0 0 0 0 0 0 0 0 0 0 0 0 1 1 0 0 0 0 1 0 0 0 1 0 0 0 0 0 1 0 0 0 0 0 0
geno chr9.119587 fin  0 0 0 0 1 0 0 0 0 1 0 0 0 1 1 0 0 0 0 0 1 0 0 0 1 1 0 0 1 1 0 0 0 0 0 1 0 1 0 1 0 0 1 1 0 0 1 0 0 0 1 0 0 0 0 0 1 0 0 0 1 0 0 1 0 0 0 0 0 0 0 0 0 1 0 0 0 0 0 1 0 0 0 0 0 0 0 0 0
geno chr9.119587 gbr  0 0 0 1 0 0 0 0 0 1 0 0 0 0 0 0 0 0 0 0 0 0 0 0 0 0 0 0 0 0 1 0 0 0 0 0 0 0 0 0 0 0 0 0 0 0 1 0 0 0 1 0 1 0 0 0 0 0 0 0 0 1 1 1 1 0 0 1 0 0 1 0 0 0 0 0 0 0 0 0 0 0 0 0
geno chr9.119587 tsi  0 0 0 0 0 0 0 0 1 0 0 0 1 0 0 0 0 0 0 0 0 0 0 0 0 0 0 0 0 0 0 1 0 1 0 0 1 1 0 0 0 0 0 0 1 0 1 0 0 0 0 0 0 0 0 0 0 0 0 0 0 0 0 0 0 0 0 0 0 0 0 0 0 0 0 0 0 0 1 0 1 1 0 0 0 0 0 1 0 0 0 1
geno chr9.119587 yri  0 0 1 0 0 0 0 0 0 0 0 0 0 0 0 0 0 0 1 1 0 0 0 0 1 0 0 0 0 0 0 1 0 0 0 0 0 0 0 0 0 0 0 0 0 0 0 0 0 0 1 0 1 0 0 1 0 0 0 0 0 0 1 0 1 0 1 0 1 0 0 0 0 0 0 0 0
geno chr9.119682 ceu  1 0 0 0 0 1 0 0 0 0 0 0 0 1 0 0 0 1 0 0 0 0 1 0 0 0 0 0 0 0 0 0 0 0 0 0 0 0 0 0 0 0 0 0 0 0 0 0 1 0 0 0 0 0 0 0 1 0 0 0 0 0 0 0 0 1 0 0 0 0 0 0 0 0 0 0 0 0
geno chr9.119682 fin  1 0 0 0 0 0 0 0 0 0 0 1 0 1 0 0 0 0 0 0 2 1 0 0 0 0 0 0 1 0 1 0 0 0 0 0 0 0 0 1 1 0 1 0 1 0 0 0 0 0 1 0 0 0 0 0 0 0 0 1 0 0 0 0 0 0 0 0 0 0 0 0 0 0 0 0 0 0 0 0 1 0 0 0 0 0 0 0 0
geno chr9.119682 gbr  0 0 0 0 0 0 0 0 0 0 0 0 0 1 0 0 0 0 0 0 1 0 0 0 0 0 0 0 0 0 0 0 0 0 0 2 0 0 0 0 0 2 0 0 1 0 0 0 0 0 0 0 1 0 0 0 0 0 0 0 0 0 0 0 0 0 0 0 0 0 0 0 0 0 0 1 0 0 0 0 0 0 0 1
geno chr9.119682 tsi  0 0 0 0 0 0 0 0 0 0 0 0 0 0 0 0 0 0 0 0 0 0 0 0 0 0 0 0 0 0 0 0 0 0 0 0 0 0 0 0 2 0 0 1 0 0 0 0 0 0 0 0 0 0 0 0 0 0 0 0 0 0 0 0 0 0 0 0 0 0 0 0 0 0 0 0 0 0 0 0 0 0 0 0 0 0 0 0 0 0 0 0
geno chr9.119682 yri  0 0 0 0 0 0 1 0 0 0 0 0 0 0 0 0 0 0 0 0 0 0 1 0 0 0 1 1 0 0 0 0 0 0 0 0 1 0 0 0 0 0 0 0 0 0 0 0 0 0 0 0 0 0 0 1 0 0 0 0 0 1 0 0 0 0 0 0 0 0 0 0 0 0 1 0 0
geno chr9.119726 ceu  2 0 2 2 2 1 2 0 2 0 2 2 1 2 2 2 1 2 1 0 1 2 1 2 1 0 2 2 1 0 1 1 1 0 1 0 1 1 2 0 0 1 0 1 1 1 1 1 2 0 2 1 0 2 2 2 0 2 1 1 2 0 0 2 2 2 1 2 2 2 1 1 1 2 1 1 2 1
geno chr9.119726 fin  1 1 2 2 2 1 2 1 1 2 2 1 2 2 1 1 2 2 2 2 2 0 1 2 2 1 2 1 2 1 2 1 2 2 2 2 2 0 2 2 2 2 2 1 2 1 2 2 2 2 2 2 2 2 2 0 2 2 0 2 1 1 2 1 2 1 2 1 2 0 2 2 2 1 2 0 2 1 2 0 2 2 1 0 2 2 2 2 2
geno chr9.119726 gbr  1 2 1 0 2 2 0 0 1 1 0 1 0 1 2 2 0 2 2 2 1 2 2 2 1 2 2 2 1 2 2 2 2 0 2 2 2 2 0 2 0 2 0 2 1 0 1 0 1 2 1 0 0 2 0 2 1 1 2 0 2 1 2 1 2 1 1 1 1 2 2 0 0 2 2 2 2 2 1 0 2 2 2 1
geno chr9.119726 tsi  1 2 1 2 1 1 2 2 2 2 2 0 1 1 0 2 1 1 1 2 1 2 2 1 0 1 1 2 1 1 1 1 1 1 1 1 1 2 1 2 1 0 0 1 1 2 2 2 1 0 2 2 2 0 2 1 2 0 2 2 2 2 0 0 2 1 1 0 0 0 2 1 2 2 2 2 1 2 1 2 2 0 0 1 1 1 0 1 1 1 2 1
geno chr9.119726 yri  2 0 1 2 0 0 1 0 0 0 2 1 2 1 1 2 1 1 0 2 1 0 1 0 2 0 1 1 1 0 2 0 1 1 2 2 1 1 0 0 1 1 1 1 0 0 0 1 0 1 1 2 1 2 1 2 1 1 1 2 0 2 0 2 0 1 2 0 2 1 0 1 0 1 2 1 1
geno chr9.120650 ceu  1 0 1 0 0 1 0 0 0 0 1 1 0 1 0 0 0 1 0 0 0 1 0 0 1 1 1 0 0 1 0 1 1 0 0 1 0 0 0 1 0 0 0 0 1 0 1 0 1 0 0 1 0 0 0 0 1 0 1 0 0 1 1 0 0 0 0 0 0 0 0 0 0 1 1 0 1 0
geno chr9.120650 fin  1 0 1 0 1 0 1 1 0 1 0 1 1 0 1 1 0 0 0 0 1 2 0 1 0 0 1 1 2 0 2 0 0 0 0 0 1 0 1 0 2 0 1 0 1 0 1 1 0 0 1 1 0 0 0 1 0 0 0 1 1 1 0 1 1 1 0 0 1 0 1 0 0 0 1 1 0 0 1 0 1 0 1 0 1 1 0 1 0
geno chr9.120650 gbr  1 1 0 1 1 0 0 0 0 0 0 1 0 1 1 0 0 0 1 0 0 0 0 1 0 1 1 0 0 1 1 0 1 0 0 2 0 0 0 0 0 2 0 0 1 0 0 0 0 0 1 1 0 0 0 0 0 0 1 0 2 0 0 0 0 0 1 0 1 0 0 1 0 1 0 1 0 1 0 0 0 0 1 2
geno chr9.120650 tsi  0 1 0 0 0 1 0 0 0 1 0 1 0 1 0 0 1 1 0 2 0 0 0 1 0 1 0 0 1 2 1 1 1 0 0 0 0 1 0 0 2 1 0 1 0 0 0 0 0 0 0 1 0 1 1 0 1 0 0 0 0 2 0 2 0 1 1 0 0 0 1 1 1 0 0 1 0 0 0 0 0 1 1 1 1 1 0 1 1 1 0 0
geno chr9.120650 yri  0 0 1 1 1 0 0 0 0 1 1 0 2 1 0 2 0 2 0 0 0 0 0 1 1 0 0 0 0 0 2 1 0 0 0 0 0 0 0 0 0 0 2 1 0 0 1 0 0 1 1 0 1 1 0 1 1 2 1 0 1 0 0 0 1 1 0 0 0 0 1 0 1 1 1 1 2
geno chr9.120676 ceu  2 1 2 2 2 2 2 1 2 0 2 2 2 2 2 2 2 2 2 1 2 2 2 2 2 1 2 2 1 1 2 2 1 0 1 1 1 1 2 1 0 1 0 1 1 1 2 2 2 0 2 1 0 2 2 2 2 2 1 2 2 1 1 2 2 2 1 2 2 2 1 1 1 2 1 2 2 2
geno chr9.120676 fin  1 2 2 2 2 1 2 1 2 2 2 2 2 2 2 1 2 2 2 2 2 1 1 2 2 1 2 1 2 2 2 1 2 2 2 2 2 1 2 2 2 2 2 2 2 1 2 2 2 2 2 2 2 2 2 2 2 2 1 2 2 2 2 1 2 1 2 1 1 1 2 2 2 1 2 1 2 1 2 1 2 2 2 0 2 2 2 2 2
geno chr9.120676 gbr  2 2 2 1 2 2 0 0 1 1 1 2 1 2 2 2 0 2 2 2 1 2 2 2 1 2 2 2 2 2 2 2 2 1 2 2 2 2 1 2 0 2 1 2 1 1 1 1 2 2 2 1 0 2 0 2 2 1 2 1 2 2 2 2 2 1 2 1 1 2 2 1 0 2 2 2 2 2 1 0 2 2 2 2
geno chr9.120676 tsi  1 2 1 2 1 2 2 2 2 2 2 1 1 2 0 2 2 1 1 1 1 2 2 1 1 2 1 2 2 2 1 2 2 1 1 1 1 2 2 2 2 1 1 1 1 2 2 2 1 0 2 2 2 1 2 2 2 1 2 2 2 2 1 2 2 1 2 0 1 0 2 1 2 2 2 2 1 2 2 2 2 1 1 2 2 2 1 2 2 2 2 2
geno chr9.120676 yri  2 1 1 2 1 1 1 0 1 1 1 2 2 2 2 2 2 2 1 2 1 0 2 0 2 1 1 1 1 1 2 1 1 2 2 2 2 2 1 1 1 1 2 2 0 1 0 1 0 1 2 2 2 2 1 1 2 2 1 2 0 2 2 1 2 2 0 1 2 1 2 2 1 1 2 2 2
geno chr9.120722 ceu  0 0 0 0 0 0 0 0 0 0 0 0 0 0 0 0 0 0 0 0 0 0 0 0 0 0 0 0 0 0 0 0 0 0 0 0 0 0 0 0 0 0 0 0 0 0 0 0 0 0 0 0 0 0 0 0 0 0 0 0 0 0 0 0 0 0 0 0 0 0 0 0 0 0 0 0 0 0
geno chr9.120722 fin  0 0 0 0 0 0 0 0 0 0 0 0 0 0 0 0 0 0 0 0 0 0 0 0 0 0 0 0 0 0 0 0 0 0 0 0 0 0 0 0 0 0 0 0 0 0 0 0 0 0 0 1 0 0 0 0 0 0 0 0 0 0 0 0 0 0 1 0 1 0 0 1 1 0 0 0 0 0 0 0 0 0 0 0 1 1 1 0 1
geno chr9.120722 gbr  1 0 0 1 1 0 0 0 0 1 1 0 0 0 0 0 0 0 0 1 0 0 0 0 0 0 0 0 0 0 0 1 1 0 0 0 0 0 0 0 0 0 0 0 0 0 0 0 0 0 0 0 0 0 0 0 1 0 1 0 1 0 0 0 0 0 0 0 0 0 0 0 1 0 0 0 0 0 0 0 0 0 0 0
geno chr9.120722 tsi  0 0 0 0 0 0 0 0 0 0 0 0 0 0 0 0 0 0 0 0 0 0 0 0 0 0 0 0 0 0 0 0 0 0 0 0 0 0 0 0 0 0 0 0 0 0 0 0 0 0 0 0 0 0 0 0 0 0 0 0 0 0 0 0 0 0 0 0 0 0 0 0 0 0 0 0 0 0 0 0 0 0 0 0 0 0 0 0 0 0 0 0
geno chr9.120722 yri  0 0 0 0 0 0 0 0 0 0 0 0 0 0 0 0 0 0 0 0 0 0 0 0 0 0 0 0 0 0 0 1 0 0 0 0 0 1 0 0 0 1 0 1 0 0 0 0 0 0 0 1 1 0 0 0 0 1 0 0 0 0 0 0 0 0 0 0 1 0 0 0 0 0 0 0 0
geno chr9.122459 ceu  2 0 1 2 1 1 1 1 2 0 1 0 0 1 1 2 1 1 1 1 1 2 1 1 1 1 2 0 1 1 0 1 1 0 1 1 1 1 2 1 0 1 0 1 1 1 1 1 1 1 1 1 0 1 1 1 1 1 1 1 1 1 1 1 1 0 1 2 1 1 1 0 1 1 1 0 2 1
geno chr9.122459 fin  1 0 2 1 1 1 2 1 1 2 2 1 2 1 1 1 1 2 1 1 1 2 1 2 1 1 2 1 1 1 2 0 1 2 0 1 1 0 2 0 2 1 1 1 1 1 1 2 1 1 1 2 2 2 2 1 0 1 0 2 1 1 1 1 2 1 1 1 2 0 1 0 1 1 1 1 1 1 2 1 1 1 2 0 1 1 2 2 1
geno chr9.122459 gbr  1 1 1 1 1 2 0 0 1 1 1 2 0 1 2 1 0 2 2 1 0 1 2 2 1 1 1 1 0 2 1 0 2 0 1 2 1 0 0 1 0 2 0 0 1 0 1 0 1 2 1 1 0 1 0 1 1 0 1 0 2 1 0 1 1 1 1 0 1 2 1 1 0 1 1 1 0 2 1 0 1 2 2 2
geno chr9.122459 tsi  1 2 1 2 1 2 1 1 1 2 1 1 1 1 0 2 1 1 1 2 0 1 1 1 0 2 1 1 2 2 1 1 2 1 1 1 1 1 0 1 2 1 0 1 1 1 1 1 1 0 1 2 2 1 1 1 2 0 1 1 1 2 0 2 1 1 2 0 0 0 2 1 1 0 2 1 1 1 0 2 0 1 1 1 2 1 1 1 2 2 1 0
geno chr9.122459 yri  1 0 1 1 1 1 1 0 0 0 1 0 2 1 0 2 0 2 0 0 0 0 1 1 1 0 1 0 0 1 1 1 1 0 1 1 0 2 1 0 0 0 2 1 0 0 1 0 0 1 1 0 1 1 0 1 1 2 1 0 1 2 0 1 1 1 1 1 0 0 1 1 1 1 2 1 2
geno chr9.122506 ceu  0 0 1 0 1 1 1 0 0 0 0 1 2 1 0 0 1 1 1 0 0 0 1 0 1 0 0 2 0 0 2 0 0 0 0 0 0 0 0 0 0 0 0 0 0 0 0 1 1 0 1 0 0 1 1 0 1 0 0 1 1 0 0 1 1 2 0 0 1 1 0 1 0 1 0 2 0 1
geno chr9.122506 fin  1 2 0 1 0 0 0 0 1 0 0 1 0 1 0 0 1 0 1 1 0 0 0 0 0 0 0 0 0 1 0 1 1 0 2 0 1 1 0 2 0 1 0 1 1 0 0 0 1 1 0 0 0 0 0 1 2 0 1 0 1 1 1 0 0 0 1 0 0 1 0 1 0 0 0 0 1 0 0 0 1 0 0 0 1 1 0 0 1
geno chr9.122506 gbr  1 0 1 0 1 0 0 0 0 0 0 0 0 1 0 1 0 0 0 1 1 1 0 0 0 1 1 0 1 0 0 1 0 1 1 0 1 2 1 1 0 0 1 1 0 1 0 1 1 0 1 0 0 1 0 1 1 1 1 1 0 1 2 1 1 0 1 1 0 0 1 0 0 1 1 1 2 0 0 1 1 0 0 0
geno chr9.122506 tsi  0 0 0 0 0 0 1 0 0 0 1 0 0 1 0 0 1 0 0 0 1 0 1 0 1 0 0 1 0 0 0 0 0 0 0 0 0 1 2 1 0 0 1 0 0 1 1 1 0 0 1 0 0 0 0 1 0 0 1 1 1 0 1 0 1 0 0 0 1 0 0 0 1 2 0 1 0 1 2 0 2 0 0 1 0 1 0 0 0 0 0 2
geno chr9.122506 yri  1 1 0 1 0 0 0 0 1 0 0 2 0 1 1 0 2 0 1 1 0 1 1 0 1 1 0 1 1 0 0 0 0 1 0 0 2 0 0 0 2 0 0 1 1 1 0 0 0 0 0 1 0 1 0 0 1 0 0 2 0 0 1 1 1 0 0 0 1 1 1 1 0 0 0 0 0
geno chr9.125096 ceu  2 0 1 2 1 1 1 1 2 1 1 1 0 1 1 2 1 1 1 0 1 2 1 1 1 1 2 0 1 1 0 1 1 0 1 1 1 1 2 1 0 1 0 1 1 1 1 1 1 1 1 1 0 1 1 1 1 1 1 1 1 1 1 1 1 0 1 2 1 1 1 0 0 1 1 0 2 1
geno chr9.125096 fin  1 0 2 1 1 1 2 1 1 2 2 1 2 1 1 1 1 2 1 1 1 2 1 2 1 1 2 1 1 1 2 0 1 2 0 1 1 0 2 0 2 1 1 1 1 1 1 2 1 1 1 2 2 2 2 1 0 1 0 2 1 1 1 1 2 1 1 1 2 0 1 0 2 1 1 1 1 1 2 1 1 1 2 0 1 1 1 2 1
geno chr9.125096 gbr  1 1 1 1 1 2 0 0 1 1 1 2 0 1 2 1 0 2 2 1 0 1 2 2 1 1 1 1 0 1 1 0 2 0 1 2 1 0 0 1 0 2 0 1 1 0 1 0 1 2 1 1 0 1 0 1 1 0 1 0 2 1 0 1 1 1 1 0 1 2 1 1 0 1 1 1 0 2 1 0 1 2 2 2
geno chr9.125096 tsi  1 2 1 2 1 2 1 1 1 1 1 1 1 1 0 2 1 1 1 2 0 1 1 1 0 2 1 1 2 2 1 2 1 1 1 1 1 1 0 1 2 1 0 1 1 1 1 1 1 0 1 2 2 1 1 1 2 0 1 1 1 2 0 2 1 1 2 0 0 0 2 1 1 0 2 1 1 1 0 2 0 1 1 1 2 1 1 1 2 2 1 0
geno chr9.125096 yri  1 0 1 1 1 1 1 0 1 1 1 0 2 1 0 2 0 2 0 0 0 0 1 1 1 0 0 0 0 1 1 1 2 0 1 1 0 2 1 0 0 0 2 1 0 0 2 0 0 1 1 0 1 1 0 1 1 2 1 0 1 2 0 1 1 1 1 1 0 0 1 1 1 1 2 1 2
geno chr9.125821 ceu  0 0 0 0 0 0 0 0 0 0 0 1 0 0 0 0 0 0 0 0 1 0 0 0 0 0 0 0 0 0 0 0 0 0 0 0 0 0 1 0 0 0 0 0 0 0 0 0 0 0 0 0 0 0 0 0 0 0 0 0 0 0 0 0 0 0 0 0 0 0 0 1 0 0 0 0 0 0
geno chr9.125821 fin  0 0 0 1 0 0 0 0 0 0 0 0 0 0 0 0 0 0 0 0 0 0 0 0 0 0 0 0 0 0 0 0 0 0 0 0 0 0 0 0 0 0 0 0 0 0 0 0 1 2 0 0 0 0 0 1 0 0 0 0 0 0 0 0 0 0 1 0 0 0 1 0 0 0 0 0 0 0 0 0 0 0 0 0 0 0 0 0 0
geno chr9.125821 gbr  0 1 1 0 0 0 0 0 0 0 0 0 0 0 0 0 0 0 0 0 0 0 0 0 0 0 0 1 0 0 0 0 0 0 0 0 0 0 0 0 0 0 0 0 0 0 0 0 0 0 0 0 0 0 0 1 0 0 0 0 0 0 0 0 0 0 0 0 0 0 0 0 0 0 0 0 1 0 0 0 0 0 0 0
geno chr9.125821 tsi  0 0 0 0 0 0 0 0 0 0 0 0 0 0 0 0 0 0 0 0 0 0 0 0 0 0 0 0 0 1 0 0 0 0 0 0 0 0 0 0 0 0 1 0 0 0 0 1 0 0 1 0 0 0 0 0 0 0 0 0 1 0 0 0 0 0 0 0 0 0 0 0 0 0 0 0 0 0 0 0 1 0 0 0 0 0 0 0 0 0 0 0
geno chr9.125821 yri  0 1 0 0 1 0 0 0 1 0 0 0 0 0 0 1 0 1 0 0 0 0 0 0 0 0 0 0 0 0 0 0 0 0 0 0 2 0 0 0 0 0 0 0 0 0 1 0 0 0 0 1 0 0 0 1 0 0 0 0 0 0 0 0 0 0 0 0 1 0 0 0 0 0 1 0 0
geno chr9.125895 ceu  1 0 1 1 1 1 2 0 0 0 0 2 2 1 0 0 1 1 1 0 1 0 1 0 1 0 0 2 0 0 2 0 0 0 0 0 0 0 1 0 0 0 0 0 0 0 0 2 1 0 2 0 0 2 1 0 1 1 0 1 1 0 0 2 1 2 0 0 2 1 0 1 0 1 0 2 0 1
geno chr9.125895 fin  1 2 0 2 1 0 0 0 1 0 0 2 0 1 0 0 1 0 2 1 0 0 0 0 0 0 0 0 0 2 1 1 1 0 2 0 1 1 0 2 0 2 1 1 1 0 0 1 2 2 0 0 0 0 0 1 2 0 1 0 2 1 1 0 0 0 1 0 1 1 1 2 0 0 0 0 1 0 0 0 2 0 0 0 1 1 0 0 1
geno chr9.125895 gbr  1 2 2 0 1 0 0 0 0 0 0 0 0 1 0 2 0 0 1 1 1 2 0 0 0 1 2 0 2 0 0 2 0 1 1 0 2 2 1 1 0 0 1 1 0 1 0 1 1 0 1 0 0 1 0 2 2 1 1 1 0 2 2 2 2 0 2 0 0 0 2 0 0 1 2 2 2 0 0 1 2 1 1 0
geno chr9.125895 tsi  0 0 0 0 0 1 2 1 0 0 2 0 0 1 0 2 1 0 0 0 1 0 2 0 1 0 0 1 1 0 0 0 0 0 0 0 0 2 2 1 0 0 1 0 0 2 2 2 0 0 2 1 0 0 1 1 0 0 2 2 2 0 1 0 2 0 0 0 1 0 0 0 1 2 0 1 0 1 2 2 2 0 0 2 0 1 0 0 1 0 2 2
geno chr9.125895 yri  1 1 0 1 0 0 2 0 1 0 0 2 0 1 1 0 2 0 1 1 0 1 2 0 1 1 0 2 0 0 0 0 0 1 0 0 2 0 0 0 2 0 0 1 1 1 0 0 0 0 0 2 0 1 0 0 1 0 0 2 0 0 1 1 1 0 0 0 1 1 1 1 0 0 0 0 0
geno chr9.126687 ceu  0 0 0 0 1 0 1 0 0 0 0 0 1 0 0 0 0 1 0 0 0 0 0 0 1 0 0 2 0 0 2 0 0 0 0 0 0 0 0 0 0 0 0 0 0 0 0 1 0 0 0 0 0 1 0 0 0 0 0 0 1 0 0 0 1 1 0 0 1 1 0 1 0 1 0 2 0 0
geno chr9.126687 fin  0 2 0 1 0 0 0 0 0 0 0 1 0 1 0 0 0 0 0 0 0 0 0 0 0 0 0 0 0 0 0 1 0 0 1 0 0 0 0 2 0 1 0 0 0 0 0 0 0 0 0 0 0 0 0 1 1 0 1 0 0 0 0 0 0 0 0 0 0 1 1 1 0 0 0 0 1 0 0 0 0 0 0 0 0 1 0 0 0
geno chr9.126687 gbr  0 0 0 0 1 0 0 0 0 0 0 0 0 1 0 0 0 0 0 1 0 0 0 0 0 1 0 0 1 0 0 0 0 1 0 0 0 2 1 1 0 0 1 1 0 1 0 1 1 0 0 0 0 1 0 1 0 1 1 0 0 1 2 0 0 0 0 0 0 0 0 0 0 0 0 1 2 0 0 1 1 0 0 0
geno chr9.126687 tsi  0 0 0 0 0 0 1 0 0 0 1 0 0 1 0 0 0 0 0 0 1 0 1 0 1 0 0 0 0 0 0 0 0 0 0 0 0 0 0 1 0 0 1 0 0 0 1 0 0 0 0 0 0 0 0 0 0 0 1 0 1 0 1 0 1 0 0 0 1 0 0 0 1 2 0 1 0 0 1 0 0 0 0 0 0 1 0 0 0 0 0 2
geno chr9.126687 yri  1 1 0 1 0 0 0 0 1 0 0 2 0 1 0 0 2 0 1 1 0 0 1 0 1 1 0 1 1 0 0 0 0 1 0 0 2 0 0 0 0 0 0 0 0 1 0 0 0 0 0 2 0 0 0 0 1 0 0 2 0 0 0 1 1 0 0 0 1 1 1 1 0 0 0 0 0
geno chr9.126688 ceu  0 0 1 0 1 1 1 0 0 0 0 1 2 1 0 0 1 1 0 0 0 0 1 0 1 0 0 2 0 0 2 0 0 0 0 0 0 0 1 0 0 0 0 0 0 0 0 1 1 0 1 0 0 1 1 0 1 0 0 1 1 0 0 1 1 2 0 0 1 1 0 1 0 1 0 2 0 1
geno chr9.126688 fin  0 2 0 1 0 0 0 0 1 0 0 1 0 1 0 0 0 0 1 1 0 0 0 0 0 0 0 0 0 1 0 1 1 0 1 0 1 1 0 2 0 1 0 1 1 0 0 0 1 1 0 0 0 0 0 1 2 0 1 0 1 0 0 0 0 0 1 0 0 0 1 1 0 0 0 0 1 0 0 0 1 0 0 0 0 1 0 0 1
geno chr9.126688 gbr  1 1 1 0 1 0 0 0 0 0 0 0 0 1 0 1 0 0 0 1 1 1 0 0 0 1 1 0 1 0 0 1 0 1 0 0 1 2 1 1 0 0 1 1 0 1 0 1 1 0 1 0 0 1 0 1 1 1 1 1 0 1 2 1 1 0 1 0 0 0 1 0 0 1 1 1 2 0 0 1 1 0 0 0
geno chr9.126688 tsi  0 0 0 0 0 0 1 0 0 0 1 0 0 1 0 0 1 0 0 0 1 0 1 0 1 0 0 1 0 0 0 0 0 0 0 0 0 1 2 1 0 0 1 0 0 1 1 1 0 0 1 0 0 0 1 1 0 0 1 1 1 0 1 0 1 0 0 0 1 0 0 0 1 2 0 1 0 0 2 0 2 0 0 1 0 1 0 0 0 0 1 2
geno chr9.126688 yri  1 1 0 1 0 1 0 0 1 0 0 2 0 1 1 0 2 0 1 1 0 1 1 0 1 1 0 1 1 0 0 0 0 1 0 0 2 0 0 0 1 0 0 0 1 1 0 0 0 0 0 2 0 1 0 0 1 0 0 2 1 0 1 1 1 0 0 0 1 1 1 1 0 0 0 0 0
geno chr9.126717 ceu  0 0 0 0 0 0 0 0 0 0 0 0 0 0 0 0 0 0 0 0 0 0 0 0 0 0 0 0 0 0 0 0 0 0 0 1 0 0 0 0 0 0 0 0 0 0 1 0 0 0 0 0 0 0 0 0 0 0 0 0 0 1 1 0 0 0 0 0 0 0 0 0 0 0 0 0 0 0
geno chr9.126717 fin  0 0 1 0 0 0 0 0 0 0 0 0 0 0 0 0 0 0 0 0 0 0 0 0 0 0 0 0 0 0 0 0 0 0 0 0 0 0 0 0 0 0 0 0 0 0 0 0 0 0 0 0 0 0 0 1 0 0 0 0 0 0 0 0 0 0 0 0 2 0 0 0 0 0 0 1 0 0 0 0 0 0 1 0 0 0 0 0 0
geno chr9.126717 gbr  1 0 0 0 0 0 0 0 0 0 0 1 0 0 0 0 0 0 0 0 0 0 0 0 0 0 0 0 0 0 0 0 0 0 0 0 0 0 0 0 0 0 0 0 0 0 0 0 0 0 0 1 0 0 0 0 1 0 0 0 1 0 0 0 0 0 0 0 0 0 0 0 0 0 0 0 0 0 0 0 0 0 0 1
geno chr9.126717 tsi  0 0 0 0 0 0 0 0 0 0 0 1 0 1 0 0 0 1 0 1 0 0 0 0 0 0 0 0 0 1 0 1 0 0 0 0 0 0 0 0 1 1 0 0 0 0 0 0 0 0 0 0 0 1 0 0 0 0 0 0 0 0 0 0 0 0 0 0 0 0 0 0 0 0 0 0 0 0 0 0 0 1 0 0 0 1 0 0 0 1 0 0
geno chr9.126717 yri  0 0 0 0 0 0 0 0 0 0 0 0 0 0 0 0 0 0 0 0 0 0 0 0 0 0 0 0 0 0 0 0 0 0 0 0 0 0 0 0 0 0 0 0 0 0 0 0 0 0 0 0 0 0 0 0 0 0 0 0 0 0 0 0 0 0 0 0 0 0 0 0 0 0 0 0 0
geno chr9.126903 ceu  0 0 0 0 0 0 0 0 0 0 0 0 0 0 0 0 0 0 0 0 0 0 0 0 0 0 0 0 0 0 0 0 0 0 0 1 0 0 0 0 0 0 0 0 0 0 1 0 0 0 0 0 0 0 0 0 0 0 0 0 0 1 1 0 0 0 0 0 0 0 0 0 0 0 0 0 0 0
geno chr9.126903 fin  0 0 1 0 0 0 0 0 0 0 0 0 0 0 0 0 0 0 0 0 0 0 0 0 0 0 0 0 0 0 0 0 0 0 0 0 0 0 0 0 0 0 0 0 0 0 0 0 0 0 0 0 0 0 0 1 0 0 0 0 0 0 0 0 0 0 0 0 2 0 0 0 0 0 0 0 0 0 0 0 0 0 1 0 0 0 0 0 0
geno chr9.126903 gbr  1 0 0 0 0 0 0 0 0 0 0 1 0 0 0 0 0 0 0 0 0 0 0 0 0 0 0 0 0 0 0 0 0 0 0 0 0 0 0 0 0 0 0 0 0 0 0 0 0 0 0 1 0 0 0 0 1 0 0 0 1 0 0 0 0 0 0 0 0 0 0 0 0 0 0 0 0 0 0 0 0 0 0 1
geno chr9.126903 tsi  0 0 0 0 0 0 0 0 0 0 0 1 0 1 0 0 0 1 0 1 0 0 0 0 0 0 0 0 0 1 0 1 0 0 0 0 0 0 0 0 1 1 0 0 0 0 0 0 0 0 0 0 0 1 0 0 0 0 0 0 0 0 0 0 0 0 0 0 0 0 0 0 0 0 0 0 0 0 0 0 0 1 0 0 0 1 0 0 0 1 0 0
geno chr9.126903 yri  0 0 0 0 0 0 0 0 0 0 0 0 0 0 0 0 0 0 0 0 0 0 0 0 0 0 0 0 0 0 0 0 0 0 0 0 0 0 0 0 0 0 0 0 0 0 0 0 0 0 0 0 0 0 0 0 0 0 0 0 0 0 0 0 0 0 0 0 0 0 0 0 0 0 0 0 0
geno chr9.129675 ceu  1 0 1 0 0 1 0 0 0 0 1 1 0 1 0 0 0 1 1 0 0 1 0 0 1 1 1 0 0 1 0 1 1 0 0 0 0 0 0 1 0 0 0 0 1 0 0 0 1 1 0 1 0 0 0 0 1 0 1 0 0 0 1 0 0 0 0 0 0 0 0 0 0 1 0 0 1 0
geno chr9.129675 fin  1 0 0 0 2 0 1 1 0 2 0 1 1 0 0 1 0 0 0 0 2 2 0 1 0 0 1 1 2 0 2 0 0 0 0 0 1 0 1 0 2 0 2 0 1 0 1 1 0 0 1 0 0 0 0 0 0 0 0 0 1 1 0 1 1 1 0 0 0 0 1 0 1 0 1 0 0 0 1 1 1 1 0 0 1 0 0 1 0
geno chr9.129675 gbr  0 1 0 1 0 0 0 0 0 0 0 0 0 0 1 0 0 0 1 0 0 0 0 1 0 1 1 0 0 1 1 0 1 0 0 2 0 0 0 0 0 1 0 0 1 0 0 0 0 0 1 0 0 0 0 0 0 0 1 0 1 0 0 0 0 0 1 0 1 0 0 1 0 1 0 1 0 1 0 0 0 0 1 1
geno chr9.129675 tsi  0 1 0 0 0 1 0 0 0 1 0 0 0 0 0 0 1 0 0 1 0 0 0 1 0 1 0 0 1 1 1 0 1 0 0 0 0 1 0 0 1 0 0 1 0 0 0 0 0 0 0 1 0 0 1 0 1 0 0 0 0 0 0 1 0 1 1 0 0 0 1 1 1 0 0 1 0 0 0 0 0 0 0 0 1 0 0 1 1 0 0 0
geno chr9.129675 yri  0 0 1 1 0 0 0 0 0 0 0 0 2 0 0 2 0 1 0 0 0 0 0 1 1 0 0 0 0 0 0 0 0 0 0 0 0 0 0 0 0 0 2 0 0 0 1 0 0 0 0 0 0 1 0 0 0 1 1 0 1 0 0 0 0 0 0 0 0 0 0 0 1 1 1 0 1
geno chr9.129727 ceu  0 0 1 0 1 1 1 0 0 0 0 1 2 1 0 0 1 1 0 0 0 0 1 0 1 0 0 2 0 0 2 0 0 0 0 0 0 0 0 0 0 0 0 0 0 0 0 1 1 0 1 0 0 1 1 0 1 0 0 1 1 0 0 1 1 2 0 0 1 1 0 1 0 1 0 2 0 1
geno chr9.129727 fin  0 2 0 1 0 0 0 0 1 0 0 1 0 1 0 0 0 0 1 0 0 0 0 0 0 0 0 0 0 1 0 1 1 0 1 0 1 1 0 2 0 1 0 1 1 0 0 0 1 1 0 0 0 0 0 1 2 0 1 0 1 0 0 0 0 0 1 0 0 1 1 1 0 0 0 0 1 0 0 0 1 0 0 0 0 1 0 0 1
geno chr9.129727 gbr  1 1 1 0 1 0 0 0 0 0 0 0 0 2 0 1 0 0 0 1 1 1 0 0 0 1 1 0 1 0 0 2 0 1 0 0 1 2 1 1 0 0 1 1 0 1 0 1 1 1 1 0 0 1 0 1 1 1 1 1 0 1 2 1 1 0 1 1 0 0 1 0 0 1 1 1 2 0 0 1 1 0 0 0
geno chr9.129727 tsi  0 0 0 0 0 0 1 0 0 0 1 0 0 1 0 0 1 0 0 0 1 0 1 0 1 0 0 1 0 0 0 0 0 0 0 0 0 1 2 1 0 0 1 0 0 1 1 1 0 0 1 0 0 0 1 1 0 0 1 1 1 0 1 0 1 0 0 0 1 0 0 0 1 2 0 0 0 0 2 0 2 0 0 0 0 1 0 0 0 0 1 2
geno chr9.129727 yri  1 1 1 1 1 0 0 1 1 0 1 2 0 1 2 0 2 0 2 2 2 2 1 1 1 1 1 1 1 0 0 0 0 2 1 1 2 0 1 1 2 2 0 1 1 1 0 1 0 0 1 2 1 0 1 0 1 0 0 2 1 0 1 1 1 1 0 0 2 1 1 1 1 0 0 1 0
geno chr9.129732 ceu  0 0 1 0 1 1 1 0 0 0 0 1 2 1 0 0 1 1 0 0 0 0 1 0 1 0 0 2 0 0 2 0 0 0 0 0 0 0 0 0 0 0 0 0 0 0 0 1 1 0 1 0 0 1 1 0 1 0 0 1 1 0 0 1 1 2 0 0 1 1 0 1 0 1 0 2 0 1
geno chr9.129732 fin  0 2 0 1 0 0 0 0 1 0 0 1 0 1 0 0 0 0 1 0 0 0 0 0 0 0 0 0 0 1 0 1 1 0 1 0 1 1 0 2 0 1 0 1 1 0 0 0 1 1 0 0 0 0 0 1 2 0 1 0 1 0 0 0 0 0 1 0 0 1 1 1 0 0 0 0 1 0 0 0 1 0 0 0 0 1 0 0 1
geno chr9.129732 gbr  1 1 1 0 1 0 0 0 0 0 0 0 0 2 0 1 0 0 0 1 1 1 0 0 0 1 1 0 1 0 0 2 0 1 0 0 1 2 1 1 0 0 1 1 0 1 0 1 1 1 1 0 0 1 0 1 1 1 1 1 0 1 2 1 1 0 1 1 0 0 1 0 0 1 1 1 2 0 0 1 1 0 0 0
geno chr9.129732 tsi  0 0 0 0 0 0 1 0 0 0 1 0 0 1 0 0 1 0 0 0 1 0 1 0 1 0 0 1 0 0 0 0 0 0 0 0 0 1 2 1 0 0 1 0 0 1 1 1 0 0 1 0 0 0 1 1 0 0 1 1 1 0 1 0 1 0 0 0 1 0 0 0 1 2 0 0 0 0 2 0 2 0 0 0 0 1 0 0 0 0 1 2
geno chr9.129732 yri  1 1 1 1 1 0 0 1 1 0 1 2 0 1 2 0 2 0 2 2 2 2 1 1 1 1 0 1 1 0 0 0 0 2 1 1 2 0 1 1 2 2 0 1 1 1 0 1 0 0 1 2 1 0 1 0 1 0 0 2 1 0 1 1 1 1 0 0 2 1 1 1 1 0 0 1 0
geno chr9.129778 ceu  0 1 0 0 0 0 0 0 0 1 0 0 0 0 0 0 0 0 0 0 0 0 0 0 0 0 0 0 1 0 0 0 1 0 1 1 1 0 0 1 1 1 1 0 1 0 0 0 0 1 0 0 1 0 0 0 0 0 0 0 0 0 0 0 0 0 0 0 0 0 1 1 1 0 1 0 0 0
geno chr9.129778 fin  0 0 0 0 0 2 0 1 0 0 0 0 0 0 0 0 0 0 0 0 0 0 2 0 0 1 0 1 0 0 0 1 0 0 0 0 0 0 0 0 0 0 0 0 0 1 0 0 0 0 0 0 0 0 0 0 0 0 0 0 0 0 0 0 0 0 0 0 0 0 0 0 0 0 0 1 0 1 0 1 0 0 0 1 0 0 0 0 0
geno chr9.129778 gbr  0 0 0 0 0 0 1 0 1 1 0 0 2 0 0 0 1 0 0 0 1 0 0 0 1 0 0 0 0 0 0 0 0 0 0 0 0 0 1 0 2 0 0 0 1 1 0 1 0 0 0 1 2 0 0 0 0 1 0 0 0 0 0 0 0 0 0 0 0 0 1 1 0 0 0 0 0 0 1 0 0 0 0 0
geno chr9.129778 tsi  1 0 0 0 1 0 0 0 0 0 0 1 1 0 1 0 0 1 1 0 0 0 0 0 0 0 1 0 0 0 1 0 0 1 0 0 1 0 0 0 0 1 1 1 0 0 0 0 0 2 0 0 0 0 0 0 0 2 0 0 0 0 1 0 0 1 0 2 1 2 0 1 0 0 0 0 1 0 0 0 0 1 1 0 0 0 1 0 0 0 0 0
geno chr9.129778 yri  0 0 0 0 0 0 0 0 0 0 0 0 0 0 0 0 0 0 0 0 0 0 0 0 0 0 0 0 0 0 0 0 0 0 0 0 0 0 0 0 0 0 0 0 0 0 0 0 0 0 0 0 0 0 0 0 0 0 0 0 0 0 0 0 0 0 0 0 0 0 0 0 0 0 0 0 0
geno chr9.130114 ceu  1 0 1 2 2 1 2 1 2 0 1 1 2 1 2 2 2 1 1 1 2 0 2 2 1 0 1 2 1 0 2 1 0 0 1 0 1 1 2 0 0 1 0 1 0 1 1 2 1 0 2 0 0 2 2 2 2 2 0 2 2 0 0 2 2 2 1 2 2 2 1 0 1 1 1 2 1 1
geno chr9.130114 fin  0 2 1 2 0 0 1 0 2 0 2 1 1 2 2 0 1 2 2 2 0 0 0 1 2 1 1 0 0 2 0 1 2 2 1 2 1 1 1 2 0 2 0 2 1 0 1 1 2 2 0 0 2 2 2 1 2 2 1 2 1 0 1 0 1 0 2 1 0 1 1 1 1 1 1 1 2 1 1 0 1 1 1 0 0 1 1 1 1
geno chr9.130114 gbr  1 1 2 0 1 2 0 0 1 1 0 1 0 1 1 2 0 2 1 1 1 2 2 1 1 1 1 1 1 1 1 1 1 1 1 1 2 2 1 2 0 1 1 2 0 1 1 1 2 2 1 0 0 2 0 2 1 1 1 1 0 2 2 2 1 1 1 1 0 2 1 0 0 1 2 1 2 1 1 1 2 2 1 0
geno chr9.130114 tsi  1 1 1 2 1 1 2 1 2 1 2 0 1 1 0 2 1 0 0 0 1 2 2 0 1 1 1 2 1 0 0 1 1 1 1 1 0 1 2 2 0 0 0 0 1 2 2 2 1 0 2 1 2 0 1 2 1 0 2 2 2 2 1 2 2 0 1 0 1 0 1 0 1 2 2 0 1 1 2 2 2 0 0 2 1 1 1 1 2 2 2 2
geno chr9.130114 yri  2 1 0 1 0 0 0 0 1 0 0 2 0 1 1 0 2 0 1 1 0 1 1 0 1 1 0 1 1 0 0 0 0 1 1 0 2 0 0 0 2 0 0 1 1 1 0 0 0 0 0 1 0 1 0 0 1 0 0 2 0 1 1 1 1 0 0 0 0 1 1 1 0 0 0 0 0
geno chr9.130123 ceu  0 0 0 0 0 0 0 0 0 0 0 0 0 0 0 0 0 0 0 0 0 0 0 0 0 0 0 0 0 0 0 0 0 0 0 1 0 0 0 0 0 0 0 0 0 0 1 0 0 0 0 0 0 0 0 0 0 0 0 0 0 1 1 0 0 0 0 0 0 0 0 0 0 0 0 0 0 0
geno chr9.130123 fin  0 0 1 0 0 0 0 0 0 0 0 0 0 0 0 0 0 0 0 0 0 0 0 0 0 0 0 0 0 0 0 0 0 0 0 0 0 0 0 0 0 0 0 0 0 0 0 0 0 0 0 0 0 0 0 1 0 0 0 0 0 0 0 0 0 0 0 0 1 0 0 0 0 0 0 0 0 0 0 0 0 0 1 0 0 0 0 0 0
geno chr9.130123 gbr  1 0 0 0 0 0 0 0 0 0 0 1 0 0 0 0 0 0 0 0 0 0 0 0 0 0 0 0 0 0 0 0 0 0 0 0 0 0 0 0 0 0 0 0 0 0 0 0 0 0 0 1 0 0 0 0 1 0 0 0 0 0 0 0 0 0 0 0 0 0 0 0 0 0 0 0 0 0 0 0 0 0 0 1
geno chr9.130123 tsi  0 0 0 0 0 1 0 0 0 0 0 1 0 1 0 0 0 1 0 0 0 0 0 0 0 0 0 0 0 0 0 1 0 0 0 0 0 0 0 0 1 1 0 0 0 0 0 0 0 0 0 0 0 1 0 0 0 0 0 0 0 0 0 0 0 0 0 0 0 0 0 0 0 0 0 0 0 0 0 0 0 1 0 0 0 1 0 0 0 0 0 0
geno chr9.130123 yri  0 0 0 0 1 1 0 0 0 0 0 0 0 0 0 0 0 1 0 0 0 0 0 0 0 0 0 0 0 0 1 1 0 0 0 0 0 0 0 0 0 0 0 0 0 0 0 0 0 1 1 0 1 0 0 1 0 1 0 0 0 0 0 0 1 1 0 0 0 0 1 0 0 0 0 0 1
