pheno ENSG00000160193 ceu -0.5055604 1.330782 0.1878025 0.0311153 -1.542109 0.8693654 0.617345 0.9215145 -1.694413 0.7916804 0.5290297 0.6426016 -0.3686298 0.9570501 -0.7488243 -0.4488848 0.489177 -0.4617421 -0.2154809 -0.8668962 -0.4899139 -0.6114532 -0.1155907 -1.645862 -0.815574 -0.2791248 -0.5294805 0.5692375 0.8984904 0.4264081 0.02312708 -1.692125 0.2669773 0.6902787 -1.297234 -1.211373 -0.926227 -2.267312 -0.4022928 -0.1575391 -0.4303613 0.7185185 -1.319629 -1.538136 -0.6327587 -0.3647297 0.2851918 -1.272979 0.4890555 -1.209211 -1.441317 -0.5528931 0.1584644 -0.5138719 0.5886777 -0.838026 -0.09601875 -1.018168 0.4573294 0.9301813 -0.08143954 0.7047172 -0.5987988 -0.7984525 -0.9267638 -0.105155 1.879482 0.6819704 -1.744514 -0.3665467 0.2508427 0.3366839 0.2383434 1.34002 -0.3086649 1.505565 -0.2660549 0.4572236
pheno ENSG00000160193 fin 1.330704 -1.171935 1.033045 0.813853 1.099542 1.284481 -0.5930082 1.358971 -1.311309 1.875884 -0.1899354 0.1698583 2.41439 -2.137982 0.4764793 1.008035 0.8616295 1.647437 1.160033 -0.1882563 0.5641708 0.6673919 2.28325 -0.006144636 -0.5452552 0.527567 -0.3648482 2.011481 1.536937 -0.2456616 -0.971882 1.864243 1.095 2.11342 0.6562637 0.01066077 1.073619 0.8357224 0.7855278 0.02352953 -0.5458885 1.249428 0.07716998 0.4184575 1.167251 1.378099 -0.01357816 1.011377 2.362831 0.1925091 -0.3980692 1.210058 2.514272 2.184886 0.5230149 1.952972 0.1365117 -0.5456347 1.476962 1.829247 0.5245975 -0.6115445 -0.459613 -0.3741856 1.406568 0.7973836 0.8676484 -0.1009081 0.1106736 0.04034041 1.915827 2.409394 0.3789383 2.425922 -0.3763234 0.1378356 3.539037 1.690781 0.8195665 0.6491739 1.194667 2.274264 2.315172 1.230198 1.206291 -1.074603 1.278603 0.4684028 0.3282538
pheno ENSG00000160193 gbr 1.607433 -0.06512981 0.5685793 0.3782287 -0.8224533 1.225502 1.615251 0.134931 1.46009 -0.04739465 -1.060244 -0.03621902 0.631177 1.631053 -0.2991479 0.6428813 0.4270058 -0.05499807 1.150462 1.728209 0.9880526 1.699528 1.927328 0.2622331 1.193275 1.344479 3.338311 0.1285965 -0.2316156 0.7815611 1.742169 -1.356373 0.120021 -0.1782993 0.7403916 1.197215 2.215404 1.976988 0.646705 2.106328 0.4865734 1.189899 1.592211 1.313816 -0.1669736 -0.9989904 0.2820286 2.080181 2.485563 -0.7540227 -0.04739623 0.5452918 1.122055 -0.1484846 2.085539 -0.5678076 2.066198 -0.3361968 1.944518 0.9056819 0.6708822 0.3082 0.8080171 1.156552 1.274433 -0.1597299 -0.5756157 0.2854488 2.745092 2.001954 1.926405 1.103582 2.061309 1.378882 0.5599356 1.644182 1.046824 2.185249 1.97084 2.153627 1.628944 2.019861 -0.2486835 0.9177149
pheno ENSG00000160193 tsi -0.1599563 1.360586 2.518167 2.321595 0.8199619 2.59833 1.955926 -0.04078993 2.580786 2.454575 3.32905 2.104249 2.274929 2.629426 1.27141 1.359788 1.958861 0.6598911 2.221934 2.33918 2.249909 0.726058 0.3987408 1.771467 0.7733982 1.149325 1.184432 0.9209172 2.593873 1.300073 1.229468 3.051548 4.693419 1.728139 1.337396 2.263597 1.803929 1.01822 0.8081906 0.8593141 2.694543 3.46112 1.713819 1.661192 2.147836 2.352378 2.903197 -0.2955663 0.7664401 3.127448 2.016914 2.793403 0.7438934 1.121114 2.373551 0.2354659 3.697389 1.702841 -0.2332764 0.9866693 4.063554 2.46675 1.798182 1.407999 0.5322149 0.8053675 1.567668 2.549278 4.08146 2.354795 2.451241 1.785534 1.431146 0.2827565 3.019636 1.824754 1.765348 2.076517 1.64859 3.091 2.725388 2.902659 0.8029507 0.9312389 3.546235 2.870218 3.051222 1.828694 1.7041 2.095233 3.706019 1.550747
pheno ENSG00000160193 yri 1.697042 2.548876 -0.97887 0.5543352 1.884357 0.660595 -0.6444477 0.48097 1.391475 -0.4227134 0.2853503 0.9311736 1.186307 1.022887 0.3288248 1.10882 -0.3623399 1.148605 0.6940751 0.3057348 2.457623 1.926988 0.8969196 -1.498198 0.700296 0.04633684 -1.017854 0.7696809 -1.07108 -0.6255374 1.821265 1.382054 1.206084 -1.530066 2.480452 2.213524 -0.4302386 1.189917 0.6650758 1.738254 -0.3508437 0.2677445 0.3619102 -0.599398 0.6877227 1.152582 0.6043115 -0.2442804 0.9946213 0.9225138 -1.829212 0.5065678 -0.5701433 -0.1671075 -0.2465223 2.013415 0.1730583 0.02296211 0.5651994 0.03830876 -1.282027 2.114929 1.098024 0.3462291 0.8173152 1.132388 1.164219 -0.5842367 0.3836608 -0.1708283 0.7640747 0.2065197 1.597316 2.00385 -1.050235 1.521157 0.888781
geno chr21.44199686 ceu  2 2 1 1 1 2 1 1 1 1 2 1 1 2 1 1 1 1 0 1 1 1 0 1 0 2 1 0 1 2 1 1 2 2 1 2 0 0 0 1 2 0 1 1 1 2 2 2 1 1 2 0 2 1 0 1 1 2 1 2 2 2 2 2 0 1 2 2 1 1 2 1 2 1 1 2 2 1
geno chr21.44199686 fin  0 1 0 2 1 2 1 1 1 1 1 1 1 1 2 0 2 0 1 2 1 1 1 1 1 1 1 2 2 1 1 2 2 1 2 1 2 2 1 1 0 1 1 1 0 1 1 1 1 2 1 1 2 1 1 1 1 0 2 1 1 1 0 1 1 0 1 1 2 1 0 2 2 1 2 1 0 2 2 1 1 2 2 1 1 2 1 2 1
geno chr21.44199686 gbr  1 1 1 1 1 1 0 2 1 1 2 1 0 2 1 1 0 0 2 0 2 1 2 2 0 1 1 1 1 2 1 1 2 1 1 1 2 1 1 1 1 1 0 2 2 1 0 1 2 1 2 1 1 1 1 2 0 1 1 0 1 2 1 2 2 0 0 2 0 2 1 1 2 0 1 1 1 1 2 1 2 2 1 2
geno chr21.44199686 tsi  1 2 1 0 0 2 2 0 1 0 1 1 1 2 1 0 0 0 2 1 2 2 2 2 1 1 1 0 2 2 1 2 2 1 1 0 1 0 1 2 1 1 0 2 0 1 1 2 2 2 0 2 2 2 2 2 1 1 2 1 2 0 1 1 1 1 1 2 1 2 0 0 1 1 1 1 1 2 2 2 2 0 2 1 1 2 2 1 1 1 1 1
geno chr21.44199686 yri  2 2 2 1 2 2 2 2 1 2 2 2 2 1 2 2 2 2 2 2 2 2 1 2 2 2 2 2 1 2 2 2 2 2 2 1 2 2 2 2 2 2 2 2 2 2 2 2 1 2 2 2 2 2 1 1 1 2 2 1 2 1 2 2 2 2 1 1 2 2 2 2 1 1 2 2 2
geno chr21.44199956 ceu  0 0 0 0 1 0 1 0 1 1 0 0 0 0 1 0 0 0 0 0 0 1 0 0 0 0 1 0 0 1 1 0 0 0 1 1 0 0 0 0 0 0 0 0 0 0 1 2 0 0 0 0 0 1 0 0 0 0 0 0 0 0 0 0 0 0 0 0 1 0 0 0 2 1 0 1 0 1
geno chr21.44199956 fin  0 0 1 1 1 0 0 0 0 1 0 0 0 0 0 0 1 0 0 1 0 1 0 0 0 0 0 1 1 0 0 1 1 1 1 0 1 0 0 0 0 0 1 2 0 0 0 0 0 0 0 0 1 0 0 0 0 0 0 0 0 0 0 0 0 0 0 0 1 0 0 0 0 0 0 0 0 0 0 0 0 0 0 0 0 0 0 0 0
geno chr21.44199956 gbr  0 1 0 0 0 0 0 0 0 1 0 0 0 0 0 0 0 0 0 0 0 0 0 1 0 0 0 0 0 0 1 0 1 1 0 0 0 0 1 0 1 0 0 0 1 0 0 0 0 0 0 0 1 0 1 0 0 0 0 0 0 0 0 0 1 0 0 0 0 1 0 0 1 0 0 0 1 0 0 1 1 0 1 0
geno chr21.44199956 tsi  0 0 1 0 0 0 1 0 0 0 0 0 0 1 0 0 0 0 0 0 0 0 0 1 0 0 0 0 0 0 0 1 0 1 0 0 0 0 0 1 0 1 0 0 0 0 0 1 0 1 0 0 0 0 1 0 0 0 0 0 1 0 0 0 0 0 0 0 0 0 0 0 0 0 0 0 0 0 0 1 0 0 0 0 0 1 0 1 0 0 0 0
geno chr21.44199956 yri  0 0 0 0 1 0 0 0 0 0 0 0 0 0 0 0 0 0 0 0 0 0 0 0 0 0 0 0 0 0 0 0 0 0 0 0 0 0 0 0 0 0 0 0 0 0 0 1 0 0 0 0 1 0 0 0 0 0 0 0 0 0 0 0 0 0 0 0 0 0 0 0 0 0 0 0 0
geno chr21.44200076 ceu  1 0 1 0 1 1 1 1 1 1 0 0 0 0 1 0 0 1 0 0 1 1 0 0 0 1 1 0 0 1 1 0 2 0 1 1 0 0 0 0 1 0 0 0 0 0 1 2 0 0 0 0 0 1 0 0 0 0 0 0 0 0 0 0 0 0 0 0 1 0 0 0 2 1 0 1 0 1
geno chr21.44200076 fin  0 0 0 1 1 0 1 0 1 1 0 1 0 0 0 0 1 0 1 1 0 1 0 0 0 0 1 1 1 0 0 1 1 1 1 0 1 0 0 0 0 0 1 1 0 0 0 0 0 0 0 0 1 0 1 0 1 0 1 0 0 0 0 0 1 0 0 0 1 0 0 0 1 0 0 0 0 1 0 0 0 1 0 1 0 0 0 0 0
geno chr21.44200076 gbr  0 1 0 0 0 0 0 1 0 1 0 0 0 0 0 0 0 0 0 0 1 0 0 1 0 0 0 0 0 0 1 0 1 1 0 0 0 1 1 0 1 0 0 1 1 0 0 1 0 0 2 0 1 0 1 1 0 0 0 0 0 1 0 1 1 0 0 0 0 1 1 0 1 0 0 1 1 1 0 1 1 0 1 0
geno chr21.44200076 tsi  0 0 1 0 0 1 2 0 0 0 0 0 1 1 0 0 0 0 1 0 0 1 0 1 0 1 0 0 0 0 0 1 0 1 0 0 0 0 1 2 0 1 0 0 0 0 0 1 0 1 0 0 0 0 1 1 0 0 1 1 1 0 0 1 0 0 0 1 0 0 0 0 0 0 1 0 0 0 1 1 0 0 0 1 0 2 0 1 0 0 0 1
geno chr21.44200076 yri  0 0 0 0 1 1 0 0 0 0 1 0 0 0 0 0 0 0 1 0 0 0 0 1 0 1 0 1 0 0 0 0 0 0 0 0 0 0 0 0 0 1 0 0 0 0 0 1 0 0 0 0 1 1 0 0 0 0 0 0 0 0 0 0 0 0 0 0 0 0 0 0 0 0 0 1 0
geno chr21.44200275 ceu  1 1 1 0 1 2 1 1 1 1 0 0 0 0 1 0 0 1 0 1 1 1 0 0 0 1 1 0 0 0 1 0 2 0 1 1 0 1 0 0 1 0 0 0 1 0 1 2 0 0 0 0 0 1 0 0 0 0 0 0 0 0 0 1 1 0 0 0 0 0 0 0 2 1 0 1 0 1
geno chr21.44200275 fin  0 0 1 1 1 0 1 0 1 1 0 1 0 0 0 0 1 0 0 1 0 1 0 0 0 1 1 1 1 0 0 1 1 1 1 1 1 0 0 0 0 0 1 2 0 0 0 0 0 0 0 0 1 0 1 0 1 0 1 0 0 0 0 0 1 0 0 0 1 0 0 0 1 0 0 0 1 1 0 0 0 1 0 1 0 0 0 0 0
geno chr21.44200275 gbr  0 1 1 0 1 0 0 1 0 1 0 0 0 0 0 0 0 1 0 1 1 0 1 1 0 0 0 0 0 0 1 0 0 0 0 0 0 1 1 1 1 0 0 1 1 0 0 1 0 0 2 0 1 0 1 1 0 0 0 0 0 1 0 1 1 0 0 0 0 1 1 0 1 0 0 1 1 1 0 1 1 0 1 0
geno chr21.44200275 tsi  0 0 1 0 0 1 2 0 0 0 0 0 1 1 0 0 0 0 0 0 0 1 0 1 0 1 0 0 0 0 0 1 0 1 0 0 0 0 1 2 0 1 0 0 1 0 0 1 0 1 0 0 0 0 0 1 1 0 1 1 1 0 0 1 0 0 0 1 0 0 0 0 0 0 1 0 0 0 1 1 0 0 0 1 0 1 0 1 0 0 0 1
geno chr21.44200275 yri  1 0 0 0 1 0 0 0 0 0 1 1 0 0 0 0 1 0 1 0 0 0 0 1 0 1 0 1 0 0 0 0 0 0 0 0 0 0 0 0 0 1 1 0 0 0 0 1 0 0 0 0 1 1 0 0 0 0 0 0 0 1 0 0 0 1 0 0 0 0 0 0 0 0 0 1 0
geno chr21.44200525 ceu  0 0 0 0 0 1 0 0 1 0 0 0 0 0 0 0 0 0 0 1 0 0 0 0 0 0 0 0 0 0 0 0 0 0 0 0 0 0 0 1 1 0 0 0 0 0 0 0 1 0 0 0 1 0 0 0 0 0 0 0 0 0 0 1 0 0 1 1 0 0 0 0 0 0 0 1 0 0
geno chr21.44200525 fin  0 0 0 0 0 1 0 0 0 0 0 0 0 0 0 0 0 0 0 0 0 0 0 0 0 0 0 0 0 0 0 1 0 0 0 0 0 0 0 1 0 0 0 0 0 0 0 0 1 0 0 0 0 0 0 1 0 0 1 1 0 1 0 0 0 0 0 0 0 0 0 0 0 0 2 0 0 1 0 0 0 1 0 0 0 0 0 0 0
geno chr21.44200525 gbr  0 0 0 0 0 0 0 0 0 0 1 0 0 0 0 0 0 0 0 0 1 0 0 0 0 1 0 0 1 0 0 1 0 0 0 1 1 0 0 1 0 0 0 1 0 0 0 0 0 0 0 1 0 1 0 0 0 1 0 0 0 0 0 0 0 0 0 0 0 0 0 0 0 0 0 0 0 0 1 0 0 0 0 0
geno chr21.44200525 tsi  0 2 0 0 0 0 0 0 1 0 0 0 0 0 0 0 0 0 1 0 0 1 0 0 0 0 0 0 1 0 0 0 0 0 0 0 0 0 0 0 1 0 0 1 0 0 0 0 1 1 0 0 1 0 0 0 0 0 1 0 0 0 0 0 0 1 0 1 0 0 0 0 1 0 0 0 0 1 0 0 0 0 1 0 0 0 1 0 0 1 0 0
geno chr21.44200525 yri  0 0 0 0 0 0 0 0 0 0 0 0 0 0 0 0 0 0 0 0 0 0 1 0 0 0 0 0 0 0 0 0 0 0 0 0 0 0 0 0 0 0 0 0 0 0 0 0 0 0 0 0 0 0 0 0 0 0 0 0 0 0 0 0 0 0 0 0 0 0 0 0 0 0 0 0 0
geno chr21.44200643 ceu  2 2 2 2 2 2 1 2 1 2 2 2 1 2 1 1 2 2 2 1 2 2 2 2 2 2 2 2 2 2 2 2 2 2 2 2 1 2 2 1 2 1 2 1 2 2 2 2 2 1 2 1 2 2 0 1 1 2 1 2 2 2 2 2 2 2 2 2 2 2 2 2 2 2 2 2 2 2
geno chr21.44200643 fin  1 2 0 2 1 2 2 2 2 2 2 1 1 2 2 1 2 0 0 2 1 1 2 2 2 2 2 2 2 2 2 2 2 2 2 1 2 2 2 1 1 2 1 1 2 2 1 1 2 2 1 2 2 2 1 2 2 2 2 1 2 2 0 2 2 1 2 1 2 2 1 2 2 1 2 1 0 2 2 2 2 2 2 2 1 2 1 2 2
geno chr21.44200643 gbr  2 2 2 2 1 2 2 2 2 1 2 2 1 2 2 1 2 2 2 2 2 1 2 2 1 2 2 2 1 2 2 2 2 1 2 1 2 2 1 2 2 2 1 2 2 2 2 1 2 2 2 2 2 1 1 2 1 2 1 1 1 2 2 2 2 2 2 2 0 2 2 2 2 1 2 1 1 2 2 2 2 2 2 2
geno chr21.44200643 tsi  1 2 2 2 2 2 2 2 1 1 2 2 2 2 2 1 1 1 2 1 2 2 2 2 2 2 2 2 1 2 2 2 2 2 2 2 2 2 2 2 2 2 0 2 1 1 1 2 2 2 1 2 2 2 2 2 2 1 2 2 2 2 2 1 2 2 1 2 2 2 1 1 2 2 2 2 2 2 1 2 1 2 2 2 2 2 2 1 2 2 2 2
geno chr21.44200643 yri  2 1 2 1 2 2 1 2 1 2 2 2 2 1 2 2 2 2 2 2 2 2 1 2 2 2 2 2 1 2 2 2 2 2 2 1 2 2 2 2 2 2 2 1 2 2 1 2 1 2 2 2 1 2 1 1 1 2 1 1 2 0 2 2 2 2 1 1 2 2 1 2 1 1 2 2 2
geno chr21.44200667 ceu  0 0 0 0 0 0 0 0 0 0 0 0 0 0 0 0 0 0 0 0 0 0 0 0 0 0 0 0 0 0 0 0 0 0 0 0 0 0 0 0 0 0 0 0 0 0 0 0 0 0 0 0 0 0 0 0 0 0 0 0 0 0 0 0 0 0 0 0 0 0 0 0 0 0 0 0 0 0
geno chr21.44200667 fin  0 0 0 0 0 0 0 0 0 0 0 0 0 0 0 0 0 0 0 0 0 0 0 0 0 0 0 0 0 0 0 0 0 0 0 0 0 0 0 0 0 0 0 0 0 0 0 0 0 0 0 0 0 0 0 0 0 0 0 0 0 0 0 0 0 0 0 0 0 0 0 0 0 0 0 0 0 0 0 0 0 0 0 0 0 0 0 0 0
geno chr21.44200667 gbr  0 0 0 0 0 0 0 0 0 0 0 0 0 0 0 0 0 0 0 0 0 0 0 0 0 0 0 0 0 0 0 0 0 0 0 0 0 0 0 0 0 0 0 0 0 0 0 0 0 0 0 0 0 0 0 0 0 0 0 0 0 0 0 0 0 0 0 0 0 0 0 0 0 0 0 0 0 0 0 0 0 0 0 0
geno chr21.44200667 tsi  0 0 0 0 0 0 0 0 0 0 0 0 0 0 0 0 0 0 0 0 0 0 0 0 0 0 0 0 0 0 0 0 0 0 0 0 0 0 0 0 0 0 0 0 0 0 0 0 0 0 0 0 0 0 0 0 0 0 0 0 0 0 0 0 0 0 0 0 0 0 0 0 0 0 0 0 0 0 0 0 0 0 0 0 0 0 0 0 0 0 0 0
geno chr21.44200667 yri  0 0 0 0 0 0 1 0 1 1 0 1 2 0 1 0 1 1 0 0 0 0 0 1 0 0 1 0 1 0 1 0 0 1 1 1 1 0 1 0 1 0 0 1 1 0 1 0 0 1 0 0 0 1 0 0 0 1 1 0 0 0 1 2 1 0 0 1 0 2 1 0 0 1 0 0 0
geno chr21.44200676 ceu  2 2 2 2 2 2 1 2 1 2 2 2 1 2 1 1 2 2 2 1 2 2 2 2 2 2 2 2 2 2 2 2 2 2 2 2 1 2 2 2 2 2 2 1 2 2 2 2 2 1 2 1 2 2 0 1 1 2 1 2 2 2 2 2 2 2 2 2 2 2 2 2 2 2 2 2 2 2
geno chr21.44200676 fin  1 2 0 2 1 2 2 2 2 2 2 1 1 2 2 1 2 0 0 2 1 2 2 2 2 2 2 2 2 2 2 2 2 2 2 1 2 2 2 1 1 2 1 1 2 2 1 1 2 2 1 2 2 2 1 2 2 2 2 1 2 2 0 2 1 1 2 1 2 1 1 2 2 1 2 1 0 2 2 2 2 2 2 2 1 2 1 2 2
geno chr21.44200676 gbr  2 2 2 2 1 2 1 2 2 1 2 2 1 2 2 1 2 2 2 2 2 1 2 2 1 2 2 2 1 2 2 2 2 1 2 1 2 2 1 2 2 2 1 2 2 2 2 1 2 2 2 2 2 1 1 2 1 2 1 1 1 2 2 2 2 2 2 2 0 2 2 2 2 1 2 1 1 2 2 2 2 2 2 2
geno chr21.44200676 tsi  1 2 2 2 2 2 2 2 1 1 2 2 2 2 2 1 1 2 2 1 2 2 2 2 2 2 2 2 2 2 2 2 2 2 2 2 2 2 2 2 2 2 0 2 1 1 1 2 2 2 1 2 2 2 2 2 2 1 2 2 2 2 2 1 2 2 1 2 2 2 1 1 2 2 2 2 2 2 1 2 2 2 2 2 2 2 2 1 2 2 2 2
geno chr21.44200676 yri  2 1 2 1 2 2 2 2 1 2 2 2 2 1 2 2 2 2 2 2 2 2 1 2 2 2 2 2 1 2 2 2 2 2 2 1 2 2 2 2 2 2 2 2 2 2 2 2 1 2 2 2 2 2 1 1 1 2 2 1 2 1 2 2 2 2 1 1 2 2 2 2 1 1 2 2 2
geno chr21.44200761 ceu  2 2 2 2 2 2 1 2 1 2 2 2 1 2 1 1 2 2 2 1 2 2 2 2 2 2 2 2 2 2 2 2 2 2 2 2 1 2 2 2 2 2 2 1 2 2 2 2 2 1 2 1 2 2 0 1 1 2 1 2 2 2 2 2 2 2 2 2 2 2 2 2 2 2 2 2 2 2
geno chr21.44200761 fin  1 2 0 2 1 2 2 2 2 2 2 1 1 2 2 1 2 1 0 2 1 2 2 2 2 2 2 2 2 2 2 2 2 2 2 1 2 2 2 1 1 2 1 1 2 2 1 1 2 2 1 2 2 2 1 2 2 2 2 1 2 2 0 2 1 1 2 1 2 1 1 2 2 1 2 1 0 2 2 2 2 2 2 2 1 2 1 2 2
geno chr21.44200761 gbr  2 2 2 2 1 2 1 2 2 1 2 2 1 2 2 1 2 2 2 2 2 1 2 2 1 2 2 2 1 2 2 2 2 1 2 1 2 2 1 2 2 2 1 2 2 2 2 1 2 2 2 2 2 1 1 2 1 2 1 1 1 2 2 2 2 2 2 2 0 2 2 2 2 1 2 1 1 2 2 2 2 2 2 2
geno chr21.44200761 tsi  1 2 2 2 2 2 2 2 1 1 2 2 2 2 2 1 1 2 2 1 2 2 2 2 2 2 2 2 2 2 2 2 2 2 2 2 2 2 2 2 2 2 0 2 1 1 1 2 2 2 1 2 2 2 2 2 2 1 2 2 2 2 2 1 2 2 1 2 2 2 1 1 2 2 2 2 2 2 1 2 2 2 2 2 2 2 2 1 2 2 2 2
geno chr21.44200761 yri  2 1 2 1 2 2 2 2 1 2 2 2 2 1 2 2 2 2 2 2 2 2 1 2 2 2 2 2 1 2 2 2 2 2 2 1 2 2 2 2 2 2 2 2 2 2 2 2 1 2 2 2 2 2 1 1 1 2 2 1 2 1 2 2 2 2 1 1 2 2 2 2 1 1 2 2 2
geno chr21.44200858 ceu  2 2 2 2 2 1 1 2 1 2 2 2 1 2 1 1 2 2 2 0 2 2 2 2 2 2 2 2 2 2 2 2 2 2 2 2 2 2 2 1 1 2 2 2 2 2 2 2 1 2 2 1 1 2 2 1 1 2 1 2 2 2 2 1 2 2 1 1 2 2 2 2 2 2 2 1 2 2
geno chr21.44200858 fin  2 2 0 2 1 1 2 2 2 2 2 2 1 2 2 1 2 0 0 2 1 2 2 2 2 2 2 2 2 2 2 1 2 2 2 2 2 2 2 1 1 2 2 1 2 2 1 1 1 2 1 2 2 2 2 1 2 2 1 1 2 1 1 2 2 1 2 2 2 2 1 2 2 1 0 2 0 1 2 2 2 1 2 2 1 2 1 2 2
geno chr21.44200858 gbr  2 2 2 2 1 2 2 2 2 1 1 2 2 2 2 1 2 2 2 2 1 1 2 2 1 1 2 2 0 2 2 1 2 1 2 0 1 2 1 1 2 2 1 1 2 2 2 2 2 2 2 2 2 0 1 2 1 1 1 1 1 2 2 2 2 2 2 2 0 2 2 2 2 1 2 1 1 2 1 2 2 2 2 2
geno chr21.44200858 tsi  1 0 2 2 2 2 2 2 0 2 2 2 2 2 2 1 2 2 1 2 2 1 2 2 2 2 2 2 1 2 2 2 2 2 2 2 2 2 2 2 1 2 1 1 1 2 1 2 1 1 1 2 1 2 2 2 2 1 1 2 2 2 2 1 2 1 1 1 2 2 2 1 1 2 2 2 2 1 2 2 1 2 1 2 2 2 1 2 2 1 2 2
geno chr21.44200858 yri  2 1 2 1 2 2 2 2 1 2 2 2 2 1 2 2 2 2 2 2 2 2 1 2 2 2 2 2 1 2 2 2 2 2 2 1 2 2 2 2 2 2 2 2 2 2 2 2 1 2 2 2 2 2 1 1 1 2 2 1 2 1 2 2 2 2 1 1 2 2 2 2 1 1 2 2 2
geno chr21.44200954 ceu  1 2 1 2 1 0 0 1 0 1 2 2 1 1 0 1 2 1 2 0 1 1 2 1 2 1 1 2 2 1 1 2 0 2 1 1 2 1 2 1 0 2 2 2 2 2 1 0 1 2 2 1 1 1 2 0 0 2 1 2 1 1 1 1 2 2 1 1 1 1 2 1 0 1 2 0 2 1
geno chr21.44200954 fin  2 2 0 1 0 1 1 2 1 1 1 1 1 2 1 1 1 0 0 1 1 1 2 2 1 1 1 1 1 1 2 0 0 1 1 1 1 2 2 1 1 1 1 0 2 2 1 1 1 2 0 2 0 2 1 1 1 2 0 1 2 1 1 2 1 1 1 2 1 2 1 2 1 1 0 2 0 0 2 2 2 0 2 1 1 2 1 2 2
geno chr21.44200954 gbr  2 1 1 2 1 2 2 1 1 0 1 2 2 1 2 1 2 2 2 2 0 1 2 1 1 1 2 2 0 2 1 1 1 0 2 0 1 1 0 1 1 2 1 0 0 2 2 1 2 2 0 2 1 0 0 1 1 1 1 1 1 1 2 0 1 2 2 2 0 1 1 2 0 1 2 0 0 1 1 1 1 2 1 2
geno chr21.44200954 tsi  1 0 1 2 2 1 0 2 0 2 1 1 1 1 2 1 2 2 1 2 0 0 2 1 2 1 1 2 0 2 1 1 2 1 2 2 2 2 1 0 1 1 1 1 1 2 1 1 1 0 1 2 0 1 0 1 2 0 0 1 1 2 2 0 1 1 1 0 2 1 2 1 1 2 1 2 2 1 1 1 0 2 1 1 1 0 1 1 1 1 2 1
geno chr21.44200954 yri  0 0 1 0 0 0 1 0 1 1 0 1 2 0 1 0 1 1 0 0 0 0 0 1 0 0 1 0 1 0 1 0 0 1 1 1 1 0 1 0 1 0 1 1 1 0 2 0 0 1 0 0 0 1 0 0 0 1 1 0 1 0 1 2 1 0 0 1 0 2 1 1 0 1 0 0 0
geno chr21.44201226 ceu  0 0 0 0 0 1 0 0 0 0 0 0 0 0 0 0 0 0 0 1 0 0 0 0 0 0 0 0 0 0 0 0 0 0 0 0 0 0 0 1 1 0 0 0 0 0 0 0 1 0 0 0 1 0 0 0 0 0 0 0 0 0 0 1 0 0 1 1 0 0 0 0 0 0 0 1 0 0
geno chr21.44201226 fin  0 0 0 0 0 1 0 0 0 0 0 0 0 0 0 0 0 0 0 0 0 0 0 0 0 0 0 0 0 0 0 1 0 0 0 0 0 0 0 1 0 0 0 0 0 0 0 0 1 0 0 0 0 0 0 1 0 0 1 1 0 1 0 0 0 0 0 0 0 0 0 0 0 0 2 0 0 1 0 0 0 1 0 0 0 0 0 0 0
geno chr21.44201226 gbr  0 0 0 0 0 0 0 0 0 0 1 0 0 0 0 0 0 0 0 0 1 0 0 0 0 1 0 0 1 0 0 1 0 0 0 1 1 0 0 1 0 0 0 1 0 0 0 0 0 0 0 0 0 1 0 0 0 1 0 0 0 0 0 0 0 0 0 0 0 0 0 0 0 0 0 0 0 0 1 0 0 0 0 0
geno chr21.44201226 tsi  0 2 0 0 0 0 0 0 1 0 0 0 0 0 0 0 0 0 1 0 0 1 0 0 0 0 0 0 1 0 0 0 0 0 0 0 0 0 0 0 1 0 0 1 0 0 0 0 1 1 0 0 1 0 0 0 0 0 1 0 0 0 0 0 0 1 0 1 0 0 0 0 1 0 0 0 0 1 0 0 1 0 1 0 0 0 1 0 0 1 0 0
geno chr21.44201226 yri  0 0 0 0 0 0 0 0 0 0 0 0 0 0 0 0 0 0 0 0 0 0 0 0 0 0 0 0 0 0 0 0 0 0 0 0 0 0 0 0 0 0 0 0 0 0 0 0 0 0 0 0 0 0 0 0 0 0 0 0 0 0 0 0 0 0 0 0 0 0 0 0 0 0 0 0 0
geno chr21.44201615 ceu  0 0 0 0 0 1 0 0 0 0 0 0 0 0 0 0 0 0 0 1 0 0 0 0 0 0 0 0 0 0 0 0 0 0 0 0 0 0 0 1 0 0 0 0 0 0 0 0 1 0 0 0 1 0 0 0 0 0 0 0 0 0 0 1 0 0 1 1 0 0 0 0 0 0 0 1 0 0
geno chr21.44201615 fin  0 0 0 0 0 1 0 0 0 0 0 0 0 0 0 0 0 0 0 0 0 0 0 0 0 0 0 0 0 0 0 1 0 0 0 0 0 0 0 0 0 0 0 0 0 0 0 0 1 0 0 0 0 0 0 1 0 0 1 1 0 1 0 0 0 0 0 0 0 0 0 0 0 0 1 0 0 1 0 0 0 1 0 0 0 0 0 0 0
geno chr21.44201615 gbr  0 0 0 0 0 0 0 0 0 0 1 0 0 0 0 0 0 0 0 0 1 0 0 0 0 1 0 0 0 0 0 0 0 0 0 1 1 0 0 0 0 0 0 1 0 0 0 0 0 0 0 0 0 1 0 0 0 1 0 0 0 0 0 0 0 0 0 0 0 0 0 0 0 0 0 0 0 0 1 0 0 0 0 0
geno chr21.44201615 tsi  0 1 0 0 0 0 0 0 1 0 0 0 0 0 0 0 0 0 1 0 0 1 0 0 0 0 0 0 0 0 0 0 0 0 0 0 0 0 0 0 0 0 0 0 0 0 0 0 1 0 0 0 1 0 0 0 0 0 1 0 0 0 0 0 0 1 0 1 0 0 0 0 1 0 0 0 0 1 0 0 0 0 1 0 0 0 1 0 0 1 0 0
geno chr21.44201615 yri  0 0 0 0 0 0 0 0 0 0 0 0 0 0 0 0 0 0 0 0 0 0 0 0 0 0 0 0 0 0 0 0 0 0 0 0 0 0 0 0 0 0 0 0 0 0 0 0 0 0 0 0 0 0 0 0 0 0 0 0 0 0 0 0 0 0 0 0 0 0 0 0 0 0 0 0 0
geno chr21.44201769 ceu  2 0 2 2 1 2 1 2 0 1 2 1 2 1 0 2 1 2 2 1 2 1 2 2 2 1 1 2 2 1 1 2 2 1 1 1 1 1 2 2 1 2 1 1 2 2 1 1 2 0 2 1 2 1 0 1 1 1 1 2 2 1 2 2 2 2 2 2 1 2 2 2 0 2 1 1 2 1
geno chr21.44201769 fin  1 1 0 1 0 2 2 2 2 1 2 1 1 1 2 1 1 0 1 1 0 1 2 2 2 2 2 1 0 2 1 1 1 1 0 1 1 1 1 1 1 2 0 0 2 2 1 0 2 2 1 2 1 2 1 2 2 2 2 1 2 2 0 2 1 1 2 1 0 0 1 2 2 1 2 1 0 2 2 1 2 2 1 2 1 2 1 2 2
geno chr21.44201769 gbr  2 1 2 2 1 2 1 2 2 1 1 2 1 2 1 1 1 2 0 2 2 0 1 2 1 2 1 2 0 0 1 1 1 0 2 2 2 2 1 2 1 2 1 2 1 2 2 1 0 1 2 2 1 1 1 2 2 2 0 1 1 1 2 2 1 1 2 1 1 0 2 2 1 1 2 1 0 2 1 1 1 2 1 1
geno chr21.44201769 tsi  1 1 1 2 2 2 1 2 1 1 2 2 2 1 2 1 1 2 2 1 2 2 0 0 2 2 2 2 2 1 2 1 2 2 2 2 2 2 2 1 2 2 0 1 1 1 0 1 1 1 1 2 2 2 1 1 1 1 2 2 0 2 1 1 2 2 0 2 2 2 1 1 2 2 2 2 2 1 1 0 1 2 1 2 2 1 1 0 2 2 2 2
geno chr21.44201769 yri  2 1 2 0 1 1 2 2 1 2 2 1 2 1 2 2 2 2 2 2 2 2 1 2 2 1 2 1 1 2 2 1 2 2 2 1 2 2 2 2 2 2 1 2 2 2 2 1 1 2 2 2 1 2 1 0 1 2 2 1 2 0 2 2 2 1 1 1 2 2 1 2 1 1 2 2 2
geno chr21.44201788 ceu  2 2 2 2 1 2 1 2 0 2 2 2 2 2 1 2 2 2 2 1 2 2 2 2 2 2 2 2 2 1 2 2 2 2 2 2 1 2 2 2 2 2 2 1 2 2 1 1 2 0 2 1 2 2 0 1 1 1 1 2 2 1 2 2 2 2 2 2 2 2 2 2 2 2 1 2 2 2
geno chr21.44201788 fin  1 2 0 2 1 2 2 2 2 2 2 1 1 1 2 1 2 0 1 2 1 1 2 2 2 2 2 2 1 2 1 1 2 1 2 1 1 2 2 1 1 2 0 1 2 2 1 1 2 2 1 2 1 2 1 2 2 2 2 1 2 2 0 2 1 1 2 1 1 1 1 2 2 1 2 1 0 2 2 2 2 2 2 2 1 2 1 2 2
geno chr21.44201788 gbr  2 2 2 2 1 2 1 2 2 1 1 2 1 2 1 1 2 2 2 2 2 0 1 2 1 2 2 2 0 2 1 1 2 1 2 2 2 2 2 2 1 2 1 2 1 2 2 1 2 2 2 2 1 1 1 2 2 2 1 1 1 2 2 2 2 1 2 1 1 1 2 2 1 1 2 1 1 2 2 2 1 2 2 2
geno chr21.44201788 tsi  1 1 1 2 2 2 2 2 1 1 2 2 2 2 2 1 1 2 2 1 2 2 2 1 2 2 2 2 2 2 2 1 2 2 2 2 2 2 2 2 2 2 0 1 1 1 1 2 2 1 1 2 2 2 2 2 1 1 2 2 1 2 2 1 2 2 1 2 2 2 1 1 2 2 2 2 2 2 1 2 1 2 2 2 2 2 2 0 2 2 2 2
geno chr21.44201788 yri  2 1 2 1 2 1 2 2 2 2 1 1 2 1 2 2 2 2 2 2 2 2 1 2 2 2 2 1 1 2 2 2 2 2 1 2 2 1 2 2 2 2 1 2 2 1 2 1 1 2 1 2 1 2 1 0 1 2 2 1 2 0 2 2 2 1 1 1 2 2 1 2 2 1 1 2 2
geno chr21.44201858 ceu  0 2 0 0 0 0 0 0 0 0 0 1 0 1 0 0 1 0 0 0 0 0 0 0 0 1 0 0 0 0 0 0 0 1 0 0 0 0 0 0 1 0 1 1 0 0 0 0 0 0 0 0 0 0 0 0 0 0 0 0 0 0 0 0 0 0 0 0 0 0 0 0 0 0 0 0 0 0
geno chr21.44201858 fin  0 1 0 0 0 0 0 0 0 0 0 0 0 0 0 0 0 0 0 0 1 0 0 0 0 0 0 0 1 0 0 0 0 0 1 0 0 1 1 0 0 0 0 0 0 0 0 1 0 0 0 0 0 0 0 0 0 0 0 0 0 0 0 0 1 0 0 0 1 2 0 0 0 0 0 0 0 0 0 1 0 0 1 0 0 0 0 0 0
geno chr21.44201858 gbr  0 0 0 0 0 0 1 0 0 0 0 0 0 0 0 0 1 0 2 0 0 0 0 0 0 0 1 0 0 2 0 0 0 0 0 0 0 0 0 0 0 0 0 0 0 0 0 0 2 1 0 0 0 0 0 0 0 0 1 0 0 1 0 0 0 0 0 0 0 1 0 0 0 0 0 0 0 0 1 0 0 1 0 1
geno chr21.44201858 tsi  0 0 0 0 0 0 0 0 0 0 0 0 0 0 0 0 0 0 0 0 0 0 2 0 0 0 0 0 0 0 0 0 0 0 0 0 0 0 0 0 0 0 0 0 0 0 1 0 1 0 0 0 0 0 0 1 0 0 0 0 0 0 1 0 0 0 1 0 0 0 0 0 0 0 0 0 0 1 0 1 0 0 1 0 0 0 1 0 0 0 0 0
geno chr21.44201858 yri  1 1 0 0 0 0 1 0 0 0 1 0 0 0 0 0 0 1 1 0 1 0 1 0 0 1 0 0 0 0 1 1 0 0 1 0 0 1 0 1 0 0 0 0 0 1 0 0 0 0 1 0 0 0 0 0 1 0 0 0 0 0 0 0 0 0 0 0 0 0 0 0 0 0 1 0 0
geno chr21.44201866 ceu  0 2 0 0 0 0 0 0 0 0 0 1 0 1 0 0 1 0 0 0 0 0 0 0 0 1 0 0 0 0 0 0 0 1 0 0 0 0 0 0 1 0 1 1 0 0 0 0 0 0 0 0 0 0 0 0 0 0 0 0 0 0 0 0 0 0 0 0 0 0 0 0 0 0 0 0 0 0
geno chr21.44201866 fin  0 1 0 0 0 0 0 0 0 0 0 0 0 0 0 0 0 0 0 0 1 0 0 0 0 0 0 0 1 0 0 0 0 0 1 0 0 1 1 0 0 0 0 0 0 0 0 1 0 0 0 0 0 0 0 0 0 0 0 0 0 0 0 0 0 0 0 0 1 1 0 0 0 0 0 0 0 0 0 1 0 0 1 0 0 0 0 0 0
geno chr21.44201866 gbr  0 0 0 0 0 0 0 0 0 0 0 0 0 0 0 0 1 0 2 0 0 0 0 0 0 0 1 0 0 2 0 0 0 0 0 0 0 0 0 0 0 0 0 0 0 0 0 0 2 1 0 0 0 0 0 0 0 0 1 0 0 1 0 0 0 0 0 0 0 1 0 0 0 0 0 0 0 0 1 0 0 1 0 1
geno chr21.44201866 tsi  0 0 0 0 0 0 0 0 0 0 0 0 0 0 0 0 0 0 0 0 0 0 2 0 0 0 0 0 0 0 0 0 0 0 0 0 0 0 0 0 0 0 0 0 0 0 1 0 1 0 0 0 0 0 0 1 0 0 0 0 0 0 1 0 0 0 1 0 0 0 0 0 0 0 0 0 0 1 0 1 0 0 1 0 0 0 1 0 0 0 0 0
geno chr21.44201866 yri  1 1 0 0 0 0 1 0 0 0 1 0 0 0 0 0 0 1 1 0 1 0 1 0 0 1 0 0 0 0 1 1 0 0 1 0 0 1 0 1 0 0 0 0 0 1 0 0 0 0 1 0 0 0 0 0 1 0 0 0 0 0 0 1 0 0 0 0 0 0 0 0 0 0 1 0 0
geno chr21.44202023 ceu  0 0 0 1 0 0 0 0 1 0 0 0 1 0 0 0 0 0 0 1 0 0 0 0 0 0 0 0 0 0 0 0 1 1 0 0 0 0 0 0 1 0 0 0 0 0 0 0 0 0 0 0 0 0 0 0 0 0 0 2 1 0 0 0 0 0 0 1 0 0 0 0 0 0 0 0 0 0
geno chr21.44202023 fin  0 0 0 0 0 0 1 0 0 0 0 0 0 0 0 0 0 0 0 0 1 0 1 0 1 0 0 1 0 0 0 0 0 0 0 0 0 0 0 0 0 0 0 0 0 0 0 0 1 0 0 0 0 0 1 0 0 0 0 0 0 0 0 1 0 0 0 0 0 0 0 0 0 0 0 1 0 0 0 0 1 0 0 0 0 0 0 2 0
geno chr21.44202023 gbr  0 0 0 0 1 0 0 0 0 0 0 1 0 0 0 1 0 0 0 0 1 0 0 0 0 0 0 0 0 0 0 0 0 0 1 0 0 0 0 0 0 0 0 0 0 0 0 1 0 0 0 0 0 0 0 0 0 0 0 0 1 0 0 0 0 0 0 0 0 0 1 0 0 0 0 0 0 0 0 0 0 0 0 0
geno chr21.44202023 tsi  1 0 0 0 0 0 0 0 0 0 0 0 0 0 0 0 0 0 0 1 0 1 0 0 1 0 0 0 0 2 0 0 0 0 0 0 0 0 0 0 1 0 0 0 0 1 0 1 0 0 0 1 1 0 0 0 0 0 0 0 0 0 0 0 0 0 0 0 0 0 0 0 0 1 0 0 1 0 0 0 0 0 0 0 0 0 0 0 0 0 0 0
geno chr21.44202023 yri  1 0 0 0 1 0 0 1 0 1 2 0 0 0 0 1 0 1 1 1 0 0 0 1 0 1 0 0 0 0 0 2 0 0 1 0 0 1 0 1 0 1 1 1 1 1 0 0 0 0 1 1 0 1 0 0 0 0 1 0 0 0 0 0 0 0 0 0 0 0 0 0 0 0 1 1 1
geno chr21.44203087 ceu  0 0 0 0 0 0 0 0 0 0 0 0 0 0 0 0 0 0 0 1 0 0 0 0 0 1 0 0 0 0 0 0 0 0 0 0 0 0 0 1 1 0 0 0 0 0 0 0 1 0 0 0 1 0 0 0 0 0 0 0 0 0 0 0 0 0 1 1 0 0 0 0 0 0 0 0 1 0
geno chr21.44203087 fin  0 0 0 0 0 1 0 0 0 0 0 0 0 0 0 0 0 0 0 0 0 0 0 0 1 0 0 0 0 0 0 1 0 0 0 0 0 0 0 0 0 0 0 0 0 0 0 0 1 0 0 0 0 0 0 1 0 0 1 1 0 0 0 0 0 0 0 0 0 0 0 0 0 0 1 0 0 1 0 0 0 1 0 0 0 0 0 0 0
geno chr21.44203087 gbr  0 0 0 0 0 0 0 0 0 0 1 0 0 0 0 0 0 0 0 0 0 0 0 0 0 1 0 0 0 0 0 0 0 0 0 1 1 0 0 0 0 0 0 1 0 0 0 0 0 0 0 0 0 1 0 0 0 1 0 0 0 0 0 0 0 0 0 0 0 0 0 0 0 0 0 0 0 0 1 0 0 0 0 0
geno chr21.44203087 tsi  0 1 0 0 0 0 0 0 1 0 0 0 0 0 0 0 0 0 1 0 0 1 0 0 0 0 0 0 1 0 0 0 0 0 0 0 0 0 0 0 1 0 0 0 0 0 0 0 1 0 0 0 1 0 0 0 0 0 1 0 0 0 0 0 0 1 0 1 0 0 0 0 0 0 0 0 0 1 0 0 0 0 1 0 0 0 1 0 0 0 0 0
geno chr21.44203087 yri  1 0 0 1 1 1 1 1 1 1 0 0 0 1 0 2 0 1 1 1 1 0 1 0 0 0 0 0 1 0 1 1 0 0 0 0 0 0 0 2 0 0 0 1 1 0 0 0 1 0 1 1 0 1 1 2 2 0 1 1 0 1 0 0 0 0 1 1 0 0 0 0 0 2 0 0 1
geno chr21.44203360 ceu  0 0 0 0 0 1 0 0 0 0 0 0 0 0 0 0 0 0 0 0 0 1 0 0 0 1 0 0 0 0 0 0 0 0 0 0 0 0 0 0 1 0 0 0 0 0 0 1 0 0 0 0 0 0 0 0 0 0 0 0 0 0 0 1 0 0 1 1 0 0 0 0 0 1 0 0 0 0
geno chr21.44203360 fin  0 0 0 1 1 0 0 0 0 0 0 1 0 0 0 0 1 0 0 0 0 1 0 0 1 0 1 2 1 0 0 1 1 0 0 1 1 0 0 0 0 1 0 0 0 0 0 0 0 0 0 0 2 0 1 0 0 0 0 0 0 0 0 0 1 0 0 1 0 0 0 0 0 0 0 0 0 1 0 0 1 0 0 0 0 0 0 0 0
geno chr21.44203360 gbr  0 0 1 0 0 0 0 0 0 1 0 0 0 0 1 0 0 0 0 0 0 0 0 1 0 0 0 0 0 0 0 0 0 0 0 1 0 0 0 0 0 0 0 0 1 0 0 1 0 0 0 0 0 0 1 1 0 1 0 0 0 1 0 0 0 0 0 0 0 0 0 0 0 0 0 0 0 0 0 1 1 1 1 0
geno chr21.44203360 tsi  0 0 0 0 0 0 0 0 1 0 0 0 0 1 0 0 0 0 1 0 0 0 0 0 0 0 0 0 1 0 0 1 0 1 0 0 0 0 0 1 0 1 0 0 0 0 0 0 0 1 0 0 0 0 0 0 0 0 0 0 1 0 0 0 0 1 0 1 0 0 0 0 0 0 0 0 0 1 0 0 0 0 1 0 1 0 1 0 0 0 0 0
geno chr21.44203360 yri  1 0 0 1 1 1 0 1 0 0 0 0 1 1 1 2 0 0 0 1 0 1 0 1 1 0 2 1 1 0 0 1 1 1 1 0 0 0 1 0 0 1 1 2 1 0 1 0 1 0 2 1 0 1 1 1 1 0 1 2 0 1 1 1 1 1 0 1 0 1 0 0 0 0 0 1 0
geno chr21.44203389 ceu  0 0 0 0 0 0 0 0 0 0 0 0 0 0 0 0 0 0 0 1 0 0 0 0 0 1 0 0 0 0 0 0 0 0 0 0 0 0 0 1 1 0 0 0 0 0 0 0 1 0 0 0 1 0 0 0 0 0 0 0 0 0 0 0 0 0 1 1 0 0 0 0 0 0 0 0 0 0
geno chr21.44203389 fin  0 0 0 0 0 1 0 0 0 0 0 0 0 0 0 0 0 0 0 0 0 0 0 0 0 0 0 0 0 0 0 1 0 0 0 0 0 0 0 0 0 0 0 0 0 0 0 0 1 0 0 0 0 0 0 1 0 0 1 1 0 0 0 0 0 0 0 0 0 0 0 0 0 0 1 0 0 1 0 0 0 1 0 0 0 0 0 0 0
geno chr21.44203389 gbr  0 0 0 0 0 0 0 0 0 0 1 0 0 0 0 0 0 0 0 0 0 0 0 0 0 1 0 0 0 0 0 0 0 0 0 1 1 0 0 0 0 0 0 1 0 0 0 0 0 0 0 0 0 1 0 0 0 1 0 0 0 0 0 0 0 0 0 0 0 0 0 0 0 0 0 0 0 0 1 0 0 0 0 0
geno chr21.44203389 tsi  0 1 0 0 0 0 0 0 1 0 0 0 0 0 0 0 0 0 1 0 0 1 0 0 0 0 0 0 1 0 0 0 0 0 0 0 0 0 0 0 1 0 0 0 0 0 0 0 1 0 0 0 1 0 0 0 0 0 1 0 0 0 0 0 0 1 0 1 0 0 0 0 0 0 0 0 0 1 0 0 0 0 1 0 0 0 1 0 0 0 0 0
geno chr21.44203389 yri  0 0 0 0 0 0 0 0 0 0 0 0 0 0 0 0 0 0 0 0 0 0 0 0 0 0 0 0 0 0 0 0 0 0 0 0 0 0 0 0 1 0 0 0 0 0 0 0 0 0 0 1 0 0 0 0 0 0 0 0 0 0 0 0 0 0 0 0 0 0 0 0 0 0 0 0 0
geno chr21.44203738 ceu  1 0 1 0 0 2 0 1 1 1 0 0 0 0 1 0 1 1 0 0 1 1 0 1 1 1 1 0 0 1 1 0 2 0 1 1 0 1 0 1 2 0 0 1 0 0 2 2 0 1 0 0 1 1 0 1 0 1 0 0 1 2 0 1 0 0 1 1 1 1 0 0 2 1 1 2 0 1
geno chr21.44203738 fin  0 1 0 1 1 1 1 0 1 1 1 1 1 1 1 0 1 0 0 1 0 1 0 0 2 0 1 2 1 1 1 2 2 1 1 1 1 0 1 0 0 1 1 1 0 0 0 0 0 0 1 0 2 0 1 1 1 0 2 1 0 0 0 0 1 0 1 1 1 0 0 0 0 0 2 0 0 2 0 0 1 2 0 1 0 0 1 0 0
geno chr21.44203738 gbr  0 1 1 0 0 0 0 1 1 1 1 0 0 1 1 0 0 0 0 0 1 1 1 1 0 1 0 0 0 0 1 0 1 1 0 1 1 1 1 0 1 0 0 2 1 0 0 1 1 0 2 0 1 1 1 1 0 1 0 0 0 1 1 2 1 0 0 1 0 1 1 0 1 0 0 1 1 1 1 1 1 1 1 0
geno chr21.44203738 tsi  0 1 1 0 0 1 2 0 1 0 1 1 1 1 0 0 0 0 1 0 2 2 0 2 0 1 1 0 2 0 1 1 1 1 0 0 0 0 1 2 1 1 0 0 0 0 0 1 1 2 0 0 1 1 2 1 1 1 1 1 2 0 0 1 1 1 0 2 0 1 0 0 1 0 1 0 0 1 1 1 1 0 1 1 1 2 1 1 1 0 0 1
geno chr21.44203738 yri  2 0 2 1 1 2 2 2 1 2 1 2 2 1 2 2 2 1 2 2 2 2 1 2 2 1 2 2 2 2 2 1 2 2 1 1 2 1 2 2 1 2 1 2 2 1 2 2 2 1 2 1 2 2 2 2 2 2 2 2 2 2 1 2 2 2 2 2 2 2 2 2 1 2 1 2 2
geno chr21.44203936 ceu  1 1 1 0 0 2 0 1 1 1 0 1 0 1 1 1 1 1 0 0 1 1 0 1 1 2 1 0 0 1 1 0 2 1 1 1 0 1 0 1 2 0 1 1 0 0 2 2 0 1 0 0 1 1 0 1 0 1 0 0 1 2 0 1 0 0 1 1 1 1 0 0 2 1 1 2 0 1
geno chr21.44203936 fin  0 2 0 1 1 1 1 0 1 1 1 1 1 1 1 0 1 0 0 1 0 1 0 0 2 0 1 2 2 1 1 2 2 1 2 1 1 0 1 0 0 1 1 1 0 0 0 0 0 0 1 1 2 0 1 1 1 0 2 1 0 0 0 0 1 0 1 1 1 1 0 0 0 0 2 0 0 2 0 0 1 2 0 1 0 0 1 0 0
geno chr21.44203936 gbr  0 1 1 0 0 0 0 1 1 1 1 0 0 1 1 0 1 0 2 0 1 1 1 1 0 1 0 0 0 2 1 0 1 1 0 2 1 1 1 0 1 0 0 2 1 0 0 1 2 1 2 0 1 1 1 1 0 1 1 0 0 2 1 2 1 0 0 1 0 2 1 0 1 0 0 1 1 1 2 1 1 1 1 1
geno chr21.44203936 tsi  0 1 1 0 0 1 2 0 1 0 1 1 1 1 0 0 0 0 1 0 2 2 2 2 0 1 1 0 2 0 1 1 1 1 1 0 1 0 1 2 1 1 0 0 0 0 1 1 2 2 0 0 1 1 2 2 1 1 1 1 2 0 1 1 1 1 1 2 0 1 0 0 1 0 1 0 0 1 1 1 1 0 2 1 1 2 2 1 1 0 0 1
geno chr21.44203936 yri  2 2 2 2 2 2 2 2 2 2 2 2 2 2 2 2 2 1 2 2 2 2 2 2 2 1 2 2 2 2 2 2 2 2 2 2 2 1 2 2 2 2 1 2 2 2 2 2 2 1 2 2 2 2 2 2 2 2 2 2 2 2 1 2 2 2 2 2 2 2 2 2 2 2 2 2 2
geno chr21.44203992 ceu  0 0 0 0 0 0 0 0 0 0 0 0 0 0 0 0 0 0 0 0 0 0 0 0 0 1 0 0 0 0 0 0 0 0 0 0 0 0 0 1 1 0 0 0 0 0 0 0 0 0 0 0 1 0 0 0 0 0 0 0 0 0 0 0 0 0 1 1 0 0 0 0 0 0 0 0 0 0
geno chr21.44203992 fin  0 0 0 0 0 1 0 0 0 0 0 0 0 0 0 0 0 0 0 0 0 0 0 0 1 0 0 0 0 0 0 1 0 0 0 0 0 0 0 0 0 0 0 0 0 0 0 0 0 0 0 0 0 0 0 1 0 0 1 1 0 0 0 0 0 0 0 0 0 0 0 0 0 0 1 0 0 1 0 0 0 1 0 0 0 0 0 0 0
geno chr21.44203992 gbr  0 0 0 0 0 0 0 0 0 0 0 0 0 0 0 0 0 0 0 0 0 0 0 0 0 1 0 0 0 0 0 0 0 0 0 1 1 0 0 0 0 0 0 1 0 0 0 0 0 0 0 0 0 1 0 0 0 1 0 0 0 0 0 0 0 0 0 0 0 0 0 0 0 0 0 0 0 0 1 0 0 0 0 0
geno chr21.44203992 tsi  0 1 0 0 0 0 0 0 1 0 0 0 0 0 0 0 0 0 1 0 0 1 0 0 0 0 0 0 1 0 0 0 0 0 0 0 0 0 0 0 1 0 0 0 0 0 0 0 1 0 0 0 1 0 0 0 0 0 1 0 0 0 0 0 0 1 0 1 0 0 0 0 0 0 0 0 0 1 0 0 0 0 1 0 0 0 1 0 0 0 0 0
geno chr21.44203992 yri  1 1 0 1 1 1 1 1 1 1 0 0 0 0 0 2 0 1 1 1 1 0 0 0 0 0 0 0 0 0 1 0 0 0 0 0 0 0 0 2 0 0 0 0 1 0 0 0 0 0 1 0 0 1 0 1 1 0 0 0 0 0 0 0 0 0 0 0 0 0 0 0 0 1 0 0 1
geno chr21.44204734 ceu  1 0 1 1 0 2 0 0 2 1 0 1 0 1 0 0 0 0 0 0 0 0 0 1 1 0 0 0 0 1 2 0 1 0 0 1 0 1 0 0 1 0 0 0 0 0 1 2 0 0 0 0 0 0 0 1 1 1 0 2 1 2 1 1 0 0 0 0 1 1 0 1 2 1 1 0 0 0
geno chr21.44204734 fin  0 1 0 0 0 0 1 0 1 1 1 0 1 0 1 0 1 0 0 1 0 2 0 0 2 0 1 1 1 1 1 1 1 1 0 0 1 0 0 0 0 0 1 1 0 0 0 0 0 0 1 0 1 0 0 0 1 0 1 0 0 0 0 0 0 0 1 0 2 0 0 0 0 0 0 1 0 1 0 0 1 1 1 0 0 0 1 1 0
geno chr21.44204734 gbr  1 1 1 0 1 0 0 0 0 1 1 0 0 1 1 0 0 0 0 0 0 0 0 1 0 0 1 0 0 0 1 0 0 0 0 0 0 2 1 0 1 0 0 0 2 0 1 0 0 1 1 0 1 0 2 0 0 0 0 0 1 1 1 1 1 0 0 0 0 1 0 0 1 0 0 1 0 0 0 0 1 0 0 0
geno chr21.44204734 tsi  0 0 1 1 0 0 1 0 0 0 1 1 1 0 0 0 0 0 0 0 2 1 0 2 0 0 1 0 1 0 1 1 1 1 0 0 0 0 1 2 0 0 0 0 0 0 0 1 0 1 0 0 0 0 1 1 0 2 1 0 2 0 0 1 1 0 0 1 0 1 0 0 2 0 1 0 0 1 1 1 1 0 0 1 0 1 0 0 0 0 0 0
geno chr21.44204734 yri  1 1 0 1 1 0 1 0 1 1 1 0 2 1 0 0 2 0 1 2 0 2 1 1 2 1 2 1 1 1 1 0 1 1 0 2 0 0 1 0 2 1 1 1 1 1 1 1 1 1 1 1 1 1 1 0 0 2 1 0 0 0 0 1 0 2 1 0 2 1 2 1 2 1 1 0 1
geno chr21.44204778 ceu  1 0 1 0 0 2 0 0 1 1 0 0 0 0 0 0 1 0 0 0 0 1 0 0 1 0 1 0 0 2 1 0 1 0 1 1 0 1 0 0 2 0 0 1 0 0 2 1 0 1 0 0 1 2 0 0 0 1 0 0 1 1 0 1 0 0 0 1 1 0 0 0 2 1 0 0 0 1
geno chr21.44204778 fin  0 0 0 1 1 1 0 1 0 1 1 1 1 0 2 0 1 0 0 1 0 1 0 0 0 0 0 2 1 1 0 2 2 0 1 0 1 0 1 1 0 1 1 1 0 0 0 0 0 0 0 0 2 0 1 2 0 0 0 1 0 0 0 0 0 0 0 1 1 0 0 0 0 0 1 0 0 2 0 0 1 2 0 0 0 0 1 0 0
geno chr21.44204778 gbr  0 0 1 0 0 0 0 0 0 1 0 0 0 0 0 0 0 0 0 0 1 1 1 1 0 1 0 0 0 0 1 1 0 1 0 1 1 0 0 0 0 0 0 0 1 0 0 1 1 0 0 0 0 1 0 0 0 1 0 0 0 1 1 0 1 0 0 1 0 1 1 0 2 1 0 1 1 0 1 1 0 1 1 0
geno chr21.44204778 tsi  0 1 1 0 0 0 0 0 1 0 0 0 0 1 0 0 0 0 1 0 0 1 0 1 0 0 0 0 1 0 0 0 0 0 0 0 0 0 1 0 1 0 0 0 0 0 0 2 1 1 0 0 1 0 1 1 1 1 1 0 1 0 0 1 1 1 0 2 0 1 0 0 1 0 0 0 0 1 1 1 0 0 1 1 0 0 1 0 1 0 0 1
geno chr21.44204778 yri  0 1 1 1 1 1 0 0 1 1 1 2 2 0 1 0 1 0 0 0 1 0 1 1 2 0 1 2 0 0 0 0 0 1 1 2 1 0 2 0 0 0 0 0 1 1 1 1 0 0 1 0 0 1 0 0 0 0 0 1 2 1 1 2 1 2 0 1 0 2 2 2 1 0 0 2 1
geno chr21.44205577 ceu  1 0 1 0 0 2 0 1 1 1 0 0 0 0 1 0 1 1 0 0 1 1 0 1 1 0 1 0 0 1 1 0 2 0 1 1 0 1 0 0 1 0 0 1 0 0 2 2 0 1 0 0 0 1 0 1 0 1 0 0 1 2 0 1 0 0 0 0 1 1 0 0 2 1 1 2 0 1
geno chr21.44205577 fin  0 1 0 1 1 0 1 0 1 1 1 1 1 1 1 0 1 0 0 1 0 1 0 0 1 0 1 2 1 1 1 1 2 1 1 0 1 0 1 0 0 1 1 1 0 0 0 0 0 0 1 0 2 0 0 0 1 0 1 0 0 0 0 0 1 0 1 1 1 0 0 0 0 0 1 0 0 1 0 0 1 1 0 1 0 0 1 0 0
geno chr21.44205577 gbr  0 1 0 0 0 0 0 1 1 1 1 0 0 1 1 0 0 0 0 0 1 1 1 1 0 0 0 0 0 0 1 0 1 1 0 0 0 1 1 0 1 0 0 1 1 0 0 1 1 0 2 0 1 0 1 1 0 0 0 0 0 1 1 2 1 0 0 1 0 1 1 0 2 0 0 1 1 1 0 1 1 1 1 0
geno chr21.44205577 tsi  0 0 1 0 0 1 2 0 0 0 1 1 1 1 0 0 0 0 0 0 2 1 0 2 0 1 1 0 1 0 1 1 1 1 0 0 0 0 1 2 0 1 0 0 0 0 0 1 0 2 0 0 0 1 2 1 1 1 1 1 2 0 0 1 1 0 0 1 0 1 0 0 1 0 1 0 0 0 1 1 1 0 0 1 0 2 0 1 1 0 0 1
geno chr21.44205577 yri  1 1 2 0 1 1 1 1 0 1 1 2 2 0 2 0 2 0 1 1 1 1 1 2 2 1 2 2 1 2 1 0 2 2 1 1 2 0 2 0 1 2 1 1 1 1 2 2 1 1 1 0 2 1 1 0 0 2 1 1 2 1 1 2 2 2 1 1 2 2 2 2 1 0 1 2 1
geno chr21.44205926 ceu  1 0 1 0 0 2 0 1 1 1 0 0 0 0 1 0 1 1 0 0 1 1 0 1 1 1 1 0 0 2 1 0 2 0 1 1 0 1 0 1 2 0 0 1 0 0 2 2 0 1 0 0 1 1 0 1 0 1 0 0 1 2 0 1 0 0 1 1 1 1 0 0 2 1 1 2 0 1
geno chr21.44205926 fin  0 1 0 1 1 1 1 0 1 1 1 1 1 1 1 0 1 0 0 1 0 1 0 0 1 0 1 2 1 1 1 2 2 1 1 1 1 0 1 0 0 1 1 1 0 0 0 0 0 0 1 0 2 0 1 1 1 0 2 1 0 0 0 0 1 0 1 1 1 0 0 0 0 0 2 0 0 2 0 0 1 2 0 1 0 0 1 0 0
geno chr21.44205926 gbr  0 1 1 0 0 0 0 1 1 1 1 0 0 1 1 0 0 0 0 0 1 1 1 1 0 1 0 0 0 0 1 0 1 1 0 1 1 1 1 0 1 0 0 2 1 0 0 1 1 0 2 0 1 1 1 1 0 1 0 0 0 1 1 2 1 0 0 1 0 1 1 0 2 0 0 1 1 1 1 1 1 1 1 0
geno chr21.44205926 tsi  0 1 1 0 0 1 2 0 1 0 1 1 1 1 0 0 0 0 1 0 2 2 0 2 0 1 1 0 2 0 1 1 1 1 0 0 0 0 1 2 1 1 0 0 0 0 0 1 1 2 0 0 1 1 2 1 1 1 1 1 2 0 0 1 1 1 0 2 0 1 0 0 1 0 1 0 0 1 1 1 1 0 1 1 1 2 1 1 1 0 0 1
geno chr21.44205926 yri  1 1 2 1 1 1 1 1 1 1 1 2 2 1 2 0 2 0 1 1 1 1 1 2 2 1 2 2 1 2 1 0 2 2 1 1 2 0 2 0 1 2 1 1 1 1 2 2 1 1 1 0 2 1 1 0 0 2 1 2 2 1 1 2 2 2 1 2 2 2 2 2 2 0 1 2 1
geno chr21.44206215 ceu  1 0 1 0 0 2 0 1 1 1 0 0 0 0 1 0 1 1 0 0 1 1 0 1 1 1 1 0 0 2 1 0 2 0 1 1 0 1 0 1 2 0 0 1 0 0 2 2 0 1 0 0 1 1 0 1 0 1 0 0 1 2 0 1 0 0 1 1 1 1 0 0 2 1 1 2 0 1
geno chr21.44206215 fin  0 1 0 1 1 1 1 0 1 1 1 1 1 1 1 0 1 0 0 1 0 1 0 0 1 0 1 2 1 1 1 2 2 1 1 1 1 0 1 0 0 1 1 1 0 0 0 0 0 0 1 0 2 0 1 1 1 0 2 1 0 0 0 0 1 0 1 1 1 0 0 0 0 0 2 0 0 2 0 0 1 2 0 1 0 0 1 0 0
geno chr21.44206215 gbr  0 1 1 0 0 0 0 1 1 1 1 0 0 1 1 0 0 0 0 0 1 1 1 1 0 1 0 0 0 0 1 0 1 1 0 1 1 1 1 0 1 0 0 2 1 0 0 1 1 0 2 0 1 1 1 1 0 1 0 0 0 1 1 2 1 0 0 1 0 1 1 0 2 0 0 1 1 1 1 1 1 1 1 0
geno chr21.44206215 tsi  0 1 1 0 0 1 2 0 1 0 1 1 1 1 0 0 0 0 1 0 2 2 0 2 0 1 1 0 2 0 1 1 1 1 0 0 0 0 1 2 1 1 0 0 0 0 0 1 1 2 0 0 1 1 2 1 1 1 1 1 2 0 0 1 1 1 0 2 0 1 0 0 1 0 1 0 0 1 1 1 1 0 1 1 1 2 1 1 1 0 0 1
geno chr21.44206215 yri  1 1 2 2 1 1 1 1 1 1 1 2 2 1 2 0 2 0 1 1 1 1 1 2 2 1 2 2 1 2 1 0 2 2 1 1 2 0 2 0 1 2 1 1 1 1 2 2 1 1 1 0 2 1 1 0 0 2 1 2 2 1 1 2 2 2 1 2 2 2 2 2 2 0 1 2 1
geno chr21.44207107 ceu  0 0 0 0 0 0 0 0 1 0 0 0 0 0 0 0 0 0 0 0 0 0 0 0 0 0 0 0 0 1 0 0 0 0 0 0 0 0 0 0 0 0 0 0 0 0 1 0 0 1 0 0 0 0 0 0 0 1 0 0 0 1 0 0 0 0 0 0 0 0 0 0 0 0 1 0 0 0
geno chr21.44207107 fin  0 0 0 0 0 0 0 0 0 0 0 0 0 1 0 0 1 0 0 0 0 1 0 0 0 0 0 0 1 0 1 1 0 1 0 0 1 0 0 0 0 0 1 0 0 0 0 0 0 0 0 0 1 0 0 0 0 0 0 0 0 0 0 0 0 0 0 0 1 0 0 0 0 0 0 0 0 0 0 0 0 0 0 0 0 0 0 0 0
geno chr21.44207107 gbr  0 0 0 0 0 0 0 0 0 0 1 0 0 0 1 0 0 0 0 0 0 1 1 0 0 0 0 0 0 0 1 0 0 0 0 0 0 0 0 0 1 0 0 0 1 0 0 0 0 0 0 0 1 0 1 0 0 0 0 0 0 0 0 0 0 0 0 1 0 1 0 0 0 0 0 0 0 0 0 0 1 0 0 0
geno chr21.44207107 tsi  0 0 1 0 0 0 0 0 0 0 0 0 0 0 0 0 0 0 0 0 0 0 0 1 0 0 0 0 0 0 0 1 1 0 0 0 0 0 0 0 0 0 0 0 0 0 0 0 0 1 0 0 0 0 0 0 1 0 0 0 1 0 0 0 0 0 0 0 0 0 0 0 0 0 0 0 0 0 0 0 0 0 0 0 0 0 0 1 0 0 0 0
geno chr21.44207107 yri  0 1 0 0 0 1 0 0 0 0 0 0 0 0 0 1 0 0 0 0 0 0 0 0 0 0 0 1 0 0 0 0 0 0 0 0 0 0 0 0 0 0 0 0 0 0 0 1 0 0 0 0 1 0 0 0 0 0 0 0 0 0 0 0 0 0 0 0 0 0 0 0 0 0 0 0 0
geno chr21.44207140 ceu  1 0 1 0 0 2 0 0 0 0 0 0 0 0 0 0 0 0 0 0 0 0 0 1 0 0 0 0 0 0 0 0 2 0 0 0 0 0 0 0 1 0 0 1 0 0 1 0 0 0 0 0 0 0 0 1 0 0 0 0 1 1 0 1 0 0 0 0 0 1 0 0 0 1 0 1 0 0
geno chr21.44207140 fin  0 0 0 0 0 0 0 0 0 0 1 0 0 0 1 0 0 0 0 0 0 0 0 0 1 0 0 0 0 1 0 0 1 0 0 1 0 0 0 0 0 1 0 0 0 0 0 0 0 0 1 0 1 0 0 0 0 0 0 0 0 0 0 0 0 0 1 0 0 0 0 0 0 0 1 0 0 0 0 0 0 0 0 0 0 0 0 0 0
geno chr21.44207140 gbr  0 0 1 0 0 0 0 0 1 1 0 0 0 1 0 0 0 0 0 0 1 0 0 1 0 0 0 0 0 0 0 0 0 0 0 0 0 0 0 0 0 0 0 0 0 0 0 1 0 0 1 0 0 0 0 0 0 0 0 0 0 1 1 1 0 0 0 0 0 0 1 0 0 0 0 1 0 0 0 0 0 1 0 0
geno chr21.44207140 tsi  0 0 0 0 0 0 0 0 0 0 1 1 0 0 0 0 0 0 0 0 2 0 0 0 0 0 1 0 1 0 1 0 0 1 0 0 0 0 1 1 0 1 0 0 0 0 0 0 0 1 0 0 0 1 1 1 0 1 1 0 0 0 0 1 1 0 0 0 0 1 0 0 1 0 1 0 0 0 1 0 1 0 0 0 1 0 0 0 1 0 0 1
geno chr21.44207140 yri  1 1 2 0 1 1 1 1 0 1 0 2 2 0 2 0 2 0 1 1 1 1 1 2 2 1 2 1 1 2 1 0 2 2 1 1 2 0 2 0 1 1 1 1 1 1 2 1 1 2 1 0 1 0 1 0 0 2 1 1 2 1 1 2 2 2 1 1 2 2 2 2 1 0 1 1 1
geno chr21.44207846 ceu  0 0 0 0 0 0 0 1 1 1 0 0 0 0 1 0 1 1 0 0 1 1 0 0 1 1 1 0 0 2 1 0 0 0 1 1 0 1 0 1 1 0 0 0 0 0 1 2 0 1 0 0 1 1 0 0 0 1 0 0 0 1 0 0 0 0 1 1 1 0 0 0 2 0 1 1 0 1
geno chr21.44207846 fin  0 1 0 1 1 1 1 0 1 1 0 1 1 1 0 0 1 0 0 1 0 1 0 0 0 0 1 2 1 0 1 2 1 1 1 0 1 0 1 0 0 0 1 1 0 0 0 0 0 0 0 0 1 0 1 1 1 0 2 1 0 0 0 0 1 0 0 1 1 0 0 0 0 0 1 0 0 2 0 0 1 2 0 1 0 0 1 0 0
geno chr21.44207846 gbr  0 1 0 0 0 0 0 1 0 0 1 0 0 0 1 0 0 0 0 0 0 1 1 0 0 1 0 0 0 0 1 0 1 1 0 1 1 1 1 0 1 0 0 2 1 0 0 0 1 0 1 0 1 1 1 1 0 1 0 0 0 0 0 1 1 0 0 1 0 1 0 0 2 0 0 0 1 1 1 1 1 0 1 0
geno chr21.44207846 tsi  0 1 1 0 0 1 2 0 1 0 0 0 1 1 0 0 0 0 1 0 0 2 0 2 0 1 0 0 1 0 0 1 1 0 0 0 0 0 0 1 1 0 0 0 0 0 0 1 1 1 0 0 1 0 1 0 1 0 0 1 2 0 0 0 0 1 0 2 0 0 0 0 0 0 0 0 0 1 0 1 0 0 1 1 0 2 1 1 0 0 0 0
geno chr21.44207846 yri  0 1 0 2 0 1 0 0 1 0 1 0 0 0 0 1 0 0 0 0 0 0 0 0 0 0 0 1 0 0 0 0 0 0 0 0 0 0 0 0 0 1 1 0 0 0 0 1 0 0 0 0 1 1 0 0 0 0 0 0 0 0 0 0 0 0 0 0 0 0 0 0 1 0 0 1 0
geno chr21.44208024 ceu  0 0 0 0 0 0 0 1 1 1 0 0 0 0 1 0 1 1 0 0 1 1 0 0 1 1 1 0 0 2 1 0 0 0 1 1 0 1 0 1 1 0 0 0 0 0 1 2 0 1 0 0 1 1 0 0 0 1 0 0 0 1 0 0 0 0 1 1 1 0 0 0 2 0 1 1 0 1
geno chr21.44208024 fin  0 1 0 1 1 1 1 0 1 1 0 1 1 1 0 0 1 0 0 1 0 1 0 0 0 0 1 2 1 0 1 2 1 1 1 0 1 0 1 0 0 0 1 1 0 0 0 0 0 0 0 0 1 0 1 1 1 0 2 1 0 0 0 0 1 0 0 1 1 0 0 0 0 0 1 0 0 2 0 0 1 2 0 1 0 0 1 0 0
geno chr21.44208024 gbr  0 1 0 0 0 0 0 1 0 0 1 0 0 0 1 0 0 0 0 0 0 1 1 0 0 1 0 0 0 0 1 0 1 1 0 1 1 1 1 0 1 0 0 2 1 0 0 0 1 0 1 0 1 1 1 1 0 1 0 0 0 0 0 1 1 0 0 1 0 1 0 0 2 0 0 0 1 1 1 1 1 0 1 0
geno chr21.44208024 tsi  0 1 1 0 0 1 2 0 1 0 0 0 1 1 0 0 0 0 1 0 0 2 0 2 0 1 0 0 1 0 0 1 1 0 0 0 0 0 0 1 1 0 0 0 0 0 0 1 1 1 0 0 1 0 1 0 1 0 0 1 2 0 0 0 0 1 0 2 0 0 0 0 0 0 0 0 0 1 0 1 0 0 1 1 0 2 1 1 0 0 0 0
geno chr21.44208024 yri  0 1 0 1 0 1 0 0 1 0 1 0 0 0 0 1 0 0 0 0 0 0 0 0 0 0 0 1 0 0 0 0 0 0 0 0 0 0 0 0 0 1 0 0 0 0 0 1 0 0 0 0 1 1 0 0 0 0 0 0 0 0 0 0 0 0 0 0 0 0 0 0 1 0 0 1 0
geno chr21.44208433 ceu  0 0 0 0 0 0 0 1 1 1 0 0 0 0 1 0 1 1 0 0 1 1 0 0 1 1 1 0 0 2 1 0 0 0 1 1 0 1 0 1 1 0 0 0 0 0 1 2 0 1 0 0 1 1 0 0 0 1 0 0 0 1 0 0 0 0 1 1 1 0 0 0 2 0 1 1 0 1
geno chr21.44208433 fin  0 1 0 1 1 1 1 0 1 1 0 1 1 1 0 0 1 0 0 1 0 1 0 0 0 0 1 2 1 0 1 2 1 1 1 0 1 0 1 0 0 0 1 1 0 0 0 0 0 0 0 0 1 0 1 1 1 0 2 1 0 0 0 0 1 0 0 1 1 0 0 0 0 0 1 0 0 2 0 0 1 2 0 1 0 0 1 0 0
geno chr21.44208433 gbr  0 1 0 0 0 0 0 1 0 0 1 0 0 0 1 0 0 0 0 0 0 1 1 0 0 1 0 0 0 0 1 0 1 1 0 1 1 1 1 0 1 0 0 2 1 0 0 0 1 0 1 0 1 1 1 1 0 1 0 0 0 0 0 1 1 0 0 1 0 1 0 0 2 0 0 0 1 1 1 1 1 0 1 0
geno chr21.44208433 tsi  0 1 1 0 0 1 2 0 1 0 0 0 1 1 0 0 0 0 1 0 0 2 0 2 0 1 0 0 1 0 0 1 1 0 0 0 0 0 0 1 1 0 0 0 0 0 0 1 1 1 0 0 1 0 1 0 1 0 0 1 2 0 0 0 0 1 0 2 0 0 0 0 0 0 0 0 0 1 0 1 0 0 1 1 0 2 1 1 0 0 0 0
geno chr21.44208433 yri  0 1 0 1 0 1 0 0 1 0 1 0 0 0 0 1 0 0 0 0 0 0 0 0 0 0 0 1 0 0 0 1 0 0 0 1 0 0 0 0 0 1 0 1 0 0 0 1 0 0 0 1 1 1 0 0 0 0 1 0 0 0 0 0 0 0 0 0 0 0 0 0 1 0 0 1 0
geno chr21.44208470 ceu  0 0 0 0 0 0 0 0 0 0 0 0 0 0 0 0 0 0 0 0 0 0 0 0 0 1 0 0 0 1 0 0 0 0 0 0 0 0 0 1 1 0 0 0 0 0 0 0 0 0 0 0 1 0 0 0 0 0 0 0 0 0 0 0 0 0 1 1 0 0 0 0 0 0 0 0 0 0
geno chr21.44208470 fin  0 0 0 0 0 1 0 0 0 0 0 0 0 0 0 0 0 0 0 0 0 0 0 0 0 0 0 0 0 0 0 1 0 0 0 0 0 0 0 0 0 0 0 0 0 0 0 0 0 0 0 0 0 0 1 1 0 0 1 1 0 0 0 0 0 0 0 0 0 0 0 0 0 0 1 0 0 1 0 0 0 1 0 0 0 0 0 0 0
geno chr21.44208470 gbr  0 0 0 0 0 0 0 0 0 0 0 0 0 0 0 0 0 0 0 0 0 0 0 0 0 1 0 0 0 0 0 0 0 0 0 1 1 0 0 0 0 0 0 1 0 0 0 0 0 0 0 0 0 1 0 0 0 1 0 0 0 0 0 0 0 0 0 0 0 0 0 0 0 0 0 0 0 0 1 0 0 0 0 0
geno chr21.44208470 tsi  0 1 0 0 0 0 0 0 1 0 0 0 0 0 0 0 0 0 1 0 0 1 0 0 0 0 0 0 1 0 0 0 0 0 0 0 0 0 0 0 1 0 0 0 0 0 0 0 1 0 0 0 1 0 0 0 0 0 0 0 0 0 0 0 0 1 0 1 0 0 0 0 0 0 0 0 0 1 0 0 0 0 1 0 0 0 1 0 0 0 0 0
geno chr21.44208470 yri  0 0 0 0 0 0 0 0 0 0 0 0 0 0 0 0 0 0 0 0 0 0 0 0 0 0 0 0 0 0 0 0 0 0 0 0 0 0 0 0 0 0 0 0 0 0 0 0 0 0 0 0 0 0 0 0 0 0 0 0 0 0 0 0 0 0 0 0 0 0 0 0 0 0 0 0 0
geno chr21.44208864 ceu  0 1 0 0 0 0 0 0 0 0 0 1 0 1 0 0 0 0 0 0 0 0 0 0 0 1 0 0 0 0 0 0 0 1 0 0 0 0 0 0 0 0 0 0 0 0 0 0 0 0 0 0 0 0 0 0 0 0 0 0 0 0 0 0 0 0 0 0 0 0 0 0 0 0 0 0 0 0
geno chr21.44208864 fin  0 1 0 0 0 0 0 0 0 0 0 0 0 0 0 0 0 0 0 0 0 0 0 0 0 0 0 0 1 0 0 0 0 0 1 0 0 0 0 0 0 0 0 0 0 0 0 0 0 0 0 0 0 0 0 0 0 0 0 0 0 0 0 0 0 0 0 0 0 1 0 0 0 0 0 0 0 0 0 0 0 0 0 0 0 0 0 0 0
geno chr21.44208864 gbr  0 0 0 0 0 0 0 0 0 0 0 0 0 0 0 0 1 0 2 0 0 0 0 0 0 0 0 0 0 1 0 0 0 0 0 0 0 0 0 0 0 0 0 0 0 0 0 0 1 1 0 0 0 0 0 0 0 0 1 0 0 1 0 0 0 0 0 0 0 1 0 0 0 0 0 0 0 0 1 0 0 0 0 1
geno chr21.44208864 tsi  0 0 0 0 0 0 0 0 0 0 0 0 0 0 0 0 0 0 0 0 0 0 2 0 0 0 0 0 0 0 0 0 0 0 0 0 0 0 0 0 0 0 0 0 0 0 1 0 1 0 0 0 0 0 0 1 0 0 0 0 0 0 1 0 0 0 1 0 0 0 0 0 0 0 0 0 0 0 0 0 0 0 1 0 0 0 1 0 0 0 0 0
geno chr21.44208864 yri  0 0 0 0 0 0 0 0 0 0 0 0 0 0 0 0 0 0 0 0 0 0 0 0 0 0 0 0 0 0 0 0 0 0 0 0 0 0 0 0 0 0 0 0 0 0 0 0 0 0 0 0 0 0 0 0 0 0 0 0 0 0 0 0 0 0 0 0 0 0 0 0 0 0 0 0 0
geno chr21.44209097 ceu  0 0 1 0 0 0 0 1 1 1 0 0 0 0 1 0 1 1 0 0 1 1 0 0 1 0 1 0 0 1 1 0 0 0 1 1 0 1 0 0 0 0 0 0 0 0 0 2 0 0 0 0 0 1 0 0 0 0 0 0 0 0 0 0 0 0 0 0 1 0 0 0 2 0 0 1 0 1
geno chr21.44209097 fin  0 1 0 1 1 0 1 0 1 1 0 1 1 0 0 0 1 0 0 1 0 0 0 0 0 0 1 2 1 0 0 1 1 1 1 0 1 0 1 0 0 0 0 1 0 0 0 0 0 0 0 0 1 0 0 0 1 0 1 0 0 0 0 0 1 0 0 1 1 0 0 0 0 0 0 0 0 1 0 0 1 1 0 1 0 0 1 0 0
geno chr21.44209097 gbr  0 1 0 0 0 0 0 1 0 0 0 0 0 0 0 0 0 0 0 0 0 0 0 0 0 0 0 0 0 0 0 0 1 1 0 0 0 1 1 0 0 0 0 1 1 0 0 0 1 0 1 0 0 0 1 1 0 0 0 0 0 0 0 1 1 0 0 0 0 1 0 0 2 0 0 0 1 1 0 1 0 0 1 0
geno chr21.44209097 tsi  0 0 0 0 0 1 2 0 0 0 0 0 1 1 0 0 0 0 0 0 0 1 0 1 0 1 0 0 0 0 0 0 0 0 0 0 0 0 0 1 0 0 0 0 0 0 0 1 0 0 0 0 0 0 1 0 0 0 0 1 1 0 0 0 0 0 0 1 0 0 0 0 0 0 0 0 0 0 0 1 0 0 0 1 0 2 0 0 0 0 0 0
geno chr21.44209097 yri  0 0 0 0 0 0 0 0 0 0 1 0 0 0 0 0 0 0 0 0 0 0 0 0 0 1 0 1 0 0 0 1 0 0 0 1 0 0 0 0 0 1 0 1 0 0 0 1 0 0 0 1 1 1 0 0 0 0 1 0 0 0 0 0 0 0 0 0 0 0 0 0 0 0 0 1 0
geno chr21.44209113 ceu  0 0 1 0 0 0 0 1 1 1 0 0 0 0 1 0 1 1 0 0 1 1 0 0 1 0 1 0 0 1 1 0 0 0 1 1 0 1 0 0 0 0 0 0 0 0 0 2 0 0 0 0 0 1 0 0 0 0 0 0 0 0 0 0 0 0 0 0 1 0 0 0 2 0 0 1 0 1
geno chr21.44209113 fin  0 1 0 1 1 0 1 0 1 1 0 1 1 0 0 0 1 0 0 1 0 0 0 0 0 0 1 2 1 0 0 1 1 1 1 0 1 0 1 0 0 0 0 1 0 0 0 0 0 0 0 0 1 0 0 0 1 0 1 0 0 0 0 0 1 0 0 1 1 0 0 0 0 0 0 0 0 1 0 0 1 1 0 1 0 0 1 0 0
geno chr21.44209113 gbr  0 1 0 0 0 0 0 1 0 0 0 0 0 0 0 0 0 0 0 0 0 0 0 0 0 0 0 0 0 0 0 0 1 1 0 0 0 1 1 0 0 0 0 1 1 0 0 0 1 0 1 0 0 0 1 1 0 0 0 0 0 0 0 1 1 0 0 0 0 1 0 0 2 0 0 0 1 1 0 1 0 0 1 0
geno chr21.44209113 tsi  0 0 0 0 0 1 2 0 0 0 0 0 1 1 0 0 0 0 0 0 0 1 0 1 0 1 0 0 0 0 0 0 0 0 0 0 0 0 0 1 0 0 0 0 0 0 0 1 0 0 0 0 0 0 1 0 0 0 0 1 1 0 0 0 0 0 0 1 0 0 0 0 0 0 0 0 0 0 0 1 0 0 0 1 0 2 0 0 0 0 0 0
geno chr21.44209113 yri  0 0 0 0 0 0 0 0 0 0 1 0 0 0 0 0 0 0 0 0 0 0 0 0 0 1 0 1 0 0 0 1 0 0 0 1 0 0 0 0 0 1 0 1 0 0 0 1 0 0 0 1 1 1 0 0 0 0 1 0 0 0 0 0 0 0 0 0 0 0 0 0 0 0 0 1 0
geno chr21.44209322 ceu  0 0 1 0 0 0 0 1 1 1 0 0 0 0 1 0 1 1 0 0 1 1 0 0 1 0 1 0 0 1 1 0 0 0 1 1 0 1 0 0 0 0 0 0 0 0 0 2 0 0 0 0 0 1 0 0 0 0 0 0 0 0 0 0 0 0 0 0 1 0 0 0 2 0 0 1 0 1
geno chr21.44209322 fin  0 1 0 1 1 0 1 0 1 1 0 1 1 0 0 0 1 0 0 1 0 0 0 0 0 0 1 2 1 0 0 1 1 1 1 0 1 0 1 0 0 0 0 1 0 0 0 0 0 0 0 0 1 0 0 0 1 0 1 0 0 0 0 0 1 0 0 1 1 0 0 0 0 0 0 0 0 1 0 0 1 1 0 1 0 0 1 0 0
geno chr21.44209322 gbr  0 1 0 0 0 0 0 1 0 0 0 0 0 0 0 0 0 0 0 0 0 0 0 0 0 0 0 0 0 0 0 0 1 1 0 0 0 1 1 0 0 0 0 1 1 0 0 0 1 0 1 0 0 0 1 1 0 0 0 0 0 0 0 1 1 0 0 0 0 1 0 0 2 0 0 0 1 1 0 1 0 0 1 0
geno chr21.44209322 tsi  0 0 0 0 0 1 2 0 0 0 0 0 1 1 0 0 0 0 0 0 0 1 0 1 0 1 0 0 0 0 0 0 0 0 0 0 0 0 0 1 0 0 0 0 0 0 0 1 0 0 0 0 0 0 1 0 0 0 0 1 1 0 0 0 0 0 0 1 0 0 0 0 0 0 0 0 0 0 0 1 0 0 0 1 0 2 0 0 0 0 0 0
geno chr21.44209322 yri  0 0 0 0 0 0 0 0 0 0 1 0 0 0 0 0 0 0 0 0 0 0 0 0 0 1 0 1 0 0 0 1 0 0 0 1 0 0 0 0 0 1 0 1 0 0 0 1 0 0 0 1 1 1 0 0 0 0 1 0 0 0 0 0 0 0 0 0 0 0 0 0 0 0 0 1 0
geno chr21.44209345 ceu  0 1 1 0 1 1 0 1 1 1 0 1 0 1 1 1 1 1 0 0 1 1 1 1 1 1 1 0 0 2 1 0 1 1 1 1 0 1 1 1 2 0 1 1 0 0 2 2 0 1 0 0 1 1 0 1 0 1 0 0 1 2 0 1 0 0 1 1 1 1 0 0 2 1 1 2 0 1
geno chr21.44209345 fin  0 2 0 1 1 1 1 0 1 1 1 1 1 1 1 0 1 0 1 1 0 1 0 0 2 0 1 2 2 1 1 2 2 1 2 1 1 0 1 0 0 1 1 1 0 0 0 0 0 0 1 0 2 0 1 1 1 0 2 1 0 0 0 0 1 0 1 1 1 1 0 0 0 0 2 0 0 2 0 0 1 2 0 1 0 0 1 0 0
geno chr21.44209345 gbr  0 1 1 0 0 0 0 1 1 1 1 0 0 1 1 0 1 0 2 0 1 1 1 1 0 1 0 0 0 2 1 0 1 1 0 2 1 1 1 0 1 0 0 2 1 0 0 1 2 1 1 0 1 1 1 1 0 1 1 0 0 1 1 2 1 0 0 1 0 2 1 0 2 0 0 0 1 1 2 1 1 1 1 1
geno chr21.44209345 tsi  0 1 1 0 0 1 2 0 0 0 1 1 1 1 0 0 0 0 1 0 2 2 2 2 0 1 0 0 1 0 1 1 1 0 0 0 0 0 0 1 1 0 0 0 0 0 1 1 2 2 0 0 1 1 2 1 1 1 0 1 2 0 1 0 1 0 1 2 0 1 0 0 1 0 1 0 0 1 0 1 1 0 2 1 1 2 2 0 1 0 0 0
geno chr21.44209345 yri  2 2 2 2 2 2 1 2 2 2 2 2 2 2 2 2 2 2 2 1 1 2 2 2 2 2 2 2 2 2 2 2 2 2 2 2 2 1 2 2 2 2 2 2 2 1 2 1 2 1 2 2 2 2 2 2 1 2 2 2 2 2 1 2 2 2 2 2 1 2 2 2 2 2 2 1 2
geno chr21.44209354 ceu  0 0 0 0 1 0 0 0 0 0 0 0 0 0 0 0 0 0 0 0 0 0 0 0 0 0 0 0 0 1 0 0 0 0 0 0 0 0 0 1 1 0 0 0 0 0 1 0 0 1 0 0 1 0 0 0 0 1 0 0 0 1 0 0 0 0 1 1 0 0 0 0 0 0 1 0 0 0
geno chr21.44209354 fin  0 0 0 0 0 1 0 0 0 0 0 0 0 1 0 0 0 0 1 0 0 1 0 0 0 0 0 0 0 0 1 1 0 0 0 0 0 0 0 0 0 0 1 0 0 0 0 0 0 0 0 0 0 0 1 1 0 0 1 1 0 0 0 0 0 0 0 0 0 0 0 0 0 0 1 0 0 0 0 0 0 1 0 0 0 0 0 0 0
geno chr21.44209354 gbr  0 0 0 0 0 0 0 0 0 0 1 0 0 0 1 0 0 0 0 0 0 1 1 0 0 1 0 0 0 0 1 0 0 0 0 1 1 0 0 0 1 0 0 1 0 0 0 0 0 0 0 0 1 1 0 0 0 1 0 0 0 0 0 0 0 0 0 1 0 0 0 0 0 0 0 0 0 0 1 0 1 0 0 0
geno chr21.44209354 tsi  0 1 1 0 0 0 0 0 0 0 0 0 0 0 0 0 0 0 1 0 0 1 0 1 0 0 0 0 0 0 0 1 1 0 0 0 0 0 0 0 1 0 0 0 0 0 0 0 1 1 0 0 1 0 0 0 1 0 0 0 1 0 0 0 0 0 0 0 0 0 0 0 0 0 0 0 0 1 0 0 0 0 1 0 0 0 1 0 0 0 0 0
geno chr21.44209354 yri  0 0 0 0 0 0 0 0 0 0 0 0 0 0 0 0 0 0 0 0 0 0 0 0 0 0 0 0 0 0 0 0 0 0 0 0 0 0 0 0 0 0 0 0 0 0 0 0 0 0 0 0 0 0 0 0 0 0 0 0 0 0 0 0 0 0 0 0 0 0 0 0 0 0 0 0 0
geno chr21.44209374 ceu  0 1 0 0 0 0 0 0 0 0 0 1 0 1 0 1 0 0 0 0 0 0 1 0 0 1 0 0 0 0 0 0 0 1 0 0 0 0 1 0 0 0 1 0 0 0 0 0 0 0 0 0 0 0 0 0 0 0 0 0 0 0 0 0 0 0 0 0 0 0 0 0 0 0 0 0 0 0
geno chr21.44209374 fin  0 1 0 0 0 0 0 0 0 0 0 0 0 0 0 0 0 0 0 0 0 0 0 0 0 0 0 0 1 0 0 0 0 0 1 0 0 0 0 0 0 0 0 0 0 0 0 0 0 0 0 0 0 0 0 0 0 0 0 0 0 0 0 0 0 0 0 0 0 1 0 0 0 0 0 0 0 0 0 0 0 0 0 0 0 0 0 0 0
geno chr21.44209374 gbr  0 0 0 0 0 0 0 0 0 0 0 0 0 0 0 0 1 0 2 0 0 0 0 0 0 0 0 0 0 2 0 0 0 0 0 1 0 0 0 0 0 0 0 0 0 0 0 0 1 1 0 0 0 0 0 0 0 0 1 0 0 1 0 0 0 0 0 0 0 1 0 0 0 0 0 0 0 0 1 0 0 0 0 1
geno chr21.44209374 tsi  0 0 0 0 0 0 0 0 0 0 0 0 0 0 0 0 0 0 0 0 0 0 2 0 0 0 0 0 0 0 0 0 0 0 0 0 0 0 0 0 0 0 0 0 0 0 1 0 1 0 0 0 0 0 0 1 0 0 0 0 0 0 1 0 0 0 1 0 0 0 0 0 0 0 0 0 0 0 0 0 0 0 1 0 0 0 1 0 0 0 0 0
geno chr21.44209374 yri  0 0 0 2 0 1 0 0 1 0 0 0 0 0 0 1 0 0 0 0 0 0 0 0 0 0 0 0 0 0 0 0 0 0 0 0 0 0 0 0 0 0 1 0 0 0 0 0 0 0 0 0 0 0 0 0 0 0 0 0 0 0 0 0 0 0 0 0 0 0 0 0 1 0 0 0 0
geno chr21.44210786 ceu  2 1 2 2 2 2 2 2 2 2 2 1 2 1 2 1 2 2 2 2 2 2 1 2 2 1 2 2 2 2 2 2 2 1 2 2 2 2 1 2 2 2 1 2 2 2 2 2 2 2 2 2 2 2 2 2 2 2 2 2 2 2 2 2 2 2 2 2 2 2 2 2 2 2 2 2 2 2
geno chr21.44210786 fin  2 2 2 2 2 2 2 2 2 2 2 2 2 2 2 2 2 2 2 2 2 2 1 2 2 2 2 2 2 2 2 2 2 2 2 2 2 2 2 2 2 2 2 2 2 2 2 2 2 2 2 2 2 2 1 2 2 2 2 2 2 2 2 2 2 2 2 2 2 1 2 2 2 2 2 2 2 2 2 2 2 2 2 2 2 2 2 2 2
geno chr21.44210786 gbr  2 2 2 2 2 2 2 2 2 2 2 2 2 2 2 2 1 2 1 2 2 2 2 2 2 2 2 2 2 1 2 2 2 2 2 0 2 2 2 2 2 2 2 2 2 2 2 2 1 1 2 2 2 2 2 2 2 2 1 2 2 2 2 2 2 2 2 2 2 1 2 2 2 2 2 2 2 2 1 2 2 2 2 2
geno chr21.44210786 tsi  2 2 2 2 2 2 2 2 2 2 2 2 2 2 2 2 2 2 2 2 2 2 1 2 2 2 2 2 2 2 2 2 2 2 2 2 2 2 2 2 2 2 2 2 2 2 1 2 1 2 2 2 2 2 2 1 2 2 2 2 2 2 2 2 2 2 2 2 2 2 2 2 2 2 2 2 2 2 2 2 2 2 1 2 2 2 2 2 2 2 2 2
geno chr21.44210786 yri  2 2 2 0 2 1 2 2 1 2 2 2 2 2 2 2 2 2 2 2 2 2 2 2 2 2 2 2 2 2 2 2 2 2 2 2 2 2 2 2 2 2 1 2 2 2 2 2 2 2 2 2 2 2 2 2 2 2 2 2 2 2 2 2 2 2 2 2 2 2 2 2 1 2 2 2 2
geno chr21.44210953 ceu  0 0 0 0 1 0 0 0 0 0 0 0 0 0 0 0 0 0 0 0 0 0 0 0 0 1 0 0 0 1 0 0 0 0 0 0 0 0 0 1 1 0 0 0 0 0 1 0 0 1 0 0 1 0 0 0 0 1 0 0 0 1 0 0 0 0 1 1 0 0 0 0 0 0 1 0 0 0
geno chr21.44210953 fin  0 0 0 0 0 1 0 0 0 0 0 0 0 1 0 0 0 0 1 0 0 1 0 0 0 0 0 0 0 0 1 1 0 0 0 0 0 0 0 0 0 0 1 0 0 0 0 0 0 0 0 0 0 0 0 1 0 0 0 1 0 0 0 0 0 0 0 0 0 0 0 1 0 0 1 0 0 0 0 0 0 1 0 0 0 0 0 0 0
geno chr21.44210953 gbr  0 1 0 0 0 0 0 0 0 0 1 0 0 0 1 0 0 0 0 1 0 1 1 0 0 0 0 0 1 0 1 0 0 0 0 0 1 0 0 0 1 0 0 1 0 0 0 0 0 0 0 0 1 1 0 0 0 1 0 0 0 0 0 0 0 0 0 1 0 0 0 0 0 0 0 0 0 0 1 0 1 0 0 0
geno chr21.44210953 tsi  0 1 1 0 0 0 0 0 0 0 0 0 0 0 0 0 0 0 1 0 0 1 0 1 0 0 0 0 1 0 0 1 1 0 0 0 0 0 0 0 1 0 0 0 0 0 0 0 1 1 0 0 0 0 0 0 1 0 0 1 1 1 0 0 0 0 0 1 0 0 0 0 0 0 0 0 0 1 0 0 0 0 1 0 0 0 1 0 0 0 0 0
geno chr21.44210953 yri  0 0 0 0 0 0 0 0 0 0 0 0 0 0 0 0 0 0 0 0 0 0 0 0 0 0 0 0 0 0 0 0 0 0 0 0 0 0 0 0 0 0 0 0 0 0 0 0 0 0 0 0 0 0 0 0 0 0 0 0 0 0 0 0 0 0 0 0 0 0 0 0 0 0 0 0 0
geno chr21.44211260 ceu  2 1 2 2 2 2 2 2 2 2 2 1 2 1 2 1 2 2 2 2 2 2 1 2 2 1 2 2 2 2 2 2 2 1 2 2 2 2 1 2 2 2 1 2 2 2 2 2 2 2 2 2 2 2 2 2 2 2 2 2 2 2 2 2 2 2 2 2 2 2 2 2 2 2 2 2 2 2
geno chr21.44211260 fin  2 2 2 2 2 2 2 2 2 2 2 2 2 2 2 2 2 2 2 2 2 2 1 2 2 2 2 2 2 2 2 2 2 2 2 2 2 2 2 2 2 2 2 2 2 2 2 2 2 2 2 2 2 2 1 2 2 2 2 2 2 2 2 2 2 2 2 2 2 1 2 2 2 2 2 2 2 2 2 2 2 2 2 2 2 2 2 2 2
geno chr21.44211260 gbr  2 2 2 2 2 2 2 2 2 2 2 2 2 2 2 2 1 2 1 2 2 2 2 2 2 2 2 2 2 1 2 2 2 2 2 0 2 2 2 2 2 2 2 2 2 2 2 2 1 1 2 2 2 2 2 2 2 2 1 2 2 2 2 2 2 2 2 2 2 1 2 2 2 2 2 2 2 2 1 2 2 2 2 2
geno chr21.44211260 tsi  2 2 2 2 2 2 2 2 2 2 2 2 2 2 2 2 2 2 2 2 2 2 1 2 2 2 2 2 2 2 2 2 2 2 2 2 2 2 2 2 2 2 2 2 2 2 1 2 1 2 2 2 2 2 2 1 2 2 2 2 2 2 2 2 2 2 2 2 2 2 2 2 2 2 2 2 2 2 2 2 2 2 1 2 2 2 2 2 2 2 2 2
geno chr21.44211260 yri  2 2 2 0 2 1 2 2 1 2 2 2 2 2 2 2 2 2 2 2 2 2 2 2 2 2 2 2 2 2 2 2 2 2 2 2 2 2 2 2 2 2 1 2 2 2 2 2 2 2 2 2 2 2 2 2 2 2 2 2 2 2 2 2 2 2 2 2 2 2 2 2 1 2 2 2 2
geno chr21.44212275 ceu  0 0 0 0 1 0 0 0 0 0 0 0 0 0 0 0 0 0 0 0 0 0 0 0 0 1 0 0 0 1 0 0 0 0 0 0 0 0 0 1 1 0 0 0 0 0 1 0 0 1 0 0 1 0 0 0 0 1 0 0 0 1 0 0 0 0 1 1 0 0 0 0 0 0 1 0 0 0
geno chr21.44212275 fin  0 0 0 0 0 1 0 0 0 0 0 0 0 1 0 0 0 0 1 0 0 1 0 0 1 0 0 0 0 0 1 1 0 0 0 0 0 0 0 0 0 0 1 0 0 0 0 0 0 0 0 0 0 0 0 1 0 0 0 1 0 0 0 0 0 0 0 0 0 0 0 1 0 0 1 0 0 0 0 0 0 1 0 0 0 0 0 0 0
geno chr21.44212275 gbr  0 1 0 0 0 0 0 0 0 0 1 0 0 0 1 0 0 0 0 1 0 1 1 0 0 0 0 0 1 0 1 0 0 0 0 0 1 0 0 0 1 0 0 1 0 0 0 0 0 0 0 0 1 1 0 0 0 1 0 0 0 0 0 0 0 0 0 1 0 0 0 0 0 0 0 0 0 0 1 0 1 0 0 0
geno chr21.44212275 tsi  0 1 1 0 0 0 0 0 0 0 0 0 0 0 0 0 0 0 1 0 0 1 0 1 0 0 0 0 1 0 0 1 1 0 0 0 0 0 0 0 1 0 0 0 0 0 0 0 1 1 0 0 0 0 0 0 1 0 0 1 1 1 0 0 0 0 0 1 0 0 0 0 0 0 0 0 0 1 0 0 0 0 1 0 0 0 1 0 0 0 0 0
geno chr21.44212275 yri  1 0 0 0 1 0 0 1 1 0 0 0 0 0 0 0 0 0 0 1 0 0 0 0 0 0 0 0 0 0 1 0 0 0 0 0 0 0 0 1 0 0 0 0 0 0 0 0 0 0 1 0 0 1 0 1 0 0 0 0 0 0 0 0 0 0 0 0 0 0 0 0 0 1 0 0 0
geno chr21.44212494 ceu  0 0 0 0 1 0 0 0 0 0 0 0 0 0 0 0 0 0 0 0 0 0 0 0 0 1 0 0 0 1 0 0 0 0 0 0 0 0 0 1 1 0 0 0 0 0 1 0 0 1 0 0 1 0 0 0 0 1 0 0 0 1 0 0 0 0 1 1 0 0 0 0 0 0 1 0 0 0
geno chr21.44212494 fin  0 0 0 0 0 1 0 0 0 0 0 0 0 1 0 0 0 0 1 0 0 1 0 0 0 0 0 0 0 0 1 1 0 0 0 0 0 0 0 0 0 0 1 0 0 0 0 0 0 0 0 0 0 0 0 1 0 0 0 1 0 0 0 0 0 0 0 0 0 0 0 1 0 0 1 0 0 0 0 0 0 1 0 0 0 0 0 0 0
geno chr21.44212494 gbr  0 1 0 0 0 0 0 0 0 0 1 0 0 0 1 0 0 0 0 1 0 1 1 0 0 0 0 0 1 0 1 0 0 0 0 0 1 0 0 0 1 0 0 1 0 0 0 0 0 0 0 0 1 1 0 0 0 1 0 0 0 0 0 0 0 0 0 1 0 0 0 0 0 0 0 0 0 0 1 0 1 0 0 0
geno chr21.44212494 tsi  0 1 1 0 0 0 0 0 0 0 0 0 0 0 0 0 0 0 1 0 0 1 0 1 0 0 0 0 1 0 0 1 1 0 0 0 0 0 0 0 1 0 0 0 0 0 0 0 1 1 0 0 0 0 0 0 1 0 0 1 1 1 0 0 0 0 0 1 0 0 0 0 0 0 0 0 0 1 0 0 0 0 1 0 0 0 1 0 0 0 0 0
geno chr21.44212494 yri  0 0 0 0 0 0 0 0 0 0 0 0 0 0 0 0 0 0 0 0 0 0 0 0 0 0 0 0 0 0 0 0 0 0 0 0 0 0 0 0 0 0 0 0 0 0 0 0 0 0 0 0 0 0 0 0 0 0 0 0 0 0 0 0 0 0 0 0 0 0 0 0 0 0 0 0 0
geno chr21.44212682 ceu  2 1 2 2 2 2 2 2 2 2 2 1 2 1 2 1 2 2 2 2 2 2 1 2 2 1 1 2 2 2 2 2 2 1 2 2 2 2 1 2 2 2 1 2 2 2 2 2 2 2 2 2 2 2 2 2 2 2 2 2 2 2 2 2 2 2 2 2 2 2 2 2 2 2 2 2 2 2
geno chr21.44212682 fin  2 2 2 2 2 2 2 2 2 2 2 2 2 2 2 2 2 2 2 2 2 2 1 2 2 2 2 2 2 2 2 2 2 2 2 2 2 2 2 2 2 2 2 2 2 2 2 2 2 2 2 2 2 2 1 2 2 2 2 2 2 2 2 2 1 2 2 2 2 1 2 2 2 2 2 2 2 2 2 2 2 2 2 2 2 2 2 2 2
geno chr21.44212682 gbr  2 2 2 2 2 2 1 2 2 2 2 2 2 2 2 2 1 2 1 2 2 2 2 2 2 2 2 2 2 1 2 2 2 2 2 0 2 2 2 2 2 2 2 2 2 2 2 2 1 1 2 2 2 2 2 2 2 2 1 2 2 2 2 2 2 2 2 2 2 1 2 2 2 2 2 2 2 1 1 2 2 2 2 2
geno chr21.44212682 tsi  2 2 2 2 2 2 2 2 2 2 2 2 2 2 2 2 2 2 2 2 2 2 1 2 2 2 2 2 2 2 2 2 2 2 2 2 2 2 2 2 2 2 2 2 2 2 1 2 1 2 2 2 2 2 2 1 2 2 2 2 2 2 2 2 2 2 2 2 2 2 2 2 2 2 2 2 2 2 2 2 2 2 1 2 2 2 2 2 2 2 2 2
geno chr21.44212682 yri  2 2 2 0 2 1 2 2 1 2 2 2 2 2 2 2 2 2 2 2 2 2 2 2 2 2 2 2 2 2 2 2 2 2 2 2 2 2 2 2 2 2 1 2 2 2 2 2 2 2 2 2 2 2 2 2 2 2 2 2 2 2 2 2 2 2 2 2 2 2 2 2 1 2 2 2 2
geno chr21.44212732 ceu  2 1 2 1 1 2 2 2 2 2 2 0 2 1 2 1 2 1 2 2 2 2 1 1 2 0 1 2 2 1 2 2 2 1 2 2 2 2 1 1 1 2 1 2 2 2 1 2 1 1 2 2 1 2 2 2 2 1 2 0 2 1 2 2 2 1 1 0 2 2 2 2 2 2 1 2 2 2
geno chr21.44212732 fin  2 2 2 2 2 1 2 2 2 2 2 1 2 1 2 2 2 2 1 2 2 1 0 2 1 2 2 2 2 2 1 1 2 2 2 2 2 2 2 2 2 2 1 2 2 2 2 2 2 2 2 1 2 2 1 1 1 2 2 1 2 2 2 2 1 2 2 2 2 0 1 1 2 2 1 1 2 2 2 2 2 1 2 2 2 2 2 1 1
geno chr21.44212732 gbr  1 1 2 2 1 2 1 2 2 1 0 2 2 2 1 2 1 2 1 1 2 1 1 1 2 2 2 1 1 1 1 2 2 2 1 0 1 1 2 2 1 2 1 1 2 2 1 2 1 1 2 2 1 1 2 2 2 1 1 2 1 2 2 2 2 2 2 1 2 1 2 2 1 1 2 2 2 1 0 2 1 2 2 2
geno chr21.44212732 tsi  1 1 1 2 2 2 2 2 1 2 2 1 1 2 1 2 2 2 0 1 2 1 1 1 1 2 2 2 1 2 1 1 1 2 1 2 2 2 2 2 1 2 2 2 2 1 1 2 0 1 2 2 2 2 2 1 1 2 2 1 1 1 1 2 2 1 2 1 2 2 2 2 2 1 2 2 2 1 2 2 2 2 0 1 2 2 1 2 2 2 2 2
geno chr21.44212732 yri  1 1 2 0 1 1 1 0 0 1 2 2 2 1 2 2 2 1 2 1 2 1 2 2 2 2 2 2 2 1 1 2 0 1 1 2 1 2 1 1 2 2 1 1 1 2 2 1 1 1 1 2 0 1 1 1 1 1 2 2 1 2 2 1 1 1 2 2 1 2 1 2 0 1 2 2 2
geno chr21.44212900 ceu  2 1 1 2 1 2 2 1 1 0 2 1 2 1 1 1 1 1 2 2 1 1 1 2 1 0 1 2 2 0 1 2 2 1 1 1 2 1 1 1 1 2 1 2 2 2 1 0 2 1 2 2 1 1 2 2 2 1 2 2 2 1 2 2 2 2 1 1 1 2 2 2 0 2 1 2 2 1
geno chr21.44212900 fin  2 1 2 1 1 1 1 2 1 1 2 1 1 1 2 2 1 2 1 1 2 1 1 2 1 2 1 0 2 2 1 0 1 1 1 2 1 2 1 2 2 2 1 1 2 2 2 2 2 2 2 2 1 2 1 1 1 2 1 1 2 2 2 2 0 2 2 1 1 0 2 1 2 2 1 2 2 1 2 2 1 0 2 1 2 2 1 2 2
geno chr21.44212900 gbr  2 0 2 2 2 2 1 1 2 2 1 2 2 2 1 2 1 2 1 1 2 1 1 2 2 2 2 2 1 1 1 2 1 1 2 0 1 1 1 2 1 2 2 0 1 2 2 2 0 1 1 2 1 1 1 1 2 1 1 2 2 2 2 1 1 2 2 1 2 0 2 2 0 2 2 2 1 1 0 1 1 2 1 2
geno chr21.44212900 tsi  2 1 1 2 2 1 0 2 2 2 2 1 1 1 2 2 2 2 1 2 2 0 1 0 2 1 2 2 1 2 2 1 1 2 2 2 2 2 2 1 1 2 2 2 2 2 1 1 0 1 2 2 2 2 1 1 1 2 2 1 0 1 2 2 2 2 2 0 2 2 1 2 2 2 2 1 2 1 2 1 2 2 0 1 2 0 1 2 2 2 2 2
geno chr21.44212900 yri  1 1 2 0 1 1 1 1 0 2 2 2 2 2 2 2 2 1 1 1 1 2 2 2 2 2 2 1 2 2 1 2 2 2 2 1 2 2 2 1 2 1 1 2 2 2 2 1 2 2 1 2 1 0 2 1 1 2 2 2 2 2 2 2 2 2 2 2 2 2 2 2 1 1 2 2 2
