pheno ENSG00000185669 ceu -3.044084 -2.035413 -1.040071 -1.303028 -1.688243 -0.3363109 0.5102364 -2.523157 -3.259829 -0.6511305 -1.11936 -0.1082556 -1.392149 -0.3368154 -1.555829 -0.8204813 -3.192801 -2.756066 -1.067399 1.381083 -0.0350413 -2.668133 -0.3832922 -3.321564 -2.714447 -2.378746 -4.02396 0.2323479 -0.7694767 0.6438361 0.2620453 -4.087694 -1.723392 0.8694331 -0.122742 -1.812313 -1.253176 -0.9425345 -0.3714156 -3.334028 -0.4445894 -1.372203 0.4992843 -0.2502806 0.02341352 -1.798825 -1.298127 -2.173532 -0.5522222 -1.057948 -1.437008 -1.152686 -1.209833 -1.538423 -1.378302 -1.507418 -0.1240377 0.1178376 -1.499514 -0.5696355 -2.173647 -2.648026 -2.294318 -1.506055 -2.243096 -0.6358344 -0.07768773 0.05812765 -0.6628388 -1.856526 -1.411577 -0.4770307 -0.8427869 -1.327643 -1.683692 -2.080923 -0.9897134 -0.07716004
pheno ENSG00000185669 fin -1.026606 -2.139281 0.6346329 -1.435764 -0.7337904 1.284759 -0.3349232 -0.2746544 0.8132908 0.3499896 0.727958 0.5463202 -0.2754334 0.9806804 0.1104586 -0.5518921 -1.022773 0.5631099 0.6850532 -0.6069519 -0.8390675 0.09646689 1.528806 -0.8312934 1.413374 0.2241896 -0.7449323 -0.1538213 1.393764 0.3331909 -0.1832696 1.228939 0.5158753 0.4233643 0.4154774 0.6284939 1.394614 -0.1003397 0.3558869 0.5072203 -0.257366 0.6675253 0.1703908 -2.176647 -0.7753038 -0.1406724 -1.05513 1.409625 -0.6313613 -0.8444739 -2.049529 0.5627526 1.623242 -0.02704978 0.2767275 0.4821396 -1.449358 -2.483911 -0.256031 -1.399775 -1.571613 -1.556455 -0.1396521 1.120941 0.1312743 -0.621536 1.292077 0.6278401 0.2978117 0.2945234 0.1363723 0.786035 0.5139701 2.441305 1.648527 -0.2027159 0.1124446 0.1467711 -0.4408885 -0.2751452 -0.3136099 1.86117 -1.542624 -0.6049002 1.541502 0.08133801 -0.7566371 -0.2745621 0.9213415
pheno ENSG00000185669 gbr -1.412208 -1.292605 -1.748089 -2.877045 -1.06426 -2.429459 -0.4338463 -0.8109648 -0.1082178 -0.9731692 -0.7454009 0.03782247 -0.8523339 -0.3485704 -1.067845 -0.3472154 1.263524 -1.344209 0.1297691 0.2068957 -1.329763 -1.098119 -0.5189453 -1.710578 -0.3658927 -1.736898 -1.9184 -1.134374 -0.6037029 -1.656111 0.1344832 -0.6072816 -0.4510432 -0.5701735 -0.938556 -0.5969743 -1.986289 -1.041079 -0.6828375 -2.190887 0.8410979 0.447073 -0.8954481 0.5879778 -1.18881 1.496029 -1.478551 -0.7451596 -0.5637945 0.008875127 0.1186247 -2.242179 -2.306849 -3.373294 -0.3994101 -0.8359724 -0.9313644 -1.533402 -0.3643272 -0.2383609 -1.620995 -0.4985838 -0.9143744 -1.363426 -2.078785 -1.923941 0.05305542 -0.9391607 -1.049497 -1.404257 -1.562388 -2.868797 -1.51958 -1.822 0.05691459 -1.223944 -2.311012 -0.9784888 -0.6951823 -0.819884 -0.9063183 -1.441642 -1.000196 -0.205512
pheno ENSG00000185669 tsi 1.295549 0.1582634 1.163681 0.9765244 0.7793774 1.64765 1.908904 1.292828 0.3284407 0.6971353 2.381335 -1.295 1.43278 1.533591 1.286231 -0.6137245 0.07768464 1.300975 2.886997 -0.04533788 0.7163261 0.4748289 0.8402096 0.9754987 -0.6749839 -0.2817387 1.482306 2.284198 0.319055 1.086834 1.517392 1.188285 2.162862 1.033359 2.245349 -0.5472233 2.254071 0.2628189 1.365212 1.595566 1.381022 -0.2197918 2.886079 2.203567 0.164095 1.00616 0.5418672 0.1396071 1.112941 0.7311721 -0.5187138 3.095961 0.03627949 -0.6808171 1.017501 1.512439 -0.2252006 1.010856 0.6699989 0.3236791 -0.1780096 0.9633519 2.099009 3.173663 0.7091512 1.571259 0.3473694 1.110505 -1.247872 -0.3091733 2.770108 1.244103 -0.8628621 1.759917 1.645144 1.243736 0.6475484 0.7557196 0.9039503 0.8449032 0.1236984 1.226694 3.014621 1.612911 2.161426 2.637982 -0.5387724 1.401066 1.332545 0.08799911 1.40843 0.3813155
pheno ENSG00000185669 yri 1.772759 2.10885 1.025862 3.618267 3.143982 1.467844 1.479799 2.745085 1.169188 0.7291405 -0.09595652 1.357421 1.164667 2.13693 2.024367 2.130512 1.443949 1.94471 2.108704 1.13404 2.07371 -0.003845372 1.777529 0.7160271 0.665506 -0.5519806 1.008959 2.527021 1.90161 1.468 1.911156 2.98777 0.3157508 2.243443 -0.4223916 0.1512132 2.680714 1.204096 1.938237 1.825851 -1.490938 -0.3329721 2.579125 1.002963 1.029715 1.696947 -1.522859 0.1649853 0.4196973 2.302352 0.8768151 0.9446111 1.662436 0.5490415 1.845613 0.7233057 0.986509 0.3061278 2.765835 1.026375 2.538159 0.9525499 1.556385 2.012553 1.150091 0.6411116 2.201117 1.377942 1.251594 2.144953 1.356773 1.344674 1.839395 1.777067 1.820403 1.0188 1.744704
geno chr16.88653142 ceu  0 0 0 0 0 0 0 0 0 0 0 0 0 1 0 0 0 0 0 0 1 0 0 0 0 0 0 0 0 0 0 0 0 0 0 0 0 0 0 0 1 1 1 0 0 0 1 1 1 1 0 0 0 0 0 0 0 0 0 1 0 0 0 0 0 0 0 0 0 0 1 0 0 0 0 0 0 0
geno chr16.88653142 fin  0 0 0 1 0 2 0 0 0 0 0 0 0 0 0 1 0 0 0 0 0 0 0 0 0 1 0 0 0 0 0 1 0 0 0 0 0 0 0 0 0 0 0 0 0 1 0 0 0 1 0 0 0 0 0 1 0 1 0 0 0 0 0 0 0 0 0 0 0 0 0 0 0 0 0 0 0 0 0 0 0 0 0 0 0 0 0 0 0
geno chr16.88653142 gbr  0 0 0 1 0 0 1 0 0 0 1 1 0 0 0 0 0 0 0 0 0 0 0 0 1 0 0 0 0 1 0 0 0 0 1 0 1 0 0 0 2 0 0 0 0 0 0 0 0 0 0 0 0 0 0 0 0 0 0 0 0 0 1 1 0 0 0 0 0 0 0 0 0 1 0 0 0 0 0 0 0 0 0 0
geno chr16.88653142 tsi  0 0 0 0 0 1 0 0 0 0 0 0 1 0 0 1 0 0 0 0 0 0 0 0 1 1 0 0 0 1 0 1 0 0 0 0 0 1 0 0 0 0 0 0 0 0 0 0 0 0 0 0 0 0 0 0 0 0 1 0 0 1 0 0 0 1 0 0 0 0 0 1 0 1 0 0 0 0 0 0 0 0 0 0 0 0 0 1 0 0 0 0
geno chr16.88653142 yri  0 0 0 0 0 0 1 0 0 0 2 0 0 0 1 0 1 1 0 0 0 0 0 0 0 0 0 0 1 0 0 0 0 0 0 1 1 0 1 0 0 0 0 0 0 0 0 0 0 0 1 0 0 0 0 0 0 0 0 0 1 0 0 0 0 0 1 0 0 0 0 0 0 0 0 0 0
geno chr16.88654751 ceu  0 2 2 0 0 0 1 0 0 0 1 0 0 0 1 0 1 0 1 0 0 0 1 0 0 0 0 1 0 0 1 0 1 0 0 0 0 1 0 0 1 0 1 1 1 1 0 0 0 1 0 1 1 0 1 0 0 0 0 0 0 0 0 0 0 0 0 0 1 1 0 0 0 0 1 0 0 1
geno chr16.88654751 fin  1 0 0 0 1 0 0 2 0 0 0 0 1 0 1 0 1 0 1 0 0 1 1 1 0 0 0 0 1 0 1 0 1 1 1 0 0 0 1 0 1 0 0 0 2 0 1 0 1 1 0 0 0 0 0 1 0 0 1 0 1 0 0 1 1 1 1 0 1 1 1 0 0 0 0 0 1 0 1 0 0 0 0 0 1 1 0 0 1
geno chr16.88654751 gbr  0 1 0 0 0 0 0 0 0 2 0 0 1 1 0 1 2 0 0 0 0 0 0 0 0 0 1 0 1 0 0 0 0 1 1 0 0 0 1 0 0 0 0 1 1 0 1 1 0 1 0 0 1 0 0 0 1 2 0 0 2 0 0 0 0 0 0 0 0 0 0 1 0 0 0 0 0 0 0 0 1 0 0 1
geno chr16.88654751 tsi  0 0 1 1 0 0 2 0 0 0 1 0 1 1 0 0 0 0 0 0 0 1 0 0 0 0 0 0 1 0 0 0 0 0 1 0 0 1 2 0 1 0 0 0 0 1 0 1 0 1 1 0 0 1 0 0 1 0 0 0 0 0 0 0 1 0 0 1 1 0 0 0 1 0 0 0 0 0 0 0 0 0 0 0 1 2 0 0 0 0 0 0
geno chr16.88654751 yri  1 1 1 0 0 0 0 0 0 0 0 0 1 0 0 0 0 0 0 1 1 0 0 0 0 0 1 0 0 0 0 0 0 0 1 0 0 0 0 1 0 1 0 1 1 0 0 0 0 0 1 0 0 0 1 0 0 0 0 0 0 0 1 1 1 0 0 0 1 0 1 0 0 2 0 0 0
geno chr16.88655229 ceu  0 0 0 0 0 1 0 1 1 0 0 0 0 0 0 0 0 0 0 0 1 0 0 0 0 0 0 0 0 0 0 0 0 0 0 0 0 0 0 0 0 0 0 0 0 0 0 0 0 0 0 0 0 0 0 0 0 0 0 0 0 0 0 0 0 0 1 0 0 0 0 0 1 1 0 0 0 1
geno chr16.88655229 fin  1 1 1 0 0 0 0 0 1 0 0 0 0 0 0 0 0 0 0 0 0 0 0 0 1 0 0 0 0 0 0 0 0 0 0 1 0 0 0 0 0 0 0 2 0 0 0 0 0 0 0 0 0 0 1 0 1 0 0 0 0 0 1 0 1 0 0 0 0 0 0 0 0 0 0 0 0 0 0 2 1 0 1 0 1 1 0 0 0
geno chr16.88655229 gbr  0 0 2 0 0 0 0 0 0 0 0 1 0 0 0 0 0 0 0 0 0 0 0 0 0 0 0 0 0 0 0 0 0 0 0 0 0 0 0 0 0 0 0 0 0 1 0 0 0 0 0 1 0 0 0 0 0 0 0 0 0 0 0 0 0 0 0 0 0 1 0 0 0 0 1 0 0 1 0 0 0 0 1 0
geno chr16.88655229 tsi  0 0 0 0 0 0 0 0 0 0 0 0 0 0 0 0 0 0 0 0 0 0 0 0 0 0 0 0 0 1 0 0 0 0 0 0 0 0 0 0 0 0 0 0 0 0 0 0 0 1 0 0 0 0 0 0 0 0 0 0 0 0 0 1 0 0 0 0 0 0 0 0 0 0 0 0 0 1 0 0 1 0 1 0 0 0 0 0 0 0 0 0
geno chr16.88655229 yri  0 0 0 0 0 0 0 0 0 0 0 0 0 0 0 0 0 0 0 0 0 0 0 0 0 0 0 0 0 0 0 0 0 0 0 0 0 0 0 0 0 0 0 0 0 0 0 0 0 0 0 0 0 0 0 0 0 0 0 0 0 0 0 0 0 0 0 0 0 0 0 0 0 0 0 0 0
geno chr16.88655501 ceu  0 2 2 0 0 0 1 0 0 0 1 0 0 0 1 0 1 0 1 0 0 0 1 0 0 0 0 1 0 0 1 0 1 0 0 0 0 1 0 0 1 0 1 1 1 1 0 0 0 1 0 1 1 0 1 0 0 0 0 0 0 0 0 0 0 0 0 0 1 1 0 0 0 0 1 0 0 1
geno chr16.88655501 fin  1 0 0 0 1 0 0 2 0 0 0 0 1 0 1 0 1 0 1 0 0 1 1 1 0 0 0 0 1 0 1 0 1 1 1 0 0 0 1 0 1 0 0 0 2 0 1 0 1 1 0 0 0 0 0 1 0 0 1 0 1 0 0 1 1 1 1 0 1 1 1 0 0 0 0 0 1 0 1 0 0 0 0 0 1 1 0 0 1
geno chr16.88655501 gbr  0 1 0 0 0 0 0 0 0 2 0 0 1 1 0 1 2 0 0 0 0 0 0 0 0 0 1 0 1 0 0 0 0 1 1 0 0 0 1 0 0 0 0 1 1 0 1 1 0 1 0 0 1 0 0 0 1 2 0 0 2 0 0 0 0 0 0 0 0 0 0 1 0 0 0 0 0 0 0 0 1 0 0 1
geno chr16.88655501 tsi  0 0 1 1 0 0 2 0 0 0 1 0 1 1 0 0 0 0 0 0 0 1 0 0 0 0 0 0 1 0 0 0 0 0 1 0 0 1 2 0 1 0 0 0 0 1 0 1 0 1 1 0 0 1 0 0 1 0 0 0 0 0 0 0 1 0 0 1 1 0 0 0 1 0 0 0 0 0 0 0 0 0 0 0 1 2 0 0 0 0 0 0
geno chr16.88655501 yri  1 1 1 0 0 0 0 0 0 0 0 0 1 0 0 0 0 0 0 1 1 0 0 0 0 0 1 0 0 0 0 0 0 0 1 0 0 0 0 1 0 1 0 1 1 0 0 0 0 0 1 0 0 0 1 0 0 0 0 0 0 0 1 1 1 0 0 0 1 0 1 0 0 2 0 0 0
geno chr16.88656044 ceu  0 2 2 0 0 0 1 0 0 0 1 0 0 0 1 0 1 0 1 0 0 0 1 0 0 0 0 1 0 0 1 0 1 0 0 0 0 1 0 0 1 0 1 1 1 1 0 0 0 1 0 1 1 0 1 0 0 0 0 0 0 0 0 0 0 1 0 0 1 1 0 0 0 0 1 0 0 1
geno chr16.88656044 fin  1 0 0 0 1 0 0 2 0 0 0 0 1 0 1 0 1 0 1 0 0 1 1 1 0 0 0 0 1 0 1 0 1 1 1 0 0 0 1 0 1 0 0 0 2 0 1 0 1 1 0 0 0 0 0 1 0 0 1 1 1 0 0 1 1 1 1 0 1 1 1 0 0 0 0 0 1 0 1 0 0 0 0 0 1 1 0 0 1
geno chr16.88656044 gbr  0 1 0 0 0 0 0 0 0 2 0 0 1 1 0 1 2 0 0 0 0 0 0 0 0 0 1 0 1 0 0 0 0 1 1 1 0 0 1 0 0 0 0 1 1 0 1 1 0 1 0 0 1 0 0 0 1 2 0 0 2 0 0 0 0 0 0 0 0 0 0 1 0 0 0 0 0 0 0 0 1 0 0 1
geno chr16.88656044 tsi  0 0 1 1 0 0 2 0 0 0 1 0 1 1 0 0 0 0 0 0 0 1 0 0 0 0 0 0 1 0 0 0 0 0 1 0 0 1 2 0 1 0 0 0 0 1 0 1 0 1 1 0 0 1 0 0 1 0 0 0 0 0 0 0 1 0 0 1 1 0 0 0 1 0 0 0 0 0 0 0 0 0 0 0 1 2 0 0 0 0 0 0
geno chr16.88656044 yri  1 1 1 0 0 0 0 0 0 0 0 0 1 0 0 0 0 0 0 1 1 0 0 0 0 0 1 0 0 0 0 0 0 0 1 0 0 0 0 1 0 1 0 1 1 0 0 0 0 0 1 0 0 0 1 0 0 0 0 0 0 0 1 1 1 0 0 0 1 0 1 0 0 2 0 0 0
geno chr16.88656086 ceu  0 0 0 0 1 0 0 0 0 1 0 0 0 0 1 0 1 0 0 0 0 1 0 0 0 0 1 1 0 0 0 0 0 1 1 0 0 0 0 0 0 0 0 1 0 0 0 1 0 0 0 0 0 0 0 0 0 0 0 0 0 0 0 0 0 0 0 0 0 0 0 0 0 0 0 1 0 0
geno chr16.88656086 fin  0 0 0 0 1 0 0 0 0 1 0 0 0 1 0 0 0 1 0 0 1 0 1 0 0 0 0 0 0 0 0 0 0 0 0 0 0 1 0 0 0 0 0 0 0 0 0 0 0 0 0 0 1 1 0 0 0 0 0 0 0 0 0 0 0 0 0 1 0 0 0 0 0 1 0 0 0 0 0 0 0 0 0 0 0 0 1 0 0
geno chr16.88656086 gbr  1 0 0 0 1 1 0 0 2 0 0 0 0 1 1 0 0 0 0 0 0 0 1 0 0 1 0 0 0 0 0 0 1 0 0 0 0 0 0 0 0 0 0 0 0 0 0 0 1 0 1 1 0 0 0 0 0 0 0 0 0 0 1 0 1 1 0 0 0 0 1 0 0 0 0 0 0 0 1 1 1 1 0 0
geno chr16.88656086 tsi  0 0 0 0 1 0 0 0 2 0 0 0 0 0 0 0 0 0 0 1 1 0 0 1 0 0 1 1 0 0 0 0 0 0 0 1 0 0 0 1 1 1 2 2 0 1 0 0 1 0 0 0 1 0 0 0 0 0 0 0 1 0 0 0 0 0 0 0 0 0 0 1 0 0 0 0 1 0 0 0 0 0 0 1 0 0 1 1 1 0 0 0
geno chr16.88656086 yri  0 0 0 0 0 0 0 0 0 0 0 0 0 0 0 0 0 0 1 0 0 0 0 0 0 0 0 0 0 0 0 0 0 0 0 0 0 0 0 0 0 0 1 0 0 0 0 0 0 1 0 0 0 0 0 0 1 0 1 0 0 0 0 0 0 0 0 1 0 0 1 0 0 0 0 0 0
geno chr16.88656261 ceu  0 0 0 0 1 0 0 0 0 1 0 0 0 0 1 0 1 0 0 0 0 1 0 0 0 0 1 1 0 0 0 0 0 1 1 0 0 0 0 0 0 0 0 1 0 0 0 1 0 0 0 0 0 0 0 0 0 0 0 0 0 0 0 0 0 0 0 0 0 0 0 0 0 0 0 1 0 0
geno chr16.88656261 fin  0 0 0 0 1 0 0 0 0 1 0 0 0 1 0 0 0 1 0 0 1 0 1 0 0 0 0 0 0 0 0 0 0 0 0 0 0 1 0 0 0 0 0 0 0 0 0 0 0 0 0 0 1 1 0 0 0 0 0 0 0 0 0 0 0 0 0 1 0 0 0 0 0 1 0 0 0 0 0 0 0 0 0 0 0 0 1 0 0
geno chr16.88656261 gbr  1 0 0 0 1 1 0 0 2 0 0 0 0 1 1 0 0 0 0 0 0 0 1 0 0 1 0 0 0 0 0 0 1 0 0 0 0 0 0 0 0 0 0 0 0 0 0 0 1 0 1 1 0 0 0 0 0 0 0 0 0 0 1 0 1 1 0 0 0 0 1 0 0 0 0 0 0 0 1 1 1 1 0 0
geno chr16.88656261 tsi  0 0 0 0 1 0 0 0 2 0 0 0 0 0 0 0 0 0 0 1 1 0 0 1 0 0 1 1 0 0 0 0 0 0 0 1 0 0 0 1 1 1 2 2 0 1 0 0 1 0 0 0 1 0 0 0 0 0 0 0 1 0 0 0 0 0 0 0 0 0 0 1 0 0 0 0 1 0 0 0 0 0 0 1 0 0 1 1 1 0 0 0
geno chr16.88656261 yri  0 0 0 0 0 0 0 0 0 0 0 0 0 0 0 0 0 0 0 0 0 0 0 0 0 0 0 0 0 0 0 0 0 0 0 0 0 0 0 0 0 0 0 0 0 0 0 0 0 0 0 0 0 0 0 0 0 0 0 0 0 0 0 0 0 0 0 0 0 0 0 0 0 0 0 0 0
geno chr16.88656638 ceu  2 0 0 1 1 1 0 1 1 0 1 1 2 2 0 1 0 0 1 1 1 1 0 2 2 2 0 0 1 1 1 2 1 1 1 0 1 1 0 1 1 1 1 0 1 0 1 1 2 1 2 1 1 0 0 1 1 1 1 1 1 1 1 1 1 0 1 1 1 1 2 1 1 0 0 0 1 0
geno chr16.88656638 fin  0 1 1 2 0 2 2 0 1 1 2 2 1 0 1 1 0 1 1 2 1 1 0 1 1 1 2 0 1 1 1 2 1 0 1 1 1 1 1 1 1 0 2 0 0 1 0 1 1 1 0 1 1 1 1 1 1 1 1 0 0 1 1 1 0 1 0 1 0 0 1 2 2 0 2 2 1 1 1 0 1 1 0 2 0 0 1 1 1
geno chr16.88656638 gbr  0 0 0 1 0 0 1 0 0 0 2 1 1 0 1 0 0 1 1 0 0 1 1 2 2 1 1 1 0 2 1 1 0 1 1 0 2 1 0 2 2 1 1 1 0 0 0 0 0 1 1 0 1 1 1 1 0 0 1 2 0 1 1 1 1 1 1 2 2 1 1 1 2 1 0 0 1 1 0 0 0 0 0 1
geno chr16.88656638 tsi  1 0 1 1 0 1 0 1 0 1 1 1 1 0 0 1 1 1 0 0 0 1 1 1 1 2 1 0 0 1 0 2 1 2 0 0 0 1 0 0 0 1 0 0 1 0 0 0 0 0 0 2 0 1 2 0 0 1 2 1 0 2 1 0 1 1 1 0 1 1 2 1 0 2 1 2 0 1 0 1 0 1 0 0 0 0 0 1 1 2 2 0
geno chr16.88656638 yri  0 1 1 2 2 0 1 0 2 2 2 1 1 2 2 2 2 2 0 1 1 2 1 1 2 2 0 1 1 2 2 1 2 2 1 2 2 0 1 1 1 1 0 1 1 1 1 2 0 1 1 0 2 2 0 2 0 1 1 0 2 2 1 1 1 2 2 1 1 1 0 1 2 0 1 1 2
geno chr16.88656845 ceu  0 2 2 0 1 0 1 0 0 1 1 0 0 0 2 0 2 0 1 0 0 1 1 0 0 0 1 2 0 0 1 0 1 1 1 0 0 1 0 0 1 0 1 2 1 1 0 1 0 1 0 1 1 0 1 0 0 0 0 0 0 0 0 0 0 1 0 0 1 1 0 0 0 0 1 1 0 1
geno chr16.88656845 fin  1 0 0 0 2 0 0 2 0 1 0 0 1 1 1 0 1 1 1 0 1 1 2 1 0 0 0 0 1 0 1 0 1 1 1 0 0 1 1 0 1 0 0 0 2 0 1 0 1 1 0 0 1 1 0 1 0 0 1 1 1 0 0 1 1 1 1 1 1 1 1 0 0 1 0 0 1 0 1 0 0 0 0 0 1 1 1 0 1
geno chr16.88656845 gbr  1 1 0 0 1 1 0 0 2 2 0 0 1 2 1 1 2 0 0 0 0 0 1 0 0 1 1 0 1 0 0 0 1 1 1 1 0 0 1 0 0 0 0 1 1 0 1 1 1 1 1 1 1 0 0 0 1 2 0 0 2 0 1 0 1 1 0 0 0 0 1 1 0 0 0 0 0 0 1 1 2 1 0 1
geno chr16.88656845 tsi  0 0 1 1 1 0 2 0 2 0 1 0 1 1 0 0 0 0 0 1 1 1 0 1 0 0 1 1 1 0 0 0 0 0 1 1 0 1 2 1 2 1 2 2 0 2 0 1 1 1 1 0 1 1 0 0 1 0 0 0 1 0 0 0 1 0 0 1 1 0 0 1 1 0 0 0 1 0 0 0 0 0 0 1 1 2 1 1 1 0 0 0
geno chr16.88656845 yri  1 1 1 0 0 0 0 0 0 0 0 0 1 0 0 0 0 0 1 1 1 0 0 0 0 0 1 0 0 0 0 0 0 0 1 0 0 0 0 1 0 1 1 1 1 0 0 0 0 1 1 0 0 0 1 0 1 0 1 0 0 0 1 1 1 0 0 1 1 0 2 0 0 2 0 0 0
geno chr16.88657091 ceu  0 0 0 0 0 0 0 0 0 0 0 0 0 1 0 0 0 0 0 0 1 0 0 0 0 0 0 0 0 0 0 0 0 0 0 0 0 0 0 0 1 1 1 0 0 0 1 1 1 1 0 0 0 0 0 0 0 0 0 1 0 0 0 0 0 0 0 0 0 0 0 0 0 0 0 0 0 0
geno chr16.88657091 fin  0 0 0 1 0 2 0 0 0 0 0 0 0 0 0 1 0 0 0 0 0 0 0 0 0 1 0 0 0 0 0 1 0 0 0 0 0 0 0 0 0 0 0 0 0 1 0 0 0 1 0 0 0 0 0 1 0 1 0 0 0 0 0 0 0 0 0 0 0 0 0 0 0 0 0 0 0 0 0 0 0 0 0 0 0 0 0 0 0
geno chr16.88657091 gbr  0 0 0 1 0 0 1 0 0 0 1 1 0 0 0 0 0 0 0 0 0 0 0 0 1 0 0 0 0 1 0 0 0 0 1 0 1 0 0 0 2 0 0 1 0 0 0 0 0 0 0 0 0 0 0 0 0 0 0 0 0 0 1 0 0 0 0 0 0 0 0 0 0 1 0 0 1 0 0 0 0 0 0 0
geno chr16.88657091 tsi  0 0 0 0 0 1 0 0 0 0 0 0 1 0 0 1 0 0 0 0 0 0 0 0 1 1 0 0 0 1 0 1 0 0 0 0 0 1 0 0 0 0 0 0 0 0 0 0 0 0 0 0 0 0 0 0 0 0 1 0 0 1 0 0 0 1 0 0 0 0 0 1 0 1 0 0 0 0 0 0 0 0 0 0 0 0 0 1 0 0 0 0
geno chr16.88657091 yri  0 0 0 0 0 0 1 0 0 0 1 0 0 0 1 0 1 1 0 0 0 0 0 0 0 0 0 0 1 0 0 0 0 0 0 1 1 0 1 0 0 0 0 0 0 0 0 0 0 0 1 0 0 0 0 0 0 0 0 0 1 0 0 0 0 0 1 0 0 0 0 0 0 0 0 0 0
geno chr16.88657187 ceu  2 0 0 1 1 1 0 1 1 0 1 2 2 1 0 1 0 0 1 1 0 1 0 2 2 1 0 0 1 1 1 2 0 1 1 2 1 1 1 1 0 0 0 0 1 0 0 0 1 0 2 1 1 0 0 1 1 1 1 0 2 1 1 1 1 0 1 1 1 1 2 1 1 0 0 0 1 0
geno chr16.88657187 fin  0 1 1 1 0 0 2 0 1 1 2 2 1 0 1 0 0 1 1 2 1 1 0 1 1 0 2 0 1 1 1 1 1 0 1 1 1 1 1 1 1 0 2 0 0 0 0 1 1 0 0 1 1 1 1 0 1 0 1 0 0 1 1 1 0 1 0 1 0 0 1 1 1 0 2 2 1 1 1 0 1 1 0 2 0 0 1 1 1
geno chr16.88657187 gbr  0 0 0 0 0 0 0 0 0 0 1 0 1 0 1 0 0 1 2 0 0 1 1 2 1 1 1 1 0 1 2 1 0 1 0 0 1 1 0 2 0 1 1 0 0 0 0 0 0 1 1 0 1 1 1 1 0 0 1 2 0 1 0 1 1 1 1 2 2 1 1 1 2 0 0 0 0 1 0 0 0 0 0 1
geno chr16.88657187 tsi  2 0 1 1 0 0 0 1 0 1 1 1 0 0 0 0 1 1 0 0 0 1 1 1 0 1 1 0 0 0 0 1 1 2 0 0 1 0 0 0 0 1 0 0 1 0 0 0 0 0 0 2 0 1 2 0 0 1 1 1 0 1 1 0 1 0 1 0 2 1 2 0 0 1 1 2 0 1 0 1 0 1 0 0 0 0 0 0 1 2 2 0
geno chr16.88657187 yri  0 0 1 2 1 0 0 1 2 0 1 1 0 1 1 2 1 1 0 1 1 0 1 0 2 2 0 1 0 1 1 1 1 1 0 0 0 0 0 1 0 1 0 0 0 1 1 1 0 1 0 0 2 2 0 1 0 2 1 0 0 1 0 1 0 1 1 1 0 1 0 1 1 0 1 1 2
geno chr16.88657620 ceu  0 0 0 0 0 0 0 0 0 0 0 0 0 0 0 0 0 0 0 0 0 0 0 0 0 0 0 0 0 0 0 0 0 0 0 0 0 0 0 0 0 0 0 0 0 0 0 0 0 0 0 0 0 0 0 0 0 0 0 0 0 0 0 0 0 0 0 0 0 0 0 0 0 0 0 0 0 0
geno chr16.88657620 fin  0 0 0 0 0 0 0 0 0 0 0 0 0 0 0 0 0 0 0 0 0 0 0 0 0 0 0 0 0 0 0 0 0 0 0 0 0 0 0 0 0 0 0 0 0 0 0 0 0 0 0 0 0 0 0 0 0 0 0 0 0 0 0 0 0 0 0 0 0 0 0 0 0 0 0 0 0 0 0 0 0 0 0 0 0 0 0 0 0
geno chr16.88657620 gbr  0 0 0 0 0 0 0 0 0 0 0 0 0 0 0 0 0 0 0 0 0 0 0 0 0 0 0 0 0 0 0 0 0 0 0 0 0 0 0 0 0 0 0 0 0 0 0 0 0 0 0 0 0 0 0 0 0 0 0 0 0 0 0 0 0 0 0 0 0 0 0 0 0 0 0 0 0 0 0 0 0 0 0 0
geno chr16.88657620 tsi  0 0 0 0 0 0 0 0 0 0 0 0 0 0 0 0 0 0 0 0 0 0 0 0 0 0 0 0 0 0 0 0 0 0 0 0 0 0 0 0 0 0 0 0 0 0 0 0 0 0 0 0 0 0 0 0 0 0 0 0 0 0 0 0 0 0 0 0 0 0 0 0 0 0 0 0 0 0 0 0 0 0 0 0 0 0 0 0 0 0 0 0
geno chr16.88657620 yri  0 0 1 2 1 0 0 0 1 0 1 1 0 0 0 2 0 1 0 1 0 0 1 0 2 2 0 1 0 0 0 1 1 0 0 0 0 0 0 1 0 0 0 0 0 1 1 0 0 0 0 0 1 1 0 1 0 1 1 0 0 0 0 1 0 0 1 1 0 1 0 1 1 0 1 0 1
geno chr16.88657836 ceu  0 2 2 0 0 0 1 0 0 0 1 0 0 0 1 0 1 0 1 0 0 0 1 0 0 0 0 1 0 0 1 0 1 0 0 0 0 1 0 0 1 0 1 1 1 1 0 0 0 1 0 1 1 0 1 0 0 0 0 0 0 0 0 0 0 1 0 0 1 1 0 0 0 0 1 0 0 1
geno chr16.88657836 fin  1 0 0 0 1 0 0 2 0 0 0 0 1 0 1 0 1 0 1 0 0 1 1 1 0 0 0 0 1 0 1 0 1 1 1 0 0 0 1 0 1 0 0 0 2 0 1 0 1 1 0 0 0 0 0 1 0 0 1 1 1 0 0 1 1 1 1 0 1 1 1 0 0 0 0 0 1 0 1 0 0 0 0 0 1 1 0 0 1
geno chr16.88657836 gbr  0 1 0 0 0 0 0 0 0 2 0 0 1 1 0 1 1 0 0 0 0 0 0 0 0 0 1 0 1 0 0 0 0 1 1 1 0 0 1 0 0 0 0 1 1 0 1 1 0 1 0 0 1 0 0 0 1 2 0 0 2 0 0 0 0 0 0 0 0 0 0 1 0 0 0 0 0 0 0 0 1 0 0 1
geno chr16.88657836 tsi  0 0 1 1 0 0 2 0 0 0 1 0 1 1 0 0 0 0 0 0 0 1 0 0 0 0 0 0 1 0 0 0 0 0 1 0 0 1 2 0 1 0 0 0 0 1 0 1 0 1 1 0 0 1 0 0 1 0 0 0 0 0 0 0 1 0 0 1 1 0 0 0 1 0 0 0 0 0 0 0 0 0 0 0 1 2 0 0 0 0 0 0
geno chr16.88657836 yri  1 1 1 0 0 0 0 0 0 0 0 0 1 0 0 0 0 0 0 1 1 0 0 0 0 0 1 0 0 0 0 0 0 0 1 0 0 0 0 1 0 1 0 1 1 0 0 0 0 0 1 0 0 0 1 0 0 0 0 0 0 0 1 1 1 0 0 0 1 0 1 0 0 2 0 0 0
geno chr16.88657871 ceu  2 2 2 1 1 1 1 1 1 0 2 2 2 2 1 1 1 0 2 1 1 1 1 2 2 2 0 1 1 1 2 2 2 1 1 2 1 2 1 1 2 1 2 1 2 1 1 1 2 2 2 2 2 0 1 1 1 1 1 1 2 1 1 1 1 1 1 1 2 2 2 1 1 0 1 0 1 1
geno chr16.88657871 fin  1 1 1 2 1 2 2 2 1 1 2 2 2 0 2 1 1 1 2 2 1 2 1 2 1 1 2 0 2 1 2 2 2 1 2 1 1 1 2 1 2 0 2 0 2 1 1 1 2 2 0 1 1 1 1 2 1 1 2 1 1 1 1 2 1 2 1 1 1 1 2 2 2 0 2 2 2 1 2 0 1 1 0 2 1 1 1 1 2
geno chr16.88657871 gbr  0 1 0 1 0 0 1 0 0 2 2 1 2 1 1 1 2 1 2 0 0 1 1 2 2 1 2 1 1 2 2 1 0 2 2 1 2 1 1 2 2 1 1 2 1 0 1 1 0 2 1 0 2 1 1 1 1 2 1 2 2 1 1 1 1 1 1 2 2 1 1 2 2 1 0 0 1 1 0 0 1 0 0 2
geno chr16.88657871 tsi  2 0 2 2 0 1 2 1 0 1 2 1 2 1 0 1 1 1 0 0 0 2 1 1 1 2 1 0 1 1 0 2 1 2 1 0 1 2 2 0 1 1 0 0 1 1 0 1 0 1 1 2 0 2 2 0 1 1 2 1 0 2 1 0 2 1 1 1 2 1 2 1 1 2 1 2 0 1 0 1 0 1 0 0 1 2 0 1 1 2 2 0
geno chr16.88657871 yri  1 2 2 2 2 0 1 1 2 2 2 1 2 2 2 2 2 2 0 2 2 2 1 1 2 2 1 1 1 2 2 1 2 2 2 2 2 0 1 2 1 2 0 2 2 1 1 2 0 1 2 0 2 2 1 2 0 1 1 0 2 2 1 2 2 2 2 1 2 1 1 1 2 2 1 1 2
geno chr16.88658151 ceu  0 0 0 1 0 1 1 1 1 0 0 0 0 0 0 0 0 0 0 0 1 0 1 0 0 0 0 0 1 1 0 0 0 0 0 0 1 0 0 0 0 1 0 0 0 1 0 0 0 0 0 0 0 2 0 0 0 1 1 1 0 1 0 0 1 0 1 1 0 0 0 1 1 1 1 0 0 1
geno chr16.88658151 fin  1 1 1 0 0 0 0 0 1 0 0 0 0 1 0 1 1 0 0 0 0 0 0 0 1 1 0 2 0 0 0 0 0 1 0 1 0 0 0 1 0 1 0 2 0 1 1 1 0 0 1 1 0 0 1 0 1 1 0 1 1 1 1 0 1 0 1 0 1 1 0 0 0 1 0 0 0 1 0 2 1 1 1 0 1 1 0 1 0
geno chr16.88658151 gbr  1 0 2 0 0 1 0 2 0 0 0 1 0 0 0 1 0 1 0 2 2 1 0 0 0 0 0 0 1 0 0 1 1 0 0 0 0 1 1 0 0 1 1 0 1 2 0 1 0 0 0 1 0 1 1 0 0 0 1 0 0 1 0 0 0 0 1 0 0 1 0 0 0 1 1 0 1 1 1 0 0 1 2 0
geno chr16.88658151 tsi  0 1 0 0 1 1 0 1 0 1 0 1 0 1 2 1 0 0 1 1 0 0 0 0 1 0 0 1 0 1 2 0 0 0 1 0 1 0 0 1 0 0 0 0 0 0 1 0 1 1 0 0 1 0 0 2 1 1 0 1 0 0 0 2 0 1 1 1 0 0 0 0 1 0 1 0 1 1 2 1 1 1 1 1 1 0 0 0 0 0 0 1
geno chr16.88658151 yri  0 0 0 0 0 0 0 0 0 0 0 0 0 0 0 0 0 0 1 0 0 0 0 1 0 0 0 0 0 0 0 0 0 0 0 0 0 0 1 0 0 0 1 0 0 1 0 0 0 0 0 0 0 0 0 0 0 0 0 0 0 0 0 0 0 0 0 0 0 0 0 1 0 0 0 1 0
geno chr16.88658175 ceu  2 0 0 1 1 1 0 1 1 0 1 2 2 1 0 1 0 0 1 1 0 1 0 2 2 1 0 0 1 1 1 2 0 1 1 2 1 1 1 1 0 0 0 0 1 0 0 0 1 0 2 1 1 0 0 1 1 1 1 0 2 1 1 1 1 0 1 1 1 1 2 1 1 0 0 0 1 0
geno chr16.88658175 fin  0 1 1 1 0 0 2 0 1 1 2 2 1 0 1 0 0 1 1 2 1 1 0 1 1 0 2 0 1 1 1 1 1 0 1 1 1 1 1 1 1 0 2 0 0 0 0 1 1 0 0 1 1 1 1 0 1 0 1 0 0 1 1 1 0 1 0 1 0 0 1 2 2 0 2 2 1 1 1 0 1 1 0 2 0 0 1 1 1
geno chr16.88658175 gbr  0 0 0 0 0 0 0 0 0 0 1 0 1 0 1 0 0 1 2 0 0 1 1 2 1 1 1 1 0 1 2 1 0 1 0 0 1 1 0 2 0 1 1 0 0 0 0 0 0 1 1 0 1 1 1 1 0 0 1 2 0 1 0 1 1 1 1 2 2 1 1 1 2 0 0 0 0 1 0 0 0 0 0 1
geno chr16.88658175 tsi  1 0 1 1 0 0 0 1 0 1 1 1 0 0 1 0 1 1 0 0 0 1 1 1 0 1 1 0 0 0 0 1 1 2 0 0 1 0 0 0 0 1 0 0 1 0 0 0 0 0 0 2 0 1 2 0 0 1 1 1 0 1 1 0 1 0 1 0 1 1 2 0 0 1 1 2 0 1 0 1 0 1 0 0 0 0 0 0 1 2 2 0
geno chr16.88658175 yri  0 0 1 2 1 0 0 1 2 0 1 1 0 1 0 2 0 1 0 1 1 0 1 0 2 2 0 1 0 0 1 1 1 1 0 0 0 0 0 1 0 0 0 0 0 1 1 1 0 0 0 0 1 1 0 1 0 1 1 0 0 0 0 1 0 0 1 1 0 1 0 1 1 0 1 1 2
geno chr16.88658365 ceu  0 0 1 0 1 0 1 0 0 1 1 0 0 0 1 0 1 0 0 0 0 1 1 0 0 0 0 1 0 0 1 0 1 1 1 0 0 0 1 0 0 0 1 2 1 0 0 0 0 1 0 0 0 0 0 0 0 0 0 0 0 0 0 0 0 0 0 0 1 0 0 0 0 0 1 1 0 0
geno chr16.88658365 fin  0 0 0 0 1 0 0 1 0 1 0 0 0 1 1 1 0 1 1 0 1 1 0 0 0 0 0 0 0 0 1 0 1 0 1 0 0 0 1 0 0 0 0 0 1 0 0 0 1 1 0 0 1 1 0 0 0 0 1 1 1 0 0 1 0 0 0 0 0 0 0 0 0 1 0 0 0 0 1 0 0 0 0 1 0 0 0 0 0
geno chr16.88658365 gbr  0 0 0 0 1 1 0 0 1 0 0 0 0 1 1 1 1 0 0 0 0 0 1 0 0 1 0 0 0 0 0 0 0 0 0 0 0 0 1 0 0 0 0 0 1 0 0 0 0 1 1 1 1 0 0 0 0 1 0 0 0 0 1 0 1 0 0 0 0 0 0 1 0 0 0 0 0 0 1 1 1 1 0 1
geno chr16.88658365 tsi  0 0 0 0 0 0 1 0 1 0 1 0 0 1 0 0 0 0 0 1 0 1 0 0 0 0 1 0 1 0 0 0 0 0 1 1 0 0 1 1 1 0 1 1 0 1 0 0 0 1 1 0 1 1 0 1 0 0 0 0 1 0 0 0 1 0 0 1 0 0 0 0 0 0 0 0 1 0 0 0 0 0 0 1 0 1 0 1 1 0 0 0
geno chr16.88658365 yri  0 0 0 0 0 0 0 0 0 0 0 0 0 0 0 0 0 0 1 0 0 0 0 0 0 0 0 0 0 0 0 0 0 0 0 0 0 0 0 0 0 0 1 0 0 0 0 0 0 0 0 0 0 0 0 0 1 0 0 0 0 0 0 0 0 0 0 0 0 0 0 0 0 1 0 0 0
geno chr16.88658881 ceu  2 2 2 2 2 2 2 2 2 1 2 2 2 2 2 1 2 0 2 1 2 2 2 2 2 2 1 2 2 2 2 2 2 2 2 2 2 2 1 1 2 2 2 2 2 2 1 2 2 2 2 2 2 2 1 1 1 2 2 2 2 2 1 1 2 1 2 2 2 2 2 2 2 1 2 1 1 2
geno chr16.88658881 fin  2 2 2 2 2 2 2 2 2 2 2 2 2 2 2 2 2 2 2 2 2 2 2 2 2 2 2 2 2 1 2 2 2 2 2 2 1 2 2 2 2 1 2 2 2 2 2 2 2 2 1 2 2 2 2 2 2 2 2 2 2 2 2 2 2 2 2 2 2 2 2 2 2 2 2 2 2 2 2 2 2 2 1 2 2 2 2 2 2
geno chr16.88658881 gbr  2 1 2 1 1 2 1 2 2 2 2 2 2 2 2 2 2 2 2 2 2 2 2 2 2 2 2 1 2 2 2 2 2 2 2 1 2 2 2 2 2 2 2 2 2 2 1 2 1 2 2 2 2 2 2 1 1 2 2 2 2 2 2 1 2 2 2 2 2 2 2 2 2 2 1 0 2 2 2 1 2 2 2 2
geno chr16.88658881 tsi  2 1 2 2 2 2 2 2 2 2 2 2 2 2 2 2 1 1 1 2 1 2 1 2 2 2 2 2 2 2 2 2 1 2 2 1 2 2 2 2 2 2 2 2 1 2 1 1 2 2 1 2 2 2 2 2 2 2 2 2 1 2 1 2 2 2 2 2 2 1 2 2 2 2 2 2 2 2 2 2 1 2 1 2 2 2 1 2 2 2 2 1
geno chr16.88658881 yri  1 2 2 2 2 1 1 1 2 2 2 1 2 2 2 2 2 2 2 2 2 2 1 2 2 2 2 1 1 2 2 1 2 2 2 2 2 0 2 2 1 2 2 2 2 2 1 2 0 2 2 0 2 2 1 2 1 2 2 0 2 2 1 2 2 2 2 2 2 1 2 2 2 2 2 2 2
geno chr16.88659183 ceu  0 0 0 0 0 0 0 0 0 0 0 0 0 1 0 0 0 0 0 0 1 0 0 0 0 0 0 0 0 0 0 0 0 0 0 0 0 0 0 0 1 1 1 0 0 0 1 1 1 1 0 0 0 0 0 0 0 0 0 1 0 0 0 0 0 0 0 0 0 0 0 0 0 0 0 0 0 0
geno chr16.88659183 fin  0 0 0 1 0 2 0 0 0 0 0 0 0 0 0 1 0 0 0 0 0 0 0 0 0 1 0 0 0 0 0 1 0 0 0 0 0 0 0 0 0 0 0 0 0 1 0 0 0 1 0 0 0 0 0 1 0 1 0 0 0 0 0 0 0 0 0 0 0 0 0 0 0 0 0 0 0 0 0 0 0 0 0 0 0 0 0 0 0
geno chr16.88659183 gbr  0 0 0 1 0 0 1 0 0 0 1 1 0 0 0 0 0 0 0 0 0 0 0 0 1 0 0 0 0 1 0 0 0 0 1 0 1 0 0 0 2 0 0 1 0 0 0 0 0 0 0 0 0 0 0 0 0 0 0 0 0 0 1 0 0 0 0 0 0 0 0 0 0 1 0 0 1 0 0 0 0 0 0 0
geno chr16.88659183 tsi  0 0 0 0 0 1 0 0 0 0 0 0 1 0 0 1 0 0 0 0 0 0 0 0 1 1 0 0 0 1 0 1 0 0 0 0 0 1 0 0 0 0 0 0 0 0 0 0 0 0 0 0 0 0 0 0 0 0 1 0 0 1 0 0 0 1 0 0 0 0 0 1 0 1 0 0 0 0 0 0 0 0 0 0 0 0 0 1 0 0 0 0
geno chr16.88659183 yri  0 0 0 0 0 0 1 0 0 0 1 0 0 0 1 0 1 1 0 0 0 0 0 0 0 0 0 0 0 0 0 0 0 0 0 0 1 0 1 0 0 0 0 0 0 0 0 0 0 0 1 0 0 0 0 0 0 0 0 0 1 0 0 0 0 0 1 0 0 0 0 0 0 0 0 0 0
geno chr16.88659278 ceu  2 2 2 2 2 2 2 2 2 1 2 2 2 2 2 1 2 0 2 1 2 2 2 2 2 2 1 2 2 2 2 2 2 2 2 2 2 2 1 1 2 2 2 2 2 2 1 2 2 2 2 2 2 2 1 1 1 2 2 2 2 2 1 1 2 1 2 2 2 2 2 2 2 1 2 1 1 2
geno chr16.88659278 fin  2 2 2 2 2 2 2 2 2 2 2 2 2 2 2 2 2 2 2 2 2 2 2 2 2 2 2 2 2 1 2 2 2 2 2 2 1 2 2 2 2 1 2 2 2 2 2 2 2 2 1 2 2 2 2 2 2 2 2 2 2 2 2 2 2 2 2 2 2 2 2 2 2 2 2 2 2 2 2 2 2 2 1 2 2 2 2 2 2
geno chr16.88659278 gbr  2 1 2 1 1 2 1 2 2 2 2 2 2 2 2 2 2 2 2 2 2 2 2 2 2 2 2 1 2 2 2 2 2 2 2 1 2 2 2 2 2 2 2 2 2 2 1 2 1 2 2 2 2 2 2 1 1 2 2 2 2 2 2 1 2 2 2 2 2 2 2 2 2 2 1 0 2 2 2 1 2 2 2 2
geno chr16.88659278 tsi  2 1 2 2 2 2 2 2 2 2 2 2 2 2 2 2 1 1 1 2 1 2 1 2 2 2 2 2 2 2 2 2 1 2 2 1 2 2 2 2 2 2 2 2 1 2 1 1 2 2 1 2 2 2 2 2 2 2 2 2 1 2 1 2 2 2 2 2 2 1 2 2 2 2 2 2 2 2 2 2 1 2 1 2 2 2 1 2 2 2 2 1
geno chr16.88659278 yri  1 2 2 2 2 1 1 1 2 2 2 1 2 2 2 2 2 2 2 2 2 2 1 2 2 2 2 1 1 2 2 1 2 2 2 2 2 0 2 2 1 2 2 2 2 2 1 2 0 2 2 0 2 2 1 2 1 2 2 0 2 2 1 2 2 2 2 2 2 1 2 2 2 2 2 2 2
geno chr16.88659296 ceu  2 0 0 1 1 1 0 1 1 0 1 2 2 1 0 1 0 0 1 1 0 1 0 2 2 2 0 0 1 1 1 2 1 1 1 2 1 1 1 1 0 0 0 0 1 0 0 0 1 0 2 1 1 0 0 1 1 1 1 0 2 1 1 1 1 0 1 1 1 1 2 1 1 0 0 0 1 0
geno chr16.88659296 fin  0 1 1 1 0 0 2 0 1 1 2 2 1 0 1 0 0 1 1 2 1 1 0 1 1 0 2 0 1 1 1 1 1 0 1 1 1 1 1 1 1 0 2 0 0 0 0 1 1 0 0 1 1 1 1 0 1 0 1 0 0 1 1 1 0 1 0 1 0 0 1 2 2 0 2 2 1 1 1 0 1 1 0 2 0 0 1 1 1
geno chr16.88659296 gbr  0 0 0 0 0 0 0 0 0 0 1 0 1 0 1 0 0 1 2 0 0 1 1 2 1 1 1 1 0 1 2 1 0 1 0 0 1 1 0 2 0 1 1 0 0 0 0 0 0 1 1 0 1 1 1 1 0 0 1 2 0 1 0 1 1 1 1 2 2 1 1 1 2 0 0 0 0 1 0 0 0 0 0 1
geno chr16.88659296 tsi  2 0 1 1 0 0 0 1 0 1 1 1 0 0 0 0 1 1 0 0 0 1 1 1 0 1 1 0 0 0 0 1 1 2 0 0 1 0 0 0 0 1 0 0 1 0 0 0 0 0 0 2 0 1 2 0 0 1 1 1 0 1 1 0 1 0 1 0 1 1 2 0 0 1 1 2 0 1 0 1 0 1 0 0 0 0 0 0 1 2 2 0
geno chr16.88659296 yri  0 0 1 2 1 0 0 0 2 0 1 1 0 1 0 2 0 1 0 1 1 0 1 0 2 2 0 1 0 0 1 1 1 1 0 0 0 0 0 1 0 0 0 0 0 1 1 1 0 0 0 0 1 1 0 1 0 1 1 0 0 0 0 1 0 0 1 1 0 1 0 1 1 0 1 1 2
geno chr16.88659406 ceu  2 0 0 1 1 1 0 1 1 0 1 2 2 2 0 1 0 0 1 1 1 1 0 2 2 2 0 0 1 1 1 2 1 1 1 2 1 1 1 1 1 1 1 0 1 0 1 1 2 1 2 1 1 0 0 1 1 1 1 1 2 1 1 1 1 1 1 1 1 1 2 1 1 0 0 0 1 0
geno chr16.88659406 fin  0 1 1 2 0 2 2 0 1 1 2 2 1 0 1 1 0 1 1 2 1 1 0 1 1 1 2 0 1 1 1 2 1 0 1 1 1 1 1 1 1 0 2 0 0 1 0 1 1 1 0 1 1 1 1 1 1 1 1 0 0 1 1 1 0 1 0 1 0 0 1 2 2 0 2 2 1 1 1 0 1 1 0 2 0 0 1 1 1
geno chr16.88659406 gbr  0 0 0 1 0 0 1 0 0 0 2 1 1 0 1 0 0 1 2 0 0 1 1 2 2 1 1 1 0 2 2 1 0 1 1 1 2 1 0 2 2 1 1 1 0 0 0 0 0 1 1 0 1 1 1 1 0 0 1 2 0 1 1 1 1 1 1 2 2 1 1 1 2 1 0 0 1 1 0 0 0 0 0 1
geno chr16.88659406 tsi  2 0 1 1 0 1 0 1 0 1 1 1 1 0 0 1 1 1 0 0 0 1 1 1 1 2 1 0 0 1 0 2 1 2 0 0 1 1 0 0 0 1 0 0 1 0 0 0 0 0 0 2 0 1 2 0 0 1 2 1 0 2 1 0 1 1 1 0 1 1 2 1 0 2 1 2 0 1 0 1 0 1 0 0 0 0 0 1 1 2 2 0
geno chr16.88659406 yri  0 1 1 2 2 1 1 1 2 2 2 1 1 2 2 2 2 2 0 1 1 1 1 1 2 2 1 1 1 2 2 1 2 2 1 2 1 0 1 1 1 1 0 1 1 1 1 1 0 1 1 0 2 2 0 2 0 2 1 0 2 2 0 1 1 2 2 1 1 1 0 1 1 0 2 1 2
geno chr16.88659990 ceu  2 0 0 1 2 1 0 1 1 0 1 2 2 2 0 1 0 0 1 1 1 1 0 2 0 2 0 0 1 1 1 2 1 1 1 2 1 1 1 1 1 1 1 0 0 0 1 1 2 1 2 1 1 0 0 1 1 1 1 1 2 1 1 1 1 0 1 1 1 1 2 0 1 0 0 0 0 0
geno chr16.88659990 fin  0 1 1 2 0 2 1 0 1 0 1 1 1 0 1 1 0 1 1 1 1 1 0 1 1 1 1 0 1 1 1 1 1 0 1 1 0 1 1 1 1 0 2 0 0 1 0 1 1 1 0 0 0 0 0 1 1 1 0 0 0 1 1 1 0 1 0 1 0 0 1 2 2 0 2 2 1 0 1 0 1 1 0 2 0 0 1 1 1
geno chr16.88659990 gbr  0 0 0 1 0 0 1 0 0 0 2 1 1 0 1 0 0 1 2 0 0 1 1 2 2 1 1 1 0 2 2 1 0 1 1 0 2 1 0 2 2 1 1 1 0 0 0 0 0 1 1 0 1 1 1 1 0 0 1 2 0 1 1 1 1 0 1 2 2 1 1 1 2 1 0 0 1 1 0 0 0 0 0 1
geno chr16.88659990 tsi  2 0 1 1 0 1 0 1 0 1 1 1 1 0 0 1 1 1 0 0 0 1 1 1 1 2 0 0 0 1 0 2 1 2 0 0 1 1 0 0 0 1 0 0 1 0 0 0 0 0 0 2 0 0 1 0 0 1 2 1 0 2 1 0 1 1 1 0 1 1 1 1 0 2 1 2 0 1 0 1 0 1 0 0 0 0 0 1 1 2 1 0
geno chr16.88659990 yri  0 1 1 0 2 0 1 1 2 2 2 1 1 2 2 2 2 2 0 1 1 1 0 1 2 2 0 1 1 2 2 1 2 2 1 2 1 0 1 1 1 1 0 1 1 1 1 1 0 1 1 0 1 2 0 2 0 1 0 0 2 2 0 1 1 2 1 0 1 1 0 0 0 0 1 1 2
geno chr16.88660627 ceu  2 2 2 2 2 2 2 2 2 1 2 2 2 2 2 1 2 0 2 1 2 2 2 2 2 2 1 2 2 2 2 2 2 2 2 2 2 2 1 1 2 2 2 2 2 2 1 2 2 2 2 2 2 2 1 1 1 2 2 2 2 2 1 1 2 1 2 2 2 2 2 2 2 1 2 1 1 2
geno chr16.88660627 fin  2 2 2 2 2 2 2 2 2 2 2 2 2 2 2 2 2 2 2 2 2 2 2 2 2 2 2 2 2 1 2 2 2 2 2 2 1 2 2 2 2 1 2 2 2 2 2 2 2 2 1 2 2 2 2 2 2 2 2 2 2 2 2 2 2 2 2 2 2 2 2 2 2 2 2 2 2 2 2 2 2 2 1 2 2 2 2 2 2
geno chr16.88660627 gbr  2 1 2 1 1 2 1 2 2 2 2 2 2 2 2 2 2 2 2 2 2 2 2 2 2 2 2 1 2 2 2 2 2 2 2 1 2 2 2 2 2 2 2 2 2 2 1 2 1 2 2 2 2 2 2 1 1 2 2 2 2 2 2 1 2 2 2 2 2 2 2 2 2 2 1 0 2 2 2 1 2 2 2 2
geno chr16.88660627 tsi  2 1 2 2 2 2 2 2 2 2 2 2 2 2 2 2 1 1 1 2 1 2 1 2 2 2 2 2 2 2 2 2 1 2 2 1 2 2 2 2 2 2 2 2 1 2 1 1 2 2 1 2 2 2 2 2 2 2 2 2 1 2 1 2 2 2 2 2 2 1 2 2 2 2 2 2 2 2 2 2 1 2 1 2 2 2 1 2 2 2 2 1
geno chr16.88660627 yri  1 2 2 2 2 1 1 1 2 2 2 1 2 2 2 2 2 2 2 2 2 2 1 2 2 2 2 1 1 2 2 1 2 2 2 2 2 0 2 2 1 2 2 2 2 2 1 2 1 2 2 0 2 2 1 2 1 2 2 0 2 2 1 2 2 2 2 2 2 1 2 2 2 2 2 2 2
geno chr16.88660836 ceu  2 2 2 1 2 2 2 2 2 1 2 2 2 2 2 1 2 0 2 1 2 2 2 2 2 2 1 2 2 2 2 2 2 2 2 2 2 2 1 1 2 1 2 2 2 2 1 2 2 2 2 2 2 1 1 1 1 2 2 2 2 2 1 1 2 1 2 2 2 2 2 2 2 1 2 1 1 2
geno chr16.88660836 fin  2 2 2 2 2 2 2 2 2 2 2 2 2 2 2 1 2 2 2 2 2 2 2 2 2 1 2 0 2 1 2 2 2 2 2 2 1 2 2 2 2 1 2 2 2 2 2 1 2 2 1 2 2 2 2 2 2 2 2 2 2 2 2 2 2 2 1 2 2 1 2 2 2 2 2 2 2 2 2 2 2 2 1 2 2 2 2 1 2
geno chr16.88660836 gbr  2 1 2 1 1 1 1 2 2 2 2 2 2 2 2 2 2 1 2 2 1 2 2 2 2 2 2 1 2 2 2 2 2 2 2 1 2 2 2 2 2 2 1 2 2 2 1 2 1 2 2 2 2 2 2 1 1 2 1 2 2 2 2 1 2 2 2 2 2 2 2 2 2 2 1 0 2 2 2 1 2 1 2 2
geno chr16.88660836 tsi  2 1 2 2 2 1 2 1 2 2 2 2 2 2 2 2 1 1 1 2 1 2 1 2 2 2 2 2 2 2 2 2 1 2 1 1 2 2 2 2 2 2 2 2 1 2 1 1 2 2 1 2 2 2 2 2 2 2 2 2 1 2 1 2 2 2 2 2 2 1 2 2 1 2 2 2 2 2 2 2 1 2 1 2 1 2 1 2 2 2 2 1
geno chr16.88660836 yri  1 2 2 2 2 0 1 1 2 2 2 1 2 2 2 2 2 2 1 2 2 2 1 1 2 2 1 1 1 2 2 1 2 2 2 2 2 0 1 2 1 2 1 2 2 1 1 2 0 2 2 0 2 2 1 2 1 2 2 0 2 2 1 2 2 2 2 2 2 1 2 1 2 2 1 1 2
geno chr16.88660967 ceu  2 2 2 1 2 2 2 2 2 1 2 2 2 2 2 1 2 0 2 1 2 2 2 2 2 2 1 2 2 2 2 2 2 2 2 2 2 2 1 1 2 1 2 2 2 2 1 2 2 2 2 2 2 1 1 1 1 2 2 2 2 2 1 1 2 1 2 2 2 2 2 2 2 1 2 1 1 2
geno chr16.88660967 fin  2 2 2 2 2 2 2 2 2 2 2 2 2 2 2 1 2 2 2 2 2 2 2 2 2 1 2 0 2 1 2 2 2 2 2 2 1 2 2 2 2 1 2 2 2 2 2 1 2 2 1 2 2 2 2 2 2 2 2 2 2 2 2 2 2 2 1 2 2 1 2 2 2 2 2 2 2 2 2 2 2 2 1 2 2 2 2 1 2
geno chr16.88660967 gbr  2 1 2 1 1 1 1 2 2 2 2 2 2 2 2 2 2 1 2 2 1 2 2 2 2 2 2 1 2 2 2 2 2 2 2 1 2 2 2 2 2 2 1 2 2 2 1 2 1 2 2 2 2 2 2 1 1 2 1 2 2 2 2 1 2 2 2 2 2 2 2 2 2 2 1 0 2 2 2 1 2 1 2 2
geno chr16.88660967 tsi  2 1 2 2 2 1 2 1 2 2 2 2 2 2 2 2 1 1 1 2 1 2 1 2 2 2 2 2 2 2 2 2 1 2 1 1 2 2 2 2 2 2 2 2 1 2 1 1 2 2 1 2 2 2 2 2 2 2 2 2 1 2 1 2 2 2 2 2 2 1 2 2 1 2 2 2 2 2 2 2 1 2 1 2 1 2 1 2 2 2 2 1
geno chr16.88660967 yri  1 2 2 2 2 0 1 1 2 2 2 1 2 2 2 2 2 2 1 2 2 2 1 1 2 2 1 1 1 2 2 1 2 2 2 2 2 0 1 2 1 2 1 2 2 1 1 2 0 2 2 0 2 2 1 2 1 2 2 0 2 2 1 2 2 2 2 2 2 1 2 1 2 2 1 1 2
geno chr16.88661093 ceu  0 0 0 0 0 0 0 0 0 0 0 0 0 0 0 0 0 0 0 0 0 0 0 0 0 0 0 0 0 0 0 0 0 0 0 0 0 0 0 0 0 0 0 0 0 1 0 0 0 0 0 0 0 0 0 0 0 1 0 1 0 0 0 0 0 0 0 1 0 0 0 0 0 0 0 0 0 0
geno chr16.88661093 fin  0 0 0 0 0 0 0 0 0 0 0 0 0 1 0 0 0 0 0 0 0 0 0 0 0 0 0 0 0 0 0 0 0 0 0 0 0 0 0 0 0 1 0 0 0 1 0 0 0 0 0 0 0 0 0 0 0 0 0 0 0 0 0 0 0 0 0 0 0 0 0 0 0 1 0 0 0 0 0 0 0 1 0 0 0 0 0 0 0
geno chr16.88661093 gbr  0 0 0 0 0 0 0 2 0 0 0 0 0 0 0 1 0 0 0 0 0 0 0 0 0 0 0 0 1 0 0 0 0 0 0 0 0 1 0 0 0 1 0 0 0 1 0 0 0 0 0 0 0 0 1 0 0 0 0 0 0 0 0 0 0 0 0 0 0 0 0 0 0 0 0 0 0 0 1 0 0 0 1 0
geno chr16.88661093 tsi  0 0 0 0 1 0 0 0 0 1 0 1 0 0 1 0 0 0 1 0 0 0 0 0 0 0 0 0 1 0 2 0 0 0 0 0 0 0 0 1 0 0 0 0 0 0 1 0 0 0 0 0 1 0 0 1 1 1 0 1 0 0 0 1 0 1 0 0 0 0 0 0 0 0 1 0 1 0 2 1 0 0 0 1 0 0 0 0 0 0 0 0
geno chr16.88661093 yri  0 0 0 0 0 0 0 0 0 0 0 0 0 0 0 0 0 0 0 0 0 0 0 0 0 0 0 0 0 0 0 0 0 0 0 0 0 0 0 0 0 0 0 0 0 0 0 0 0 0 0 0 0 0 0 0 0 0 0 0 0 0 0 0 0 0 0 0 0 0 0 0 0 0 0 0 0
geno chr16.88661167 ceu  0 0 0 0 1 0 0 0 0 1 0 0 0 0 1 0 1 0 0 0 0 1 0 0 0 0 1 1 0 0 0 0 0 1 1 0 0 0 0 0 0 0 0 1 0 0 0 1 0 0 0 0 0 0 0 0 0 0 0 0 0 0 0 0 0 0 0 0 0 0 0 0 0 0 0 1 0 0
geno chr16.88661167 fin  0 0 0 0 1 0 0 0 0 1 0 0 0 1 0 0 0 1 0 0 1 0 1 0 0 0 0 0 0 0 0 0 0 0 0 0 0 1 0 0 0 0 0 0 0 0 0 0 0 0 0 0 1 1 0 0 0 0 0 0 0 0 0 0 0 0 0 1 0 0 0 0 0 1 0 0 0 0 0 0 0 0 0 0 0 0 1 0 0
geno chr16.88661167 gbr  1 0 0 0 1 1 0 0 2 0 0 0 0 1 1 0 0 0 0 0 0 0 1 0 0 1 0 0 0 0 0 0 1 0 0 0 0 0 0 0 0 0 0 0 0 0 0 0 1 0 1 1 0 0 0 0 0 0 0 0 0 0 1 0 1 1 0 0 0 0 1 0 0 0 0 0 0 0 1 1 1 1 0 0
geno chr16.88661167 tsi  0 0 0 0 1 0 0 0 2 0 0 0 0 0 0 0 0 0 0 1 1 0 0 1 0 0 1 1 0 0 0 0 0 0 0 1 0 0 0 1 1 1 2 2 0 1 0 0 1 0 0 0 1 0 0 0 0 0 0 0 1 0 0 0 0 0 0 0 0 0 0 1 0 0 0 0 1 0 0 0 0 0 0 1 0 0 1 1 1 0 0 0
geno chr16.88661167 yri  0 0 0 0 0 1 0 0 0 0 0 0 0 0 0 0 0 0 1 0 0 0 0 0 0 0 1 0 0 0 0 0 0 0 0 0 0 0 0 0 0 0 1 0 0 0 0 0 0 1 0 0 0 0 0 0 1 0 1 0 0 0 0 0 0 0 0 1 0 0 1 0 0 0 1 0 0
geno chr16.88661886 ceu  0 0 1 0 1 0 0 0 0 1 0 0 0 0 1 0 1 0 0 0 0 1 0 0 0 0 1 2 0 0 1 0 0 1 1 0 0 0 0 0 0 0 0 1 0 0 0 1 0 1 0 0 0 0 1 0 0 0 0 0 0 0 0 0 0 0 0 0 0 0 0 0 0 0 0 1 0 0
geno chr16.88661886 fin  1 0 0 0 1 0 0 0 0 1 0 0 0 1 0 0 0 1 1 0 1 0 1 0 0 0 0 0 0 0 0 0 0 0 1 0 0 1 1 0 0 0 0 0 0 0 0 0 0 0 0 0 1 1 0 0 0 0 0 1 1 0 0 1 0 0 0 1 0 1 0 0 0 1 0 0 0 0 0 0 0 0 0 0 0 0 1 0 1
geno chr16.88661886 gbr  1 1 0 0 1 1 0 0 2 0 0 0 0 1 1 0 0 0 0 0 0 0 1 0 0 1 1 0 0 0 0 0 1 0 0 0 0 0 0 0 0 0 0 0 0 0 0 0 1 0 1 1 0 0 0 0 1 2 0 0 0 0 1 0 1 1 0 0 0 0 1 1 0 0 0 0 0 0 1 1 1 1 0 0
geno chr16.88661886 tsi  0 0 0 1 1 0 2 0 2 0 1 0 0 1 0 0 0 0 0 1 1 1 0 1 0 0 1 1 1 0 0 0 0 0 1 1 0 0 2 1 1 1 2 1 0 1 0 1 1 1 1 0 1 1 0 0 0 0 0 0 1 0 0 0 1 0 0 1 0 0 0 1 0 0 0 0 1 0 0 0 0 0 0 1 0 0 1 1 1 0 0 0
geno chr16.88661886 yri  0 1 0 0 0 1 0 0 0 0 0 0 0 0 0 0 0 0 1 0 0 0 0 0 0 0 1 0 0 0 0 0 0 0 0 0 0 0 0 0 0 0 1 0 0 0 0 0 0 1 0 0 0 0 0 0 1 0 1 0 0 0 0 0 0 0 0 1 1 0 1 0 0 1 1 0 0
geno chr16.88661980 ceu  0 0 1 0 0 0 0 0 0 0 0 0 0 0 0 0 0 0 0 0 0 0 0 0 0 0 0 1 0 0 1 0 0 0 0 0 0 0 0 0 0 0 0 0 0 0 0 0 0 1 0 0 0 0 1 0 0 0 0 0 0 0 0 0 0 0 0 0 0 0 0 0 0 0 0 0 0 0
geno chr16.88661980 fin  1 0 0 0 0 0 0 0 0 0 0 0 0 0 0 0 0 0 1 0 0 0 0 0 0 0 0 0 0 0 0 0 0 0 1 0 0 0 1 0 0 0 0 0 0 0 0 0 0 0 0 0 0 0 0 0 0 0 0 1 1 0 0 1 0 0 0 0 0 1 0 0 0 0 0 0 0 0 0 0 0 0 0 0 0 0 0 0 1
geno chr16.88661980 gbr  0 1 0 0 0 0 0 0 0 0 0 0 0 0 0 0 0 0 0 0 0 0 0 0 0 0 1 0 0 0 0 0 0 0 0 0 0 0 0 0 0 0 0 0 0 0 0 0 0 0 0 0 0 0 0 0 1 2 0 0 0 0 0 0 0 0 0 0 0 0 0 1 0 0 0 0 0 0 0 0 0 0 0 0
geno chr16.88661980 tsi  0 0 0 1 0 0 2 0 0 0 1 0 0 1 0 0 0 0 0 0 0 1 0 0 0 0 0 0 1 0 0 0 0 0 1 0 0 0 2 0 0 0 0 0 0 0 0 1 0 1 1 0 0 1 0 0 0 0 0 0 0 0 0 0 1 0 0 1 0 0 0 0 0 0 0 0 0 0 0 0 0 0 0 0 0 0 0 0 0 0 0 0
geno chr16.88661980 yri  0 0 0 0 0 0 0 0 0 0 0 0 0 0 0 0 0 0 0 0 0 0 0 0 0 0 0 0 0 0 0 0 0 0 0 0 0 0 0 0 0 0 0 0 0 0 0 0 0 0 0 0 0 0 0 0 0 0 0 0 0 0 0 0 0 0 0 0 1 0 0 0 0 0 0 0 0
geno chr16.88662481 ceu  0 0 0 0 1 0 0 0 0 1 0 0 0 0 1 0 1 0 0 0 0 1 0 0 0 0 1 1 0 0 0 0 0 1 1 0 0 0 0 0 0 0 0 1 0 0 0 1 0 0 0 0 0 0 0 0 0 0 0 0 0 0 0 0 0 0 0 0 0 0 0 0 0 0 0 1 0 0
geno chr16.88662481 fin  0 0 0 0 1 0 0 0 0 1 0 0 0 1 0 0 0 1 0 0 1 0 1 0 0 0 0 0 0 0 0 0 0 0 0 0 0 1 0 0 0 0 0 0 0 0 0 0 0 0 0 0 1 1 0 0 0 0 0 0 0 0 0 0 0 0 0 1 0 0 0 0 0 1 0 0 0 0 0 0 0 0 0 0 0 0 1 0 0
geno chr16.88662481 gbr  1 0 0 0 1 1 0 0 2 0 0 0 0 1 1 0 0 0 0 0 0 0 1 0 0 1 0 0 0 0 0 0 1 0 0 0 0 0 0 0 0 0 0 0 0 0 0 0 1 0 1 1 0 0 0 0 0 0 0 0 0 0 1 0 1 1 0 0 0 0 1 0 0 0 0 0 0 0 1 1 1 1 0 0
geno chr16.88662481 tsi  0 0 0 0 1 0 0 0 2 0 0 0 0 0 0 0 0 0 0 1 1 0 0 1 0 0 1 1 0 0 0 0 0 0 0 1 0 0 0 1 1 1 2 2 0 1 0 0 1 0 0 0 1 0 0 0 0 0 0 0 1 0 0 0 0 0 0 0 0 0 0 1 0 0 0 0 1 0 0 0 0 0 0 1 0 0 1 1 1 0 0 0
geno chr16.88662481 yri  0 0 0 0 0 0 0 0 0 0 0 0 0 0 0 0 0 0 1 0 0 0 0 0 0 0 0 0 0 0 0 0 0 0 0 0 0 0 0 0 0 0 1 0 0 0 0 0 0 1 0 0 0 0 0 0 1 0 1 0 0 0 0 0 0 0 0 1 0 0 1 0 0 0 0 0 0
geno chr16.88662710 ceu  0 2 2 0 0 1 1 1 1 0 0 0 0 0 0 0 0 0 1 0 1 0 1 0 0 0 0 1 1 1 1 0 0 0 0 0 1 1 0 0 1 0 0 0 0 2 0 0 0 1 0 1 1 1 1 0 0 1 1 1 0 1 0 0 1 0 1 1 0 1 0 1 1 1 1 0 0 2
geno chr16.88662710 fin  2 1 1 0 1 0 0 1 1 0 0 0 0 1 0 0 1 0 1 0 0 0 0 0 1 0 0 0 1 0 0 0 0 2 1 1 0 0 1 1 1 1 0 2 1 1 2 0 0 0 1 1 0 0 1 1 1 1 0 2 2 1 1 1 2 1 0 0 2 1 0 0 0 1 0 0 1 1 0 2 1 1 1 0 2 2 0 0 1
geno chr16.88662710 gbr  1 1 2 0 0 0 0 2 0 1 0 1 1 1 0 1 0 0 0 2 1 1 0 0 0 0 1 0 2 0 0 1 1 1 1 0 0 1 1 0 0 1 0 1 1 2 1 1 0 0 0 1 0 1 1 0 1 2 0 0 1 1 0 0 0 0 1 0 0 1 0 1 0 1 1 0 1 1 1 0 0 0 2 0
geno chr16.88662710 tsi  1 1 0 1 1 0 2 0 0 1 1 1 1 2 1 1 0 0 1 1 0 1 0 0 1 0 0 1 2 1 2 0 0 0 1 0 1 1 2 1 0 0 0 0 0 1 1 1 1 2 1 0 1 1 0 2 2 1 0 1 0 0 0 2 1 1 1 2 1 0 0 0 1 0 1 0 1 1 2 1 1 1 1 1 1 1 0 0 0 0 0 1
geno chr16.88662710 yri  1 1 1 0 0 0 0 0 0 0 0 0 1 0 0 0 0 0 0 1 1 0 0 0 0 0 1 0 0 0 0 0 0 0 1 0 0 0 0 1 0 1 0 0 1 0 0 0 0 0 1 0 0 0 1 0 0 0 0 0 0 0 1 1 1 0 0 0 1 0 1 0 0 2 0 0 0
geno chr16.88663281 ceu  2 0 0 1 1 1 1 1 1 0 2 2 2 1 1 1 1 0 1 1 0 1 1 2 2 2 0 0 1 1 1 2 2 1 1 2 1 1 1 1 0 0 1 1 2 0 0 0 1 0 2 1 1 0 0 1 1 1 1 0 2 1 1 1 1 0 1 1 2 1 2 1 1 0 1 0 1 0
geno chr16.88663281 fin  0 1 1 1 0 0 2 1 1 1 2 2 2 0 2 0 1 1 1 2 1 2 1 2 1 0 2 0 1 1 2 1 2 0 1 1 1 1 1 1 1 0 2 0 1 0 0 1 2 1 0 1 1 1 1 0 1 0 2 0 0 1 1 1 0 1 1 1 0 0 2 2 2 0 2 2 1 1 2 0 1 1 0 2 0 0 1 1 1
geno chr16.88663281 gbr  0 0 0 0 0 0 0 0 0 1 1 0 1 0 1 1 2 1 2 0 0 1 1 2 1 1 1 1 0 1 2 1 0 1 0 0 1 1 1 2 0 1 1 1 1 0 0 1 0 2 1 0 2 1 1 1 0 0 1 2 1 1 0 1 1 1 1 2 2 1 1 1 2 0 0 0 0 1 0 0 1 0 0 2
geno chr16.88663281 tsi  1 0 2 1 0 0 0 1 0 1 1 1 0 0 1 0 1 1 0 0 0 1 1 1 0 1 1 0 0 0 0 1 1 2 0 0 1 0 0 0 1 1 0 0 1 0 0 0 0 0 0 2 0 1 2 0 0 1 1 1 0 1 1 0 1 0 1 0 1 1 2 0 0 1 1 2 0 1 0 1 0 1 0 0 0 1 0 0 1 2 2 0
geno chr16.88663281 yri  0 0 1 2 2 0 0 0 2 0 0 1 0 1 0 2 0 1 0 1 1 0 1 0 2 2 0 1 0 0 1 1 1 1 0 0 0 0 0 1 0 0 0 1 0 1 1 1 0 0 0 0 1 1 0 1 0 1 1 0 0 0 0 1 0 0 1 1 0 1 0 1 1 0 1 1 2
geno chr16.88663371 ceu  0 2 2 0 0 1 1 1 1 0 0 0 0 0 0 0 0 0 1 0 1 0 1 0 0 0 0 1 1 1 1 0 0 0 0 0 1 1 0 0 1 0 0 0 0 2 0 0 0 1 0 1 1 1 1 0 0 1 1 1 0 1 0 0 1 0 1 1 0 1 0 1 1 1 1 0 0 2
geno chr16.88663371 fin  2 1 1 0 1 0 0 1 1 0 0 0 0 1 0 0 1 0 1 0 0 0 0 0 1 0 0 0 1 0 0 0 0 2 1 1 0 0 1 1 1 1 0 2 1 1 2 0 0 0 1 1 0 0 1 1 1 1 0 2 2 1 1 1 2 1 0 0 2 1 0 0 0 1 0 0 1 1 0 2 1 1 1 0 2 2 0 0 1
geno chr16.88663371 gbr  1 1 2 0 0 0 0 2 0 1 0 1 1 1 0 1 0 0 0 2 1 1 0 0 0 0 1 0 2 0 0 1 1 1 1 0 0 1 1 0 0 1 0 1 1 2 1 1 0 0 0 1 0 1 1 0 1 2 0 0 1 1 0 0 0 0 1 0 0 1 0 1 0 1 1 0 1 1 1 0 0 0 2 0
geno chr16.88663371 tsi  1 1 0 1 1 0 2 0 0 1 1 1 1 2 2 1 0 0 1 1 0 1 0 0 1 0 0 1 2 1 2 0 0 0 1 0 1 1 2 1 0 0 0 0 0 1 1 1 1 2 1 0 1 1 0 2 2 1 0 1 0 0 0 2 1 1 1 2 1 0 0 0 1 0 1 0 1 1 2 1 1 1 1 1 1 1 0 0 0 0 0 1
geno chr16.88663371 yri  1 1 1 0 0 0 0 0 0 0 0 0 1 0 0 0 0 0 0 1 1 0 0 0 0 0 1 0 0 0 0 0 0 0 1 0 0 0 0 1 0 1 0 0 1 0 0 0 0 0 1 0 0 0 1 0 0 0 0 0 0 0 1 1 1 0 0 0 1 0 1 0 0 2 0 0 0
geno chr16.88663594 ceu  0 0 0 0 0 0 0 0 0 0 0 0 0 1 0 0 0 0 0 0 1 0 0 0 0 0 0 0 0 0 0 0 0 0 0 0 0 0 0 0 1 1 1 0 0 0 1 1 1 1 0 0 0 0 0 0 0 0 0 1 0 0 0 0 0 0 0 0 0 0 0 0 0 0 0 0 0 0
geno chr16.88663594 fin  0 0 0 1 0 2 0 0 0 0 0 0 0 0 0 1 0 0 0 0 0 0 0 0 0 1 0 0 0 0 0 1 0 0 0 0 0 0 0 0 0 0 0 0 0 1 0 0 0 1 0 0 0 0 0 1 0 1 0 0 0 0 0 0 0 0 0 0 0 0 0 0 0 0 0 0 0 0 0 0 0 0 0 0 0 0 0 0 0
geno chr16.88663594 gbr  0 0 0 1 0 0 1 0 0 0 1 1 0 0 0 0 0 0 0 0 0 0 0 0 1 0 0 0 0 1 0 0 0 0 1 0 1 0 0 0 2 0 0 0 0 0 0 0 0 0 0 0 0 0 0 0 0 0 0 0 0 0 1 0 0 0 0 0 0 0 0 0 0 1 0 0 1 0 0 0 0 0 0 0
geno chr16.88663594 tsi  0 0 0 0 0 1 0 0 0 0 0 0 1 0 0 1 0 0 0 0 0 0 0 0 1 1 0 0 0 1 0 1 0 0 0 0 0 1 0 0 0 0 0 0 0 0 0 0 0 0 0 0 0 0 0 0 0 0 1 0 0 1 0 0 0 1 0 0 0 0 0 1 0 1 0 0 0 0 0 0 0 0 0 0 0 0 0 1 0 0 0 0
geno chr16.88663594 yri  0 0 0 0 0 0 1 0 0 0 2 0 0 0 1 0 1 1 0 0 0 0 0 0 0 0 0 0 0 0 0 0 0 0 0 0 1 0 1 0 0 0 0 0 0 0 0 0 0 0 1 0 0 0 0 0 0 0 0 0 0 0 0 0 0 0 0 0 0 0 0 0 0 0 0 0 0
geno chr16.88664312 ceu  2 2 2 1 2 2 2 2 2 1 2 2 2 2 2 1 2 0 2 1 2 2 2 2 2 2 1 2 2 2 2 2 2 2 2 2 2 2 1 1 2 1 2 2 2 2 1 2 2 2 2 2 2 1 1 1 1 2 2 2 2 2 1 1 2 1 2 2 2 2 2 2 2 1 2 1 1 2
geno chr16.88664312 fin  2 2 2 2 2 2 2 2 2 2 2 2 2 2 2 1 2 2 2 2 2 2 2 2 2 2 2 2 2 1 2 2 2 2 2 2 1 2 2 2 2 1 2 2 2 2 2 2 2 2 1 2 2 2 2 2 2 2 2 2 2 2 2 2 2 2 2 2 2 2 2 2 2 2 2 2 2 2 2 2 2 2 1 2 2 2 2 2 2
geno chr16.88664312 gbr  2 1 2 1 1 2 1 2 2 2 2 2 2 2 2 2 2 2 2 2 1 2 2 2 2 2 2 1 2 2 2 2 2 2 2 1 2 2 2 2 2 2 2 2 2 2 1 2 1 2 2 2 2 2 2 1 1 2 1 2 2 2 2 1 2 2 2 2 2 2 2 2 2 2 1 0 2 2 2 1 2 2 2 2
geno chr16.88664312 tsi  2 1 2 2 2 2 2 2 2 2 2 2 2 2 2 2 1 1 1 2 1 2 1 2 2 2 2 2 2 2 2 2 1 2 2 1 2 2 2 2 2 2 2 2 1 2 1 1 2 2 1 2 2 2 2 2 2 2 2 2 1 2 1 2 2 2 2 2 2 1 2 2 1 2 2 2 2 2 2 2 1 2 1 2 2 2 1 2 2 2 2 1
geno chr16.88664312 yri  1 2 2 2 2 0 1 1 2 2 2 1 2 2 2 2 2 2 2 2 2 2 1 2 2 2 1 1 1 2 1 1 1 2 2 2 2 0 2 2 1 2 2 2 2 2 1 2 0 2 2 0 2 2 1 2 1 1 2 0 2 2 1 2 2 2 2 2 2 1 2 2 2 2 1 2 2
geno chr16.88664443 ceu  0 0 0 0 1 0 0 0 0 1 0 0 0 0 1 0 1 0 0 0 0 1 0 0 0 0 1 1 0 0 0 0 0 1 1 0 0 0 0 0 0 0 0 1 0 0 0 1 0 0 0 0 0 0 0 0 0 0 0 0 0 0 0 0 0 0 0 0 0 0 0 0 0 0 0 1 0 0
geno chr16.88664443 fin  0 0 0 0 1 0 0 0 0 1 0 0 0 1 0 0 0 1 0 0 1 0 1 0 0 0 0 0 0 0 0 0 0 0 0 0 0 1 0 0 0 0 0 0 0 0 0 0 0 0 0 0 1 1 0 0 0 0 0 0 0 0 0 0 0 0 0 1 0 0 0 0 0 1 0 0 0 0 0 0 0 0 0 0 0 0 1 0 0
geno chr16.88664443 gbr  1 0 0 0 1 1 0 0 2 0 0 0 0 1 1 0 0 0 0 0 0 0 1 0 0 1 0 0 0 0 0 0 1 0 0 0 0 0 0 0 0 0 0 0 0 0 0 0 1 0 1 1 0 0 0 0 0 0 0 0 0 0 1 0 1 1 0 0 0 0 1 0 0 0 0 0 0 0 1 1 1 1 0 0
geno chr16.88664443 tsi  0 0 0 0 1 0 0 0 2 0 0 0 0 0 0 0 0 0 0 1 1 0 0 1 0 0 1 1 0 0 0 0 0 0 0 1 0 0 0 1 1 1 2 2 0 1 0 0 1 0 0 0 1 0 0 0 0 0 0 0 1 0 0 0 0 0 0 0 0 0 0 1 0 0 0 0 1 0 0 0 0 0 0 1 0 0 1 1 1 0 0 0
geno chr16.88664443 yri  0 0 0 0 0 0 0 0 0 0 0 0 0 0 0 0 0 0 0 0 0 0 0 0 0 0 0 0 0 0 0 0 0 0 0 0 0 0 0 0 0 0 0 0 0 0 0 0 0 0 0 0 0 0 0 0 0 0 0 0 0 0 0 0 0 0 0 0 0 0 0 0 0 0 0 0 0
geno chr16.88664758 ceu  2 0 1 1 1 1 1 1 1 0 2 2 2 1 1 1 1 0 1 1 0 1 1 2 2 2 0 0 1 1 2 2 2 1 1 2 1 1 1 1 0 0 1 1 2 0 0 0 1 1 2 1 1 0 1 1 1 1 1 0 2 1 1 1 1 0 1 1 2 1 2 1 1 0 1 0 1 0
geno chr16.88664758 fin  1 1 1 1 0 0 2 1 1 1 2 2 2 0 2 0 1 1 2 2 1 2 1 2 1 0 2 0 1 1 2 1 2 0 2 1 1 1 1 1 1 0 2 0 1 0 0 1 2 1 0 1 1 1 1 0 1 0 2 0 0 1 1 2 0 1 1 1 0 1 2 2 2 0 2 2 1 1 2 0 1 1 0 2 0 0 1 1 1
geno chr16.88664758 gbr  0 0 0 0 0 0 1 0 0 1 1 0 1 0 1 1 2 1 2 0 0 1 1 2 1 1 2 1 0 1 2 1 0 1 0 0 1 1 1 2 0 1 1 1 1 0 0 1 0 2 1 0 2 1 1 1 0 1 1 2 1 1 0 1 1 1 1 2 2 1 1 1 2 0 0 0 0 1 0 0 1 0 0 2
geno chr16.88664758 tsi  2 0 2 2 0 0 1 1 0 1 1 1 0 1 1 0 1 1 0 0 0 1 1 1 0 1 1 0 1 0 0 1 1 2 0 0 1 0 1 0 1 1 0 0 1 0 0 1 0 0 0 2 0 1 2 0 0 1 1 1 0 1 1 0 1 0 1 0 1 1 2 0 0 1 1 2 0 1 0 1 0 1 0 0 0 1 0 0 1 2 2 0
geno chr16.88664758 yri  0 0 1 2 1 0 0 0 2 0 1 1 0 2 0 2 0 1 1 1 1 1 1 1 2 2 0 1 0 0 1 1 1 1 1 0 0 0 0 1 0 0 1 0 1 2 1 1 1 0 1 0 1 1 0 1 0 1 1 0 0 0 0 1 0 0 1 1 0 1 0 2 1 0 1 2 2
geno chr16.88665324 ceu  0 0 0 0 0 0 0 0 0 0 0 0 0 0 0 0 0 0 0 0 0 0 0 0 0 0 0 0 0 0 0 0 0 0 0 0 0 0 0 0 0 0 0 0 0 0 0 0 0 0 0 0 0 0 0 0 0 0 0 0 0 0 0 0 0 1 0 0 0 0 0 0 0 0 0 0 0 0
geno chr16.88665324 fin  0 0 0 0 0 0 0 0 0 0 0 0 0 0 0 0 0 0 0 0 0 0 0 0 0 1 0 2 0 0 0 0 0 0 0 0 0 0 0 0 0 0 0 0 0 0 0 1 0 0 0 0 0 0 0 0 0 0 0 0 0 0 0 0 0 0 1 0 0 1 0 0 0 0 0 0 0 0 0 0 0 0 0 0 0 0 0 1 0
geno chr16.88665324 gbr  0 0 0 0 0 1 0 0 0 0 0 0 0 0 0 0 0 1 0 0 0 0 0 0 0 0 0 0 0 0 0 0 0 0 0 1 0 0 0 0 0 0 1 0 0 0 0 0 0 0 0 0 0 0 0 0 0 0 0 0 0 0 0 0 0 0 0 0 0 0 0 0 0 0 0 0 0 0 0 0 0 1 0 0
geno chr16.88665324 tsi  0 0 0 0 0 1 0 1 0 0 0 0 0 0 0 0 0 0 0 0 0 0 0 0 0 0 0 0 0 0 0 0 0 0 1 0 0 0 0 0 0 0 0 0 0 0 0 0 0 0 0 0 0 0 0 0 0 0 0 0 0 0 0 0 0 0 0 0 0 0 0 0 0 0 0 0 0 0 0 0 0 0 0 0 1 0 0 0 0 0 0 0
geno chr16.88665324 yri  0 0 0 0 0 0 0 0 0 2 0 0 1 0 0 0 0 0 0 0 0 2 0 1 0 0 0 0 0 0 0 0 0 1 0 1 1 0 1 0 1 0 0 0 0 0 0 1 0 0 0 0 0 0 0 0 0 0 0 0 1 1 0 0 0 1 0 0 1 0 0 0 1 0 0 0 0
geno chr16.88666035 ceu  2 2 2 1 2 2 2 2 2 1 2 2 2 2 2 1 2 0 2 1 2 2 2 2 2 2 1 2 2 2 2 2 2 2 2 2 2 2 1 1 2 1 2 2 2 2 1 2 2 2 2 2 2 1 1 1 1 2 2 2 2 2 1 1 2 1 2 2 2 2 2 2 2 1 2 1 1 2
geno chr16.88666035 fin  2 2 2 2 2 2 2 2 2 2 2 2 2 2 2 1 2 2 2 2 2 2 2 2 2 1 2 0 2 1 2 2 2 2 2 2 1 2 2 2 2 1 2 2 2 2 2 1 2 2 1 2 2 2 2 2 2 2 2 2 2 2 2 2 2 2 1 2 2 1 2 2 2 2 2 2 2 2 2 2 2 2 1 2 2 2 2 1 2
geno chr16.88666035 gbr  2 1 2 1 1 1 1 2 2 2 2 2 2 2 2 2 2 1 2 2 1 2 2 2 2 2 2 1 2 2 2 2 2 2 2 1 2 2 2 2 2 2 1 2 2 2 1 2 1 2 2 2 2 2 2 1 1 2 1 2 2 2 2 1 2 2 2 2 2 2 2 2 2 2 1 0 2 2 2 1 2 1 2 2
geno chr16.88666035 tsi  2 1 2 2 2 1 2 1 2 2 2 2 2 2 2 2 1 1 1 2 1 2 1 2 2 2 2 2 2 2 2 2 1 2 1 1 2 2 2 2 2 2 2 2 1 2 1 1 2 2 1 2 2 2 2 2 2 2 2 2 1 2 1 2 2 2 2 2 2 1 2 2 1 2 2 2 2 2 2 2 1 2 1 2 1 2 1 2 2 2 2 1
geno chr16.88666035 yri  1 2 2 2 2 0 1 1 2 2 2 1 2 2 2 2 2 2 2 2 2 2 1 2 2 2 1 1 1 2 1 1 1 2 2 2 2 0 1 2 1 2 2 2 2 2 1 2 0 2 2 0 2 2 1 2 1 1 2 0 2 2 1 2 2 2 2 2 2 1 2 2 2 2 1 2 2
geno chr16.88666048 ceu  0 2 1 0 0 1 1 1 1 0 0 0 0 0 0 0 0 0 1 0 1 0 1 0 0 0 0 0 1 1 0 0 0 0 0 0 1 1 0 0 1 0 0 0 0 2 0 0 0 0 0 1 1 1 0 0 0 1 1 1 0 1 0 0 1 0 1 1 0 1 0 1 1 1 1 0 0 2
geno chr16.88666048 fin  1 1 1 0 1 0 0 1 1 0 0 0 0 1 0 0 1 0 0 0 0 0 0 0 1 0 0 0 1 0 0 0 0 2 0 1 0 0 0 1 1 1 0 2 1 1 2 0 0 0 1 1 0 0 1 1 1 1 0 1 1 1 1 0 2 1 0 0 2 0 0 0 0 1 0 0 1 1 0 2 1 1 1 0 2 2 0 0 0
geno chr16.88666048 gbr  1 0 2 0 0 0 0 2 0 1 0 1 1 1 0 1 0 0 0 2 1 1 0 0 0 0 0 0 2 0 0 1 1 1 1 0 0 1 1 0 0 1 0 1 1 2 1 1 0 0 0 1 0 1 1 0 0 0 0 0 1 1 0 0 0 0 1 0 0 1 0 0 0 1 1 0 1 1 1 0 0 0 2 0
geno chr16.88666048 tsi  1 1 0 0 1 0 0 0 0 1 0 1 1 1 1 1 0 0 1 0 0 0 0 0 1 0 0 1 1 1 2 0 0 0 0 0 1 1 0 1 0 0 0 0 0 1 1 0 1 1 0 0 1 0 0 2 2 1 0 1 0 0 0 2 0 1 1 1 1 0 0 0 1 0 1 0 1 1 2 1 1 1 1 1 1 1 0 0 0 0 0 1
geno chr16.88666048 yri  1 0 1 0 0 0 0 0 0 0 0 0 1 0 0 0 0 0 0 0 1 0 0 0 0 0 1 0 0 0 0 0 0 0 0 0 0 0 0 0 0 1 0 0 1 0 0 0 0 0 0 0 0 0 0 0 0 0 0 0 0 0 1 1 0 0 0 0 0 0 0 0 0 1 0 0 0
geno chr16.88666553 ceu  0 2 1 0 0 1 1 1 1 0 0 0 0 0 0 0 0 0 1 0 1 0 1 0 0 0 0 0 1 1 0 0 0 0 0 0 1 1 0 0 1 0 0 0 0 2 0 0 0 0 0 1 1 1 0 0 0 1 1 1 0 1 0 0 1 0 1 1 0 1 0 1 1 1 1 0 0 2
geno chr16.88666553 fin  1 1 1 0 1 0 0 1 1 0 0 0 0 1 0 0 1 0 0 0 0 0 0 0 1 0 0 0 1 0 0 0 0 2 0 1 0 0 0 1 1 1 0 2 1 1 2 0 0 0 1 1 0 0 1 1 1 1 0 1 1 1 1 0 2 1 0 0 2 0 0 0 0 1 0 0 1 1 0 2 1 1 1 0 2 2 0 0 0
geno chr16.88666553 gbr  1 0 2 0 0 0 0 2 0 1 0 1 1 1 0 1 0 0 0 2 1 1 0 0 0 0 0 0 2 0 0 1 1 1 1 0 0 1 1 0 0 1 0 1 1 2 1 1 0 0 0 1 0 1 1 0 0 0 0 0 1 1 0 0 0 0 1 0 0 1 0 0 0 1 1 0 1 1 1 0 0 0 2 0
geno chr16.88666553 tsi  1 1 0 0 1 0 0 0 0 1 0 1 1 1 1 1 0 0 1 0 0 0 0 0 1 0 0 1 1 1 2 0 0 0 0 0 1 1 0 1 0 0 0 0 0 1 1 0 1 1 0 0 1 0 0 2 2 1 0 1 0 0 0 2 0 1 1 1 1 0 0 0 1 0 1 0 1 1 2 1 1 1 1 1 1 1 0 0 0 0 0 1
geno chr16.88666553 yri  1 0 1 0 0 0 0 0 0 0 0 0 1 0 0 0 0 0 0 1 1 0 0 0 0 0 1 0 0 0 0 0 0 0 1 0 0 0 0 1 0 1 0 0 1 0 0 0 0 0 0 0 0 0 1 0 0 0 0 0 0 0 1 1 1 0 0 0 0 0 1 0 0 1 0 0 0
geno chr16.88666697 ceu  0 0 0 0 1 1 0 0 0 0 0 0 0 0 0 0 0 0 0 1 0 1 0 0 0 1 0 0 0 1 0 0 1 1 0 0 0 0 0 1 0 0 0 0 0 0 0 0 0 0 0 0 0 0 0 0 0 0 1 0 1 0 1 0 0 0 0 0 0 1 1 0 0 0 0 0 0 0
geno chr16.88666697 fin  0 0 0 0 0 0 0 0 0 0 0 0 0 0 0 0 0 0 0 0 0 0 0 0 0 0 0 0 0 0 0 0 0 0 1 0 0 0 1 0 0 0 1 0 0 0 0 0 0 0 0 0 0 0 0 0 0 0 0 0 0 0 0 0 0 0 0 0 0 0 0 0 0 0 0 0 0 0 0 0 0 0 0 0 0 0 1 0 0
geno chr16.88666697 gbr  0 0 0 0 0 0 0 0 0 0 0 0 1 0 0 0 0 0 0 0 0 1 1 0 1 1 0 0 0 0 0 0 0 0 0 0 0 0 0 0 0 1 0 0 0 0 0 0 0 1 0 0 0 0 0 0 0 0 0 1 0 0 0 1 1 0 0 1 0 0 0 0 0 0 0 0 0 0 0 0 0 0 0 1
geno chr16.88666697 tsi  0 0 0 0 0 0 0 0 0 0 0 0 0 0 0 0 0 0 0 0 0 0 0 0 0 0 0 0 0 0 0 0 0 0 0 0 0 0 0 0 0 1 0 0 0 0 0 0 0 0 0 1 0 0 0 0 0 0 0 0 0 0 0 0 0 0 0 0 0 0 0 0 0 0 1 1 0 0 0 0 0 0 0 0 0 0 0 0 0 1 0 0
geno chr16.88666697 yri  0 0 0 0 0 0 0 0 0 0 0 0 0 0 0 0 0 0 0 0 0 0 0 0 0 0 0 0 0 0 0 0 0 0 0 0 0 0 0 0 0 0 0 0 0 0 0 0 0 0 0 0 0 0 0 0 0 0 0 0 0 0 0 0 0 0 0 0 0 0 0 0 0 0 0 0 0
geno chr16.88666724 ceu  0 2 1 0 0 0 0 0 0 0 0 0 0 0 0 0 0 0 1 0 0 0 0 0 0 0 0 0 0 0 0 0 0 0 0 0 0 1 0 0 1 0 0 0 0 1 0 0 0 0 0 1 1 0 0 0 0 0 0 0 0 0 0 0 0 0 0 0 0 1 0 0 0 0 0 0 0 0
geno chr16.88666724 fin  0 0 0 0 1 0 0 1 0 0 0 0 0 0 0 0 0 0 0 0 0 0 0 0 0 0 0 0 1 0 0 0 0 1 0 0 0 0 0 0 1 0 0 0 1 0 0 0 0 0 0 0 0 0 0 1 0 0 0 0 0 0 0 0 1 1 0 0 1 0 0 0 0 0 0 0 1 0 0 0 0 0 0 0 1 1 0 0 0
geno chr16.88666724 gbr  0 0 0 0 0 0 0 0 0 1 0 0 1 1 0 0 0 0 0 0 0 0 0 0 0 0 0 0 1 0 0 0 0 0 1 0 0 0 0 0 0 0 0 1 0 0 1 0 0 0 0 0 0 0 0 0 0 0 0 0 1 0 0 0 0 0 0 0 0 0 0 0 0 0 0 0 0 0 0 0 0 0 0 0
geno chr16.88666724 tsi  0 0 0 0 0 0 0 0 0 0 0 0 1 0 0 0 0 0 0 0 0 0 0 0 0 0 0 0 0 0 0 0 0 0 0 0 0 1 0 0 0 0 0 0 0 1 0 0 0 0 0 0 0 0 0 0 1 0 0 0 0 0 0 0 0 0 0 0 0 0 0 0 0 0 0 0 0 0 0 0 0 0 0 0 1 1 0 0 0 0 0 0
geno chr16.88666724 yri  1 0 1 0 0 0 0 0 0 0 0 0 1 0 0 0 0 0 0 0 1 0 0 0 0 0 1 0 0 0 0 0 0 0 0 0 0 0 0 0 0 1 0 0 1 0 0 0 0 0 0 0 0 0 0 0 0 0 0 0 0 0 1 1 0 0 0 0 0 0 0 0 0 1 0 0 0
geno chr16.88667093 ceu  0 2 1 0 1 1 1 1 1 1 0 0 0 0 1 0 1 0 1 0 1 1 1 0 0 0 1 2 1 1 0 0 0 1 1 0 1 1 0 0 1 0 0 1 0 2 0 1 0 0 0 1 1 1 0 0 0 1 1 1 0 1 0 0 1 0 1 1 0 1 0 1 1 1 1 1 0 2
geno chr16.88667093 fin  1 1 1 0 2 0 0 1 1 1 0 0 0 2 0 0 1 1 0 0 1 0 1 0 1 0 0 0 1 0 0 0 0 2 0 1 0 1 0 1 1 1 0 2 1 1 2 0 0 0 1 1 1 1 1 1 1 1 0 2 2 1 1 0 2 1 0 1 2 0 0 0 0 2 0 0 1 1 0 2 1 1 1 0 2 2 1 0 1
geno chr16.88667093 gbr  2 1 2 0 1 1 0 2 2 1 0 1 1 2 1 1 0 0 0 2 1 1 1 0 0 1 0 0 2 0 0 1 2 1 1 0 0 1 1 0 0 1 0 1 1 2 1 1 1 0 1 2 0 1 1 0 1 1 0 0 1 1 1 0 1 1 1 0 0 1 1 1 0 1 1 0 1 1 2 1 1 1 2 0
geno chr16.88667093 tsi  1 1 0 0 2 0 1 0 2 1 1 1 1 1 1 1 0 0 1 1 1 1 0 1 1 0 1 2 1 1 2 0 0 0 1 1 1 1 1 2 1 1 2 2 0 2 1 0 2 2 1 0 2 1 0 2 2 1 0 1 1 0 0 2 1 1 1 2 1 0 0 1 1 0 1 0 2 1 2 1 1 1 1 2 1 1 1 1 1 0 0 1
geno chr16.88667093 yri  1 1 1 0 0 0 0 0 0 0 0 0 1 0 0 0 0 0 1 1 1 0 0 0 0 0 1 0 0 0 0 0 0 0 1 0 1 0 0 1 0 1 1 0 1 0 0 0 0 1 1 0 0 0 1 0 1 0 1 0 0 0 1 1 1 0 0 1 1 0 2 0 0 2 0 0 0
geno chr16.88667489 ceu  0 0 0 0 0 0 0 0 0 0 0 0 0 1 0 0 0 0 0 0 1 0 0 0 0 0 0 0 0 0 0 0 0 0 0 0 0 0 0 0 1 1 1 0 0 0 1 1 1 1 0 0 0 0 0 0 0 0 0 1 0 0 0 0 0 0 0 0 0 0 0 0 0 0 0 0 0 0
geno chr16.88667489 fin  0 0 0 1 0 2 0 0 0 0 0 0 0 0 0 1 0 0 0 0 0 0 0 0 0 1 0 0 0 0 0 1 0 0 0 0 0 0 0 0 0 0 0 0 0 1 0 0 0 1 0 0 0 0 0 1 0 1 0 0 0 0 0 0 0 0 0 0 0 0 0 0 0 0 0 0 0 0 0 0 0 0 0 0 0 0 0 0 0
geno chr16.88667489 gbr  0 0 0 1 0 0 1 0 0 0 1 1 0 0 0 0 0 0 0 0 0 0 0 0 1 0 0 0 0 1 0 0 0 0 1 0 1 0 0 0 2 0 0 1 0 0 0 0 0 0 0 0 0 0 0 0 0 0 0 0 0 0 1 0 0 0 0 0 0 0 0 0 0 1 0 0 1 0 0 0 0 0 0 0
geno chr16.88667489 tsi  0 0 0 0 0 1 0 0 0 0 0 0 1 0 0 1 0 0 0 0 0 0 0 0 1 1 0 0 0 1 0 1 0 0 0 0 0 1 0 0 0 0 0 0 0 0 0 0 0 0 0 0 0 0 0 0 0 0 1 0 0 1 0 0 0 1 0 0 0 0 0 1 0 1 0 0 0 0 0 0 0 0 0 0 0 0 0 1 0 0 0 0
geno chr16.88667489 yri  0 0 0 0 0 0 1 0 0 0 1 0 0 0 1 0 1 1 0 0 0 0 0 0 0 0 0 0 0 0 0 0 0 0 0 0 0 0 1 0 0 0 0 0 0 0 0 0 0 0 0 0 0 0 0 0 0 0 0 0 1 0 0 0 0 0 1 0 0 0 0 0 0 0 0 0 0
geno chr16.88668051 ceu  2 0 0 1 1 1 1 1 1 0 2 2 2 1 1 1 1 0 1 1 0 1 1 2 2 2 0 0 1 1 1 2 2 1 1 2 1 1 1 1 0 0 1 1 2 0 0 0 1 0 2 1 1 0 0 1 1 1 1 0 2 1 1 1 1 0 1 1 2 1 2 1 1 0 1 0 1 0
geno chr16.88668051 fin  0 0 1 0 0 0 2 1 1 1 2 2 2 0 2 0 1 1 1 2 1 2 1 1 1 0 2 0 1 1 2 1 2 0 1 1 1 1 1 1 1 0 2 0 1 0 0 1 2 1 0 1 1 1 1 0 1 0 2 0 0 0 1 1 0 1 1 1 0 0 1 1 2 0 2 2 1 1 2 0 1 1 0 2 0 0 1 1 1
geno chr16.88668051 gbr  0 0 0 0 0 0 0 0 0 1 1 0 1 0 1 1 2 1 2 0 0 1 1 2 1 1 1 1 0 1 2 1 0 1 0 0 1 1 1 2 0 1 1 0 1 0 0 1 0 2 1 0 2 1 1 1 0 0 1 2 1 1 0 1 1 1 1 2 2 1 1 1 2 0 0 0 0 1 0 0 1 0 0 2
geno chr16.88668051 tsi  1 0 2 1 0 0 0 1 0 1 1 1 0 0 0 0 1 1 0 1 0 1 1 1 0 1 1 0 0 0 0 1 1 2 0 0 1 0 0 0 1 1 0 0 1 0 0 0 0 0 0 2 0 1 2 0 0 1 1 1 0 1 1 0 1 0 1 0 1 1 2 0 0 1 1 2 0 1 0 1 0 1 0 0 0 1 0 0 1 2 2 0
geno chr16.88668051 yri  0 0 1 2 1 0 0 0 2 0 1 1 1 2 0 2 0 1 0 1 1 0 1 0 2 2 0 1 0 0 1 1 1 1 1 0 0 0 0 1 0 0 0 0 1 1 1 1 0 0 1 0 1 1 0 1 0 1 1 0 0 0 0 1 0 0 1 1 0 1 0 1 1 0 1 1 2
geno chr16.88668236 ceu  0 0 0 0 0 0 0 0 0 1 0 0 0 0 1 0 1 0 0 0 0 0 0 0 0 0 1 1 0 0 0 0 0 1 1 0 0 0 0 0 0 0 0 1 0 0 0 0 0 0 0 0 0 0 0 0 0 0 0 0 0 0 0 0 0 0 0 0 0 0 0 0 0 0 0 1 0 0
geno chr16.88668236 fin  0 0 0 0 0 0 0 0 0 0 0 0 0 1 0 0 0 1 0 0 1 0 1 0 0 0 0 0 0 0 0 0 0 0 0 0 0 1 0 0 0 0 0 0 0 0 0 0 0 0 0 0 1 1 0 0 0 0 0 0 0 0 0 0 0 0 0 1 0 0 0 0 0 1 0 0 0 0 0 0 0 0 0 0 0 0 1 0 0
geno chr16.88668236 gbr  1 0 0 0 0 1 0 0 1 0 0 0 0 0 1 0 0 0 0 0 0 0 1 0 0 1 0 0 0 0 0 0 1 0 0 0 0 0 0 0 0 0 0 0 0 0 0 0 1 0 0 1 0 0 0 0 0 0 0 0 0 0 1 0 1 1 0 0 0 0 0 0 0 0 0 0 0 0 1 1 1 1 0 0
geno chr16.88668236 tsi  0 0 0 0 0 0 0 0 1 0 0 0 0 0 0 0 0 0 0 1 1 0 0 1 0 0 1 1 0 0 0 0 0 0 0 0 0 0 0 1 0 0 1 1 0 1 0 0 1 0 0 0 0 0 0 0 0 0 0 0 0 0 0 0 0 0 0 0 0 0 0 1 0 0 0 0 1 0 0 0 0 0 0 0 0 0 0 0 1 0 0 0
geno chr16.88668236 yri  0 0 0 0 0 0 0 0 0 0 0 0 0 0 0 0 0 0 0 0 0 0 0 0 0 0 0 0 0 0 0 0 0 0 0 0 0 0 0 0 0 0 0 0 0 0 0 0 0 0 0 0 0 0 0 0 0 0 0 0 0 0 0 0 0 0 0 0 0 0 0 0 0 0 0 0 0
geno chr16.88668459 ceu  0 0 0 0 1 0 0 0 0 1 0 0 0 0 1 0 1 0 0 0 0 1 0 0 0 0 1 1 0 0 0 0 0 1 1 0 0 0 0 0 0 0 0 1 0 0 0 1 0 0 0 0 0 0 0 0 0 0 0 0 0 0 0 0 0 0 0 0 0 0 0 0 0 0 0 1 0 0
geno chr16.88668459 fin  0 0 0 0 1 0 0 0 0 1 0 0 0 1 0 0 0 1 0 0 1 0 1 0 0 0 0 0 0 0 0 0 0 0 0 0 0 1 0 0 0 0 0 0 0 0 0 0 0 0 0 0 1 1 0 0 0 0 0 0 0 0 0 0 0 0 0 1 0 0 0 0 0 1 0 0 0 0 0 0 0 0 0 0 0 0 1 0 0
geno chr16.88668459 gbr  1 0 0 0 1 1 0 0 2 0 0 0 0 1 1 0 0 0 0 0 0 0 1 0 0 1 0 0 0 0 0 0 1 0 0 0 0 0 0 0 0 0 0 0 0 0 0 0 1 0 1 1 0 0 0 0 0 0 0 0 0 0 1 0 1 1 0 0 0 0 1 0 0 0 0 0 0 0 1 1 1 1 0 0
geno chr16.88668459 tsi  0 0 0 0 1 0 0 0 2 0 0 0 0 0 0 0 0 0 0 1 1 0 0 1 0 0 1 1 0 0 0 0 0 0 0 1 0 0 0 1 1 1 2 2 0 1 0 0 1 0 0 0 1 0 0 0 0 0 0 0 1 0 0 0 0 0 0 0 0 0 0 1 0 0 0 0 1 0 0 0 0 0 0 1 0 0 1 1 1 0 0 0
geno chr16.88668459 yri  0 0 0 0 0 0 0 0 0 0 0 0 0 0 0 0 0 0 0 0 0 0 0 0 0 0 0 0 0 0 0 0 0 0 0 0 0 0 0 0 0 0 0 0 0 0 0 0 0 0 0 0 0 0 0 0 0 0 0 0 0 0 0 0 0 0 0 0 0 0 0 0 0 0 0 0 0
geno chr16.88668557 ceu  0 0 0 0 1 0 0 0 0 1 0 0 0 0 1 0 1 0 0 0 0 1 0 0 0 0 1 1 0 0 0 0 0 1 1 0 0 0 0 0 0 0 0 1 0 0 0 1 0 0 0 0 0 0 0 0 0 0 0 0 0 0 0 0 0 0 0 0 0 0 0 0 0 0 0 1 0 0
geno chr16.88668557 fin  0 0 0 0 1 0 0 0 0 1 0 0 0 1 0 0 0 1 0 0 1 0 1 0 0 0 0 0 0 0 0 0 0 0 0 0 0 1 0 0 0 0 0 0 0 0 0 0 0 0 0 0 1 1 0 0 0 0 0 0 0 0 0 0 0 0 0 1 0 0 0 0 0 1 0 0 0 0 0 0 0 0 0 0 0 0 1 0 0
geno chr16.88668557 gbr  1 0 0 0 1 1 0 0 2 0 0 0 0 1 1 0 0 0 0 0 0 0 1 0 0 1 0 0 0 0 0 0 1 0 0 0 0 0 0 0 0 0 0 0 0 0 0 0 1 0 1 1 0 0 0 0 0 0 0 0 0 0 1 0 1 1 0 0 0 0 1 0 0 0 0 0 0 0 1 1 1 1 0 0
geno chr16.88668557 tsi  0 0 0 0 1 0 0 0 2 0 0 0 0 0 0 0 0 0 0 1 1 0 0 1 0 0 1 1 0 0 0 0 0 0 0 1 0 0 0 1 1 1 2 2 0 1 0 0 1 0 0 0 1 0 0 0 0 0 0 0 1 0 0 0 0 0 0 0 0 0 0 1 0 0 0 0 1 0 0 0 0 0 0 1 0 0 1 1 1 0 0 0
geno chr16.88668557 yri  0 0 0 0 0 0 0 0 0 0 0 0 0 0 0 0 0 0 1 0 0 0 0 0 0 0 0 0 0 0 0 0 0 0 0 0 0 0 0 0 0 0 1 0 0 0 0 0 0 1 0 0 0 0 0 0 1 0 1 0 0 0 0 0 0 0 0 1 0 0 1 0 0 0 0 0 0
