pheno ENSG00000173406 ceu 1.882118 0.4573936 2.957961 1.531624 1.816792 1.609969 1.22585 2.15323 0.5360839 1.202938 0.8465714 -0.7801151 1.730209 0.8148119 1.536134 -0.3098257 0.306174 3.394159 0.7324382 0.1791151 -0.4639613 2.274261 -0.07960801 0.3258139 4.088991 -0.4968807 0.4201659 2.740883 1.040546 1.031787 0.588226 2.591689 0.3202216 1.806106 0.8405113 0.9126736 1.589574 1.866387 -0.9308583 2.209302 3.164168 1.96785 1.35915 1.2868 1.427782 2.696485 1.622258 2.253737 1.927422 1.883383 -0.3758986 2.850333 2.441121 1.40371 0.9182676 1.090037 1.776819 1.45236 1.010643 0.4840987 2.385136 2.214422 1.864945 2.167241 0.9179396 2.985296 -1.261818 -0.03291845 -0.01559688 1.92142 2.287651 -0.3193734 1.054265 0.6592213 3.826602 1.104012 1.388268 -0.7927923
pheno ENSG00000173406 fin 0.791561 1.12665 0.7168236 2.026252 2.777456 2.152495 -0.8471473 1.834864 1.502368 -0.7308915 3.56517 2.489292 1.76345 1.604252 0.7182548 1.698534 6.192734 3.616034 1.207412 2.421411 4.361006 1.686543 1.737507 2.41122 1.88095 2.238686 1.715479 1.478798 1.872168 4.685571 2.411019 1.422433 0.7321504 1.064427 2.20069 3.126878 3.277615 3.225697 2.110799 4.093022 2.635854 -0.02852664 2.305603 1.32671 3.057587 1.475868 0.9722573 1.666188 3.37569 4.165562 0.3967951 0.4085928 2.862669 0.5763897 1.915503 2.164518 3.343436 2.948158 3.43849 1.248252 0.1037949 4.174216 0.2875546 2.17244 2.089477 2.027138 1.396369 0.4418171 3.165276 1.015463 3.444082 1.689709 1.700069 2.366362 0.4338074 3.342449 0.6205653 4.198223 2.852217 2.682752 0.7724462 2.015787 0.8615053 2.806719 1.800043 1.58853 0.9639999 1.935538 2.069486
pheno ENSG00000173406 gbr 0.6775768 2.36553 0.1332686 1.363498 0.9590681 2.353639 1.695062 0.9518731 1.355499 0.3211204 0.1649885 2.048282 0.8537535 1.071034 1.321789 0.386444 0.04724805 2.463453 2.002986 0.3402609 -0.1574821 -0.402964 1.205813 0.9704648 0.8015849 0.01560046 -0.4331322 -1.767932 0.3721795 2.383011 1.590491 -0.5553712 0.4268918 0.321486 -1.008742 0.7328827 -1.152638 -1.034854 -0.1100948 -0.221694 -0.3338214 0.8225771 0.6548507 -0.03604191 -0.04289938 1.278465 0.8415332 -0.4974069 1.780158 0.4842327 -0.2850755 1.364093 0.654433 -0.2429653 -0.7569876 0.6236782 1.867582 0.1904803 0.5443592 -0.159037 0.2926786 -0.3189953 -0.7475644 2.358631 2.843248 0.8556403 -0.9953286 0.3336393 0.5654345 0.6368289 -0.8767774 2.158486 1.492066 1.03372 1.909094 1.923471 0.5208442 1.228823 1.029737 -1.086924 1.707913 2.330367 0.2984474 -1.529691
pheno ENSG00000173406 tsi 2.588743 0.1576763 3.357809 0.59565 1.090528 0.6251056 2.024066 2.80502 4.357203 3.685905 1.670947 1.637189 2.155367 3.811434 2.169863 3.455183 2.550474 0.9758786 0.9437141 2.716868 4.166712 1.505074 3.655724 3.4001 4.020837 2.7902 2.032025 2.652466 1.916008 1.054143 2.741968 2.115388 3.729282 3.849775 1.913798 1.973492 3.433823 1.343017 1.752039 1.916499 1.887096 3.538191 1.75905 2.998516 2.08413 2.266322 0.7473162 2.473559 2.567081 1.109662 2.340322 3.160706 1.4727 3.431899 0.006728147 1.951922 2.083143 3.024138 1.616047 1.364414 3.04644 3.707722 4.487962 1.761181 1.573381 2.79692 1.877019 2.99962 3.210421 2.969305 1.858608 2.179818 2.311675 1.438321 3.321898 1.680089 1.729671 2.691401 -0.8192062 0.9283585 1.5186 0.06724438 4.411993 3.788385 2.323049 3.162689 1.238398 3.037701 1.439166 1.825028 1.22479 1.636009
pheno ENSG00000173406 yri 1.531867 -0.6476184 1.58876 2.371791 0.1256513 3.817843 1.481503 2.757842 1.49424 2.563756 0.117119 1.016466 -0.4090055 0.1230748 1.403903 0.4155542 1.036632 1.329855 1.607814 0.694775 1.245099 2.270701 1.011019 0.1821504 0.08113001 0.1604602 -0.09046798 1.34934 0.8400726 1.714618 1.457415 -0.2787356 -0.5821485 2.254758 0.9130127 0.5827493 1.866458 0.06347264 0.09361611 0.6684995 1.876489 -0.1289845 1.237525 -0.2397919 0.003310128 -0.5827648 -1.628154 -0.06364602 1.173998 2.655713 -0.6421492 0.4039245 2.669057 1.324962 0.3130466 0.1078959 1.611685 0.9436756 1.861387 0.7842242 1.294996 -0.7796559 -1.26283 0.842384 -0.500119 0.7056784 -0.3679166 0.8457748 0.06554322 1.501442 1.386962 0.4712897 0.6705378 2.749731 1.115372 1.66316 0.1844235
geno chr1.58912438 ceu  1 2 1 2 0 1 2 2 2 2 2 2 2 2 1 2 1 2 1 2 2 2 2 0 1 2 1 1 1 1 2 1 2 2 2 1 1 2 1 1 2 2 1 1 2 1 1 2 1 2 1 1 1 2 1 1 2 1 2 2 2 2 2 1 2 1 1 2 2 0 2 1 2 1 2 1 2 2
geno chr1.58912438 fin  1 2 2 2 1 1 0 2 1 2 2 2 2 1 2 2 2 2 2 1 1 1 1 1 1 1 2 2 1 2 1 2 1 2 1 0 2 2 2 2 2 1 1 2 2 0 2 2 2 1 1 0 1 2 1 1 2 1 0 1 2 2 2 2 2 0 0 0 1 1 1 2 2 2 1 2 1 1 1 1 2 1 1 1 0 1 2 1 0
geno chr1.58912438 gbr  2 2 2 0 2 1 2 2 2 1 0 2 1 2 2 2 2 1 2 2 2 1 1 2 0 1 2 1 1 2 0 2 2 2 2 0 1 2 1 1 2 1 2 2 1 1 2 1 2 2 2 1 2 2 0 1 1 1 2 2 2 0 1 1 1 1 2 2 2 1 1 2 0 2 0 1 2 1 2 2 2 1 2 1
geno chr1.58912438 tsi  0 2 1 0 2 2 1 1 2 2 2 2 2 2 2 1 2 2 2 2 2 2 2 0 2 2 1 2 1 2 1 0 1 0 0 2 2 1 1 2 1 2 2 1 2 2 2 2 1 2 2 2 1 1 2 1 2 1 1 2 2 2 1 2 1 0 1 2 1 2 2 2 1 1 2 2 2 2 1 2 1 2 0 1 2 2 1 2 1 1 2 2
geno chr1.58912438 yri  2 2 1 2 1 1 2 2 0 1 1 2 1 0 0 2 1 1 2 1 2 1 2 1 1 0 2 2 2 0 0 0 1 2 1 1 1 0 0 2 2 0 1 0 1 2 1 1 0 1 2 0 0 1 1 1 1 1 1 1 0 1 2 0 1 1 1 1 2 2 2 2 0 0 1 0 2
geno chr1.58912575 ceu  1 1 1 0 0 0 0 1 0 1 0 0 1 0 0 0 0 0 0 1 1 0 0 0 0 0 0 1 1 0 0 0 1 0 2 0 0 1 0 1 0 1 0 0 0 0 0 0 1 0 1 0 0 1 0 0 1 0 0 0 1 0 1 0 0 0 0 1 0 0 0 0 0 0 1 0 0 0
geno chr1.58912575 fin  0 1 0 0 0 0 0 1 0 0 0 0 0 0 0 0 0 0 0 0 0 0 0 0 0 0 0 1 0 0 0 1 0 0 1 0 0 0 0 0 0 0 0 0 1 0 0 0 0 0 1 0 0 0 0 1 1 0 0 0 0 0 0 1 0 0 0 0 0 0 0 0 0 0 0 0 0 0 0 1 0 0 0 0 0 0 0 0 0
geno chr1.58912575 gbr  0 0 0 0 1 0 1 0 2 0 0 0 0 0 0 0 0 0 0 0 0 0 0 1 0 0 0 0 0 0 0 1 1 0 0 0 0 0 0 1 0 0 0 0 0 0 1 0 1 0 1 0 0 0 0 1 0 0 0 0 0 0 1 1 0 0 0 0 0 0 0 0 0 0 0 0 0 1 1 0 0 0 0 0
geno chr1.58912575 tsi  0 0 0 0 1 0 0 0 0 2 0 0 0 1 0 0 0 0 1 0 1 0 1 0 1 0 0 1 0 0 0 0 1 0 0 1 1 0 1 0 0 0 0 0 0 0 0 1 0 0 0 0 0 0 0 0 0 1 0 0 0 0 0 1 0 0 1 0 0 0 1 0 0 0 0 0 2 0 0 0 0 0 0 0 1 1 1 0 0 0 0 0
geno chr1.58912575 yri  1 1 1 1 1 1 2 0 0 1 1 1 1 0 0 1 0 0 1 0 1 0 2 0 0 0 2 1 1 0 0 0 0 2 0 0 1 0 0 2 1 0 1 0 0 0 1 1 0 0 1 0 0 0 0 0 0 1 1 0 0 1 1 0 1 0 1 1 1 1 1 1 0 0 1 0 0
geno chr1.58912945 ceu  0 0 0 0 0 0 0 0 0 0 0 0 0 0 0 0 0 1 0 0 0 0 0 0 0 0 0 0 0 0 0 0 0 0 0 0 0 0 0 0 0 0 0 0 0 0 0 0 0 0 0 0 0 0 0 0 0 0 0 0 0 0 0 0 0 0 0 0 0 0 0 0 0 0 0 0 0 0
geno chr1.58912945 fin  0 0 0 0 0 0 0 0 0 0 0 0 0 0 0 0 0 0 0 0 0 0 0 0 0 0 0 0 0 0 0 0 0 0 0 0 0 0 0 0 0 0 0 0 0 0 0 0 0 0 0 0 0 0 0 0 0 0 0 0 0 0 0 0 0 0 0 0 0 0 0 0 0 0 0 0 0 0 0 0 0 0 0 0 0 0 0 0 0
geno chr1.58912945 gbr  0 0 0 0 0 0 0 0 0 0 0 0 0 0 0 0 0 0 1 0 0 0 0 0 0 0 0 0 0 0 0 0 0 0 0 0 0 0 0 0 0 0 0 0 0 0 0 0 0 0 0 0 0 0 0 0 0 0 0 0 0 0 0 0 0 0 0 0 0 0 0 1 0 0 0 0 0 0 0 0 0 0 0 0
geno chr1.58912945 tsi  0 0 0 0 0 0 0 0 0 0 0 0 0 0 0 0 0 0 0 0 0 0 0 0 0 0 0 0 0 0 0 0 0 0 0 0 0 0 0 0 0 0 0 0 0 0 0 0 0 0 1 0 0 0 0 0 0 0 0 0 0 0 0 0 0 0 0 0 0 0 0 0 0 0 0 0 0 0 0 0 0 0 0 1 0 0 0 0 0 1 0 0
geno chr1.58912945 yri  0 0 0 0 0 0 0 2 2 1 0 0 0 1 0 0 0 0 0 0 0 0 0 0 1 0 0 0 0 0 1 1 1 0 0 0 0 1 1 0 0 1 0 1 0 1 0 0 1 1 0 1 0 1 0 0 0 0 0 1 0 0 0 1 0 0 0 0 0 0 0 0 1 2 1 0 0
geno chr1.58913065 ceu  0 0 0 1 0 1 0 1 0 0 0 1 1 0 0 1 0 0 0 0 1 1 0 0 1 0 0 0 0 0 0 1 0 0 0 0 0 0 0 0 1 1 0 0 1 1 2 2 0 0 0 0 1 0 0 0 0 0 0 1 0 0 0 0 0 0 0 0 0 0 1 0 0 1 1 0 0 0
geno chr1.58913065 fin  0 0 1 1 0 0 0 0 0 0 0 1 1 0 0 0 0 0 1 0 1 0 0 0 0 1 2 0 0 0 0 2 0 0 0 0 0 0 2 2 0 0 0 0 1 0 1 0 0 0 0 1 0 0 0 0 1 1 0 1 0 1 0 1 0 0 0 0 1 0 0 0 1 0 0 0 1 1 0 0 1 0 0 1 0 0 0 0 0
geno chr1.58913065 gbr  0 0 2 0 0 0 1 0 0 1 0 1 0 0 1 0 2 1 0 0 1 0 0 0 0 0 0 0 1 1 1 0 0 1 1 0 0 0 0 0 1 0 1 0 0 0 1 0 0 0 0 1 0 0 0 0 0 0 0 0 0 0 0 0 1 0 0 1 1 0 0 0 0 0 0 0 1 0 1 0 0 0 0 0
geno chr1.58913065 tsi  0 0 0 1 0 0 1 0 2 0 0 0 0 0 0 0 1 0 0 2 0 1 0 1 0 0 0 0 0 1 0 0 0 0 1 0 0 0 0 0 0 1 2 1 0 1 0 0 0 0 0 2 0 1 0 0 1 1 0 0 0 1 0 1 0 1 0 1 0 0 0 1 1 1 1 1 0 0 1 1 1 0 1 0 1 0 0 2 0 0 0 1
geno chr1.58913065 yri  0 0 0 1 0 0 0 0 0 0 0 0 0 0 0 0 1 0 0 0 0 0 0 0 0 0 0 0 0 0 0 0 0 0 0 0 0 0 0 0 0 0 0 0 0 0 0 0 0 0 0 0 0 0 0 0 1 0 0 0 0 0 0 0 0 0 0 0 0 0 0 0 0 0 0 0 0
geno chr1.58913469 ceu  1 2 0 1 0 0 2 0 1 2 2 0 0 1 0 1 2 1 0 0 0 0 1 0 0 2 0 0 1 1 0 0 1 1 2 1 0 0 0 0 1 1 0 0 0 0 0 0 0 2 1 0 1 1 0 1 0 0 2 0 0 1 1 1 2 0 1 1 0 1 1 0 1 0 1 0 0 1
geno chr1.58913469 fin  0 1 1 0 2 0 0 1 1 0 2 2 2 1 2 2 2 1 1 0 0 1 0 1 0 0 1 1 2 1 1 1 1 2 0 1 1 1 2 1 2 1 1 1 0 1 2 2 2 1 0 0 0 2 1 1 1 0 1 2 1 1 1 1 2 0 1 1 0 0 2 1 2 2 0 2 1 0 1 0 2 0 2 0 1 1 1 1 1
geno chr1.58913469 gbr  1 1 0 0 0 1 1 2 1 0 0 1 1 0 1 1 0 0 2 2 1 1 1 1 0 0 1 1 0 0 1 0 2 1 2 0 1 0 0 2 1 1 0 1 1 0 1 1 0 1 1 0 2 1 0 1 1 1 1 2 2 0 0 0 0 1 0 1 1 0 0 1 0 2 0 0 1 0 0 2 2 0 1 1
geno chr1.58913469 tsi  0 0 0 1 2 1 0 1 1 1 2 2 2 1 2 1 1 0 1 1 0 0 1 1 2 1 1 2 2 0 1 0 0 0 1 1 0 0 0 2 1 1 0 2 2 2 1 1 1 2 2 0 1 0 2 1 2 1 1 0 1 1 0 1 1 1 0 1 0 1 0 1 1 0 1 1 1 0 2 1 1 0 0 1 1 1 1 0 2 1 2 2
geno chr1.58913469 yri  2 2 2 1 2 2 2 2 2 1 2 2 2 2 2 2 0 2 2 1 1 2 2 1 2 2 2 2 2 2 2 2 1 2 1 1 2 2 2 2 2 2 2 1 2 2 2 1 1 2 2 1 2 2 2 0 1 1 2 2 1 1 2 1 0 2 2 1 1 1 2 2 1 2 2 1 1
geno chr1.58913654 ceu  0 0 0 0 0 0 0 0 0 0 0 0 0 0 0 0 0 0 0 0 0 0 0 0 0 0 0 0 0 0 0 0 0 0 0 0 0 0 0 0 0 0 0 0 0 0 0 0 0 0 0 0 0 0 0 0 0 0 0 0 0 0 0 0 0 0 0 0 0 0 0 0 0 0 0 0 0 0
geno chr1.58913654 fin  0 0 0 0 0 0 0 0 0 0 0 0 0 0 0 0 0 0 0 0 0 0 0 0 0 0 0 0 0 0 0 0 0 0 0 0 0 0 0 0 0 0 0 0 0 0 0 0 0 0 0 0 0 0 0 0 0 0 0 0 0 0 0 0 0 0 0 0 0 0 0 0 0 0 0 0 0 0 0 0 0 0 0 0 0 0 0 0 0
geno chr1.58913654 gbr  0 0 0 0 0 0 0 0 0 0 0 0 0 0 0 0 0 0 0 0 0 0 0 0 0 0 0 0 0 0 0 0 0 0 0 0 0 0 0 0 0 0 0 0 0 0 0 0 0 0 0 0 0 0 0 0 0 0 0 0 0 0 0 0 0 0 0 0 0 0 0 0 0 0 0 0 0 0 0 0 0 0 0 0
geno chr1.58913654 tsi  0 0 0 0 0 0 0 0 0 0 0 0 0 0 0 0 0 0 0 0 0 0 0 0 0 0 0 0 0 0 0 0 0 0 0 0 0 0 0 0 0 0 0 0 0 0 0 0 0 0 0 0 0 0 0 0 0 0 0 0 0 0 0 0 0 0 0 1 0 0 0 0 0 0 0 0 0 0 0 0 0 0 0 0 0 0 0 0 1 0 0 0
geno chr1.58913654 yri  0 1 1 0 1 1 1 0 0 1 2 1 1 0 2 1 1 1 0 1 0 1 1 1 1 1 0 0 1 1 1 0 1 0 1 1 1 0 1 2 0 1 1 1 2 0 0 1 0 0 1 0 2 0 1 1 0 1 2 0 0 0 1 1 0 1 1 0 1 0 0 1 1 0 0 1 0
geno chr1.58913660 ceu  0 0 0 0 0 0 1 0 0 0 0 0 0 0 0 0 0 1 0 0 0 0 0 0 0 0 0 0 0 0 0 0 0 1 0 0 0 0 0 0 1 0 0 0 0 0 0 0 0 0 0 0 1 0 0 0 0 0 0 0 0 0 0 0 0 0 0 0 0 0 0 0 0 0 0 0 0 0
geno chr1.58913660 fin  0 0 0 0 0 0 0 0 0 0 0 0 0 0 0 0 0 0 0 0 0 0 0 0 0 0 0 0 0 0 0 0 0 0 0 0 0 0 0 0 0 0 0 0 0 0 0 0 0 0 0 0 0 0 0 0 0 0 0 0 0 1 0 0 0 0 0 0 0 0 0 0 0 0 0 0 0 0 0 0 0 0 0 0 0 0 0 0 0
geno chr1.58913660 gbr  0 0 0 0 0 0 0 0 0 0 0 0 0 0 0 0 0 0 1 0 0 0 1 0 0 0 0 0 0 0 0 0 0 0 0 0 0 0 0 1 0 1 0 0 0 0 0 0 0 0 0 0 0 0 0 1 0 0 0 0 0 0 0 0 0 0 0 0 0 1 0 2 0 0 0 0 0 0 0 2 0 0 0 0
geno chr1.58913660 tsi  0 0 0 0 0 0 0 0 0 0 0 0 0 1 1 0 0 0 0 0 0 0 0 0 1 0 0 0 0 0 0 0 0 0 0 0 0 0 0 1 0 0 0 0 0 0 0 0 0 0 2 0 0 0 0 0 1 0 0 0 0 0 0 0 0 0 0 1 0 0 0 0 0 0 0 0 0 0 0 0 0 0 0 1 0 0 0 0 1 1 0 0
geno chr1.58913660 yri  0 1 1 0 1 1 1 0 0 1 2 1 1 1 2 1 1 1 0 1 0 1 1 1 1 1 0 0 1 1 1 0 1 0 1 1 1 0 1 2 0 1 1 1 2 0 0 1 0 0 2 0 2 0 1 1 0 1 2 0 0 0 1 1 0 2 1 0 1 0 0 1 1 0 0 1 0
geno chr1.58914980 ceu  1 2 2 2 2 2 2 2 2 2 2 2 2 2 2 1 2 1 2 2 2 2 2 0 2 2 1 0 2 1 2 2 2 2 2 1 1 2 1 2 2 2 2 1 2 1 1 1 2 2 2 2 2 2 2 2 2 2 2 1 2 2 2 2 2 2 2 2 1 2 2 2 2 1 1 1 2 2
geno chr1.58914980 fin  1 2 1 0 2 2 0 1 2 2 2 2 2 2 2 2 2 2 2 0 2 2 0 2 1 2 2 1 2 2 2 2 1 2 2 1 2 2 2 2 2 1 1 2 2 1 2 2 2 2 0 1 2 2 2 2 1 1 1 2 2 1 1 2 2 1 2 1 2 1 2 2 2 2 1 2 1 2 1 0 2 2 2 2 1 2 2 2 2
geno chr1.58914980 gbr  2 2 2 1 2 2 2 2 1 1 1 2 1 2 2 2 2 0 1 2 2 1 1 2 0 2 2 2 1 1 2 2 2 1 2 0 2 2 2 2 2 0 2 2 2 1 1 2 1 2 1 2 2 2 1 1 2 1 2 2 2 1 1 2 2 1 2 2 2 0 1 0 1 2 2 2 2 2 1 0 2 2 2 1
geno chr1.58914980 tsi  2 2 2 1 2 2 1 2 2 2 2 2 2 1 1 1 2 2 2 2 2 2 2 1 1 2 2 2 2 2 2 2 2 2 2 2 2 1 2 2 1 2 1 2 2 2 2 2 2 2 1 2 2 2 2 1 2 2 1 2 2 2 1 2 1 2 1 0 1 2 2 2 2 2 2 2 1 2 2 2 2 2 2 1 2 2 1 2 1 1 2 2
geno chr1.58914980 yri  2 2 1 2 1 2 2 1 0 1 1 1 2 0 1 2 1 1 1 1 1 1 1 0 1 1 1 1 1 1 2 1 0 2 0 0 2 0 1 1 1 1 0 0 1 2 1 1 1 1 2 0 1 1 1 0 2 1 2 1 2 2 0 0 1 2 2 2 0 1 2 1 1 0 1 2 1
geno chr1.58915024 ceu  1 2 1 1 2 2 2 1 2 2 2 1 1 2 2 1 2 0 2 2 1 2 2 0 1 2 0 0 2 1 2 2 2 2 2 0 1 2 1 1 1 1 1 1 1 1 1 1 2 2 2 0 1 2 1 1 1 1 2 1 2 2 1 1 2 2 2 2 1 1 2 2 2 1 1 1 2 2
geno chr1.58915024 fin  1 2 0 0 2 2 0 1 1 2 2 1 2 2 2 2 2 2 1 0 1 1 0 2 1 1 0 1 2 1 2 0 1 2 2 1 2 2 0 1 2 1 1 2 1 1 1 2 2 2 0 1 2 2 2 1 1 1 1 1 1 0 1 2 2 1 2 0 0 1 2 1 1 2 1 2 0 1 1 0 2 2 2 1 0 2 2 2 2
geno chr1.58915024 gbr  1 1 0 0 2 2 1 2 1 1 1 1 1 1 1 2 1 0 1 2 1 1 1 2 0 2 2 2 0 1 1 2 2 1 1 0 2 2 1 2 1 0 2 2 1 1 1 2 0 2 1 0 2 2 1 0 2 1 2 2 2 1 1 1 0 1 2 1 1 0 1 0 1 2 1 1 1 2 0 0 2 2 1 1
geno chr1.58915024 tsi  2 2 1 1 2 2 0 2 1 1 2 2 2 1 1 1 1 2 2 1 1 2 2 0 1 2 1 2 2 1 1 2 2 0 1 1 1 1 1 2 1 2 1 1 2 1 2 1 1 2 1 0 1 2 1 1 2 1 1 2 1 1 0 0 1 1 1 0 0 2 2 1 1 1 1 2 1 2 1 1 1 2 1 1 1 2 1 1 1 1 2 1
geno chr1.58915024 yri  0 1 1 1 1 1 1 1 0 1 0 1 1 0 1 1 1 1 0 1 0 1 0 0 1 1 0 0 0 1 1 1 0 0 0 0 1 0 1 1 0 1 0 0 1 1 0 0 0 0 2 0 1 0 0 0 1 0 2 1 1 1 0 0 0 2 2 0 0 0 0 1 1 0 0 1 0
geno chr1.58915419 ceu  0 2 1 1 1 2 1 1 2 2 2 1 0 2 2 1 2 0 1 2 1 1 2 0 0 2 0 0 1 1 2 0 2 0 2 0 1 1 0 1 0 0 1 1 1 0 1 1 1 2 1 0 0 1 0 1 1 1 2 1 1 1 1 1 2 2 2 2 1 1 1 1 2 0 1 1 1 2
geno chr1.58915419 fin  0 1 0 0 2 1 0 1 1 2 2 1 2 1 2 2 2 2 1 0 0 0 0 2 1 1 0 1 2 1 1 0 1 2 1 0 1 2 0 0 2 1 1 2 0 0 1 2 2 1 0 1 2 2 2 1 1 1 0 1 1 0 1 1 2 0 2 0 0 0 1 1 1 2 0 2 0 0 1 0 2 1 2 1 0 1 2 1 0
geno chr1.58915419 gbr  1 1 0 0 2 2 1 2 1 0 0 1 1 1 1 2 0 0 1 2 1 1 0 2 0 2 2 2 0 1 1 2 2 1 1 0 1 2 1 1 1 0 2 2 1 0 1 2 0 2 1 0 2 2 0 0 1 1 2 2 2 0 1 0 0 1 2 1 1 0 1 0 0 2 0 0 1 0 0 0 2 1 1 1
geno chr1.58915419 tsi  1 2 1 1 2 2 0 1 0 1 2 2 2 0 1 0 1 2 1 0 0 1 2 0 1 2 0 1 1 1 1 1 1 0 1 1 0 1 1 1 1 1 0 1 2 1 1 1 1 2 0 0 1 0 1 1 1 0 1 2 1 1 0 0 1 1 0 0 0 2 2 1 1 0 1 1 1 1 1 1 1 2 1 1 1 2 1 0 1 1 2 1
geno chr1.58915419 yri  0 0 1 0 1 0 0 0 0 0 1 1 1 1 1 0 1 1 1 0 0 0 1 2 1 1 0 1 1 0 1 1 1 0 1 2 1 1 2 1 1 1 1 0 1 1 1 0 0 0 0 0 1 0 0 1 0 1 1 0 0 1 2 1 0 1 1 0 1 1 0 1 0 0 0 1 0
geno chr1.58915624 ceu  0 0 0 0 0 0 1 0 1 0 0 0 0 0 0 0 0 0 0 0 0 0 0 0 0 0 0 0 0 1 0 0 0 0 0 0 0 0 0 0 0 0 1 0 0 0 0 0 0 0 0 0 0 0 0 0 0 0 0 0 0 0 0 0 0 0 0 0 0 0 1 0 0 0 1 0 0 0
geno chr1.58915624 fin  0 0 0 0 0 0 0 0 0 0 1 0 0 0 0 0 0 0 0 0 0 0 0 0 0 0 0 0 0 0 0 0 0 0 0 0 0 0 0 0 0 0 0 0 0 0 0 1 1 0 0 0 0 0 0 0 0 0 0 0 0 0 0 1 1 0 0 0 0 0 1 0 0 1 0 0 0 0 0 0 0 0 0 0 0 0 0 0 0
geno chr1.58915624 gbr  0 0 0 0 0 0 0 1 0 0 0 0 0 0 0 0 0 0 0 1 1 0 0 0 0 0 1 0 0 0 0 0 0 1 0 0 0 0 0 0 0 0 0 1 0 0 0 0 0 1 0 0 1 0 0 0 0 0 0 0 0 0 0 0 0 1 0 0 0 0 0 0 0 1 0 0 0 0 0 0 0 0 0 0
geno chr1.58915624 tsi  0 0 0 0 0 1 0 0 0 0 0 0 1 0 0 0 0 0 0 0 0 0 0 0 0 0 0 0 1 0 0 0 0 0 0 0 0 0 0 0 0 0 0 0 0 0 0 1 0 0 0 0 0 0 0 1 0 0 0 0 0 0 0 0 0 0 0 0 0 1 0 0 0 0 1 0 0 0 0 0 0 0 0 0 0 0 0 0 0 0 0 0
geno chr1.58915624 yri  0 0 1 0 1 0 0 0 0 0 1 1 1 1 1 0 1 1 1 0 0 0 1 2 1 1 0 1 1 0 1 0 1 0 1 2 1 1 2 1 1 1 1 0 1 0 1 0 0 0 0 0 1 0 0 1 0 1 1 0 0 1 2 1 0 0 1 0 1 1 0 1 0 0 0 1 0
geno chr1.58915956 ceu  1 2 2 2 2 2 2 2 2 2 2 2 2 2 2 2 2 2 2 2 2 2 2 0 2 2 1 1 2 1 2 2 2 2 2 2 1 2 1 2 2 2 2 1 2 1 2 2 2 2 2 2 2 2 2 2 2 2 2 2 2 2 2 2 2 2 2 2 1 2 2 2 2 1 2 1 2 2
geno chr1.58915956 fin  1 2 1 1 2 2 0 2 2 2 2 2 2 2 2 2 2 2 2 0 2 2 1 2 1 2 2 2 2 2 2 2 1 2 2 1 2 2 2 2 2 1 1 2 2 1 2 2 2 2 1 1 2 2 2 2 2 2 1 2 2 2 1 2 2 1 2 1 2 1 2 2 2 2 1 2 1 2 1 1 2 2 2 2 1 2 2 2 2
geno chr1.58915956 gbr  2 2 2 1 2 2 2 2 1 1 1 2 1 2 2 2 2 1 2 2 2 1 2 2 0 2 2 2 1 2 2 2 2 2 2 0 2 2 2 2 2 1 2 2 2 1 2 2 2 2 2 2 2 2 1 2 2 1 2 2 2 1 1 2 2 1 2 2 2 1 1 2 1 2 2 2 2 2 2 2 2 2 2 1
geno chr1.58915956 tsi  2 2 2 1 2 2 1 2 2 2 2 2 2 2 2 2 2 2 2 2 2 2 2 1 2 2 2 2 2 2 2 2 2 2 2 2 2 1 2 2 1 2 1 2 2 2 2 2 2 2 2 2 2 2 2 1 2 2 1 2 2 2 2 2 1 2 2 2 2 2 2 2 2 2 2 2 2 2 2 2 2 2 2 2 2 2 1 2 2 2 2 2
geno chr1.58915956 yri  2 2 2 2 2 2 2 2 2 2 2 2 2 2 2 2 2 2 2 2 2 2 2 2 2 2 2 2 2 2 2 2 2 2 2 2 2 2 2 2 2 2 2 2 2 2 2 2 2 2 2 2 2 2 2 2 2 2 2 2 2 2 2 2 2 2 2 2 2 2 2 2 2 2 2 2 2
geno chr1.58916197 ceu  0 2 1 1 1 2 0 1 1 2 2 1 0 2 2 1 2 0 1 2 1 1 2 0 0 2 0 0 1 0 2 0 2 0 2 0 1 1 0 1 0 0 0 1 1 0 1 1 1 2 1 0 0 1 0 1 1 1 2 1 1 1 1 1 2 2 2 2 1 1 0 1 2 0 0 1 1 2
geno chr1.58916197 fin  0 1 0 0 2 1 0 1 1 2 2 1 2 1 2 2 2 2 1 0 0 0 0 2 1 1 0 1 2 1 1 0 1 2 1 0 1 2 0 0 2 1 1 2 0 0 1 1 2 1 0 1 2 2 2 1 1 1 0 1 1 0 1 0 1 0 2 0 0 0 0 1 1 1 0 2 0 0 1 0 2 1 2 1 0 1 2 1 0
geno chr1.58916197 gbr  1 1 0 0 2 2 1 1 1 0 0 1 1 1 1 2 0 0 1 1 0 1 0 2 0 2 1 2 0 1 1 2 2 0 1 0 1 2 1 1 1 0 2 1 1 0 1 2 0 1 1 0 1 2 0 0 1 1 2 2 2 0 1 0 0 0 2 1 1 0 1 0 0 1 0 0 1 0 0 0 2 1 1 1
geno chr1.58916197 tsi  1 2 1 1 2 1 0 1 0 1 2 2 1 0 1 0 1 2 1 0 0 1 2 0 1 2 0 1 0 1 1 1 1 0 1 1 0 1 1 1 1 1 0 1 2 1 1 0 1 2 0 0 1 0 1 0 1 0 1 2 1 1 0 0 1 1 0 0 0 1 2 1 1 0 0 1 1 1 1 1 1 2 1 1 1 2 1 0 1 1 2 1
geno chr1.58916197 yri  0 0 0 0 0 0 0 0 0 0 0 0 0 0 0 0 0 0 0 0 0 0 0 0 0 0 0 0 0 0 0 1 0 0 0 0 0 0 0 0 0 0 1 0 1 1 0 0 0 0 0 0 0 0 0 0 0 0 0 0 0 0 0 0 0 0 0 0 0 0 0 0 0 0 0 0 0
geno chr1.58916647 ceu  1 0 1 1 0 0 0 1 0 0 0 1 1 0 0 1 0 2 0 0 1 0 0 2 1 0 2 2 0 1 0 0 0 0 0 2 1 0 1 1 1 1 1 1 1 1 1 1 0 0 0 2 1 0 1 1 1 1 0 1 0 0 1 1 0 0 0 0 1 1 0 0 0 1 1 1 0 0
geno chr1.58916647 fin  1 0 2 2 0 0 2 1 1 0 0 1 0 0 0 0 0 0 1 2 1 1 2 0 1 1 2 1 0 1 0 2 1 0 0 1 0 0 2 1 0 1 1 0 1 1 1 0 0 0 2 1 0 0 0 1 1 1 1 1 1 2 1 0 0 1 0 2 2 1 0 1 1 0 1 0 2 1 1 2 0 0 0 1 2 0 0 0 0
geno chr1.58916647 gbr  1 1 2 2 0 0 1 0 1 1 1 1 1 1 1 0 1 2 1 0 1 1 1 0 2 0 0 0 2 1 1 0 0 1 1 2 0 0 1 0 1 2 0 0 1 1 1 0 2 0 1 2 0 0 1 2 0 1 0 0 0 1 1 1 2 1 0 1 1 2 1 2 1 0 1 1 1 0 2 2 0 0 1 1
geno chr1.58916647 tsi  0 0 1 1 0 0 2 0 1 1 0 0 0 1 1 1 1 0 0 1 1 0 0 2 1 0 1 0 0 1 1 0 0 2 1 1 1 1 1 0 1 0 1 1 0 1 0 1 1 0 1 2 1 0 1 1 0 1 1 0 1 1 2 2 1 1 1 2 2 0 0 1 1 1 1 0 1 0 1 1 1 0 1 1 1 0 1 1 1 1 0 1
geno chr1.58916647 yri  2 1 0 1 1 1 1 1 2 1 1 0 1 1 0 1 0 0 1 1 2 1 1 0 0 0 2 1 1 1 1 1 1 2 1 0 1 0 0 0 1 1 0 1 0 1 1 2 2 2 0 2 0 2 2 1 1 1 0 1 1 1 0 1 2 0 0 2 1 1 2 0 1 2 2 1 2
geno chr1.58916688 ceu  1 0 0 0 0 0 0 0 0 0 0 0 0 0 0 0 0 0 0 0 0 0 0 2 0 0 1 1 0 1 0 0 0 0 0 0 1 0 1 0 0 0 0 1 0 1 0 0 0 0 0 0 0 0 0 0 0 0 0 0 0 0 0 0 0 0 0 0 1 0 0 0 0 1 0 1 0 0
geno chr1.58916688 fin  1 0 1 1 0 0 2 0 0 0 0 0 0 0 0 0 0 0 0 2 0 0 1 0 1 0 0 0 0 0 0 0 1 0 0 1 0 0 0 0 0 1 1 0 0 1 0 0 0 0 1 1 0 0 0 0 0 0 1 0 0 0 1 0 0 1 0 1 0 1 0 0 0 0 1 0 1 0 1 1 0 0 0 0 1 0 0 0 0
geno chr1.58916688 gbr  0 0 0 1 0 0 0 0 1 1 1 0 1 0 0 0 0 1 0 0 0 1 0 0 2 0 0 0 1 0 0 0 0 0 0 2 0 0 0 0 0 1 0 0 0 1 0 0 0 0 0 0 0 0 1 0 0 1 0 0 0 1 1 0 0 1 0 0 0 1 1 0 1 0 0 0 0 0 0 0 0 0 0 1
geno chr1.58916688 tsi  0 0 0 1 0 0 1 0 0 0 0 0 0 0 0 0 0 0 0 0 0 0 0 1 0 0 0 0 0 0 0 0 0 0 0 0 0 1 0 0 1 0 1 0 0 0 0 0 0 0 0 0 0 0 0 1 0 0 1 0 0 0 0 0 1 0 0 1 0 0 0 0 0 0 0 0 0 0 0 0 0 0 0 0 0 0 1 0 1 0 0 0
geno chr1.58916688 yri  0 0 0 0 0 0 0 0 0 0 0 0 0 0 0 0 0 0 0 0 0 0 0 0 0 0 0 0 0 0 0 0 0 0 0 0 0 0 0 0 0 0 0 0 0 0 0 0 0 0 0 0 0 0 0 0 0 0 0 0 0 0 0 0 0 0 0 0 0 0 0 0 0 0 0 0 0
geno chr1.58916818 ceu  0 2 1 1 1 2 1 1 2 2 2 1 0 2 2 1 2 0 1 2 1 1 2 0 0 2 0 0 1 1 2 0 2 0 2 0 1 1 0 1 0 0 1 1 1 0 1 1 1 2 1 0 0 1 0 1 1 1 2 1 1 1 1 1 2 2 2 2 1 1 1 1 2 0 1 1 1 2
geno chr1.58916818 fin  0 1 0 0 2 1 0 1 1 2 2 1 2 1 2 2 2 2 1 0 0 0 0 2 1 1 0 1 2 1 1 0 1 2 1 0 1 2 0 0 2 1 1 2 0 0 1 2 2 1 0 1 2 2 2 1 1 1 0 1 1 0 1 1 2 0 2 0 0 0 1 1 1 2 0 2 0 0 1 0 2 1 2 1 0 1 2 1 0
geno chr1.58916818 gbr  1 1 0 0 2 2 1 2 1 0 0 1 1 1 1 2 0 0 1 2 1 1 0 2 0 2 2 2 0 1 1 2 2 1 1 0 1 2 1 1 1 0 2 2 1 0 1 2 0 2 1 0 2 2 0 0 1 1 2 2 2 0 1 0 0 1 2 1 1 0 1 0 0 2 0 0 1 0 0 0 2 1 1 1
geno chr1.58916818 tsi  1 2 1 1 2 2 0 1 0 1 2 2 2 0 1 0 1 2 1 0 0 1 2 0 1 2 0 1 1 1 1 1 1 0 1 1 0 1 1 1 1 1 0 1 2 1 1 1 1 2 0 0 1 0 1 1 1 0 1 2 1 1 0 0 1 1 0 0 0 2 2 1 1 0 1 1 1 1 1 1 1 2 1 1 1 2 1 0 1 1 2 1
geno chr1.58916818 yri  0 0 1 0 1 0 0 0 0 0 1 1 1 1 1 0 1 1 1 0 0 0 1 2 1 1 0 1 1 0 1 1 1 0 1 2 1 1 2 1 1 1 2 1 2 1 1 0 0 0 0 0 1 0 0 1 0 1 1 0 0 1 2 1 0 0 1 0 1 1 0 1 0 0 0 1 0
geno chr1.58916909 ceu  0 0 0 0 0 0 1 0 1 0 0 0 0 0 0 0 0 0 0 0 0 0 0 0 0 0 0 0 0 1 0 0 0 0 0 0 0 0 0 0 0 0 1 0 0 0 0 0 0 0 0 0 0 0 0 0 0 0 0 0 0 0 0 0 0 0 0 0 0 0 1 0 0 0 1 0 0 0
geno chr1.58916909 fin  0 0 0 0 0 0 0 0 0 0 1 0 0 0 0 0 0 0 0 0 0 0 0 0 0 0 0 0 0 0 0 0 0 0 0 0 0 0 0 0 0 0 0 0 0 0 0 1 1 0 0 0 0 0 0 0 0 0 0 0 0 0 0 1 1 0 0 0 0 0 1 0 0 1 0 0 0 0 0 0 0 0 0 0 0 0 0 0 0
geno chr1.58916909 gbr  0 0 0 0 0 0 0 1 0 0 0 0 0 0 0 0 0 0 0 1 1 0 0 0 0 0 1 0 0 0 0 0 0 1 0 0 0 0 0 0 0 0 0 1 0 0 0 0 0 1 0 0 1 0 0 0 0 0 0 0 0 0 0 0 0 1 0 0 0 0 0 0 0 1 0 0 0 0 0 0 0 0 0 0
geno chr1.58916909 tsi  0 0 0 0 0 1 0 0 0 0 0 0 1 0 0 0 0 0 0 0 0 0 0 0 0 0 0 0 1 0 0 0 0 0 0 0 0 0 0 0 0 0 0 0 0 0 0 1 0 0 0 0 0 0 0 1 0 0 0 0 0 0 0 0 0 0 0 0 0 1 0 0 0 0 1 0 0 0 0 0 0 0 0 0 0 0 0 0 0 0 0 0
geno chr1.58916909 yri  0 0 1 0 1 0 0 0 0 0 1 1 1 1 1 0 1 1 1 0 0 0 1 2 1 1 0 1 1 0 1 0 1 0 1 2 1 1 2 1 1 1 2 0 2 1 1 0 0 0 0 0 1 0 0 1 0 1 1 0 0 1 2 1 0 0 1 0 1 1 0 1 0 0 0 1 0
geno chr1.58917256 ceu  1 0 1 1 1 0 1 1 0 0 0 1 2 0 0 0 0 1 1 0 1 1 0 0 2 0 1 0 1 0 0 2 0 2 0 0 0 1 1 1 2 1 1 0 1 1 0 0 1 0 1 2 2 1 2 1 1 1 0 0 1 1 1 1 0 0 0 0 0 1 1 1 0 1 0 0 0 0
geno chr1.58917256 fin  1 1 0 0 0 1 0 0 1 0 0 0 0 1 0 0 0 0 0 0 2 1 0 0 0 1 1 0 0 1 1 1 0 0 1 1 1 0 0 1 0 0 0 0 2 1 0 0 0 1 0 0 0 0 0 1 0 0 1 0 1 1 0 1 0 1 0 0 2 1 1 1 0 0 1 0 0 2 0 0 0 1 0 1 0 1 0 1 2
geno chr1.58917256 gbr  1 1 2 1 0 0 1 0 0 1 1 1 0 1 1 0 2 0 0 0 1 0 1 0 0 0 0 0 1 0 0 0 0 0 0 0 0 0 1 1 1 0 0 0 0 1 0 0 1 0 0 1 0 0 1 1 0 0 0 0 0 1 0 1 2 0 0 1 1 0 0 0 1 0 2 2 1 2 1 0 0 1 1 0
geno chr1.58917256 tsi  1 0 1 0 0 0 1 1 1 1 0 0 0 1 0 1 0 0 1 1 0 1 0 0 0 0 2 1 1 1 1 1 1 2 0 1 2 0 1 1 0 1 1 0 0 0 1 1 1 0 1 2 1 2 0 0 1 1 0 0 1 1 1 1 0 0 1 0 1 0 0 1 0 2 1 1 0 1 0 1 0 0 1 0 1 0 0 2 0 0 0 0
geno chr1.58917256 yri  1 1 1 1 0 1 1 0 0 1 0 1 1 0 0 2 1 1 0 1 0 1 0 0 1 1 0 0 0 1 0 0 0 0 0 0 0 0 0 1 0 0 0 0 0 0 0 0 0 1 2 0 1 1 0 0 1 0 1 1 2 0 0 0 1 2 1 1 0 1 1 1 1 0 0 1 1
geno chr1.58917443 ceu  0 0 0 0 0 0 0 0 0 0 0 0 0 0 0 0 0 0 0 0 0 0 0 0 0 0 0 0 0 0 0 0 0 0 0 0 0 0 0 0 0 0 0 0 0 0 0 0 0 0 0 0 0 0 0 0 0 0 0 0 0 0 0 0 0 0 0 0 0 0 0 0 0 0 0 0 0 0
geno chr1.58917443 fin  0 0 0 0 0 0 0 0 0 0 0 0 0 0 0 0 0 0 0 0 0 0 0 0 0 0 0 0 0 0 0 0 0 0 0 0 0 0 0 0 0 0 0 0 0 0 0 0 0 0 0 0 0 0 0 0 0 0 0 0 0 0 0 0 0 0 0 0 0 0 0 0 0 0 0 0 0 0 0 0 0 0 0 0 0 0 0 0 0
geno chr1.58917443 gbr  0 0 0 0 0 0 0 0 0 0 0 0 0 0 0 0 0 0 0 0 0 0 0 0 0 0 0 0 0 0 0 0 0 0 0 0 0 0 0 0 0 0 0 0 0 0 0 0 0 0 0 0 0 0 0 0 0 0 0 0 0 0 0 0 0 0 0 0 0 0 0 0 0 0 0 0 0 0 0 0 0 0 0 0
geno chr1.58917443 tsi  0 0 0 0 0 0 0 0 0 0 0 0 0 0 0 0 0 0 0 0 0 0 0 0 0 0 0 0 0 0 0 0 0 0 0 0 0 0 0 0 0 0 0 0 0 0 0 0 0 0 0 0 0 0 0 0 0 0 0 0 0 0 0 0 0 0 0 0 0 0 0 0 0 0 0 0 0 0 0 0 0 0 0 0 0 0 0 0 0 0 0 0
geno chr1.58917443 yri  0 1 0 0 0 0 0 1 1 0 1 0 0 1 0 1 1 0 1 0 0 0 1 1 1 1 0 0 1 0 0 1 2 0 1 1 0 0 0 1 0 1 0 0 0 0 0 0 1 1 0 1 0 1 1 1 0 1 0 1 0 1 1 2 0 0 0 0 2 0 0 1 0 1 0 0 0
geno chr1.58917504 ceu  0 0 0 0 0 0 1 0 1 0 0 0 0 0 0 0 0 0 0 0 0 0 0 0 0 0 0 0 0 0 0 0 0 0 0 0 0 0 0 0 0 0 1 0 0 0 0 0 0 0 0 0 0 0 0 0 0 0 0 0 0 0 0 0 0 0 0 0 0 0 1 0 0 0 1 0 0 0
geno chr1.58917504 fin  0 0 0 0 0 0 0 0 0 0 1 0 0 0 0 0 0 0 0 0 0 0 0 0 0 0 0 0 0 0 0 0 0 0 0 0 0 0 0 0 0 0 0 0 0 0 0 1 1 0 0 0 0 0 0 0 0 0 0 0 0 0 0 1 1 0 0 0 0 0 1 0 0 1 0 0 0 0 0 0 0 0 0 0 0 0 0 0 0
geno chr1.58917504 gbr  0 0 0 0 0 0 0 1 0 0 0 0 0 0 0 0 0 0 0 1 1 0 0 0 0 0 1 0 0 0 0 0 0 1 0 0 0 0 0 0 0 0 0 1 0 0 0 0 0 1 0 0 1 0 0 0 0 0 0 0 0 0 0 0 0 1 0 0 0 0 0 0 0 1 0 0 0 0 0 0 0 0 0 0
geno chr1.58917504 tsi  0 0 0 0 0 1 0 0 0 0 0 0 1 0 0 0 0 0 0 0 0 0 0 0 0 0 0 0 1 0 0 0 0 0 0 0 0 0 0 0 0 0 0 0 0 0 0 1 0 0 0 0 0 0 0 1 0 0 0 0 0 0 0 0 0 0 0 0 0 1 0 0 0 0 1 0 0 0 0 0 0 0 0 0 0 0 0 0 0 0 0 0
geno chr1.58917504 yri  0 0 0 0 0 0 0 0 0 0 0 0 0 0 0 0 0 0 0 0 0 0 0 0 0 0 0 0 0 0 0 0 0 0 0 0 0 0 0 0 0 0 0 0 0 0 0 0 0 0 0 0 0 0 0 0 0 0 0 0 0 0 0 0 0 0 0 0 0 0 0 0 0 0 0 0 0
geno chr1.58917754 ceu  0 0 0 0 0 0 1 0 1 0 0 0 0 0 0 0 0 0 0 0 0 0 0 0 0 0 0 0 0 1 0 0 0 0 0 0 0 0 0 0 0 0 1 0 0 0 0 0 0 0 0 0 0 0 0 0 0 0 0 0 0 0 0 0 0 0 0 0 0 0 1 0 0 0 1 0 0 0
geno chr1.58917754 fin  0 0 0 0 0 0 0 0 0 0 0 0 0 0 0 0 0 0 0 0 0 0 0 0 0 0 0 0 0 0 0 0 0 0 0 0 0 0 0 0 0 0 0 0 0 0 0 1 0 0 0 0 0 0 0 0 0 0 0 0 0 0 0 1 1 0 0 0 0 0 1 0 0 0 0 0 0 0 0 0 0 0 0 0 0 0 0 0 0
geno chr1.58917754 gbr  0 0 0 0 0 0 0 1 0 0 0 0 0 0 0 0 0 0 0 1 1 0 0 0 0 0 1 0 0 0 0 0 0 1 0 0 0 0 0 0 0 0 0 1 0 0 0 0 0 1 0 0 1 0 0 0 0 0 0 0 0 0 0 0 0 1 0 0 0 0 0 0 0 1 0 0 0 0 0 0 0 0 0 0
geno chr1.58917754 tsi  0 0 0 0 0 1 0 0 0 0 0 0 1 0 0 0 0 0 0 0 0 0 0 0 0 0 0 0 1 0 0 0 0 0 0 0 0 0 0 0 0 0 0 0 0 0 0 1 0 0 0 0 0 0 0 1 0 0 0 0 0 0 0 0 0 0 0 0 0 1 0 0 0 0 1 0 0 0 0 0 0 0 0 0 0 0 0 0 0 0 0 0
geno chr1.58917754 yri  0 0 0 0 0 0 0 0 0 0 0 0 0 0 0 0 0 0 0 0 0 0 0 0 0 0 0 0 0 0 0 0 0 0 0 0 0 0 0 0 0 0 0 0 0 0 0 0 0 0 0 0 0 0 0 0 0 0 0 0 0 0 0 0 0 0 0 0 0 0 0 0 0 0 0 0 0
geno chr1.58917808 ceu  0 0 0 0 0 0 0 0 0 0 0 0 0 0 0 1 0 0 0 0 0 0 0 0 0 0 0 1 0 0 0 0 0 0 0 0 0 0 0 0 0 0 0 0 0 0 1 1 0 0 0 0 0 0 0 0 0 0 0 1 0 0 0 0 0 0 0 0 0 0 0 0 0 0 1 0 0 0
geno chr1.58917808 fin  0 0 0 1 0 0 0 1 0 0 0 0 0 0 0 0 0 0 0 0 0 0 1 0 0 0 0 1 0 0 0 0 0 0 0 0 0 0 0 0 0 0 0 0 0 0 0 0 0 0 1 0 0 0 0 0 1 1 0 0 0 0 0 0 0 0 0 0 0 0 0 1 0 0 0 0 0 0 0 1 0 0 0 0 0 0 0 0 0
geno chr1.58917808 gbr  0 0 0 0 0 0 0 0 0 0 0 0 0 0 0 0 0 1 0 0 0 0 0 0 0 0 0 0 0 1 0 0 0 1 0 0 0 0 0 0 0 0 0 0 0 0 1 0 1 0 1 0 0 0 0 0 0 0 0 0 0 0 0 0 0 0 0 0 0 0 0 0 0 0 0 0 0 0 1 0 0 0 0 0
geno chr1.58917808 tsi  0 0 0 0 0 0 0 0 0 0 0 0 0 0 0 0 0 0 0 0 0 0 0 0 0 0 0 0 0 0 0 0 0 0 0 0 0 0 0 0 0 0 0 0 0 0 0 0 0 0 0 0 0 0 0 0 0 0 0 0 0 0 1 0 0 0 1 1 0 0 0 0 0 0 0 0 1 0 0 0 0 0 0 0 0 0 0 0 0 0 0 0
geno chr1.58917808 yri  0 0 0 0 2 0 0 0 1 1 0 0 1 0 1 0 0 0 0 1 1 1 0 0 0 0 1 0 0 0 1 0 0 0 0 0 1 0 1 0 0 1 0 1 1 0 0 1 0 0 0 1 0 0 0 1 0 0 1 0 0 0 0 0 0 0 1 0 0 0 0 0 1 1 1 1 1
geno chr1.58918354 ceu  1 2 2 2 2 2 2 2 2 2 2 2 1 2 2 2 2 2 1 2 2 2 2 0 2 2 1 1 1 1 2 2 2 2 2 1 1 1 1 1 2 1 2 1 2 1 2 2 2 2 1 2 2 2 1 2 2 2 2 2 2 2 2 2 1 2 2 2 1 2 2 2 2 1 2 1 1 2
geno chr1.58918354 fin  0 2 0 1 1 2 0 2 1 0 2 1 2 1 2 2 2 2 1 0 2 1 1 2 1 2 1 2 1 2 1 1 1 2 2 1 2 2 0 1 2 1 1 2 2 1 1 2 2 2 1 0 2 2 2 2 2 2 2 0 2 2 1 2 2 1 1 0 2 0 2 2 1 2 0 2 0 2 1 1 2 2 1 2 0 2 2 1 2
geno chr1.58918354 gbr  1 1 2 1 2 2 2 2 1 1 1 2 1 2 2 2 2 1 2 2 2 1 1 2 0 2 2 2 1 2 1 2 2 2 1 0 1 2 1 2 2 1 2 2 1 1 2 2 2 2 2 1 2 2 1 2 2 1 2 2 2 0 1 1 2 2 2 2 2 1 1 2 1 2 2 2 2 2 2 2 2 2 2 1
geno chr1.58918354 tsi  2 2 2 1 2 2 1 2 1 2 2 2 2 2 2 2 1 2 2 1 2 2 2 0 2 2 2 2 2 2 2 2 2 2 1 2 1 1 2 2 1 2 1 1 2 1 2 2 2 2 2 2 2 2 1 1 2 1 1 2 2 2 2 1 1 1 2 2 2 2 2 2 2 2 2 2 2 2 1 2 1 2 2 2 2 2 2 2 2 2 2 1
geno chr1.58918354 yri  2 2 1 2 2 2 2 2 2 2 2 1 2 2 2 2 2 1 2 2 2 2 2 2 2 2 2 2 2 2 2 2 2 2 2 1 2 2 2 2 2 2 2 2 2 1 2 1 1 2 2 2 1 2 2 2 2 2 2 2 2 2 2 2 2 2 2 2 2 2 2 2 2 2 2 2 2
geno chr1.58918490 ceu  1 2 2 2 2 2 2 2 2 2 1 2 1 2 2 2 2 2 1 2 2 2 2 0 2 2 1 1 1 1 2 2 2 2 2 1 1 1 1 2 2 1 2 1 2 1 2 2 2 2 1 2 2 2 1 2 2 2 2 2 2 2 2 2 2 2 2 2 1 2 2 2 2 1 2 1 1 2
geno chr1.58918490 fin  0 2 0 1 1 2 0 2 1 0 2 1 2 1 2 2 2 2 1 0 2 1 1 2 1 2 1 2 1 2 1 1 1 2 2 0 2 2 0 1 2 1 1 2 2 0 1 2 2 2 1 0 2 2 2 2 2 2 2 0 2 2 1 2 1 1 1 0 2 0 2 2 1 2 0 1 0 2 1 1 2 1 1 2 0 2 1 1 2
geno chr1.58918490 gbr  1 1 2 1 1 2 2 2 1 1 1 2 1 2 2 2 2 1 2 2 2 1 1 2 0 2 2 1 1 2 1 1 1 2 1 0 1 2 1 2 2 1 2 2 1 1 2 2 2 2 2 1 2 2 1 2 2 1 2 2 2 0 1 1 2 2 2 2 2 1 0 2 1 2 2 2 2 2 2 2 2 2 2 0
geno chr1.58918490 tsi  2 2 2 1 2 2 1 2 2 2 2 2 2 2 2 2 1 2 2 1 2 2 2 0 2 2 2 2 2 2 2 2 2 2 1 2 2 1 2 2 1 2 1 2 2 2 2 2 2 2 2 2 2 2 1 1 2 1 1 2 2 2 2 1 1 1 2 2 2 2 2 2 2 2 2 2 2 2 1 2 1 2 2 2 2 2 2 2 2 2 2 1
geno chr1.58918490 yri  2 2 2 2 2 2 2 2 2 2 1 2 2 2 2 2 2 2 2 2 2 2 2 2 2 2 2 2 2 2 2 1 1 2 2 2 2 2 2 2 2 2 2 2 2 1 1 1 1 2 2 1 2 2 1 2 2 2 2 2 2 2 2 2 2 2 2 2 1 2 2 2 2 2 2 2 2
geno chr1.58918652 ceu  0 0 0 0 0 0 1 0 1 0 0 0 0 0 0 0 0 0 0 0 0 0 0 0 0 0 0 0 0 1 0 0 0 0 0 0 0 0 0 0 0 0 1 0 0 0 0 0 0 0 0 0 0 0 0 0 0 0 0 0 0 0 0 0 0 0 0 0 0 1 1 0 0 0 1 0 0 0
geno chr1.58918652 fin  0 0 0 0 0 0 0 0 0 0 0 0 0 0 0 0 0 0 0 0 0 0 0 0 0 0 0 0 0 0 0 0 0 0 0 0 0 0 0 0 0 0 0 0 0 0 0 1 0 0 0 0 0 0 0 0 0 0 0 0 0 0 0 1 1 0 0 0 0 0 1 0 0 0 0 0 0 0 0 0 0 0 0 0 0 0 0 0 0
geno chr1.58918652 gbr  0 0 0 0 0 0 0 1 0 0 0 0 0 0 0 0 0 0 0 1 1 0 0 0 0 0 1 0 0 0 0 0 0 1 0 0 0 0 0 0 0 0 0 1 0 0 0 0 0 1 0 0 1 0 0 0 0 0 0 0 0 0 0 0 0 1 0 0 1 0 0 0 0 1 0 0 0 0 0 0 0 0 0 0
geno chr1.58918652 tsi  0 0 0 0 0 1 0 0 0 0 0 0 1 0 0 0 0 0 0 0 0 0 0 0 0 0 0 0 1 0 0 0 0 0 0 0 0 0 0 0 0 0 0 0 0 0 0 1 0 0 0 0 0 0 0 1 0 0 0 0 0 0 0 0 0 0 0 1 0 1 0 0 0 0 1 0 0 0 0 0 0 0 0 0 0 0 0 0 1 0 0 0
geno chr1.58918652 yri  1 1 1 1 0 1 1 0 0 0 0 1 0 2 0 0 0 1 1 0 1 0 1 1 0 1 1 1 0 0 0 0 0 2 0 1 1 2 1 0 2 0 1 0 0 0 1 0 0 1 0 1 1 2 1 0 0 1 0 0 0 1 1 0 0 1 0 1 0 1 1 0 0 1 1 0 0
geno chr1.58918699 ceu  1 2 2 2 2 2 2 2 2 2 2 2 1 2 2 2 2 2 1 2 2 2 2 0 2 2 1 1 1 1 2 2 2 2 2 1 1 1 1 2 2 1 2 1 2 1 2 2 2 2 1 2 2 2 0 2 2 2 2 2 2 2 2 2 2 2 2 2 1 2 2 2 2 1 2 1 1 2
geno chr1.58918699 fin  0 2 0 1 1 2 0 2 1 0 2 1 2 1 2 2 2 2 1 0 2 1 1 2 1 2 1 2 1 2 1 1 1 2 2 1 2 2 0 1 2 1 1 2 2 1 1 2 2 2 1 0 2 2 2 2 2 2 2 0 2 2 1 2 2 1 1 0 2 0 2 2 1 2 0 2 0 2 1 1 2 2 1 2 0 2 2 1 2
geno chr1.58918699 gbr  1 1 2 1 2 2 2 2 1 1 1 2 1 2 2 2 2 1 2 1 2 1 1 2 0 2 2 1 1 2 1 2 2 2 1 0 1 2 1 2 2 1 2 2 1 1 2 2 2 2 2 1 2 2 1 2 1 1 2 2 2 0 1 1 2 2 2 2 2 1 1 2 1 2 2 2 2 2 2 2 2 2 2 1
geno chr1.58918699 tsi  2 2 2 1 2 2 1 2 1 2 2 2 2 2 2 2 1 2 2 1 2 2 2 0 2 2 2 2 2 2 2 2 2 2 1 2 2 1 2 2 1 2 1 1 2 1 2 2 2 2 2 2 2 2 1 1 2 1 1 2 2 2 2 1 1 1 2 2 2 2 2 2 2 2 2 2 2 2 1 2 1 2 2 2 2 2 2 2 2 2 2 1
geno chr1.58918699 yri  2 2 2 2 2 2 2 2 2 2 1 2 2 2 2 2 2 2 2 2 2 2 2 2 2 2 2 2 2 2 2 2 2 2 2 2 2 2 2 2 2 2 2 1 2 1 1 1 1 2 2 2 2 2 1 2 2 2 2 2 2 2 2 2 2 2 2 2 2 2 2 2 2 2 2 2 2
geno chr1.58918841 ceu  0 0 0 0 0 0 0 0 0 0 0 0 0 0 0 0 0 0 0 0 0 0 0 0 0 0 0 0 0 0 0 0 0 0 0 0 0 0 0 0 0 0 0 0 0 0 0 0 0 0 0 0 0 0 0 0 0 0 0 0 0 0 0 0 0 0 0 0 0 0 0 0 0 0 0 0 0 0
geno chr1.58918841 fin  0 0 0 0 0 0 0 0 0 0 0 0 0 0 0 0 0 0 0 0 0 0 0 0 0 0 0 0 0 0 0 0 0 0 0 0 0 0 0 0 0 0 0 0 0 0 0 0 0 0 0 0 0 0 0 0 0 0 0 0 0 0 0 0 0 0 0 0 0 0 0 0 0 0 0 0 0 0 0 0 0 0 0 0 0 0 0 0 0
geno chr1.58918841 gbr  0 0 0 0 0 0 0 0 0 0 0 0 0 0 0 0 0 0 0 0 0 0 0 0 0 0 0 0 0 0 0 0 0 0 0 0 0 0 0 0 0 0 0 0 0 0 0 0 0 0 0 0 0 0 0 0 0 0 0 0 0 0 0 0 0 0 0 0 1 0 0 0 0 0 0 0 0 0 0 0 0 0 0 0
geno chr1.58918841 tsi  0 0 0 0 0 0 0 0 0 0 0 0 0 0 0 0 0 0 0 0 0 0 0 0 0 0 0 0 0 0 0 0 0 0 0 0 0 0 0 0 0 0 0 0 0 0 0 0 0 0 0 0 0 0 0 0 0 0 0 0 0 0 0 0 0 0 0 1 0 0 0 0 0 0 0 0 0 0 0 0 0 0 0 0 0 0 0 0 1 0 0 0
geno chr1.58918841 yri  1 1 1 1 0 1 1 0 0 0 0 1 0 2 0 0 0 1 1 0 1 0 1 1 0 1 1 1 0 0 0 0 0 2 0 1 1 2 1 0 2 0 1 0 0 0 1 0 0 1 0 1 1 2 1 0 0 1 0 0 0 1 1 0 0 1 0 1 0 1 1 0 0 1 1 0 0
geno chr1.58918842 ceu  0 0 0 0 0 0 0 0 0 0 0 0 0 0 0 1 0 0 0 0 0 0 0 0 0 0 0 1 0 0 0 0 0 0 0 0 0 0 0 0 0 0 0 0 0 0 1 0 0 0 0 0 0 0 0 0 0 0 0 1 0 0 0 0 0 0 0 0 0 0 0 0 0 0 1 0 0 0
geno chr1.58918842 fin  0 0 0 1 0 0 0 1 0 0 0 0 0 0 0 0 0 0 0 0 0 0 1 0 0 0 0 1 0 0 0 0 0 0 0 0 0 0 0 0 0 0 0 0 0 0 0 0 0 0 1 0 0 0 0 0 1 1 0 0 0 0 0 0 0 0 0 0 0 0 0 0 0 0 0 0 0 0 0 1 0 0 0 0 0 0 0 0 0
geno chr1.58918842 gbr  0 0 0 0 0 0 0 0 0 0 0 0 0 0 0 0 0 1 0 0 0 0 0 0 0 0 0 0 0 1 0 0 0 1 0 0 0 0 0 0 0 0 0 0 0 0 1 0 1 0 1 0 0 0 0 0 0 0 0 0 0 0 0 0 0 0 0 0 0 0 0 0 0 0 0 0 0 0 1 0 0 0 0 0
geno chr1.58918842 tsi  0 0 0 0 0 0 0 0 0 0 0 0 0 0 0 0 0 0 0 0 0 0 0 0 0 0 0 0 0 0 0 0 0 0 0 0 0 0 0 0 0 0 0 0 0 0 0 0 0 0 0 0 0 0 0 0 0 0 0 0 0 0 1 0 0 0 1 1 0 0 0 0 0 0 0 0 1 0 0 0 0 0 0 0 0 0 0 0 0 0 0 0
geno chr1.58918842 yri  1 0 0 0 1 0 0 0 1 0 0 0 0 0 0 0 0 0 0 0 1 0 0 0 0 0 1 0 0 0 0 0 0 0 0 0 0 0 0 0 0 0 0 1 0 0 0 1 0 1 0 0 0 0 0 1 0 0 0 0 0 0 0 0 0 0 0 0 0 0 0 0 1 1 1 0 2
geno chr1.58919090 ceu  1 2 2 2 2 2 2 2 2 2 2 2 1 2 2 2 2 2 1 2 2 2 2 0 2 2 1 1 1 1 2 2 2 2 2 1 1 1 1 2 2 1 2 1 2 1 2 2 2 2 1 2 2 2 1 2 2 2 2 2 2 2 2 2 2 2 2 2 1 2 2 2 2 1 2 1 1 2
geno chr1.58919090 fin  0 2 0 1 1 2 0 2 1 0 2 1 2 1 2 2 2 2 1 0 2 1 1 2 1 2 1 2 1 2 1 1 1 2 2 0 2 2 0 1 2 1 1 2 2 0 1 2 2 2 1 0 2 2 2 2 2 2 2 0 2 2 1 2 2 1 1 0 2 0 2 2 1 2 0 2 0 2 1 1 2 2 1 2 0 2 2 1 2
geno chr1.58919090 gbr  2 2 2 1 2 2 2 2 1 1 1 2 1 2 2 2 2 1 2 2 2 1 1 2 0 2 2 2 1 2 1 2 2 2 1 0 1 2 1 2 2 1 2 2 1 1 2 2 2 2 2 1 2 2 1 2 2 1 2 2 2 0 1 1 2 2 2 2 2 1 1 2 1 2 2 2 2 2 2 2 2 2 2 1
geno chr1.58919090 tsi  2 2 2 1 2 2 1 2 1 2 2 2 2 2 2 2 1 2 2 1 2 2 2 0 2 2 2 2 2 2 2 2 2 2 1 2 2 1 2 2 1 2 1 1 2 1 2 2 2 2 2 2 2 2 1 1 2 1 1 2 2 2 2 1 1 1 2 2 2 2 2 2 2 2 2 2 2 2 1 2 1 2 2 2 2 2 2 2 2 2 2 1
geno chr1.58919090 yri  2 2 2 2 2 2 2 2 2 2 1 2 2 2 2 2 2 2 2 2 2 2 2 2 2 2 2 2 2 2 2 2 2 2 2 2 2 2 2 2 2 2 2 2 2 1 1 1 1 2 2 2 2 2 1 2 2 2 2 2 2 2 2 2 2 2 2 2 2 2 2 2 2 2 2 2 2
geno chr1.58919507 ceu  0 0 0 0 0 0 1 0 1 0 0 0 0 0 0 0 0 0 0 0 0 0 1 0 0 0 0 0 0 1 0 0 0 0 0 0 0 0 0 0 0 0 1 0 0 0 0 0 0 0 0 0 0 0 0 0 0 0 0 0 0 0 0 0 0 0 0 0 0 1 1 0 0 0 1 0 0 0
geno chr1.58919507 fin  0 0 0 0 0 0 0 0 0 0 0 0 0 0 0 0 0 0 0 0 0 0 0 0 0 0 0 0 0 0 0 0 0 0 0 0 0 0 0 0 0 0 0 0 0 0 0 1 0 0 0 0 0 0 0 0 0 0 0 0 0 0 0 1 1 0 0 0 0 0 1 0 0 0 0 0 0 0 0 0 0 0 0 0 0 0 0 0 0
geno chr1.58919507 gbr  0 0 0 0 0 0 0 1 0 0 0 0 0 0 0 0 0 0 0 1 1 0 0 0 0 0 1 0 0 0 0 0 0 1 0 0 0 0 0 0 0 0 0 1 0 0 0 0 0 1 0 0 1 0 0 0 0 0 0 0 0 0 0 0 0 1 0 0 0 0 0 0 0 1 0 0 0 0 0 0 0 0 0 0
geno chr1.58919507 tsi  0 0 0 0 0 1 0 0 0 0 0 0 1 0 0 0 0 0 0 0 0 0 0 0 0 0 0 0 1 0 0 0 0 0 0 0 0 0 0 0 0 0 0 0 0 0 0 1 0 0 0 0 0 0 0 1 0 0 0 0 0 0 0 0 0 0 0 0 0 1 0 0 0 0 1 0 0 0 0 0 0 0 0 0 0 0 0 0 0 0 0 0
geno chr1.58919507 yri  0 0 0 0 0 0 0 0 0 0 0 0 0 0 0 0 0 0 0 0 0 0 0 0 0 0 0 0 0 0 0 0 0 0 0 0 0 0 0 0 0 0 0 0 0 0 0 0 0 0 0 0 0 0 0 0 0 0 0 0 0 0 0 0 0 0 0 0 0 0 0 0 0 0 0 0 0
geno chr1.58920032 ceu  1 2 2 2 2 2 2 2 2 2 2 2 1 2 2 2 2 2 1 2 2 2 2 0 2 2 1 1 1 1 2 2 2 2 2 1 1 1 1 2 2 1 2 1 2 1 2 2 2 2 1 2 2 2 1 2 2 2 2 2 2 2 2 2 2 2 2 2 1 2 2 2 2 1 2 1 1 2
geno chr1.58920032 fin  0 2 0 1 1 2 0 2 1 0 2 1 2 1 2 2 2 2 1 0 2 1 1 2 1 2 1 2 1 2 1 1 1 2 2 1 2 2 0 1 2 1 1 2 2 1 1 2 2 2 1 0 2 2 2 2 2 2 2 0 2 2 1 2 2 1 1 0 2 0 2 2 1 2 0 2 0 2 1 1 2 2 1 2 0 2 2 1 2
geno chr1.58920032 gbr  2 2 2 1 2 2 2 2 1 1 1 2 1 2 2 2 2 1 2 2 2 1 1 2 0 2 2 2 1 2 1 2 2 2 1 0 1 2 1 2 2 1 2 2 1 1 2 2 2 2 2 1 2 2 1 2 2 1 2 2 2 0 1 1 2 2 2 2 2 1 1 2 1 2 2 2 2 2 2 2 2 2 2 1
geno chr1.58920032 tsi  2 2 2 1 2 2 1 2 1 2 2 2 2 2 2 2 1 2 2 1 2 2 2 0 2 2 2 2 2 2 2 2 2 2 1 2 2 1 2 2 1 2 1 1 2 2 2 2 2 2 2 2 2 2 1 1 2 1 1 2 2 2 2 1 1 1 2 2 2 2 2 2 2 2 2 2 2 2 1 2 1 2 2 2 2 2 2 2 2 2 2 1
geno chr1.58920032 yri  2 2 2 2 2 2 2 2 2 2 1 2 2 2 2 2 2 2 2 2 2 2 2 2 2 2 2 2 2 2 2 2 2 2 2 2 2 2 2 2 2 2 2 2 2 1 1 1 1 2 2 2 2 2 1 2 2 2 2 2 2 2 2 2 2 2 2 2 2 2 2 2 2 2 2 2 2
geno chr1.58920187 ceu  1 2 2 2 2 2 2 2 2 2 2 2 1 2 2 2 2 2 1 2 2 2 2 0 2 2 1 1 1 1 2 2 2 2 2 1 1 1 1 2 2 1 2 1 2 1 2 2 2 2 1 2 2 2 1 2 2 2 2 2 2 2 2 2 2 2 2 2 1 2 2 2 2 1 2 1 1 2
geno chr1.58920187 fin  0 2 0 1 1 2 0 2 1 0 2 1 2 1 2 2 2 2 1 0 2 1 1 2 1 2 1 2 1 2 1 1 1 2 2 1 2 2 0 1 2 1 1 2 2 1 1 2 2 2 1 0 2 2 2 2 2 2 2 0 2 2 1 2 2 1 1 0 2 0 2 2 1 2 0 2 0 2 1 1 2 2 1 2 0 2 2 1 2
geno chr1.58920187 gbr  2 2 2 1 2 2 2 2 1 1 1 2 1 2 2 2 2 1 2 2 2 1 1 2 0 2 2 2 1 2 1 2 2 2 1 0 1 2 1 2 2 1 2 2 1 1 2 2 2 2 2 1 2 2 1 2 2 1 2 2 2 0 1 1 2 2 2 2 2 1 1 2 1 2 2 2 2 2 2 2 2 2 2 1
geno chr1.58920187 tsi  2 2 2 1 2 2 1 2 1 2 2 2 2 2 2 2 1 2 2 1 2 2 2 0 2 2 2 2 2 2 2 2 2 2 1 2 2 1 2 2 1 2 1 1 2 1 2 2 2 2 2 2 2 2 1 1 2 1 1 2 2 2 2 1 1 1 2 2 2 2 2 2 2 2 2 2 2 2 1 2 1 2 2 2 2 2 2 2 2 2 2 1
geno chr1.58920187 yri  2 2 2 2 2 2 2 2 2 2 1 2 2 2 2 2 2 2 2 2 2 2 2 2 2 2 2 2 2 2 2 2 2 2 2 2 2 2 2 2 2 2 2 2 2 1 1 1 1 2 2 2 2 2 1 2 2 2 2 2 2 2 2 2 2 2 2 2 2 2 2 2 2 2 2 2 2
geno chr1.58920920 ceu  1 1 1 1 1 0 1 1 0 0 2 1 1 0 0 2 1 1 0 0 1 1 0 0 2 1 1 1 0 0 0 2 0 2 0 0 0 0 1 1 2 1 1 0 1 1 1 1 1 0 0 2 2 1 1 1 0 1 0 1 1 0 1 1 0 0 1 0 0 1 1 1 0 1 1 0 0 0
geno chr1.58920920 fin  0 1 0 1 0 1 0 1 1 0 0 0 0 0 0 0 1 0 0 0 2 1 1 0 0 1 1 1 0 1 1 1 0 1 1 1 2 0 0 1 0 0 0 1 2 1 0 0 0 1 1 0 0 0 0 1 1 1 1 0 2 1 1 1 1 1 0 0 2 0 1 1 0 0 0 2 0 2 0 1 0 1 0 1 0 1 0 1 2
geno chr1.58920920 gbr  1 1 2 1 0 0 1 0 0 1 1 2 0 1 1 0 2 1 0 1 1 0 0 0 0 0 0 1 0 1 0 0 0 1 0 0 0 0 1 1 1 0 0 0 0 1 1 0 2 0 1 1 0 0 1 1 1 0 0 0 0 0 0 1 2 1 0 1 0 0 0 0 1 0 2 2 1 2 2 0 1 1 1 1
geno chr1.58920920 tsi  1 0 1 0 0 0 1 1 1 0 0 0 0 1 0 1 0 0 1 1 1 1 0 0 0 1 2 1 1 1 2 1 1 2 0 0 2 0 1 2 0 1 0 0 0 0 1 1 1 0 1 2 1 2 0 0 1 1 0 0 2 1 2 1 0 0 2 1 1 0 0 2 0 2 1 1 1 1 1 1 0 0 1 0 1 0 0 2 0 1 0 0
geno chr1.58920920 yri  1 0 1 1 1 1 1 0 1 2 0 1 2 0 0 1 1 1 0 2 1 2 0 0 0 0 1 1 1 1 1 1 1 0 0 0 0 0 0 1 0 0 0 1 0 0 0 1 1 1 2 0 1 0 0 1 1 0 1 1 2 0 0 0 2 1 2 1 0 1 1 1 2 1 1 1 2
geno chr1.58921432 ceu  1 2 2 2 2 2 2 2 2 2 2 2 1 2 2 2 2 2 1 2 2 2 2 0 2 2 1 1 1 1 2 2 2 2 2 1 1 1 1 2 2 1 2 1 2 1 2 2 2 2 1 2 2 2 1 2 2 2 2 2 2 2 2 2 2 2 2 2 1 2 2 2 2 1 2 1 1 2
geno chr1.58921432 fin  0 2 0 1 1 2 0 2 1 0 2 1 2 1 2 2 2 2 1 0 2 1 1 2 1 2 1 2 1 2 1 1 1 2 2 1 2 2 0 1 2 1 1 2 2 1 1 2 2 2 1 0 2 2 2 2 2 2 2 0 2 2 1 2 2 1 1 0 2 0 2 2 1 2 0 2 0 2 1 1 2 2 1 2 0 2 2 1 2
geno chr1.58921432 gbr  2 2 2 1 2 2 2 2 1 1 1 2 1 2 2 2 2 1 2 2 2 1 1 2 0 2 2 2 1 2 1 2 2 2 1 0 1 2 1 2 2 1 2 2 1 1 2 2 2 2 2 1 2 2 1 2 2 1 2 2 2 0 1 1 2 2 2 2 2 1 1 2 1 2 2 2 2 2 2 2 2 2 2 1
geno chr1.58921432 tsi  2 2 2 1 2 2 1 2 1 2 2 2 2 2 2 2 1 2 2 1 2 2 2 0 2 2 2 2 2 2 2 2 2 2 1 2 2 1 2 2 1 2 1 1 2 1 2 2 2 2 2 2 2 2 1 1 2 1 1 2 2 2 2 1 1 1 2 2 2 2 2 2 2 2 2 2 2 2 1 2 1 2 2 2 2 2 2 2 2 2 2 1
geno chr1.58921432 yri  2 2 2 2 2 2 2 2 2 2 1 2 2 2 2 2 2 2 2 2 2 2 2 2 2 2 2 2 2 2 2 2 2 2 2 2 2 2 2 2 2 2 2 2 2 1 1 1 1 2 2 2 2 2 1 2 2 2 2 2 2 2 2 2 2 2 2 2 2 2 2 2 2 2 2 2 2
geno chr1.58921516 ceu  1 0 0 0 0 0 0 0 0 0 0 0 0 0 0 0 0 0 0 0 0 0 0 1 0 0 0 0 0 1 0 0 0 0 0 0 0 0 1 0 0 0 0 0 0 0 0 0 0 0 0 0 0 0 0 0 0 0 0 0 0 0 0 0 0 0 0 0 0 0 0 0 0 0 0 1 0 0
geno chr1.58921516 fin  0 0 0 0 0 0 1 0 0 2 0 0 0 0 0 0 0 0 0 2 0 0 1 0 1 0 0 0 0 0 0 0 0 0 0 1 0 0 0 0 0 0 0 0 0 0 0 0 0 0 1 2 0 0 0 0 0 0 0 0 0 0 0 0 0 1 0 0 0 0 0 0 0 0 0 0 1 0 0 1 0 0 0 0 1 0 0 0 0
geno chr1.58921516 gbr  0 0 0 1 0 0 0 0 1 0 0 0 1 0 0 0 0 0 0 0 0 0 0 0 0 0 0 0 0 0 0 0 0 0 0 1 0 0 1 0 0 1 0 0 0 1 0 0 0 0 0 0 0 0 0 0 0 0 0 0 0 0 0 0 0 0 0 0 0 1 0 0 1 0 0 0 0 0 0 0 0 0 0 1
geno chr1.58921516 tsi  0 0 0 0 0 0 0 0 0 0 0 0 0 0 0 0 0 0 0 0 0 0 0 1 0 0 0 0 0 0 0 0 0 0 0 0 0 0 0 0 1 0 0 0 0 0 0 0 0 0 0 0 0 0 0 0 0 0 0 0 0 0 0 0 0 0 0 0 0 0 0 0 0 0 0 0 0 0 0 0 0 0 0 0 0 0 0 0 0 0 0 0
geno chr1.58921516 yri  0 0 0 0 0 0 0 0 0 0 0 0 0 0 0 0 0 0 0 0 0 0 0 0 0 0 0 0 0 0 0 0 0 0 0 0 0 0 0 0 0 0 0 0 0 0 0 0 0 0 0 0 0 0 0 0 0 0 0 0 0 0 0 0 0 0 0 0 0 0 0 0 0 0 0 0 0
geno chr1.58922012 ceu  0 0 1 1 0 0 0 1 0 0 0 1 1 0 0 0 0 1 0 0 1 0 0 0 1 0 1 0 0 0 0 0 0 0 0 0 0 0 0 1 1 0 1 0 1 0 0 0 0 0 0 2 1 0 1 1 0 1 0 0 0 0 1 1 0 0 0 0 0 0 0 0 0 0 0 0 0 0
geno chr1.58922012 fin  0 0 0 0 0 0 0 0 1 0 0 0 0 0 0 0 0 0 0 0 1 0 0 0 0 1 1 0 0 1 0 1 0 0 0 0 0 0 0 0 0 0 0 0 1 0 0 0 0 0 0 0 0 0 0 1 0 0 0 0 1 1 0 0 0 0 0 0 2 0 0 1 0 0 0 0 0 1 0 0 0 0 0 1 0 0 0 0 0
geno chr1.58922012 gbr  1 1 2 1 0 0 1 0 0 0 0 1 0 1 1 0 1 0 0 0 1 0 0 0 0 0 0 0 0 0 0 0 0 0 0 0 0 0 1 0 1 0 0 0 0 0 0 0 1 0 0 1 0 0 0 1 0 0 0 0 0 0 0 0 2 0 0 1 0 0 0 0 0 0 1 1 1 0 1 0 0 0 1 0
geno chr1.58922012 tsi  0 0 1 0 0 0 1 0 0 0 0 0 0 0 0 0 0 0 0 0 0 0 0 0 0 0 1 0 0 1 1 0 0 2 0 0 1 0 1 0 0 0 0 0 0 0 0 1 1 0 0 2 1 0 0 0 0 0 0 0 1 1 1 1 0 0 0 0 1 0 0 1 0 1 1 0 0 0 0 1 0 0 1 0 1 0 0 1 0 0 0 0
geno chr1.58922012 yri  0 0 0 0 0 0 0 0 0 0 0 0 1 0 0 1 0 0 0 0 0 0 0 0 0 0 0 1 1 0 0 0 0 0 0 0 0 0 0 0 0 0 0 0 0 0 0 0 0 0 0 0 0 0 0 0 0 0 0 0 0 0 0 0 1 0 0 1 0 0 1 0 0 0 0 1 0
geno chr1.58922216 ceu  1 2 2 2 2 2 2 2 2 2 2 2 1 1 2 2 2 2 1 2 2 2 2 0 2 2 1 1 1 1 2 2 2 2 2 1 1 1 1 2 2 1 2 1 2 1 2 2 2 2 1 2 2 2 1 2 2 2 2 2 2 2 2 2 2 2 2 2 1 2 2 2 2 1 2 1 1 2
geno chr1.58922216 fin  0 2 0 1 1 2 0 2 1 0 2 1 2 1 2 2 2 2 1 0 2 1 1 2 1 2 1 2 0 2 1 1 0 2 2 1 2 2 0 1 2 1 1 2 2 1 1 2 2 2 1 0 2 2 2 2 2 2 2 0 2 2 1 2 2 1 1 0 2 0 2 2 1 2 0 2 0 2 1 1 2 2 1 2 0 2 2 1 2
geno chr1.58922216 gbr  2 2 2 1 2 2 2 2 1 1 1 2 1 2 2 1 2 1 2 2 2 1 1 2 0 2 2 2 1 2 1 2 1 2 1 0 1 2 1 2 2 1 2 2 1 1 2 2 2 2 2 1 1 2 1 2 1 1 2 2 2 0 1 1 2 2 2 2 2 1 1 2 1 1 2 2 2 2 2 2 2 2 2 1
geno chr1.58922216 tsi  2 2 2 1 2 2 1 2 1 2 2 1 2 2 2 2 1 2 2 1 2 2 2 0 2 2 2 2 2 2 2 2 2 2 1 2 2 1 2 2 1 2 1 1 2 1 2 2 2 2 2 2 2 2 1 1 2 1 1 2 2 2 2 1 1 1 2 2 2 2 2 2 2 2 2 2 2 2 1 2 1 2 2 2 2 2 2 2 2 2 2 1
geno chr1.58922216 yri  2 2 2 2 2 2 2 2 2 2 1 2 2 2 1 2 2 2 2 2 2 2 2 2 2 2 2 2 2 2 2 2 2 2 2 2 2 2 2 2 2 2 2 1 2 1 1 1 1 2 2 2 2 2 1 2 2 2 2 2 2 2 2 2 2 2 2 2 2 2 2 2 2 2 2 2 2
geno chr1.58922252 ceu  0 0 0 0 0 0 0 0 0 0 0 0 0 0 0 0 0 0 0 0 0 0 0 0 0 0 0 0 0 0 0 0 0 0 0 0 0 0 0 0 0 0 0 0 0 0 0 0 0 0 0 0 0 0 0 0 0 0 0 0 0 0 0 0 0 0 0 0 0 0 0 0 0 0 0 0 0 0
geno chr1.58922252 fin  0 0 0 0 0 0 0 0 0 0 0 0 0 0 0 0 0 0 0 0 0 0 0 0 0 0 0 0 0 0 0 0 0 0 0 0 0 0 0 0 0 0 0 0 0 0 0 0 0 0 0 0 0 0 0 0 0 0 0 0 0 0 0 0 0 0 0 0 0 0 0 0 0 0 0 0 0 0 0 0 0 0 0 0 0 0 0 0 0
geno chr1.58922252 gbr  0 0 0 0 0 0 0 0 0 0 0 0 0 0 0 0 0 0 0 0 0 0 0 0 0 0 0 0 0 0 0 0 0 0 0 0 0 0 0 0 0 0 0 0 0 0 0 0 0 0 0 0 0 0 0 0 0 0 0 0 0 0 0 0 0 0 0 0 0 0 0 0 0 0 0 0 0 0 0 0 0 0 0 0
geno chr1.58922252 tsi  0 0 0 0 0 0 0 0 0 0 0 0 0 0 0 0 0 0 0 0 0 0 0 0 0 0 0 0 0 0 0 0 0 0 0 0 0 0 0 0 0 0 0 0 0 0 0 0 0 0 0 0 0 0 0 0 0 0 0 0 0 0 0 0 0 0 0 0 0 0 0 0 0 0 0 0 0 0 0 0 0 0 0 0 0 0 0 0 0 0 0 0
geno chr1.58922252 yri  1 1 0 1 0 1 1 0 0 0 0 0 0 1 0 0 0 0 1 0 1 0 1 0 0 1 1 0 0 0 0 0 0 2 0 0 1 1 0 0 1 0 0 1 0 0 0 0 0 1 0 1 0 1 1 0 0 1 0 0 0 1 0 0 0 0 0 1 0 0 1 0 0 1 1 0 0
geno chr1.58922417 ceu  2 2 2 2 2 2 2 2 2 2 2 2 1 2 2 2 2 2 1 2 2 2 2 1 2 2 1 1 1 2 2 2 2 2 2 1 1 1 2 2 2 1 2 1 2 1 2 2 2 2 1 2 2 2 1 2 2 2 2 2 2 2 2 2 2 2 2 2 1 2 2 2 2 1 2 2 1 2
geno chr1.58922417 fin  0 2 0 1 1 2 1 2 1 2 2 1 2 1 2 2 2 2 1 2 2 1 2 2 2 2 1 2 1 2 1 1 1 2 2 2 2 2 0 1 2 1 1 2 2 1 1 2 2 2 2 2 2 2 2 2 2 2 2 0 2 2 1 2 2 2 1 0 2 0 2 2 1 2 0 2 1 2 1 2 2 2 1 2 1 2 2 1 2
geno chr1.58922417 gbr  2 2 2 2 2 2 2 2 2 1 1 2 2 2 2 2 2 1 2 2 2 1 1 2 0 2 2 2 1 2 1 2 2 2 1 1 1 2 2 2 2 2 2 2 1 2 2 2 2 2 2 1 2 2 1 2 2 1 2 2 2 0 1 1 2 2 2 2 2 2 1 2 2 2 2 2 2 2 2 2 2 2 2 2
geno chr1.58922417 tsi  2 2 2 1 2 2 1 2 1 2 2 2 2 2 2 2 1 2 2 1 2 2 2 1 2 2 2 2 2 2 2 2 2 2 1 2 2 1 2 2 2 2 1 1 2 1 2 2 2 2 2 2 2 2 1 1 2 1 1 2 2 2 2 1 1 1 2 2 2 2 2 2 2 2 2 2 2 2 1 2 1 2 2 2 2 2 2 2 2 2 2 1
geno chr1.58922417 yri  2 2 2 2 2 2 2 2 2 2 1 2 2 2 2 2 2 2 2 2 2 2 2 2 2 2 2 2 2 2 2 2 2 2 2 2 2 2 2 2 2 2 2 2 2 1 1 1 1 2 2 2 2 2 1 2 2 2 2 2 2 2 2 2 2 2 2 2 2 2 2 2 2 2 2 2 2
geno chr1.58922482 ceu  0 0 0 0 0 0 0 0 0 0 0 0 0 0 0 0 0 1 0 0 0 0 0 0 0 0 0 0 0 0 0 0 0 0 0 1 0 0 0 1 0 0 0 0 0 0 0 0 0 0 0 0 0 0 0 0 0 0 0 0 0 0 0 0 0 0 0 0 1 0 0 0 0 0 0 0 0 0
geno chr1.58922482 fin  0 0 0 0 0 0 0 0 0 0 1 0 0 0 0 0 0 0 0 0 0 0 0 0 0 0 0 0 0 0 0 0 0 0 0 0 0 0 0 0 0 0 0 0 0 0 0 0 1 0 0 0 0 0 0 0 0 0 0 0 0 0 0 0 0 0 0 0 0 0 0 0 0 1 0 0 0 0 0 0 0 0 0 0 0 0 0 0 0
geno chr1.58922482 gbr  0 0 0 0 0 0 0 0 0 0 0 0 0 1 0 0 0 0 1 0 0 0 1 0 0 0 0 0 0 0 0 0 0 0 0 0 0 0 0 0 0 0 0 0 0 0 0 0 0 0 0 0 0 0 0 1 0 0 0 0 0 0 0 0 0 0 0 0 0 1 0 2 0 0 0 0 0 0 0 2 0 0 0 0
geno chr1.58922482 tsi  0 0 0 0 0 0 0 0 0 0 0 0 0 1 1 1 0 1 0 0 0 0 0 0 0 0 0 0 0 0 0 0 0 0 0 0 1 0 0 0 0 0 0 0 0 0 0 0 0 0 0 0 0 0 0 0 0 0 0 0 0 0 0 0 0 0 0 0 1 0 0 0 0 0 0 0 0 0 0 0 0 0 0 1 0 0 1 0 0 1 0 0
geno chr1.58922482 yri  0 0 0 0 0 0 0 0 0 0 0 0 0 0 0 0 0 0 0 0 0 0 0 0 0 0 0 0 0 1 0 0 0 0 0 0 0 0 0 0 0 0 0 0 0 0 0 0 0 0 0 0 0 0 0 0 1 0 0 0 0 0 0 0 0 0 0 0 0 0 0 0 0 0 0 0 0
geno chr1.58923511 ceu  2 2 2 2 2 2 2 2 2 2 2 2 1 2 2 2 2 2 1 2 2 2 2 1 2 2 1 1 1 2 2 2 2 2 2 1 1 1 2 2 2 1 2 1 2 1 2 2 2 2 1 2 2 2 1 2 2 2 2 2 2 2 2 2 2 2 2 2 1 2 2 2 2 1 2 2 1 2
geno chr1.58923511 fin  0 2 0 1 1 2 1 2 1 2 2 1 2 1 2 2 2 2 1 2 2 1 2 2 2 2 1 2 1 2 1 1 1 2 2 2 2 2 0 1 2 1 1 2 2 1 1 2 2 2 2 2 2 2 2 2 2 2 2 0 2 2 1 2 2 2 1 0 2 0 2 2 1 2 0 2 1 2 1 2 2 2 1 2 1 2 2 1 2
geno chr1.58923511 gbr  2 2 2 2 2 2 2 2 2 1 1 2 2 2 2 2 2 1 2 2 2 1 1 2 0 2 2 2 1 2 1 2 2 2 1 1 1 2 2 2 2 2 2 2 1 2 2 2 2 2 2 1 2 2 1 2 2 1 2 2 2 0 1 1 2 2 2 2 2 2 1 2 2 2 2 2 2 2 2 2 2 2 2 2
geno chr1.58923511 tsi  2 2 2 1 2 2 1 2 1 2 2 2 2 2 2 2 1 2 2 1 2 2 2 1 2 2 2 2 2 2 2 2 2 2 1 2 2 1 2 2 2 2 1 1 2 1 2 2 2 2 2 2 2 2 1 1 2 1 1 2 2 2 2 1 1 1 2 2 2 2 2 2 2 2 2 2 2 2 1 2 1 2 2 2 2 2 2 2 2 2 2 1
geno chr1.58923511 yri  2 2 2 2 2 2 2 2 2 2 1 2 2 2 2 2 2 2 2 2 2 2 2 2 2 2 2 2 2 2 2 2 2 2 2 2 2 2 2 2 2 2 2 2 2 1 1 1 1 2 2 2 2 2 1 2 2 2 2 2 2 2 2 2 2 2 2 2 2 2 2 2 2 2 2 2 2
geno chr1.58923574 ceu  0 0 0 0 0 0 1 0 1 0 0 0 0 0 0 0 0 0 0 0 0 0 0 0 0 0 0 0 0 1 0 0 0 0 0 0 0 0 0 0 0 0 1 0 0 0 0 0 0 0 0 0 0 0 0 0 0 0 0 0 0 0 0 0 0 0 0 0 0 1 1 0 0 0 1 0 0 0
geno chr1.58923574 fin  0 0 0 0 0 0 0 0 0 0 0 0 0 0 0 0 0 0 0 0 0 0 0 0 0 0 0 0 0 0 0 0 0 0 0 0 0 0 0 0 0 0 0 0 0 0 0 1 0 0 0 0 0 0 0 0 0 0 0 0 0 0 0 1 1 0 0 0 0 0 1 0 0 0 0 0 0 0 0 0 0 0 0 0 0 0 0 0 0
geno chr1.58923574 gbr  0 0 0 0 0 0 0 1 0 0 0 0 0 0 0 0 0 0 0 1 1 0 0 0 0 0 1 0 0 0 0 0 0 1 0 0 0 0 0 0 0 0 0 1 0 0 0 0 0 1 0 0 1 0 0 0 0 0 0 0 0 0 0 0 0 1 0 0 0 0 0 0 0 1 0 0 0 0 0 0 0 0 0 0
geno chr1.58923574 tsi  0 0 0 0 0 1 0 0 0 0 0 0 1 0 0 0 0 0 0 0 0 0 0 0 0 0 0 0 1 0 0 0 0 0 0 0 0 0 0 0 0 0 0 0 0 0 0 1 0 0 0 0 0 0 0 1 0 0 0 0 0 0 0 0 0 0 0 0 0 1 0 0 0 0 1 0 0 0 0 0 0 0 0 0 0 0 0 0 0 0 0 0
geno chr1.58923574 yri  0 0 0 0 0 0 0 0 0 0 0 0 0 0 0 0 0 0 0 0 0 0 0 0 0 0 0 0 0 0 0 0 0 0 0 0 0 0 0 0 0 0 0 0 0 0 0 0 0 0 0 0 0 0 0 0 0 0 0 0 0 0 0 0 0 0 0 0 0 0 0 0 0 0 0 0 0
geno chr1.58924506 ceu  1 1 1 1 1 0 1 0 1 0 2 1 1 0 0 1 1 1 0 0 1 1 0 0 2 1 1 0 0 1 0 2 0 2 0 0 0 0 1 1 2 1 2 0 1 1 0 1 1 0 0 2 1 1 1 1 0 1 0 0 1 0 1 1 0 0 1 0 0 2 2 1 0 1 0 0 0 0
geno chr1.58924506 fin  0 1 0 0 0 1 0 0 1 0 0 0 0 0 0 0 1 0 0 0 2 1 0 0 0 1 1 0 0 1 1 1 0 1 1 1 2 0 0 1 0 0 0 1 1 1 0 0 0 1 0 0 0 0 0 1 0 0 1 0 2 1 1 1 2 1 0 0 2 0 2 1 0 0 0 2 0 2 0 0 0 1 0 1 0 1 0 1 2
geno chr1.58924506 gbr  1 1 2 1 0 0 1 1 0 1 1 2 0 1 1 0 2 0 0 2 1 0 0 0 0 0 1 1 0 0 0 0 0 1 0 0 0 0 1 1 1 1 0 1 0 1 0 0 1 1 0 0 1 0 1 1 1 0 0 0 0 0 0 1 2 1 0 1 0 0 0 0 1 1 2 1 1 2 1 0 1 1 1 1
geno chr1.58924506 tsi  1 0 1 0 0 1 1 1 1 0 0 0 1 1 0 1 0 0 1 1 1 1 0 0 0 1 2 1 2 1 2 1 1 1 0 0 2 0 1 2 0 1 0 0 0 0 1 2 1 0 1 1 1 2 0 1 1 1 0 0 2 1 1 1 0 0 1 0 1 1 0 2 0 2 1 1 0 1 1 1 0 0 1 0 1 0 0 2 0 1 0 0
geno chr1.58924506 yri  1 1 1 1 0 2 2 1 1 2 0 1 2 1 0 1 1 1 1 2 1 2 1 0 0 1 1 1 1 1 1 2 1 2 0 0 1 1 0 1 1 1 0 1 0 0 0 0 0 1 2 1 1 1 1 1 0 1 1 2 2 1 0 1 2 1 2 2 1 1 2 1 0 2 2 1 1
geno chr1.58924574 ceu  1 1 1 1 1 0 1 0 0 0 2 1 1 0 0 1 1 1 0 0 1 1 0 0 2 1 1 0 0 0 0 2 0 2 0 0 0 0 1 1 2 1 1 0 1 1 0 1 1 0 0 2 2 1 1 1 0 1 0 0 1 0 1 1 0 0 1 0 0 1 1 1 0 1 0 0 0 0
geno chr1.58924574 fin  0 1 0 0 0 1 0 0 1 0 0 0 0 0 0 0 1 0 0 0 2 1 0 0 0 1 1 0 0 1 1 1 0 1 1 1 2 0 0 1 0 0 0 1 2 1 0 0 0 1 0 0 0 0 0 1 0 0 1 0 2 1 1 1 1 1 0 0 2 0 1 1 0 0 0 2 0 2 0 0 0 1 0 1 0 1 0 1 2
geno chr1.58924574 gbr  1 1 2 1 0 0 1 0 0 1 1 2 0 1 1 0 2 0 0 1 1 0 0 0 0 0 0 1 0 0 0 0 0 0 0 0 0 0 1 1 1 0 0 0 0 1 0 0 1 0 0 0 0 0 1 1 1 0 0 0 0 0 0 1 2 1 0 1 0 0 0 0 1 0 2 2 1 2 1 0 1 1 1 1
geno chr1.58924574 tsi  1 0 1 0 0 0 1 1 1 0 0 0 0 1 0 1 0 0 1 1 1 1 0 0 0 1 2 1 1 1 2 1 1 2 0 0 2 0 1 2 0 1 0 0 0 0 1 1 1 0 1 2 1 2 0 0 1 1 0 0 2 1 1 1 0 0 1 0 1 0 0 2 0 2 1 1 0 1 1 1 0 0 1 0 1 0 0 2 0 1 0 0
geno chr1.58924574 yri  1 1 1 2 0 2 2 0 0 2 0 1 2 1 0 1 1 1 1 2 1 2 1 0 0 1 1 1 1 1 1 2 1 2 0 0 1 1 0 1 1 0 0 1 0 0 0 0 0 1 2 1 1 1 1 0 1 1 1 1 1 1 0 0 1 1 2 2 0 0 2 1 0 2 2 1 0
geno chr1.58924909 ceu  0 0 0 0 0 0 1 0 1 0 0 0 0 0 0 0 0 0 0 0 0 0 0 0 0 0 0 0 0 1 0 0 0 0 0 0 0 0 0 0 0 0 1 0 0 0 0 0 0 0 0 0 0 0 0 0 0 0 0 0 0 0 0 0 0 0 0 0 0 1 1 0 0 0 1 0 0 0
geno chr1.58924909 fin  0 0 0 0 0 0 0 0 0 0 0 0 0 0 0 0 0 0 0 0 0 0 0 0 0 0 0 0 0 0 0 0 0 0 0 0 0 0 0 0 0 0 0 0 0 0 0 1 0 0 0 0 0 0 0 0 0 0 0 0 0 0 0 1 1 0 0 0 0 0 1 0 0 0 0 0 0 0 0 0 0 0 0 0 0 0 0 0 0
geno chr1.58924909 gbr  0 0 0 0 0 0 0 1 0 0 0 0 0 0 0 0 0 0 0 1 1 0 0 0 0 0 1 0 0 0 0 0 0 1 0 0 0 0 0 0 0 0 0 1 0 0 0 0 0 1 0 0 1 0 0 0 0 0 0 0 0 0 0 0 0 1 0 0 0 0 0 0 0 1 0 0 0 0 0 0 0 0 0 0
geno chr1.58924909 tsi  0 0 0 0 0 1 0 0 0 0 0 0 1 0 0 0 0 0 0 0 0 0 0 0 0 0 0 0 1 0 0 0 0 0 0 0 0 0 0 0 0 0 0 0 0 0 0 1 0 0 0 0 0 0 0 1 0 0 0 0 0 0 0 0 0 0 0 0 0 1 0 0 0 0 1 0 0 0 0 0 0 0 0 0 0 0 0 0 0 0 0 0
geno chr1.58924909 yri  0 0 0 0 0 0 0 0 0 0 0 0 0 0 0 0 0 0 0 0 0 0 0 0 0 0 0 0 0 0 0 0 0 0 0 0 0 0 0 0 0 0 0 0 0 0 0 0 0 0 0 0 0 0 0 0 0 0 0 0 0 0 0 0 0 0 0 0 0 0 0 0 0 0 0 0 0
geno chr1.58924945 ceu  0 1 1 0 1 2 0 0 1 1 0 0 0 2 2 0 1 0 1 2 1 1 2 0 0 1 0 0 1 0 2 0 2 0 2 0 1 1 0 1 0 0 0 1 1 0 1 1 1 2 1 0 0 1 0 1 2 1 1 1 1 2 1 1 1 2 1 2 0 0 0 1 2 0 0 1 1 2
geno chr1.58924945 fin  0 1 0 0 1 1 0 1 0 0 1 1 1 1 2 2 1 2 1 0 0 0 0 2 1 1 0 1 1 1 0 0 1 1 1 0 0 2 0 0 2 1 1 1 0 0 1 1 1 1 0 0 2 2 2 1 1 1 1 0 0 0 0 0 0 0 1 0 0 0 0 1 1 1 0 0 0 0 1 0 2 1 1 0 0 1 2 0 0
geno chr1.58924945 gbr  1 1 0 0 2 2 1 1 1 0 0 0 0 0 0 2 0 0 1 0 0 1 0 2 0 2 1 1 1 1 1 2 2 0 1 0 1 2 0 1 1 0 2 1 1 0 1 2 0 1 1 0 1 2 0 0 1 0 2 2 2 0 1 0 0 0 2 1 1 0 1 0 0 1 0 0 1 0 0 0 1 1 1 0
geno chr1.58924945 tsi  1 2 1 1 2 1 0 1 0 2 1 2 0 0 1 0 1 1 1 0 1 0 1 0 1 1 0 1 0 1 0 1 1 0 1 2 0 1 1 0 1 0 0 1 2 1 1 0 1 2 0 0 1 0 1 0 1 0 1 2 0 1 0 0 1 1 0 0 0 1 2 0 2 0 0 1 1 1 0 1 1 2 1 1 0 1 0 0 1 0 2 1
geno chr1.58924945 yri  0 1 0 0 0 0 0 0 0 0 1 0 0 0 0 1 1 0 0 0 0 0 1 1 1 0 0 0 0 0 0 0 1 0 2 1 0 0 0 1 0 0 1 0 1 1 0 0 0 0 0 1 0 0 0 1 0 1 0 0 0 0 1 1 0 0 0 0 0 0 0 1 0 0 0 0 0
geno chr1.58925252 ceu  2 2 2 2 2 2 2 2 2 2 2 2 1 2 2 2 2 2 1 2 2 2 2 1 2 2 1 1 1 2 2 2 2 2 2 1 1 1 2 2 2 1 2 1 2 1 2 2 2 2 1 2 2 2 1 2 2 2 2 2 2 2 2 2 2 2 2 2 1 2 2 2 2 1 2 2 1 2
geno chr1.58925252 fin  0 2 0 1 1 2 1 2 1 2 2 1 1 1 2 2 2 2 1 2 2 1 2 2 2 2 1 2 1 2 1 1 1 2 2 2 2 2 0 1 2 1 1 2 2 1 1 2 2 2 2 2 2 2 2 2 2 2 2 0 2 2 1 2 2 2 1 0 2 0 2 2 1 2 0 2 1 2 1 2 1 2 1 2 1 2 2 1 2
geno chr1.58925252 gbr  2 2 2 2 2 2 2 2 2 1 1 2 2 2 2 2 2 1 2 2 2 2 1 2 0 2 2 2 1 2 1 2 2 2 1 1 1 2 2 2 2 2 2 2 1 2 2 2 2 2 2 1 2 2 1 2 1 1 2 2 2 0 1 1 2 2 2 2 2 2 1 2 2 2 2 2 2 2 2 2 2 2 2 2
geno chr1.58925252 tsi  2 2 2 1 2 2 1 2 1 2 2 2 2 2 2 2 1 2 2 1 2 2 2 1 2 2 2 2 2 2 2 2 2 2 1 2 2 1 2 2 2 2 1 1 2 1 2 2 2 2 2 2 2 2 1 1 2 1 1 2 2 2 2 1 1 1 2 2 2 2 2 2 2 2 2 2 2 2 1 2 1 2 2 2 2 2 2 2 2 2 2 1
geno chr1.58925252 yri  2 2 2 2 2 2 2 2 2 2 1 2 2 2 2 2 2 2 2 2 2 2 2 2 2 2 2 2 2 2 2 2 2 2 2 2 2 2 2 2 2 2 2 2 2 1 1 1 1 2 2 2 2 2 1 2 2 2 2 2 2 2 2 2 2 2 2 2 2 2 2 2 2 2 2 2 2
geno chr1.58925408 ceu  0 0 0 1 0 0 0 0 0 0 0 1 1 0 0 0 0 1 0 0 1 0 0 0 0 0 1 0 0 0 0 0 0 0 0 0 0 0 0 0 1 0 0 0 1 0 0 0 0 0 0 0 0 0 1 0 0 0 0 0 0 0 0 0 0 0 0 0 0 0 0 1 0 0 0 0 0 0
geno chr1.58925408 fin  0 0 0 0 0 0 0 0 1 0 0 0 0 0 0 0 0 0 0 0 1 0 0 0 0 0 0 0 0 1 0 1 0 0 0 0 0 0 0 0 0 0 0 0 1 0 0 0 0 0 0 0 0 0 0 0 0 0 0 0 1 1 0 0 0 0 0 0 1 0 0 1 0 0 0 0 0 1 0 0 0 0 0 1 0 0 0 0 0
geno chr1.58925408 gbr  1 1 2 0 0 0 1 0 0 0 1 1 0 1 1 0 0 0 0 0 1 0 0 0 0 0 0 0 0 0 0 0 0 0 0 0 0 0 0 0 1 0 0 0 0 0 0 0 1 0 0 0 0 0 0 0 0 0 0 0 0 0 0 0 1 0 0 0 0 0 0 0 0 0 0 0 1 0 1 0 0 0 1 0
geno chr1.58925408 tsi  0 0 0 0 0 0 1 0 0 0 0 0 0 0 0 0 0 0 0 0 0 0 0 0 0 0 0 0 0 0 0 0 0 0 0 0 0 0 0 0 0 0 0 0 0 0 0 0 0 0 0 2 0 0 0 0 0 0 0 0 1 0 1 1 0 0 0 0 0 0 0 0 0 0 1 0 0 0 0 0 0 0 0 0 1 0 0 0 0 0 0 0
geno chr1.58925408 yri  0 0 0 0 0 0 0 0 0 0 0 0 0 0 0 0 0 0 0 0 0 0 0 0 0 0 0 0 0 0 0 0 0 0 0 0 0 0 0 0 0 0 0 0 0 0 0 0 0 0 0 0 0 0 0 0 0 0 0 0 0 0 0 0 0 0 0 0 0 0 0 0 0 0 0 0 0
geno chr1.58925663 ceu  0 0 0 0 0 0 1 0 1 0 0 0 0 0 0 0 0 0 0 0 0 0 0 0 0 0 0 0 0 1 0 0 0 0 0 0 0 0 0 0 0 0 1 0 0 0 0 0 0 0 0 0 0 0 0 0 0 0 0 0 0 0 0 0 0 0 0 0 0 1 1 0 0 0 1 0 0 0
geno chr1.58925663 fin  0 0 0 0 0 0 0 0 0 0 0 0 0 0 0 0 0 0 0 0 0 0 0 0 0 0 0 0 0 0 0 0 0 0 0 0 0 0 0 0 0 0 0 0 0 0 0 1 0 0 0 0 0 0 0 0 0 0 0 0 0 0 0 1 1 0 0 0 0 0 1 0 0 0 0 0 0 0 0 0 0 0 0 0 0 0 0 0 0
geno chr1.58925663 gbr  0 0 0 0 0 0 0 1 0 0 0 0 0 0 0 0 0 0 0 1 1 0 0 0 0 0 1 0 0 0 0 0 0 1 0 0 0 0 0 0 0 0 0 1 0 0 0 0 0 1 0 0 1 0 0 0 0 0 0 0 0 0 0 0 0 1 0 0 0 0 0 0 0 1 0 0 0 0 0 0 0 0 0 0
geno chr1.58925663 tsi  0 0 0 0 0 1 0 0 0 0 0 0 1 0 0 0 0 0 0 0 0 0 0 0 0 0 0 0 1 0 0 0 0 0 0 0 0 0 0 0 0 0 0 0 0 0 0 1 0 0 0 0 0 0 0 1 0 0 0 0 0 0 0 0 0 0 0 0 0 1 0 0 0 0 1 0 0 0 0 0 0 0 0 0 0 0 0 0 0 0 0 0
geno chr1.58925663 yri  0 0 0 0 0 0 0 0 0 0 0 0 0 0 0 0 0 0 0 0 0 0 0 0 0 0 0 0 0 0 0 0 0 0 0 0 0 0 0 0 0 0 0 0 0 0 0 0 0 0 0 0 0 0 0 0 0 0 0 0 0 0 0 0 0 0 0 0 0 0 0 0 0 0 0 0 0
geno chr1.58925870 ceu  0 0 0 0 0 0 1 0 1 0 0 0 0 0 0 0 0 0 0 0 0 0 0 0 0 0 0 0 0 1 0 0 0 0 0 0 0 0 0 0 0 0 1 0 0 0 0 0 0 0 0 0 0 0 0 0 0 0 0 0 0 0 0 0 0 0 0 0 0 1 1 0 0 0 1 0 0 0
geno chr1.58925870 fin  0 0 0 0 0 0 0 0 0 0 0 0 0 0 0 0 0 0 0 0 0 0 0 0 0 0 0 0 0 0 0 0 0 0 0 0 0 0 0 0 0 0 0 0 0 0 0 1 0 0 0 0 0 0 0 0 0 0 0 0 0 0 0 1 1 0 0 0 0 0 1 0 0 0 0 0 0 0 0 0 0 0 0 0 0 0 0 0 0
geno chr1.58925870 gbr  0 0 0 0 0 0 0 1 0 0 0 0 0 0 0 0 0 0 0 1 1 0 0 0 0 0 1 0 0 0 0 0 0 1 0 0 0 0 0 0 0 0 0 1 0 0 0 0 0 1 0 0 1 0 0 0 0 0 0 0 0 0 0 0 0 1 0 0 0 0 0 0 0 1 0 0 0 0 0 0 0 0 0 0
geno chr1.58925870 tsi  0 0 0 0 0 1 0 0 0 0 0 0 1 0 0 0 0 0 0 0 0 0 0 0 0 0 0 0 1 0 0 0 0 0 0 0 0 0 0 0 0 0 0 0 0 0 0 1 0 0 0 0 0 0 0 1 0 0 0 0 0 0 0 0 0 0 0 0 0 1 0 0 0 0 1 0 0 0 0 0 0 0 0 0 0 0 0 0 0 0 0 0
geno chr1.58925870 yri  0 0 0 0 0 0 0 0 0 0 0 0 0 0 0 0 0 0 0 0 0 0 0 0 0 0 0 0 0 0 0 0 0 0 0 0 0 0 0 0 0 0 0 0 0 0 0 0 0 0 0 0 0 0 0 0 0 0 0 0 0 0 0 0 0 0 0 0 0 0 0 0 0 0 0 0 0
