pheno ENSG00000127666 ceu -1.569796 -0.8402815 -1.064868 0.5332621 0.1533871 0.2373761 -0.7574368 -2.057954 -0.4759795 -1.82515 -0.8481249 -2.543204 -0.3684143 -1.223219 -1.460164 0.2220057 -2.083507 -2.786764 -1.085475 -2.750646 -0.9051846 -1.415294 -2.266031 -0.9454979 -0.5660831 -1.718068 -0.8121905 -0.4337878 -0.5914065 -0.6508279 -3.491964 -2.82885 -2.098291 -1.752868 -1.382855 -0.7449176 -0.280216 -0.491006 -3.160596 -1.631155 -2.197225 -0.9063046 -0.357117 -1.981504 -2.692753 -0.5883748 -1.907246 -0.6483097 -0.5815411 -0.7630348 -0.5006152 -2.592552 -0.1382594 -1.773454 0.04271722 -2.47598 -1.157838 -1.96356 -1.153576 0.7160208 -1.524718 -2.531029 -2.945398 -2.371833 -1.403483 -1.656386 -0.3687761 -0.3698871 -0.5700114 -0.248798 -0.9254693 -0.3740462 -1.361069 -0.7621642 -1.301049 0.5150774 -0.7861735 0.002405232
pheno ENSG00000127666 fin 3.658287 1.945736 3.041304 1.707294 0.3588174 2.51997 0.8315793 1.859226 1.293463 2.402162 1.739858 1.230446 1.084874 1.525591 1.408402 2.946076 1.60136 1.64766 -0.343081 1.326061 2.069289 2.147508 3.328589 1.741183 2.392426 3.244095 0.2769166 0.5606472 0.8610156 3.0628 1.888385 2.306132 0.2984507 1.746308 1.90471 3.449422 2.113135 1.620491 3.276944 0.8902027 -0.5216265 2.735371 1.600193 0.2868005 3.088002 0.3420403 2.94515 1.821335 2.568561 0.60554 1.12762 2.190149 0.2381372 1.71548 1.360142 3.235784 3.486233 2.819969 1.547256 0.7212302 1.295008 3.430737 3.213939 4.143971 2.569556 0.8374155 2.088326 1.611595 0.3023991 1.984957 1.315308 3.505353 3.111395 1.56151 3.600561 1.298119 3.212917 1.387683 1.973903 1.172482 0.5784126 2.139709 2.343979 2.725452 0.06142003 1.003328 1.605649 2.198144 0.9680357
pheno ENSG00000127666 gbr 1.62369 -0.1035976 2.423056 1.331479 1.376096 0.778582 3.23478 -0.5724342 0.5370128 1.667195 1.08107 0.662674 2.26494 1.314832 0.1998777 1.608665 0.1370796 3.147419 0.9961555 1.514932 -0.06360601 1.952211 0.06019703 1.929885 1.01504 0.3824515 2.571647 1.577721 2.662145 3.669625 0.1213471 0.6878946 -1.069257 2.850081 -0.6005947 1.868201 0.0614905 0.7955794 2.888574 3.033169 1.59947 2.134038 1.509596 0.9346741 0.5251457 -2.505457 1.938555 0.877456 1.314639 0.9261539 2.082933 0.9805029 0.6758785 1.919348 2.696016 0.8168284 1.195338 1.772592 -0.2368378 2.227681 1.603614 2.01421 1.255658 1.173761 0.2371137 0.3461672 1.429656 1.340649 2.309583 2.910922 1.275487 0.4977153 1.351403 0.186562 1.102762 1.744676 0.7795202 1.543689 1.636257 0.269533 3.034186 0.52124 1.666376 1.639224
pheno ENSG00000127666 tsi 2.621448 2.216662 0.5913921 2.060985 3.189965 0.4551534 0.3732909 0.6180934 0.7363934 0.9285491 0.1173225 0.7053558 0.1854511 1.766868 0.04958931 0.3998395 1.938786 1.056091 2.019248 0.8344337 3.576548 0.9818839 1.05588 1.095165 -0.8117781 -0.2164822 0.4943683 3.422915 0.6252886 1.753297 2.288578 2.641724 1.476628 1.084195 0.7933784 0.4731093 1.240662 0.1242782 -0.1116815 0.2898963 0.575398 2.217244 -0.1479344 1.062614 1.889101 2.037416 1.423739 0.7866347 0.7212461 0.4576069 0.3207648 1.679312 3.449757 1.243344 0.08675666 2.143153 0.8319919 0.4316896 1.732769 2.162682 0.7203607 2.877487 3.109679 1.755773 2.33323 1.743999 0.718161 -1.510859 2.246237 0.5939758 2.863934 0.5126664 0.03643645 0.8614114 1.163057 1.906149 0.8168516 1.377022 0.6502549 -0.6100952 2.775758 2.032808 2.82695 -0.3504216 2.72069 0.2695238 1.326399 2.228762 1.837561 2.207583 2.526981 2.059783
pheno ENSG00000127666 yri -3.505567 -2.801425 -2.160146 -0.9673918 -2.724462 -1.696548 -4.311077 -3.062446 -0.515594 -3.630184 -1.469316 -1.282218 -0.3737808 -4.077842 -3.189763 -2.599478 -1.540451 -4.038704 -4.548369 -2.148279 -1.444568 -1.448673 -1.781397 -2.184155 -1.665392 -2.581716 -1.924616 0.398269 -2.622381 -3.757562 -1.66981 0.06491344 -1.877456 -3.437843 -1.434273 -3.583575 -2.449681 -2.985175 -4.879323 0.155981 -3.63055 -2.805716 -1.651703 -2.720874 -1.291836 -2.472972 -1.687046 -1.652325 -1.095265 -3.435647 -2.986575 -3.202359 -1.878721 -2.186286 -3.369431 -1.18565 -0.8693327 -1.16984 -1.06028 -0.7635892 -0.9001144 -2.638171 -1.205613 -1.66272 -1.629874 -2.46631 -1.44025 -0.6925084 -0.9241727 -2.248134 -2.586151 -0.3975134 -1.911088 -2.061909 0.3984534 -2.705061 -0.6051902
geno chr19.4732153 ceu  0 1 0 0 0 0 0 0 0 0 0 0 0 0 0 0 0 0 0 0 0 0 0 0 0 0 0 0 0 1 0 0 0 0 0 0 0 0 0 1 0 0 0 0 0 1 0 0 1 0 0 0 0 0 0 0 0 0 0 0 0 1 0 0 0 0 0 0 0 0 0 0 0 0 1 1 0 2
geno chr19.4732153 fin  0 0 0 0 0 0 0 0 1 0 0 0 0 0 0 0 1 0 0 0 0 0 0 1 0 0 0 0 0 0 0 0 0 0 0 0 0 0 0 0 0 0 0 0 0 0 0 1 1 0 0 0 0 0 0 0 0 0 0 0 0 0 0 0 0 0 0 0 1 0 0 0 0 1 1 0 0 0 0 0 1 0 0 0 0 0 0 0 0
geno chr19.4732153 gbr  0 0 1 1 0 0 0 0 0 0 0 0 0 0 1 0 0 0 0 0 1 0 0 0 1 0 0 0 0 1 0 0 0 0 0 1 0 0 0 0 0 0 0 1 0 0 0 0 1 0 0 1 0 0 0 0 0 0 0 0 0 0 0 0 1 0 0 0 0 0 0 0 1 0 0 0 0 0 0 0 0 0 0 0
geno chr19.4732153 tsi  0 0 0 2 1 0 1 0 0 0 0 0 0 0 0 0 0 0 2 1 0 0 1 0 0 0 0 0 0 0 0 0 1 0 1 0 0 0 2 0 0 0 0 0 0 0 1 0 0 0 0 0 0 1 0 0 0 1 0 0 0 0 0 1 0 0 0 0 0 1 0 0 0 0 0 0 0 1 0 0 0 0 0 0 0 1 0 0 0 0 0 0
geno chr19.4732153 yri  0 0 0 0 0 0 0 0 0 0 0 0 0 0 0 0 0 0 0 0 0 0 0 0 0 0 0 1 0 0 0 0 0 0 0 0 0 0 0 0 0 0 0 0 0 0 0 0 0 0 0 0 0 0 0 0 0 0 0 0 0 0 0 0 0 0 0 0 0 0 0 0 0 0 0 0 0
geno chr19.4732167 ceu  2 2 2 2 2 0 1 1 1 1 0 1 2 1 2 1 1 1 2 0 1 2 2 2 1 2 2 2 2 2 1 1 1 2 1 1 1 2 0 2 2 2 2 2 1 2 1 2 1 0 2 2 2 2 1 2 2 0 2 1 1 2 2 2 1 0 0 2 1 1 2 1 0 2 2 2 2 2
geno chr19.4732167 fin  2 1 2 1 2 2 0 0 1 1 1 0 1 1 2 1 2 2 2 2 1 2 2 1 0 2 1 2 2 1 0 1 2 2 2 2 1 2 2 2 1 2 1 1 1 2 0 1 2 2 2 1 2 1 1 1 1 0 0 1 2 2 1 1 1 0 2 2 1 2 1 1 2 1 2 0 0 0 1 2 2 1 1 1 1 2 1 2 2
geno chr19.4732167 gbr  2 2 2 2 0 1 1 2 1 2 1 0 1 2 2 2 0 2 1 2 2 2 1 0 1 1 1 1 2 2 2 2 2 2 2 2 2 2 2 2 2 2 2 2 1 2 2 2 2 1 1 2 1 2 2 1 1 2 2 2 1 1 2 2 2 2 1 1 2 1 1 2 1 1 1 0 1 2 1 2 2 1 1 2
geno chr19.4732167 tsi  2 1 2 2 2 2 2 2 1 2 0 2 1 2 1 2 1 2 2 2 2 1 2 1 2 2 2 1 2 2 1 2 2 1 2 2 2 2 2 2 2 2 2 1 1 1 2 1 2 1 2 1 2 2 1 2 2 2 1 1 1 1 2 2 2 2 2 2 1 2 2 2 2 2 2 2 1 2 2 2 2 2 1 1 1 1 2 1 2 2 2 2
geno chr19.4732167 yri  2 2 1 1 2 2 2 2 1 1 2 2 2 2 1 1 2 1 2 0 1 0 2 2 1 2 0 2 1 1 1 1 2 1 1 2 2 2 2 2 2 2 2 2 2 2 2 1 2 2 2 2 1 1 2 2 2 2 1 2 1 2 2 1 2 2 2 2 2 2 2 2 2 1 2 2 2
geno chr19.4732528 ceu  2 1 1 1 2 1 1 2 1 1 0 1 2 1 2 0 1 0 2 1 1 2 1 2 1 2 1 2 2 1 1 1 2 2 1 1 1 2 0 1 2 2 2 2 1 1 1 2 0 2 2 2 2 1 1 2 2 0 2 1 0 1 2 2 1 1 0 2 1 1 1 2 0 2 1 1 2 0
geno chr19.4732528 fin  2 1 2 0 2 2 0 0 0 1 2 0 1 1 1 1 1 2 2 1 1 2 2 0 0 2 0 2 2 1 0 1 2 1 2 2 1 1 2 2 1 2 1 1 1 2 0 0 0 2 2 1 2 1 1 1 0 0 0 1 2 2 0 1 1 1 2 2 0 2 1 1 2 0 1 0 0 0 1 2 1 1 1 1 1 2 1 2 2
geno chr19.4732528 gbr  2 2 1 1 0 1 1 2 1 2 1 0 1 2 1 2 0 2 1 2 1 2 1 0 0 1 1 1 1 0 1 2 2 2 1 1 1 2 1 2 2 2 2 1 1 2 2 2 1 1 1 1 2 2 2 1 1 2 2 2 1 1 2 2 1 2 0 1 1 1 1 1 0 1 1 1 1 2 1 1 2 1 2 2
geno chr19.4732528 tsi  1 1 2 0 1 2 0 2 1 2 0 2 2 2 1 2 2 2 0 1 2 2 1 0 2 2 2 1 1 2 1 2 1 1 1 2 2 2 0 2 2 2 2 1 1 1 1 1 2 1 2 1 2 1 1 2 1 1 1 1 1 1 2 1 2 2 1 1 1 1 2 1 2 1 2 2 1 1 2 2 2 2 1 1 1 0 2 2 2 2 2 2
geno chr19.4732528 yri  1 1 1 1 2 1 2 2 1 1 1 0 2 1 1 1 2 2 2 1 2 0 2 1 0 2 1 0 1 0 0 2 1 1 1 1 1 1 2 1 2 2 1 2 2 2 1 1 1 2 2 2 1 1 2 1 1 0 1 0 1 2 0 1 2 2 2 1 1 1 2 1 2 0 2 0 2
geno chr19.4732667 ceu  0 1 0 0 0 0 0 0 0 0 0 0 0 0 0 0 0 0 0 0 0 0 0 0 0 0 0 0 0 0 0 0 0 0 0 0 0 0 0 1 0 0 0 0 0 1 0 0 1 0 0 0 0 0 0 0 0 0 0 0 0 0 0 0 0 0 0 0 0 0 0 0 0 0 1 0 0 2
geno chr19.4732667 fin  0 0 0 0 0 0 0 0 1 0 0 0 0 1 0 0 1 0 0 0 0 0 0 1 0 0 0 0 0 0 0 0 0 0 0 0 0 0 0 0 0 0 0 0 0 0 0 1 0 0 0 0 0 0 0 0 0 0 0 0 0 0 0 0 0 0 0 0 1 0 0 0 0 1 0 0 0 0 0 0 1 0 0 0 0 0 0 0 0
geno chr19.4732667 gbr  0 0 1 0 0 0 0 0 0 0 0 0 0 0 0 0 0 0 0 0 1 0 0 0 0 0 0 0 0 1 0 0 0 0 0 1 0 0 0 0 0 0 0 1 1 0 0 0 1 0 0 0 0 0 0 0 0 0 0 0 0 0 0 0 1 0 0 0 0 0 0 0 1 0 0 0 0 0 0 0 0 0 0 0
geno chr19.4732667 tsi  0 0 0 2 1 0 0 0 0 0 0 0 0 0 0 0 0 0 2 1 0 0 1 1 0 0 0 0 0 0 0 0 0 0 1 0 0 0 2 0 0 0 0 0 0 0 1 0 0 0 0 0 0 1 0 0 0 1 0 0 0 0 0 1 0 0 0 0 0 1 0 0 0 0 0 0 0 0 0 0 0 0 0 0 0 1 0 0 0 0 0 0
geno chr19.4732667 yri  0 0 0 0 0 0 0 0 0 0 0 0 0 0 0 0 0 0 0 0 0 0 0 0 0 0 0 1 0 0 0 0 0 0 0 0 0 0 0 0 0 0 0 0 0 0 0 0 0 0 0 0 0 0 0 0 0 0 0 0 0 0 0 0 0 0 0 0 0 0 0 0 0 0 0 0 0
geno chr19.4733167 ceu  0 1 1 0 1 0 0 0 0 0 0 1 0 0 0 0 0 0 0 0 0 0 0 0 0 0 0 0 0 0 0 0 0 0 1 1 1 0 0 0 0 0 0 0 0 0 0 0 0 0 0 0 0 0 0 1 0 0 0 0 0 0 0 0 0 0 0 0 0 0 0 0 0 0 0 0 0 0
geno chr19.4733167 fin  0 0 0 0 0 0 0 0 0 0 0 0 0 0 0 0 0 0 0 1 1 0 0 0 0 2 0 0 0 0 0 0 0 0 0 0 0 2 2 0 0 0 0 0 0 1 0 0 0 0 1 1 0 1 0 0 0 0 0 0 1 0 0 0 0 0 1 0 0 0 0 0 1 0 0 0 0 0 0 0 0 0 0 0 0 1 0 1 0
geno chr19.4733167 gbr  0 0 0 0 0 0 0 0 0 0 0 0 0 0 0 1 0 1 1 0 0 0 1 1 0 0 1 0 0 0 0 1 0 1 0 0 0 0 0 0 1 0 0 0 0 1 0 0 0 0 0 0 0 0 0 0 0 0 0 0 0 0 0 0 1 0 0 1 0 0 1 1 0 0 0 0 0 0 0 1 0 0 0 0
geno chr19.4733167 tsi  1 0 0 0 0 0 1 0 0 0 0 1 0 1 0 0 0 1 0 0 0 0 0 0 0 0 0 0 0 0 0 1 0 0 0 0 0 0 0 0 0 1 0 0 0 0 0 0 0 0 0 1 0 0 0 0 0 0 0 0 0 0 0 0 1 1 1 0 0 0 0 0 0 0 0 1 0 0 0 0 0 1 0 0 0 0 1 0 0 0 0 0
geno chr19.4733167 yri  0 0 0 0 0 0 0 0 0 0 0 0 0 0 0 0 0 0 0 0 0 0 0 0 0 0 0 0 0 0 0 0 0 0 0 0 0 0 0 0 0 0 0 0 0 0 0 0 0 0 0 0 0 0 0 0 0 0 0 0 0 0 0 0 0 0 0 0 0 0 0 0 0 0 0 0 0
geno chr19.4733613 ceu  0 2 1 0 1 1 1 2 1 1 2 2 0 0 0 2 2 1 0 2 0 0 0 0 2 0 0 1 1 0 1 1 0 0 2 2 2 0 2 1 0 0 0 0 1 2 1 0 2 2 0 0 1 0 1 1 0 2 0 1 2 0 0 1 1 1 2 0 1 1 1 1 2 0 1 0 0 2
geno chr19.4733613 fin  1 1 0 2 0 0 2 1 2 0 1 2 1 2 0 1 1 0 0 1 2 0 0 2 2 2 2 1 0 1 1 1 0 1 0 0 1 2 2 0 1 0 2 1 2 1 2 2 1 0 1 2 0 2 1 0 2 1 2 1 1 0 0 1 1 2 1 0 2 0 1 1 2 2 0 2 2 2 1 0 1 2 1 2 1 2 1 1 0
geno chr19.4733613 gbr  0 0 1 0 1 1 1 0 0 0 1 2 0 0 1 1 2 1 2 0 1 0 1 2 1 1 2 1 1 2 1 1 0 1 0 0 1 0 1 0 2 0 0 1 1 1 0 0 1 1 1 0 1 0 2 1 1 0 0 0 1 1 0 0 2 1 2 2 1 1 1 1 2 1 2 2 1 0 1 1 0 1 1 0
geno chr19.4733613 tsi  1 1 1 2 1 0 1 0 1 0 2 1 1 1 1 0 0 1 2 1 0 2 2 2 0 0 1 2 2 0 1 1 0 1 1 0 0 0 2 0 0 2 0 1 1 1 1 2 0 1 1 2 0 1 1 1 0 1 1 0 0 1 0 1 1 1 1 0 1 1 0 0 0 1 0 1 1 0 0 0 0 1 1 0 1 2 1 1 0 0 0 0
geno chr19.4733613 yri  1 1 1 2 2 2 1 1 2 1 2 2 1 2 2 1 1 2 2 2 2 2 2 2 2 2 2 2 2 0 2 2 1 2 1 2 1 2 2 1 0 0 1 1 2 1 2 1 1 2 0 0 1 2 2 2 2 1 2 2 0 0 2 2 0 1 1 0 1 1 1 2 1 2 0 2 1
geno chr19.4733645 ceu  0 0 0 0 0 0 0 0 0 0 0 0 0 1 0 0 1 0 0 0 0 0 0 0 0 0 0 0 0 0 0 0 0 0 0 0 0 0 0 0 0 0 0 0 0 0 0 0 0 0 0 0 0 0 0 0 0 0 0 0 0 0 0 0 0 0 0 0 0 0 1 0 0 0 0 0 0 0
geno chr19.4733645 fin  1 0 0 0 0 0 0 1 0 0 0 0 0 0 0 0 0 0 0 0 0 0 0 0 0 0 0 1 0 0 0 0 0 0 0 0 0 0 0 0 0 0 0 0 0 0 0 0 0 0 0 0 0 0 0 0 0 0 0 0 0 0 0 0 0 0 0 0 0 0 0 0 0 0 0 0 0 0 0 0 0 0 0 0 0 0 0 0 0
geno chr19.4733645 gbr  0 0 0 0 0 0 0 0 0 0 0 0 0 0 0 0 0 0 0 0 0 0 0 0 0 0 0 0 0 1 0 0 0 0 0 0 0 0 0 0 1 0 0 0 0 0 0 0 0 0 0 0 0 0 0 0 0 0 0 0 0 0 0 0 0 0 0 0 1 0 0 0 0 0 0 0 0 0 0 0 0 0 0 0
geno chr19.4733645 tsi  0 0 0 0 0 0 0 0 0 0 0 0 0 0 0 0 0 0 0 0 0 0 1 0 0 0 0 0 0 0 0 0 0 0 0 0 0 0 0 0 0 0 0 0 0 0 0 0 0 0 0 0 0 0 0 0 0 0 0 0 0 0 0 0 0 0 0 0 0 0 0 0 0 0 0 0 0 0 0 0 0 0 0 0 0 0 0 0 0 0 0 0
geno chr19.4733645 yri  0 0 0 1 1 0 0 0 1 0 1 0 0 0 1 0 1 0 0 1 0 0 2 0 0 2 0 0 0 0 1 1 0 1 0 1 0 0 0 0 0 0 0 0 1 0 0 0 0 1 0 0 0 1 1 1 0 0 0 1 0 0 1 0 0 1 0 0 0 0 1 0 0 0 0 1 0
geno chr19.4733896 ceu  1 0 0 0 0 0 1 0 0 0 0 0 0 0 0 0 0 0 0 0 0 0 1 0 0 0 0 0 0 0 0 0 0 0 0 0 0 0 0 1 0 0 0 1 1 0 0 0 0 0 0 0 0 0 0 0 1 0 0 0 0 0 0 1 0 0 0 0 0 0 0 0 0 0 0 0 0 0
geno chr19.4733896 fin  0 0 1 0 0 0 0 0 0 1 0 0 1 0 1 1 0 0 0 0 0 0 0 0 0 0 0 0 0 0 1 0 1 0 0 0 0 0 0 0 0 0 0 0 0 0 0 0 0 1 0 0 0 0 0 0 0 1 0 0 1 0 1 0 1 0 0 0 0 0 0 0 0 0 0 0 0 0 0 0 0 0 0 0 0 0 0 0 1
geno chr19.4733896 gbr  0 0 0 0 0 0 1 0 1 0 0 0 1 1 0 0 0 0 0 0 0 0 0 0 0 0 0 0 0 0 1 1 0 0 1 0 0 0 1 1 0 0 0 0 1 0 1 1 0 0 0 0 1 0 0 0 0 0 0 0 0 1 1 0 0 0 0 0 0 0 0 0 0 0 0 0 0 0 0 1 1 0 0 0
geno chr19.4733896 tsi  0 0 0 0 0 0 0 0 0 0 0 0 1 0 0 0 0 0 0 1 0 0 0 0 0 1 0 0 0 1 0 0 0 0 1 0 0 2 0 0 0 0 0 1 0 0 0 0 2 0 0 0 0 0 0 0 0 0 0 0 0 0 0 0 1 0 0 0 0 0 0 0 1 0 0 0 0 0 0 0 1 0 0 0 0 0 0 0 0 1 0 0
geno chr19.4733896 yri  0 0 0 0 0 0 0 0 0 0 0 0 0 0 0 0 0 0 0 0 0 0 0 0 0 0 0 0 0 1 0 0 0 0 0 0 0 0 0 0 0 0 0 0 0 0 0 0 0 0 0 0 0 0 0 0 0 0 0 0 0 0 0 0 0 0 0 0 0 0 0 0 0 0 0 0 0
geno chr19.4733934 ceu  0 0 0 0 0 0 0 0 0 0 0 0 0 0 0 0 1 0 0 0 0 0 0 0 0 0 0 0 0 0 0 0 0 0 0 0 0 0 0 0 0 0 0 0 0 0 0 0 0 0 0 0 0 0 0 0 0 0 0 0 0 0 0 0 0 0 0 0 0 0 0 0 0 0 0 0 0 0
geno chr19.4733934 fin  1 0 0 0 0 0 0 0 0 0 0 0 0 0 0 0 0 0 0 0 0 0 0 0 0 0 0 1 0 0 0 0 0 0 0 0 0 0 0 0 0 0 0 0 0 0 0 0 0 0 0 0 0 0 0 0 0 0 0 0 0 0 0 0 0 0 0 0 0 0 0 0 0 0 0 0 0 0 0 0 0 0 0 0 0 0 0 0 0
geno chr19.4733934 gbr  0 0 0 0 0 0 0 0 0 0 0 0 0 0 0 0 0 0 0 0 0 0 0 0 0 0 0 0 0 1 0 0 0 0 0 0 0 0 0 0 1 0 0 0 0 0 0 0 0 0 0 0 0 0 0 0 0 0 0 0 0 0 0 0 0 0 0 0 1 0 0 0 0 0 0 0 0 0 0 0 0 0 0 0
geno chr19.4733934 tsi  0 0 0 0 0 0 0 0 0 0 0 0 0 0 0 0 0 0 0 0 0 0 1 0 0 0 0 0 0 0 0 0 0 0 0 0 0 0 0 0 0 0 0 0 0 0 0 0 0 0 0 0 0 0 0 0 0 0 0 0 0 0 0 0 0 0 0 0 0 0 0 0 0 0 0 0 0 0 0 0 0 0 0 0 0 0 0 0 0 0 0 0
geno chr19.4733934 yri  0 0 0 1 1 0 0 0 1 0 1 0 0 0 1 0 1 0 0 1 0 0 2 0 0 2 0 0 0 0 1 1 0 0 0 1 0 0 0 0 0 0 0 0 0 0 0 0 0 1 0 0 0 0 1 0 0 0 0 1 0 0 1 0 0 1 0 0 0 0 1 0 0 0 0 1 0
geno chr19.4733942 ceu  0 0 0 0 0 0 0 0 0 0 0 0 0 0 0 0 1 0 0 0 0 0 0 0 0 0 0 0 0 0 0 0 0 0 0 0 0 0 0 0 0 0 0 0 0 0 0 0 0 0 0 0 0 0 0 0 0 0 0 0 0 0 0 0 0 0 0 0 0 0 0 0 0 0 0 0 0 0
geno chr19.4733942 fin  1 0 0 0 0 0 0 0 0 0 0 0 0 0 0 0 0 0 0 0 0 0 0 0 0 0 0 1 0 0 0 0 0 0 0 0 0 0 0 0 0 0 0 0 0 0 0 0 0 0 0 0 0 0 0 0 0 0 0 0 0 0 0 0 0 0 0 0 0 0 0 0 0 0 0 0 0 0 0 0 0 0 0 0 0 0 0 0 0
geno chr19.4733942 gbr  0 0 0 0 0 0 0 0 0 0 0 0 0 0 0 0 0 0 0 0 0 0 0 0 0 0 0 0 0 1 0 0 0 0 0 0 0 0 0 0 1 0 0 0 0 0 0 0 0 0 0 0 0 0 0 0 0 0 0 0 0 0 0 0 0 0 0 0 1 0 0 0 0 0 0 0 0 0 0 0 0 0 0 0
geno chr19.4733942 tsi  0 0 0 0 0 0 0 0 0 0 0 0 0 0 0 0 0 0 0 0 0 0 1 0 0 0 0 0 0 0 0 0 0 0 0 0 0 0 0 0 0 0 0 0 0 0 0 0 0 0 0 0 0 0 0 0 0 0 0 0 0 0 0 0 0 0 0 0 0 0 0 0 0 0 0 0 0 0 0 0 0 0 0 0 0 0 0 0 0 0 0 0
geno chr19.4733942 yri  0 0 0 1 1 0 0 0 1 0 1 0 0 0 1 0 1 0 0 1 0 0 2 0 0 2 0 0 0 0 1 1 0 0 0 1 0 0 0 0 0 0 0 0 0 0 0 0 0 1 0 0 0 0 1 0 0 0 0 1 0 0 1 0 0 1 0 0 0 0 1 0 0 0 0 1 0
geno chr19.4734301 ceu  0 2 1 0 1 1 1 2 1 1 2 2 1 1 0 2 2 1 0 2 0 0 0 0 2 0 0 1 1 0 1 1 0 0 2 2 2 0 2 1 0 0 0 0 1 2 1 0 2 2 0 0 1 0 1 1 0 2 0 1 2 0 0 1 1 1 2 0 1 1 1 1 2 0 1 0 0 2
geno chr19.4734301 fin  1 1 0 2 0 0 2 2 2 0 1 2 1 2 0 1 1 0 0 1 2 0 0 2 2 2 2 1 0 1 1 1 0 1 0 0 1 2 2 0 1 0 2 1 2 1 2 2 1 0 1 2 0 2 1 0 2 1 2 1 1 0 0 1 1 2 1 0 2 0 1 1 2 2 0 2 2 2 1 0 1 2 1 2 1 2 1 1 0
geno chr19.4734301 gbr  0 0 1 0 1 1 1 0 0 0 1 2 0 0 1 1 2 1 2 0 1 0 1 2 1 1 2 1 1 2 1 1 0 1 0 0 1 0 1 0 2 0 0 1 1 1 0 0 1 1 1 0 1 0 2 1 1 0 0 0 1 1 0 0 2 1 2 2 1 1 1 1 2 1 2 2 1 0 1 1 0 1 1 0
geno chr19.4734301 tsi  1 1 1 2 1 0 1 0 1 0 2 1 1 1 1 0 0 1 2 1 0 2 2 2 0 0 1 2 2 0 1 1 0 1 1 0 0 0 2 0 0 2 0 1 1 1 1 2 0 1 1 2 0 1 1 1 0 1 1 0 0 1 0 1 1 1 1 0 1 1 0 0 0 1 0 1 1 0 0 0 0 1 1 1 1 2 1 1 0 0 0 0
geno chr19.4734301 yri  1 1 1 2 2 2 1 1 2 1 2 2 1 2 2 1 1 2 2 2 2 2 2 2 2 2 2 2 2 1 2 2 1 2 2 2 1 2 2 2 0 1 1 2 2 1 2 1 1 2 0 0 1 2 2 2 2 2 2 2 0 0 2 2 0 2 2 0 2 1 1 2 1 2 0 2 2
geno chr19.4734941 ceu  0 2 1 0 1 1 1 2 1 1 2 2 1 1 0 2 2 1 0 2 0 0 0 0 2 0 0 1 1 0 1 1 0 0 2 2 2 0 2 1 0 0 0 0 1 2 1 0 2 2 0 0 1 0 1 1 0 2 0 1 2 0 0 1 1 1 2 0 1 1 1 1 2 0 1 0 0 2
geno chr19.4734941 fin  1 1 0 2 0 0 2 2 2 0 1 2 1 2 0 1 1 0 0 1 2 0 0 2 2 2 2 1 0 1 1 1 0 1 0 0 1 2 2 0 1 0 2 1 2 1 2 2 1 0 1 2 0 2 1 0 2 1 2 1 1 0 0 1 1 2 1 0 2 0 1 1 2 2 0 2 2 2 1 0 1 2 1 2 1 2 1 1 0
geno chr19.4734941 gbr  0 0 1 0 1 1 1 0 0 0 1 2 0 0 1 1 2 1 2 0 1 0 1 2 1 1 2 1 1 2 1 1 0 1 0 0 1 0 1 0 2 0 0 1 1 1 0 0 1 1 1 0 1 0 2 1 1 0 0 0 1 1 0 0 2 1 2 2 1 1 1 1 2 1 2 2 1 0 1 1 0 1 1 0
geno chr19.4734941 tsi  1 1 1 2 1 0 1 0 1 0 2 1 1 1 1 0 0 1 2 1 0 2 2 2 0 0 1 2 2 0 1 1 0 1 1 0 0 0 2 0 0 2 0 1 1 1 1 2 0 1 1 2 0 1 1 1 0 1 1 0 0 1 0 1 1 1 1 0 1 1 0 0 0 1 0 1 1 0 0 0 0 1 1 1 1 2 1 1 0 0 0 0
geno chr19.4734941 yri  1 1 1 2 2 2 1 1 2 0 2 2 1 2 2 1 1 2 2 2 2 1 2 2 2 2 2 2 2 1 2 2 1 2 2 2 1 2 2 2 0 1 1 2 2 1 2 1 1 2 0 0 1 2 2 2 2 2 2 2 0 0 2 2 0 2 2 0 2 1 1 2 1 2 0 2 2
geno chr19.4735058 ceu  0 2 1 0 1 0 0 2 1 0 0 1 1 0 0 0 0 0 0 2 0 0 0 0 0 0 0 1 1 0 0 0 0 0 1 1 1 0 0 1 0 0 0 0 0 1 1 0 1 2 0 0 1 0 0 1 0 0 0 0 1 0 0 0 0 0 1 0 0 1 0 1 0 0 1 0 0 2
geno chr19.4735058 fin  0 0 0 0 0 0 2 0 1 0 1 0 1 1 0 0 1 0 0 1 1 0 0 1 0 2 2 0 0 0 0 0 0 0 0 0 1 2 2 0 0 0 0 0 0 1 1 1 0 0 1 1 0 2 0 0 1 0 0 0 1 0 0 0 0 0 1 0 1 0 0 0 1 1 0 0 1 0 0 0 1 0 0 0 0 2 0 1 0
geno chr19.4735058 gbr  1 0 1 0 0 1 0 0 0 0 0 1 0 0 1 1 0 1 1 0 1 0 1 2 0 0 1 0 1 1 0 1 0 1 0 0 0 0 1 0 1 0 0 1 1 1 0 0 1 0 0 0 1 0 2 1 1 0 0 0 0 0 0 0 2 1 0 2 0 0 1 1 1 0 0 1 0 0 0 1 0 0 1 0
geno chr19.4735058 tsi  1 0 1 2 1 0 1 0 0 0 0 1 1 1 0 0 0 1 2 1 0 2 1 1 0 0 1 2 1 0 1 1 0 0 1 0 0 0 2 0 0 2 0 0 0 0 1 2 0 0 1 1 0 1 0 1 0 1 0 0 0 1 0 1 1 1 1 0 1 1 0 0 0 0 0 1 0 0 0 0 0 1 0 0 0 1 1 1 0 0 0 0
geno chr19.4735058 yri  1 1 0 0 1 2 0 1 1 1 0 1 1 2 0 0 0 0 2 1 2 1 0 2 0 0 1 2 2 1 0 0 1 0 1 1 1 1 2 2 0 1 1 1 0 0 1 1 0 1 0 0 0 0 0 0 2 2 2 1 0 0 0 1 0 1 2 0 1 0 0 1 0 0 0 1 2
geno chr19.4735201 ceu  0 2 1 0 1 1 1 2 1 1 2 2 1 1 0 1 2 1 0 2 0 0 0 0 2 0 0 1 1 0 1 1 0 0 2 2 2 0 2 1 0 0 0 0 1 2 1 0 2 2 0 0 1 0 1 1 0 2 0 1 2 0 0 1 1 1 2 0 1 1 1 1 2 0 1 0 0 2
geno chr19.4735201 fin  1 1 0 2 0 0 2 2 2 0 1 2 1 2 0 1 1 0 0 1 2 0 0 2 2 2 2 1 0 1 1 1 0 1 0 0 1 2 2 0 1 0 2 1 2 1 2 2 1 0 1 2 0 2 1 0 2 1 2 1 1 0 0 1 1 2 1 0 2 0 1 1 2 2 0 2 2 2 1 0 1 2 1 2 1 2 1 1 0
geno chr19.4735201 gbr  0 0 1 0 1 1 1 0 0 0 1 2 0 0 1 1 2 1 2 0 1 0 1 2 1 1 2 1 1 2 1 1 0 1 0 0 1 0 1 0 2 0 0 1 1 1 0 0 1 1 1 0 1 0 2 1 1 0 0 0 1 1 0 0 2 1 2 2 1 1 1 1 2 1 2 2 1 0 1 1 0 1 1 0
geno chr19.4735201 tsi  1 1 1 2 1 0 1 0 1 0 2 1 1 1 1 0 0 1 2 1 0 2 2 2 0 0 1 2 2 0 1 1 0 1 1 0 0 0 2 0 0 2 0 1 1 1 1 2 0 1 1 2 0 1 1 1 0 1 1 0 0 1 0 1 1 1 1 0 1 1 0 0 0 1 0 1 1 0 0 0 0 1 1 1 1 2 1 1 0 0 0 0
geno chr19.4735201 yri  1 1 1 2 2 2 1 1 2 1 2 2 1 2 2 1 1 2 2 2 2 2 2 2 2 2 2 2 2 1 2 2 1 2 2 2 1 2 2 2 0 1 1 2 2 1 2 1 1 2 0 0 1 2 2 2 2 2 2 2 0 0 2 2 0 2 2 0 2 1 1 2 1 2 0 2 2
geno chr19.4735339 ceu  0 2 1 0 1 1 1 2 1 1 2 2 1 1 0 2 2 1 0 2 0 0 0 0 2 0 0 1 1 0 1 1 0 0 2 2 2 0 2 1 0 0 0 0 1 2 1 0 2 2 0 0 1 0 1 1 0 2 0 1 2 0 0 1 1 1 2 0 1 1 1 1 2 0 1 0 0 2
geno chr19.4735339 fin  1 1 0 2 0 0 2 2 2 0 1 2 1 2 0 1 1 0 0 1 2 0 0 2 2 2 2 1 0 1 1 1 0 1 0 0 1 2 2 0 1 0 2 1 2 1 2 2 1 0 1 2 0 2 1 0 2 1 2 1 1 0 0 1 1 2 1 0 2 0 1 1 2 2 0 2 2 2 1 0 1 2 1 2 1 2 1 1 0
geno chr19.4735339 gbr  0 0 1 0 1 1 1 0 0 0 1 2 0 0 1 1 2 1 2 0 1 0 1 2 1 1 2 1 1 2 1 1 0 1 0 0 1 0 1 0 2 0 0 1 1 1 0 0 1 1 1 0 1 0 2 1 1 0 0 0 1 1 0 0 2 1 2 2 1 1 1 1 2 1 2 2 1 0 1 1 0 1 1 0
geno chr19.4735339 tsi  1 1 0 2 1 0 1 0 1 0 2 1 1 1 1 0 0 1 2 1 0 1 2 2 0 0 1 2 2 0 1 1 0 1 1 0 0 0 2 0 0 1 0 1 1 1 1 2 0 1 1 2 0 1 1 0 0 1 1 0 0 1 0 1 1 1 1 0 1 1 0 0 0 1 0 1 1 0 0 0 0 1 1 1 1 2 1 1 0 0 0 0
geno chr19.4735339 yri  1 1 1 2 2 2 1 1 2 1 2 2 1 2 2 1 1 2 2 2 2 2 2 2 2 2 2 2 2 1 2 2 1 1 2 2 1 2 2 2 0 1 1 1 0 1 2 1 1 2 0 0 1 2 2 2 2 2 2 2 0 0 2 2 0 2 2 0 2 1 1 2 0 2 0 2 2
geno chr19.4735521 ceu  0 2 1 0 1 1 1 2 1 1 2 2 1 1 0 2 1 1 0 2 0 0 0 0 2 0 0 1 1 0 1 1 0 0 2 2 2 0 2 1 0 0 0 0 1 2 1 0 2 2 0 0 1 0 1 1 0 2 0 1 2 0 0 1 1 1 2 0 1 1 1 1 2 0 1 0 0 2
geno chr19.4735521 fin  0 1 0 2 0 0 2 2 2 0 1 2 1 2 0 1 1 0 0 1 2 0 0 2 2 2 2 0 0 1 1 1 0 1 0 0 1 2 2 0 1 0 2 1 2 1 2 2 1 0 1 2 0 2 1 0 2 1 2 1 1 0 0 1 1 2 1 0 2 0 1 1 2 2 0 2 2 2 1 0 1 2 1 2 1 2 1 1 0
geno chr19.4735521 gbr  0 0 1 0 1 1 1 0 0 0 1 2 0 0 1 1 2 1 2 0 1 0 1 2 1 1 2 1 1 1 1 1 0 1 0 0 1 0 1 0 1 0 0 1 1 1 0 0 1 1 1 0 1 0 2 1 1 0 0 0 1 1 0 0 2 1 2 2 0 1 1 1 2 1 2 2 1 0 1 1 0 1 1 0
geno chr19.4735521 tsi  1 1 1 2 1 0 1 0 1 0 2 1 1 1 1 0 0 1 1 0 0 2 0 2 0 0 1 2 2 0 1 1 0 1 1 0 0 0 2 0 0 2 0 1 1 1 1 2 0 1 1 2 0 1 1 1 0 1 1 0 0 1 0 1 1 1 1 0 1 1 0 0 0 1 0 1 1 0 0 0 0 1 1 1 1 2 1 1 0 0 0 0
geno chr19.4735521 yri  1 1 1 1 1 2 0 1 1 1 0 1 1 2 1 1 0 2 2 1 2 2 0 2 2 0 2 2 2 1 1 1 1 2 2 1 1 1 2 2 0 1 1 1 1 0 1 1 0 1 0 0 1 1 0 0 2 2 2 1 0 0 1 2 0 1 2 0 1 0 0 2 0 1 0 1 2
geno chr19.4735663 ceu  0 1 1 0 1 1 1 2 0 1 2 2 1 1 0 2 1 1 0 1 0 0 0 0 2 0 0 1 1 0 1 1 0 0 2 2 2 0 2 0 0 0 0 0 1 1 0 0 1 2 0 0 1 0 1 1 0 2 0 1 1 0 0 1 1 1 1 0 1 0 1 1 2 0 0 0 0 0
geno chr19.4735663 fin  0 1 0 2 0 0 0 2 1 0 1 2 0 1 0 1 0 0 0 1 2 0 0 1 2 2 0 0 0 1 1 1 0 1 0 0 0 2 2 0 1 0 2 1 2 1 1 1 1 0 1 2 0 1 1 0 1 1 2 1 1 0 0 1 1 2 1 0 1 0 1 1 2 1 0 2 1 2 1 0 0 2 1 2 1 2 1 1 0
geno chr19.4735663 gbr  0 0 0 0 1 0 1 0 0 0 1 1 0 0 0 1 2 1 2 0 0 0 1 1 1 1 2 1 0 0 1 1 0 1 0 0 1 0 0 0 1 0 0 0 0 1 0 0 0 1 1 0 1 0 2 0 0 0 0 0 1 1 0 0 1 1 2 1 0 1 0 1 1 1 2 2 1 0 1 1 0 1 1 0
geno chr19.4735663 tsi  1 1 1 0 0 0 1 0 1 0 2 1 1 1 1 0 0 1 0 0 0 2 0 1 0 0 0 2 2 0 0 1 0 1 0 0 0 0 0 0 0 2 0 1 1 1 0 0 0 1 1 2 0 0 1 1 0 0 1 0 0 0 0 0 1 1 1 0 0 0 0 0 0 1 0 1 1 0 0 0 0 1 1 1 1 1 1 1 0 0 0 0
geno chr19.4735663 yri  1 1 1 1 1 2 0 1 1 1 0 0 1 2 1 1 0 2 2 1 2 2 0 2 2 0 2 0 2 1 1 1 1 1 2 1 1 1 2 2 0 1 1 1 0 0 1 1 0 1 0 0 1 1 0 0 1 2 2 0 0 0 0 2 0 1 2 0 1 0 0 2 0 1 0 1 2
geno chr19.4735898 ceu  0 0 0 0 0 1 1 0 0 1 2 1 0 1 0 2 1 1 0 0 0 0 0 0 2 0 0 0 0 0 1 1 0 0 1 1 1 0 2 0 0 0 0 0 1 1 0 0 1 0 0 0 0 0 1 0 0 2 0 1 1 0 0 1 1 1 1 0 1 0 1 0 2 0 0 0 0 0
geno chr19.4735898 fin  0 1 0 2 0 0 0 2 1 0 0 2 0 1 0 1 0 0 0 0 1 0 0 1 2 0 0 0 0 1 1 1 0 1 0 0 0 0 0 0 1 0 2 1 2 0 1 1 1 0 0 1 0 0 1 0 1 1 2 1 0 0 0 1 1 1 0 0 1 0 1 1 1 1 0 2 1 2 1 0 0 2 1 2 1 0 1 0 0
geno chr19.4735898 gbr  0 0 0 0 1 0 1 0 0 0 1 1 0 0 0 0 2 0 1 0 0 0 0 0 1 1 1 1 0 0 1 0 0 0 0 0 1 0 0 0 0 0 0 0 0 0 0 0 0 1 1 0 0 0 0 0 0 0 0 0 1 1 0 0 0 0 2 0 0 1 0 0 1 1 1 1 1 0 1 0 0 1 0 0
geno chr19.4735898 tsi  0 1 0 0 0 0 0 0 1 0 2 0 0 0 1 0 0 0 0 0 0 0 0 1 0 0 0 0 1 0 0 0 0 1 0 0 0 0 0 0 0 0 0 1 1 1 0 0 0 1 0 1 0 0 1 0 0 0 1 0 0 0 0 0 0 0 0 0 0 0 0 0 0 1 0 0 1 0 0 0 0 0 1 1 1 1 0 0 0 0 0 0
geno chr19.4735898 yri  0 0 1 1 0 0 0 0 0 0 0 0 0 0 1 1 0 1 0 0 0 1 0 0 2 0 1 0 0 0 0 0 0 1 1 0 0 0 0 0 0 0 0 0 0 0 0 0 0 0 0 0 1 1 0 0 0 0 0 0 0 0 0 1 0 0 0 0 0 0 0 0 0 1 0 0 0
geno chr19.4736128 ceu  0 1 1 0 1 1 1 1 0 1 2 1 1 1 1 1 1 1 0 1 0 0 0 0 1 0 0 0 1 0 1 1 0 0 2 2 2 0 2 0 0 0 0 0 0 1 0 0 1 2 0 0 1 0 1 1 0 1 0 0 1 0 0 0 1 1 1 0 1 0 1 1 1 0 0 0 0 0
geno chr19.4736128 fin  0 1 0 2 0 0 0 2 1 0 1 2 0 1 0 1 0 0 0 0 2 0 0 1 2 1 0 0 0 1 1 1 0 1 0 0 0 1 2 0 1 0 2 1 2 1 1 1 1 0 1 2 0 1 1 0 1 1 2 1 1 0 0 1 1 1 1 0 1 0 1 1 2 1 0 0 1 1 1 0 0 2 1 2 1 2 1 1 0
geno chr19.4736128 gbr  0 0 0 0 1 0 1 0 0 0 1 1 0 0 0 1 1 1 2 0 0 0 1 1 1 1 1 1 0 0 1 1 0 1 0 0 1 0 0 0 1 0 0 0 0 1 0 0 0 1 1 0 1 0 2 0 0 0 0 0 1 1 0 0 1 1 1 1 0 0 0 1 1 1 1 2 1 0 1 1 0 1 1 0
geno chr19.4736128 tsi  1 1 1 0 0 0 1 0 1 0 2 1 1 1 1 0 0 1 0 0 0 1 0 1 0 0 0 1 1 0 0 1 0 1 0 0 0 0 0 0 0 1 0 1 1 0 0 0 0 1 1 2 0 0 1 1 0 0 1 0 0 0 0 0 1 1 1 0 0 0 0 0 0 1 0 1 1 0 0 0 0 1 1 1 1 1 1 1 0 0 0 0
geno chr19.4736128 yri  1 1 1 1 1 2 0 1 1 0 0 0 1 1 0 1 0 1 2 1 2 1 0 0 2 0 2 0 2 1 1 1 1 1 1 1 1 1 1 1 0 1 1 0 0 0 0 1 0 1 0 0 1 0 0 0 1 0 2 0 0 0 0 2 0 1 1 0 0 0 0 1 0 1 0 1 1
geno chr19.4736668 ceu  0 0 0 0 0 1 1 0 0 1 2 1 0 1 0 2 1 1 0 0 0 0 0 0 2 0 0 0 0 0 1 1 0 0 1 1 1 0 2 0 0 0 0 0 1 1 0 0 1 0 0 0 0 0 1 0 0 2 0 1 1 0 0 1 1 1 1 0 1 0 1 0 2 0 0 0 0 0
geno chr19.4736668 fin  0 1 0 2 0 0 0 2 1 0 0 2 0 1 0 1 0 0 0 0 1 0 0 1 2 0 0 0 0 1 1 1 0 1 0 0 0 0 0 0 1 0 2 1 2 0 1 1 1 0 0 1 0 0 1 0 1 1 2 1 0 0 0 1 1 1 0 0 1 0 1 1 1 1 0 2 1 2 1 0 0 2 1 2 1 0 1 0 0
geno chr19.4736668 gbr  0 0 0 0 1 0 1 0 0 0 1 1 0 0 1 0 2 0 1 0 0 0 0 0 1 1 1 1 0 0 1 0 0 0 0 0 1 0 0 0 0 0 0 0 0 0 0 0 0 1 1 0 0 0 0 0 0 0 0 0 1 1 0 0 0 0 2 0 0 1 0 0 1 1 1 1 1 0 1 0 0 1 0 0
geno chr19.4736668 tsi  0 1 0 0 0 0 0 0 1 0 2 0 0 0 1 0 0 0 0 0 0 0 0 1 0 0 0 0 1 0 0 0 0 1 0 0 0 0 0 0 0 0 0 1 1 1 0 0 0 1 0 1 0 0 1 0 0 0 1 0 0 0 0 0 0 0 0 0 0 0 0 0 0 1 0 0 1 0 0 0 0 0 1 1 1 1 0 0 0 0 0 0
geno chr19.4736668 yri  0 0 1 1 0 0 0 0 0 0 0 0 0 0 1 1 0 1 0 0 0 1 0 0 1 0 1 0 0 0 0 0 0 2 1 0 0 0 0 0 0 0 0 1 1 0 0 0 0 0 0 0 1 1 0 0 0 0 0 0 0 0 0 1 0 0 0 0 0 0 0 0 0 1 0 0 0
geno chr19.4736747 ceu  1 0 0 0 1 1 0 0 1 0 0 0 0 0 0 0 1 0 1 0 0 1 0 0 0 1 0 0 1 1 1 0 0 1 0 0 0 1 0 0 0 1 1 1 0 0 0 0 0 0 0 0 0 1 0 0 1 0 0 0 0 1 1 0 0 0 0 2 0 1 0 0 0 0 0 1 1 0
geno chr19.4736747 fin  2 0 0 0 0 0 0 0 0 1 1 0 0 0 0 0 1 0 1 0 0 0 1 0 0 0 0 1 0 0 0 0 1 0 0 1 1 0 0 0 1 1 0 0 0 0 0 0 1 1 0 0 0 0 0 1 0 0 0 0 0 1 0 1 0 0 0 1 0 0 0 0 0 0 1 0 0 0 1 1 1 0 0 0 1 0 0 0 0
geno chr19.4736747 gbr  0 1 1 0 0 0 0 0 0 0 0 0 0 0 1 0 0 1 0 0 1 0 0 0 1 0 0 0 0 1 0 0 1 1 0 1 1 1 0 0 1 1 1 0 0 1 0 1 0 0 1 2 0 1 0 0 0 0 1 0 0 0 0 0 0 0 0 0 1 0 1 0 0 0 0 0 0 2 0 0 1 0 0 2
geno chr19.4736747 tsi  0 0 0 0 0 2 1 0 1 1 0 0 0 1 0 1 0 0 0 0 2 0 1 0 0 0 1 0 0 0 1 0 1 1 0 0 0 0 0 0 0 0 2 0 1 0 1 0 0 0 1 0 1 1 0 0 0 1 0 0 1 0 1 0 0 0 0 0 1 1 1 0 1 0 2 0 1 2 1 0 0 1 1 0 1 0 0 1 0 1 1 1
geno chr19.4736747 yri  0 0 0 1 1 0 1 0 1 0 1 1 0 0 1 0 1 0 0 1 0 0 2 0 0 2 0 0 0 0 1 1 0 0 0 1 0 0 0 0 0 0 0 0 0 0 1 0 0 1 0 0 0 1 2 1 0 0 0 1 1 0 1 0 0 1 0 1 1 1 1 0 0 1 0 1 0
geno chr19.4737053 ceu  0 1 1 0 1 1 1 0 0 1 2 2 1 1 0 2 1 1 0 1 0 0 0 0 2 0 0 1 1 0 1 1 0 0 2 2 2 0 2 0 0 0 0 0 1 1 0 0 1 2 0 0 1 0 1 1 0 2 0 1 1 0 0 1 1 1 1 0 1 0 1 1 2 0 0 0 0 0
geno chr19.4737053 fin  0 1 0 2 0 0 0 2 1 0 1 2 0 1 0 1 0 0 0 1 2 0 0 1 2 2 0 0 0 1 1 1 0 1 0 0 0 2 2 0 1 0 2 1 2 1 1 1 1 0 1 2 0 1 1 0 1 1 2 1 1 0 0 1 1 2 1 0 1 0 1 1 2 1 0 2 1 2 1 0 0 2 1 2 1 2 1 1 0
geno chr19.4737053 gbr  0 0 0 0 1 0 1 0 0 0 1 1 0 0 1 1 2 1 2 0 0 0 1 1 1 1 2 1 0 0 1 1 0 1 0 0 1 0 0 0 1 0 0 0 0 1 0 0 0 1 1 0 1 0 2 0 0 0 0 0 1 1 0 0 1 1 2 1 0 1 0 1 1 1 2 2 1 0 1 1 0 1 1 0
geno chr19.4737053 tsi  1 1 1 0 0 0 1 0 1 0 2 1 1 1 1 0 0 1 0 0 0 2 0 1 0 0 0 1 2 0 0 1 0 1 0 0 0 0 0 0 0 2 0 1 1 1 0 0 0 1 1 2 0 0 1 1 0 0 1 0 0 0 0 0 1 1 0 0 0 0 0 0 0 1 0 1 1 0 0 0 0 1 1 1 1 1 1 1 0 0 0 0
geno chr19.4737053 yri  1 1 1 1 1 2 0 1 1 1 0 0 1 2 1 1 0 2 2 1 2 2 0 2 2 0 2 0 2 1 1 1 1 2 2 1 1 1 2 2 0 1 1 2 1 1 1 1 0 1 0 0 1 1 0 0 1 2 2 0 0 0 0 2 0 1 2 0 1 0 0 2 1 1 0 1 2
geno chr19.4737388 ceu  0 1 0 1 1 1 0 0 1 0 1 0 0 0 0 1 1 1 0 1 1 0 0 0 2 0 0 0 0 0 1 1 0 0 1 1 2 0 2 1 0 0 0 0 0 1 1 0 2 0 0 0 1 0 1 0 0 2 0 0 2 0 0 0 0 1 2 0 0 1 0 1 0 1 1 0 0 2
geno chr19.4737388 fin  0 1 0 2 0 0 1 1 1 0 1 1 1 2 0 0 1 0 0 0 2 0 0 1 2 1 1 0 0 0 1 1 0 1 0 0 1 0 2 0 0 0 1 0 1 0 2 1 0 0 1 1 0 1 1 0 0 0 2 0 0 0 0 1 0 0 1 0 2 0 1 0 1 2 0 1 2 2 1 0 1 2 0 2 1 1 0 1 0
geno chr19.4737388 gbr  1 0 1 0 1 1 0 0 0 0 1 2 0 0 0 0 1 1 1 0 1 0 1 1 1 1 0 1 1 1 1 0 0 1 0 0 1 0 1 0 1 0 0 1 1 0 0 0 1 1 1 0 0 0 0 1 1 0 0 0 0 1 0 0 1 0 2 1 0 0 1 0 2 1 1 1 0 0 1 0 0 1 0 0
geno chr19.4737388 tsi  0 1 0 2 1 0 0 0 0 0 2 1 0 1 0 0 0 1 1 0 0 0 0 2 0 0 1 1 0 0 1 0 0 1 1 0 0 0 1 0 0 1 0 0 1 0 1 2 0 0 0 1 0 1 1 0 0 1 0 0 0 1 0 1 0 0 0 0 1 1 0 0 0 1 0 0 0 0 0 0 0 0 1 1 1 1 0 0 0 0 0 0
geno chr19.4737388 yri  0 0 1 1 0 0 0 0 0 1 0 1 0 1 1 0 1 1 0 0 0 1 0 0 1 0 1 2 0 1 0 0 0 1 1 0 1 0 0 1 0 0 0 0 1 0 0 2 0 0 0 1 1 1 0 0 2 0 0 0 0 0 1 1 0 0 0 0 0 1 1 1 1 1 0 0 0
geno chr19.4737400 ceu  0 0 0 0 1 1 1 0 0 0 1 0 0 0 0 1 1 1 0 0 0 0 0 0 2 0 0 0 0 0 1 1 0 0 1 1 2 0 2 0 0 0 0 0 0 0 0 0 1 0 0 0 1 0 1 0 0 2 0 0 1 0 0 0 1 1 1 0 0 0 0 0 0 0 0 0 0 0
geno chr19.4737400 fin  0 1 0 2 0 0 0 1 1 0 0 2 0 1 0 0 1 0 0 0 2 0 0 1 2 1 0 0 0 0 1 1 0 1 0 0 0 1 2 0 0 0 1 1 2 0 1 1 1 0 1 1 0 0 1 0 0 1 2 0 0 0 0 1 0 0 1 0 1 0 1 0 1 1 0 1 1 2 1 0 0 2 1 2 1 1 1 1 0
geno chr19.4737400 gbr  0 0 0 0 1 0 1 0 0 0 1 1 0 0 0 0 1 1 1 0 0 0 1 1 1 1 1 1 0 0 1 0 0 1 0 0 0 0 0 0 1 0 0 0 0 0 1 0 0 1 1 0 0 0 0 0 0 0 0 0 1 1 0 0 0 0 2 0 0 0 0 0 0 1 1 1 0 0 1 0 0 1 0 0
geno chr19.4737400 tsi  0 1 0 0 0 0 0 0 1 0 2 1 0 1 1 0 0 1 0 0 0 0 0 1 0 0 0 1 1 0 0 0 0 1 0 0 0 0 0 0 0 1 0 0 1 1 0 0 0 0 0 1 0 0 1 0 0 0 1 0 0 0 0 0 1 0 0 0 0 0 0 0 0 1 0 0 0 0 0 0 0 1 1 1 0 0 0 0 0 0 0 0
geno chr19.4737400 yri  0 0 0 1 0 0 0 0 0 0 0 0 0 1 2 1 1 1 0 0 0 1 0 0 1 1 1 0 0 0 1 0 0 2 1 1 1 0 0 1 0 0 0 0 1 0 0 1 0 0 0 0 1 1 0 0 0 0 0 1 0 0 0 1 0 0 0 0 0 0 0 1 0 0 0 1 0
geno chr19.4737526 ceu  0 2 0 0 1 0 0 0 0 0 0 2 0 0 0 0 2 1 0 1 1 0 0 0 2 0 0 1 2 0 0 0 0 0 1 0 1 0 1 0 0 0 0 0 0 2 0 0 1 2 0 0 0 0 1 1 0 1 0 1 2 0 0 1 1 0 0 0 1 0 0 1 2 0 0 0 0 1
geno chr19.4737526 fin  1 0 0 2 0 0 0 1 0 0 1 0 0 0 0 0 1 0 0 1 1 0 0 0 1 1 0 1 0 1 1 0 0 0 0 0 1 1 1 0 1 0 2 0 1 1 1 1 1 0 1 2 0 2 1 0 1 0 1 1 0 0 0 1 1 2 1 0 2 0 0 0 2 2 0 2 1 1 1 0 1 2 0 0 0 1 1 1 0
geno chr19.4737526 gbr  0 0 0 0 1 1 1 0 0 0 1 2 0 0 0 1 0 1 2 0 0 0 1 2 0 1 1 1 0 2 1 0 0 1 0 0 1 0 0 0 2 0 0 1 0 0 0 0 0 0 1 0 1 0 2 0 1 0 0 0 1 1 0 0 1 0 1 1 0 0 1 0 2 1 1 1 1 0 1 1 0 1 1 0
geno chr19.4737526 tsi  0 2 1 1 1 0 1 0 1 0 2 0 1 1 0 0 0 1 2 1 0 2 2 2 1 0 1 1 2 0 1 1 0 1 0 0 0 0 1 0 0 2 0 2 0 0 1 1 0 1 1 2 0 1 1 1 0 0 0 0 0 1 1 1 0 0 0 0 0 0 0 0 0 0 0 1 1 1 0 0 0 1 1 0 1 2 1 1 0 0 0 0
geno chr19.4737526 yri  0 0 1 1 2 1 0 0 2 2 2 2 0 2 2 1 1 2 1 2 0 2 2 1 1 1 1 2 2 0 1 2 0 2 1 1 1 2 1 1 0 0 1 1 2 1 2 1 1 1 0 0 1 2 1 2 2 0 2 2 0 0 1 1 0 1 1 0 1 1 1 2 1 2 0 1 1
geno chr19.4737528 ceu  0 1 0 0 1 1 1 0 1 0 2 2 0 1 0 0 2 1 0 1 1 0 0 0 2 0 0 1 1 0 1 1 0 1 1 1 2 0 2 1 0 0 0 0 1 2 1 0 2 1 0 0 0 0 1 1 0 1 0 1 2 0 0 1 1 0 2 0 1 1 1 1 2 0 1 0 0 2
geno chr19.4737528 fin  1 1 0 2 0 0 1 2 2 0 1 2 1 2 0 1 1 0 0 1 1 0 0 2 2 1 1 1 0 1 1 1 0 1 0 0 1 1 2 0 1 0 2 1 2 1 1 2 1 0 1 2 0 2 1 0 1 1 2 1 0 0 0 1 1 2 1 0 2 0 1 1 2 2 0 2 2 2 1 0 1 2 1 2 1 1 1 1 0
geno chr19.4737528 gbr  0 0 1 0 1 1 1 0 0 0 1 2 0 0 1 1 2 1 1 0 1 0 1 2 1 1 2 1 0 2 1 0 0 1 0 0 1 0 1 0 2 0 0 1 1 0 0 0 1 0 1 0 1 0 2 1 1 0 0 0 1 1 0 0 2 0 2 2 1 1 1 1 2 1 1 2 0 0 1 1 0 1 0 0
geno chr19.4737528 tsi  0 2 0 2 1 0 0 0 1 0 2 0 1 1 1 0 0 1 2 1 0 1 2 2 1 0 1 1 2 0 1 1 0 1 1 0 0 0 1 0 0 1 0 1 1 1 1 2 0 1 1 2 0 1 1 0 0 1 1 0 0 1 1 1 0 0 0 0 1 1 0 0 0 1 0 1 1 0 0 0 0 1 1 1 1 2 1 1 0 0 0 0
geno chr19.4737528 yri  0 0 1 1 2 1 0 0 2 2 1 2 0 1 1 1 0 2 1 1 0 2 2 0 1 1 2 2 2 0 1 2 0 2 1 1 1 2 0 1 0 0 1 1 1 1 1 1 1 1 0 0 0 2 1 2 2 0 1 2 0 0 1 1 0 1 0 1 0 1 1 2 1 2 0 1 1
geno chr19.4737593 ceu  0 0 0 0 0 0 0 0 0 0 0 0 0 0 0 0 0 0 0 1 0 0 0 0 0 0 0 1 1 0 0 0 0 0 0 0 0 0 0 0 0 0 0 0 0 0 0 0 0 2 0 0 0 0 0 0 0 0 0 0 0 0 0 0 0 0 0 0 0 0 0 1 0 0 0 0 0 0
geno chr19.4737593 fin  0 0 0 0 0 0 0 0 0 0 1 0 0 0 0 0 0 0 0 0 0 0 0 0 0 0 0 0 0 0 0 0 0 0 0 0 0 0 0 0 0 0 0 0 0 0 0 0 0 0 0 0 0 0 0 0 0 0 0 0 0 0 0 0 0 0 0 0 0 0 0 0 0 0 0 0 0 0 0 0 0 0 0 0 0 0 0 0 0
geno chr19.4737593 gbr  0 0 0 0 0 0 0 0 0 0 0 0 0 0 0 0 0 0 0 0 0 0 0 0 0 0 0 0 0 0 0 0 0 0 0 0 0 0 0 0 0 0 0 0 0 0 0 0 0 0 0 0 1 0 2 0 0 0 0 0 0 0 0 0 0 0 0 0 0 0 0 0 0 0 0 1 0 0 0 0 0 0 1 0
geno chr19.4737593 tsi  0 0 1 0 0 0 0 0 0 0 0 0 1 0 0 0 0 0 0 0 0 2 0 0 0 0 0 0 0 0 0 0 0 0 0 0 0 0 0 0 0 1 0 0 0 0 0 0 0 0 1 0 0 0 0 1 0 0 0 0 0 0 0 0 0 0 0 0 0 0 0 0 0 0 0 0 0 0 0 0 0 0 0 0 0 0 0 1 0 0 0 0
geno chr19.4737593 yri  0 1 0 0 0 1 0 0 1 0 0 0 0 1 0 0 0 1 1 1 0 0 0 0 0 0 0 0 1 0 0 1 0 0 0 0 0 1 0 0 0 0 1 0 0 0 0 1 0 0 0 0 0 0 0 0 1 0 1 0 0 0 0 0 0 0 0 0 0 0 0 1 0 0 0 0 1
geno chr19.4737689 ceu  0 0 0 0 0 1 1 0 0 0 2 1 0 1 1 1 1 1 0 0 0 0 0 0 2 1 0 0 0 0 1 1 0 0 0 1 1 0 2 0 0 0 0 0 2 1 0 0 1 0 0 1 0 0 1 0 0 2 0 1 1 0 0 1 1 0 1 0 1 0 1 0 2 0 0 0 0 0
geno chr19.4737689 fin  0 1 0 2 0 0 0 2 1 0 0 2 0 1 0 1 0 0 0 0 2 0 0 1 2 0 0 0 0 1 1 1 1 1 0 0 0 0 0 0 1 0 2 1 2 0 1 1 1 0 0 1 0 0 1 0 1 1 2 1 0 0 0 1 1 1 0 0 1 0 1 1 1 1 0 1 1 1 1 0 0 2 1 1 1 0 1 0 0
geno chr19.4737689 gbr  0 0 0 0 1 0 1 0 0 0 1 1 0 0 1 0 2 0 1 0 0 0 0 0 1 1 1 1 0 0 1 0 0 0 0 0 1 0 0 0 0 0 0 0 0 0 1 0 0 0 1 0 1 0 0 0 0 0 0 0 1 1 1 0 0 0 2 0 0 1 0 0 1 1 1 1 0 0 1 0 0 1 0 0
geno chr19.4737689 tsi  0 1 0 0 0 0 0 0 1 0 2 0 0 0 1 0 0 0 0 1 0 0 0 1 0 1 0 0 1 0 0 0 0 1 1 0 0 0 0 0 0 0 0 1 1 1 0 0 0 1 0 1 0 0 1 0 0 0 1 0 0 0 0 0 0 0 0 0 0 0 0 0 0 1 0 0 1 0 0 0 1 0 1 1 1 1 0 0 0 0 0 0
geno chr19.4737689 yri  0 0 1 1 0 0 0 0 0 0 0 0 0 0 1 1 0 1 0 0 1 0 0 0 1 0 1 0 0 0 0 0 0 1 0 0 0 0 0 0 0 0 0 1 0 0 0 0 0 0 0 0 1 1 0 0 0 0 1 0 0 0 0 1 0 0 0 0 0 0 0 0 1 1 0 0 0
geno chr19.4738032 ceu  0 1 0 0 0 0 0 0 1 0 0 0 0 0 0 0 0 0 0 1 0 0 0 0 0 0 0 0 0 0 0 0 0 0 0 0 0 0 0 1 0 0 0 0 0 1 1 0 0 0 0 0 0 0 0 0 0 0 0 0 0 0 0 0 0 0 1 0 0 1 0 0 0 0 1 0 0 2
geno chr19.4738032 fin  0 0 0 0 0 0 2 0 1 0 0 0 0 0 0 0 1 0 0 0 0 0 0 1 0 0 1 0 0 0 0 0 0 0 0 0 1 0 0 0 0 0 0 0 0 0 0 1 0 0 0 0 0 0 0 0 0 0 0 0 0 0 0 0 0 0 0 0 1 0 0 0 0 1 0 0 1 0 0 0 0 0 0 0 0 0 0 0 0
geno chr19.4738032 gbr  0 0 1 0 0 0 0 0 0 0 0 1 0 0 0 0 0 0 0 0 1 0 0 0 0 0 0 0 0 1 0 0 0 0 0 0 0 0 1 0 0 0 0 1 1 0 0 0 1 0 0 0 0 0 0 1 1 0 0 0 0 0 0 0 2 0 0 1 0 0 1 0 1 0 0 0 0 0 0 0 0 0 0 0
geno chr19.4738032 tsi  0 0 0 1 1 0 0 0 0 0 0 0 0 0 0 0 0 0 1 1 0 0 0 0 0 0 1 0 0 0 1 0 0 0 1 1 0 1 1 0 0 0 0 0 0 0 1 1 0 0 1 0 0 1 0 0 1 1 0 0 0 1 0 1 0 0 0 0 1 2 0 0 0 0 0 0 0 0 0 0 0 0 0 0 0 1 0 0 0 0 0 0
geno chr19.4738032 yri  1 1 0 1 0 0 0 1 0 0 0 0 1 0 0 0 0 0 0 0 0 0 0 0 1 0 0 1 0 1 0 0 0 0 0 1 1 1 1 0 1 1 1 0 0 1 0 1 0 0 0 1 1 0 0 0 0 0 0 0 0 2 1 0 0 0 0 0 0 1 0 0 0 0 1 0 0
geno chr19.4738103 ceu  1 0 1 0 0 0 1 2 0 1 0 0 0 0 1 0 0 0 0 1 2 0 0 1 0 0 0 2 1 1 0 1 0 1 0 0 0 0 0 0 1 0 0 1 0 0 0 0 0 1 0 0 0 0 0 1 1 0 0 1 0 1 0 1 0 0 0 1 0 0 0 0 0 1 1 0 0 0
geno chr19.4738103 fin  0 0 0 0 1 0 0 0 0 0 0 0 1 0 1 0 0 1 0 0 0 1 0 0 0 0 0 0 0 0 0 0 0 0 0 0 0 0 0 1 0 0 0 0 0 0 0 0 0 0 0 0 1 0 1 0 0 0 0 1 1 1 0 0 0 1 0 0 0 0 0 0 0 0 0 0 0 0 0 0 0 0 0 0 0 0 0 0 1
geno chr19.4738103 gbr  0 2 0 1 0 0 1 1 0 2 0 0 0 0 0 0 0 0 0 1 0 0 0 0 0 0 0 1 0 0 1 1 0 0 0 0 0 0 1 2 0 0 0 0 0 1 0 0 0 0 0 0 1 0 2 1 1 0 2 1 1 0 0 0 0 0 0 0 0 0 0 0 0 1 0 1 1 0 0 0 1 0 1 0
geno chr19.4738103 tsi  0 0 1 0 0 0 0 0 0 0 0 0 1 0 1 1 0 0 0 0 0 1 0 0 0 0 0 1 0 1 0 1 1 0 0 0 1 1 0 0 1 0 0 1 0 0 0 0 1 1 1 0 0 0 1 1 0 0 0 1 0 1 1 1 1 0 2 0 0 0 1 1 1 0 0 0 0 0 0 1 0 1 0 0 0 0 0 1 2 0 0 0
geno chr19.4738103 yri  0 0 0 0 0 1 0 0 0 0 0 0 0 0 0 0 0 1 0 1 0 0 0 0 0 0 0 0 0 0 0 1 0 0 0 0 0 0 0 0 0 0 1 0 0 0 0 0 0 0 0 0 0 0 0 0 0 0 1 0 0 0 0 0 0 0 0 0 0 0 0 1 0 0 0 0 1
geno chr19.4738393 ceu  0 0 0 0 0 0 0 0 1 0 0 0 0 0 0 0 0 0 0 1 0 0 0 0 0 0 0 0 0 0 0 0 0 0 0 0 0 0 0 1 0 0 0 0 0 0 1 0 0 0 0 0 0 0 0 0 0 0 0 0 0 0 0 0 0 0 1 0 0 1 0 0 0 0 1 0 0 2
geno chr19.4738393 fin  0 0 0 0 0 0 1 0 1 0 0 0 0 0 0 0 0 0 0 0 0 0 0 0 0 0 1 0 0 0 0 0 0 0 0 0 1 0 0 0 0 0 0 0 0 0 0 1 0 0 0 0 0 0 0 0 0 0 0 0 0 0 0 0 0 0 0 0 1 0 0 0 0 0 0 0 1 0 1 0 0 0 0 0 0 0 0 0 0
geno chr19.4738393 gbr  0 0 1 0 0 0 0 0 0 0 0 1 0 0 0 0 0 0 0 0 2 0 0 0 0 0 0 0 0 0 0 0 0 0 0 0 0 0 1 0 0 0 0 0 0 0 0 0 1 0 0 0 0 0 0 1 1 0 0 0 0 0 0 0 2 0 0 1 0 0 1 0 0 0 0 0 0 0 0 0 0 0 0 0
geno chr19.4738393 tsi  0 0 0 1 0 0 0 0 0 0 0 0 0 0 0 0 0 0 0 0 0 0 0 0 0 0 1 0 0 0 1 0 0 0 0 0 0 0 0 0 0 0 0 0 0 0 1 1 0 0 0 0 0 0 0 0 0 1 0 0 0 1 0 0 0 0 0 0 0 1 0 0 0 0 0 0 0 0 0 0 0 0 0 0 0 0 0 0 0 0 0 0
geno chr19.4738393 yri  0 0 0 0 0 0 0 0 0 0 0 0 0 0 0 0 0 0 0 0 0 0 0 0 0 0 0 0 0 0 0 0 0 0 0 0 0 0 0 0 0 0 0 0 0 0 0 0 0 0 0 0 0 0 0 0 0 0 0 0 0 0 0 0 0 0 0 0 0 0 0 0 0 0 0 0 0
geno chr19.4738639 ceu  0 0 0 0 0 0 0 0 1 0 0 0 0 0 0 0 0 0 0 1 0 0 0 0 0 0 0 0 0 0 0 0 0 0 0 0 0 0 0 1 0 0 0 0 0 0 1 0 0 0 0 0 0 0 0 0 0 0 0 0 0 0 0 0 0 0 1 0 0 1 0 0 0 0 1 0 0 2
geno chr19.4738639 fin  0 0 0 0 0 0 1 0 1 0 0 0 0 0 0 0 0 0 0 0 0 0 0 1 0 0 1 0 0 0 0 0 0 0 0 0 1 0 0 0 0 0 0 0 0 0 0 1 0 0 0 0 0 0 0 0 0 0 0 0 0 0 0 0 0 0 0 0 1 0 0 0 0 0 0 0 1 0 0 0 0 0 0 0 0 0 0 0 0
geno chr19.4738639 gbr  0 0 1 0 0 0 0 0 0 0 0 1 0 0 0 0 0 0 0 0 1 0 0 0 0 0 0 0 0 0 0 0 0 0 0 0 0 0 1 0 0 0 0 0 0 0 0 0 1 0 0 0 0 0 0 1 1 0 0 0 0 0 0 0 2 0 0 1 0 0 1 0 0 0 0 0 0 0 0 0 0 0 0 0
geno chr19.4738639 tsi  0 0 0 1 0 0 0 0 0 0 0 0 0 0 0 0 0 0 0 0 0 0 0 0 0 0 1 0 0 0 1 0 0 0 0 0 0 0 0 0 0 0 0 0 0 0 1 1 0 0 0 0 0 0 0 0 0 1 0 0 0 1 0 0 0 0 0 0 0 0 0 0 0 0 0 0 0 0 0 0 0 0 0 0 0 0 0 0 0 0 0 0
geno chr19.4738639 yri  0 0 0 0 0 0 0 0 0 0 0 0 0 0 0 0 0 0 0 0 0 0 0 0 0 0 0 0 0 0 0 0 0 0 0 0 0 1 0 0 0 0 0 0 0 0 0 0 0 0 0 0 0 0 0 0 0 0 0 0 0 0 0 0 0 0 0 0 0 0 0 0 0 0 0 0 0
geno chr19.4738679 ceu  0 0 1 0 0 1 0 0 0 1 1 1 0 0 0 1 0 1 0 0 0 0 0 0 0 0 0 0 0 0 1 0 0 1 0 0 0 0 0 0 0 0 0 0 2 0 0 0 1 0 0 0 0 0 0 0 0 0 0 0 0 0 0 1 1 1 0 0 1 0 0 0 0 0 0 0 0 0
geno chr19.4738679 fin  0 1 0 0 1 0 0 0 1 0 0 0 0 1 0 0 0 0 0 0 1 0 0 0 1 0 0 0 0 1 0 1 1 0 1 0 0 0 0 0 0 1 1 0 0 1 0 1 0 0 0 1 0 0 0 0 0 0 1 1 0 0 1 1 1 1 0 0 0 0 0 0 1 1 0 0 0 0 1 0 0 2 1 0 0 0 0 0 0
geno chr19.4738679 gbr  0 0 0 1 0 0 1 0 0 0 0 0 0 0 0 0 1 0 0 0 0 0 0 0 1 0 1 0 0 0 0 0 0 0 0 0 1 0 0 0 0 0 0 0 0 0 0 0 0 2 0 0 2 0 0 0 0 0 0 0 0 0 0 0 0 2 0 0 0 0 0 0 1 0 1 2 1 1 0 2 0 0 1 0
geno chr19.4738679 tsi  1 0 0 0 0 0 0 0 1 0 0 0 1 0 0 0 1 0 0 1 0 1 0 0 0 0 0 1 0 0 0 0 1 0 0 0 1 0 0 0 0 0 0 1 0 1 0 0 0 1 0 1 0 0 0 0 0 2 0 0 0 0 0 0 0 0 0 0 1 0 0 0 0 0 0 0 1 0 0 0 0 0 0 0 1 1 0 1 0 0 0 1
geno chr19.4738679 yri  0 0 1 0 1 0 1 0 1 0 1 0 0 1 0 2 1 0 0 0 0 0 1 0 1 0 1 0 1 0 1 1 1 2 0 0 0 0 1 0 0 0 0 0 1 0 0 1 0 0 2 0 0 0 1 1 0 0 0 0 1 0 0 0 0 1 0 1 0 0 1 0 1 1 0 1 0
geno chr19.4739398 ceu  1 0 0 0 1 1 0 1 1 0 0 1 1 1 1 1 1 1 1 1 1 1 2 1 1 1 1 0 0 0 1 1 1 1 0 0 1 1 2 1 1 1 2 1 0 1 1 2 1 1 1 2 1 0 0 0 1 1 1 1 0 1 1 1 1 0 1 1 1 1 1 1 1 2 1 1 1 2
geno chr19.4739398 fin  0 1 1 1 1 1 1 0 1 1 2 0 1 1 1 0 0 1 1 1 0 2 0 1 1 0 1 1 0 0 1 0 1 0 1 0 0 1 0 1 1 1 0 1 0 0 1 0 1 1 1 1 1 0 0 2 1 0 0 0 1 0 1 0 0 1 1 0 1 0 2 0 0 0 0 0 1 1 1 1 1 1 1 1 1 0 0 0 1
geno chr19.4739398 gbr  0 1 2 1 0 1 1 2 1 0 0 1 0 0 1 1 1 1 1 0 1 1 1 1 0 2 1 0 1 1 0 0 1 1 1 2 1 2 1 1 1 1 2 0 0 2 1 0 0 0 0 1 0 0 0 2 1 1 1 0 0 1 1 1 1 0 1 2 0 1 1 1 1 0 0 0 0 0 0 0 1 1 1 2
geno chr19.4739398 tsi  1 1 1 0 1 1 0 2 1 2 1 1 0 1 1 1 1 1 1 0 1 0 0 1 2 1 1 1 0 1 2 2 1 0 0 0 0 2 1 1 1 0 0 0 1 1 1 1 2 1 1 1 1 2 1 1 1 1 1 0 2 1 2 1 1 0 1 1 1 1 2 1 1 1 1 1 1 1 1 1 1 1 1 1 1 1 1 0 1 1 1 1
geno chr19.4739398 yri  1 1 1 1 1 1 1 1 0 1 1 1 1 1 0 0 1 1 1 1 1 0 0 1 1 1 1 1 1 2 0 0 1 0 1 1 1 1 1 1 0 1 1 0 1 0 1 0 1 0 0 1 1 0 1 0 1 0 1 1 1 0 1 2 0 0 0 0 1 1 1 1 1 1 1 0 0
geno chr19.4739430 ceu  1 1 0 0 0 0 0 1 0 1 0 1 0 0 0 1 0 0 0 0 1 0 1 0 0 0 1 0 0 0 1 1 0 0 0 0 1 0 0 0 1 1 0 1 0 1 1 0 0 0 1 1 0 0 1 1 0 1 1 0 0 1 0 1 0 0 1 1 0 0 0 0 1 0 1 0 1 0
geno chr19.4739430 fin  0 0 0 1 0 0 0 1 0 0 0 0 1 0 0 0 0 1 0 1 0 1 0 0 0 0 0 0 0 0 0 0 0 0 0 0 0 1 0 1 0 0 0 1 1 1 0 0 0 0 0 1 1 0 2 0 1 0 0 1 0 0 0 0 0 0 1 0 0 0 0 1 0 1 0 0 1 0 0 0 0 1 0 1 0 0 0 1 1
geno chr19.4739430 gbr  0 0 0 0 0 0 1 1 0 0 0 1 0 0 1 1 0 0 1 0 0 0 0 1 0 0 1 0 0 0 0 0 0 1 0 0 0 0 0 0 1 0 0 0 0 0 1 1 0 0 0 0 0 1 1 0 1 0 1 0 1 0 0 0 0 0 0 1 0 0 0 0 0 0 0 0 0 0 0 0 1 0 0 0
geno chr19.4739430 tsi  0 0 1 0 0 0 0 1 1 0 1 1 1 0 1 0 0 1 1 0 0 1 0 0 0 0 0 0 0 1 0 0 0 0 1 0 0 0 0 0 1 1 0 0 0 0 0 0 1 1 0 1 0 0 1 1 0 0 0 1 0 0 1 1 1 0 1 0 0 1 0 1 0 1 1 0 0 0 0 1 1 1 0 0 0 0 0 0 1 1 0 0
geno chr19.4739430 yri  0 0 0 0 0 1 0 0 0 1 0 0 0 0 0 0 0 1 1 1 0 1 0 0 0 1 0 0 0 0 1 1 0 0 1 1 0 0 0 0 0 0 0 0 0 0 0 0 0 0 0 0 0 1 0 0 0 0 1 0 0 0 0 0 0 0 0 0 0 0 0 1 0 0 1 1 1
geno chr19.4739434 ceu  0 0 0 0 0 0 0 0 0 0 0 0 0 0 1 0 0 0 0 0 0 0 0 0 0 0 0 0 1 0 0 0 0 0 0 0 0 0 0 0 0 0 0 0 0 0 0 0 0 0 0 0 0 0 0 0 0 0 0 0 0 0 0 0 0 0 0 0 0 0 0 0 0 0 0 0 0 0
geno chr19.4739434 fin  1 0 0 0 0 1 0 0 0 0 0 0 0 0 0 0 0 0 0 0 0 0 0 0 0 0 0 1 0 0 0 0 0 0 0 0 0 0 0 0 0 0 0 0 0 0 0 0 0 0 0 0 0 0 0 0 0 0 0 0 0 0 0 0 0 0 0 0 0 0 0 0 0 0 0 0 0 0 0 0 0 0 0 0 0 0 0 0 0
geno chr19.4739434 gbr  0 0 1 0 0 0 0 0 0 0 0 0 0 0 0 0 0 0 0 0 1 0 0 0 0 0 0 0 0 0 0 1 0 0 0 0 0 1 1 0 0 0 0 0 0 0 0 0 0 0 0 0 0 0 0 0 0 0 0 0 0 0 0 0 0 0 0 0 0 0 0 0 0 0 0 0 0 0 0 0 0 1 1 0
geno chr19.4739434 tsi  0 0 0 0 0 0 0 0 0 0 0 0 0 0 0 0 0 0 0 0 0 0 1 0 0 0 0 0 0 0 0 0 0 0 0 0 0 0 0 0 0 0 0 0 0 0 0 0 0 0 0 0 0 0 0 0 0 0 0 0 0 0 0 0 0 0 0 0 0 0 0 0 0 0 0 0 0 0 0 0 0 0 0 0 0 0 0 0 0 0 0 0
geno chr19.4739434 yri  0 1 1 0 0 0 0 1 0 1 0 0 0 0 0 0 0 0 0 1 0 0 1 0 0 0 0 0 0 0 0 0 0 0 0 0 1 0 0 0 1 0 0 0 0 1 0 0 0 1 0 0 0 0 0 0 0 0 0 1 0 1 0 0 1 0 1 1 0 0 0 0 0 1 0 0 0
geno chr19.4739472 ceu  1 1 0 0 0 0 0 1 0 0 0 1 0 0 0 1 0 0 0 0 1 0 0 0 0 0 1 0 0 0 1 1 0 0 0 0 1 0 0 0 1 1 0 1 0 1 1 0 0 0 1 1 0 0 1 1 0 1 1 0 0 1 0 1 0 0 1 1 0 0 0 0 0 0 1 0 1 0
geno chr19.4739472 fin  0 0 0 1 0 0 0 0 0 0 0 0 1 0 0 0 0 1 0 1 0 1 0 0 0 0 0 0 0 0 0 0 0 0 0 0 0 1 0 1 0 0 0 1 1 1 0 0 0 0 0 1 1 0 2 0 1 0 0 1 0 0 0 0 0 0 1 0 0 0 0 1 0 1 0 0 1 0 0 0 0 1 0 1 0 0 0 1 1
geno chr19.4739472 gbr  0 0 0 0 0 0 1 1 0 0 0 1 0 0 1 1 0 0 1 0 0 0 0 1 0 0 1 0 0 1 0 0 0 1 0 0 0 0 0 0 1 0 0 0 0 0 1 1 0 0 0 0 0 1 1 0 1 0 1 0 1 0 0 0 0 0 0 1 0 0 0 0 0 0 0 0 0 0 0 0 1 0 0 0
geno chr19.4739472 tsi  0 1 1 0 0 0 0 1 1 0 1 1 1 0 0 0 0 1 1 0 0 1 0 0 0 0 0 0 0 1 0 0 0 0 1 0 0 1 0 0 1 1 0 0 0 0 0 0 1 1 0 1 0 0 1 1 0 0 0 1 0 0 1 1 1 0 1 0 0 1 0 1 1 1 1 0 0 0 0 1 1 1 0 0 0 0 0 0 1 1 0 1
geno chr19.4739472 yri  0 0 0 0 0 1 0 0 0 1 0 0 0 0 0 0 0 1 1 1 0 1 0 0 0 1 0 0 0 0 0 1 0 0 1 1 0 0 0 0 0 0 0 0 0 0 0 0 0 0 0 0 0 0 0 0 0 0 1 0 0 0 0 0 0 0 0 0 0 0 0 1 0 0 1 1 1
geno chr19.4740036 ceu  0 1 0 0 0 0 0 2 0 1 0 1 0 0 0 0 0 0 0 0 2 0 0 0 0 0 1 0 0 0 1 1 0 0 0 0 1 0 1 0 1 1 0 1 0 1 1 0 0 0 1 1 0 0 1 1 1 1 1 1 0 1 0 2 0 0 0 1 0 0 0 0 0 1 1 0 1 0
geno chr19.4740036 fin  0 0 1 1 0 0 0 1 0 0 0 0 1 0 1 0 0 1 0 1 0 1 0 0 0 0 0 0 0 0 0 0 0 0 0 0 1 1 0 1 0 0 0 1 1 1 0 0 1 0 0 0 1 0 2 0 0 0 0 1 0 0 0 0 0 0 1 0 0 0 0 1 0 1 0 0 0 0 0 0 0 1 0 0 0 0 0 1 1
geno chr19.4740036 gbr  0 2 0 0 0 1 1 1 0 1 0 1 0 0 1 1 0 0 1 0 0 0 0 2 0 0 1 0 0 0 0 0 0 1 0 0 0 0 0 0 0 0 0 0 0 1 1 0 1 0 0 0 0 1 1 1 1 0 1 0 1 0 0 0 0 0 0 2 0 0 0 0 0 0 0 0 0 0 1 0 2 0 0 0
geno chr19.4740036 tsi  0 1 0 0 0 0 0 1 1 0 1 1 1 0 0 1 0 1 1 0 0 0 0 0 1 0 0 1 0 1 0 1 1 1 1 0 0 1 1 0 1 0 0 0 0 0 0 0 2 1 0 1 0 0 1 0 1 0 0 1 0 1 1 2 1 0 1 0 0 1 1 1 0 1 1 0 0 0 0 1 1 1 0 0 0 1 0 0 2 1 0 1
geno chr19.4740036 yri  0 0 0 0 0 1 0 0 0 0 0 0 0 0 0 0 0 1 0 1 1 1 0 0 0 2 0 0 0 1 1 1 0 0 1 0 0 0 0 0 0 0 1 0 0 0 0 0 0 0 0 0 0 0 0 0 0 0 1 0 0 0 0 0 0 0 0 0 0 0 0 1 0 0 1 0 1
geno chr19.4740431 ceu  0 1 0 0 1 0 0 0 0 1 0 0 0 0 0 1 1 0 0 0 0 0 0 0 0 1 1 0 0 0 0 1 0 0 1 0 1 0 0 1 1 0 0 0 0 1 0 0 1 0 0 0 0 0 0 0 0 1 0 0 0 0 0 0 0 0 0 1 0 0 0 0 0 0 0 0 0 1
geno chr19.4740431 fin  0 0 0 0 0 0 0 0 0 1 0 0 0 0 0 0 0 0 0 0 0 0 0 0 0 1 0 0 0 0 1 0 0 0 0 0 0 0 0 0 0 0 0 0 0 1 0 0 1 0 0 0 0 0 0 0 0 0 0 0 0 1 0 0 0 0 0 0 0 0 0 0 0 0 0 0 0 0 0 0 0 0 0 0 0 0 0 0 0
geno chr19.4740431 gbr  0 0 0 0 0 0 0 0 0 0 0 0 0 0 1 0 0 1 0 0 0 1 0 1 0 0 0 0 0 0 0 0 0 0 0 0 0 0 0 0 0 0 0 0 0 0 1 0 0 0 0 0 0 0 0 0 0 0 1 0 1 0 1 0 0 0 0 0 0 0 1 0 0 0 0 0 0 1 0 0 0 0 0 0
geno chr19.4740431 tsi  1 0 0 0 0 1 1 1 0 1 0 0 1 0 1 0 0 0 1 0 0 0 0 0 0 0 1 0 0 1 0 0 1 1 0 0 0 1 0 0 0 0 0 0 0 0 1 0 1 0 0 1 0 1 0 0 0 0 0 1 0 1 0 1 1 0 0 0 0 0 0 0 0 0 1 1 0 1 0 0 0 0 0 0 0 1 0 0 1 0 0 0
geno chr19.4740431 yri  0 0 0 1 1 1 0 1 0 1 0 1 1 1 1 0 0 0 1 0 0 0 0 2 0 1 0 1 1 0 0 0 0 0 1 0 1 0 1 1 0 0 0 1 0 1 0 0 0 0 0 0 0 0 0 0 1 1 1 1 0 0 2 0 0 1 1 0 0 0 0 0 0 0 0 0 1
geno chr19.4740706 ceu  1 0 0 2 1 2 1 1 0 0 1 1 2 2 1 2 2 2 2 2 0 0 0 1 2 2 0 1 2 1 1 1 2 0 0 2 1 2 0 1 1 1 0 1 2 0 1 1 2 1 0 1 1 1 1 0 0 1 0 1 0 0 2 1 1 1 1 0 2 2 2 2 2 1 1 0 0 2
geno chr19.4740706 fin  2 1 1 0 1 2 2 0 1 1 1 1 2 1 0 1 2 1 2 1 0 0 2 0 1 1 2 2 2 2 1 2 2 1 0 1 0 1 2 0 2 2 1 1 0 1 2 2 0 0 1 2 0 1 0 1 1 1 1 1 1 0 2 2 2 2 1 2 1 2 2 1 2 1 1 1 1 2 1 1 1 0 0 1 0 2 1 1 1
geno chr19.4740706 gbr  1 0 2 2 1 1 0 1 0 1 2 1 1 1 0 1 1 2 0 1 1 2 2 0 0 1 1 0 2 2 1 0 2 0 2 2 2 2 1 0 1 1 2 2 2 1 1 0 1 1 0 0 2 0 1 1 1 2 0 2 1 2 2 2 2 1 2 1 2 2 1 1 2 1 1 2 2 1 2 1 0 1 2 2
geno chr19.4740706 tsi  1 0 1 2 2 1 1 0 1 1 0 0 1 2 0 0 0 1 2 2 1 2 2 2 1 0 2 0 1 1 1 1 0 1 1 1 2 1 0 1 1 2 0 1 2 2 2 1 0 1 2 1 1 1 1 2 1 2 1 0 2 0 0 1 0 1 1 2 1 0 1 1 1 0 1 1 1 1 1 0 0 0 2 1 2 1 2 2 0 0 1 1
geno chr19.4740706 yri  2 1 2 1 1 1 1 1 1 1 1 0 1 1 1 1 0 0 0 0 0 0 0 1 1 0 0 1 0 1 1 1 1 0 0 1 0 1 0 0 0 1 1 1 0 0 2 1 1 0 2 1 2 0 2 1 0 0 0 0 1 1 0 1 1 1 0 2 0 1 1 0 1 1 1 1 0
geno chr19.4740758 ceu  0 0 0 0 1 0 0 0 0 0 0 0 0 0 0 0 0 0 0 0 0 0 0 0 0 0 0 0 0 0 0 0 0 0 1 1 0 0 0 1 0 0 0 0 0 0 0 0 0 0 0 0 0 0 0 0 0 0 0 0 0 0 0 0 0 0 0 1 0 0 0 0 0 0 0 0 0 0
geno chr19.4740758 fin  0 0 0 0 0 0 0 0 0 1 0 0 0 0 0 0 0 0 0 0 0 0 0 0 0 0 0 0 0 0 0 0 0 0 0 0 0 0 0 0 0 0 0 0 0 0 0 0 1 0 0 0 0 0 0 0 0 0 0 0 0 0 0 0 0 0 0 0 0 0 0 0 0 0 1 0 0 0 0 0 0 0 0 0 0 0 0 0 0
geno chr19.4740758 gbr  0 0 0 0 0 0 0 0 1 0 0 0 0 1 0 0 0 0 0 0 0 0 0 0 1 0 0 0 0 0 0 0 0 1 0 0 0 0 0 0 0 0 0 0 0 0 0 0 0 0 0 2 0 1 0 0 0 0 0 0 0 1 0 0 0 0 0 0 0 0 0 0 0 0 0 0 0 0 0 0 0 0 0 0
geno chr19.4740758 tsi  0 0 0 0 0 0 0 1 0 0 0 0 0 0 0 0 0 0 0 0 1 0 1 0 0 1 0 0 0 0 0 0 0 0 0 0 0 0 0 0 0 1 0 0 0 0 1 0 0 0 0 0 0 0 0 0 0 0 0 1 0 0 0 0 0 0 0 0 0 0 0 0 0 0 0 1 0 1 1 0 0 0 0 0 0 0 1 0 0 0 1 0
geno chr19.4740758 yri  0 1 1 0 0 0 1 0 0 1 0 1 0 0 0 0 1 0 0 1 1 0 1 0 0 1 1 0 2 1 0 0 0 0 0 0 0 1 0 0 1 0 0 0 0 0 0 0 0 0 0 0 0 0 0 0 0 0 0 0 0 0 0 1 0 0 0 0 0 1 0 0 1 2 0 0 0
geno chr19.4740775 ceu  0 1 0 0 0 0 0 0 0 0 0 0 0 0 0 0 0 0 0 0 0 0 0 0 0 0 0 0 0 0 0 0 0 0 0 0 0 0 0 0 0 0 0 0 0 0 0 0 0 0 0 0 0 0 0 0 0 0 0 0 0 0 0 0 0 0 0 0 0 0 0 0 0 0 0 0 0 0
geno chr19.4740775 fin  0 0 0 1 0 0 0 0 1 0 0 0 0 1 0 0 0 0 0 1 0 0 0 0 0 0 0 0 0 0 0 0 0 0 0 0 0 0 0 0 0 0 0 0 1 0 0 0 1 0 0 0 0 0 0 0 1 0 1 0 0 0 0 0 0 0 0 0 0 0 0 0 0 0 0 0 0 0 0 0 0 1 1 1 0 0 0 0 0
geno chr19.4740775 gbr  0 0 0 0 0 0 0 0 0 0 0 0 0 0 0 0 0 0 0 0 0 0 0 0 0 0 0 0 0 1 0 0 0 0 0 0 0 0 0 0 0 0 1 0 0 0 0 0 0 0 0 0 0 0 0 0 0 0 0 0 0 0 0 0 0 0 0 0 0 0 0 0 0 0 0 0 0 0 0 0 0 0 0 0
geno chr19.4740775 tsi  0 0 0 0 0 0 0 0 0 0 0 0 0 0 0 0 0 0 0 0 0 0 0 0 0 0 0 0 0 0 0 0 0 0 0 0 0 0 1 0 0 0 0 0 0 0 0 0 0 0 0 0 1 0 0 0 0 1 0 1 0 0 0 1 0 0 1 0 1 0 0 0 0 0 0 1 0 0 0 0 0 0 0 0 0 0 0 0 0 0 0 0
geno chr19.4740775 yri  0 1 1 1 0 0 0 0 0 1 0 1 0 0 0 0 1 0 0 0 1 0 1 0 0 0 0 0 0 0 0 0 0 0 1 0 0 0 0 1 0 0 0 0 0 0 0 0 0 1 0 0 0 0 0 0 0 0 0 0 0 0 2 1 0 0 0 0 0 0 0 0 1 0 0 1 1
geno chr19.4740783 ceu  1 1 1 2 2 2 2 0 2 1 2 1 2 2 2 1 2 2 2 2 0 2 1 2 2 2 0 1 2 2 1 1 2 0 1 2 2 2 2 2 1 1 2 1 2 1 2 2 2 1 1 1 2 1 1 1 1 2 1 1 2 1 2 0 2 2 2 2 2 2 2 2 2 1 1 1 0 2
geno chr19.4740783 fin  2 1 1 2 1 2 2 2 2 2 2 1 1 1 0 1 2 1 2 2 2 1 2 1 1 1 2 2 2 2 2 2 2 2 2 2 0 2 2 1 2 2 2 2 2 2 2 2 2 2 2 2 1 2 0 2 2 2 1 1 1 0 2 2 2 2 1 2 2 2 2 2 2 0 2 2 1 2 1 2 1 2 2 2 2 2 2 2 1
geno chr19.4740783 gbr  2 0 2 1 2 2 1 1 1 1 2 2 2 2 2 1 1 2 1 2 1 1 2 0 2 1 1 2 2 2 2 2 2 1 2 2 2 2 2 0 1 2 1 2 2 1 1 0 2 2 2 2 2 1 0 2 1 2 0 2 1 2 2 2 1 2 2 2 2 2 0 1 2 2 2 2 2 1 2 2 0 2 2 2
geno chr19.4740783 tsi  2 1 2 2 2 1 2 1 2 2 2 2 1 2 0 1 2 0 1 2 2 1 2 2 1 2 2 1 2 1 1 1 1 1 1 1 2 0 1 2 1 1 2 2 2 2 2 1 0 1 1 2 2 1 1 1 1 2 2 1 2 0 1 0 1 2 1 2 2 0 1 1 0 0 1 2 0 2 2 1 0 1 2 2 1 1 2 2 0 0 2 1
geno chr19.4740783 yri  0 0 1 1 0 0 0 0 0 0 0 1 0 1 0 2 1 0 1 1 2 1 1 0 1 2 1 1 2 2 1 1 2 0 0 0 2 2 1 1 2 1 0 1 0 0 1 1 1 0 2 1 2 1 1 1 1 1 1 0 2 0 2 2 2 0 1 1 1 0 0 1 1 0 1 2 0
geno chr19.4740787 ceu  0 0 1 0 1 0 0 0 0 0 0 0 0 0 1 1 0 0 0 0 0 0 0 0 0 0 0 1 0 0 0 0 0 0 1 1 0 0 2 0 0 0 0 1 0 1 0 0 0 0 0 0 0 0 0 0 0 0 0 0 0 0 0 0 1 0 1 2 0 0 0 0 0 0 0 0 0 0
geno chr19.4740787 fin  0 0 0 0 0 0 0 1 0 1 0 0 0 0 0 0 0 0 0 0 0 0 0 0 0 0 0 0 0 0 0 0 0 0 2 0 0 0 0 1 0 0 0 1 1 0 0 1 1 2 1 0 0 1 0 1 0 1 0 0 0 0 1 0 1 0 0 0 0 0 0 0 0 0 1 0 0 0 0 0 0 0 0 1 0 0 0 1 0
geno chr19.4740787 gbr  0 0 0 1 0 1 0 0 1 0 1 1 1 0 2 0 0 0 1 0 0 1 0 0 2 0 0 1 0 0 1 0 0 1 0 0 0 0 1 0 0 0 0 0 0 0 1 0 0 0 2 2 0 0 1 0 0 1 1 0 1 1 0 0 0 0 1 0 0 0 0 0 0 1 0 2 0 0 0 0 0 1 0 0
geno chr19.4740787 tsi  0 0 0 0 0 0 0 0 0 0 2 1 0 0 0 0 2 0 0 1 1 1 1 0 1 0 0 1 0 0 0 0 0 0 1 0 0 1 0 0 0 1 0 0 0 0 1 0 0 0 1 0 0 0 0 1 0 0 0 1 1 0 0 0 0 1 0 0 1 0 0 0 1 0 0 1 0 1 0 1 0 0 0 1 1 0 0 0 0 0 1 0
geno chr19.4740787 yri  2 0 2 1 2 0 1 1 1 2 1 0 2 2 2 2 1 0 1 2 1 1 1 2 0 2 1 2 2 1 1 0 1 0 2 2 1 1 1 1 0 1 1 1 1 1 1 2 0 1 1 2 0 1 0 1 1 1 1 1 1 2 0 1 0 2 0 2 1 1 1 1 1 2 1 0 1
geno chr19.4740788 ceu  0 0 0 0 0 0 0 0 0 0 0 0 0 0 0 1 0 0 0 0 0 0 0 0 0 0 0 0 0 0 0 0 0 0 0 0 0 0 0 0 0 0 0 0 0 0 0 0 0 0 0 0 0 0 0 0 0 0 0 0 0 0 0 0 0 0 0 0 0 0 0 0 0 0 0 0 0 0
geno chr19.4740788 fin  0 0 0 0 0 0 0 0 0 0 0 0 0 0 0 0 0 0 0 0 0 0 0 0 0 0 0 0 0 0 0 0 0 0 0 0 0 0 0 0 0 0 0 0 0 0 0 0 0 0 0 0 0 0 0 0 0 0 0 0 0 0 0 0 0 0 0 0 0 0 0 0 0 0 0 0 0 0 0 0 0 0 0 0 0 0 0 0 0
geno chr19.4740788 gbr  0 0 0 1 0 0 0 0 0 0 0 0 0 0 0 0 0 0 0 0 0 1 0 0 0 0 0 0 0 0 0 0 0 0 0 0 0 0 0 0 0 0 0 0 0 0 0 0 0 0 0 0 0 0 1 0 0 0 0 0 0 0 0 0 0 0 0 0 0 0 0 0 0 0 0 0 0 0 0 0 0 0 0 0
geno chr19.4740788 tsi  0 0 0 0 0 0 0 0 0 0 0 0 0 0 0 0 0 0 0 0 0 1 0 0 0 0 0 0 0 0 0 0 0 0 0 0 0 1 0 0 0 1 0 0 0 0 0 0 0 0 1 0 0 0 0 1 0 0 0 0 0 0 0 0 0 0 0 0 0 0 0 0 1 0 0 0 0 0 0 0 0 0 0 0 1 0 0 0 0 0 0 0
geno chr19.4740788 yri  2 0 0 1 1 0 1 1 0 0 1 0 1 1 1 0 0 0 1 0 0 0 0 1 0 0 0 0 0 0 0 0 0 0 0 2 0 0 1 0 0 1 1 0 0 1 0 1 0 0 0 1 0 0 0 0 0 0 0 1 0 2 0 0 0 1 0 1 0 1 1 0 0 0 1 0 0
geno chr19.4740807 ceu  1 0 1 0 2 1 0 0 0 1 0 1 0 2 0 1 2 1 0 1 0 0 0 0 1 0 0 0 0 0 0 1 0 0 1 1 1 0 1 1 1 0 0 0 0 1 0 0 1 1 0 0 1 0 0 0 1 0 0 0 0 0 0 0 0 1 0 1 0 0 1 1 1 0 0 0 0 0
geno chr19.4740807 fin  0 0 0 1 0 1 0 0 1 1 0 0 0 0 0 0 0 0 1 0 1 0 0 0 0 0 1 0 0 0 2 1 1 1 0 2 0 1 1 0 2 1 0 0 0 0 0 0 0 0 0 1 0 0 0 1 0 1 0 0 0 0 1 1 1 0 0 1 0 1 0 0 0 0 2 0 1 1 1 0 0 0 1 1 0 0 0 0 0
geno chr19.4740807 gbr  0 0 0 1 0 0 0 0 1 0 0 0 0 1 0 1 0 0 0 0 0 1 0 0 2 0 0 0 0 0 0 0 0 1 0 0 0 2 0 0 1 0 1 0 0 0 0 0 0 2 0 1 0 0 1 0 0 1 0 0 0 2 1 1 0 0 0 1 0 1 0 0 0 1 1 1 0 0 0 0 0 0 0 1
geno chr19.4740807 tsi  1 0 0 1 1 0 2 0 0 1 0 0 1 1 0 0 1 0 1 0 1 1 1 2 0 1 1 0 0 0 0 0 0 0 1 1 0 1 0 0 1 1 0 0 1 0 1 0 0 0 2 0 1 1 0 1 0 0 0 0 1 0 1 0 0 1 1 0 0 0 1 0 1 0 1 1 1 2 0 0 0 0 1 0 1 0 0 1 0 0 0 1
geno chr19.4740807 yri  2 0 1 1 1 0 1 1 1 1 1 1 1 0 1 1 0 1 0 0 0 0 0 0 0 0 1 1 0 0 0 0 0 0 1 2 1 0 0 2 0 2 1 1 0 1 1 1 0 1 0 1 2 0 0 0 0 0 0 1 1 2 1 0 0 2 1 1 1 2 1 1 0 2 1 0 1
geno chr19.4740832 ceu  1 1 1 2 2 2 1 0 2 1 1 1 2 2 1 1 2 2 2 2 0 2 2 2 2 2 0 1 2 0 1 1 2 0 1 2 2 2 1 2 1 1 2 1 2 1 2 2 2 1 1 1 2 2 1 0 1 2 1 1 2 1 2 0 1 2 2 2 2 1 2 2 1 1 1 1 0 2
geno chr19.4740832 fin  2 1 1 2 1 2 1 1 2 2 2 1 1 1 1 1 1 1 2 2 2 1 2 1 1 1 1 2 2 2 2 2 2 2 1 2 0 1 2 1 2 2 1 2 1 1 2 2 2 2 2 2 0 2 0 2 2 2 1 1 1 0 2 2 2 2 2 2 2 2 2 2 2 0 2 2 1 2 1 2 1 1 2 2 1 2 1 2 1
geno chr19.4740832 gbr  2 1 2 2 1 2 1 1 1 1 2 2 2 2 1 1 1 2 2 2 1 2 2 0 2 1 1 1 2 1 1 1 2 1 2 2 2 2 1 0 2 2 2 2 2 1 1 0 2 2 1 2 2 1 1 2 1 2 0 1 1 2 1 1 2 2 2 1 2 2 0 1 2 2 2 2 2 1 2 2 1 1 2 2
geno chr19.4740832 tsi  2 1 2 2 2 1 2 0 2 2 2 2 1 2 0 1 2 0 1 2 2 2 2 2 1 2 2 0 2 1 1 1 1 1 1 2 2 1 1 2 1 1 2 1 2 2 2 1 0 1 2 2 1 1 1 1 1 1 2 1 1 1 1 0 1 2 1 2 2 0 1 1 1 0 1 2 1 2 1 1 0 1 2 2 2 1 2 2 0 0 1 1
geno chr19.4740832 yri  1 1 1 1 2 1 2 2 1 1 1 1 1 1 0 1 1 1 1 1 2 0 1 1 1 1 1 1 2 2 1 1 1 0 1 2 2 2 1 2 1 2 1 2 0 1 2 1 1 2 2 2 1 1 2 1 0 1 1 1 1 2 1 2 2 2 0 2 2 2 1 1 1 2 0 2 1
geno chr19.4741577 ceu  1 0 0 0 0 0 0 0 0 0 0 0 0 1 0 0 0 0 0 0 0 0 0 0 0 0 0 0 0 0 0 0 1 0 0 0 0 0 0 0 0 0 0 0 0 0 0 0 0 0 0 0 0 0 0 0 0 0 0 0 0 0 0 0 0 0 0 0 0 0 0 1 0 0 0 0 1 0
geno chr19.4741577 fin  0 0 0 0 0 1 0 0 0 0 0 0 0 0 0 0 0 0 0 0 0 1 0 0 0 0 0 0 1 0 0 0 0 0 0 0 0 0 0 0 0 0 0 0 0 1 0 0 0 0 0 0 1 0 0 0 0 0 0 0 0 0 0 0 0 0 0 0 0 0 0 0 0 0 0 0 0 0 0 0 0 0 0 0 0 0 0 0 0
geno chr19.4741577 gbr  0 0 0 0 0 0 0 0 0 1 0 0 0 0 0 0 0 0 0 0 0 0 0 0 0 0 0 0 0 0 0 0 0 0 0 0 0 1 0 0 1 1 0 0 0 0 0 1 0 0 0 0 0 0 0 0 0 0 0 0 0 0 1 0 0 0 0 0 0 1 0 0 0 0 1 0 0 0 0 0 0 0 0 0
geno chr19.4741577 tsi  0 0 0 0 0 0 0 0 0 1 0 0 1 0 0 0 0 0 0 0 1 0 0 0 0 0 1 0 0 0 0 0 0 0 1 0 0 0 1 0 0 0 0 0 2 0 0 0 0 0 0 0 0 1 0 0 0 0 1 0 0 0 0 0 0 0 0 0 1 0 1 0 0 0 1 0 1 0 1 0 0 0 0 0 0 0 0 0 0 0 0 0
geno chr19.4741577 yri  1 0 0 1 0 0 0 0 0 0 0 0 1 0 1 0 1 0 0 0 2 0 0 0 1 0 0 1 0 0 0 0 0 0 0 0 0 1 0 0 0 0 1 0 0 0 0 1 0 0 0 1 1 0 0 0 1 0 0 0 0 1 0 2 0 0 0 0 0 1 0 0 0 0 1 0 0
geno chr19.4741589 ceu  0 0 1 0 0 0 0 0 0 0 0 0 0 0 0 0 0 0 0 0 0 0 0 0 0 0 0 0 0 0 0 0 0 0 2 0 0 0 0 0 0 0 1 0 0 0 0 0 0 0 0 0 0 0 0 0 0 0 0 0 0 0 0 0 0 0 0 2 0 0 0 0 0 0 0 0 0 0
geno chr19.4741589 fin  1 0 0 0 0 0 0 0 0 0 0 0 0 0 1 0 0 0 0 0 0 0 0 0 0 1 0 1 0 0 0 0 0 0 0 0 0 0 0 0 0 0 0 0 0 0 0 1 0 0 0 0 0 0 0 0 0 0 0 0 0 1 0 0 0 0 0 0 0 0 0 0 0 0 0 0 0 0 0 0 0 0 0 0 0 0 0 0 0
geno chr19.4741589 gbr  1 0 0 0 0 0 0 0 0 0 0 0 0 0 1 0 0 0 0 0 0 0 0 0 0 0 0 0 0 0 0 0 0 0 1 0 0 0 0 0 0 0 0 0 0 0 0 0 0 0 0 1 0 0 0 1 0 0 0 0 0 0 1 0 0 0 0 0 0 0 0 0 0 0 0 0 0 0 0 0 0 0 0 0
geno chr19.4741589 tsi  0 0 0 0 0 0 0 0 0 0 0 0 0 0 0 0 0 0 0 0 1 0 0 0 0 0 0 0 0 0 0 0 0 0 0 0 0 0 0 1 0 0 0 0 0 0 0 0 0 0 0 0 0 0 0 0 0 0 0 0 0 0 0 0 0 0 0 0 0 0 0 0 0 0 0 0 0 0 0 0 0 1 0 0 0 0 0 0 0 0 1 0
geno chr19.4741589 yri  0 0 1 0 0 0 0 0 0 0 0 0 1 0 0 0 0 0 0 0 0 0 0 1 0 0 0 0 0 2 0 0 0 0 0 0 0 0 0 0 1 0 0 0 0 0 0 0 0 0 0 0 0 0 0 0 0 1 1 0 0 0 0 0 0 0 0 2 0 0 0 0 0 0 0 0 0
geno chr19.4741681 ceu  0 0 0 0 0 0 0 0 0 0 0 0 0 0 1 0 0 0 0 0 0 0 0 0 0 0 0 0 0 0 0 0 0 0 1 0 0 0 1 0 0 0 1 0 0 0 0 0 0 0 0 0 0 0 0 0 0 0 0 0 0 0 0 0 0 0 0 2 0 0 0 0 0 0 0 0 0 0
geno chr19.4741681 fin  0 0 0 0 0 0 0 0 0 0 0 0 0 0 1 0 0 0 0 0 0 0 0 0 0 0 0 0 0 0 0 0 0 0 0 0 0 0 0 0 0 0 0 0 0 0 0 1 0 0 0 0 0 0 0 0 0 0 0 1 0 1 0 0 0 0 0 0 0 0 0 0 0 0 0 0 0 0 0 0 0 0 0 0 0 0 0 0 0
geno chr19.4741681 gbr  0 0 0 0 0 0 0 0 0 0 0 0 0 0 1 0 0 0 0 0 1 0 0 0 0 0 0 0 0 0 0 0 0 0 1 0 0 0 0 0 0 0 0 0 0 0 0 0 0 0 0 1 0 0 0 0 0 0 0 0 0 1 1 0 0 0 0 0 0 0 0 0 0 0 1 0 0 0 0 0 0 1 0 0
geno chr19.4741681 tsi  0 0 0 0 0 0 0 0 0 0 0 0 0 0 0 0 0 0 0 0 1 0 0 0 0 0 1 0 0 0 0 0 0 0 0 0 0 0 0 0 0 0 0 0 1 0 0 0 0 0 0 0 0 0 0 0 0 0 0 0 0 0 0 0 0 0 0 0 0 1 0 0 0 0 0 0 0 0 0 0 0 0 0 0 0 0 0 0 0 0 1 0
geno chr19.4741681 yri  1 1 2 1 0 0 0 1 0 1 0 0 1 1 1 1 0 1 0 0 1 2 0 1 0 0 1 1 0 2 0 0 0 0 1 0 0 0 0 1 1 0 0 0 0 1 1 1 0 0 0 0 0 0 0 0 0 1 0 1 0 1 0 0 0 0 0 2 0 0 0 0 0 1 1 0 1
