pheno ENSG00000179344 ceu 1.224054 -1.032039 -1.951441 -1.328783 -1.341236 -0.2680816 0.694916 1.021683 1.413502 0.439529 0.1762352 -1.852734 0.7902967 0.07366606 1.139268 -1.508188 -0.7861757 2.771846 -0.6443136 0.5372913 1.268242 -0.3092989 -1.196024 0.7586425 -1.520544 -0.03268762 -0.5272902 -0.6997743 -0.8061561 -1.615948 0.8914064 0.0354128 -0.8345506 -1.074046 -1.7991 -0.4139024 -0.6302013 -1.050683 -1.818226 -0.7292597 -1.65459 0.3301195 -1.15886 1.697212 0.1222498 0.8823263 -0.3760931 -1.494408 -0.2432266 -2.437645 -1.265791 -1.364641 -0.5773333 -1.904778 -1.688453 -0.7126979 0.7530265 0.516037 0.5024962 -1.470706 -1.084987 0.477318 -2.072683 -1.479594 0.5191776 -1.160663 -2.071967 -0.1487112 0.1861837 -1.21203 0.7411884 0.3105019 -1.150706 -0.8948602 -1.184206 0.1191388 0.2250695 -0.265551
pheno ENSG00000179344 fin -1.874241 -2.501745 -2.803997 -1.886989 -0.7141671 -0.7887751 -3.012838 -1.251202 -2.061714 -2.508319 -0.4714132 -2.258256 -1.569716 -2.052745 -2.426806 -0.08301772 -1.284747 -3.070305 -1.86076 -2.506837 -1.997051 -1.716341 -2.225393 -0.154827 -1.801586 -1.563448 -2.959951 -1.862396 -2.204661 -2.758564 -0.3185195 -0.9273931 -2.563308 -3.65348 -2.880027 -2.014317 -3.234781 -2.761212 -1.697384 -1.914343 -1.107973 -3.30708 -1.838075 -0.5280776 -1.379276 -1.276334 -2.259326 -0.9146993 -2.516864 -0.9607017 -3.603569 -1.763274 -1.473367 -0.9420404 -1.784389 -0.3483348 -0.1865423 -1.523224 -2.651698 -0.1538224 -2.182205 -0.5299296 -2.169813 -1.86359 0.291552 -1.452529 -3.236413 -2.481101 -1.073212 -3.521264 0.2408414 -3.080143 -2.310302 -0.241235 -1.272071 -3.754208 -2.124948 -1.706356 -1.14668 -2.583759 -1.299345 -2.547445 -2.131086 -2.275334 -1.168078 -1.605662 -1.473552 -2.143466 -2.070849
pheno ENSG00000179344 gbr -2.48803 -1.534278 -1.347364 -0.2442112 -2.621715 -0.4917524 0.7435767 -2.27177 -1.504859 -0.6925032 -0.9251773 -0.6191679 -2.180931 -1.532342 -0.642175 -1.619646 -1.227451 -0.2466484 -2.159622 -0.4739784 -1.082895 -1.168485 -1.54211 0.4281025 -0.1299252 -1.155026 -1.218747 -0.3803765 -1.140213 -2.056159 -1.217838 0.1173091 -2.195058 -0.686877 1.312824 0.2556991 0.07366162 -0.752996 -1.967615 -0.1318239 -0.3651413 -1.640991 0.9723848 -1.226524 0.04537725 -0.1698605 1.959934 0.4777782 0.5535117 -0.7754837 -1.419057 -0.5907081 -1.122518 -0.8050612 -3.314933 -0.2546849 -0.6891355 0.1492749 -1.990002 -0.06816077 -1.922469 -1.490952 0.1942218 -2.130919 -3.00182 1.058395 0.2689251 1.803769 -1.463087 -1.632737 -0.8569751 -0.9023706 0.5076114 1.03412 -0.7258391 1.031705 -1.626302 -3.107377 -0.4169939 -1.195679 -3.443952 1.684074 -0.1162209 -2.588058
pheno ENSG00000179344 tsi 0.5625449 1.450248 0.9984669 0.870379 0.9691313 0.5083114 0.3791751 -0.06992497 -0.2772148 0.3417907 1.273437 1.486224 -0.370702 2.132652 1.301341 0.4324722 -0.2153514 0.858349 1.025752 -0.2096538 0.7048057 0.195426 0.05122934 -0.4562089 0.6426065 1.734505 1.149241 0.1669648 1.176192 1.134215 -0.9818303 -1.019177 1.08111 -0.1008366 0.157592 -0.719569 -0.3267097 1.486209 1.665285 1.271466 1.631858 -0.8788583 1.504552 0.8423544 -0.2376134 1.039319 1.323986 0.895405 0.901529 -0.402154 1.553886 0.2717413 -1.48491 -0.6699192 1.422029 0.6552938 1.366915 1.062851 0.9954279 0.03045916 0.4379412 1.129799 1.128967 -0.273406 -0.7962733 -0.4758149 0.8780735 2.381507 1.714352 -0.0950786 2.487149 1.697221 0.7977802 0.6037163 0.2720141 -1.480777 1.388989 0.01397086 0.06630072 0.3560602 0.7398471 -0.811936 -1.075421 2.505504 -1.396908 1.240461 -0.7652633 -0.2992254 1.105092 0.4303303 1.195043 0.1544284
pheno ENSG00000179344 yri 0.8683005 1.490763 -0.2666622 0.0898378 -1.149143 1.4558 1.545763 0.2223638 1.706619 -0.6370124 -1.550355 -0.6310229 0.07512522 1.171568 -1.745439 -1.545716 0.2038144 0.6372294 0.7409424 0.2910589 -3.514792 -1.747263 -0.09002546 -2.547934 0.1977204 -0.4518833 -0.08041215 1.532973 -1.373225 -1.090681 -1.114866 -0.6795997 0.2276531 0.08570989 1.799982 -0.5958572 -0.8398489 -0.1202502 -2.060882 0.2195923 -0.8925039 -0.4889706 1.131369 0.03335587 0.1064287 -1.706624 0.7669114 0.2312236 -0.6557124 -0.1946377 -0.00241255 -0.3819352 -0.08114712 -1.114742 -1.240915 -0.420533 -1.960336 -1.283146 0.1531774 -0.390267 0.1503124 1.29319 -1.70716 -0.6324744 -0.5379379 -1.196588 1.259546 -1.046338 -0.2269822 -0.4596284 -0.2334652 -1.532437 -1.24812 -0.7356807 -1.004152 0.1889567 1.0002
geno chr6.32536167 ceu  0 0 1 0 1 0 0 1 2 0 0 0 0 0 1 0 0 0 0 0 0 0 0 0 0 0 0 0 0 1 2 0 0 1 1 0 1 1 1 0 0 0 0 0 0 1 1 0 0 0 1 0 0 0 0 1 0 0 0 1 0 0 0 0 0 1 0 1 0 0 1 2 1 1 0 0 0 0
geno chr6.32536167 fin  0 0 0 1 0 0 0 2 0 2 1 0 0 1 1 1 0 0 0 0 0 0 0 0 0 0 0 0 0 0 0 0 0 0 0 0 2 0 0 0 0 0 0 0 0 0 1 0 1 0 0 0 1 1 0 1 1 0 0 1 0 0 0 0 0 0 0 0 0 1 0 0 0 0 0 0 0 0 0 0 0 0 1 0 1 0 0 1 0
geno chr6.32536167 gbr  1 0 0 0 0 0 0 2 2 1 1 0 2 1 1 2 0 1 1 0 0 0 0 0 1 0 0 0 0 1 1 0 0 0 1 0 0 0 0 0 0 1 0 1 1 0 0 0 0 0 0 0 0 0 0 0 0 0 0 1 2 1 0 1 0 1 0 0 0 0 0 0 0 0 2 1 0 0 1 0 0 0 1 0
geno chr6.32536167 tsi  1 0 0 0 1 1 1 0 1 0 0 1 1 0 0 1 1 1 0 2 0 1 1 1 0 0 1 0 1 1 2 0 1 0 0 1 1 2 1 1 2 1 0 0 2 0 0 1 0 0 1 0 1 1 1 1 0 0 1 0 0 1 0 1 0 0 1 1 1 0 0 1 0 0 1 1 0 2 0 0 0 0 1 1 0 0 2 0 0 0 1 1
geno chr6.32536167 yri  0 0 1 2 0 1 0 1 1 1 2 1 0 2 2 0 1 0 0 0 1 2 1 2 1 1 0 2 0 1 0 0 0 0 0 0 0 0 0 2 0 1 0 0 0 0 1 0 0 0 0 0 0 0 1 1 0 1 1 1 2 2 1 0 0 1 0 0 0 2 0 1 1 0 1 0 1
geno chr6.32536200 ceu  0 0 1 0 1 0 0 1 2 0 0 0 0 0 1 0 0 0 0 0 0 0 0 0 0 0 0 0 0 1 2 0 0 0 1 0 0 0 1 0 0 0 0 0 0 1 1 0 0 0 1 0 0 0 0 0 0 0 0 1 1 0 0 0 0 1 0 1 0 0 1 2 1 1 0 0 0 0
geno chr6.32536200 fin  0 0 0 0 0 0 0 2 0 2 1 0 0 1 1 1 0 0 0 0 0 0 0 0 0 0 0 0 0 0 0 0 1 0 0 0 0 0 0 0 0 0 0 0 0 0 1 0 1 0 0 0 1 0 0 1 0 0 0 1 0 0 0 0 0 0 0 0 0 1 0 0 0 0 0 0 0 0 0 0 0 0 1 0 0 0 0 1 0
geno chr6.32536200 gbr  0 0 0 0 0 0 0 2 2 0 1 0 0 1 1 2 0 1 1 0 0 0 0 0 1 0 0 0 0 1 1 0 0 0 1 0 0 0 0 0 0 1 0 1 1 0 0 0 0 0 0 0 0 0 0 0 0 0 0 1 2 1 0 2 0 1 0 0 0 0 0 0 0 0 2 1 0 0 1 0 1 0 1 0
geno chr6.32536200 tsi  1 0 0 0 1 1 1 0 1 1 0 0 1 0 0 0 1 1 0 2 0 1 1 0 0 0 1 0 0 1 2 0 1 0 0 1 1 2 1 1 2 1 0 0 1 0 0 1 0 0 1 0 1 1 1 1 0 0 1 0 0 1 0 1 0 0 1 1 0 0 0 1 0 0 1 1 0 2 0 0 0 0 0 1 0 0 2 0 0 0 1 1
geno chr6.32536200 yri  1 0 1 2 0 1 0 1 1 1 2 0 0 2 2 0 0 0 0 1 1 2 1 2 0 1 0 2 0 1 0 0 0 0 0 0 0 0 0 2 0 0 0 0 0 0 1 0 0 0 0 0 0 1 2 1 0 0 1 1 2 2 1 0 0 1 0 0 0 2 0 1 1 0 1 0 1
geno chr6.32536202 ceu  0 0 0 0 0 0 0 0 0 0 0 0 0 0 0 0 0 0 0 0 0 0 0 0 0 0 0 0 0 0 0 0 0 0 0 1 0 1 0 0 0 0 0 0 0 0 0 0 1 0 0 0 0 0 0 0 0 0 0 0 0 0 0 0 0 0 0 0 0 0 0 0 0 0 0 0 0 0
geno chr6.32536202 fin  0 0 0 0 0 0 0 0 0 0 1 0 0 0 0 0 0 0 0 0 2 0 0 0 0 0 0 1 0 0 0 0 0 0 0 0 0 0 0 0 0 0 1 0 0 0 1 0 0 1 0 0 0 0 0 0 1 0 0 0 0 0 0 0 0 0 0 0 0 0 0 0 0 0 0 0 0 0 0 2 0 0 0 0 0 0 0 1 0
geno chr6.32536202 gbr  0 1 2 0 0 0 0 0 0 0 0 0 0 0 0 0 0 0 0 0 0 0 0 0 0 0 0 0 0 0 0 0 0 0 0 0 0 0 0 0 0 0 0 0 0 0 0 0 0 0 0 0 1 0 0 0 0 0 0 1 0 1 0 0 0 0 1 0 0 2 0 0 0 0 0 0 0 0 0 0 0 0 0 1
geno chr6.32536202 tsi  0 0 0 0 1 0 0 0 1 0 0 0 0 0 0 0 0 0 0 0 0 0 0 0 0 0 0 0 0 1 0 0 0 0 0 0 0 0 0 0 0 0 0 0 0 0 0 1 0 0 0 0 1 0 0 0 0 0 0 0 0 1 0 0 0 0 0 0 0 0 0 0 0 0 0 1 0 0 0 0 0 0 0 0 0 0 0 0 0 0 0 0
geno chr6.32536202 yri  0 0 0 0 0 0 0 1 0 0 0 0 0 0 0 0 0 0 0 0 1 0 0 0 0 0 0 0 0 0 1 1 0 0 0 0 0 0 0 0 0 0 0 0 0 1 0 0 0 2 0 0 0 0 0 1 0 0 1 0 0 0 0 0 0 0 1 0 0 0 0 0 0 0 0 0 0
geno chr6.32536206 ceu  1 0 1 0 1 1 0 1 2 1 0 1 0 0 1 1 1 1 0 1 0 0 0 0 0 1 0 0 0 1 2 0 0 1 1 1 0 2 1 0 0 0 0 0 1 1 2 0 2 0 2 0 0 0 0 0 0 0 0 1 1 0 1 0 1 1 0 1 0 0 1 2 1 1 0 0 0 0
geno chr6.32536206 fin  0 0 0 2 0 0 0 2 0 2 2 1 0 2 2 1 0 0 0 0 2 0 2 0 0 0 2 2 0 0 1 1 2 0 0 0 2 0 1 0 1 0 1 0 0 0 2 0 1 2 1 0 2 1 0 2 1 0 0 1 0 0 0 0 0 0 1 0 0 1 0 0 0 0 0 0 0 0 0 2 2 1 1 0 0 0 0 2 0
geno chr6.32536206 gbr  0 1 2 0 0 1 0 2 2 0 1 0 2 1 1 2 0 2 1 0 0 1 0 2 1 0 0 0 0 2 1 0 0 1 2 0 0 0 0 0 0 1 0 1 1 0 0 0 1 0 0 1 1 0 0 0 0 1 0 2 2 2 0 2 1 0 1 1 0 2 1 0 0 1 2 1 0 0 2 0 1 0 2 1
geno chr6.32536206 tsi  2 0 1 0 2 1 1 0 2 1 0 0 2 0 0 1 2 1 0 2 0 2 2 0 2 0 2 1 1 2 2 0 2 0 0 2 0 2 1 1 2 2 0 0 2 0 0 2 0 0 1 0 2 2 2 1 0 0 1 0 0 2 0 2 0 0 2 1 0 0 0 1 0 0 1 2 0 2 0 0 0 0 0 1 0 0 2 0 2 0 1 1
geno chr6.32536206 yri  1 0 2 2 0 1 0 2 1 2 2 0 0 2 1 0 0 0 0 1 2 2 2 2 0 2 0 2 1 1 1 2 0 0 0 0 0 0 0 2 0 1 0 2 0 2 2 0 0 2 1 0 0 2 2 2 0 0 2 2 2 2 2 0 0 1 2 0 1 2 2 1 0 1 2 0 1
geno chr6.32536216 ceu  0 0 0 0 0 0 0 0 0 1 0 0 0 0 0 0 0 0 0 0 0 0 0 0 0 1 0 0 0 0 0 0 0 0 0 1 0 1 0 0 0 0 0 0 0 0 0 0 2 0 0 0 0 0 0 0 0 0 0 0 0 0 0 0 0 0 0 0 0 0 0 0 0 0 0 0 0 0
geno chr6.32536216 fin  0 0 0 0 0 0 0 0 0 0 1 0 0 0 1 0 0 0 0 0 2 0 0 0 0 0 0 1 0 0 1 0 0 0 0 0 1 0 0 0 0 0 0 0 0 0 1 0 0 1 0 0 1 0 0 1 1 0 0 0 0 0 0 0 0 0 0 0 0 0 0 0 0 0 0 0 0 0 0 2 0 0 0 0 0 0 0 0 0
geno chr6.32536216 gbr  0 1 2 0 0 0 0 0 0 0 0 0 0 0 0 0 0 0 0 0 0 0 0 0 0 0 0 0 0 0 0 0 0 0 0 0 0 0 0 0 0 0 0 0 0 0 0 0 0 0 0 0 1 0 0 0 0 0 0 1 0 1 0 0 0 1 1 0 0 1 0 0 0 0 0 0 0 0 0 0 1 0 0 1
geno chr6.32536216 tsi  0 0 0 0 1 0 1 0 1 1 0 0 1 0 0 0 1 0 0 0 0 1 1 0 1 0 1 0 0 1 0 0 1 0 0 1 0 0 0 0 0 0 0 0 1 0 0 1 0 0 0 0 1 0 1 0 0 0 0 0 0 1 0 0 0 0 0 0 0 0 0 0 0 0 0 1 0 0 0 0 0 0 0 0 0 0 0 0 1 0 0 0
geno chr6.32536216 yri  0 0 0 0 0 0 0 1 0 0 0 0 0 1 0 0 0 0 0 0 1 0 0 0 0 1 0 0 1 0 0 0 0 0 0 0 0 0 0 0 0 0 0 1 0 1 1 0 0 0 0 0 0 0 0 1 0 0 0 0 0 0 1 0 0 0 1 0 1 0 1 0 0 0 1 0 0
geno chr6.32536245 ceu  2 2 2 2 2 0 0 2 2 1 2 2 2 2 0 2 2 2 0 2 0 0 2 0 2 0 0 0 1 1 2 1 1 1 2 2 2 2 0 2 2 2 2 1 2 2 2 2 2 2 2 0 2 1 2 2 2 1 0 2 0 1 2 2 2 2 1 2 2 0 2 1 0 1 0 0 0 2
geno chr6.32536245 fin  2 0 2 2 1 0 1 2 2 2 2 2 0 2 2 2 2 0 2 0 2 2 2 0 2 0 2 2 2 0 2 2 2 2 1 2 2 2 2 1 1 0 1 2 2 1 2 2 2 2 2 1 2 2 1 2 2 2 1 2 2 0 2 0 2 2 0 0 0 1 0 2 1 1 2 2 2 2 2 2 2 2 2 0 2 1 0 2 2
geno chr6.32536245 gbr  0 1 2 0 2 2 0 2 2 0 2 2 2 0 2 2 0 2 1 0 2 2 0 2 1 2 2 2 2 2 2 1 0 2 2 2 2 2 1 0 2 1 2 2 2 1 2 2 2 0 0 2 2 0 2 0 1 1 0 2 1 2 0 2 2 2 2 1 2 2 2 0 2 2 2 2 1 2 2 2 1 2 2 2
geno chr6.32536245 tsi  2 2 2 0 2 2 2 1 2 1 2 0 2 1 0 2 2 2 1 2 0 2 1 2 2 2 2 2 2 2 2 0 2 0 2 2 2 2 2 1 2 2 2 2 2 2 2 2 0 2 2 1 2 2 2 2 0 1 2 1 1 2 0 2 0 2 2 2 0 2 0 2 2 2 2 2 2 2 0 0 0 2 1 2 0 0 2 0 2 2 2 2
geno chr6.32536245 yri  1 0 2 2 0 1 0 2 0 2 1 0 0 2 2 0 0 1 0 2 2 2 2 2 2 2 0 2 0 0 2 2 2 0 0 0 2 2 0 2 0 2 2 2 2 2 2 0 0 2 2 2 0 2 2 2 0 0 2 2 2 2 2 2 2 2 2 1 1 2 2 2 0 0 2 0 2
geno chr6.32536257 ceu  2 2 2 2 2 0 0 2 2 1 2 2 2 2 0 2 2 2 0 2 0 0 2 0 2 0 0 0 1 1 2 1 1 1 2 2 2 2 0 2 2 2 2 1 2 2 2 2 2 1 2 0 2 2 2 2 2 1 0 2 0 1 2 2 2 2 1 2 2 0 2 2 0 2 0 0 0 2
geno chr6.32536257 fin  2 0 2 2 1 0 1 2 2 2 2 2 0 2 2 2 2 0 2 0 2 2 2 0 2 0 2 2 2 0 2 2 2 2 1 2 2 2 2 1 1 0 1 2 2 1 2 2 2 2 2 1 2 2 1 2 2 2 1 2 2 0 2 0 2 2 1 0 0 1 0 2 2 1 2 2 2 2 2 2 2 2 2 0 2 1 0 2 2
geno chr6.32536257 gbr  0 1 2 0 2 2 0 2 2 0 2 2 2 0 2 2 0 2 1 0 1 2 0 2 1 2 2 2 2 2 2 2 0 2 2 2 2 2 1 0 2 1 2 2 2 1 2 2 2 0 0 2 2 1 2 0 1 1 0 2 2 2 0 2 2 2 2 1 2 2 2 0 2 2 2 2 2 2 2 2 1 2 2 2
geno chr6.32536257 tsi  2 2 2 0 2 2 2 1 2 1 2 0 2 2 0 2 2 2 1 2 0 2 2 2 2 2 2 2 2 2 2 1 2 0 2 2 2 2 2 1 2 2 2 2 2 2 2 2 0 2 2 1 2 2 2 2 0 2 2 1 1 2 0 2 0 2 2 2 0 2 0 2 2 2 2 2 2 2 0 0 0 2 1 2 0 0 2 0 2 2 2 2
geno chr6.32536257 yri  1 0 2 2 0 1 0 2 0 2 2 0 0 2 2 0 1 1 0 2 2 2 2 2 2 2 0 2 0 0 2 2 2 0 0 0 2 2 0 2 0 2 2 2 2 2 2 0 0 2 2 2 0 2 2 2 0 1 2 2 2 2 2 2 2 2 2 1 1 2 2 2 0 0 2 0 2
geno chr6.32536259 ceu  0 0 2 0 0 0 0 1 2 0 0 0 0 0 0 1 0 0 0 2 0 0 1 0 0 0 0 0 0 1 2 0 0 1 2 1 0 2 0 0 0 0 0 0 0 2 2 0 2 0 2 0 0 0 0 1 0 0 0 1 0 0 0 0 0 1 0 1 0 0 1 2 0 2 0 0 0 0
geno chr6.32536259 fin  0 0 0 2 0 0 0 2 0 2 0 1 0 2 2 1 0 0 0 0 2 0 0 0 0 0 0 2 0 0 1 0 1 0 1 0 2 0 0 0 1 0 0 0 0 0 2 0 1 2 2 0 2 2 0 1 1 0 0 1 0 0 0 0 1 0 0 0 0 1 0 0 0 0 0 0 0 0 0 2 2 0 0 0 0 0 0 2 1
geno chr6.32536259 gbr  0 1 2 0 0 0 0 2 2 0 2 0 2 0 0 2 0 2 1 0 0 0 0 2 1 0 1 0 1 1 0 0 0 1 2 0 0 0 0 0 0 0 0 1 1 0 0 0 0 0 0 0 0 1 0 0 0 0 0 1 1 2 0 2 2 0 0 0 0 2 0 0 0 1 1 1 1 0 1 0 1 0 2 0
geno chr6.32536259 tsi  1 1 2 0 2 0 1 0 0 1 0 0 2 1 0 2 1 2 0 2 0 1 2 0 2 0 2 1 1 2 2 1 2 0 1 2 1 2 1 1 2 2 0 0 1 0 0 2 0 0 1 0 0 2 1 1 0 0 1 1 1 2 0 2 0 0 1 1 0 0 0 1 0 0 1 0 2 2 0 0 0 0 1 2 0 0 2 0 2 0 2 2
geno chr6.32536259 yri  1 0 2 2 0 0 0 2 0 0 2 0 0 2 2 0 1 1 0 1 2 2 2 2 1 2 0 2 0 0 1 2 0 0 0 0 1 1 0 0 0 0 1 2 0 1 2 0 0 2 0 1 0 1 2 1 0 1 2 2 2 2 2 0 0 1 2 0 1 2 1 1 0 0 2 0 1
geno chr6.32536262 ceu  0 0 0 2 0 0 0 0 0 0 2 0 0 0 0 0 0 0 0 0 0 0 1 0 0 0 0 0 1 0 0 0 1 0 0 0 0 0 0 0 2 0 0 1 0 1 0 2 0 0 0 0 2 0 2 1 0 1 0 0 0 1 0 0 0 0 1 0 1 0 1 0 0 0 0 0 0 0
geno chr6.32536262 fin  0 0 2 0 0 0 1 0 2 0 0 0 0 0 0 1 0 0 2 0 0 2 0 0 2 0 0 0 2 0 0 0 0 2 0 2 0 2 0 1 0 0 0 2 2 0 0 0 1 0 0 1 0 0 1 0 1 2 0 0 2 0 2 0 1 2 0 0 0 0 0 2 0 1 1 2 0 0 0 0 0 1 0 0 2 0 0 0 1
geno chr6.32536262 gbr  0 0 0 0 2 1 0 0 0 0 0 0 0 0 1 0 0 0 0 0 0 0 0 0 0 0 1 2 0 0 0 0 0 0 0 2 0 2 0 0 2 0 2 0 1 0 1 0 1 0 0 0 0 0 2 0 0 0 0 0 0 0 0 0 0 1 0 0 0 0 0 0 0 0 0 0 0 1 0 0 0 0 0 0
geno chr6.32536262 tsi  0 1 0 0 0 0 0 0 0 0 0 0 0 0 0 1 0 0 0 0 0 0 0 2 0 0 0 0 0 0 0 0 0 0 1 0 1 0 0 0 0 0 2 1 0 2 0 0 0 0 1 0 0 0 0 0 0 0 0 0 0 0 0 0 0 0 0 0 0 2 0 1 0 2 0 0 0 0 0 0 0 2 0 0 0 0 0 0 0 2 0 0
geno chr6.32536262 yri  0 0 0 0 0 0 0 0 0 0 0 0 0 0 0 0 0 0 0 1 0 0 0 0 1 0 0 0 0 0 0 0 2 0 0 0 0 0 0 0 0 0 0 0 2 0 0 0 0 0 0 0 0 0 0 0 0 0 0 0 0 0 0 1 0 0 0 0 0 0 0 1 0 0 0 0 1
geno chr6.32536287 ceu  2 1 0 0 0 0 0 1 0 0 0 1 1 1 0 2 0 1 0 0 0 0 0 0 2 0 0 0 0 0 0 1 0 0 0 1 1 0 0 0 0 2 1 0 2 0 0 0 0 2 0 0 0 2 0 0 0 0 0 0 0 0 1 2 1 0 0 0 0 0 0 0 0 0 0 0 0 2
geno chr6.32536287 fin  2 0 0 0 0 0 0 0 0 0 0 1 0 0 0 0 1 0 0 0 0 0 1 0 0 0 1 0 0 0 1 1 0 1 0 0 0 0 1 0 0 0 0 0 0 1 0 0 0 0 0 0 0 0 0 0 0 0 1 1 1 0 0 0 0 0 0 0 0 0 0 0 2 0 0 0 1 0 0 0 0 1 0 0 0 2 0 0 0
geno chr6.32536287 gbr  0 0 0 0 0 0 0 0 0 0 0 1 0 0 0 0 0 0 0 0 1 1 0 0 0 0 0 0 1 1 0 2 0 0 0 0 2 0 1 0 0 1 0 1 0 1 1 2 1 0 0 2 0 0 0 0 1 0 0 0 0 0 0 0 0 1 0 0 2 0 2 0 0 1 1 1 1 1 1 2 0 2 0 0
geno chr6.32536287 tsi  0 0 0 0 0 0 0 0 0 0 2 0 0 0 0 0 0 0 1 0 0 0 0 0 0 2 0 0 1 0 0 0 0 0 1 0 0 0 0 0 0 0 0 1 0 0 2 0 0 2 0 1 0 0 1 0 0 2 1 0 0 0 0 0 0 1 0 0 0 0 0 0 0 0 0 1 0 0 0 0 0 0 0 0 0 0 0 0 0 0 0 0
geno chr6.32536287 yri  0 0 0 0 0 0 0 0 0 0 0 0 0 0 0 0 0 0 0 0 0 0 0 0 0 0 0 0 0 0 0 0 0 0 0 0 1 1 0 0 0 0 0 0 0 0 0 0 0 0 1 0 0 0 0 0 0 0 0 0 0 0 0 0 2 1 0 0 0 0 1 0 0 0 0 0 0
geno chr6.32536306 ceu  0 0 2 0 1 0 0 2 2 1 0 0 1 1 1 0 0 0 0 2 0 0 1 0 0 0 0 0 0 1 2 0 0 2 2 2 0 2 0 0 0 0 0 0 0 2 2 0 2 0 2 0 0 0 0 1 0 0 0 2 0 0 1 0 0 1 0 2 0 0 1 2 1 2 0 0 0 0
geno chr6.32536306 fin  0 0 0 2 0 0 0 2 0 2 1 1 0 2 2 0 0 0 0 0 2 1 0 0 0 0 0 2 0 0 1 0 1 0 1 0 2 0 0 0 1 0 1 0 0 0 2 0 1 2 2 0 2 2 0 2 1 0 0 1 0 0 0 0 1 0 1 0 0 1 0 0 0 0 0 0 0 0 0 2 2 0 2 0 0 0 0 2 1
geno chr6.32536306 gbr  0 1 2 0 0 1 0 2 2 1 2 0 2 0 1 2 0 2 1 0 0 0 0 2 1 0 1 0 0 1 2 0 0 1 2 1 0 0 0 0 1 1 0 1 0 0 0 0 0 0 0 0 2 1 0 0 0 0 0 2 2 2 0 2 2 0 1 0 0 2 0 1 0 1 1 1 1 0 1 0 0 0 2 2
geno chr6.32536306 tsi  2 1 2 0 2 2 1 0 2 0 0 1 2 2 0 1 2 2 0 2 0 2 2 0 2 0 2 1 1 2 2 1 1 1 1 2 1 2 1 1 2 2 0 0 2 0 0 2 0 0 1 0 2 2 1 2 0 0 1 1 1 2 1 2 0 0 2 1 1 0 0 1 1 0 2 2 2 2 0 0 0 0 1 2 0 0 2 0 2 0 2 2
geno chr6.32536306 yri  1 0 2 2 0 1 0 2 0 2 2 1 0 2 2 0 1 2 0 0 2 2 2 2 1 2 0 2 1 0 2 2 0 0 0 0 1 0 0 2 1 2 1 2 0 2 2 0 0 2 1 2 0 2 2 2 0 0 2 2 2 2 2 0 0 1 2 1 1 2 1 0 0 1 2 0 1
geno chr6.32536315 ceu  2 1 0 0 1 0 1 0 0 0 0 1 1 1 0 2 1 1 0 0 0 0 0 0 2 0 0 0 0 0 0 1 0 0 0 0 0 0 0 1 0 2 1 0 2 0 0 0 0 2 0 0 0 2 0 0 1 0 0 0 0 0 0 2 1 0 0 0 0 0 0 0 0 0 0 0 0 2
geno chr6.32536315 fin  2 0 0 0 1 0 0 0 0 0 0 1 0 0 0 0 2 0 0 0 0 0 1 0 0 0 1 0 0 0 0 1 0 0 0 0 0 0 1 0 0 0 0 0 0 2 0 0 0 0 0 0 0 0 0 0 0 0 1 0 0 0 0 0 0 0 0 0 0 0 0 0 2 0 0 0 1 0 0 0 0 0 0 0 0 2 0 0 0
geno chr6.32536315 gbr  0 0 0 0 0 0 0 0 0 0 0 1 0 0 0 0 0 0 0 0 1 2 0 0 0 0 0 0 0 0 0 2 0 1 0 0 2 0 1 0 0 1 0 1 0 1 1 2 0 0 0 2 0 0 0 1 1 0 0 0 0 0 0 0 0 0 1 0 2 0 2 0 1 1 0 1 1 1 0 2 0 2 0 0
geno chr6.32536315 tsi  0 0 0 0 0 0 0 0 0 0 2 0 0 0 0 1 0 0 1 0 0 0 0 0 0 2 0 0 1 0 0 0 1 0 0 0 0 0 0 0 0 0 0 1 0 0 2 0 0 2 0 1 0 0 0 0 0 2 0 0 0 0 0 0 0 1 0 1 0 0 0 0 0 0 0 0 0 0 0 0 0 0 0 0 0 0 0 0 0 0 0 0
geno chr6.32536315 yri  0 0 0 0 0 0 0 0 0 0 0 0 0 0 0 0 0 0 0 0 0 0 0 0 0 0 0 0 0 0 0 0 0 1 0 0 1 0 0 0 0 0 1 0 0 0 0 0 0 0 1 0 0 0 0 0 0 0 0 0 0 0 0 0 2 0 0 0 0 0 0 0 0 0 0 0 0
geno chr6.32536340 ceu  2 1 0 0 1 0 0 0 0 0 0 1 1 1 0 1 1 1 0 0 0 0 0 0 1 0 0 0 0 0 0 0 0 0 0 0 0 0 0 0 0 1 1 0 2 0 0 0 0 2 0 0 0 1 0 0 1 0 0 0 0 0 0 1 1 0 0 0 0 0 0 0 0 0 0 0 0 1
geno chr6.32536340 fin  1 0 0 0 0 0 0 0 0 0 0 1 1 0 0 0 1 0 0 0 0 0 0 0 0 0 1 0 0 0 0 0 0 0 0 0 0 0 1 0 0 0 0 0 0 1 0 0 0 0 0 0 0 0 0 0 0 0 1 0 0 0 0 0 0 1 0 0 0 0 0 0 2 0 0 0 1 0 0 0 0 0 0 0 0 0 0 0 0
geno chr6.32536340 gbr  0 0 0 0 0 0 0 0 0 0 0 1 0 0 0 0 0 0 0 0 1 2 0 0 0 0 0 0 0 0 0 1 0 0 0 0 2 0 1 0 0 0 0 0 0 1 0 1 0 0 0 2 0 0 0 1 1 0 0 0 0 0 0 0 0 0 0 0 2 0 1 0 0 1 0 0 1 1 0 1 0 2 0 0
geno chr6.32536340 tsi  0 0 0 0 0 0 0 0 0 0 1 0 0 0 0 1 0 0 1 0 0 0 0 0 0 1 0 0 1 0 0 0 1 0 0 0 0 0 0 0 0 0 0 1 0 0 2 0 0 2 0 0 0 0 0 0 0 2 0 0 0 0 0 0 0 1 0 0 0 0 0 0 0 0 0 0 0 0 0 0 0 0 0 0 0 0 0 0 0 0 0 0
geno chr6.32536340 yri  0 0 0 0 0 0 0 0 0 0 0 0 0 0 0 0 0 0 0 0 0 0 0 0 0 0 0 0 0 0 0 0 0 1 0 0 1 0 0 0 0 0 1 0 0 0 0 0 0 0 1 0 0 0 0 0 0 0 0 0 0 0 0 0 2 0 0 0 0 0 0 0 0 0 0 0 0
geno chr6.32536348 ceu  2 2 2 0 2 0 1 2 2 1 0 2 2 2 1 2 1 2 0 2 0 0 1 0 2 1 0 0 0 1 2 2 1 2 2 2 0 2 1 0 1 2 2 0 2 2 2 0 2 2 2 0 0 1 0 1 2 0 0 2 1 0 2 2 1 2 0 2 0 0 1 2 1 2 0 0 0 2
geno chr6.32536348 fin  2 0 0 2 1 0 0 2 0 2 1 2 0 2 2 0 2 0 0 0 2 1 2 0 0 0 1 2 0 0 2 1 2 0 1 0 2 0 1 0 1 0 1 0 0 1 2 0 1 2 2 0 2 2 0 2 1 0 1 2 0 0 1 0 1 0 1 0 0 2 0 0 2 0 0 0 2 0 0 2 2 0 2 0 0 2 0 2 1
geno chr6.32536348 gbr  1 2 2 0 1 1 0 2 2 0 2 2 2 1 1 2 0 2 1 0 1 2 0 2 1 2 1 0 0 2 2 2 0 2 2 1 2 0 1 0 1 2 0 2 0 1 0 2 0 0 0 2 2 1 0 0 1 0 1 2 2 2 0 2 2 0 2 0 2 2 2 1 2 2 2 2 2 1 2 2 0 2 2 2
geno chr6.32536348 tsi  2 1 2 0 2 2 2 1 2 1 2 1 2 2 0 2 2 2 2 2 1 2 2 1 2 2 2 2 2 2 2 1 2 1 1 2 1 2 1 1 2 2 0 1 2 0 2 2 0 1 1 2 2 2 2 2 0 1 2 1 1 2 1 2 0 2 2 1 1 1 0 1 1 0 2 2 2 2 0 0 0 0 0 2 0 0 2 0 2 0 2 2
geno chr6.32536348 yri  1 0 2 2 0 2 1 2 1 2 2 1 0 2 2 0 1 2 0 1 2 2 2 2 1 2 0 2 1 1 2 2 1 0 0 0 2 0 0 2 1 2 2 2 1 2 2 0 1 2 2 2 0 2 2 2 0 1 2 2 2 2 2 1 2 2 2 1 2 2 2 0 1 0 2 0 1
geno chr6.32536355 ceu  2 0 0 0 0 0 1 0 0 0 0 1 1 1 0 1 0 1 0 0 0 0 0 0 2 0 0 0 0 0 0 0 0 0 0 0 0 0 0 0 1 1 1 0 1 0 0 0 0 1 0 0 0 0 0 0 0 0 0 0 0 0 0 1 0 0 0 0 0 0 0 0 0 0 0 0 0 2
geno chr6.32536355 fin  1 0 0 0 1 0 0 0 0 0 0 1 0 0 0 0 1 0 0 0 0 0 0 0 0 0 1 0 0 0 0 1 0 0 0 0 0 0 1 0 0 0 0 0 0 1 0 0 0 0 1 0 0 0 0 0 0 0 1 0 0 0 0 0 0 0 0 0 0 0 0 0 1 0 0 0 1 0 0 0 0 0 0 0 0 1 0 0 0
geno chr6.32536355 gbr  0 0 0 0 0 0 0 0 0 0 0 1 0 0 0 0 0 0 0 0 1 1 0 0 0 0 0 0 0 0 0 1 0 0 0 0 1 0 1 0 0 0 0 0 0 1 0 1 0 0 0 1 0 0 0 0 1 0 0 0 0 0 0 0 0 0 0 0 1 0 1 0 0 1 0 0 1 1 0 2 0 2 0 0
geno chr6.32536355 tsi  0 0 0 0 0 0 0 0 0 0 1 0 0 0 0 1 0 0 0 0 0 0 0 0 0 2 0 1 1 0 0 0 0 0 0 0 0 0 0 0 0 0 0 1 0 0 0 0 0 1 0 0 0 0 0 0 0 1 0 0 0 0 0 0 0 0 0 0 0 1 0 0 0 0 0 0 0 0 0 0 0 0 0 0 0 0 0 0 0 0 0 0
geno chr6.32536355 yri  0 0 0 0 0 0 0 0 0 0 0 0 0 0 0 0 0 0 0 0 0 0 0 0 0 0 0 0 0 0 0 0 1 0 0 0 0 0 0 0 0 0 0 0 0 0 0 0 0 0 0 0 0 0 0 0 0 0 0 0 0 0 0 0 2 0 0 0 0 0 0 0 0 0 0 0 0
geno chr6.32536357 ceu  2 0 0 2 0 0 1 0 0 0 2 2 1 1 0 1 0 1 0 0 0 0 1 1 2 0 1 0 2 0 0 0 2 0 0 0 2 0 0 2 2 2 1 1 1 0 0 2 0 1 0 0 2 0 2 1 0 2 0 0 0 1 0 1 0 0 1 0 2 0 1 0 0 0 0 0 0 2
geno chr6.32536357 fin  1 0 2 0 1 0 1 0 2 0 1 1 0 0 0 2 1 0 2 0 0 1 0 0 2 0 1 0 2 0 0 2 0 2 0 2 0 2 2 1 0 0 0 2 2 1 0 2 2 0 0 1 0 0 1 0 1 2 1 0 2 0 2 0 1 2 0 0 0 0 0 2 1 1 2 2 1 2 2 0 0 2 0 0 2 1 0 0 1
geno chr6.32536357 gbr  0 0 0 0 1 1 0 0 0 0 0 1 0 0 1 0 0 0 0 0 1 1 0 0 0 0 1 2 2 0 0 1 0 0 0 1 1 2 1 0 1 0 2 0 2 1 2 2 2 0 0 1 0 0 2 0 1 0 0 0 0 0 0 0 0 2 0 0 0 0 1 0 1 0 0 0 0 2 0 2 0 0 0 0
geno chr6.32536357 tsi  0 1 0 0 0 0 0 0 0 0 1 0 0 0 0 1 0 1 1 0 0 0 0 2 0 2 0 1 1 0 0 0 0 0 1 0 1 0 1 0 0 0 2 2 0 2 2 0 0 1 1 0 0 0 0 0 0 1 0 0 0 0 0 0 0 0 0 1 0 2 0 2 1 2 0 0 0 0 0 0 0 2 0 0 0 0 0 0 0 2 0 1
geno chr6.32536357 yri  0 0 0 0 0 0 0 0 0 0 0 0 0 0 0 0 0 0 0 1 0 0 0 0 1 0 0 0 0 0 0 0 2 0 0 0 0 2 0 0 0 0 0 0 1 0 0 0 0 0 0 0 0 0 0 0 0 0 0 0 0 0 0 1 2 0 0 0 0 0 0 2 0 0 0 0 1
geno chr6.32536370 ceu  2 2 2 2 2 0 0 2 2 1 2 2 2 2 0 2 1 2 0 2 0 0 2 1 2 1 1 0 2 0 2 2 2 2 2 2 2 2 1 2 2 2 2 1 2 2 2 2 2 2 2 0 2 1 2 2 2 2 0 2 1 1 2 2 2 2 1 2 2 0 2 2 0 2 0 2 0 2
geno chr6.32536370 fin  2 2 2 2 1 0 1 2 2 2 2 2 0 2 2 2 2 0 2 0 2 2 2 0 2 0 1 2 2 0 2 2 2 2 1 2 2 2 2 1 1 0 1 2 2 1 2 2 2 2 2 1 2 2 1 2 2 2 1 2 2 0 2 0 2 2 0 0 0 2 0 2 1 1 2 2 2 2 2 2 2 2 2 2 2 1 0 2 2
geno chr6.32536370 gbr  0 2 2 0 2 2 0 2 2 0 2 2 2 1 2 2 0 2 0 0 1 2 0 2 1 2 2 2 2 2 2 2 0 2 2 2 2 2 1 0 2 2 2 2 2 1 2 2 2 0 0 2 2 0 2 0 1 0 0 2 2 2 0 2 2 2 2 0 2 2 2 1 1 2 2 2 2 2 2 2 0 2 2 2
geno chr6.32536370 tsi  2 2 2 1 2 2 2 1 2 1 2 1 2 2 0 2 2 2 2 2 1 2 2 2 2 2 2 2 2 2 2 0 2 1 2 2 2 2 2 1 2 2 2 2 2 2 2 2 2 1 2 2 2 2 2 2 0 1 2 2 1 2 0 2 2 2 2 2 1 2 0 2 2 2 2 2 2 2 0 0 0 2 2 2 0 0 2 2 2 2 2 2
geno chr6.32536370 yri  1 0 2 2 0 2 1 2 1 2 2 0 0 2 2 0 0 2 0 2 2 2 2 2 2 2 0 2 1 1 2 2 2 0 0 0 2 2 0 2 0 2 2 2 2 2 2 0 0 2 2 2 0 2 2 2 0 0 2 2 2 2 2 2 2 2 2 1 2 2 2 2 1 0 2 0 2
geno chr6.32536382 ceu  0 0 2 0 1 0 0 2 2 0 0 0 1 1 0 0 0 0 0 2 0 0 1 0 0 1 0 0 0 0 2 0 0 2 1 0 0 2 1 0 0 0 0 0 0 2 2 0 2 0 2 0 0 0 0 1 0 0 0 2 1 0 0 0 0 1 0 2 0 0 1 2 0 2 0 0 0 0
geno chr6.32536382 fin  0 0 0 2 0 0 0 2 0 2 0 1 0 2 2 0 0 0 0 0 2 1 0 0 0 0 0 2 0 0 2 0 1 0 1 0 2 0 0 0 1 0 0 0 0 0 2 0 0 2 2 0 2 2 0 1 1 0 0 1 0 0 0 0 0 0 0 0 0 2 0 0 0 0 0 0 0 0 0 2 2 0 0 0 0 0 0 2 0
geno chr6.32536382 gbr  0 1 2 0 0 0 0 2 2 0 2 0 2 1 0 2 0 2 0 0 0 0 0 2 1 0 0 0 0 2 0 0 0 1 2 0 0 0 0 0 1 0 0 2 0 0 0 0 0 0 0 0 0 0 0 0 0 0 0 2 2 2 0 2 1 0 0 0 0 2 0 1 0 1 2 1 1 0 2 0 0 0 2 0
geno chr6.32536382 tsi  2 1 2 0 2 0 1 0 0 1 0 0 2 2 0 1 2 2 0 2 1 2 2 0 2 0 2 1 1 2 2 0 2 0 1 2 1 2 1 1 2 2 0 0 1 0 0 2 0 0 1 0 1 2 2 1 0 0 2 0 1 2 0 2 0 0 1 1 1 0 0 0 1 0 1 1 2 2 0 0 0 0 0 2 0 0 2 0 2 0 2 2
geno chr6.32536382 yri  1 0 2 2 0 1 1 2 1 1 2 0 0 2 2 0 0 1 0 1 1 2 2 2 0 2 0 2 1 1 1 2 0 0 0 0 2 0 0 0 0 2 1 2 0 2 2 0 0 2 2 2 0 2 2 1 0 0 2 2 2 2 2 1 0 2 2 0 1 2 2 1 1 0 2 0 1
geno chr6.32536389 ceu  0 1 2 0 2 0 0 2 2 1 0 0 1 1 0 1 1 0 0 2 0 0 1 0 0 1 0 0 0 0 2 0 0 2 2 2 0 2 1 0 0 0 0 0 1 2 2 0 2 1 2 0 0 0 0 1 2 0 0 2 1 0 1 0 0 1 0 2 0 0 1 2 0 2 0 0 0 0
geno chr6.32536389 fin  1 0 0 2 0 0 0 2 0 2 1 1 0 2 2 0 0 0 0 0 2 1 0 0 0 0 0 2 0 0 2 0 2 0 1 0 2 0 0 0 1 0 1 0 0 0 2 0 0 2 2 0 2 2 0 2 1 0 0 2 0 0 0 0 0 0 0 0 0 2 0 0 0 0 0 0 1 0 0 2 2 0 2 0 0 0 0 2 1
geno chr6.32536389 gbr  0 2 2 0 0 1 0 2 2 0 2 1 2 1 1 2 0 2 1 0 0 1 0 2 1 0 0 0 0 2 2 0 0 2 2 0 0 0 0 0 1 2 0 2 0 0 0 0 0 0 0 0 2 0 0 0 0 0 0 2 2 2 0 2 2 0 2 0 0 2 1 1 0 2 2 2 2 0 2 0 0 0 2 2
geno chr6.32536389 tsi  2 1 2 0 2 2 1 1 2 1 0 0 2 2 0 1 2 2 0 2 1 2 2 0 2 0 2 1 1 2 2 0 2 1 1 2 1 2 1 1 2 2 0 0 2 0 0 2 0 0 1 1 2 2 2 2 0 0 2 0 1 2 0 2 0 1 2 1 1 1 0 0 1 0 2 2 2 2 0 0 0 0 0 2 0 0 2 0 2 0 2 2
geno chr6.32536389 yri  1 0 2 2 0 2 1 2 1 2 2 0 0 1 2 0 0 2 0 1 2 2 2 2 0 2 0 2 1 1 2 2 0 0 0 0 2 0 0 2 0 2 1 2 0 2 2 0 0 2 2 2 0 2 2 2 0 0 2 2 2 2 2 1 0 2 2 0 2 2 2 1 1 1 2 0 1
geno chr6.32536438 ceu  0 0 0 0 1 0 0 0 0 0 0 0 0 0 0 0 0 0 0 1 0 0 0 0 1 0 0 0 0 0 1 0 0 0 1 0 0 0 0 0 0 0 1 0 0 0 0 0 0 0 1 0 0 0 0 0 0 0 0 0 0 0 0 0 0 1 0 0 0 0 0 0 0 1 0 0 0 0
geno chr6.32536438 fin  0 1 0 0 0 0 0 0 0 0 0 0 0 0 0 0 0 0 0 0 2 1 0 0 0 0 0 0 0 0 0 0 1 0 0 0 0 0 0 0 0 0 0 0 0 0 0 0 0 0 1 0 0 0 0 0 0 0 1 0 0 0 0 0 0 0 0 0 0 0 0 0 0 0 0 0 0 0 0 2 0 0 0 0 0 0 0 0 0
geno chr6.32536438 gbr  0 0 1 0 0 0 0 0 0 0 0 0 0 0 1 0 0 0 0 0 0 0 0 0 0 0 0 0 0 0 0 0 0 0 0 0 0 0 0 0 0 0 0 0 0 0 0 0 0 0 0 0 0 0 0 0 0 0 0 0 0 0 0 0 0 0 0 0 1 0 0 1 0 0 0 0 0 0 0 0 0 0 1 0
geno chr6.32536438 tsi  0 0 0 0 0 0 0 0 0 0 0 0 0 0 0 0 0 1 0 0 0 0 0 0 0 0 0 0 0 0 0 0 0 0 0 0 0 0 0 0 0 0 0 0 0 0 0 0 0 1 0 0 0 0 0 0 0 0 1 0 0 0 0 0 0 0 0 0 0 0 0 0 0 0 0 0 0 0 0 0 0 0 0 0 0 0 0 0 0 0 0 1
geno chr6.32536438 yri  0 0 0 0 0 0 0 0 0 0 0 0 0 0 0 0 0 0 0 0 0 0 1 0 0 0 0 0 0 0 0 0 0 0 0 0 1 0 0 0 0 0 0 0 0 1 0 0 0 0 0 0 0 0 0 0 0 0 0 0 0 0 0 0 0 0 0 1 0 0 0 1 1 1 1 0 0
geno chr6.32536450 ceu  2 1 2 0 2 0 0 2 2 1 0 1 1 2 0 2 1 1 0 2 0 0 1 0 1 1 0 0 0 0 2 0 0 2 2 2 1 2 1 0 0 2 0 0 0 2 2 0 2 1 2 0 0 1 0 0 2 0 0 2 0 0 2 1 1 1 0 2 0 0 1 2 0 2 0 0 0 0
geno chr6.32536450 fin  2 0 0 2 0 0 0 2 0 2 1 1 0 2 2 0 0 0 0 0 2 1 0 0 0 0 1 2 0 0 2 1 2 0 1 0 2 0 0 0 1 0 0 0 0 0 2 0 0 2 2 0 2 2 0 2 1 0 1 2 0 0 0 0 0 0 0 0 0 2 0 0 0 0 0 0 1 0 0 2 2 0 2 0 0 0 0 2 0
geno chr6.32536450 gbr  0 2 2 0 0 1 0 2 2 0 2 1 2 0 1 2 0 2 0 0 0 1 0 2 1 1 0 0 0 2 2 0 0 2 2 0 0 0 1 0 0 2 0 2 0 1 0 0 0 0 0 1 2 0 0 0 1 1 0 2 2 2 0 2 2 0 2 0 1 2 0 0 0 2 2 2 2 0 2 0 0 1 2 1
geno chr6.32536450 tsi  2 1 2 0 1 2 1 1 2 1 0 0 2 2 0 2 2 2 0 2 1 2 1 0 2 0 2 2 2 2 2 0 2 1 1 2 0 2 1 1 2 2 0 0 2 0 1 2 0 1 1 1 2 2 2 2 0 2 2 0 0 2 0 2 0 1 2 0 1 0 0 0 1 0 2 2 2 2 0 0 0 0 0 2 0 0 2 0 2 0 2 2
geno chr6.32536450 yri  0 0 2 2 0 2 0 2 0 2 1 0 0 2 2 0 0 2 0 1 2 2 2 2 0 2 0 2 0 0 1 2 0 0 0 0 2 0 0 2 0 2 2 2 0 2 2 0 0 2 2 1 0 2 2 2 0 0 2 2 2 2 2 1 0 2 2 0 2 2 2 1 1 1 2 0 1
geno chr6.32536466 ceu  0 0 2 2 1 0 0 2 2 1 2 1 1 0 0 0 1 1 0 1 0 0 2 1 1 0 1 0 2 0 1 0 2 1 0 2 2 2 1 2 2 0 2 1 1 2 2 2 1 0 1 0 2 0 2 2 1 1 0 2 0 1 2 0 1 1 1 1 2 0 2 2 0 1 0 0 0 1
geno chr6.32536466 fin  1 0 2 2 0 0 1 2 2 2 1 1 0 2 2 2 1 0 2 0 0 2 0 0 2 0 1 1 2 0 1 1 1 2 1 2 2 2 1 1 1 0 0 2 2 1 2 2 2 2 1 1 2 2 1 2 2 2 0 2 2 0 2 0 2 2 0 0 0 2 0 2 1 1 1 2 0 2 2 0 2 2 2 0 2 1 0 2 2
geno chr6.32536466 gbr  0 2 1 0 2 2 0 2 2 0 2 1 2 0 1 1 0 2 0 0 0 2 0 2 1 0 2 2 2 2 1 0 0 1 2 2 2 2 0 0 2 2 2 1 2 0 2 0 2 0 0 2 2 0 2 0 0 0 0 2 1 2 0 2 2 2 2 0 2 1 2 0 0 1 2 2 2 1 2 2 0 1 1 0
geno chr6.32536466 tsi  2 2 1 0 1 2 1 1 2 0 1 0 2 0 0 0 2 2 1 2 0 2 1 2 2 1 2 2 1 2 2 0 2 1 2 2 2 2 2 0 2 2 2 1 2 2 1 2 0 0 2 0 2 1 2 1 0 1 1 0 0 2 0 2 0 1 2 2 1 2 0 2 2 2 1 2 2 2 0 0 0 2 0 2 0 0 2 1 2 2 2 2
geno chr6.32536466 yri  0 0 2 2 0 2 0 2 0 2 2 0 0 1 2 0 0 1 0 2 2 2 2 2 2 2 0 2 0 0 2 2 2 0 0 0 1 2 0 2 0 2 1 2 2 1 2 0 0 2 2 2 0 2 2 2 0 0 2 2 2 2 2 2 1 2 2 0 2 2 2 1 0 0 1 0 2
geno chr6.32536478 ceu  2 1 0 2 1 0 0 0 0 0 2 2 1 1 0 2 1 0 0 1 0 0 1 1 2 0 1 0 2 0 0 0 2 0 2 0 1 0 0 2 2 2 1 1 2 0 0 2 1 1 1 0 2 1 2 2 1 2 0 0 0 1 1 2 1 0 1 0 2 0 2 0 0 0 0 0 0 2
geno chr6.32536478 fin  0 0 2 0 1 0 1 0 2 0 2 1 0 0 0 2 0 0 2 0 1 2 0 0 2 0 0 1 2 0 0 1 1 2 0 2 0 2 0 1 0 0 0 2 2 2 0 2 2 0 0 1 0 0 1 0 1 2 1 0 2 0 2 0 2 2 0 0 0 0 0 2 2 1 1 2 1 2 2 2 0 2 1 0 2 0 0 1 2
geno chr6.32536478 gbr  0 0 1 0 2 1 0 0 0 0 0 1 0 0 2 0 0 0 0 0 1 1 0 0 0 1 2 2 2 0 1 0 0 0 0 2 0 2 0 0 2 0 2 1 2 1 2 1 2 0 0 1 0 0 2 0 1 0 0 0 0 1 0 0 0 2 0 0 0 1 1 0 0 0 0 0 0 2 0 2 0 2 1 2
geno chr6.32536478 tsi  0 1 0 0 0 0 1 0 0 0 1 0 0 0 0 1 0 0 0 0 0 0 0 2 0 1 0 0 1 0 0 0 0 0 1 0 2 0 1 0 0 0 2 2 0 2 1 0 0 2 2 0 0 0 0 0 0 1 0 0 0 0 0 0 0 0 0 2 0 2 0 2 1 2 0 0 0 0 0 0 0 2 0 0 0 0 0 1 0 2 0 0
geno chr6.32536478 yri  0 0 0 0 0 0 0 0 0 0 0 0 0 0 0 0 0 0 0 2 0 0 0 0 2 0 0 0 0 0 0 1 2 0 0 0 0 2 0 0 0 0 0 0 2 1 0 0 0 1 0 1 0 0 0 0 0 0 0 0 0 0 0 2 1 0 0 0 0 0 0 2 0 0 0 0 2
geno chr6.32536479 ceu  0 0 2 0 1 0 0 2 2 1 0 0 0 0 0 0 1 1 0 1 0 0 1 0 0 0 0 0 0 0 2 0 0 2 0 2 1 2 1 0 0 0 0 0 0 2 2 0 1 1 1 0 0 0 0 0 0 0 0 2 0 0 1 0 1 0 0 1 0 0 0 2 0 1 0 0 0 0
geno chr6.32536479 fin  0 0 0 2 0 0 0 2 0 2 0 1 0 2 2 0 0 0 0 0 1 0 0 0 0 0 1 1 0 0 1 1 1 0 1 0 2 0 1 0 1 0 0 0 0 0 2 0 0 2 1 0 2 2 0 2 1 0 0 2 0 0 0 0 0 0 0 0 0 1 0 0 0 0 0 0 0 0 0 0 2 0 1 0 0 0 0 1 0
geno chr6.32536479 gbr  0 1 1 0 0 1 0 2 2 0 2 0 2 0 0 1 0 2 0 0 0 0 0 2 1 0 0 0 0 2 1 0 0 2 2 0 0 0 0 0 0 2 0 1 0 0 0 0 0 0 0 0 2 0 0 0 0 0 0 2 1 1 0 2 2 0 2 0 0 1 0 0 0 1 2 2 2 0 2 0 0 0 1 0
geno chr6.32536479 tsi  2 1 1 0 1 2 1 1 2 0 0 0 2 1 0 1 2 2 0 2 0 2 1 0 1 0 2 2 1 2 2 0 2 1 1 2 0 2 1 0 2 2 0 0 2 0 0 2 0 0 0 0 2 2 2 1 0 0 1 0 0 2 0 2 0 0 2 0 1 0 0 0 1 0 1 2 2 2 0 0 0 0 0 2 0 0 2 0 2 0 2 2
geno chr6.32536479 yri  0 0 2 2 0 2 0 2 1 2 2 0 0 1 2 0 0 1 0 0 2 2 2 2 0 2 0 2 0 0 0 1 0 0 0 0 1 0 0 2 0 2 1 2 0 1 2 0 0 1 2 1 0 2 2 2 0 0 1 2 2 2 2 0 0 2 2 0 1 2 2 0 0 0 1 0 0
geno chr6.32536492 ceu  1 1 2 0 1 0 0 2 2 1 0 1 1 2 0 1 1 2 0 2 0 0 1 0 1 0 0 0 0 0 2 0 0 2 2 2 1 2 0 0 0 2 0 0 1 2 2 0 2 1 2 0 0 1 0 0 1 0 0 2 0 0 1 1 1 0 0 1 0 0 0 2 0 2 0 0 0 0
geno chr6.32536492 fin  1 0 0 2 0 0 0 2 0 2 1 1 0 2 2 0 0 0 0 0 2 1 1 0 0 0 1 2 0 0 1 2 2 0 1 0 2 0 1 0 1 0 0 0 0 1 2 0 0 2 2 0 2 2 0 2 1 0 2 2 0 0 0 0 0 0 0 0 0 1 0 0 1 0 0 0 0 0 0 2 2 0 1 0 0 0 0 1 0
geno chr6.32536492 gbr  0 0 2 0 0 1 0 2 2 0 2 1 2 0 0 2 0 2 0 0 1 0 0 2 1 2 0 0 0 2 2 0 0 2 2 0 0 0 1 0 0 2 0 2 0 1 0 0 0 0 0 1 2 1 0 0 1 0 0 2 2 2 0 2 2 0 2 0 2 2 0 0 1 2 2 2 2 0 2 0 0 1 2 2
geno chr6.32536492 tsi  2 1 1 0 2 2 2 1 2 0 0 0 2 1 0 2 2 2 0 2 0 2 1 0 2 0 2 2 2 2 2 0 2 1 1 2 0 2 1 0 2 2 0 0 2 0 1 2 0 2 0 1 2 2 2 2 0 2 1 0 0 2 0 2 0 1 2 0 0 0 0 0 1 0 2 2 2 2 0 0 0 0 0 2 0 0 2 0 2 0 2 2
geno chr6.32536492 yri  0 0 2 2 0 2 0 2 1 2 2 0 0 1 2 0 1 1 0 0 2 2 2 2 0 2 0 2 0 0 1 1 0 0 0 0 2 0 0 2 0 2 1 2 0 2 2 0 0 1 2 1 0 2 2 2 0 0 1 2 2 2 2 0 0 2 2 0 1 2 2 0 0 0 2 0 0
geno chr6.32536497 ceu  1 1 2 0 1 0 0 2 2 1 0 1 1 2 0 1 1 2 0 2 0 0 1 0 1 0 0 0 0 0 2 0 0 2 2 2 0 2 0 0 0 2 0 0 1 2 2 0 2 1 2 0 0 1 0 0 1 0 0 2 0 0 2 1 1 0 0 1 0 0 0 2 0 2 0 0 0 0
geno chr6.32536497 fin  1 0 0 2 0 0 0 2 0 2 1 1 0 2 2 0 1 0 0 0 2 1 1 0 0 0 1 2 0 0 2 2 2 0 0 0 2 0 1 0 1 0 0 0 0 1 2 0 0 2 2 0 2 2 0 2 1 0 2 2 0 0 0 0 0 0 0 0 0 1 0 0 1 0 0 0 0 0 0 2 2 0 1 0 0 0 0 1 0
geno chr6.32536497 gbr  0 0 2 0 0 0 0 2 2 0 2 1 1 0 1 2 0 2 0 0 1 0 0 2 1 2 0 0 0 2 2 0 0 2 2 0 1 0 1 0 0 2 0 2 0 1 0 0 0 0 0 1 2 1 0 0 1 0 0 2 2 2 0 2 2 0 2 0 2 2 0 0 1 2 2 2 2 0 2 1 0 1 2 2
geno chr6.32536497 tsi  2 1 1 0 2 2 2 1 2 0 0 0 2 1 0 2 2 2 0 2 0 2 1 0 2 1 2 2 2 2 2 0 2 1 1 2 0 2 1 0 2 2 0 0 2 0 1 2 0 1 0 0 2 2 2 2 0 2 2 0 0 2 0 2 0 1 2 0 0 0 0 0 1 0 2 2 2 2 0 0 0 0 0 2 0 0 2 0 2 0 2 2
geno chr6.32536497 yri  0 0 2 2 0 2 0 2 1 2 2 0 0 1 2 0 1 1 0 0 2 2 2 2 0 2 0 2 0 0 1 1 0 0 0 0 2 0 0 2 0 2 1 2 0 2 2 0 0 1 2 2 0 2 2 2 0 0 1 2 2 2 2 0 0 2 2 0 1 2 2 0 0 0 2 0 0
geno chr6.32536500 ceu  1 1 2 0 1 0 0 2 2 1 0 1 1 2 0 1 1 2 0 2 0 0 1 0 1 0 0 0 0 0 2 0 0 2 2 2 0 2 0 0 0 2 0 0 1 2 2 0 2 1 2 0 0 1 0 0 1 0 0 2 0 0 2 1 1 0 0 1 0 0 0 2 0 2 0 0 0 0
geno chr6.32536500 fin  1 0 0 2 0 0 0 2 0 2 1 1 0 2 2 0 1 0 0 0 2 1 1 0 0 0 1 2 0 0 2 2 2 0 0 0 2 0 1 0 1 0 0 0 0 1 2 0 0 2 2 0 2 2 0 2 1 0 2 2 0 0 0 0 0 0 0 0 0 1 0 0 1 0 0 0 1 0 0 2 2 0 1 0 0 0 0 1 0
geno chr6.32536500 gbr  0 0 2 0 0 0 0 2 2 0 2 1 1 0 1 2 0 2 0 0 1 0 0 2 1 2 0 0 0 2 2 0 0 2 2 0 1 0 1 0 0 2 0 2 0 1 0 1 0 0 0 1 1 1 0 0 1 0 0 2 2 2 0 2 2 0 2 0 1 2 0 0 1 2 2 2 2 0 2 1 0 1 2 2
geno chr6.32536500 tsi  2 1 1 0 2 2 2 0 2 0 0 0 2 1 0 1 2 2 0 2 0 2 1 0 2 1 2 2 2 2 2 0 2 1 1 2 0 2 1 0 2 2 0 0 2 0 1 2 0 1 0 1 2 2 2 2 0 2 2 0 0 2 0 2 0 1 2 0 0 0 0 0 1 0 2 2 2 2 0 0 0 0 0 2 0 0 2 0 2 0 2 2
geno chr6.32536500 yri  0 0 2 2 0 2 0 2 1 2 2 0 0 1 2 0 1 1 0 0 2 2 2 2 0 2 0 2 0 0 1 1 0 0 0 0 2 0 0 2 0 2 1 2 0 2 2 0 0 1 2 2 0 2 2 2 0 0 1 2 2 2 2 0 0 2 2 0 1 2 2 0 0 0 2 0 0
geno chr6.32536504 ceu  2 1 2 0 1 0 0 2 2 1 0 1 0 2 0 2 1 2 0 2 0 0 1 0 1 0 0 0 0 0 2 0 0 2 2 2 2 2 0 2 0 2 0 0 1 2 2 0 2 1 2 0 0 1 0 0 1 0 0 2 0 0 2 1 0 0 0 1 1 0 0 2 0 1 0 0 0 2
geno chr6.32536504 fin  2 0 0 2 0 0 0 2 0 2 1 2 0 2 2 0 1 0 0 0 2 1 0 0 0 0 1 2 0 0 2 1 2 0 0 0 2 0 0 0 1 0 0 0 0 1 2 2 0 2 2 0 2 2 0 2 1 0 2 2 0 0 0 0 0 0 0 0 0 1 0 0 0 0 0 0 1 2 2 2 2 0 1 0 0 1 0 1 0
geno chr6.32536504 gbr  0 0 2 0 0 0 0 2 2 0 2 1 1 0 1 2 0 2 0 0 1 1 0 2 1 2 0 0 1 2 2 0 0 2 2 0 0 0 0 0 0 2 0 2 0 1 0 2 0 0 0 2 2 1 0 0 1 0 0 2 2 2 0 2 2 0 2 0 1 2 2 0 0 2 2 2 2 0 2 1 0 0 2 2
geno chr6.32536504 tsi  2 1 1 0 2 2 2 1 2 0 1 1 2 1 0 1 2 2 0 2 0 2 1 0 2 0 2 2 2 2 2 0 2 1 1 2 0 2 2 0 2 2 0 0 2 0 1 2 0 2 0 1 2 2 2 2 0 1 2 0 0 2 0 2 0 1 2 2 0 0 0 0 2 0 2 2 2 2 0 0 0 0 0 2 0 0 2 0 2 0 2 2
geno chr6.32536504 yri  0 0 2 2 0 2 0 2 1 2 2 0 0 1 2 0 1 1 0 0 2 2 2 2 0 2 0 2 0 0 1 1 0 0 0 0 2 1 0 2 0 2 1 1 0 2 2 0 0 1 2 2 0 2 2 2 0 0 1 2 2 2 2 0 1 2 2 0 1 2 2 0 0 0 2 0 0
geno chr6.32536543 ceu  2 1 0 0 0 0 0 0 0 0 0 2 0 0 0 1 1 0 0 0 0 0 0 0 1 0 0 0 0 0 0 0 0 0 0 0 0 0 0 0 0 1 0 0 1 0 0 0 0 0 1 0 0 1 0 0 0 0 0 0 0 0 0 0 0 0 0 0 0 0 0 0 0 0 0 0 1 0
geno chr6.32536543 fin  0 0 0 0 0 0 0 0 0 0 1 0 0 0 0 0 0 0 0 0 1 1 0 0 0 0 0 1 0 0 1 0 0 0 0 0 0 0 0 0 0 0 0 0 1 0 1 0 0 0 0 0 1 0 0 0 1 0 1 0 0 0 0 0 0 0 0 0 0 0 0 0 0 0 0 0 0 0 0 1 0 0 0 0 0 0 0 0 0
geno chr6.32536543 gbr  0 0 0 0 0 0 0 0 0 0 0 0 0 0 0 0 0 0 0 0 1 0 0 0 0 0 0 0 0 0 1 0 0 0 0 0 0 0 0 0 0 0 0 0 0 1 0 0 0 0 0 0 1 0 0 0 1 0 0 0 0 0 0 0 0 1 1 0 0 2 1 0 0 0 0 0 0 0 0 0 0 0 0 0
geno chr6.32536543 tsi  0 0 0 0 0 0 0 0 0 0 1 0 0 0 0 0 0 0 0 0 0 0 0 0 0 0 0 0 0 0 0 0 0 0 0 0 0 0 0 0 0 0 0 0 0 0 1 0 0 1 0 0 0 0 0 0 0 1 0 0 0 0 0 0 0 0 0 0 0 0 0 0 0 0 0 0 0 0 0 0 0 0 0 0 0 0 0 0 0 0 0 0
geno chr6.32536543 yri  0 0 0 0 0 0 0 0 0 1 0 0 0 0 0 0 0 0 0 0 1 0 0 0 0 0 0 0 0 0 0 0 0 0 0 0 0 0 1 0 0 0 0 0 0 1 0 0 0 0 1 0 0 0 0 0 0 0 0 0 0 0 0 0 1 0 0 0 0 0 0 0 0 0 0 0 0
geno chr6.32536546 ceu  2 1 0 0 0 0 0 0 0 0 0 2 0 0 0 1 0 0 0 0 0 0 0 0 1 0 0 0 0 0 0 0 0 0 0 0 0 0 0 0 0 1 0 0 1 0 0 0 0 0 1 0 0 1 0 0 0 0 0 0 0 0 0 0 0 0 0 0 0 0 0 0 0 0 0 0 1 0
geno chr6.32536546 fin  0 0 0 0 0 0 0 0 0 0 1 0 0 0 0 0 1 0 0 0 1 1 0 0 0 0 0 1 0 0 1 0 0 0 0 0 0 0 0 0 0 0 0 0 1 0 1 0 0 0 0 0 1 0 0 0 1 0 1 0 0 0 0 0 0 0 0 0 0 0 0 0 0 0 0 0 0 0 0 1 0 0 0 0 0 0 0 0 0
geno chr6.32536546 gbr  0 0 0 0 0 0 0 0 0 0 0 0 0 0 0 0 0 0 0 0 1 0 0 0 0 0 0 0 0 0 1 0 0 0 0 0 0 0 0 0 0 0 0 0 0 0 0 0 0 0 0 0 1 0 0 0 1 0 0 0 0 0 0 0 0 1 1 0 0 2 1 0 0 0 0 0 0 0 0 0 0 0 0 0
geno chr6.32536546 tsi  0 0 0 0 0 0 0 0 0 0 1 0 0 0 0 0 0 0 0 0 0 0 0 0 0 0 0 0 0 0 0 0 0 0 0 0 0 0 0 0 0 0 0 0 0 0 1 0 0 1 0 0 0 0 0 0 0 1 0 0 0 0 0 0 0 0 0 0 0 0 0 0 0 0 0 0 0 0 0 0 0 0 0 0 0 0 0 0 0 0 0 0
geno chr6.32536546 yri  0 0 0 0 0 0 0 0 0 1 0 0 0 0 0 0 0 0 0 0 1 0 0 0 0 0 0 0 0 0 0 0 0 0 0 0 0 0 1 0 0 0 0 0 0 1 0 0 0 0 1 0 0 0 0 0 0 0 0 0 0 0 0 0 0 0 0 0 0 0 0 0 0 0 0 0 0
geno chr6.32536555 ceu  2 1 2 0 2 0 0 2 2 1 0 2 1 2 0 2 1 1 0 2 0 0 1 0 1 0 0 0 0 0 2 0 0 2 2 2 0 2 0 0 0 1 1 0 1 2 2 0 2 1 2 0 0 1 0 0 2 0 0 2 0 0 2 1 1 0 0 1 0 0 1 2 0 2 0 0 1 0
geno chr6.32536555 fin  1 0 0 2 0 0 0 2 0 2 1 2 0 2 2 0 1 0 0 0 2 1 2 0 0 0 1 2 0 0 2 1 2 0 1 0 2 0 1 0 1 0 0 0 1 1 2 0 1 2 2 0 2 2 0 2 1 0 2 2 0 0 0 0 0 0 0 0 0 1 0 0 1 0 0 0 1 0 0 2 2 0 1 0 0 0 0 1 0
geno chr6.32536555 gbr  0 0 2 0 0 0 0 2 2 0 2 0 1 0 0 2 0 2 0 0 1 1 0 2 1 1 0 0 0 2 2 2 0 2 2 0 0 0 1 0 0 1 0 2 0 1 0 1 0 0 0 2 1 0 0 0 1 0 0 2 1 2 0 2 2 1 2 1 1 2 0 0 1 2 2 2 2 0 2 1 0 2 2 2
geno chr6.32536555 tsi  2 1 1 0 2 0 2 0 2 0 1 1 2 1 0 1 2 2 0 2 0 2 2 0 2 0 2 1 2 2 2 0 2 1 1 2 0 2 1 0 2 2 0 0 2 0 1 2 0 1 1 1 2 2 2 2 0 1 2 0 0 2 0 2 0 0 2 1 0 0 0 0 1 0 2 2 2 2 0 0 0 0 0 2 0 0 2 0 2 0 2 2
geno chr6.32536555 yri  1 0 2 2 0 2 0 1 0 2 2 0 1 1 1 0 0 1 0 1 2 2 2 2 0 2 0 2 0 0 1 1 0 0 0 0 2 0 1 2 0 1 2 2 0 2 2 0 0 1 2 2 0 2 2 2 0 0 1 2 2 2 2 1 0 2 1 0 1 2 2 0 0 1 2 0 0
geno chr6.32536556 ceu  2 2 2 2 2 0 0 2 2 1 2 2 2 2 0 2 1 2 0 2 0 0 2 1 2 0 1 0 2 0 2 0 2 2 2 2 2 2 0 2 2 2 2 1 2 2 2 2 2 1 2 0 2 2 2 2 2 2 0 2 0 1 2 1 1 0 1 1 2 0 2 2 0 2 0 0 1 2
geno chr6.32536556 fin  2 0 2 2 1 0 1 2 2 2 2 2 0 2 2 2 1 0 2 0 2 2 2 0 2 0 1 2 2 0 2 1 2 2 1 2 2 2 1 1 1 0 0 2 2 2 2 2 2 2 2 1 2 2 1 2 2 2 2 2 2 0 2 0 2 2 0 0 0 2 0 2 2 1 1 2 2 2 2 2 2 2 2 0 2 1 0 2 2
geno chr6.32536556 gbr  0 1 2 0 2 2 0 2 2 0 2 2 1 0 2 2 0 2 0 0 1 2 0 2 1 2 2 2 2 2 2 2 0 2 2 2 1 2 1 0 2 2 2 2 2 1 2 2 2 0 0 2 1 0 2 0 1 0 0 2 2 2 0 2 2 2 2 1 2 2 2 0 1 2 2 2 2 2 2 2 0 2 2 2
geno chr6.32536556 tsi  2 2 1 0 2 0 2 1 2 0 1 1 2 1 0 1 2 2 1 2 0 2 2 2 2 2 2 2 2 2 2 0 2 1 2 2 2 2 2 0 2 2 2 2 2 2 1 2 0 2 2 1 2 2 2 2 0 2 2 0 0 2 0 2 0 1 2 2 0 2 0 2 2 2 2 2 2 2 0 0 0 2 0 2 0 0 2 1 2 2 2 2
geno chr6.32536556 yri  1 0 2 2 0 2 0 2 0 2 2 0 1 1 2 0 0 1 0 2 2 2 2 2 2 2 0 2 0 0 2 2 2 0 0 0 2 2 1 2 0 2 2 2 2 2 2 0 0 2 2 2 0 2 2 2 0 0 2 2 2 2 2 2 2 2 2 0 1 2 2 2 0 1 2 0 2
geno chr6.32536592 ceu  2 1 2 0 2 0 0 2 2 1 0 2 1 2 0 2 1 2 0 2 0 0 1 0 0 0 0 0 0 0 2 0 0 2 2 2 2 2 1 2 0 2 1 0 1 2 2 0 2 1 2 0 0 1 0 0 1 0 0 2 0 0 1 1 1 0 0 1 1 0 0 2 0 2 0 0 0 1
geno chr6.32536592 fin  2 0 0 2 0 0 0 2 0 2 0 1 0 2 2 0 1 0 0 0 2 0 1 0 0 0 1 2 0 0 2 1 2 0 1 0 2 0 1 0 1 0 1 0 1 1 2 2 0 2 2 0 2 2 0 2 0 0 2 2 0 0 0 0 0 0 0 0 0 1 1 0 2 0 0 0 1 2 2 2 2 0 2 0 0 1 0 2 0
geno chr6.32536592 gbr  0 1 2 1 0 0 0 2 2 0 2 0 1 0 0 2 0 2 0 1 1 2 0 2 1 1 0 0 1 2 2 2 0 2 2 0 1 0 1 0 0 2 0 2 0 1 0 1 0 0 0 2 1 0 0 0 1 0 0 2 1 2 0 2 2 1 2 1 1 2 2 0 1 2 2 2 2 0 2 1 0 0 2 2
geno chr6.32536592 tsi  2 0 1 0 2 1 2 0 2 0 1 0 2 1 0 1 2 2 1 2 0 2 2 0 2 1 2 2 2 2 2 0 2 1 1 2 0 2 2 0 2 2 0 0 2 0 1 2 0 0 0 0 2 2 2 2 0 1 2 0 0 2 0 2 0 0 2 2 0 1 0 0 2 0 2 2 2 2 0 0 0 0 0 2 0 0 2 0 2 0 2 2
geno chr6.32536592 yri  0 0 2 2 0 2 0 2 0 2 2 0 1 1 2 0 0 1 0 0 2 2 2 2 0 2 0 2 0 0 2 2 0 0 0 0 2 1 0 2 0 1 2 2 0 2 2 0 0 2 2 2 0 2 2 2 0 0 2 2 2 2 2 0 1 2 2 0 1 2 2 0 0 1 2 0 0
geno chr6.32536600 ceu  2 1 2 0 2 0 0 2 2 1 0 2 1 2 0 2 1 2 0 2 0 0 1 0 1 0 0 0 0 0 2 2 0 2 2 2 0 2 1 1 0 2 1 0 1 2 2 0 2 2 1 0 0 2 0 0 1 0 0 2 0 0 2 1 1 0 0 1 0 0 0 2 0 2 0 0 0 0
geno chr6.32536600 fin  2 0 0 2 0 0 0 2 0 2 1 1 0 2 2 0 0 0 0 0 2 0 1 0 0 0 1 2 0 0 2 1 2 0 1 0 2 0 1 0 1 0 1 0 0 1 2 0 0 2 2 0 2 2 0 2 1 0 1 2 0 0 0 0 0 0 0 0 0 1 1 0 1 0 0 0 1 0 0 2 2 0 2 0 0 1 0 2 0
geno chr6.32536600 gbr  0 1 2 1 0 0 0 2 2 0 2 1 1 0 0 2 0 1 0 1 1 2 0 2 1 1 0 0 1 2 2 2 0 2 2 0 1 0 1 0 0 2 0 2 0 1 0 1 0 0 0 2 1 0 0 0 2 0 0 2 1 2 0 2 2 1 2 1 1 2 1 0 1 2 2 2 2 0 2 1 0 2 2 2
geno chr6.32536600 tsi  2 0 1 0 2 1 2 0 2 0 1 0 2 1 0 1 2 2 1 2 0 2 2 0 2 1 2 2 2 2 2 0 2 1 1 2 0 2 1 0 2 2 0 0 2 0 1 2 0 2 0 1 2 2 2 2 0 1 2 0 0 2 0 2 0 0 2 1 0 1 0 0 1 0 2 2 2 2 0 0 0 0 0 2 0 0 2 0 2 0 2 2
geno chr6.32536600 yri  0 0 2 1 0 2 0 2 0 2 2 0 0 1 2 0 0 1 0 0 2 2 2 2 0 2 0 2 0 0 2 2 0 0 0 0 2 1 0 2 0 1 2 1 0 2 2 0 0 2 2 2 0 2 2 2 0 0 2 2 1 2 1 0 1 2 2 0 1 2 2 0 0 1 2 0 0
geno chr6.32536601 ceu  0 0 0 2 0 0 0 0 0 0 2 0 0 0 0 0 0 0 0 0 0 0 1 1 1 0 1 0 2 0 0 0 2 0 0 0 0 0 0 0 2 0 1 1 0 0 0 2 0 0 0 0 2 0 2 2 0 2 0 0 0 1 0 0 0 0 1 0 1 0 2 0 0 0 0 0 0 0
geno chr6.32536601 fin  0 0 2 0 0 0 1 0 2 0 1 0 0 0 0 2 0 0 2 0 0 2 0 0 2 0 0 0 2 0 0 0 0 2 0 2 0 2 0 1 0 0 0 2 2 0 0 0 2 0 0 1 0 0 1 0 1 2 0 0 2 0 2 0 2 2 0 0 0 0 0 2 0 1 1 2 0 0 0 0 0 2 0 0 2 0 0 0 2
geno chr6.32536601 gbr  0 0 0 0 2 2 0 0 0 0 0 0 0 0 2 0 0 0 0 0 0 0 0 0 0 0 2 2 1 0 0 0 0 0 0 2 0 2 0 0 2 0 2 0 2 0 2 0 2 0 0 0 0 0 2 0 0 0 0 0 0 0 0 0 0 2 0 0 0 0 0 0 0 0 0 0 0 2 0 1 0 0 0 0
geno chr6.32536601 tsi  0 2 0 0 0 0 0 0 0 0 0 0 0 0 0 0 0 0 0 0 0 0 0 2 0 0 0 0 0 0 0 0 0 0 1 0 2 0 0 0 0 0 2 2 0 2 0 0 0 0 2 0 0 0 0 0 0 0 0 0 0 0 0 0 0 0 0 0 0 1 0 2 0 2 0 0 0 0 0 0 0 2 0 0 0 0 0 1 0 2 0 0
geno chr6.32536601 yri  0 0 0 0 0 0 0 0 0 0 0 0 0 0 0 0 0 0 0 2 0 0 0 0 2 0 0 0 0 0 0 0 2 0 0 0 0 1 0 0 0 0 0 0 2 0 0 0 0 0 0 0 0 0 0 0 0 0 0 0 0 0 0 2 0 0 0 0 0 0 0 2 0 0 0 0 2
geno chr6.32536630 ceu  2 1 2 0 2 0 0 2 2 1 0 2 1 2 0 2 1 2 0 2 0 0 1 0 1 0 0 0 0 0 2 2 0 2 2 2 2 2 1 2 0 2 1 0 1 2 2 0 2 2 2 0 0 2 0 0 2 0 0 2 0 0 2 1 1 0 0 1 1 0 1 2 0 2 0 0 0 2
geno chr6.32536630 fin  2 0 0 2 0 0 0 2 0 2 0 1 0 2 2 0 1 0 0 0 2 0 1 0 0 0 1 2 0 0 2 1 2 0 0 0 2 0 1 0 1 0 1 0 0 1 2 2 0 2 2 0 2 2 0 2 0 0 1 2 0 0 1 0 1 1 0 0 0 1 1 0 1 0 0 0 1 2 2 2 2 0 2 0 0 1 0 2 0
geno chr6.32536630 gbr  0 1 2 1 0 0 0 2 2 0 2 1 2 0 0 2 0 2 0 1 1 2 0 2 1 2 0 0 1 2 2 2 0 2 2 0 1 0 1 0 0 2 0 2 0 1 0 1 0 0 0 2 1 0 0 0 1 0 0 2 1 2 0 2 2 0 2 1 1 2 2 0 0 2 2 2 2 1 2 1 0 2 2 2
geno chr6.32536630 tsi  2 0 1 0 2 1 2 0 2 0 1 0 2 1 0 1 2 2 1 2 0 2 2 0 2 1 2 2 2 2 2 0 2 1 1 2 1 2 2 0 2 2 0 1 2 0 1 2 0 2 0 1 2 2 2 2 0 1 2 0 0 2 1 2 0 0 2 2 0 1 0 0 2 0 2 2 2 2 0 0 0 0 0 2 0 0 2 0 2 0 2 2
geno chr6.32536630 yri  0 0 2 2 0 2 0 2 0 2 2 0 1 1 2 0 1 1 0 0 2 2 2 2 0 2 0 2 0 0 2 2 0 0 0 0 2 1 0 2 1 1 2 2 0 2 2 0 0 2 2 2 0 2 2 2 0 0 2 2 2 2 2 0 1 2 2 0 1 2 2 0 0 1 2 0 0
geno chr6.32536632 ceu  0 0 2 0 1 0 0 2 2 1 0 0 0 2 0 0 0 0 0 2 0 0 1 0 0 0 0 0 0 0 2 0 0 2 2 2 0 2 1 1 0 0 0 0 0 1 2 0 2 0 2 0 0 0 0 0 0 0 0 1 0 0 0 0 0 0 0 1 0 0 0 2 0 2 0 0 0 0
geno chr6.32536632 fin  0 0 0 2 0 0 0 2 0 2 0 0 0 1 2 0 0 0 0 0 2 0 0 0 0 0 0 2 0 0 2 0 2 0 0 0 2 0 0 0 1 0 0 0 0 0 2 0 0 1 2 0 1 1 0 2 0 0 0 0 0 0 0 0 0 0 0 0 0 1 0 0 0 0 0 0 0 0 0 2 2 0 1 0 0 0 0 2 0
geno chr6.32536632 gbr  0 1 2 0 0 0 0 2 2 0 2 0 2 0 0 2 0 2 0 0 0 0 0 1 0 0 0 0 0 2 2 0 0 2 2 0 0 0 0 0 1 1 0 1 0 0 0 0 0 0 0 0 0 0 0 0 0 0 0 2 1 2 0 2 2 0 2 0 0 2 0 0 0 0 2 2 1 0 2 0 0 0 2 1
geno chr6.32536632 tsi  2 0 1 0 2 1 1 0 2 0 0 0 2 0 0 1 2 2 0 2 0 1 2 0 2 0 1 2 1 2 2 0 2 1 1 2 1 2 1 0 2 2 0 0 2 0 0 2 0 0 0 0 2 2 2 2 0 0 2 0 0 1 1 2 0 0 2 1 0 0 0 0 1 0 1 1 2 2 0 0 0 0 0 2 0 0 2 0 2 0 2 1
geno chr6.32536632 yri  0 0 2 2 0 1 0 2 0 0 2 0 1 1 2 0 1 1 0 0 1 2 2 2 0 2 0 2 0 0 2 2 0 0 0 0 2 0 0 2 1 0 1 2 0 2 2 0 0 2 1 1 0 2 2 2 0 0 2 2 2 2 2 0 0 2 2 0 1 2 2 1 0 1 2 0 0
geno chr6.32536635 ceu  0 0 2 0 1 0 0 2 2 1 0 0 0 2 0 0 0 0 0 2 0 0 1 0 0 0 0 0 0 1 2 0 0 2 2 2 0 2 1 1 0 0 0 0 0 1 2 0 2 0 2 0 0 0 0 0 0 0 0 1 0 0 0 0 0 0 0 1 0 0 0 2 0 2 0 0 0 0
geno chr6.32536635 fin  0 0 0 1 0 0 0 2 0 2 0 0 0 1 2 0 0 0 0 0 2 0 0 0 0 0 1 2 0 0 2 0 2 0 0 0 2 0 0 0 1 0 0 0 0 0 2 0 0 1 2 0 1 1 0 2 0 0 0 0 0 0 0 0 0 0 0 0 0 1 0 0 0 0 0 0 0 0 0 2 2 0 1 0 0 0 0 2 1
geno chr6.32536635 gbr  0 2 2 0 1 0 0 2 2 0 1 0 2 0 0 2 0 2 0 0 0 0 0 0 0 0 0 0 0 2 2 0 0 2 2 0 0 0 0 0 1 1 0 1 1 0 0 0 0 0 0 0 0 0 0 0 0 0 0 2 1 1 0 2 2 0 2 0 0 2 0 0 0 0 2 2 1 0 2 0 0 0 2 1
geno chr6.32536635 tsi  2 0 1 0 2 1 1 0 1 0 0 0 2 0 0 1 2 1 0 2 0 1 2 0 2 0 1 1 1 2 2 0 2 1 1 2 1 2 1 1 2 2 0 0 2 0 0 2 0 0 0 0 2 2 2 2 0 0 2 0 0 1 1 2 0 0 2 1 0 0 0 0 1 0 1 1 2 2 0 0 0 0 0 2 0 0 2 0 2 0 2 0
geno chr6.32536635 yri  0 0 2 2 0 1 1 2 0 0 2 0 1 1 2 0 1 1 0 0 1 2 2 2 0 2 0 2 0 0 2 2 0 0 0 0 2 0 0 2 1 0 1 2 0 2 2 0 0 2 1 1 0 2 2 2 0 0 2 2 2 2 2 0 0 2 2 0 1 2 2 1 0 1 2 0 0
geno chr6.32536650 ceu  0 0 2 0 0 0 0 2 2 1 0 0 0 1 0 0 0 0 0 1 0 0 1 0 0 0 0 0 0 1 2 0 0 2 2 2 0 2 1 1 0 0 0 0 0 2 2 0 2 0 2 0 0 0 0 0 0 0 0 1 0 0 0 0 0 0 0 0 0 1 0 2 0 1 0 0 0 0
geno chr6.32536650 fin  0 0 0 1 0 0 0 2 0 2 0 0 0 0 2 0 0 0 0 0 2 0 1 0 0 0 1 2 0 0 1 0 2 0 0 0 2 0 0 0 1 0 0 0 0 0 1 0 0 0 2 0 1 1 0 1 0 0 0 0 0 0 1 0 1 0 1 0 0 2 0 0 0 0 0 0 0 0 0 2 2 0 1 0 0 0 0 2 1
geno chr6.32536650 gbr  1 2 2 0 1 0 0 2 2 1 1 0 2 0 0 2 0 2 1 0 0 0 0 0 0 0 0 0 0 2 1 0 0 1 1 0 0 0 0 0 1 1 0 1 1 0 0 0 0 0 0 0 0 0 0 0 0 0 1 2 2 1 0 2 2 0 1 0 0 1 0 0 0 0 2 2 1 0 2 0 0 0 2 1
geno chr6.32536650 tsi  2 1 1 0 2 1 1 0 1 0 0 0 2 0 0 1 2 1 0 2 1 1 2 0 1 0 1 1 1 2 2 0 2 1 1 2 1 2 1 1 2 2 0 0 1 0 0 2 0 0 0 0 0 2 2 2 1 0 2 0 0 0 1 2 0 0 2 1 1 1 0 0 1 0 1 1 2 2 0 0 0 0 0 2 0 0 2 0 2 0 2 0
geno chr6.32536650 yri  0 0 2 2 0 1 1 2 0 0 2 1 1 1 2 0 1 1 0 0 1 2 2 2 1 2 0 2 0 0 2 2 0 0 0 0 2 0 0 1 1 0 1 2 1 2 2 0 1 2 1 1 1 2 2 2 0 1 2 2 2 2 2 0 0 2 2 1 1 2 2 1 0 1 2 0 1
geno chr6.32536678 ceu  0 0 2 0 1 0 0 2 2 1 0 0 0 2 1 0 0 0 0 1 0 0 1 0 0 0 0 0 0 1 2 0 0 2 2 2 0 2 0 1 0 0 0 0 0 1 2 0 2 0 2 0 0 0 0 0 0 0 0 1 0 0 0 0 0 0 0 0 0 1 1 2 1 1 0 0 0 0
geno chr6.32536678 fin  0 0 0 1 0 0 0 2 0 2 1 0 0 0 2 0 0 0 1 0 0 1 1 0 1 0 1 2 1 1 1 0 1 0 0 0 1 0 0 0 0 0 0 0 0 0 1 0 0 0 2 0 1 1 0 2 1 0 0 0 0 0 1 0 1 0 1 0 0 1 0 0 0 0 0 0 0 0 0 1 2 0 2 0 1 0 0 2 1
geno chr6.32536678 gbr  1 2 2 0 1 0 0 2 2 1 1 0 2 0 1 2 0 2 1 0 0 0 0 0 0 0 0 0 0 2 2 0 0 1 1 0 0 0 0 0 1 1 1 1 1 0 0 0 0 0 0 0 0 0 0 0 0 0 1 2 2 1 0 2 2 0 1 0 0 1 0 1 0 0 1 2 1 0 2 0 0 0 2 1
geno chr6.32536678 tsi  2 1 1 0 1 1 1 0 2 0 0 1 2 0 0 1 2 1 0 2 1 1 1 1 1 0 1 1 1 2 2 0 2 1 1 2 1 2 0 1 2 2 0 0 2 0 0 2 0 0 1 0 2 2 1 2 1 0 2 0 0 0 1 2 0 0 2 1 1 0 0 0 1 0 1 1 2 2 0 1 0 0 0 2 0 0 2 0 2 1 2 0
geno chr6.32536678 yri  0 0 2 2 1 1 1 2 1 0 2 1 1 1 2 0 1 1 0 1 1 2 2 2 1 2 0 2 0 1 1 2 0 0 0 0 2 0 0 2 1 0 1 2 1 1 2 0 1 2 1 1 1 2 2 2 0 1 2 2 1 2 2 1 0 2 2 1 1 2 2 1 0 1 2 0 1
geno chr6.32536682 ceu  1 0 0 0 0 0 0 0 0 0 0 1 1 0 0 1 1 0 0 1 0 0 0 0 0 0 0 0 0 0 0 0 0 0 0 0 0 0 0 0 0 1 0 0 0 0 0 1 0 0 0 0 0 0 1 0 0 0 0 0 0 0 1 0 0 0 0 0 0 0 0 0 0 0 0 0 1 0
geno chr6.32536682 fin  0 0 0 0 0 0 0 0 0 0 0 0 0 0 0 0 0 0 0 0 0 0 0 0 0 0 0 0 0 0 0 0 0 1 0 0 0 0 0 0 0 0 0 0 0 0 0 0 0 0 0 0 0 0 0 0 0 0 0 1 0 0 0 0 0 0 0 0 1 0 1 0 0 0 1 0 0 0 0 0 0 0 0 0 0 0 0 0 0
geno chr6.32536682 gbr  0 0 0 0 0 0 0 0 0 0 1 0 0 0 0 0 0 0 0 0 0 0 0 1 0 0 0 1 0 0 0 0 0 0 0 0 0 0 0 0 0 0 0 0 0 1 0 0 0 0 0 1 0 0 0 0 2 1 0 0 0 0 0 0 0 0 0 1 0 0 2 0 1 0 0 0 0 1 0 0 0 0 0 0
geno chr6.32536682 tsi  0 0 0 0 0 0 0 0 0 0 1 0 0 0 0 0 0 1 0 0 0 1 0 0 0 0 0 0 1 0 0 0 0 0 0 0 0 0 0 0 0 0 0 1 0 0 1 0 0 1 0 0 0 0 0 0 0 0 0 0 0 1 0 0 0 0 0 0 0 0 0 0 0 0 0 0 0 0 0 0 0 0 0 0 0 0 0 0 0 0 0 1
geno chr6.32536682 yri  0 0 0 0 0 0 0 0 0 0 0 0 0 0 0 0 0 0 0 0 0 0 0 0 0 0 0 0 0 0 0 0 0 0 0 1 0 0 0 0 0 0 0 0 0 0 0 0 0 0 1 0 0 0 0 0 0 0 0 0 0 0 0 0 0 0 0 0 0 0 0 0 0 0 0 0 0
geno chr6.32536685 ceu  2 2 0 1 0 0 0 0 0 0 0 1 1 0 0 2 1 0 0 1 0 0 0 0 2 0 0 0 0 0 0 1 1 0 0 0 0 0 0 0 0 2 1 1 1 0 0 1 0 2 0 0 0 1 1 0 0 0 0 0 0 0 1 1 0 0 0 0 0 0 1 0 0 1 0 0 0 1
geno chr6.32536685 fin  0 0 0 0 0 0 0 0 0 0 0 0 0 0 0 1 0 0 1 0 0 0 0 0 1 0 0 0 1 0 0 0 0 1 0 0 0 0 0 0 0 0 0 0 0 0 0 0 0 0 0 0 0 0 0 0 0 1 0 1 0 0 1 0 1 1 0 0 0 0 0 0 1 0 0 0 0 0 0 0 0 0 0 0 1 1 0 0 0
geno chr6.32536685 gbr  0 0 0 0 0 0 0 0 0 0 0 1 0 0 1 0 0 0 0 0 1 0 0 1 0 0 0 1 0 0 0 0 0 0 0 0 0 0 0 0 0 0 1 0 0 2 1 1 0 0 0 1 1 0 0 0 1 0 0 0 0 0 0 0 0 1 0 0 0 0 1 0 1 0 0 0 0 1 0 1 0 0 0 0
geno chr6.32536685 tsi  0 1 0 0 0 0 1 0 0 0 1 0 0 0 0 0 0 0 0 0 0 1 0 0 0 0 0 0 1 0 0 0 0 0 1 0 1 0 0 0 0 0 0 0 0 0 1 0 0 2 0 0 0 0 0 0 0 0 0 0 0 0 0 0 0 0 0 0 0 0 0 0 0 1 0 0 0 0 0 0 0 0 0 0 0 0 0 0 0 0 0 0
geno chr6.32536685 yri  0 0 0 0 0 0 0 0 0 0 0 0 0 0 0 0 0 0 0 0 0 0 0 0 0 0 0 0 0 0 0 0 0 0 0 0 0 0 0 0 0 0 1 0 1 0 0 0 0 0 0 0 0 0 0 0 0 0 0 0 0 0 0 0 1 0 0 0 0 0 0 1 0 0 0 0 0
geno chr6.32536711 ceu  1 0 0 0 1 0 0 0 0 0 0 1 1 0 0 1 0 0 0 0 1 0 0 0 0 0 0 0 0 0 0 0 0 0 1 0 0 0 0 0 0 1 0 0 1 0 0 0 0 0 0 0 0 1 0 0 0 0 0 0 0 0 0 0 0 0 0 0 0 0 0 0 0 0 0 0 1 0
geno chr6.32536711 fin  0 0 0 0 0 0 0 0 0 0 0 0 0 0 0 0 0 0 0 0 0 0 0 0 0 0 0 0 0 0 0 0 0 0 0 0 0 0 0 0 0 0 0 0 0 0 0 0 0 0 0 0 0 0 0 0 0 0 1 0 0 0 0 0 0 0 0 0 0 0 1 0 0 0 1 0 0 0 0 0 0 0 0 0 0 0 0 0 0
geno chr6.32536711 gbr  0 0 0 0 0 0 0 0 0 0 1 0 0 0 0 0 0 0 0 1 1 0 0 0 0 0 0 0 0 0 0 0 0 0 0 0 0 0 0 0 0 0 0 0 0 1 0 0 0 0 0 0 1 0 0 0 1 0 0 0 0 0 0 0 0 0 0 0 0 0 1 0 1 0 0 0 0 1 0 0 0 0 0 0
geno chr6.32536711 tsi  0 0 0 0 0 1 0 0 0 0 0 0 0 0 0 0 0 1 1 0 0 0 0 0 0 0 0 0 0 0 0 0 0 0 0 0 0 0 0 0 0 0 0 0 0 0 0 0 0 1 0 0 0 0 0 0 0 1 0 0 0 0 0 0 0 0 0 0 0 0 0 0 0 0 1 0 0 0 0 0 0 0 0 0 0 0 0 0 0 0 0 1
geno chr6.32536711 yri  0 0 0 0 0 0 0 0 0 0 0 0 0 0 0 0 0 0 0 0 0 0 0 0 0 0 0 0 0 0 0 0 0 0 0 1 1 0 0 0 0 0 0 0 0 0 0 0 0 0 1 0 0 0 0 0 0 0 0 0 0 0 0 0 0 0 0 0 0 0 0 0 0 0 0 0 0
geno chr6.32536743 ceu  0 0 0 1 0 0 0 0 0 0 1 0 0 0 0 0 0 0 0 0 0 0 1 1 0 0 1 0 1 0 0 0 1 0 0 0 0 0 0 0 1 0 0 1 0 0 0 1 0 0 0 0 1 0 1 1 0 1 0 0 0 1 0 0 0 0 1 0 1 0 1 0 0 0 0 0 0 0
geno chr6.32536743 fin  0 0 2 0 0 0 1 0 2 0 1 0 0 0 0 1 0 0 1 0 0 1 0 0 1 0 0 0 1 0 0 0 0 1 0 2 0 1 0 1 0 0 0 2 1 0 0 0 1 0 0 1 0 0 1 1 1 1 0 0 1 0 1 0 1 1 0 0 0 0 0 0 0 1 0 1 0 0 0 0 0 2 0 0 1 0 0 0 0
geno chr6.32536743 gbr  0 0 0 0 1 2 0 0 0 0 0 0 0 0 1 0 0 0 0 0 0 0 0 0 0 0 0 1 0 0 0 0 0 0 0 1 0 2 0 0 1 0 1 0 2 0 1 0 2 0 0 0 0 0 2 0 0 0 0 0 0 0 0 0 0 1 0 0 0 0 0 0 0 0 0 0 0 1 0 0 0 0 0 0
geno chr6.32536743 tsi  0 1 0 0 0 0 0 0 0 0 0 0 0 0 0 0 0 0 0 0 0 0 0 1 0 0 0 0 0 0 0 0 0 0 0 0 1 0 0 0 0 0 1 2 0 2 0 0 0 0 1 0 1 0 0 0 0 0 0 0 0 0 0 0 0 0 0 0 0 1 0 1 0 1 0 0 0 0 0 0 0 1 0 0 0 0 0 1 0 1 0 0
geno chr6.32536743 yri  0 0 0 0 0 0 0 0 0 0 0 0 0 0 0 0 0 0 0 0 0 0 0 0 1 0 0 0 0 0 0 0 1 0 0 0 0 0 0 0 0 0 0 0 1 0 0 0 0 0 0 0 0 0 0 0 0 0 0 0 0 0 0 0 0 0 0 0 0 0 0 1 0 0 0 0 1
geno chr6.32536747 ceu  0 0 0 1 0 0 0 0 0 0 1 0 0 0 0 0 0 0 0 0 0 0 1 1 0 0 1 0 0 0 0 0 1 0 0 0 0 0 0 0 1 0 0 1 0 0 0 1 0 0 0 0 1 0 1 1 0 1 0 0 0 1 0 0 0 0 0 0 1 0 1 0 0 0 0 0 0 0
geno chr6.32536747 fin  0 0 0 0 0 0 0 0 0 0 0 0 0 0 0 1 0 0 1 0 0 1 0 0 1 0 0 0 1 0 0 0 0 1 0 0 0 1 0 1 0 0 0 0 0 0 0 0 1 0 0 1 0 0 0 0 1 1 0 0 1 0 1 0 1 1 0 0 0 0 0 2 0 0 1 2 0 0 0 0 0 0 0 0 1 0 0 0 0
geno chr6.32536747 gbr  0 0 0 0 1 0 0 0 0 0 0 0 0 0 1 0 0 0 0 0 0 0 0 0 0 0 1 1 0 0 0 0 0 0 0 0 0 0 0 0 0 0 1 0 0 0 1 0 0 0 0 0 0 0 0 0 0 0 0 0 0 0 0 0 0 1 0 0 0 0 0 0 0 0 0 0 0 1 0 0 0 0 0 0
geno chr6.32536747 tsi  0 1 0 0 0 0 0 0 0 0 0 0 0 0 0 0 0 0 0 0 0 0 0 0 0 0 0 0 0 0 0 0 0 0 1 0 1 0 0 0 0 0 1 0 0 0 0 0 0 0 1 0 0 0 0 0 0 0 0 0 0 0 0 0 0 0 0 0 0 1 0 1 0 0 0 0 0 0 0 0 0 1 0 0 0 0 0 1 0 1 0 0
geno chr6.32536747 yri  0 0 0 0 0 0 0 0 0 0 0 0 0 0 0 0 0 0 0 1 0 0 0 0 1 0 0 0 0 0 0 0 0 0 0 0 0 0 0 0 0 0 0 0 1 0 0 0 0 0 0 0 0 0 0 0 0 0 0 0 0 0 0 1 0 0 0 0 0 0 0 1 0 0 0 0 1
geno chr6.32536772 ceu  0 0 0 2 1 0 0 0 0 0 2 1 0 0 0 0 0 0 0 0 0 0 1 1 0 0 1 0 2 0 0 0 1 0 0 0 0 0 0 0 1 1 0 1 0 0 0 2 0 0 0 0 2 0 2 1 0 2 0 0 0 1 0 0 0 0 1 0 1 0 1 0 0 0 0 0 0 0
geno chr6.32536772 fin  0 0 2 0 0 0 1 0 2 0 1 0 0 0 0 1 0 0 1 0 0 1 0 0 1 0 0 0 1 0 0 0 0 2 0 2 0 2 0 1 0 0 0 2 1 0 0 0 1 0 0 1 0 0 1 0 1 1 0 0 1 0 2 0 1 2 0 0 0 0 0 0 0 1 0 1 0 0 0 0 0 2 0 0 1 0 0 0 1
geno chr6.32536772 gbr  0 0 0 0 1 2 0 0 0 0 0 0 0 0 1 0 0 0 0 0 0 0 0 0 0 0 0 2 0 0 0 0 0 0 0 1 0 2 0 0 1 0 1 0 2 0 2 0 2 0 0 0 0 0 2 0 0 0 0 0 0 0 0 0 0 1 0 0 0 0 1 0 0 0 0 0 0 2 0 0 0 0 0 0
geno chr6.32536772 tsi  0 1 0 0 0 0 0 0 0 0 0 0 0 0 0 0 0 0 0 0 0 0 0 2 0 0 0 0 0 0 0 0 0 0 1 0 2 0 0 0 0 0 1 2 0 2 0 0 0 1 2 0 0 0 0 0 0 0 0 0 0 0 0 0 0 0 0 0 0 1 0 1 0 2 0 0 0 0 0 0 0 1 0 0 0 0 0 1 0 2 0 0
geno chr6.32536772 yri  0 0 0 0 0 0 0 0 0 0 0 0 0 0 0 0 0 0 0 2 0 0 0 0 2 0 0 0 0 0 0 0 1 0 0 0 0 0 0 0 0 0 0 0 1 0 0 0 0 0 0 0 0 0 0 0 0 0 0 0 0 0 0 2 0 0 0 0 0 0 0 1 0 0 0 0 1
geno chr6.32536846 ceu  0 0 0 2 0 0 0 1 0 0 2 0 0 0 0 0 0 2 0 0 0 0 1 1 0 0 1 0 1 0 0 0 2 0 0 0 0 0 0 0 1 0 0 1 0 1 0 2 1 0 0 0 1 1 1 0 0 1 0 0 0 0 0 0 0 0 1 0 0 0 1 0 0 0 0 0 0 0
geno chr6.32536846 fin  0 0 2 0 0 0 1 0 2 0 1 0 0 0 0 1 0 0 2 0 0 1 0 0 2 0 0 0 2 0 0 0 0 2 0 2 0 2 1 1 0 0 0 1 2 0 0 0 1 0 0 0 0 0 1 0 1 2 1 1 2 0 2 0 1 0 0 0 0 0 0 2 0 1 1 1 0 0 0 0 0 1 0 0 1 0 0 0 1
geno chr6.32536846 gbr  0 0 0 0 1 1 0 0 0 0 0 0 0 0 1 0 0 0 0 0 0 0 0 0 0 0 1 1 0 0 0 0 0 0 0 2 0 1 0 0 1 0 2 0 2 0 2 0 2 0 0 0 0 0 2 0 0 0 0 0 0 0 0 0 0 0 0 0 0 0 0 0 0 0 0 0 0 1 0 0 0 0 0 0
geno chr6.32536846 tsi  0 1 0 0 0 1 1 0 0 0 0 0 0 0 0 0 0 0 0 0 0 0 0 1 0 0 0 0 0 0 0 0 0 0 1 0 1 0 0 0 0 0 2 1 0 2 0 0 0 0 2 0 0 0 0 0 0 0 0 0 0 0 0 0 0 0 1 0 0 1 0 1 0 1 0 0 0 0 0 0 0 2 0 0 0 0 0 0 0 2 0 0
geno chr6.32536846 yri  0 0 0 0 0 0 0 0 0 0 0 0 0 0 0 0 0 0 0 1 0 0 0 0 2 0 0 0 0 0 0 0 1 0 0 1 0 0 0 0 0 0 0 0 1 0 0 0 0 0 0 0 0 0 0 0 0 0 0 0 0 0 0 1 0 0 0 0 0 0 0 1 0 0 0 0 1
geno chr6.32536849 ceu  0 0 0 0 1 0 0 0 0 1 0 0 0 0 0 0 0 0 0 0 0 0 0 0 0 0 0 0 0 0 0 0 0 0 1 0 0 0 0 0 0 0 0 0 0 0 0 0 1 0 0 0 0 0 0 1 0 0 0 1 0 0 0 0 0 0 0 0 0 0 0 1 0 1 0 0 0 0
geno chr6.32536849 fin  0 0 0 0 0 0 0 0 0 0 0 0 0 0 0 0 0 0 0 0 0 1 0 0 0 0 0 0 0 0 0 0 0 0 0 0 0 0 0 0 0 0 0 0 0 0 0 0 0 0 0 0 0 1 0 0 1 0 0 0 0 0 0 0 1 0 0 0 0 1 0 0 0 0 0 0 0 0 0 0 0 0 1 0 0 0 0 1 1
geno chr6.32536849 gbr  0 1 0 0 0 0 0 1 0 1 1 0 2 0 0 0 0 0 0 0 0 0 0 0 0 0 0 0 0 0 0 0 0 0 0 0 0 0 0 0 0 0 0 0 0 0 0 0 0 0 0 0 0 0 0 0 0 0 0 0 0 0 0 0 0 0 0 0 0 0 0 0 0 0 0 0 0 0 0 0 0 0 0 0
geno chr6.32536849 tsi  1 0 1 0 1 1 1 0 1 0 0 0 0 0 0 1 0 1 0 1 1 0 1 0 1 0 1 0 0 1 0 0 0 0 0 1 0 0 0 0 0 0 0 0 0 0 0 0 0 0 0 0 0 0 0 0 0 0 0 0 0 0 0 0 0 0 0 0 0 0 0 1 0 0 0 0 0 0 0 0 0 0 0 0 0 0 0 0 0 0 1 1
geno chr6.32536849 yri  0 0 0 0 0 0 0 1 0 0 1 0 0 1 1 0 0 0 0 0 0 0 0 1 0 0 0 0 0 0 1 1 0 0 0 0 0 0 0 0 0 0 1 1 1 1 1 0 0 0 1 1 0 1 1 1 0 0 1 0 0 0 0 0 0 0 0 0 0 0 1 0 0 0 0 0 0
geno chr6.32536852 ceu  2 2 2 0 1 0 0 1 2 1 0 0 2 1 1 1 1 0 1 2 1 0 1 0 2 0 0 0 0 1 2 1 0 2 1 1 1 2 0 1 1 2 2 0 1 1 2 0 1 2 2 0 0 0 0 1 1 0 0 1 0 0 2 2 2 1 0 2 0 0 1 1 1 1 0 0 1 1
geno chr6.32536852 fin  2 0 0 2 2 0 0 2 0 2 1 2 0 2 2 1 0 0 0 0 2 0 1 0 0 0 1 2 0 0 2 1 2 0 1 0 2 0 0 0 1 0 1 0 0 1 2 0 1 2 2 0 2 1 0 2 0 0 1 1 0 0 0 0 1 1 1 0 0 1 1 0 1 0 1 0 1 0 0 2 2 0 1 1 1 1 0 1 1
geno chr6.32536852 gbr  1 1 1 0 1 1 0 1 2 1 1 1 0 1 0 2 0 2 1 0 1 1 1 1 1 2 1 0 0 2 2 1 0 2 2 0 1 1 1 0 1 1 0 2 0 2 0 1 0 0 0 1 2 1 0 0 1 1 1 2 1 2 0 2 2 2 2 0 2 2 1 1 1 2 2 2 2 1 2 2 0 1 2 2
geno chr6.32536852 tsi  1 1 1 0 1 0 0 1 1 0 1 1 1 1 0 1 2 1 0 0 0 2 0 1 1 1 1 2 2 1 1 1 2 1 1 1 1 0 1 1 2 2 0 0 2 0 2 2 0 2 0 1 2 2 2 2 1 2 2 0 0 2 1 2 1 0 1 1 1 1 0 0 0 1 1 2 2 2 0 1 0 0 0 2 0 0 1 0 2 0 1 1
geno chr6.32536852 yri  0 0 2 2 1 1 1 1 0 2 1 1 1 1 1 0 1 2 0 1 2 2 2 1 0 2 1 2 0 1 1 1 0 0 0 1 2 0 0 2 1 2 1 1 1 1 1 0 1 1 1 1 1 1 1 1 0 1 1 2 2 2 2 1 1 2 1 1 2 2 1 1 0 1 2 0 1
geno chr6.32536863 ceu  2 2 2 0 2 0 0 1 2 1 0 2 2 2 1 2 2 0 1 2 1 0 1 0 2 1 0 0 0 1 2 2 0 2 2 2 1 2 0 1 1 2 2 1 2 1 2 0 1 2 2 0 1 1 1 2 2 1 0 2 0 1 2 2 2 1 0 2 1 0 1 2 1 2 0 0 1 2
geno chr6.32536863 fin  2 0 0 2 2 0 0 2 0 2 1 2 0 2 2 1 1 0 0 0 2 1 1 0 0 0 2 2 0 0 2 1 2 0 1 0 2 0 1 0 1 0 1 1 0 2 2 0 1 2 2 0 2 2 0 2 1 0 1 1 0 0 0 1 1 2 1 0 0 2 1 0 2 0 1 1 2 0 0 2 2 1 2 1 1 2 0 2 1
geno chr6.32536863 gbr  1 2 2 0 1 1 0 2 2 1 2 2 2 1 1 2 0 2 1 0 1 2 1 2 1 2 1 1 1 2 2 2 0 2 2 0 2 1 1 0 1 2 0 2 0 2 0 2 0 0 0 2 2 1 0 0 2 1 1 2 1 2 0 2 2 2 2 0 2 2 2 1 2 2 2 2 2 1 2 2 0 2 2 2
geno chr6.32536863 tsi  2 1 2 0 2 1 1 1 2 1 2 1 2 1 1 2 2 2 2 2 1 2 2 1 2 1 2 2 2 2 2 1 2 1 1 2 1 2 1 1 2 2 0 0 2 0 2 2 0 2 0 2 2 2 2 2 1 2 2 0 0 2 1 2 1 2 1 1 1 1 0 1 0 1 2 2 2 2 0 1 0 0 0 2 0 0 2 0 2 0 2 2
geno chr6.32536863 yri  0 0 2 2 1 2 1 2 0 2 2 1 1 2 2 0 1 2 0 1 2 2 2 2 0 2 1 2 0 1 2 2 1 1 0 1 2 1 0 2 1 2 2 2 1 2 2 0 1 1 2 2 1 2 2 2 0 1 2 2 2 2 2 1 2 2 2 1 2 2 2 1 0 1 2 0 1
