pheno ENSG00000238227 ceu -2.756564 -2.538405 -3.166218 -0.1823566 -1.820885 -1.766865 -2.970408 -3.481267 -1.63781 -1.877623 -3.333469 -1.849609 -2.686909 -0.1029123 -3.142842 -2.882467 -0.08930884 -1.633846 -3.924658 -2.844854 -0.8748153 -3.447461 -1.007881 -2.667495 -0.712997 -1.243358 -2.395984 -2.924208 -2.791453 -2.891722 -1.742858 -2.680499 -1.073437 -4.65713 -0.6322893 -1.738463 -1.871131 -0.6786214 -0.8587398 -1.064377 -3.023266 -2.851649 -2.675117 -1.417096 -2.14812 -2.102762 -3.876907 -2.630563 -2.441527 -2.603357 -1.62499 -2.344346 -2.798649 -1.249264 -0.8079205 -2.816558 -2.364464 -1.524912 -0.05803102 -2.474724 -2.247963 -2.339438 -1.859368 -5.025309 -3.291619 -2.396027 -0.4934328 -1.293894 -0.9153866 -4.786224 -1.453867 -3.515104 -2.535784 -1.264309 -1.726145 -2.944143 -1.52687 -1.890037
pheno ENSG00000238227 fin 1.594861 2.097588 1.477824 2.239304 2.896392 2.01336 0.5218176 1.263429 1.163337 2.755733 0.7827734 3.07957 1.647871 2.700494 0.7292403 1.153182 1.053711 0.9575065 0.0005711774 3.808674 1.019631 1.502622 2.383333 2.353176 1.237862 1.85136 0.03846928 0.652789 1.617242 3.099079 1.152118 3.157642 1.984553 -0.2875869 1.903602 2.892472 1.371584 2.141901 1.953154 1.409291 0.4940044 2.638911 1.809818 1.886572 2.500589 2.899473 2.341218 1.06623 3.82573 -0.2761846 1.739448 3.292249 1.43887 3.659334 2.393195 3.325611 2.852594 0.2544642 2.358623 2.19853 3.214908 0.6726161 2.224781 2.178691 1.324002 0.2246252 2.084595 0.1108775 3.218843 0.3142564 2.127125 1.107186 1.606857 2.122793 2.683619 2.036764 0.08213766 3.024652 1.709328 0.969365 1.199111 1.247877 1.69599 1.635308 2.056583 1.325737 0.9527527 2.753715 3.754469
pheno ENSG00000238227 gbr 2.711236 1.098242 0.8788108 2.071019 -0.587118 0.7979045 -0.3698112 0.3314753 1.610732 -1.244647 1.078026 0.7044754 0.04794267 3.227578 1.045038 1.270017 0.4013528 0.6776981 0.2826849 0.3235989 0.8195356 1.082013 2.005307 2.658707 1.437644 1.242351 0.9443739 -1.102588 1.437305 2.420179 1.954335 1.598447 0.1481925 0.8742597 0.4649991 2.771143 1.780346 0.6036457 0.4630674 2.287027 -0.8784445 0.1625925 1.083898 1.613131 0.5083059 1.201904 2.555128 -1.37186 -0.5820648 -0.04419627 2.054967 -1.008538 0.1151172 1.343281 2.612182 0.5358308 0.2608926 3.399465 1.408342 0.2200092 -0.09123008 0.9380083 1.100626 -0.9932564 2.476277 -0.9446254 -0.06556863 1.565614 0.8246445 2.971832 1.632437 2.556791 1.625772 0.1510646 2.558709 2.414383 1.172591 1.669283 2.423594 2.895732 2.637797 1.926688 0.9392397 1.80516
pheno ENSG00000238227 tsi -2.9927 -3.016026 -3.492331 -1.574781 -0.9090392 -2.646753 -2.467699 -2.260933 -3.041673 -1.236372 -2.609812 -1.786956 -2.200311 -1.114295 -2.294992 -2.38271 -2.905338 -3.238324 -1.748983 -0.7834444 -2.431185 -1.295503 -1.899891 -2.984241 -1.683383 -1.328792 -3.582168 -2.901107 -0.4498011 -2.136959 -2.287092 -1.551444 -5.382541 -1.911657 -0.2700841 -2.557185 -0.943656 -2.63505 -1.502419 -2.385159 -4.619501 -1.266968 -1.390909 -3.671031 -2.213665 -1.96172 -1.402145 -3.122863 -1.678966 -3.014851 -1.877553 -3.230948 -3.187965 -0.7984762 -3.212752 -0.1325003 -1.78962 -1.70413 -2.757895 -3.75925 -1.459741 -3.171078 -0.3310093 -3.413871 -2.573137 -2.385489 -0.1701632 -1.627591 -1.812637 -0.7371849 0.2026081 -2.415172 -2.153563 -1.552933 -2.443875 -2.965688 -2.32655 -2.226345 -0.5058578 -1.721296 -1.400304 -2.395632 -2.604563 -2.648524 -1.905685 -4.392734 -3.011177 -3.164001 -2.228882 -2.245809 -3.256572 -0.3726329
pheno ENSG00000238227 yri 0.9761004 -1.165655 -1.325813 2.244118 1.435283 0.4978267 -0.8059641 -0.1464405 1.113978 0.01751307 0.666347 -0.640653 -0.8649259 -0.1084407 0.5708955 -1.400742 1.030935 0.7653323 1.720922 1.299403 1.559102 0.7212278 1.499098 -1.048408 1.925173 -0.1593951 -0.4652712 1.143789 -0.7122864 -0.2926161 0.966765 -0.6073686 0.3430963 0.9055367 1.730241 0.4899623 0.6240443 -0.04706959 0.3979474 -1.449101 -0.4301628 0.7941787 -1.26013 -0.253067 -0.6146736 -0.3028928 0.009934254 -0.2001412 1.393412 1.179161 1.319139 -0.9285593 0.6018657 -0.2668562 0.04797098 -0.2284202 -1.41494 0.7332671 -0.002071395 -0.1037114 1.295607 0.9063723 -1.687112 -0.4782351 -0.1319712 -0.4480588 -0.2540454 -0.009464894 0.5546104 -1.282776 -0.4427224 1.183428 0.8593917 -2.405127 1.005406 0.3805829 -0.8884681
geno chr9.138910913 ceu  1 1 0 2 1 0 0 1 1 0 1 1 1 2 0 1 1 0 0 1 0 0 0 0 2 1 1 1 0 0 1 1 0 0 0 1 1 0 1 1 1 0 1 0 0 1 2 1 0 1 2 0 0 1 1 0 0 1 2 1 1 1 1 1 0 0 2 1 1 1 2 0 0 0 0 0 0 1
geno chr9.138910913 fin  1 0 0 0 0 1 1 1 2 0 1 0 1 0 1 1 0 1 0 1 0 0 1 1 1 0 1 0 1 1 1 2 1 1 0 0 0 0 1 2 1 0 0 1 1 2 0 1 1 1 1 0 2 0 1 1 2 0 2 1 0 0 1 1 1 0 1 1 1 1 0 0 0 0 1 1 0 0 0 0 1 0 0 1 1 0 1 1 1
geno chr9.138910913 gbr  1 0 1 1 0 0 1 0 0 0 0 1 0 2 0 1 0 1 2 0 1 0 0 0 0 0 1 0 1 0 0 1 1 1 0 1 0 0 1 0 0 0 1 0 1 0 0 0 2 1 1 0 1 2 0 0 1 0 1 1 1 1 1 0 1 1 0 1 1 1 0 2 0 0 2 1 0 1 0 1 1 1 0 0
geno chr9.138910913 tsi  0 0 1 1 0 0 0 0 1 0 0 2 0 0 0 1 0 0 2 0 1 0 0 1 0 1 1 1 0 0 0 1 1 1 0 1 0 1 1 1 1 0 1 0 1 0 0 1 1 0 1 1 0 0 0 1 0 0 1 1 1 0 1 1 2 1 2 1 0 1 0 0 1 0 0 0 0 0 1 1 0 1 0 1 0 0 1 0 0 0 0 0
geno chr9.138910913 yri  0 0 0 0 0 0 0 0 0 0 0 0 0 0 0 0 0 0 0 0 0 0 0 0 0 0 0 0 0 0 0 0 0 0 0 0 0 0 0 0 0 0 0 0 0 0 0 0 0 0 0 0 0 0 0 0 0 0 0 0 0 0 0 0 0 0 0 0 0 0 0 0 0 0 0 0 0
geno chr9.138910946 ceu  1 0 1 0 0 0 1 1 0 0 1 0 0 0 0 0 0 0 1 1 0 1 0 0 0 1 0 0 0 1 0 0 0 1 1 0 0 0 0 0 1 0 0 0 0 0 0 1 1 0 0 0 2 0 0 0 0 0 0 0 1 0 0 1 1 0 0 0 0 0 0 1 0 2 0 1 0 1
geno chr9.138910946 fin  0 0 0 0 0 0 0 0 0 1 0 0 0 0 0 0 1 0 2 0 1 1 1 0 0 0 1 0 0 0 0 0 0 1 0 0 0 0 0 0 0 0 0 0 0 0 0 0 0 0 0 0 0 0 0 0 0 1 0 0 0 0 0 1 0 1 0 0 1 0 1 0 0 0 0 1 0 0 0 0 0 1 0 1 0 0 0 0 0
geno chr9.138910946 gbr  0 1 0 0 1 0 0 2 0 1 0 1 1 0 0 0 0 1 0 0 0 1 0 0 1 0 1 0 0 1 1 0 1 0 0 0 1 2 0 0 0 0 0 1 0 1 1 2 0 0 0 2 0 0 0 0 0 0 0 0 0 0 0 2 0 0 0 0 1 0 1 0 0 1 0 0 0 1 0 0 0 0 0 0
geno chr9.138910946 tsi  1 0 0 0 0 0 0 1 0 0 0 0 1 0 1 0 1 2 0 0 0 0 0 0 2 0 1 1 0 0 0 0 0 0 0 0 0 1 0 1 0 0 0 1 0 0 0 0 0 0 0 0 1 0 0 0 0 0 1 1 0 1 0 1 0 0 0 1 0 0 0 1 0 0 0 0 0 0 0 0 0 0 0 0 0 1 0 0 0 0 0 0
geno chr9.138910946 yri  0 0 0 0 0 0 0 0 0 0 0 0 0 0 0 0 0 0 0 0 0 0 0 0 0 0 0 0 0 0 0 0 0 0 0 0 0 0 0 0 0 0 0 0 0 0 0 0 0 0 0 0 0 0 0 0 0 0 0 0 0 0 0 0 0 0 0 0 0 0 0 0 0 0 0 0 0
geno chr9.138911092 ceu  1 0 1 0 0 0 1 1 0 0 1 0 0 0 0 0 1 0 1 1 0 1 1 0 0 1 0 0 0 1 0 0 1 2 1 0 0 0 0 0 1 0 0 0 0 0 0 1 1 0 0 0 2 0 0 0 0 0 0 0 1 0 0 1 1 0 0 0 0 0 0 1 0 2 0 1 0 1
geno chr9.138911092 fin  0 0 0 0 0 0 0 0 0 1 0 0 0 0 0 0 1 0 2 0 1 1 1 0 1 0 1 0 0 0 0 0 0 1 0 0 0 0 0 0 0 1 0 0 0 0 0 0 0 0 0 0 0 0 0 0 0 1 0 0 0 0 0 1 0 2 0 0 1 0 1 0 0 0 0 1 0 0 0 0 0 1 0 1 0 0 0 0 0
geno chr9.138911092 gbr  0 1 0 0 1 1 0 2 0 1 0 1 1 0 0 0 0 1 0 0 0 1 0 0 1 0 1 0 0 1 1 0 1 0 1 0 1 2 0 0 0 0 0 1 0 1 1 2 0 0 0 2 0 0 0 0 0 0 0 0 0 0 0 2 0 0 0 0 1 0 1 0 1 1 0 0 0 1 0 0 0 0 0 0
geno chr9.138911092 tsi  1 1 1 0 1 0 0 1 0 0 0 0 1 0 1 0 1 2 0 0 0 0 1 0 2 0 1 1 1 0 0 0 1 0 0 0 0 1 0 1 0 0 0 1 0 0 0 0 0 0 0 0 1 0 0 0 0 0 1 1 0 1 0 1 0 0 0 1 0 0 0 1 0 0 1 0 0 0 0 0 0 0 0 0 1 1 0 0 0 0 0 0
geno chr9.138911092 yri  0 1 1 0 0 0 0 0 0 0 0 0 0 0 0 0 0 0 0 0 0 0 0 0 0 0 0 0 0 1 0 0 0 0 0 0 0 0 0 0 0 0 1 0 0 0 0 0 0 0 0 0 0 0 0 0 0 0 0 0 0 0 0 0 0 0 0 0 0 0 0 0 0 0 0 0 0
geno chr9.138911117 ceu  0 0 0 0 0 0 0 0 0 0 0 0 0 0 0 0 0 0 0 0 0 0 0 0 0 0 0 0 0 0 0 0 0 0 0 0 0 0 0 0 0 0 0 0 0 0 0 0 0 0 0 0 0 0 0 0 0 0 0 0 0 0 0 0 0 0 0 0 0 0 0 0 0 0 0 0 0 0
geno chr9.138911117 fin  0 0 0 0 0 0 0 0 0 0 0 0 0 0 0 0 0 0 0 0 0 0 0 0 0 0 0 0 0 0 0 0 0 0 0 0 0 0 0 0 0 0 0 0 0 0 0 0 0 0 0 0 0 0 0 0 0 0 0 0 0 0 0 0 0 0 0 0 0 0 0 0 0 0 0 0 0 0 0 0 0 0 0 0 0 0 0 0 0
geno chr9.138911117 gbr  0 0 0 0 0 0 0 0 0 0 0 0 0 0 0 0 0 0 0 0 0 0 0 0 0 0 0 0 0 0 0 0 0 0 0 0 0 0 0 0 0 0 0 0 0 0 0 0 0 0 0 0 0 0 0 0 0 0 0 0 0 0 0 0 0 0 0 0 0 0 0 0 1 0 0 0 0 0 0 0 0 0 0 0
geno chr9.138911117 tsi  0 0 0 0 0 0 0 0 0 0 0 0 0 0 0 0 0 0 0 0 0 0 0 0 0 0 0 0 0 0 0 0 0 0 0 0 0 0 0 0 0 0 0 0 0 0 0 0 0 0 0 0 0 0 0 0 0 0 0 0 0 0 0 0 0 0 0 0 0 0 0 0 0 0 0 0 0 0 0 0 0 0 0 0 0 0 0 0 0 0 0 0
geno chr9.138911117 yri  1 0 0 1 0 0 0 1 0 0 1 0 0 0 0 1 1 1 0 0 0 0 1 1 0 1 0 0 1 1 1 0 0 0 0 0 1 0 0 1 0 0 0 0 0 0 1 0 0 0 1 0 0 0 1 0 1 0 0 0 1 1 0 0 0 0 1 0 2 0 1 0 0 0 0 0 0
geno chr9.138911146 ceu  0 0 0 0 0 2 0 0 0 1 0 0 0 0 1 0 0 0 0 0 0 0 0 0 0 0 1 1 1 0 0 0 0 0 0 0 0 0 0 0 0 1 0 0 1 0 0 0 0 0 0 0 0 0 0 1 1 0 0 0 0 0 0 0 0 0 0 1 0 0 0 0 1 0 0 0 0 0
geno chr9.138911146 fin  0 0 0 2 0 0 0 0 0 0 0 0 0 0 1 0 0 0 0 0 0 0 0 0 0 0 0 1 0 0 0 0 1 0 0 0 1 0 0 0 0 0 0 0 0 0 0 0 0 0 0 1 0 1 1 0 0 0 0 1 0 0 0 0 0 0 0 0 0 0 0 0 1 0 1 0 0 1 0 0 0 0 0 0 0 1 0 0 1
geno chr9.138911146 gbr  0 0 0 0 0 0 1 0 0 0 1 0 1 0 1 0 0 0 0 0 0 0 1 0 1 0 0 0 0 0 0 0 0 0 0 0 0 0 0 0 1 0 0 0 1 0 1 0 0 0 0 0 0 0 0 0 1 1 1 0 0 0 1 0 1 0 0 0 0 0 0 0 0 0 0 0 1 0 1 0 0 0 0 1
geno chr9.138911146 tsi  0 0 0 0 0 0 0 0 0 0 0 0 0 1 0 1 0 0 0 0 0 1 0 0 0 0 0 0 0 0 0 1 0 0 0 1 0 0 0 0 0 0 1 0 0 0 0 0 1 0 0 0 0 0 0 0 0 1 0 0 0 1 0 0 0 0 0 0 1 0 0 0 0 0 0 0 0 0 0 0 0 0 1 0 0 0 0 0 0 0 0 0
geno chr9.138911146 yri  0 0 0 0 0 0 1 0 0 0 0 1 1 0 0 0 1 0 0 0 1 0 0 0 0 0 0 0 0 0 0 0 0 0 0 0 0 0 0 0 1 0 0 0 0 0 1 0 0 0 0 0 0 0 0 0 0 0 1 0 1 0 1 1 1 0 0 0 0 0 0 0 1 0 1 1 0
geno chr9.138911431 ceu  1 1 0 2 1 0 0 1 1 0 1 1 1 2 0 1 1 0 0 1 0 0 0 0 2 1 1 1 0 0 1 1 0 0 0 1 1 0 1 1 1 0 1 0 0 1 2 1 0 1 2 0 0 1 1 0 0 1 2 1 1 1 1 1 0 0 2 1 1 1 2 0 0 0 0 0 0 1
geno chr9.138911431 fin  1 0 0 0 0 1 1 1 2 0 1 0 1 0 1 1 0 1 0 1 0 0 1 1 1 0 1 0 1 1 1 2 1 1 0 0 0 0 1 2 1 0 0 1 1 2 0 1 1 1 1 0 2 1 1 1 2 0 2 1 0 0 1 1 1 0 1 1 1 1 0 0 0 0 1 1 0 0 0 0 1 0 0 1 1 0 1 1 1
geno chr9.138911431 gbr  1 0 1 1 0 0 1 0 0 0 0 1 0 2 0 1 0 1 2 0 1 0 0 0 0 0 1 0 1 0 0 1 1 1 0 1 0 0 1 0 0 0 1 0 1 0 0 0 2 1 1 0 1 2 0 0 1 0 1 1 1 1 1 0 1 1 0 1 1 1 0 2 0 0 2 1 0 1 0 1 1 1 0 0
geno chr9.138911431 tsi  0 0 1 1 0 0 0 0 1 0 0 2 0 0 0 1 0 0 2 0 1 0 0 1 0 1 1 1 0 0 0 1 1 1 0 1 0 1 1 1 1 0 1 0 1 0 0 1 1 0 1 1 0 0 0 1 0 0 1 1 1 0 1 1 2 1 2 1 0 1 0 0 1 0 0 0 0 0 1 1 0 1 0 1 0 0 1 0 0 0 0 0
geno chr9.138911431 yri  1 0 0 1 0 1 0 1 0 0 1 0 0 0 0 1 1 1 0 0 0 0 1 1 0 1 1 0 1 1 1 1 0 0 0 0 2 0 0 1 0 0 0 0 0 0 1 0 0 0 1 0 0 1 1 1 1 0 0 0 1 1 0 0 0 0 1 0 2 0 1 0 0 0 0 0 0
geno chr9.138911484 ceu  1 1 0 2 1 0 0 1 1 0 1 2 1 2 0 1 1 0 0 1 0 0 0 1 2 1 1 1 1 0 2 1 0 0 0 1 1 1 1 2 1 0 2 1 0 1 2 1 0 1 2 1 0 1 1 0 0 1 2 1 1 1 1 1 0 0 2 1 2 1 2 1 1 0 1 0 0 1
geno chr9.138911484 fin  1 1 0 0 0 1 1 1 2 0 1 0 2 0 1 1 0 1 0 1 1 0 1 1 1 1 1 1 1 1 1 2 1 1 0 0 0 0 1 2 1 0 1 1 1 2 0 2 1 1 1 0 2 1 1 1 2 0 2 1 0 1 1 1 1 0 1 1 1 2 0 1 0 0 1 1 1 0 1 0 1 0 1 1 2 0 1 1 1
geno chr9.138911484 gbr  1 0 2 1 1 0 1 0 0 1 0 1 0 2 1 1 1 1 2 0 1 0 0 0 0 0 1 1 1 0 0 1 1 1 0 1 1 0 1 0 1 0 1 0 1 1 0 0 2 1 1 0 1 2 1 0 1 0 1 1 2 2 1 0 1 1 0 2 1 1 0 2 0 0 2 2 0 1 0 1 1 1 1 0
geno chr9.138911484 tsi  0 1 1 1 0 0 2 1 1 1 1 2 0 0 0 1 0 0 2 0 2 1 0 1 0 1 1 1 1 0 0 1 1 2 0 1 1 1 2 1 2 0 1 0 1 0 0 2 1 1 1 2 1 1 1 2 0 1 1 1 1 0 1 1 2 1 2 1 1 2 1 0 2 1 1 0 1 2 1 1 1 1 0 2 0 1 1 1 2 0 1 1
geno chr9.138911484 yri  2 1 0 1 1 2 0 1 1 2 2 1 1 2 1 2 1 2 1 0 0 1 2 2 1 2 1 2 2 1 2 2 1 1 2 2 2 1 2 2 1 2 0 2 2 2 1 0 1 1 2 1 1 2 1 2 2 2 0 2 1 1 1 1 1 2 2 1 2 0 2 2 1 2 1 1 2
geno chr9.138911641 ceu  0 0 0 0 0 0 0 0 0 0 0 1 0 0 0 0 0 0 0 0 0 0 0 1 0 0 0 0 1 0 1 0 0 0 0 0 0 1 0 1 0 0 1 1 0 0 0 0 0 0 0 1 0 0 0 0 0 0 0 0 0 0 0 0 0 0 0 0 1 0 0 1 1 0 1 0 0 0
geno chr9.138911641 fin  0 1 0 0 0 0 0 0 0 0 0 0 1 0 0 0 0 0 0 0 1 0 0 0 0 1 0 1 0 0 0 0 0 0 0 0 0 0 0 0 0 0 1 0 0 0 0 1 0 0 0 0 0 0 0 0 0 0 0 0 0 1 0 0 0 0 0 0 0 1 0 1 0 0 0 0 1 0 1 0 0 0 1 0 1 0 0 0 0
geno chr9.138911641 gbr  0 0 1 0 1 0 0 0 0 1 0 0 0 0 1 0 1 0 0 0 0 0 0 0 0 0 0 1 0 0 0 0 0 0 0 0 1 0 0 0 1 0 0 0 0 1 0 0 0 0 0 0 0 0 1 0 0 0 0 0 1 1 0 0 0 0 0 1 0 0 0 0 0 0 0 1 0 0 0 0 0 0 1 0
geno chr9.138911641 tsi  0 1 0 0 0 0 2 1 0 1 1 0 0 0 0 0 0 0 0 0 1 1 0 0 0 0 0 0 1 0 0 0 0 1 0 0 1 0 1 0 1 0 0 0 0 0 0 1 0 1 0 1 1 1 1 1 0 1 0 0 0 0 0 0 0 0 0 0 1 1 1 0 1 1 1 0 1 2 0 0 1 0 0 1 0 1 0 1 2 0 1 1
geno chr9.138911641 yri  0 1 0 0 0 1 0 0 0 1 0 0 0 0 0 1 0 0 0 0 0 1 1 0 0 0 0 1 0 0 1 0 0 0 1 1 0 0 2 1 0 1 0 2 1 2 0 0 1 0 1 0 0 0 0 1 0 0 0 1 0 0 0 0 0 1 1 1 0 0 1 1 0 1 1 0 1
geno chr9.138912049 ceu  0 0 0 0 0 0 0 0 0 0 0 1 0 0 0 0 0 0 0 0 0 0 0 1 0 0 0 0 1 0 1 0 0 0 0 0 0 1 0 1 0 0 1 1 0 0 0 0 0 0 0 1 0 0 0 0 0 0 0 0 0 0 0 0 0 0 0 0 1 0 0 1 1 0 1 0 0 0
geno chr9.138912049 fin  0 1 0 0 0 0 0 0 0 0 0 0 1 0 0 0 0 0 0 0 1 0 0 0 0 1 0 1 0 0 0 0 0 0 0 0 0 0 0 0 0 0 1 0 0 0 0 1 0 0 0 0 0 0 0 0 0 0 0 0 0 1 0 0 0 0 0 0 0 1 0 1 0 0 0 0 1 0 1 0 0 0 1 0 1 0 0 0 0
geno chr9.138912049 gbr  0 0 1 0 1 0 0 0 0 1 0 0 0 0 1 0 1 0 0 0 0 0 0 0 0 0 0 1 0 0 0 0 0 0 0 0 1 0 0 0 1 0 0 0 0 1 0 0 0 0 0 0 0 0 1 0 0 0 0 0 1 1 0 0 0 0 0 1 0 0 0 0 0 0 0 1 0 0 0 0 0 0 1 0
geno chr9.138912049 tsi  0 1 0 0 0 0 2 1 0 1 1 0 0 0 0 0 0 0 0 0 1 1 0 0 0 0 0 0 1 0 0 0 0 1 0 0 1 0 1 0 1 0 0 0 0 0 0 1 0 1 0 1 1 1 1 1 0 1 0 0 0 0 0 0 0 0 0 0 1 1 1 0 1 1 1 0 1 2 0 0 1 0 0 1 0 1 0 1 2 0 1 1
geno chr9.138912049 yri  1 1 0 0 1 1 0 0 1 2 1 1 1 2 1 1 0 1 1 0 0 1 1 1 1 1 0 2 1 0 1 1 2 1 2 2 0 1 2 1 1 2 1 2 2 2 0 0 1 1 1 1 1 1 0 1 1 2 0 2 0 0 1 1 1 2 1 1 0 0 1 2 1 2 1 0 2
geno chr9.138912434 ceu  0 0 0 0 0 0 0 0 0 0 0 1 0 0 0 0 0 0 0 0 1 0 1 1 0 0 0 0 1 0 1 0 0 0 0 0 0 1 0 1 0 0 1 1 1 0 0 0 0 0 0 1 0 0 0 0 0 0 0 0 0 0 0 0 0 1 0 0 1 0 0 1 1 0 1 0 0 0
geno chr9.138912434 fin  0 1 0 0 0 0 0 0 0 0 0 0 1 0 0 0 0 0 0 0 1 0 0 0 0 1 0 1 0 0 0 0 0 0 0 0 0 0 0 0 0 0 1 0 0 0 0 1 0 0 0 0 0 0 0 0 0 0 0 0 0 1 0 0 0 0 0 0 0 1 0 1 0 0 0 0 1 0 1 0 0 0 1 0 1 0 0 0 0
geno chr9.138912434 gbr  0 0 1 0 1 0 0 0 0 1 0 0 0 0 1 1 1 0 0 0 0 0 0 0 0 0 0 1 0 0 0 0 0 0 0 0 1 0 0 0 1 0 0 0 0 1 0 0 0 0 0 0 0 0 1 0 0 0 0 0 1 1 0 0 0 0 0 1 0 0 0 0 0 0 0 1 0 0 0 0 0 0 2 0
geno chr9.138912434 tsi  0 1 0 0 0 0 2 1 0 1 1 0 0 0 0 0 0 0 0 0 1 1 0 0 0 0 0 0 1 0 0 0 0 1 0 0 1 0 1 0 1 0 0 0 0 0 0 1 0 1 0 1 1 1 1 1 0 1 0 0 0 0 0 0 0 0 0 0 1 1 1 0 1 1 1 0 1 2 0 0 1 0 0 1 0 1 0 1 2 0 1 1
geno chr9.138912434 yri  0 1 0 0 0 1 0 0 0 2 0 0 0 0 1 1 0 0 0 0 0 1 1 1 0 1 0 1 0 0 1 0 0 0 1 1 0 0 2 1 1 1 0 2 1 2 0 0 1 0 1 0 0 0 0 1 0 0 0 1 0 0 1 0 1 2 1 1 0 0 1 2 0 1 1 0 1
geno chr9.138912607 ceu  0 0 0 0 0 0 0 0 0 0 0 0 0 0 0 0 0 0 0 0 0 0 0 0 0 0 0 0 0 0 0 0 0 0 0 0 0 0 0 0 0 0 0 0 0 0 0 0 0 0 0 0 0 0 0 0 0 0 0 0 0 0 0 0 0 0 0 0 0 0 0 0 0 0 0 0 0 0
geno chr9.138912607 fin  0 0 0 0 0 0 0 0 0 0 1 0 0 0 0 0 0 0 0 1 0 0 0 0 0 0 0 0 0 0 0 0 0 0 1 0 0 0 0 0 1 0 0 0 0 0 0 0 0 0 0 0 0 0 0 0 0 0 0 0 1 0 0 0 0 0 0 0 0 0 1 0 0 0 0 0 0 0 0 0 0 0 0 0 0 0 0 1 0
geno chr9.138912607 gbr  0 0 0 0 0 0 0 0 0 0 0 0 0 0 0 0 0 0 0 0 0 0 0 0 0 0 0 0 0 0 0 0 0 0 0 0 0 0 1 0 0 0 0 0 0 0 0 0 0 0 0 0 0 0 0 0 0 0 0 0 0 0 0 0 0 0 0 0 0 0 0 0 0 0 0 0 0 0 0 0 0 0 0 0
geno chr9.138912607 tsi  0 0 0 0 0 0 0 0 0 0 0 0 0 0 0 0 0 0 0 0 0 0 0 0 0 0 0 0 0 0 0 0 0 0 0 0 0 0 0 0 0 0 0 0 0 0 0 0 0 0 0 0 0 0 0 0 0 0 0 0 0 0 0 0 0 0 0 0 0 0 0 0 0 0 0 0 1 0 0 0 0 0 0 0 0 0 0 0 0 0 0 0
geno chr9.138912607 yri  0 0 0 0 1 1 0 0 0 0 0 0 0 0 0 0 0 0 1 2 1 1 0 0 0 0 1 0 0 0 0 1 0 1 0 0 1 1 0 0 0 0 0 0 0 0 0 1 0 0 0 1 0 1 1 1 0 0 0 0 0 1 0 0 0 0 0 1 0 2 0 0 0 0 0 0 0
geno chr9.138913189 ceu  0 0 0 0 0 0 0 0 0 0 0 1 0 0 0 0 0 0 0 0 1 0 1 1 0 0 0 0 0 0 1 0 0 0 0 0 0 1 0 1 0 0 1 1 1 0 0 0 0 0 0 1 0 0 0 0 0 0 0 0 0 0 0 0 0 1 0 0 1 0 0 1 1 0 1 0 0 0
geno chr9.138913189 fin  0 1 0 0 0 0 0 0 0 0 0 0 1 0 0 0 0 0 0 0 1 0 0 0 0 1 0 1 1 0 0 0 0 0 0 0 0 0 0 0 0 0 1 0 0 0 0 1 0 0 0 0 0 0 0 0 0 0 0 0 0 1 0 0 0 0 0 0 0 1 0 1 0 0 0 0 1 0 1 0 0 0 1 0 1 0 0 0 0
geno chr9.138913189 gbr  0 0 1 0 1 0 0 0 0 1 0 0 0 0 1 1 1 0 0 0 0 0 0 0 0 0 0 1 0 0 0 0 0 0 0 0 1 0 0 0 1 0 0 0 0 1 0 0 0 0 0 0 0 0 1 0 0 0 0 0 1 1 0 0 0 0 0 1 0 0 0 0 0 0 0 1 0 0 0 0 0 0 2 0
geno chr9.138913189 tsi  0 1 0 0 0 0 2 1 0 1 1 0 0 0 0 0 0 0 0 0 1 1 0 0 0 0 0 0 1 0 0 0 0 1 0 0 1 0 1 0 1 0 0 0 0 0 0 1 0 1 0 1 1 1 1 1 0 1 0 0 0 0 0 0 0 0 0 0 1 1 1 0 1 1 1 0 1 2 0 0 1 0 0 1 0 1 0 1 2 0 1 1
geno chr9.138913189 yri  2 1 0 1 1 1 0 1 1 2 2 1 1 2 0 2 1 2 1 0 0 1 2 2 1 1 0 2 2 1 2 1 2 1 2 2 1 1 2 2 1 2 1 2 2 1 1 0 1 1 2 1 1 1 1 1 2 2 0 2 1 1 1 1 1 0 2 0 2 0 2 2 1 2 1 0 2
geno chr9.138913314 ceu  1 1 0 2 1 0 0 1 0 0 1 2 1 2 0 1 1 0 0 1 1 0 1 1 2 1 1 1 0 0 2 1 0 0 0 1 1 1 1 2 1 0 2 1 1 0 2 1 0 1 2 1 0 1 1 0 0 1 2 1 1 1 1 1 0 1 2 1 2 1 2 1 1 0 1 0 0 1
geno chr9.138913314 fin  1 1 0 0 0 1 1 0 2 0 2 0 1 0 1 1 0 1 0 2 1 0 1 1 1 1 1 1 1 1 1 2 1 1 1 0 0 0 1 2 2 0 1 1 1 2 0 2 1 1 1 0 2 1 1 1 2 0 2 1 1 1 1 1 1 0 1 1 1 2 1 1 0 0 1 1 1 0 1 0 1 0 1 1 2 0 1 2 1
geno chr9.138913314 gbr  1 0 2 1 1 0 1 0 0 1 0 1 0 2 1 2 1 1 2 0 1 0 0 0 0 0 1 1 1 0 0 1 0 1 0 1 1 0 1 0 1 0 1 0 1 1 0 0 2 1 1 0 1 2 1 0 1 0 1 1 2 2 1 0 1 1 0 2 1 1 0 2 0 0 2 2 0 1 0 1 1 1 2 0
geno chr9.138913314 tsi  0 1 1 1 0 0 2 1 0 1 1 2 0 0 0 1 0 0 2 0 2 1 0 1 0 1 1 1 1 0 0 1 1 2 0 1 1 1 2 1 2 0 1 0 1 0 0 2 1 1 1 2 1 1 1 2 0 1 1 1 1 0 1 1 2 1 2 1 1 2 1 0 2 1 1 0 2 2 1 1 1 1 0 2 0 1 1 1 2 0 1 1
geno chr9.138913314 yri  2 1 0 1 2 2 0 1 1 2 2 1 1 2 0 2 1 2 2 2 1 2 2 2 1 1 1 2 2 1 2 2 2 2 2 2 2 2 2 2 1 2 1 2 2 1 1 1 1 1 2 2 1 2 2 2 2 2 0 2 1 2 1 1 1 0 2 1 2 2 2 2 1 2 1 0 2
geno chr9.138913404 ceu  0 0 0 0 0 0 0 0 0 0 0 1 0 0 0 0 0 0 0 0 1 0 1 1 0 0 0 0 0 0 1 0 0 0 0 0 0 1 0 1 0 0 1 1 1 0 0 0 0 0 0 1 0 0 0 0 0 0 0 0 0 0 0 0 0 1 0 0 1 0 0 1 1 0 1 0 0 0
geno chr9.138913404 fin  0 1 0 0 0 0 0 0 0 0 0 0 1 0 0 0 0 0 0 0 1 0 0 0 0 1 0 1 0 0 0 0 0 0 0 0 0 0 0 0 0 0 1 0 0 0 0 1 0 0 0 0 0 0 0 0 0 0 0 0 0 1 0 0 0 0 0 0 0 1 0 1 0 0 0 0 1 0 1 0 0 0 1 0 1 0 0 0 0
geno chr9.138913404 gbr  0 0 1 0 1 0 0 0 0 1 0 0 0 0 1 1 1 0 0 0 0 0 0 0 0 0 0 1 0 0 0 0 0 0 0 0 1 0 0 0 1 0 0 0 0 1 0 0 0 0 0 0 0 0 1 0 0 0 0 0 1 1 0 0 0 0 0 1 0 0 0 0 0 0 0 1 0 0 0 0 0 0 2 0
geno chr9.138913404 tsi  0 1 0 0 0 0 2 1 0 1 1 0 0 0 0 0 0 0 0 0 1 1 0 0 0 0 0 0 1 0 0 0 0 1 0 0 1 0 1 0 1 0 0 0 0 0 0 1 0 1 0 1 1 1 1 1 0 1 0 0 0 0 0 0 0 0 0 0 1 1 1 0 1 1 1 0 1 2 0 0 1 0 0 1 0 1 0 1 2 0 1 1
geno chr9.138913404 yri  2 1 0 1 1 1 0 1 1 2 2 1 1 2 0 2 1 2 1 0 0 1 2 2 1 1 0 2 2 1 2 1 2 1 2 2 1 1 2 2 1 2 1 2 2 1 1 0 1 1 2 1 1 1 1 1 2 2 0 2 1 1 1 1 1 0 2 0 2 0 2 2 1 2 1 0 2
geno chr9.138913540 ceu  0 1 0 0 1 0 1 0 2 1 0 0 0 0 1 1 0 1 0 0 1 1 0 1 0 0 0 0 0 1 0 1 1 0 0 1 0 1 1 0 0 0 0 1 0 2 0 0 1 0 0 1 0 1 1 1 1 1 0 1 0 1 0 0 1 1 0 0 0 1 0 0 0 0 1 1 2 0
geno chr9.138913540 fin  0 1 1 0 2 1 1 1 0 1 0 2 0 2 0 1 1 1 0 0 0 1 0 1 0 1 0 0 1 1 1 0 0 0 1 2 1 2 1 0 0 0 1 1 1 0 2 0 1 1 1 1 0 0 0 1 0 0 0 0 1 1 1 0 1 0 1 1 0 0 0 1 1 2 0 0 1 1 1 2 0 1 0 0 0 1 1 0 0
geno chr9.138913540 gbr  0 1 0 1 0 1 0 0 1 0 1 0 0 0 0 0 1 0 0 2 1 1 1 2 0 2 0 1 1 1 1 1 0 1 1 1 0 0 0 2 0 2 1 1 0 0 1 0 0 1 0 0 1 0 1 2 0 1 0 1 0 0 0 0 0 1 2 0 0 1 0 0 1 1 0 0 1 0 0 1 1 1 0 1
geno chr9.138913540 tsi  1 0 0 1 1 1 0 0 1 1 1 0 0 1 1 0 0 0 0 2 0 0 1 1 0 1 0 0 0 2 2 0 0 0 2 0 1 0 0 0 0 2 0 1 1 2 1 0 0 1 1 0 0 1 1 0 2 0 0 0 1 0 1 0 0 1 0 0 1 0 1 1 0 1 0 2 0 0 0 1 1 1 1 0 1 0 1 1 0 2 1 1
geno chr9.138913540 yri  0 0 0 0 0 0 0 0 0 0 0 0 0 0 1 0 0 0 0 0 0 0 0 0 0 1 1 0 0 0 0 0 0 0 0 0 0 0 0 0 0 0 0 0 0 1 0 1 0 0 0 0 0 0 0 0 0 0 0 0 0 0 0 0 0 2 0 1 0 0 0 0 0 0 0 0 0
geno chr9.138913683 ceu  1 1 0 2 1 0 0 1 0 0 1 1 1 2 0 1 1 0 0 1 0 0 0 0 2 1 1 1 0 0 1 1 0 0 0 1 1 0 1 1 1 0 1 0 0 0 2 1 0 1 2 0 0 1 1 0 0 1 2 1 1 1 1 1 0 0 2 1 1 1 2 0 0 0 0 0 0 1
geno chr9.138913683 fin  1 0 0 0 0 1 1 0 2 0 1 0 0 0 1 1 0 1 0 1 0 0 1 1 1 0 1 0 1 1 1 2 1 1 0 0 0 0 1 2 1 0 0 1 1 2 0 1 1 1 1 0 2 1 1 1 2 0 2 1 0 0 1 1 1 0 1 1 1 1 0 0 0 0 1 1 0 0 0 0 1 0 0 1 1 0 1 1 1
geno chr9.138913683 gbr  1 0 1 1 0 0 1 0 0 0 0 1 0 2 0 1 0 1 2 0 1 0 0 0 0 0 1 0 1 0 0 1 0 1 0 1 0 0 0 0 0 0 1 0 1 0 0 0 2 1 1 0 1 2 0 0 1 0 1 1 1 1 1 0 1 1 0 1 1 1 0 2 0 0 2 1 0 1 0 1 1 1 0 0
geno chr9.138913683 tsi  0 0 1 1 0 0 0 0 0 0 0 2 0 0 0 1 0 0 2 0 1 0 0 1 0 1 1 1 0 0 0 1 1 1 0 1 0 1 1 1 1 0 1 0 1 0 0 1 1 0 1 1 0 0 0 1 0 0 1 1 1 0 1 1 2 1 2 1 0 1 0 0 1 0 0 0 0 0 1 1 0 1 0 1 0 0 1 0 0 0 0 0
geno chr9.138913683 yri  0 0 0 0 1 1 0 0 0 0 0 0 0 0 0 0 0 0 1 2 1 1 0 0 0 0 1 0 0 0 0 1 0 1 0 0 1 1 0 0 0 0 0 0 0 0 0 1 0 0 0 1 0 1 1 1 0 0 0 0 0 1 0 0 0 0 0 1 0 2 0 0 0 0 0 0 0
geno chr9.138913789 ceu  1 1 0 2 1 0 0 1 0 0 1 2 1 2 0 1 1 0 0 1 1 0 1 1 2 1 1 1 0 0 2 1 0 0 0 1 1 1 1 2 1 0 2 1 1 0 2 1 0 1 2 1 0 1 1 0 0 1 2 1 1 1 1 1 0 1 1 1 2 1 2 1 1 0 1 0 0 1
geno chr9.138913789 fin  1 1 0 0 0 1 1 0 2 0 2 0 1 0 1 1 0 1 0 2 1 0 1 1 1 1 1 1 1 1 1 2 1 1 1 0 0 0 1 2 2 0 1 1 1 2 0 2 1 1 1 0 2 1 1 1 2 0 2 1 1 1 1 1 1 0 1 1 1 2 1 1 0 0 1 1 1 0 1 0 1 0 1 1 2 0 1 2 1
geno chr9.138913789 gbr  1 0 2 1 1 0 1 0 0 1 0 1 0 2 1 2 1 1 2 0 1 0 0 0 0 0 1 1 1 0 0 1 0 1 0 1 1 0 1 0 1 0 1 0 1 1 0 0 2 1 1 0 1 2 1 0 1 0 1 1 2 2 1 0 1 1 0 2 1 1 0 2 0 0 2 2 0 1 0 1 1 1 2 0
geno chr9.138913789 tsi  0 1 1 1 0 0 2 1 0 1 1 2 0 0 0 1 0 0 2 0 2 1 0 1 0 1 1 1 1 0 0 1 1 2 0 1 1 1 2 1 2 0 1 0 1 0 0 2 1 1 1 2 1 1 1 2 0 1 1 1 1 0 1 1 2 1 2 1 1 2 1 0 2 1 1 0 2 2 1 1 1 1 0 2 0 1 1 1 2 0 1 1
geno chr9.138913789 yri  1 1 0 1 1 2 0 1 0 2 1 0 0 0 0 2 1 1 1 2 1 2 1 2 0 1 1 1 1 1 2 1 0 2 1 1 2 1 2 2 1 1 0 2 1 1 1 1 1 0 2 1 0 1 2 2 1 0 0 1 1 2 1 0 1 0 2 1 2 2 2 2 0 1 1 0 1
geno chr9.138914382 ceu  0 0 0 0 0 0 0 0 0 0 0 0 0 0 0 0 0 0 0 0 0 0 0 0 0 0 0 0 0 0 0 0 0 0 0 0 0 0 0 0 0 0 0 0 0 0 0 0 0 0 0 0 0 0 0 0 0 0 0 0 0 0 0 0 0 0 0 0 0 0 0 0 0 0 0 0 0 0
geno chr9.138914382 fin  0 0 0 0 0 0 0 0 0 0 1 0 0 0 0 0 0 0 0 1 0 0 0 0 0 0 0 0 0 0 0 0 0 0 1 0 0 0 0 0 1 0 0 0 0 0 0 0 0 0 0 0 0 0 0 0 0 0 0 0 1 0 0 0 0 0 0 0 0 0 1 0 0 0 0 0 0 0 0 0 0 0 0 0 0 0 0 1 0
geno chr9.138914382 gbr  0 0 0 0 0 0 0 0 0 0 0 0 0 0 0 0 0 0 0 0 0 0 0 0 0 0 0 0 0 0 0 0 0 0 0 0 0 0 1 0 0 0 0 0 0 0 0 0 0 0 0 0 0 0 0 0 0 0 0 0 0 0 0 0 0 0 0 0 0 0 0 0 0 0 0 0 0 0 0 0 0 0 0 0
geno chr9.138914382 tsi  0 0 0 0 0 0 0 0 0 0 0 0 0 0 0 0 0 0 0 0 0 0 0 0 0 0 0 0 0 0 0 0 0 0 0 0 0 0 0 0 0 0 0 0 0 0 0 0 0 0 0 0 0 0 0 0 0 0 0 0 0 0 0 0 0 0 0 0 0 0 0 0 0 0 0 0 1 0 0 0 0 0 0 0 0 0 0 0 0 0 0 0
geno chr9.138914382 yri  0 0 0 0 1 1 0 0 0 0 0 0 0 0 0 0 0 0 1 2 1 1 0 0 0 0 1 0 0 0 0 1 0 1 0 0 1 1 0 0 0 0 0 0 0 0 0 1 0 0 0 1 0 0 1 1 0 0 0 0 0 1 0 0 0 0 0 1 0 2 0 0 0 0 0 0 0
geno chr9.138914472 ceu  0 0 0 0 0 0 0 0 0 0 0 0 0 0 0 0 0 0 0 0 0 0 0 0 0 0 0 0 0 0 0 0 0 0 0 0 0 0 0 0 0 0 0 0 0 0 0 0 0 0 0 0 0 0 0 0 0 0 0 0 0 0 0 0 0 0 0 0 0 0 0 0 0 0 0 0 0 0
geno chr9.138914472 fin  0 0 0 0 0 0 0 0 0 0 1 0 0 0 0 0 0 0 0 1 0 0 0 0 0 0 0 0 0 0 0 0 0 0 1 0 0 0 0 0 1 0 0 0 0 0 0 0 0 0 0 0 0 0 0 0 0 0 0 0 1 0 0 0 0 0 0 0 0 0 1 0 0 0 0 0 0 0 0 0 0 0 0 0 0 0 0 1 0
geno chr9.138914472 gbr  0 0 0 0 0 0 0 0 0 0 0 0 0 0 0 0 0 0 0 0 0 0 0 0 0 0 0 0 0 0 0 0 0 0 0 0 0 0 1 0 0 0 0 0 0 0 0 0 0 0 0 0 0 0 0 0 0 0 0 0 0 0 0 0 0 0 0 0 0 0 0 0 0 0 0 0 0 0 0 0 0 0 0 0
geno chr9.138914472 tsi  0 0 0 0 0 0 0 0 0 0 0 0 0 0 0 0 0 0 0 0 0 0 0 0 0 0 0 0 0 0 0 0 0 0 0 0 0 0 0 0 0 0 0 0 0 0 0 0 0 0 0 0 0 0 0 0 0 0 0 0 0 0 0 0 0 0 0 0 0 0 0 0 0 0 0 0 1 0 0 0 0 0 0 0 0 0 0 0 0 0 0 0
geno chr9.138914472 yri  0 0 0 0 1 1 0 0 0 0 0 0 0 0 0 0 0 0 1 2 1 1 0 0 0 0 1 0 0 0 0 1 0 1 0 0 1 1 0 0 0 0 0 0 0 0 0 1 0 0 0 1 0 1 1 1 0 0 0 0 0 1 0 0 0 0 0 1 0 2 0 0 0 0 0 0 0
geno chr9.138914769 ceu  1 1 0 2 1 0 0 1 0 0 1 2 1 2 0 1 1 0 0 1 1 0 1 1 2 1 1 1 0 0 2 1 0 0 0 1 1 1 1 2 1 0 2 1 1 0 2 1 0 1 2 1 0 1 1 0 0 1 2 1 1 1 1 1 0 1 2 1 2 1 2 1 1 0 1 0 0 1
geno chr9.138914769 fin  1 1 0 0 0 1 1 0 2 0 2 0 1 0 1 1 0 1 0 2 1 0 1 1 1 1 1 1 1 1 1 2 1 1 1 0 0 0 1 2 2 0 1 1 1 1 0 2 1 1 1 0 2 1 1 1 2 0 2 1 1 1 1 1 1 0 1 1 1 2 1 1 0 0 1 1 1 0 1 0 1 0 1 1 2 0 1 2 1
geno chr9.138914769 gbr  1 0 2 1 1 0 1 0 0 1 0 1 0 2 1 2 1 1 2 0 1 0 0 0 0 0 1 1 1 0 0 1 0 1 0 1 1 0 1 0 1 0 1 0 1 1 0 0 2 1 1 0 1 2 1 0 1 0 1 1 2 2 1 0 1 1 0 2 1 1 0 2 0 0 2 2 0 1 0 1 1 1 2 0
geno chr9.138914769 tsi  0 1 1 1 0 0 2 1 0 1 1 2 0 0 0 1 0 0 2 0 2 1 0 1 0 1 1 1 1 0 0 1 1 2 0 1 1 1 2 1 2 0 1 0 1 0 0 2 1 1 1 2 1 1 1 2 0 1 1 1 1 0 1 1 2 1 2 1 1 2 1 0 2 1 1 0 2 2 1 1 1 1 0 2 0 1 1 1 2 0 1 1
geno chr9.138914769 yri  2 1 0 1 2 2 0 1 1 2 2 1 1 2 1 2 1 2 2 2 1 2 2 2 1 2 1 2 2 1 2 2 2 2 2 2 2 2 2 2 1 2 1 2 2 1 1 1 1 1 2 2 1 2 2 2 2 2 0 2 1 2 1 1 1 2 2 1 2 2 2 2 1 2 1 0 2
geno chr9.138914784 ceu  0 0 0 0 0 0 0 0 0 0 0 0 0 0 0 0 0 0 0 0 0 0 0 0 0 0 0 0 0 0 0 0 0 0 0 0 0 0 0 0 0 0 0 0 0 0 0 0 0 0 0 0 0 0 0 0 0 0 0 0 0 0 0 0 0 0 0 0 0 0 0 0 0 0 0 0 0 0
geno chr9.138914784 fin  0 0 0 0 0 0 0 0 0 0 1 0 0 0 0 0 0 0 0 1 0 0 0 0 0 0 0 0 0 0 0 0 0 0 1 0 0 0 0 0 1 0 0 0 0 0 0 0 0 0 0 0 0 0 0 0 0 0 0 0 1 0 0 0 0 0 0 0 0 0 1 0 0 0 0 0 0 0 0 0 0 0 0 0 0 0 0 1 0
geno chr9.138914784 gbr  0 0 0 0 0 0 0 0 0 0 0 0 0 0 0 0 0 0 0 0 0 0 0 0 0 0 0 0 0 0 0 0 0 0 0 0 0 0 1 0 0 0 0 0 0 0 0 0 0 0 0 0 0 0 0 0 0 0 0 0 0 0 0 0 0 0 0 0 0 0 0 0 0 0 0 0 0 0 0 0 0 0 0 0
geno chr9.138914784 tsi  0 0 0 0 0 0 0 0 0 0 0 0 0 0 0 0 0 0 0 0 0 0 0 0 0 0 0 0 0 0 0 0 0 0 0 0 0 0 0 0 0 0 0 0 0 0 0 0 0 0 0 0 0 0 0 0 0 0 0 0 0 0 0 0 0 0 0 0 0 0 0 0 0 0 0 0 1 0 0 0 0 0 0 0 0 0 0 0 0 0 0 0
geno chr9.138914784 yri  0 0 0 0 1 1 0 0 0 0 0 0 0 0 0 0 0 0 1 2 1 1 0 0 0 0 1 0 0 0 0 1 0 1 0 0 1 1 0 0 0 0 0 0 0 0 0 1 0 0 0 1 0 1 1 1 0 0 0 0 0 1 0 0 0 0 0 1 0 2 0 0 0 0 0 0 0
geno chr9.138914803 ceu  0 0 0 0 0 0 0 0 0 0 0 0 0 0 0 0 0 0 0 0 0 0 0 0 0 0 0 0 0 0 0 0 0 0 0 0 0 0 0 0 0 0 0 0 0 0 0 0 0 0 0 0 0 0 0 0 0 0 0 0 0 0 0 0 0 0 0 0 0 0 0 0 0 0 0 0 0 0
geno chr9.138914803 fin  0 0 0 0 0 0 0 0 0 0 1 0 0 0 0 0 0 0 0 1 0 0 0 0 0 0 0 0 0 0 0 0 0 0 1 0 0 0 0 0 1 0 0 0 0 0 0 0 0 0 0 0 0 0 0 0 0 0 0 0 1 0 0 0 0 0 0 0 0 0 1 0 0 0 0 0 0 0 0 0 0 0 0 0 0 0 0 1 0
geno chr9.138914803 gbr  0 0 0 0 0 0 0 0 0 0 0 0 0 0 0 0 0 0 0 0 0 0 0 0 0 0 0 0 0 0 0 0 0 0 0 0 0 0 1 0 0 0 0 0 0 0 0 0 0 0 0 0 0 0 0 0 0 0 0 0 0 0 0 0 0 0 0 0 0 0 0 0 0 0 0 0 0 0 0 0 0 0 0 0
geno chr9.138914803 tsi  0 0 0 0 0 0 0 0 0 0 0 0 0 0 0 0 0 0 0 0 0 0 0 0 0 0 0 0 0 0 0 0 0 0 0 0 0 0 0 0 0 0 0 0 0 0 0 0 0 0 0 0 0 0 0 0 0 0 0 0 0 0 0 0 0 0 0 0 0 0 0 0 0 0 0 0 1 0 0 0 0 0 0 0 0 0 0 0 0 0 0 0
geno chr9.138914803 yri  0 0 0 0 1 1 0 0 0 0 0 0 0 0 0 0 0 0 1 2 1 1 0 0 0 0 1 0 0 0 0 1 0 1 0 0 1 1 0 0 0 0 0 0 0 0 0 1 0 0 0 1 0 1 1 1 0 0 0 0 0 1 0 0 0 0 0 1 0 2 0 0 0 0 0 0 0
geno chr9.138914907 ceu  0 1 0 0 1 0 1 0 2 1 0 0 0 0 1 1 0 1 0 0 1 1 0 1 0 0 0 0 0 1 0 1 1 0 0 0 0 1 1 0 0 0 0 1 0 2 0 0 1 0 0 1 0 1 0 1 1 1 0 1 0 1 0 0 1 1 0 0 0 0 0 0 0 0 1 0 1 0
geno chr9.138914907 fin  0 0 0 0 1 1 1 1 0 1 0 0 1 1 0 0 1 1 0 0 0 1 0 1 0 1 0 0 2 1 1 0 0 0 0 1 1 2 1 0 0 0 1 0 1 0 2 0 0 0 1 1 0 0 0 1 0 0 0 0 1 1 1 0 1 0 1 1 0 0 0 1 0 1 0 0 1 0 1 1 0 1 0 0 0 1 1 0 1
geno chr9.138914907 gbr  0 1 0 1 0 0 0 0 1 1 0 0 0 0 0 0 1 0 0 1 1 2 1 2 0 1 0 1 1 1 1 1 0 1 1 1 0 0 1 1 0 0 1 0 0 0 1 0 0 1 0 0 1 0 1 1 0 1 0 1 0 0 0 0 0 1 1 0 0 1 0 0 1 1 0 0 1 0 0 1 1 1 0 1
geno chr9.138914907 tsi  1 0 0 1 1 0 0 0 1 1 1 0 0 1 1 0 0 0 0 1 0 0 1 1 0 1 0 0 0 1 2 0 0 0 2 0 1 0 0 0 0 2 0 1 1 2 0 0 0 1 1 0 0 1 1 0 2 0 0 0 1 0 1 0 0 1 0 0 1 0 1 1 0 1 0 2 0 0 0 1 0 1 1 0 1 0 1 1 0 2 1 1
geno chr9.138914907 yri  0 0 0 0 0 0 0 0 0 0 0 0 0 0 0 0 0 0 0 0 0 0 0 0 0 0 1 0 0 0 0 0 0 0 0 0 0 0 0 0 0 0 0 0 0 0 0 1 0 0 0 0 0 0 0 0 0 0 0 0 0 0 0 0 0 0 0 0 0 0 0 0 0 0 0 0 0
geno chr9.138915021 ceu  1 2 0 2 2 0 1 1 2 1 1 2 1 2 1 2 1 1 0 1 2 1 1 1 2 1 1 1 0 1 2 2 1 0 0 2 1 2 2 2 1 0 2 2 1 2 2 1 1 1 2 2 0 2 2 1 1 2 2 2 1 2 1 1 1 2 2 1 2 2 2 1 1 0 2 1 2 1
geno chr9.138915021 fin  1 2 1 0 2 2 2 1 2 1 2 2 1 2 1 2 1 2 0 2 1 1 1 2 1 2 1 1 2 2 2 2 1 1 2 2 1 2 2 2 2 0 2 2 2 2 2 2 2 2 2 1 2 1 1 2 2 0 2 1 2 2 2 1 2 0 2 2 1 2 1 2 1 2 1 1 2 1 2 2 1 1 1 1 2 1 2 2 1
geno chr9.138915021 gbr  1 1 2 2 1 1 1 0 1 1 1 1 0 2 1 2 2 1 2 2 2 1 1 2 0 2 1 2 2 1 1 2 0 2 1 2 1 0 1 2 0 2 2 1 1 0 1 0 2 2 1 0 2 2 2 2 1 1 1 2 2 2 1 0 1 2 2 2 1 2 0 2 1 1 2 2 1 1 0 2 2 2 2 1
geno chr9.138915021 tsi  1 1 1 2 1 1 2 1 1 2 2 2 0 1 1 1 0 0 2 2 2 1 1 2 0 2 1 1 1 2 2 1 1 2 2 1 2 1 2 1 2 2 1 1 2 2 1 2 1 2 2 2 1 2 2 2 2 1 1 1 2 0 2 1 2 2 2 1 2 2 2 1 2 2 1 2 2 2 1 2 2 2 1 2 1 1 2 2 2 2 2 2
geno chr9.138915021 yri  2 1 0 0 2 2 0 1 1 2 2 1 1 2 1 2 1 2 2 2 1 2 2 2 1 2 2 2 2 1 2 2 2 2 2 2 2 2 2 2 1 2 1 2 2 2 1 2 1 1 2 2 1 2 2 2 2 2 0 2 1 2 1 1 1 2 2 2 1 2 2 2 1 2 1 0 2
geno chr9.138915498 ceu  0 0 0 0 0 0 0 0 0 0 0 0 0 0 0 0 0 0 0 0 0 0 0 0 0 0 0 0 0 0 0 0 0 0 0 0 0 0 0 0 0 0 0 0 0 0 0 0 0 0 0 0 0 0 0 0 0 0 0 0 0 0 0 0 0 0 0 0 0 0 0 0 0 0 0 0 0 0
geno chr9.138915498 fin  0 0 0 0 0 0 0 0 0 0 0 0 0 0 0 0 0 0 0 0 0 0 0 0 0 0 0 0 0 0 0 0 0 0 0 0 0 0 0 0 0 0 0 0 0 0 0 0 0 0 0 0 0 0 0 0 0 0 0 0 0 0 0 0 0 0 0 0 0 0 0 0 0 0 0 0 0 0 0 0 0 0 0 0 0 0 0 0 0
geno chr9.138915498 gbr  0 0 0 0 0 0 0 0 0 0 0 0 0 0 0 0 0 0 0 0 0 0 0 0 0 0 0 0 0 0 0 0 0 0 0 0 0 0 0 0 0 0 0 0 0 0 0 0 0 0 0 0 0 0 0 0 0 0 0 0 0 0 0 0 0 0 0 0 0 0 0 0 0 0 0 0 0 0 0 0 0 0 0 0
geno chr9.138915498 tsi  0 0 0 0 0 0 0 0 0 0 0 0 0 0 0 0 0 0 0 0 0 0 0 0 0 0 0 0 0 0 0 0 0 0 0 0 0 0 0 0 0 0 0 0 0 0 0 0 0 0 0 0 0 0 0 0 0 0 0 0 0 0 0 0 0 0 0 0 0 0 0 0 0 0 0 0 0 0 0 0 0 0 0 0 0 0 0 0 0 0 0 0
geno chr9.138915498 yri  0 0 0 0 1 0 0 0 1 0 1 1 1 0 1 0 0 1 1 0 0 0 1 0 0 1 0 1 1 0 0 1 2 0 1 1 0 1 0 0 0 1 1 0 1 0 0 0 0 1 0 0 1 1 0 0 1 1 0 1 0 0 0 1 0 2 0 0 0 0 0 0 1 1 0 0 1
geno chr9.138915742 ceu  0 0 0 0 0 0 0 0 0 0 0 0 0 0 0 0 0 0 0 0 0 0 0 0 0 0 0 0 0 0 0 0 0 0 0 0 0 0 0 0 0 0 0 0 0 0 0 0 0 0 0 0 0 0 0 0 0 0 0 0 0 0 0 0 0 0 0 0 0 0 0 0 0 0 0 0 0 0
geno chr9.138915742 fin  0 0 0 0 0 0 0 0 0 0 1 0 0 0 0 0 0 0 0 1 0 0 0 0 0 0 0 0 0 0 0 0 0 0 1 0 0 0 0 0 1 0 0 0 0 0 0 0 0 0 0 0 0 0 0 0 0 0 0 0 1 0 0 0 0 0 0 0 0 0 1 0 0 0 0 0 0 0 0 0 0 0 0 0 0 0 0 1 0
geno chr9.138915742 gbr  0 0 0 0 0 0 0 0 0 0 0 0 0 0 0 0 0 0 0 0 0 0 0 0 0 0 0 0 0 0 0 0 0 0 0 0 0 0 1 0 0 0 0 0 0 0 0 0 0 0 0 0 0 0 0 0 0 0 0 0 0 0 0 0 0 0 0 0 0 0 0 0 0 0 0 0 0 0 0 0 0 0 0 0
geno chr9.138915742 tsi  0 0 0 0 0 0 0 0 0 0 0 0 0 0 0 0 0 0 0 0 0 0 0 0 0 0 0 0 0 0 0 0 0 0 0 0 0 0 0 0 0 0 0 0 0 0 0 0 0 0 0 0 0 0 0 0 0 0 0 0 0 0 0 0 0 0 0 0 0 0 0 0 0 0 0 0 1 0 0 0 0 0 0 0 0 0 0 0 0 0 0 0
geno chr9.138915742 yri  0 0 0 0 1 1 0 0 0 0 0 0 0 0 0 0 0 0 1 2 1 1 0 0 0 0 1 0 0 0 0 1 0 1 0 0 1 1 0 0 0 0 0 0 0 0 0 1 0 0 0 1 0 1 1 1 0 0 0 0 0 1 0 0 0 0 0 1 0 2 0 0 0 0 0 0 0
geno chr9.138916046 ceu  0 0 0 0 0 0 0 0 0 0 0 0 0 0 0 0 0 0 0 0 0 0 0 0 0 0 0 0 0 0 0 0 0 0 0 0 0 0 0 0 0 0 0 0 0 0 0 0 0 0 0 0 0 0 0 0 0 0 0 0 0 0 0 0 0 0 0 0 0 0 0 0 0 0 0 0 0 0
geno chr9.138916046 fin  0 0 0 0 0 0 0 0 0 0 0 0 0 0 0 0 0 0 0 0 0 0 0 0 0 0 0 0 0 0 0 0 0 0 0 0 0 0 0 0 0 0 0 0 0 0 0 0 0 0 0 0 0 0 0 0 0 0 0 0 0 0 0 0 0 0 0 0 0 0 0 0 0 0 0 0 0 0 0 0 0 0 0 0 0 0 0 0 0
geno chr9.138916046 gbr  0 0 0 0 0 0 0 0 0 0 0 0 0 0 0 0 0 0 0 0 0 0 0 0 0 0 0 0 0 0 0 0 0 0 0 0 0 0 0 0 0 0 0 0 0 0 0 0 0 0 0 0 0 0 0 0 0 0 0 0 0 0 0 0 0 0 0 0 0 0 0 0 0 0 0 0 0 0 0 0 0 0 0 0
geno chr9.138916046 tsi  0 0 0 0 0 0 0 0 0 0 0 0 0 0 0 0 0 0 0 0 0 0 0 0 0 0 0 0 0 0 0 0 0 0 0 0 0 0 0 0 0 0 0 0 0 0 0 0 0 0 0 0 0 0 0 0 0 0 0 0 0 0 0 0 0 0 0 0 0 0 0 0 0 0 0 0 0 0 0 0 0 0 0 0 0 0 0 0 0 0 0 0
geno chr9.138916046 yri  2 0 0 1 1 0 0 1 1 0 2 1 1 2 1 1 1 2 1 0 0 0 1 1 1 2 0 1 2 1 1 1 2 0 1 1 1 1 0 1 0 1 1 0 1 0 1 0 0 1 1 1 1 1 1 0 2 2 0 1 1 1 0 1 0 2 1 0 1 0 1 0 1 1 0 0 1
geno chr9.138916123 ceu  0 0 0 0 0 0 0 0 0 0 0 0 0 0 0 0 0 0 0 0 0 0 0 0 0 0 0 0 0 0 0 0 0 0 0 0 0 0 0 0 0 0 0 0 0 0 0 0 0 0 0 0 0 0 0 0 0 0 0 0 0 0 0 0 0 0 0 0 0 0 0 0 0 0 0 0 0 0
geno chr9.138916123 fin  0 0 0 0 0 0 0 0 0 0 1 0 0 0 0 0 0 0 0 1 0 0 0 0 0 0 0 0 0 0 0 0 0 0 1 0 0 0 0 0 1 0 0 0 0 0 0 0 0 0 0 0 0 0 0 0 0 0 0 0 1 0 0 0 0 0 0 0 0 0 1 0 0 0 0 0 0 0 0 0 0 0 0 0 0 0 0 1 0
geno chr9.138916123 gbr  0 0 0 0 0 0 0 0 0 0 0 0 0 0 0 0 0 0 0 0 0 0 0 0 0 0 0 0 0 0 0 0 0 0 0 0 0 0 1 0 0 0 0 0 0 0 0 0 0 0 0 0 0 0 0 0 0 0 0 0 0 0 0 0 0 0 0 0 0 0 0 0 0 0 0 0 0 0 0 0 0 0 0 0
geno chr9.138916123 tsi  0 0 0 0 0 0 0 0 0 0 0 0 0 0 0 0 0 0 0 0 0 0 0 0 0 0 0 0 0 0 0 0 0 0 0 0 0 0 0 0 0 0 0 0 0 0 0 0 0 0 0 0 0 0 0 0 0 0 0 0 0 0 0 0 0 0 0 0 0 0 0 0 0 0 0 0 1 0 0 0 0 0 0 0 0 0 0 0 0 0 0 0
geno chr9.138916123 yri  0 0 0 0 1 1 0 0 0 0 0 0 0 0 0 0 0 0 1 2 1 1 0 0 0 0 1 0 0 0 0 1 0 1 0 0 1 1 0 0 0 0 0 0 0 0 0 1 0 0 0 1 0 1 1 1 0 0 0 0 0 1 0 0 0 0 0 1 0 2 0 0 0 0 0 0 0
geno chr9.138916196 ceu  1 1 0 2 1 0 0 1 0 0 1 1 1 1 0 1 1 0 0 1 0 0 0 0 2 1 1 1 0 0 0 1 0 0 0 1 1 0 0 1 0 0 1 0 0 0 1 1 0 1 2 0 0 1 1 0 0 1 2 1 1 1 1 1 0 0 2 0 1 1 1 0 0 0 0 0 0 1
geno chr9.138916196 fin  1 0 0 0 0 1 1 0 2 0 2 0 0 0 1 0 0 1 0 2 0 0 1 1 1 0 1 0 1 1 1 1 1 1 1 0 0 0 1 2 2 0 0 1 1 2 0 1 1 1 1 0 2 1 1 1 2 0 2 1 1 0 1 1 0 0 1 1 1 1 1 0 0 0 1 1 0 0 0 0 1 0 0 1 1 0 1 2 1
geno chr9.138916196 gbr  1 0 1 0 0 0 0 0 0 0 0 1 0 2 0 1 0 1 2 0 1 0 0 0 0 0 1 0 1 0 0 0 0 0 0 1 0 0 1 0 0 0 1 0 1 0 0 0 2 1 1 0 1 2 0 0 1 0 1 1 1 1 1 0 1 1 0 1 1 1 0 2 0 0 2 1 0 0 0 1 1 1 0 0
geno chr9.138916196 tsi  0 0 1 1 0 0 0 0 0 0 0 2 0 0 0 0 0 0 1 0 1 0 0 1 0 1 1 0 0 0 0 1 1 1 0 1 0 1 1 1 1 0 1 0 1 0 0 1 1 0 1 1 0 0 0 1 0 0 1 1 1 0 0 1 2 1 2 1 0 1 0 0 1 0 0 0 1 0 1 1 0 1 0 1 0 0 1 0 0 0 0 0
geno chr9.138916196 yri  0 0 0 0 1 1 0 0 0 0 0 0 0 0 0 1 0 0 1 2 1 1 0 0 0 0 1 0 0 0 0 1 0 1 0 0 1 1 1 0 0 0 0 0 1 0 0 1 0 0 1 1 0 1 1 2 0 0 0 0 0 1 0 0 0 0 0 1 0 2 1 0 0 0 0 0 1
geno chr9.138916216 ceu  1 1 0 2 1 1 0 1 0 0 1 1 1 2 0 1 1 0 0 1 1 0 1 0 2 1 1 0 0 0 2 1 0 0 0 1 1 1 1 2 1 0 2 1 1 0 2 1 0 1 2 1 0 1 1 0 1 0 2 1 1 1 1 1 0 1 2 0 2 1 2 1 1 0 1 0 0 1
geno chr9.138916216 fin  1 1 1 1 1 1 1 0 2 0 2 0 1 1 1 1 1 1 1 2 1 0 1 1 1 1 0 1 1 1 1 2 1 1 1 1 0 0 1 2 2 0 0 1 1 2 0 2 2 1 1 0 2 1 1 1 2 0 2 1 1 1 1 1 1 0 1 1 1 1 1 1 0 1 1 1 1 0 1 1 1 0 1 1 2 0 1 2 1
geno chr9.138916216 gbr  0 0 2 1 1 0 1 0 0 1 0 1 0 2 1 2 1 1 2 0 1 0 0 1 0 0 0 0 1 0 0 0 0 1 0 1 1 0 1 0 0 0 1 0 1 0 0 0 1 1 1 0 1 2 1 0 1 0 1 1 2 2 1 0 1 1 0 2 1 1 0 2 0 0 2 2 1 0 0 1 1 1 2 0
geno chr9.138916216 tsi  0 1 0 1 0 0 1 1 0 1 1 2 0 0 0 1 0 0 2 0 2 1 0 1 0 1 1 1 1 0 0 1 1 2 0 1 1 1 2 1 2 1 1 0 1 0 0 2 1 1 1 2 1 1 1 2 0 1 1 1 1 0 1 1 2 1 2 1 1 2 1 1 2 1 1 0 2 2 1 1 1 1 0 2 0 1 1 1 2 0 1 1
geno chr9.138916216 yri  2 0 0 1 2 2 0 1 1 2 2 1 1 2 1 2 1 2 2 2 1 2 2 1 1 2 1 2 2 1 2 2 1 2 2 2 2 2 2 2 1 1 0 1 2 1 1 1 1 0 2 2 1 2 2 1 2 2 0 2 1 2 1 1 1 2 2 1 2 2 2 2 1 2 1 0 2
geno chr9.138916253 ceu  0 0 0 0 0 0 0 0 0 0 0 1 0 0 0 0 0 0 0 0 1 0 1 1 0 0 0 0 0 0 1 0 0 0 0 0 0 1 0 0 0 0 1 1 1 0 0 0 0 0 0 1 0 0 0 0 0 0 0 0 0 0 0 0 0 1 0 0 1 0 0 1 1 0 1 0 0 0
geno chr9.138916253 fin  0 1 0 0 0 0 0 0 0 0 0 0 1 0 0 0 0 0 0 0 1 0 0 0 0 1 0 1 0 0 0 0 0 0 0 0 0 0 0 0 0 0 1 0 0 0 0 1 0 0 0 0 0 0 0 0 0 0 0 0 0 1 0 0 0 0 0 0 0 1 0 1 0 0 0 0 1 0 1 0 0 0 1 0 0 0 0 0 0
geno chr9.138916253 gbr  0 0 1 0 1 0 0 0 0 1 0 0 0 0 1 1 1 0 0 0 0 0 0 0 0 0 0 1 0 0 0 0 0 0 0 0 1 0 0 0 1 0 0 0 0 1 0 0 0 0 0 0 0 0 1 0 0 0 0 0 1 1 0 0 0 0 0 1 0 0 0 0 0 0 0 1 0 0 0 0 0 0 2 0
geno chr9.138916253 tsi  0 1 0 0 0 0 2 1 0 1 1 0 0 0 0 0 0 0 0 0 1 1 0 0 0 0 0 0 1 0 0 0 0 0 0 0 1 0 1 0 1 0 0 0 0 0 0 1 0 0 0 1 1 0 1 1 0 1 0 0 0 0 0 0 0 0 0 0 1 1 1 0 1 1 1 0 0 1 0 0 0 0 0 1 0 1 0 1 1 0 1 1
geno chr9.138916253 yri  2 1 0 1 1 1 0 1 1 2 2 1 1 2 1 2 1 2 1 0 0 1 2 2 1 2 0 2 2 1 2 1 2 1 2 2 1 1 1 2 1 2 1 1 1 1 1 0 1 1 2 1 1 1 1 1 2 2 0 2 1 1 1 1 1 2 2 0 2 0 2 2 1 2 1 0 2
geno chr9.138917013 ceu  0 0 0 0 0 0 0 0 0 0 0 0 0 0 0 0 0 0 0 0 0 0 0 0 0 0 0 0 0 0 0 0 0 0 0 0 0 0 0 0 0 0 0 0 0 0 0 0 0 0 0 0 0 0 0 0 0 0 0 0 0 0 0 0 0 0 0 0 0 0 0 0 0 0 0 0 0 0
geno chr9.138917013 fin  0 0 0 0 0 0 0 0 0 0 0 0 0 0 0 0 0 0 0 0 0 0 0 0 0 0 0 0 0 0 0 0 0 0 0 0 0 0 0 0 0 0 0 0 0 0 0 0 0 0 0 0 0 0 0 0 0 0 0 0 0 0 0 0 0 0 0 0 0 0 0 0 0 0 0 0 0 0 0 0 0 0 0 0 0 0 0 0 0
geno chr9.138917013 gbr  0 0 0 0 0 0 0 0 0 0 0 0 0 0 0 0 0 0 0 0 0 0 0 0 0 0 0 0 0 0 0 0 0 0 0 0 0 0 0 0 0 0 0 0 0 0 0 0 0 0 0 0 0 0 0 0 0 0 0 0 0 0 0 0 0 0 0 0 0 0 0 0 0 0 0 0 0 0 0 0 0 0 0 0
geno chr9.138917013 tsi  0 0 0 0 0 0 0 0 0 0 0 0 0 0 0 0 0 0 0 0 0 0 0 0 0 0 0 0 0 0 0 0 0 0 0 0 0 0 0 0 0 0 0 0 0 0 0 0 0 0 0 0 0 0 0 0 0 0 0 0 0 0 0 0 0 0 0 0 0 0 0 0 0 0 0 0 0 0 0 0 0 0 0 0 0 0 0 0 0 0 0 0
geno chr9.138917013 yri  1 0 0 0 1 0 0 0 1 0 1 1 1 2 1 0 0 1 1 0 0 0 1 0 1 1 0 1 1 0 0 1 2 0 1 1 0 1 0 0 0 1 1 0 1 0 0 0 0 1 0 1 1 1 0 0 1 2 0 1 0 0 0 1 0 2 0 0 0 0 0 0 1 1 0 0 1
geno chr9.138917156 ceu  1 1 0 2 1 0 0 1 0 0 1 1 1 2 0 1 1 0 0 1 0 0 0 0 2 1 1 1 0 0 1 1 0 0 0 1 1 0 1 1 1 0 1 0 0 0 2 1 0 1 2 0 0 1 1 0 0 1 2 1 1 1 1 1 0 0 2 1 1 1 2 0 0 0 0 0 0 1
geno chr9.138917156 fin  1 0 0 0 0 1 1 0 2 0 1 0 0 0 1 1 0 1 0 1 0 0 1 1 1 0 1 0 1 1 1 2 1 1 0 0 0 0 1 2 1 0 0 1 1 2 0 1 1 1 1 0 2 1 1 1 2 0 2 1 0 0 1 1 1 0 1 1 1 1 0 0 0 0 1 1 0 0 0 0 1 0 0 1 1 0 1 1 1
geno chr9.138917156 gbr  1 0 1 1 0 0 1 0 0 0 0 1 0 2 0 1 0 1 2 0 1 0 0 0 0 0 1 0 1 0 0 1 0 1 0 1 0 0 0 0 0 0 1 0 1 0 0 0 2 1 1 0 1 2 0 0 1 0 1 1 1 1 1 0 1 1 0 1 1 1 0 2 0 0 2 1 0 1 0 1 1 1 0 0
geno chr9.138917156 tsi  0 0 1 1 0 0 0 0 0 0 0 2 0 0 0 1 0 0 2 0 1 0 0 1 0 1 1 1 0 0 0 1 1 1 0 1 0 1 1 1 1 0 1 0 1 0 0 1 1 0 1 1 0 0 0 1 0 0 1 1 1 0 1 1 2 1 2 1 0 1 0 0 1 0 0 0 0 0 1 1 0 1 0 1 0 0 1 0 0 0 0 0
geno chr9.138917156 yri  0 0 0 0 0 0 0 0 0 0 0 0 0 0 0 0 0 0 0 0 0 0 0 0 0 0 0 0 0 0 0 0 0 0 0 0 0 0 0 0 0 0 0 0 0 0 0 0 0 0 0 0 0 0 0 0 0 0 0 0 0 0 0 0 0 0 0 0 0 0 0 0 0 0 0 0 0
geno chr9.138917360 ceu  0 0 0 0 0 0 0 0 0 0 0 0 0 0 0 0 0 0 0 0 0 0 0 0 0 0 0 0 0 0 0 0 0 0 0 0 0 0 0 0 0 0 0 0 0 0 0 0 0 0 0 0 0 0 0 0 0 0 0 0 0 0 0 0 0 0 0 0 0 0 0 0 0 0 0 0 0 0
geno chr9.138917360 fin  0 0 0 0 0 0 0 0 0 0 0 0 0 0 0 0 0 0 0 0 0 0 0 0 0 0 0 0 0 0 0 0 0 0 0 0 0 0 0 0 0 0 0 0 0 0 0 0 0 0 0 0 0 0 0 0 0 0 0 0 0 0 0 0 0 0 0 0 0 0 0 0 0 0 0 0 0 0 0 0 0 0 0 0 0 0 0 0 0
geno chr9.138917360 gbr  0 0 0 0 0 0 0 0 0 0 0 0 0 0 0 0 0 0 0 0 0 0 0 0 0 0 0 0 0 0 0 0 0 0 0 0 0 0 0 0 0 0 0 0 0 0 0 0 0 0 0 0 0 0 0 0 0 0 0 0 0 0 0 0 0 0 0 0 0 0 0 0 0 0 0 0 0 0 0 0 0 0 0 0
geno chr9.138917360 tsi  0 0 0 0 0 0 0 0 0 0 0 0 0 0 0 0 0 0 0 0 0 0 0 0 0 0 0 0 0 0 0 0 0 0 0 0 0 0 0 0 0 0 0 0 0 0 0 0 0 0 0 0 0 0 0 0 0 0 0 0 0 0 0 0 0 0 0 0 0 0 0 0 0 0 0 0 0 0 0 0 0 0 0 0 0 0 0 0 0 0 0 0
geno chr9.138917360 yri  2 0 0 1 1 0 0 1 1 0 2 1 1 2 1 1 1 2 1 0 0 0 1 1 1 2 0 1 2 1 1 1 2 0 1 1 1 1 0 1 0 1 1 0 1 0 1 0 0 1 1 1 1 1 1 0 2 2 0 1 1 1 0 1 0 2 1 0 2 0 1 0 1 1 0 0 1
geno chr9.138917460 ceu  0 0 0 0 0 0 0 0 0 0 0 0 0 0 0 0 0 0 0 0 0 0 0 0 0 0 0 0 0 0 0 0 0 0 0 0 0 0 0 0 0 0 0 0 0 0 0 0 0 0 0 0 0 0 0 0 0 0 0 0 0 0 0 0 0 0 0 0 0 0 0 0 0 0 0 0 0 0
geno chr9.138917460 fin  0 0 0 0 0 0 0 0 0 0 0 0 0 0 0 0 0 0 0 0 0 0 0 0 0 0 0 0 0 0 0 0 0 0 0 0 0 0 0 0 0 0 0 0 0 0 0 0 0 0 0 0 0 0 0 0 0 0 0 0 0 0 0 0 0 0 0 0 0 0 0 0 0 0 0 0 0 0 0 0 0 0 0 0 0 0 0 0 0
geno chr9.138917460 gbr  0 0 0 0 0 0 0 0 0 0 0 0 0 0 0 0 0 0 0 0 0 0 0 0 0 0 0 0 0 0 0 0 0 0 0 0 0 0 0 0 0 0 0 0 0 0 0 0 0 0 0 0 0 0 0 0 0 0 0 0 0 0 0 0 0 0 0 0 0 0 0 0 0 0 0 0 0 0 0 0 0 0 0 0
geno chr9.138917460 tsi  0 0 0 0 0 0 0 0 0 0 0 0 0 0 0 0 0 0 0 0 0 0 0 0 0 0 0 0 0 0 0 0 0 0 0 0 0 0 0 0 0 0 0 0 0 0 0 0 0 0 0 0 0 0 0 0 0 0 0 0 0 0 0 0 0 0 0 0 0 0 0 0 0 0 0 0 0 0 0 0 0 0 0 0 0 0 0 0 0 0 0 0
geno chr9.138917460 yri  0 0 0 0 1 0 0 0 1 0 1 1 1 0 1 0 0 1 1 0 0 0 1 0 0 1 0 1 1 0 0 1 2 0 1 1 0 1 0 0 0 1 1 0 1 0 0 0 0 1 0 0 1 1 0 0 1 1 0 1 0 0 0 1 0 2 0 0 0 0 0 0 1 1 0 0 1
geno chr9.138917675 ceu  0 1 0 0 1 0 1 0 2 1 0 0 0 0 1 1 0 1 0 0 1 1 0 1 0 0 0 0 0 1 0 1 1 0 0 1 0 1 1 0 0 0 0 1 0 2 0 0 1 0 0 1 0 1 1 1 1 1 0 1 0 1 0 0 1 1 0 0 0 1 0 0 0 0 1 1 2 0
geno chr9.138917675 fin  0 1 1 0 2 1 1 1 0 1 0 2 0 2 0 1 1 1 0 0 0 1 0 1 0 1 0 0 1 1 1 0 0 0 1 2 1 2 1 0 0 0 1 1 1 0 2 0 1 1 1 1 0 0 0 1 0 0 0 0 1 1 1 0 1 0 1 1 0 0 0 1 1 2 0 0 1 1 1 2 0 1 0 0 0 1 1 0 0
geno chr9.138917675 gbr  0 1 0 1 0 1 0 0 1 0 1 0 0 0 0 0 1 0 0 2 1 1 1 2 0 2 0 1 1 1 1 1 0 1 1 1 0 0 0 2 0 2 1 1 0 0 1 0 0 1 0 0 1 0 1 2 0 1 0 1 0 0 0 0 0 1 2 0 0 1 0 0 1 1 0 0 1 0 0 1 1 1 0 1
geno chr9.138917675 tsi  1 0 0 1 1 1 0 0 1 1 1 0 0 1 1 0 0 0 0 2 0 0 1 1 0 1 0 0 0 2 2 0 0 0 2 0 1 0 0 0 0 2 0 1 1 2 1 0 0 1 1 0 0 1 1 0 2 0 0 0 1 0 1 0 0 1 0 0 1 0 1 1 0 1 0 2 0 0 0 1 1 1 1 0 1 0 1 1 0 2 1 1
geno chr9.138917675 yri  0 0 0 0 0 0 0 0 0 0 0 0 0 0 0 0 0 0 0 0 0 0 0 0 0 0 0 0 0 0 0 0 0 0 0 0 0 0 0 0 0 0 0 0 0 0 0 1 0 0 0 0 0 0 0 0 0 0 0 0 0 0 0 0 0 0 0 0 0 0 0 0 0 0 0 0 0
geno chr9.138917950 ceu  1 1 0 2 1 0 0 1 0 0 1 2 1 2 0 1 1 0 0 1 1 0 1 1 2 1 1 1 1 0 2 1 0 0 0 1 1 1 1 2 1 0 2 1 1 0 2 1 0 1 2 1 0 1 1 0 0 1 2 1 1 1 1 1 0 1 2 1 2 1 2 1 1 0 1 0 0 1
geno chr9.138917950 fin  1 1 0 0 0 1 1 0 2 0 2 0 1 0 1 1 0 1 0 2 1 0 1 1 1 1 1 1 1 1 1 2 1 1 1 0 0 0 1 2 2 0 1 1 1 2 0 2 1 1 1 0 2 1 1 1 2 0 2 1 1 1 1 1 1 0 1 1 1 2 1 1 0 0 1 1 1 0 1 0 1 0 1 1 2 0 1 2 1
geno chr9.138917950 gbr  1 0 2 1 1 0 1 0 0 1 0 1 0 2 1 2 1 1 2 0 1 0 0 0 0 0 1 1 1 0 0 1 0 1 0 1 1 0 1 0 1 0 1 0 1 1 0 0 2 1 1 0 1 2 1 0 1 0 1 1 2 2 1 0 1 1 0 2 1 1 0 2 0 0 2 2 0 1 0 1 1 1 2 0
geno chr9.138917950 tsi  0 1 1 1 0 0 2 1 0 1 1 2 0 0 0 1 0 0 2 0 2 1 0 1 0 1 1 1 1 0 0 1 1 2 0 1 1 1 2 1 2 0 1 0 1 0 0 2 1 1 1 2 1 1 1 2 0 1 1 1 1 0 1 1 2 1 2 1 1 2 1 0 2 1 1 0 2 2 1 1 1 1 0 2 0 1 1 1 2 0 1 1
geno chr9.138917950 yri  2 1 0 1 2 2 0 1 1 2 2 1 1 2 1 2 1 2 2 2 1 2 2 2 1 2 2 2 2 1 2 2 2 2 2 2 2 2 2 2 1 2 1 1 2 1 1 1 1 1 2 2 1 2 2 2 2 2 0 2 1 2 1 1 1 2 2 1 2 2 2 2 1 2 1 0 2
geno chr9.138918052 ceu  0 0 0 0 0 0 0 0 0 0 0 0 0 0 0 0 0 0 0 0 0 0 0 0 0 0 0 0 0 0 0 0 0 0 0 0 0 0 0 0 0 0 0 0 0 0 0 0 0 0 0 0 0 0 0 0 0 0 0 0 0 0 0 0 0 0 0 0 0 0 0 0 0 0 0 0 0 0
geno chr9.138918052 fin  0 0 0 0 0 0 0 0 0 0 1 0 0 0 0 0 0 0 0 1 0 0 0 0 0 0 0 0 0 0 0 0 0 0 1 0 0 0 0 0 1 0 0 0 0 0 0 0 0 0 0 0 0 0 0 0 0 0 0 0 1 0 0 0 0 0 0 0 0 0 1 0 0 0 0 0 0 0 0 0 0 0 0 0 0 0 0 1 0
geno chr9.138918052 gbr  0 0 0 0 0 0 0 0 0 0 0 0 0 0 0 0 0 0 0 0 0 0 0 0 0 0 0 0 0 0 0 0 0 0 0 0 0 0 1 0 0 0 0 0 0 0 0 0 0 0 0 0 0 0 0 0 0 0 0 0 0 0 0 0 0 0 0 0 0 0 0 0 0 0 0 0 0 0 0 0 0 0 0 0
geno chr9.138918052 tsi  0 0 0 0 0 0 0 0 0 0 0 0 0 0 0 0 0 0 0 0 0 0 0 0 0 0 0 0 0 0 0 0 0 0 0 0 0 0 0 0 0 0 0 0 0 0 0 0 0 0 0 0 0 0 0 0 0 0 0 0 0 0 0 0 0 0 0 0 0 0 0 0 0 0 0 0 1 0 0 0 0 0 0 0 0 0 0 0 0 0 0 0
geno chr9.138918052 yri  0 0 0 0 1 1 0 0 0 0 0 0 0 0 0 0 0 0 1 2 1 1 0 0 0 0 2 0 0 0 0 1 0 1 0 0 1 1 0 0 0 0 0 0 0 0 0 1 0 0 0 1 0 1 1 1 0 0 0 0 0 1 1 0 0 0 0 1 0 2 0 1 0 0 0 0 0
geno chr9.138918140 ceu  1 1 0 2 1 0 0 1 0 0 1 1 1 2 0 1 1 0 0 1 0 0 0 0 2 1 1 1 0 0 1 1 0 0 0 1 1 0 1 1 1 0 1 0 0 0 2 1 0 1 2 0 0 1 1 0 0 1 2 1 1 1 1 1 0 0 2 1 1 1 2 0 0 0 0 0 0 1
geno chr9.138918140 fin  1 0 0 0 0 1 1 0 2 0 2 0 0 0 1 1 0 1 0 2 0 0 1 1 1 0 1 0 1 1 1 2 1 1 1 0 0 0 1 2 2 0 0 1 1 2 0 1 1 1 1 0 2 1 1 1 2 0 2 1 1 0 1 1 1 0 1 1 1 1 1 0 0 0 1 1 0 0 0 0 1 0 0 1 1 0 1 2 1
geno chr9.138918140 gbr  1 0 1 1 0 0 1 0 0 0 0 1 0 2 0 1 0 1 2 0 1 0 0 0 0 0 1 0 1 0 0 1 0 1 0 1 0 0 1 0 0 0 1 0 1 0 0 0 2 1 1 0 1 2 0 0 1 0 1 1 1 1 1 0 1 1 0 1 1 1 0 2 0 0 2 1 0 1 0 1 1 1 0 0
geno chr9.138918140 tsi  0 0 1 1 0 0 0 0 0 0 0 2 0 0 0 1 0 0 2 0 1 0 0 1 0 1 1 1 0 0 0 1 1 1 0 1 0 1 1 1 1 0 1 0 1 0 0 1 1 0 1 1 0 0 0 1 0 0 1 1 1 0 1 1 2 1 2 1 0 1 0 0 1 0 0 0 1 0 1 1 0 1 0 1 0 0 1 0 0 0 0 0
geno chr9.138918140 yri  0 0 0 0 1 1 0 0 0 0 0 0 0 0 0 0 0 0 1 2 1 1 0 0 0 0 2 0 0 0 0 1 0 1 0 0 1 1 0 0 0 0 0 0 0 0 0 1 0 0 0 1 0 1 1 1 0 0 0 0 0 1 0 0 0 0 0 1 0 2 0 0 0 0 0 0 0
geno chr9.138918859 ceu  0 0 0 0 0 0 0 0 0 0 0 0 0 0 0 0 0 0 0 0 0 0 0 0 0 0 0 0 0 0 0 0 0 0 0 0 0 0 0 0 0 0 0 0 0 0 0 0 0 0 0 0 0 0 0 0 0 0 0 0 0 0 0 0 0 0 0 0 0 0 0 0 0 0 0 0 0 0
geno chr9.138918859 fin  0 0 0 0 0 0 0 0 0 0 0 0 0 0 0 0 0 0 0 0 0 0 0 0 0 0 0 0 0 0 0 0 0 0 0 0 0 0 0 0 0 0 0 0 0 0 0 0 0 0 0 0 0 0 0 0 0 0 0 0 0 0 0 0 0 0 0 0 0 0 0 0 0 0 0 0 0 0 0 0 0 0 0 0 0 0 0 0 0
geno chr9.138918859 gbr  0 0 0 0 0 0 0 0 0 0 0 0 0 0 0 0 0 0 0 0 0 0 0 0 0 0 0 0 0 0 0 0 0 0 0 0 0 0 0 0 0 0 0 0 0 0 0 0 0 0 0 0 0 0 0 0 0 0 0 0 0 0 0 0 0 0 0 0 0 0 0 0 0 0 0 0 0 0 0 0 0 0 0 0
geno chr9.138918859 tsi  0 0 0 0 0 0 0 0 0 0 0 0 0 0 0 0 0 0 0 0 0 0 0 0 0 0 0 0 0 0 0 0 0 0 0 0 0 0 0 0 0 0 0 0 0 0 0 0 0 0 0 0 0 0 0 0 0 0 0 0 0 0 0 0 0 0 0 0 0 0 0 0 0 0 0 0 0 0 0 0 0 0 0 0 0 0 0 0 0 0 0 0
geno chr9.138918859 yri  2 0 0 1 1 0 0 1 1 0 2 1 1 2 1 1 1 2 1 0 0 0 1 2 1 2 0 1 2 1 1 1 2 1 1 1 1 1 0 1 0 1 1 0 1 0 1 0 0 1 1 1 1 1 1 0 2 2 0 1 1 1 1 1 0 2 1 0 2 0 1 1 1 1 0 0 0
geno chr9.138919134 ceu  0 0 0 0 0 0 0 0 0 0 0 1 0 0 0 0 0 0 0 0 1 0 1 1 0 0 0 0 1 0 1 0 0 0 0 0 0 1 1 1 0 0 1 1 1 0 0 0 0 0 0 1 0 0 0 0 0 0 0 0 0 0 0 0 0 1 0 0 1 0 0 1 1 0 1 0 0 0
geno chr9.138919134 fin  0 1 0 0 0 0 0 0 0 0 0 0 1 0 0 0 0 0 0 0 1 0 0 0 0 1 0 1 0 0 0 0 0 0 0 0 0 0 0 0 0 0 1 0 0 0 0 1 0 0 0 0 0 0 0 0 0 0 0 0 0 1 1 0 0 0 0 0 0 1 0 1 0 0 0 0 1 0 1 0 0 0 1 0 1 0 0 0 0
geno chr9.138919134 gbr  0 0 1 0 1 0 0 0 0 1 0 0 0 0 1 1 1 0 0 0 0 0 1 0 0 0 0 1 0 0 0 0 0 0 0 0 1 0 0 0 1 0 0 0 0 1 0 0 0 1 0 0 0 0 1 0 0 0 0 0 1 1 0 0 0 0 0 1 0 0 0 0 0 0 0 1 0 0 0 0 0 0 2 0
geno chr9.138919134 tsi  0 1 0 0 0 0 2 1 0 1 1 0 0 0 0 0 0 0 0 0 1 1 0 0 0 0 0 0 1 0 0 0 0 1 0 0 2 0 1 0 1 0 0 0 0 0 0 1 0 1 0 1 1 1 1 1 0 1 0 0 0 0 0 0 0 0 0 0 1 1 1 0 1 1 1 0 1 2 0 0 1 0 0 1 0 1 0 1 2 0 1 1
geno chr9.138919134 yri  2 1 0 1 1 1 0 1 1 2 2 1 1 2 1 2 1 2 1 0 0 1 2 2 1 2 0 2 2 1 2 1 2 1 2 2 1 1 2 2 1 2 1 2 2 1 1 0 1 1 2 1 1 1 1 1 2 2 0 2 1 1 1 1 1 2 2 0 2 0 2 2 1 2 1 0 2
geno chr9.138919208 ceu  1 1 0 2 1 0 0 1 0 0 1 1 1 2 0 1 1 0 0 1 0 0 0 0 2 1 1 1 0 0 1 1 0 0 0 1 1 0 1 1 1 0 1 0 0 0 2 1 0 1 2 0 0 1 1 0 0 1 2 1 1 1 1 1 0 0 2 1 1 1 2 0 0 0 0 0 0 1
geno chr9.138919208 fin  1 0 0 0 0 1 1 0 2 0 2 0 0 0 1 1 0 1 0 2 0 0 1 1 1 0 1 0 1 1 1 2 1 1 1 0 0 0 1 2 2 0 0 1 1 2 0 1 1 1 1 0 2 1 1 1 2 0 2 1 1 0 1 1 1 0 1 1 1 1 1 0 0 0 1 1 0 0 0 0 1 0 0 1 1 0 1 2 1
geno chr9.138919208 gbr  1 0 1 1 0 0 1 0 0 0 0 1 1 2 0 1 0 1 2 0 1 0 0 0 0 0 1 0 1 0 0 1 0 1 0 1 0 0 1 0 0 0 1 0 1 0 0 0 2 1 1 0 1 2 0 0 1 0 1 1 1 1 1 0 1 1 0 1 1 1 0 2 0 0 2 1 0 1 0 1 1 1 0 0
geno chr9.138919208 tsi  0 0 1 1 0 0 0 0 0 0 0 2 0 0 0 1 0 0 2 0 1 0 0 1 0 1 1 1 0 0 0 1 1 1 0 1 0 1 1 1 1 0 1 0 1 0 0 1 1 0 1 1 0 0 0 1 0 0 1 1 1 0 1 1 2 1 2 1 0 1 0 0 1 0 0 0 1 0 1 1 0 1 0 1 0 0 1 0 0 0 0 0
geno chr9.138919208 yri  0 0 0 0 2 1 0 0 1 0 1 1 1 0 1 0 0 1 2 2 1 1 1 0 0 1 2 1 1 0 0 2 2 1 1 1 1 2 0 0 0 1 1 0 1 0 0 1 0 1 0 1 1 2 1 1 1 1 0 1 0 1 0 1 0 2 0 1 0 2 0 0 1 1 0 0 0
geno chr9.138919878 ceu  0 0 0 0 0 0 0 0 0 0 0 1 0 0 0 0 0 0 0 0 1 0 1 1 0 0 0 0 1 0 1 0 0 0 0 0 0 1 0 1 0 0 1 1 1 0 0 0 0 0 0 1 0 0 0 0 0 0 0 0 0 0 0 0 0 1 0 0 1 0 0 1 1 0 1 0 0 0
geno chr9.138919878 fin  0 1 0 0 0 0 0 0 0 0 0 0 1 0 0 0 0 0 0 0 1 0 1 0 0 1 0 1 0 0 0 0 0 0 0 0 0 0 0 0 0 0 1 0 0 0 0 1 0 0 0 0 0 0 0 0 0 0 0 0 0 1 0 0 0 0 0 0 1 1 1 1 0 0 0 0 1 0 1 0 0 1 1 0 1 0 0 0 0
geno chr9.138919878 gbr  0 0 1 0 1 0 0 0 0 1 0 0 0 0 1 1 1 0 0 0 0 0 0 0 0 0 0 1 0 0 0 0 0 0 0 0 1 0 0 0 1 0 0 0 0 1 0 0 0 0 0 0 0 0 1 0 0 0 0 0 1 1 0 0 0 0 0 1 0 0 0 0 0 0 0 1 0 0 0 0 0 0 2 0
geno chr9.138919878 tsi  0 1 0 0 0 0 2 1 0 1 1 0 0 0 0 0 0 0 0 0 1 1 0 0 0 0 0 0 1 0 0 0 0 1 0 0 1 0 1 0 1 0 0 0 0 0 0 1 0 1 0 1 1 1 1 1 0 1 0 0 0 0 0 0 0 0 0 0 1 1 1 0 1 1 1 0 1 2 0 0 1 0 0 1 0 1 0 1 2 0 1 1
geno chr9.138919878 yri  0 1 0 0 0 1 0 0 0 2 0 0 0 0 0 1 0 0 0 0 0 1 1 0 0 0 0 1 0 0 1 0 0 0 1 1 0 0 2 1 1 1 0 2 1 1 0 0 1 0 1 0 0 0 0 1 0 0 0 1 0 0 0 0 1 0 1 0 0 0 1 1 0 1 1 0 2
geno chr9.138920796 ceu  1 1 0 2 1 0 0 1 0 0 1 2 1 2 0 1 1 0 0 1 1 0 1 1 2 1 1 1 1 0 2 1 0 0 0 1 1 1 1 2 1 0 2 1 1 0 2 1 0 1 2 1 0 1 1 0 0 1 2 1 1 1 1 1 0 1 2 1 2 1 2 1 1 0 1 0 0 1
geno chr9.138920796 fin  1 1 0 0 0 1 1 0 2 0 2 0 1 0 1 1 0 1 0 2 1 0 1 1 1 1 1 1 1 1 1 2 1 1 1 0 0 0 1 2 2 0 1 1 1 2 0 2 1 1 1 0 2 1 1 1 2 0 2 1 1 1 1 1 1 0 1 1 1 2 1 1 0 0 1 1 1 0 1 0 1 0 1 1 2 0 1 2 1
geno chr9.138920796 gbr  1 0 2 1 1 0 1 0 0 1 0 1 1 2 1 2 1 1 2 0 1 0 0 0 0 0 1 1 1 0 0 1 0 1 0 1 1 0 1 0 1 0 1 0 1 1 0 0 2 1 1 0 1 2 1 0 1 0 1 1 2 2 1 0 1 1 0 2 1 1 0 2 0 0 2 2 0 1 0 1 1 1 2 0
geno chr9.138920796 tsi  0 1 1 1 0 0 2 1 0 1 1 2 0 0 0 1 0 0 2 0 2 1 0 1 0 1 1 1 1 0 0 1 1 2 0 1 1 1 2 1 2 0 1 0 1 0 0 2 1 1 1 2 1 1 1 2 0 1 1 1 1 0 1 1 2 1 2 1 1 2 1 0 2 1 1 0 2 2 1 1 1 1 0 2 0 1 1 1 2 0 1 1
geno chr9.138920796 yri  2 1 0 1 2 2 0 1 1 2 2 1 1 2 1 2 1 2 2 2 1 2 2 2 1 2 2 2 2 1 2 2 2 2 2 2 2 2 2 2 1 2 1 2 2 1 1 1 1 1 2 2 1 2 2 2 2 2 0 2 1 2 1 1 1 2 2 1 2 2 2 2 1 2 1 0 2
geno chr9.138920816 ceu  1 1 0 2 1 0 0 1 0 0 1 1 1 2 0 1 1 0 0 1 0 0 0 0 2 1 1 1 0 0 1 1 0 0 0 1 1 0 1 1 1 0 1 0 0 0 2 1 0 1 2 0 0 1 1 0 0 1 2 1 1 1 1 1 0 0 2 1 1 1 2 0 0 0 0 0 0 1
geno chr9.138920816 fin  1 0 0 0 0 1 1 0 2 0 2 0 0 0 1 1 0 1 0 2 0 0 1 1 1 0 1 0 1 1 1 2 1 1 1 0 0 0 1 2 2 0 0 1 1 2 0 1 1 1 1 0 2 1 1 1 2 0 2 1 1 0 1 1 1 0 1 1 1 1 1 0 0 0 1 1 0 0 0 0 1 0 0 1 1 0 1 2 1
geno chr9.138920816 gbr  1 0 1 1 0 0 1 0 0 0 0 1 1 2 0 1 0 1 2 0 1 0 0 0 0 0 1 0 1 0 0 1 0 1 0 1 0 0 1 0 0 0 1 0 1 0 0 0 2 1 1 0 1 2 0 0 1 0 1 1 1 1 1 0 1 1 0 1 1 1 0 2 0 0 2 1 0 1 0 1 1 1 0 0
geno chr9.138920816 tsi  0 0 1 1 0 0 0 0 0 0 0 2 0 0 0 1 0 0 2 0 1 0 0 1 0 1 1 1 0 0 0 1 1 1 0 1 0 1 1 1 1 0 1 0 1 0 0 1 1 0 1 1 0 0 0 1 0 0 1 1 1 0 1 1 2 1 2 1 0 1 0 0 1 0 0 0 1 0 1 1 0 1 0 1 0 0 1 0 0 0 0 0
geno chr9.138920816 yri  0 0 0 0 1 1 0 0 0 0 0 0 0 0 0 0 0 0 1 2 1 1 0 0 0 0 2 0 0 0 0 1 0 1 0 0 1 1 0 0 0 0 0 0 0 0 0 1 0 0 0 1 0 1 1 1 0 0 0 0 0 1 0 0 0 0 0 1 0 2 0 0 0 0 0 0 0
geno chr9.138921163 ceu  0 0 0 0 0 0 0 0 0 0 0 0 0 0 0 0 0 0 0 0 0 0 0 0 0 0 0 0 0 0 0 0 0 0 0 0 0 0 0 0 0 0 0 0 0 0 0 0 0 0 0 0 0 0 0 0 0 0 0 0 0 0 0 0 0 0 0 0 0 0 0 0 0 0 0 0 0 0
geno chr9.138921163 fin  0 0 0 0 0 0 0 0 0 0 0 0 0 0 0 0 0 0 0 0 0 0 0 0 0 0 0 0 0 0 0 0 0 0 0 0 0 0 0 0 0 0 0 0 0 0 0 0 0 0 0 0 0 0 0 0 0 0 0 0 0 0 0 0 0 0 0 0 0 0 0 0 0 0 0 0 0 0 0 0 0 0 0 0 0 0 0 0 0
geno chr9.138921163 gbr  0 0 0 0 0 0 0 0 0 0 0 0 0 0 0 0 0 0 0 0 0 0 0 0 0 0 0 0 0 0 0 0 0 0 0 0 0 0 0 0 0 0 0 0 0 0 0 0 0 0 0 0 0 0 0 0 0 0 0 0 0 0 0 0 0 0 0 0 0 0 0 0 0 0 0 0 0 0 0 0 0 0 0 0
geno chr9.138921163 tsi  0 0 0 0 0 0 0 0 0 0 0 0 0 0 0 0 0 0 0 0 0 0 0 0 0 0 0 0 0 0 0 0 0 0 0 0 0 0 0 0 0 0 0 0 0 0 0 0 0 0 0 0 0 0 0 0 0 0 0 0 0 0 0 0 0 0 0 0 0 0 0 0 0 0 0 0 0 0 0 0 0 0 0 0 0 0 0 0 0 0 0 0
geno chr9.138921163 yri  0 0 0 0 1 0 0 0 1 0 1 1 1 0 1 0 0 1 1 0 0 0 1 0 0 1 0 1 1 0 0 1 2 0 1 1 0 1 0 0 0 1 1 0 1 0 0 0 0 1 0 0 1 1 0 0 1 1 0 1 0 0 0 1 0 2 0 0 0 0 0 0 1 1 0 0 0
geno chr9.138921557 ceu  1 1 0 2 1 0 0 1 0 0 1 1 1 2 0 1 1 0 0 1 0 0 0 0 2 1 1 1 0 0 1 1 0 0 0 1 1 0 1 1 1 0 1 0 0 0 2 1 0 1 2 0 0 1 1 0 0 1 2 1 1 1 1 1 0 0 2 1 1 1 2 0 0 0 0 0 0 1
geno chr9.138921557 fin  1 0 0 0 0 1 1 0 2 0 2 0 0 0 1 1 0 1 0 2 0 0 1 1 1 0 1 0 1 1 1 2 1 1 1 0 0 0 1 2 2 0 0 1 1 2 0 1 1 1 1 0 2 1 1 1 2 0 2 1 1 0 1 1 1 0 1 1 1 1 1 0 0 0 1 1 0 0 0 0 1 0 0 1 1 0 1 2 1
geno chr9.138921557 gbr  1 0 1 1 0 0 1 0 0 0 0 1 1 2 0 1 0 1 2 0 1 0 0 0 0 0 1 0 1 0 0 1 0 1 0 1 0 0 1 0 0 0 1 0 1 0 0 0 2 1 1 0 1 2 0 0 1 0 1 1 1 1 1 0 1 1 0 1 1 1 0 2 0 0 2 1 0 1 0 1 1 1 0 0
geno chr9.138921557 tsi  0 0 1 1 0 0 0 0 0 0 0 2 0 0 0 1 0 0 2 0 1 0 0 1 0 1 1 1 0 0 0 1 1 1 0 0 0 1 1 1 1 0 1 0 1 0 0 1 1 0 1 1 0 0 0 1 0 0 1 1 1 0 0 1 1 1 2 1 0 1 0 0 1 0 0 0 1 0 1 1 0 1 0 1 0 0 1 0 0 0 0 0
geno chr9.138921557 yri  0 0 0 0 1 1 0 0 0 0 0 0 0 0 0 0 0 0 1 2 1 1 0 0 0 0 2 0 0 0 0 1 0 1 0 0 1 1 0 0 0 0 0 0 0 0 0 1 0 0 0 1 0 1 1 1 0 0 0 0 0 1 0 0 0 0 0 1 0 2 0 0 0 0 0 0 0
geno chr9.138921838 ceu  0 0 0 0 0 0 0 0 0 0 0 1 0 0 0 0 0 0 0 0 1 0 1 1 0 0 0 0 1 0 1 0 0 0 0 0 0 1 0 1 0 0 1 1 1 0 0 0 0 0 0 1 0 0 0 0 0 0 0 0 0 0 0 0 0 1 0 0 1 0 0 1 1 0 1 0 0 0
geno chr9.138921838 fin  0 1 0 0 0 0 0 0 0 0 0 0 1 0 0 0 0 0 0 0 1 0 0 0 0 1 0 1 0 0 0 0 0 0 0 0 0 0 0 0 0 0 1 0 0 0 0 1 0 0 0 0 0 0 0 0 0 0 0 0 0 1 0 0 0 0 0 0 0 1 0 1 0 0 0 0 1 0 1 0 0 0 1 0 1 0 0 0 0
geno chr9.138921838 gbr  0 0 1 0 1 0 0 0 0 1 0 0 0 0 1 1 1 0 0 0 0 0 0 0 0 0 0 1 0 0 0 0 0 0 0 0 1 0 0 0 1 0 0 0 0 1 0 0 0 0 0 0 0 0 1 0 0 0 0 0 1 1 0 0 0 0 0 1 0 0 0 0 0 0 0 1 0 0 0 0 0 0 2 0
geno chr9.138921838 tsi  0 1 0 0 0 0 2 1 0 1 1 0 0 0 0 0 0 0 0 0 1 1 0 0 0 0 0 0 1 0 0 0 0 1 0 0 1 0 1 0 1 0 0 0 0 0 0 1 0 1 0 1 1 1 1 1 0 1 0 0 0 0 0 0 0 0 0 0 1 1 1 0 1 1 1 0 1 2 0 0 1 0 0 1 0 1 0 1 2 0 1 1
geno chr9.138921838 yri  0 1 0 0 0 1 0 0 0 2 0 0 0 0 0 1 0 0 0 0 0 1 1 0 0 0 0 1 0 0 1 0 0 0 1 1 0 0 2 1 1 1 0 2 1 1 0 0 1 0 1 0 0 0 0 1 0 0 0 1 0 0 0 0 1 0 1 0 0 0 1 1 0 1 1 0 2
geno chr9.138921907 ceu  1 1 0 2 1 0 0 1 0 0 1 2 1 2 0 1 1 0 0 1 1 0 1 1 2 1 1 1 1 0 2 1 0 0 0 1 1 1 1 2 1 0 2 1 1 0 2 1 0 1 2 1 0 1 1 0 0 1 2 1 1 1 1 1 0 1 2 1 2 1 2 1 1 0 1 0 0 1
geno chr9.138921907 fin  1 1 0 0 0 1 1 0 2 0 2 0 1 0 1 1 0 1 0 2 1 0 1 1 1 1 1 1 1 1 1 2 1 1 1 0 0 0 1 2 2 0 1 1 1 2 0 2 1 1 1 0 2 1 1 1 2 0 2 1 1 1 1 1 1 0 1 1 1 2 1 1 0 0 1 1 1 0 1 0 1 0 1 1 2 0 1 2 1
geno chr9.138921907 gbr  1 0 2 1 1 0 1 0 0 1 0 1 1 2 1 2 1 1 2 0 1 0 0 0 0 0 1 1 1 0 0 1 0 1 0 1 1 0 1 0 1 0 1 0 1 1 0 0 2 1 1 0 1 2 1 0 1 0 1 1 2 2 1 0 1 1 0 2 1 1 0 2 0 0 2 2 0 1 0 1 1 1 2 0
geno chr9.138921907 tsi  0 1 1 1 0 0 2 1 0 1 1 2 0 0 0 1 0 0 2 0 2 1 0 1 0 1 1 1 1 0 0 1 1 2 0 1 1 1 2 1 2 0 1 0 1 0 0 2 1 1 1 2 1 1 1 2 0 1 1 1 1 0 1 1 2 1 2 1 1 2 1 0 2 1 2 0 2 2 1 1 1 1 0 2 1 1 1 1 2 0 1 1
geno chr9.138921907 yri  2 1 0 1 2 2 0 1 1 2 2 1 1 2 1 2 1 2 2 2 1 2 2 2 1 2 2 2 2 1 2 2 1 2 2 2 2 2 2 2 1 2 0 2 2 1 1 1 1 1 2 2 1 2 2 2 2 2 0 2 1 2 1 1 1 2 2 1 2 2 2 2 1 2 1 0 2
geno chr9.138922184 ceu  0 0 0 0 0 0 0 0 0 0 0 1 0 0 0 0 0 0 0 0 1 0 1 1 0 0 0 0 1 0 1 0 0 0 0 0 0 1 0 1 0 0 1 1 1 0 0 0 0 0 0 1 0 0 0 0 0 0 0 0 0 0 0 0 0 1 0 0 1 0 0 1 1 0 1 0 0 0
geno chr9.138922184 fin  0 1 0 0 0 0 0 0 0 0 0 0 1 0 0 0 0 0 0 0 1 0 0 0 0 1 0 1 0 0 0 0 0 0 0 0 0 0 0 0 0 0 1 0 0 0 0 1 0 0 0 0 0 0 0 0 0 0 0 0 0 1 0 0 0 0 0 0 0 1 0 1 0 0 0 0 1 0 1 0 0 0 1 0 1 0 0 0 0
geno chr9.138922184 gbr  0 0 1 0 1 0 0 0 0 1 0 0 0 0 1 1 1 0 0 0 0 0 0 0 0 0 0 1 0 0 0 0 0 0 0 0 1 0 0 0 1 0 0 0 0 1 0 0 0 0 0 0 0 0 1 0 0 0 0 0 1 1 0 0 0 0 0 1 0 0 0 0 0 0 0 1 0 0 0 0 0 0 2 0
geno chr9.138922184 tsi  0 1 0 0 0 0 2 1 0 1 1 0 0 0 0 0 0 0 0 0 1 1 0 0 0 0 0 0 1 0 0 0 0 1 0 0 1 0 1 0 1 0 0 0 0 0 0 1 0 1 0 1 1 1 1 1 0 1 0 0 0 0 0 0 0 0 0 0 1 1 1 0 1 1 1 0 1 2 0 0 1 0 0 1 0 1 0 1 2 0 1 1
geno chr9.138922184 yri  0 1 0 0 0 1 0 0 0 2 0 0 0 0 0 1 0 0 0 0 0 1 1 0 0 0 0 1 0 0 1 0 0 0 1 1 0 0 2 1 1 1 0 2 1 1 0 0 1 0 1 0 0 0 0 1 0 0 0 1 0 0 0 0 1 0 1 0 0 0 1 1 0 1 1 0 2
