pheno ENSG00000167747 ceu -3.309674 0.2907065 -2.216987 -2.960477 -1.145125 -2.090961 -2.639056 -1.968677 -1.371896 -1.059292 -1.144538 -1.234657 -0.9069214 -1.62698 -1.074172 -3.650849 -2.955923 -0.9230741 -1.706598 -3.377047 -1.007809 -2.120642 -1.450688 -2.343781 -3.429465 -3.112119 -1.25007 -1.520354 -1.099667 -0.6509288 -0.7750465 -2.490898 -1.255849 -1.714427 -1.352047 -2.691242 -3.880336 -4.066484 -2.624524 -3.271318 -1.749541 -2.287693 -3.000899 -1.511424 -2.127102 -3.521748 -0.265757 -1.499807 -1.983471 -0.4342608 -1.623369 -3.903702 -1.848792 -0.1969887 -2.895859 -0.9363621 -0.7505863 -3.322762 -2.527942 -3.009793 -2.591302 1.125728 -2.831492 -0.5308423 -2.335373 -2.670517 -3.17973 -1.477296 -2.592765 -2.559452 -1.734956 -2.736068 -2.173623 -1.468039 -2.332218 -1.484433 -0.06371029 0.3834267
pheno ENSG00000167747 fin -0.2601778 -0.006912103 0.08583607 0.5448694 0.893912 0.1163865 1.123538 0.1555927 0.9086631 0.18385 0.26861 0.9183241 -0.1482606 0.5597739 1.097856 0.3753317 0.5516522 0.7544563 -1.246358 -0.4705963 0.3773979 0.8102894 -0.6475932 1.161978 0.1401965 0.7831114 0.2124951 0.5140486 0.7614622 -1.266202 0.2577485 0.8105948 -1.690501 0.746324 -0.5740819 -1.599147 -1.123843 -0.1043548 0.5247809 0.1546869 1.46396 -0.6286722 1.855381 1.546601 0.2102598 -0.9419938 -1.15655 0.1658501 1.233329 -1.332348 -0.970207 1.036216 0.7880451 2.022879 2.621336 0.1868404 0.2661444 -0.2258005 1.399942 -0.2406764 0.00982457 0.8911767 2.297169 0.8311887 0.5547462 -2.069857 0.4500394 -1.902072 -1.266665 1.877581 -1.917884 1.367202 2.30621 1.11316 0.6353135 1.540206 -0.7663466 3.434345 -1.184789 1.244973 0.2511131 -0.3654917 -1.012559 0.7836123 0.1072337 -0.2669662 0.730712 -0.3694026 -1.095152
pheno ENSG00000167747 gbr -0.6227497 -0.4271692 -1.780849 0.4792468 -1.202589 -1.787252 -3.740474 -2.409138 -1.375709 -0.472459 -0.1267895 -2.406346 -1.147753 -2.632797 0.3079329 -2.000344 -2.563568 -0.8147523 -1.335548 -2.702943 -1.632697 -1.580478 -0.7499489 -1.32216 -2.630896 -2.059476 -1.500563 -2.72273 -4.282444 -1.030315 -1.512236 -1.776822 -1.633389 -2.416544 -3.34135 -1.467739 -0.7543526 -2.420875 0.337902 -1.663003 -0.7247819 -1.81878 -3.237114 -2.454449 -2.50572 -1.385681 -1.668453 -1.551082 -2.600883 -1.369093 -2.693217 -0.37056 -1.697181 -2.759541 0.006057719 -1.252112 -1.556573 -1.303536 -1.678874 -1.492439 -1.359596 -1.547345 -0.8989143 -2.10325 -1.367235 -1.6247 -1.866849 -0.1422299 -0.4060582 -3.082352 -0.8976446 0.007421467 -1.385396 -1.121283 0.6154958 -2.595042 0.03583543 -1.216366 -1.67118 -2.139166 0.4895049 -2.587104 -3.373208 -2.30987
pheno ENSG00000167747 tsi 0.1544869 -0.1232416 -1.772902 -1.00686 -3.498219 -1.237502 -0.6627465 -1.74677 -1.690205 -1.148062 -0.2519542 -1.595728 -0.5013035 -2.120917 1.566939 0.03347406 -0.5529501 0.01108912 0.2678004 -2.528942 0.5406324 -2.187775 -0.2018313 -2.036803 -1.522821 -1.164733 -1.24837 -0.03798076 1.403202 -1.78682 -1.573378 -0.01743134 -0.548143 1.208483 -2.516978 0.4591419 -1.552325 -0.8876711 -2.813694 -0.09509542 -1.206499 0.3056148 -2.023765 -1.118011 -0.8830174 0.4392391 -1.763642 -1.141195 -2.009199 0.7345694 -0.5394843 -1.676146 -0.9590213 -2.361707 -2.110121 -1.064283 0.09535924 0.433271 0.3366701 -0.3189239 -0.6684027 -1.285949 0.87952 0.5176968 -1.072314 -2.665183 0.7285864 1.153284 -1.314981 -1.537484 -1.652497 -1.950479 -1.29473 -2.237321 -0.4648555 -0.7501968 -1.053678 -0.1903855 -0.4637016 0.1594973 -0.5881418 -1.154891 -0.0257055 -1.659522 -1.49295 -0.00635974 -1.586558 -1.263519 -0.6453966 -0.1551149 -2.36066 -1.101461
pheno ENSG00000167747 yri -0.1558578 -0.6836912 -1.771262 0.5703506 -1.337562 -2.187325 -0.3558528 0.4360044 -1.180769 0.4599678 -1.012564 -0.8260501 -0.7851345 -0.530974 -1.84114 -0.520956 0.7231129 0.4219983 0.1999012 1.814565 -1.469491 0.4404677 -0.2970155 -3.026678 -1.527651 1.442308 0.01523016 -1.001421 -3.151224 -0.9886415 0.5376074 0.9476478 0.6388995 -1.38645 -1.607761 0.8212854 -1.071135 0.7191333 -1.700238 -2.405257 0.3646919 -2.722415 2.147185 -2.291261 0.253014 0.07598848 -0.7232949 0.08141004 -2.198263 -1.745453 -0.5453313 -0.1910037 -1.066402 -0.246927 2.372971 0.07787918 -0.3144581 3.129373 -0.5798697 -0.937448 2.005201 -2.910362 0.6512914 -0.9004414 -0.5521257 -2.048911 1.188216 -0.2500227 0.917091 -1.085849 -1.305089 -0.8964076 -0.6476819 -2.422303 1.364458 1.180475 -0.5323192
geno chr19.51208607 ceu  0 2 0 0 1 1 0 0 0 1 0 0 1 0 0 1 0 0 0 0 0 0 0 0 1 0 2 1 0 0 0 0 0 0 0 1 1 1 0 0 0 0 1 1 0 0 1 0 0 0 1 0 1 1 0 0 1 0 0 1 0 0 0 0 1 0 1 0 1 1 0 2 0 0 1 0 0 2
geno chr19.51208607 fin  0 0 0 1 0 0 1 0 1 0 0 0 0 0 1 0 2 1 0 1 0 0 1 0 0 1 0 0 0 0 0 0 2 1 0 0 0 0 0 1 0 0 0 1 1 0 1 0 1 0 0 0 0 1 0 1 1 0 0 1 0 1 1 0 0 1 0 0 0 0 1 0 0 0 0 0 0 1 0 0 1 1 0 0 1 1 0 1 0
geno chr19.51208607 gbr  2 1 0 0 1 0 0 0 1 0 0 0 0 1 0 0 0 0 0 1 0 1 1 1 0 1 0 0 0 0 1 0 0 0 0 1 0 1 0 1 0 0 0 1 1 0 1 0 0 0 0 0 0 1 0 1 0 1 0 0 1 0 0 1 0 1 1 2 0 0 1 0 0 0 1 0 0 1 1 0 0 1 0 1
geno chr19.51208607 tsi  1 0 0 0 0 0 1 0 0 1 0 0 0 0 0 0 2 0 0 2 0 0 1 0 0 1 0 1 1 1 0 0 0 1 1 0 0 1 1 0 1 0 1 0 2 1 0 0 0 1 0 1 0 0 1 1 0 1 1 1 0 0 0 0 0 0 0 1 0 0 0 0 0 0 0 0 0 0 0 0 0 0 0 0 1 0 2 0 0 1 2 0
geno chr19.51208607 yri  1 1 1 1 0 1 0 0 2 1 2 0 1 2 0 1 2 0 1 2 2 0 1 1 1 2 0 1 2 1 2 2 1 0 0 2 1 1 0 1 1 1 1 1 0 0 2 0 2 2 2 1 2 1 1 1 1 1 1 0 0 1 0 1 1 0 1 2 1 0 0 1 1 1 0 1 0
geno chr19.51208645 ceu  0 2 0 0 1 1 0 0 0 1 0 0 1 0 0 1 0 0 0 0 0 0 0 0 1 0 2 1 0 0 0 0 0 0 0 1 1 0 0 0 0 0 1 1 0 1 1 0 0 0 1 0 1 1 0 0 1 0 0 1 0 0 0 0 1 0 1 0 1 1 0 2 0 0 1 0 0 2
geno chr19.51208645 fin  0 0 0 1 0 0 2 0 1 0 0 0 0 0 1 0 2 1 0 1 0 0 1 0 0 1 0 0 0 0 0 0 2 1 0 0 0 0 0 1 0 0 0 1 1 0 2 0 1 0 0 1 0 1 0 1 2 0 0 1 0 1 1 0 0 1 0 0 0 0 1 1 1 0 0 0 0 1 0 0 1 1 0 0 1 1 0 1 0
geno chr19.51208645 gbr  2 1 0 0 1 0 0 0 1 0 0 0 0 1 0 0 0 0 0 1 0 1 1 1 0 1 0 0 0 0 1 1 0 0 0 1 0 1 0 1 0 0 0 1 1 0 1 0 0 1 0 0 0 1 0 1 0 1 0 0 1 0 0 1 0 1 1 2 0 0 1 0 0 0 1 0 0 1 1 0 0 1 0 1
geno chr19.51208645 tsi  1 0 0 0 0 0 1 0 0 1 0 0 0 0 0 0 2 0 0 2 0 0 1 0 0 1 0 1 1 1 0 0 0 1 1 0 0 1 1 0 1 0 1 0 2 1 0 0 0 0 0 1 0 0 1 1 0 1 1 1 0 0 0 0 0 0 0 1 0 0 0 0 0 0 0 0 0 1 0 0 0 0 0 0 1 0 2 0 0 1 2 0
geno chr19.51208645 yri  1 0 1 0 0 1 0 0 1 0 1 0 1 1 0 1 0 0 1 0 0 0 0 0 0 0 0 0 1 1 0 1 1 0 0 2 1 0 0 0 0 1 1 1 0 0 0 0 1 2 0 0 2 0 0 0 0 0 0 0 0 0 0 1 0 0 1 1 1 0 0 0 0 1 0 0 0
geno chr19.51209014 ceu  0 0 0 1 1 0 0 1 1 0 0 0 0 1 0 0 0 0 0 1 0 0 0 0 0 2 0 0 0 1 0 1 1 1 1 1 1 0 0 0 0 1 0 0 0 1 1 0 0 0 0 0 1 0 0 1 0 1 0 0 0 2 0 2 0 0 1 2 0 0 1 0 0 0 0 0 1 0
geno chr19.51209014 fin  1 1 0 0 0 0 0 1 0 0 0 1 0 0 1 0 0 0 1 0 0 0 0 1 1 0 1 0 1 0 0 0 0 0 1 0 1 0 0 0 1 0 1 0 0 0 0 0 0 2 0 0 0 1 0 1 0 0 1 0 1 0 0 0 0 0 0 0 1 1 0 0 0 0 2 0 1 1 0 0 1 1 0 1 0 0 0 1 0
geno chr19.51209014 gbr  0 0 0 1 0 0 0 1 1 1 0 1 1 0 0 0 0 0 1 0 1 1 0 1 0 0 0 1 1 1 0 0 0 1 0 1 1 0 0 0 1 0 0 0 1 0 0 2 0 1 1 0 0 0 0 1 0 0 0 0 0 0 1 0 1 0 0 0 1 1 0 0 1 1 0 1 0 0 0 0 0 0 0 0
geno chr19.51209014 tsi  0 0 1 0 0 0 0 1 1 1 0 1 1 1 1 0 0 0 1 0 0 0 0 0 2 1 1 1 0 0 0 1 0 0 0 1 0 1 0 0 1 1 0 0 0 1 1 0 0 0 1 0 1 0 0 0 0 0 0 0 0 1 1 0 1 1 0 0 0 0 0 0 1 0 1 0 0 0 1 2 0 1 1 0 0 1 0 0 0 1 0 0
geno chr19.51209014 yri  0 0 0 0 0 0 1 0 0 1 0 0 0 0 0 0 0 1 0 0 0 1 0 0 1 0 0 0 0 0 0 0 0 0 0 0 0 0 0 0 0 1 0 0 0 0 0 0 0 0 0 0 0 0 0 1 1 1 0 1 1 0 1 0 0 0 0 0 0 1 1 0 0 0 0 0 1
geno chr19.51209179 ceu  1 0 0 0 0 0 0 0 0 0 0 0 0 0 0 0 0 2 0 0 0 0 0 0 0 0 0 0 0 0 0 0 0 0 0 0 0 0 0 0 0 0 0 1 0 0 0 1 1 1 0 1 0 1 0 0 0 0 0 1 0 0 0 0 0 0 0 0 1 1 0 0 0 1 0 0 0 0
geno chr19.51209179 fin  0 1 0 0 0 0 0 0 0 1 0 0 0 1 0 0 0 0 1 0 0 1 0 0 0 0 0 0 0 0 0 0 0 1 0 0 0 0 0 0 0 0 0 0 0 1 0 0 0 0 0 0 0 0 0 0 0 1 0 0 0 1 0 0 0 0 0 0 0 0 0 0 0 0 0 0 0 0 0 0 0 0 0 0 0 0 0 0 0
geno chr19.51209179 gbr  0 1 0 1 0 2 0 1 0 1 1 0 0 0 0 0 0 2 0 0 0 0 0 0 0 0 0 1 1 1 0 0 0 0 0 0 0 0 0 0 0 1 0 0 0 1 1 0 0 0 0 0 0 0 0 0 0 1 0 0 0 0 0 0 0 0 0 0 0 0 0 0 0 0 0 0 0 0 0 0 0 1 2 0
geno chr19.51209179 tsi  0 1 0 1 0 1 0 0 0 0 0 0 0 0 0 0 0 2 0 0 0 0 0 0 0 0 0 0 0 1 0 0 1 0 0 1 0 0 1 0 0 0 0 2 0 0 0 1 2 1 0 0 0 0 0 0 1 1 0 1 0 0 0 1 0 0 0 1 0 0 0 0 0 0 0 0 0 0 0 0 1 0 0 1 0 0 0 0 0 0 0 0
geno chr19.51209179 yri  1 0 0 0 0 0 0 0 0 0 0 0 0 0 0 0 0 0 0 0 0 0 0 0 0 0 0 0 0 0 0 0 0 1 0 0 0 0 0 0 0 0 0 0 0 0 0 0 0 0 0 0 0 0 0 0 0 0 1 1 0 0 0 0 0 1 0 0 0 0 1 1 0 0 0 0 0
geno chr19.51209949 ceu  2 2 1 1 2 2 1 1 2 2 0 1 1 2 2 1 1 2 1 2 0 1 0 1 1 2 2 2 0 1 2 2 1 2 1 2 2 2 1 1 1 1 2 2 1 1 2 1 1 1 2 1 2 2 1 1 2 2 2 2 0 2 1 2 1 2 2 2 2 2 2 2 0 1 1 1 1 2
geno chr19.51209949 fin  1 2 0 2 1 0 1 1 1 1 0 1 0 2 2 0 2 1 2 1 2 1 1 2 1 2 1 0 1 1 1 1 2 2 2 0 1 0 1 2 2 1 2 1 1 1 1 0 1 2 1 1 2 2 0 2 1 1 2 1 2 2 1 0 1 1 1 0 1 2 1 2 0 0 2 1 2 2 1 1 2 2 1 1 2 1 0 2 1
geno chr19.51209949 gbr  2 2 1 2 2 2 1 2 2 2 2 2 1 2 1 0 0 2 2 1 1 2 1 2 1 1 1 2 2 2 1 1 0 2 1 2 1 2 2 2 1 1 1 1 2 2 2 2 1 1 1 0 2 1 1 2 2 2 1 0 2 1 1 1 1 1 1 2 1 1 1 1 2 2 1 2 0 2 1 0 1 2 2 2
geno chr19.51209949 tsi  2 1 1 1 1 2 2 2 2 2 1 1 1 1 1 1 2 2 2 2 1 0 2 0 2 2 2 2 1 2 1 2 1 2 1 2 0 2 2 2 2 1 2 2 2 2 1 2 2 2 2 1 2 1 1 1 1 2 1 2 2 1 2 2 2 2 1 2 1 1 0 0 2 0 1 1 1 1 2 2 1 1 1 2 2 1 2 1 1 2 2 0
geno chr19.51209949 yri  2 1 2 2 0 1 2 2 2 2 2 1 2 2 0 1 2 2 2 2 2 1 2 2 2 2 1 1 2 1 2 2 2 0 2 2 2 1 1 1 1 2 2 1 1 0 2 0 2 2 2 1 2 2 2 2 2 2 1 2 2 1 2 1 1 2 1 2 1 2 2 2 1 1 1 2 1
geno chr19.51210451 ceu  1 0 0 1 1 0 0 1 1 0 0 0 0 1 1 0 0 2 0 1 0 0 0 0 0 2 0 0 0 1 0 1 1 1 1 1 1 0 0 0 0 1 0 1 0 1 1 1 1 1 0 1 1 1 0 1 0 1 0 1 0 2 0 2 0 0 1 2 1 1 1 0 0 1 0 0 1 0
geno chr19.51210451 fin  1 2 0 0 0 0 0 1 0 1 0 1 0 1 1 0 0 0 2 0 0 1 0 1 1 0 1 0 1 0 0 0 0 1 1 0 1 0 0 0 1 0 1 0 0 1 0 0 0 2 0 0 0 1 0 1 0 1 1 0 1 1 0 0 0 0 0 0 1 1 0 0 0 0 2 0 1 1 0 0 1 1 0 1 0 0 0 1 0
geno chr19.51210451 gbr  0 1 0 2 0 2 0 2 1 2 1 1 1 0 0 0 0 2 1 0 1 1 0 1 0 0 0 2 2 2 0 0 0 1 0 1 1 0 0 0 1 1 0 0 1 1 1 2 0 1 1 0 0 0 0 1 0 1 0 0 0 0 1 0 1 0 0 0 1 1 0 0 1 1 0 1 0 0 0 0 0 1 2 0
geno chr19.51210451 tsi  1 1 1 1 0 1 0 1 1 1 0 1 1 1 1 0 0 2 1 0 0 0 0 0 2 1 1 1 0 1 0 1 1 0 0 2 0 1 1 0 1 1 0 2 0 1 1 1 2 1 1 0 1 0 0 0 1 1 0 1 0 1 2 1 1 1 0 1 0 0 0 0 1 0 1 0 0 0 1 2 1 1 1 1 0 1 0 0 0 1 0 0
geno chr19.51210451 yri  1 0 0 0 0 0 2 1 0 1 0 0 0 0 0 0 0 1 0 0 0 1 0 0 1 0 0 0 0 0 0 0 0 0 0 0 0 0 0 0 0 1 0 0 0 0 0 0 0 0 0 1 0 0 0 1 1 1 0 2 1 0 1 0 0 2 0 0 0 2 2 1 0 0 0 0 1
geno chr19.51210493 ceu  2 2 1 1 2 2 1 1 2 2 0 1 1 2 2 1 1 2 1 2 0 1 0 1 1 2 2 2 0 1 2 2 1 2 1 2 2 2 1 1 1 1 2 2 1 1 2 1 1 1 2 1 2 2 1 1 2 2 2 2 1 2 1 2 1 2 2 2 2 2 2 2 0 1 1 1 1 2
geno chr19.51210493 fin  1 2 0 2 1 0 1 1 1 1 0 1 0 2 2 1 2 1 2 1 2 1 1 2 1 2 1 0 1 1 1 1 2 2 2 0 1 0 1 2 2 1 2 1 1 1 1 0 1 2 1 1 2 2 0 2 1 1 2 1 2 2 1 0 1 1 1 0 1 2 1 2 0 0 2 1 2 2 1 1 2 2 1 1 2 1 0 2 1
geno chr19.51210493 gbr  2 2 1 2 2 2 1 2 2 2 2 2 1 2 1 0 0 2 2 1 1 2 1 2 1 1 1 2 2 2 1 1 1 2 1 2 1 2 2 2 1 1 1 1 2 2 2 2 1 1 1 0 2 1 1 2 2 2 1 0 2 1 1 1 1 1 1 2 1 1 1 1 2 2 1 2 0 2 1 0 1 2 2 2
geno chr19.51210493 tsi  2 1 1 1 1 2 2 2 2 2 1 1 1 1 1 1 2 2 2 2 1 0 2 0 2 2 2 2 1 2 1 2 1 2 1 2 0 2 2 2 2 1 2 2 2 2 1 2 2 2 2 1 2 1 1 1 1 2 1 2 2 1 2 2 2 2 1 2 1 1 0 0 2 0 1 1 1 1 2 2 1 1 1 2 2 1 2 1 1 2 2 0
geno chr19.51210493 yri  2 1 1 1 0 1 1 1 2 2 2 0 1 2 0 1 2 2 2 2 2 1 2 2 2 2 0 1 2 1 2 2 2 1 1 2 1 1 1 1 1 2 2 1 0 0 2 0 2 2 2 1 2 2 1 2 2 2 1 2 1 1 2 1 1 2 1 2 1 2 2 2 1 1 0 1 1
geno chr19.51210535 ceu  1 0 0 0 0 0 0 0 0 0 0 0 0 0 0 0 0 2 0 0 0 0 0 0 0 0 0 0 0 0 0 0 0 0 0 0 0 0 0 0 0 0 0 1 0 0 0 1 1 1 0 1 0 1 0 0 0 0 0 1 0 0 0 0 0 0 0 0 1 1 0 0 0 1 0 0 0 0
geno chr19.51210535 fin  0 1 0 0 0 0 0 0 0 1 0 0 0 1 0 0 0 0 1 0 0 1 0 0 0 0 0 0 0 0 0 0 0 1 0 0 0 0 0 0 0 0 0 0 0 1 0 0 0 0 0 0 0 0 0 0 0 1 0 0 0 1 0 0 0 0 0 0 0 0 0 0 0 0 0 0 0 0 0 0 0 0 0 0 0 0 0 0 0
geno chr19.51210535 gbr  0 1 0 1 0 2 0 1 0 1 1 0 0 0 0 0 0 2 0 0 0 0 0 0 0 0 0 1 1 1 0 0 0 0 0 0 0 0 0 0 0 1 0 0 0 1 1 0 0 0 0 0 0 0 0 0 0 1 0 0 0 0 0 0 0 0 0 0 0 0 0 0 0 0 0 0 0 0 0 0 0 1 2 0
geno chr19.51210535 tsi  0 1 0 1 0 1 0 0 0 0 0 0 0 0 0 0 0 2 0 0 0 0 0 0 0 0 0 0 0 1 0 0 1 0 0 1 0 0 1 0 0 0 0 2 0 0 0 1 2 1 0 0 0 0 0 0 1 1 0 1 0 0 0 1 0 0 0 1 0 0 0 0 0 0 0 0 0 0 0 0 1 0 0 1 0 0 0 0 0 0 0 0
geno chr19.51210535 yri  1 0 0 0 0 0 1 1 0 0 0 0 0 0 0 0 0 0 0 0 0 0 0 0 0 0 0 0 0 0 0 0 0 0 0 0 0 0 0 0 0 0 0 0 0 0 0 0 0 0 0 0 0 0 0 0 0 0 0 1 0 0 0 0 0 2 0 0 0 1 1 1 0 0 0 0 0
geno chr19.51210768 ceu  1 2 0 0 1 2 1 0 1 2 0 0 1 1 1 1 1 0 0 1 0 1 0 1 1 0 2 2 0 0 2 1 0 1 0 1 1 1 1 1 1 0 2 1 1 0 1 0 0 0 2 0 1 1 1 0 2 1 2 1 0 0 0 0 1 2 1 0 1 1 1 2 0 0 1 1 0 2
geno chr19.51210768 fin  0 0 0 2 1 0 1 0 1 0 0 0 0 1 1 0 2 1 0 1 2 0 1 1 0 2 0 0 0 0 1 1 2 1 1 0 0 0 1 2 1 1 0 1 1 0 1 0 1 0 1 1 1 1 0 1 1 0 1 1 1 1 1 0 0 1 1 0 0 1 1 2 0 0 0 1 0 1 1 1 1 1 1 0 1 1 0 1 1
geno chr19.51210768 gbr  2 1 0 0 2 0 1 0 1 0 1 1 0 2 1 0 0 0 1 1 0 1 1 1 1 1 1 0 0 0 1 1 0 1 1 1 0 2 2 2 0 0 1 1 1 1 1 0 1 0 0 0 1 1 1 1 1 1 0 0 2 0 0 1 0 1 1 2 0 0 1 1 1 1 1 1 0 2 1 0 1 1 0 2
geno chr19.51210768 tsi  1 0 0 0 1 1 2 1 0 1 0 0 0 0 0 1 2 0 1 2 1 0 2 0 0 1 1 1 1 1 1 1 0 2 1 0 0 1 1 1 1 0 2 0 2 1 0 1 0 1 1 1 1 1 1 1 0 1 1 1 2 0 0 1 1 1 0 1 1 0 0 0 1 0 0 1 1 1 1 0 0 0 0 1 2 0 2 1 1 1 2 0
geno chr19.51210768 yri  1 1 1 0 0 1 0 1 2 0 2 0 1 2 0 1 1 1 2 2 0 0 1 1 0 1 0 1 1 1 1 2 2 0 1 2 1 0 1 1 1 1 2 1 0 0 1 0 1 2 0 0 2 2 1 0 0 1 0 0 1 0 1 1 0 1 0 1 1 1 0 0 0 1 0 1 0
geno chr19.51211141 ceu  1 0 0 0 0 1 1 0 1 1 0 0 0 1 1 0 1 0 0 1 0 1 0 1 0 0 0 1 0 0 2 1 0 2 0 0 2 1 0 1 1 1 0 0 1 0 0 0 0 0 1 0 0 0 1 1 1 1 2 0 0 0 0 0 0 2 0 1 0 0 1 0 0 0 0 1 1 0
geno chr19.51211141 fin  0 0 0 1 1 0 0 0 0 0 0 0 0 1 0 0 0 0 1 0 2 0 0 1 0 1 0 0 0 0 1 1 0 0 0 0 0 0 1 1 1 1 0 0 0 0 0 0 0 0 1 0 1 0 0 0 0 0 1 0 1 0 0 0 0 0 1 0 0 1 0 1 0 0 0 1 0 0 1 1 1 1 1 0 0 0 0 0 1
geno chr19.51211141 gbr  0 0 0 0 1 0 1 0 0 0 1 1 0 1 1 0 0 0 1 0 0 0 0 0 1 0 1 0 0 0 0 1 0 2 1 0 0 1 2 1 0 0 1 0 0 1 0 0 1 0 0 0 1 0 1 0 1 0 0 0 1 0 0 0 0 0 0 0 0 1 0 1 1 1 0 2 0 1 0 0 1 0 0 1
geno chr19.51211141 tsi  0 0 0 0 1 1 0 1 0 0 0 0 1 0 0 1 0 0 1 0 1 0 1 0 0 0 1 0 0 0 1 1 0 1 0 0 0 0 0 1 1 1 1 0 0 1 1 1 0 0 0 0 1 1 0 0 0 0 1 0 2 0 0 1 1 1 0 0 1 0 0 0 0 0 1 1 1 1 1 0 0 0 1 1 1 1 0 1 1 1 0 0
geno chr19.51211141 yri  0 0 0 0 0 0 0 0 0 0 0 0 0 0 0 0 0 1 0 0 0 0 0 1 0 0 0 0 0 0 0 0 0 0 1 0 0 0 1 0 0 0 0 0 0 0 0 0 0 0 0 0 0 0 0 0 0 0 0 0 0 0 1 0 0 0 0 0 0 0 0 0 0 0 0 0 0
geno chr19.51211364 ceu  2 1 1 1 2 2 1 1 2 2 0 1 1 2 2 1 1 2 1 2 0 1 0 1 1 1 2 2 0 1 2 2 1 2 1 2 2 2 1 1 1 1 2 2 1 1 1 1 1 1 2 1 2 1 1 2 2 1 2 2 0 2 1 2 1 2 1 2 1 2 2 2 0 1 1 1 1 2
geno chr19.51211364 fin  1 2 0 2 1 0 1 1 1 1 0 1 0 2 2 0 2 1 2 1 1 1 1 2 1 2 1 0 1 1 1 0 2 2 2 0 1 0 1 2 2 1 2 1 1 2 1 1 1 2 1 1 2 2 0 2 1 1 2 1 2 2 1 0 1 1 0 0 1 2 1 2 0 0 2 2 2 2 1 1 2 2 1 1 2 1 0 1 1
geno chr19.51211364 gbr  1 2 1 2 1 2 1 2 2 1 2 2 0 2 1 0 0 2 2 1 1 2 1 2 1 1 1 2 2 2 1 0 0 2 1 2 1 2 1 2 2 1 1 1 2 2 2 2 1 1 1 0 2 1 1 2 2 2 1 0 2 2 1 1 1 1 1 2 1 1 1 1 2 2 1 2 0 2 1 0 1 2 2 2
geno chr19.51211364 tsi  2 1 1 1 1 2 2 2 2 1 1 1 1 1 1 1 2 2 2 2 1 0 1 0 1 2 2 2 0 2 1 2 1 2 1 2 0 2 2 2 2 1 2 2 2 2 1 2 2 2 2 1 2 1 1 1 1 2 1 2 2 1 2 2 2 2 1 2 1 1 0 0 1 0 1 1 1 1 2 2 1 1 1 2 2 1 2 1 1 2 2 0
geno chr19.51211364 yri  2 1 2 2 2 1 2 1 2 2 2 2 2 2 0 1 2 2 2 2 2 1 2 2 2 2 2 1 2 2 2 1 2 1 2 2 2 1 1 1 0 1 2 1 1 1 2 0 2 1 2 1 2 2 2 2 2 1 1 2 2 2 2 1 1 0 1 2 1 1 1 2 1 1 1 2 0
geno chr19.51214798 ceu  0 0 0 0 0 0 0 0 0 0 0 0 0 0 0 0 0 0 0 0 0 0 0 0 0 0 0 0 0 0 0 0 0 0 0 0 0 0 0 0 0 0 0 0 0 0 0 0 0 0 0 0 0 0 0 0 0 0 0 0 0 0 0 0 0 0 0 0 0 0 0 0 0 0 0 0 0 0
geno chr19.51214798 fin  0 0 0 0 0 0 0 0 0 0 0 0 0 0 0 0 0 0 0 0 0 0 0 0 0 0 0 0 0 0 0 0 0 0 0 0 0 0 0 0 0 0 0 0 0 0 0 0 0 0 0 0 0 0 0 0 0 0 0 0 0 0 0 0 0 0 0 0 0 0 0 0 0 0 0 0 0 0 0 0 0 0 0 0 0 0 0 0 0
geno chr19.51214798 gbr  0 0 0 0 0 0 0 0 0 0 0 0 0 0 0 0 0 0 0 0 0 0 0 0 0 0 0 0 0 0 0 0 0 0 0 0 0 0 0 0 0 0 0 0 0 0 0 0 0 0 0 0 0 0 0 0 0 0 0 0 0 0 0 0 0 0 0 0 0 0 0 0 0 0 0 0 0 0 0 0 0 0 0 0
geno chr19.51214798 tsi  0 0 0 0 0 0 0 0 0 0 0 0 0 0 0 0 0 0 0 0 0 0 0 0 0 0 0 0 0 0 0 0 0 0 0 0 0 0 0 0 0 0 0 0 0 0 0 0 0 1 0 0 0 0 0 0 0 0 0 0 0 0 0 0 0 0 0 0 0 0 0 0 0 0 0 0 0 0 0 0 0 0 0 0 0 0 0 0 0 0 0 0
geno chr19.51214798 yri  0 0 1 1 1 0 0 1 0 0 0 0 1 0 0 0 1 1 1 0 0 0 1 0 0 1 1 1 0 0 1 0 1 0 1 1 1 0 0 0 1 0 1 0 1 0 1 1 0 0 0 0 0 2 1 0 0 1 0 0 1 0 0 0 0 0 1 0 0 0 0 0 0 0 1 1 0
geno chr19.51215488 ceu  0 0 0 0 0 0 0 0 0 0 0 0 0 0 0 0 0 0 0 0 0 0 0 0 0 0 0 0 0 0 0 0 0 0 0 0 0 0 0 0 0 0 0 0 0 0 0 0 0 0 0 0 0 0 0 0 0 0 0 0 0 0 0 0 0 0 0 0 0 0 0 0 0 0 0 0 0 0
geno chr19.51215488 fin  0 0 0 0 0 0 0 0 0 0 0 0 0 0 0 0 0 0 0 0 0 0 0 0 0 0 0 0 0 0 0 0 0 0 0 0 0 0 0 0 0 0 0 0 0 0 0 0 0 0 0 0 0 0 0 0 0 0 0 0 0 0 0 0 0 0 0 0 0 0 0 0 0 0 0 0 0 0 0 0 0 0 0 0 0 0 0 0 0
geno chr19.51215488 gbr  0 0 0 0 0 0 0 0 0 0 0 0 0 0 0 0 0 0 0 0 0 0 0 0 0 0 0 0 0 0 0 0 0 0 0 0 0 0 0 0 0 0 0 0 0 0 0 0 0 0 0 0 0 0 0 0 0 0 0 0 0 0 0 0 0 0 0 0 0 0 0 0 0 0 0 0 0 0 0 0 0 0 0 0
geno chr19.51215488 tsi  0 0 0 0 0 0 0 0 0 0 0 0 0 0 0 0 0 0 0 0 0 0 0 0 0 0 0 0 0 0 0 0 0 0 0 0 0 0 0 0 0 0 0 0 0 0 0 0 0 1 0 0 0 0 0 0 0 0 0 0 0 0 0 0 0 0 0 0 0 0 0 0 0 0 0 0 0 0 0 0 0 0 0 0 0 0 0 0 0 0 0 0
geno chr19.51215488 yri  0 0 1 1 1 0 0 1 0 0 0 0 1 0 0 0 1 1 1 0 0 0 1 0 0 1 1 1 0 0 1 0 1 0 1 1 1 0 0 0 1 0 1 0 1 0 1 1 0 0 0 0 0 2 1 0 0 1 0 0 1 0 0 0 0 0 1 0 0 0 0 0 0 0 1 1 0
geno chr19.51215631 ceu  1 2 0 1 2 2 0 1 1 2 0 0 1 1 1 1 0 2 1 1 0 0 0 2 1 2 2 2 0 1 1 1 0 1 1 2 2 1 1 0 0 1 1 2 1 2 1 1 1 1 2 1 1 1 1 0 2 2 2 1 0 2 0 2 1 2 2 1 1 1 1 2 0 0 1 1 0 2
geno chr19.51215631 fin  1 1 0 1 1 0 2 1 1 1 1 1 1 2 2 0 2 2 0 1 2 1 1 2 1 2 1 0 0 1 1 1 2 0 2 0 1 0 1 2 1 1 1 1 1 0 2 0 1 2 1 1 0 2 0 2 2 0 1 1 2 1 1 1 0 1 1 0 1 1 1 2 1 0 2 0 1 2 0 1 1 1 1 2 1 1 0 2 1
geno chr19.51215631 gbr  2 2 0 2 1 0 0 2 2 1 1 2 1 2 1 0 0 0 1 2 1 2 2 2 1 0 0 1 1 1 1 2 0 1 0 2 1 2 1 1 1 0 1 1 2 2 1 1 0 1 1 0 1 1 0 2 0 2 0 1 1 2 1 1 1 1 1 2 1 1 1 1 2 1 1 1 0 2 1 0 2 1 0 2
geno chr19.51215631 tsi  2 0 1 0 1 1 2 0 1 2 0 1 0 1 1 1 2 0 2 1 0 0 1 0 2 2 2 2 1 0 1 1 0 2 0 1 0 2 1 2 1 0 2 0 2 1 0 0 0 0 2 2 2 2 1 1 0 1 1 1 1 1 2 1 1 1 0 1 1 0 0 0 1 1 1 2 0 2 1 2 0 1 1 1 1 0 2 0 1 2 2 0
geno chr19.51215631 yri  1 0 1 1 0 1 2 1 1 2 1 0 1 1 0 1 1 1 1 0 2 1 0 2 2 1 0 1 2 1 1 1 1 0 1 1 1 1 0 1 0 1 1 1 0 1 1 0 2 2 2 1 2 0 0 1 2 0 1 2 1 1 2 1 2 1 0 2 2 2 1 2 1 2 0 1 1
geno chr19.51215920 ceu  0 0 0 0 0 0 0 0 0 0 0 0 0 0 0 0 0 0 0 0 0 0 0 0 0 0 0 0 0 0 0 0 0 0 0 0 0 0 0 0 0 0 0 0 0 0 0 0 0 0 0 0 0 0 0 0 0 0 0 0 0 0 0 0 0 0 0 0 0 0 0 0 0 0 0 0 0 0
geno chr19.51215920 fin  0 0 0 0 0 0 0 0 0 0 0 0 0 0 0 0 0 0 0 0 0 0 0 0 0 0 0 0 0 0 0 0 0 0 0 0 0 0 0 0 0 0 0 0 0 0 0 0 0 0 0 0 0 0 0 0 0 0 0 0 0 0 0 0 0 0 0 0 0 0 0 0 0 0 0 0 0 0 0 0 0 0 0 0 0 0 0 0 0
geno chr19.51215920 gbr  0 0 0 0 0 0 0 0 0 0 0 0 0 0 0 0 0 0 0 0 0 0 0 0 0 0 0 0 0 0 0 0 0 0 0 0 0 0 0 0 0 0 0 0 0 0 0 0 0 0 0 0 0 0 0 0 0 0 0 0 0 0 0 0 0 0 0 0 0 0 0 0 0 0 0 0 0 0 0 0 0 0 0 0
geno chr19.51215920 tsi  0 0 0 0 0 0 0 0 0 0 0 0 0 0 0 0 0 0 0 0 0 0 0 0 0 0 0 0 0 0 0 0 0 0 0 0 0 0 0 0 0 0 0 0 0 0 0 0 0 1 0 0 0 0 0 0 0 0 0 0 0 0 0 0 0 0 0 0 0 0 0 0 0 0 0 0 0 0 0 0 0 0 0 0 0 0 0 0 0 0 0 0
geno chr19.51215920 yri  0 0 1 1 1 0 0 1 1 0 1 2 1 0 0 0 1 1 1 1 0 0 1 0 0 1 1 1 0 0 1 0 1 0 1 1 1 0 0 0 1 0 1 0 1 0 1 1 0 0 0 0 0 2 1 0 0 1 0 0 1 0 0 0 0 0 1 0 0 0 0 0 0 0 1 1 0
geno chr19.51216909 ceu  1 0 0 1 2 0 0 1 2 1 0 0 0 1 0 1 0 2 0 0 2 1 1 1 0 2 0 0 0 2 0 1 1 2 1 1 1 2 0 0 1 1 0 2 0 1 0 1 1 1 0 2 1 0 0 1 1 1 0 1 0 2 1 2 0 0 1 2 0 0 1 0 0 0 0 0 1 0
geno chr19.51216909 fin  1 1 0 1 0 0 0 1 0 2 1 1 1 1 1 0 1 2 1 0 0 0 0 1 1 0 1 0 0 1 0 0 1 0 1 1 1 0 0 0 2 0 1 1 0 0 1 0 0 2 0 1 1 1 1 1 0 0 2 0 1 0 2 1 0 0 0 0 1 1 0 1 0 0 2 1 1 1 0 0 2 1 0 1 0 0 0 1 0
geno chr19.51216909 gbr  1 2 0 1 0 0 1 2 1 1 1 1 1 0 0 0 1 0 2 1 1 1 1 1 0 0 1 1 2 1 0 0 0 1 0 1 2 1 0 0 1 0 0 0 1 1 0 2 1 0 0 1 0 0 0 2 0 1 0 0 0 0 1 0 0 1 0 0 1 1 1 0 1 2 0 1 0 1 0 0 1 1 0 1
geno chr19.51216909 tsi  1 0 1 0 0 1 0 1 1 2 0 1 1 1 1 0 2 0 1 0 0 0 1 0 2 0 1 2 0 0 0 0 1 0 0 1 0 2 1 0 1 1 1 0 1 2 2 1 0 0 1 0 1 1 1 0 0 0 0 1 0 1 2 2 0 0 0 0 0 0 0 1 1 1 1 0 0 1 2 2 0 1 1 0 1 1 1 1 0 2 0 0
geno chr19.51216909 yri  2 0 1 1 0 1 1 0 1 2 1 0 1 2 0 0 0 0 1 0 2 1 0 1 2 1 0 1 1 1 0 1 1 1 0 1 1 2 2 1 1 1 1 1 0 1 1 1 1 1 1 1 2 0 0 1 2 0 1 2 1 1 1 1 1 1 0 2 2 1 2 2 1 2 0 0 1
geno chr19.51217550 ceu  1 2 0 1 1 2 0 0 1 2 0 0 1 1 1 1 0 2 1 1 1 1 0 2 1 0 2 1 0 1 2 0 1 1 1 0 1 2 1 0 1 1 1 2 1 1 1 1 1 1 2 1 1 1 1 1 2 1 2 1 0 0 0 0 1 2 1 2 1 1 0 1 0 0 1 1 1 1
geno chr19.51217550 fin  0 1 0 2 1 0 2 2 1 2 1 0 1 2 1 0 2 2 1 1 2 0 0 2 2 2 0 0 0 0 2 1 2 1 1 1 0 0 1 2 2 1 1 1 1 0 2 0 1 1 1 1 1 1 0 1 2 0 1 1 1 1 2 0 0 1 1 0 1 0 1 2 1 0 1 1 0 2 0 1 2 2 1 2 1 1 0 1 1
geno chr19.51217550 gbr  2 2 0 2 0 0 0 1 1 1 2 1 1 2 1 0 0 0 0 1 0 2 1 1 1 0 1 1 2 1 1 2 0 2 0 2 0 2 1 1 0 0 1 0 0 2 1 2 1 1 0 1 1 1 1 1 1 2 0 1 1 1 1 1 1 1 1 1 0 0 1 1 1 1 1 2 0 2 1 0 1 1 0 2
geno chr19.51217550 tsi  1 0 1 0 1 1 1 1 0 1 0 1 1 0 0 1 2 0 2 0 1 0 1 1 1 0 2 1 1 0 1 1 0 1 1 1 0 2 1 2 2 1 2 0 1 2 1 1 0 0 1 2 1 2 1 1 0 1 1 1 1 1 0 2 1 1 1 1 1 0 0 0 0 1 0 2 0 2 2 1 0 1 0 1 2 0 2 1 1 1 1 0
geno chr19.51217550 yri  2 0 0 1 1 1 1 0 1 1 1 1 0 2 0 1 0 0 1 0 0 2 0 1 1 0 0 1 1 1 0 1 1 1 0 1 1 2 0 1 0 1 1 1 0 0 2 0 1 1 0 1 2 1 0 1 1 0 1 2 1 0 1 0 1 1 0 1 2 1 2 2 1 2 0 0 1
geno chr19.51217730 ceu  0 0 0 0 0 0 0 0 0 0 0 0 0 0 0 0 0 0 0 0 0 0 0 0 0 0 0 0 0 0 0 0 0 0 0 0 0 0 0 0 0 0 0 0 0 0 0 0 0 0 0 0 0 0 0 0 0 0 0 0 0 0 0 0 0 0 0 0 0 0 0 0 0 0 0 0 0 0
geno chr19.51217730 fin  0 0 0 0 0 0 0 0 0 0 0 0 0 0 0 0 0 0 0 0 0 0 0 0 0 0 0 0 0 0 0 0 0 0 0 0 0 0 0 0 0 0 0 0 0 0 0 0 0 0 0 0 0 0 0 0 0 0 0 0 0 0 0 0 0 0 0 0 0 0 0 0 0 0 0 0 0 0 0 0 0 0 0 0 0 0 0 0 0
geno chr19.51217730 gbr  0 0 0 0 0 0 0 0 0 0 0 0 0 0 0 0 0 0 0 0 0 0 0 0 0 0 0 0 0 0 0 0 0 0 0 0 0 0 0 0 0 0 0 0 0 0 0 0 0 0 0 0 0 0 0 0 0 0 0 0 0 0 0 0 0 0 0 0 0 0 0 0 0 0 0 0 0 0 0 0 0 0 0 0
geno chr19.51217730 tsi  0 0 0 0 0 0 0 0 0 0 0 0 0 0 0 0 0 0 0 0 0 0 0 0 0 0 0 0 0 0 0 0 0 0 0 0 0 0 0 0 0 0 0 0 0 0 0 0 0 1 0 0 0 0 0 0 0 0 0 0 0 0 0 0 0 0 0 0 0 0 0 0 0 0 0 0 0 0 0 0 0 0 0 0 0 0 0 0 0 0 0 0
geno chr19.51217730 yri  0 1 2 1 1 0 1 1 0 0 0 0 1 0 0 0 1 1 1 1 0 0 1 0 0 1 1 1 0 0 1 1 1 0 1 1 1 0 0 1 1 0 1 0 1 0 0 1 0 0 0 0 0 1 2 0 0 2 0 0 1 0 0 1 0 0 1 0 0 0 0 0 0 0 1 2 0
geno chr19.51219057 ceu  0 0 0 0 1 0 0 0 0 1 0 0 0 0 0 0 0 0 0 0 0 0 0 0 0 0 0 0 0 0 0 0 0 0 0 0 0 1 0 0 0 0 0 1 0 0 0 0 0 0 0 0 0 0 0 0 1 0 0 0 0 0 0 0 0 0 0 0 0 0 0 0 0 0 0 0 0 0
geno chr19.51219057 fin  0 0 0 0 0 0 0 0 0 0 0 0 0 0 0 0 1 1 0 0 0 0 0 0 0 0 0 0 0 0 0 0 1 0 0 0 0 0 0 0 0 0 0 0 0 0 1 0 0 0 0 1 0 1 0 0 0 0 0 0 0 0 1 0 0 0 0 0 0 0 0 1 0 0 0 0 0 0 0 0 0 0 0 0 0 0 0 0 0
geno chr19.51219057 gbr  1 1 0 0 0 0 0 0 0 0 0 0 0 0 0 0 0 0 0 0 0 0 1 0 0 0 0 0 0 0 0 0 0 0 0 0 0 0 0 0 0 0 0 0 0 0 0 0 0 0 0 0 0 0 0 1 0 0 0 0 0 0 0 0 0 0 0 0 0 0 0 0 0 0 0 0 0 1 0 0 0 0 0 1
geno chr19.51219057 tsi  1 0 0 0 0 0 0 0 0 1 0 0 0 0 0 0 1 0 0 0 0 0 0 1 0 0 0 1 0 0 0 0 0 0 0 0 0 0 1 0 0 0 1 0 1 0 0 0 0 0 0 0 0 1 1 0 0 0 0 0 0 0 0 0 0 0 0 0 0 0 0 0 0 1 0 0 0 0 1 0 0 0 0 0 0 0 0 0 0 1 0 0
geno chr19.51219057 yri  1 1 0 0 0 1 0 0 1 2 0 1 0 1 0 1 1 0 1 0 2 0 0 1 1 1 0 0 2 1 1 1 1 1 0 1 1 0 0 0 0 1 0 2 0 0 1 0 2 2 2 0 2 1 0 0 1 0 2 0 0 1 0 0 1 0 0 2 0 0 0 1 2 0 1 0 1
geno chr19.51219091 ceu  0 0 0 0 0 0 0 0 0 0 0 0 0 0 0 0 0 0 0 0 0 0 0 0 0 0 0 0 0 0 0 0 0 0 0 0 0 0 0 0 0 0 0 0 0 0 0 0 0 0 0 0 0 0 0 0 0 0 0 0 0 0 0 0 0 0 0 0 0 0 0 0 0 0 0 0 0 0
geno chr19.51219091 fin  0 0 0 0 0 0 0 0 0 0 0 0 0 0 0 0 0 0 0 0 0 0 0 0 0 0 0 0 0 0 0 0 0 0 0 0 0 0 0 0 0 0 0 0 0 0 0 0 0 0 0 0 0 0 0 0 0 0 0 0 0 0 0 0 0 0 0 0 0 0 0 0 0 0 0 0 0 0 0 0 0 0 0 0 0 0 0 0 0
geno chr19.51219091 gbr  0 0 0 0 0 0 0 0 0 0 0 0 0 0 0 0 0 0 0 0 0 0 0 0 0 0 0 0 0 0 0 0 0 0 0 0 0 0 0 0 0 0 0 0 0 0 0 0 0 0 0 0 0 0 0 0 0 0 0 0 0 0 0 0 0 0 0 0 0 0 0 0 0 0 0 0 0 0 0 0 0 0 0 0
geno chr19.51219091 tsi  0 0 0 0 0 0 0 0 0 0 0 0 0 0 0 0 0 0 0 0 0 0 0 0 0 0 0 0 0 0 0 0 0 0 0 0 0 0 0 0 0 0 0 0 0 0 0 0 0 1 0 0 0 0 0 0 0 0 0 0 0 0 0 0 0 0 0 0 0 0 0 0 0 0 0 0 0 0 0 0 0 0 0 0 0 0 0 0 0 0 0 0
geno chr19.51219091 yri  1 1 2 1 1 0 0 2 1 0 1 1 1 0 0 0 1 1 1 2 0 0 1 0 0 1 1 1 0 0 1 1 1 0 1 1 1 0 0 1 1 0 1 0 1 0 0 1 0 0 0 0 0 1 2 0 0 2 0 0 1 0 0 2 0 1 1 0 0 1 0 0 0 0 1 2 0
geno chr19.51219336 ceu  0 0 0 0 0 0 0 0 0 0 0 0 0 0 0 0 0 0 0 0 0 0 0 0 0 0 0 0 0 0 0 0 0 0 0 0 0 0 0 0 0 0 0 0 0 0 0 0 0 0 0 0 0 0 0 0 0 0 0 0 0 0 0 0 0 0 0 0 0 0 0 0 0 0 0 0 0 0
geno chr19.51219336 fin  0 0 0 0 0 0 0 0 0 0 0 0 0 0 0 0 0 0 0 0 0 0 0 0 0 0 0 0 0 0 0 0 0 0 0 0 0 0 0 0 0 0 0 0 0 0 0 0 0 0 0 0 0 0 0 0 0 0 0 0 0 0 0 0 0 0 0 0 0 0 0 0 0 0 0 0 0 0 0 0 0 0 0 0 0 0 0 0 0
geno chr19.51219336 gbr  0 0 0 0 0 0 0 0 0 0 0 0 0 0 0 0 0 0 0 0 0 0 0 0 0 0 0 0 0 0 0 0 0 0 0 0 0 0 0 0 0 0 0 0 0 0 0 0 0 0 0 0 0 0 0 0 0 0 0 0 0 0 0 0 0 0 0 0 0 0 0 0 0 0 0 0 0 0 0 0 0 0 0 0
geno chr19.51219336 tsi  0 0 0 0 0 0 0 0 0 0 0 0 0 0 0 0 0 0 0 0 0 0 0 0 0 0 0 0 0 0 0 0 0 0 0 0 0 0 0 0 0 0 0 0 0 0 0 0 0 1 0 0 0 0 0 0 0 0 0 0 0 0 0 0 0 0 0 0 0 0 0 0 0 0 0 0 0 0 0 0 0 0 0 0 0 0 0 0 0 0 0 0
geno chr19.51219336 yri  1 1 2 1 1 0 0 1 0 0 0 0 1 0 0 0 1 1 1 1 0 0 1 0 0 1 1 1 0 0 2 1 1 0 1 1 1 0 0 1 1 0 1 0 1 0 0 1 0 0 0 0 0 1 2 0 0 2 0 0 1 0 0 1 0 0 1 0 0 0 0 0 0 0 1 2 1
geno chr19.51220937 ceu  0 0 0 1 0 0 0 0 1 0 0 0 0 0 0 0 0 2 0 0 1 1 0 1 0 1 0 0 0 0 0 0 1 1 1 0 0 1 0 0 1 0 0 1 0 0 0 1 1 1 0 1 0 0 0 1 0 0 0 0 0 0 0 0 0 0 0 1 0 0 1 0 0 0 0 0 1 0
geno chr19.51220937 fin  0 0 0 1 0 0 0 2 0 2 1 0 1 1 0 0 0 1 1 0 0 0 0 0 1 0 0 0 0 0 1 0 0 0 0 1 0 0 0 0 1 0 0 0 0 0 0 0 0 1 0 0 1 0 0 0 0 0 1 0 0 0 1 0 0 0 0 0 1 0 0 0 0 0 0 1 0 0 0 0 1 1 0 1 0 0 0 0 0
geno chr19.51220937 gbr  0 0 0 0 0 0 0 1 2 0 2 1 0 0 0 0 0 0 0 0 0 1 0 0 0 0 1 1 2 0 0 0 0 1 0 1 0 1 0 0 0 0 0 0 0 1 0 1 1 0 0 0 0 0 0 0 0 1 0 0 0 0 0 0 0 0 0 0 0 0 0 0 0 1 0 1 0 0 0 0 0 1 1 0
geno chr19.51220937 tsi  0 0 1 0 1 1 1 1 1 0 0 1 1 0 0 0 0 0 0 1 0 0 0 0 0 1 0 0 0 0 0 0 0 0 0 1 0 2 0 0 1 1 0 0 1 1 1 1 0 0 1 0 0 0 0 0 0 0 0 0 0 0 1 2 0 0 1 0 0 0 0 0 0 0 0 0 0 1 0 0 0 1 0 0 1 0 0 1 1 0 0 0
geno chr19.51220937 yri  0 0 0 0 0 0 0 0 0 0 0 0 0 0 0 0 0 0 0 0 0 0 0 0 0 0 0 0 0 0 0 0 0 0 0 0 0 0 0 0 0 0 0 0 0 0 0 0 0 0 0 0 0 0 0 0 0 0 0 0 0 0 0 0 0 0 0 0 0 0 0 0 0 0 0 0 0
geno chr19.51220996 ceu  0 0 0 0 0 0 0 1 0 0 0 0 0 1 0 0 0 0 0 1 0 0 0 0 0 0 0 0 0 1 0 1 0 0 0 0 0 0 0 0 0 0 0 0 0 0 0 0 0 0 0 0 0 0 0 0 0 0 0 0 0 1 0 1 0 0 0 1 0 0 0 0 0 0 0 0 0 0
geno chr19.51220996 fin  0 1 0 0 0 0 0 0 0 0 0 0 0 0 1 0 0 0 0 0 0 0 0 1 0 0 0 0 0 0 0 0 0 0 0 0 0 0 0 0 1 0 1 0 0 0 0 0 0 0 0 0 0 0 0 0 0 0 1 0 0 0 0 0 0 0 0 0 0 0 0 0 0 0 1 0 0 1 0 0 0 0 0 0 0 0 0 0 0
geno chr19.51220996 gbr  0 0 0 1 0 0 0 0 0 1 0 0 1 0 0 0 0 0 1 0 0 0 0 0 0 0 0 0 0 1 0 0 0 0 0 0 0 0 0 0 0 0 0 0 0 0 0 1 0 0 0 0 0 0 0 0 0 0 0 0 0 0 1 0 1 1 0 0 0 0 1 0 0 0 0 0 0 0 0 0 0 0 0 0
geno chr19.51220996 tsi  0 0 0 0 0 0 0 0 0 0 0 0 0 0 1 0 1 0 1 0 0 0 0 0 1 0 1 1 0 0 0 0 0 0 0 0 0 0 0 0 0 0 0 0 0 1 0 0 0 1 0 0 0 0 0 0 0 0 0 1 0 0 1 0 0 0 0 0 0 0 0 0 0 0 0 0 0 0 1 1 0 0 0 0 0 0 1 0 0 0 0 0
geno chr19.51220996 yri  1 1 2 2 1 0 1 1 1 0 1 1 1 1 0 0 1 1 1 2 0 2 1 0 1 1 2 1 0 0 1 1 1 0 1 1 1 2 0 1 1 0 1 0 1 0 1 1 0 0 0 0 0 1 2 1 1 2 0 1 2 0 1 2 1 0 1 0 1 1 1 0 0 0 1 2 1
geno chr19.51221300 ceu  0 0 1 0 0 1 1 0 0 0 1 0 1 0 0 1 1 0 0 0 1 1 2 0 1 0 0 1 1 0 0 1 1 0 0 1 0 0 1 0 0 0 0 0 0 0 0 1 1 0 0 1 1 1 1 1 0 0 0 0 1 0 1 0 0 0 0 0 0 0 0 0 1 0 1 1 0 1
geno chr19.51221300 fin  0 0 1 0 0 1 0 0 0 0 0 0 0 0 1 0 0 0 0 1 0 1 1 0 0 0 0 0 1 0 0 0 0 0 0 0 0 1 0 1 0 0 0 1 1 0 0 0 0 0 0 0 0 1 1 0 0 1 0 0 0 0 0 0 1 0 1 0 0 0 0 0 0 0 0 0 0 0 0 0 0 1 1 0 0 0 0 0 1
geno chr19.51221300 gbr  0 0 0 0 0 0 0 0 0 0 0 0 1 0 1 1 2 0 0 0 0 0 0 0 0 0 0 0 0 0 1 0 2 0 2 0 1 0 0 0 0 0 1 1 1 0 0 0 0 0 0 0 0 0 1 0 0 0 0 1 0 0 0 0 0 1 1 1 1 1 0 1 0 0 1 0 0 0 0 0 0 0 0 0
geno chr19.51221300 tsi  1 0 0 0 0 0 0 0 0 0 0 0 1 1 1 1 0 0 0 0 0 2 0 0 0 1 0 0 1 0 0 0 1 1 1 0 2 0 1 0 0 0 0 1 0 0 1 0 0 1 0 0 0 0 1 1 0 0 1 0 0 0 0 0 0 0 1 0 0 1 1 1 2 0 1 0 0 0 0 0 1 0 0 0 0 0 0 0 0 0 1 2
geno chr19.51221300 yri  1 1 2 1 2 0 0 2 1 0 1 1 1 0 1 1 1 1 1 2 0 0 2 0 0 1 1 1 0 0 1 1 1 0 1 1 1 0 1 1 2 0 2 0 2 1 0 2 0 0 0 1 0 1 2 1 0 2 0 0 1 0 0 2 0 2 2 0 0 1 1 0 0 0 1 2 0
geno chr19.51223313 ceu  1 1 2 1 0 0 1 1 1 1 2 0 1 1 2 2 1 2 0 1 2 2 2 1 2 0 1 2 1 1 0 1 2 0 1 1 0 1 1 0 1 0 1 1 1 0 1 2 2 1 2 2 1 2 1 2 1 0 1 0 1 0 2 0 0 1 0 2 1 1 1 0 2 0 2 2 1 1
geno chr19.51223313 fin  0 1 1 1 1 0 1 2 1 2 1 0 1 2 0 1 0 1 1 1 0 1 0 2 2 1 0 0 0 1 2 0 0 1 0 1 0 0 0 0 2 0 2 2 0 0 0 0 0 1 0 1 2 0 1 1 1 1 1 1 1 0 1 0 2 1 1 0 1 0 0 1 0 0 1 1 1 1 0 1 1 1 1 2 2 0 0 0 2
geno chr19.51223313 gbr  1 1 1 1 0 0 0 1 2 1 2 2 2 2 2 1 2 0 0 0 0 1 0 0 0 0 1 1 2 1 1 1 2 1 1 2 1 2 1 1 0 0 1 0 1 1 1 2 1 0 0 1 1 2 1 0 1 2 1 1 1 0 1 0 0 2 1 2 1 0 1 2 1 1 1 1 1 1 1 0 1 1 1 1
geno chr19.51223313 tsi  1 0 1 0 2 1 1 1 2 0 1 0 2 1 2 2 1 0 1 1 1 2 1 0 1 2 1 0 2 0 0 1 1 1 2 1 2 2 1 0 2 1 1 0 1 2 2 1 0 1 1 0 0 1 1 0 0 0 2 1 2 0 2 1 1 1 2 0 1 2 1 1 2 0 1 0 0 1 1 0 1 1 0 0 1 0 1 1 2 0 1 1
geno chr19.51223313 yri  2 2 2 2 2 2 2 2 2 1 1 1 2 1 2 1 2 1 2 2 2 2 2 0 2 2 2 1 1 1 2 2 2 1 1 2 2 2 1 1 1 0 1 1 2 1 1 1 1 1 2 1 1 1 2 2 2 2 1 1 2 2 1 1 2 2 2 1 1 2 2 1 1 0 2 2 2
geno chr19.51223320 ceu  1 1 2 1 1 0 1 1 1 2 2 0 2 1 1 2 1 2 0 1 2 2 2 2 2 0 2 1 1 1 1 1 2 0 1 1 0 2 1 0 1 0 1 2 2 1 1 2 2 1 1 2 1 2 2 2 1 0 2 0 1 0 2 0 0 2 1 2 1 1 1 0 2 0 2 1 1 2
geno chr19.51223320 fin  0 1 1 1 1 0 2 2 1 2 1 0 1 2 1 1 1 2 1 1 1 1 1 2 2 2 0 0 0 1 1 1 2 1 1 1 0 0 0 0 2 1 2 2 0 0 1 0 0 1 1 2 2 1 1 1 1 1 1 1 1 1 2 0 2 1 2 0 1 0 0 1 0 0 1 1 1 2 0 1 2 1 0 2 2 0 0 0 2
geno chr19.51223320 gbr  2 2 1 1 0 0 0 1 2 1 2 2 2 2 2 1 2 0 0 0 0 1 1 0 0 0 1 1 2 2 1 2 2 2 1 2 1 2 1 1 0 0 0 1 1 1 1 2 1 0 0 2 1 2 2 1 1 2 1 1 1 1 1 0 0 2 1 2 1 0 0 2 1 1 1 0 1 2 1 0 1 1 1 2
geno chr19.51223320 tsi  2 0 1 0 2 1 1 2 2 1 1 0 2 1 2 2 2 0 2 1 1 2 1 1 1 2 2 1 2 0 0 0 1 2 2 1 2 2 1 1 2 0 2 0 2 0 2 1 0 1 1 1 1 2 1 0 0 1 2 1 2 0 2 1 1 0 2 0 1 2 1 1 2 1 1 0 0 2 2 0 1 1 0 1 1 0 1 1 2 1 2 1
geno chr19.51223320 yri  2 2 2 2 2 2 2 2 1 2 0 2 2 1 2 2 2 1 2 2 2 2 2 1 1 2 2 1 1 2 2 1 1 2 1 2 2 2 2 1 2 1 2 1 2 2 2 2 2 1 2 1 0 2 2 2 1 2 2 1 2 2 1 2 2 1 2 2 1 2 1 1 2 0 2 2 2
geno chr19.51223448 ceu  0 0 0 0 0 0 0 0 0 0 0 0 0 0 0 0 0 0 0 0 0 0 0 0 0 0 0 0 0 0 0 0 0 0 0 0 0 0 0 0 0 0 0 0 0 0 0 0 0 0 0 0 0 0 0 0 0 0 0 0 0 0 0 0 0 0 0 0 0 0 0 0 0 0 0 0 0 0
geno chr19.51223448 fin  0 0 0 0 0 0 0 0 0 0 0 0 0 0 0 0 0 0 0 0 0 0 0 0 0 0 0 0 0 0 0 0 0 0 0 0 0 0 0 0 0 0 0 0 0 0 0 0 0 0 0 0 0 0 0 0 0 0 0 0 0 0 0 0 0 0 0 0 0 0 0 0 0 0 0 0 0 0 0 0 0 0 0 0 0 0 0 0 0
geno chr19.51223448 gbr  0 0 0 0 0 0 0 0 0 0 0 0 0 0 0 0 0 0 0 0 0 0 0 0 0 0 0 0 0 0 0 0 0 0 0 0 0 0 0 0 0 0 0 0 0 0 0 0 0 0 0 0 0 0 0 0 0 0 0 0 0 0 0 0 0 0 0 0 0 0 0 0 0 0 0 0 0 0 0 0 0 0 0 0
geno chr19.51223448 tsi  0 0 0 0 0 0 0 0 0 0 0 0 0 0 0 0 0 0 0 0 0 0 0 0 0 0 0 0 0 0 0 0 0 0 0 0 0 0 0 0 0 0 0 0 0 0 0 0 0 1 0 0 0 0 0 0 0 0 0 0 0 0 0 0 0 0 0 0 0 0 0 0 0 0 0 0 0 0 0 0 0 0 0 0 0 0 0 0 0 0 0 0
geno chr19.51223448 yri  1 1 2 1 1 0 0 1 1 0 1 1 1 0 0 0 1 1 1 2 0 0 1 0 0 1 1 1 0 0 1 0 1 0 1 1 1 0 0 1 1 0 1 0 1 0 0 1 0 1 0 0 0 1 2 0 0 1 0 0 1 0 0 1 0 0 1 0 0 0 0 0 0 0 1 2 0
geno chr19.51224297 ceu  1 2 1 1 1 1 0 1 1 2 1 0 1 1 2 1 0 2 1 1 1 1 0 2 1 1 2 1 0 1 2 1 1 1 1 0 1 2 1 0 1 1 1 2 2 1 1 1 1 1 2 1 0 1 1 1 2 0 2 0 0 1 1 1 1 2 1 2 1 1 1 1 1 0 1 1 1 1
geno chr19.51224297 fin  0 1 0 2 1 0 2 2 2 2 1 0 1 2 1 1 2 2 1 0 2 0 0 2 2 2 0 0 0 1 2 1 2 1 1 2 1 0 1 1 2 1 2 1 0 0 2 0 1 1 1 2 2 1 0 1 2 0 2 1 1 1 2 1 1 1 1 0 1 0 1 2 1 1 1 1 1 2 0 1 2 1 1 2 2 1 0 1 1
geno chr19.51224297 gbr  2 2 1 2 0 0 0 1 2 1 2 2 1 2 1 0 0 0 1 1 0 2 1 1 1 0 1 1 2 2 1 2 0 2 0 2 0 2 1 1 0 0 1 0 0 2 1 2 1 1 0 2 1 2 1 1 2 2 1 1 1 2 1 1 1 1 1 1 0 0 1 1 1 1 1 2 1 2 1 0 1 1 1 2
geno chr19.51224297 tsi  1 0 1 0 2 1 1 2 2 1 1 1 1 0 1 1 2 0 2 1 1 0 1 1 1 1 2 2 1 0 1 1 0 1 1 1 0 2 0 2 2 1 2 0 2 2 1 1 0 0 1 2 1 2 0 1 0 1 1 1 1 0 2 2 1 1 1 1 1 1 0 0 0 1 0 2 0 2 2 0 0 1 0 1 2 0 2 1 2 1 1 0
geno chr19.51224297 yri  1 1 0 1 0 2 1 0 1 2 1 1 1 2 1 1 1 0 1 0 2 2 0 1 2 1 1 1 2 2 1 1 1 2 0 1 1 2 1 1 0 1 0 2 0 1 2 0 2 1 2 1 2 1 0 1 2 0 2 2 1 2 1 1 2 0 0 2 2 1 1 2 2 2 1 0 2
geno chr19.51224349 ceu  0 0 0 0 0 0 0 0 0 0 0 0 0 0 0 0 0 0 0 0 0 0 0 0 0 1 1 0 0 0 0 0 0 0 0 0 0 0 0 0 0 0 0 0 0 0 0 0 0 0 0 0 0 0 0 0 0 0 0 0 0 0 0 0 0 0 0 0 0 0 0 0 0 0 0 0 0 0
geno chr19.51224349 fin  0 0 0 0 0 0 1 0 0 0 0 0 0 0 0 1 0 0 0 0 0 0 0 0 0 0 0 0 0 0 0 0 0 0 0 0 0 0 0 0 0 0 0 0 0 0 0 0 0 0 0 0 0 0 0 0 0 0 0 0 0 0 0 0 0 1 0 0 0 1 1 1 1 0 1 1 0 0 0 0 0 0 0 0 1 0 0 0 1
geno chr19.51224349 gbr  0 0 0 0 1 0 1 0 0 0 0 0 0 0 0 0 0 0 0 0 0 0 0 0 0 0 0 0 0 0 0 0 1 0 0 0 0 0 1 1 0 0 0 0 0 0 0 0 0 0 0 0 0 0 0 1 0 0 0 0 0 0 0 0 0 0 0 0 0 0 0 0 0 0 0 0 0 0 0 0 0 0 0 0
geno chr19.51224349 tsi  0 0 0 0 0 1 0 0 0 0 0 0 0 0 0 0 0 0 1 0 0 0 0 1 0 0 0 0 0 0 0 0 0 0 0 0 0 0 0 0 0 0 0 0 0 0 0 0 0 0 0 0 0 0 0 0 0 0 0 0 0 0 0 0 0 0 0 0 0 0 0 0 0 0 0 0 0 0 0 0 0 0 0 0 0 0 0 0 0 0 0 0
geno chr19.51224349 yri  0 0 0 0 0 0 0 0 0 0 0 0 0 0 0 0 0 0 0 0 0 0 0 0 0 0 0 0 0 0 0 1 0 0 0 0 0 0 0 0 1 0 0 0 0 0 0 0 0 1 0 0 0 0 0 0 0 1 1 0 0 0 0 0 0 0 0 0 0 0 0 0 0 0 0 0 0
geno chr19.51225544 ceu  1 2 2 1 1 1 1 1 1 2 2 0 2 1 2 2 1 2 1 1 2 2 2 2 2 1 2 2 1 1 2 1 2 1 1 1 1 2 2 0 1 1 1 2 2 1 1 2 2 1 2 2 1 2 2 2 2 0 2 0 1 1 2 1 1 2 1 2 1 1 1 1 2 0 2 2 1 2
geno chr19.51225544 fin  0 1 1 2 1 0 2 2 2 2 1 0 1 2 1 2 2 2 1 1 2 1 1 2 2 2 0 0 0 1 2 1 2 1 1 2 1 0 1 1 2 1 2 2 0 0 2 0 1 1 1 2 2 1 1 1 2 1 2 1 1 1 2 1 2 1 2 0 1 0 1 2 1 1 1 1 1 2 0 1 2 1 1 2 2 1 0 1 2
geno chr19.51225544 gbr  2 2 1 2 0 0 0 1 2 1 2 2 2 2 2 1 2 0 1 1 0 2 1 1 1 0 1 1 2 2 2 2 2 2 1 2 1 2 1 1 0 0 1 1 1 2 1 2 1 1 0 2 1 2 2 1 2 2 1 2 1 2 1 1 1 2 2 2 1 0 1 2 1 1 2 2 1 2 1 0 1 1 1 2
geno chr19.51225544 tsi  2 0 1 0 2 1 1 2 2 1 1 1 2 1 2 2 2 0 2 1 1 2 1 1 1 2 2 2 2 0 1 1 1 2 2 1 2 2 1 2 2 1 2 0 2 2 2 1 0 1 1 2 1 2 1 1 0 1 2 1 2 1 2 2 1 1 2 1 1 2 1 1 2 1 1 2 0 2 2 0 1 1 0 1 2 0 2 1 2 1 2 1
geno chr19.51225544 yri  2 2 2 2 2 2 2 2 2 2 2 2 2 2 2 2 2 1 2 2 2 2 2 1 2 2 2 2 2 2 2 2 2 2 1 2 2 2 2 2 2 1 2 2 2 2 2 2 2 2 2 2 2 2 2 2 2 2 2 2 2 2 1 2 2 2 2 2 2 2 2 2 2 2 2 2 2
geno chr19.51226244 ceu  1 2 1 1 1 1 0 1 1 2 1 0 1 1 2 1 0 2 1 1 1 1 0 2 1 1 2 1 0 1 2 1 1 1 1 0 1 2 1 0 1 1 1 2 2 1 1 1 1 1 2 1 0 1 1 1 2 0 2 0 0 1 1 1 1 2 1 2 1 1 1 1 1 0 1 1 1 1
geno chr19.51226244 fin  0 1 0 2 1 0 2 2 2 2 1 0 1 2 1 1 2 2 1 0 2 0 0 2 2 2 0 0 0 1 2 1 2 1 1 2 1 0 1 1 2 1 2 1 0 0 2 0 1 1 1 2 2 1 0 1 2 0 2 1 1 1 2 1 1 1 1 0 1 0 1 2 1 1 1 1 1 2 0 1 2 1 1 2 2 1 0 1 1
geno chr19.51226244 gbr  2 2 1 2 0 0 0 1 2 1 2 2 1 2 1 0 0 0 1 1 0 2 1 1 1 0 1 1 2 2 1 2 0 2 0 2 0 2 1 1 0 0 1 0 0 2 1 2 1 1 0 2 1 2 1 1 2 2 1 1 1 2 1 1 1 1 1 1 0 0 1 1 1 1 1 2 1 2 1 0 1 1 1 2
geno chr19.51226244 tsi  1 0 1 0 2 1 1 2 2 1 1 1 1 0 1 1 2 0 2 1 1 0 1 1 1 1 2 2 1 0 1 1 0 1 1 1 0 2 0 2 2 1 2 0 2 2 1 1 0 0 1 2 1 2 0 1 0 1 1 1 1 0 2 2 1 1 1 1 1 1 0 0 0 1 0 2 0 2 2 0 0 1 0 1 2 0 2 1 2 1 1 0
geno chr19.51226244 yri  1 1 0 1 0 2 1 0 1 2 1 1 1 2 1 1 1 0 1 0 2 2 0 1 2 1 1 1 2 2 1 1 1 2 0 1 1 2 1 1 0 1 0 2 0 1 2 0 2 1 2 1 2 1 0 1 2 0 2 2 1 2 1 1 2 0 0 2 2 1 1 2 2 2 1 0 2
geno chr19.51226590 ceu  1 2 0 0 0 1 0 0 1 1 0 0 0 0 1 1 0 0 0 0 0 1 0 1 0 0 1 1 0 0 2 0 0 0 0 0 1 0 1 0 0 1 0 0 1 1 0 0 0 0 1 0 0 0 1 0 1 0 2 0 0 0 0 0 1 2 1 0 0 0 0 1 0 0 0 1 0 1
geno chr19.51226590 fin  0 0 0 2 0 0 1 0 0 0 0 0 0 0 0 0 1 0 0 0 2 0 0 1 1 2 0 0 0 0 1 1 1 0 1 0 0 0 1 1 0 1 0 1 0 0 1 0 1 0 1 0 1 0 0 0 2 0 1 1 1 1 0 0 0 1 1 0 0 0 1 1 1 0 0 1 0 1 0 1 1 0 1 1 1 1 0 1 1
geno chr19.51226590 gbr  1 1 0 1 0 0 0 0 0 0 1 1 0 2 1 0 0 0 0 1 0 1 0 0 1 0 0 0 0 1 1 2 0 1 0 0 0 1 1 1 0 0 1 0 0 1 1 0 1 1 0 1 0 1 1 0 1 0 0 1 0 0 0 1 0 0 1 0 0 0 0 1 1 0 1 1 0 1 1 0 1 0 0 1
geno chr19.51226590 tsi  0 0 0 0 1 0 0 0 0 0 0 1 0 0 0 1 0 0 1 0 1 0 0 0 0 0 1 0 0 0 1 1 0 1 0 0 0 0 0 1 0 0 1 0 0 0 0 0 0 0 0 2 1 1 0 1 0 1 1 0 1 0 0 0 1 1 1 1 1 0 0 0 0 0 0 2 0 1 0 0 0 0 0 1 2 0 1 1 1 0 1 0
geno chr19.51226590 yri  0 0 0 0 0 0 0 0 0 0 0 0 0 0 0 0 0 0 0 0 0 0 0 0 0 0 0 0 0 0 0 0 0 0 0 0 0 0 0 0 0 0 0 0 0 0 0 0 0 0 0 0 0 0 0 0 0 0 0 0 0 0 0 0 0 0 0 0 0 0 0 0 0 0 0 0 0
geno chr19.51227977 ceu  0 0 1 0 0 0 1 0 0 0 1 0 1 0 0 1 1 0 0 0 1 1 2 0 1 0 0 1 1 0 0 0 1 0 0 1 0 0 1 0 0 0 0 0 0 0 0 1 1 0 0 1 1 1 1 1 0 0 0 0 1 0 1 0 0 0 0 0 0 0 0 0 1 0 1 1 0 1
geno chr19.51227977 fin  0 0 1 0 0 0 0 0 0 0 0 0 0 0 0 1 0 0 0 1 0 1 1 0 0 0 0 0 0 0 0 0 0 0 0 0 0 0 0 0 0 0 0 1 0 0 0 0 0 0 0 0 0 0 1 0 0 1 0 0 0 0 0 0 1 0 1 0 0 0 0 0 0 0 0 0 0 0 0 0 0 0 0 0 0 0 0 0 1
geno chr19.51227977 gbr  0 0 0 0 0 0 0 0 0 0 0 0 1 0 1 1 2 0 0 0 0 0 0 0 0 0 0 0 0 0 1 0 2 0 1 0 1 0 0 0 0 0 0 1 1 0 0 0 0 0 0 0 0 0 1 0 0 0 0 1 0 0 0 0 0 1 1 1 1 0 0 1 0 0 1 0 0 0 0 0 0 0 0 0
geno chr19.51227977 tsi  1 0 0 0 0 0 0 0 0 0 0 0 1 1 1 1 0 0 0 0 0 2 0 0 0 1 0 0 1 0 0 0 1 1 1 0 2 0 1 0 0 0 0 0 0 0 1 0 0 0 1 0 0 0 1 0 0 0 1 0 1 0 0 0 0 0 1 0 0 1 1 1 2 0 1 0 0 0 0 0 1 1 0 0 0 0 0 0 0 0 1 1
geno chr19.51227977 yri  0 0 0 0 1 0 0 0 0 0 0 0 0 0 0 0 0 0 0 0 0 0 0 0 0 0 0 0 0 0 0 0 0 0 0 0 0 0 0 0 0 0 0 0 0 0 0 0 0 0 0 0 0 0 0 0 0 0 0 0 0 0 0 0 0 1 0 0 0 0 1 0 0 0 0 0 0
geno chr19.51228634 ceu  1 2 0 0 1 1 0 0 1 2 0 0 0 0 1 1 0 0 0 0 0 1 0 1 0 0 2 1 0 0 2 0 0 0 0 0 1 0 1 0 0 1 0 1 1 1 1 0 0 0 2 0 0 0 1 0 2 0 2 0 0 0 0 0 1 2 1 0 0 0 0 1 0 0 0 1 0 1
geno chr19.51228634 fin  0 0 0 2 0 0 2 0 1 0 0 0 0 1 0 0 2 1 0 0 2 0 0 1 1 2 0 0 0 0 1 1 2 1 1 0 1 0 1 1 0 1 0 1 0 0 2 0 1 0 1 1 1 1 0 1 2 0 1 1 1 1 1 1 0 1 1 0 0 0 1 2 1 0 0 1 0 1 0 1 1 0 1 1 1 1 0 1 1
geno chr19.51228634 gbr  2 2 0 1 0 0 0 0 0 0 1 1 0 2 1 0 0 0 0 1 0 1 1 0 1 0 0 0 0 1 1 2 0 1 0 0 0 1 1 1 0 0 1 0 0 1 1 0 1 1 0 1 0 1 1 1 1 1 0 1 1 0 0 1 0 0 1 1 0 0 0 1 1 0 1 1 0 2 1 0 1 0 0 2
geno chr19.51228634 tsi  1 0 0 0 1 0 0 1 0 1 0 1 0 0 0 1 0 0 1 0 1 0 1 1 0 0 1 1 0 0 1 1 0 1 1 0 0 0 0 1 0 0 2 0 1 0 0 0 0 0 0 2 1 2 0 1 0 1 1 0 1 0 0 0 1 1 1 1 1 0 0 0 0 1 0 2 0 1 1 0 0 0 0 1 2 0 1 1 1 1 1 0
geno chr19.51228634 yri  1 0 0 0 0 1 0 0 1 0 0 0 0 1 0 0 0 0 1 0 0 0 0 0 0 0 0 0 1 1 0 1 1 1 0 1 1 0 0 0 0 1 0 1 0 0 1 0 1 1 0 0 2 1 0 0 0 0 1 0 0 0 0 0 0 0 0 1 0 0 0 1 0 0 0 0 0
geno chr19.51228746 ceu  0 0 0 1 0 0 0 1 0 0 1 0 1 1 1 0 0 2 1 1 1 0 0 1 1 1 0 0 0 1 0 1 1 1 1 0 0 1 0 0 1 0 1 1 1 0 0 1 1 1 0 1 0 1 0 1 0 0 0 0 0 1 0 1 0 0 0 2 1 1 1 0 1 0 1 0 1 0
geno chr19.51228746 fin  0 1 0 0 1 0 0 2 1 2 1 0 1 1 1 1 0 1 1 0 0 0 0 1 1 0 0 0 0 0 1 0 0 0 0 2 0 0 0 0 2 0 1 0 0 0 0 0 0 1 0 1 0 0 0 0 0 0 1 0 0 0 1 0 0 0 0 0 1 0 0 0 0 1 1 0 0 1 0 0 1 1 0 1 0 0 0 0 0
geno chr19.51228746 gbr  0 0 0 1 0 0 0 1 2 1 1 1 1 0 0 0 0 0 1 0 0 1 0 0 0 0 1 1 2 1 0 0 0 1 0 2 0 1 0 0 0 0 0 0 0 1 0 2 0 0 0 1 0 1 0 0 0 1 0 0 0 2 1 0 1 1 0 0 0 0 1 0 0 1 0 1 1 0 0 0 0 1 1 0
geno chr19.51228746 tsi  0 0 1 0 1 1 1 1 1 0 0 0 0 0 1 0 1 0 1 1 0 0 0 0 1 1 1 1 1 0 0 0 0 0 0 1 0 2 0 1 2 1 0 0 1 2 1 1 0 0 1 0 0 0 0 0 0 0 0 1 0 0 2 2 0 0 0 0 0 0 0 0 0 0 0 0 0 1 1 0 0 1 0 0 0 0 1 0 1 0 0 0
geno chr19.51228746 yri  0 0 0 1 0 0 1 0 0 0 0 0 0 1 0 0 0 0 0 0 0 2 0 0 1 0 1 0 0 1 0 0 0 1 0 0 0 2 1 0 0 0 0 0 0 0 1 0 0 0 0 0 0 0 0 1 1 0 0 1 1 1 1 0 1 0 0 0 1 1 1 0 0 0 0 0 1
geno chr19.51228802 ceu  2 2 2 1 1 2 2 1 1 2 2 0 2 2 2 2 2 2 1 2 2 2 2 2 2 1 2 2 1 1 2 2 2 1 1 1 1 2 2 1 1 1 1 2 2 1 1 2 2 1 2 2 1 2 2 2 2 0 2 0 1 1 2 1 1 2 1 2 1 1 2 1 2 0 2 2 1 2
geno chr19.51228802 fin  0 1 1 2 1 0 2 2 2 2 1 0 1 2 2 2 2 2 1 2 2 1 1 2 2 2 0 0 1 1 2 1 2 1 1 2 1 1 1 2 2 1 2 2 1 0 2 0 1 1 1 2 2 2 1 1 2 1 2 1 1 1 2 1 2 1 2 0 1 1 1 2 1 1 1 1 1 2 1 1 2 2 1 2 2 1 0 1 2
geno chr19.51228802 gbr  2 2 1 2 0 0 1 1 2 1 2 2 2 2 2 1 2 0 2 1 0 2 1 0 1 0 1 1 2 2 2 2 2 2 2 2 1 2 1 2 0 0 2 1 1 2 1 2 1 1 0 2 1 2 2 1 2 2 1 2 2 2 1 1 1 2 2 2 1 1 1 2 1 1 2 2 1 2 1 0 1 1 1 2
geno chr19.51228802 tsi  2 0 1 0 2 1 1 2 2 1 1 1 2 1 2 2 2 0 2 1 1 2 2 1 1 2 2 2 2 0 1 1 1 2 2 1 2 2 1 2 2 1 2 1 2 2 2 1 0 1 2 2 1 2 1 2 0 1 2 1 2 0 2 2 1 1 2 1 1 2 1 1 2 1 1 2 1 2 2 0 1 2 0 1 2 0 2 1 2 1 2 2
geno chr19.51228802 yri  2 2 2 2 2 1 2 2 1 2 1 1 1 2 1 2 2 2 2 1 2 2 1 2 2 2 2 2 2 2 1 2 2 2 2 2 2 2 2 2 2 1 2 2 2 1 2 2 2 2 2 2 2 2 2 1 2 2 2 2 2 2 2 2 2 2 2 2 2 2 2 2 2 2 2 2 1
geno chr19.51229496 ceu  2 2 1 1 1 2 1 1 1 2 1 0 1 2 2 1 1 2 1 2 1 1 0 2 1 1 2 1 0 1 2 2 1 1 1 0 1 2 1 1 1 1 1 2 2 1 1 1 1 1 2 1 0 1 1 1 2 0 2 0 0 1 1 1 1 2 1 2 1 1 2 1 1 0 1 1 1 1
geno chr19.51229496 fin  0 1 0 2 1 0 2 2 2 2 1 0 1 2 2 1 2 2 1 1 2 0 0 2 2 2 0 0 1 1 2 1 2 1 1 2 1 1 1 2 2 1 2 1 1 0 2 0 1 1 1 2 2 2 0 1 2 0 2 1 1 1 2 1 1 1 1 0 1 1 1 1 1 1 1 1 1 2 1 1 2 2 1 2 2 1 0 1 1
geno chr19.51229496 gbr  2 2 1 2 0 0 1 1 2 1 2 2 1 2 1 0 0 0 2 1 0 2 1 0 1 0 1 1 2 2 1 2 0 2 1 2 0 2 1 2 0 0 2 0 0 2 1 2 1 1 0 2 1 2 1 1 2 2 1 1 2 2 1 1 1 1 1 1 0 1 1 1 1 1 1 2 1 2 1 0 1 1 1 2
geno chr19.51229496 tsi  1 0 1 0 2 1 1 2 2 1 1 1 0 0 1 1 2 0 2 1 1 0 2 1 1 1 2 2 1 0 1 1 0 1 1 1 0 2 0 2 2 1 2 1 2 2 1 1 0 0 1 2 1 2 0 2 0 1 1 1 1 1 2 2 1 1 1 1 1 1 0 0 0 1 0 2 1 2 2 0 0 1 0 1 2 0 2 1 2 1 1 1
geno chr19.51229496 yri  1 1 0 1 0 2 1 1 1 2 1 1 1 2 2 2 1 0 1 0 2 2 0 1 2 1 1 1 2 2 1 1 1 2 0 1 1 2 1 1 0 1 0 2 1 1 2 0 2 1 2 2 2 1 0 1 2 0 2 2 1 2 1 1 2 1 1 2 2 2 1 2 2 2 1 0 2
geno chr19.51229655 ceu  0 0 1 0 0 0 1 0 0 0 1 0 1 0 0 1 1 0 0 0 1 1 2 0 1 0 0 1 1 0 0 0 1 0 0 1 0 0 1 0 0 0 0 0 0 0 0 1 1 0 0 1 1 1 1 1 0 0 0 0 1 0 1 0 0 0 0 0 0 0 0 0 1 0 1 1 0 1
geno chr19.51229655 fin  0 0 1 0 0 0 0 0 0 0 0 0 0 0 0 1 0 0 0 1 0 1 1 0 0 0 0 0 0 0 0 0 0 0 0 0 0 0 0 0 0 0 0 1 0 0 0 0 0 0 0 0 0 0 1 0 0 1 0 0 0 0 0 0 1 0 1 0 0 0 0 0 0 0 0 0 0 0 0 0 0 0 0 0 0 0 0 0 1
geno chr19.51229655 gbr  0 0 0 0 0 0 0 0 0 0 0 0 1 0 1 1 2 0 0 0 0 0 0 0 0 0 0 0 0 0 1 0 2 0 1 0 1 0 0 0 0 0 0 1 1 0 0 0 0 0 0 0 0 0 1 0 0 0 0 1 0 0 0 0 0 1 1 1 1 0 0 1 0 0 1 0 0 0 0 0 0 0 0 0
geno chr19.51229655 tsi  1 0 0 0 0 0 0 0 0 0 0 0 2 1 1 1 0 0 0 0 0 2 0 0 0 1 0 0 1 0 0 0 1 1 1 0 2 0 1 0 0 0 0 0 0 0 1 0 0 0 1 0 0 0 1 0 0 0 1 0 1 0 0 0 0 0 1 0 0 1 1 1 2 0 1 0 0 0 0 0 1 1 0 0 0 0 0 0 0 0 1 1
geno chr19.51229655 yri  0 0 0 0 1 0 0 0 0 0 0 0 0 0 0 0 0 0 0 0 0 0 0 0 0 0 0 0 0 0 0 0 0 0 0 0 0 0 0 0 0 0 0 0 0 0 0 0 0 0 0 0 0 0 0 0 0 0 0 0 0 0 0 0 0 1 0 0 0 0 1 0 0 0 0 0 0
geno chr19.51229664 ceu  0 0 1 0 0 0 1 0 0 0 1 0 1 0 0 1 1 0 0 0 1 1 2 0 1 0 0 1 1 0 0 0 1 0 0 1 0 0 1 0 0 0 0 0 0 1 0 1 1 0 0 1 1 1 1 1 0 0 0 0 1 0 1 0 0 0 0 0 0 0 0 0 1 0 1 1 0 1
geno chr19.51229664 fin  0 0 1 0 0 0 0 0 0 0 0 0 0 0 0 1 0 0 0 1 0 1 1 0 0 0 0 0 0 0 0 0 0 0 0 0 0 0 0 0 0 0 0 1 0 0 0 0 0 0 0 0 0 0 1 0 0 1 0 0 0 0 0 0 1 0 1 0 0 0 0 0 0 0 0 0 0 0 0 0 0 1 0 0 0 0 0 0 1
geno chr19.51229664 gbr  0 0 0 0 0 0 0 0 0 0 0 0 1 0 1 1 2 0 0 0 0 0 0 0 0 0 0 0 0 0 1 0 2 0 1 0 1 0 0 0 0 0 0 1 1 0 0 0 0 0 0 0 0 0 1 0 0 0 0 1 0 0 0 0 0 1 1 1 1 0 0 1 0 0 1 0 0 0 0 0 0 0 0 0
geno chr19.51229664 tsi  1 0 0 0 0 0 0 0 0 0 0 0 2 1 1 1 0 0 0 0 0 2 0 0 0 1 0 0 1 0 0 0 1 1 1 0 2 0 1 0 0 0 0 0 0 0 1 0 0 0 1 0 0 0 1 0 0 0 1 0 1 0 0 0 0 0 1 0 0 1 1 1 2 0 1 0 0 0 0 0 1 1 0 0 0 0 0 0 0 0 1 1
geno chr19.51229664 yri  0 0 0 0 1 0 0 0 0 0 0 0 0 0 0 0 0 0 0 0 0 0 0 0 0 0 0 0 0 0 0 0 0 0 0 0 0 0 0 0 0 0 0 0 0 0 0 0 0 1 0 0 0 0 0 0 0 0 0 0 0 0 0 0 0 1 0 0 0 0 1 0 0 0 0 0 0
geno chr19.51229773 ceu  0 0 1 0 0 0 1 0 0 0 1 0 1 0 0 1 1 0 0 0 1 1 2 0 1 0 0 1 1 0 0 0 1 0 0 1 0 0 1 0 0 0 0 0 0 0 0 1 1 0 0 1 1 1 1 1 0 0 0 0 1 0 1 0 0 0 0 0 0 0 0 0 1 0 1 1 0 1
geno chr19.51229773 fin  0 0 1 0 0 0 0 0 0 0 0 0 0 0 0 1 0 0 0 1 0 1 1 0 0 0 0 0 0 0 0 0 0 0 0 0 0 0 0 0 0 0 0 1 0 0 0 0 0 0 0 0 0 0 1 0 0 1 0 0 0 0 0 0 1 0 1 0 0 0 0 0 0 0 0 0 0 0 0 0 0 0 0 0 0 0 0 0 1
geno chr19.51229773 gbr  0 0 0 0 0 0 0 0 0 0 0 0 1 0 1 1 2 0 0 0 0 0 0 0 0 0 0 0 0 0 1 0 2 0 1 0 1 0 0 0 0 0 0 1 1 0 0 0 0 0 0 0 0 0 1 0 0 0 0 1 0 0 0 0 0 1 1 1 1 0 0 1 0 0 1 0 0 0 0 0 0 0 0 0
geno chr19.51229773 tsi  1 0 0 0 0 0 0 0 0 0 0 0 2 1 1 1 0 0 0 0 0 2 0 0 0 1 0 0 1 0 0 0 1 1 1 0 2 0 1 0 0 0 0 0 0 0 1 0 0 0 1 0 0 0 1 0 0 0 1 0 1 0 0 0 0 0 1 0 0 1 1 1 2 0 1 0 0 0 0 0 1 1 0 0 0 0 0 0 0 0 1 1
geno chr19.51229773 yri  0 0 0 0 1 0 0 0 0 0 0 0 0 0 0 0 0 0 0 0 0 0 0 0 0 0 0 0 0 0 0 0 0 0 0 0 0 0 0 0 0 0 0 0 0 0 0 0 0 0 0 0 0 0 0 0 0 0 0 0 0 0 0 0 0 1 0 0 0 0 1 0 0 0 0 0 0
geno chr19.51230223 ceu  2 2 2 1 1 2 2 1 1 2 2 0 2 2 2 2 2 2 1 2 2 2 2 2 2 1 2 2 1 1 2 2 2 1 1 1 1 2 2 1 1 1 1 2 2 1 1 2 2 1 2 2 1 2 2 2 2 0 2 0 1 1 2 1 1 2 1 2 1 1 2 1 2 0 2 2 1 2
geno chr19.51230223 fin  0 1 1 2 1 0 2 2 2 2 1 0 1 2 2 2 2 2 1 2 2 1 1 2 2 2 0 0 1 1 2 1 2 1 1 2 1 1 1 2 2 1 2 2 1 0 2 0 1 1 1 2 2 2 1 1 2 1 2 1 1 1 2 1 2 1 2 0 1 1 1 2 1 1 1 1 1 2 1 1 2 2 1 2 2 1 0 1 2
geno chr19.51230223 gbr  2 2 1 2 0 0 1 1 2 1 2 2 2 2 2 1 2 0 2 1 0 2 1 0 1 0 1 1 2 2 2 2 2 2 2 2 1 2 1 2 0 0 2 1 1 2 1 2 1 1 0 2 1 2 2 1 2 2 1 2 2 2 1 1 1 2 2 2 1 1 1 2 1 1 2 2 1 2 1 0 1 1 1 2
geno chr19.51230223 tsi  2 0 1 0 2 1 1 2 2 1 1 1 2 1 2 2 2 0 2 1 1 2 2 1 1 2 2 2 2 0 1 1 1 2 2 1 2 2 1 2 2 1 2 1 2 2 2 1 0 1 2 2 1 2 1 2 0 1 2 1 2 0 2 2 1 1 2 1 1 2 1 1 2 1 1 2 1 2 2 0 1 2 0 1 2 0 2 1 2 1 2 2
geno chr19.51230223 yri  2 1 2 2 2 2 2 2 1 2 1 1 2 2 2 2 2 2 2 0 2 2 1 2 2 2 2 2 2 2 2 1 2 2 2 1 2 2 2 1 2 1 2 2 2 2 2 2 2 2 2 2 2 2 1 1 2 1 2 2 2 2 2 2 2 2 2 2 2 2 2 2 2 2 2 2 2
geno chr19.51230490 ceu  0 0 0 1 0 0 0 1 0 0 1 0 1 1 1 0 0 2 1 1 1 0 0 1 1 1 1 0 0 1 0 1 1 1 1 0 0 1 0 0 1 0 1 1 1 0 1 1 1 1 1 1 0 1 0 1 0 0 0 0 0 1 0 1 0 0 0 2 1 1 1 0 1 0 1 0 1 0
geno chr19.51230490 fin  0 1 0 0 1 0 1 2 2 2 1 0 1 2 1 1 0 1 1 0 0 0 0 1 1 0 0 0 0 0 1 0 0 1 0 2 0 0 0 0 2 0 1 0 0 0 0 0 0 1 0 1 0 0 0 1 0 0 1 0 0 0 1 0 0 0 0 0 1 0 0 0 0 1 1 0 0 1 0 0 1 1 0 1 0 0 0 0 0
geno chr19.51230490 gbr  0 0 0 1 0 0 0 1 2 1 1 1 1 0 0 0 0 0 1 1 0 1 0 0 0 0 1 1 2 1 0 0 0 1 0 2 0 1 0 0 0 0 0 0 0 1 0 2 0 0 0 1 0 1 0 0 0 2 0 0 1 2 1 0 1 1 0 1 0 0 1 0 0 1 0 1 1 0 0 0 0 1 1 0
geno chr19.51230490 tsi  0 0 1 0 1 1 1 1 1 0 0 0 0 0 1 0 1 0 1 1 0 0 1 1 1 1 1 1 1 0 0 0 0 0 1 1 0 2 0 1 2 1 0 0 1 2 1 1 0 0 1 0 0 0 0 0 0 0 0 1 0 1 2 2 0 0 0 0 0 0 0 0 0 0 0 0 0 1 1 0 0 1 0 0 0 0 1 0 1 0 0 0
geno chr19.51230490 yri  0 0 0 1 0 0 1 0 0 0 0 0 0 1 0 0 0 0 0 0 0 2 0 0 1 0 1 0 0 1 0 0 0 1 0 0 0 2 1 0 0 0 0 0 0 0 1 0 0 0 0 0 0 0 0 1 1 0 0 1 1 1 1 0 1 0 0 0 1 1 1 0 0 0 0 0 1
geno chr19.51230625 ceu  2 2 1 1 1 2 1 1 1 2 1 0 1 2 2 1 1 2 1 2 1 1 0 2 1 1 2 1 0 1 2 2 1 1 1 0 1 2 1 1 1 1 1 2 2 1 1 1 1 1 2 1 0 1 1 1 2 0 2 0 0 1 1 1 1 2 1 2 1 1 2 1 1 0 1 1 1 1
geno chr19.51230625 fin  0 1 0 2 1 0 2 2 2 2 1 0 1 2 2 1 2 2 1 1 2 0 0 2 2 2 0 0 1 1 2 1 2 1 1 2 1 1 1 2 2 1 2 1 1 0 2 0 1 1 1 2 2 2 0 1 2 0 2 1 1 1 2 1 1 1 1 0 1 1 1 2 1 1 1 1 1 2 1 1 2 2 1 2 2 1 0 1 1
geno chr19.51230625 gbr  2 2 1 2 0 0 1 1 2 1 2 2 1 2 1 0 0 0 2 1 0 2 1 0 1 0 1 1 2 2 1 2 0 2 1 2 0 2 1 2 0 0 2 0 0 2 1 2 1 1 0 2 1 2 1 1 2 2 1 1 2 2 1 1 1 1 1 1 0 1 1 1 1 1 1 2 1 2 1 0 1 1 1 2
geno chr19.51230625 tsi  1 0 1 0 2 1 1 2 2 1 1 1 0 0 1 1 2 0 2 1 1 0 2 1 1 1 2 2 1 0 1 1 0 1 1 1 0 2 0 2 2 1 2 1 2 2 1 1 0 0 1 2 1 2 0 2 0 1 1 1 1 1 2 2 1 1 1 1 1 1 0 0 0 1 0 2 1 2 2 0 0 1 0 1 2 0 2 1 2 1 1 1
geno chr19.51230625 yri  1 1 0 1 0 2 1 1 1 2 1 1 1 2 2 2 1 0 1 0 2 2 0 1 2 1 1 1 2 2 1 1 1 2 0 1 1 2 1 1 0 1 0 2 1 1 2 0 2 1 2 2 2 1 0 1 2 0 2 2 1 2 1 1 2 1 1 2 2 2 1 2 2 2 1 0 2
geno chr19.51231068 ceu  2 2 2 1 1 2 2 1 1 2 2 0 2 2 2 2 2 2 1 2 2 2 2 2 2 1 2 2 1 1 2 2 2 1 1 1 1 2 2 1 1 1 1 2 2 1 1 2 2 1 2 2 1 2 2 2 2 0 2 0 1 1 2 1 1 2 1 2 1 1 2 1 2 0 2 2 1 2
geno chr19.51231068 fin  0 1 1 2 1 0 2 2 2 2 1 0 1 2 2 2 2 2 1 2 2 1 1 2 2 2 0 0 1 1 2 1 2 1 1 2 1 1 1 2 2 1 2 2 1 0 2 0 1 1 1 2 2 2 1 1 2 1 2 1 1 1 2 1 2 1 2 0 1 1 1 2 1 1 1 1 1 2 1 1 2 2 1 2 2 1 0 1 2
geno chr19.51231068 gbr  2 2 1 2 0 0 1 1 2 1 2 2 2 2 2 1 2 0 2 1 0 2 1 0 1 0 1 1 2 2 2 2 2 2 2 2 1 2 1 2 0 0 2 1 1 2 1 2 1 1 0 2 1 2 2 1 2 2 1 2 2 2 1 1 1 2 2 2 1 1 1 2 1 1 2 2 1 2 1 0 1 1 1 2
geno chr19.51231068 tsi  2 0 1 0 2 1 1 2 2 1 1 1 2 1 2 2 2 0 2 1 1 2 2 1 1 2 2 2 2 0 1 1 1 2 2 1 2 2 1 2 2 1 2 1 2 2 2 1 0 1 2 2 1 2 1 2 0 1 2 1 2 1 2 2 1 1 2 1 1 2 1 1 2 1 1 2 1 2 2 0 1 2 0 1 2 0 2 1 2 1 2 2
geno chr19.51231068 yri  2 1 2 2 2 2 2 2 1 2 1 1 2 2 2 2 2 2 2 0 2 2 1 2 2 2 2 2 2 2 2 1 2 2 2 1 2 2 2 1 2 1 2 2 2 2 2 2 2 2 2 2 2 2 1 1 2 1 2 2 2 2 2 2 2 2 2 2 2 2 2 2 2 2 2 2 2
geno chr19.51231399 ceu  2 2 2 1 1 2 2 1 1 2 2 1 2 2 2 2 2 2 1 2 2 2 2 2 2 1 2 2 1 1 2 2 2 1 1 1 1 2 2 1 1 1 2 2 2 1 1 2 2 1 2 2 1 2 2 2 2 0 2 2 1 1 2 1 1 2 1 2 2 2 2 1 2 0 2 2 1 2
geno chr19.51231399 fin  0 2 1 2 1 0 2 2 2 2 1 0 1 2 2 2 2 2 2 2 2 1 1 2 2 2 0 0 1 1 2 1 2 1 1 2 1 1 1 2 2 1 2 2 1 1 2 0 1 1 1 2 2 2 1 1 2 2 2 1 1 2 2 1 2 1 2 0 1 1 1 2 1 1 1 2 1 2 1 1 2 2 1 2 2 1 0 1 2
geno chr19.51231399 gbr  2 2 1 2 1 2 1 1 2 2 2 2 2 2 2 1 2 2 2 1 0 2 1 1 1 0 1 2 2 2 2 2 2 2 2 2 1 2 2 2 0 0 2 1 1 2 2 2 1 1 0 2 1 2 2 1 2 2 1 2 2 2 1 1 1 2 2 2 1 1 1 2 1 1 2 2 1 2 1 0 1 2 2 2
geno chr19.51231399 tsi  2 1 1 1 2 2 1 2 2 1 1 1 2 1 2 2 2 2 2 1 1 2 2 1 1 2 2 2 2 1 1 1 2 2 2 2 2 2 2 2 2 1 2 2 2 2 2 1 2 1 2 2 1 2 1 2 0 2 2 2 2 1 2 2 1 1 2 2 1 2 1 1 2 1 1 2 1 2 2 0 2 2 0 2 2 0 2 1 2 1 2 2
geno chr19.51231399 yri  2 2 2 2 2 2 2 2 2 2 2 2 2 2 2 2 2 2 2 2 2 2 2 2 2 2 2 2 2 2 2 2 2 2 2 2 2 2 2 2 2 1 2 2 2 2 2 2 2 2 2 2 2 2 2 2 2 2 2 2 2 2 2 2 2 2 2 2 2 2 2 2 2 2 2 2 2
geno chr19.51232956 ceu  2 2 1 0 0 2 2 0 1 0 2 0 0 0 1 0 1 2 1 2 1 2 0 0 1 0 1 1 1 0 2 2 0 1 1 0 1 1 2 1 1 1 1 0 2 0 0 1 2 1 1 2 0 2 2 2 1 0 2 2 1 0 1 1 1 1 1 1 2 2 2 1 2 0 1 0 1 2
geno chr19.51232956 fin  0 1 1 1 0 0 1 1 1 2 1 0 1 0 1 1 1 1 1 1 1 1 1 1 2 2 0 0 1 0 2 0 2 0 1 2 0 1 1 1 2 1 1 1 1 1 1 0 1 0 0 0 0 2 1 0 1 2 1 1 1 2 1 0 1 0 1 0 1 1 1 0 1 1 0 1 1 2 1 1 2 2 1 2 0 1 0 1 1
geno chr19.51232956 gbr  1 0 0 1 0 2 0 0 0 1 2 2 1 2 1 1 0 2 2 1 0 2 1 1 1 0 1 1 1 2 2 0 0 2 2 2 1 0 1 1 0 0 1 1 1 1 2 2 0 0 0 2 0 0 2 0 0 0 0 2 1 1 0 1 0 1 1 0 0 1 1 1 1 1 2 2 0 1 0 0 0 2 2 1
geno chr19.51232956 tsi  1 0 1 0 1 1 1 0 1 1 1 0 1 0 0 1 1 0 1 1 1 1 0 1 0 1 1 1 0 0 0 0 1 1 1 2 2 2 2 2 2 1 2 2 1 2 2 1 2 1 2 2 0 1 1 2 0 2 2 2 2 1 2 2 1 0 2 2 1 1 1 0 2 1 1 1 1 2 2 1 2 1 0 1 2 0 2 1 2 0 2 2
geno chr19.51232956 yri  2 2 2 2 2 0 1 1 0 2 2 1 1 1 1 2 1 2 2 1 1 2 2 2 2 1 2 2 0 2 1 0 1 1 2 1 2 0 2 2 1 0 2 0 2 1 2 1 1 1 0 1 0 2 1 2 2 0 1 2 2 0 2 2 1 1 2 1 1 1 2 2 1 2 2 2 2
geno chr19.51233044 ceu  0 0 0 0 1 0 0 0 0 1 0 0 0 0 0 0 1 0 0 0 0 0 0 0 0 0 0 0 0 0 0 0 0 0 0 0 0 0 0 0 0 0 0 1 0 0 0 0 0 0 0 0 0 0 0 0 1 0 0 0 0 0 0 0 0 0 0 0 0 0 0 0 0 0 0 0 0 0
geno chr19.51233044 fin  0 0 0 0 0 0 0 0 0 0 0 0 0 0 0 0 1 1 0 1 0 0 0 0 0 0 0 0 0 0 0 0 1 0 0 0 1 0 0 1 0 0 0 0 0 0 1 0 0 0 0 1 0 1 0 0 0 0 0 0 0 0 1 1 0 0 0 0 0 0 0 1 0 0 0 0 0 0 0 0 0 0 0 0 0 0 0 0 0
geno chr19.51233044 gbr  1 1 0 0 0 0 1 0 0 0 0 0 0 0 0 0 0 0 0 0 0 0 1 0 0 0 0 0 0 0 0 0 0 0 0 0 0 0 0 1 0 0 0 0 0 0 0 0 0 0 0 0 0 0 0 1 0 0 0 0 0 0 0 0 0 0 0 0 0 0 0 0 0 0 0 0 0 1 0 0 0 0 0 1
geno chr19.51233044 tsi  1 0 0 0 0 0 0 1 0 1 0 0 0 0 0 0 0 0 0 0 0 0 0 0 0 0 0 1 0 0 0 0 0 0 0 0 0 0 0 0 0 0 1 0 1 0 0 0 0 0 0 0 0 1 0 0 0 0 0 0 0 0 0 0 0 0 0 0 0 0 0 0 0 1 0 1 0 0 1 0 0 0 0 0 0 0 0 0 0 1 0 0
geno chr19.51233044 yri  0 0 0 0 0 0 0 0 0 0 0 0 0 0 0 0 0 0 0 0 0 0 0 0 0 0 0 0 0 0 0 0 0 0 0 0 0 0 0 0 0 1 0 0 0 0 0 0 0 0 0 0 0 0 0 0 0 0 0 0 0 0 0 0 0 0 0 0 0 0 0 0 0 0 0 0 0
geno chr19.51233110 ceu  0 0 1 0 0 0 1 0 0 0 1 0 1 0 0 1 1 0 0 0 1 1 2 0 1 0 0 1 1 0 0 0 1 0 0 1 0 0 1 0 0 0 0 0 0 0 0 1 1 0 0 1 1 1 1 1 0 0 0 0 1 0 1 0 0 0 0 0 0 0 0 0 1 0 1 1 0 1
geno chr19.51233110 fin  0 0 1 0 0 0 0 0 0 0 0 0 0 0 0 1 0 0 0 1 0 1 1 0 0 0 0 0 0 1 0 0 0 0 0 0 0 0 0 0 0 0 0 1 0 0 0 0 0 0 0 0 0 0 1 0 0 1 0 0 0 0 0 0 1 0 1 0 0 0 0 0 0 0 0 0 0 0 0 0 0 0 0 0 0 0 0 0 1
geno chr19.51233110 gbr  0 0 0 0 0 0 0 0 0 0 0 0 1 0 1 1 2 0 0 0 0 0 0 0 0 0 0 0 0 0 1 0 2 0 1 0 1 0 0 0 0 0 0 1 1 0 0 0 0 0 0 0 0 0 1 0 0 0 1 1 0 0 0 0 0 1 1 1 1 0 0 1 0 0 1 0 0 0 0 0 0 0 0 0
geno chr19.51233110 tsi  1 0 0 0 0 0 0 0 0 0 0 0 1 1 1 1 0 0 0 0 0 2 0 0 0 1 0 0 1 0 0 0 1 1 1 0 2 0 1 0 0 0 0 0 0 0 1 0 0 0 1 0 0 0 1 0 0 0 1 0 1 0 0 0 0 0 1 0 0 1 1 1 2 0 1 0 0 0 0 0 1 0 0 0 0 0 0 0 0 0 1 1
geno chr19.51233110 yri  0 0 0 0 1 0 0 0 0 0 0 0 0 0 0 0 0 0 0 0 0 0 0 0 0 0 0 0 0 0 0 0 0 0 0 0 0 0 0 0 0 0 0 0 0 0 0 0 0 0 0 0 0 0 0 0 0 0 0 0 0 0 0 0 0 1 0 0 0 0 1 0 0 0 0 0 0
geno chr19.51233758 ceu  0 0 0 1 0 0 0 1 0 0 1 0 1 1 1 0 0 2 1 1 1 0 0 1 1 1 0 0 0 1 0 1 1 1 1 0 0 1 0 0 1 0 1 1 1 0 0 1 1 1 0 1 0 1 0 1 0 0 0 0 0 1 0 1 0 0 0 2 1 1 1 0 1 0 1 0 1 0
geno chr19.51233758 fin  0 1 0 0 1 0 0 2 1 2 1 0 1 1 1 1 0 1 1 0 0 0 0 1 1 0 0 0 0 0 1 0 0 0 0 2 0 0 0 0 2 0 1 0 0 0 0 0 0 1 0 1 0 0 0 0 0 0 1 0 0 0 1 0 0 0 0 0 1 0 0 0 0 1 1 0 0 1 0 0 1 1 0 1 0 0 0 0 0
geno chr19.51233758 gbr  0 0 0 1 0 0 0 1 2 1 1 1 1 0 0 0 0 0 1 0 0 1 0 0 0 0 1 1 2 1 0 0 0 1 0 2 0 1 0 0 0 0 0 0 0 1 0 2 0 0 0 1 0 1 0 0 0 1 0 0 0 2 1 0 1 1 0 0 0 0 1 0 0 1 0 1 1 0 0 0 0 1 1 0
geno chr19.51233758 tsi  0 0 1 0 1 1 1 1 1 0 0 0 1 0 1 0 1 0 1 1 0 0 0 1 1 1 1 1 1 0 0 0 0 0 0 1 0 2 0 1 2 1 0 0 1 2 1 1 0 0 1 0 0 0 0 0 0 0 0 1 0 1 2 2 0 0 0 0 0 0 0 0 0 0 0 0 0 1 1 0 0 1 0 0 0 0 1 0 1 0 0 0
geno chr19.51233758 yri  0 0 0 1 0 0 1 0 0 0 0 0 0 1 0 0 0 0 0 0 0 2 0 0 1 0 1 0 0 1 0 0 0 1 0 0 0 1 1 0 0 0 0 0 0 0 1 0 0 0 0 0 0 0 0 1 1 0 0 1 1 1 1 0 1 0 0 0 1 1 1 0 0 0 0 0 1
geno chr19.51233961 ceu  0 0 0 0 0 0 0 0 0 0 0 1 0 0 0 0 0 0 0 0 0 0 0 0 0 0 0 0 0 0 0 0 0 0 0 0 0 0 0 0 0 0 1 0 0 0 0 0 0 0 0 0 0 0 0 0 0 0 0 1 0 0 0 0 0 0 0 0 1 1 0 0 0 0 0 0 0 0
geno chr19.51233961 fin  0 1 0 0 0 0 0 0 0 0 0 0 0 0 0 0 0 0 1 0 0 0 0 0 0 0 0 0 0 0 0 0 0 0 0 0 0 0 0 0 0 0 0 0 0 1 0 0 0 0 0 0 0 0 0 0 0 1 0 0 0 1 0 0 0 0 0 0 0 0 0 0 0 0 0 1 0 0 0 0 0 0 0 0 0 0 0 0 0
geno chr19.51233961 gbr  0 0 0 0 1 2 0 0 0 1 0 0 0 0 0 0 0 2 0 0 0 0 0 1 0 0 0 1 0 0 0 0 0 0 0 0 0 0 1 0 0 0 0 0 0 0 1 0 0 0 0 0 0 0 0 0 0 0 0 0 0 0 0 0 0 0 0 0 0 0 0 0 0 0 0 0 0 0 0 0 0 1 1 0
geno chr19.51233961 tsi  0 1 0 1 0 1 0 0 0 0 0 0 0 0 0 0 0 2 0 0 0 0 0 0 0 0 0 0 0 1 0 0 1 0 0 1 0 0 1 0 0 0 0 1 0 0 0 0 2 0 0 0 0 0 0 0 0 1 0 1 0 0 0 0 0 0 0 1 0 0 0 0 0 0 0 0 0 0 0 0 1 1 0 1 0 0 0 0 0 0 0 0
geno chr19.51233961 yri  0 0 0 0 0 0 0 0 0 0 0 0 0 0 0 0 0 0 0 0 0 0 0 0 0 0 0 0 0 0 0 0 0 0 0 0 0 0 0 0 0 0 0 0 0 0 0 0 0 0 0 0 0 0 0 0 0 0 0 0 0 0 0 0 0 0 0 1 0 0 0 0 0 0 0 0 0
