pheno ENSG00000163945 ceu -0.7230264 -1.472141 -2.174191 -3.156533 -0.04565115 -0.3280209 -3.98539 -1.607474 -2.092891 -1.715672 -1.250855 -0.817744 -2.737339 -1.580893 -2.729091 -1.705062 -0.6870152 -2.073556 -1.70751 0.05073382 -2.25954 -1.256877 -1.368897 0.2011646 -0.9697686 -1.486393 -0.401347 -1.283569 -1.50679 -0.7623195 -2.34727 -1.291954 -0.3817599 -0.2132044 -1.619155 -1.317028 -0.899289 -0.7636804 -1.870611 -2.207291 -3.157161 -1.730026 -1.904484 -0.3586663 0.1384169 -1.0546 -1.642302 -1.950955 -1.011951 0.8072533 -0.952391 -2.159034 -1.890258 -2.365435 -2.06282 0.4529463 -2.822411 -0.9865462 -1.734091 -1.713018 -1.381139 -2.402164 -0.5199901 -1.038143 -3.595578 -2.422505 -1.135873 -1.2722 -2.521247 -0.3986035 -0.6138897 -0.224154 -2.381839 -0.9614772 -1.863015 -1.969554 -0.2780042 -1.420544
pheno ENSG00000163945 fin -1.402824 0.3523305 -0.2439914 -0.2949624 -1.082438 -2.888869 -0.06286998 -0.9114235 -2.224951 -1.553554 -2.810393 -2.585924 -0.09079573 -3.304779 -2.022873 -1.176872 -1.32728 -3.110359 -1.454558 -1.702033 -0.4941123 -0.4621771 -0.4217697 -1.555574 -2.20994 0.3243371 -3.223576 -1.802808 -0.7037474 -2.859775 -2.570801 -2.689983 -2.401162 -1.137518 -2.52506 -2.50057 -2.204471 -1.906002 -0.9436203 -1.008918 -1.380867 -1.788615 -0.2364097 -1.482922 -2.146393 -2.707464 -2.030959 0.06684258 -1.778865 -2.661649 -2.921661 -2.534059 -2.031792 -4.080011 -2.081854 -1.537686 -0.8340519 -1.605989 -1.952819 -0.9157861 -2.717211 -3.5044 -0.4852284 -1.558391 -0.7714147 -1.310902 -2.177869 -1.259406 0.02537219 -1.688097 -0.9491029 -1.773898 -1.27191 -3.130943 -0.5697936 -2.16872 -3.081227 -1.029757 -0.331153 -1.295825 -0.8396613 -4.137905 -0.7829267 -1.31111 -1.532125 -1.129179 -1.59162 -2.756693 -2.913484
pheno ENSG00000163945 gbr -3.189938 -2.176228 0.2526554 -1.623495 -2.372635 -1.306963 0.153196 -1.295231 -0.9645611 -1.258597 -1.618784 -1.221607 -2.946569 -0.1753634 -2.738808 -2.129081 -2.731012 -1.496443 -2.101948 -1.787608 0.7742866 -1.058945 -1.713463 -2.117989 -0.5218437 -1.18264 -1.553085 -0.1999906 -1.225647 0.1601074 -0.9222455 -1.946584 -1.791978 -0.2981683 -1.240655 -2.548178 -1.132223 -4.323607 -2.05456 -2.564907 -0.2809636 -0.9784772 -2.556865 -1.037982 -1.428236 -1.292603 -3.11516 -0.9312157 -0.9320992 -0.4650522 -1.175291 -2.355085 -0.3051645 -2.033661 -1.422162 -1.669144 -1.323306 -2.350934 -3.212403 -1.48086 0.07246576 -0.08280765 -1.172069 -1.706082 -1.78678 -2.490367 -1.457599 -1.697066 -1.687205 -1.730065 -2.73702 -0.6483408 -3.124453 -1.217777 -0.6323961 -0.1917656 -0.5621178 -2.421608 -3.832941 -0.1856038 -0.1524268 -1.542958 -1.087212 -3.143833
pheno ENSG00000163945 tsi -0.5299086 -0.06025502 -2.816579 -0.3840721 -0.5998894 -0.7311612 0.1824415 -2.484558 -1.126117 0.9831977 0.6957947 -0.9435464 -0.01650185 -1.123405 -0.7537231 -0.7262627 -1.667403 -0.8244969 0.6764015 -2.590769 0.1694472 -0.5799623 2.406105 -0.04673558 -1.644539 -0.6350748 1.394995 0.04155057 -0.4645217 -0.3431478 -0.1571344 -0.6997699 -0.8302797 0.7765223 -0.8920992 0.2704 -0.3922237 1.031682 -1.297863 -0.3956433 -1.154847 -1.477729 -0.01120949 -0.2535429 0.7608636 -0.3020551 -0.3313093 -1.336522 -1.3644 -0.9310631 0.5501044 0.7426082 -0.4676378 -1.769053 0.5596634 1.550491 -0.8860811 0.1127796 0.4917701 -1.408321 -1.028499 2.844086 1.104809 -0.8629084 0.9095507 -0.7426786 -0.2256466 -1.277233 -0.4648895 -0.4266321 -0.8986996 -1.234321 -0.8100797 0.6684127 -0.3237055 -0.2811907 -2.14388 0.1590766 -0.3464098 -2.571695 1.754531 0.3182063 -0.8999111 -1.442504 -0.7119613 -0.7853508 1.279429 1.219673 0.2516412 -1.137576 -0.5714521 -0.3638399
pheno ENSG00000163945 yri 0.6218486 -0.5861307 -2.097852 -1.890192 -2.31741 -1.145645 -0.08023163 -4.031472 -1.816819 -1.591199 -1.711396 -1.753728 -2.590037 -1.829224 -1.312672 -0.1647937 -1.692092 -2.325063 -0.6138956 -2.119372 -2.094074 -1.381621 -2.287719 -1.952182 -1.602393 -0.8561305 -1.601449 0.5877584 -1.71272 -1.373953 -1.973692 -1.872777 -3.322879 -3.805416 -2.828004 -3.6787 -0.8040216 -2.500109 -0.8290727 -1.171387 -2.430873 -1.281366 0.499809 -1.392253 -1.017269 -1.361805 -2.47017 -0.7555651 -2.397501 -1.089236 -1.563374 -1.514062 -2.423829 -1.631715 -3.032458 -1.870049 -2.14195 -2.152734 -2.525171 -1.433729 -1.468815 -3.487663 -0.5482547 -0.9338735 -1.896297 -2.904188 -1.328429 -1.795343 -2.005848 -0.8648028 -1.247022 -2.027693 -1.493061 -0.1334156 -0.3189455 -0.8666995 -2.556878
geno chr4.1241472 ceu  1 2 1 1 2 0 1 2 1 0 1 0 1 1 1 1 1 0 0 1 0 0 2 0 1 1 1 1 0 1 1 1 1 0 1 1 0 1 0 2 1 1 2 1 2 2 1 0 1 1 1 0 1 2 0 1 0 2 2 0 0 2 1 0 1 1 1 1 1 0 1 0 0 1 1 1 0 1
geno chr4.1241472 fin  1 0 1 1 1 0 1 2 1 1 2 2 2 1 0 2 0 0 1 1 2 1 1 0 1 1 0 2 1 2 0 1 1 1 1 0 1 1 1 1 1 1 0 1 1 2 1 1 0 1 0 1 2 1 2 2 2 1 2 1 2 0 0 1 1 1 2 2 2 0 0 0 0 1 1 1 1 2 1 2 1 1 2 1 1 2 1 1 2
geno chr4.1241472 gbr  2 1 0 1 0 0 1 1 0 1 1 1 0 2 2 1 0 1 1 0 1 0 1 2 2 2 2 1 2 1 0 2 2 1 2 1 0 1 2 1 2 1 0 1 1 2 1 1 1 2 1 1 0 2 2 0 2 0 1 1 1 1 2 2 1 1 0 1 0 0 2 0 1 0 2 1 2 2 2 2 0 0 1 1
geno chr4.1241472 tsi  1 1 1 1 1 2 1 1 0 2 1 1 0 0 1 2 0 1 0 0 1 1 2 0 0 0 0 0 2 1 0 2 0 2 1 0 2 1 1 1 0 0 0 0 0 1 0 2 1 0 1 1 1 1 1 1 1 1 1 2 0 0 1 2 2 0 2 0 1 0 1 1 1 1 1 0 0 2 1 1 1 0 1 1 1 1 2 1 0 1 1 1
geno chr4.1241472 yri  1 0 1 1 0 0 0 1 0 0 0 0 0 1 1 0 1 1 1 0 1 1 1 0 1 0 0 2 0 1 1 1 0 0 0 0 0 1 0 1 1 2 1 0 0 1 0 0 0 0 0 1 1 2 0 0 2 1 1 1 0 1 0 0 0 1 0 1 0 0 0 2 0 1 0 0 0
geno chr4.1242214 ceu  1 2 1 1 1 0 1 2 1 0 1 0 1 1 1 1 1 0 0 1 1 0 2 0 1 1 1 1 0 1 1 1 1 0 1 1 0 1 0 2 1 1 2 1 2 2 1 0 1 1 1 0 1 2 1 1 0 2 2 0 0 2 1 0 1 1 1 1 1 0 1 0 0 1 1 1 0 1
geno chr4.1242214 fin  1 0 1 1 1 0 1 2 1 1 2 2 2 1 0 2 0 0 1 1 2 1 1 0 1 1 0 2 1 2 0 1 1 1 1 0 1 1 1 1 1 1 0 1 1 2 1 1 0 1 0 1 1 1 2 2 2 1 2 1 2 0 0 1 1 1 2 2 2 0 0 0 0 1 1 1 1 2 1 1 1 1 2 1 1 2 1 1 2
geno chr4.1242214 gbr  2 1 0 1 0 0 1 1 0 1 1 1 0 2 2 1 0 1 1 0 1 0 1 2 2 2 2 1 2 1 0 2 2 1 2 1 0 1 2 1 2 1 0 1 1 2 1 1 1 2 1 1 0 2 2 0 2 0 1 1 1 1 2 2 1 1 0 1 0 0 2 0 1 0 2 1 2 2 2 2 0 0 1 1
geno chr4.1242214 tsi  1 1 1 1 1 2 1 1 0 2 1 1 0 0 1 2 0 1 0 0 1 1 2 0 0 0 0 0 2 1 0 2 0 2 1 0 2 1 1 1 0 0 0 0 0 1 0 2 1 0 1 1 1 1 1 1 1 1 1 2 0 0 1 2 2 0 2 0 1 0 1 1 1 1 1 0 0 2 1 1 1 0 1 1 1 1 2 1 0 1 1 1
geno chr4.1242214 yri  1 0 2 1 0 0 0 1 0 0 1 0 0 1 1 0 1 1 1 0 1 1 1 0 1 0 0 2 0 1 1 1 0 0 0 0 0 1 0 1 1 2 1 0 0 1 0 0 0 0 0 1 1 2 0 0 2 1 1 1 0 1 0 0 0 1 0 1 0 0 0 2 0 1 0 0 0
geno chr4.1242832 ceu  0 0 0 0 0 0 0 1 0 0 1 0 0 0 0 0 0 0 0 0 0 0 0 0 0 0 0 0 0 0 0 0 0 0 0 0 0 0 0 0 0 0 0 0 1 0 0 0 0 0 0 0 0 0 0 0 0 0 0 0 0 0 0 0 0 0 0 0 0 0 1 0 1 0 0 0 0 0
geno chr4.1242832 fin  0 0 1 1 0 0 0 0 0 0 0 0 0 0 0 0 0 0 0 1 0 1 0 0 0 0 0 1 0 0 0 0 0 0 0 0 0 0 1 0 0 0 0 0 0 0 0 0 0 0 0 0 0 0 0 0 0 0 0 0 0 0 0 0 0 0 0 0 0 0 0 0 0 0 0 0 0 0 0 0 0 0 0 0 0 0 0 0 0
geno chr4.1242832 gbr  0 0 0 0 0 0 1 1 0 0 0 0 0 0 0 0 1 0 0 0 0 0 0 0 0 0 1 0 0 0 1 0 0 0 0 0 0 0 0 0 0 0 0 0 0 0 0 0 0 0 0 1 0 0 0 1 0 0 0 0 0 0 0 0 0 0 0 0 0 0 0 0 0 0 0 1 0 0 0 0 0 0 0 0
geno chr4.1242832 tsi  0 0 0 0 0 0 0 1 1 0 0 0 0 0 0 0 0 0 0 0 0 0 0 0 0 0 0 0 0 0 0 1 0 0 0 0 0 0 0 0 0 0 0 0 0 0 0 0 0 1 0 0 0 0 0 0 0 0 0 0 0 0 0 0 0 0 0 0 0 1 0 1 0 0 0 0 0 0 0 0 0 0 0 0 0 1 0 0 0 0 0 0
geno chr4.1242832 yri  1 1 0 0 0 1 0 0 0 0 0 0 0 0 0 0 0 1 2 0 1 0 0 1 0 0 2 0 0 0 0 0 0 1 0 0 0 1 1 0 0 1 0 1 1 0 0 1 0 1 0 0 1 0 0 0 1 0 0 1 0 0 0 1 0 0 0 0 1 0 0 2 0 0 2 1 0
geno chr4.1243006 ceu  0 0 1 1 0 2 1 0 1 2 0 2 1 0 1 1 1 2 1 1 2 2 0 1 0 1 1 0 2 1 1 1 1 1 1 0 1 1 2 0 1 1 0 1 0 0 1 2 1 1 1 2 1 0 2 1 2 0 0 2 1 0 0 2 1 0 0 1 1 1 0 2 1 1 1 1 2 1
geno chr4.1243006 fin  0 2 0 1 0 1 1 0 1 1 0 0 0 0 2 0 1 1 1 0 0 0 1 1 1 0 1 0 0 0 1 0 1 1 1 1 1 0 1 1 0 1 2 1 0 0 1 0 1 0 2 0 0 0 0 0 0 1 0 1 0 2 0 1 0 0 0 0 0 1 1 2 2 0 1 1 0 0 1 0 1 0 0 0 0 0 1 1 0
geno chr4.1243006 gbr  0 1 2 0 1 1 0 0 2 1 1 0 1 0 0 0 2 0 1 1 1 2 1 0 0 0 0 1 0 1 1 0 0 1 0 1 2 1 0 1 0 0 1 1 1 0 1 1 1 0 1 0 1 0 0 1 0 2 1 0 1 0 0 0 1 1 2 1 2 2 0 0 1 1 0 1 0 0 0 0 0 2 0 1
geno chr4.1243006 tsi  1 1 1 1 1 0 0 1 1 0 1 1 0 1 0 0 2 0 1 1 0 1 0 2 2 1 2 1 0 0 1 0 2 0 1 1 0 1 0 1 2 1 2 1 1 0 1 0 1 1 1 1 1 0 1 1 1 1 0 0 2 2 1 0 0 1 0 2 1 1 1 0 1 1 1 1 1 0 1 1 0 2 1 1 1 0 0 1 1 1 0 0
geno chr4.1243006 yri  1 0 0 0 0 0 0 0 0 0 0 0 1 0 0 0 0 0 0 1 0 0 0 0 0 0 0 0 1 0 0 0 0 0 1 0 0 0 0 0 0 0 1 1 0 0 0 0 0 0 0 0 1 0 1 0 0 0 0 0 0 0 1 0 1 0 0 0 1 0 0 0 0 0 0 0 1
geno chr4.1243164 ceu  1 0 1 1 0 2 1 0 1 2 0 2 0 0 1 1 1 2 1 1 2 2 0 1 0 1 1 0 2 1 1 1 1 1 1 0 2 1 2 1 1 1 0 1 0 0 1 2 1 1 1 2 1 0 2 1 2 0 0 2 1 0 1 1 1 0 0 1 1 2 0 1 1 1 1 1 2 1
geno chr4.1243164 fin  0 2 0 1 0 1 1 0 1 1 0 0 0 0 2 0 1 1 1 0 0 0 1 1 1 0 1 0 0 0 1 0 1 1 1 1 1 0 1 1 1 1 2 1 1 0 1 0 1 0 2 0 0 0 0 0 0 1 0 1 0 2 0 1 0 0 0 0 0 1 1 2 2 1 1 1 0 0 1 0 1 0 0 0 0 0 1 1 0
geno chr4.1243164 gbr  1 1 2 0 1 1 0 0 2 1 1 0 1 0 0 0 2 0 1 1 1 2 1 0 0 0 0 1 0 1 1 0 0 2 0 1 2 1 0 1 0 0 1 1 1 0 1 1 1 0 1 0 1 0 0 1 0 2 1 0 1 0 0 0 1 1 2 1 2 2 0 0 1 1 0 1 0 0 0 0 0 1 1 1
geno chr4.1243164 tsi  1 1 1 1 1 0 0 1 1 0 1 1 0 1 0 0 2 0 1 1 0 1 0 2 2 2 2 1 0 0 1 0 2 0 1 1 0 1 0 1 2 1 1 1 2 0 2 0 1 1 1 1 1 1 1 1 1 1 0 0 2 2 1 0 0 1 0 1 1 1 1 0 1 1 1 0 1 0 1 1 0 2 1 1 1 0 0 1 1 1 0 0
geno chr4.1243164 yri  1 0 0 0 0 0 0 0 0 0 0 0 1 0 0 0 0 0 0 0 0 0 0 0 0 0 0 1 1 0 0 0 0 0 0 0 1 0 0 0 0 1 0 1 1 0 0 1 0 0 0 0 1 0 1 0 0 1 0 0 0 0 0 0 1 0 0 0 1 0 0 0 0 0 0 0 1
geno chr4.1243329 ceu  0 0 1 1 0 2 1 0 1 2 0 2 0 0 1 1 1 2 1 1 2 2 0 1 0 1 1 0 2 1 1 1 1 1 1 0 2 1 2 1 1 1 0 1 0 0 1 2 1 1 1 1 1 0 2 1 2 0 0 2 1 0 0 2 1 0 0 1 1 2 0 2 1 1 1 1 2 1
geno chr4.1243329 fin  0 2 0 1 0 1 1 0 1 1 0 0 0 0 2 0 1 1 1 0 0 0 1 1 1 0 1 0 0 0 1 0 1 1 1 1 1 0 1 1 0 1 2 1 0 0 1 0 1 0 2 0 0 0 0 0 0 1 0 1 0 2 0 1 0 0 0 0 0 1 1 2 2 0 1 1 0 0 1 0 1 0 0 0 0 0 1 1 0
geno chr4.1243329 gbr  0 2 2 0 1 1 0 0 2 1 1 0 1 0 0 0 2 0 1 1 1 2 1 0 0 0 0 1 0 1 1 0 0 1 0 1 2 1 0 1 0 0 1 1 1 0 1 1 1 0 1 1 1 0 0 1 0 2 1 0 1 0 0 0 1 1 2 2 2 2 0 0 1 1 0 1 0 0 0 0 0 2 0 1
geno chr4.1243329 tsi  1 1 1 1 1 0 0 1 1 0 1 1 0 1 0 0 2 0 1 1 0 1 0 2 2 2 2 1 0 0 1 0 2 0 1 1 0 1 0 1 2 1 1 1 2 0 2 0 1 1 1 0 1 1 1 1 1 1 0 0 2 2 1 0 0 1 0 1 1 1 1 0 1 1 1 1 1 0 1 1 0 2 1 0 1 0 0 1 1 1 0 0
geno chr4.1243329 yri  0 0 0 0 0 0 0 1 0 0 0 0 0 0 0 0 0 0 0 0 0 0 0 0 0 0 0 0 0 1 0 0 0 0 0 0 0 0 0 0 0 1 0 0 0 1 0 0 0 1 0 0 1 0 0 0 0 0 0 0 0 0 0 0 0 0 0 0 0 0 0 0 0 0 0 0 1
geno chr4.1243404 ceu  0 0 1 1 0 2 1 0 1 2 0 2 0 0 1 1 1 2 0 1 2 2 0 1 0 1 1 0 2 1 1 1 1 1 1 0 2 1 2 1 1 1 0 1 0 0 1 2 1 1 1 2 1 0 2 1 2 0 0 2 1 0 0 2 1 0 0 1 1 2 0 2 1 1 1 1 2 1
geno chr4.1243404 fin  0 2 0 1 0 1 1 0 1 1 0 0 0 0 2 0 1 1 1 0 0 0 1 1 1 0 0 0 0 0 1 0 1 1 1 1 1 0 1 1 0 1 2 1 0 0 1 1 1 0 2 0 0 0 0 0 0 1 0 1 0 2 0 1 0 0 0 0 0 1 1 2 2 0 1 1 1 0 1 0 1 0 0 0 0 0 1 1 0
geno chr4.1243404 gbr  0 1 2 0 1 1 0 0 2 1 0 0 1 0 0 0 2 0 1 1 1 2 1 0 0 0 0 1 0 1 1 0 0 1 0 1 2 1 0 1 0 0 1 1 1 0 1 1 1 0 1 0 1 0 0 1 0 2 1 0 1 0 0 0 1 1 2 1 2 2 0 0 1 1 0 1 0 0 0 0 0 2 0 1
geno chr4.1243404 tsi  1 1 1 1 1 0 0 1 1 0 1 1 0 1 0 0 2 0 1 1 0 1 0 2 2 2 2 1 0 0 1 0 2 0 1 1 0 1 0 1 2 1 1 1 2 0 2 0 1 1 1 1 1 1 1 1 1 1 0 0 2 2 1 0 0 1 0 1 1 1 1 0 1 1 1 1 1 0 1 1 0 2 1 1 1 0 0 1 1 1 0 0
geno chr4.1243404 yri  0 0 0 0 0 0 0 0 0 0 0 0 0 0 0 0 0 0 0 0 0 0 0 0 0 0 0 0 0 0 1 0 0 0 0 0 0 1 0 0 0 0 0 0 0 0 0 0 0 0 0 0 1 0 0 0 0 0 0 0 0 0 0 0 0 0 0 0 0 0 0 0 0 0 0 0 0
geno chr4.1243573 ceu  1 2 2 2 2 2 2 2 2 2 1 2 1 1 2 2 2 2 0 2 2 2 2 1 2 2 2 1 2 2 2 2 2 1 2 2 2 2 2 2 2 2 2 2 2 2 2 2 2 2 2 2 2 2 2 2 2 2 2 2 1 2 2 2 2 1 1 2 2 2 2 2 2 2 2 2 2 2
geno chr4.1243573 fin  2 2 1 2 2 2 2 2 2 2 2 2 2 2 2 2 2 1 2 2 2 1 2 1 2 1 0 2 2 2 2 1 2 2 2 2 2 1 2 2 1 2 2 2 1 2 2 2 2 1 2 1 2 1 2 2 2 2 2 2 2 2 0 2 2 2 2 2 2 1 1 2 2 1 2 2 2 2 2 2 2 2 2 2 1 2 2 2 2
geno chr4.1243573 gbr  2 2 2 1 1 1 1 1 2 2 2 1 1 2 2 1 2 1 2 1 2 2 2 2 2 2 2 2 2 2 2 2 2 2 2 2 2 2 2 2 2 2 1 2 2 2 2 2 2 2 2 1 2 2 2 1 2 2 2 2 2 1 2 2 2 2 2 2 2 2 2 1 2 2 2 2 2 2 2 2 0 2 1 2
geno chr4.1243573 tsi  2 2 2 2 2 2 1 2 1 2 2 2 1 2 1 2 2 1 1 1 1 2 2 2 2 2 2 1 2 2 1 2 2 2 2 1 2 2 2 2 2 1 1 1 2 1 2 2 2 1 2 2 2 2 2 2 2 2 1 2 2 2 2 2 2 2 2 1 2 1 2 1 2 2 2 1 2 2 2 2 2 2 2 2 2 1 2 2 2 2 2 2
geno chr4.1243573 yri  2 1 1 1 1 0 0 2 0 1 0 0 1 1 1 1 1 1 2 1 1 1 1 0 1 0 1 2 1 1 1 1 1 1 1 1 0 2 1 1 2 2 2 1 1 1 0 1 1 0 0 1 2 2 1 0 2 1 1 1 0 2 1 0 1 2 1 1 1 0 0 2 1 1 1 0 1
geno chr4.1243617 ceu  1 2 1 1 2 0 1 2 1 0 1 0 1 1 1 1 1 0 0 1 0 0 2 0 2 1 1 1 0 1 1 1 1 0 1 2 0 1 0 1 1 1 2 1 2 2 1 0 1 1 1 0 1 2 0 1 0 2 2 0 0 2 2 0 1 1 2 1 1 0 2 0 1 1 1 1 0 1
geno chr4.1243617 fin  2 0 1 1 2 1 1 2 1 1 2 2 2 2 0 2 1 0 1 2 2 1 1 0 1 1 0 2 2 2 1 1 1 1 1 1 1 1 1 1 1 1 0 1 1 2 1 2 1 1 0 1 2 1 2 2 2 1 2 1 2 0 0 1 2 2 2 2 2 0 0 0 0 1 1 1 2 2 1 2 1 2 2 2 1 2 1 1 2
geno chr4.1243617 gbr  2 1 0 1 0 0 1 1 0 1 1 1 0 2 2 1 0 1 1 0 1 0 1 2 2 2 2 1 2 1 1 2 2 1 2 1 0 1 2 1 2 2 0 1 1 2 1 1 1 2 1 1 1 2 2 0 2 0 1 2 1 1 2 2 1 1 0 1 0 0 2 1 1 1 2 1 2 2 2 2 0 0 1 1
geno chr4.1243617 tsi  1 1 1 1 1 2 1 1 0 2 1 1 1 1 1 2 0 1 0 0 1 1 2 0 0 0 0 0 2 2 0 2 0 2 1 0 2 1 2 1 0 0 0 0 0 1 0 2 1 0 1 1 1 1 1 1 1 1 1 2 0 0 1 2 2 1 2 0 1 0 1 1 1 1 1 0 1 2 1 1 2 0 1 1 1 1 2 1 1 1 2 2
geno chr4.1243617 yri  1 1 1 1 1 0 0 2 0 1 0 0 0 1 1 1 1 1 2 0 1 1 1 0 1 0 1 2 0 1 0 1 1 1 0 1 0 1 1 1 2 2 1 0 0 1 0 0 1 0 0 1 1 2 1 0 2 1 1 1 0 2 0 0 0 2 1 1 0 0 0 2 1 1 1 0 1
geno chr4.1243775 ceu  0 0 0 0 0 0 0 0 0 0 0 0 0 0 0 0 0 0 0 0 0 0 0 0 0 0 0 0 0 0 0 0 0 0 0 0 0 0 0 0 0 0 0 0 0 0 0 0 0 0 0 0 0 0 0 0 0 0 0 0 0 0 0 0 0 0 0 0 0 0 0 0 0 0 0 0 0 0
geno chr4.1243775 fin  0 0 0 0 0 0 0 1 0 0 0 0 0 0 0 0 0 0 0 0 0 0 0 0 0 0 0 0 0 0 0 0 0 0 0 0 0 0 0 0 0 1 0 0 0 0 0 0 0 0 0 0 0 0 0 0 0 0 0 0 0 0 0 0 0 0 0 1 0 0 0 0 0 0 0 0 0 0 0 0 0 0 0 0 0 0 0 0 0
geno chr4.1243775 gbr  0 0 0 0 0 0 0 0 0 0 0 0 0 0 0 0 0 0 0 0 0 0 0 0 0 0 0 0 0 0 0 0 0 0 0 0 0 0 0 0 0 0 0 0 0 0 0 0 0 0 0 0 0 0 0 0 0 0 0 0 1 0 0 0 0 0 0 0 0 0 0 0 0 0 0 0 0 0 0 0 0 0 0 0
geno chr4.1243775 tsi  0 0 0 1 0 0 0 0 0 0 0 0 0 0 0 0 0 0 0 0 0 0 0 0 0 0 0 0 0 0 0 0 0 0 0 0 0 0 0 0 0 0 0 0 0 0 0 0 0 0 0 0 0 0 0 1 0 0 0 1 0 0 0 0 0 0 0 0 0 0 0 0 0 1 0 0 0 0 0 0 0 0 0 0 0 0 0 0 0 0 0 0
geno chr4.1243775 yri  1 0 1 1 0 0 0 1 0 0 0 0 0 1 1 1 1 1 1 0 1 1 1 0 1 0 0 2 0 1 0 1 0 0 0 0 0 0 0 1 0 2 1 0 0 1 0 0 0 0 0 1 1 2 0 0 2 0 1 1 0 1 0 0 0 1 0 1 0 0 0 2 0 0 0 0 0
geno chr4.1243877 ceu  1 2 1 1 2 0 1 1 1 0 1 0 1 1 1 1 1 0 0 1 0 0 2 0 1 1 0 1 0 1 0 1 0 0 1 1 0 1 0 1 1 1 2 1 1 2 1 0 1 1 1 0 0 2 0 0 0 2 1 0 0 2 1 0 0 1 1 1 1 0 0 0 0 1 1 1 0 1
geno chr4.1243877 fin  1 0 1 1 2 0 1 2 1 1 2 2 2 0 0 2 0 0 1 1 2 1 0 0 1 1 0 2 1 2 0 1 1 1 1 0 1 1 1 1 1 1 0 1 1 2 1 1 0 1 0 1 1 1 2 2 2 1 2 1 2 0 0 1 1 1 2 2 2 0 0 0 0 1 1 1 1 2 1 1 1 1 2 0 0 2 1 1 2
geno chr4.1243877 gbr  2 1 0 1 0 0 1 1 0 1 1 1 0 2 2 1 0 1 1 0 1 0 1 1 2 2 2 1 2 1 0 2 2 1 2 1 0 1 2 1 1 1 0 1 1 2 1 1 1 2 1 1 0 2 2 0 2 0 1 0 1 1 2 2 1 0 0 1 0 0 2 0 1 0 1 1 2 2 2 1 0 0 1 1
geno chr4.1243877 tsi  1 1 1 1 1 2 1 1 0 2 1 1 1 0 1 2 0 1 0 0 1 0 2 0 0 0 0 0 2 0 0 2 0 1 1 0 2 1 1 1 0 0 0 0 0 1 0 2 1 0 1 1 1 1 1 1 1 1 1 2 0 0 1 1 2 0 2 0 1 0 1 1 1 1 1 0 0 2 1 1 0 0 1 0 1 1 1 0 0 1 0 1
geno chr4.1243877 yri  1 0 1 1 0 0 0 1 0 1 0 0 0 1 1 0 1 1 1 0 1 1 1 0 1 0 0 2 0 1 1 1 0 0 0 0 0 1 0 1 1 2 1 0 0 1 0 0 1 0 0 1 1 2 0 0 2 1 1 1 0 1 0 0 0 1 0 1 0 0 0 2 1 1 0 0 0
geno chr4.1244037 ceu  1 2 1 1 2 0 1 2 1 0 1 0 1 1 1 1 1 0 0 1 0 0 2 0 1 1 1 1 0 1 1 1 1 0 1 1 0 1 0 1 1 1 2 1 2 2 1 0 1 1 1 0 1 2 0 1 0 2 2 0 0 2 1 0 1 1 1 1 1 0 1 0 0 1 1 1 0 1
geno chr4.1244037 fin  1 0 1 1 2 0 1 2 1 1 2 2 2 1 0 2 0 0 1 1 2 1 1 0 1 1 0 2 1 2 0 1 1 1 1 0 1 1 1 1 1 1 0 1 1 2 1 1 0 1 0 1 2 1 2 2 2 1 2 1 2 0 0 1 1 1 2 2 2 0 0 0 0 1 1 1 1 2 1 2 1 1 2 1 1 2 1 1 2
geno chr4.1244037 gbr  2 1 0 1 0 0 1 1 0 1 1 1 0 2 2 1 0 1 1 0 1 0 1 2 2 2 2 1 2 1 0 2 2 1 2 1 0 1 2 1 2 1 0 1 1 2 1 1 1 2 1 1 0 2 2 0 2 0 1 1 1 1 2 2 1 1 0 1 0 0 2 0 1 0 2 1 2 2 2 2 0 0 1 1
geno chr4.1244037 tsi  1 1 1 1 1 2 1 1 0 2 1 1 1 0 1 2 0 1 0 0 1 1 2 0 0 0 0 0 2 1 0 2 0 2 1 0 2 1 1 1 0 0 0 0 0 1 0 2 1 0 1 1 1 1 1 1 1 1 1 2 0 0 1 2 2 0 2 0 1 0 1 1 1 1 1 0 0 2 1 1 1 0 1 1 1 1 2 1 0 1 1 1
geno chr4.1244037 yri  1 0 1 1 0 0 0 1 0 0 0 0 0 1 1 0 1 1 1 0 1 1 1 0 1 0 0 2 0 1 1 1 0 0 0 0 0 1 0 1 1 2 1 0 0 1 0 0 0 0 0 1 1 2 0 0 2 1 1 1 0 1 0 0 0 1 0 1 0 0 0 2 0 1 0 0 0
geno chr4.1244218 ceu  0 0 0 0 0 0 0 0 0 0 0 0 0 0 0 0 0 0 0 0 0 0 0 0 1 0 0 0 0 0 0 0 0 0 0 1 0 0 0 0 0 0 0 0 0 0 0 0 0 0 0 0 0 0 0 0 0 0 0 0 0 0 1 0 0 0 1 0 0 0 1 0 1 0 0 0 0 0
geno chr4.1244218 fin  1 0 0 0 0 1 0 0 0 0 0 0 0 1 0 0 1 0 0 1 0 0 0 0 0 0 0 0 1 0 1 0 0 0 0 1 0 0 0 0 0 0 0 0 0 0 0 1 1 0 0 0 0 0 0 0 0 0 0 0 0 0 0 0 1 1 0 0 0 0 0 0 0 0 0 0 1 0 0 0 0 1 0 1 0 0 0 0 0
geno chr4.1244218 gbr  0 0 0 0 0 0 0 0 0 0 0 0 0 0 0 0 0 0 0 0 0 0 0 0 0 0 0 0 0 0 1 0 0 0 0 0 0 0 0 0 0 1 0 0 0 0 0 0 0 0 0 0 1 0 0 0 0 0 0 1 0 0 0 0 0 0 0 0 0 0 0 1 0 1 0 0 0 0 0 0 0 0 0 0
geno chr4.1244218 tsi  0 0 0 0 0 0 0 0 0 0 0 0 0 1 0 0 0 0 0 0 0 0 0 0 0 0 0 0 0 1 0 0 0 0 0 0 0 0 1 0 0 0 0 0 0 0 0 0 0 0 0 0 0 0 0 0 0 0 0 0 0 0 0 0 0 1 0 0 0 0 0 0 0 0 0 0 1 0 0 0 1 0 0 0 0 0 0 0 1 0 1 1
geno chr4.1244218 yri  0 1 0 0 1 0 0 1 0 1 0 0 0 0 0 1 0 0 1 0 0 0 0 0 0 0 1 0 0 0 0 0 1 1 0 1 0 1 1 0 1 0 0 0 0 0 0 0 1 0 0 0 0 0 0 0 0 0 0 0 0 1 0 0 0 1 1 0 0 0 0 0 1 0 1 0 0
geno chr4.1244267 ceu  1 2 1 1 2 0 1 2 1 0 1 0 1 1 1 1 1 0 0 1 0 0 2 0 1 1 1 1 0 1 1 1 1 0 1 1 0 1 0 1 1 1 2 1 2 2 1 0 1 1 1 0 1 2 0 1 0 2 2 0 0 2 1 0 1 1 1 1 1 0 1 0 0 1 1 1 0 1
geno chr4.1244267 fin  1 0 1 1 2 0 1 1 1 1 2 2 2 1 0 2 0 0 1 1 2 1 1 0 1 1 0 2 1 2 0 1 1 1 1 0 1 1 1 1 1 0 0 1 1 2 1 1 0 1 0 1 2 1 2 2 2 1 2 1 2 0 0 1 1 1 2 1 2 0 0 0 0 1 1 1 1 2 1 2 1 1 2 1 1 2 1 1 2
geno chr4.1244267 gbr  2 1 0 1 0 0 1 1 0 1 1 1 0 2 2 1 0 1 1 0 1 0 1 2 2 2 2 1 2 1 0 2 2 1 2 1 0 1 2 1 2 1 0 1 1 2 1 1 1 2 1 1 0 2 2 0 2 0 1 1 0 1 2 2 1 1 0 1 0 0 2 0 1 0 2 1 2 2 2 2 0 0 1 1
geno chr4.1244267 tsi  1 1 1 0 1 2 1 1 0 2 1 1 1 0 1 2 0 1 0 0 1 1 2 0 0 0 0 0 2 1 0 2 0 2 1 0 2 1 1 1 0 0 0 0 0 1 0 2 1 0 1 1 1 1 1 0 1 1 1 1 0 0 1 2 2 0 2 0 1 0 1 1 1 0 1 0 0 2 1 1 1 0 1 1 1 1 2 1 0 1 1 1
geno chr4.1244267 yri  0 0 0 0 0 0 0 0 0 0 0 0 0 0 0 0 0 0 0 0 0 0 0 0 0 0 0 0 0 0 1 0 0 0 0 0 0 1 0 0 1 0 0 0 0 0 0 0 0 0 0 0 0 0 0 0 0 1 0 0 0 0 0 0 0 0 0 0 0 0 0 0 0 1 0 0 0
geno chr4.1244416 ceu  1 2 2 2 2 2 2 2 2 2 1 2 1 1 2 2 2 2 0 2 2 2 2 1 2 2 2 1 2 2 2 2 2 1 2 2 2 2 2 2 2 2 2 2 2 2 2 2 2 2 2 2 2 2 2 2 2 2 2 2 1 2 2 2 2 1 2 2 2 2 2 2 2 2 2 2 2 2
geno chr4.1244416 fin  2 2 1 2 2 2 2 2 2 2 2 2 2 2 2 2 2 1 2 2 2 1 2 1 2 1 0 2 2 2 2 1 2 2 2 2 2 1 2 2 1 2 2 2 1 2 2 2 2 1 2 1 2 1 2 2 2 2 2 2 2 2 0 2 2 2 2 2 2 1 1 2 2 1 2 2 2 2 2 2 2 2 2 2 1 2 2 2 2
geno chr4.1244416 gbr  2 2 2 1 1 1 1 1 2 2 2 1 1 2 2 1 2 1 2 1 2 2 2 2 2 2 2 2 2 2 2 2 2 2 2 2 2 2 2 2 2 2 1 2 2 2 2 2 2 2 2 1 2 2 2 1 2 2 2 2 2 1 2 2 2 2 2 2 2 2 2 1 2 2 2 2 2 2 2 2 0 2 1 2
geno chr4.1244416 tsi  2 2 2 2 2 2 1 2 1 2 2 2 1 2 1 2 2 1 1 1 1 2 2 2 2 2 2 1 2 2 1 2 2 2 2 1 2 2 2 2 2 1 1 1 2 1 2 2 2 1 2 2 2 2 2 2 2 2 1 2 2 2 2 2 2 2 2 1 2 1 2 1 2 2 2 1 2 2 2 2 2 2 2 2 2 1 2 2 2 2 2 2
geno chr4.1244416 yri  2 1 1 1 1 0 0 2 0 1 0 0 1 1 1 1 1 1 2 1 1 1 1 0 1 0 1 2 1 1 1 1 1 1 1 1 0 2 1 1 2 2 2 1 1 1 0 1 1 0 0 1 2 2 1 0 2 1 1 1 0 2 1 0 1 2 1 1 1 0 0 2 1 1 1 0 1
geno chr4.1244879 ceu  1 2 1 1 2 0 1 2 1 0 1 0 1 1 1 1 1 0 0 1 0 0 2 0 1 1 1 1 0 1 1 1 1 0 1 1 0 1 0 1 1 1 2 1 2 2 1 0 1 1 1 0 1 2 0 1 0 2 2 0 0 2 1 0 1 1 1 1 1 0 1 0 0 1 1 1 0 1
geno chr4.1244879 fin  1 0 1 1 2 0 1 2 1 1 2 2 2 1 0 2 0 0 1 1 2 1 1 0 1 1 0 2 1 2 0 1 1 1 1 0 1 1 1 1 1 1 0 1 1 2 1 1 0 1 0 1 2 1 2 2 2 1 2 1 2 0 0 1 1 1 2 2 2 0 0 0 0 1 1 1 1 2 1 2 1 1 2 1 1 2 1 1 2
geno chr4.1244879 gbr  2 1 0 1 0 0 1 1 0 1 1 1 0 2 2 1 0 1 1 0 1 0 1 2 2 2 2 1 2 1 0 2 2 1 2 1 0 1 2 1 2 1 0 1 1 2 1 1 1 2 1 1 0 2 2 0 2 0 1 1 1 1 2 2 1 1 0 1 0 0 2 0 1 0 2 1 2 2 2 2 0 0 1 1
geno chr4.1244879 tsi  1 1 1 1 1 2 1 1 0 2 1 1 1 0 1 2 0 1 0 0 1 1 2 0 0 0 0 0 2 1 0 2 0 2 1 0 2 1 1 1 0 0 0 0 0 1 0 2 1 0 1 1 1 1 1 1 1 1 1 2 0 0 1 2 2 0 2 0 1 0 1 1 1 1 1 0 0 2 1 1 1 0 1 1 1 1 2 1 0 1 1 1
geno chr4.1244879 yri  1 0 1 1 0 0 0 1 0 0 0 0 0 1 1 0 1 1 1 0 1 1 1 0 1 0 0 2 0 1 1 1 0 0 0 0 0 1 0 1 1 2 1 0 0 1 0 0 0 0 0 1 1 2 0 0 2 1 1 1 0 1 0 0 0 1 0 1 0 0 0 2 0 1 0 0 0
geno chr4.1245277 ceu  1 2 1 1 2 0 1 2 1 0 1 0 1 1 1 1 1 0 0 1 0 0 2 0 1 1 1 1 0 1 1 1 1 0 1 1 0 1 0 1 1 1 2 1 2 2 1 0 1 1 1 0 1 2 0 1 0 2 2 0 0 2 1 0 1 1 1 1 1 0 1 0 0 1 1 1 0 1
geno chr4.1245277 fin  1 0 1 1 2 0 1 2 1 1 2 2 2 1 0 2 0 0 1 1 2 1 1 0 1 1 0 2 1 2 0 1 1 1 1 0 1 1 1 1 1 1 0 1 1 2 1 1 0 1 0 1 2 1 2 2 2 1 2 1 2 0 0 1 1 1 2 2 2 0 0 0 0 1 1 1 1 2 1 2 1 1 2 1 1 2 1 1 2
geno chr4.1245277 gbr  2 1 0 1 0 0 1 1 0 1 1 1 0 2 2 1 0 1 1 0 1 0 1 2 2 2 2 1 2 1 0 2 2 1 2 1 0 1 2 1 2 1 0 1 1 2 1 1 1 2 1 1 0 2 2 0 2 0 1 1 1 1 2 2 1 1 0 1 0 0 2 0 1 0 2 1 2 2 2 2 0 0 1 1
geno chr4.1245277 tsi  1 1 1 1 1 2 1 1 0 2 1 1 0 0 1 2 0 1 0 0 1 1 2 0 0 0 0 0 2 1 0 2 0 2 1 0 2 1 1 1 0 0 0 0 0 1 0 2 1 0 1 1 1 1 1 1 1 1 1 2 0 0 1 2 2 0 2 0 1 0 1 1 1 1 1 0 0 2 1 1 1 0 1 1 1 1 2 1 0 1 1 1
geno chr4.1245277 yri  1 0 1 1 0 0 0 1 0 0 0 0 0 1 1 0 1 1 1 0 1 1 1 0 1 0 0 2 0 1 1 1 0 0 0 0 0 1 0 1 1 2 1 0 0 1 0 0 0 0 0 1 1 2 0 0 2 1 1 1 0 1 0 0 0 1 0 1 0 0 0 2 0 1 0 0 0
geno chr4.1245500 ceu  0 0 1 1 0 2 1 0 1 2 0 2 0 0 1 1 1 2 0 1 2 2 0 1 0 1 1 0 2 1 1 1 1 1 1 0 2 1 2 1 1 1 0 1 0 0 1 2 1 1 1 2 1 0 2 1 2 0 0 2 1 0 0 2 1 0 0 1 1 2 0 2 1 1 1 1 2 1
geno chr4.1245500 fin  0 2 0 1 0 1 1 0 1 1 0 0 0 0 2 0 1 1 1 0 0 0 1 1 1 0 0 0 0 0 1 0 1 1 1 1 1 0 1 1 0 1 2 1 0 0 1 0 1 0 2 0 0 0 0 0 0 1 0 1 0 2 0 1 0 0 0 0 0 1 1 2 2 0 1 1 0 0 1 0 1 0 0 0 0 0 1 1 0
geno chr4.1245500 gbr  0 1 2 0 1 1 0 0 2 1 1 0 1 0 0 0 2 0 1 1 1 2 1 0 0 0 0 1 0 1 1 0 0 1 0 1 2 1 0 1 0 0 1 1 1 0 1 1 1 0 1 0 1 0 0 1 0 2 1 0 1 0 0 0 1 1 2 1 2 2 0 0 1 1 0 1 0 0 0 0 0 2 0 1
geno chr4.1245500 tsi  1 1 1 1 1 0 0 1 1 0 1 1 0 1 0 0 2 0 1 1 0 1 0 2 2 2 2 1 0 0 1 0 2 0 1 1 0 1 0 1 2 1 1 1 2 0 2 0 1 1 1 1 1 1 1 1 1 1 0 0 2 2 1 0 0 1 0 1 1 1 1 0 1 1 1 1 1 0 1 1 0 2 1 1 1 0 0 1 1 1 0 0
geno chr4.1245500 yri  0 0 0 0 0 0 0 0 0 0 0 0 0 0 0 0 0 0 0 0 0 0 0 0 0 0 0 0 0 0 0 0 0 0 0 0 0 0 0 0 0 0 0 0 0 0 0 0 0 0 0 0 1 0 0 0 0 0 0 0 0 0 0 0 0 0 0 0 0 0 0 0 0 0 0 0 0
geno chr4.1245990 ceu  1 2 1 1 2 0 1 2 1 0 1 0 1 1 1 1 1 0 0 1 0 0 2 0 1 1 1 1 0 1 1 1 1 0 1 1 0 1 0 1 1 1 2 1 2 2 1 0 1 1 1 0 1 2 0 1 0 2 2 0 0 2 1 0 1 1 1 1 1 0 1 0 0 1 1 1 0 1
geno chr4.1245990 fin  1 0 1 1 2 0 1 1 1 1 2 2 2 1 0 2 0 0 1 1 2 1 1 0 1 1 0 2 1 2 0 1 1 1 1 0 1 1 1 1 1 0 0 1 1 2 1 1 0 1 0 1 2 1 2 2 2 1 2 1 2 0 0 1 1 1 2 1 2 0 0 0 0 1 1 1 1 2 1 2 1 1 2 1 1 2 1 1 2
geno chr4.1245990 gbr  2 1 0 1 0 0 1 1 0 1 1 1 0 2 2 1 0 1 1 0 1 0 1 2 2 2 2 1 2 1 0 2 2 1 2 1 0 1 2 1 2 1 0 1 1 2 1 1 1 2 1 1 0 2 2 0 2 0 1 1 0 1 2 2 1 1 0 1 0 0 2 0 1 0 2 1 2 2 2 2 0 0 1 1
geno chr4.1245990 tsi  1 1 1 0 1 2 1 1 0 2 1 1 0 0 1 2 0 1 0 0 1 1 2 0 0 0 0 0 2 1 0 2 0 2 1 0 2 1 1 1 0 0 0 0 0 1 0 2 1 0 1 1 1 1 1 0 1 1 1 1 0 0 1 2 2 0 2 0 1 0 1 1 1 0 1 0 0 2 1 1 1 0 1 1 1 1 2 1 0 1 1 1
geno chr4.1245990 yri  0 0 0 0 0 0 0 0 0 0 0 0 0 0 0 0 0 0 0 0 0 0 0 0 0 0 0 0 0 0 1 0 0 0 0 0 0 1 0 0 1 0 0 0 0 0 0 0 0 0 0 0 0 0 0 0 0 1 0 0 0 0 0 0 0 0 0 0 0 0 0 0 0 1 0 0 0
geno chr4.1246038 ceu  0 0 0 0 0 0 0 0 0 0 0 0 0 0 0 0 0 0 0 0 0 0 0 0 1 0 0 0 0 0 0 0 0 0 0 1 0 0 0 0 0 0 0 0 0 0 0 0 0 0 0 0 0 0 0 0 0 0 0 0 0 0 1 0 0 0 1 0 0 0 1 0 1 0 0 0 0 0
geno chr4.1246038 fin  1 0 0 0 0 1 0 0 0 0 0 0 0 1 0 0 1 0 0 1 0 0 0 0 0 0 0 0 1 0 1 0 0 0 0 1 0 0 0 0 0 0 0 0 0 0 0 1 1 0 0 0 0 0 0 0 0 0 0 0 0 0 0 0 1 1 0 0 0 0 0 0 0 0 0 0 1 0 0 0 0 1 0 1 0 0 0 0 0
geno chr4.1246038 gbr  0 0 0 0 0 0 0 0 0 0 0 0 0 0 0 0 0 0 0 0 0 0 0 0 0 0 0 0 0 0 1 0 0 0 0 0 0 0 0 0 0 1 0 0 0 0 0 0 0 0 0 0 1 0 0 0 0 0 0 1 0 0 0 0 0 0 0 0 0 0 0 1 0 1 0 0 0 0 0 0 0 0 0 0
geno chr4.1246038 tsi  0 0 0 0 0 0 0 0 0 0 0 0 1 1 0 0 0 0 0 0 0 0 0 0 0 0 0 0 0 1 0 0 0 0 0 0 0 0 1 0 0 0 0 0 0 0 0 0 0 0 0 0 0 0 0 0 0 0 0 0 0 0 0 0 0 1 0 0 0 0 0 0 0 0 0 0 1 0 0 0 1 0 0 0 0 0 0 0 1 0 1 1
geno chr4.1246038 yri  0 1 0 0 1 0 0 1 0 1 0 0 0 0 0 1 0 0 1 0 0 0 0 0 0 0 1 0 0 0 0 0 1 1 0 1 0 1 1 0 1 0 0 0 0 0 0 0 1 0 0 0 0 0 0 0 0 0 0 0 0 1 0 0 0 1 1 0 0 0 0 0 1 0 1 0 0
geno chr4.1247565 ceu  0 0 0 0 0 0 0 0 0 0 0 0 0 0 0 0 0 0 0 0 0 0 0 0 0 0 0 0 0 0 0 0 0 0 0 0 0 0 0 0 0 0 0 0 0 0 0 0 0 0 0 0 0 0 0 0 0 0 0 0 0 0 0 0 0 0 0 0 0 0 0 0 0 0 0 0 0 0
geno chr4.1247565 fin  0 0 0 0 0 0 0 1 0 0 0 0 0 0 0 0 0 0 0 0 0 0 0 0 0 0 0 0 0 0 0 0 0 0 0 0 0 0 0 0 0 1 0 0 0 0 0 0 0 0 0 0 0 0 0 0 0 0 0 0 0 0 0 0 0 0 0 1 0 0 0 0 0 0 0 0 0 0 0 0 0 0 0 0 0 0 0 0 0
geno chr4.1247565 gbr  0 0 0 0 0 0 0 0 0 0 0 0 0 0 0 0 0 0 0 0 0 0 0 0 0 0 0 0 0 0 0 0 0 0 0 0 0 0 0 0 0 0 0 0 0 0 0 0 0 0 0 0 0 0 0 0 0 0 0 0 1 0 0 0 0 0 0 0 0 0 0 0 0 0 0 0 0 0 0 0 0 0 0 0
geno chr4.1247565 tsi  0 0 0 1 0 0 0 0 0 0 0 0 0 0 0 0 0 0 0 0 0 0 0 0 0 0 0 0 0 0 0 0 0 0 0 0 0 0 0 0 0 0 0 0 0 0 0 0 0 0 0 0 0 0 0 1 0 0 0 1 0 0 0 0 0 0 0 0 0 0 0 0 0 1 0 0 0 0 0 0 0 0 0 0 0 0 0 0 0 0 0 0
geno chr4.1247565 yri  1 0 1 1 0 0 0 1 0 0 0 0 0 1 1 0 1 1 1 0 1 1 1 0 1 0 0 2 0 1 0 1 0 0 0 0 0 0 0 1 0 2 1 0 0 1 0 0 0 0 0 1 1 2 0 0 2 0 1 1 0 1 0 0 0 1 0 1 0 0 0 2 0 0 0 0 0
geno chr4.1247955 ceu  1 2 1 1 2 0 1 2 1 0 1 0 1 1 1 1 1 0 0 1 0 0 2 0 1 1 1 1 0 1 1 1 1 0 1 1 0 1 0 1 1 1 2 1 2 2 1 0 1 1 1 0 1 2 0 1 0 2 2 0 0 2 1 0 1 1 1 1 1 0 1 0 0 1 1 1 0 1
geno chr4.1247955 fin  1 0 1 1 2 0 1 1 1 1 2 2 2 1 0 2 0 0 1 1 2 1 1 0 1 1 0 2 1 2 0 1 1 1 1 0 1 1 1 1 1 0 0 1 1 2 1 1 0 1 0 1 2 1 2 2 2 1 2 1 2 0 0 1 1 1 2 1 2 0 0 0 0 1 1 1 1 2 1 2 1 1 2 1 1 2 1 1 2
geno chr4.1247955 gbr  2 1 0 1 0 0 1 1 0 1 1 1 0 2 2 1 0 1 1 0 1 0 1 2 2 2 2 1 2 1 0 2 2 1 2 1 0 1 2 1 2 1 0 1 1 2 1 1 1 2 1 1 0 2 2 0 2 0 1 1 0 1 2 2 1 1 0 1 0 0 2 0 1 0 2 1 2 2 2 2 0 0 1 1
geno chr4.1247955 tsi  1 1 1 0 1 2 1 1 0 2 1 1 0 0 1 2 0 1 0 0 1 1 2 0 0 0 0 0 2 1 0 2 0 2 1 0 2 1 1 1 0 0 0 0 0 1 0 2 1 0 1 1 1 1 1 0 1 1 1 1 0 0 1 2 2 0 2 0 1 0 1 1 1 0 1 0 0 2 1 1 1 0 1 1 1 1 2 1 0 1 1 1
geno chr4.1247955 yri  0 0 0 0 0 0 0 0 0 0 0 0 0 0 0 0 0 0 0 0 0 0 0 0 0 0 0 0 0 0 1 0 0 0 0 0 0 1 0 0 1 0 0 0 0 0 0 0 0 0 0 0 0 0 0 0 0 1 0 0 0 0 0 0 0 0 0 0 0 0 0 0 0 1 0 0 0
geno chr4.1248051 ceu  0 0 1 1 0 2 1 0 1 2 0 2 0 0 1 1 1 2 0 1 2 2 0 1 0 1 1 0 2 1 1 1 1 1 1 0 2 1 2 1 1 1 0 1 0 0 1 2 1 1 1 2 1 0 2 1 2 0 0 2 1 0 0 2 1 0 0 1 1 2 0 2 1 1 1 1 2 1
geno chr4.1248051 fin  0 2 0 1 0 1 1 0 1 1 0 0 0 0 2 0 1 1 1 0 0 0 1 1 1 0 0 0 0 0 1 0 1 1 1 1 1 0 1 1 0 1 2 1 0 0 1 0 1 0 2 0 0 0 0 0 0 1 0 1 0 2 0 1 0 0 0 0 0 1 1 2 2 0 1 1 0 0 1 0 1 0 0 0 0 0 1 1 0
geno chr4.1248051 gbr  0 1 2 0 1 1 0 0 2 1 1 0 1 0 0 0 2 0 1 1 1 2 1 0 0 0 0 1 0 1 1 0 0 1 0 1 2 1 0 1 0 0 1 1 1 0 1 1 1 0 1 0 1 0 0 1 0 2 1 0 1 0 0 0 1 1 2 1 2 2 0 0 1 1 0 1 0 0 0 0 0 2 0 1
geno chr4.1248051 tsi  1 1 1 1 1 0 0 1 1 0 1 1 0 1 0 0 2 0 1 1 0 1 0 2 2 2 2 1 0 0 1 0 2 0 1 1 0 1 0 1 2 1 1 1 2 0 2 0 1 1 1 1 1 1 1 1 1 1 0 0 2 2 1 0 0 1 0 1 1 1 1 0 1 1 1 1 1 0 1 1 0 2 1 1 1 0 0 1 1 1 0 0
geno chr4.1248051 yri  1 0 0 0 0 0 0 0 0 0 0 0 1 0 0 0 0 0 0 1 0 0 0 0 0 0 0 0 1 0 0 0 0 0 1 0 0 0 0 0 0 0 0 1 0 0 0 0 0 0 0 0 1 0 0 0 0 0 0 0 0 0 0 0 1 0 0 0 1 0 0 0 0 0 0 0 0
geno chr4.1248357 ceu  1 2 1 1 2 0 1 2 1 0 1 0 1 1 1 1 1 0 0 1 0 0 2 0 2 1 1 1 0 1 1 1 1 0 1 2 0 1 0 1 1 1 2 1 2 2 1 0 1 1 1 0 1 2 0 1 0 2 2 0 0 2 2 0 1 1 2 1 1 0 2 0 1 1 1 1 0 1
geno chr4.1248357 fin  2 0 1 1 2 1 1 2 1 1 2 2 2 2 0 2 1 0 1 2 2 1 1 0 1 1 0 2 2 2 1 1 1 1 1 1 1 1 1 1 1 1 0 1 1 2 1 2 1 1 0 1 2 1 2 2 2 1 2 1 2 0 0 1 2 2 2 2 2 0 0 0 0 1 1 1 2 2 1 2 1 2 2 2 1 2 1 1 2
geno chr4.1248357 gbr  2 1 0 1 0 0 1 1 0 1 1 1 0 2 2 1 0 1 1 0 1 0 1 2 2 2 2 1 2 1 1 2 2 1 2 1 0 1 2 1 2 2 0 1 1 2 1 1 1 2 1 1 1 2 2 0 2 0 1 2 1 1 2 2 1 1 0 1 0 0 2 1 1 1 2 1 2 2 2 2 0 0 1 1
geno chr4.1248357 tsi  1 1 1 1 1 2 1 1 0 2 1 1 1 1 1 2 0 1 0 0 1 1 2 0 0 0 0 0 2 2 0 2 0 2 1 0 2 1 2 1 0 0 0 0 0 1 0 2 1 0 1 1 1 1 1 1 1 1 1 2 0 0 1 2 2 1 2 0 1 0 1 1 1 1 1 0 1 2 1 1 2 0 1 1 1 1 2 1 1 1 2 2
geno chr4.1248357 yri  1 1 1 1 1 0 0 2 0 1 0 0 0 1 1 1 1 1 2 0 1 1 1 0 1 0 1 2 0 1 1 1 1 1 0 1 0 2 1 1 2 2 1 0 0 1 0 0 1 0 0 1 1 2 1 0 2 1 1 1 0 2 0 0 0 2 1 1 0 0 0 2 1 1 1 0 0
geno chr4.1248919 ceu  1 2 1 1 2 0 1 2 1 0 1 0 1 1 1 1 1 0 0 1 0 0 2 0 2 1 1 1 0 1 1 1 1 0 1 2 0 1 0 1 1 1 2 1 2 2 1 0 1 1 1 0 1 2 0 1 0 2 2 0 0 2 2 0 1 1 2 1 1 0 2 0 1 1 1 1 0 1
geno chr4.1248919 fin  2 0 1 1 2 1 1 1 1 1 2 2 2 2 0 2 1 0 1 2 2 1 1 0 1 1 0 2 2 2 1 1 1 1 1 1 1 1 1 1 1 0 0 1 1 2 1 2 1 1 0 1 2 1 2 2 2 1 2 1 2 0 0 1 2 2 2 1 2 0 0 0 0 1 1 1 2 2 1 2 1 2 2 2 1 2 1 1 2
geno chr4.1248919 gbr  2 1 0 1 0 0 1 1 0 1 1 1 0 2 2 1 0 1 1 0 1 0 1 2 2 2 2 1 2 1 1 2 2 1 2 1 0 1 2 1 2 2 0 1 1 2 1 1 1 2 1 1 1 2 2 0 2 0 1 2 0 1 2 2 1 1 0 1 0 0 2 1 1 1 2 1 2 2 2 2 0 0 1 1
geno chr4.1248919 tsi  1 1 1 0 1 2 1 1 0 2 1 1 1 1 1 2 0 1 0 0 1 1 2 0 0 0 0 0 2 2 0 2 0 2 1 0 2 1 2 1 0 0 0 0 0 1 0 2 1 0 1 1 1 1 1 0 1 1 1 1 0 0 1 2 2 1 2 0 1 0 1 1 1 0 1 0 1 2 1 1 2 0 1 1 1 1 2 1 1 1 2 2
geno chr4.1248919 yri  0 1 0 0 1 0 0 1 0 1 0 0 0 0 0 1 0 0 1 0 0 0 0 0 0 0 1 0 0 0 1 0 1 1 0 1 0 2 1 0 2 0 0 0 0 0 0 0 1 0 0 0 0 0 1 0 0 1 0 0 0 1 0 0 0 1 1 0 0 0 0 0 1 2 1 0 0
geno chr4.1249222 ceu  0 0 0 0 0 0 0 0 0 0 0 0 0 0 0 0 0 0 0 0 0 0 0 0 0 0 0 0 0 0 0 0 0 0 0 0 0 0 0 0 0 0 0 0 0 0 0 0 0 0 0 0 0 0 0 0 0 0 0 0 0 0 0 0 0 0 0 0 0 0 0 0 0 0 0 0 0 0
geno chr4.1249222 fin  0 0 0 0 0 0 0 1 0 0 0 0 0 0 0 0 0 0 0 0 0 0 0 0 0 0 0 0 0 0 0 0 0 0 0 0 0 0 0 0 0 1 0 0 0 0 0 0 0 0 0 0 0 0 0 0 0 0 0 0 0 0 0 0 0 0 0 1 0 0 0 0 0 0 0 0 0 0 0 0 0 0 0 0 0 0 0 0 0
geno chr4.1249222 gbr  0 0 0 0 0 0 0 0 0 0 0 0 0 0 0 0 0 0 0 0 0 0 0 0 0 0 0 0 0 0 0 0 0 0 0 0 0 0 0 0 0 0 0 0 0 0 0 0 0 0 0 0 0 0 0 0 0 0 0 0 1 0 0 0 0 0 0 0 0 0 0 0 0 0 0 0 0 0 0 0 0 0 0 0
geno chr4.1249222 tsi  0 0 0 1 0 0 0 0 0 0 0 0 0 0 0 0 0 0 0 0 0 0 0 0 0 0 0 0 0 0 0 0 0 0 0 0 0 0 0 0 0 0 0 0 0 0 0 0 0 0 0 0 0 0 0 1 0 0 0 1 0 0 0 0 0 0 0 0 0 0 0 0 0 1 0 0 0 0 0 0 0 0 0 0 0 0 0 0 0 0 0 0
geno chr4.1249222 yri  1 0 1 1 0 0 0 1 0 0 0 0 0 1 1 0 1 1 1 0 1 1 1 0 1 0 0 2 0 1 0 1 0 0 0 0 0 0 0 1 0 2 1 0 0 1 0 0 0 0 0 1 1 2 0 0 2 0 1 1 0 1 0 0 0 1 0 1 0 0 0 2 0 0 0 0 0
geno chr4.1249233 ceu  0 0 0 0 0 0 0 0 0 0 0 0 0 0 0 0 0 0 0 0 0 0 0 0 0 0 0 0 0 0 0 0 0 0 0 0 0 0 0 0 0 0 0 0 0 0 0 0 0 0 0 0 0 0 0 0 0 0 0 0 0 0 0 0 0 0 0 0 0 0 0 0 0 0 0 0 0 0
geno chr4.1249233 fin  0 0 0 0 0 0 0 1 0 0 0 0 0 0 0 0 0 0 0 0 0 0 0 0 0 0 0 0 0 0 0 0 0 0 0 0 0 0 0 0 0 1 0 0 0 0 0 0 0 0 0 0 0 0 0 0 0 0 0 0 0 0 0 0 0 0 0 1 0 0 0 0 0 0 0 0 0 0 0 0 0 0 0 0 0 0 0 0 0
geno chr4.1249233 gbr  0 0 0 0 0 0 0 0 0 0 0 0 0 0 0 0 0 0 0 0 0 0 0 0 0 0 0 0 0 0 0 0 0 0 0 0 0 0 0 0 0 0 0 0 0 0 0 0 0 0 0 0 0 0 0 0 0 0 0 0 1 0 0 0 0 0 0 0 0 0 0 0 0 0 0 0 0 0 0 0 0 0 0 0
geno chr4.1249233 tsi  0 0 0 1 0 0 0 0 0 0 0 0 0 0 0 0 0 0 0 0 0 0 0 0 0 0 0 0 0 0 0 0 0 0 0 0 0 0 0 0 0 0 0 0 0 0 0 0 0 0 0 0 0 0 0 1 0 0 0 1 0 0 0 0 0 0 0 0 0 0 0 0 0 1 0 0 0 0 0 0 0 0 0 0 0 0 0 0 0 0 0 0
geno chr4.1249233 yri  1 0 1 1 0 0 0 1 0 0 0 0 0 1 1 0 1 1 1 0 1 1 1 0 1 0 0 2 0 1 0 1 0 0 0 0 0 0 0 1 0 2 1 0 0 1 0 0 0 0 0 1 1 2 0 0 2 0 1 1 0 1 0 0 0 1 0 1 0 0 0 2 0 0 0 0 0
geno chr4.1249707 ceu  0 0 0 0 0 0 0 0 0 0 0 0 0 0 0 0 0 0 0 0 0 0 0 0 0 0 0 0 0 0 0 0 0 0 0 0 0 0 0 0 0 0 0 0 0 0 0 0 0 0 0 0 0 0 0 0 0 0 0 0 0 0 0 0 0 0 0 0 0 0 0 0 0 0 0 0 0 0
geno chr4.1249707 fin  0 0 0 0 0 0 0 1 0 0 0 0 0 0 0 0 0 0 0 0 0 0 0 0 0 0 0 0 0 0 0 0 0 0 0 0 0 0 0 0 0 1 0 0 0 0 0 0 0 0 0 0 0 0 0 0 0 0 0 0 0 0 0 0 0 0 0 1 0 0 0 0 0 0 0 0 0 0 0 0 0 0 0 0 0 0 0 0 0
geno chr4.1249707 gbr  0 0 0 0 0 0 0 0 0 0 0 0 0 0 0 0 0 0 0 0 0 0 0 0 0 0 0 0 0 0 0 0 0 0 0 0 0 0 0 0 0 0 0 0 0 0 0 0 0 0 0 0 0 0 0 0 0 0 0 0 1 0 0 0 0 0 0 0 0 0 0 0 0 0 0 0 0 0 0 0 0 0 0 0
geno chr4.1249707 tsi  0 0 0 1 0 0 0 0 0 0 0 0 0 0 0 0 0 0 0 0 0 0 0 0 0 0 0 0 0 0 0 0 0 0 0 0 0 0 0 0 0 0 0 0 0 0 0 0 0 0 0 0 0 0 0 1 0 0 0 1 0 0 0 0 0 0 0 0 0 0 0 0 0 1 0 0 0 0 0 0 0 0 0 0 0 0 0 0 0 0 0 0
geno chr4.1249707 yri  1 0 1 1 0 0 0 1 0 0 0 0 0 1 1 0 1 1 1 0 1 1 1 0 1 0 0 2 0 1 0 1 0 0 0 0 0 0 0 1 0 2 1 0 0 1 0 0 0 0 0 1 1 2 0 0 2 0 1 1 0 1 0 0 0 1 0 1 0 0 0 2 0 0 0 0 0
geno chr4.1250454 ceu  0 0 0 0 0 0 0 0 0 0 0 0 0 0 0 0 0 0 0 0 0 0 0 0 0 0 0 0 0 0 0 0 0 0 0 0 0 0 0 0 0 0 0 0 0 0 0 0 0 0 0 0 0 0 0 0 0 0 0 0 0 0 0 0 0 0 0 0 0 0 0 0 0 0 0 0 0 0
geno chr4.1250454 fin  0 0 0 0 0 0 0 1 0 0 0 0 0 0 0 0 0 0 0 0 0 0 0 0 0 0 0 0 0 0 0 0 0 0 0 0 0 0 0 0 0 1 0 0 0 0 0 0 0 0 0 0 0 0 0 0 0 0 0 0 0 0 0 0 0 0 0 1 0 0 0 0 0 0 0 0 0 0 0 0 0 0 0 0 0 0 0 0 0
geno chr4.1250454 gbr  0 0 0 0 0 0 0 0 0 0 0 0 0 0 0 0 0 0 0 0 0 0 0 0 0 0 0 0 0 0 0 0 0 0 0 0 0 0 0 0 0 0 0 0 0 0 0 0 0 0 0 0 0 0 0 0 0 0 0 0 1 0 0 0 0 0 0 0 0 0 0 0 0 0 0 0 0 0 0 0 0 0 0 0
geno chr4.1250454 tsi  0 0 0 1 0 0 0 0 0 0 0 0 0 0 0 0 0 0 0 0 0 0 0 0 0 0 0 0 0 0 0 0 0 0 0 0 0 0 0 0 0 0 0 0 0 0 0 0 0 0 0 0 0 0 0 1 0 0 0 1 0 0 0 0 0 0 0 0 0 0 0 0 0 1 0 0 0 0 0 0 0 0 0 0 0 0 0 0 0 0 0 0
geno chr4.1250454 yri  1 0 1 1 0 0 0 1 0 0 0 0 0 1 1 0 1 1 1 0 1 1 1 0 1 0 0 2 0 1 0 1 0 0 0 0 0 0 0 1 0 2 1 0 0 1 0 0 0 0 0 1 1 2 0 0 2 0 1 1 0 1 0 0 0 1 0 1 0 0 0 2 0 0 0 0 0
geno chr4.1250908 ceu  1 2 1 1 2 0 1 2 1 0 1 0 1 1 1 1 1 0 0 1 0 0 2 0 1 1 1 1 0 1 1 1 1 0 1 1 0 1 0 1 1 1 2 1 2 2 1 0 1 1 1 0 1 2 0 1 0 2 2 0 0 2 1 0 1 1 1 1 1 0 1 0 0 1 1 1 0 1
geno chr4.1250908 fin  1 0 1 1 2 0 1 1 1 1 2 2 2 1 0 2 0 0 1 1 2 1 1 0 1 1 0 2 1 2 0 1 1 1 1 0 1 1 1 1 1 0 0 1 1 2 1 1 0 1 0 1 2 1 2 2 2 1 2 1 2 0 0 1 1 1 2 1 2 0 0 0 0 1 1 1 1 2 1 2 1 1 2 1 1 2 1 1 2
geno chr4.1250908 gbr  2 1 0 1 0 0 1 1 0 1 1 1 0 2 2 1 0 1 1 0 1 0 1 2 2 2 2 1 2 1 0 2 2 1 2 1 0 1 2 1 2 1 0 1 1 2 1 1 1 2 1 1 0 2 2 0 2 0 1 1 0 1 2 2 1 1 0 1 0 0 2 0 1 0 2 1 2 2 2 2 0 0 1 1
geno chr4.1250908 tsi  1 1 1 0 1 2 1 1 0 2 1 1 0 0 1 2 0 1 0 0 1 1 2 0 0 0 0 0 2 1 0 2 0 2 1 0 2 1 1 1 0 0 0 0 0 1 0 2 1 0 1 1 1 1 1 0 1 1 1 1 0 0 1 2 2 0 2 0 1 0 1 1 1 0 1 0 0 2 1 1 1 0 1 1 1 1 2 1 0 1 1 1
geno chr4.1250908 yri  0 0 0 0 0 0 0 0 0 0 0 0 0 0 0 0 0 0 0 0 0 0 0 0 0 0 0 0 0 0 1 0 0 0 0 0 0 1 0 0 1 0 0 0 0 0 0 0 0 0 0 0 0 0 0 0 0 1 0 0 0 0 0 0 0 0 0 0 0 0 0 0 0 1 0 0 0
geno chr4.1251222 ceu  1 2 1 1 2 0 1 2 1 0 1 0 1 1 1 1 1 0 0 1 0 0 2 0 1 1 1 1 0 1 1 1 1 0 1 1 0 1 0 1 1 1 2 1 2 2 1 0 1 1 1 0 1 2 0 1 0 2 2 0 0 2 1 0 1 1 1 1 1 0 1 0 0 1 1 1 0 1
geno chr4.1251222 fin  1 0 1 1 2 0 1 1 1 1 2 2 2 1 0 2 0 0 1 1 2 1 1 0 1 1 0 2 1 2 0 1 1 1 1 0 1 1 1 1 1 0 0 1 1 2 1 1 0 1 0 1 2 1 2 2 2 1 2 1 2 0 0 1 1 1 2 1 2 0 0 0 0 1 1 1 1 2 1 2 1 1 2 1 1 2 1 1 2
geno chr4.1251222 gbr  2 1 0 1 0 0 1 1 0 1 1 1 0 2 2 1 0 1 1 0 1 0 1 2 2 2 2 1 2 1 0 2 2 1 2 1 0 1 2 1 2 1 0 1 1 2 1 1 1 2 1 1 0 2 2 0 2 0 1 1 0 1 2 2 1 1 0 1 0 0 2 0 1 0 2 1 2 2 2 2 0 0 1 1
geno chr4.1251222 tsi  1 1 1 1 1 2 1 1 0 2 1 1 1 0 1 2 0 1 0 0 1 1 2 0 0 0 0 0 2 1 0 2 0 2 1 0 2 1 1 1 0 0 0 0 0 1 0 2 1 0 1 1 1 1 1 0 1 1 1 1 0 0 1 2 2 0 2 0 1 0 1 1 1 0 1 0 0 2 1 1 1 0 1 1 1 1 2 1 0 1 1 1
geno chr4.1251222 yri  0 0 0 0 0 0 0 0 0 0 0 0 0 0 0 0 0 0 0 0 0 0 0 0 0 0 0 0 0 0 1 0 0 0 0 0 0 1 0 0 1 0 0 0 0 0 0 0 0 0 0 0 0 0 0 0 0 1 0 0 0 0 0 0 0 0 0 0 0 0 0 0 0 1 0 0 0
geno chr4.1251504 ceu  1 2 1 1 2 0 1 2 1 0 1 0 1 1 1 1 1 0 0 1 0 0 2 0 1 1 1 1 0 1 1 1 1 0 1 1 0 1 0 1 1 1 2 1 2 2 1 0 1 1 1 0 1 2 0 1 0 2 2 0 0 2 1 0 1 1 1 1 1 0 1 0 0 1 1 1 0 1
geno chr4.1251504 fin  1 0 1 1 2 0 1 1 1 1 2 2 2 1 0 2 0 0 1 1 2 1 1 0 1 1 0 2 1 2 0 1 1 1 1 0 1 1 1 1 1 0 0 1 1 2 1 1 0 1 0 1 2 1 2 2 2 1 2 1 2 0 0 1 1 1 2 1 2 0 0 0 0 1 1 1 1 2 1 2 1 1 2 1 1 2 1 1 2
geno chr4.1251504 gbr  2 1 0 1 0 0 1 1 0 1 1 1 0 2 2 1 0 1 1 0 1 0 1 2 2 2 2 1 2 1 0 2 2 1 2 1 0 1 2 1 2 1 0 1 1 2 1 1 1 2 1 1 0 2 2 0 2 0 1 1 0 1 2 2 1 1 0 1 0 0 2 0 1 0 2 1 2 2 2 2 0 0 1 1
geno chr4.1251504 tsi  1 1 1 0 1 2 1 1 0 2 1 1 0 0 1 2 0 1 0 0 1 1 2 0 0 0 0 0 2 1 0 2 0 2 1 0 2 1 1 1 0 0 0 0 0 1 0 2 1 0 1 1 1 1 1 0 1 1 1 1 0 0 1 2 2 0 2 0 1 0 1 1 1 0 1 0 0 2 1 1 1 0 1 1 1 1 2 1 0 1 1 1
geno chr4.1251504 yri  0 0 0 0 0 0 0 0 0 0 0 0 0 0 0 0 0 0 0 0 0 0 0 0 0 0 0 0 0 0 1 0 0 0 0 0 0 1 0 0 1 0 0 0 0 0 0 0 0 0 0 0 0 0 0 0 0 1 0 0 0 0 0 0 0 0 0 0 0 0 0 0 0 1 0 0 0
geno chr4.1251987 ceu  0 0 1 1 0 2 0 0 1 2 0 2 0 0 1 1 1 2 0 1 2 2 0 1 0 1 1 0 2 0 0 0 1 1 1 0 1 1 2 1 1 1 0 1 0 0 1 0 1 0 1 2 0 0 2 0 2 0 0 2 0 0 0 2 1 0 0 1 1 2 0 2 1 1 1 0 2 1
geno chr4.1251987 fin  0 2 0 1 0 1 0 0 1 1 0 0 0 0 2 0 1 1 1 0 0 0 1 1 0 0 0 0 0 0 1 0 1 0 0 1 1 0 1 1 0 1 2 1 0 0 1 0 0 0 2 0 0 0 0 0 0 1 0 1 0 2 0 1 0 0 0 0 0 1 1 1 1 0 1 1 0 0 1 0 1 0 0 0 0 0 1 1 0
geno chr4.1251987 gbr  0 1 1 0 1 1 0 0 2 1 1 0 1 0 0 0 2 0 1 1 1 1 1 0 0 0 0 1 0 1 1 0 0 0 0 1 2 1 0 1 0 0 1 1 1 0 1 0 1 0 1 0 1 0 0 1 0 2 0 0 1 0 0 0 1 0 2 1 1 2 0 0 0 0 0 1 0 0 0 0 0 1 0 1
geno chr4.1251987 tsi  1 1 1 1 1 0 0 1 1 0 0 1 0 1 0 0 1 0 0 1 0 0 0 1 2 2 1 0 0 0 0 0 2 0 1 1 0 1 0 1 2 1 1 1 2 0 2 0 1 1 0 0 1 0 1 1 1 1 0 0 1 1 1 0 0 1 0 1 1 0 1 0 1 1 1 1 1 0 1 1 0 1 0 1 1 0 0 1 1 1 0 0
geno chr4.1251987 yri  0 0 0 0 0 0 0 0 0 0 0 0 0 0 0 0 0 0 0 0 0 0 0 0 0 0 0 0 0 0 0 0 0 0 0 0 0 0 0 0 0 0 0 0 0 0 0 0 0 0 0 0 0 0 0 0 0 0 0 0 0 0 0 0 0 0 0 0 0 0 0 0 0 0 0 0 0
geno chr4.1252008 ceu  0 0 0 0 0 0 0 0 0 0 0 0 0 0 0 0 0 0 0 0 0 0 0 0 0 0 0 0 0 0 0 0 0 0 0 0 0 0 0 0 0 0 0 0 0 0 0 0 0 0 0 0 0 0 0 0 0 0 0 0 0 0 0 0 0 0 0 0 0 0 0 0 0 0 0 0 0 0
geno chr4.1252008 fin  0 0 0 0 0 0 0 1 0 0 0 0 0 0 0 0 0 0 0 0 0 0 0 0 0 0 0 0 0 0 0 0 0 0 0 0 0 0 0 0 0 1 0 0 0 0 0 0 0 0 0 0 0 0 0 0 0 0 0 0 0 0 0 0 0 0 0 1 0 0 0 0 0 0 0 0 0 0 0 0 0 0 0 0 0 0 0 0 0
geno chr4.1252008 gbr  0 0 0 0 0 0 0 0 0 0 0 0 0 0 0 0 0 0 0 0 0 0 0 0 0 0 0 0 0 0 0 0 0 0 0 0 0 0 0 0 0 0 0 0 0 0 0 0 0 0 0 0 0 0 0 0 0 0 0 0 1 0 0 0 0 0 0 0 0 0 0 0 0 0 0 0 0 0 0 0 0 0 0 0
geno chr4.1252008 tsi  0 0 0 1 0 0 0 0 0 0 0 0 0 0 0 0 0 0 0 0 0 0 0 0 0 0 0 0 0 0 0 0 0 0 0 0 0 0 0 0 0 0 0 0 0 0 0 0 0 0 0 0 0 0 0 1 0 0 0 1 0 0 0 0 0 0 0 0 0 0 0 0 0 1 0 0 0 0 0 0 0 0 0 0 0 0 0 0 0 0 0 0
geno chr4.1252008 yri  1 0 1 1 0 0 0 1 0 0 0 0 0 1 1 0 1 1 1 0 1 1 1 0 1 0 0 2 0 1 0 1 0 0 0 0 0 0 0 1 0 2 1 0 0 1 0 0 0 0 0 1 1 2 0 0 2 0 1 1 0 1 0 0 0 1 0 1 0 0 0 2 0 0 0 0 0
geno chr4.1252028 ceu  1 2 1 1 2 0 1 2 1 0 1 0 1 1 1 1 1 0 0 1 0 0 2 0 2 1 1 1 0 1 1 1 1 0 1 2 0 1 0 1 1 1 2 1 2 2 1 0 1 1 1 0 1 2 0 1 0 2 2 0 0 2 2 0 1 1 2 1 1 0 2 0 1 1 1 1 0 1
geno chr4.1252028 fin  2 0 1 1 2 1 1 2 1 1 2 2 2 2 0 2 1 0 1 2 2 1 1 0 1 1 0 2 2 2 1 1 1 1 1 1 1 1 1 1 1 1 0 1 1 2 1 2 1 1 0 1 2 1 2 2 2 1 2 1 2 0 0 1 2 2 2 2 2 0 0 0 0 1 1 1 2 2 1 2 1 2 2 2 1 2 1 1 2
geno chr4.1252028 gbr  2 1 0 1 0 0 1 1 0 1 1 1 0 2 2 1 0 1 1 0 1 0 1 2 2 2 2 1 2 1 1 2 2 1 2 1 0 1 2 1 2 2 0 1 1 2 1 1 1 2 1 1 1 2 2 0 2 0 1 2 1 1 2 2 1 1 0 1 0 0 2 1 1 1 2 1 2 2 2 2 0 0 1 1
geno chr4.1252028 tsi  1 1 1 1 1 2 1 1 0 2 1 1 1 1 1 2 0 1 0 0 1 1 2 0 0 0 0 0 2 2 0 2 0 2 1 0 2 1 2 1 0 0 0 0 0 1 0 2 1 0 1 1 1 1 1 1 1 1 1 2 0 0 1 2 2 1 2 0 1 0 1 1 1 1 1 0 1 2 1 1 2 0 1 1 1 1 2 1 1 1 2 2
geno chr4.1252028 yri  1 1 1 1 1 0 0 2 0 1 0 0 0 1 1 1 1 1 2 0 1 1 1 0 1 0 1 2 0 1 1 1 1 1 0 1 0 2 1 1 2 2 1 0 0 1 0 0 1 0 0 1 1 2 1 0 2 1 1 1 0 2 0 0 0 2 1 1 0 0 0 2 1 1 1 0 0
geno chr4.1252883 ceu  0 0 0 0 0 0 0 0 0 0 0 0 0 0 0 0 0 0 0 0 0 0 0 0 0 0 0 0 0 0 0 0 0 0 0 0 0 0 0 0 0 0 0 0 0 0 0 0 0 0 0 0 0 0 0 0 0 0 0 0 0 0 0 0 0 0 0 0 0 0 0 0 0 0 0 0 0 0
geno chr4.1252883 fin  0 0 0 0 0 0 0 1 0 0 0 0 0 0 0 0 0 0 0 0 0 0 0 0 0 0 0 0 0 0 0 0 0 0 0 0 0 0 0 0 0 1 0 0 0 0 0 0 0 0 0 0 0 0 0 0 0 0 0 0 0 0 0 0 0 0 0 1 0 0 0 0 0 0 0 0 0 0 0 0 0 0 0 0 0 0 0 0 0
geno chr4.1252883 gbr  0 0 0 0 0 0 0 0 0 0 0 0 0 0 0 0 0 0 0 0 0 0 0 0 0 0 0 0 0 0 0 0 0 0 0 0 0 0 0 0 0 0 0 0 0 0 0 0 0 0 0 0 0 0 0 0 0 0 0 0 1 0 0 0 0 0 0 0 0 0 0 0 0 0 0 0 0 0 0 0 0 0 0 0
geno chr4.1252883 tsi  0 0 0 1 0 0 0 0 0 0 0 0 0 0 0 0 0 0 0 0 0 0 0 0 0 0 0 0 0 0 0 0 0 0 0 0 0 0 0 0 0 0 0 0 0 0 0 0 0 0 0 0 0 0 0 1 0 0 0 1 0 0 0 0 0 0 0 0 0 0 0 0 0 1 0 0 0 0 0 0 0 0 0 0 0 0 0 0 0 0 0 0
geno chr4.1252883 yri  1 0 1 1 0 0 0 1 0 0 0 0 0 1 1 0 1 1 1 0 1 1 1 0 1 0 0 2 0 1 0 1 0 0 0 0 0 0 0 1 0 2 1 0 0 1 0 0 0 0 0 1 1 2 1 0 2 0 1 1 0 1 0 0 0 1 0 1 0 0 0 2 0 0 0 0 0
geno chr4.1253013 ceu  0 0 1 0 0 0 0 0 0 0 0 0 0 0 0 0 0 0 0 0 0 0 0 0 0 0 0 0 0 0 0 0 0 0 0 0 0 0 0 0 0 0 0 0 0 0 0 0 0 0 0 0 0 0 0 0 0 0 0 0 0 0 0 0 0 0 0 0 0 0 0 0 0 0 0 0 0 0
geno chr4.1253013 fin  0 0 0 0 0 0 0 1 0 0 0 0 0 0 0 0 0 0 0 0 0 0 0 0 0 0 0 0 0 0 0 0 0 0 0 0 0 0 0 0 0 1 0 0 0 0 0 0 0 0 0 0 0 0 0 0 0 0 0 0 0 0 0 0 0 0 0 1 0 0 0 0 0 0 0 0 0 0 0 0 0 0 0 0 0 0 0 0 0
geno chr4.1253013 gbr  0 0 0 0 0 0 0 0 0 0 0 0 0 0 0 0 0 0 0 0 0 0 0 0 0 0 0 0 0 0 0 0 0 0 0 0 0 0 0 0 0 0 0 0 0 0 0 0 0 0 0 0 0 0 0 0 0 0 0 0 1 0 0 0 0 0 0 0 0 0 0 0 0 0 0 0 0 0 0 0 0 0 0 0
geno chr4.1253013 tsi  0 0 0 1 0 0 0 0 0 0 0 0 0 0 0 0 0 0 0 0 0 0 0 0 0 0 0 0 0 0 0 0 0 0 0 0 0 0 0 0 0 0 0 0 0 0 0 0 0 0 0 0 0 0 0 1 0 0 0 1 0 0 0 0 0 0 0 0 0 0 0 0 0 1 0 0 0 0 0 0 0 0 0 0 0 0 0 0 0 0 0 0
geno chr4.1253013 yri  1 0 1 1 0 0 0 1 0 0 0 0 0 1 1 0 1 1 1 0 1 1 1 0 1 0 0 2 0 1 0 1 0 0 0 0 0 0 0 1 0 2 1 0 0 1 0 0 0 0 0 1 1 2 0 0 2 0 1 1 0 1 0 0 0 1 0 1 0 0 0 2 0 0 0 0 0
geno chr4.1253204 ceu  0 0 0 0 0 0 0 0 0 0 0 0 0 0 0 0 0 0 0 0 0 0 0 0 0 0 0 0 0 0 0 0 0 0 0 0 0 0 0 0 0 0 0 0 0 0 0 0 0 0 0 0 0 0 0 0 0 0 0 0 0 0 0 0 0 0 0 0 0 0 0 0 0 0 0 0 0 0
geno chr4.1253204 fin  0 0 0 0 0 0 0 1 0 0 0 0 0 0 0 0 0 0 0 0 0 0 0 0 0 0 0 0 0 0 0 0 0 0 0 0 0 0 0 0 0 1 0 0 0 0 0 0 0 0 0 0 0 0 0 0 0 0 0 0 0 0 0 0 0 0 0 1 0 0 0 0 0 0 0 0 0 0 0 0 0 0 0 0 0 0 0 0 0
geno chr4.1253204 gbr  0 0 0 0 0 0 0 0 0 0 0 0 0 0 0 0 0 0 0 0 0 0 0 0 0 0 0 0 0 0 0 0 0 0 0 0 0 0 0 0 0 0 0 0 0 0 0 0 0 0 0 0 0 0 0 0 0 0 0 0 1 0 0 0 0 0 0 0 0 0 0 0 0 0 0 0 0 0 0 0 0 0 0 0
geno chr4.1253204 tsi  0 0 0 1 0 0 0 0 0 0 0 0 0 0 0 0 0 0 0 0 0 0 0 0 0 0 0 0 0 0 0 0 0 0 0 0 0 0 0 0 0 0 0 0 0 0 0 0 0 0 0 0 0 0 0 1 0 0 0 1 0 0 0 0 0 0 0 0 0 0 0 0 0 1 0 0 0 0 0 0 0 0 0 0 0 0 0 0 0 0 0 0
geno chr4.1253204 yri  1 0 1 1 0 0 0 1 0 0 0 0 0 1 1 0 1 1 1 0 1 1 1 0 1 0 0 2 0 1 0 1 0 0 0 0 0 0 0 1 0 2 1 0 0 1 0 0 0 0 0 1 1 2 0 0 2 0 1 1 0 1 0 0 0 1 0 1 0 0 0 2 0 0 0 0 0
geno chr4.1254414 ceu  1 2 1 1 2 0 1 2 1 0 1 0 1 1 1 1 1 0 0 1 0 0 2 0 1 1 1 1 0 1 1 1 1 0 1 1 0 1 0 1 1 1 2 1 2 2 1 0 1 1 1 0 1 2 0 1 0 2 2 0 0 2 1 0 1 1 1 1 1 0 1 0 0 1 1 1 0 1
geno chr4.1254414 fin  1 0 1 1 2 0 1 1 1 1 2 2 2 1 0 2 0 0 1 1 2 1 1 0 1 1 0 2 1 2 0 1 1 1 1 0 1 1 1 1 1 0 0 1 1 2 1 1 0 1 0 1 2 1 2 2 2 1 2 1 2 0 0 1 1 1 2 1 2 0 0 0 0 1 1 1 1 2 1 2 1 1 2 1 1 2 1 1 2
geno chr4.1254414 gbr  2 1 0 1 0 0 1 1 0 1 1 1 0 2 2 1 0 1 1 0 1 0 1 2 2 2 2 1 2 1 0 2 2 1 2 1 0 1 2 1 2 1 0 1 1 2 1 1 1 2 1 1 0 2 2 0 2 0 1 1 0 1 2 2 1 1 0 1 0 0 2 0 1 0 2 1 2 2 2 2 0 0 1 1
geno chr4.1254414 tsi  1 1 1 0 1 2 1 1 0 2 1 1 0 0 1 2 0 1 0 0 1 1 2 0 0 0 0 0 2 1 0 2 0 2 1 0 2 1 1 1 0 0 0 0 0 1 0 2 1 0 1 1 1 1 1 0 1 1 1 1 0 0 1 2 2 0 2 0 1 0 1 1 1 0 1 0 0 2 1 1 1 0 1 1 1 1 2 1 0 1 1 1
geno chr4.1254414 yri  0 0 0 0 0 0 0 0 0 0 0 0 0 0 0 0 0 0 0 0 0 0 0 0 0 0 0 0 0 0 1 0 0 0 0 0 0 1 0 0 1 0 0 0 0 0 0 0 0 0 0 0 0 0 0 0 0 1 0 0 0 0 0 0 0 0 0 0 0 0 0 0 0 1 0 0 0
geno chr4.1254535 ceu  0 0 0 0 0 0 0 0 0 0 0 0 0 0 0 0 0 0 0 0 0 0 0 0 1 0 0 0 0 0 0 0 0 0 0 1 0 0 0 0 0 0 0 0 0 0 0 0 0 0 0 0 0 0 0 0 0 0 0 0 0 0 1 0 0 0 1 0 0 0 1 0 1 0 0 0 0 0
geno chr4.1254535 fin  1 0 0 0 0 1 0 0 0 0 0 0 0 1 0 0 1 0 0 1 0 0 0 0 0 0 0 0 1 0 1 0 0 0 0 1 0 0 0 0 0 0 0 0 0 0 0 1 1 0 0 0 0 0 0 0 0 0 0 0 0 0 0 0 1 1 0 0 0 0 0 0 0 0 0 0 1 0 0 0 0 1 0 1 0 0 0 0 0
geno chr4.1254535 gbr  0 0 0 0 0 0 0 0 0 0 0 0 0 0 0 0 0 0 0 0 0 0 0 0 0 0 0 0 0 0 1 0 0 0 0 0 0 0 0 0 0 1 0 0 0 0 0 0 0 0 0 0 1 0 0 0 0 0 0 1 0 0 0 0 0 0 0 0 0 0 0 1 0 1 0 0 0 0 0 0 0 0 0 0
geno chr4.1254535 tsi  0 0 0 0 0 0 0 0 0 0 0 0 1 1 0 0 0 0 0 0 0 0 0 0 0 0 0 0 0 1 0 0 0 0 0 0 0 0 1 0 0 0 0 0 0 0 0 0 0 0 0 0 0 0 0 0 0 0 0 0 0 0 0 0 0 1 0 0 0 0 0 0 0 0 0 0 1 0 0 0 1 0 0 0 0 0 0 0 1 0 1 1
geno chr4.1254535 yri  0 1 0 0 1 0 0 1 0 1 0 0 0 0 0 1 0 0 1 0 0 0 0 0 0 0 1 0 0 0 0 0 1 1 0 1 0 1 1 0 1 0 0 0 0 0 0 0 1 0 0 0 0 0 1 0 0 0 0 0 0 1 0 0 0 1 1 0 0 0 0 0 1 0 1 0 0
geno chr4.1254618 ceu  0 0 0 0 0 0 0 0 0 0 0 0 0 0 0 0 0 0 0 0 0 0 0 0 0 0 0 0 0 0 0 0 0 0 0 0 0 0 0 0 0 0 0 0 0 0 0 0 0 0 0 0 0 0 0 0 0 0 0 0 0 0 0 0 0 0 0 0 0 0 0 0 0 0 0 0 0 0
geno chr4.1254618 fin  0 0 0 0 0 0 0 1 0 0 0 0 0 0 0 0 0 0 0 0 0 0 0 0 0 0 0 0 0 0 0 0 0 0 0 0 0 0 0 0 0 1 0 0 0 0 0 0 0 0 0 0 0 0 0 0 0 0 0 0 0 0 0 0 0 0 0 1 0 0 0 0 0 0 0 0 0 0 0 0 0 0 0 0 0 0 0 0 0
geno chr4.1254618 gbr  0 0 0 0 0 0 0 0 0 0 0 0 0 0 0 0 0 0 0 0 0 0 0 0 0 0 0 0 0 0 0 0 0 0 0 0 0 0 0 0 0 0 0 0 0 0 0 0 0 0 0 0 0 0 0 0 0 0 0 0 1 0 0 0 0 0 0 0 0 0 0 0 0 0 0 0 0 0 0 0 0 0 0 0
geno chr4.1254618 tsi  0 0 0 1 0 0 0 0 0 0 0 0 0 0 0 0 0 0 0 0 0 0 0 0 0 0 0 0 0 0 0 0 0 0 0 0 0 0 0 0 0 0 0 0 0 0 0 0 0 0 0 0 0 0 0 1 0 0 0 1 0 0 0 0 0 0 0 0 0 0 0 0 0 1 0 0 0 0 0 0 0 0 0 0 0 0 0 0 0 0 0 0
geno chr4.1254618 yri  1 0 1 1 0 0 0 1 0 0 0 0 0 1 1 0 1 1 1 0 1 1 1 0 1 0 0 2 0 1 0 1 0 0 0 0 0 0 0 1 0 2 1 0 0 1 0 0 0 0 0 1 1 2 0 0 2 0 1 1 0 1 0 0 0 1 0 1 0 0 0 2 0 0 0 0 0
geno chr4.1254930 ceu  1 2 2 2 2 2 2 2 2 2 1 2 1 1 2 2 2 2 0 2 2 2 2 1 2 2 2 1 2 2 2 2 2 1 2 2 2 2 2 2 2 2 2 2 2 2 2 2 2 2 2 2 2 2 2 2 2 2 2 2 1 2 2 2 2 1 2 2 2 2 2 2 2 2 2 2 2 2
geno chr4.1254930 fin  2 2 1 2 2 2 2 2 2 2 2 2 2 2 2 2 2 1 2 2 2 1 2 1 2 1 0 2 2 2 2 1 2 2 2 2 2 1 2 2 1 2 2 2 1 2 2 2 2 1 2 1 2 1 2 2 2 2 2 2 2 2 0 2 2 2 2 2 2 1 1 2 2 1 2 2 2 2 2 2 2 2 2 2 1 2 2 2 2
geno chr4.1254930 gbr  2 2 2 1 1 1 1 1 2 2 2 1 1 2 2 1 2 1 2 1 2 2 2 2 2 2 2 2 2 2 2 2 2 2 2 2 2 2 2 2 2 2 1 2 2 2 2 2 2 2 2 1 2 2 2 1 2 2 2 2 2 1 2 2 2 2 2 2 2 2 2 1 2 2 2 2 2 2 2 2 0 2 1 2
geno chr4.1254930 tsi  2 2 2 2 2 2 1 2 1 2 2 2 1 2 1 2 1 1 1 1 1 2 2 2 2 2 2 1 2 2 1 2 2 2 2 1 2 2 2 2 2 1 1 1 2 1 2 2 2 1 2 2 2 2 2 2 2 2 1 2 2 2 2 2 2 2 2 1 2 1 2 1 2 2 2 1 2 2 2 2 2 2 2 2 2 1 2 2 2 2 2 2
geno chr4.1254930 yri  2 1 1 1 1 0 0 2 0 1 0 0 1 1 1 1 1 1 2 1 1 1 1 0 1 0 1 2 1 1 1 1 1 1 1 1 0 2 1 1 2 2 2 1 1 1 0 1 1 0 0 1 2 2 1 0 2 1 1 1 0 2 1 0 1 2 1 1 1 0 0 2 1 1 1 0 1
geno chr4.1255194 ceu  1 2 1 1 2 0 1 2 1 0 1 0 1 1 1 1 1 0 0 1 0 0 2 0 1 1 1 1 0 1 1 1 1 0 1 1 0 1 0 1 1 1 2 1 2 2 1 0 1 1 1 0 1 2 0 1 0 2 2 0 0 2 1 0 1 1 1 1 1 0 1 0 0 1 1 1 0 1
geno chr4.1255194 fin  1 0 1 1 2 0 1 1 1 1 2 2 2 1 0 2 0 0 1 1 2 1 1 0 1 1 0 2 1 2 0 1 1 1 1 0 1 1 1 1 1 0 0 1 1 2 1 1 0 1 0 1 2 1 2 2 2 1 2 1 2 0 0 1 1 1 2 1 2 0 0 0 0 1 1 1 1 2 1 2 1 1 2 1 1 2 1 1 2
geno chr4.1255194 gbr  2 1 0 1 0 0 1 1 0 1 1 1 0 2 2 1 0 1 1 0 1 0 1 2 2 2 2 1 2 1 0 2 2 1 2 1 0 1 2 1 2 1 0 1 1 2 1 1 1 2 1 1 0 2 2 0 2 0 1 1 0 1 2 2 1 1 0 1 0 0 2 0 1 0 2 1 2 2 2 2 0 0 1 1
geno chr4.1255194 tsi  1 1 1 0 1 2 1 1 0 2 1 1 0 0 1 2 0 1 0 0 1 1 2 0 0 0 0 0 2 1 0 2 0 2 1 0 2 1 1 1 0 0 0 0 0 1 0 2 1 0 1 1 1 1 1 0 1 1 1 1 0 0 1 2 2 0 2 0 1 0 1 1 1 0 1 0 0 2 1 1 1 0 1 1 1 1 2 1 0 1 1 1
geno chr4.1255194 yri  0 0 0 0 0 0 0 0 0 0 0 0 0 0 0 0 0 0 0 0 0 0 0 0 0 0 0 0 0 0 1 0 0 0 0 0 0 1 0 0 1 0 0 0 0 0 0 0 0 0 0 0 0 0 0 0 0 1 0 0 0 0 0 0 0 0 0 0 0 0 0 0 0 1 0 0 0
geno chr4.1255427 ceu  0 0 0 0 0 0 0 0 0 0 0 0 0 0 0 0 0 0 0 0 0 0 0 0 0 0 0 0 0 0 0 0 0 0 0 0 0 0 0 0 0 0 0 0 0 0 0 0 0 0 0 0 0 0 0 0 0 0 0 0 0 0 0 0 0 0 0 0 0 0 0 0 0 0 0 0 0 0
geno chr4.1255427 fin  0 0 0 0 0 0 0 1 0 0 0 0 0 0 0 0 0 0 0 0 0 0 0 0 0 0 0 0 0 0 0 0 0 0 0 0 0 0 0 0 0 1 0 0 0 0 0 0 0 0 0 0 0 0 0 0 0 0 0 0 0 0 0 0 0 0 0 1 0 0 0 0 0 0 0 0 0 0 0 0 0 0 0 0 0 0 0 0 0
geno chr4.1255427 gbr  0 0 0 0 0 0 0 0 0 0 0 0 0 0 0 0 0 0 0 0 0 0 0 0 0 0 0 0 0 0 0 0 0 0 0 0 0 0 0 0 0 0 0 0 0 0 0 0 0 0 0 0 0 0 0 0 0 0 0 0 1 0 0 0 0 0 0 0 0 0 0 0 0 0 0 0 0 0 0 0 0 0 0 0
geno chr4.1255427 tsi  0 0 0 1 0 0 0 0 0 0 0 0 0 0 0 0 0 0 0 0 0 0 0 0 0 0 0 0 0 0 0 0 0 0 0 0 0 0 0 0 0 0 0 0 0 0 0 0 0 0 0 0 0 0 0 1 0 0 0 1 0 0 0 0 0 0 0 0 0 0 0 0 0 1 0 0 0 0 0 0 0 0 0 0 0 0 0 0 0 0 0 0
geno chr4.1255427 yri  1 0 1 1 0 0 0 1 0 0 0 0 0 1 0 0 0 1 1 0 1 1 1 0 1 0 0 2 0 1 0 1 0 0 0 0 0 0 0 1 0 2 1 0 0 1 0 0 0 0 0 1 1 2 0 0 2 0 1 1 0 1 0 0 0 1 0 1 0 0 0 2 0 0 0 0 0
geno chr4.1255460 ceu  0 0 0 0 0 0 0 0 0 0 0 0 0 1 0 0 0 0 0 0 0 0 0 1 0 0 0 1 0 0 0 0 0 1 0 0 0 0 0 0 0 0 0 0 0 0 0 0 0 0 0 0 0 0 0 0 0 0 0 0 0 0 0 0 0 1 0 0 0 0 0 0 0 0 0 0 0 0
geno chr4.1255460 fin  0 0 0 0 0 0 0 1 0 0 0 0 0 0 0 0 0 1 0 0 0 0 0 0 0 1 0 0 0 0 0 1 0 0 0 0 0 1 0 0 0 1 0 0 0 0 0 0 0 0 0 1 0 1 0 0 0 0 0 0 0 0 1 0 0 0 0 1 0 1 1 0 0 0 0 0 0 0 0 0 0 0 0 0 1 0 0 0 0
geno chr4.1255460 gbr  0 0 0 1 0 1 0 0 0 0 0 1 0 0 0 0 0 0 0 0 0 0 0 0 0 0 0 0 0 0 0 0 0 0 0 0 0 0 0 0 0 0 1 0 0 0 0 0 0 0 0 0 0 0 0 1 0 0 0 0 1 0 0 0 0 0 0 0 0 0 0 1 0 0 0 0 0 0 0 0 0 0 0 0
geno chr4.1255460 tsi  0 0 0 1 0 0 1 0 0 0 0 0 0 0 0 0 0 0 1 0 1 0 0 0 0 0 0 1 0 0 1 0 0 0 0 1 0 0 0 0 0 0 1 0 0 0 0 0 0 0 0 0 0 0 0 1 0 0 1 1 0 0 0 0 0 0 0 1 0 0 0 0 0 1 0 0 0 0 0 0 0 0 0 0 0 0 0 0 0 0 0 0
geno chr4.1255460 yri  1 0 0 0 0 0 0 0 0 0 0 0 0 1 0 0 0 1 1 0 1 0 0 0 1 0 0 1 0 1 0 0 0 0 0 0 0 0 0 0 0 1 0 0 0 1 0 0 0 0 0 1 1 2 0 0 1 0 0 1 0 1 0 0 0 0 0 0 0 0 0 1 0 0 0 0 0
geno chr4.1255772 ceu  1 2 1 1 2 0 1 2 1 0 1 0 1 1 1 1 1 0 0 1 0 0 2 0 1 1 1 1 0 1 1 1 1 0 1 1 0 1 0 1 1 1 2 1 2 2 1 0 1 1 1 0 1 2 0 1 0 2 2 0 0 2 1 0 1 1 1 1 1 0 1 0 0 1 1 1 0 1
geno chr4.1255772 fin  1 0 1 1 2 0 1 1 1 1 2 2 2 1 0 2 0 0 1 1 2 1 1 0 1 1 0 2 1 2 0 1 1 1 1 0 1 1 1 1 1 0 0 1 1 2 1 1 0 1 0 1 2 1 2 2 2 1 2 1 2 0 0 1 1 1 2 1 2 0 0 0 0 1 1 1 1 2 1 2 1 1 2 1 1 2 1 1 2
geno chr4.1255772 gbr  2 1 0 1 0 0 1 1 0 1 1 1 0 2 2 1 0 1 1 0 1 0 1 2 2 2 2 1 2 1 0 2 2 1 2 1 0 1 2 1 2 1 0 1 1 2 1 1 1 2 1 1 0 2 2 0 2 0 1 1 0 1 2 2 1 1 0 1 0 0 2 0 1 0 2 1 2 2 2 2 0 0 1 1
geno chr4.1255772 tsi  1 1 1 0 1 2 1 1 0 2 1 1 0 0 1 2 0 1 0 0 1 1 2 0 0 0 0 0 2 1 0 2 0 2 1 0 2 1 1 1 0 0 0 0 0 1 0 2 1 0 1 1 1 1 1 0 1 1 1 1 0 0 1 2 2 0 2 0 1 0 1 1 1 0 1 0 0 2 1 1 1 0 1 1 1 1 2 1 0 1 1 1
geno chr4.1255772 yri  0 0 0 0 0 0 0 0 0 0 0 0 0 0 0 0 0 0 0 0 0 0 0 0 0 0 0 0 0 0 1 0 0 0 0 0 0 1 0 0 1 0 0 0 0 0 0 0 0 0 0 0 0 0 0 0 0 1 0 0 0 0 0 0 0 0 0 0 0 0 0 0 0 1 0 0 0
geno chr4.1257290 ceu  1 2 1 1 2 0 1 2 1 0 1 0 1 1 1 1 1 0 0 1 0 0 2 0 1 1 1 1 0 1 1 1 1 0 1 1 0 1 0 1 1 1 2 1 2 2 1 0 1 1 1 0 1 2 0 1 0 2 2 0 0 2 1 0 1 1 1 1 1 0 1 0 0 1 1 1 0 1
geno chr4.1257290 fin  1 0 1 1 2 0 1 1 1 1 2 2 2 1 0 2 0 0 1 1 2 1 1 0 1 1 0 2 1 2 0 1 1 1 1 0 1 1 1 1 1 0 0 1 1 2 1 1 0 1 0 1 2 1 2 2 2 1 2 1 2 0 0 1 1 1 2 1 2 0 0 0 0 1 1 1 1 2 1 2 1 1 2 1 1 2 1 1 2
geno chr4.1257290 gbr  2 1 0 1 0 0 1 1 0 1 1 1 0 2 2 1 0 1 1 0 1 0 1 2 2 2 2 1 2 1 0 2 2 1 2 1 0 1 2 1 2 1 0 1 1 2 1 1 1 2 1 1 0 2 2 0 2 0 1 1 0 1 2 2 1 1 0 1 0 0 2 0 1 0 2 1 2 2 2 2 0 0 1 1
geno chr4.1257290 tsi  1 1 1 0 1 2 1 1 0 2 1 1 0 0 1 2 0 1 0 0 1 1 2 0 0 0 0 0 2 1 0 2 0 2 1 0 2 1 1 1 0 0 0 0 0 1 0 2 1 0 1 1 1 1 1 0 1 1 1 1 0 0 1 2 2 0 2 0 1 0 1 1 1 0 1 0 0 2 1 1 1 0 1 1 1 1 2 1 0 1 1 1
geno chr4.1257290 yri  0 0 0 0 0 0 0 0 0 0 0 0 0 0 0 0 0 0 0 0 0 0 0 0 0 0 0 0 0 0 1 0 0 0 0 0 0 1 0 0 1 0 0 0 0 0 0 0 0 0 0 0 0 0 0 0 0 1 0 0 0 0 0 0 0 0 0 0 0 0 0 1 0 1 0 0 1
geno chr4.1257311 ceu  0 0 1 1 0 2 0 0 1 2 0 2 0 0 1 1 1 2 0 1 1 1 0 1 0 1 1 0 2 0 0 0 1 1 1 0 1 1 2 1 1 1 0 1 0 0 1 0 1 0 1 2 0 0 1 0 2 0 0 2 0 0 0 2 1 0 0 1 1 1 0 2 1 1 1 0 1 1
geno chr4.1257311 fin  0 2 0 1 0 1 0 0 1 1 0 0 0 0 2 0 1 1 1 0 0 0 1 1 0 0 0 0 0 0 1 0 1 0 0 1 1 0 1 1 0 1 2 1 0 0 1 0 0 0 2 0 0 0 0 0 0 1 0 1 0 2 0 1 0 0 0 0 0 1 1 2 1 0 1 1 0 0 1 0 1 0 0 0 0 0 1 1 0
geno chr4.1257311 gbr  0 1 1 0 1 1 0 0 2 1 1 0 1 0 0 0 2 0 1 1 1 1 1 0 0 0 0 1 0 1 1 0 0 0 0 1 2 1 0 1 0 0 1 1 1 0 1 0 1 0 1 0 1 0 0 1 0 2 0 0 1 0 0 0 1 0 2 1 1 2 0 0 0 0 0 1 0 0 0 0 0 1 0 1
geno chr4.1257311 tsi  1 1 1 1 1 0 0 1 1 0 0 1 0 1 0 0 1 0 0 1 0 0 0 1 2 2 1 0 0 0 0 0 2 0 1 1 0 1 0 1 1 1 1 1 2 0 2 0 1 1 0 0 1 0 1 1 1 1 0 0 1 1 1 0 0 1 0 1 1 0 1 0 1 1 1 1 1 0 1 1 0 1 0 1 1 0 0 1 1 1 0 0
geno chr4.1257311 yri  0 0 0 0 0 0 0 0 0 0 0 0 0 0 0 0 0 0 0 0 0 0 0 0 0 0 0 0 0 0 0 0 0 0 0 0 0 0 0 0 0 0 0 0 0 0 0 0 0 0 0 0 0 0 0 0 0 0 0 0 0 0 0 0 0 0 0 0 0 0 0 0 0 0 0 0 0
geno chr4.1257465 ceu  1 2 1 1 2 0 1 2 1 0 1 0 1 1 1 1 1 0 0 1 0 0 2 0 1 1 1 1 0 1 1 1 1 0 1 1 0 1 0 1 1 1 2 1 2 2 1 0 1 1 1 0 1 2 0 1 0 2 2 0 0 2 1 0 1 1 1 1 1 0 1 0 0 1 1 1 0 1
geno chr4.1257465 fin  1 0 1 1 2 0 1 1 1 1 2 2 2 1 0 2 0 0 1 1 2 1 1 0 1 1 0 2 1 2 0 1 1 1 1 0 1 1 1 1 1 0 0 1 1 2 1 1 0 1 0 1 2 1 2 2 2 1 2 1 2 0 0 1 1 1 1 1 2 0 0 0 0 1 1 1 1 2 1 2 1 1 2 1 1 2 1 1 2
geno chr4.1257465 gbr  2 1 0 1 0 0 1 1 0 1 1 1 0 2 2 1 0 1 1 0 1 0 1 2 2 2 2 1 1 1 0 2 1 1 2 1 0 1 2 1 2 1 0 1 1 2 1 1 1 2 1 1 0 2 2 0 1 0 1 1 0 1 2 2 1 1 0 1 0 0 2 0 1 0 2 1 2 2 2 2 0 0 1 1
geno chr4.1257465 tsi  1 1 1 0 1 2 1 1 0 2 1 1 0 0 1 2 0 1 0 0 1 1 2 0 0 0 0 0 2 1 0 2 0 2 1 0 2 1 1 1 0 0 0 0 0 1 0 2 1 0 1 1 1 1 1 0 1 1 1 1 0 0 1 2 2 0 2 0 1 0 1 1 1 0 1 0 0 2 1 1 1 0 1 1 1 1 2 1 0 1 1 1
geno chr4.1257465 yri  0 0 0 0 0 0 0 0 0 0 0 0 0 0 0 0 0 0 0 0 0 0 0 0 0 0 0 0 0 0 0 0 0 0 0 0 0 0 0 0 1 0 0 0 0 0 0 0 0 0 0 0 0 0 0 0 0 1 0 0 0 0 0 0 0 0 0 0 0 0 0 0 0 1 0 0 0
geno chr4.1257600 ceu  0 0 0 0 0 0 0 0 0 0 0 0 0 0 0 0 0 0 0 0 0 0 0 0 0 0 0 0 0 0 0 0 0 0 0 0 0 0 0 0 0 0 0 0 0 0 0 0 0 0 0 0 0 0 0 0 0 0 0 0 0 0 0 0 0 0 0 0 0 0 0 0 0 0 0 0 0 0
geno chr4.1257600 fin  0 0 0 0 0 0 0 1 0 0 0 0 0 0 0 0 0 0 0 0 0 0 0 0 0 0 0 0 0 0 0 0 0 0 0 0 0 0 0 0 0 1 0 0 0 0 0 0 0 0 0 0 0 0 0 0 0 0 0 0 0 0 0 0 0 0 0 1 0 0 0 0 0 0 0 0 0 0 0 0 0 0 0 0 0 0 0 0 0
geno chr4.1257600 gbr  0 0 0 0 0 0 0 0 0 0 0 0 0 0 0 0 0 0 0 0 0 0 0 0 0 0 0 0 0 0 0 0 0 0 0 0 0 0 0 0 0 0 0 0 0 0 0 0 0 0 0 0 0 0 0 0 0 0 0 0 1 0 0 0 0 0 0 0 0 0 0 0 0 0 0 0 0 0 0 0 0 0 0 0
geno chr4.1257600 tsi  0 0 0 1 0 0 0 0 0 0 0 0 0 0 0 0 0 0 0 0 0 0 0 0 0 0 0 0 0 0 0 0 0 0 0 0 0 0 0 0 0 0 0 0 0 0 0 0 0 0 0 0 0 0 0 0 0 0 0 1 0 0 0 0 0 0 0 0 0 0 0 0 0 1 0 0 0 0 0 0 0 0 0 0 0 0 0 0 0 0 0 0
geno chr4.1257600 yri  1 0 0 0 0 0 0 0 0 0 0 0 0 1 0 0 0 0 1 0 1 0 0 1 1 0 0 1 0 1 0 0 0 0 0 0 0 0 0 0 0 1 0 0 0 1 0 0 0 0 1 1 1 2 0 0 1 0 0 1 0 1 0 0 0 0 0 0 0 0 0 1 0 0 0 0 0
