pheno ENSG00000147536 ceu -1.180737 0.6614885 -0.2167886 -0.1879676 0.2190452 0.7055963 1.154108 -1.716001 1.172715 1.192676 2.168825 0.4755639 0.9511293 2.463124 -0.1581187 0.5564734 3.366022 2.09485 -1.859907 2.368233 1.798179 1.37217 -1.567932 0.2696936 -0.6096419 0.1502627 2.390342 1.91726 0.375312 1.087898 0.9550689 0.9259547 0.1702423 -1.346808 3.738347 2.26806 0.09053575 0.7508904 2.423088 -0.5073931 2.802001 -0.02115611 -0.1781877 0.2286751 1.000312 1.79085 1.155934 3.089216 0.8853837 2.296763 2.593487 0.8557764 -2.346157 -0.4351189 1.185668 -0.5836198 1.359308 1.179352 1.515361 0.5186173 1.358601 0.3306562 1.437723 1.243295 -0.3334106 0.7394436 0.8537457 -0.5167147 -0.4212543 1.395067 1.123553 3.283649 1.279364 1.366522 1.330613 0.3898419 2.69616 2.900748
pheno ENSG00000147536 fin -1.147777 -1.506737 1.588827 1.345161 0.3092789 0.8134082 1.704524 0.9283214 1.058296 -0.9921194 0.9644285 -1.17733 -0.5319321 2.259223 0.733252 1.182025 0.03525248 1.468453 -0.1239592 0.7695811 0.973298 0.8573846 2.545153 -0.5797022 1.237501 -1.742821 0.395779 2.337113 -0.1604729 -1.744209 1.167053 -0.01488063 0.9584458 -2.309658 1.11391 0.3844671 -0.05536415 0.3777892 -0.2980224 0.06791436 0.8049747 -0.8903522 0.4612706 -0.09888883 0.4497376 0.9502177 -0.3931348 2.580245 -1.001184 0.367364 1.179577 1.637897 -0.772204 0.7425643 0.2910944 0.7591596 1.493784 0.0673977 -0.6501882 0.7137627 -0.756702 -0.2465018 2.125388 0.6029735 -0.9145492 -0.9602063 1.203697 -1.534113 0.5001463 1.154747 -0.03094144 2.538283 1.634804 -0.2536144 0.3230228 -1.473216 1.227167 -0.7047662 0.4216124 1.151225 0.5484258 -0.3004608 -0.6880248 1.171551 0.991032 -0.2342356 -2.293672 1.993854 0.2028286
pheno ENSG00000147536 gbr -2.171373 0.6225402 0.6017062 -1.614828 -2.551665 -0.1262864 -0.5212788 0.09744269 -0.9884391 -1.481065 -0.007024176 -1.058427 -2.219768 -1.907377 -0.9385602 -1.394922 -1.965912 0.1600661 -0.7770524 -1.133541 -0.9624208 -0.9532093 0.2960703 -0.7116449 0.6278621 -2.100659 0.4469172 0.1499208 -2.878029 -1.446435 -0.9149157 -0.8680833 -0.8095987 -0.3108336 -0.1680651 0.8508891 -3.246164 -0.09580986 -0.7299456 -0.8367071 0.4975039 -1.937315 -1.07413 -1.341627 -2.038301 -1.088678 0.06436732 -2.127129 -2.777264 -0.4806903 -1.845548 -1.849724 0.1077085 -0.2193491 -0.3827635 -2.087396 0.239987 -1.338201 -0.757555 1.50637 0.9971925 -1.789825 -1.984847 0.3952081 0.2039176 1.245866 0.1021697 -1.536905 -0.2850649 -1.794065 -0.5315216 -0.1745622 0.2987603 -0.9514371 0.2267071 -0.1457303 -1.960518 -1.230633 -0.9287713 -1.220285 0.9334389 -1.466245 -1.387409 -1.129833
pheno ENSG00000147536 tsi -1.054648 0.861743 0.05533082 0.8892032 -1.055308 -0.899798 -0.1428731 -0.9242039 -0.02556804 -1.902194 0.8057422 1.13901 0.7776723 -0.4553293 0.1435491 -1.922288 0.5953986 3.118915 0.4787724 -0.2825051 0.1748152 -0.8844126 0.322422 0.9181968 -0.1285042 2.075832 -1.827445 1.159253 1.095276 0.1899242 -0.1020974 -0.6599055 -0.1185992 -1.225074 0.6723951 -1.784999 -1.546688 1.677989 1.534602 -1.421185 0.254383 0.08220569 -0.4975341 -0.4598099 -1.175806 0.6041688 -0.03854007 -0.423689 0.7017359 -0.3545734 -0.6040191 1.265288 -0.2753873 0.2662134 1.187872 1.657971 -1.895795 0.4939963 0.8122724 1.569593 0.1387463 -0.7214508 0.5773392 1.136185 -1.094995 0.2395966 2.96717 -0.2203093 -1.037317 1.109406 1.558605 -2.93693 -1.137003 -1.657807 -0.2769461 -0.9629777 -2.583631 -0.9975468 -0.1460846 -0.3494619 -0.01738031 0.5876778 -0.3224562 0.6157052 0.4949567 -1.814831 -2.17214 -0.418309 -1.295322 -0.4959562 0.03640373 -1.242381
pheno ENSG00000147536 yri -1.895827 -1.723493 -0.9084979 -1.139087 -3.020516 -0.03165025 -1.644352 -3.090266 0.0328393 -2.931269 -1.588277 -0.04142286 -3.403051 0.3480794 -1.608977 -2.724077 -3.891515 -1.64472 -2.855017 -1.516332 -1.669395 -0.8974013 -0.6874714 -0.8419468 -2.074819 -1.566523 -1.868658 -1.300449 -1.714399 -2.813391 -1.414359 -1.346756 -4.914394 -1.006989 -2.703994 -2.739041 -0.1537761 -3.337371 -2.512408 -3.297672 -0.08001583 -3.249566 -0.5596241 -1.427614 -3.17116 -3.48005 -0.5440407 -1.506953 -4.023234 -1.727436 -3.355709 -2.311184 -1.296988 -1.186189 -1.598772 -3.951487 -0.4680516 -0.9432307 -4.635066 -2.626409 -3.844715 -1.816695 -1.600597 -2.577125 -2.37005 -2.278774 -1.573548 -4.060464 -2.093541 -1.089889 -1.802341 -2.263097 -0.1957242 -3.602257 -2.592844 -1.144897 -2.530589
geno chr8.41286928 ceu  1 0 0 0 1 0 1 0 1 0 0 1 0 0 0 1 0 0 0 0 0 0 0 0 0 1 0 0 2 0 0 0 1 1 0 0 0 1 0 0 0 0 0 1 0 0 0 0 0 0 0 0 0 0 0 0 0 0 1 0 0 1 0 0 0 0 0 1 0 0 0 0 0 0 0 1 0 0
geno chr8.41286928 fin  0 1 0 0 0 0 0 1 0 0 0 1 1 0 0 0 0 0 1 0 0 0 0 0 0 0 1 0 0 0 0 1 0 1 0 0 0 0 0 0 0 1 0 0 0 0 0 0 1 0 0 0 1 0 0 0 0 0 0 0 0 1 0 0 0 1 0 1 0 0 0 0 0 0 0 0 0 0 0 0 0 0 0 0 1 0 0 0 0
geno chr8.41286928 gbr  1 0 0 0 0 0 0 0 0 0 0 1 0 1 0 1 0 1 0 0 1 1 2 0 1 0 0 1 1 1 0 1 1 0 0 0 1 1 0 0 0 0 0 0 0 0 0 2 1 0 0 1 0 0 0 1 1 0 0 1 0 2 0 0 0 0 1 0 0 1 0 0 0 1 0 0 1 1 0 0 0 2 0 1
geno chr8.41286928 tsi  1 0 0 1 2 1 1 0 0 1 0 0 0 1 1 0 0 1 0 1 0 2 0 0 1 1 1 0 1 0 1 0 1 0 0 0 0 0 1 2 0 0 0 1 0 0 0 0 0 0 0 1 0 0 0 0 1 0 0 1 0 0 0 0 1 0 0 0 0 0 1 1 1 1 1 1 2 1 0 0 0 0 1 1 0 1 1 0 0 0 0 1
geno chr8.41286928 yri  1 1 1 0 1 1 0 0 0 2 0 0 2 1 0 1 2 1 2 1 1 0 0 0 0 0 1 0 0 0 1 0 0 1 1 0 0 1 0 1 0 1 0 1 1 1 0 0 1 1 2 0 0 0 1 0 0 0 1 1 0 0 0 0 1 0 0 2 1 0 1 1 0 1 1 0 1
geno chr8.41286961 ceu  1 0 0 0 1 0 1 0 1 0 0 1 0 0 0 1 0 0 0 0 0 0 0 0 0 0 0 0 2 0 0 0 1 1 0 0 0 1 0 0 0 0 0 1 0 0 0 0 0 0 0 0 0 0 0 0 0 0 0 0 0 1 0 0 0 0 0 1 0 0 0 0 0 0 0 1 0 0
geno chr8.41286961 fin  0 1 0 0 0 0 0 0 0 0 0 1 1 0 0 0 0 0 1 0 0 0 0 0 0 0 1 0 0 0 0 1 0 1 0 0 0 0 0 0 0 1 0 0 0 0 0 0 1 0 0 0 1 0 0 0 0 0 0 0 0 1 0 0 0 1 0 1 0 0 0 0 0 0 0 0 0 0 0 0 0 0 0 0 1 0 0 0 0
geno chr8.41286961 gbr  1 0 0 0 0 0 0 0 0 0 0 1 0 1 0 1 0 0 0 0 1 1 1 0 0 0 0 1 1 1 0 1 1 0 0 0 1 0 0 0 0 0 0 0 0 0 0 2 1 0 0 0 0 0 0 1 1 0 0 0 0 1 0 0 0 0 1 0 0 1 0 0 0 1 0 0 1 1 0 0 0 2 0 1
geno chr8.41286961 tsi  1 0 0 1 2 1 1 0 0 1 0 0 0 1 1 0 0 0 0 1 0 2 0 0 1 0 1 0 1 0 1 0 1 0 0 0 0 0 0 2 0 0 0 1 0 0 0 0 0 0 0 1 0 0 0 0 1 0 0 0 0 0 0 0 1 0 0 0 0 0 0 1 1 1 1 1 2 1 0 0 0 0 1 1 0 1 1 0 0 0 0 1
geno chr8.41286961 yri  1 1 1 0 1 1 0 0 0 2 0 0 2 1 0 1 2 1 2 1 1 0 0 0 0 0 1 0 0 0 1 0 0 1 1 0 0 1 0 0 0 1 0 1 1 1 0 0 1 1 2 0 0 0 1 0 0 0 1 1 0 0 0 0 1 0 0 2 0 0 1 1 0 1 1 0 1
geno chr8.41287546 ceu  1 0 0 0 1 0 1 0 1 0 0 1 0 0 0 0 0 0 0 0 0 0 0 0 0 0 0 0 0 0 0 0 1 1 0 0 0 0 0 0 0 0 0 0 0 0 0 0 0 0 0 0 0 0 0 0 0 0 0 0 0 0 0 0 0 0 0 1 0 0 0 0 0 0 0 1 0 0
geno chr8.41287546 fin  0 0 0 0 0 0 0 0 0 0 0 1 1 0 0 0 0 0 1 0 0 0 0 0 0 0 1 0 0 0 0 0 0 0 0 0 0 0 0 0 0 0 0 0 0 0 0 0 0 0 0 0 1 0 0 0 0 0 0 0 0 1 0 0 0 1 0 0 0 0 0 0 0 0 0 0 0 0 0 0 0 0 0 0 0 0 0 0 0
geno chr8.41287546 gbr  1 0 0 0 0 0 0 0 0 0 0 1 0 1 0 1 0 0 0 0 1 1 1 0 0 0 0 0 0 1 0 0 0 0 0 0 0 0 0 0 0 0 0 0 0 0 0 1 1 0 0 0 0 0 0 0 1 0 0 0 0 1 0 0 0 0 1 0 0 1 0 0 0 1 0 0 1 1 0 0 0 0 0 1
geno chr8.41287546 tsi  1 0 0 1 1 1 1 0 0 1 0 0 0 1 0 0 0 0 0 0 0 1 0 0 1 0 1 0 0 0 0 0 1 0 0 0 0 0 0 0 0 0 0 0 0 0 0 0 0 0 0 1 0 0 0 0 0 0 0 0 0 0 0 0 1 0 0 0 0 0 0 1 1 0 0 1 1 1 0 0 0 0 1 1 0 0 1 0 0 0 0 0
geno chr8.41287546 yri  1 0 0 0 0 0 0 0 0 1 0 0 0 0 0 0 0 0 0 0 0 0 0 0 0 0 0 0 0 0 0 0 0 0 1 0 0 0 0 0 0 0 0 0 0 0 0 0 0 0 0 0 0 0 0 0 0 0 0 1 0 0 0 0 0 0 0 0 0 0 0 1 0 1 0 0 0
geno chr8.41287827 ceu  0 0 0 0 0 0 0 0 0 0 0 0 0 0 0 0 0 0 0 0 0 0 0 0 0 0 0 0 1 0 0 0 0 0 0 0 0 0 0 0 0 0 0 0 0 0 0 0 0 0 0 0 0 0 0 0 0 0 0 0 0 1 0 0 0 0 0 0 0 0 0 0 0 0 0 0 0 0
geno chr8.41287827 fin  0 0 0 0 0 0 0 0 0 0 0 0 0 0 0 0 0 0 0 0 0 0 0 0 0 0 0 0 0 0 0 1 0 1 0 0 0 0 0 0 0 1 0 0 0 0 0 0 1 0 0 0 0 0 0 0 0 0 0 0 0 0 0 0 0 0 0 0 0 0 0 0 0 0 0 0 0 0 0 0 0 0 0 0 1 0 0 0 0
geno chr8.41287827 gbr  0 0 0 0 0 0 0 0 0 0 0 0 0 0 0 0 0 0 0 0 0 0 0 0 0 0 0 1 1 0 0 0 1 0 0 0 1 0 0 0 0 0 0 0 0 0 0 0 0 0 0 0 0 0 0 1 0 0 0 0 0 0 0 0 0 0 0 0 0 0 0 0 0 0 0 0 0 0 0 0 0 1 0 0
geno chr8.41287827 tsi  0 0 0 0 0 0 0 0 0 0 0 0 0 0 1 0 0 0 0 1 0 1 0 0 0 0 0 0 1 0 1 0 0 0 0 0 0 0 0 2 0 0 0 1 0 0 0 0 0 0 0 0 0 0 0 0 1 0 0 0 0 0 0 0 0 0 0 0 0 0 0 0 0 0 1 0 1 0 0 0 0 0 0 0 0 1 0 0 0 0 0 1
geno chr8.41287827 yri  0 0 0 0 0 0 0 0 0 0 0 0 0 0 0 0 0 0 0 0 0 0 0 0 0 0 0 0 0 0 0 0 0 0 0 0 0 0 0 0 0 0 0 0 0 0 0 0 0 0 0 0 0 0 0 0 0 0 0 0 0 0 0 0 0 0 0 0 0 0 0 0 0 0 0 0 0
geno chr8.41287920 ceu  1 0 0 0 1 0 1 0 1 0 0 1 0 0 0 1 0 0 0 0 0 0 0 0 0 0 0 0 2 0 0 0 1 1 0 0 0 1 0 0 0 0 0 1 0 0 0 0 0 0 0 0 0 0 0 0 0 0 0 0 0 1 0 0 0 0 0 1 0 0 0 0 0 0 0 1 0 0
geno chr8.41287920 fin  0 1 0 0 0 0 0 0 0 0 0 1 1 0 0 0 0 0 1 0 0 0 0 0 0 0 1 0 0 0 0 1 0 1 0 0 0 0 0 0 0 1 0 0 0 0 0 0 1 0 0 0 1 0 0 0 0 0 0 0 0 1 0 0 0 1 0 1 0 0 0 0 0 0 0 0 0 0 0 0 0 0 0 0 1 0 0 0 0
geno chr8.41287920 gbr  1 0 0 0 0 0 0 0 0 0 0 1 0 1 0 1 0 0 0 0 1 1 1 0 0 0 0 1 1 1 0 1 1 0 0 0 1 0 0 0 0 0 0 0 0 0 0 2 1 0 0 0 0 0 0 1 1 0 0 0 0 1 0 0 0 0 1 0 0 1 0 0 0 1 0 0 1 1 0 0 0 2 0 1
geno chr8.41287920 tsi  1 0 0 1 2 1 1 0 0 1 0 0 0 1 1 0 0 0 0 1 0 2 0 0 1 0 1 0 1 0 1 0 1 0 0 0 0 0 0 2 0 0 0 1 0 0 0 0 0 0 0 1 0 0 0 0 1 0 0 0 0 0 0 0 1 0 0 0 0 0 0 1 1 1 1 1 2 1 0 0 0 0 1 1 0 1 1 0 0 0 0 1
geno chr8.41287920 yri  1 1 1 0 1 1 0 0 0 2 0 0 2 1 0 1 2 0 2 1 1 0 0 0 0 0 1 0 0 0 1 0 0 1 1 0 0 1 0 0 0 1 0 1 1 1 0 0 1 1 2 0 0 0 1 0 0 0 1 1 0 0 0 0 1 0 0 2 0 0 1 1 0 1 1 0 1
geno chr8.41288136 ceu  1 0 0 0 1 0 1 0 1 0 0 1 0 0 0 1 0 0 0 0 0 0 0 0 0 0 0 0 2 0 0 0 1 1 0 0 0 1 0 0 0 0 0 1 0 0 0 0 0 0 0 0 0 0 0 0 0 0 0 0 0 1 0 0 0 0 0 1 0 0 0 0 0 0 0 1 0 0
geno chr8.41288136 fin  0 1 0 0 0 0 0 0 0 0 0 1 1 0 0 0 0 0 1 0 0 0 0 0 0 0 1 0 0 0 0 1 0 1 0 0 0 0 0 0 0 1 0 0 0 0 0 0 1 0 0 0 1 0 0 0 0 0 0 0 0 1 0 0 0 1 0 1 0 0 0 0 0 0 0 0 0 0 0 0 0 0 0 0 1 0 0 0 0
geno chr8.41288136 gbr  1 0 0 0 0 0 0 0 0 0 0 1 0 1 0 1 0 0 0 0 1 1 1 0 0 0 0 1 1 1 0 1 1 0 0 0 1 0 0 0 0 0 0 0 0 0 0 2 1 0 0 0 0 0 0 1 1 0 0 0 0 1 0 0 0 0 1 0 0 1 0 0 0 1 0 0 1 1 0 0 0 2 0 1
geno chr8.41288136 tsi  1 0 0 1 2 1 1 0 0 1 0 0 0 1 1 0 0 0 0 1 0 2 0 0 1 0 1 0 1 0 1 0 1 0 0 0 0 0 0 2 0 0 0 1 0 0 0 0 0 0 0 1 0 0 0 0 1 0 0 0 0 0 0 0 1 0 0 0 0 0 0 1 1 1 1 1 2 1 0 0 0 0 1 1 0 1 1 0 0 0 0 1
geno chr8.41288136 yri  1 1 1 0 1 1 0 0 0 2 0 0 2 1 0 1 2 1 2 1 1 0 0 0 0 0 1 0 0 0 1 0 0 1 1 0 0 1 0 0 0 1 0 1 1 1 0 0 1 1 2 0 0 0 1 0 0 0 1 1 0 0 0 0 1 0 0 2 0 0 1 1 0 1 1 0 1
geno chr8.41288281 ceu  1 0 0 0 1 0 1 0 1 0 0 1 0 0 0 1 0 0 0 0 0 0 0 0 0 0 0 0 2 0 0 0 1 1 0 0 0 1 0 0 0 0 0 1 0 0 0 0 0 0 0 0 0 0 0 0 0 0 0 0 0 1 0 0 0 0 0 1 0 0 0 0 0 0 0 1 0 0
geno chr8.41288281 fin  0 1 0 0 0 0 0 0 0 0 0 1 1 0 0 0 0 0 1 0 0 0 0 0 0 0 1 0 0 0 0 1 0 1 0 0 0 0 0 0 0 1 0 0 0 0 0 0 1 0 0 0 1 0 0 0 0 0 0 0 0 1 0 0 0 1 0 1 0 0 0 0 0 0 0 0 0 0 0 0 0 0 0 0 1 0 0 0 0
geno chr8.41288281 gbr  1 0 0 0 0 0 0 0 0 0 0 1 0 1 0 1 0 0 0 0 1 1 1 0 0 0 0 1 1 1 0 1 1 0 0 0 1 0 0 0 0 0 0 0 0 0 0 2 1 0 0 0 0 0 0 1 1 0 0 0 0 1 0 0 0 0 1 0 0 1 0 0 0 1 0 0 1 1 0 0 0 2 0 1
geno chr8.41288281 tsi  1 0 0 1 2 1 1 0 0 1 0 0 0 1 1 0 0 0 0 1 0 2 0 0 1 0 1 0 1 0 1 0 1 0 0 0 0 0 0 2 0 0 0 1 0 0 0 0 0 0 0 1 0 0 0 0 1 0 0 0 0 0 0 0 1 0 0 0 0 0 0 1 1 1 1 1 2 1 0 0 0 0 1 1 0 1 1 0 0 0 0 1
geno chr8.41288281 yri  1 1 1 0 1 1 0 0 0 2 0 0 2 1 0 1 2 1 2 1 1 0 0 0 0 0 1 0 0 0 1 0 0 1 1 0 0 1 0 0 0 1 0 1 1 1 0 0 1 1 2 0 0 0 1 0 0 0 1 1 0 0 0 0 1 0 0 2 0 0 1 1 0 1 1 0 1
geno chr8.41288325 ceu  1 0 0 0 1 0 1 0 1 0 0 1 0 0 0 0 0 0 0 0 0 0 0 0 0 0 0 0 0 0 0 0 1 1 0 0 0 0 0 0 0 0 0 0 0 0 0 0 0 0 0 0 0 0 0 0 0 0 0 0 0 0 0 0 0 0 0 1 0 0 0 0 0 0 0 1 0 0
geno chr8.41288325 fin  0 0 0 0 0 0 0 0 0 0 0 1 1 0 0 0 0 0 1 0 0 0 0 0 0 0 1 0 0 0 0 0 0 0 0 0 0 0 0 0 0 0 0 0 0 0 0 0 0 0 0 0 1 0 0 0 0 0 0 0 0 1 0 0 0 1 0 0 0 0 0 0 0 0 0 0 0 0 0 0 0 0 0 0 0 0 0 0 0
geno chr8.41288325 gbr  1 0 0 0 0 0 0 0 0 0 0 1 0 1 0 1 0 0 0 0 1 1 1 0 0 0 0 0 0 1 0 1 0 0 0 0 0 0 0 0 0 0 0 0 0 0 0 1 1 0 0 0 0 0 0 0 1 0 0 0 0 1 0 0 0 0 1 0 0 1 0 0 0 1 0 0 1 1 0 0 0 0 0 1
geno chr8.41288325 tsi  1 0 0 1 1 1 1 0 0 1 0 0 0 1 0 0 0 0 0 0 0 1 0 0 1 0 1 0 0 0 0 0 1 0 0 0 0 0 0 0 0 0 0 0 0 0 0 0 0 0 0 1 0 0 0 0 0 0 0 0 0 0 0 0 1 0 0 0 0 0 0 1 1 0 0 1 1 1 0 0 0 0 1 1 0 0 1 0 0 0 0 0
geno chr8.41288325 yri  1 1 1 0 1 1 0 0 0 2 0 0 2 1 0 1 2 1 2 1 1 0 0 0 0 0 1 0 0 0 1 0 0 1 1 0 0 1 0 0 0 1 0 1 1 1 0 0 1 1 2 0 0 0 1 0 0 0 1 1 0 0 0 0 1 0 0 2 0 0 1 1 0 1 1 0 1
geno chr8.41288362 ceu  1 0 0 0 1 0 1 0 1 0 0 1 0 0 0 1 0 0 0 0 0 0 0 0 0 0 0 0 2 0 0 0 1 1 0 0 0 1 0 0 0 0 0 1 0 0 0 0 0 0 0 0 0 0 0 0 0 0 0 0 0 1 0 0 0 0 0 1 0 0 0 0 0 0 0 1 0 0
geno chr8.41288362 fin  0 1 0 0 0 0 0 0 0 0 0 1 1 0 0 0 0 0 1 0 0 0 0 0 0 0 1 0 0 0 0 1 0 1 0 0 0 0 0 0 0 1 0 0 0 0 0 0 1 0 0 0 1 0 0 0 0 0 0 0 0 1 0 0 0 1 0 1 0 0 0 0 0 0 0 0 0 0 0 0 0 0 0 0 1 0 0 0 0
geno chr8.41288362 gbr  1 0 0 0 0 0 0 0 0 0 0 1 0 1 0 1 0 0 0 0 1 1 1 0 0 0 0 1 1 1 0 1 1 0 0 0 1 0 0 0 0 0 0 0 0 0 0 2 1 0 0 0 0 0 0 1 1 0 0 0 0 1 0 0 0 0 1 0 0 1 0 0 0 1 0 0 1 1 0 0 0 2 0 1
geno chr8.41288362 tsi  1 0 0 1 2 1 1 0 0 1 0 0 0 1 1 0 0 0 0 1 0 2 0 0 1 0 1 0 1 0 1 0 1 0 0 0 0 0 0 2 0 0 0 1 0 0 0 0 0 0 0 1 0 0 0 0 1 0 0 0 0 0 0 0 1 0 0 0 0 0 0 1 1 1 1 1 2 1 0 0 0 0 1 1 0 1 1 0 0 0 0 1
geno chr8.41288362 yri  1 1 1 0 1 1 0 0 0 2 0 0 2 1 0 1 2 1 2 1 1 0 0 0 0 0 1 0 0 0 1 0 0 1 1 0 0 1 0 0 0 1 0 1 1 1 0 0 1 1 2 0 0 0 1 0 0 0 1 1 0 0 0 0 1 0 0 2 0 0 1 1 0 1 1 0 1
geno chr8.41288477 ceu  1 0 0 0 1 0 1 0 1 0 0 1 0 0 0 1 0 0 0 0 0 0 0 0 0 0 0 0 2 0 0 0 1 1 0 0 0 1 0 0 0 0 0 1 0 0 0 0 0 0 0 0 0 0 0 0 0 0 0 0 0 1 0 0 0 0 0 1 0 0 0 0 0 0 0 1 0 0
geno chr8.41288477 fin  0 1 0 0 0 0 1 0 0 0 0 1 1 0 0 0 0 0 1 0 0 0 0 0 0 0 1 0 0 0 0 1 0 1 0 0 0 0 0 0 0 1 0 0 0 0 0 0 1 0 0 0 1 0 0 0 0 0 1 0 0 1 0 0 0 1 1 1 1 0 1 0 1 0 1 0 0 0 0 0 0 0 0 0 1 0 0 0 0
geno chr8.41288477 gbr  2 1 0 0 1 0 0 0 0 0 0 1 0 1 0 1 0 0 0 0 1 1 1 0 0 0 0 1 1 1 0 1 1 0 0 0 1 0 0 0 0 0 0 0 0 0 0 2 1 0 0 0 0 0 0 1 1 0 0 0 0 1 0 0 0 0 1 0 0 1 0 0 0 1 0 0 1 1 0 0 0 2 0 1
geno chr8.41288477 tsi  1 0 0 1 2 1 1 0 0 1 0 0 0 1 1 0 0 0 0 1 0 2 0 0 1 0 1 0 1 0 1 0 1 0 0 0 0 0 0 2 0 0 0 1 0 0 0 0 0 0 0 1 0 0 0 0 1 0 0 0 0 0 0 0 1 0 0 0 0 0 0 1 1 1 1 1 2 1 0 0 0 0 1 1 0 1 1 0 0 0 0 1
geno chr8.41288477 yri  1 1 1 0 1 1 0 0 0 2 0 0 2 1 0 1 2 1 2 1 1 0 0 0 0 0 1 0 0 0 1 0 0 1 1 0 0 1 0 0 0 1 0 1 1 1 0 0 1 1 2 0 0 0 1 0 0 0 1 1 0 0 0 0 1 0 0 2 0 0 1 1 0 1 1 0 1
geno chr8.41288677 ceu  0 0 0 0 0 0 0 0 0 0 0 0 0 0 0 0 0 0 0 0 0 0 0 0 0 1 0 0 0 0 0 0 0 0 0 0 0 0 0 0 0 0 0 0 0 0 0 0 0 0 0 0 0 0 0 0 0 0 1 0 0 0 0 0 0 0 0 0 0 0 1 0 0 0 0 0 0 0
geno chr8.41288677 fin  0 0 0 0 0 0 0 1 0 0 0 0 0 0 1 0 0 0 0 0 0 0 0 0 0 0 0 0 0 0 0 0 0 0 0 0 0 0 0 0 0 0 0 0 1 0 0 0 0 0 0 0 0 0 0 0 0 0 0 0 0 0 0 0 0 0 0 0 0 0 0 0 0 0 0 0 0 0 0 0 0 0 0 0 0 0 0 0 0
geno chr8.41288677 gbr  0 0 0 0 0 0 0 0 0 0 0 0 0 0 0 0 0 1 0 0 0 0 1 0 1 0 0 0 0 0 0 1 0 0 0 0 0 1 0 0 0 0 0 0 0 0 0 0 0 0 0 1 0 0 0 0 0 0 0 1 0 1 0 0 0 0 0 0 0 0 0 0 0 0 0 0 0 0 0 0 0 0 0 0
geno chr8.41288677 tsi  0 0 0 0 0 0 0 0 0 0 0 0 0 0 0 0 0 1 0 0 0 0 0 0 0 1 0 0 0 0 0 0 0 0 0 0 0 0 1 0 0 0 0 0 0 0 0 0 0 0 0 0 0 0 0 0 0 0 0 1 0 0 0 0 0 0 0 0 0 0 1 0 0 0 0 0 0 0 0 0 0 0 0 0 0 0 0 0 0 0 0 0
geno chr8.41288677 yri  0 0 0 0 0 0 0 0 0 0 0 2 0 1 1 0 0 0 0 0 0 0 0 0 0 0 1 0 0 0 0 0 0 0 0 0 1 0 0 1 1 0 1 1 0 0 1 0 0 1 0 0 0 1 0 0 1 1 0 0 0 0 0 0 1 0 1 0 1 1 1 0 0 0 0 0 0
geno chr8.41288929 ceu  0 0 2 0 0 0 0 0 0 1 0 0 0 0 1 0 0 0 0 0 0 0 0 0 0 2 0 1 0 1 0 0 0 0 1 0 0 0 0 1 1 0 0 0 0 1 1 0 0 0 1 0 1 0 1 0 0 0 1 1 0 0 1 0 0 0 0 0 1 1 1 0 0 0 0 1 1 0
geno chr8.41288929 fin  0 0 0 1 0 0 0 2 0 1 0 0 0 0 0 0 0 0 0 1 0 0 0 1 0 0 0 0 0 0 0 0 1 1 0 0 0 0 0 0 0 0 1 1 0 1 0 0 0 0 0 1 0 0 1 0 0 0 0 1 2 0 1 1 1 0 1 0 1 0 1 1 0 0 0 0 0 0 1 1 1 1 0 0 0 0 0 0 0
geno chr8.41288929 gbr  0 1 0 1 0 0 1 0 1 0 1 1 0 1 0 0 1 2 1 0 0 0 1 1 1 1 1 0 0 0 0 0 0 0 0 0 0 1 1 1 1 0 0 0 0 1 0 0 1 0 1 1 1 0 0 0 0 0 0 2 0 1 0 1 0 1 0 1 0 0 0 1 0 0 0 0 0 0 0 0 0 0 0 1
geno chr8.41288929 tsi  1 0 0 1 0 0 1 0 0 0 0 0 0 0 0 0 0 1 1 0 0 0 0 1 0 1 1 1 0 0 0 0 0 0 0 0 0 0 1 0 1 0 0 0 0 0 1 1 0 1 0 0 0 0 0 0 0 0 0 1 0 0 1 1 0 1 0 1 0 0 1 0 0 0 0 0 0 0 1 0 0 1 0 0 0 0 0 1 1 2 0 0
geno chr8.41288929 yri  0 0 0 0 0 0 0 0 0 0 0 0 0 1 0 0 0 0 0 0 0 1 0 0 0 0 0 0 0 0 0 0 0 0 0 0 0 0 1 1 2 0 1 1 0 0 0 0 0 0 0 0 1 0 0 0 0 0 0 0 1 0 0 0 0 0 1 0 1 0 0 0 0 0 0 0 0
geno chr8.41289476 ceu  2 2 0 2 2 2 2 2 2 1 2 2 2 2 1 2 2 2 2 2 2 2 2 2 2 1 2 1 2 1 2 2 2 2 1 2 2 2 2 1 1 2 2 2 2 1 1 2 2 2 1 2 1 2 1 2 2 2 2 1 2 2 1 2 2 2 2 2 1 1 1 2 2 2 2 1 1 2
geno chr8.41289476 fin  2 2 2 1 2 2 2 1 2 1 2 2 2 2 2 2 2 2 2 1 2 2 2 1 2 2 2 2 2 2 2 2 1 1 2 2 2 2 2 2 2 2 1 1 2 1 2 2 2 2 2 1 2 2 1 2 2 2 2 1 0 2 1 1 1 2 1 2 1 2 1 1 2 2 2 2 2 2 1 1 1 1 2 2 2 2 2 2 2
geno chr8.41289476 gbr  2 1 2 1 2 2 1 2 1 2 1 1 2 1 2 2 1 1 1 2 2 2 2 1 2 1 1 2 2 2 2 2 2 2 2 2 2 2 1 1 1 2 2 2 2 1 2 2 1 2 1 2 1 2 2 2 2 2 2 1 2 2 2 1 2 1 2 1 2 2 2 1 2 2 2 2 2 2 2 2 2 2 2 1
geno chr8.41289476 tsi  1 2 2 1 2 2 1 2 2 2 2 2 2 2 2 2 2 2 1 2 2 2 2 1 2 2 1 1 2 2 2 2 2 2 2 2 2 2 2 2 1 2 2 2 2 2 1 1 2 1 2 2 2 2 2 2 2 2 2 2 2 2 1 1 2 1 2 1 2 2 2 2 2 2 2 2 2 2 1 2 2 1 2 2 2 2 2 1 1 0 2 2
geno chr8.41289476 yri  2 2 2 2 2 2 2 2 2 2 2 2 2 2 2 2 2 2 2 2 2 1 1 2 2 2 2 2 2 1 2 2 1 2 2 2 2 2 0 2 1 2 2 2 1 1 2 2 1 2 2 2 1 2 2 2 1 2 2 2 0 2 2 2 2 2 2 2 2 2 2 2 2 2 2 2 2
geno chr8.41289571 ceu  1 0 0 0 1 0 1 0 1 0 0 1 0 0 0 1 0 0 0 0 0 0 0 0 0 0 0 0 2 0 0 0 1 1 0 0 0 1 0 0 0 0 0 1 0 0 0 0 0 0 0 0 0 0 0 0 0 0 0 0 0 1 0 0 0 0 0 1 0 0 0 0 0 0 0 1 0 0
geno chr8.41289571 fin  0 1 0 0 0 0 0 0 0 0 0 1 1 0 0 0 0 0 1 0 0 0 0 0 0 0 1 0 0 0 0 1 0 1 0 0 0 0 0 0 0 1 0 0 0 0 0 0 1 0 0 0 1 0 0 0 0 0 0 0 0 1 0 0 0 1 0 1 0 0 0 0 0 0 0 0 0 0 0 0 0 0 0 0 1 0 0 0 0
geno chr8.41289571 gbr  1 0 0 0 0 0 0 0 0 0 0 1 0 1 0 1 0 0 0 0 1 1 1 0 0 0 0 1 1 1 0 1 1 0 0 0 1 0 0 0 0 0 0 0 0 0 0 2 1 0 0 0 0 0 0 1 1 0 0 0 0 1 0 0 0 0 1 0 0 1 0 0 0 1 0 0 1 1 0 0 0 2 0 1
geno chr8.41289571 tsi  1 0 0 1 2 1 1 0 0 1 0 0 0 1 1 0 0 0 0 1 0 2 0 0 1 0 1 0 1 0 1 0 1 0 0 0 0 0 0 2 0 0 0 1 0 0 0 0 0 0 0 1 0 0 0 0 1 0 0 0 0 0 0 0 1 0 0 0 0 0 0 1 1 1 1 1 2 1 0 0 0 0 1 1 0 1 1 0 0 0 0 1
geno chr8.41289571 yri  1 1 1 0 1 1 0 0 0 2 0 0 2 1 0 1 2 1 2 1 1 0 0 0 0 0 1 0 0 0 1 0 0 1 1 0 0 1 0 0 0 1 0 1 1 1 0 0 1 1 2 0 0 0 1 0 0 0 1 1 0 0 0 0 1 0 0 2 0 0 1 1 0 1 1 0 1
geno chr8.41289714 ceu  0 0 0 0 0 0 0 0 0 0 0 0 0 0 0 1 0 0 0 0 0 0 0 0 0 0 0 0 2 0 0 0 0 0 0 0 0 1 0 0 0 0 0 1 0 0 0 0 0 0 0 0 0 0 0 0 0 0 0 0 0 1 0 0 0 0 0 0 0 0 0 0 0 0 0 0 0 0
geno chr8.41289714 fin  0 1 0 0 0 0 0 0 0 0 0 0 0 0 0 0 0 0 0 0 0 0 0 0 0 0 0 0 0 0 0 1 0 1 0 0 0 0 0 0 0 1 0 0 0 0 0 0 1 0 0 0 0 0 0 0 0 0 0 0 0 0 0 0 0 0 0 1 0 0 0 0 0 0 0 0 0 0 0 0 0 0 0 0 1 0 0 0 0
geno chr8.41289714 gbr  0 0 0 0 0 0 0 0 0 0 0 0 0 0 0 0 0 0 0 0 0 0 0 0 0 0 0 1 1 0 0 0 1 0 0 0 1 0 0 0 0 0 0 0 0 0 0 1 0 0 0 0 0 0 0 1 0 0 0 0 0 0 0 0 0 0 0 0 0 0 0 0 0 0 0 0 0 0 0 0 0 2 0 0
geno chr8.41289714 tsi  0 0 0 0 1 0 0 0 0 0 0 0 0 0 1 0 0 0 0 1 0 1 0 0 0 0 0 0 1 0 1 0 0 0 0 0 0 0 0 2 0 0 0 1 0 0 0 0 0 0 0 0 0 0 0 0 1 0 0 0 0 0 0 0 0 0 0 0 0 0 0 0 0 1 1 0 1 0 0 0 0 0 0 0 0 1 0 0 0 0 0 1
geno chr8.41289714 yri  0 0 0 0 0 0 0 0 0 0 0 0 0 0 0 0 0 0 0 0 0 0 0 0 0 0 0 0 0 0 0 0 0 0 0 0 0 0 0 0 0 0 0 0 0 0 0 0 0 0 0 0 0 0 0 0 0 0 0 0 0 0 0 0 0 0 0 0 0 0 0 0 0 0 0 0 0
geno chr8.41289886 ceu  1 0 0 0 1 0 1 0 1 0 0 1 0 0 0 1 0 0 0 0 0 0 0 0 0 0 0 0 2 0 0 0 1 1 0 0 0 1 0 0 0 0 0 1 0 0 0 0 0 0 0 0 0 0 0 0 0 0 0 0 0 1 0 0 0 0 0 1 0 0 0 0 0 0 0 1 0 0
geno chr8.41289886 fin  0 1 0 0 0 0 0 0 0 0 0 1 1 0 0 0 0 0 1 0 0 0 0 0 0 0 1 0 0 0 0 1 0 1 0 0 0 0 0 0 0 1 0 0 0 0 0 0 1 0 0 0 1 0 0 0 0 0 0 0 0 1 0 0 0 1 0 1 0 0 0 0 0 0 0 0 0 0 0 0 0 0 0 0 1 0 0 0 0
geno chr8.41289886 gbr  1 0 0 0 0 0 0 0 0 0 0 1 0 1 0 1 0 0 0 0 1 1 1 0 0 0 0 1 1 1 0 1 1 0 0 0 1 0 0 0 0 0 0 0 0 0 0 2 1 0 0 0 0 0 0 1 1 0 0 0 0 1 0 0 0 0 1 0 0 1 0 0 0 1 0 0 1 1 0 0 0 2 0 1
geno chr8.41289886 tsi  1 0 0 1 2 1 1 0 0 1 0 0 0 1 1 0 0 0 0 1 0 1 0 0 1 0 1 0 1 0 1 0 1 0 0 0 0 0 0 2 0 0 0 1 0 0 0 0 0 0 0 1 0 0 0 0 1 0 0 0 0 0 0 0 1 0 0 0 0 0 0 1 1 1 1 1 2 1 0 0 0 0 1 1 0 1 1 0 0 0 0 1
geno chr8.41289886 yri  1 1 1 0 1 1 1 0 0 2 0 0 2 1 0 1 2 1 2 1 1 0 0 0 0 0 1 0 1 0 1 0 0 1 1 0 0 1 0 0 0 1 0 1 1 1 0 0 1 1 2 1 0 0 1 0 0 0 1 1 0 0 1 0 1 0 1 2 0 0 1 1 0 2 1 0 1
geno chr8.41289911 ceu  1 0 0 0 1 0 1 0 1 0 0 1 0 0 0 0 0 0 0 0 0 0 0 0 0 0 0 0 0 0 0 0 1 1 0 0 0 0 0 0 0 0 0 0 0 0 0 0 0 0 0 0 0 0 0 0 0 0 0 0 0 0 0 0 0 0 0 1 0 0 0 0 0 0 0 1 0 0
geno chr8.41289911 fin  0 0 0 0 0 0 0 0 0 0 0 1 1 0 0 0 0 0 1 0 0 0 0 0 0 0 1 0 0 0 0 0 0 0 0 0 0 0 0 0 0 0 0 0 0 0 0 0 0 0 0 0 1 0 0 0 0 0 0 0 0 1 0 0 0 1 0 0 0 0 0 0 0 0 0 0 0 0 0 0 0 0 0 0 0 0 0 0 0
geno chr8.41289911 gbr  1 0 0 0 0 0 0 0 0 0 0 1 0 1 0 1 0 0 0 0 1 1 1 0 0 0 0 0 0 1 0 1 0 0 0 0 0 0 0 0 0 0 0 0 0 0 0 1 1 0 0 0 0 0 0 0 1 0 0 0 0 1 0 0 0 0 1 0 0 1 0 0 0 1 0 0 1 1 0 0 0 0 0 1
geno chr8.41289911 tsi  1 0 0 1 1 1 1 0 0 1 0 0 0 1 0 0 0 0 0 0 0 0 0 0 1 0 1 0 0 0 0 0 1 0 0 0 0 0 0 0 0 0 0 0 0 0 0 0 0 0 0 1 0 0 0 0 0 0 0 0 0 0 0 0 1 0 0 0 0 0 0 1 1 0 0 1 1 1 0 0 0 0 1 1 0 0 1 0 0 0 0 0
geno chr8.41289911 yri  1 1 1 0 1 1 0 0 0 2 0 0 2 1 0 1 2 1 2 1 1 0 0 0 0 0 1 0 0 0 1 0 0 1 1 0 0 1 0 0 0 1 0 1 1 1 0 0 1 1 2 0 0 0 1 0 0 0 1 1 0 0 0 0 1 0 0 2 0 0 1 1 0 1 1 0 1
geno chr8.41289978 ceu  1 0 0 0 1 0 1 0 1 0 0 1 0 0 0 1 0 0 0 0 0 0 0 0 0 0 0 0 2 0 0 0 1 1 0 0 0 1 0 0 0 0 0 1 0 0 0 0 0 0 0 0 0 0 0 0 0 0 0 0 0 1 0 0 0 0 0 1 0 0 0 0 0 0 0 1 0 0
geno chr8.41289978 fin  0 1 0 0 0 0 0 0 0 0 0 1 1 0 0 0 0 0 1 0 0 0 0 0 0 0 1 0 0 0 0 1 0 1 0 0 0 0 0 0 0 1 0 0 0 0 0 0 1 0 0 0 1 0 0 0 0 0 0 0 0 1 0 0 0 1 0 1 0 0 0 0 0 0 0 0 0 0 0 0 0 0 0 0 1 0 0 0 0
geno chr8.41289978 gbr  1 0 0 0 0 0 0 0 0 0 0 1 0 1 0 1 0 0 0 0 1 1 1 0 0 0 0 1 1 1 0 1 1 0 0 0 1 0 0 0 0 0 0 0 0 0 0 2 1 0 0 0 0 0 0 1 1 0 0 0 0 1 0 0 0 0 1 0 0 1 0 0 0 1 0 0 1 1 0 0 0 2 0 1
geno chr8.41289978 tsi  1 0 0 1 2 1 1 0 0 1 0 0 0 1 1 0 0 0 0 1 0 2 0 0 1 0 1 0 1 0 1 0 1 0 0 0 0 0 0 2 0 0 0 1 0 0 0 0 0 0 0 1 0 0 0 0 1 0 0 0 0 0 0 0 1 0 0 0 0 0 0 1 1 1 1 1 2 1 0 0 0 0 1 1 0 1 1 0 0 0 0 1
geno chr8.41289978 yri  1 1 1 0 1 1 1 0 0 2 0 0 2 1 0 1 2 1 2 1 1 0 0 0 0 0 1 0 1 0 1 0 0 1 1 0 0 1 0 0 0 1 0 1 1 1 0 0 1 1 2 1 0 0 1 0 0 0 1 1 0 0 1 0 1 0 1 2 0 0 1 1 0 2 1 0 1
geno chr8.41290003 ceu  1 0 0 0 1 0 1 0 1 0 0 1 0 0 0 1 0 0 0 0 0 0 0 0 0 0 0 0 2 0 0 0 1 1 0 0 0 1 0 0 0 0 0 1 0 0 0 0 0 0 0 0 0 0 0 0 0 0 0 0 0 1 0 0 0 0 0 1 0 0 0 0 0 0 0 1 0 0
geno chr8.41290003 fin  0 1 0 0 0 0 0 0 0 0 0 1 1 0 0 0 0 0 1 0 0 0 0 0 0 0 1 0 0 0 0 1 0 1 0 0 0 0 0 0 0 1 0 0 0 0 0 0 1 0 0 0 1 0 0 0 0 0 0 0 0 1 0 0 0 1 0 1 0 0 0 0 0 0 0 0 0 0 0 0 0 0 0 0 1 0 0 0 0
geno chr8.41290003 gbr  1 0 0 0 0 0 0 0 0 0 0 1 0 1 0 1 0 0 0 0 1 1 1 0 0 0 0 1 1 1 0 1 1 0 0 0 1 0 0 0 0 0 0 0 0 0 0 2 1 0 0 0 0 0 0 1 1 0 0 0 0 1 0 0 0 0 1 0 0 1 0 0 0 1 0 0 1 1 0 0 0 2 0 1
geno chr8.41290003 tsi  1 0 0 1 2 1 1 0 0 1 0 0 0 1 1 0 0 0 0 1 0 2 0 0 1 0 1 0 1 0 1 0 1 0 0 0 0 0 0 2 0 0 0 1 0 0 0 0 0 0 0 1 0 0 0 0 1 0 0 0 0 0 0 0 1 0 0 0 0 0 0 1 1 1 1 1 2 1 0 0 0 0 1 1 0 1 1 0 0 0 0 1
geno chr8.41290003 yri  1 1 1 0 1 1 1 0 0 2 0 0 2 1 0 1 2 1 2 1 1 0 0 0 0 0 1 0 1 0 1 0 0 1 1 0 0 1 0 0 0 1 0 1 1 1 0 0 1 1 2 1 0 0 1 0 0 0 1 1 0 0 1 0 1 0 1 2 0 0 1 1 0 2 1 0 1
geno chr8.41290242 ceu  1 0 0 0 1 0 1 0 1 0 0 1 0 0 0 1 0 0 0 0 0 0 0 0 0 0 0 0 2 0 0 0 1 1 0 0 0 1 0 0 0 0 0 1 0 0 0 0 0 0 0 0 0 0 0 0 0 0 0 0 0 1 0 0 0 0 0 1 0 0 0 0 0 0 0 1 0 0
geno chr8.41290242 fin  0 1 0 0 0 0 0 0 0 0 0 1 1 0 0 0 0 0 1 0 0 0 0 0 0 0 1 0 0 0 0 1 0 1 0 0 0 0 0 0 0 1 0 0 0 0 0 0 1 0 0 0 1 0 0 0 0 0 0 0 0 1 0 0 0 1 0 1 0 0 0 0 0 0 0 0 0 0 0 0 0 0 0 0 1 0 0 0 0
geno chr8.41290242 gbr  1 0 0 0 0 0 0 0 0 0 0 1 0 1 0 1 0 0 0 0 1 1 1 0 0 0 0 1 1 1 0 1 1 0 0 0 1 0 0 0 0 0 0 0 0 0 0 2 1 0 0 0 0 0 0 1 1 0 0 0 0 1 0 0 0 0 1 0 0 1 0 0 0 1 0 0 1 1 0 0 0 2 0 1
geno chr8.41290242 tsi  1 0 0 1 2 1 1 0 0 1 0 0 0 1 1 0 0 0 0 1 0 2 0 0 1 0 1 0 1 0 1 0 1 0 0 0 0 0 0 2 0 0 0 1 0 0 0 0 0 0 0 1 0 0 0 0 1 0 0 0 0 0 0 0 1 0 0 0 0 0 0 1 1 1 1 1 2 1 0 0 0 0 1 1 0 1 1 0 0 0 0 1
geno chr8.41290242 yri  1 1 1 0 1 1 1 0 0 2 0 0 2 1 0 1 2 1 2 1 1 0 0 0 0 0 1 0 1 0 1 0 0 1 1 0 0 1 0 0 0 1 0 1 1 1 0 0 1 1 2 1 0 0 1 0 0 0 1 1 0 0 1 0 1 0 1 2 0 0 1 1 0 2 1 0 1
geno chr8.41290276 ceu  1 0 0 0 1 0 1 0 1 0 0 1 0 0 0 0 0 0 0 0 0 0 0 0 0 0 0 0 0 0 0 0 1 1 0 0 0 0 0 0 0 0 0 0 0 0 0 0 0 0 0 0 0 0 0 0 0 0 0 0 0 0 0 0 0 0 0 1 0 0 0 0 0 0 0 1 0 0
geno chr8.41290276 fin  0 0 0 0 0 0 0 0 0 0 0 1 1 0 0 0 0 0 1 0 0 0 0 0 0 0 1 0 0 0 0 0 0 0 0 0 0 0 0 0 0 0 0 0 0 0 0 0 0 0 0 0 1 0 0 0 0 0 0 0 0 1 0 0 0 1 0 0 0 0 0 0 0 0 0 0 0 0 0 0 0 0 0 0 0 0 0 0 0
geno chr8.41290276 gbr  1 0 0 0 0 0 0 0 0 0 0 1 0 1 0 1 0 0 0 0 1 1 1 0 0 0 0 0 0 1 0 0 0 0 0 0 0 0 0 0 0 0 0 0 0 0 0 1 1 0 0 0 0 0 0 0 1 0 0 0 0 1 0 0 0 0 1 0 0 1 0 0 0 1 0 0 1 1 0 0 0 0 0 1
geno chr8.41290276 tsi  1 0 0 1 1 1 1 0 0 1 0 0 0 1 0 0 0 0 0 0 0 1 0 0 1 0 1 0 0 0 0 0 1 0 0 0 0 0 0 0 0 0 0 0 0 0 0 0 0 0 0 1 0 0 0 0 0 0 0 0 0 0 0 0 1 0 0 0 0 0 0 1 1 0 0 1 1 1 0 0 0 0 1 1 0 0 1 0 0 0 0 0
geno chr8.41290276 yri  1 1 0 0 0 1 0 0 0 1 0 0 1 1 0 1 1 0 1 0 1 0 0 0 0 0 1 0 0 0 0 0 0 1 1 0 0 0 0 0 0 0 0 1 0 0 0 0 0 0 1 0 0 0 0 0 0 0 1 1 0 0 0 0 0 0 0 0 0 0 1 1 0 1 0 0 1
geno chr8.41290462 ceu  1 0 0 0 1 0 1 0 1 0 0 1 0 0 0 1 0 0 0 0 0 0 0 0 0 0 0 0 2 0 0 0 1 1 0 0 0 1 0 0 0 0 0 1 0 0 0 0 0 0 0 0 0 0 0 0 0 0 0 0 0 1 0 0 0 0 0 1 0 0 0 0 0 0 0 1 0 0
geno chr8.41290462 fin  0 1 0 0 0 0 0 0 0 0 0 1 1 0 0 0 0 0 1 0 0 0 0 0 0 0 1 0 0 0 0 1 0 1 0 0 0 0 0 0 0 1 0 0 0 0 0 0 1 0 0 0 1 0 0 0 0 0 0 0 0 1 0 0 0 1 0 1 0 0 0 0 0 0 0 0 0 0 0 0 0 0 0 0 1 0 0 0 0
geno chr8.41290462 gbr  1 0 0 0 0 0 0 0 0 0 0 1 0 1 0 1 0 0 0 0 1 1 1 0 0 0 0 1 1 1 0 1 1 0 0 0 1 0 0 0 0 0 0 0 0 0 0 2 1 0 0 0 0 0 0 1 1 0 0 0 0 1 0 0 0 0 1 0 0 1 0 0 0 1 0 0 1 1 0 0 0 2 0 1
geno chr8.41290462 tsi  1 0 0 1 2 1 1 0 0 1 0 0 0 1 1 0 0 0 0 1 0 2 0 0 1 0 1 0 1 0 1 0 1 0 0 0 0 0 0 2 0 0 0 1 0 0 0 0 0 0 0 1 0 0 0 0 1 0 0 0 0 0 0 0 1 0 0 0 0 0 0 1 1 1 1 1 2 1 0 0 0 0 1 1 0 1 1 0 0 0 0 1
geno chr8.41290462 yri  1 1 1 0 1 1 1 0 0 2 0 0 2 1 0 1 2 1 2 1 1 0 0 0 0 0 1 0 1 0 1 0 0 1 1 0 0 1 0 0 0 1 0 1 1 1 0 0 1 1 2 1 0 0 1 0 0 0 1 1 0 0 1 0 1 0 1 2 0 0 1 1 0 2 1 0 1
geno chr8.41290472 ceu  1 2 0 2 1 2 1 2 1 1 2 1 2 2 1 1 2 2 2 2 2 2 2 2 2 0 2 1 0 1 2 2 1 1 1 2 2 1 2 1 1 2 2 1 2 1 1 2 2 2 1 2 1 2 1 2 2 2 1 1 2 1 1 2 2 2 2 1 1 1 1 2 2 2 2 0 1 2
geno chr8.41290472 fin  2 1 2 1 2 2 2 0 2 1 2 1 1 2 1 2 2 2 1 1 2 2 2 1 2 2 1 2 2 2 2 1 1 0 1 2 2 2 2 2 2 1 1 1 1 1 2 2 1 2 2 1 1 2 1 2 2 2 2 1 0 1 1 1 1 1 1 1 1 2 1 1 2 2 2 2 2 2 1 1 1 1 2 2 0 2 2 2 2
geno chr8.41290472 gbr  1 1 2 1 2 2 1 2 1 2 1 0 2 0 2 1 1 0 1 2 1 1 0 1 1 1 1 1 1 1 2 1 1 2 2 2 1 1 1 1 1 2 2 2 2 1 2 0 0 2 1 1 1 2 2 1 1 2 2 0 2 0 2 1 2 1 1 1 2 1 2 1 2 1 2 2 1 1 2 2 2 0 2 0
geno chr8.41290472 tsi  0 2 2 0 0 1 0 2 2 1 2 2 2 1 1 2 2 1 1 1 2 0 2 1 1 1 0 1 1 2 1 2 1 2 2 2 2 2 1 0 1 2 2 1 2 2 1 1 2 1 2 1 2 2 2 2 1 2 2 1 2 2 1 1 1 1 2 1 2 2 1 1 1 1 1 1 0 1 1 2 2 1 1 1 2 1 1 1 1 0 2 1
geno chr8.41290472 yri  1 1 1 1 0 1 1 2 2 0 1 0 0 0 1 1 0 1 0 1 1 1 1 2 2 1 0 2 1 1 0 2 1 1 1 2 1 1 0 1 0 1 1 0 0 0 1 2 0 1 0 1 1 1 1 2 0 0 1 1 0 2 1 2 0 2 0 0 1 1 0 1 2 0 0 2 0
geno chr8.41290483 ceu  0 0 0 0 0 0 0 0 0 0 0 0 0 0 0 1 0 0 0 0 0 0 0 0 0 0 0 0 2 0 0 0 0 0 0 0 0 1 0 0 0 0 0 1 0 0 0 0 0 0 0 0 0 0 0 0 0 0 0 0 0 1 0 0 0 0 0 0 0 0 0 0 0 0 0 0 0 0
geno chr8.41290483 fin  0 1 0 0 0 0 0 0 0 0 0 0 0 0 0 0 0 0 0 0 0 0 0 0 0 0 0 0 0 0 0 1 0 1 0 0 0 0 0 0 0 1 0 0 0 0 0 0 1 0 0 0 0 0 0 0 0 0 0 0 0 0 0 0 0 0 0 1 0 0 0 0 0 0 0 0 0 0 0 0 0 0 0 0 1 0 0 0 0
geno chr8.41290483 gbr  0 0 0 0 0 0 0 0 0 0 0 0 0 0 0 0 0 0 0 0 0 0 0 0 0 0 0 1 1 0 0 0 1 0 0 0 1 0 0 0 0 0 0 0 0 0 0 1 0 0 0 0 0 0 0 1 0 0 0 0 0 0 0 0 0 0 0 0 0 0 0 0 0 0 0 0 0 0 0 0 0 2 0 0
geno chr8.41290483 tsi  0 0 0 0 1 0 0 0 0 0 0 0 0 0 1 0 0 0 0 1 0 1 0 0 0 0 0 0 1 0 1 0 0 0 0 0 0 0 0 2 0 0 0 1 0 0 0 0 0 0 0 0 0 0 0 0 1 0 0 0 0 0 0 0 0 0 0 0 0 0 0 0 0 1 1 0 1 0 0 0 0 0 0 0 0 1 0 0 0 0 0 1
geno chr8.41290483 yri  0 0 0 0 0 0 1 0 0 0 0 0 0 0 0 0 0 0 0 0 0 0 0 0 0 0 0 0 1 0 0 0 0 0 0 0 0 0 0 0 0 0 0 0 0 0 0 0 0 0 0 1 0 0 0 0 0 0 0 0 0 0 1 0 0 0 1 0 0 0 0 0 0 1 0 0 0
geno chr8.41290500 ceu  1 0 0 0 1 0 1 0 1 0 0 1 0 0 0 1 0 0 0 0 0 0 0 0 0 0 0 0 2 0 0 0 1 1 0 0 0 1 0 0 0 0 0 1 0 0 0 0 0 0 0 0 0 0 0 0 0 0 0 0 0 1 0 0 0 0 0 1 0 0 0 0 0 0 0 1 0 0
geno chr8.41290500 fin  0 1 0 0 0 0 0 0 0 0 0 1 1 0 0 0 0 0 1 0 0 0 0 0 0 0 1 0 0 0 0 1 0 1 0 0 0 0 0 0 0 1 0 0 0 0 0 0 1 0 0 0 1 0 0 0 0 0 0 0 0 1 0 0 0 1 0 1 0 0 0 0 0 0 0 0 0 0 0 0 0 0 0 0 1 0 0 0 0
geno chr8.41290500 gbr  1 0 0 0 0 0 0 0 0 0 0 1 0 1 0 1 0 0 0 0 1 1 1 0 0 0 0 1 1 1 0 1 1 0 0 0 1 0 0 0 0 0 0 0 0 0 0 2 1 0 0 0 0 0 0 1 1 0 0 0 0 1 0 0 0 0 1 0 0 1 0 0 0 1 0 0 1 1 0 0 0 2 0 1
geno chr8.41290500 tsi  1 0 0 1 2 1 1 0 0 1 0 0 0 1 1 0 0 0 0 1 0 2 0 0 1 0 1 0 1 0 1 0 1 0 0 0 0 0 0 2 0 0 0 1 0 0 0 0 0 0 0 1 0 0 0 0 1 0 0 0 0 0 0 0 1 0 0 0 0 0 0 1 1 1 1 1 2 1 0 0 0 0 1 1 0 1 1 0 0 0 0 1
geno chr8.41290500 yri  1 1 1 0 1 1 1 0 0 2 0 0 2 1 0 1 2 1 2 1 1 0 0 0 0 0 1 0 1 0 1 0 0 1 1 0 0 1 0 0 0 1 0 1 1 1 0 0 1 1 2 1 0 0 1 0 0 0 1 1 0 0 1 0 1 0 1 2 0 0 1 1 0 2 1 0 1
geno chr8.41290645 ceu  1 0 0 0 1 0 1 0 1 0 0 1 0 0 0 1 0 0 0 0 0 0 0 0 0 0 0 0 2 0 0 0 1 1 0 0 0 1 0 0 0 0 0 1 0 0 0 0 0 0 0 0 0 0 0 0 0 0 0 0 0 1 0 0 0 0 0 1 0 0 0 0 0 0 0 1 0 0
geno chr8.41290645 fin  0 1 0 0 0 0 0 0 0 0 0 1 1 0 0 0 0 0 1 0 0 0 0 0 0 0 1 0 0 0 0 1 0 1 0 0 0 0 0 0 0 1 0 0 0 0 0 0 1 0 0 0 1 0 0 0 0 0 0 0 0 1 0 0 0 1 0 1 0 0 0 0 0 0 0 0 0 0 0 0 0 0 0 0 1 0 0 0 0
geno chr8.41290645 gbr  1 0 0 0 0 0 0 0 0 0 0 1 0 1 0 1 0 0 0 0 1 1 1 0 0 0 0 1 1 1 0 1 1 0 0 0 1 0 0 0 0 0 0 0 0 0 0 2 1 0 0 0 0 0 0 1 1 0 0 0 0 1 0 0 0 0 1 0 0 1 0 0 0 1 0 0 1 1 0 0 0 2 0 1
geno chr8.41290645 tsi  1 0 0 1 2 1 1 0 0 1 0 0 0 1 1 0 0 0 0 1 0 2 0 0 1 0 1 0 1 0 1 0 1 0 0 0 0 0 0 2 0 0 0 1 0 0 0 0 0 0 0 1 0 0 0 0 1 0 0 0 0 0 0 0 1 0 0 0 0 0 0 1 1 1 1 1 2 1 0 0 0 0 1 1 0 1 1 0 0 0 0 1
geno chr8.41290645 yri  1 1 1 0 1 1 1 0 0 2 0 0 2 1 0 1 2 1 2 1 1 0 0 0 0 0 1 0 1 0 1 0 0 1 1 0 0 1 0 0 0 1 0 1 1 1 0 0 1 1 2 1 0 0 1 0 0 0 1 1 0 0 1 0 1 0 1 2 0 0 1 1 0 2 1 0 1
geno chr8.41290865 ceu  1 1 0 0 0 0 0 0 0 0 0 0 0 0 0 0 0 1 0 0 0 0 0 0 0 0 0 0 0 0 0 0 0 0 0 0 0 0 0 0 0 0 0 0 0 0 0 0 0 1 0 0 1 0 0 0 0 0 0 0 0 0 0 0 0 0 0 0 0 0 1 0 0 0 0 0 1 0
geno chr8.41290865 fin  1 1 1 1 0 0 0 0 0 0 0 1 0 0 0 0 1 0 1 0 0 0 0 0 1 0 0 0 0 0 0 0 0 0 0 1 0 0 0 0 0 0 0 0 0 0 0 0 0 0 0 0 1 1 0 0 0 0 0 0 0 0 0 0 0 0 0 0 0 1 0 0 0 0 0 0 0 0 0 0 0 0 0 0 0 0 0 0 0
geno chr8.41290865 gbr  0 0 0 0 0 0 0 0 0 0 0 0 1 0 0 0 0 0 0 0 0 0 0 0 0 0 0 0 0 0 0 0 0 0 0 0 0 0 0 0 0 0 1 0 0 0 0 0 0 0 0 0 0 0 0 1 0 1 0 0 0 0 0 0 0 0 0 0 0 1 0 0 0 0 0 0 0 0 1 0 0 1 0 0
geno chr8.41290865 tsi  0 0 0 0 0 0 0 0 0 0 1 0 0 0 0 0 0 0 0 0 0 0 0 0 0 0 0 1 0 0 0 0 0 0 0 0 0 0 0 0 1 0 0 0 0 0 0 0 0 1 0 0 0 0 0 0 0 0 0 0 0 0 0 0 0 0 0 0 0 0 0 0 0 0 0 0 0 0 0 0 0 0 0 0 0 1 0 0 0 0 0 0
geno chr8.41290865 yri  0 0 0 0 0 0 0 0 0 0 0 0 0 0 0 0 0 0 0 0 0 1 0 0 0 0 1 0 0 0 0 0 0 0 0 0 0 0 0 1 0 0 0 0 0 0 0 0 0 0 0 0 0 0 0 0 0 1 0 0 0 0 0 0 0 0 0 0 1 0 1 0 0 0 0 0 0
geno chr8.41290930 ceu  1 0 0 0 1 0 1 0 1 0 0 1 0 0 0 1 0 0 0 0 0 0 0 0 0 0 0 0 2 0 0 0 1 1 0 0 0 1 0 0 0 0 0 1 0 0 0 0 0 0 0 0 0 0 0 0 0 0 0 0 0 1 0 0 0 0 0 1 0 0 0 0 0 0 0 1 0 0
geno chr8.41290930 fin  0 1 0 0 0 0 0 0 0 0 0 1 1 0 0 0 0 0 1 0 0 0 0 0 0 0 1 0 0 0 0 1 0 1 0 0 0 0 0 0 0 1 0 0 0 0 0 0 1 0 0 0 1 0 0 0 0 0 0 0 0 1 0 0 0 1 0 1 0 0 0 0 0 0 0 0 0 0 0 0 0 0 0 0 1 0 0 0 0
geno chr8.41290930 gbr  1 0 0 0 0 0 0 0 0 0 0 1 0 1 0 1 0 0 0 0 1 1 1 0 0 0 0 1 1 1 0 1 1 0 0 0 1 0 0 0 0 0 0 0 0 0 0 2 1 0 0 0 0 0 0 1 1 0 0 0 0 1 0 0 0 0 1 0 0 1 0 0 0 1 0 0 1 1 0 0 0 2 0 1
geno chr8.41290930 tsi  1 0 0 1 2 1 1 0 0 1 0 0 0 1 1 0 0 0 0 1 0 2 0 0 1 0 1 0 1 0 1 0 1 0 0 0 0 0 0 2 0 0 0 1 0 0 0 0 0 0 0 1 0 0 0 0 1 0 0 0 0 0 0 0 1 0 0 0 0 0 0 1 1 1 1 1 2 1 0 0 0 0 1 1 0 1 1 0 0 0 0 1
geno chr8.41290930 yri  1 1 1 0 1 1 1 0 0 2 1 0 2 1 0 1 2 1 2 1 1 0 0 0 0 0 1 0 1 0 1 0 0 1 1 0 0 1 0 0 0 1 0 1 1 1 0 0 1 1 2 1 0 0 1 0 0 0 1 1 0 0 1 0 1 0 1 2 0 0 1 1 0 2 1 0 1
geno chr8.41290954 ceu  1 0 0 0 1 0 1 0 1 0 0 1 0 0 0 0 0 0 0 0 0 0 0 0 0 0 0 0 0 0 0 0 1 1 0 0 0 0 0 0 0 0 0 0 0 0 0 0 0 0 0 0 0 0 0 0 0 0 0 0 0 0 0 0 0 0 0 1 0 0 0 0 0 0 0 1 0 0
geno chr8.41290954 fin  0 0 0 0 0 0 0 0 0 0 0 1 1 0 0 0 0 0 1 0 0 0 0 0 0 0 1 0 0 0 0 0 0 0 0 0 0 0 0 0 0 0 0 0 0 0 0 0 0 0 0 0 1 0 0 0 0 0 0 0 0 1 0 0 0 1 0 0 0 0 0 0 0 0 0 0 0 0 0 0 0 0 0 0 0 0 0 0 0
geno chr8.41290954 gbr  1 0 0 0 0 0 0 0 0 0 0 1 0 1 0 1 0 0 0 0 1 1 1 0 0 0 0 0 0 1 0 0 0 0 0 0 0 0 0 0 0 0 0 0 0 0 0 0 1 0 0 0 0 0 0 0 1 0 0 0 0 1 0 0 0 0 1 0 0 1 0 0 0 1 0 0 1 1 0 0 0 0 0 1
geno chr8.41290954 tsi  1 0 0 1 1 1 1 0 0 0 0 0 0 1 0 0 0 0 0 0 0 1 0 0 1 0 0 0 0 0 0 0 1 0 0 0 0 0 0 0 0 0 0 0 0 0 0 0 0 0 0 1 0 0 0 0 0 0 0 0 0 0 0 0 1 0 0 0 0 0 0 1 0 0 0 1 1 1 0 0 0 0 1 0 0 0 1 0 0 0 0 0
geno chr8.41290954 yri  0 0 0 0 0 0 0 0 0 0 0 0 0 0 0 0 0 0 0 0 0 0 0 0 0 0 0 0 0 0 0 0 0 0 0 0 0 0 0 0 0 0 0 0 0 0 0 0 0 0 0 0 0 0 0 0 0 0 0 0 0 0 0 0 0 0 0 0 0 0 0 0 0 0 0 0 0
geno chr8.41291186 ceu  1 0 0 0 1 0 1 0 1 0 0 1 0 0 0 1 0 0 0 0 0 0 0 0 0 0 0 0 2 0 0 0 1 1 0 0 0 1 0 0 0 0 0 1 0 0 0 0 0 0 0 0 0 0 0 0 0 0 0 0 0 1 0 0 0 0 0 1 0 0 0 0 0 0 0 1 0 0
geno chr8.41291186 fin  0 1 0 0 0 0 0 0 0 0 0 1 1 0 1 0 0 0 1 0 0 0 0 0 0 0 1 0 0 0 0 1 0 1 0 0 0 0 0 0 0 1 0 0 1 0 0 0 1 0 0 0 1 0 0 0 0 0 0 0 0 1 0 0 0 1 0 1 0 0 0 0 0 0 0 0 0 0 0 0 0 0 0 0 1 0 0 0 0
geno chr8.41291186 gbr  1 0 0 0 0 0 0 0 0 0 0 1 0 1 0 1 0 0 0 0 1 1 1 0 0 0 0 1 1 1 0 1 1 0 0 0 1 0 0 0 0 0 0 0 0 0 0 2 1 0 0 0 0 0 0 1 1 0 0 0 0 1 0 0 0 0 1 0 0 1 0 0 0 1 0 0 1 1 0 0 0 2 0 1
geno chr8.41291186 tsi  1 0 0 1 2 1 1 0 0 1 0 0 0 1 1 0 0 0 0 1 0 2 0 0 1 0 1 0 1 0 1 0 1 0 0 0 0 0 0 2 0 0 0 1 0 0 0 0 0 0 0 1 0 0 0 0 1 0 0 0 0 0 0 0 1 0 0 0 0 0 0 1 1 1 1 1 2 1 0 0 0 0 1 1 0 1 1 0 0 0 0 1
geno chr8.41291186 yri  1 1 1 0 1 1 1 0 0 2 0 0 2 1 0 1 2 1 2 1 1 0 0 0 0 0 1 0 1 0 1 0 0 1 1 0 0 1 0 0 0 1 0 1 1 1 0 0 1 1 2 1 0 0 1 0 0 0 1 1 0 0 1 0 1 0 1 2 0 0 1 1 0 2 1 0 1
geno chr8.41291195 ceu  1 0 0 0 1 0 1 0 1 0 0 1 0 0 0 1 0 0 0 0 0 0 0 0 0 0 0 0 2 0 0 0 1 1 0 0 0 1 0 0 0 0 0 1 0 0 0 0 0 0 0 0 0 0 0 0 0 0 0 0 0 1 0 0 0 0 0 1 0 0 0 0 0 0 0 1 0 0
geno chr8.41291195 fin  0 1 0 0 0 0 0 0 0 0 0 1 1 0 1 0 0 0 1 0 0 0 0 0 0 0 1 0 0 0 0 1 0 1 0 0 0 0 0 0 0 1 0 0 1 0 0 0 1 0 0 0 1 0 0 0 0 0 0 0 0 1 0 0 0 1 0 1 0 0 0 0 0 0 0 0 0 0 0 0 0 0 0 0 1 0 0 0 0
geno chr8.41291195 gbr  1 0 0 0 0 0 0 0 0 0 0 1 0 1 0 1 0 0 0 0 1 1 1 0 0 0 0 1 1 1 0 1 1 0 0 0 1 0 0 0 0 0 0 0 0 0 0 2 1 0 0 0 0 0 0 1 1 0 0 0 0 1 0 0 0 0 1 0 0 1 0 0 0 1 0 0 1 1 0 0 0 2 0 1
geno chr8.41291195 tsi  1 0 0 1 2 1 1 0 0 1 0 0 0 1 1 0 0 0 0 1 0 2 0 0 1 0 1 0 1 0 1 0 1 0 0 0 0 0 0 2 0 0 0 1 0 0 0 0 0 0 0 1 0 0 0 0 1 0 0 0 0 0 0 0 1 0 0 0 0 0 0 1 1 1 1 1 2 1 0 0 0 0 1 1 0 1 1 0 0 0 0 1
geno chr8.41291195 yri  1 1 1 0 1 1 1 0 0 2 0 0 2 1 0 1 2 1 2 1 1 0 0 0 0 0 1 0 1 0 1 0 0 1 1 0 0 1 0 0 0 1 0 1 1 1 0 0 1 1 2 1 0 0 1 0 0 0 1 1 0 0 1 0 1 0 1 2 0 0 1 1 0 2 1 0 1
geno chr8.41291242 ceu  1 0 0 0 1 0 1 0 1 0 0 1 0 0 0 1 0 0 0 0 0 0 0 0 0 0 0 0 2 0 0 0 1 1 0 0 0 1 0 0 0 0 0 1 0 0 0 0 0 0 0 0 0 0 0 0 0 0 0 0 0 1 0 0 0 0 0 1 0 0 0 0 0 0 0 1 0 0
geno chr8.41291242 fin  0 1 0 0 0 0 0 0 0 0 0 1 1 0 1 0 0 0 1 0 0 0 0 0 0 0 1 0 0 0 0 1 0 1 0 0 0 0 0 0 0 1 0 0 1 0 0 0 1 0 0 0 1 0 0 0 0 0 0 0 0 1 0 0 0 1 0 1 0 0 0 0 0 0 0 0 0 0 0 0 0 0 0 0 1 0 0 0 0
geno chr8.41291242 gbr  1 0 0 0 0 0 0 0 0 0 0 1 0 1 0 1 0 0 0 0 1 1 1 0 0 0 0 1 1 1 0 1 1 0 0 0 1 0 0 0 0 0 0 0 0 0 0 2 1 0 0 0 0 0 0 1 1 0 0 0 0 1 0 0 0 0 1 0 0 1 0 0 0 1 0 0 1 1 0 0 0 2 0 1
geno chr8.41291242 tsi  1 0 0 1 2 1 1 0 0 1 0 0 0 1 1 0 0 0 0 1 0 2 0 0 1 0 1 0 1 0 1 0 1 0 0 0 0 0 0 2 0 0 0 1 0 0 0 0 0 0 0 1 0 0 0 0 1 0 0 0 0 0 0 0 1 0 0 0 0 0 0 1 1 1 1 1 2 1 0 0 0 0 1 1 0 1 1 0 0 0 0 1
geno chr8.41291242 yri  1 1 1 0 1 1 1 0 0 2 0 0 2 1 0 1 2 1 2 1 1 0 0 0 0 0 1 0 1 0 1 0 0 1 1 0 0 1 0 0 0 1 0 1 1 1 0 0 1 1 2 1 0 0 1 0 0 0 1 1 0 0 1 0 1 0 1 2 0 0 1 1 0 2 1 0 1
geno chr8.41292387 ceu  1 0 0 0 1 0 1 0 1 0 0 1 0 0 0 0 0 0 0 0 0 0 0 0 0 0 0 0 1 0 0 0 1 1 0 0 0 0 0 0 0 0 0 0 0 0 0 0 0 0 0 0 0 0 0 0 0 0 0 0 0 1 0 0 0 0 0 1 0 0 0 0 0 0 0 1 0 0
geno chr8.41292387 fin  0 0 0 0 0 0 0 0 0 0 0 1 1 0 1 0 0 0 1 0 0 0 0 0 0 0 1 0 0 0 0 1 0 1 0 0 0 0 0 0 0 1 0 0 1 0 0 0 1 0 0 0 1 0 0 0 0 0 0 0 0 1 0 0 0 1 0 0 0 0 0 0 0 0 0 0 0 0 0 0 0 0 0 0 1 0 0 0 0
geno chr8.41292387 gbr  1 0 0 0 0 0 0 0 0 0 0 1 0 1 0 1 0 0 0 0 1 1 1 0 0 0 0 1 1 1 0 1 1 0 0 0 1 0 0 0 0 0 0 0 0 0 0 1 1 0 0 0 0 0 0 1 1 0 0 0 0 1 0 0 0 0 1 0 0 1 0 0 0 1 0 0 1 1 0 0 0 1 0 1
geno chr8.41292387 tsi  1 0 0 1 1 1 1 0 0 1 0 0 0 1 1 0 0 0 0 1 0 2 0 0 1 0 1 0 1 0 1 0 1 0 0 0 0 0 0 2 0 0 0 1 0 0 0 0 0 0 0 1 0 0 0 0 1 0 0 0 0 0 0 0 1 0 0 0 0 0 0 1 1 0 1 1 2 1 0 0 0 0 1 1 0 1 1 0 0 0 0 1
geno chr8.41292387 yri  1 1 1 0 2 1 1 0 0 2 0 0 2 1 0 1 2 1 2 1 1 0 0 0 0 1 1 0 1 0 2 0 0 1 1 0 0 1 0 0 0 0 0 1 1 0 0 0 1 1 2 1 0 0 1 0 0 1 1 1 0 0 1 0 1 0 1 2 0 0 1 1 0 2 1 0 1
geno chr8.41292579 ceu  1 2 0 2 1 2 1 2 1 1 2 1 2 2 1 1 2 2 2 2 2 2 2 2 2 1 2 1 0 1 2 2 1 1 1 2 2 1 2 1 1 2 2 1 2 1 1 2 2 2 1 2 1 2 1 2 2 2 2 1 2 1 1 2 2 2 2 1 1 1 1 2 2 2 2 0 1 2
geno chr8.41292579 fin  2 1 2 1 2 2 2 1 2 1 2 1 1 2 1 2 2 2 1 1 2 2 2 1 2 2 1 2 2 2 2 1 1 0 2 2 2 2 2 2 2 1 1 1 1 1 2 2 1 2 2 1 1 2 1 2 2 2 2 1 0 1 1 1 1 1 1 1 1 2 1 1 2 2 2 2 2 2 1 1 1 1 2 2 1 2 2 2 2
geno chr8.41292579 gbr  1 1 2 1 2 2 1 2 1 2 1 0 2 0 2 1 1 1 1 2 1 1 1 1 2 1 1 1 1 1 2 1 1 2 2 2 1 2 1 1 1 2 2 2 2 1 2 0 0 2 1 2 1 2 2 1 1 2 2 1 2 1 2 1 2 1 1 1 2 1 2 1 2 1 2 2 1 1 2 2 2 0 2 0
geno chr8.41292579 tsi  0 2 2 0 0 1 0 2 2 1 2 2 2 1 1 2 2 2 1 1 2 0 2 1 1 2 0 1 1 2 1 2 1 2 2 2 2 2 2 0 1 2 2 1 2 2 1 1 2 1 2 1 2 2 2 2 1 2 2 2 2 2 1 1 1 1 2 1 2 2 2 1 1 1 1 1 0 1 1 2 2 1 1 1 2 1 1 1 1 0 2 1
geno chr8.41292579 yri  1 1 1 2 0 1 1 2 2 0 2 2 0 1 2 1 0 1 0 1 1 1 1 2 2 1 1 2 1 1 0 2 1 1 1 2 2 1 0 2 1 2 2 1 0 1 2 2 0 1 0 1 1 2 1 2 1 1 1 1 0 2 1 2 1 2 1 0 2 2 1 1 2 0 1 2 1
geno chr8.41293567 ceu  1 1 0 1 2 1 2 2 1 0 1 1 1 2 1 2 2 2 2 2 1 0 1 0 2 1 1 0 1 1 2 2 2 1 1 1 2 2 2 1 1 0 0 2 2 1 1 1 2 2 1 2 1 2 0 2 2 2 1 1 2 1 1 1 2 2 2 2 1 0 1 1 2 1 2 1 1 2
geno chr8.41293567 fin  2 2 2 1 2 2 1 1 2 1 2 2 2 2 2 2 2 1 2 1 2 1 2 1 2 2 2 2 1 2 2 2 2 1 2 2 2 1 1 2 1 2 1 1 2 1 2 1 2 2 2 0 2 1 1 1 2 2 0 1 0 1 1 1 0 0 0 2 0 1 0 0 0 2 0 0 2 2 1 1 1 1 1 2 1 1 1 0 0
geno chr8.41293567 gbr  1 0 2 0 1 2 0 2 1 0 0 1 2 1 2 2 1 1 1 0 2 2 2 1 2 0 0 2 0 2 2 1 0 2 2 2 1 2 0 1 1 1 2 2 2 1 2 2 1 2 1 2 1 2 2 0 0 2 0 1 0 2 2 1 2 1 2 0 2 2 1 0 0 2 1 2 1 2 2 2 2 1 2 1
geno chr8.41293567 tsi  1 2 2 1 1 1 1 2 2 2 2 0 2 1 1 1 1 2 1 1 1 1 2 1 1 1 1 0 0 2 1 0 1 1 0 1 1 2 1 0 1 0 2 1 2 1 1 1 2 1 2 2 1 2 2 2 2 1 2 2 2 2 0 1 2 1 2 1 2 2 2 2 2 1 2 2 1 1 1 2 2 1 2 2 2 1 2 1 0 0 0 1
geno chr8.41293567 yri  1 2 2 1 1 1 1 1 1 0 1 1 2 1 2 2 2 2 2 1 1 1 1 1 1 1 2 2 2 0 0 0 1 1 2 2 1 1 0 1 0 1 1 0 1 1 0 0 1 1 2 0 0 2 2 2 1 0 0 1 0 2 2 1 1 1 1 1 1 2 2 2 2 2 2 0 2
geno chr8.41293707 ceu  1 2 0 2 1 2 1 2 1 1 2 1 2 2 1 1 2 2 2 2 2 2 2 2 2 0 2 1 0 1 2 2 1 1 1 2 2 1 2 1 1 2 2 1 2 1 1 2 2 2 1 2 1 2 1 2 2 2 1 1 2 1 1 2 2 2 2 1 1 1 1 2 2 2 2 0 1 2
geno chr8.41293707 fin  2 1 2 1 2 2 2 0 2 1 2 1 1 2 1 2 2 2 1 1 2 2 2 1 2 2 1 2 2 2 2 1 1 0 2 2 2 2 2 2 2 1 1 1 1 1 2 2 1 2 2 1 1 2 1 2 2 2 2 1 0 1 1 1 1 1 1 1 1 2 1 1 2 2 2 2 2 2 1 1 1 1 2 2 1 2 2 2 2
geno chr8.41293707 gbr  1 1 2 1 2 2 1 2 1 2 1 0 2 0 2 1 1 0 1 2 1 1 0 1 1 1 1 1 1 1 2 1 1 2 2 2 1 1 1 1 1 2 2 2 2 1 2 0 0 2 1 1 1 2 2 1 1 2 2 0 2 0 2 1 2 1 1 1 2 1 2 1 2 1 2 2 1 1 2 2 2 0 2 0
geno chr8.41293707 tsi  0 2 2 0 0 1 0 2 2 1 2 2 2 1 1 2 2 1 1 1 2 0 2 1 1 1 0 1 1 2 1 2 1 2 2 2 2 2 1 0 1 2 2 1 2 2 1 1 2 1 2 1 2 2 2 2 2 2 2 1 2 2 1 1 1 1 2 1 2 2 1 1 1 1 1 1 0 1 1 2 2 1 1 1 2 1 1 1 1 0 2 1
geno chr8.41293707 yri  1 1 1 2 0 1 1 2 2 0 2 2 0 0 2 1 0 1 0 1 1 1 1 2 2 1 1 2 1 1 0 2 1 1 1 2 2 1 0 1 1 2 2 1 0 1 2 2 0 1 0 1 1 2 1 2 1 1 1 1 0 2 1 2 1 2 0 0 1 2 1 1 2 0 1 2 1
geno chr8.41295026 ceu  0 0 0 0 0 0 0 0 0 0 0 0 0 0 0 0 0 0 0 0 0 0 0 0 0 0 0 0 1 0 0 0 0 0 0 0 0 0 0 0 0 0 0 0 0 0 0 0 0 0 0 0 0 0 0 0 0 0 0 0 0 1 0 0 0 0 0 0 0 0 0 0 0 0 0 0 0 0
geno chr8.41295026 fin  0 0 0 0 0 0 0 0 0 0 0 0 0 0 0 0 0 0 0 0 0 0 0 0 0 0 0 0 0 0 0 1 0 1 0 0 0 0 0 0 0 1 0 0 0 0 0 0 1 0 0 0 0 0 0 0 0 0 0 0 0 0 0 0 0 0 0 0 0 0 0 0 0 0 0 0 0 0 0 0 0 0 0 0 1 0 0 0 1
geno chr8.41295026 gbr  0 0 0 0 0 0 0 0 0 0 0 0 0 0 0 0 0 0 0 0 0 0 0 0 0 0 0 1 1 0 0 0 1 0 0 0 1 0 0 0 0 0 0 0 0 0 0 0 0 0 0 0 0 0 0 1 0 0 0 0 0 0 0 0 0 0 0 0 0 0 0 0 0 0 0 0 0 0 0 0 0 1 0 0
geno chr8.41295026 tsi  0 0 0 0 0 0 0 0 0 0 0 0 0 0 1 0 0 0 0 1 0 1 0 0 0 0 0 0 1 0 1 0 0 0 0 0 0 0 0 2 0 0 0 1 0 0 0 0 0 0 0 0 0 0 0 0 0 0 0 0 0 0 0 0 0 0 0 0 0 0 0 0 0 0 1 0 1 0 0 0 0 0 0 0 0 1 0 0 0 0 0 1
geno chr8.41295026 yri  0 0 0 0 0 0 0 0 0 0 0 0 0 0 0 0 0 0 0 0 0 0 0 0 0 0 0 0 0 0 0 0 0 0 0 0 0 0 0 0 0 0 0 0 0 0 0 0 0 0 0 0 0 0 0 0 0 0 0 0 0 0 0 0 0 0 0 0 0 0 0 0 0 0 0 0 0
geno chr8.41295978 ceu  1 0 0 0 1 0 1 0 1 0 0 1 0 0 0 0 0 0 0 0 0 0 0 0 0 0 0 0 0 0 0 0 1 1 0 0 0 0 0 0 0 0 0 0 0 0 0 0 0 0 0 0 0 0 0 0 0 0 0 0 0 0 0 0 0 0 0 0 0 0 0 0 0 0 0 1 0 0
geno chr8.41295978 fin  0 0 0 0 0 0 0 0 0 0 0 1 1 0 0 0 0 0 1 0 0 0 0 0 0 0 1 0 0 0 0 0 0 0 0 0 0 0 0 0 0 0 0 0 0 0 0 0 0 0 0 0 1 0 0 0 0 0 0 0 0 1 0 0 0 0 0 0 0 0 0 0 0 0 0 0 0 0 0 0 0 0 0 0 0 0 0 0 0
geno chr8.41295978 gbr  1 0 0 0 0 0 0 0 0 0 0 1 0 1 0 1 0 0 0 0 1 1 1 0 0 0 0 0 0 1 0 1 0 0 0 0 0 0 0 0 0 0 0 0 0 0 0 1 1 0 0 0 0 0 0 0 1 0 0 0 0 1 0 0 0 0 1 0 0 1 0 0 0 1 0 0 1 1 0 0 0 0 0 1
geno chr8.41295978 tsi  1 0 0 1 1 1 1 0 0 1 0 0 0 1 0 0 0 0 0 0 0 1 0 0 1 0 1 0 0 0 0 0 1 0 0 0 0 0 0 0 0 0 0 0 0 0 0 0 0 0 0 1 0 0 0 0 0 0 0 1 0 0 0 0 1 0 0 0 0 0 0 1 1 0 0 1 1 1 0 0 0 0 1 1 0 0 1 0 0 0 0 0
geno chr8.41295978 yri  1 1 1 0 1 1 0 0 0 2 0 0 2 1 0 1 2 1 2 1 1 0 0 0 0 0 1 0 0 0 1 0 0 1 1 0 0 1 0 0 0 0 0 1 1 0 0 0 1 1 2 0 0 0 1 0 0 0 1 1 0 0 0 0 1 0 0 2 0 0 1 1 0 1 1 0 1
geno chr8.41297174 ceu  0 0 0 0 0 0 0 0 0 0 0 0 0 0 0 0 0 0 0 0 0 0 0 0 0 0 0 0 0 0 0 0 0 0 0 0 0 0 0 0 0 0 0 0 0 0 0 0 0 0 0 0 0 0 0 0 0 0 0 0 0 0 0 0 0 0 0 0 0 0 0 0 0 0 0 0 0 0
geno chr8.41297174 fin  0 0 0 0 0 0 0 0 0 0 0 0 0 0 0 0 0 0 0 0 0 0 0 0 0 0 0 0 0 0 0 0 0 0 0 0 0 0 0 0 0 0 0 0 0 0 0 0 0 0 0 0 0 0 0 0 0 0 0 0 0 0 0 0 0 0 0 0 0 0 0 0 0 0 0 0 0 0 0 0 0 0 0 0 0 0 0 0 0
geno chr8.41297174 gbr  0 0 0 0 0 0 0 0 0 0 0 0 0 0 0 0 0 0 0 0 0 0 0 0 0 0 0 0 0 0 0 0 0 0 0 0 0 0 0 0 0 0 0 0 0 0 0 0 0 0 0 0 0 0 0 0 0 0 0 0 0 0 0 0 0 0 0 0 0 0 0 0 0 0 0 0 0 0 0 0 0 0 0 0
geno chr8.41297174 tsi  0 0 0 0 0 0 0 0 0 0 0 0 0 0 0 0 0 0 0 0 0 0 0 0 0 0 0 0 0 0 0 0 0 0 0 0 0 0 0 0 0 0 0 0 0 0 0 0 0 0 0 0 0 0 0 0 0 0 0 0 0 0 0 0 0 0 0 0 0 0 0 0 0 0 0 0 0 0 0 0 0 0 0 0 0 0 0 0 0 0 0 0
geno chr8.41297174 yri  0 0 0 0 1 0 1 0 0 0 0 2 0 1 1 0 0 0 0 0 0 0 0 0 0 1 1 0 1 0 1 0 0 0 0 0 1 0 0 0 1 1 1 1 0 0 1 0 0 0 0 1 0 1 0 0 1 2 0 0 0 0 1 0 1 0 2 0 0 1 1 0 0 1 0 0 0
geno chr8.41297464 ceu  0 0 0 0 0 0 0 0 0 0 0 0 0 0 0 1 0 0 0 0 0 0 0 0 0 0 0 0 2 0 0 0 0 0 0 0 0 1 0 0 0 0 0 0 0 0 0 0 0 0 0 0 0 0 0 0 0 0 0 0 0 1 0 0 0 0 0 0 0 0 0 0 0 0 0 0 0 0
geno chr8.41297464 fin  0 1 0 0 0 0 0 0 0 0 0 0 0 0 1 0 0 0 0 0 0 0 0 0 0 0 0 0 0 0 0 1 0 1 0 0 0 0 0 0 0 1 0 0 1 0 0 0 1 0 0 0 0 0 0 0 0 0 0 0 0 0 0 0 0 0 0 1 0 0 0 0 0 0 0 0 0 0 0 0 0 0 0 0 1 0 0 0 0
geno chr8.41297464 gbr  0 0 0 0 0 0 0 0 0 0 0 0 0 0 0 0 0 0 0 0 0 0 0 0 0 0 0 1 1 0 0 0 1 0 0 0 1 0 0 0 0 0 0 0 0 0 0 1 0 0 0 0 0 0 0 1 0 0 0 0 0 0 0 0 0 0 0 0 0 0 0 0 0 0 0 0 0 0 0 0 0 2 0 0
geno chr8.41297464 tsi  0 0 0 0 1 0 0 0 0 0 0 0 0 0 1 0 0 0 0 1 0 1 0 0 0 0 0 0 1 0 1 0 0 0 0 0 0 0 0 2 0 0 0 1 0 0 0 0 0 0 0 0 0 0 0 0 0 0 0 0 0 0 0 0 0 0 0 0 0 0 0 0 0 1 1 0 1 0 0 0 0 0 0 0 0 1 0 0 0 0 0 1
geno chr8.41297464 yri  0 0 0 0 0 0 1 0 0 0 0 0 0 0 0 0 0 0 0 0 0 0 0 0 0 0 0 0 1 0 0 0 0 0 0 0 0 0 0 0 0 1 0 0 0 1 0 0 0 0 0 1 0 0 0 0 0 0 0 0 0 0 1 0 0 0 1 0 0 0 0 0 0 1 0 0 0
geno chr8.41297596 ceu  0 0 0 0 0 0 0 0 0 0 0 0 0 0 0 1 0 0 0 0 0 0 0 0 0 0 0 0 2 0 0 0 0 0 0 0 0 1 0 0 0 0 0 0 0 0 0 0 0 0 0 0 0 0 0 0 0 0 0 0 0 1 0 0 0 0 0 0 0 0 0 0 0 0 0 0 0 0
geno chr8.41297596 fin  0 1 0 0 0 0 0 0 0 0 0 0 0 0 1 0 0 0 0 0 0 0 0 0 0 0 0 0 0 0 0 1 0 1 0 0 0 0 0 0 0 1 0 0 1 0 0 0 1 0 0 0 0 0 0 0 0 0 0 0 0 0 0 0 0 0 0 1 0 0 0 0 0 0 0 0 0 0 0 0 0 0 0 0 1 0 0 0 0
geno chr8.41297596 gbr  0 0 0 0 0 0 0 0 0 0 0 0 0 0 0 0 0 0 0 0 0 0 0 0 0 0 0 1 1 0 0 0 1 0 0 0 1 0 0 0 0 0 0 0 0 0 0 1 0 0 0 0 0 0 0 1 0 0 0 0 0 0 0 0 0 0 0 0 0 0 0 0 0 0 0 0 0 0 0 0 0 2 0 0
geno chr8.41297596 tsi  0 0 0 0 1 0 0 0 0 0 0 0 0 0 1 0 0 0 0 1 0 1 0 0 0 0 0 0 1 0 1 0 0 0 0 0 0 0 0 2 0 0 0 1 0 0 0 0 0 0 0 0 0 0 0 0 0 0 0 0 0 0 0 0 0 0 0 0 0 0 0 0 0 1 1 0 1 0 0 0 0 0 0 0 0 1 0 0 0 0 0 1
geno chr8.41297596 yri  0 0 0 0 0 0 1 0 0 0 0 0 0 1 0 0 0 0 0 0 0 0 0 0 0 0 0 0 1 0 0 0 0 0 0 0 0 0 0 0 0 1 0 0 0 0 0 0 0 0 0 1 0 0 0 0 0 0 0 0 0 0 1 0 0 0 2 0 0 0 0 0 0 1 0 0 0
geno chr8.41297742 ceu  0 0 0 0 0 0 0 0 0 0 0 0 0 0 0 1 0 0 0 0 0 0 0 0 0 0 0 0 2 0 0 0 0 0 0 0 0 1 0 0 0 0 0 0 0 0 0 0 0 0 0 0 0 0 0 0 0 0 0 0 0 1 0 0 0 0 0 0 0 0 0 0 0 0 0 0 0 0
geno chr8.41297742 fin  0 1 0 0 0 0 0 0 0 0 0 0 0 0 1 0 0 0 0 0 0 0 0 0 0 0 0 0 0 0 0 1 0 1 0 0 0 0 0 0 0 1 0 0 1 0 0 0 1 0 0 0 0 0 0 0 0 0 0 0 0 0 0 0 0 0 0 1 0 0 0 0 0 0 0 0 0 0 0 0 0 0 0 0 1 0 0 0 0
geno chr8.41297742 gbr  0 0 0 0 0 0 0 0 0 0 0 0 0 0 0 0 0 0 0 0 0 0 0 0 0 0 0 1 1 0 0 0 1 0 0 0 1 0 0 0 0 0 0 0 0 0 0 1 0 0 0 0 0 0 0 1 0 0 0 0 0 0 0 0 0 0 0 0 0 0 0 0 0 0 0 0 0 0 0 0 0 2 0 0
geno chr8.41297742 tsi  0 0 0 0 1 0 0 0 0 0 0 0 0 0 1 0 0 0 0 1 0 1 0 0 0 0 0 0 1 0 1 0 0 0 0 0 0 0 0 2 0 0 0 1 0 0 0 0 0 0 0 0 0 0 0 0 0 0 0 0 0 0 0 0 0 0 0 0 0 0 0 0 0 1 1 0 1 0 0 0 0 0 0 0 0 1 0 0 0 0 0 1
geno chr8.41297742 yri  0 0 0 0 0 0 1 0 0 0 0 0 0 0 0 0 0 0 0 0 0 0 0 0 0 0 0 0 1 0 0 0 0 0 0 0 0 0 0 0 1 1 0 0 0 0 0 0 0 0 0 1 1 0 0 0 0 0 0 0 0 0 1 0 0 0 1 0 0 0 0 0 0 1 0 0 0
geno chr8.41297832 ceu  0 0 0 0 0 0 0 0 0 0 0 0 0 0 0 1 0 0 0 0 0 0 0 0 0 0 0 0 2 0 0 0 0 0 0 0 0 1 0 0 0 0 0 0 0 0 0 0 0 0 0 0 0 0 0 0 0 0 0 0 0 1 0 0 0 0 0 0 0 0 0 0 0 0 0 0 0 0
geno chr8.41297832 fin  0 1 0 0 0 0 0 0 0 0 0 0 0 0 1 0 0 0 0 0 0 0 0 0 0 0 0 0 0 0 0 1 0 1 0 0 0 0 0 0 0 1 0 0 1 0 0 0 1 0 0 0 0 0 0 0 0 0 0 0 0 0 0 0 0 0 0 1 0 0 0 0 0 0 0 0 0 0 0 0 0 0 0 0 1 0 0 0 0
geno chr8.41297832 gbr  0 0 0 0 0 0 0 0 0 0 0 0 0 0 0 0 0 0 0 0 0 0 0 0 0 0 0 1 1 0 0 0 1 0 0 0 1 0 0 0 0 0 0 0 0 0 0 1 0 0 0 0 0 0 0 1 0 0 0 0 0 0 0 0 0 0 0 0 0 0 0 0 0 0 0 0 0 0 0 0 0 2 0 0
geno chr8.41297832 tsi  0 0 0 0 1 0 0 0 0 0 0 0 0 0 1 0 0 0 0 1 0 1 0 0 0 0 0 0 1 0 1 0 0 0 0 0 0 0 0 2 0 0 0 1 0 0 0 0 0 0 0 0 0 0 0 0 0 0 0 0 0 0 0 0 0 0 0 0 0 0 0 0 0 1 1 0 1 0 0 0 0 0 0 0 0 1 0 0 0 0 0 1
geno chr8.41297832 yri  0 0 0 0 0 0 1 0 0 0 0 0 0 1 0 0 0 0 0 0 0 0 0 0 0 0 0 0 1 0 0 0 0 0 0 0 0 0 0 0 0 1 0 0 0 0 0 0 0 0 0 1 0 0 0 0 0 0 0 0 0 0 1 0 0 0 2 0 0 0 0 0 0 1 0 0 0
geno chr8.41297975 ceu  0 0 0 0 0 0 0 0 0 0 0 0 0 0 0 1 0 0 0 0 0 0 0 0 0 0 0 0 2 0 0 0 0 0 0 0 0 1 0 0 0 0 0 0 0 0 0 0 0 0 0 0 0 0 0 0 0 0 0 0 0 1 0 0 0 0 0 0 0 0 0 0 0 0 0 0 0 0
geno chr8.41297975 fin  0 1 0 0 0 0 0 0 0 0 0 0 0 0 1 0 0 0 0 0 0 0 0 0 0 0 0 0 0 0 0 1 0 1 0 0 0 0 0 0 0 1 0 0 1 0 0 0 1 0 0 0 0 0 0 0 0 0 0 0 0 0 0 0 0 0 0 1 0 0 0 0 0 0 0 0 0 0 0 0 0 0 0 0 1 0 0 0 0
geno chr8.41297975 gbr  0 0 0 0 0 0 0 0 0 0 0 0 0 0 0 0 0 0 0 0 0 0 0 0 0 0 0 1 1 0 0 0 1 0 0 0 1 0 0 0 0 0 0 0 0 0 0 1 0 0 0 0 0 0 0 1 0 0 0 0 0 0 0 0 0 0 0 0 0 0 0 0 0 0 0 0 0 0 0 0 0 2 0 0
geno chr8.41297975 tsi  0 0 0 0 1 0 0 0 0 0 0 0 0 0 1 0 0 0 0 1 0 1 0 0 0 0 0 0 1 0 1 0 0 0 0 0 0 0 0 2 0 0 0 1 0 0 0 0 0 0 0 0 0 0 0 0 0 0 0 0 0 0 0 0 0 0 0 0 0 0 0 0 0 1 1 0 1 0 0 0 0 0 0 0 0 1 0 0 0 0 0 1
geno chr8.41297975 yri  0 0 0 0 0 0 1 0 0 0 0 0 0 1 0 0 0 0 0 0 0 0 0 0 0 0 0 0 1 0 0 0 0 0 0 0 0 0 0 0 0 1 0 0 0 0 0 0 0 0 0 1 0 0 0 0 0 0 0 0 0 0 1 0 0 0 2 0 0 0 0 0 0 1 0 0 0
geno chr8.41298167 ceu  1 0 0 0 1 0 1 0 1 0 0 1 0 0 0 0 0 0 0 0 0 0 0 0 0 0 0 0 0 0 0 0 1 1 0 0 0 0 0 0 0 0 0 0 0 0 0 0 0 0 0 0 0 0 0 0 0 0 0 0 0 0 0 0 0 0 0 0 0 0 0 0 0 0 0 1 0 0
geno chr8.41298167 fin  0 0 0 0 0 0 0 0 0 0 0 1 1 0 0 0 0 0 1 0 0 0 0 0 0 0 1 0 0 0 0 0 0 0 0 0 0 0 0 0 0 0 0 0 0 0 0 0 0 0 0 0 1 0 0 0 0 0 0 0 0 1 0 0 0 0 0 0 0 0 0 0 0 0 0 0 0 0 0 0 0 0 0 0 0 0 0 0 0
geno chr8.41298167 gbr  1 0 0 0 0 0 0 0 0 0 0 1 0 1 0 1 0 0 0 0 1 1 1 0 0 0 0 0 0 1 0 1 0 0 0 0 0 0 0 0 0 0 0 0 0 0 0 1 1 0 0 0 0 0 0 0 1 0 0 0 0 1 0 0 0 0 1 0 0 1 0 0 0 1 0 0 1 1 0 0 0 0 0 1
geno chr8.41298167 tsi  1 0 0 1 1 1 1 0 0 1 0 0 0 1 0 0 0 0 0 0 0 1 0 0 1 0 1 0 0 0 0 0 1 0 0 0 0 0 0 0 0 0 0 0 0 0 0 0 0 0 0 1 0 0 0 0 0 0 0 1 0 0 0 0 1 0 0 0 0 0 0 1 1 0 0 1 1 1 0 0 0 0 1 1 0 0 1 0 0 0 0 0
geno chr8.41298167 yri  1 1 1 1 1 1 0 0 0 1 0 0 1 1 0 1 2 1 2 1 1 0 0 0 0 0 1 0 0 0 0 0 0 1 1 0 0 1 0 0 0 0 0 1 1 0 0 0 1 1 2 0 0 0 1 0 0 0 1 1 0 0 0 0 1 0 0 1 0 0 1 1 0 1 1 0 1
geno chr8.41298595 ceu  0 0 0 0 0 0 0 0 0 0 0 0 0 0 0 1 0 0 0 0 0 0 0 0 0 0 0 0 2 0 0 0 0 0 0 0 0 1 0 0 0 0 0 0 0 0 0 0 0 0 0 0 0 0 0 0 0 0 0 0 0 1 0 0 0 0 0 0 0 0 0 0 0 0 0 0 0 0
geno chr8.41298595 fin  0 1 0 0 0 0 0 0 0 0 0 0 0 0 1 0 0 0 0 0 0 0 0 0 0 0 0 0 0 0 0 1 0 1 0 0 0 0 0 0 0 1 0 0 1 0 0 0 1 0 0 0 0 0 0 0 0 0 0 0 0 0 0 0 0 0 0 1 0 0 0 0 0 0 0 0 0 0 0 0 0 0 0 0 1 0 0 0 0
geno chr8.41298595 gbr  0 0 0 0 0 0 0 0 0 0 0 0 0 0 0 0 0 0 0 0 0 0 0 0 0 0 0 1 1 0 0 0 1 0 0 0 1 0 0 0 0 0 0 0 0 0 0 1 0 0 0 0 0 0 0 1 0 0 0 0 0 0 0 0 0 0 0 0 0 0 0 0 0 0 0 0 0 0 0 0 0 2 0 0
geno chr8.41298595 tsi  0 0 0 0 1 0 0 0 0 0 0 0 0 0 1 0 0 0 0 1 0 1 0 0 0 0 0 0 1 0 1 0 0 0 0 0 0 0 0 2 0 0 0 1 0 0 0 0 0 0 0 0 0 0 0 0 0 0 0 0 0 0 0 0 0 0 0 0 0 0 0 0 0 1 1 0 1 0 0 0 0 0 0 0 0 1 0 0 0 0 0 1
geno chr8.41298595 yri  0 0 0 0 0 0 1 0 0 0 0 0 0 1 0 0 0 0 0 0 0 0 0 0 0 0 0 0 1 0 0 0 0 0 0 0 0 0 0 0 0 1 0 0 0 0 0 0 0 0 0 1 0 0 0 0 0 0 0 0 0 0 1 0 0 0 2 0 0 0 0 0 0 1 0 0 0
geno chr8.41298716 ceu  2 2 2 2 2 2 2 2 2 2 2 2 2 2 2 1 2 2 2 2 2 2 2 2 2 2 2 2 0 2 2 2 2 2 2 2 2 1 2 2 2 2 2 2 2 2 2 2 2 2 2 2 2 2 2 2 2 2 2 2 2 1 2 2 2 2 2 2 2 2 2 2 2 2 2 2 2 2
geno chr8.41298716 fin  2 1 2 2 2 2 2 2 2 2 2 2 2 2 1 2 2 2 2 2 2 2 2 2 2 2 2 2 2 2 2 1 2 1 2 2 2 2 2 2 2 1 2 2 1 2 2 2 1 2 2 2 2 2 2 2 2 2 2 2 2 2 2 2 2 2 2 1 2 2 2 2 2 2 2 2 2 2 2 2 2 2 2 2 1 2 2 2 2
geno chr8.41298716 gbr  2 2 2 2 2 2 2 2 2 2 2 2 2 2 2 2 2 2 2 2 2 2 2 2 2 2 2 1 1 2 2 2 1 2 2 2 1 2 2 2 2 2 2 2 2 2 2 1 2 2 2 2 2 2 2 1 2 2 2 2 2 2 2 2 2 2 2 2 2 2 2 2 2 2 2 2 2 2 2 2 2 0 2 2
geno chr8.41298716 tsi  2 2 2 2 1 2 2 2 2 2 2 2 2 2 1 2 2 2 2 1 2 1 2 2 2 2 2 2 1 2 1 2 2 2 2 2 2 2 2 0 2 2 2 1 2 2 2 2 2 2 2 2 2 2 2 2 2 2 2 2 2 2 2 2 2 2 2 2 2 2 2 2 2 1 1 2 1 2 2 2 2 2 2 2 2 1 2 2 2 2 2 1
geno chr8.41298716 yri  2 2 2 1 2 2 1 2 2 1 1 2 1 1 2 2 2 2 2 2 2 2 1 2 2 2 2 2 1 1 1 2 1 2 2 2 2 2 1 2 2 1 2 2 1 1 2 2 1 2 2 1 2 2 2 2 1 2 2 2 1 2 1 2 2 2 0 1 2 2 2 2 2 1 1 2 1
geno chr8.41298768 ceu  0 0 0 0 0 0 0 0 0 0 0 0 0 0 0 1 0 0 0 0 0 0 0 0 0 0 0 0 2 0 0 0 0 0 0 0 0 1 0 0 0 0 0 0 0 0 0 0 0 0 0 0 0 0 0 0 0 0 0 0 0 1 0 0 0 0 0 0 0 0 0 0 0 0 0 0 0 0
geno chr8.41298768 fin  0 1 0 0 0 0 0 0 0 0 0 0 0 0 1 0 0 0 0 0 0 0 0 0 0 0 0 0 0 0 0 1 0 1 0 0 0 0 0 0 0 1 0 0 1 0 0 0 1 0 0 0 0 0 0 0 0 0 0 0 0 0 0 0 0 0 0 1 0 0 0 0 0 0 0 0 0 0 0 0 0 0 0 0 1 0 0 0 0
geno chr8.41298768 gbr  0 0 0 0 0 0 0 0 0 0 0 0 0 0 0 0 0 0 0 0 0 0 0 0 0 0 0 1 1 0 0 0 1 0 0 0 1 0 0 0 0 0 0 0 0 0 0 1 0 0 0 0 0 0 0 1 0 0 0 0 0 0 0 0 0 0 0 0 0 0 0 0 0 0 0 0 0 0 0 0 0 2 0 0
geno chr8.41298768 tsi  0 0 0 0 1 0 0 0 0 0 0 0 0 0 1 0 0 0 0 1 0 1 0 0 0 0 0 0 1 0 1 0 0 0 0 0 0 0 0 2 0 0 0 1 0 0 0 0 0 0 0 0 0 0 0 0 0 0 0 0 0 0 0 0 0 0 0 0 0 0 0 0 0 1 1 0 1 0 0 0 0 0 0 0 0 1 0 0 0 0 0 1
geno chr8.41298768 yri  0 0 0 0 0 0 1 0 0 0 0 0 0 1 0 0 0 0 0 0 0 0 0 0 0 0 0 0 1 0 0 0 0 0 0 0 0 0 0 0 0 1 0 0 0 0 0 0 0 0 0 1 0 0 0 0 0 0 0 0 0 0 1 0 0 0 2 0 0 0 0 0 0 1 0 0 0
geno chr8.41299257 ceu  2 2 2 2 2 2 2 2 2 2 2 2 2 2 2 1 2 2 2 2 2 2 2 2 2 2 2 2 0 2 2 2 2 2 2 2 2 1 2 2 2 2 2 2 2 2 2 2 2 2 2 2 2 2 2 2 2 2 2 2 2 1 2 2 2 2 2 2 2 2 2 2 2 2 2 2 2 2
geno chr8.41299257 fin  2 1 2 2 2 2 2 2 2 2 2 2 2 2 1 2 2 2 2 2 2 2 2 2 2 2 2 2 2 2 2 1 2 1 2 2 2 2 2 2 2 1 2 2 1 2 2 2 1 2 2 2 2 2 2 2 2 2 2 2 2 2 2 2 2 2 2 1 2 2 2 2 2 2 2 2 2 2 2 2 2 2 2 2 1 2 2 2 2
geno chr8.41299257 gbr  2 2 2 2 2 2 2 2 2 2 2 2 2 2 2 2 2 2 2 2 2 2 2 2 2 2 2 1 1 2 2 2 1 2 2 2 1 2 2 2 2 2 2 2 2 2 2 1 2 2 2 2 2 2 2 1 2 2 2 2 2 2 2 2 2 2 2 2 2 2 2 2 2 2 2 2 2 2 2 2 2 0 2 2
geno chr8.41299257 tsi  2 2 2 2 1 2 2 2 2 2 2 2 2 2 1 2 2 2 2 1 2 1 2 2 2 2 2 2 1 2 1 2 2 2 2 2 2 2 2 0 2 2 2 1 2 2 2 2 2 2 2 2 2 2 2 2 2 2 2 2 2 2 2 2 2 2 2 2 2 2 2 2 2 1 1 2 1 2 2 2 2 2 2 2 2 1 2 2 2 2 2 1
geno chr8.41299257 yri  2 2 2 1 2 2 1 2 2 1 1 2 1 1 2 2 2 2 2 2 2 2 1 2 2 2 2 2 1 1 1 2 1 2 2 2 2 2 1 2 2 1 2 2 1 1 2 2 1 2 2 1 2 2 2 2 1 2 2 2 1 2 1 2 2 2 0 1 2 2 2 2 2 1 1 2 1
geno chr8.41299967 ceu  0 0 0 0 0 0 0 0 0 0 0 0 0 0 0 1 0 0 0 0 0 0 0 0 0 0 0 0 2 0 0 0 0 0 0 0 0 1 0 0 0 0 0 0 0 0 0 0 0 0 0 0 0 0 0 0 0 0 0 0 0 1 0 0 0 0 0 0 0 0 0 0 0 0 0 0 0 0
geno chr8.41299967 fin  0 1 0 0 0 0 0 0 0 0 0 0 0 0 1 0 0 0 0 0 0 0 0 0 0 0 0 0 0 0 0 1 0 1 0 0 0 0 0 0 0 1 0 0 1 0 0 0 1 0 0 0 0 0 0 0 0 0 0 0 0 0 0 0 0 0 0 1 0 0 0 0 0 0 0 0 0 0 0 0 0 0 0 0 1 0 0 0 0
geno chr8.41299967 gbr  0 0 0 0 0 0 0 0 0 0 0 0 0 0 0 0 0 0 0 0 0 0 0 0 0 0 0 1 1 0 0 0 1 0 0 0 1 0 0 0 0 0 0 0 0 0 0 1 0 0 0 0 0 0 0 1 0 0 0 0 0 0 0 0 0 0 0 0 0 0 0 0 0 0 0 0 0 0 0 0 0 2 0 0
geno chr8.41299967 tsi  0 0 0 0 1 0 0 0 0 0 0 0 0 0 1 0 0 0 0 1 0 1 0 0 0 0 0 0 1 0 1 0 0 0 0 0 0 0 0 2 0 0 0 1 0 0 0 0 0 0 0 0 0 0 0 0 0 0 0 0 0 0 0 0 0 0 0 0 0 0 0 0 0 1 1 0 1 0 0 0 0 0 0 0 0 1 0 0 0 0 0 1
geno chr8.41299967 yri  0 0 0 0 0 0 1 0 0 0 0 0 0 1 0 0 0 0 0 0 0 0 0 0 0 0 0 0 1 0 0 0 0 0 0 0 0 0 0 0 0 1 0 0 0 0 0 0 0 0 0 1 0 0 0 0 0 0 0 0 0 0 1 0 0 0 2 0 0 0 0 0 0 1 0 0 0
