pheno ENSG00000130589 ceu 0.09519542 1.046753 -0.4981908 0.2489214 -0.1082975 -0.3493688 -1.038683 -0.7452037 0.2887857 -0.5796157 0.2399011 -0.06130966 -1.192235 -1.009985 -0.6455675 -0.6749133 0.8790538 -2.650235 0.05170715 0.05715558 0.008403595 -0.4036926 0.4312598 -0.1365953 -1.132284 -0.795035 -1.827816 0.2322935 0.3871842 -1.340859 1.042999 0.4771076 -1.297494 -1.1653 0.9058445 0.3815252 -1.132864 -1.967759 -0.1379404 -1.68258 -0.9152448 -0.325352 -1.129529 -0.1995012 -0.5785677 -0.2369842 -2.050198 -0.3194106 -0.4972249 0.2979918 0.5089601 -0.6757908 -0.06690512 -0.3748049 -0.5599264 0.135294 -1.072576 1.45601 0.1346104 0.2833579 -0.6090434 0.621883 0.01187841 -0.3628888 0.5971917 -0.6776259 -0.7739058 -0.9006383 -1.98324 -0.4840566 -0.7626765 -0.3727088 -0.9245748 -1.540952 -2.584336 0.0810895 -1.618638 -0.140042
pheno ENSG00000130589 fin 1.029521 1.055055 2.271521 2.516086 -0.97984 2.593042 0.7535718 3.047873 0.1580936 0.794581 0.1595573 0.3259623 0.921027 4.161724 -0.8563054 0.434284 1.529902 0.9760482 1.550699 0.2112334 -0.198091 -0.05340248 -0.1127747 0.3852899 3.061382 1.38492 1.612622 0.6008771 2.808659 -0.9559554 1.04382 1.030254 0.6052877 0.6818565 -0.009263145 2.517485 3.539275 3.450585 -0.3853443 -0.1015526 0.9946808 0.6284086 0.4196613 2.283717 1.851321 1.664389 -0.2143396 -0.01637515 0.107342 3.690594 0.7472947 -0.4989202 -0.7255996 3.319158 1.227111 1.92771 2.29897 -0.10057 1.578024 2.113118 0.107494 2.246995 0.2735869 0.875606 0.04429429 1.624946 -0.5366411 1.084515 1.38698 1.566881 1.823689 0.3750863 0.6422674 1.191666 1.00863 0.6934957 1.478844 0.3064758 0.995146 2.174287 -0.1905645 1.98157 1.791379 1.564722 -0.5661688 1.925977 1.048838 0.7004605 0.8582967
pheno ENSG00000130589 gbr 1.419938 -0.5190179 0.88951 1.090019 0.871647 -1.00269 -0.8419472 0.9476093 0.9968743 0.6266038 1.94677 -1.104886 1.101985 0.9759724 0.544754 -0.1229177 0.3716887 -0.7820881 2.888343 -0.05938194 -0.5016733 1.264368 0.2989939 1.524012 0.6535369 1.366653 -1.492216 -0.1577643 0.2519121 -1.283327 -1.115789 0.5820186 0.472123 0.3554347 0.40585 -0.09811088 0.6188381 1.255494 -0.9083856 1.655473 -0.4317409 0.8092021 0.4119902 0.4206716 -1.128346 -1.849521 0.2153727 0.5578674 1.09075 0.6781592 1.536744 1.850758 0.9962542 0.6485726 0.7714357 -0.02725911 -0.1038584 -1.596823 1.399795 1.700936 1.881137 -1.04421 -0.8862439 0.1769111 0.4429461 -1.402754 0.2366568 -0.1125179 0.6208054 1.040357 0.03191706 0.2018851 0.7947621 -0.6800723 1.015725 -0.6649626 0.5848259 0.8784752 1.030298 0.8235331 1.575163 0.6412179 0.718123 1.252645
pheno ENSG00000130589 tsi -0.06348553 -0.659884 -0.7215069 -1.019182 0.8268168 0.1766672 -1.093833 1.036848 0.995092 1.01627 1.145955 -0.2200924 0.09715184 -0.3122895 0.4228117 0.3416658 1.546959 1.596197 0.01707251 -0.122768 -0.09361693 -0.8135427 -1.872035 0.6202001 0.1049078 -0.3656226 -0.1474151 -2.52097 0.01160403 -0.18917 -0.06788225 0.6314168 -1.255432 0.946023 -0.1913085 0.4622116 0.7632843 -1.06184 -0.9607484 -0.8658336 -0.4257632 -0.2359157 1.097782 0.4440179 -0.05035758 -0.2455326 0.416991 -0.4775929 -1.54718 -1.182928 -1.768418 -0.5663855 -0.8372853 0.8666059 -0.432935 0.9212378 -0.7184955 1.33938 0.9453009 -1.600753 -1.564647 -0.4984752 -3.273983 -1.19225 -0.6111268 -0.392426 0.4272846 -0.7283152 1.047847 -0.9860311 -1.804195 -0.5722927 -0.571164 0.6103289 -0.07113061 -1.895328 -0.8865364 0.3385479 -0.5571252 0.7954591 0.8073417 -0.2518626 -0.5604659 0.5044335 0.471852 0.3065038 -1.245421 1.175498 -0.4055633 -0.486102 -0.2221596 -0.02138739
pheno ENSG00000130589 yri -0.0502509 -0.1579541 0.8978803 2.759441 1.731572 -0.1895699 -0.03363678 1.293964 2.188707 0.08032381 1.945403 0.625083 0.943224 1.44495 1.883602 1.380874 1.892363 -0.2423844 2.023121 1.854585 -0.04478262 -0.2249942 0.5011362 0.7227314 0.6131309 1.926468 1.228978 0.7604886 0.8193254 1.63137 3.678933 -0.3785213 1.286975 1.812663 1.468408 1.209308 0.6243744 1.392485 -0.4539084 0.1311655 1.721456 1.688905 3.496798 -0.0835164 1.168008 1.269481 1.696468 2.122751 1.096526 3.163353 0.05542686 1.994152 0.5712037 0.8807249 -1.116608 0.8768147 0.856571 1.070237 2.584855 1.347849 -0.6757039 2.409409 1.074831 0.2296846 0.4796936 -0.2087267 2.204278 2.921318 0.8715263 1.322945 2.070465 1.927564 1.530892 1.745047 1.60479 1.393195 1.445988
geno chr20.62105598 ceu  1 0 1 1 1 0 0 0 0 0 0 1 2 0 1 0 0 0 0 1 1 1 0 0 0 1 0 0 1 0 0 1 0 0 1 1 1 0 0 0 0 1 1 2 0 0 0 1 0 0 1 0 1 0 0 0 0 1 1 0 0 0 0 0 1 1 0 1 0 1 0 1 1 1 1 0 0 1
geno chr20.62105598 fin  1 0 0 1 0 0 0 1 0 0 1 0 0 0 0 0 1 0 0 0 0 0 0 0 0 0 1 0 0 1 0 0 1 1 0 1 0 0 0 0 1 1 1 0 0 0 0 1 0 0 2 2 0 1 1 0 0 0 1 1 0 0 2 1 0 0 0 1 0 2 0 0 0 1 0 1 1 0 0 0 0 0 1 1 1 1 0 0 1
geno chr20.62105598 gbr  0 0 0 0 0 0 1 0 0 0 0 0 1 1 1 2 0 1 0 0 0 0 1 0 0 0 0 0 0 1 0 1 0 0 0 0 1 0 0 2 1 1 0 0 0 1 0 0 0 0 0 1 0 0 0 0 0 0 0 0 0 0 0 0 1 0 0 0 1 0 1 0 0 0 0 1 0 0 1 0 1 0 1 1
geno chr20.62105598 tsi  1 0 1 2 0 0 1 1 1 0 0 0 1 0 0 0 0 1 0 0 1 0 0 0 1 0 0 1 0 0 0 1 0 0 0 0 0 0 0 0 0 1 0 0 1 1 0 1 0 0 0 0 1 0 0 0 0 0 0 0 0 0 1 1 0 0 1 1 0 0 0 0 1 0 1 0 0 0 1 0 2 0 0 1 0 1 0 2 0 0 0 0
geno chr20.62105598 yri  0 1 0 0 0 0 0 0 0 0 0 0 0 1 0 0 0 0 0 0 0 0 0 0 0 1 0 0 0 0 0 0 0 0 0 0 0 0 0 0 0 0 0 0 0 0 0 0 0 0 0 0 0 0 0 0 0 0 0 0 0 0 0 0 0 1 0 0 0 0 1 0 0 0 0 0 0
geno chr20.62105880 ceu  0 0 0 0 0 0 0 0 0 0 0 1 0 0 0 0 0 0 0 0 0 1 0 0 0 0 0 0 0 0 0 0 0 0 0 0 0 0 0 0 0 0 0 0 0 0 0 0 0 0 0 0 0 0 0 0 1 0 0 0 0 0 0 0 0 0 0 0 0 0 0 0 1 0 0 0 0 0
geno chr20.62105880 fin  0 0 0 0 0 0 0 0 0 0 0 0 0 0 0 1 0 0 0 0 0 0 0 0 0 0 0 0 0 0 0 0 0 0 0 0 0 1 0 0 0 0 0 0 0 0 0 0 0 0 0 0 0 0 0 1 0 0 0 0 0 0 0 0 0 0 0 0 0 0 0 0 0 0 0 0 0 0 0 1 0 0 0 0 0 0 0 0 0
geno chr20.62105880 gbr  0 1 0 0 1 0 0 0 0 0 0 0 0 0 0 0 0 0 0 1 0 0 0 0 0 1 0 0 0 0 0 0 0 0 0 0 0 0 0 0 0 0 0 0 0 0 0 0 0 1 0 0 1 0 0 0 0 1 0 0 0 0 1 0 0 0 0 0 0 0 0 0 0 0 0 0 0 0 0 1 0 0 0 1
geno chr20.62105880 tsi  0 0 0 0 0 0 0 0 0 0 0 0 0 0 0 2 0 0 0 0 0 0 0 0 0 0 0 0 0 0 0 0 0 0 0 0 1 0 0 0 1 0 0 0 0 0 0 1 0 0 0 0 0 0 0 0 0 0 0 0 0 0 0 0 0 0 0 0 1 0 0 0 0 0 0 0 0 1 0 0 0 0 0 0 0 0 0 0 0 1 0 0
geno chr20.62105880 yri  0 0 1 0 1 0 0 1 0 0 1 0 1 0 1 1 0 2 0 0 0 0 1 1 1 0 0 0 0 1 0 0 0 0 0 1 2 0 0 0 0 1 1 1 0 0 0 1 0 1 0 0 0 0 0 0 0 1 0 0 0 0 1 0 1 0 0 0 0 1 1 0 1 0 0 0 0
geno chr20.62106235 ceu  0 0 0 0 0 0 0 0 0 0 0 1 0 0 0 0 0 0 0 0 0 1 0 0 0 0 0 0 0 0 0 0 0 0 0 0 0 0 0 0 0 0 0 0 0 0 0 0 0 0 0 0 0 0 0 0 1 0 0 0 0 0 0 0 0 0 0 0 0 0 0 0 1 0 0 0 0 0
geno chr20.62106235 fin  0 0 0 0 0 0 0 0 0 0 0 0 0 0 0 1 0 0 0 0 0 0 0 0 0 0 0 0 0 0 0 0 0 0 0 0 0 1 0 0 0 0 0 0 0 0 0 0 0 0 0 0 0 0 0 1 0 0 0 0 0 0 0 0 0 0 0 0 0 0 0 0 0 0 0 0 0 0 0 1 0 0 0 0 0 0 0 0 0
geno chr20.62106235 gbr  0 1 0 0 1 0 0 0 0 0 0 0 0 0 0 0 0 0 0 1 0 0 0 0 0 1 0 0 0 0 0 0 0 0 0 0 0 0 0 0 0 0 0 0 0 0 0 0 0 1 0 0 1 0 0 0 0 1 0 0 0 0 1 0 0 0 0 0 0 0 0 0 0 0 0 0 0 0 0 1 0 0 0 1
geno chr20.62106235 tsi  0 0 0 0 0 0 0 0 0 0 0 0 0 0 0 1 0 0 0 0 0 0 0 0 1 0 0 0 0 0 0 0 0 0 0 0 1 0 0 0 0 0 0 0 0 0 0 1 0 0 0 0 0 0 0 0 0 0 0 0 0 0 0 0 0 0 0 0 1 0 0 0 0 0 0 0 0 1 0 0 0 0 0 0 0 0 0 0 0 1 0 0
geno chr20.62106235 yri  0 0 1 1 1 0 0 1 0 0 1 1 1 1 1 2 2 2 1 0 2 0 1 1 1 0 1 0 0 2 1 0 1 0 1 1 2 0 1 1 1 2 1 1 1 0 0 1 0 1 1 1 0 1 0 0 1 2 2 0 2 0 2 1 2 0 0 0 0 2 1 1 1 0 1 2 0
geno chr20.62106720 ceu  0 1 0 0 0 0 1 1 2 1 0 0 0 1 0 1 0 0 1 0 0 0 1 1 0 1 0 1 0 0 0 0 1 0 1 1 1 1 1 1 1 1 0 0 2 1 2 0 0 0 0 0 1 0 0 2 0 0 0 1 1 0 1 1 0 0 1 1 1 0 1 0 0 0 0 0 0 0
geno chr20.62106720 fin  0 0 0 0 1 1 0 0 0 0 0 0 0 0 0 1 0 2 1 0 1 1 0 0 0 0 0 1 2 0 0 1 0 0 1 0 0 0 1 0 0 0 0 0 1 1 1 0 1 0 0 0 0 0 1 0 1 0 1 1 0 0 0 0 1 0 1 1 1 0 0 1 0 0 0 0 0 1 1 0 0 1 0 1 0 0 0 0 0
geno chr20.62106720 gbr  1 1 2 2 1 1 1 1 1 1 0 2 1 0 1 0 0 1 0 0 0 1 1 0 1 1 0 1 1 1 0 1 0 1 0 1 0 0 2 0 1 0 1 1 0 1 1 0 2 0 0 0 1 2 0 1 0 0 0 0 2 0 1 1 0 2 0 1 0 0 1 1 1 1 1 0 0 1 1 0 0 1 1 0
geno chr20.62106720 tsi  0 1 0 0 0 0 0 1 0 1 1 0 1 1 1 0 0 1 1 2 0 0 1 2 0 1 1 1 0 1 0 0 0 1 0 1 1 0 0 0 0 0 1 2 0 0 0 0 0 2 1 1 1 1 1 0 0 1 0 0 1 1 0 0 1 0 0 0 1 1 0 0 0 0 0 0 1 0 1 1 0 1 1 0 2 0 1 0 2 0 0 0
geno chr20.62106720 yri  1 1 0 0 1 1 2 1 1 2 1 1 0 0 1 0 0 0 1 2 0 1 0 0 1 1 0 2 1 0 0 2 1 2 1 0 0 2 0 0 1 0 1 0 0 1 1 1 2 1 0 0 1 1 2 0 0 0 0 2 0 0 0 1 0 1 1 2 1 0 0 1 1 1 0 0 2
geno chr20.62106988 ceu  0 0 0 0 0 0 0 0 0 0 0 1 0 0 0 0 0 0 0 0 0 1 0 0 0 0 0 0 0 0 0 0 0 0 0 0 0 0 0 0 0 0 0 0 0 0 0 0 0 0 0 0 0 0 0 0 1 0 0 0 0 0 0 0 0 0 0 0 0 0 0 0 1 0 0 0 0 0
geno chr20.62106988 fin  0 0 0 0 0 0 0 0 0 0 0 0 0 0 0 1 0 0 0 0 0 0 0 0 0 0 0 0 0 0 0 0 0 0 0 0 0 1 0 0 0 0 0 0 0 0 0 0 0 0 0 0 0 0 0 1 0 0 0 0 0 0 0 0 0 0 0 0 0 0 0 0 0 0 0 0 0 0 0 1 0 0 0 0 0 0 0 0 0
geno chr20.62106988 gbr  0 1 0 0 1 0 0 0 0 0 0 0 0 0 0 0 0 0 0 1 0 0 0 0 0 1 0 0 0 0 0 0 0 0 0 0 0 0 0 0 0 0 0 0 0 0 0 0 0 1 0 0 1 0 0 0 0 1 0 0 0 0 1 0 0 0 0 0 0 0 0 0 0 0 0 0 0 0 0 1 0 0 0 1
geno chr20.62106988 tsi  0 0 0 0 0 0 0 0 0 0 0 0 0 0 0 1 0 0 0 0 0 0 0 0 0 0 0 0 0 0 0 0 0 0 0 0 1 0 0 0 0 0 0 0 0 0 0 1 0 0 0 0 0 0 0 0 0 0 0 0 0 0 0 0 0 0 0 0 1 0 0 0 0 0 0 0 0 1 0 0 0 0 0 0 0 0 0 0 0 1 0 0
geno chr20.62106988 yri  0 0 1 1 1 0 0 1 0 0 1 1 1 1 1 2 2 2 1 0 2 0 1 1 1 0 1 0 0 2 1 0 1 0 1 1 2 0 1 1 1 2 1 1 1 0 0 1 0 1 1 1 0 1 0 0 1 2 2 0 2 0 2 1 2 0 0 0 0 2 1 1 1 0 1 2 0
geno chr20.62107329 ceu  0 0 0 0 0 0 0 0 0 0 0 1 0 0 0 0 0 0 0 0 0 1 0 0 0 0 0 0 0 0 0 0 0 0 0 0 0 0 0 0 0 0 0 0 0 0 0 0 0 0 0 0 0 0 0 0 1 0 0 0 0 0 0 0 0 0 0 0 0 0 0 0 1 0 0 0 0 0
geno chr20.62107329 fin  0 0 0 0 0 0 0 0 0 0 0 0 0 0 0 1 0 0 0 0 0 0 0 0 0 0 0 0 0 0 0 0 0 0 0 0 0 1 0 0 0 0 0 0 0 0 0 0 0 0 0 0 0 0 0 1 0 0 0 0 0 0 0 0 0 0 0 0 0 0 0 0 0 0 0 0 0 0 0 1 0 0 0 0 0 0 0 0 0
geno chr20.62107329 gbr  0 1 0 0 1 0 0 0 0 0 0 0 0 0 0 0 0 0 0 1 0 0 0 0 0 1 0 0 0 0 0 0 0 0 0 0 0 0 0 0 0 0 0 0 0 0 0 0 0 1 0 0 1 0 0 0 0 1 0 0 0 0 1 0 0 0 0 0 0 0 0 0 0 0 0 0 0 0 0 1 0 0 0 1
geno chr20.62107329 tsi  0 0 0 0 0 0 0 0 0 0 0 0 0 0 0 1 0 0 0 0 0 0 0 0 0 0 0 0 0 0 0 0 0 0 0 0 1 0 0 0 0 0 0 0 0 0 0 1 0 0 0 0 0 0 0 0 0 0 0 0 0 0 0 0 0 0 0 0 1 0 0 0 0 0 0 0 0 1 0 0 0 0 0 0 0 0 0 0 0 1 0 0
geno chr20.62107329 yri  0 0 1 1 1 0 0 1 0 0 1 0 1 0 1 2 2 2 1 0 1 0 1 1 1 0 2 0 0 1 2 0 0 0 1 1 2 0 0 0 1 2 1 1 1 0 0 1 0 1 2 0 0 1 0 0 2 1 1 0 2 0 2 0 2 0 0 0 0 2 1 1 1 0 1 0 0
geno chr20.62107992 ceu  0 1 0 0 0 0 1 1 1 1 0 0 0 1 0 1 0 0 1 0 0 0 1 1 0 1 0 1 0 0 0 0 1 0 1 1 1 1 1 1 1 1 0 0 2 1 2 0 0 0 0 0 1 0 0 2 0 0 0 1 1 0 1 1 0 0 1 1 0 0 1 0 0 0 0 0 0 0
geno chr20.62107992 fin  0 0 0 0 1 1 0 0 0 0 0 0 0 0 0 1 0 2 1 0 1 1 0 0 0 0 0 1 2 0 0 1 0 0 1 0 0 0 1 0 0 0 0 0 1 1 1 0 1 0 0 0 0 0 1 0 1 0 1 1 0 0 0 0 1 0 1 1 1 0 0 1 0 0 0 0 0 1 1 0 0 1 0 1 0 0 0 0 0
geno chr20.62107992 gbr  1 1 2 2 1 1 1 1 1 1 0 2 1 0 1 0 0 1 0 0 0 1 1 0 1 1 0 1 0 1 0 1 0 1 0 1 0 0 2 0 1 0 1 1 0 1 1 0 2 0 0 0 1 2 0 1 0 0 0 0 2 0 1 1 0 2 0 1 0 0 0 1 1 0 1 0 0 1 0 0 0 1 1 0
geno chr20.62107992 tsi  0 1 0 0 0 0 0 1 0 1 1 0 1 1 1 0 0 1 1 2 0 0 1 2 0 1 1 1 0 1 0 0 0 1 0 1 1 0 0 0 0 0 1 2 0 0 0 0 0 2 0 1 1 1 1 0 0 1 0 0 1 1 0 0 1 0 0 0 1 1 0 0 0 0 0 0 1 0 1 1 0 1 0 0 2 0 1 0 2 0 0 0
geno chr20.62107992 yri  1 1 0 0 1 1 2 0 1 1 1 0 0 0 0 0 0 0 1 2 0 1 0 0 1 0 0 2 1 0 0 2 1 2 0 0 0 1 0 0 1 0 1 0 0 1 1 1 1 1 0 0 0 1 1 0 0 0 0 2 0 0 0 1 0 1 1 2 1 0 0 1 1 1 0 0 2
geno chr20.62108278 ceu  1 0 0 0 0 0 0 1 0 1 0 0 0 0 0 1 0 0 1 0 0 0 0 0 0 0 2 0 0 0 0 0 0 1 0 0 0 0 1 0 0 0 0 0 0 0 0 1 0 0 0 0 0 1 1 0 0 1 0 0 1 0 1 0 1 0 0 0 0 0 0 0 0 0 1 1 0 1
geno chr20.62108278 fin  0 0 0 1 0 0 0 0 0 0 0 1 1 0 0 0 0 0 0 0 0 0 1 0 1 1 0 0 0 0 0 0 0 0 0 0 1 0 0 1 0 0 0 1 0 0 0 0 0 0 0 0 1 1 0 0 0 0 0 0 0 0 0 0 0 0 1 0 1 0 1 0 0 0 0 1 1 0 0 0 1 0 0 0 0 0 0 1 0
geno chr20.62108278 gbr  0 0 0 0 0 0 0 0 0 0 0 0 0 0 0 0 1 0 0 0 0 0 0 0 0 0 2 0 0 0 0 0 0 0 1 0 0 0 0 0 0 0 1 1 0 0 0 0 0 0 0 1 0 0 0 0 0 0 0 0 0 1 0 0 0 0 0 1 0 0 0 0 0 0 0 0 1 0 0 0 0 0 0 0
geno chr20.62108278 tsi  0 0 0 0 0 1 0 0 1 0 0 0 0 1 0 0 0 0 1 0 1 0 0 0 1 0 0 0 1 0 0 0 1 0 0 0 0 0 0 2 0 0 0 0 0 0 0 0 2 0 0 0 0 0 0 0 0 1 0 2 0 0 0 1 0 1 0 0 0 0 0 0 0 0 0 0 0 0 0 0 0 0 1 0 0 0 0 0 0 0 1 0
geno chr20.62108278 yri  0 0 0 0 0 0 0 0 0 0 0 0 0 0 0 0 0 0 0 0 0 0 0 0 0 0 0 0 0 0 0 0 0 0 0 0 0 0 0 0 0 0 0 0 0 0 0 0 0 0 0 0 0 0 0 0 0 0 0 0 0 0 0 0 0 0 0 0 0 0 0 0 0 0 0 0 0
geno chr20.62108346 ceu  0 0 0 1 0 0 0 0 0 0 0 0 0 0 0 0 0 0 0 0 0 0 0 0 0 0 0 0 0 0 1 0 0 1 0 0 0 0 0 0 0 0 0 0 0 0 0 0 0 0 0 0 0 0 0 0 0 0 0 1 0 1 0 0 0 0 0 0 0 0 0 0 0 1 0 0 0 0
geno chr20.62108346 fin  0 0 0 0 0 0 0 0 0 0 0 0 0 0 0 0 0 0 0 0 0 0 0 0 0 0 0 0 0 0 0 0 0 0 0 0 0 0 0 0 0 0 0 0 0 0 0 0 0 0 0 0 0 0 0 0 0 0 0 0 0 0 0 0 0 0 0 0 0 0 0 1 0 0 0 0 0 0 0 0 0 0 0 0 0 0 0 0 0
geno chr20.62108346 gbr  0 0 0 0 0 0 0 0 0 0 0 0 0 0 0 0 0 0 0 0 0 0 0 0 0 0 0 0 0 0 0 0 0 0 0 0 0 0 0 0 0 0 0 0 0 0 0 1 0 0 0 0 0 0 0 0 0 0 0 0 0 0 0 0 0 0 0 0 0 0 0 0 0 0 0 0 0 0 0 0 0 0 0 0
geno chr20.62108346 tsi  0 0 0 0 0 0 0 0 0 0 0 0 0 0 0 0 0 0 0 0 0 0 0 0 0 1 0 0 0 0 0 0 0 1 0 0 0 0 1 0 0 0 0 0 0 0 0 0 0 0 0 0 0 0 0 0 0 0 0 0 0 0 0 0 0 1 0 0 0 0 0 0 0 0 0 0 0 0 0 0 0 0 0 1 0 0 0 0 0 0 0 0
geno chr20.62108346 yri  1 0 1 1 0 1 0 0 1 0 0 0 1 0 0 0 0 0 0 0 0 1 0 1 0 0 0 0 1 0 0 0 0 0 0 1 0 0 1 1 0 0 0 1 0 1 0 0 0 0 0 1 1 0 0 1 0 0 0 0 0 1 0 0 0 0 1 0 1 0 0 0 0 1 0 0 0
geno chr20.62108413 ceu  0 0 0 0 0 0 0 0 0 0 0 1 0 0 0 0 0 0 0 0 0 1 0 0 0 0 0 0 0 0 0 0 0 0 0 0 0 0 0 0 0 0 0 0 0 0 0 0 0 0 0 0 0 0 0 0 0 0 0 0 0 0 0 0 0 0 0 0 0 0 0 0 1 0 0 0 0 0
geno chr20.62108413 fin  0 0 0 0 0 0 0 0 0 0 0 0 0 0 0 1 0 0 0 0 0 0 0 0 0 0 0 0 0 0 0 0 0 0 0 0 0 1 0 0 0 0 0 0 0 0 0 0 0 0 0 0 0 0 0 1 0 0 0 0 0 0 0 0 0 0 0 0 0 0 0 0 0 0 0 0 0 0 0 1 0 0 0 0 0 0 0 0 0
geno chr20.62108413 gbr  0 1 0 0 1 0 0 0 0 0 0 0 0 0 0 0 0 0 0 1 0 0 0 0 0 1 0 0 0 0 0 0 0 0 0 0 0 0 0 0 0 0 0 0 0 0 0 0 0 1 0 0 1 0 0 0 0 1 0 0 0 0 1 0 0 0 0 0 0 0 0 0 0 0 0 0 0 0 0 0 0 0 0 1
geno chr20.62108413 tsi  0 0 0 0 0 0 0 0 0 0 0 0 0 0 0 1 0 0 0 0 0 0 0 0 0 0 0 0 0 0 0 0 0 0 0 0 1 0 0 0 0 0 0 0 0 0 0 1 0 0 0 0 0 0 0 0 0 0 0 0 0 0 0 0 0 0 0 0 1 0 0 0 0 0 0 0 0 1 0 0 0 0 0 0 0 0 0 0 0 0 0 0
geno chr20.62108413 yri  0 0 1 0 1 0 0 0 0 0 1 0 0 0 0 1 0 1 0 0 0 0 1 1 0 0 0 0 0 1 0 0 0 0 0 1 1 0 0 0 0 0 0 0 0 0 0 1 0 1 0 0 0 0 0 0 0 1 0 0 0 0 1 0 1 0 0 0 0 0 1 0 1 0 0 0 0
geno chr20.62108415 ceu  0 0 0 0 0 0 0 0 0 0 0 1 0 0 0 0 0 0 0 0 0 1 0 0 0 0 0 0 0 0 0 0 0 0 0 0 0 0 0 0 0 0 0 0 0 0 0 0 0 0 0 0 0 0 0 0 0 0 0 0 0 0 0 0 0 0 0 0 0 0 0 0 1 0 0 0 0 0
geno chr20.62108415 fin  0 0 0 0 0 0 0 0 0 0 0 0 0 0 0 1 0 0 0 0 0 0 0 0 0 0 0 0 0 0 0 0 0 0 0 0 0 1 0 0 0 0 0 0 0 0 0 0 0 0 0 0 0 0 0 1 0 0 0 0 0 0 0 0 0 0 0 0 0 0 0 0 0 0 0 0 0 0 0 1 0 0 0 0 0 0 0 0 0
geno chr20.62108415 gbr  0 1 0 0 1 0 0 0 0 0 0 0 0 0 0 0 0 0 0 1 0 0 0 0 0 1 0 0 0 0 0 0 0 0 0 0 0 0 0 0 0 0 0 0 0 0 0 0 0 1 0 0 1 0 0 0 0 1 0 0 0 0 1 0 0 0 0 0 0 0 0 0 0 0 0 0 0 0 0 0 0 0 0 1
geno chr20.62108415 tsi  0 0 0 0 0 0 0 0 0 0 0 0 0 0 0 1 0 0 0 0 0 0 0 0 0 0 0 0 0 0 0 0 0 0 0 0 1 0 0 0 0 0 0 0 0 0 0 1 0 0 0 0 0 0 0 0 0 0 0 0 0 0 0 0 0 0 0 0 1 0 0 0 0 0 0 0 0 1 0 0 0 0 0 0 0 0 0 0 0 1 0 0
geno chr20.62108415 yri  0 0 1 0 1 0 0 1 0 0 1 0 1 0 1 1 0 1 0 0 0 0 0 1 1 0 0 0 0 1 0 0 0 0 0 1 1 0 0 0 0 0 0 1 0 0 0 1 0 1 0 0 0 0 0 0 0 1 0 0 0 0 1 0 1 0 0 0 0 0 1 0 1 0 0 0 0
geno chr20.62108891 ceu  0 0 0 0 0 0 0 0 0 0 0 1 0 0 0 0 0 0 0 0 0 1 0 0 0 0 0 0 0 0 0 0 0 0 0 0 0 0 0 0 0 0 0 0 0 0 0 0 0 0 0 0 0 0 0 0 0 0 0 0 0 0 0 0 0 0 0 0 0 0 0 0 1 0 0 0 0 0
geno chr20.62108891 fin  0 0 0 0 0 0 0 0 0 0 0 0 0 0 0 1 0 0 0 0 0 0 0 0 0 0 0 0 0 0 0 0 0 0 0 0 0 1 0 0 0 0 0 0 0 0 0 0 0 0 0 0 0 0 0 1 0 0 0 0 0 0 0 0 0 0 0 0 0 0 0 0 0 0 0 0 0 0 0 1 0 0 0 0 0 0 0 0 0
geno chr20.62108891 gbr  0 1 0 0 1 0 0 0 0 0 0 0 0 0 0 0 0 0 0 1 0 0 0 0 0 1 0 0 0 0 0 0 0 0 0 0 0 0 0 0 0 0 0 0 0 0 0 0 0 1 0 0 1 0 0 0 0 1 0 0 0 0 1 0 0 0 0 0 0 0 0 0 0 0 0 0 0 0 0 0 0 0 0 1
geno chr20.62108891 tsi  0 0 0 0 0 0 0 0 0 0 0 0 0 0 0 1 0 0 0 0 0 0 0 0 0 0 0 0 0 0 0 0 0 0 0 0 1 0 0 0 0 0 0 0 0 0 0 1 0 0 0 0 0 0 0 0 0 0 0 0 0 0 0 0 0 0 0 0 1 0 0 0 0 0 0 0 0 1 0 0 0 0 0 0 0 0 0 0 0 1 0 0
geno chr20.62108891 yri  0 0 1 0 1 0 0 1 0 0 1 0 1 0 1 1 0 2 0 0 0 0 1 1 1 0 0 0 0 0 0 0 0 0 0 1 1 0 0 0 0 1 0 1 0 0 0 1 0 1 0 0 0 0 0 0 0 1 0 0 0 0 1 0 1 0 0 0 0 1 1 0 1 0 0 0 0
geno chr20.62109158 ceu  0 0 0 0 0 0 0 0 0 0 0 1 0 0 0 0 0 0 0 0 0 1 0 0 0 0 0 0 0 0 0 0 0 0 0 0 0 0 0 0 0 0 0 0 0 0 0 0 0 0 0 0 0 0 0 0 0 0 0 0 0 0 0 0 0 0 0 0 0 0 0 0 1 0 0 0 0 0
geno chr20.62109158 fin  0 0 0 0 0 0 0 0 0 0 0 0 0 0 0 1 0 0 0 0 0 0 0 0 0 0 0 0 0 0 0 0 0 0 0 0 0 1 0 0 0 0 0 0 0 0 0 0 0 0 0 0 0 0 0 1 0 0 0 0 0 0 0 0 0 0 0 0 0 0 0 0 0 0 0 0 0 0 0 1 0 0 0 0 0 0 0 0 0
geno chr20.62109158 gbr  0 1 0 0 1 0 0 0 0 0 0 0 0 0 0 0 0 0 0 1 0 0 0 0 0 1 0 0 0 0 0 0 0 0 0 0 0 0 0 0 0 0 0 0 0 0 0 0 0 1 0 0 1 0 0 0 0 1 0 0 0 0 1 0 0 0 0 0 0 0 0 0 0 0 0 0 0 0 0 0 0 0 0 1
geno chr20.62109158 tsi  0 0 0 0 0 0 0 0 0 0 0 0 0 0 0 1 0 0 0 0 0 0 0 0 0 0 0 0 0 0 0 0 0 0 0 0 1 0 0 0 0 0 0 0 0 0 0 1 0 0 0 0 0 0 0 0 0 0 0 0 0 0 0 0 0 0 0 0 1 0 0 0 0 0 0 0 0 1 0 0 0 0 0 0 0 0 0 0 0 1 0 0
geno chr20.62109158 yri  0 0 1 0 1 0 0 1 0 0 1 0 1 0 1 1 0 2 0 0 0 0 1 1 1 0 0 0 0 0 0 0 0 0 0 1 1 0 0 0 0 1 0 1 0 0 0 1 0 1 0 0 0 0 0 0 0 1 0 0 0 0 1 0 1 0 0 0 0 1 1 0 1 0 0 0 0
geno chr20.62109170 ceu  2 2 1 2 2 1 2 2 2 2 2 2 2 1 2 2 1 0 2 2 2 2 2 1 1 2 2 1 2 2 1 2 2 1 2 2 2 2 2 2 2 2 2 2 2 1 2 2 2 1 2 2 2 2 2 2 1 2 2 2 2 1 2 2 2 2 2 2 1 2 2 2 2 2 2 2 0 2
geno chr20.62109170 fin  1 2 1 2 1 1 2 2 0 2 2 2 2 1 2 2 1 2 2 1 1 1 2 1 2 1 1 2 2 2 1 2 1 2 1 2 2 2 1 2 2 2 1 2 2 1 2 1 2 2 2 2 1 2 2 2 2 1 2 2 2 2 2 2 2 2 2 2 2 2 1 2 2 2 1 2 2 2 2 2 1 1 1 2 2 1 2 2 2
geno chr20.62109170 gbr  1 2 2 1 2 2 2 2 2 2 2 2 2 1 2 2 2 2 2 2 2 2 2 2 1 2 2 2 2 2 1 2 2 2 2 1 1 2 2 2 2 2 2 2 1 2 2 2 2 2 2 2 2 2 1 2 2 2 2 2 2 2 2 2 2 2 0 2 1 2 2 2 2 2 2 2 2 2 2 1 2 2 2 2
geno chr20.62109170 tsi  2 2 2 2 1 2 1 2 2 1 2 2 2 2 2 2 2 2 2 2 2 2 1 2 2 2 2 2 2 2 2 2 2 2 2 2 2 1 2 2 1 2 2 2 2 1 1 2 2 2 2 2 2 1 2 2 1 2 2 2 2 1 2 2 2 2 2 2 2 2 1 1 1 2 2 2 2 2 2 2 2 2 2 2 2 2 2 2 2 2 2 1
geno chr20.62109170 yri  2 2 2 2 2 2 2 2 2 2 2 2 2 2 2 2 2 2 2 2 2 2 2 2 2 2 2 2 2 2 2 2 2 2 2 2 2 2 2 2 2 2 2 2 2 2 2 2 2 2 2 2 2 2 2 2 2 2 2 2 2 2 2 2 2 2 2 2 2 2 2 2 2 2 2 2 2
geno chr20.62109405 ceu  0 1 0 0 0 0 1 1 2 1 0 0 0 1 0 1 0 0 1 0 0 0 1 1 0 1 0 1 0 0 0 0 1 0 1 1 1 1 1 1 1 1 0 0 2 1 2 0 0 0 0 0 1 0 0 2 1 0 0 1 1 0 1 1 0 0 1 1 1 0 1 0 0 0 0 0 0 0
geno chr20.62109405 fin  0 0 0 0 1 1 0 0 0 0 0 0 0 0 0 1 0 2 1 0 1 1 0 0 0 0 0 1 2 0 0 1 0 0 1 0 0 0 0 0 0 0 0 0 1 1 1 0 1 0 0 1 0 0 1 0 1 0 1 1 0 0 0 0 1 0 1 1 1 0 0 1 0 0 0 0 0 1 1 0 0 1 0 0 0 0 0 0 0
geno chr20.62109405 gbr  1 0 2 1 1 1 1 1 1 1 0 2 1 0 1 0 0 0 0 0 0 1 1 0 0 0 0 0 1 1 0 1 0 1 0 1 0 0 2 0 0 0 1 1 0 1 1 0 2 0 1 0 1 1 0 1 0 0 0 0 2 0 1 1 0 2 0 1 0 0 1 1 1 1 1 0 0 1 1 1 0 1 2 1
geno chr20.62109405 tsi  0 1 0 0 0 0 0 1 0 0 1 0 1 1 1 0 0 1 1 2 0 0 1 2 0 1 1 1 0 1 0 0 0 1 0 0 1 0 0 0 0 0 1 2 0 0 0 0 0 2 0 1 1 1 1 0 0 1 0 0 1 1 0 0 1 0 0 0 1 1 0 0 0 0 0 0 1 0 1 0 0 1 1 0 2 0 1 1 2 0 0 0
geno chr20.62109405 yri  0 0 0 0 0 0 1 1 1 0 1 0 0 0 0 0 0 0 0 0 0 0 0 0 0 0 0 1 1 0 0 1 0 0 0 0 0 0 0 0 1 0 0 0 0 0 1 0 0 0 0 0 1 1 0 0 0 0 0 2 0 0 0 1 0 0 0 1 1 0 0 0 1 0 0 0 1
geno chr20.62109740 ceu  1 0 1 1 1 0 0 0 0 0 0 1 1 0 1 0 0 0 0 1 1 1 0 0 0 1 0 0 0 0 0 1 0 0 1 1 1 0 0 0 0 1 1 2 0 0 0 1 0 0 1 0 1 0 0 0 0 1 1 0 0 0 0 0 1 1 0 1 0 1 0 1 1 1 1 0 0 1
geno chr20.62109740 fin  1 0 0 1 0 0 0 1 0 0 1 0 0 0 0 0 1 0 0 0 0 0 0 0 0 0 1 0 0 1 0 0 1 1 0 1 0 0 0 0 1 1 1 0 0 0 0 1 0 0 2 1 0 1 1 0 0 0 1 1 0 0 2 1 0 0 0 1 0 2 0 0 0 1 0 1 1 0 0 0 0 0 1 1 1 1 0 0 1
geno chr20.62109740 gbr  0 1 0 0 0 0 1 0 0 0 0 0 1 1 1 2 0 2 0 0 0 0 1 0 1 0 0 1 0 1 0 1 0 0 0 0 1 0 0 2 2 1 0 0 0 0 0 0 0 0 0 1 0 1 0 0 0 0 0 0 0 0 0 0 1 0 0 0 1 0 1 0 0 0 0 1 0 0 1 0 1 0 0 0
geno chr20.62109740 tsi  1 0 1 2 0 0 1 1 1 1 0 0 1 0 0 0 0 1 0 0 1 0 0 0 1 0 0 1 0 0 0 1 0 0 0 1 0 0 0 0 0 1 0 0 1 1 0 1 0 0 0 0 1 0 0 0 0 0 0 0 0 0 1 1 0 0 1 1 0 0 0 0 1 0 1 0 0 0 1 0 2 0 0 1 0 1 0 1 0 0 0 0
geno chr20.62109740 yri  0 0 0 0 0 0 0 0 0 0 0 0 0 0 0 0 0 0 0 0 0 0 0 0 0 0 0 0 0 0 0 0 0 0 0 0 0 0 0 0 0 0 0 0 0 0 0 0 0 0 0 0 0 0 0 0 0 0 0 0 0 0 0 0 0 0 0 0 0 0 0 0 0 0 0 0 0
geno chr20.62109849 ceu  0 0 0 0 0 0 0 0 0 0 0 0 0 0 0 0 0 0 0 0 0 0 1 0 0 0 0 0 0 0 0 0 0 0 0 0 0 0 0 0 0 0 1 0 0 0 0 0 0 0 0 1 0 0 0 0 0 0 0 0 0 0 0 0 0 0 0 0 0 0 0 0 0 0 0 0 0 0
geno chr20.62109849 fin  0 0 0 0 0 0 0 1 0 0 1 0 1 1 0 0 0 0 0 0 0 0 0 0 0 0 0 0 0 1 0 0 0 1 0 0 0 1 1 0 0 0 0 0 0 0 0 0 0 1 0 0 0 0 0 1 0 0 0 0 0 0 0 0 1 0 0 0 0 0 0 0 1 0 0 0 0 1 1 1 0 0 0 1 1 0 1 1 0
geno chr20.62109849 gbr  0 0 0 0 0 0 0 0 0 0 0 0 0 0 0 0 0 0 0 0 0 0 0 1 0 0 0 0 0 0 0 0 1 0 0 0 0 1 0 0 0 0 0 0 0 0 0 0 0 0 0 0 0 0 1 1 0 0 0 0 0 0 0 1 1 0 0 0 0 0 0 0 0 0 0 1 0 0 0 0 0 0 0 0
geno chr20.62109849 tsi  0 0 1 0 0 0 0 0 0 0 0 0 0 0 0 0 1 0 0 0 0 0 0 0 0 0 0 0 1 0 0 0 0 0 0 0 0 1 0 0 1 0 0 0 0 0 0 0 0 0 1 1 0 0 0 0 1 0 0 0 0 0 1 0 0 0 0 1 0 0 0 0 0 1 1 0 0 0 0 0 0 0 0 1 0 0 0 0 0 0 0 0
geno chr20.62109849 yri  0 0 0 0 0 0 0 0 0 0 0 0 0 0 0 0 0 0 0 0 0 0 0 0 0 0 0 0 0 0 0 0 0 0 0 0 0 0 0 0 0 0 0 0 0 0 0 0 0 0 0 0 0 0 0 0 0 0 0 0 0 0 0 0 0 0 0 0 0 0 0 0 0 0 0 0 0
geno chr20.62110175 ceu  1 0 1 1 1 0 0 0 0 0 0 1 1 0 1 0 0 0 0 1 1 1 0 0 0 1 0 0 0 0 0 1 0 0 1 1 1 0 0 0 0 1 1 2 0 0 0 1 0 0 1 0 1 0 0 0 0 1 1 0 0 0 0 0 1 1 0 1 0 1 0 1 1 1 1 0 0 1
geno chr20.62110175 fin  1 0 0 1 0 0 0 1 0 0 1 0 0 0 0 0 1 0 0 0 0 0 0 0 0 0 1 0 0 1 0 0 1 1 0 1 0 0 0 0 1 1 1 0 0 0 0 1 0 0 2 1 0 1 1 0 0 0 1 1 0 0 2 1 0 0 1 1 0 2 1 0 0 1 0 1 1 0 0 0 0 0 1 1 1 1 0 0 1
geno chr20.62110175 gbr  0 1 0 0 0 0 1 0 0 0 0 0 1 1 1 2 0 2 0 0 0 0 1 0 1 0 0 1 0 1 0 1 0 0 0 0 1 0 0 2 2 1 0 0 0 0 0 0 0 0 0 1 0 1 0 0 0 0 0 0 0 0 0 0 1 0 0 0 1 0 1 0 0 0 0 1 0 0 1 0 1 0 0 0
geno chr20.62110175 tsi  1 0 1 2 0 0 1 1 1 1 0 0 1 0 0 0 0 1 0 0 1 0 0 0 1 0 0 1 0 0 0 1 0 0 0 1 0 0 0 0 0 1 0 0 1 1 0 1 0 0 0 0 1 0 0 0 0 0 0 0 0 0 1 1 0 0 1 1 0 0 0 0 1 0 1 0 0 0 1 0 2 0 0 1 0 1 0 1 0 0 0 0
geno chr20.62110175 yri  0 1 0 0 0 0 0 0 0 0 0 0 0 1 0 0 0 0 0 0 0 0 0 0 0 1 0 0 0 1 0 0 0 0 0 0 1 0 0 0 0 0 0 0 0 0 0 0 0 0 0 0 0 0 0 0 0 0 0 0 0 0 0 0 0 1 0 0 0 0 1 0 0 0 0 0 0
geno chr20.62110277 ceu  0 0 0 0 0 0 0 1 0 1 0 0 0 0 0 1 0 0 1 0 0 0 0 0 0 0 2 0 0 0 0 0 0 1 0 0 0 0 1 0 0 0 0 0 0 0 0 1 0 0 0 0 0 1 1 0 0 1 0 0 1 0 1 0 1 0 0 0 0 0 0 0 0 0 1 1 0 1
geno chr20.62110277 fin  0 0 0 1 0 0 0 0 0 0 0 1 1 0 0 0 0 0 0 0 0 0 1 0 1 1 0 0 0 0 0 0 0 0 0 0 1 0 0 1 0 0 0 1 0 0 0 0 0 0 0 0 1 1 0 0 0 0 0 0 0 0 0 0 0 0 1 0 1 0 1 0 0 0 0 1 1 0 0 0 1 0 0 0 0 0 0 1 0
geno chr20.62110277 gbr  0 0 0 0 0 0 0 0 0 0 0 0 0 0 0 0 1 0 0 0 0 0 0 0 0 0 2 0 0 0 0 0 0 0 1 0 0 0 0 0 0 0 1 1 0 0 0 0 0 0 0 1 0 0 0 0 0 0 0 0 0 1 0 0 0 0 0 1 0 0 0 0 0 0 0 0 1 0 0 0 0 0 0 0
geno chr20.62110277 tsi  0 0 0 0 0 1 0 0 1 0 0 0 0 1 0 0 0 0 1 0 1 0 0 0 1 0 0 0 1 0 0 0 1 0 0 0 0 0 0 2 0 0 0 0 0 0 0 0 2 0 0 0 0 0 0 0 0 1 0 2 0 0 0 1 0 1 0 0 0 0 0 1 0 0 0 0 0 0 0 0 0 0 1 0 0 0 0 0 0 0 1 0
geno chr20.62110277 yri  0 0 0 0 0 0 0 0 0 0 0 0 0 0 0 0 0 0 0 0 0 0 0 0 0 0 0 0 0 0 0 0 0 0 0 0 0 0 0 0 0 0 0 0 0 0 0 0 0 0 0 0 0 0 0 0 0 0 0 0 0 0 0 0 0 0 0 0 0 0 0 0 0 0 0 0 0
geno chr20.62110967 ceu  2 0 1 1 1 0 1 0 0 0 0 1 1 0 1 0 0 0 0 1 1 1 0 0 0 1 0 0 0 0 0 1 0 0 1 1 1 0 0 0 0 1 1 2 0 0 0 1 0 0 1 0 1 0 0 0 0 1 1 0 0 0 0 0 1 1 0 1 0 1 0 1 1 1 1 0 0 1
geno chr20.62110967 fin  1 0 0 1 0 0 0 1 0 0 1 0 0 0 0 0 1 0 0 0 0 0 0 0 0 0 1 0 0 1 0 0 1 1 0 1 0 0 0 0 0 1 0 0 0 0 0 1 0 0 2 1 0 1 1 0 0 0 1 1 0 0 2 1 0 0 0 0 0 2 0 0 0 1 0 1 1 0 0 0 0 0 1 1 1 1 0 0 1
geno chr20.62110967 gbr  0 1 0 0 0 0 1 0 0 0 0 0 1 1 1 2 0 2 0 0 0 0 1 0 1 0 0 1 0 1 0 1 0 0 0 0 1 0 0 2 2 1 0 0 0 0 0 0 0 0 0 1 0 1 0 0 0 0 0 0 0 0 0 0 1 0 0 0 1 0 1 0 0 0 0 1 0 0 1 0 1 0 0 0
geno chr20.62110967 tsi  1 0 1 2 0 0 1 1 1 1 0 0 1 0 0 0 0 1 0 0 1 0 0 0 1 0 0 1 0 0 0 2 0 0 0 2 0 0 0 0 0 1 0 0 1 1 0 1 0 0 0 0 1 0 0 0 0 0 0 0 0 0 1 1 0 0 1 1 0 0 0 0 1 0 1 0 0 0 1 0 2 0 0 1 0 1 0 1 0 0 0 0
geno chr20.62110967 yri  0 1 0 0 0 0 0 0 0 0 0 0 0 1 0 0 0 0 0 0 0 0 0 0 0 1 0 0 0 1 0 0 0 0 0 0 1 0 0 0 0 0 0 0 0 0 0 0 0 0 0 0 0 0 0 0 0 0 0 0 0 0 0 0 0 1 0 0 0 0 1 0 0 0 0 0 0
geno chr20.62111451 ceu  0 0 0 1 0 0 0 0 0 0 0 1 0 0 0 0 0 0 0 0 0 0 0 0 0 0 0 0 0 0 0 0 0 0 0 0 0 0 0 0 0 0 0 0 0 0 0 0 0 0 1 0 0 0 0 0 0 0 0 1 0 0 0 0 0 0 0 0 0 0 0 0 0 1 0 0 0 0
geno chr20.62111451 fin  0 0 1 0 0 0 0 0 0 0 0 0 0 0 0 1 0 0 0 0 0 0 0 0 0 0 0 0 0 0 0 0 0 0 0 0 0 0 0 0 0 0 0 0 0 0 0 0 0 0 0 0 0 0 0 0 0 0 0 0 0 0 0 0 0 0 0 0 0 0 0 1 0 0 0 0 0 0 1 0 0 0 0 0 0 0 0 0 0
geno chr20.62111451 gbr  0 0 0 0 0 0 0 0 0 0 0 1 0 0 0 0 0 0 0 0 0 0 0 0 0 0 0 0 0 0 0 0 0 0 0 0 0 0 0 0 0 0 0 0 1 0 0 1 0 0 0 0 1 0 0 0 0 1 0 0 0 0 1 0 0 0 0 0 0 0 0 0 0 0 0 0 0 0 0 0 0 0 0 0
geno chr20.62111451 tsi  0 0 0 0 0 0 0 0 0 0 0 0 0 0 0 1 0 0 0 0 0 0 0 0 0 1 0 0 0 0 0 0 0 1 0 0 0 0 1 0 0 0 0 0 0 0 0 0 0 0 0 0 0 0 0 0 0 0 0 0 0 1 0 0 0 1 0 0 0 0 1 0 0 1 0 0 0 0 0 0 0 0 0 0 0 0 0 0 0 0 0 0
geno chr20.62111451 yri  1 0 1 1 0 0 0 0 2 1 0 1 1 0 1 0 0 0 0 0 0 1 0 1 0 0 0 0 1 1 0 0 0 0 1 1 1 1 1 1 0 0 0 1 0 1 0 0 0 0 0 0 1 1 1 1 0 0 0 0 0 0 0 0 0 0 1 0 0 0 0 0 0 1 0 0 0
geno chr20.62111572 ceu  2 2 2 2 2 1 2 2 2 2 2 2 2 1 2 2 2 1 2 2 2 2 2 2 1 2 2 2 2 2 1 2 2 1 2 2 2 2 2 2 2 2 2 2 2 1 2 2 2 2 2 2 2 2 2 2 2 2 2 2 2 1 2 2 2 2 2 2 1 2 2 2 2 2 2 2 1 2
geno chr20.62111572 fin  1 2 1 2 2 2 2 2 1 2 2 2 2 1 2 2 2 2 2 1 1 2 2 1 2 2 1 2 2 2 1 2 1 2 2 2 2 2 2 2 2 2 2 2 2 2 2 2 2 2 2 2 2 2 2 2 2 2 2 2 2 2 2 2 2 2 2 2 2 2 2 2 2 2 1 2 2 2 2 2 2 1 2 2 2 1 2 2 2
geno chr20.62111572 gbr  2 2 2 1 2 2 2 2 2 2 2 2 2 2 2 2 2 2 2 2 2 2 2 2 2 1 2 2 2 2 2 2 2 2 2 1 1 2 2 2 2 2 2 2 1 2 2 2 2 2 2 2 2 2 2 2 2 2 2 2 2 2 2 2 2 2 2 2 1 2 2 2 2 2 2 2 2 2 2 2 2 2 2 2
geno chr20.62111572 tsi  2 2 2 2 2 2 2 2 2 2 2 2 2 2 2 2 2 2 2 2 2 2 2 2 2 2 2 2 2 2 2 2 2 2 2 2 2 2 2 2 1 2 2 2 2 1 1 2 2 2 2 2 2 2 2 2 2 2 2 2 2 1 2 2 2 2 2 2 2 2 1 1 2 2 2 2 2 2 2 2 2 2 2 2 2 2 2 2 2 2 2 2
geno chr20.62111572 yri  2 2 2 2 2 1 2 2 2 2 2 2 2 2 2 2 2 2 2 2 2 2 2 2 2 2 2 2 2 2 2 2 2 2 2 2 2 2 2 2 2 2 2 1 2 2 2 2 2 2 2 2 2 2 2 2 2 2 2 2 2 0 2 2 2 2 2 2 1 2 2 2 2 2 2 2 2
geno chr20.62112082 ceu  0 0 0 0 0 0 0 0 0 0 0 0 0 0 0 0 0 0 0 0 0 0 0 0 0 0 0 0 0 0 0 0 0 0 0 0 0 0 0 0 0 0 0 0 0 0 0 0 0 0 0 0 0 0 0 0 0 0 0 0 0 0 0 0 0 0 0 0 0 0 0 0 0 0 0 0 0 0
geno chr20.62112082 fin  0 0 0 0 0 0 0 0 0 0 0 0 0 0 0 0 0 0 0 0 0 0 0 0 0 0 0 0 0 0 0 0 0 0 0 0 0 0 0 0 0 0 0 0 0 0 0 0 0 0 0 0 0 0 0 0 0 0 0 0 0 0 0 0 0 0 0 0 0 0 0 0 0 0 0 0 0 0 0 0 0 0 0 0 0 0 0 0 0
geno chr20.62112082 gbr  0 0 0 0 0 0 0 0 0 0 0 0 0 0 0 0 0 0 0 0 0 0 0 0 0 0 0 0 0 0 0 0 0 0 0 0 0 0 0 0 0 0 0 0 0 0 0 0 0 0 0 0 0 0 0 0 0 0 0 0 0 0 0 0 0 0 0 0 0 0 0 0 0 0 0 0 0 0 0 0 0 0 0 0
geno chr20.62112082 tsi  0 0 0 0 0 0 0 0 0 0 0 0 0 0 0 0 0 0 0 0 0 0 0 0 0 0 0 0 0 0 0 0 0 0 0 0 0 0 0 0 0 0 0 0 0 0 0 0 0 0 0 0 0 0 0 0 0 0 0 0 0 0 0 0 0 0 0 0 0 0 0 0 0 0 0 0 0 0 0 0 0 0 0 0 0 0 0 0 0 0 0 0
geno chr20.62112082 yri  0 0 1 1 0 0 1 0 1 0 1 0 0 0 0 1 2 1 1 2 1 0 0 0 0 0 2 0 0 0 2 1 0 0 1 1 0 0 0 1 1 1 1 0 1 0 0 0 0 2 1 0 0 2 0 0 1 1 1 0 2 1 1 0 1 0 0 0 1 1 1 0 1 0 1 0 1
geno chr20.62112099 ceu  2 2 2 2 2 1 2 2 2 2 2 1 2 1 2 2 2 1 2 2 2 2 2 2 1 2 2 2 2 2 1 2 2 1 2 2 2 2 2 2 2 2 2 2 2 1 2 2 2 2 2 2 2 2 2 2 2 2 2 2 2 1 2 2 2 2 2 2 1 2 2 2 2 2 2 2 1 2
geno chr20.62112099 fin  1 2 1 2 2 2 2 2 1 2 2 2 2 1 2 0 2 2 2 1 1 2 2 1 2 2 1 2 2 2 1 2 1 2 2 2 2 2 2 2 2 2 2 2 2 2 2 2 2 2 2 2 2 2 2 2 2 2 2 2 2 2 2 2 2 2 2 2 2 1 2 2 2 2 1 2 2 2 2 2 2 1 1 2 2 1 2 2 2
geno chr20.62112099 gbr  2 2 2 1 2 2 2 2 2 2 2 2 2 2 2 2 2 2 2 2 2 2 2 2 2 1 2 2 2 2 2 2 2 2 2 1 1 2 2 2 2 2 2 2 1 2 2 2 2 2 2 2 1 2 2 1 2 1 1 2 2 2 2 2 2 2 2 2 1 2 2 2 2 2 2 2 1 2 2 2 2 2 2 2
geno chr20.62112099 tsi  2 2 2 2 2 2 2 2 2 2 2 2 2 2 2 2 2 2 2 2 2 2 2 2 2 2 2 2 2 2 2 2 2 2 2 2 2 2 2 2 2 2 2 2 2 1 1 2 2 2 2 2 2 2 2 2 2 2 2 2 2 2 2 2 2 2 2 2 2 2 2 1 2 2 2 2 2 2 2 2 2 2 2 2 2 2 2 2 2 2 2 2
geno chr20.62112099 yri  2 2 2 2 2 1 2 2 2 2 2 2 2 1 2 2 2 2 2 2 2 2 2 2 2 2 2 2 2 2 2 2 2 2 2 2 2 2 2 2 2 2 2 1 2 2 2 2 2 2 2 2 2 2 2 2 2 2 1 2 2 1 2 2 2 1 2 2 1 2 2 2 2 2 2 2 2
geno chr20.62113220 ceu  2 0 0 0 1 0 1 1 1 1 0 0 0 0 1 2 1 1 1 1 0 0 1 2 1 0 2 1 0 0 0 1 1 1 1 0 0 1 1 0 0 1 1 0 2 1 0 0 0 0 1 1 1 2 1 1 1 1 2 0 2 0 1 1 1 1 1 0 1 1 0 1 0 0 2 1 0 1
geno chr20.62113220 fin  0 0 1 1 0 0 0 2 1 0 1 1 1 0 1 0 1 1 0 1 0 1 1 1 0 1 0 1 0 0 0 0 0 0 0 1 1 2 0 0 1 2 1 1 0 1 1 0 0 0 1 0 1 1 1 1 0 0 1 1 2 0 0 1 0 0 1 2 1 1 1 0 0 0 2 1 0 0 1 1 0 0 0 0 0 1 0 1 0
geno chr20.62113220 gbr  0 1 2 1 1 1 0 1 0 1 2 0 0 0 1 0 1 0 0 1 0 1 0 0 0 2 1 0 1 0 0 0 0 1 1 2 0 0 0 0 0 0 2 1 0 0 1 0 0 0 1 2 0 1 1 0 0 0 0 0 1 2 0 0 1 0 0 1 1 0 1 0 0 0 1 0 1 1 1 1 0 0 0 0
geno chr20.62113220 tsi  0 2 0 0 0 1 1 0 1 1 1 0 1 2 1 0 0 1 1 1 2 0 0 1 1 1 2 2 1 0 0 1 1 1 0 1 1 0 0 2 1 0 1 0 1 1 1 0 2 2 0 0 0 0 0 1 1 2 0 2 0 0 2 1 0 1 0 1 2 0 0 2 1 0 1 0 0 0 1 1 1 1 1 1 1 1 1 1 1 0 1 0
geno chr20.62113220 yri  0 0 0 0 0 0 0 0 0 0 0 0 0 0 0 0 0 0 0 0 0 0 0 0 0 0 0 0 0 0 0 0 0 0 0 0 0 0 0 0 0 0 0 0 0 0 0 0 0 0 0 0 0 0 0 0 0 0 0 0 0 0 0 0 0 0 0 0 0 0 0 0 0 0 0 0 0
geno chr20.62113398 ceu  2 0 0 0 1 0 1 1 1 1 0 0 0 0 1 2 1 1 1 1 0 0 1 2 1 0 2 1 0 0 0 1 1 1 1 0 0 1 1 0 0 1 1 0 2 1 0 0 0 0 1 1 1 2 1 1 1 1 2 0 2 0 1 1 1 1 1 0 1 1 0 1 0 0 2 1 0 1
geno chr20.62113398 fin  0 0 1 1 0 0 0 2 1 0 1 1 1 0 1 0 1 1 0 1 0 1 1 1 0 1 0 1 0 0 0 0 0 0 0 1 1 2 0 0 1 2 1 1 0 1 1 0 0 0 1 0 1 1 1 1 0 0 1 1 2 0 0 1 0 0 2 2 1 1 2 0 0 0 2 1 0 0 1 1 0 0 0 0 0 1 0 1 0
geno chr20.62113398 gbr  0 1 2 1 1 1 0 1 0 1 2 0 0 0 1 0 1 0 0 1 0 1 0 0 0 2 1 0 1 0 0 0 0 1 1 2 0 0 0 0 0 0 2 1 0 0 1 0 0 0 1 2 0 1 1 0 0 0 0 0 1 2 0 0 1 0 0 1 1 0 1 0 0 0 1 0 1 1 1 1 0 0 0 0
geno chr20.62113398 tsi  0 2 0 0 0 1 1 0 1 1 1 0 1 2 1 0 0 1 1 1 2 0 0 1 1 1 2 2 1 0 0 1 1 1 0 1 1 0 0 2 1 0 1 0 1 1 1 0 2 2 0 0 0 0 0 1 1 2 0 2 0 0 2 1 0 1 0 1 2 0 0 2 1 0 1 0 0 0 1 1 1 1 1 1 1 1 1 1 1 0 1 0
geno chr20.62113398 yri  0 0 0 0 0 0 0 0 0 0 0 0 0 0 0 0 0 0 0 0 0 0 0 0 0 0 0 0 0 0 0 0 0 0 0 0 0 0 0 0 0 0 0 0 0 0 0 0 0 0 0 0 0 0 0 0 0 0 0 0 0 0 0 0 0 0 0 0 0 0 0 0 0 0 0 0 0
geno chr20.62114527 ceu  0 0 0 0 0 0 0 0 0 0 1 0 0 0 0 0 0 0 0 0 0 0 0 0 0 0 0 0 1 1 0 0 0 0 0 0 0 0 0 0 0 0 0 0 0 0 0 0 0 1 1 0 0 0 0 0 0 0 0 0 0 0 0 0 0 1 1 0 0 0 0 0 0 0 0 1 0 0
geno chr20.62114527 fin  0 0 0 0 0 0 0 0 0 0 0 0 0 0 0 0 0 0 0 0 0 0 1 0 0 0 0 0 0 0 0 0 0 0 0 0 0 0 0 0 1 0 0 0 0 0 0 0 0 0 0 0 0 0 0 0 0 0 0 0 0 0 0 0 0 0 0 0 0 0 0 0 0 1 0 0 0 0 0 0 0 0 0 0 0 0 0 0 0
geno chr20.62114527 gbr  0 0 0 0 0 1 0 0 0 0 0 0 0 0 0 0 0 0 0 0 0 0 0 0 0 0 0 0 0 1 0 0 1 0 0 0 0 0 0 0 0 1 0 0 1 0 1 0 0 0 1 0 0 0 0 0 0 0 0 0 0 0 0 0 0 0 0 0 0 1 0 0 0 0 0 0 0 0 0 0 0 0 0 0
geno chr20.62114527 tsi  0 0 0 0 0 0 0 0 0 0 1 0 0 0 0 0 0 0 0 0 0 0 0 0 0 0 0 0 0 0 1 0 1 0 0 0 0 0 1 0 0 0 0 0 0 0 0 0 0 0 0 0 0 0 0 0 0 0 0 0 1 0 0 0 0 0 0 0 0 0 0 0 0 0 0 1 0 0 0 0 0 1 0 0 0 0 0 0 0 0 0 0
geno chr20.62114527 yri  0 0 0 0 0 0 0 0 0 0 0 0 0 0 0 0 0 0 0 0 0 0 0 0 0 0 0 0 0 0 0 0 0 0 0 0 0 0 0 0 0 0 0 0 0 0 0 0 0 0 0 0 0 0 0 0 0 0 0 0 0 0 0 0 0 0 0 0 0 0 0 0 0 0 0 0 0
geno chr20.62114614 ceu  0 0 1 1 0 0 0 0 0 0 0 1 0 0 1 0 0 0 0 1 1 1 0 0 0 1 0 0 0 0 0 1 0 0 1 1 1 0 0 0 0 0 1 2 0 1 0 1 0 0 0 0 1 0 0 0 0 1 0 0 0 0 0 0 1 0 0 1 0 0 0 0 1 0 0 0 0 1
geno chr20.62114614 fin  1 1 0 1 0 0 0 0 0 0 1 0 0 1 1 0 0 0 1 1 0 0 0 0 0 0 0 1 0 1 1 0 1 1 0 0 0 0 0 0 0 0 0 0 0 0 0 1 0 0 1 1 0 1 1 0 1 2 1 1 0 0 2 0 0 1 0 0 0 0 0 0 1 1 0 1 1 0 0 0 0 0 0 0 1 0 1 0 2
geno chr20.62114614 gbr  0 0 0 0 0 0 1 0 0 0 0 0 1 1 1 2 0 2 0 0 1 0 1 0 1 0 1 1 0 1 0 1 0 0 0 0 0 0 0 2 2 1 0 0 0 0 0 0 0 0 0 0 0 1 0 0 0 0 0 0 0 0 0 0 1 0 0 0 1 0 1 0 0 0 0 1 0 0 0 0 1 0 0 1
geno chr20.62114614 tsi  1 0 1 2 1 0 0 1 0 1 0 0 0 0 0 0 0 0 0 0 0 0 0 0 1 0 0 0 0 0 0 1 0 0 0 1 0 0 0 0 0 1 0 0 0 1 0 1 0 0 0 0 1 0 0 0 0 0 0 0 0 0 0 1 0 0 1 0 0 0 0 0 0 0 0 0 0 0 1 0 1 0 0 0 0 0 0 0 0 0 0 0
geno chr20.62114614 yri  0 0 0 0 0 0 0 0 0 0 0 0 0 0 0 0 0 0 0 0 0 0 0 0 0 0 0 0 0 0 0 0 0 0 0 0 0 0 0 0 0 0 0 0 0 0 0 0 0 0 0 0 0 0 0 0 0 0 0 0 0 0 0 0 0 0 0 0 0 0 0 0 0 0 0 0 0
geno chr20.62114773 ceu  0 0 0 1 0 0 0 0 0 0 0 0 0 0 0 0 0 0 0 0 0 0 0 0 0 0 0 0 0 0 0 0 0 0 0 0 0 0 0 0 0 0 0 0 0 0 0 0 0 0 0 0 0 0 0 0 0 0 0 1 0 0 0 0 0 0 0 0 0 0 0 0 0 1 0 0 0 0
geno chr20.62114773 fin  0 0 0 0 0 0 0 0 0 0 0 0 0 0 0 0 0 0 0 0 0 0 0 0 0 0 0 0 0 0 0 0 0 0 0 0 0 0 0 0 0 0 0 0 0 0 0 0 0 0 0 0 0 0 0 0 0 0 0 0 0 0 0 0 0 0 0 0 0 0 0 1 0 0 0 0 0 0 0 0 0 0 0 0 0 0 0 0 0
geno chr20.62114773 gbr  0 0 0 0 0 0 0 0 0 0 0 0 0 0 0 0 0 0 0 0 0 0 0 0 0 0 0 0 0 0 0 0 0 0 0 0 0 0 0 0 0 0 0 0 0 0 0 1 0 0 0 0 0 0 0 0 0 0 0 0 0 0 0 0 0 0 0 0 0 0 0 0 0 0 0 0 0 0 0 0 0 0 0 0
geno chr20.62114773 tsi  0 0 0 0 0 0 0 0 0 0 0 0 0 0 0 0 0 0 0 0 0 0 0 0 0 1 0 0 0 0 0 0 0 1 0 0 0 0 1 0 0 0 0 0 0 0 0 0 0 0 0 0 0 0 0 0 0 0 0 0 0 0 0 0 0 1 0 0 0 0 0 0 0 1 0 0 0 0 0 0 0 0 0 0 0 0 0 0 0 0 0 0
geno chr20.62114773 yri  1 0 1 2 0 1 0 0 1 0 0 0 0 0 0 0 1 0 0 0 0 1 0 1 0 1 0 0 1 0 0 0 0 0 0 1 0 0 1 1 0 0 0 1 0 1 0 0 1 0 1 0 1 0 0 1 0 0 1 0 2 1 0 0 1 0 1 0 1 0 0 0 0 1 0 0 0
geno chr20.62114874 ceu  0 1 2 1 1 1 0 0 0 0 1 1 2 0 1 0 1 1 1 1 2 1 0 0 0 1 0 1 2 1 1 1 1 0 1 1 1 1 1 0 1 0 1 2 0 1 0 2 2 2 1 0 1 0 0 0 1 1 0 0 0 1 0 1 1 1 1 1 0 0 0 1 1 0 0 1 1 1
geno chr20.62114874 fin  1 2 0 1 1 1 1 0 1 2 1 1 0 1 1 0 1 0 1 1 0 0 1 1 1 1 0 1 0 1 2 1 1 1 1 0 1 0 1 0 1 0 1 1 0 1 1 2 1 1 1 1 1 1 1 0 1 2 1 1 0 2 2 1 0 2 0 0 0 0 0 0 1 2 0 1 1 0 0 0 1 0 2 0 1 0 1 0 2
geno chr20.62114874 gbr  1 1 0 0 0 1 1 1 2 0 0 0 1 2 1 2 0 2 1 0 2 1 1 1 2 0 1 1 1 2 2 1 2 1 0 0 0 1 0 2 2 2 0 1 1 1 1 1 1 1 1 0 1 1 0 0 2 1 0 2 1 0 1 0 1 1 2 0 1 2 1 2 0 0 0 1 0 1 1 1 2 0 0 1
geno chr20.62114874 tsi  2 0 1 2 2 1 1 1 1 1 1 0 0 0 1 0 1 0 0 0 0 2 2 1 1 0 0 0 0 1 2 1 1 0 2 1 0 1 1 0 0 2 0 0 1 1 0 2 0 0 1 1 2 1 1 1 0 0 1 0 2 2 0 1 0 0 1 0 0 0 2 0 1 0 0 2 1 0 1 1 1 1 0 0 0 1 1 0 0 1 1 2
geno chr20.62114874 yri  1 1 0 0 2 1 1 0 0 1 1 1 0 0 1 0 0 0 1 0 0 0 0 1 1 0 0 1 0 0 0 0 1 2 1 0 1 2 0 0 1 0 1 0 0 1 0 2 0 0 0 0 0 0 2 1 0 0 0 0 0 0 0 0 0 1 1 1 0 0 0 1 0 1 0 0 1
geno chr20.62114980 ceu  0 0 1 1 0 0 0 0 0 0 0 1 0 0 1 0 0 0 0 1 1 1 0 0 0 1 0 0 0 0 0 1 0 0 1 1 1 0 0 0 0 0 1 2 0 1 0 1 0 0 0 0 1 0 0 0 0 1 0 0 0 0 0 0 1 0 0 1 0 0 0 0 1 0 0 0 0 1
geno chr20.62114980 fin  1 1 0 1 0 0 0 0 0 0 1 0 0 1 1 0 0 0 1 1 0 0 0 0 0 0 0 1 0 1 1 0 1 1 0 0 0 0 0 0 0 0 0 0 0 0 0 1 0 0 1 1 0 1 1 0 1 2 1 1 0 0 2 0 0 1 0 0 0 0 0 0 1 1 0 1 1 0 0 0 0 0 0 0 1 0 1 0 2
geno chr20.62114980 gbr  0 0 0 0 0 0 1 0 0 0 0 0 1 1 1 2 0 2 0 0 1 0 1 0 1 0 1 1 0 1 0 1 0 0 0 0 0 0 0 2 2 1 0 0 0 0 0 0 0 0 0 0 0 1 0 0 0 0 0 0 0 0 0 0 1 0 0 0 1 0 1 0 0 0 0 1 0 0 0 0 1 0 0 1
geno chr20.62114980 tsi  1 0 1 2 1 0 0 1 0 1 0 0 0 0 0 0 0 0 0 0 0 0 0 0 1 0 0 0 0 0 0 1 0 0 0 1 0 0 0 0 0 1 0 0 0 1 0 1 0 0 0 0 1 0 0 0 0 0 0 0 0 0 0 1 0 0 1 0 0 0 0 0 0 0 0 0 0 0 1 0 1 0 0 0 0 0 0 0 0 0 0 0
geno chr20.62114980 yri  0 0 0 0 0 0 0 0 0 0 0 0 0 0 0 0 0 0 0 0 0 0 0 0 0 0 0 0 0 0 0 0 0 0 0 0 0 0 0 0 0 0 0 0 0 0 0 0 0 0 0 0 0 0 0 0 0 0 0 0 0 0 0 0 0 0 0 0 0 0 0 0 0 0 0 0 0
geno chr20.62115004 ceu  0 1 0 0 0 0 1 1 1 1 0 1 0 1 0 0 0 0 0 0 0 0 0 0 0 1 0 0 0 0 0 0 0 0 0 1 1 0 0 1 0 1 0 0 0 0 2 0 0 0 0 0 0 0 0 1 0 0 0 1 0 0 1 0 0 0 0 1 1 0 1 0 0 1 0 0 0 0
geno chr20.62115004 fin  0 0 0 0 1 0 0 0 0 0 0 0 0 0 0 1 0 1 1 0 1 1 0 0 0 0 1 0 2 0 0 0 0 0 1 0 0 0 0 1 0 0 0 0 1 0 0 0 1 0 0 1 0 0 0 0 0 0 0 0 0 0 0 0 1 0 0 0 1 0 0 1 0 0 0 0 1 1 1 0 1 1 0 1 0 1 0 0 0
geno chr20.62115004 gbr  1 0 0 0 1 0 1 0 0 1 0 1 1 0 0 0 0 0 0 0 0 0 1 0 0 0 0 0 0 0 0 1 0 0 0 0 1 0 2 0 0 0 0 0 0 1 0 0 1 0 0 0 1 0 0 1 0 1 0 0 0 0 1 1 0 1 0 1 0 0 0 0 1 1 1 0 0 0 0 0 0 0 2 0
geno chr20.62115004 tsi  0 0 0 0 0 0 0 1 0 0 0 0 1 0 0 1 1 1 0 1 0 0 0 0 0 0 0 0 0 1 0 0 0 0 0 0 0 0 0 0 0 0 0 1 0 0 0 0 0 0 0 0 0 1 1 0 1 0 1 0 0 0 0 0 0 0 0 0 0 1 0 0 0 0 0 0 1 0 0 0 0 0 1 0 1 0 0 1 1 0 0 0
geno chr20.62115004 yri  0 0 0 0 0 0 0 0 0 1 0 0 0 0 0 1 0 0 0 0 0 1 0 0 0 0 0 0 0 0 0 0 0 0 0 0 0 0 0 0 0 0 0 0 0 0 0 0 0 0 0 0 0 0 0 0 0 0 0 0 0 0 0 0 0 0 0 0 0 0 0 0 1 0 0 0 0
geno chr20.62115005 ceu  0 0 0 0 0 0 1 0 1 0 0 0 0 0 0 1 0 0 0 1 0 0 1 2 0 0 1 1 0 0 0 1 1 1 1 0 0 1 0 0 0 0 0 0 2 1 0 0 0 0 0 1 1 1 1 1 1 1 1 0 1 0 0 1 0 0 1 0 0 0 0 0 0 0 1 0 0 1
geno chr20.62115005 fin  0 0 0 0 0 0 0 0 0 0 0 1 0 0 1 0 0 1 0 0 0 1 0 0 0 0 0 1 0 0 0 0 0 0 0 0 1 1 0 0 0 1 0 0 0 1 1 0 0 0 0 0 1 0 1 0 0 0 1 1 2 0 0 0 0 0 1 1 0 0 1 0 0 0 0 0 0 0 0 0 0 0 0 0 0 0 0 0 0
geno chr20.62115005 gbr  0 0 2 1 0 1 0 1 0 1 2 0 0 0 1 0 0 0 0 0 0 1 0 0 0 0 0 0 1 0 0 0 0 1 0 1 0 0 0 0 0 0 2 1 0 0 1 0 0 0 1 1 0 1 1 0 0 0 0 0 1 0 0 0 0 0 0 0 0 0 1 0 0 0 1 0 1 1 1 1 0 0 0 0
geno chr20.62115005 tsi  0 2 0 0 0 0 0 0 0 1 1 0 0 1 1 0 0 0 1 0 1 0 0 1 1 0 2 1 1 0 0 1 1 1 0 1 1 0 0 0 1 0 1 0 1 0 1 0 0 2 0 0 0 0 0 1 1 1 0 0 0 0 0 1 0 1 0 0 1 0 0 1 0 0 0 0 0 0 1 1 0 1 0 0 1 0 1 0 1 0 1 0
geno chr20.62115005 yri  0 0 0 0 0 0 0 0 0 0 0 0 0 0 0 0 0 0 0 0 0 0 0 0 0 0 0 0 0 0 0 0 0 0 0 0 0 0 0 0 0 0 0 0 0 0 0 0 0 0 0 0 0 0 0 0 0 0 0 0 0 0 0 0 0 0 0 0 0 0 0 0 0 0 0 0 0
geno chr20.62115009 ceu  2 0 0 0 1 0 0 1 0 1 0 0 0 0 1 1 1 1 1 0 0 0 0 0 1 0 1 0 0 0 0 0 0 0 0 0 0 0 1 0 0 1 1 0 0 0 0 0 0 0 1 0 0 1 0 0 0 0 1 0 1 0 1 0 1 1 0 0 1 1 0 1 0 0 1 1 0 0
geno chr20.62115009 fin  0 0 1 1 0 0 0 2 1 0 1 0 1 0 0 0 1 0 0 1 0 0 1 1 0 1 0 0 0 0 0 0 0 0 0 1 0 1 0 0 1 1 1 1 0 0 0 0 0 0 1 0 0 1 0 1 0 0 0 0 0 0 0 1 0 0 1 1 1 1 1 0 0 0 2 1 0 0 1 1 0 0 0 0 0 1 0 1 0
geno chr20.62115009 gbr  0 1 0 0 1 0 0 0 0 0 0 0 0 0 0 0 1 0 0 1 0 0 0 0 0 2 1 0 0 0 0 0 0 0 1 1 0 0 0 0 0 0 0 0 0 0 0 0 0 0 0 1 0 0 0 0 0 0 0 0 0 2 0 0 1 0 0 1 1 0 0 0 0 0 0 0 0 0 0 0 0 0 0 0
geno chr20.62115009 tsi  0 0 0 0 0 1 1 0 1 0 0 0 1 1 0 0 0 1 0 1 1 0 0 0 0 1 0 1 0 0 0 0 0 0 0 0 0 0 0 2 0 0 0 0 0 1 0 0 2 0 0 0 0 0 0 0 0 1 0 2 0 0 2 0 0 0 0 1 1 0 0 1 1 0 1 0 0 0 0 0 1 0 1 1 0 1 0 1 0 0 0 0
geno chr20.62115009 yri  0 0 0 0 0 0 0 0 0 0 0 0 0 0 0 0 0 0 0 0 0 0 0 0 0 0 0 0 0 0 0 0 0 0 0 0 0 0 0 0 0 0 0 0 0 1 0 0 0 0 0 0 0 0 0 0 0 0 0 0 0 0 0 0 0 0 0 0 0 0 0 0 0 0 0 0 0
geno chr20.62115386 ceu  2 0 0 0 1 0 1 1 1 1 0 0 0 0 1 2 1 1 1 1 0 0 1 2 1 0 2 1 0 0 0 1 1 1 1 0 0 1 1 0 0 1 1 0 2 1 0 0 0 0 1 1 1 2 1 1 1 1 2 0 2 0 1 1 1 1 1 0 1 1 0 1 0 0 2 1 0 1
geno chr20.62115386 fin  0 0 1 1 0 0 0 2 1 0 1 1 1 0 1 0 1 1 0 1 0 1 1 1 0 1 0 1 0 0 0 0 0 0 0 1 1 2 0 0 1 2 1 1 0 1 1 0 0 0 1 0 1 1 1 1 0 0 1 1 2 0 0 1 0 0 2 2 1 1 2 0 0 0 2 1 0 0 1 1 0 0 0 0 0 1 0 1 0
geno chr20.62115386 gbr  0 1 2 1 1 1 0 1 0 1 2 0 0 0 1 0 1 0 0 1 0 1 0 0 0 2 1 0 1 0 0 0 0 1 1 2 0 0 0 0 0 0 2 1 0 0 1 0 0 0 1 2 0 1 1 0 0 0 0 0 1 2 0 0 1 0 0 1 1 0 1 0 0 0 1 0 1 1 1 1 0 0 0 0
geno chr20.62115386 tsi  0 2 0 0 0 1 1 0 1 1 1 0 1 2 1 0 0 1 1 1 2 0 0 1 1 1 2 2 1 0 0 1 1 1 0 1 1 0 0 2 1 0 1 0 1 1 1 0 2 2 0 0 0 0 0 1 1 2 0 2 0 0 2 1 0 1 0 1 2 0 0 2 1 0 1 0 0 0 1 1 1 1 1 1 1 1 1 1 1 0 1 0
geno chr20.62115386 yri  0 0 0 0 0 0 0 0 0 0 0 0 0 0 0 0 0 0 0 0 0 0 0 0 0 0 0 0 0 0 0 0 0 0 0 0 0 0 0 0 0 0 0 0 0 0 0 0 0 0 0 0 0 0 0 0 0 0 0 0 0 0 0 0 0 0 0 0 0 0 0 0 0 0 0 0 0
geno chr20.62115630 ceu  0 0 1 1 0 0 0 0 0 0 0 1 0 0 1 0 0 0 0 1 1 1 0 0 0 1 0 0 0 0 0 1 0 0 1 1 1 0 0 0 0 0 1 2 0 1 0 1 0 0 0 0 1 0 0 0 0 1 0 0 0 0 0 0 1 0 0 1 0 0 0 0 1 0 0 0 0 1
geno chr20.62115630 fin  1 1 0 1 0 0 0 0 0 0 1 0 0 1 1 0 0 0 1 1 0 0 0 0 0 0 0 1 0 1 1 0 1 1 0 0 0 0 0 0 0 0 0 0 0 0 0 1 0 0 1 1 0 1 1 0 1 2 1 1 0 0 2 0 0 1 0 0 0 0 0 0 1 1 0 1 1 0 0 0 0 0 0 0 1 0 1 0 2
geno chr20.62115630 gbr  0 0 0 0 0 0 1 0 0 0 0 0 1 1 1 2 0 2 0 0 1 0 1 0 1 0 1 1 0 1 0 1 0 0 0 0 0 0 0 2 2 1 0 0 0 0 0 0 0 0 0 0 0 1 0 0 0 0 0 0 0 0 0 0 1 0 0 0 1 0 1 0 0 0 0 1 0 0 0 0 1 0 0 1
geno chr20.62115630 tsi  1 0 1 2 1 0 0 1 0 1 0 0 0 0 0 0 0 0 0 0 0 0 0 0 1 0 0 0 0 0 0 1 0 0 0 1 0 0 0 0 0 1 0 0 0 1 0 1 0 0 0 0 1 0 0 0 0 0 0 0 0 0 0 1 0 0 1 0 0 0 0 0 0 0 0 0 0 0 1 0 1 0 0 0 0 0 0 0 0 0 0 0
geno chr20.62115630 yri  0 0 0 0 0 0 0 0 0 0 0 0 0 0 0 0 0 0 0 0 0 0 0 0 0 0 0 0 0 0 0 0 0 0 0 0 0 0 0 0 0 0 0 0 0 0 0 0 0 0 0 0 0 0 0 0 0 0 0 0 0 0 0 0 0 0 0 0 0 0 0 0 0 0 0 0 0
geno chr20.62115643 ceu  2 2 2 2 2 1 2 2 2 2 1 1 2 0 2 2 2 2 2 2 2 1 1 2 1 2 2 2 2 1 1 2 2 1 2 2 2 2 2 1 1 2 2 2 2 2 2 2 2 2 2 1 2 2 1 2 2 2 2 2 2 1 2 2 2 2 2 2 2 1 1 2 1 2 2 2 1 2
geno chr20.62115643 fin  1 2 2 2 2 2 1 2 2 2 2 2 1 1 2 0 2 2 2 2 1 2 2 2 1 2 1 2 2 1 2 1 1 1 2 1 2 2 1 1 2 2 2 2 1 2 2 2 2 1 2 2 2 2 2 1 2 2 2 2 2 2 2 2 1 2 2 2 2 2 2 2 1 2 2 2 2 1 2 1 2 1 2 1 1 2 1 1 2
geno chr20.62115643 gbr  1 2 2 1 2 2 2 2 2 2 2 1 2 2 2 2 1 2 1 1 2 2 2 1 2 2 2 1 2 2 2 2 2 2 1 2 1 1 2 2 2 2 2 2 1 2 2 2 2 1 2 2 1 2 1 1 2 1 1 2 2 2 1 1 2 2 2 2 2 2 2 2 1 1 2 1 2 2 2 2 2 0 2 1
geno chr20.62115643 tsi  2 2 1 2 2 2 2 2 2 2 2 0 2 2 2 0 2 2 2 2 2 2 2 2 2 2 2 2 1 2 2 2 2 2 2 2 1 1 2 2 1 2 1 1 2 2 1 2 2 2 1 1 2 2 2 2 2 2 2 2 2 2 2 2 0 2 1 1 2 1 2 2 2 1 1 2 2 0 2 2 2 2 2 1 2 2 2 2 2 2 2 2
geno chr20.62115643 yri  2 2 2 2 2 2 2 1 2 2 2 2 1 1 2 1 0 2 1 2 0 2 0 2 2 1 0 1 1 0 0 1 1 2 1 2 1 2 2 2 2 1 1 2 2 2 1 2 1 2 1 0 1 0 2 2 0 1 1 0 2 1 0 1 1 2 2 1 2 1 2 1 2 2 0 0 2
geno chr20.62115660 ceu  2 2 2 2 2 1 2 2 2 2 2 2 2 1 2 2 2 2 2 2 2 2 2 2 2 2 2 2 2 2 1 2 2 1 2 2 2 2 2 2 2 2 2 2 2 2 2 2 2 2 2 2 2 2 2 2 2 2 2 2 2 1 2 2 2 2 2 2 2 2 2 2 2 2 2 2 1 2
geno chr20.62115660 fin  1 2 2 2 2 2 2 2 2 2 2 2 2 2 2 1 2 2 2 2 1 2 2 2 2 2 1 2 2 2 2 2 1 2 2 2 2 2 2 2 2 2 2 2 2 2 2 2 2 2 2 2 2 2 2 2 2 2 2 2 2 2 2 2 2 2 2 2 2 1 2 2 2 2 2 2 2 2 2 2 2 1 2 2 2 2 2 2 2
geno chr20.62115660 gbr  2 2 2 1 2 2 2 2 2 2 2 2 2 2 2 2 2 2 2 2 2 2 2 2 2 2 2 2 2 2 2 2 2 2 2 2 1 2 2 2 2 2 2 2 1 2 2 2 2 2 2 2 2 2 2 2 2 2 2 2 2 2 2 2 2 2 2 2 2 2 2 2 2 2 2 2 2 2 2 2 2 2 2 2
geno chr20.62115660 tsi  2 2 2 2 2 2 2 2 2 2 2 2 2 2 2 2 2 2 2 2 2 2 2 2 2 2 2 2 2 2 2 2 2 2 2 2 2 2 2 2 2 2 2 2 2 2 1 2 2 2 2 2 2 2 2 2 2 2 2 2 2 2 2 2 2 2 2 2 2 2 2 2 2 2 2 2 2 2 2 2 2 2 2 2 2 2 2 2 2 2 2 2
geno chr20.62115660 yri  2 2 2 2 2 2 2 2 2 2 2 1 2 2 2 2 2 2 2 2 2 2 2 2 2 1 2 2 2 1 2 2 2 2 2 2 1 2 1 1 2 2 2 2 2 2 1 2 1 2 2 2 2 2 2 2 2 2 2 2 2 2 2 1 2 1 2 2 2 2 1 2 2 2 2 2 2
geno chr20.62115811 ceu  0 1 0 1 0 0 1 1 1 1 0 0 0 0 0 0 0 0 0 0 0 0 0 0 0 1 0 0 0 0 0 0 0 0 0 1 1 0 0 1 0 1 0 0 0 0 2 0 0 0 0 0 0 0 0 1 0 0 0 2 0 0 1 0 0 0 0 1 1 0 1 0 0 2 0 0 0 0
geno chr20.62115811 fin  0 0 0 0 1 1 0 0 0 0 0 0 0 0 0 0 0 1 1 0 1 1 0 0 0 0 1 0 2 0 0 0 0 0 1 0 0 0 0 1 0 0 0 0 1 0 0 0 1 0 0 1 0 0 0 0 1 0 0 0 0 0 0 0 1 0 0 0 1 0 0 2 0 0 0 0 1 1 1 0 1 1 0 1 0 1 0 0 0
geno chr20.62115811 gbr  0 0 0 0 1 0 1 0 0 1 0 1 1 0 0 0 0 0 0 0 0 0 1 0 0 0 0 0 0 0 0 1 0 0 0 0 1 0 1 0 0 0 0 0 0 1 0 1 1 0 0 0 0 0 0 1 0 0 1 0 0 0 0 1 0 1 0 1 0 0 0 0 1 1 1 0 1 0 0 0 0 0 2 0
geno chr20.62115811 tsi  0 0 0 0 0 0 0 1 0 0 0 0 1 0 0 0 1 1 1 1 0 0 0 0 0 1 0 0 0 1 0 0 0 1 0 0 0 0 1 0 0 0 0 1 0 0 0 0 0 0 0 0 0 1 1 0 1 0 1 0 0 0 0 0 0 1 0 0 0 1 0 0 0 1 0 0 1 0 0 0 0 0 1 0 1 0 0 1 1 1 0 0
geno chr20.62115811 yri  1 0 2 2 0 1 1 1 2 1 1 1 1 0 1 1 1 2 0 2 0 2 0 1 1 1 0 0 1 0 0 1 0 0 0 2 0 0 2 2 1 1 0 2 2 1 1 0 2 2 1 0 1 0 0 1 0 1 1 0 2 1 0 1 1 0 1 0 2 1 1 0 2 1 0 0 1
geno chr20.62116156 ceu  0 0 0 0 0 0 0 0 0 0 1 1 0 1 0 0 0 0 0 0 0 1 1 0 0 0 0 0 0 0 0 0 0 0 0 0 0 0 0 0 0 0 0 0 0 0 0 0 0 0 0 1 0 0 1 0 0 0 0 0 0 0 0 0 0 0 0 0 0 1 0 0 1 0 0 0 0 0
geno chr20.62116156 fin  0 0 0 0 0 0 0 0 0 0 0 0 1 1 0 1 0 0 0 0 0 0 0 0 1 0 0 0 0 1 0 1 0 1 0 0 0 0 1 0 0 0 0 0 0 0 0 0 0 1 0 0 0 0 0 1 0 0 0 0 0 0 0 0 1 0 0 0 0 0 0 0 1 0 0 0 0 1 0 1 0 0 0 1 1 0 1 1 0
geno chr20.62116156 gbr  1 0 0 0 0 0 0 0 0 0 0 1 0 0 0 0 0 0 1 0 0 0 0 1 0 0 0 0 0 0 0 0 0 0 0 0 0 1 0 0 0 0 0 0 0 0 0 0 0 1 0 0 1 0 1 1 0 1 0 0 0 0 1 0 0 0 0 0 0 0 0 0 0 0 0 1 0 0 0 0 0 2 0 1
geno chr20.62116156 tsi  0 0 1 0 0 0 0 0 0 0 0 1 0 0 0 2 0 0 0 0 0 0 0 0 0 0 0 0 1 0 0 0 0 0 0 0 1 1 0 0 1 0 0 1 0 0 0 0 0 0 1 1 0 0 0 0 0 0 0 0 0 0 0 0 0 0 0 1 0 1 0 0 0 1 1 0 0 1 0 0 0 0 0 1 0 0 0 0 0 0 0 0
geno chr20.62116156 yri  0 0 0 0 0 0 0 0 0 0 0 0 0 0 0 1 1 0 1 0 2 0 0 0 0 0 1 0 0 0 1 0 0 0 0 0 0 0 0 0 0 1 1 0 0 0 0 0 0 0 1 0 0 1 0 0 1 0 1 0 0 0 0 0 0 0 0 0 0 1 0 1 0 0 1 0 0
geno chr20.62116619 ceu  0 0 0 0 0 0 0 0 0 0 1 1 0 1 0 0 0 0 0 0 0 1 1 0 0 0 0 0 0 0 0 0 0 0 0 0 0 0 0 0 0 0 0 0 0 0 0 0 0 0 0 1 0 0 1 0 0 0 0 0 0 0 0 0 0 0 0 0 0 1 0 0 1 0 0 0 0 0
geno chr20.62116619 fin  0 0 0 0 0 0 0 0 0 0 0 0 1 1 0 1 0 0 0 0 0 0 0 0 1 0 0 0 0 1 0 1 0 1 0 0 0 0 1 0 0 0 0 0 0 0 0 0 0 1 0 0 0 0 0 1 0 0 0 0 0 0 0 0 1 0 0 0 0 0 0 0 1 0 0 0 0 1 0 1 0 0 0 1 1 0 1 1 0
geno chr20.62116619 gbr  1 0 0 0 0 0 0 0 0 0 0 1 0 0 0 0 0 0 1 0 0 0 0 1 0 0 0 0 0 0 0 0 0 0 0 0 0 1 0 0 0 0 0 0 0 0 0 0 0 1 0 0 1 0 1 1 0 1 0 0 0 0 1 0 0 0 0 0 0 0 0 0 0 0 0 1 0 0 0 0 0 2 0 1
geno chr20.62116619 tsi  0 0 1 0 0 0 0 0 0 0 0 1 0 0 0 2 0 0 0 0 0 0 0 0 0 0 0 0 1 0 0 0 0 0 0 0 1 1 0 0 1 0 0 1 0 0 0 0 0 0 1 1 0 0 0 0 0 0 0 0 0 0 0 0 0 0 0 1 0 1 0 0 0 1 1 0 0 1 0 0 0 0 0 1 0 0 0 0 0 0 0 0
geno chr20.62116619 yri  0 0 0 0 0 0 0 0 0 0 0 0 0 0 0 1 1 0 1 0 2 0 0 0 0 0 1 0 0 0 1 0 0 0 0 0 0 0 0 0 0 1 1 0 0 0 0 0 0 0 1 0 0 1 0 0 1 0 1 0 0 0 0 0 0 0 0 0 0 1 0 1 0 0 1 0 0
geno chr20.62117034 ceu  0 0 0 0 0 0 0 0 0 0 1 0 0 0 0 0 0 0 0 0 0 1 1 0 0 0 0 0 0 0 0 0 0 0 0 0 0 0 0 0 0 0 0 0 0 0 0 0 0 0 0 1 0 0 1 0 0 0 0 0 0 0 0 0 0 0 0 0 0 1 0 0 1 0 0 0 0 0
geno chr20.62117034 fin  0 0 0 0 0 0 0 0 0 0 0 0 1 1 0 0 0 0 0 0 0 0 0 0 1 0 0 0 0 1 0 1 0 1 0 0 0 0 1 0 0 0 0 0 0 0 0 0 0 1 0 0 0 0 0 1 0 0 0 0 0 0 0 0 1 0 0 0 0 0 0 0 1 0 0 0 0 1 0 1 0 0 0 1 1 0 1 1 0
geno chr20.62117034 gbr  0 0 0 0 0 0 0 0 0 0 0 1 0 0 0 0 0 0 1 0 0 0 0 1 0 0 0 0 0 0 0 0 0 0 0 0 0 1 0 0 0 0 0 0 0 0 0 0 0 1 0 0 0 0 1 1 0 0 0 0 0 0 0 0 0 0 0 0 0 0 0 0 0 0 0 1 0 0 0 0 0 2 0 1
geno chr20.62117034 tsi  0 0 1 0 0 0 0 0 0 0 0 1 0 0 0 0 0 0 0 0 0 0 0 0 0 0 0 0 1 0 0 0 0 0 0 0 1 1 0 0 1 0 0 1 0 0 0 0 0 0 1 1 0 0 0 0 0 0 0 0 0 0 0 0 0 0 0 1 0 1 0 0 0 1 1 0 0 1 0 0 0 0 0 1 0 0 0 0 0 0 0 0
geno chr20.62117034 yri  0 0 0 0 0 0 0 0 0 0 0 0 0 0 0 0 0 0 0 0 0 0 0 0 0 0 0 0 0 0 0 0 0 0 0 0 0 0 0 0 0 0 0 0 0 0 0 0 0 0 0 0 0 0 0 0 0 0 0 0 0 0 0 0 0 0 0 0 0 0 0 0 0 0 0 0 0
geno chr20.62117067 ceu  0 0 0 0 0 0 0 0 0 0 1 1 0 1 0 0 0 0 0 0 0 1 1 0 0 0 0 0 0 0 0 0 0 0 0 0 0 0 0 0 0 0 0 0 0 0 0 0 0 0 0 1 0 0 1 0 0 0 0 0 0 0 0 0 0 0 0 0 0 1 0 0 1 0 0 0 0 0
geno chr20.62117067 fin  0 0 0 0 0 0 0 0 0 0 0 0 1 1 0 1 0 0 0 0 0 0 0 0 1 0 0 0 0 1 0 1 0 1 0 0 0 0 1 0 0 0 0 0 0 0 0 0 0 1 0 0 0 0 0 1 0 0 0 0 0 0 0 0 1 0 0 0 0 0 0 0 1 0 0 0 0 1 0 1 0 0 0 1 1 0 1 1 0
geno chr20.62117067 gbr  1 0 0 0 0 0 0 0 0 0 0 1 0 0 0 0 0 0 1 0 0 0 0 1 0 0 0 0 0 0 0 0 0 0 0 0 0 1 0 0 0 0 0 0 0 0 0 0 0 1 0 0 1 0 1 1 0 1 0 0 0 0 1 0 0 0 0 0 0 0 0 0 0 0 0 1 0 0 0 0 0 2 0 1
geno chr20.62117067 tsi  0 0 1 0 0 0 0 0 0 0 0 1 0 0 0 2 0 0 0 0 0 0 0 0 0 0 0 0 1 0 0 0 0 0 0 0 1 1 0 0 1 0 0 1 0 0 0 0 0 0 1 1 0 0 0 0 0 0 0 0 0 0 0 0 0 0 0 1 0 1 0 0 0 1 1 0 0 1 0 0 0 0 0 1 0 0 0 0 0 0 0 0
geno chr20.62117067 yri  0 0 0 0 0 0 0 0 0 0 0 0 0 0 0 1 1 0 1 0 2 0 0 0 0 0 1 0 0 0 1 0 0 0 0 0 0 0 0 0 0 1 1 0 0 0 0 0 0 0 1 0 0 1 0 0 1 0 1 0 0 0 0 0 0 0 0 0 0 1 0 1 0 0 1 0 0
geno chr20.62117330 ceu  0 1 1 0 1 1 0 0 0 0 1 0 2 0 0 0 1 1 1 0 1 0 0 0 0 0 0 1 2 1 1 0 1 0 0 0 0 1 1 0 1 0 0 0 0 0 0 1 2 2 1 0 0 0 0 0 1 0 0 0 0 1 0 1 0 1 1 0 0 0 0 0 0 0 0 1 1 0
geno chr20.62117330 fin  0 1 1 0 1 1 1 0 1 2 0 1 0 0 0 0 1 0 0 0 0 0 1 1 1 1 0 0 0 0 1 1 0 0 1 0 0 0 1 0 1 0 1 1 0 1 1 1 1 1 0 0 1 0 0 0 0 0 0 0 0 2 0 1 0 1 0 0 0 0 0 0 0 1 0 0 0 0 0 0 1 0 1 0 0 0 0 0 0
geno chr20.62117330 gbr  1 1 0 0 0 1 0 1 2 0 0 0 0 1 0 0 0 0 1 0 1 1 0 1 1 0 0 0 1 1 2 0 2 1 0 0 0 1 0 0 0 1 0 1 1 1 1 1 1 1 1 0 1 0 0 0 2 1 0 2 1 0 1 0 0 1 2 0 0 2 0 2 0 0 0 0 0 1 1 1 1 0 0 0
geno chr20.62117330 tsi  1 0 0 0 1 1 1 0 1 0 1 0 0 0 1 0 1 0 0 0 0 2 2 1 0 0 0 0 0 1 2 0 1 0 2 0 0 1 1 0 0 1 0 0 1 0 0 1 0 0 1 1 1 1 1 1 0 0 1 0 2 2 0 0 0 0 0 0 0 0 2 0 1 0 0 2 1 0 0 0 0 1 0 0 0 1 1 0 0 1 1 2
geno chr20.62117330 yri  0 0 0 0 0 0 0 0 0 0 0 0 0 0 0 0 0 0 0 0 0 0 0 0 0 0 0 0 0 0 0 0 0 0 0 0 0 0 0 0 0 0 0 0 0 0 0 0 0 0 0 0 0 0 0 1 0 0 0 0 0 0 0 0 0 0 0 0 0 0 0 0 0 0 0 0 0
geno chr20.62117402 ceu  0 1 1 0 1 1 0 0 0 0 1 0 2 0 0 0 1 1 1 0 1 0 0 0 0 0 0 1 2 1 1 0 1 0 0 0 0 1 1 0 1 0 0 0 0 0 0 1 2 2 1 0 0 0 0 0 1 0 0 0 0 1 0 1 0 1 1 0 0 0 0 0 0 0 0 1 1 0
geno chr20.62117402 fin  0 1 1 0 1 1 1 0 1 2 0 1 0 0 0 0 1 0 0 0 0 0 1 1 1 1 0 0 0 0 1 1 0 0 1 0 0 0 1 0 1 0 1 1 0 1 1 1 1 1 0 0 1 0 0 0 0 0 0 0 0 2 0 1 0 1 0 0 0 0 0 0 0 1 0 0 0 0 0 0 1 0 1 0 0 0 0 0 0
geno chr20.62117402 gbr  1 1 0 0 0 1 0 1 2 0 0 0 0 1 0 0 0 0 1 0 1 1 0 1 1 0 0 0 1 1 2 0 2 1 0 0 0 1 0 0 0 1 0 1 1 1 1 1 1 1 1 0 1 0 0 0 2 1 0 2 1 0 1 0 0 1 2 0 0 2 0 2 0 0 0 0 0 1 1 1 1 0 0 0
geno chr20.62117402 tsi  1 0 0 0 1 1 1 0 1 0 1 0 0 0 1 0 1 0 0 0 0 2 2 1 0 0 0 0 0 1 2 0 1 0 2 0 0 1 1 0 0 1 0 0 1 0 0 1 0 0 1 1 1 1 1 1 0 0 1 0 2 2 0 0 0 0 0 0 0 0 2 0 1 0 0 2 1 0 0 0 0 1 0 0 0 1 1 0 0 1 1 2
geno chr20.62117402 yri  0 0 0 0 0 0 0 0 0 0 0 0 0 0 0 0 0 0 0 0 0 0 0 0 0 0 0 0 0 0 0 0 0 0 0 0 0 0 0 0 0 0 0 0 0 0 0 0 0 0 0 0 0 0 0 1 0 0 0 0 0 0 0 0 0 0 0 0 0 0 0 0 0 0 0 0 0
geno chr20.62117518 ceu  0 1 1 0 1 1 0 0 0 0 1 0 2 0 0 0 1 1 1 0 1 0 0 0 0 0 0 1 2 1 1 0 1 0 0 0 0 1 1 0 1 0 0 0 0 0 0 1 2 2 1 0 0 0 0 0 1 0 0 0 0 1 0 1 0 1 1 0 0 0 0 0 0 0 0 1 1 0
geno chr20.62117518 fin  0 1 1 0 1 1 1 0 1 2 0 1 0 0 0 0 1 0 0 0 0 0 1 1 1 1 0 0 0 0 1 1 0 0 1 0 0 0 1 0 1 0 1 1 0 1 1 1 1 1 0 0 1 0 0 0 0 0 0 0 0 2 0 1 0 1 0 0 0 0 0 0 0 1 0 0 0 0 0 0 1 0 1 0 0 0 0 0 0
geno chr20.62117518 gbr  1 1 0 0 0 1 0 1 2 0 0 0 0 1 0 0 0 0 1 0 1 1 0 1 1 0 0 0 1 1 2 0 2 1 0 0 0 1 0 0 0 1 0 1 1 1 1 1 1 1 1 0 1 0 0 0 2 1 0 2 1 0 1 0 0 1 2 0 0 2 0 2 0 0 0 0 0 1 1 1 1 0 0 0
geno chr20.62117518 tsi  1 0 0 0 1 1 1 0 1 0 1 0 0 0 1 0 1 0 0 0 0 2 2 1 0 0 0 0 0 1 2 0 1 0 2 0 0 1 1 0 0 1 0 0 1 0 0 1 0 0 1 1 1 1 1 1 0 0 1 0 2 2 0 0 0 0 0 0 0 0 2 0 1 0 0 2 1 0 0 0 0 1 0 0 0 1 1 0 0 1 1 2
geno chr20.62117518 yri  0 0 0 0 0 0 0 1 0 0 0 0 1 0 0 0 0 0 0 0 0 0 1 0 0 0 1 1 1 0 1 0 0 0 1 0 0 0 0 0 0 0 0 0 0 0 0 0 0 0 0 0 1 1 0 1 0 0 0 2 0 1 1 0 1 0 0 1 0 0 0 0 0 0 0 0 0
geno chr20.62117887 ceu  0 1 1 0 1 1 0 0 0 0 1 0 2 0 0 0 1 1 1 0 1 0 0 0 0 0 0 1 2 1 1 0 1 0 0 0 0 1 1 0 1 0 0 0 0 0 0 1 2 2 1 0 0 0 0 0 1 0 0 0 0 1 0 1 0 1 1 0 0 0 0 0 0 0 0 1 1 0
geno chr20.62117887 fin  0 1 1 0 1 1 1 0 1 2 0 1 0 0 0 0 1 0 0 0 0 0 1 1 1 1 0 0 0 0 1 1 0 0 1 0 0 0 1 0 1 0 1 1 0 1 1 1 1 1 0 0 1 0 0 0 0 0 0 0 0 2 0 1 0 1 0 0 0 0 0 0 0 1 0 0 0 0 0 0 1 0 1 0 0 0 0 0 0
geno chr20.62117887 gbr  1 1 0 0 0 1 0 1 2 0 0 0 0 1 0 0 0 0 1 0 1 1 0 1 1 0 0 0 1 1 2 0 2 1 0 0 0 1 0 0 0 1 0 1 1 1 1 1 1 1 1 0 1 0 0 0 2 1 0 2 1 0 1 0 0 1 2 0 0 2 0 2 0 0 0 0 0 1 1 1 1 0 0 0
geno chr20.62117887 tsi  1 0 0 0 1 1 1 0 1 0 1 0 0 0 1 0 1 0 0 0 0 2 2 1 0 0 0 0 0 1 2 0 1 0 2 0 0 1 1 0 0 1 0 0 1 0 0 1 0 0 1 1 1 1 1 1 0 0 1 0 2 2 0 0 0 0 0 0 0 0 2 0 1 0 0 2 1 0 0 0 0 1 0 0 0 1 1 0 0 1 1 2
geno chr20.62117887 yri  0 0 0 0 0 0 0 1 0 0 0 0 1 0 0 0 0 0 0 0 0 0 1 0 0 0 1 1 1 0 1 0 0 0 1 0 0 0 0 0 0 0 0 0 0 0 0 0 0 0 0 0 1 1 0 1 0 0 0 2 0 1 1 0 1 0 0 1 0 0 0 0 0 0 0 0 0
geno chr20.62117946 ceu  0 1 1 0 1 1 0 0 0 0 1 0 2 0 0 0 1 1 1 0 1 0 0 0 0 0 0 1 2 1 1 0 1 0 0 0 0 1 1 0 1 0 0 0 0 0 0 1 2 2 1 0 0 0 0 0 1 0 0 0 0 1 0 1 0 1 1 0 0 0 0 0 0 0 0 1 1 0
geno chr20.62117946 fin  0 1 1 0 1 1 1 0 1 2 0 1 0 0 0 0 1 0 0 0 0 0 1 1 1 1 0 0 0 0 1 1 0 0 1 0 0 0 1 0 1 0 1 1 0 1 1 1 1 1 0 0 1 0 0 0 0 0 0 0 0 2 0 1 0 1 0 0 0 0 0 0 0 1 0 0 0 0 0 0 1 0 1 0 0 0 0 0 0
geno chr20.62117946 gbr  1 1 0 0 0 1 0 1 2 0 0 0 0 1 0 0 0 0 1 0 1 1 0 1 1 0 0 0 1 1 2 0 2 1 0 0 0 1 0 0 0 1 0 1 1 1 1 1 1 1 1 0 1 0 0 0 2 1 0 2 1 0 1 0 0 1 2 0 0 2 0 2 0 0 0 0 0 1 1 1 1 0 0 0
geno chr20.62117946 tsi  1 0 0 0 1 1 1 0 1 0 1 0 0 0 1 0 1 0 0 0 0 2 2 1 0 0 0 0 0 1 2 0 1 0 2 0 0 1 1 0 0 1 0 0 1 0 0 1 0 0 1 1 1 1 1 1 0 0 1 0 2 2 0 0 0 0 0 0 0 0 2 0 1 0 0 2 1 0 0 0 0 1 0 0 0 1 1 0 0 1 1 2
geno chr20.62117946 yri  0 0 0 0 0 0 0 1 0 0 0 0 1 0 0 0 0 0 0 0 0 0 1 0 0 0 1 1 1 1 1 0 0 0 1 0 1 0 0 0 0 0 0 0 0 0 0 0 0 0 0 0 1 1 0 1 0 0 0 2 0 1 1 0 1 0 0 1 0 0 0 0 0 0 0 0 0
geno chr20.62118068 ceu  0 1 1 2 0 0 1 1 1 1 0 1 0 0 1 0 0 0 0 1 0 1 0 0 0 2 0 0 0 0 0 1 0 0 1 1 2 0 0 1 0 1 1 1 0 0 2 1 0 0 0 0 1 0 0 1 0 0 0 2 0 0 1 0 1 0 0 1 1 0 1 0 0 2 0 0 0 1
geno chr20.62118068 fin  1 1 0 1 1 1 0 0 0 0 1 0 0 0 1 0 0 1 2 1 1 1 0 0 0 0 1 1 2 1 0 0 1 1 1 1 0 0 0 2 0 0 0 0 1 0 0 1 1 0 0 1 0 0 1 0 2 2 1 1 0 0 2 0 1 1 0 0 1 1 0 2 1 1 0 0 1 1 1 0 1 1 1 1 1 1 1 0 2
geno chr20.62118068 gbr  0 0 0 0 1 0 1 0 0 1 0 1 2 0 1 2 0 0 0 0 0 0 2 0 0 0 0 0 0 0 0 2 0 0 0 0 1 0 2 1 1 1 0 0 0 1 0 1 1 0 0 0 0 0 0 1 0 0 1 0 0 0 0 1 1 1 0 1 1 0 1 0 1 1 1 1 1 0 0 0 1 0 2 1
geno chr20.62118068 tsi  0 0 1 1 0 0 0 1 0 0 0 0 1 0 0 0 1 1 1 1 0 0 0 0 0 1 0 0 0 1 0 0 0 1 0 0 0 0 1 0 0 1 0 1 0 1 0 1 0 0 0 0 1 1 1 0 1 0 1 0 0 0 0 1 0 1 0 0 0 1 0 0 0 1 0 0 1 0 1 0 1 0 1 0 1 0 0 1 1 1 0 0
geno chr20.62118068 yri  1 0 2 2 0 1 1 1 2 0 1 1 1 0 1 1 1 2 0 2 0 1 0 1 1 1 0 0 1 0 0 1 0 0 0 2 0 0 2 2 1 1 0 2 2 1 1 0 2 2 1 0 1 0 0 1 0 1 1 0 2 1 0 1 1 0 1 0 2 1 1 0 2 1 0 0 1
geno chr20.62118474 ceu  2 1 2 1 1 1 1 1 1 1 2 1 1 1 2 2 1 2 1 2 2 2 2 2 2 1 2 2 2 2 0 1 2 1 1 2 2 2 2 2 1 2 2 1 2 2 1 2 1 1 1 2 1 2 2 2 2 2 2 1 2 0 1 2 2 1 1 2 2 2 2 2 2 0 2 2 1 2
geno chr20.62118474 fin  1 1 1 2 1 2 1 2 2 2 2 2 2 2 2 1 1 0 1 1 1 2 2 2 2 2 1 2 1 1 2 2 1 2 2 2 2 2 2 2 1 2 2 2 2 2 2 2 2 2 2 2 1 2 2 2 2 2 2 2 2 2 2 1 1 1 0 2 1 1 1 0 1 2 2 2 2 2 2 2 2 1 2 2 2 1 0 2 1
geno chr20.62118474 gbr  2 2 2 0 1 2 2 2 1 2 1 2 2 2 1 1 1 2 2 2 2 1 1 2 2 2 1 2 1 2 2 0 1 2 2 2 1 1 1 1 2 1 2 2 1 1 2 2 2 2 2 2 2 1 2 0 2 2 2 2 2 2 1 2 1 0 2 2 2 2 1 1 1 2 2 2 2 2 1 2 2 2 2 2
geno chr20.62118474 tsi  2 2 1 2 2 1 1 2 2 2 1 1 1 2 2 1 2 1 2 1 2 2 2 2 1 1 2 1 1 1 1 2 2 1 2 2 2 2 1 2 2 2 2 1 2 2 1 2 2 2 2 1 1 2 1 2 2 2 2 2 1 2 2 1 1 1 2 2 2 2 1 2 2 1 2 1 2 2 1 1 2 1 2 2 2 1 1 1 1 2 2 2
geno chr20.62118474 yri  1 2 1 1 1 1 1 1 1 1 1 2 1 2 2 2 1 1 2 2 2 0 2 1 2 1 1 2 2 2 1 1 2 2 2 1 1 2 2 1 1 2 2 1 2 1 1 1 1 1 1 2 1 2 2 1 2 1 1 2 1 1 2 2 1 2 2 2 1 2 2 2 2 1 2 2 2
